기준_년_코드,기준_분기_코드,상권_구분_코드,상권_구분_코드_명,상권_코드,상권_코드_명,총_직장_인구_수,남성_직장_인구_수,여성_직장_인구_수,연령대_10_직장_인구_수,연령대_20_직장_인구_수,연령대_30_직장_인구_수,연령대_40_직장_인구_수,연령대_50_직장_인구_수,연령대_60_이상_직장_인구_수,남성연령대_10_직장_인구_수,남성연령대_20_직장_인구_수,남성연령대_30_직장_인구_수,남성연령대_40_직장_인구_수,남성연령대_50_직장_인구_수,남성연령대_60_이상_직장_인구_수,여성연령대_10_직장_인구_수,여성연령대_20_직장_인구_수,여성연령대_30_직장_인구_수,여성연령대_40_직장_인구_수,여성연령대_50_직장_인구_수,여성연령대_60_이상_직장_인구_수
2022,4,A,골목상권,2111090,강일동주민센터,744,547,197,0,90,161,195,190,108,0,55,111,143,143,95,0,35,50,52,47,13
2022,4,A,골목상권,2111089,상일여고(상일초등학교),1080,716,364,0,123,216,260,297,184,0,58,146,184,192,136,0,65,70,76,105,48
2022,4,A,골목상권,2111088,고덕동성당,1187,964,223,0,40,92,230,464,361,0,10,55,178,388,333,0,30,37,52,76,28
2022,4,A,골목상권,2111087,고덕중학교(고덕2동주민센터),743,270,473,0,85,157,184,208,109,0,17,54,69,77,53,0,68,103,115,131,56
2022,4,A,골목상권,2111086,한영중고,862,441,421,1,73,196,209,284,99,1,32,75,97,157,79,0,41,121,112,127,20
2022,4,A,골목상권,2111085,묘곡초등학교(고덕아이파크아파트),1560,790,770,0,154,294,388,398,326,0,61,149,173,196,211,0,93,145,215,202,115
2022,4,A,골목상권,2111084,길동신동아아파트,1362,726,636,2,136,245,267,388,324,2,79,146,133,178,188,0,57,99,134,210,136
2022,4,A,골목상권,2111083,GS강동자이아파트,2403,1398,1005,4,274,421,473,661,570,3,157,263,263,330,382,1,117,158,210,331,188
2022,4,A,골목상권,2111082,중앙보훈병원,3359,1319,2040,1,743,904,629,688,394,0,187,326,270,308,228,1,556,578,359,380,166
2022,4,A,골목상권,2111081,둔촌푸르지오아파트,1104,672,432,2,139,198,218,280,267,1,73,121,129,149,199,1,66,77,89,131,68
2022,4,A,골목상권,2111080,굽은다리역 3번,1916,853,1063,2,204,357,453,489,411,0,72,184,206,194,197,2,132,173,247,295,214
2022,4,A,골목상권,2111079,둔촌고등학교(둔촌중학교),4407,1934,2473,5,873,1139,885,927,578,2,262,460,418,421,371,3,611,679,467,506,207
2022,4,A,골목상권,2111078,굽은다리역 4번,4203,2519,1684,9,398,735,962,1078,1021,5,210,458,553,637,656,4,188,277,409,441,365
2022,4,A,골목상권,2111077,길동주민센터(강동도서관),7382,3886,3496,18,774,1285,1701,1972,1632,11,369,733,911,873,989,7,405,552,790,1099,643
2022,4,A,골목상권,2111076,둔촌2동주민센터,2891,1678,1213,5,343,628,708,627,580,3,143,341,445,347,399,2,200,287,263,280,181
2022,4,A,골목상권,2111075,굽은다리역 2번,2664,1415,1249,4,325,517,647,666,505,2,142,299,313,346,313,2,183,218,334,320,192
2022,4,A,골목상권,2111074,명일역 1번,2753,1586,1167,6,360,639,696,662,390,3,186,384,382,384,247,3,174,255,314,278,143
2022,4,A,골목상권,2111073,둔촌동역 1번(한산중학교),7031,3540,3491,23,864,1431,1725,1807,1181,17,408,802,924,722,667,6,456,629,801,1085,514
2022,4,A,골목상권,2111072,굽은다리역 1번(십자성마을),3937,2371,1566,10,383,823,989,935,797,5,173,470,582,587,554,5,210,353,407,348,243
2022,4,A,골목상권,2111071,천동초등학교,2389,1343,1046,2,222,450,615,554,546,1,78,232,345,319,368,1,144,218,270,235,178
2022,4,A,골목상권,2111070,천호초등학교,1943,1134,809,6,159,424,513,540,301,1,60,208,282,348,235,5,99,216,231,192,66
2022,4,A,골목상권,2111069,천호1동주민센터,2681,1438,1243,8,249,538,670,683,533,3,87,245,351,385,367,5,162,293,319,298,166
2022,4,A,골목상권,2111068,강동성심병원,5278,2358,2920,14,977,1083,1209,1196,799,9,331,516,613,453,436,5,646,567,596,743,363
2022,4,A,골목상권,2111067,강동구립성내도서관,8062,3945,4117,26,1296,1623,1874,1847,1396,18,505,849,990,787,796,8,791,774,884,1060,600
2022,4,A,골목상권,2111066,암사동성당(효정하나플러스아파트),1961,1136,825,5,220,423,443,525,345,1,83,210,252,350,240,4,137,213,191,175,105
2022,4,A,골목상권,2111065,천일초등학교,1492,799,693,2,131,236,313,349,461,2,45,104,141,160,347,0,86,132,172,189,114
2022,4,A,골목상권,2111064,둔촌동역 4번,2951,1763,1188,10,355,587,666,719,614,8,178,353,397,419,408,2,177,234,269,300,206
2022,4,A,골목상권,2111063,강동구립 천호도서관,3759,2069,1690,9,344,581,681,729,1415,7,127,263,349,361,962,2,217,318,332,368,453
2022,4,A,골목상권,2111062,둔촌동역 3번(성내3동주민센터),4393,2785,1608,8,584,1064,1191,921,625,7,323,676,750,580,449,1,261,388,441,341,176
2022,4,A,골목상권,2111061,암사역 1번,4194,1874,2320,3,413,710,856,1012,1200,2,170,393,411,369,529,1,243,317,445,643,671
2022,4,A,골목상권,2111060,암사역 2번(서울강동초등학교),3573,1892,1681,10,392,741,923,871,636,5,141,348,473,483,442,5,251,393,450,388,194
2022,4,A,골목상권,2111059,강동역 4번(강풀만화거리),8028,4328,3700,18,1275,1454,1658,1571,2052,8,537,734,860,875,1314,10,738,720,798,696,738
2022,4,A,골목상권,2111058,성내중학교,2639,1612,1027,3,339,606,682,702,307,1,181,384,406,450,190,2,158,222,276,252,117
2022,4,A,골목상권,2111057,천호공원(해공체육문화센터),2118,1068,1050,2,216,311,437,508,644,2,76,120,175,230,465,0,140,191,262,278,179
2022,4,A,골목상권,2111056,천호태영아파트,2758,1458,1300,5,235,331,469,477,1241,1,89,126,195,239,808,4,146,205,274,238,433
2022,4,A,골목상권,2111055,선사초등학교,2553,999,1554,3,292,461,575,738,484,2,137,240,250,203,167,1,155,221,325,535,317
2022,4,A,골목상권,2111054,암사역 4번(삼성광나루아파트),3414,1360,2054,3,354,528,650,844,1035,2,146,268,280,241,423,1,208,260,370,603,612
2022,4,A,골목상권,2111053,성내천어린이공원(하니사랑길),23519,17241,6278,41,2641,6412,5666,5352,3407,17,1608,4669,4234,4068,2645,24,1033,1743,1432,1284,762
2022,4,A,골목상권,2111052,암사역 3번(천호동자전거거리),2457,1236,1221,3,262,428,525,464,775,2,92,220,265,243,414,1,170,208,260,221,361
2022,4,A,골목상권,2111051,천호역 6번,7112,4029,3083,12,975,1636,1725,1854,910,5,493,791,894,1177,669,7,482,845,831,677,241
2022,4,A,골목상권,2111050,강동구청(강동구청역 2번),7541,4687,2854,33,867,1785,1796,1858,1202,14,420,959,1100,1292,902,19,447,826,696,566,300
2022,4,A,골목상권,2111049,천호지구대(천호동자전거거리),2201,1197,1004,9,263,431,513,499,486,5,120,216,267,255,334,4,143,215,246,244,152
2022,4,A,골목상권,2111048,천호역 1번(천호문구완구거리),2003,1064,939,9,254,435,468,419,418,5,102,209,259,213,276,4,152,226,209,206,142
2022,4,A,골목상권,2111047,마천1치안센터,1261,723,538,1,123,268,342,314,213,1,61,146,181,168,166,0,62,122,161,146,47
2022,4,A,골목상권,2111046,마천역(마천초등학교),2822,1633,1189,5,296,604,772,740,405,1,151,347,410,407,317,4,145,257,362,333,88
2022,4,A,골목상권,2111045,개미어린이공원,2261,1195,1066,9,291,357,534,692,378,3,183,228,298,294,189,6,108,129,236,398,189
2022,4,A,골목상권,2111044,남천초등학교,1904,989,915,1,188,378,512,520,305,0,84,186,225,248,246,1,104,192,287,272,59
2022,4,A,골목상권,2111043,마천공원,2200,1378,822,9,268,499,540,524,360,8,156,311,303,321,279,1,112,188,237,203,81
2022,4,A,골목상권,2111042,거여역 1번(거여공원),5740,3468,2272,22,960,1303,1427,1224,804,16,539,869,864,669,511,6,421,434,563,555,293
2022,4,A,골목상권,2111041,거여역 8번,2503,1642,861,8,567,621,572,426,309,6,295,430,406,280,225,2,272,191,166,146,84
2022,4,A,골목상권,2111040,거여초등학교,2682,1704,978,10,328,670,682,619,373,9,189,450,435,362,259,1,139,220,247,257,114
2022,4,A,골목상권,2111039,벌말어린이공원,3276,2054,1222,10,363,791,844,785,483,9,205,519,543,462,316,1,158,272,301,323,167
2022,4,A,골목상권,2111038,보인중학교,3272,2119,1153,14,477,818,802,706,455,13,262,543,547,453,301,1,215,275,255,253,154
2022,4,A,골목상권,2111037,Sh수협은행 오금동금융센터(아랫말어린이공원),1946,1126,820,0,210,436,499,533,268,0,120,281,287,264,174,0,90,155,212,269,94
2022,4,A,골목상권,2111036,투구봉어린이공원,3333,2198,1135,17,531,892,840,726,327,13,342,626,575,425,217,4,189,266,265,301,110
2022,4,A,골목상권,2111035,오금공원(오주중학교),2705,1749,956,2,326,570,689,732,386,1,188,386,470,436,268,1,138,184,219,296,118
2022,4,A,골목상권,2111034,오동나무공원(송파레미니스1단지),4106,2722,1384,7,544,891,1006,1075,583,6,316,606,666,667,461,1,228,285,340,408,122
2022,4,A,골목상권,2111033,문정동성당,33212,26336,6876,13,2679,5820,9576,13087,2037,6,1671,4329,7557,11417,1356,7,1008,1491,2019,1670,681
2022,4,A,골목상권,2111032,방이역 1번,23949,17488,6461,28,3095,5765,6032,5516,3513,14,1835,3956,4600,4519,2564,14,1260,1809,1432,997,949
2022,4,A,골목상권,2111031,장지동주민센터(한림연예예술고교),35724,27914,7810,18,3116,6475,10247,13557,2311,8,1911,4740,7990,11684,1581,10,1205,1735,2257,1873,730
2022,4,A,골목상권,2111030,방이역 2번,21156,15625,5531,20,2708,5088,5454,5034,2852,7,1648,3533,4196,4249,1992,13,1060,1555,1258,785,860
2022,4,A,골목상권,2111029,오금역 4번,7833,5273,2560,14,1268,2371,1930,1379,871,8,740,1577,1338,911,699,6,528,794,592,468,172
2022,4,A,골목상권,2111028,문현중학교(장지역 1번),5636,3366,2270,14,804,1250,1392,1311,865,7,422,774,855,701,607,7,382,476,537,610,258
2022,4,A,골목상권,2111027,문정초등학교,39531,30313,9218,23,3409,6840,10716,14172,4371,9,2010,4917,8267,12013,3097,14,1399,1923,2449,2159,1274
2022,4,A,골목상권,2111026,문정역 2번,6153,3880,2273,10,919,1459,1548,1358,859,5,526,971,988,745,645,5,393,488,560,613,214
2022,4,A,골목상권,2111025,경찰병원역 3번,11774,6132,5642,55,1415,2152,2136,2128,3888,25,571,1173,1208,922,2233,30,844,979,928,1206,1655
2022,4,A,골목상권,2111024,경찰병원역 4번(건너말공원),17836,10455,7381,63,2463,3913,3833,3232,4332,31,1098,2309,2548,1846,2623,32,1365,1604,1285,1386,1709
2022,4,A,골목상권,2111023,문정역 1번,4682,2809,1873,8,724,962,1124,1079,785,2,348,579,724,600,556,6,376,383,400,479,229
2022,4,A,골목상권,2111022,석촌중학교(방이육교),11171,7061,4110,23,1357,2490,2437,2244,2620,9,716,1668,1619,1268,1781,14,641,822,818,976,839
2022,4,A,골목상권,2111021,방이역 4번,11935,8619,3316,39,1562,2502,3053,2900,1879,27,822,1638,2262,2278,1592,12,740,864,791,622,287
2022,4,A,골목상권,2111020,방이동고분군(방산고등학교),6318,3723,2595,19,898,1441,1494,1560,906,12,427,835,927,919,603,7,471,606,567,641,303
2022,4,A,골목상권,2111019,한성백제역 3번,17428,9415,8013,47,2799,3938,3794,4086,2764,34,1482,2587,2120,1689,1503,13,1317,1351,1674,2397,1261
2022,4,A,골목상권,2111018,풍납초등학교(풍납백제문화공원),1322,801,521,0,186,299,301,335,201,0,99,158,169,220,155,0,87,141,132,115,46
2022,4,A,골목상권,2111017,송파나루역 3번,7518,4240,3278,22,1335,1443,1570,1943,1205,16,636,929,992,985,682,6,699,514,578,958,523
2022,4,A,골목상권,2111016,송파역 2번,17063,11286,5777,65,2224,3744,4130,3798,3102,46,1099,2434,3059,2519,2129,19,1125,1310,1071,1279,973
2022,4,A,골목상권,2111015,석촌역 3번,12636,8115,4521,27,1865,3083,2891,2543,2227,11,946,2081,1944,1588,1545,16,919,1002,947,955,682
2022,4,A,골목상권,2111014,송파나루역 2번,14245,8390,5855,26,2077,3609,3332,3152,2049,12,1010,2234,2195,1757,1182,14,1067,1375,1137,1395,867
2022,4,A,골목상권,2111013,송파나루역 1번(송리단길),14226,8959,5267,26,2198,4197,3547,2563,1695,8,1070,2666,2388,1628,1199,18,1128,1531,1159,935,496
2022,4,A,골목상권,2111012,석촌역 6번,6180,3598,2582,11,624,1426,1478,1279,1362,5,303,977,873,617,823,6,321,449,605,662,539
2022,4,A,골목상권,2111011,잠실나루역,10263,8174,2089,42,1383,3190,3039,2132,477,18,976,2602,2477,1735,366,24,407,588,562,397,111
2022,4,A,골목상권,2111010,석촌역 7번,7908,5556,2352,11,859,1781,1872,1423,1962,8,472,1253,1268,916,1639,3,387,528,604,507,323
2022,4,A,골목상권,2111009,송파책박물관,2198,1590,608,5,244,436,453,548,512,3,191,328,324,352,392,2,53,108,129,196,120
2022,4,A,골목상권,2111008,석촌고분역 3번,5190,3263,1927,13,640,1032,1256,1260,989,11,345,636,773,761,737,2,295,396,483,499,252
2022,4,A,골목상권,2111007,석촌고분역 4번,6337,4182,2155,12,863,1398,1389,1437,1238,11,532,949,921,882,887,1,331,449,468,555,351
2022,4,A,골목상권,2111006,석촌고분역 1번,17571,11961,5610,44,2435,3821,4234,3746,3291,29,1307,2544,2976,2542,2563,15,1128,1277,1258,1204,728
2022,4,A,골목상권,2111005,삼전역 3번,6038,4006,2032,15,892,1505,1406,1233,987,5,513,1061,958,761,708,10,379,444,448,472,279
2022,4,A,골목상권,2111004,삼전역 1번,18500,12541,5959,63,2605,4069,4548,4156,3059,21,1379,2681,3191,2968,2301,42,1226,1388,1357,1188,758
2022,4,A,골목상권,2111003,삼전역 4번,5935,3890,2045,37,711,1296,1484,1127,1280,2,366,849,960,726,987,35,345,447,524,401,293
2022,4,A,골목상권,2111002,한국교통안전공단 강남자동차검사소,569,334,235,0,41,89,114,175,150,0,16,52,64,100,102,0,25,37,50,75,48
2022,4,A,골목상권,2111001,아래방죽마을공원(율현초등학교),290,157,133,1,14,42,49,102,82,0,8,28,30,53,38,1,6,14,19,49,44
2022,4,A,골목상권,2111000,대왕초등학교(세곡동사거리서남측),294,138,156,6,35,84,93,56,20,3,11,31,49,30,14,3,24,53,44,26,6
2022,4,A,골목상권,2110999,윗방죽마을공원,464,257,207,3,35,80,86,139,121,1,17,50,56,81,52,2,18,30,30,58,69
2022,4,A,골목상권,2110998,은곡마을(은곡마을공원),128,65,63,3,11,41,35,25,13,1,6,18,19,14,7,2,5,23,16,11,6
2022,4,A,골목상권,2110997,대청초등학교,12566,4876,7690,31,3480,3879,2620,1655,901,3,781,1456,1134,859,643,28,2699,2423,1486,796,258
2022,4,A,골목상권,2110996,대치2동주민센터,37900,18079,19821,265,7022,9437,8584,7750,4842,106,3263,5619,4641,2694,1756,159,3759,3818,3943,5056,3086
2022,4,A,골목상권,2110995,봉은사역 4번,80333,61317,19016,154,15900,21348,21569,17001,4361,88,10163,16112,17810,14553,2591,66,5737,5236,3759,2448,1770
2022,4,A,골목상권,2110994,개포고등학교,4640,2964,1676,57,889,1272,1058,857,507,24,514,821,664,537,404,33,375,451,394,320,103
2022,4,A,골목상권,2110993,개포지하차도 북측,493,214,279,3,70,105,147,115,53,0,16,44,60,58,36,3,54,61,87,57,17
2022,4,A,골목상권,2110992,도곡초등학교,12863,6859,6004,63,2365,3393,3003,2467,1572,35,940,1769,1666,1432,1017,28,1425,1624,1337,1035,555
2022,4,A,골목상권,2110991,삼성중앙역 5번,28503,15784,12719,115,5919,9500,6998,3927,2044,37,2281,5361,4631,2309,1165,78,3638,4139,2367,1618,879
2022,4,A,골목상권,2110990,청담역 12번,10376,6980,3396,39,1551,3276,3120,1867,523,23,669,2073,2406,1424,385,16,882,1203,714,443,138
2022,4,A,골목상권,2110989,대치동아우편취급국,29290,17968,11322,140,4768,8716,7970,4868,2828,17,2007,5273,5502,3456,1713,123,2761,3443,2468,1412,1115
2022,4,A,골목상권,2110988,청담역 3번,18899,9206,9693,73,3792,5684,5341,2877,1132,33,1221,2750,2769,1638,795,40,2571,2934,2572,1239,337
2022,4,A,골목상권,2110987,영동대교남단,8320,5539,2781,40,1422,2410,2185,1548,715,19,663,1584,1632,1125,516,21,759,826,553,423,199
2022,4,A,골목상권,2110986,삼성중앙역 7번,27479,17773,9706,52,3973,10061,7904,3716,1773,15,1757,6297,6233,2496,975,37,2216,3764,1671,1220,798
2022,4,A,골목상권,2110985,청담근린공원,13449,8818,4631,66,2379,3877,3557,2503,1067,35,1141,2595,2592,1729,726,31,1238,1282,965,774,341
2022,4,A,골목상권,2110984,포이초등학교(개포목련어린이공원),6964,4388,2576,20,1326,1965,1598,1256,799,13,815,1286,925,757,592,7,511,679,673,499,207
2022,4,A,골목상권,2110983,국립국악고등학교,3835,2457,1378,13,616,955,928,708,615,2,285,601,613,465,491,11,331,354,315,243,124
2022,4,A,골목상권,2110982,강남구보훈회관,6082,3566,2516,14,1266,1604,1400,963,835,6,513,1046,910,527,564,8,753,558,490,436,271
2022,4,A,골목상권,2110981,국악고교사거리,12357,8276,4081,26,1850,3425,3175,2214,1667,9,980,2320,2252,1450,1265,17,870,1105,923,764,402
2022,4,A,골목상권,2110980,개포지구대옆,25161,10281,14880,88,3951,5726,8389,5194,1813,42,1896,3243,2591,1405,1104,46,2055,2483,5798,3789,709
2022,4,A,골목상권,2110979,청담초등학교,18648,9066,9582,39,5067,6996,3688,1966,892,15,1632,3410,2200,1140,669,24,3435,3586,1488,826,223
2022,4,A,골목상권,2110978,도곡2동주민센터(대치중학교),12302,8363,3939,54,2526,3818,2860,1644,1400,37,1355,2740,2264,1161,806,17,1171,1078,596,483,594
2022,4,A,골목상권,2110977,논현로18길,10006,6917,3089,18,1546,3017,2690,1646,1089,7,822,2051,2060,1150,827,11,724,966,630,496,262
2022,4,A,골목상권,2110976,언북초등학교,11065,5295,5770,25,3211,3774,2056,1187,812,5,1083,1821,1178,701,507,20,2128,1953,878,486,305
2022,4,A,골목상권,2110975,매봉역 1번,22408,15346,7062,84,4644,5711,5884,4648,1437,54,2422,3673,4320,3677,1200,30,2222,2038,1564,971,237
2022,4,A,골목상권,2110974,언주중학교,10084,6627,3457,39,2227,3204,2129,1449,1036,25,1044,1971,1619,1140,828,14,1183,1233,510,309,208
2022,4,A,골목상권,2110973,강남구청역 4번,12597,7190,5407,54,2501,3373,2945,2285,1439,18,1044,2008,1846,1330,944,36,1457,1365,1099,955,495
2022,4,A,골목상권,2110972,강남세브란스병원미래의학연구센터,26073,14646,11427,216,7696,7646,5984,3332,1199,73,3194,4587,3952,1945,895,143,4502,3059,2032,1387,304
2022,4,A,골목상권,2110971,선정릉역 4번,73203,35861,37342,185,15399,20094,18092,15247,4186,90,8048,12361,8646,4171,2545,95,7351,7733,9446,11076,1641
2022,4,A,골목상권,2110970,학동초등학교,12139,7385,4754,45,2463,3692,2909,1837,1193,19,1064,2125,1996,1282,899,26,1399,1567,913,555,294
2022,4,A,골목상권,2110969,베르사이유1아파트,53929,36213,17716,90,9575,16368,14864,10164,2868,34,5089,11243,11284,6616,1947,56,4486,5125,3580,3548,921
2022,4,A,골목상권,2110968,강남구청역 2번,17810,11539,6271,53,3230,4729,4471,3306,2021,17,1463,2823,3248,2441,1547,36,1767,1906,1223,865,474
2022,4,A,골목상권,2110967,역삼역 8번,60702,36823,23879,115,10925,17002,16035,14106,2519,65,7128,12381,9947,5650,1652,50,3797,4621,6088,8456,867
2022,4,A,골목상권,2110966,논현2동주민센터,27417,17538,9879,65,4763,7772,7077,5016,2724,17,2089,4522,4968,3771,2171,48,2674,3250,2109,1245,553
2022,4,A,골목상권,2110965,언주역 6번,12536,6978,5558,32,2785,3988,2917,1723,1091,14,1028,2297,1924,985,730,18,1757,1691,993,738,361
2022,4,A,골목상권,2110964,싸리고개근린공원,16691,13249,3442,26,2072,3680,4901,4766,1246,12,1067,2741,4124,4292,1013,14,1005,939,777,474,233
2022,4,A,골목상권,2110963,역삼월드메르디앙아파트,26645,15919,10726,134,6368,7920,6420,3764,2039,38,2482,4698,4514,2587,1600,96,3886,3222,1906,1177,439
2022,4,A,골목상권,2110962,도산공원북측,7684,4139,3545,25,1867,2746,1614,996,436,9,732,1558,1047,545,248,16,1135,1188,567,451,188
2022,4,A,골목상권,2110961,언주역 3번,25850,16840,9010,70,5483,7931,5602,3658,3106,29,2478,5132,4147,2743,2311,41,3005,2799,1455,915,795
2022,4,A,골목상권,2110960,은광여고,25543,18368,7175,56,2951,5943,6854,7171,2568,40,1640,3961,5282,5652,1793,16,1311,1982,1572,1519,775
2022,4,A,골목상권,2110959,신구중학교,12478,6517,5961,139,2815,3808,2504,1783,1429,50,1173,2082,1655,873,684,89,1642,1726,849,910,745
2022,4,A,골목상권,2110958,역삼역 4번,42236,28666,13570,63,7659,13522,11576,6973,2443,22,3663,8770,8848,5673,1690,41,3996,4752,2728,1300,753
2022,4,A,골목상권,2110957,언북중학교,28690,17182,11508,72,5858,8514,6766,4137,3343,15,2276,4756,4609,3001,2525,57,3582,3758,2157,1136,818
2022,4,A,골목상권,2110956,언주역 8번,15614,9542,6072,57,3754,5177,3520,1901,1205,37,1723,3094,2486,1290,912,20,2031,2083,1034,611,293
2022,4,A,골목상권,2110955,논현초등학교,25381,16658,8723,83,5578,7705,5841,3882,2292,48,2817,5039,4258,2826,1670,35,2761,2666,1583,1056,622
2022,4,A,골목상권,2110954,국기원,23196,12840,10356,110,5238,7616,5998,2944,1290,31,1823,3964,3878,2178,966,79,3415,3652,2120,766,324
2022,4,A,골목상권,2110953,학동근린공원,26213,16160,10053,92,6774,8335,5664,3381,1967,28,2991,5202,4071,2370,1498,64,3783,3133,1593,1011,469
2022,4,A,골목상권,2110952,논현목련공원,10637,6885,3752,21,2104,3370,2518,1670,954,15,1135,2250,1740,1096,649,6,969,1120,778,574,305
2022,4,A,골목상권,2110951,신사은행나무공원,12925,7220,5705,52,3507,3777,2858,1670,1061,15,1315,2106,1920,1102,762,37,2192,1671,938,568,299
2022,4,A,골목상권,2110950,논현역 7번,19297,11636,7661,39,4250,6200,4538,2762,1508,17,1787,3758,3112,1836,1126,22,2463,2442,1426,926,382
2022,4,A,골목상권,2110949,한남IC,12160,7678,4482,41,2351,3690,3261,1910,907,23,1063,2371,2209,1313,699,18,1288,1319,1052,597,208
2022,4,A,골목상권,2110948,헌인가구단지,57,27,30,0,5,24,14,11,3,0,4,12,6,2,3,0,1,12,8,9,0
2022,4,A,골목상권,2110947,청계산입구역 2번(내곡동주민센터),326,172,154,0,38,55,98,76,59,0,17,30,68,33,24,0,21,25,30,43,35
2022,4,A,골목상권,2110946,청계산원터골,271,144,127,0,34,50,81,50,56,0,15,29,58,20,22,0,19,21,23,30,34
2022,4,A,골목상권,2110945,본마을노인복지센터(서초구립내곡도서관),383,240,143,3,62,91,87,89,51,3,25,53,59,64,36,0,37,38,28,25,15
2022,4,A,골목상권,2110944,서울나래학교(염곡어린이공원),20185,16768,3417,29,2090,4170,6159,6991,746,22,1509,3356,5018,6304,559,7,581,814,1141,687,187
2022,4,A,골목상권,2110943,법제교육센터(버들어린이공원),7684,4780,2904,20,1200,1903,1957,1484,1120,11,643,1190,1209,900,827,9,557,713,748,584,293
2022,4,A,골목상권,2110942,염곡동 구룡사(포이동성당),32043,24395,7648,74,4187,7325,9070,9280,2107,40,2598,5356,6923,7833,1645,34,1589,1969,2147,1447,462
2022,4,A,골목상권,2110941,언남고등학교,4779,3108,1671,28,739,1265,1190,966,591,17,414,816,783,644,434,11,325,449,407,322,157
2022,4,A,골목상권,2110940,양재근린공원(양재2동주민센터),8689,5762,2927,47,1434,2277,2149,1768,1014,26,766,1507,1483,1202,778,21,668,770,666,566,236
2022,4,A,골목상권,2110939,양재역 8번(양재동우체국),45731,23354,22377,508,9762,11110,12644,8019,3688,246,4819,6778,5503,3276,2732,262,4943,4332,7141,4743,956
2022,4,A,골목상권,2110938,바우뫼공원,11265,6894,4371,329,3630,2824,2266,1433,783,154,1891,1856,1564,870,559,175,1739,968,702,563,224
2022,4,A,골목상권,2110937,방아다리근린공원(횃불트리니티신학대학원대학교),17876,11487,6389,356,5244,5033,3649,2329,1265,166,2714,3411,2635,1557,1004,190,2530,1622,1014,772,261
2022,4,A,골목상권,2110936,더케이호텔(양재리본타워2단지아파트),3869,2981,888,16,803,1160,864,700,326,10,552,922,691,565,241,6,251,238,173,135,85
2022,4,A,골목상권,2110935,한전아트센터,20312,15954,4358,47,3699,7326,4955,3496,789,19,2201,5852,4154,3079,649,28,1498,1474,801,417,140
2022,4,A,골목상권,2110934,우면주공아파트,3248,1908,1340,6,549,981,879,631,202,5,199,529,564,460,151,1,350,452,315,171,51
2022,4,A,골목상권,2110933,한국상담대학원대학교,6457,3774,2683,19,1551,1930,1522,1006,429,6,610,1213,1030,624,291,13,941,717,492,382,138
2022,4,A,골목상권,2110932,서울시인재개발원,6066,3421,2645,20,1419,1827,1388,942,470,6,486,1071,936,597,325,14,933,756,452,345,145
2022,4,A,골목상권,2110931,삼성전자서울R&D(서울우면초등학교),1471,770,701,0,273,440,390,329,39,0,89,178,228,248,27,0,184,262,162,81,12
2022,4,A,골목상권,2110930,서초동성당,40185,22492,17693,64,7459,10413,9292,10954,2003,36,2906,5657,4975,7438,1480,28,4553,4756,4317,3516,523
2022,4,A,골목상권,2110929,남부터미널역 1번,40801,22975,17826,94,8567,10227,8785,10521,2607,29,2961,5530,5108,7404,1943,65,5606,4697,3677,3117,664
2022,4,A,골목상권,2110928,서초우방유쉘아파트,14636,8308,6328,79,2911,3987,3610,2696,1353,42,1209,2357,2220,1538,942,37,1702,1630,1390,1158,411
2022,4,A,골목상권,2110927,잠원역,5195,2975,2220,14,1049,1543,1215,847,527,5,440,957,806,467,300,9,609,586,409,380,227
2022,4,A,골목상권,2110926,신중초등학교,20711,15020,5691,29,2823,6720,5736,3692,1711,13,1488,4871,4651,2834,1163,16,1335,1849,1085,858,548
2022,4,A,골목상권,2110925,서초중학교,9296,5492,3804,52,1961,2662,2169,1374,1078,25,798,1591,1465,898,715,27,1163,1071,704,476,363
2022,4,A,골목상권,2110924,반포4동주민센터(몽마르뜨공원),83099,74961,8138,37,8203,17350,22275,32239,2995,19,6505,14740,20038,31075,2584,18,1698,2610,2237,1164,411
2022,4,A,골목상권,2110923,방배역 1번,8904,5663,3241,101,1440,2646,2283,1421,1013,32,731,1526,1586,1012,776,69,709,1120,697,409,237
2022,4,A,골목상권,2110922,내방역 1번,16882,11227,5655,77,3284,5206,4097,3133,1085,58,1557,3103,3051,2630,828,19,1727,2103,1046,503,257
2022,4,A,골목상권,2110921,서울프랑스학교,83562,76383,7179,44,8142,17368,22255,32750,3003,26,6585,15123,20344,31698,2607,18,1557,2245,1911,1052,396
2022,4,A,골목상권,2110920,방배역 2번(백석예술대학교),9972,5994,3978,105,1806,2901,2264,1609,1287,29,832,1640,1444,1069,980,76,974,1261,820,540,307
2022,4,A,골목상권,2110919,내방역 8번,23026,14891,8135,70,3979,7139,6333,3943,1562,37,1696,4093,4651,3200,1214,33,2283,3046,1682,743,348
2022,4,A,골목상권,2110918,방배역 3번,10816,7193,3623,65,2219,3056,2465,1686,1325,48,1253,2103,1744,1060,985,17,966,953,721,626,340
2022,4,A,골목상권,2110917,서초소방서,12422,9657,2765,29,1384,3372,3553,3049,1035,18,855,2598,2947,2472,767,11,529,774,606,577,268
2022,4,A,골목상권,2110916,내방역 4번,11774,7659,4115,75,2322,3382,2734,1833,1428,62,1295,2295,1844,1148,1015,13,1027,1087,890,685,413
2022,4,A,골목상권,2110915,서래초등학교,94789,82594,12195,60,11017,20797,25059,34620,3236,23,7412,16877,22213,33205,2864,37,3605,3920,2846,1415,372
2022,4,A,골목상권,2110914,내방역 6번,7659,4955,2704,25,1383,2047,1723,1397,1084,13,683,1314,1154,948,843,12,700,733,569,449,241
2022,4,A,골목상권,2110913,방현초등학교(방배119안전센터),13661,7814,5847,27,2260,4039,3860,2228,1247,6,966,2297,2227,1448,870,21,1294,1742,1633,780,377
2022,4,A,골목상권,2110912,방배동사이길,15348,9117,6231,40,3489,4414,3802,2689,914,11,1112,2520,2641,2084,749,29,2377,1894,1161,605,165
2022,4,A,골목상권,2110911,방배배수지체육공원,9356,5053,4303,21,1411,2855,2730,1512,827,7,554,1540,1393,987,572,14,857,1315,1337,525,255
2022,4,A,골목상권,2110910,내방역 5번,8226,4933,3293,29,1467,1910,1854,1558,1408,18,612,1121,1123,986,1073,11,855,789,731,572,335
2022,4,A,골목상권,2110909,남태령역(서울전자고등학교),980,650,330,3,37,95,211,424,210,3,11,56,137,285,158,0,26,39,74,139,52
2022,4,A,골목상권,2110908,구반포역,10206,5558,4648,82,1769,2563,2691,2291,810,77,764,1411,1582,1201,523,5,1005,1152,1109,1090,287
2022,4,A,골목상권,2110907,방배초등학교,9463,5322,4141,34,1449,1969,2194,2016,1801,18,591,1121,1241,1097,1254,16,858,848,953,919,547
2022,4,A,골목상권,2110906,서문여고,12830,5897,6933,22,2398,3237,3851,2269,1053,7,757,1390,1825,1223,695,15,1641,1847,2026,1046,358
2022,4,A,골목상권,2110905,방배노인종합복지관(이수중학교),7088,3248,3840,14,1430,1975,1825,1194,650,2,492,840,856,644,414,12,938,1135,969,550,236
2022,4,A,골목상권,2110904,이수역 5번,8769,3652,5117,28,1705,2258,2104,1550,1124,11,568,901,855,658,659,17,1137,1357,1249,892,465
2022,4,A,골목상권,2110903,방배아이파크아파트,17572,8950,8622,21,2787,4332,4867,3195,2370,8,911,1898,2409,1828,1896,13,1876,2434,2458,1367,474
2022,4,A,골목상권,2110902,사당역 4번,5046,3244,1802,7,832,1231,1323,951,702,5,434,787,876,621,521,2,398,444,447,330,181
2022,4,A,골목상권,2110901,인헌고등학교(인헌중학교),2102,1093,1009,7,323,545,600,405,222,4,150,278,296,187,178,3,173,267,304,218,44
2022,4,A,골목상권,2110900,낙성대역 1번(관악구민 종합체육센터),5205,3133,2072,15,1042,1513,1190,800,645,7,483,957,724,463,499,8,559,556,466,337,146
2022,4,A,골목상권,2110899,낙성대역 5번(관악중학교),4750,3171,1579,19,928,1383,1072,761,587,11,469,968,738,513,472,8,459,415,334,248,115
2022,4,A,골목상권,2110898,청림동주민센터(상도중학교),3450,1948,1502,3,505,1104,1104,537,197,2,228,621,634,318,145,1,277,483,470,219,52
2022,4,A,골목상권,2110897,서울대입구역 8번,3920,2161,1759,18,646,860,915,882,599,10,268,453,509,503,418,8,378,407,406,379,181
2022,4,A,골목상권,2110896,관악우성아파트,799,291,508,4,114,127,193,218,143,3,40,45,67,80,56,1,74,82,126,138,87
2022,4,A,골목상권,2110895,샤로수길,10222,6144,4078,27,1727,3006,2245,2098,1119,14,783,1749,1342,1397,859,13,944,1257,903,701,260
2022,4,A,골목상권,2110894,관악동부센트레빌아파트(은천로35라길),7336,2753,4583,54,1023,1249,1644,2245,1121,30,476,663,753,603,228,24,547,586,891,1642,893
2022,4,A,골목상권,2110893,관악소방서(문영여고),1875,1446,429,2,350,573,417,435,98,1,241,446,313,364,81,1,109,127,104,71,17
2022,4,A,골목상권,2110892,관악구 중앙길,4838,2402,2436,12,705,953,1155,1126,887,7,243,435,562,631,524,5,462,518,593,495,363
2022,4,A,골목상권,2110891,구암초등학교,1510,676,834,1,244,400,465,274,126,0,74,176,222,137,67,1,170,224,243,137,59
2022,4,A,골목상권,2110890,봉천역 1번(관악초등학교),2594,1111,1483,7,502,694,561,417,413,3,119,262,264,217,246,4,383,432,297,200,167
2022,4,A,골목상권,2110889,봉천역 6번,2545,1344,1201,2,320,470,540,632,581,1,129,231,296,373,314,1,191,239,244,259,267
2022,4,A,골목상권,2110888,청룡동주민센터,2099,907,1192,4,408,600,515,327,245,0,86,215,246,182,178,4,322,385,269,145,67
2022,4,A,골목상권,2110887,서울산업정보학교(서울삼성초등학교),1523,976,547,3,160,328,383,455,194,1,58,159,255,349,154,2,102,169,128,106,40
2022,4,A,골목상권,2110886,관악해태어린이공원,1665,1062,603,3,148,265,453,511,285,1,57,128,278,370,228,2,91,137,175,141,57
2022,4,A,골목상권,2110885,영락고등학교,1893,1032,861,8,261,357,479,409,379,2,125,180,245,234,246,6,136,177,234,175,133
2022,4,A,골목상권,2110884,봉천역 4번(봉천110안전센터),4024,1687,2337,16,619,799,866,1104,620,3,163,358,395,397,371,13,456,441,471,707,249
2022,4,A,골목상권,2110883,은천초등학교(은천교앞),3528,1525,2003,18,494,684,812,1011,509,3,133,308,387,360,334,15,361,376,425,651,175
2022,4,A,골목상권,2110882,신성초등학교,3420,2456,964,10,526,699,935,786,464,2,341,512,686,592,323,8,185,187,249,194,141
2022,4,A,골목상권,2110881,구립대학경로당(관악산샘말공원),3797,2632,1165,10,521,941,1074,882,369,3,294,607,786,658,284,7,227,334,288,224,85
2022,4,A,골목상권,2110880,신림역 1번,2278,911,1367,4,518,556,461,452,287,1,128,213,230,166,173,3,390,343,231,286,114
2022,4,A,골목상권,2110879,신림현대아파트,1503,793,710,7,249,266,356,320,305,1,112,137,184,178,181,6,137,129,172,142,124
2022,4,A,골목상권,2110878,미림여고,760,404,356,6,82,201,203,172,96,1,25,95,123,91,69,5,57,106,80,81,27
2022,4,A,골목상권,2110877,신림역 8번,3894,1878,2016,7,700,826,840,835,686,3,217,354,438,393,473,4,483,472,402,442,213
2022,4,A,골목상권,2110876,서원동주민센터(신관중학교),2115,996,1119,9,238,350,386,523,609,1,98,176,204,211,306,8,140,174,182,312,303
2022,4,A,골목상권,2110875,보라매동주민센터(당곡고등학교),1363,723,640,3,157,282,311,338,272,1,67,137,153,175,190,2,90,145,158,163,82
2022,4,A,골목상권,2110874,원신초등학교(구세군관악영문교회),1118,557,561,8,124,254,308,281,143,2,31,106,166,149,103,6,93,148,142,132,40
2022,4,A,골목상권,2110873,당곡중학교,3337,1850,1487,9,500,680,793,702,653,5,233,361,440,359,452,4,267,319,353,343,201
2022,4,A,골목상권,2110872,신림초등학교,930,502,428,5,122,218,227,219,139,3,61,122,131,115,70,2,61,96,96,104,69
2022,4,A,골목상권,2110871,신원동주민센터,1612,855,757,5,156,282,321,377,471,0,73,153,184,186,259,5,83,129,137,191,212
2022,4,A,골목상권,2110870,신림주공2단지(광신고등학교),1141,670,471,2,115,187,305,328,204,0,57,100,158,196,159,2,58,87,147,132,45
2022,4,A,골목상권,2110869,"신림역 5번(신림동주민센터, 신림동별빛거리)",4076,2363,1713,5,448,899,1044,811,869,3,183,488,584,482,623,2,265,411,460,329,246
2022,4,A,골목상권,2110868,남부초등학교,2177,1250,927,6,230,384,451,528,578,2,123,247,247,289,342,4,107,137,204,239,236
2022,4,A,골목상권,2110867,국제신학대학원대학교(남서울중학교),2153,1276,877,6,202,394,446,534,571,1,116,254,260,305,340,5,86,140,186,229,231
2022,4,A,골목상권,2110866,난우중학교,1349,680,669,0,156,268,351,372,202,0,54,119,161,198,148,0,102,149,190,174,54
2022,4,A,골목상권,2110865,남강고등학교(남강중학교),1484,757,727,10,165,277,355,427,250,7,75,151,179,198,147,3,90,126,176,229,103
2022,4,A,골목상권,2110864,신림우방아파트,3375,2463,912,2,520,914,1049,663,227,2,254,676,843,528,160,0,266,238,206,135,67
2022,4,A,골목상권,2110863,난우초등학교,1442,710,732,21,172,297,310,390,252,16,69,135,139,194,157,5,103,162,171,196,95
2022,4,A,골목상권,2110862,난곡초등학교(난곡동벽화마을),1010,522,488,6,119,185,246,257,197,4,51,89,116,122,140,2,68,96,130,135,57
2022,4,A,골목상권,2110861,관악구신사동주민센터,5342,3589,1753,7,791,1451,1510,1080,503,5,372,999,1127,747,339,2,419,452,383,333,164
2022,4,A,골목상권,2110860,호림박물관(성보고등학교),2271,1322,949,6,331,597,540,529,268,2,143,327,328,314,208,4,188,270,212,215,60
2022,4,A,골목상권,2110859,난향초등학교,670,335,335,1,62,132,182,148,145,0,6,55,76,79,119,1,56,77,106,69,26
2022,4,A,골목상권,2110858,신대방역 1번,2937,2211,726,0,458,834,956,538,151,0,224,640,808,434,105,0,234,194,148,104,46
2022,4,A,골목상권,2110857,미성동주민센터,1420,669,751,18,192,290,315,355,250,13,86,141,143,141,145,5,106,149,172,214,105
2022,4,A,골목상권,2110856,미성초등학교,5509,3786,1723,18,482,944,1029,1026,2010,13,244,557,635,596,1741,5,238,387,394,430,269
2022,4,A,골목상권,2110855,신대방역 2번,7238,5206,2032,7,1079,1599,1673,1188,1692,3,461,1082,1234,877,1549,4,618,517,439,311,143
2022,4,A,골목상권,2110854,조원동주민센터,4035,2937,1098,4,549,688,667,631,1496,2,252,444,407,434,1398,2,297,244,260,197,98
2022,4,A,골목상권,2110853,KT구로지사,3290,1991,1299,8,459,914,780,685,444,0,205,548,483,423,332,8,254,366,297,262,112
2022,4,A,골목상권,2110852,이수역 9번,3811,1920,1891,8,745,927,993,751,387,1,218,418,515,476,292,7,527,509,478,275,95
2022,4,A,골목상권,2110851,경문고등학교(동작동성당),4456,2067,2389,17,740,1150,1184,943,422,8,269,580,679,373,158,9,471,570,505,570,264
2022,4,A,골목상권,2110850,사당역 10번,10320,5639,4681,18,1880,2576,2671,1839,1336,7,705,1317,1483,1154,973,11,1175,1259,1188,685,363
2022,4,A,골목상권,2110849,이수역 10번,3768,1745,2023,10,433,701,854,817,953,3,153,309,390,345,545,7,280,392,464,472,408
2022,4,A,골목상권,2110848,양지어린이공원,3256,1724,1532,6,441,566,741,634,868,2,119,275,356,341,631,4,322,291,385,293,237
2022,4,A,골목상권,2110847,예술인마을,2530,1528,1002,4,338,589,673,515,411,3,154,331,385,307,348,1,184,258,288,208,63
2022,4,A,골목상권,2110846,남성역 1번,3630,1865,1765,7,330,623,941,836,893,4,126,281,402,423,629,3,204,342,539,413,264
2022,4,A,골목상권,2110845,사당종합체육관,2397,1431,966,1,354,627,650,552,213,0,148,356,441,330,156,1,206,271,209,222,57
2022,4,A,골목상권,2110844,흑석2치안센터,241,126,115,1,35,73,58,42,32,1,19,32,33,17,24,0,16,41,25,25,8
2022,4,A,골목상권,2110843,사당5동주민센터,1194,583,611,1,98,212,342,336,205,0,37,73,143,177,153,1,61,139,199,159,52
2022,4,A,골목상권,2110842,흑리단길,556,270,286,1,66,101,146,139,103,0,20,42,66,74,68,1,46,59,80,65,35
2022,4,A,골목상권,2110841,중대부중,674,354,320,1,103,154,161,163,92,0,51,94,81,73,55,1,52,60,80,90,37
2022,4,A,골목상권,2110840,중앙대학교,882,502,380,1,124,191,228,200,138,0,56,112,135,111,88,1,68,79,93,89,50
2022,4,A,골목상권,2110839,숭실대입구역 4번,3697,2231,1466,2,394,1053,1227,711,310,1,181,582,728,474,265,1,213,471,499,237,45
2022,4,A,골목상권,2110838,상도1동주민센터앞,1392,870,522,1,93,249,390,421,238,0,42,120,242,271,195,1,51,129,148,150,43
2022,4,A,골목상권,2110837,숭실대입구역 1번,8221,3493,4728,54,1030,1379,1902,2545,1311,29,523,747,944,810,440,25,507,632,958,1735,871
2022,4,A,골목상권,2110836,상도역 5번,5025,2807,2218,14,875,1350,1197,1030,559,3,367,761,710,615,351,11,508,589,487,415,208
2022,4,A,골목상권,2110835,상도역 1번,2038,1023,1015,7,367,582,498,390,194,2,128,317,279,178,119,5,239,265,219,212,75
2022,4,A,골목상권,2110834,동작구자원봉사센터,3162,1812,1350,14,353,723,846,740,486,11,174,415,515,413,284,3,179,308,331,327,202
2022,4,A,골목상권,2110833,상도역 2번,1715,864,851,7,261,455,433,361,198,2,97,247,248,166,104,5,164,208,185,195,94
2022,4,A,골목상권,2110832,노량진초등학교,5002,2714,2288,10,799,1411,1191,1071,520,2,412,703,650,640,307,8,387,708,541,431,213
2022,4,A,골목상권,2110831,상도4동주민센터,2239,1368,871,3,307,506,509,590,324,2,153,295,324,435,159,1,154,211,185,155,165
2022,4,A,골목상권,2110830,상도초등학교,1330,625,705,0,226,298,336,312,158,0,96,129,138,163,99,0,130,169,198,149,59
2022,4,A,골목상권,2110829,장승배기역 5번,2349,1304,1045,2,395,511,541,549,351,1,260,279,263,290,211,1,135,232,278,259,140
2022,4,A,골목상권,2110828,노량진역 6번,8869,5087,3782,23,1227,2717,2373,1773,756,5,584,1515,1420,1093,470,18,643,1202,953,680,286
2022,4,A,골목상권,2110827,NH농협은행 상도동지점,1462,630,832,2,132,273,365,370,320,1,43,127,154,151,154,1,89,146,211,219,166
2022,4,A,골목상권,2110826,장승배기역 4번,2029,905,1124,3,266,455,516,421,368,1,108,218,207,182,189,2,158,237,309,239,179
2022,4,A,골목상권,2110825,신대방삼거리역 1번,2536,1465,1071,4,276,526,686,635,409,2,138,298,391,351,285,2,138,228,295,284,124
2022,4,A,골목상권,2110824,대방역 3번,3761,1903,1858,11,679,1005,971,680,415,4,247,541,503,341,267,7,432,464,468,339,148
2022,4,A,골목상권,2110823,신대방삼거리역 3번,19702,12375,7327,54,3771,3849,3316,4703,4009,29,2894,3042,2093,2221,2096,25,877,807,1223,2482,1913
2022,4,A,골목상권,2110822,신대방삼거리역 4번(대림초등학교),21761,14425,7336,49,4293,4465,3481,5406,4067,25,3222,3610,2369,3027,2172,24,1071,855,1112,2379,1895
2022,4,A,골목상권,2110821,보라매역 2번,20232,12822,7410,53,3814,3970,3335,4772,4288,28,2871,3169,2141,2333,2280,25,943,801,1194,2439,2008
2022,4,A,골목상권,2110820,성남고등학교,5261,3799,1462,6,897,1096,1024,1672,566,4,555,782,724,1306,428,2,342,314,300,366,138
2022,4,A,골목상권,2110819,신대방역 4번,8413,4800,3613,22,1758,2323,2095,1432,783,15,703,1397,1279,875,531,7,1055,926,816,557,252
2022,4,A,골목상권,2110818,신대방역 3번,3077,1741,1336,5,647,827,709,528,361,3,245,488,428,333,244,2,402,339,281,195,117
2022,4,A,골목상권,2110817,대방역 4번,4185,2172,2013,10,770,1046,1050,736,573,4,304,573,566,365,360,6,466,473,484,371,213
2022,4,A,골목상권,2110816,대방역 6번,3962,2050,1912,10,759,1006,1000,663,524,4,298,549,535,333,331,6,461,457,465,330,193
2022,4,A,골목상권,2110815,공군호텔,4714,2349,2365,7,784,1077,1138,980,728,1,277,561,601,456,453,6,507,516,537,524,275
2022,4,A,골목상권,2110814,서울지방병무청,7603,4784,2819,9,1346,1680,1544,2153,871,3,693,1084,953,1469,582,6,653,596,591,684,289
2022,4,A,골목상권,2110813,보라매역 6번,6876,4830,2046,11,1220,1596,1384,1792,873,6,699,1147,989,1373,616,5,521,449,395,419,257
2022,4,A,골목상권,2110812,신길6동주민센터,4624,2863,1761,10,727,1148,1135,989,615,4,315,738,735,653,418,6,412,410,400,336,197
2022,4,A,골목상권,2110811,보라매역 4번,2766,1733,1033,6,446,755,710,512,337,4,184,499,472,333,241,2,262,256,238,179,96
2022,4,A,골목상권,2110810,영신초등학교,3517,1894,1623,3,458,736,791,799,730,0,206,397,450,391,450,3,252,339,341,408,280
2022,4,A,골목상권,2110809,장훈고등학교,1606,910,696,1,204,371,337,337,356,0,98,181,189,193,249,1,106,190,148,144,107
2022,4,A,골목상권,2110808,신길역 1번,1592,740,852,5,182,313,417,413,262,2,80,156,192,166,144,3,102,157,225,247,118
2022,4,A,골목상권,2110807,신길역 3번,1638,807,831,11,174,333,401,411,308,8,82,179,196,176,166,3,92,154,205,235,142
2022,4,A,골목상권,2110806,서울시립영등포장애인복지관,2387,1673,714,16,364,520,569,547,371,8,193,343,417,410,302,8,171,177,152,137,69
2022,4,A,골목상권,2110805,신길새마을금고신길4동지점,1216,700,516,1,199,271,315,295,135,0,101,161,180,161,97,1,98,110,135,134,38
2022,4,A,골목상권,2110804,신풍역 1번,2372,1166,1206,3,272,549,698,504,346,2,123,257,287,245,252,1,149,292,411,259,94
2022,4,A,골목상권,2110803,신길2동우편취급국,2509,1438,1071,6,234,521,553,547,648,3,108,251,286,304,486,3,126,270,267,243,162
2022,4,A,골목상권,2110802,신길동홍어거리,1971,1091,880,2,192,411,401,426,539,0,72,183,199,241,396,2,120,228,202,185,143
2022,4,A,골목상권,2110801,신풍역 6번(신길6동공영주차장),301,115,186,1,34,45,73,79,69,0,1,15,27,34,38,1,33,30,46,45,31
2022,4,A,골목상권,2110800,영등포동성당,5362,2916,2446,19,1329,1256,1139,983,636,8,431,652,702,637,486,11,898,604,437,346,150
2022,4,A,골목상권,2110799,영등포본동주민센터,3983,2135,1848,33,649,947,932,981,441,14,258,423,511,605,324,19,391,524,421,376,117
2022,4,A,골목상권,2110798,신풍역 2번,2122,1241,881,11,207,502,639,459,304,7,108,296,321,278,231,4,99,206,318,181,73
2022,4,A,골목상권,2110797,KT대방빌딩,3144,1496,1648,9,820,808,770,523,214,6,240,402,374,312,162,3,580,406,396,211,52
2022,4,A,골목상권,2110796,한림대학교한강성심병원,5632,3268,2364,8,1305,1322,1284,1015,698,0,411,703,861,726,567,8,894,619,423,289,131
2022,4,A,골목상권,2110795,도림초등학교,1828,1023,805,5,184,344,440,434,421,3,71,175,248,241,285,2,113,169,192,193,136
2022,4,A,골목상권,2110794,영동초등학교,8718,5133,3585,8,1743,2212,2176,1709,870,4,679,1371,1441,1029,609,4,1064,841,735,680,261
2022,4,A,골목상권,2110793,대림썬프라자,2818,1319,1499,8,768,694,688,474,186,5,217,345,325,283,144,3,551,349,363,191,42
2022,4,A,골목상권,2110792,영등포역 2번,5923,3190,2733,47,860,1497,1434,1376,709,16,347,682,787,863,495,31,513,815,647,513,214
2022,4,A,골목상권,2110791,신풍역 3번,1383,586,797,2,125,278,433,323,222,1,61,103,121,135,165,1,64,175,312,188,57
2022,4,A,골목상권,2110790,대림1동주민센터,2429,1435,994,10,228,503,715,574,399,6,126,305,368,341,289,4,102,198,347,233,110
2022,4,A,골목상권,2110789,대림성모병원,4450,2148,2302,2,1231,1263,925,658,371,2,390,671,514,343,228,0,841,592,411,315,143
2022,4,A,골목상권,2110788,영등포시장역 3번,1667,1051,616,4,180,309,409,385,380,2,99,204,272,245,229,2,81,105,137,140,151
2022,4,A,골목상권,2110787,신길3동주민센터,1222,699,523,4,115,241,343,317,202,4,48,124,193,184,146,0,67,117,150,133,56
2022,4,A,골목상권,2110786,당산역 8번,7825,5499,2326,20,1077,1908,2064,1786,970,6,520,1259,1536,1421,757,14,557,649,528,365,213
2022,4,A,골목상권,2110785,영등포푸르지오아파트,2451,1619,832,9,260,554,675,578,375,6,121,360,452,397,283,3,139,194,223,181,92
2022,4,A,골목상권,2110784,신대림초등학교,1107,505,602,0,169,239,283,265,151,0,37,90,140,139,99,0,132,149,143,126,52
2022,4,A,골목상권,2110783,영등포시장역 1번,4972,3155,1817,7,670,1173,1173,1290,659,4,428,837,769,737,380,3,242,336,404,553,279
2022,4,A,골목상권,2110782,영등포시장역 4번,2465,1324,1141,11,360,533,568,540,453,3,132,283,346,306,254,8,228,250,222,234,199
2022,4,A,골목상권,2110781,대림한신아파트,2334,1304,1030,3,330,410,531,592,468,0,115,225,289,336,339,3,215,185,242,256,129
2022,4,A,골목상권,2110780,신길대성유니드아파트,1455,969,486,1,140,290,376,383,265,1,90,176,235,250,217,0,50,114,141,133,48
2022,4,A,골목상권,2110779,대림갑을명가아파트,1069,666,403,1,100,175,270,315,208,0,50,111,168,188,149,1,50,64,102,127,59
2022,4,A,골목상권,2110778,구로디지털단지역 4번,17970,10395,7575,62,3849,6187,4533,2071,1268,25,1650,3691,2861,1304,864,37,2199,2496,1672,767,404
2022,4,A,골목상권,2110777,구로세무서,8769,5040,3729,42,1718,2576,2320,1425,688,12,658,1412,1465,941,552,30,1060,1164,855,484,136
2022,4,A,골목상권,2110776,도신초등학교,4733,3293,1440,15,581,1138,1372,1021,606,5,303,810,1017,693,465,10,278,328,355,328,141
2022,4,A,골목상권,2110775,대동초등학교,2459,1332,1127,3,269,325,473,553,836,2,89,164,242,302,533,1,180,161,231,251,303
2022,4,A,골목상권,2110774,당산반도유보라팰리스아파트,8457,4962,3495,26,1814,2431,1605,1556,1025,16,821,1362,1009,1027,727,10,993,1069,596,529,298
2022,4,A,골목상권,2110773,당산역 13번,2905,1950,955,5,412,582,610,614,682,2,235,382,388,415,528,3,177,200,222,199,154
2022,4,A,골목상권,2110772,신우어린이공원,2997,2132,865,12,429,826,887,541,302,4,220,608,699,381,220,8,209,218,188,160,82
2022,4,A,골목상권,2110771,대림역 11번,2948,1669,1279,6,319,411,591,693,928,2,109,223,321,410,604,4,210,188,270,283,324
2022,4,A,골목상권,2110770,영등포구청역 6번,4260,2620,1640,11,498,892,1114,882,863,8,216,483,672,580,661,3,282,409,442,302,202
2022,4,A,골목상권,2110769,대림차이나타운(대림역 12번),2722,1534,1188,6,326,457,574,598,761,4,134,255,332,345,464,2,192,202,242,253,297
2022,4,A,골목상권,2110768,도림2동유수지내체육시설,2354,1370,984,12,303,517,598,503,421,8,98,264,326,358,316,4,205,253,272,145,105
2022,4,A,골목상권,2110767,도림동주민센터,3182,1885,1297,15,390,687,802,650,638,9,145,362,448,425,496,6,245,325,354,225,142
2022,4,A,골목상권,2110766,대림역 5번,11181,7292,3889,23,1207,2226,2566,2591,2568,10,630,1648,1904,1582,1518,13,577,578,662,1009,1050
2022,4,A,골목상권,2110765,문래동사거리,7830,4633,3197,26,1429,2100,2107,1368,800,12,580,1203,1318,865,655,14,849,897,789,503,145
2022,4,A,골목상권,2110764,문래역 3번,4607,2577,2030,6,1067,1049,1088,744,653,3,348,575,673,486,492,3,719,474,415,258,161
2022,4,A,골목상권,2110763,영등포구청역 2번,8695,4343,4352,23,1697,2301,1702,1681,1291,12,718,1211,954,756,692,11,979,1090,748,925,599
2022,4,A,골목상권,2110762,선유도역 1번,13668,7921,5747,38,2474,3715,3705,2298,1438,14,1069,2259,2141,1374,1064,24,1405,1456,1564,924,374
2022,4,A,골목상권,2110761,문래동남성맨션,2530,1610,920,7,264,524,672,539,524,2,128,308,394,353,425,5,136,216,278,186,99
2022,4,A,골목상권,2110760,선유도역 6번,12817,7184,5633,36,2497,3665,3582,1995,1042,13,1072,2185,2010,1151,753,23,1425,1480,1572,844,289
2022,4,A,골목상권,2110759,문래예술촌(문래창작촌),66557,51492,15065,62,8833,22832,21900,9809,3121,32,5445,17498,18835,7910,1772,30,3388,5334,3065,1899,1349
2022,4,A,골목상권,2110758,문래소공원,15574,8153,7421,106,3451,3930,3390,3353,1344,31,1573,2867,1720,962,1000,75,1878,1063,1670,2391,344
2022,4,A,골목상권,2110757,양평역 2번,5127,3795,1332,16,638,1290,1232,1011,940,8,379,981,930,735,762,8,259,309,302,276,178
2022,4,A,골목상권,2110756,문래중학교,2728,1912,816,3,291,594,707,629,504,0,153,434,496,443,386,3,138,160,211,186,118
2022,4,A,골목상권,2110755,동일여자고등학교,2135,1066,1069,22,282,514,513,476,328,16,133,279,259,198,181,6,149,235,254,278,147
2022,4,A,골목상권,2110754,삼성산자연공원(서울금천초등학교),2472,1302,1170,24,320,567,623,566,372,17,150,318,341,253,223,7,170,249,282,313,149
2022,4,A,골목상권,2110753,시흥동 은행나무사거리,2070,1119,951,8,216,426,499,538,383,7,110,244,247,282,229,1,106,182,252,256,154
2022,4,A,골목상권,2110752,한울중학교,2508,1442,1066,13,371,511,631,654,328,10,227,286,332,344,243,3,144,225,299,310,85
2022,4,A,골목상권,2110751,난곡중학교,5213,3717,1496,5,380,874,998,1011,1945,4,227,511,612,622,1741,1,153,363,386,389,204
2022,4,A,골목상권,2110750,시흥4동주민센터(서울신흥초등학교),1282,735,547,10,177,238,364,328,165,8,95,148,212,156,116,2,82,90,152,172,49
2022,4,A,골목상권,2110749,금산초등학교(금천고등학교),7948,4687,3261,13,583,1162,1851,2068,2271,4,304,743,1058,1128,1450,9,279,419,793,940,821
2022,4,A,골목상권,2110748,백산초등학교,1856,1127,729,1,232,353,454,484,332,1,140,225,265,265,231,0,92,128,189,219,101
2022,4,A,골목상권,2110747,석수역 1번 출입구,1141,853,288,4,75,146,253,309,354,4,50,104,169,220,306,0,25,42,84,89,48
2022,4,A,골목상권,2110746,금천금빛공원(은행나무사거리서측),1310,613,697,2,128,213,354,362,251,1,50,94,162,172,134,1,78,119,192,190,117
2022,4,A,골목상권,2110745,독산동정훈단지,1707,938,769,1,199,309,343,477,378,0,110,127,144,259,298,1,89,182,199,218,80
2022,4,A,골목상권,2110744,독산동성당,2416,1405,1011,3,254,397,504,647,611,2,147,225,267,354,410,1,107,172,237,293,201
2022,4,A,골목상권,2110743,시흥초등학교(시흥1동우체국),2406,1098,1308,8,357,447,616,620,358,6,148,209,284,249,202,2,209,238,332,371,156
2022,4,A,골목상권,2110742,KT금천빌딩(금천구시설관리공단),6015,3720,2295,11,452,843,1212,1435,2062,3,293,570,765,848,1241,8,159,273,447,587,821
2022,4,A,골목상권,2110741,독산2동주민센터,2240,1186,1054,4,289,450,522,614,361,2,144,230,254,308,248,2,145,220,268,306,113
2022,4,A,골목상권,2110740,금천해태공원,3416,1807,1609,19,676,847,769,717,388,14,314,474,387,335,283,5,362,373,382,382,105
2022,4,A,골목상권,2110739,시흥3동 우편취급국,6352,3608,2744,12,450,863,1467,1666,1894,3,234,571,836,841,1123,9,216,292,631,825,771
2022,4,A,골목상권,2110738,문성초등학교,2977,1790,1187,13,415,599,717,708,525,4,242,374,447,400,323,9,173,225,270,308,202
2022,4,A,골목상권,2110737,금천세무서,2285,1396,889,11,291,455,570,573,385,2,149,254,326,364,301,9,142,201,244,209,84
2022,4,A,골목상권,2110736,독산119안전센터,3398,2048,1350,7,368,585,749,938,751,2,210,356,449,533,498,5,158,229,300,405,253
2022,4,A,골목상권,2110735,말미고개,3342,1951,1391,9,413,671,745,902,602,5,210,391,419,491,435,4,203,280,326,411,167
2022,4,A,골목상권,2110734,금천파출소,2086,924,1162,8,492,580,438,382,186,3,209,294,191,141,86,5,283,286,247,241,100
2022,4,A,골목상권,2110733,금천어울림복지센터,3444,1825,1619,7,384,863,854,918,418,7,139,357,436,581,305,0,245,506,418,337,113
2022,4,A,골목상권,2110732,가산초등학교(세일중학교),3569,2253,1316,15,480,731,846,865,632,5,267,437,485,565,494,10,213,294,361,300,138
2022,4,A,골목상권,2110731,금천구청역 1번 출입구,4713,2376,2337,15,717,1254,1089,1102,536,10,295,567,515,637,352,5,422,687,574,465,184
2022,4,A,골목상권,2110730,서울축산농협 독산역지점(독산파출소),8706,5284,3422,16,575,977,1154,1734,4250,13,301,608,665,989,2708,3,274,369,489,745,1542
2022,4,A,골목상권,2110729,가산동우체국,7733,4618,3115,35,1115,1778,1866,1386,1553,23,591,1099,1184,849,872,12,524,679,682,537,681
2022,4,A,골목상권,2110728,두산초등학교,18360,12147,6213,48,2128,4025,3814,3397,4948,34,1169,2673,2717,2302,3252,14,959,1352,1097,1095,1696
2022,4,A,골목상권,2110727,독산역 1번 출입구,17476,11439,6037,47,2095,3867,3580,3098,4789,35,1158,2571,2539,2068,3068,12,937,1296,1041,1030,1721
2022,4,A,골목상권,2110726,금천철쭉어린이공원(금하마을),1309,861,448,13,192,244,273,324,263,11,121,165,185,179,200,2,71,79,88,145,63
2022,4,A,골목상권,2110725,가산동주민센터,17959,10649,7310,54,3657,5220,4231,2774,2023,36,1832,3225,2688,1581,1287,18,1825,1995,1543,1193,736
2022,4,A,골목상권,2110724,금천구립가산도서관,16529,10406,6123,48,2688,4775,4093,3007,1918,31,1461,3038,2801,1938,1137,17,1227,1737,1292,1069,781
2022,4,A,골목상권,2110723,가산디지털단지역 1번 출입구,30711,20313,10398,125,6526,9665,7684,4343,2368,83,3343,6435,5555,3044,1853,42,3183,3230,2129,1299,515
2022,4,A,골목상권,2110722,G타워,30854,19064,11790,91,6081,10458,8099,3836,2289,44,2876,6665,5338,2458,1683,47,3205,3793,2761,1378,606
2022,4,A,골목상권,2110721,가리봉파출소,16201,10773,5428,61,3049,5067,4125,2440,1459,38,1654,3498,2950,1549,1084,23,1395,1569,1175,891,375
2022,4,A,골목상권,2110720,대림역 2번,3054,2008,1046,3,284,548,746,896,577,2,135,315,486,651,419,1,149,233,260,245,158
2022,4,A,골목상권,2110719,영서중학교,16106,11484,4622,81,3373,5212,3875,2184,1381,58,1839,3643,3031,1716,1197,23,1534,1569,844,468,184
2022,4,A,골목상권,2110718,한국SGI본부,11273,7495,3778,38,1568,2695,2863,2448,1661,30,912,1907,2037,1549,1060,8,656,788,826,899,601
2022,4,A,골목상권,2110717,남구로역 2번,32359,21997,10362,139,6433,10200,7892,4583,3112,93,3413,6993,5797,3191,2510,46,3020,3207,2095,1392,602
2022,4,A,골목상권,2110716,구로나눔길,5187,2873,2314,7,627,1401,1218,1332,602,3,283,752,655,825,355,4,344,649,563,507,247
2022,4,A,골목상권,2110715,구로구민회관,9631,5743,3888,10,1097,2247,2356,2343,1578,7,543,1415,1484,1362,932,3,554,832,872,981,646
2022,4,A,골목상권,2110714,구로4동주민센터,6726,4005,2721,16,736,1595,1535,1881,963,10,334,852,897,1259,653,6,402,743,638,622,310
2022,4,A,골목상권,2110713,구로보건소,8744,5422,3322,19,1294,2210,2371,1815,1035,12,670,1411,1510,1110,709,7,624,799,861,705,326
2022,4,A,골목상권,2110712,남구로역 5번,1744,993,751,8,222,353,399,367,395,5,113,205,206,195,269,3,109,148,193,172,126
2022,4,A,골목상권,2110711,구로초등학교,6650,3489,3161,18,1043,1686,1509,1570,824,6,423,836,776,935,513,12,620,850,733,635,311
2022,4,A,골목상권,2110710,남구로역 3번,23954,15662,8292,83,4830,7403,5886,3524,2228,55,2475,4912,4114,2389,1717,28,2355,2491,1772,1135,511
2022,4,A,골목상권,2110709,구로119안전센터,1617,786,831,4,193,275,354,466,325,2,81,147,192,183,181,2,112,128,162,283,144
2022,4,A,골목상권,2110708,화원어린이공원,2555,1302,1253,12,557,671,568,393,354,4,188,310,307,231,262,8,369,361,261,162,92
2022,4,A,골목상권,2110707,구로창업지원센터,7830,5732,2098,13,782,2138,2103,1720,1074,10,450,1587,1593,1259,833,3,332,551,510,461,241
2022,4,A,골목상권,2110706,그라운드 고척,3644,2363,1281,2,400,761,863,902,716,2,204,446,507,589,615,0,196,315,356,313,101
2022,4,A,골목상권,2110705,고산초등학교,3225,2124,1101,3,369,685,744,785,639,2,191,401,432,537,561,1,178,284,312,248,78
2022,4,A,골목상권,2110704,고척중학교,4524,2700,1824,4,515,986,1072,1090,857,3,263,536,545,647,706,1,252,450,527,443,151
2022,4,A,골목상권,2110703,개봉역,9690,5377,4313,42,1449,2320,2204,2355,1320,22,833,1480,1106,1120,816,20,616,840,1098,1235,504
2022,4,A,골목상권,2110702,개봉초등학교,1617,846,771,1,165,337,431,400,283,1,75,158,210,220,182,0,90,179,221,180,101
2022,4,A,골목상권,2110701,고척동성당,5140,3853,1287,8,508,1129,1442,1653,400,2,289,824,1107,1322,309,6,219,305,335,331,91
2022,4,A,골목상권,2110700,고척초등학교,6601,4680,1921,11,615,1436,1850,2027,662,8,337,1015,1342,1521,457,3,278,421,508,506,205
2022,4,A,골목상권,2110699,덕의초등학교,2600,1666,934,9,324,610,655,684,318,7,201,404,412,402,240,2,123,206,243,282,78
2022,4,A,골목상권,2110698,개웅초등학교(개웅중학교),2910,1311,1599,8,427,527,747,807,394,6,221,286,281,277,240,2,206,241,466,530,154
2022,4,A,골목상권,2110697,개봉3동주민센터,1428,921,507,1,203,343,360,295,226,1,94,230,241,189,166,0,109,113,119,106,60
2022,4,A,골목상권,2110696,오류동역 1번,4076,2551,1525,35,946,1200,792,628,475,18,525,831,467,354,356,17,421,369,325,274,119
2022,4,A,골목상권,2110695,개봉1동주민센터,2553,1495,1058,8,234,615,670,616,410,7,123,360,373,358,274,1,111,255,297,258,136
2022,4,A,골목상권,2110694,세곡초등학교,2298,1341,957,2,220,480,607,605,384,0,116,267,319,344,295,2,104,213,288,261,89
2022,4,A,골목상권,2110693,오류동역 4번,2869,1936,933,4,380,544,701,802,438,3,304,369,458,494,308,1,76,175,243,308,130
2022,4,A,골목상권,2110692,큰굴다리,3501,2336,1165,5,490,701,888,977,440,4,368,470,568,604,322,1,122,231,320,373,118
2022,4,A,골목상권,2110691,개봉중학교,2257,1344,913,6,255,488,536,603,369,1,144,293,301,330,275,5,111,195,235,273,94
2022,4,A,골목상권,2110690,오류2동버들시장,4817,3106,1711,4,590,1020,1245,1208,750,1,375,616,761,791,562,3,215,404,484,417,188
2022,4,A,골목상권,2110689,오류동역 3번,4967,3126,1841,15,602,944,1206,1425,775,8,423,612,737,822,524,7,179,332,469,603,251
2022,4,A,골목상권,2110688,오류지구대,2024,1180,844,6,171,361,499,605,382,5,78,189,275,344,289,1,93,172,224,261,93
2022,4,A,골목상권,2110687,"천왕역 3번(오류2동주민센터, 서울오류남초등학교)",981,590,391,3,93,218,282,256,129,1,38,109,165,171,106,2,55,109,117,85,23
2022,4,A,골목상권,2110686,수궁동주민센터,2464,1418,1046,9,230,424,607,718,476,7,102,232,349,412,316,2,128,192,258,306,160
2022,4,A,골목상권,2110685,금강수목원아파트,1251,894,357,2,77,226,345,363,238,1,41,140,228,277,207,1,36,86,117,86,31
2022,4,A,골목상권,2110684,서울공연예술고등학교,1390,797,593,5,149,304,373,389,170,2,71,177,213,231,103,3,78,127,160,158,67
2022,4,A,골목상권,2110683,오류고등학교,1310,758,552,5,143,298,351,350,163,2,69,173,204,211,99,3,74,125,147,139,64
2022,4,A,골목상권,2110682,온수역 8번,1099,772,327,1,51,177,251,337,282,1,28,91,144,242,266,0,23,86,107,95,16
2022,4,A,골목상권,2110681,온수역 1번,1119,839,280,1,41,153,236,373,315,1,21,91,147,294,285,0,20,62,89,79,30
2022,4,A,골목상권,2110680,온수역 5번(온수산업단지),1725,1445,280,18,178,273,326,494,436,18,140,217,249,416,405,0,38,56,77,78,31
2022,4,A,골목상권,2110679,염창역 2번,4141,2829,1312,6,438,939,1245,1003,510,4,219,585,882,757,382,2,219,354,363,246,128
2022,4,A,골목상권,2110678,염창무학아파트,2176,1462,714,4,268,527,551,487,339,3,117,349,371,348,274,1,151,178,180,139,65
2022,4,A,골목상권,2110677,등촌역 1번,7770,5001,2769,27,1180,1953,1864,1628,1118,19,526,1215,1243,1143,855,8,654,738,621,485,263
2022,4,A,골목상권,2110676,등촌역 7번,3083,1901,1182,14,465,677,769,692,466,7,196,414,463,448,373,7,269,263,306,244,93
2022,4,A,골목상권,2110675,화곡4동주민센터,3054,1392,1662,8,686,826,628,588,318,5,146,369,300,334,238,3,540,457,328,254,80
2022,4,A,골목상권,2110674,강서구청가양동별관,3250,2202,1048,13,534,769,882,693,359,8,370,541,605,447,231,5,164,228,277,246,128
2022,4,A,골목상권,2110673,뜸부기어린이공원,4546,2072,2474,4,892,1156,994,968,532,2,237,496,489,496,352,2,655,660,505,472,180
2022,4,A,골목상권,2110672,백석중학교,3508,1974,1534,2,408,673,852,913,660,1,179,335,522,544,393,1,229,338,330,369,267
2022,4,A,골목상권,2110671,등촌1동주민센터,14478,9017,5461,47,2628,3590,3369,2781,2063,27,1070,2281,2330,1868,1441,20,1558,1309,1039,913,622
2022,4,A,골목상권,2110670,신곡초등학교,2263,1214,1049,8,288,636,617,494,220,5,142,343,297,278,149,3,146,293,320,216,71
2022,4,A,골목상권,2110669,화곡보람2차아파트,4924,2907,2017,4,1178,1380,951,683,728,3,372,912,716,421,483,1,806,468,235,262,245
2022,4,A,골목상권,2110668,화곡2동주민센터,3376,1859,1517,11,462,856,918,735,394,8,213,465,475,424,274,3,249,391,443,311,120
2022,4,A,골목상권,2110667,가양역 10번,2692,1443,1249,14,455,539,644,615,425,3,213,291,370,318,248,11,242,248,274,297,177
2022,4,A,골목상권,2110666,KC대학교,4814,3125,1689,6,577,1404,1162,1205,460,3,293,836,712,876,405,3,284,568,450,329,55
2022,4,A,골목상권,2110665,곰달래도서관,3026,1676,1350,7,329,573,768,822,527,6,144,324,418,426,358,1,185,249,350,396,169
2022,4,A,골목상권,2110664,강서구청옆,5833,3456,2377,6,812,1721,1459,1348,487,4,363,992,861,906,330,2,449,729,598,442,157
2022,4,A,골목상권,2110663,우장산롯데캐슬아파트앞,11194,6470,4724,40,1626,2878,2757,2837,1056,12,751,1807,1727,1551,622,28,875,1071,1030,1286,434
2022,4,A,골목상권,2110662,까치산역 1번,4227,2462,1765,12,541,1010,1114,1000,550,9,263,585,586,634,385,3,278,425,528,366,165
2022,4,A,골목상권,2110661,강서새말어린이공원,5172,3080,2092,3,619,1428,1352,1332,438,1,266,767,797,928,321,2,353,661,555,404,117
2022,4,A,골목상권,2110660,등촌3동주민센터,11883,6282,5601,49,1613,2452,2671,2721,2377,18,736,1568,1579,1216,1165,31,877,884,1092,1505,1212
2022,4,A,골목상권,2110659,화곡역 4번,5367,2731,2636,20,801,1346,1458,1139,603,15,306,694,725,625,366,5,495,652,733,514,237
2022,4,A,골목상권,2110658,화곡초등학교,4197,2544,1653,2,869,872,820,854,780,0,284,497,482,613,668,2,585,375,338,241,112
2022,4,A,골목상권,2110657,양천향교역 5번,9781,5923,3858,24,1272,2402,2408,2189,1486,12,574,1336,1536,1311,1154,12,698,1066,872,878,332
2022,4,A,골목상권,2110656,까치산역 3번,3493,1986,1507,17,308,641,932,1073,522,15,157,392,539,568,315,2,151,249,393,505,207
2022,4,A,골목상권,2110655,발산역 5번,4383,2015,2368,5,446,729,861,918,1424,3,178,374,438,390,632,2,268,355,423,528,792
2022,4,A,골목상권,2110654,까치산역 4번,3795,2359,1436,18,343,671,982,1195,586,15,175,398,555,770,446,3,168,273,427,425,140
2022,4,A,골목상권,2110653,화곡역 2번,4351,2351,2000,5,944,910,870,876,746,2,268,477,473,554,577,3,676,433,397,322,169
2022,4,A,골목상권,2110652,양천향교역 2번,5710,3599,2111,14,619,1180,1278,1459,1160,8,317,748,781,891,854,6,302,432,497,568,306
2022,4,A,골목상권,2110651,화원중학교,3517,2196,1321,12,349,654,819,1010,673,8,180,416,488,671,433,4,169,238,331,339,240
2022,4,A,골목상권,2110650,우장산힐스테이트,2082,1180,902,4,212,365,470,571,460,3,113,222,268,291,283,1,99,143,202,280,177
2022,4,A,골목상권,2110649,우장산역 1번,2841,1561,1280,6,406,505,632,740,552,3,199,290,339,383,347,3,207,215,293,357,205
2022,4,A,골목상권,2110648,양천향교역 7번,4914,3190,1724,14,579,1057,1190,1108,966,10,283,660,797,661,779,4,296,397,393,447,187
2022,4,A,골목상권,2110647,화곡역 5번,3929,2063,1866,15,520,821,912,968,693,12,208,459,490,506,388,3,312,362,422,462,305
2022,4,A,골목상권,2110646,푸른들청소년도서관,7186,4303,2883,14,953,1663,1774,1762,1020,9,484,1051,1040,999,720,5,469,612,734,763,300
2022,4,A,골목상권,2110645,우장산역 4번,6461,3740,2721,11,778,1499,1702,1666,805,7,412,940,912,880,589,4,366,559,790,786,216
2022,4,A,골목상권,2110644,신광명마을,1529,957,572,8,107,211,408,465,330,5,46,108,229,298,271,3,61,103,179,167,59
2022,4,A,골목상권,2110643,강서구다솔마을,1476,921,555,1,151,323,422,380,199,0,75,205,270,236,135,1,76,118,152,144,64
2022,4,A,골목상권,2110642,정곡초등학교,920,727,193,4,48,120,202,265,281,3,32,78,138,222,254,1,16,42,64,43,27
2022,4,A,골목상권,2110641,공항고등학교,1775,1121,654,5,243,392,434,432,269,4,138,252,239,274,214,1,105,140,195,158,55
2022,4,A,골목상권,2110640,방화역 1번,4701,2998,1703,7,463,1055,1196,1214,766,5,234,553,729,849,628,2,229,502,467,365,138
2022,4,A,골목상권,2110639,신방화역 8번,3267,1552,1715,7,254,358,567,1049,1032,4,117,219,327,397,488,3,137,139,240,652,544
2022,4,A,골목상권,2110638,신방화역 2번,4189,2767,1422,12,450,721,1151,1168,687,9,229,441,775,780,533,3,221,280,376,388,154
2022,4,A,골목상권,2110637,송정역 2번,3090,1452,1638,8,222,392,558,896,1014,1,111,237,333,307,463,7,111,155,225,589,551
2022,4,A,골목상권,2110636,방화역 2번,4034,2575,1459,8,374,758,1201,1084,609,6,202,411,781,702,473,2,172,347,420,382,136
2022,4,A,골목상권,2110635,공항시장역 3번,4028,2022,2006,9,413,625,733,1111,1137,2,185,363,444,461,567,7,228,262,289,650,570
2022,4,A,골목상권,2110634,송정역 3번,2694,1672,1022,6,328,605,702,637,416,1,149,365,440,410,307,5,179,240,262,227,109
2022,4,A,골목상권,2110633,개화산역 1번,2304,1602,702,6,198,412,735,631,322,4,115,256,543,439,245,2,83,156,192,192,77
2022,4,A,골목상권,2110632,방화역 3번,7383,5811,1572,6,736,1634,1983,2247,777,4,551,1255,1531,1831,639,2,185,379,452,416,138
2022,4,A,골목상권,2110631,방화초등학교,2474,1525,949,5,328,491,565,615,470,5,177,298,321,361,363,0,151,193,244,254,107
2022,4,A,골목상권,2110630,공항시장역 1번,33522,17722,15800,6,5643,10995,9040,6314,1524,3,1318,4557,5278,5486,1080,3,4325,6438,3762,828,444
2022,4,A,골목상권,2110629,송정역 4번,31131,16295,14836,1,5401,10620,8646,5741,722,1,1218,4347,5017,5107,605,0,4183,6273,3629,634,117
2022,4,A,골목상권,2110628,신목동역,2970,1823,1147,5,409,809,809,620,318,3,200,461,521,428,210,2,209,348,288,192,108
2022,4,A,골목상권,2110627,신정롯데캐슬아파트,13152,7343,5809,66,2437,4215,3340,2376,718,31,964,2220,2044,1547,537,35,1473,1995,1296,829,181
2022,4,A,골목상권,2110626,양화초등학교,5376,3201,2175,7,707,1254,1523,1314,571,5,310,670,1001,828,387,2,397,584,522,486,184
2022,4,A,골목상권,2110625,신정2동주민센터,19093,11500,7593,116,3148,6062,4842,3763,1162,81,1491,3599,3053,2506,770,35,1657,2463,1789,1257,392
2022,4,A,골목상권,2110624,목동문화체육센터,2321,1175,1146,1,328,550,660,492,290,1,169,289,299,229,188,0,159,261,361,263,102
2022,4,A,골목상권,2110623,갈산공원,1938,1165,773,6,220,476,489,421,326,4,121,280,280,244,236,2,99,196,209,177,90
2022,4,A,골목상권,2110622,달마을공원,4416,2669,1747,3,560,997,1287,1119,450,2,275,579,819,688,306,1,285,418,468,431,144
2022,4,A,골목상권,2110621,목동역 5번,9489,5120,4369,21,1849,2483,2292,1693,1151,12,701,1376,1387,935,709,9,1148,1107,905,758,442
2022,4,A,골목상권,2110620,목동보건지소,4227,2213,2014,7,503,1016,1212,975,514,5,250,571,551,479,357,2,253,445,661,496,157
2022,4,A,골목상권,2110619,목4동주민센터,3721,1714,2007,6,823,1066,907,664,255,2,194,461,482,378,197,4,629,605,425,286,58
2022,4,A,골목상권,2110618,강서고등학교,4292,2255,2037,8,835,1131,1004,886,428,4,221,551,572,565,342,4,614,580,432,321,86
2022,4,A,골목상권,2110617,등촌역 4번,3438,1930,1508,2,451,781,858,856,490,0,208,454,481,453,334,2,243,327,377,403,156
2022,4,A,골목상권,2110616,양목초등학교,1799,899,900,5,181,390,400,460,363,2,68,196,194,233,206,3,113,194,206,227,157
2022,4,A,골목상권,2110615,신서초등학교,8009,4605,3404,28,1503,2016,1895,1652,915,24,525,1225,1134,1015,682,4,978,791,761,637,233
2022,4,A,골목상권,2110614,목동로데오거리,2729,1267,1462,3,368,601,686,671,400,2,129,258,320,327,231,1,239,343,366,344,169
2022,4,A,골목상권,2110613,신정네거리역 4번,662,330,332,1,82,146,146,151,136,1,28,65,62,82,92,0,54,81,84,69,44
2022,4,A,골목상권,2110612,신정역 5번,4880,2815,2065,12,941,776,869,924,1358,5,300,381,452,509,1168,7,641,395,417,415,190
2022,4,A,골목상권,2110611,신정역 1번,5571,3252,2319,20,1009,852,985,1191,1514,13,358,475,562,627,1217,7,651,377,423,564,297
2022,4,A,골목상권,2110610,계남근린공원,2806,1832,974,4,367,839,889,389,318,1,175,534,672,250,200,3,192,305,217,139,118
2022,4,A,골목상권,2110609,신정네거리역 2번,3335,2512,823,7,218,342,581,655,1532,2,101,191,310,462,1446,5,117,151,271,193,86
2022,4,A,골목상권,2110608,신월2동주민센터,3976,2139,1837,15,369,670,1059,1102,761,11,184,386,521,524,513,4,185,284,538,578,248
2022,4,A,골목상권,2110607,금빛새마을금고본점,2998,2422,576,7,172,293,469,558,1499,3,99,181,289,411,1439,4,73,112,180,147,60
2022,4,A,골목상권,2110606,신한은행 신월동지점,3615,2480,1135,3,177,372,789,1154,1120,1,78,207,430,795,969,2,99,165,359,359,151
2022,4,A,골목상권,2110605,목동센트럴아이파크앞,1754,989,765,2,116,242,435,576,383,0,50,131,215,314,279,2,66,111,220,262,104
2022,4,A,골목상권,2110604,신월4동주민센터,3244,2266,978,5,220,414,690,1030,885,2,102,228,416,732,786,3,118,186,274,298,99
2022,4,A,골목상권,2110603,지향초등학교,2592,1701,891,3,160,370,659,856,544,0,64,217,403,589,428,3,96,153,256,267,116
2022,4,A,골목상권,2110602,신월시영아파트중문,3451,2409,1042,4,231,412,798,1090,916,2,141,263,470,758,775,2,90,149,328,332,141
2022,4,A,골목상권,2110601,신월1동우편취급국,3018,1984,1034,9,310,532,728,944,495,4,169,341,467,618,385,5,141,191,261,326,110
2022,4,A,골목상권,2110600,신월7동주민센터,4589,3041,1548,5,349,562,844,1298,1531,3,190,349,550,894,1055,2,159,213,294,404,476
2022,4,A,골목상권,2110599,신월1파출소,1954,1183,771,4,189,357,509,638,257,2,104,206,281,401,189,2,85,151,228,237,68
2022,4,A,골목상권,2110598,신월문화체육센터,4415,2906,1509,4,469,723,911,1046,1262,3,347,549,598,639,770,1,122,174,313,407,492
2022,4,A,골목상권,2110597,신월1동주민센터,3247,1879,1368,5,328,631,701,902,680,2,149,350,364,551,463,3,179,281,337,351,217
2022,4,A,골목상권,2110596,서서울호수공원,2414,1520,894,5,296,458,530,682,443,2,143,270,315,430,360,3,153,188,215,252,83
2022,4,A,골목상권,2110595,메디힐병원,3307,1776,1531,2,345,697,733,878,652,1,148,334,364,502,427,1,197,363,369,376,225
2022,4,A,골목상권,2110594,신월중학교,1610,737,873,7,235,411,427,385,145,4,83,171,183,194,102,3,152,240,244,191,43
2022,4,A,골목상권,2110593,신월3동주민센터,1979,1072,907,1,214,366,444,532,422,0,79,159,206,310,318,1,135,207,238,222,104
2022,4,A,골목상권,2110592,서울금융고등학교,1788,1020,768,0,177,357,377,459,418,0,64,141,192,300,323,0,113,216,185,159,95
2022,4,A,골목상권,2110591,충정로역 6번,5404,3164,2240,0,955,1528,1449,912,560,0,477,884,839,590,374,0,478,644,610,322,186
2022,4,A,골목상권,2110590,만리재,1948,972,976,1,255,425,499,527,241,1,93,214,253,264,147,0,162,211,246,263,94
2022,4,A,골목상권,2110589,애오개역 3번,2670,1166,1504,0,463,870,876,364,97,0,172,429,389,118,58,0,291,441,487,246,39
2022,4,A,골목상권,2110588,한겨레신문사,2850,1529,1321,2,519,639,724,652,314,2,285,398,335,314,195,0,234,241,389,338,119
2022,4,A,골목상권,2110587,공덕동주민센터,6321,3515,2806,22,1145,1800,1749,1153,452,5,525,961,999,724,301,17,620,839,750,429,151
2022,4,A,골목상권,2110586,서울서부지방법원,19070,11193,7877,90,3888,5775,5319,3123,875,33,1607,3200,3429,2296,628,57,2281,2575,1890,827,247
2022,4,A,골목상권,2110585,마포경찰서,7079,4166,2913,8,1235,2487,2119,968,262,1,618,1463,1293,626,165,7,617,1024,826,342,97
2022,4,A,골목상권,2110584,아현역 4번,1593,827,766,2,374,498,331,224,164,1,138,271,180,129,108,1,236,227,151,95,56
2022,4,A,골목상권,2110583,공덕래미안3차아파트,10579,6407,4172,38,1986,3371,2915,1800,469,9,938,1908,1883,1348,321,29,1048,1463,1032,452,148
2022,4,A,골목상권,2110582,이대역 5번,996,382,614,2,125,209,275,242,143,1,27,57,87,121,89,1,98,152,188,121,54
2022,4,A,골목상권,2110581,염리초등학교,11991,6894,5097,24,1766,2851,3013,2599,1738,10,963,1752,1839,1304,1026,14,803,1099,1174,1295,712
2022,4,A,골목상권,2110580,양원초등학교,835,410,425,3,122,173,205,202,130,2,34,88,96,111,79,1,88,85,109,91,51
2022,4,A,골목상권,2110579,마포역 4번,6836,4344,2492,8,1268,1844,1726,1271,719,6,552,1114,1202,925,545,2,716,730,524,346,174
2022,4,A,골목상권,2110578,대흥역 2번,7403,4583,2820,89,1498,1733,1653,1512,918,34,738,1064,1090,1038,619,55,760,669,563,474,299
2022,4,A,골목상권,2110577,용강동주민센터,7757,4680,3077,78,1507,2186,1956,1205,825,29,743,1309,1275,779,545,49,764,877,681,426,280
2022,4,A,골목상권,2110576,대흥역 3번,5951,3670,2281,79,1016,1372,1330,1278,876,29,500,853,887,811,590,50,516,519,443,467,286
2022,4,A,골목상권,2110575,대흥동주민센터,4424,2010,2414,64,2141,1019,506,453,241,21,801,499,233,280,176,43,1340,520,273,173,65
2022,4,A,골목상권,2110574,서강대학교,1561,918,643,4,194,350,405,384,224,2,93,205,256,209,153,2,101,145,149,175,71
2022,4,A,골목상권,2110573,신촌역 6번,3966,1771,2195,61,2020,931,425,343,186,20,758,445,208,214,126,41,1262,486,217,129,60
2022,4,A,골목상권,2110572,서강대역 1번,9068,4445,4623,72,2764,2315,1724,1543,650,26,1022,1103,935,954,405,46,1742,1212,789,589,245
2022,4,A,골목상권,2110571,신수동주민센터,6299,3573,2726,14,776,1656,1652,1511,690,10,303,790,929,1038,503,4,473,866,723,473,187
2022,4,A,골목상권,2110570,KB국민은행 서강지점,1996,1235,761,10,256,489,549,383,309,9,126,290,317,252,241,1,130,199,232,131,68
2022,4,A,골목상권,2110569,홍대땡땡거리,4784,2362,2422,15,981,1209,1107,899,573,8,435,650,554,397,318,7,546,559,553,502,255
2022,4,A,골목상권,2110568,광흥창역 1번,2827,1531,1296,2,399,755,771,659,241,0,117,361,454,445,154,2,282,394,317,214,87
2022,4,A,골목상권,2110567,광흥창역 6번,2158,1187,971,2,280,488,570,500,318,0,88,208,312,318,261,2,192,280,258,182,57
2022,4,A,골목상권,2110566,경의선책거리,10071,5990,4081,33,1755,2290,2438,2032,1523,20,865,1338,1493,1197,1077,13,890,952,945,835,446
2022,4,A,골목상권,2110565,홍익대,4742,3246,1496,13,762,1139,1187,937,704,7,414,751,851,666,557,6,348,388,336,271,147
2022,4,A,골목상권,2110564,홍대입구역 3번,5143,2795,2348,17,919,1276,1149,1001,781,12,343,638,645,612,545,5,576,638,504,389,236
2022,4,A,골목상권,2110563,상수역 3번,1950,1182,768,20,422,582,432,300,194,14,197,341,286,205,139,6,225,241,146,95,55
2022,4,A,골목상권,2110562,연트럴파크(연남동주민센터),4252,2404,1848,9,682,1050,1057,868,586,8,291,605,590,495,415,1,391,445,467,373,171
2022,4,A,골목상권,2110561,상수역 4번,3164,1891,1273,31,678,957,732,501,265,20,308,561,479,325,198,11,370,396,253,176,67
2022,4,A,골목상권,2110560,마포FM,6502,3860,2642,16,982,1627,1454,1287,1136,10,407,959,988,793,703,6,575,668,466,494,433
2022,4,A,골목상권,2110559,성산중학교,5087,2952,2135,21,936,1483,1317,912,418,13,364,796,845,628,306,8,572,687,472,284,112
2022,4,A,골목상권,2110558,경성고등학교,5587,3527,2060,22,775,1348,1393,1232,817,18,394,800,884,814,617,4,381,548,509,418,200
2022,4,A,골목상권,2110557,홍대부속여중고앞,9427,5263,4164,23,1361,2238,2227,1745,1833,17,545,1184,1349,937,1231,6,816,1054,878,808,602
2022,4,A,골목상권,2110556,절두산순교성지,1684,1064,620,5,244,483,463,361,128,5,104,278,313,266,98,0,140,205,150,95,30
2022,4,A,골목상권,2110555,홍익지구대,4079,2137,1942,11,689,1073,1062,755,489,6,236,510,626,449,310,5,453,563,436,306,179
2022,4,A,골목상권,2110554,망원역 1번,7782,4228,3554,15,1168,1783,1913,1422,1481,10,461,862,1004,783,1108,5,707,921,909,639,373
2022,4,A,골목상권,2110553,가좌역 2번,2187,1399,788,4,204,388,539,613,439,2,92,207,352,431,315,2,112,181,187,182,124
2022,4,A,골목상권,2110552,성미산체육관,3504,2146,1358,9,471,801,906,820,497,5,221,455,546,576,343,4,250,346,360,244,154
2022,4,A,골목상권,2110551,성서초등학교,3701,2140,1561,4,377,635,877,713,1095,4,160,324,410,372,870,0,217,311,467,341,225
2022,4,A,골목상권,2110550,합정역 8번,6172,3370,2802,15,1101,1610,1524,1115,807,10,445,802,926,667,520,5,656,808,598,448,287
2022,4,A,골목상권,2110549,새터산,3175,1870,1305,8,386,657,845,821,458,5,193,379,479,513,301,3,193,278,366,308,157
2022,4,A,골목상권,2110548,마포구청역 4번,6841,4101,2740,18,906,1347,1531,1972,1067,10,478,942,1005,1003,663,8,428,405,526,969,404
2022,4,A,골목상권,2110547,KB국민은행 망원동지점,7219,4458,2761,19,879,1335,1493,1861,1632,11,452,900,987,934,1174,8,427,435,506,927,458
2022,4,A,골목상권,2110546,양화대교북단,2197,1293,904,3,397,587,543,403,264,3,182,321,363,255,169,0,215,266,180,148,95
2022,4,A,골목상권,2110545,마포구청역 1번,5795,3278,2517,19,697,1071,1239,1869,900,11,398,782,801,813,473,8,299,289,438,1056,427
2022,4,A,골목상권,2110544,망리단길,7556,4327,3229,18,1463,1819,1641,1152,1463,8,731,897,847,686,1158,10,732,922,794,466,305
2022,4,A,골목상권,2110543,중암중학교,833,554,279,1,60,103,162,253,254,0,22,52,83,160,237,1,38,51,79,93,17
2022,4,A,골목상권,2110542,마포구청역 7번,5884,3486,2398,20,759,1112,1284,1743,966,11,396,791,870,831,587,9,363,321,414,912,379
2022,4,A,골목상권,2110541,동교초등학교,2316,1291,1025,5,338,448,612,521,392,4,142,250,332,300,263,1,196,198,280,221,129
2022,4,A,골목상권,2110540,망원나들목체육관,2127,1225,902,8,673,639,396,264,147,1,405,345,203,164,107,7,268,294,193,100,40
2022,4,A,골목상권,2110539,미근동,14579,8531,6048,43,2341,4872,3956,2487,880,20,916,2720,2470,1715,690,23,1425,2152,1486,772,190
2022,4,A,골목상권,2110538,충정로역 3번,8936,5270,3666,3,1399,2608,2582,1705,639,2,713,1645,1547,938,425,1,686,963,1035,767,214
2022,4,A,골목상권,2110537,충정로현대아파트,9389,5851,3538,15,1288,2694,2554,1994,844,9,654,1734,1643,1241,570,6,634,960,911,753,274
2022,4,A,골목상권,2110536,돈의문센트레빌아파트입구,4662,2901,1761,17,762,1317,1072,1005,489,12,332,727,714,746,370,5,430,590,358,259,119
2022,4,A,골목상권,2110535,영천시장입구,2014,972,1042,4,231,383,512,581,303,2,70,167,254,298,181,2,161,216,258,283,122
2022,4,A,골목상권,2110534,경기대학교,4575,2795,1780,4,723,1180,1049,884,735,1,313,680,710,586,505,3,410,500,339,298,230
2022,4,A,골목상권,2110533,충정로역 7번,3621,2255,1366,1,528,952,988,704,448,0,271,584,646,462,292,1,257,368,342,242,156
2022,4,A,골목상권,2110532,아현역 2번,2100,1204,896,3,447,553,442,378,277,1,170,320,262,259,192,2,277,233,180,119,85
2022,4,A,골목상권,2110531,홍지문,1399,662,737,3,176,371,355,334,160,0,59,172,172,157,102,3,117,199,183,177,58
2022,4,A,골목상권,2110530,아현역 1번,1496,797,699,2,376,474,297,209,138,1,141,271,169,125,90,1,235,203,128,84,48
2022,4,A,골목상권,2110529,홍제3동주민센터,1380,676,704,4,168,199,285,330,394,1,54,91,126,173,231,3,114,108,159,157,163
2022,4,A,골목상권,2110528,서울여자간호대학교,7645,1571,6074,6,224,518,2027,3660,1210,1,77,161,357,465,510,5,147,357,1670,3195,700
2022,4,A,골목상권,2110527,홍제역 2번,1970,1012,958,5,240,306,504,602,313,1,71,168,245,337,190,4,169,138,259,265,123
2022,4,A,골목상권,2110526,봉원사,3964,2083,1881,1,506,1026,1032,955,444,1,183,424,540,636,299,0,323,602,492,319,145
2022,4,A,골목상권,2110525,홍은종합사회복지관,7540,1491,6049,3,208,498,1991,3642,1198,1,81,160,323,442,484,2,127,338,1668,3200,714
2022,4,A,골목상권,2110524,연희세브란스병원,2431,1469,962,0,349,692,566,565,259,0,160,328,325,444,212,0,189,364,241,121,47
2022,4,A,골목상권,2110523,홍제성원아파트,389,158,231,1,57,82,97,95,57,0,16,28,41,33,40,1,41,54,56,62,17
2022,4,A,골목상권,2110522,홍제역 3번,1382,744,638,3,145,201,379,465,189,1,40,103,201,269,130,2,105,98,178,196,59
2022,4,A,골목상권,2110521,홍제역 4번,1682,856,826,3,180,260,456,544,239,1,56,126,230,305,138,2,124,134,226,239,101
2022,4,A,골목상권,2110520,경의중앙 신촌역,3939,2209,1730,8,672,1067,897,861,434,5,268,503,474,619,340,3,404,564,423,242,94
2022,4,A,골목상권,2110519,서대문구보건소별관,1692,809,883,1,249,320,448,430,244,1,88,147,232,202,139,0,161,173,216,228,105
2022,4,A,골목상권,2110518,서대문구청,4288,2377,1911,12,606,1189,1202,1022,257,9,241,603,676,684,164,3,365,586,526,338,93
2022,4,A,골목상권,2110517,서대문소방서,3275,1935,1340,14,501,833,881,711,335,8,210,520,553,438,206,6,291,313,328,273,129
2022,4,A,골목상권,2110516,정원여중,1381,718,663,0,237,296,370,330,148,0,85,145,205,186,97,0,152,151,165,144,51
2022,4,A,골목상권,2110515,홍은중학교,1397,819,578,2,174,346,389,297,189,2,86,211,238,167,115,0,88,135,151,130,74
2022,4,A,골목상권,2110514,서대문우체국,8426,5862,2564,6,1198,1860,1691,2693,978,3,772,1174,1054,2110,749,3,426,686,637,583,229
2022,4,A,골목상권,2110513,연희파출소,4197,2605,1592,22,701,1052,930,956,536,9,309,668,619,625,375,13,392,384,311,331,161
2022,4,A,골목상권,2110512,연희지하차도,4882,2826,2056,19,663,1252,1324,1216,408,14,271,646,746,846,303,5,392,606,578,370,105
2022,4,A,골목상권,2110511,연희초등학교,8378,6001,2377,13,1131,2005,1738,2599,892,3,668,1322,1149,2137,722,10,463,683,589,462,170
2022,4,A,골목상권,2110510,홍연시장,3041,1987,1054,55,824,775,546,576,265,30,470,602,320,364,201,25,354,173,226,212,64
2022,4,A,골목상권,2110509,연희대우아파트앞,9280,6343,2937,12,1331,2148,1961,2829,999,8,717,1291,1263,2264,800,4,614,857,698,565,199
2022,4,A,골목상권,2110508,서연중학교,5090,3173,1917,65,1140,1333,940,1011,601,33,630,969,582,565,394,32,510,364,358,446,207
2022,4,A,골목상권,2110507,명지대학교,3504,2308,1196,30,563,997,832,765,317,27,345,664,531,490,251,3,218,333,301,275,66
2022,4,A,골목상권,2110506,연희임광아파트,1554,815,739,2,227,343,380,390,212,2,100,227,187,174,125,0,127,116,193,216,87
2022,4,A,골목상권,2110505,홍남교남측,2235,1498,737,50,708,612,370,328,167,27,409,504,235,198,125,23,299,108,135,130,42
2022,4,A,골목상권,2110504,명지전문대,965,467,498,1,90,171,253,281,169,0,34,71,117,147,98,1,56,100,136,134,71
2022,4,A,골목상권,2110503,명지대학교교회,3864,2524,1340,30,620,1117,971,783,343,26,367,778,642,473,238,4,253,339,329,310,105
2022,4,A,골목상권,2110502,남가좌파출소,1097,580,517,0,99,196,301,322,179,0,39,79,152,183,127,0,60,117,149,139,52
2022,4,A,골목상권,2110501,연희어린이공원,1540,875,665,10,217,360,378,360,215,8,103,242,206,176,140,2,114,118,172,184,75
2022,4,A,골목상권,2110500,남가좌동현대아파트,278,164,114,0,37,45,74,87,35,0,21,27,44,54,18,0,16,18,30,33,17
2022,4,A,골목상권,2110499,연가초등학교,1891,1022,869,0,178,382,499,526,306,0,73,217,266,255,211,0,105,165,233,271,95
2022,4,A,골목상권,2110498,증산역 1번,2906,1506,1400,8,440,635,651,682,490,3,148,355,341,338,321,5,292,280,310,344,169
2022,4,A,골목상권,2110497,가좌역 3번,3659,2225,1434,4,227,435,598,923,1472,2,157,292,399,499,876,2,70,143,199,424,596
2022,4,A,골목상권,2110496,모래내우체국,2367,1136,1231,7,310,507,560,577,406,4,94,247,294,279,218,3,216,260,266,298,188
2022,4,A,골목상권,2110495,북가좌2동주민센터,3902,2063,1839,9,568,954,896,849,626,5,186,536,522,443,371,4,382,418,374,406,255
2022,4,A,골목상권,2110494,증산3교남측,1780,1221,559,0,92,213,258,339,878,0,34,98,100,184,805,0,58,115,158,155,73
2022,4,A,골목상권,2110493,북가좌초등학교,1856,1392,464,0,60,148,223,379,1046,0,20,69,94,236,973,0,40,79,129,143,73
2022,4,A,골목상권,2110492,하나고등학교,578,273,305,1,22,107,147,171,130,0,7,76,108,56,26,1,15,31,39,115,104
2022,4,A,골목상권,2110491,불광중학교,579,216,363,1,45,99,156,186,92,1,13,42,53,58,49,0,32,57,103,128,43
2022,4,A,골목상권,2110490,녹번동근린공원,5262,2678,2584,13,663,1384,1395,1293,514,9,294,621,670,746,338,4,369,763,725,547,176
2022,4,A,골목상권,2110489,불광역 3번,1836,816,1020,7,273,558,474,348,176,6,92,204,220,175,119,1,181,354,254,173,57
2022,4,A,골목상권,2110488,우리은행응암동지점,3955,2113,1842,9,480,961,1013,1016,476,6,235,475,494,594,309,3,245,486,519,422,167
2022,4,A,골목상권,2110487,불광역 8번,1735,695,1040,1,239,499,452,361,183,1,77,188,182,154,93,0,162,311,270,207,90
2022,4,A,골목상권,2110486,은평구청,4169,2254,1915,8,461,993,1117,1108,482,5,227,494,557,645,326,3,234,499,560,463,156
2022,4,A,골목상권,2110485,연신내우체국,2361,1188,1173,2,126,245,348,438,1202,1,51,129,145,186,676,1,75,116,203,252,526
2022,4,A,골목상권,2110484,역촌역 3번,4601,2236,2365,13,523,1110,1233,1186,536,9,213,468,558,627,361,4,310,642,675,559,175
2022,4,A,골목상권,2110483,연천초등학교,2384,1178,1206,5,230,267,295,400,1187,1,94,133,119,166,665,4,136,134,176,234,522
2022,4,A,골목상권,2110482,연신초등학교,1850,991,859,0,81,162,205,312,1090,0,37,95,80,152,627,0,44,67,125,160,463
2022,4,A,골목상권,2110481,불광역 7번,1630,770,860,2,178,335,467,396,252,2,71,171,214,161,151,0,107,164,253,235,101
2022,4,A,골목상권,2110480,연신내역 3번,2030,889,1141,7,285,397,542,504,295,2,114,188,232,200,153,5,171,209,310,304,142
2022,4,A,골목상권,2110479,연신내역 2번,3690,1693,1997,6,426,539,641,723,1355,1,130,248,249,302,763,5,296,291,392,421,592
2022,4,A,골목상권,2110478,응암1동주민센터,4707,2474,2233,11,516,997,1136,1196,851,7,227,433,551,650,606,4,289,564,585,546,245
2022,4,A,골목상권,2110477,은평세무서,4870,2612,2258,11,464,976,1178,1295,946,5,201,440,572,727,667,6,263,536,606,568,279
2022,4,A,골목상권,2110476,역촌역 2번,1412,760,652,3,180,328,393,324,184,1,64,162,221,174,138,2,116,166,172,150,46
2022,4,A,골목상권,2110475,백련산해모로아파트,2427,1313,1114,3,275,436,520,560,633,2,122,211,271,274,433,1,153,225,249,286,200
2022,4,A,골목상권,2110474,세명컴퓨터고등학교,2172,1034,1138,6,329,533,548,467,289,5,120,275,242,204,188,1,209,258,306,263,101
2022,4,A,골목상권,2110473,구산역 1번,4113,2032,2081,11,518,794,1040,1015,735,5,204,414,507,425,477,6,314,380,533,590,258
2022,4,A,골목상권,2110472,연신내역 4번,2455,1251,1204,11,334,479,638,552,441,6,127,253,292,262,311,5,207,226,346,290,130
2022,4,A,골목상권,2110471,응암동우체국,1908,1001,907,2,228,332,461,530,355,1,96,145,211,287,261,1,132,187,250,243,94
2022,4,A,골목상권,2110470,신진과학기술고등학교,2093,1305,788,2,198,318,474,517,584,2,95,170,262,309,467,0,103,148,212,208,117
2022,4,A,골목상권,2110469,응암정보도서관,3141,1523,1618,2,316,577,809,898,539,0,113,270,378,427,335,2,203,307,431,471,204
2022,4,A,골목상권,2110468,응암역 3번,4875,2420,2455,6,465,813,1295,1325,971,1,170,377,615,633,624,5,295,436,680,692,347
2022,4,A,골목상권,2110467,은평요양병원,1671,867,804,7,217,398,414,360,275,6,97,221,214,162,167,1,120,177,200,198,108
2022,4,A,골목상권,2110466,구산역 2번,3312,1361,1951,12,538,687,831,818,426,3,172,280,347,320,239,9,366,407,484,498,187
2022,4,A,골목상권,2110465,연신내역 7번,2686,1136,1550,10,437,647,652,580,360,5,132,295,276,227,201,5,305,352,376,353,159
2022,4,A,골목상권,2110464,연신내역 5번,2541,1368,1173,8,266,525,663,583,496,5,105,271,308,312,367,3,161,254,355,271,129
2022,4,A,골목상권,2110463,응암3동주민센터,1096,480,616,2,113,200,291,307,183,1,42,69,109,143,116,1,71,131,182,164,67
2022,4,A,골목상권,2110462,갈현건영아파트,1895,1102,793,9,264,445,440,425,312,6,139,269,256,223,209,3,125,176,184,202,103
2022,4,A,골목상권,2110461,새절역 2번,1064,588,476,2,102,151,247,304,258,1,40,59,115,173,200,1,62,92,132,131,58
2022,4,A,골목상권,2110460,구산역 4번,4650,2629,2021,14,389,739,1103,1501,904,6,161,384,536,911,631,8,228,355,567,590,273
2022,4,A,골목상권,2110459,응암역 2번,3508,1670,1838,4,356,682,987,918,561,1,143,326,439,399,362,3,213,356,548,519,199
2022,4,A,골목상권,2110458,선일여고,2056,993,1063,9,309,535,480,491,232,5,138,283,226,197,144,4,171,252,254,294,88
2022,4,A,골목상권,2110457,예일여고,4039,2288,1751,11,383,599,859,1344,843,2,149,279,424,826,608,9,234,320,435,518,235
2022,4,A,골목상권,2110456,구산보건지소,3451,1673,1778,13,646,727,840,730,495,4,277,335,365,355,337,9,369,392,475,375,158
2022,4,A,골목상권,2110455,역촌노인복지관,3912,1926,1986,7,599,783,1036,909,578,3,258,380,472,412,401,4,341,403,564,497,177
2022,4,A,골목상권,2110454,선정중학교,3136,1975,1161,7,297,545,749,1025,513,3,138,284,381,749,420,4,159,261,368,276,93
2022,4,A,골목상권,2110453,신사1동주민센터,2866,1630,1236,3,295,597,767,684,520,3,160,297,422,377,371,0,135,300,345,307,149
2022,4,A,골목상권,2110452,새절역 3번,1444,869,575,3,116,220,343,416,346,3,59,102,181,239,285,0,57,118,162,177,61
2022,4,A,골목상권,2110451,증산역 4번,3034,2083,951,4,382,662,756,739,491,3,166,453,530,528,403,1,216,209,226,211,88
2022,4,A,골목상권,2110450,시립서북병원,4533,2159,2374,8,894,1069,1015,919,628,2,331,496,489,431,410,6,563,573,526,488,218
2022,4,A,골목상권,2110449,증산역 3번,3046,1961,1085,1,417,740,797,725,366,0,164,495,543,508,251,1,253,245,254,217,115
2022,4,A,골목상권,2110448,상신초등학교입구,1375,785,590,3,145,292,338,322,275,1,88,163,177,167,189,2,57,129,161,155,86
2022,4,A,골목상권,2110447,구산초등학교,1694,1213,481,2,100,239,363,721,269,0,46,110,217,608,232,2,54,129,146,113,37
2022,4,A,골목상권,2110446,내를건너서숲으로도서관,1148,777,371,0,135,243,292,279,199,0,95,161,174,174,173,0,40,82,118,105,26
2022,4,A,골목상권,2110445,덕산중학교,1312,649,663,5,274,319,252,247,215,0,87,169,142,108,143,5,187,150,110,139,72
2022,4,A,골목상권,2110444,수색성당,2661,1802,859,0,198,389,448,542,1084,0,77,194,209,332,990,0,121,195,239,210,94
2022,4,A,골목상권,2110443,수색역 1번,434,287,147,0,42,62,103,136,91,0,17,34,66,96,74,0,25,28,37,40,17
2022,4,A,골목상권,2110442,화랑대철도공원,1159,494,665,2,139,197,301,376,144,2,48,69,108,178,89,0,91,128,193,198,55
2022,4,A,골목상권,2110441,영신여고,1046,454,592,3,105,241,283,309,105,3,45,111,107,126,62,0,60,130,176,183,43
2022,4,A,골목상권,2110440,상계3동4동주민센터,231,87,144,1,38,35,61,53,43,0,13,11,23,19,21,1,25,24,38,34,22
2022,4,A,골목상권,2110439,당고개역 5번,1670,1328,342,1,65,111,343,684,466,0,20,60,265,575,408,1,45,51,78,109,58
2022,4,A,골목상권,2110438,경춘선숲길 우측,3326,1509,1817,2,552,854,911,715,292,1,156,360,411,369,212,1,396,494,500,346,80
2022,4,A,골목상권,2110437,당고개역 2번,2037,1506,531,1,104,171,467,791,503,0,40,88,309,634,435,1,64,83,158,157,68
2022,4,A,골목상권,2110436,상계제일중학교,2066,1047,1019,12,209,464,514,508,359,7,73,229,274,237,227,5,136,235,240,271,132
2022,4,A,골목상권,2110435,서울과학기술대,1792,1224,568,2,186,412,462,475,255,0,112,256,301,331,224,2,74,156,161,144,31
2022,4,A,골목상권,2110434,태릉입구역 4번,3300,1461,1839,4,314,539,764,908,771,2,129,312,364,332,322,2,185,227,400,576,449
2022,4,A,골목상권,2110433,공릉역 2번,4470,2428,2042,8,421,620,969,1270,1182,3,195,339,507,667,717,5,226,281,462,603,465
2022,4,A,골목상권,2110432,대진고등학교,3496,2336,1160,5,355,682,898,1023,533,2,168,399,577,774,416,3,187,283,321,249,117
2022,4,A,골목상권,2110431,상계역,1658,716,942,4,180,322,440,437,275,0,50,144,212,164,146,4,130,178,228,273,129
2022,4,A,골목상권,2110430,중계초등학교,1642,961,681,6,165,297,390,441,343,2,77,164,213,244,261,4,88,133,177,197,82
2022,4,A,골목상권,2110429,공릉동 국수거리,5223,2800,2423,7,523,744,1099,1485,1365,3,246,412,543,754,842,4,277,332,556,731,523
2022,4,A,골목상권,2110428,상계5동주민센터,2338,1163,1175,7,172,298,441,608,812,3,62,155,202,282,459,4,110,143,239,326,353
2022,4,A,골목상권,2110427,노원 을지대학교병원,2885,2027,858,3,300,579,725,832,446,0,149,351,505,667,355,3,151,228,220,165,91
2022,4,A,골목상권,2110426,상계2동주민센터,2834,1540,1294,16,401,546,733,694,444,11,153,300,370,386,320,5,248,246,363,308,124
2022,4,A,골목상권,2110425,계상초등학교,2572,1219,1353,6,228,345,564,659,770,4,90,195,248,280,402,2,138,150,316,379,368
2022,4,A,골목상권,2110424,상계초등학교,2079,864,1215,5,272,368,533,553,348,5,89,181,216,215,158,0,183,187,317,338,190
2022,4,A,골목상권,2110423,석계역 2번,1883,895,988,5,253,375,553,418,279,3,106,197,271,183,135,2,147,178,282,235,144
2022,4,A,골목상권,2110422,노원역 9번,1955,819,1136,3,268,390,499,508,287,1,81,196,208,195,138,2,187,194,291,313,149
2022,4,A,골목상권,2110421,석계역 1번,1716,845,871,4,186,278,426,473,349,2,71,119,191,230,232,2,115,159,235,243,117
2022,4,A,골목상권,2110420,광운대역 1번,1718,979,739,10,353,518,466,244,127,3,175,350,258,123,70,7,178,168,208,121,57
2022,4,A,골목상권,2110419,수락산디자인거리,4260,2771,1489,13,429,898,1053,1126,741,12,245,615,683,706,510,1,184,283,370,420,231
2022,4,A,골목상권,2110418,광운대학교 남단,2484,1345,1139,17,445,664,598,481,279,5,192,396,291,252,209,12,253,268,307,229,70
2022,4,A,골목상권,2110417,월계역 3번,441,184,257,2,62,77,94,122,84,2,23,41,37,47,34,0,39,36,57,75,50
2022,4,A,골목상권,2110416,노원초등학교,1385,669,716,8,135,266,331,352,293,6,53,138,153,171,148,2,82,128,178,181,145
2022,4,A,골목상권,2110415,수락산역 4번,3553,1980,1573,19,461,687,836,890,660,16,254,421,481,483,325,3,207,266,355,407,335
2022,4,A,골목상권,2110414,장석교회,752,511,241,5,70,109,166,205,197,3,38,57,98,139,176,2,32,52,68,66,21
2022,4,A,골목상권,2110413,누원고등학교,580,375,205,0,37,71,120,164,188,0,16,45,70,104,140,0,21,26,50,60,48
2022,4,A,골목상권,2110412,창동중학교,1521,1149,372,3,118,224,267,505,404,1,73,121,160,412,382,2,45,103,107,93,22
2022,4,A,골목상권,2110411,도봉역 3번,1802,1132,670,2,126,304,360,519,491,1,33,150,187,351,410,1,93,154,173,168,81
2022,4,A,골목상권,2110410,방학역 2번,5708,3428,2280,10,558,1304,1395,1507,934,9,280,756,767,936,680,1,278,548,628,571,254
2022,4,A,골목상권,2110409,창동역 2번,6649,4154,2495,6,756,1498,1635,1402,1352,4,385,1020,1098,743,904,2,371,478,537,659,448
2022,4,A,골목상권,2110408,가인초등학교,5577,3850,1727,5,581,1307,1343,1121,1220,3,343,986,1014,685,819,2,238,321,329,436,401
2022,4,A,골목상권,2110407,도봉역 2번,2678,1900,778,7,190,399,535,778,769,5,95,243,303,572,682,2,95,156,232,206,87
2022,4,A,골목상권,2110406,도봉산역 1번,1362,928,434,0,45,103,268,453,493,0,17,63,189,336,323,0,28,40,79,117,170
2022,4,A,골목상권,2110405,방학역 1번,2975,1622,1353,6,288,534,730,892,525,5,159,353,350,369,386,1,129,181,380,523,139
2022,4,A,골목상권,2110404,신창초등학교,2334,1247,1087,11,291,485,642,611,294,8,108,229,337,362,203,3,183,256,305,249,91
2022,4,A,골목상권,2110403,방학1동주민센터,3553,1965,1588,10,456,716,860,1052,459,6,261,473,457,498,270,4,195,243,403,554,189
2022,4,A,골목상권,2110402,도봉구 정병원,2172,1117,1055,5,296,450,517,579,325,4,109,246,277,283,198,1,187,204,240,296,127
2022,4,A,골목상권,2110401,도봉구민회관,5856,3856,2000,1,599,1299,1388,1267,1302,0,346,940,977,718,875,1,253,359,411,549,427
2022,4,A,골목상권,2110400,도봉구보건소,2134,1058,1076,4,298,390,510,558,374,3,99,190,250,278,238,1,199,200,260,280,136
2022,4,A,골목상권,2110399,창2동주민센터,1982,1088,894,10,245,463,553,465,246,9,128,273,295,219,164,1,117,190,258,246,82
2022,4,A,골목상권,2110398,쌍문2동우체국,2359,1255,1104,1,247,367,547,725,472,1,87,168,253,427,319,0,160,199,294,298,153
2022,4,A,골목상권,2110397,도봉산입구,1579,963,616,1,95,207,290,413,573,1,25,106,157,272,402,0,70,101,133,141,171
2022,4,A,골목상권,2110396,쌍문역1번(쌍리단길),1577,763,814,4,242,329,382,395,225,1,84,135,198,208,137,3,158,194,184,187,88
2022,4,A,골목상권,2110395,신한은행 방학동지점,1120,597,523,4,157,280,302,227,150,3,72,148,158,121,95,1,85,132,144,106,55
2022,4,A,골목상권,2110394,방학중학교,1435,629,806,1,142,279,358,336,319,1,52,119,150,152,155,0,90,160,208,184,164
2022,4,A,골목상권,2110393,국민은행방학지점,1001,461,540,3,124,275,252,240,107,2,39,137,120,96,67,1,85,138,132,144,40
2022,4,A,골목상권,2110392,발바닥공원,704,449,255,3,99,210,202,121,69,2,39,126,148,81,53,1,60,84,54,40,16
2022,4,A,골목상권,2110391,샘말어린이공원,1172,574,598,0,93,215,234,283,347,0,34,95,107,140,198,0,59,120,127,143,149
2022,4,A,골목상권,2110390,방학초등학교,1901,820,1081,3,194,445,458,515,286,2,59,201,209,188,161,1,135,244,249,327,125
2022,4,A,골목상권,2110389,한일병원,3050,1577,1473,1,573,707,741,679,349,1,171,353,410,396,246,0,402,354,331,283,103
2022,4,A,골목상권,2110388,도봉우체국,2071,923,1148,4,436,450,512,485,184,3,105,207,224,244,140,1,331,243,288,241,44
2022,4,A,골목상권,2110387,쌍문초등학교,1678,803,875,0,227,365,452,414,220,0,67,151,187,208,190,0,160,214,265,206,30
2022,4,A,골목상권,2110386,연산군묘,1120,668,452,0,136,219,227,306,232,0,61,122,131,158,196,0,75,97,96,148,36
2022,4,A,골목상권,2110385,효문고등학교,780,268,512,0,136,158,203,185,98,0,33,42,60,71,62,0,103,116,143,114,36
2022,4,A,골목상권,2110384,문이교,622,295,327,1,71,88,145,188,129,0,21,33,51,98,92,1,50,55,94,90,37
2022,4,A,골목상권,2110383,덕성여대시반거리,494,170,324,0,83,84,121,116,90,0,12,24,42,39,53,0,71,60,79,77,37
2022,4,A,골목상권,2110382,솔밭공원역 1번,967,418,549,1,145,169,222,256,174,0,31,52,83,123,129,1,114,117,139,133,45
2022,4,A,골목상권,2110381,번동주공2단지,1056,559,497,5,107,230,262,299,153,4,33,95,131,178,118,1,74,135,131,121,35
2022,4,A,골목상권,2110380,강북문화정보도서관,980,504,476,5,99,143,203,291,239,3,30,74,101,150,146,2,69,69,102,141,93
2022,4,A,골목상권,2110379,KT&G 북부지사,767,383,384,2,97,108,197,257,106,0,47,44,83,145,64,2,50,64,114,112,42
2022,4,A,골목상권,2110378,송중동주민센터,1170,548,622,8,119,172,339,287,245,6,52,74,144,126,146,2,67,98,195,161,99
2022,4,A,골목상권,2110377,미아사거리역 3번,1050,449,601,7,158,220,271,253,141,6,51,81,107,112,92,1,107,139,164,141,49
2022,4,A,골목상권,2110376,수송초등학교,4978,2722,2256,8,551,1213,1234,1264,708,6,230,624,673,782,407,2,321,589,561,482,301
2022,4,A,골목상권,2110375,서울북부고용노동지청,1301,632,669,2,141,171,335,392,260,0,58,78,134,204,158,2,83,93,201,188,102
2022,4,A,골목상권,2110374,송중초등학교,2009,977,1032,7,186,338,530,528,420,6,61,128,222,264,296,1,125,210,308,264,124
2022,4,A,골목상권,2110373,수유역 2번,4903,2639,2264,10,549,1094,1104,1278,868,8,214,534,563,814,506,2,335,560,541,464,362
2022,4,A,골목상권,2110372,강북중학교,1588,852,736,1,167,364,452,356,248,1,87,203,249,169,143,0,80,161,203,187,105
2022,4,A,골목상권,2110371,삼양입구사거리,1233,656,577,2,114,236,332,331,218,2,43,109,155,183,164,0,71,127,177,148,54
2022,4,A,골목상권,2110370,도봉세무서,1385,735,650,7,100,222,365,379,312,6,28,93,168,200,240,1,72,129,197,179,72
2022,4,A,골목상권,2110369,성신여대운정그린캠퍼스,4108,2368,1740,5,481,782,894,1069,877,1,210,445,512,655,545,4,271,337,382,414,332
2022,4,A,골목상권,2110368,송천초등학교,5342,2779,2563,416,2025,1339,744,507,311,177,905,732,414,294,257,239,1120,607,330,213,54
2022,4,A,골목상권,2110367,강북구청,5008,2534,2474,10,519,1028,1016,1220,1215,8,207,520,524,762,513,2,312,508,492,458,702
2022,4,A,골목상권,2110366,광산사거리,3568,1624,1944,6,321,730,793,840,878,4,125,324,383,466,322,2,196,406,410,374,556
2022,4,A,골목상권,2110365,미아역 5번,1610,747,863,3,136,224,389,402,456,3,45,85,163,219,232,0,91,139,226,183,224
2022,4,A,골목상권,2110364,미아역 8번,1852,961,891,3,226,366,513,491,253,1,85,173,274,268,160,2,141,193,239,223,93
2022,4,A,골목상권,2110363,송천동주민센터,819,499,320,2,54,138,220,209,196,1,23,71,116,131,157,1,31,67,104,78,39
2022,4,A,골목상권,2110362,우이천 계성교,2117,1320,797,2,227,296,541,686,365,0,74,153,330,480,283,2,153,143,211,206,82
2022,4,A,골목상권,2110361,삼양사거리역 1번,1111,550,561,3,66,131,213,280,418,2,24,58,105,156,205,1,42,73,108,124,213
2022,4,A,골목상권,2110360,수유초등학교,2635,1274,1361,5,299,387,567,782,595,1,79,163,238,375,418,4,220,224,329,407,177
2022,4,A,골목상권,2110359,수유시장옆,5157,2359,2798,6,450,898,1053,1316,1434,4,136,365,470,708,676,2,314,533,583,608,758
2022,4,A,골목상권,2110358,인수동 우편취급국,2810,1471,1339,2,265,403,554,783,803,0,80,179,255,417,540,2,185,224,299,366,263
2022,4,A,골목상권,2110357,가오리역 1번,2401,1556,845,1,127,166,397,647,1063,0,34,71,252,471,728,1,93,95,145,176,335
2022,4,A,골목상권,2110356,덕수교,2011,1093,918,0,145,214,368,345,939,0,37,85,163,165,643,0,108,129,205,180,296
2022,4,A,골목상권,2110355,삼양사거리역 2번,905,486,419,2,85,153,223,225,217,1,22,49,110,139,165,1,63,104,113,86,52
2022,4,A,골목상권,2110354,삼각산119안전센터,365,141,224,1,38,87,110,81,48,0,9,25,45,32,30,1,29,62,65,49,18
2022,4,A,골목상권,2110353,수유동우체국,2389,1550,839,0,129,158,408,615,1079,0,26,73,267,444,740,0,103,85,141,171,339
2022,4,A,골목상권,2110352,수유1동주민센터,1621,708,913,1,183,303,456,479,199,0,61,122,184,209,132,1,122,181,272,270,67
2022,4,A,골목상권,2110351,수유북부시장옆,1877,1274,603,0,96,227,484,737,333,0,36,133,349,484,272,0,60,94,135,253,61
2022,4,A,골목상권,2110350,가오리역 2번,2640,1559,1081,0,221,477,709,807,426,0,62,232,442,507,316,0,159,245,267,300,110
2022,4,A,골목상권,2110349,화계역 2번,1164,619,545,0,95,179,284,397,209,0,37,65,127,214,176,0,58,114,157,183,33
2022,4,A,골목상권,2110348,강북문화예술회관,3953,2554,1399,0,227,512,876,1129,1209,0,65,242,587,813,847,0,162,270,289,316,362
2022,4,A,골목상권,2110347,구세군강북종합사회복지관,443,186,257,0,54,96,140,85,68,0,10,34,63,36,43,0,44,62,77,49,25
2022,4,A,골목상권,2110346,4.19민주묘지역 2번,754,369,385,0,109,137,212,161,135,0,22,69,113,81,84,0,87,68,99,80,51
2022,4,A,골목상권,2110345,솔밭공원역 2번,1604,918,686,1,168,207,320,549,359,0,35,65,142,387,289,1,133,142,178,162,70
2022,4,A,골목상권,2110344,화계중학교,815,417,398,0,75,148,217,296,79,0,39,57,111,143,67,0,36,91,106,153,12
2022,4,A,골목상권,2110343,무너미어린이공원,2303,1336,967,0,149,297,429,446,982,0,49,177,246,213,651,0,100,120,183,233,331
2022,4,A,골목상권,2110342,국립재활원,2250,1364,886,1,194,476,644,645,290,0,66,242,426,420,210,1,128,234,218,225,80
2022,4,A,골목상권,2110341,북한산우이역 2번,860,529,331,0,44,68,132,304,312,0,14,31,72,258,154,0,30,37,60,46,158
2022,4,A,골목상권,2110340,인수중학교,1205,760,445,6,164,256,276,329,174,6,81,173,168,189,143,0,83,83,108,140,31
2022,4,A,골목상권,2110339,국립4.19민주묘지,1097,718,379,6,146,196,248,305,196,6,67,139,153,190,163,0,79,57,95,115,33
2022,4,A,골목상권,2110338,인수초등학교,1955,1067,888,6,266,494,469,470,250,6,111,260,248,248,194,0,155,234,221,222,56
2022,4,A,골목상권,2110337,아카데미하우스,1438,921,517,6,178,311,344,390,209,6,85,207,216,232,175,0,93,104,128,158,34
2022,4,A,골목상권,2110336,석관고등학교,1951,1389,562,1,128,204,257,338,1023,0,66,113,151,240,819,1,62,91,106,98,204
2022,4,A,골목상권,2110335,석계역 7번,2887,1837,1050,2,243,313,463,598,1268,0,99,147,243,370,978,2,144,166,220,228,290
2022,4,A,골목상권,2110334,석관중앙교회,1691,1099,592,3,192,394,413,449,240,0,95,241,244,324,195,3,97,153,169,125,45
2022,4,A,골목상권,2110333,돌곶이역 5번,2875,2051,824,4,237,375,414,553,1292,0,107,239,264,375,1066,4,130,136,150,178,226
2022,4,A,골목상권,2110332,돌곶이역 3번,2402,1642,760,6,189,237,310,429,1231,1,74,125,174,259,1009,5,115,112,136,170,222
2022,4,A,골목상권,2110331,돌곶이역 8번,1331,817,514,4,173,283,315,283,273,0,60,182,193,164,218,4,113,101,122,119,55
2022,4,A,골목상권,2110330,돌곶이역 1번,1199,626,573,1,137,217,277,273,294,0,40,102,128,127,229,1,97,115,149,146,65
2022,4,A,골목상권,2110329,우리은행체육관,1280,745,535,8,131,269,305,313,254,4,45,134,165,200,197,4,86,135,140,113,57
2022,4,A,골목상권,2110328,상월곡역 3번,966,544,422,4,142,252,268,208,92,1,59,142,158,118,66,3,83,110,110,90,26
2022,4,A,골목상권,2110327,상월곡역 2번,1998,1149,849,5,355,494,539,387,218,1,166,295,311,215,161,4,189,199,228,172,57
2022,4,A,골목상권,2110326,장위동성당,2029,1211,818,4,314,426,541,433,311,3,149,249,314,263,233,1,165,177,227,170,78
2022,4,A,골목상권,2110325,장곡초등학교,1638,957,681,8,198,313,438,380,301,6,100,176,257,221,197,2,98,137,181,159,104
2022,4,A,골목상권,2110324,월곡역 4번,3140,1982,1158,5,533,1043,730,527,302,1,265,704,453,335,224,4,268,339,277,192,78
2022,4,A,골목상권,2110323,상월곡역 1번,4067,2556,1511,5,678,1174,962,808,440,1,336,790,596,503,330,4,342,384,366,305,110
2022,4,A,골목상권,2110322,장위1동주민센터,1274,741,533,8,218,235,278,270,265,4,110,153,164,146,164,4,108,82,114,124,101
2022,4,A,골목상권,2110321,동덕여대,2313,1366,947,1,299,420,551,516,526,0,134,242,299,273,418,1,165,178,252,243,108
2022,4,A,골목상권,2110320,KB국민은행 종암동지점,1182,673,509,1,119,228,369,325,140,1,35,101,200,239,97,0,84,127,169,86,43
2022,4,A,골목상권,2110319,종암동주민센터,2766,1528,1238,6,392,614,672,775,307,1,178,373,362,458,156,5,214,241,310,317,151
2022,4,A,골목상권,2110318,KT월곡지사,4670,3051,1619,8,464,852,998,1077,1271,3,232,511,595,716,994,5,232,341,403,361,277
2022,4,A,골목상권,2110317,종암중학교,984,490,494,0,108,232,312,228,104,0,37,97,154,140,62,0,71,135,158,88,42
2022,4,A,골목상권,2110316,숭곡초등학교,3749,2252,1497,12,320,511,783,810,1313,11,132,241,383,471,1014,1,188,270,400,339,299
2022,4,A,골목상권,2110315,종암아이파크2차,19523,10008,9515,57,1546,5002,7164,5525,229,13,627,1664,3177,4378,149,44,919,3338,3987,1147,80
2022,4,A,골목상권,2110314,종암경찰서,22088,12093,9995,63,1812,5489,7636,6091,997,14,829,2083,3572,4842,753,49,983,3406,4064,1249,244
2022,4,A,골목상권,2110313,안암역 3번,4486,2929,1557,7,548,1055,1239,1027,610,3,263,654,815,721,473,4,285,401,424,306,137
2022,4,A,골목상권,2110312,안암역 2번,1666,856,810,1,199,457,563,337,109,0,70,198,309,204,75,1,129,259,254,133,34
2022,4,A,골목상권,2110311,종암아이파크2차후문,18419,9472,8947,55,1397,4775,6829,5279,84,12,583,1567,3015,4229,66,43,814,3208,3814,1050,18
2022,4,A,골목상권,2110310,길음역 10번,2304,969,1335,10,637,675,493,352,137,1,143,321,258,161,85,9,494,354,235,191,52
2022,4,A,골목상권,2110309,대광초등학교,3669,2531,1138,12,521,883,910,786,557,4,294,622,640,561,410,8,227,261,270,225,147
2022,4,A,골목상권,2110308,길음역 8번,7178,3463,3715,428,2655,1922,1125,688,360,177,1050,1021,613,334,268,251,1605,901,512,354,92
2022,4,A,골목상권,2110307,길음역 7번,2596,948,1648,10,718,682,547,427,212,0,146,268,216,179,139,10,572,414,331,248,73
2022,4,A,골목상권,2110306,미아초등학교,5376,2688,2688,419,2073,1365,788,449,282,176,923,736,412,220,221,243,1150,629,376,229,61
2022,4,A,골목상권,2110305,보문역 5번,6471,4952,1519,11,812,2114,1358,1346,830,5,488,1734,1085,1066,574,6,324,380,273,280,256
2022,4,A,골목상권,2110304,보문역 4번,5081,2911,2170,4,547,1204,1258,1332,736,3,248,624,733,863,440,1,299,580,525,469,296
2022,4,A,골목상권,2110303,성신여대입구역 1번,2302,983,1319,23,343,507,539,532,358,11,93,195,230,247,207,12,250,312,309,285,151
2022,4,A,골목상권,2110302,보문역 8번,6611,5075,1536,7,801,2204,1491,1413,695,2,445,1775,1209,1164,480,5,356,429,282,249,215
2022,4,A,골목상권,2110301,성신여대입구역 7번,2407,1250,1157,22,336,473,551,587,438,16,112,206,285,329,302,6,224,267,266,258,136
2022,4,A,골목상권,2110300,삼선동주민센터,7082,3275,3807,21,849,1747,2084,1699,682,12,261,673,916,1026,387,9,588,1074,1168,673,295
2022,4,A,골목상권,2110299,정릉역 1번,2389,1112,1277,6,327,495,591,580,390,1,79,200,234,301,297,5,248,295,357,279,93
2022,4,A,골목상권,2110298,솔숲어린이공원,1609,756,853,6,199,274,412,438,280,1,58,98,163,222,214,5,141,176,249,216,66
2022,4,A,골목상권,2110297,경동고등학교,9374,4825,4549,19,1150,2351,2816,2260,778,8,435,1116,1431,1392,443,11,715,1235,1385,868,335
2022,4,A,골목상권,2110296,성신여대입구역 4번,13044,7926,5118,60,2010,3119,4030,2350,1475,26,917,1816,2693,1739,735,34,1093,1303,1337,611,740
2022,4,A,골목상권,2110295,정릉우체국,2490,1166,1324,2,366,486,617,609,410,0,99,203,246,329,289,2,267,283,371,280,121
2022,4,A,골목상권,2110294,서경대학교,2549,1324,1225,1,378,447,634,629,460,0,105,193,305,381,340,1,273,254,329,248,120
2022,4,A,골목상권,2110293,삼선중학교,16035,9034,7001,63,2380,3897,5184,2868,1643,27,1059,2173,3103,1899,773,36,1321,1724,2081,969,870
2022,4,A,골목상권,2110292,정릉역 2번,1455,558,897,1,246,356,390,314,148,0,62,144,125,131,96,1,184,212,265,183,52
2022,4,A,골목상권,2110291,한성대입구역 3번,4682,2808,1874,4,513,944,1389,1258,574,2,184,541,891,836,354,2,329,403,498,422,220
2022,4,A,골목상권,2110290,북한산보국문역 1번,1034,535,499,2,104,127,218,313,270,0,28,65,110,176,156,2,76,62,108,137,114
2022,4,A,골목상권,2110289,북한산보국문역 2번,1888,951,937,0,291,395,491,441,270,0,88,179,225,255,204,0,203,216,266,186,66
2022,4,A,골목상권,2110288,동구여중,4250,2398,1852,23,496,930,1431,989,381,12,211,489,785,607,294,11,285,441,646,382,87
2022,4,A,골목상권,2110287,정릉3동주민센터,1637,1229,408,0,230,512,449,314,132,0,133,403,340,243,110,0,97,109,109,71,22
2022,4,A,골목상권,2110286,한성대입구역 5번,6385,3175,3210,20,806,1509,1805,1506,739,9,265,708,929,826,438,11,541,801,876,680,301
2022,4,A,골목상권,2110285,홍대부중,5373,2950,2423,12,1018,1547,1503,934,359,7,415,798,842,619,269,5,603,749,661,315,90
2022,4,A,골목상권,2110284,정릉북한산국립공원입구,1223,860,363,0,80,214,331,411,187,0,23,120,249,314,154,0,57,94,82,97,33
2022,4,A,골목상권,2110283,성북초등학교앞,4093,2342,1751,15,771,1263,1080,686,278,9,312,713,699,425,184,6,459,550,381,261,94
2022,4,A,골목상권,2110282,국민대학교앞,1943,1389,554,15,322,603,452,316,235,14,185,441,355,248,146,1,137,162,97,68,89
2022,4,A,골목상권,2110281,길상사,17018,13990,3028,25,2042,3972,4890,5544,545,4,1214,2904,4251,5231,386,21,828,1068,639,313,159
2022,4,A,골목상권,2110280,북정마을,14960,12846,2114,18,1405,3400,4437,5321,379,4,942,2610,3998,5030,262,14,463,790,439,291,117
2022,4,A,골목상권,2110279,신내역 2번,2047,735,1312,1,530,644,403,373,96,0,99,241,188,148,59,1,431,403,215,225,37
2022,4,A,골목상권,2110278,망우본동주민센터,2878,1577,1301,10,284,489,618,849,628,1,85,183,285,500,523,9,199,306,333,349,105
2022,4,A,골목상권,2110277,러스크서울병원,2130,1283,847,13,203,291,394,651,578,2,69,98,204,424,486,11,134,193,190,227,92
2022,4,A,골목상권,2110276,신내IC북측,607,375,232,0,44,112,142,253,56,0,25,88,107,124,31,0,19,24,35,129,25
2022,4,A,골목상권,2110275,하나은행 망우동지점,1686,1011,675,10,166,215,299,524,472,0,46,66,154,349,396,10,120,149,145,175,76
2022,4,A,골목상권,2110274,서일대학교,2030,1277,753,2,173,309,487,576,483,1,57,162,302,404,351,1,116,147,185,172,132
2022,4,A,골목상권,2110273,장스여성병원,1613,1000,613,9,132,209,298,500,465,1,34,80,150,339,396,8,98,129,148,161,69
2022,4,A,골목상권,2110272,신내1동주민센터,5843,3433,2410,7,756,1311,1295,1459,1015,6,386,660,668,911,802,1,370,651,627,548,213
2022,4,A,골목상권,2110271,신내역 1번,2658,1073,1585,5,607,752,539,616,139,1,134,318,283,257,80,4,473,434,256,359,59
2022,4,A,골목상권,2110270,혜원여고,1224,728,496,0,98,181,286,344,315,0,39,103,157,210,219,0,59,78,129,134,96
2022,4,A,골목상권,2110269,용마문화복지센터,1320,882,438,1,120,224,285,389,301,0,50,133,182,292,225,1,70,91,103,97,76
2022,4,A,골목상권,2110268,망우3동주민센터,1612,1031,581,3,203,323,368,411,304,3,130,207,213,250,228,0,73,116,155,161,76
2022,4,A,골목상권,2110267,망우역 2번,3855,2306,1549,17,545,783,816,902,792,13,310,445,442,506,590,4,235,338,374,396,202
2022,4,A,골목상권,2110266,면목동우체국,3102,1920,1182,7,322,539,733,852,649,2,104,264,432,611,507,5,218,275,301,241,142
2022,4,A,골목상권,2110265,망우역 1번,3076,1829,1247,16,364,540,716,803,637,5,170,256,354,517,527,11,194,284,362,286,110
2022,4,A,골목상권,2110264,면목역 2번,2233,1223,1010,3,236,458,534,610,392,0,80,225,279,374,265,3,156,233,255,236,127
2022,4,A,골목상권,2110263,면목역 1번,2962,1753,1209,6,445,738,846,625,302,3,244,499,441,330,236,3,201,239,405,295,66
2022,4,A,골목상권,2110262,상봉역 3번,3221,1967,1254,8,450,790,948,652,373,4,252,530,510,366,305,4,198,260,438,286,68
2022,4,A,골목상권,2110261,사가정역 4번,3127,2086,1041,5,288,460,746,997,631,4,111,243,469,761,498,1,177,217,277,236,133
2022,4,A,골목상권,2110260,면목역 3번,2514,1442,1072,3,356,591,717,548,299,0,154,393,354,299,242,3,202,198,363,249,57
2022,4,A,골목상권,2110259,사가정역 1번,3127,1865,1262,6,337,678,872,745,489,3,144,363,490,495,370,3,193,315,382,250,119
2022,4,A,골목상권,2110258,면동초등학교,2037,1206,831,5,240,437,528,494,333,1,106,255,280,307,257,4,134,182,248,187,76
2022,4,A,골목상권,2110257,상봉역 7번,2452,1607,845,11,219,403,552,647,620,10,108,220,301,442,526,1,111,183,251,205,94
2022,4,A,골목상권,2110256,면목2동체육관,3547,2122,1425,5,446,738,941,853,564,1,202,481,507,484,447,4,244,257,434,369,117
2022,4,A,골목상권,2110255,상봉역 4번,4458,2784,1674,6,479,915,1219,1023,816,1,229,569,676,643,666,5,250,346,543,380,150
2022,4,A,골목상권,2110254,오거리공원,2416,1571,845,3,191,424,659,814,325,2,79,223,410,603,254,1,112,201,249,211,71
2022,4,A,골목상권,2110253,중곡초등학교,1855,1320,535,2,153,294,471,641,294,1,81,182,321,513,222,1,72,112,150,128,72
2022,4,A,골목상권,2110252,장안제일시장,1993,1261,732,2,203,364,494,505,425,1,97,223,245,330,365,1,106,141,249,175,60
2022,4,A,골목상권,2110251,장안중학교,2262,1349,913,0,231,428,502,567,534,0,89,190,253,357,460,0,142,238,249,210,74
2022,4,A,골목상권,2110250,화랑대역 7번,1509,739,770,5,140,332,409,398,225,1,49,156,183,195,155,4,91,176,226,203,70
2022,4,A,골목상권,2110249,중화역 1번,3063,1949,1114,1,402,709,752,735,464,1,223,405,433,507,380,0,179,304,319,228,84
2022,4,A,골목상권,2110248,먹골파출소,1263,628,635,3,134,298,352,301,175,0,45,145,171,147,120,3,89,153,181,154,55
2022,4,A,골목상권,2110247,먹골역 1번,2991,1922,1069,0,398,676,750,773,394,0,207,418,446,532,319,0,191,258,304,241,75
2022,4,A,골목상권,2110246,월드순복음교회,2145,1274,871,4,193,347,472,594,535,1,63,160,269,364,417,3,130,187,203,230,118
2022,4,A,골목상권,2110245,KB국민은행 중화동지점,2037,1261,776,3,166,345,495,514,514,1,63,179,281,323,414,2,103,166,214,191,100
2022,4,A,골목상권,2110244,중화역 4번,2398,1528,870,2,356,606,575,562,297,2,209,364,342,382,229,0,147,242,233,180,68
2022,4,A,골목상권,2110243,중랑노인종합복지관,1660,977,683,2,141,271,376,485,385,1,50,133,206,282,305,1,91,138,170,203,80
2022,4,A,골목상권,2110242,면목5동주민센터,1226,796,430,1,101,187,289,334,314,0,45,120,154,211,266,1,56,67,135,123,48
2022,4,A,골목상권,2110241,먹골역 5번,2531,1611,920,1,347,608,639,667,269,1,191,387,378,452,202,0,156,221,261,215,67
2022,4,A,골목상권,2110240,태릉시장 특화거리,1145,548,597,8,174,260,261,239,203,6,84,106,113,110,129,2,90,154,148,129,74
2022,4,A,골목상권,2110239,중랑역 2번,690,313,377,5,95,118,156,155,161,2,29,46,64,73,99,3,66,72,92,82,62
2022,4,A,골목상권,2110238,배꽃어린이공원,1473,1122,351,2,227,342,337,358,207,2,157,266,243,292,162,0,70,76,94,66,45
2022,4,A,골목상권,2110237,메가박스 상봉,3560,2363,1197,12,356,778,1051,1010,353,10,168,485,723,741,236,2,188,293,328,269,117
2022,4,A,골목상권,2110236,신묵초등학교,2471,1622,849,2,350,599,613,640,267,2,195,394,387,452,192,0,155,205,226,188,75
2022,4,A,골목상권,2110235,세화어린이공원,381,210,171,6,90,59,103,71,52,5,52,33,45,38,37,1,38,26,58,33,15
2022,4,A,골목상권,2110234,중랑역 4번,3174,2317,857,12,298,719,1010,858,277,10,155,484,757,704,207,2,143,235,253,154,70
2022,4,A,골목상권,2110233,중랑역 1번,3032,2188,844,17,357,651,916,814,277,14,188,439,671,673,203,3,169,212,245,141,74
2022,4,A,골목상권,2110232,동대부고,3028,1420,1608,3,381,593,816,786,449,1,123,264,333,381,318,2,258,329,483,405,131
2022,4,A,골목상권,2110231,장안교,1741,1065,676,6,143,324,461,478,329,4,59,155,249,315,283,2,84,169,212,163,46
2022,4,A,골목상권,2110230,장안현대홈타운1차아파트,5246,2850,2396,14,898,1262,1405,1131,536,10,473,718,698,598,353,4,425,544,707,533,183
2022,4,A,골목상권,2110229,장평중학교,5475,3447,2028,11,604,1021,1167,1234,1438,7,309,620,723,769,1019,4,295,401,444,465,419
2022,4,A,골목상권,2110228,장안근린공원,6839,3589,3250,54,2007,1290,1365,1326,797,32,1034,727,628,629,539,22,973,563,737,697,258
2022,4,A,골목상권,2110227,답십리공원,4470,2551,1919,49,1629,777,743,784,488,30,929,507,422,364,299,19,700,270,321,420,189
2022,4,A,골목상권,2110226,장안1동주민센터,6971,3871,3100,22,858,1351,1602,1672,1466,17,403,767,886,926,872,5,455,584,716,746,594
2022,4,A,골목상권,2110225,촬영소사거리,2931,1595,1336,12,223,386,587,760,963,9,107,227,365,390,497,3,116,159,222,370,466
2022,4,A,골목상권,2110224,외대앞역 2번,1398,804,594,3,138,261,402,359,235,1,53,146,243,245,116,2,85,115,159,114,119
2022,4,A,골목상권,2110223,군자초등학교,6674,4353,2321,43,1459,1676,1307,1058,1131,11,711,1129,908,704,890,32,748,547,399,354,241
2022,4,A,골목상권,2110222,회기역 2번,2392,1179,1213,2,403,501,609,625,252,0,104,257,343,339,136,2,299,244,266,286,116
2022,4,A,골목상권,2110221,의릉,1144,696,448,3,127,310,315,263,126,0,43,194,185,173,101,3,84,116,130,90,25
2022,4,A,골목상권,2110220,외대앞역 1번,3641,1571,2070,2,688,923,946,679,403,1,133,336,444,404,253,1,555,587,502,275,150
2022,4,A,골목상권,2110219,삼육보건대학교,4450,2371,2079,4,582,896,1094,1128,746,2,182,417,615,657,498,2,400,479,479,471,248
2022,4,A,골목상권,2110218,답십리사거리,1435,853,582,7,165,299,369,350,245,5,66,165,204,224,189,2,99,134,165,126,56
2022,4,A,골목상권,2110217,자동차부품상가,6813,4504,2309,26,1478,1623,1457,1223,1006,21,859,1143,968,768,745,5,619,480,489,455,261
2022,4,A,골목상권,2110216,전농중학교,2153,1119,1034,3,263,476,586,555,270,1,114,236,297,296,175,2,149,240,289,259,95
2022,4,A,골목상권,2110215,회기역 1번,2459,902,1557,4,638,776,558,322,161,1,126,278,223,148,126,3,512,498,335,174,35
2022,4,A,골목상권,2110214,경희대후문,3292,1434,1858,1,689,917,862,572,251,1,134,332,426,346,195,0,555,585,436,226,56
2022,4,A,골목상권,2110213,청량초등학교,2169,702,1467,0,592,722,494,250,111,0,101,237,187,96,81,0,491,485,307,154,30
2022,4,A,골목상권,2110212,답십리초등학교,6736,3585,3151,26,1187,1542,1846,1660,475,22,887,1141,773,457,305,4,300,401,1073,1203,170
2022,4,A,골목상권,2110211,전곡마을마당공원,2826,1580,1246,4,375,594,732,764,357,1,152,275,439,468,245,3,223,319,293,296,112
2022,4,A,골목상권,2110210,서울시립대,3076,1537,1539,7,419,611,663,709,667,4,126,242,352,377,436,3,293,369,311,332,231
2022,4,A,골목상권,2110209,답십리 장령당공원,4354,2000,2354,4,640,954,1230,1197,329,1,470,685,419,202,223,3,170,269,811,995,106
2022,4,A,골목상권,2110208,시조사삼거리,2384,1294,1090,4,388,710,460,463,359,3,155,452,245,252,187,1,233,258,215,211,172
2022,4,A,골목상권,2110207,시립대앞사거리,2645,1363,1282,3,363,557,634,682,406,1,117,229,344,396,276,2,246,328,290,286,130
2022,4,A,골목상권,2110206,텃골근린공원,1284,744,540,2,151,241,347,340,203,1,84,134,221,207,97,1,67,107,126,133,106
2022,4,A,골목상권,2110205,경희대삼거리,3822,2069,1753,6,701,1290,710,636,479,4,281,760,405,362,257,2,420,530,305,274,222
2022,4,A,골목상권,2110204,간데메공원,1794,1235,559,6,298,435,450,379,226,3,196,277,304,275,180,3,102,158,146,104,46
2022,4,A,골목상권,2110203,떡전교사거리,1943,858,1085,2,261,350,385,429,516,2,79,140,162,190,285,0,182,210,223,239,231
2022,4,A,골목상권,2110202,전농1동주민센터(전농시장),593,343,250,0,76,107,147,149,114,0,49,61,93,85,55,0,27,46,54,64,59
2022,4,A,골목상권,2110201,전농119안전센터,825,530,295,0,102,158,244,182,139,0,68,101,168,117,76,0,34,57,76,65,63
2022,4,A,골목상권,2110200,동대문경찰서,1083,572,511,0,119,177,222,305,260,0,60,86,111,138,177,0,59,91,111,167,83
2022,4,A,골목상권,2110199,홍릉시장,1158,621,537,0,99,193,238,354,274,0,46,95,119,165,196,0,53,98,119,189,78
2022,4,A,골목상권,2110198,동대문중앙새마을금고본점,688,361,327,0,52,89,135,214,198,0,23,47,72,99,120,0,29,42,63,115,78
2022,4,A,골목상권,2110197,세종대왕기념관교차로,2510,1548,962,3,426,731,600,539,211,2,154,376,417,419,180,1,272,355,183,120,31
2022,4,A,골목상권,2110196,홍릉근린공원,1047,653,394,1,93,198,337,285,133,1,37,93,216,188,118,0,56,105,121,97,15
2022,4,A,골목상권,2110195,동대문구청,4287,2125,2162,6,481,906,1023,1183,688,3,186,393,469,674,400,3,295,513,554,509,288
2022,4,A,골목상권,2110194,홍파초등학교,1798,1085,713,2,140,330,522,522,282,1,84,184,314,291,211,1,56,146,208,231,71
2022,4,A,골목상권,2110193,고려대역 4번,1232,835,397,1,79,208,403,369,172,1,35,113,259,283,144,0,44,95,144,86,28
2022,4,A,골목상권,2110192,동의보감타워,5324,3233,2091,17,756,1316,1285,1303,647,8,482,802,763,820,358,9,274,514,522,483,289
2022,4,A,골목상권,2110191,고려대역 6번,1157,702,455,2,78,202,355,318,202,1,38,103,203,201,156,1,40,99,152,117,46
2022,4,A,골목상권,2110190,고대앞사거리,3236,1724,1512,5,469,907,933,626,296,2,192,462,500,367,201,3,277,445,433,259,95
2022,4,A,골목상권,2110189,제기동역 1번,6727,4533,2194,21,1156,1875,1505,1131,1039,8,647,1270,1059,767,782,13,509,605,446,364,257
2022,4,A,골목상권,2110188,용두동신동아아파트,9251,6800,2451,57,1038,1991,2191,2660,1314,37,705,1428,1679,1971,980,20,333,563,512,689,334
2022,4,A,골목상권,2110187,제기동역 6번,7263,4732,2531,20,1249,2025,1616,1231,1122,8,662,1282,1102,844,834,12,587,743,514,387,288
2022,4,A,골목상권,2110186,종암초등학교,3678,2369,1309,3,481,1024,1038,724,408,0,199,624,702,506,338,3,282,400,336,218,70
2022,4,A,골목상권,2110185,용두초등학교,9216,4802,4414,9,826,2131,2857,2357,1036,3,373,1210,1418,1091,707,6,453,921,1439,1266,329
2022,4,A,골목상권,2110184,용두사거리,7078,2654,4424,6,1108,1663,1364,1642,1295,2,332,723,563,452,582,4,776,940,801,1190,713
2022,4,A,골목상권,2110183,한국의류시험연구원,6586,2490,4096,5,1038,1511,1273,1514,1245,1,321,694,532,384,558,4,717,817,741,1130,687
2022,4,A,골목상권,2110182,용두희망어린이공원,8150,3848,4302,10,1180,1780,1735,2093,1352,4,438,992,944,839,631,6,742,788,791,1254,721
2022,4,A,골목상권,2110181,신설동역 9번,13079,7138,5941,34,1192,2706,3581,3279,2287,18,594,1610,1908,1605,1403,16,598,1096,1673,1674,884
2022,4,A,골목상권,2110180,광진정보도서관,9548,6222,3326,19,2321,3104,2006,1368,730,5,1187,2103,1425,958,544,14,1134,1001,581,410,186
2022,4,A,골목상권,2110179,광나루역 1번,6574,3993,2581,161,2344,1211,1143,1171,544,51,1118,831,807,821,365,110,1226,380,336,350,179
2022,4,A,골목상권,2110178,장로회신학대학교,2969,2050,919,2,411,751,730,698,377,0,227,542,543,493,245,2,184,209,187,205,132
2022,4,A,골목상권,2110177,동의초등학교,1459,779,680,1,169,274,393,406,216,0,61,146,213,214,145,1,108,128,180,192,71
2022,4,A,골목상권,2110176,해오름공원,4046,2107,1939,5,730,888,1169,939,315,2,195,417,665,579,249,3,535,471,504,360,66
2022,4,A,골목상권,2110175,푸른동산공원,9538,5255,4283,11,988,1818,2356,2694,1671,5,574,1201,1457,1185,833,6,414,617,899,1509,838
2022,4,A,골목상권,2110174,아차산역 1번,3794,2279,1515,7,421,721,1109,1004,532,3,189,430,702,589,366,4,232,291,407,415,166
2022,4,A,골목상권,2110173,구남초등학교,11730,6787,4943,24,1163,2242,2831,3303,2167,9,628,1467,1814,1629,1240,15,535,775,1017,1674,927
2022,4,A,골목상권,2110172,광진초등학교,3672,2114,1558,57,568,731,843,922,551,25,284,392,475,537,401,32,284,339,368,385,150
2022,4,A,골목상권,2110171,중곡4동주민센터,3077,1296,1781,4,590,757,782,700,244,2,117,276,348,364,189,2,473,481,434,336,55
2022,4,A,골목상권,2110170,동대부여고,6257,3117,3140,5,456,1045,1777,2129,845,2,193,556,964,908,494,3,263,489,813,1221,351
2022,4,A,골목상권,2110169,성동초등학교,6765,4291,2474,18,675,1492,1785,1727,1068,4,365,915,1130,1071,806,14,310,577,655,656,262
2022,4,A,골목상권,2110168,대원고등학교,2238,1319,919,4,229,483,556,618,348,2,102,238,295,395,287,2,127,245,261,223,61
2022,4,A,골목상권,2110167,용마초등학교,4509,2630,1879,12,580,923,1177,1052,765,4,313,546,644,575,548,8,267,377,533,477,217
2022,4,A,골목상권,2110166,구의1동주민센터,15219,11430,3789,17,1059,2485,4251,5895,1512,12,537,1532,3205,4890,1254,5,522,953,1046,1005,258
2022,4,A,골목상권,2110165,국립정신건강센터,2585,1477,1108,3,244,534,684,699,421,0,94,256,352,434,341,3,150,278,332,265,80
2022,4,A,골목상권,2110164,아차산역 5번,2694,1609,1085,7,347,531,659,642,508,2,169,304,401,359,374,5,178,227,258,283,134
2022,4,A,골목상권,2110163,성자초등학교,3129,1834,1295,13,357,640,850,913,356,9,224,372,481,482,266,4,133,268,369,431,90
2022,4,A,골목상권,2110162,군자역 4번,3924,2332,1592,15,598,853,977,809,672,8,340,511,565,435,473,7,258,342,412,374,199
2022,4,A,골목상권,2110161,중곡역 3번,2364,1591,773,7,197,379,569,778,434,2,89,224,353,586,337,5,108,155,216,192,97
2022,4,A,골목상권,2110160,광진경찰서,2323,1406,917,4,347,648,636,516,172,1,194,397,354,334,126,3,153,251,282,182,46
2022,4,A,골목상권,2110159,구의역 4번,15886,11761,4125,20,1195,2502,4360,6044,1765,14,552,1526,3278,4933,1458,6,643,976,1082,1111,307
2022,4,A,골목상권,2110158,중곡3동주민센터,2903,2098,805,5,253,521,703,934,487,1,136,358,470,736,397,4,117,163,233,198,90
2022,4,A,골목상권,2110157,자양동우체국,2103,1420,683,14,451,461,501,450,226,10,346,329,303,259,173,4,105,132,198,191,53
2022,4,A,골목상권,2110156,군자역 5번,3797,2348,1449,10,541,828,936,817,665,6,297,488,572,478,507,4,244,340,364,339,158
2022,4,A,골목상권,2110155,광진구청,13911,10903,3008,14,1009,2223,3822,5359,1484,12,536,1458,2986,4650,1261,2,473,765,836,709,223
2022,4,A,골목상권,2110154,광진정말공원,2494,1436,1058,7,351,455,604,640,437,5,171,260,316,357,327,2,180,195,288,283,110
2022,4,A,골목상권,2110153,중곡1동주민센터,5211,2445,2766,82,1436,912,1081,1176,524,28,644,492,513,422,346,54,792,420,568,754,178
2022,4,A,골목상권,2110152,중곡어린이공원,2482,1526,956,49,471,549,517,545,351,6,194,337,328,368,293,43,277,212,189,177,58
2022,4,A,골목상권,2110151,자양한강도서관,2520,1817,703,15,490,505,614,608,288,11,373,369,422,418,224,4,117,136,192,190,64
2022,4,A,골목상권,2110150,중곡1동 마을마당,5928,2959,2969,84,1503,1158,1196,1359,628,30,654,632,616,572,455,54,849,526,580,787,173
2022,4,A,골목상권,2110149,세종대학교,1090,593,497,0,153,295,256,226,160,0,69,164,150,110,100,0,84,131,106,116,60
2022,4,A,골목상권,2110148,어린이대공원역 3번,1449,1013,436,2,138,200,381,498,230,0,66,128,264,363,192,2,72,72,117,135,38
2022,4,A,골목상권,2110147,능동우편취급국,5319,2666,2653,35,1292,1071,1074,1227,620,22,621,624,558,446,395,13,671,447,516,781,225
2022,4,A,골목상권,2110146,신자초등학교,3030,2209,821,8,345,709,894,809,265,3,232,532,652,588,202,5,113,177,242,221,63
2022,4,A,골목상권,2110145,장안초등학교,913,444,469,0,95,163,182,275,198,0,30,77,88,131,118,0,65,86,94,144,80
2022,4,A,골목상권,2110144,어린이대공원역 4번,1995,1266,729,2,200,302,497,650,344,0,76,165,320,437,268,2,124,137,177,213,76
2022,4,A,골목상권,2110143,뚝섬유원지역 1번,1854,1500,354,4,199,512,536,442,161,1,151,418,445,358,127,3,48,94,91,84,34
2022,4,A,골목상권,2110142,화양사거리,4124,2353,1771,5,665,1024,1057,859,514,2,309,600,651,427,364,3,356,424,406,432,150
2022,4,A,골목상권,2110141,건대입구역 1번,3299,2189,1110,13,442,738,841,702,563,6,231,484,570,459,439,7,211,254,271,243,124
2022,4,A,골목상권,2110140,건대입구역 6번,5095,3245,1850,28,632,1049,1230,1212,944,21,284,628,783,815,714,7,348,421,447,397,230
2022,4,A,골목상권,2110139,자양4동주민센터,3041,2288,753,62,487,732,735,671,354,28,320,558,574,520,288,34,167,174,161,151,66
2022,4,A,골목상권,2110138,송정체육공원,4312,2537,1775,2,725,1148,1094,805,538,0,350,692,688,425,382,2,375,456,406,380,156
2022,4,A,골목상권,2110137,성수초등학교,15849,10295,5554,64,2391,4011,4214,3217,1952,49,1240,2613,2806,2104,1483,15,1151,1398,1408,1113,469
2022,4,A,골목상권,2110136,경수초등학교,19912,12290,7622,134,4030,5003,4511,3778,2456,78,1986,3201,2930,2315,1780,56,2044,1802,1581,1463,676
2022,4,A,골목상권,2110135,성동세무서,7155,4565,2590,12,1071,1813,1835,1515,909,5,579,1158,1197,926,700,7,492,655,638,589,209
2022,4,A,골목상권,2110134,성수119안전센터,4792,3359,1433,79,805,1245,1218,959,486,39,481,883,888,682,386,40,324,362,330,277,100
2022,4,A,골목상권,2110133,서울교통공사,6588,4563,2025,50,1729,1852,1274,965,718,21,996,1339,950,679,578,29,733,513,324,286,140
2022,4,A,골목상권,2110132,성수2가3동주민센터,4528,2778,1750,14,563,1101,1102,1022,726,11,282,667,706,642,470,3,281,434,396,380,256
2022,4,A,골목상권,2110131,성수동카페거리,18863,11455,7408,84,3960,5083,4195,3250,2291,51,1964,3230,2724,1930,1556,33,1996,1853,1471,1320,735
2022,4,A,골목상권,2110130,답십리역 6번,5783,2708,3075,6,834,1254,1641,1495,553,2,564,856,606,323,357,4,270,398,1035,1172,196
2022,4,A,골목상권,2110129,성원어린이공원,5831,3754,2077,21,932,1339,1290,1152,1097,16,543,871,862,738,724,5,389,468,428,414,373
2022,4,A,골목상권,2110128,성원중학교,5913,4100,1813,24,740,1417,1504,1425,803,13,428,1018,1078,1009,554,11,312,399,426,416,249
2022,4,A,골목상권,2110127,성수1가1동주민센터,5851,3818,2033,21,1131,1850,1426,919,504,11,621,1230,924,626,406,10,510,620,502,293,98
2022,4,A,골목상권,2110126,서울숲역 1번,4957,3278,1679,19,954,1230,1086,892,776,12,568,830,689,609,570,7,386,400,397,283,206
2022,4,A,골목상권,2110125,사근동살곶이상점가,2512,1782,730,2,144,443,815,743,365,2,54,289,563,579,295,0,90,154,252,164,70
2022,4,A,골목상권,2110124,뚝섬역교차로,3140,2236,904,14,450,585,706,728,657,12,229,380,469,568,578,2,221,205,237,160,79
2022,4,A,골목상권,2110123,마장역 3번,1661,1034,627,1,198,311,408,441,302,1,95,185,241,285,227,0,103,126,167,156,75
2022,4,A,골목상권,2110122,마장역 2번,1517,1003,514,1,159,243,355,441,318,1,89,160,221,294,238,0,70,83,134,147,80
2022,4,A,골목상권,2110121,한양대역 4번,2434,1709,725,0,128,423,780,733,370,0,43,274,532,559,301,0,85,149,248,174,69
2022,4,A,골목상권,2110120,서울숲카페거리,1582,1046,536,5,184,292,370,390,341,4,93,172,212,275,290,1,91,120,158,115,51
2022,4,A,골목상권,2110119,마장지하차도,2657,987,1670,3,257,346,556,850,645,1,141,190,234,227,194,2,116,156,322,623,451
2022,4,A,골목상권,2110118,왕십리역 9번,2693,1327,1366,12,554,698,635,510,284,2,170,310,345,292,208,10,384,388,290,218,76
2022,4,A,골목상권,2110117,성동구보건소,3376,1242,2134,9,551,497,662,965,692,2,191,247,299,296,207,7,360,250,363,669,485
2022,4,A,골목상권,2110116,청계천박물관,8711,5833,2878,46,804,1715,2072,2820,1254,33,442,1069,1395,1994,900,13,362,646,677,826,354
2022,4,A,골목상권,2110115,상왕십리역 3번,5567,2521,3046,19,895,982,1144,1447,1080,4,303,543,630,605,436,15,592,439,514,842,644
2022,4,A,골목상권,2110114,왕십리파출소,2943,1055,1888,16,538,508,588,804,489,3,198,277,289,197,91,13,340,231,299,607,398
2022,4,A,골목상권,2110113,응봉산,2383,905,1478,16,296,761,960,256,94,0,90,252,389,108,66,16,206,509,571,148,28
2022,4,A,골목상권,2110112,행당역 2번,1515,781,734,1,187,321,403,404,199,0,71,141,204,221,144,1,116,180,199,183,55
2022,4,A,골목상권,2110111,대현산장미원,336,200,136,1,46,57,83,78,71,0,15,28,41,53,63,1,31,29,42,25,8
2022,4,A,골목상권,2110110,상왕십리역 6번,2892,1693,1199,14,435,651,657,653,482,5,147,368,443,432,298,9,288,283,214,221,184
2022,4,A,골목상권,2110109,금호삼성래미안아파트,2707,1162,1545,17,330,830,1057,350,123,1,119,302,464,178,98,16,211,528,593,172,25
2022,4,A,골목상권,2110108,성동구립금호도서관,272,128,144,0,32,55,72,79,34,0,14,29,30,29,26,0,18,26,42,50,8
2022,4,A,골목상권,2110107,금호사거리,2741,1185,1556,16,316,815,1029,373,192,1,105,276,444,211,148,15,211,539,585,162,44
2022,4,A,골목상권,2110106,금북초등학교,682,416,266,1,112,193,201,134,41,1,66,107,128,85,29,0,46,86,73,49,12
2022,4,A,골목상권,2110105,금동어린이공원,3124,1300,1824,16,371,929,1129,449,230,1,117,326,480,214,162,15,254,603,649,235,68
2022,4,A,골목상권,2110104,신금호역 4번,1550,885,665,2,200,375,389,317,267,2,69,194,228,192,200,0,131,181,161,125,67
2022,4,A,골목상권,2110103,옥수터널,652,341,311,1,61,162,188,182,58,0,22,73,103,102,41,1,39,89,85,80,17
2022,4,A,골목상권,2110102,옥수역 6번,4523,1702,2821,5,1162,1330,1014,721,291,0,285,464,469,333,151,5,877,866,545,388,140
2022,4,A,골목상권,2110101,옥정중학교,11800,7925,3875,10,1772,3747,3394,2453,424,5,571,2350,2657,2066,276,5,1201,1397,737,387,148
2022,4,A,골목상권,2110100,옥수동우편취급국,8356,6820,1536,8,785,2676,2652,2008,227,4,361,2018,2357,1893,187,4,424,658,295,115,40
2022,4,A,골목상권,2110099,유엔빌리지길,22417,18045,4372,50,2713,5729,6376,6735,814,38,1345,4185,5513,6284,680,12,1368,1544,863,451,134
2022,4,A,골목상권,2110098,서울독일학교,22179,18008,4171,40,2712,5547,6234,6685,961,31,1363,4085,5433,6273,823,9,1349,1462,801,412,138
2022,4,A,골목상권,2110097,한남초등학교,7826,5468,2358,14,1401,2935,1774,1222,480,7,711,1893,1374,1079,404,7,690,1042,400,143,76
2022,4,A,골목상권,2110096,한남힐사이드아파트,8734,5560,3174,9,1774,3226,2049,1383,293,6,757,1958,1477,1118,244,3,1017,1268,572,265,49
2022,4,A,골목상권,2110095,한강진역 3번,16261,10270,5991,51,3557,5623,3802,2391,837,29,1573,3350,2741,1953,624,22,1984,2273,1061,438,213
2022,4,A,골목상권,2110094,오산중학교,475,243,232,0,38,115,148,115,59,0,11,56,70,66,40,0,27,59,78,49,19
2022,4,A,골목상권,2110093,우사단길,9702,6097,3605,43,1853,3128,2442,1391,845,25,761,1853,1780,1071,607,18,1092,1275,662,320,238
2022,4,A,골목상권,2110092,NH농협은행 보광동지점,4109,2859,1250,31,584,1186,1179,823,306,21,305,795,876,631,231,10,279,391,303,192,75
2022,4,A,골목상권,2110091,리움미술관,7513,4522,2991,24,1801,2643,1844,904,297,15,749,1458,1336,748,216,9,1052,1185,508,156,81
2022,4,A,골목상권,2110090,한국폴리텍대학서울정수캠퍼스,8083,4908,3175,18,1242,2436,2730,1210,447,8,540,1218,1919,926,297,10,702,1218,811,284,150
2022,4,A,골목상권,2110089,서빙고동주민센터,2543,1491,1052,2,350,655,776,449,311,0,109,359,499,312,212,2,241,296,277,137,99
2022,4,A,골목상권,2110088,오산고등학교,10165,6137,4028,22,1462,3094,3318,1687,582,10,653,1517,2260,1276,421,12,809,1577,1058,411,161
2022,4,A,골목상권,2110087,이태원엔틱가구거리,6439,3688,2751,31,1233,1753,1633,1215,574,18,527,948,988,811,396,13,706,805,645,404,178
2022,4,A,골목상권,2110086,이태원역 북측,18101,8842,9259,50,4925,6856,3887,1818,565,27,1453,3140,2391,1403,428,23,3472,3716,1496,415,137
2022,4,A,골목상권,2110085,경리단길남측,13583,6464,7119,26,4020,5279,2796,1133,329,12,1128,2390,1742,930,262,14,2892,2889,1054,203,67
2022,4,A,골목상권,2110084,경리단길북측,2575,1428,1147,8,511,741,625,464,226,5,222,375,345,310,171,3,289,366,280,154,55
2022,4,A,골목상권,2110083,서빙고역 1번,7782,5014,2768,20,1542,2118,1985,1422,695,7,687,1379,1388,1051,502,13,855,739,597,371,193
2022,4,A,골목상권,2110082,용산구청,5502,3128,2374,31,1057,1491,1412,1063,448,18,466,777,844,718,305,13,591,714,568,345,143
2022,4,A,골목상권,2110081,해방촌 남동측,2277,1520,757,0,210,420,747,723,177,0,84,238,543,529,126,0,126,182,204,194,51
2022,4,A,골목상권,2110080,해방촌예술마을,2607,1687,920,3,326,485,828,763,202,3,119,277,599,550,139,0,207,208,229,213,63
2022,4,A,골목상권,2110079,후암동주민센터,26370,18974,7396,29,4638,9384,6904,3904,1511,17,2634,6434,5604,3182,1103,12,2004,2950,1300,722,408
2022,4,A,골목상권,2110078,이촌동점보아파트,4837,3011,1826,17,786,1296,1215,1059,464,3,411,785,813,678,321,14,375,511,402,381,143
2022,4,A,골목상권,2110077,삼광초등학교,10904,3587,7317,161,6225,1915,1250,982,371,16,681,930,949,744,267,145,5544,985,301,238,104
2022,4,A,골목상권,2110076,삼각지역 14번,6002,4060,1942,4,649,1637,1939,1419,354,4,356,1043,1439,994,224,0,293,594,500,425,130
2022,4,A,골목상권,2110075,숙대입구역 1번,16585,6297,10288,168,7307,3895,2570,1725,920,17,977,1713,1667,1230,693,151,6330,2182,903,495,227
2022,4,A,골목상권,2110074,서울역 12번,36080,21404,14676,180,11191,11602,7333,3938,1836,24,3411,7449,5868,3241,1411,156,7780,4153,1465,697,425
2022,4,A,골목상권,2110073,삼각지역 3번,24882,9347,15535,123,6255,8074,6887,2839,704,50,2240,2899,2427,1321,410,73,4015,5175,4460,1518,294
2022,4,A,골목상권,2110072,열정도,4551,3239,1312,28,750,1138,1119,932,584,11,409,807,866,718,428,17,341,331,253,214,156
2022,4,A,골목상권,2110071,한강미주맨션아파트,8064,4602,3462,40,1013,1799,2828,1862,522,31,446,1073,1552,1149,351,9,567,726,1276,713,171
2022,4,A,골목상권,2110070,용산세무서,7939,5013,2926,7,817,1787,2969,1915,444,0,510,1163,1775,1265,300,7,307,624,1194,650,144
2022,4,A,골목상권,2110069,숙대입구,8595,4893,3702,31,1607,2846,2045,1332,734,14,680,1474,1258,921,546,17,927,1372,787,411,188
2022,4,A,골목상권,2110068,남영역 1번,10534,7108,3426,48,1834,3359,2754,1651,888,21,965,2182,2055,1256,629,27,869,1177,699,395,259
2022,4,A,골목상권,2110067,배문고등학교,8614,4267,4347,14,1830,2555,1776,1409,1030,5,506,1119,947,892,798,9,1324,1436,829,517,232
2022,4,A,골목상권,2110066,서울역 15번,4687,2417,2270,10,918,1376,996,759,628,5,306,619,554,459,474,5,612,757,442,300,154
2022,4,A,골목상권,2110065,남정초등학교,3515,2475,1040,20,568,1031,937,561,398,16,362,771,668,380,278,4,206,260,269,181,120
2022,4,A,골목상권,2110064,효창공원앞역 2번,4350,2663,1687,18,593,1122,1112,971,534,16,308,706,691,592,350,2,285,416,421,379,184
2022,4,A,골목상권,2110063,효창공원앞역 5번,6102,4294,1808,25,915,1808,1707,985,662,18,553,1315,1239,686,483,7,362,493,468,299,179
2022,4,A,골목상권,2110062,한강로동땡땡거리(은행나무길),9571,5392,4179,16,1072,2335,3099,2183,866,8,465,1231,1677,1434,577,8,607,1104,1422,749,289
2022,4,A,골목상권,2110061,효창동주민센터,5974,4267,1707,8,974,1567,1609,1209,607,5,555,1149,1205,870,483,3,419,418,404,339,124
2022,4,A,골목상권,2110060,효창공원앞역 6번,7211,4881,2330,24,1280,1934,1960,1421,592,14,694,1365,1393,983,432,10,586,569,567,438,160
2022,4,A,골목상권,2110059,새남터성지,3196,2152,1044,11,491,853,906,661,274,4,251,549,683,496,169,7,240,304,223,165,105
2022,4,A,골목상권,2110058,성심여자고등학교,8454,6100,2354,32,1374,2650,2295,1464,639,15,784,1877,1770,1151,503,17,590,773,525,313,136
2022,4,A,골목상권,2110057,황학코아루아파트,2115,1166,949,5,348,575,548,400,239,4,168,319,277,224,174,1,180,256,271,176,65
2022,4,A,골목상권,2110056,신당역 3번,2900,1536,1364,6,461,783,704,555,391,6,194,381,370,312,273,0,267,402,334,243,118
2022,4,A,골목상권,2110055,황학동벼룩시장,3042,1645,1397,31,928,652,595,540,296,16,396,333,352,341,207,15,532,319,243,199,89
2022,4,A,골목상권,2110054,청구역 3번,6203,3266,2937,16,1195,1620,1307,1234,831,5,421,870,771,692,507,11,774,750,536,542,324
2022,4,A,골목상권,2110053,청구역 1번,5383,2899,2484,5,738,1322,1461,1441,416,3,252,661,814,897,272,2,486,661,647,544,144
2022,4,A,골목상권,2110052,장충초등학교,7627,3969,3658,11,1405,1921,1775,1673,842,5,467,944,1013,991,549,6,938,977,762,682,293
2022,4,A,골목상권,2110051,한양공고앞 교차로,2894,1689,1205,9,423,659,731,768,304,2,166,416,454,460,191,7,257,243,277,308,113
2022,4,A,골목상권,2110050,약수역 7번,2303,1220,1083,4,318,559,563,524,335,2,120,279,330,287,202,2,198,280,233,237,133
2022,4,A,골목상권,2110049,장충단 고개,9962,5298,4664,25,2025,2831,2379,1819,883,6,630,1517,1462,1121,562,19,1395,1314,917,698,321
2022,4,A,골목상권,2110048,장충동주민센터,12882,7150,5732,36,2260,3570,3462,2641,913,5,823,2090,2108,1542,582,31,1437,1480,1354,1099,331
2022,4,A,골목상권,2110047,다산성곽길,7406,4104,3302,14,1449,2072,1776,1474,621,5,541,1110,1076,922,450,9,908,962,700,552,171
2022,4,A,골목상권,2110046,버티고개,2995,2024,971,3,392,1047,775,588,190,0,206,761,566,361,130,3,186,286,209,227,60
2022,4,A,골목상권,2110045,동대문역사문화공원역 5번,45426,22509,22917,475,13488,12026,9657,7085,2695,195,6425,7176,5520,2395,798,280,7063,4850,4137,4690,1897
2022,4,A,골목상권,2110044,관성묘,36669,17055,19614,451,12150,9596,7053,5156,2263,190,5706,5492,3828,1296,543,261,6444,4104,3225,3860,1720
2022,4,A,골목상권,2110043,충무초등학교,9197,5407,3790,49,1867,2374,2374,1584,949,20,680,1347,1582,1097,681,29,1187,1027,792,487,268
2022,4,A,골목상권,2110042,남산골공원옆,4783,2763,2020,11,548,1077,1518,1120,509,6,247,608,805,744,353,5,301,469,713,376,156
2022,4,A,골목상권,2110041,남산케이블카,21568,10294,11274,69,3089,6767,7028,3730,885,11,993,2989,3094,2693,514,58,2096,3778,3934,1037,371
2022,4,A,골목상권,2110040,중구회현체육센터(정화예술대남산캠퍼스),20399,10001,10398,71,2999,6554,6631,3424,720,11,1015,3003,2933,2577,462,60,1984,3551,3698,847,258
2022,4,A,골목상권,2110039,회현역 1번,24398,12113,12285,135,4567,7678,7350,3971,697,40,1630,3709,3600,2764,370,95,2937,3969,3750,1207,327
2022,4,A,골목상권,2110038,경향신문사,15409,10083,5326,19,2255,4993,5034,2645,463,6,981,3062,3573,2121,340,13,1274,1931,1461,524,123
2022,4,A,골목상권,2110037,신설동역 12번,7347,2905,4442,9,755,1126,1345,1957,2155,0,225,508,614,556,1002,9,530,618,731,1401,1153
2022,4,A,골목상권,2110036,동묘앞역 3번,3249,1861,1388,19,475,515,668,726,846,17,215,271,402,447,509,2,260,244,266,279,337
2022,4,A,골목상권,2110035,동묘앞역 2번,4636,2328,2308,6,352,596,971,1056,1655,0,113,271,430,502,1012,6,239,325,541,554,643
2022,4,A,골목상권,2110034,창신1동주민센터,2610,1275,1335,10,415,553,683,590,359,8,137,246,296,337,251,2,278,307,387,253,108
2022,4,A,골목상권,2110033,창신역 4번,2086,1235,851,4,175,269,339,403,896,0,57,132,185,230,631,4,118,137,154,173,265
2022,4,A,골목상권,2110032,수족관거리,2064,916,1148,8,347,439,559,454,257,7,106,176,201,239,187,1,241,263,358,215,70
2022,4,A,골목상권,2110031,창신역 1번,554,273,281,2,68,132,136,143,73,0,19,63,68,75,48,2,49,69,68,68,25
2022,4,A,골목상권,2110030,동대문역 3번,1437,615,822,0,146,262,447,335,247,0,43,97,144,155,176,0,103,165,303,180,71
2022,4,A,골목상권,2110029,동대문역 1번,3350,1894,1456,6,441,722,813,826,542,1,200,416,458,485,334,5,241,306,355,341,208
2022,4,A,골목상권,2110028,이화달팽이길,4133,2258,1875,7,726,1068,988,821,523,3,249,525,580,528,373,4,477,543,408,293,150
2022,4,A,골목상권,2110027,혜화역 1번,3993,2014,1979,11,605,968,1059,834,516,5,166,385,563,521,374,6,439,583,496,313,142
2022,4,A,골목상권,2110026,종로5가역 4번,3517,2041,1476,9,541,863,909,740,455,2,244,478,511,470,336,7,297,385,398,270,119
2022,4,A,골목상권,2110025,충신시장옆,9964,6665,3299,17,1748,3097,2714,1736,652,3,767,1987,2027,1429,452,14,981,1110,687,307,200
2022,4,A,골목상권,2110024,혜회동주민센터,5949,2844,3105,28,785,1351,1599,1359,827,17,260,582,786,715,484,11,525,769,813,644,343
2022,4,A,골목상권,2110023,서울대병원,7046,4607,2439,14,1274,2467,1898,965,428,3,575,1567,1454,734,274,11,699,900,444,231,154
2022,4,A,골목상권,2110022,경신고등학교,6493,3007,3486,27,1025,1774,1632,1264,771,19,359,839,781,598,411,8,666,935,851,666,360
2022,4,A,골목상권,2110021,성균관대학교,2385,1261,1124,15,389,557,545,470,409,11,136,240,309,293,272,4,253,317,236,177,137
2022,4,A,골목상권,2110020,서울국제고등학교,4389,2090,2299,18,726,1142,1008,872,623,13,270,579,552,374,302,5,456,563,456,498,321
2022,4,A,골목상권,2110019,창덕궁,16561,12644,3917,19,2000,5478,4941,3044,1079,7,1164,4119,3999,2516,839,12,836,1359,942,528,240
2022,4,A,골목상권,2110018,중앙고등학교,16741,12521,4220,12,1870,5599,5144,3145,971,6,988,4073,4101,2594,759,6,882,1526,1043,551,212
2022,4,A,골목상권,2110017,정독도서관,10619,8299,2320,2,1386,2982,3397,2250,602,1,919,2227,2808,1858,486,1,467,755,589,392,116
2022,4,A,골목상권,2110016,평창동동측,13795,6588,7207,21,1223,3779,5325,2832,615,10,508,1634,2776,1313,347,11,715,2145,2549,1519,268
2022,4,A,골목상권,2110015,청와대사랑채,6739,4876,1863,37,1083,2014,2132,1170,303,0,655,1432,1686,873,230,37,428,582,446,297,73
2022,4,A,골목상권,2110014,경복고등학교,6312,4486,1826,39,965,1807,2046,1188,267,2,591,1278,1554,867,194,37,374,529,492,321,73
2022,4,A,골목상권,2110013,체부동홍종문가옥,4511,2162,2349,10,616,877,891,1177,940,2,339,523,470,400,428,8,277,354,421,777,512
2022,4,A,골목상권,2110012,성곡미술관,35398,22897,12501,54,4673,9851,10005,7082,3733,14,2168,6479,7283,4722,2231,40,2505,3372,2722,2360,1502
2022,4,A,골목상권,2110011,청운초등학교,1903,814,1089,13,319,483,443,349,296,2,65,197,199,163,188,11,254,286,244,186,108
2022,4,A,골목상권,2110010,평창동서측,10085,5515,4570,17,1111,2723,3664,1991,579,1,478,1204,2080,1353,399,16,633,1519,1584,638,180
2022,4,A,골목상권,2110009,자하문터널,3823,2257,1566,18,744,1226,968,640,227,8,294,697,639,463,156,10,450,529,329,177,71
2022,4,A,골목상권,2110008,배화여자대학교(박노수미술관),6438,3091,3347,46,996,1152,1240,1648,1356,2,446,594,631,700,718,44,550,558,609,948,638
2022,4,A,골목상권,2110007,사직공원(한국사회과학도서관),3909,1854,2055,7,607,1085,1147,738,325,5,194,468,547,412,228,2,413,617,600,326,97
2022,4,A,골목상권,2110006,부암동주민센터,2706,1329,1377,22,607,897,632,425,123,5,169,414,377,288,76,17,438,483,255,137,47
2022,4,A,골목상권,2110005,세검정,2723,1465,1258,9,347,715,720,623,309,3,150,361,399,341,211,6,197,354,321,282,98
2022,4,A,골목상권,2110004,대신고등학교,470,276,194,6,62,109,112,113,68,5,33,63,61,59,55,1,29,46,51,54,13
2022,4,A,골목상권,2110003,세검정초등학교,4837,2723,2114,16,618,1311,1222,1017,653,7,239,684,764,595,434,9,379,627,458,422,219
2022,4,A,골목상권,2110002,독립문역 1번,689,209,480,7,173,203,166,102,38,6,37,46,59,37,24,1,136,157,107,65,14
2022,4,A,골목상권,2110001,이북5도청사,5968,4230,1738,11,1084,1435,1383,1526,529,7,566,935,1087,1267,368,4,518,500,296,259,161
2022,3,A,골목상권,2111090,강일동주민센터,744,547,197,0,90,161,195,190,108,0,55,111,143,143,95,0,35,50,52,47,13
2022,3,A,골목상권,2111089,상일여고(상일초등학교),1080,716,364,0,123,216,260,297,184,0,58,146,184,192,136,0,65,70,76,105,48
2022,3,A,골목상권,2111088,고덕동성당,1187,964,223,0,40,92,230,464,361,0,10,55,178,388,333,0,30,37,52,76,28
2022,3,A,골목상권,2111087,고덕중학교(고덕2동주민센터),743,270,473,0,85,157,184,208,109,0,17,54,69,77,53,0,68,103,115,131,56
2022,3,A,골목상권,2111086,한영중고,862,441,421,1,73,196,209,284,99,1,32,75,97,157,79,0,41,121,112,127,20
2022,3,A,골목상권,2111085,묘곡초등학교(고덕아이파크아파트),1560,790,770,0,154,294,388,398,326,0,61,149,173,196,211,0,93,145,215,202,115
2022,3,A,골목상권,2111084,길동신동아아파트,1362,726,636,2,136,245,267,388,324,2,79,146,133,178,188,0,57,99,134,210,136
2022,3,A,골목상권,2111083,GS강동자이아파트,2403,1398,1005,4,274,421,473,661,570,3,157,263,263,330,382,1,117,158,210,331,188
2022,3,A,골목상권,2111082,중앙보훈병원,3359,1319,2040,1,743,904,629,688,394,0,187,326,270,308,228,1,556,578,359,380,166
2022,3,A,골목상권,2111081,둔촌푸르지오아파트,1104,672,432,2,139,198,218,280,267,1,73,121,129,149,199,1,66,77,89,131,68
2022,3,A,골목상권,2111080,굽은다리역 3번,1916,853,1063,2,204,357,453,489,411,0,72,184,206,194,197,2,132,173,247,295,214
2022,3,A,골목상권,2111079,둔촌고등학교(둔촌중학교),4407,1934,2473,5,873,1139,885,927,578,2,262,460,418,421,371,3,611,679,467,506,207
2022,3,A,골목상권,2111078,굽은다리역 4번,4203,2519,1684,9,398,735,962,1078,1021,5,210,458,553,637,656,4,188,277,409,441,365
2022,3,A,골목상권,2111077,길동주민센터(강동도서관),7382,3886,3496,18,774,1285,1701,1972,1632,11,369,733,911,873,989,7,405,552,790,1099,643
2022,3,A,골목상권,2111076,둔촌2동주민센터,2891,1678,1213,5,343,628,708,627,580,3,143,341,445,347,399,2,200,287,263,280,181
2022,3,A,골목상권,2111075,굽은다리역 2번,2664,1415,1249,4,325,517,647,666,505,2,142,299,313,346,313,2,183,218,334,320,192
2022,3,A,골목상권,2111074,명일역 1번,2753,1586,1167,6,360,639,696,662,390,3,186,384,382,384,247,3,174,255,314,278,143
2022,3,A,골목상권,2111073,둔촌동역 1번(한산중학교),7031,3540,3491,23,864,1431,1725,1807,1181,17,408,802,924,722,667,6,456,629,801,1085,514
2022,3,A,골목상권,2111072,굽은다리역 1번(십자성마을),3937,2371,1566,10,383,823,989,935,797,5,173,470,582,587,554,5,210,353,407,348,243
2022,3,A,골목상권,2111071,천동초등학교,2389,1343,1046,2,222,450,615,554,546,1,78,232,345,319,368,1,144,218,270,235,178
2022,3,A,골목상권,2111070,천호초등학교,1943,1134,809,6,159,424,513,540,301,1,60,208,282,348,235,5,99,216,231,192,66
2022,3,A,골목상권,2111069,천호1동주민센터,2681,1438,1243,8,249,538,670,683,533,3,87,245,351,385,367,5,162,293,319,298,166
2022,3,A,골목상권,2111068,강동성심병원,5278,2358,2920,14,977,1083,1209,1196,799,9,331,516,613,453,436,5,646,567,596,743,363
2022,3,A,골목상권,2111067,강동구립성내도서관,8062,3945,4117,26,1296,1623,1874,1847,1396,18,505,849,990,787,796,8,791,774,884,1060,600
2022,3,A,골목상권,2111066,암사동성당(효정하나플러스아파트),1961,1136,825,5,220,423,443,525,345,1,83,210,252,350,240,4,137,213,191,175,105
2022,3,A,골목상권,2111065,천일초등학교,1492,799,693,2,131,236,313,349,461,2,45,104,141,160,347,0,86,132,172,189,114
2022,3,A,골목상권,2111064,둔촌동역 4번,2951,1763,1188,10,355,587,666,719,614,8,178,353,397,419,408,2,177,234,269,300,206
2022,3,A,골목상권,2111063,강동구립 천호도서관,3759,2069,1690,9,344,581,681,729,1415,7,127,263,349,361,962,2,217,318,332,368,453
2022,3,A,골목상권,2111062,둔촌동역 3번(성내3동주민센터),4393,2785,1608,8,584,1064,1191,921,625,7,323,676,750,580,449,1,261,388,441,341,176
2022,3,A,골목상권,2111061,암사역 1번,4194,1874,2320,3,413,710,856,1012,1200,2,170,393,411,369,529,1,243,317,445,643,671
2022,3,A,골목상권,2111060,암사역 2번(서울강동초등학교),3573,1892,1681,10,392,741,923,871,636,5,141,348,473,483,442,5,251,393,450,388,194
2022,3,A,골목상권,2111059,강동역 4번(강풀만화거리),8028,4328,3700,18,1275,1454,1658,1571,2052,8,537,734,860,875,1314,10,738,720,798,696,738
2022,3,A,골목상권,2111058,성내중학교,2639,1612,1027,3,339,606,682,702,307,1,181,384,406,450,190,2,158,222,276,252,117
2022,3,A,골목상권,2111057,천호공원(해공체육문화센터),2118,1068,1050,2,216,311,437,508,644,2,76,120,175,230,465,0,140,191,262,278,179
2022,3,A,골목상권,2111056,천호태영아파트,2758,1458,1300,5,235,331,469,477,1241,1,89,126,195,239,808,4,146,205,274,238,433
2022,3,A,골목상권,2111055,선사초등학교,2553,999,1554,3,292,461,575,738,484,2,137,240,250,203,167,1,155,221,325,535,317
2022,3,A,골목상권,2111054,암사역 4번(삼성광나루아파트),3414,1360,2054,3,354,528,650,844,1035,2,146,268,280,241,423,1,208,260,370,603,612
2022,3,A,골목상권,2111053,성내천어린이공원(하니사랑길),23519,17241,6278,41,2641,6412,5666,5352,3407,17,1608,4669,4234,4068,2645,24,1033,1743,1432,1284,762
2022,3,A,골목상권,2111052,암사역 3번(천호동자전거거리),2457,1236,1221,3,262,428,525,464,775,2,92,220,265,243,414,1,170,208,260,221,361
2022,3,A,골목상권,2111051,천호역 6번,7112,4029,3083,12,975,1636,1725,1854,910,5,493,791,894,1177,669,7,482,845,831,677,241
2022,3,A,골목상권,2111050,강동구청(강동구청역 2번),7541,4687,2854,33,867,1785,1796,1858,1202,14,420,959,1100,1292,902,19,447,826,696,566,300
2022,3,A,골목상권,2111049,천호지구대(천호동자전거거리),2201,1197,1004,9,263,431,513,499,486,5,120,216,267,255,334,4,143,215,246,244,152
2022,3,A,골목상권,2111048,천호역 1번(천호문구완구거리),2003,1064,939,9,254,435,468,419,418,5,102,209,259,213,276,4,152,226,209,206,142
2022,3,A,골목상권,2111047,마천1치안센터,1261,723,538,1,123,268,342,314,213,1,61,146,181,168,166,0,62,122,161,146,47
2022,3,A,골목상권,2111046,마천역(마천초등학교),2822,1633,1189,5,296,604,772,740,405,1,151,347,410,407,317,4,145,257,362,333,88
2022,3,A,골목상권,2111045,개미어린이공원,2261,1195,1066,9,291,357,534,692,378,3,183,228,298,294,189,6,108,129,236,398,189
2022,3,A,골목상권,2111044,남천초등학교,1904,989,915,1,188,378,512,520,305,0,84,186,225,248,246,1,104,192,287,272,59
2022,3,A,골목상권,2111043,마천공원,2200,1378,822,9,268,499,540,524,360,8,156,311,303,321,279,1,112,188,237,203,81
2022,3,A,골목상권,2111042,거여역 1번(거여공원),5740,3468,2272,22,960,1303,1427,1224,804,16,539,869,864,669,511,6,421,434,563,555,293
2022,3,A,골목상권,2111041,거여역 8번,2503,1642,861,8,567,621,572,426,309,6,295,430,406,280,225,2,272,191,166,146,84
2022,3,A,골목상권,2111040,거여초등학교,2682,1704,978,10,328,670,682,619,373,9,189,450,435,362,259,1,139,220,247,257,114
2022,3,A,골목상권,2111039,벌말어린이공원,3276,2054,1222,10,363,791,844,785,483,9,205,519,543,462,316,1,158,272,301,323,167
2022,3,A,골목상권,2111038,보인중학교,3272,2119,1153,14,477,818,802,706,455,13,262,543,547,453,301,1,215,275,255,253,154
2022,3,A,골목상권,2111037,Sh수협은행 오금동금융센터(아랫말어린이공원),1946,1126,820,0,210,436,499,533,268,0,120,281,287,264,174,0,90,155,212,269,94
2022,3,A,골목상권,2111036,투구봉어린이공원,3333,2198,1135,17,531,892,840,726,327,13,342,626,575,425,217,4,189,266,265,301,110
2022,3,A,골목상권,2111035,오금공원(오주중학교),2705,1749,956,2,326,570,689,732,386,1,188,386,470,436,268,1,138,184,219,296,118
2022,3,A,골목상권,2111034,오동나무공원(송파레미니스1단지),4106,2722,1384,7,544,891,1006,1075,583,6,316,606,666,667,461,1,228,285,340,408,122
2022,3,A,골목상권,2111033,문정동성당,33212,26336,6876,13,2679,5820,9576,13087,2037,6,1671,4329,7557,11417,1356,7,1008,1491,2019,1670,681
2022,3,A,골목상권,2111032,방이역 1번,23949,17488,6461,28,3095,5765,6032,5516,3513,14,1835,3956,4600,4519,2564,14,1260,1809,1432,997,949
2022,3,A,골목상권,2111031,장지동주민센터(한림연예예술고교),35724,27914,7810,18,3116,6475,10247,13557,2311,8,1911,4740,7990,11684,1581,10,1205,1735,2257,1873,730
2022,3,A,골목상권,2111030,방이역 2번,21156,15625,5531,20,2708,5088,5454,5034,2852,7,1648,3533,4196,4249,1992,13,1060,1555,1258,785,860
2022,3,A,골목상권,2111029,오금역 4번,7833,5273,2560,14,1268,2371,1930,1379,871,8,740,1577,1338,911,699,6,528,794,592,468,172
2022,3,A,골목상권,2111028,문현중학교(장지역 1번),5636,3366,2270,14,804,1250,1392,1311,865,7,422,774,855,701,607,7,382,476,537,610,258
2022,3,A,골목상권,2111027,문정초등학교,39531,30313,9218,23,3409,6840,10716,14172,4371,9,2010,4917,8267,12013,3097,14,1399,1923,2449,2159,1274
2022,3,A,골목상권,2111026,문정역 2번,6153,3880,2273,10,919,1459,1548,1358,859,5,526,971,988,745,645,5,393,488,560,613,214
2022,3,A,골목상권,2111025,경찰병원역 3번,11774,6132,5642,55,1415,2152,2136,2128,3888,25,571,1173,1208,922,2233,30,844,979,928,1206,1655
2022,3,A,골목상권,2111024,경찰병원역 4번(건너말공원),17836,10455,7381,63,2463,3913,3833,3232,4332,31,1098,2309,2548,1846,2623,32,1365,1604,1285,1386,1709
2022,3,A,골목상권,2111023,문정역 1번,4682,2809,1873,8,724,962,1124,1079,785,2,348,579,724,600,556,6,376,383,400,479,229
2022,3,A,골목상권,2111022,석촌중학교(방이육교),11171,7061,4110,23,1357,2490,2437,2244,2620,9,716,1668,1619,1268,1781,14,641,822,818,976,839
2022,3,A,골목상권,2111021,방이역 4번,11935,8619,3316,39,1562,2502,3053,2900,1879,27,822,1638,2262,2278,1592,12,740,864,791,622,287
2022,3,A,골목상권,2111020,방이동고분군(방산고등학교),6318,3723,2595,19,898,1441,1494,1560,906,12,427,835,927,919,603,7,471,606,567,641,303
2022,3,A,골목상권,2111019,한성백제역 3번,17428,9415,8013,47,2799,3938,3794,4086,2764,34,1482,2587,2120,1689,1503,13,1317,1351,1674,2397,1261
2022,3,A,골목상권,2111018,풍납초등학교(풍납백제문화공원),1322,801,521,0,186,299,301,335,201,0,99,158,169,220,155,0,87,141,132,115,46
2022,3,A,골목상권,2111017,송파나루역 3번,7518,4240,3278,22,1335,1443,1570,1943,1205,16,636,929,992,985,682,6,699,514,578,958,523
2022,3,A,골목상권,2111016,송파역 2번,17063,11286,5777,65,2224,3744,4130,3798,3102,46,1099,2434,3059,2519,2129,19,1125,1310,1071,1279,973
2022,3,A,골목상권,2111015,석촌역 3번,12636,8115,4521,27,1865,3083,2891,2543,2227,11,946,2081,1944,1588,1545,16,919,1002,947,955,682
2022,3,A,골목상권,2111014,송파나루역 2번,14245,8390,5855,26,2077,3609,3332,3152,2049,12,1010,2234,2195,1757,1182,14,1067,1375,1137,1395,867
2022,3,A,골목상권,2111013,송파나루역 1번(송리단길),14226,8959,5267,26,2198,4197,3547,2563,1695,8,1070,2666,2388,1628,1199,18,1128,1531,1159,935,496
2022,3,A,골목상권,2111012,석촌역 6번,6180,3598,2582,11,624,1426,1478,1279,1362,5,303,977,873,617,823,6,321,449,605,662,539
2022,3,A,골목상권,2111011,잠실나루역,10263,8174,2089,42,1383,3190,3039,2132,477,18,976,2602,2477,1735,366,24,407,588,562,397,111
2022,3,A,골목상권,2111010,석촌역 7번,7908,5556,2352,11,859,1781,1872,1423,1962,8,472,1253,1268,916,1639,3,387,528,604,507,323
2022,3,A,골목상권,2111009,송파책박물관,2198,1590,608,5,244,436,453,548,512,3,191,328,324,352,392,2,53,108,129,196,120
2022,3,A,골목상권,2111008,석촌고분역 3번,5190,3263,1927,13,640,1032,1256,1260,989,11,345,636,773,761,737,2,295,396,483,499,252
2022,3,A,골목상권,2111007,석촌고분역 4번,6337,4182,2155,12,863,1398,1389,1437,1238,11,532,949,921,882,887,1,331,449,468,555,351
2022,3,A,골목상권,2111006,석촌고분역 1번,17571,11961,5610,44,2435,3821,4234,3746,3291,29,1307,2544,2976,2542,2563,15,1128,1277,1258,1204,728
2022,3,A,골목상권,2111005,삼전역 3번,6038,4006,2032,15,892,1505,1406,1233,987,5,513,1061,958,761,708,10,379,444,448,472,279
2022,3,A,골목상권,2111004,삼전역 1번,18500,12541,5959,63,2605,4069,4548,4156,3059,21,1379,2681,3191,2968,2301,42,1226,1388,1357,1188,758
2022,3,A,골목상권,2111003,삼전역 4번,5935,3890,2045,37,711,1296,1484,1127,1280,2,366,849,960,726,987,35,345,447,524,401,293
2022,3,A,골목상권,2111002,한국교통안전공단 강남자동차검사소,569,334,235,0,41,89,114,175,150,0,16,52,64,100,102,0,25,37,50,75,48
2022,3,A,골목상권,2111001,아래방죽마을공원(율현초등학교),290,157,133,1,14,42,49,102,82,0,8,28,30,53,38,1,6,14,19,49,44
2022,3,A,골목상권,2111000,대왕초등학교(세곡동사거리서남측),294,138,156,6,35,84,93,56,20,3,11,31,49,30,14,3,24,53,44,26,6
2022,3,A,골목상권,2110999,윗방죽마을공원,464,257,207,3,35,80,86,139,121,1,17,50,56,81,52,2,18,30,30,58,69
2022,3,A,골목상권,2110998,은곡마을(은곡마을공원),128,65,63,3,11,41,35,25,13,1,6,18,19,14,7,2,5,23,16,11,6
2022,3,A,골목상권,2110997,대청초등학교,12566,4876,7690,31,3480,3879,2620,1655,901,3,781,1456,1134,859,643,28,2699,2423,1486,796,258
2022,3,A,골목상권,2110996,대치2동주민센터,37900,18079,19821,265,7022,9437,8584,7750,4842,106,3263,5619,4641,2694,1756,159,3759,3818,3943,5056,3086
2022,3,A,골목상권,2110995,봉은사역 4번,80333,61317,19016,154,15900,21348,21569,17001,4361,88,10163,16112,17810,14553,2591,66,5737,5236,3759,2448,1770
2022,3,A,골목상권,2110994,개포고등학교,4640,2964,1676,57,889,1272,1058,857,507,24,514,821,664,537,404,33,375,451,394,320,103
2022,3,A,골목상권,2110993,개포지하차도 북측,493,214,279,3,70,105,147,115,53,0,16,44,60,58,36,3,54,61,87,57,17
2022,3,A,골목상권,2110992,도곡초등학교,12863,6859,6004,63,2365,3393,3003,2467,1572,35,940,1769,1666,1432,1017,28,1425,1624,1337,1035,555
2022,3,A,골목상권,2110991,삼성중앙역 5번,28503,15784,12719,115,5919,9500,6998,3927,2044,37,2281,5361,4631,2309,1165,78,3638,4139,2367,1618,879
2022,3,A,골목상권,2110990,청담역 12번,10376,6980,3396,39,1551,3276,3120,1867,523,23,669,2073,2406,1424,385,16,882,1203,714,443,138
2022,3,A,골목상권,2110989,대치동아우편취급국,29290,17968,11322,140,4768,8716,7970,4868,2828,17,2007,5273,5502,3456,1713,123,2761,3443,2468,1412,1115
2022,3,A,골목상권,2110988,청담역 3번,18899,9206,9693,73,3792,5684,5341,2877,1132,33,1221,2750,2769,1638,795,40,2571,2934,2572,1239,337
2022,3,A,골목상권,2110987,영동대교남단,8320,5539,2781,40,1422,2410,2185,1548,715,19,663,1584,1632,1125,516,21,759,826,553,423,199
2022,3,A,골목상권,2110986,삼성중앙역 7번,27479,17773,9706,52,3973,10061,7904,3716,1773,15,1757,6297,6233,2496,975,37,2216,3764,1671,1220,798
2022,3,A,골목상권,2110985,청담근린공원,13449,8818,4631,66,2379,3877,3557,2503,1067,35,1141,2595,2592,1729,726,31,1238,1282,965,774,341
2022,3,A,골목상권,2110984,포이초등학교(개포목련어린이공원),6964,4388,2576,20,1326,1965,1598,1256,799,13,815,1286,925,757,592,7,511,679,673,499,207
2022,3,A,골목상권,2110983,국립국악고등학교,3835,2457,1378,13,616,955,928,708,615,2,285,601,613,465,491,11,331,354,315,243,124
2022,3,A,골목상권,2110982,강남구보훈회관,6082,3566,2516,14,1266,1604,1400,963,835,6,513,1046,910,527,564,8,753,558,490,436,271
2022,3,A,골목상권,2110981,국악고교사거리,12357,8276,4081,26,1850,3425,3175,2214,1667,9,980,2320,2252,1450,1265,17,870,1105,923,764,402
2022,3,A,골목상권,2110980,개포지구대옆,25161,10281,14880,88,3951,5726,8389,5194,1813,42,1896,3243,2591,1405,1104,46,2055,2483,5798,3789,709
2022,3,A,골목상권,2110979,청담초등학교,18648,9066,9582,39,5067,6996,3688,1966,892,15,1632,3410,2200,1140,669,24,3435,3586,1488,826,223
2022,3,A,골목상권,2110978,도곡2동주민센터(대치중학교),12302,8363,3939,54,2526,3818,2860,1644,1400,37,1355,2740,2264,1161,806,17,1171,1078,596,483,594
2022,3,A,골목상권,2110977,논현로18길,10006,6917,3089,18,1546,3017,2690,1646,1089,7,822,2051,2060,1150,827,11,724,966,630,496,262
2022,3,A,골목상권,2110976,언북초등학교,11065,5295,5770,25,3211,3774,2056,1187,812,5,1083,1821,1178,701,507,20,2128,1953,878,486,305
2022,3,A,골목상권,2110975,매봉역 1번,22408,15346,7062,84,4644,5711,5884,4648,1437,54,2422,3673,4320,3677,1200,30,2222,2038,1564,971,237
2022,3,A,골목상권,2110974,언주중학교,10084,6627,3457,39,2227,3204,2129,1449,1036,25,1044,1971,1619,1140,828,14,1183,1233,510,309,208
2022,3,A,골목상권,2110973,강남구청역 4번,12597,7190,5407,54,2501,3373,2945,2285,1439,18,1044,2008,1846,1330,944,36,1457,1365,1099,955,495
2022,3,A,골목상권,2110972,강남세브란스병원미래의학연구센터,26073,14646,11427,216,7696,7646,5984,3332,1199,73,3194,4587,3952,1945,895,143,4502,3059,2032,1387,304
2022,3,A,골목상권,2110971,선정릉역 4번,73203,35861,37342,185,15399,20094,18092,15247,4186,90,8048,12361,8646,4171,2545,95,7351,7733,9446,11076,1641
2022,3,A,골목상권,2110970,학동초등학교,12139,7385,4754,45,2463,3692,2909,1837,1193,19,1064,2125,1996,1282,899,26,1399,1567,913,555,294
2022,3,A,골목상권,2110969,베르사이유1아파트,53929,36213,17716,90,9575,16368,14864,10164,2868,34,5089,11243,11284,6616,1947,56,4486,5125,3580,3548,921
2022,3,A,골목상권,2110968,강남구청역 2번,17810,11539,6271,53,3230,4729,4471,3306,2021,17,1463,2823,3248,2441,1547,36,1767,1906,1223,865,474
2022,3,A,골목상권,2110967,역삼역 8번,60702,36823,23879,115,10925,17002,16035,14106,2519,65,7128,12381,9947,5650,1652,50,3797,4621,6088,8456,867
2022,3,A,골목상권,2110966,논현2동주민센터,27417,17538,9879,65,4763,7772,7077,5016,2724,17,2089,4522,4968,3771,2171,48,2674,3250,2109,1245,553
2022,3,A,골목상권,2110965,언주역 6번,12536,6978,5558,32,2785,3988,2917,1723,1091,14,1028,2297,1924,985,730,18,1757,1691,993,738,361
2022,3,A,골목상권,2110964,싸리고개근린공원,16691,13249,3442,26,2072,3680,4901,4766,1246,12,1067,2741,4124,4292,1013,14,1005,939,777,474,233
2022,3,A,골목상권,2110963,역삼월드메르디앙아파트,26645,15919,10726,134,6368,7920,6420,3764,2039,38,2482,4698,4514,2587,1600,96,3886,3222,1906,1177,439
2022,3,A,골목상권,2110962,도산공원북측,7684,4139,3545,25,1867,2746,1614,996,436,9,732,1558,1047,545,248,16,1135,1188,567,451,188
2022,3,A,골목상권,2110961,언주역 3번,25850,16840,9010,70,5483,7931,5602,3658,3106,29,2478,5132,4147,2743,2311,41,3005,2799,1455,915,795
2022,3,A,골목상권,2110960,은광여고,25543,18368,7175,56,2951,5943,6854,7171,2568,40,1640,3961,5282,5652,1793,16,1311,1982,1572,1519,775
2022,3,A,골목상권,2110959,신구중학교,12478,6517,5961,139,2815,3808,2504,1783,1429,50,1173,2082,1655,873,684,89,1642,1726,849,910,745
2022,3,A,골목상권,2110958,역삼역 4번,42236,28666,13570,63,7659,13522,11576,6973,2443,22,3663,8770,8848,5673,1690,41,3996,4752,2728,1300,753
2022,3,A,골목상권,2110957,언북중학교,28690,17182,11508,72,5858,8514,6766,4137,3343,15,2276,4756,4609,3001,2525,57,3582,3758,2157,1136,818
2022,3,A,골목상권,2110956,언주역 8번,15614,9542,6072,57,3754,5177,3520,1901,1205,37,1723,3094,2486,1290,912,20,2031,2083,1034,611,293
2022,3,A,골목상권,2110955,논현초등학교,25381,16658,8723,83,5578,7705,5841,3882,2292,48,2817,5039,4258,2826,1670,35,2761,2666,1583,1056,622
2022,3,A,골목상권,2110954,국기원,23196,12840,10356,110,5238,7616,5998,2944,1290,31,1823,3964,3878,2178,966,79,3415,3652,2120,766,324
2022,3,A,골목상권,2110953,학동근린공원,26213,16160,10053,92,6774,8335,5664,3381,1967,28,2991,5202,4071,2370,1498,64,3783,3133,1593,1011,469
2022,3,A,골목상권,2110952,논현목련공원,10637,6885,3752,21,2104,3370,2518,1670,954,15,1135,2250,1740,1096,649,6,969,1120,778,574,305
2022,3,A,골목상권,2110951,신사은행나무공원,12925,7220,5705,52,3507,3777,2858,1670,1061,15,1315,2106,1920,1102,762,37,2192,1671,938,568,299
2022,3,A,골목상권,2110950,논현역 7번,19297,11636,7661,39,4250,6200,4538,2762,1508,17,1787,3758,3112,1836,1126,22,2463,2442,1426,926,382
2022,3,A,골목상권,2110949,한남IC,12160,7678,4482,41,2351,3690,3261,1910,907,23,1063,2371,2209,1313,699,18,1288,1319,1052,597,208
2022,3,A,골목상권,2110948,헌인가구단지,57,27,30,0,5,24,14,11,3,0,4,12,6,2,3,0,1,12,8,9,0
2022,3,A,골목상권,2110947,청계산입구역 2번(내곡동주민센터),326,172,154,0,38,55,98,76,59,0,17,30,68,33,24,0,21,25,30,43,35
2022,3,A,골목상권,2110946,청계산원터골,271,144,127,0,34,50,81,50,56,0,15,29,58,20,22,0,19,21,23,30,34
2022,3,A,골목상권,2110945,본마을노인복지센터(서초구립내곡도서관),383,240,143,3,62,91,87,89,51,3,25,53,59,64,36,0,37,38,28,25,15
2022,3,A,골목상권,2110944,서울나래학교(염곡어린이공원),20185,16768,3417,29,2090,4170,6159,6991,746,22,1509,3356,5018,6304,559,7,581,814,1141,687,187
2022,3,A,골목상권,2110943,법제교육센터(버들어린이공원),7684,4780,2904,20,1200,1903,1957,1484,1120,11,643,1190,1209,900,827,9,557,713,748,584,293
2022,3,A,골목상권,2110942,염곡동 구룡사(포이동성당),32043,24395,7648,74,4187,7325,9070,9280,2107,40,2598,5356,6923,7833,1645,34,1589,1969,2147,1447,462
2022,3,A,골목상권,2110941,언남고등학교,4779,3108,1671,28,739,1265,1190,966,591,17,414,816,783,644,434,11,325,449,407,322,157
2022,3,A,골목상권,2110940,양재근린공원(양재2동주민센터),8689,5762,2927,47,1434,2277,2149,1768,1014,26,766,1507,1483,1202,778,21,668,770,666,566,236
2022,3,A,골목상권,2110939,양재역 8번(양재동우체국),45731,23354,22377,508,9762,11110,12644,8019,3688,246,4819,6778,5503,3276,2732,262,4943,4332,7141,4743,956
2022,3,A,골목상권,2110938,바우뫼공원,11265,6894,4371,329,3630,2824,2266,1433,783,154,1891,1856,1564,870,559,175,1739,968,702,563,224
2022,3,A,골목상권,2110937,방아다리근린공원(횃불트리니티신학대학원대학교),17876,11487,6389,356,5244,5033,3649,2329,1265,166,2714,3411,2635,1557,1004,190,2530,1622,1014,772,261
2022,3,A,골목상권,2110936,더케이호텔(양재리본타워2단지아파트),3869,2981,888,16,803,1160,864,700,326,10,552,922,691,565,241,6,251,238,173,135,85
2022,3,A,골목상권,2110935,한전아트센터,20312,15954,4358,47,3699,7326,4955,3496,789,19,2201,5852,4154,3079,649,28,1498,1474,801,417,140
2022,3,A,골목상권,2110934,우면주공아파트,3248,1908,1340,6,549,981,879,631,202,5,199,529,564,460,151,1,350,452,315,171,51
2022,3,A,골목상권,2110933,한국상담대학원대학교,6457,3774,2683,19,1551,1930,1522,1006,429,6,610,1213,1030,624,291,13,941,717,492,382,138
2022,3,A,골목상권,2110932,서울시인재개발원,6066,3421,2645,20,1419,1827,1388,942,470,6,486,1071,936,597,325,14,933,756,452,345,145
2022,3,A,골목상권,2110931,삼성전자서울R&D(서울우면초등학교),1471,770,701,0,273,440,390,329,39,0,89,178,228,248,27,0,184,262,162,81,12
2022,3,A,골목상권,2110930,서초동성당,40185,22492,17693,64,7459,10413,9292,10954,2003,36,2906,5657,4975,7438,1480,28,4553,4756,4317,3516,523
2022,3,A,골목상권,2110929,남부터미널역 1번,40801,22975,17826,94,8567,10227,8785,10521,2607,29,2961,5530,5108,7404,1943,65,5606,4697,3677,3117,664
2022,3,A,골목상권,2110928,서초우방유쉘아파트,14636,8308,6328,79,2911,3987,3610,2696,1353,42,1209,2357,2220,1538,942,37,1702,1630,1390,1158,411
2022,3,A,골목상권,2110927,잠원역,5195,2975,2220,14,1049,1543,1215,847,527,5,440,957,806,467,300,9,609,586,409,380,227
2022,3,A,골목상권,2110926,신중초등학교,20711,15020,5691,29,2823,6720,5736,3692,1711,13,1488,4871,4651,2834,1163,16,1335,1849,1085,858,548
2022,3,A,골목상권,2110925,서초중학교,9296,5492,3804,52,1961,2662,2169,1374,1078,25,798,1591,1465,898,715,27,1163,1071,704,476,363
2022,3,A,골목상권,2110924,반포4동주민센터(몽마르뜨공원),83099,74961,8138,37,8203,17350,22275,32239,2995,19,6505,14740,20038,31075,2584,18,1698,2610,2237,1164,411
2022,3,A,골목상권,2110923,방배역 1번,8904,5663,3241,101,1440,2646,2283,1421,1013,32,731,1526,1586,1012,776,69,709,1120,697,409,237
2022,3,A,골목상권,2110922,내방역 1번,16882,11227,5655,77,3284,5206,4097,3133,1085,58,1557,3103,3051,2630,828,19,1727,2103,1046,503,257
2022,3,A,골목상권,2110921,서울프랑스학교,83562,76383,7179,44,8142,17368,22255,32750,3003,26,6585,15123,20344,31698,2607,18,1557,2245,1911,1052,396
2022,3,A,골목상권,2110920,방배역 2번(백석예술대학교),9972,5994,3978,105,1806,2901,2264,1609,1287,29,832,1640,1444,1069,980,76,974,1261,820,540,307
2022,3,A,골목상권,2110919,내방역 8번,23026,14891,8135,70,3979,7139,6333,3943,1562,37,1696,4093,4651,3200,1214,33,2283,3046,1682,743,348
2022,3,A,골목상권,2110918,방배역 3번,10816,7193,3623,65,2219,3056,2465,1686,1325,48,1253,2103,1744,1060,985,17,966,953,721,626,340
2022,3,A,골목상권,2110917,서초소방서,12422,9657,2765,29,1384,3372,3553,3049,1035,18,855,2598,2947,2472,767,11,529,774,606,577,268
2022,3,A,골목상권,2110916,내방역 4번,11774,7659,4115,75,2322,3382,2734,1833,1428,62,1295,2295,1844,1148,1015,13,1027,1087,890,685,413
2022,3,A,골목상권,2110915,서래초등학교,94789,82594,12195,60,11017,20797,25059,34620,3236,23,7412,16877,22213,33205,2864,37,3605,3920,2846,1415,372
2022,3,A,골목상권,2110914,내방역 6번,7659,4955,2704,25,1383,2047,1723,1397,1084,13,683,1314,1154,948,843,12,700,733,569,449,241
2022,3,A,골목상권,2110913,방현초등학교(방배119안전센터),13661,7814,5847,27,2260,4039,3860,2228,1247,6,966,2297,2227,1448,870,21,1294,1742,1633,780,377
2022,3,A,골목상권,2110912,방배동사이길,15348,9117,6231,40,3489,4414,3802,2689,914,11,1112,2520,2641,2084,749,29,2377,1894,1161,605,165
2022,3,A,골목상권,2110911,방배배수지체육공원,9356,5053,4303,21,1411,2855,2730,1512,827,7,554,1540,1393,987,572,14,857,1315,1337,525,255
2022,3,A,골목상권,2110910,내방역 5번,8226,4933,3293,29,1467,1910,1854,1558,1408,18,612,1121,1123,986,1073,11,855,789,731,572,335
2022,3,A,골목상권,2110909,남태령역(서울전자고등학교),980,650,330,3,37,95,211,424,210,3,11,56,137,285,158,0,26,39,74,139,52
2022,3,A,골목상권,2110908,구반포역,10206,5558,4648,82,1769,2563,2691,2291,810,77,764,1411,1582,1201,523,5,1005,1152,1109,1090,287
2022,3,A,골목상권,2110907,방배초등학교,9463,5322,4141,34,1449,1969,2194,2016,1801,18,591,1121,1241,1097,1254,16,858,848,953,919,547
2022,3,A,골목상권,2110906,서문여고,12830,5897,6933,22,2398,3237,3851,2269,1053,7,757,1390,1825,1223,695,15,1641,1847,2026,1046,358
2022,3,A,골목상권,2110905,방배노인종합복지관(이수중학교),7088,3248,3840,14,1430,1975,1825,1194,650,2,492,840,856,644,414,12,938,1135,969,550,236
2022,3,A,골목상권,2110904,이수역 5번,8769,3652,5117,28,1705,2258,2104,1550,1124,11,568,901,855,658,659,17,1137,1357,1249,892,465
2022,3,A,골목상권,2110903,방배아이파크아파트,17572,8950,8622,21,2787,4332,4867,3195,2370,8,911,1898,2409,1828,1896,13,1876,2434,2458,1367,474
2022,3,A,골목상권,2110902,사당역 4번,5046,3244,1802,7,832,1231,1323,951,702,5,434,787,876,621,521,2,398,444,447,330,181
2022,3,A,골목상권,2110901,인헌고등학교(인헌중학교),2102,1093,1009,7,323,545,600,405,222,4,150,278,296,187,178,3,173,267,304,218,44
2022,3,A,골목상권,2110900,낙성대역 1번(관악구민 종합체육센터),5205,3133,2072,15,1042,1513,1190,800,645,7,483,957,724,463,499,8,559,556,466,337,146
2022,3,A,골목상권,2110899,낙성대역 5번(관악중학교),4750,3171,1579,19,928,1383,1072,761,587,11,469,968,738,513,472,8,459,415,334,248,115
2022,3,A,골목상권,2110898,청림동주민센터(상도중학교),3450,1948,1502,3,505,1104,1104,537,197,2,228,621,634,318,145,1,277,483,470,219,52
2022,3,A,골목상권,2110897,서울대입구역 8번,3920,2161,1759,18,646,860,915,882,599,10,268,453,509,503,418,8,378,407,406,379,181
2022,3,A,골목상권,2110896,관악우성아파트,799,291,508,4,114,127,193,218,143,3,40,45,67,80,56,1,74,82,126,138,87
2022,3,A,골목상권,2110895,샤로수길,10222,6144,4078,27,1727,3006,2245,2098,1119,14,783,1749,1342,1397,859,13,944,1257,903,701,260
2022,3,A,골목상권,2110894,관악동부센트레빌아파트(은천로35라길),7336,2753,4583,54,1023,1249,1644,2245,1121,30,476,663,753,603,228,24,547,586,891,1642,893
2022,3,A,골목상권,2110893,관악소방서(문영여고),1875,1446,429,2,350,573,417,435,98,1,241,446,313,364,81,1,109,127,104,71,17
2022,3,A,골목상권,2110892,관악구 중앙길,4838,2402,2436,12,705,953,1155,1126,887,7,243,435,562,631,524,5,462,518,593,495,363
2022,3,A,골목상권,2110891,구암초등학교,1510,676,834,1,244,400,465,274,126,0,74,176,222,137,67,1,170,224,243,137,59
2022,3,A,골목상권,2110890,봉천역 1번(관악초등학교),2594,1111,1483,7,502,694,561,417,413,3,119,262,264,217,246,4,383,432,297,200,167
2022,3,A,골목상권,2110889,봉천역 6번,2545,1344,1201,2,320,470,540,632,581,1,129,231,296,373,314,1,191,239,244,259,267
2022,3,A,골목상권,2110888,청룡동주민센터,2099,907,1192,4,408,600,515,327,245,0,86,215,246,182,178,4,322,385,269,145,67
2022,3,A,골목상권,2110887,서울산업정보학교(서울삼성초등학교),1523,976,547,3,160,328,383,455,194,1,58,159,255,349,154,2,102,169,128,106,40
2022,3,A,골목상권,2110886,관악해태어린이공원,1665,1062,603,3,148,265,453,511,285,1,57,128,278,370,228,2,91,137,175,141,57
2022,3,A,골목상권,2110885,영락고등학교,1893,1032,861,8,261,357,479,409,379,2,125,180,245,234,246,6,136,177,234,175,133
2022,3,A,골목상권,2110884,봉천역 4번(봉천110안전센터),4024,1687,2337,16,619,799,866,1104,620,3,163,358,395,397,371,13,456,441,471,707,249
2022,3,A,골목상권,2110883,은천초등학교(은천교앞),3528,1525,2003,18,494,684,812,1011,509,3,133,308,387,360,334,15,361,376,425,651,175
2022,3,A,골목상권,2110882,신성초등학교,3420,2456,964,10,526,699,935,786,464,2,341,512,686,592,323,8,185,187,249,194,141
2022,3,A,골목상권,2110881,구립대학경로당(관악산샘말공원),3797,2632,1165,10,521,941,1074,882,369,3,294,607,786,658,284,7,227,334,288,224,85
2022,3,A,골목상권,2110880,신림역 1번,2278,911,1367,4,518,556,461,452,287,1,128,213,230,166,173,3,390,343,231,286,114
2022,3,A,골목상권,2110879,신림현대아파트,1503,793,710,7,249,266,356,320,305,1,112,137,184,178,181,6,137,129,172,142,124
2022,3,A,골목상권,2110878,미림여고,760,404,356,6,82,201,203,172,96,1,25,95,123,91,69,5,57,106,80,81,27
2022,3,A,골목상권,2110877,신림역 8번,3894,1878,2016,7,700,826,840,835,686,3,217,354,438,393,473,4,483,472,402,442,213
2022,3,A,골목상권,2110876,서원동주민센터(신관중학교),2115,996,1119,9,238,350,386,523,609,1,98,176,204,211,306,8,140,174,182,312,303
2022,3,A,골목상권,2110875,보라매동주민센터(당곡고등학교),1363,723,640,3,157,282,311,338,272,1,67,137,153,175,190,2,90,145,158,163,82
2022,3,A,골목상권,2110874,원신초등학교(구세군관악영문교회),1118,557,561,8,124,254,308,281,143,2,31,106,166,149,103,6,93,148,142,132,40
2022,3,A,골목상권,2110873,당곡중학교,3337,1850,1487,9,500,680,793,702,653,5,233,361,440,359,452,4,267,319,353,343,201
2022,3,A,골목상권,2110872,신림초등학교,930,502,428,5,122,218,227,219,139,3,61,122,131,115,70,2,61,96,96,104,69
2022,3,A,골목상권,2110871,신원동주민센터,1612,855,757,5,156,282,321,377,471,0,73,153,184,186,259,5,83,129,137,191,212
2022,3,A,골목상권,2110870,신림주공2단지(광신고등학교),1141,670,471,2,115,187,305,328,204,0,57,100,158,196,159,2,58,87,147,132,45
2022,3,A,골목상권,2110869,"신림역 5번(신림동주민센터, 신림동별빛거리)",4076,2363,1713,5,448,899,1044,811,869,3,183,488,584,482,623,2,265,411,460,329,246
2022,3,A,골목상권,2110868,남부초등학교,2177,1250,927,6,230,384,451,528,578,2,123,247,247,289,342,4,107,137,204,239,236
2022,3,A,골목상권,2110867,국제신학대학원대학교(남서울중학교),2153,1276,877,6,202,394,446,534,571,1,116,254,260,305,340,5,86,140,186,229,231
2022,3,A,골목상권,2110866,난우중학교,1349,680,669,0,156,268,351,372,202,0,54,119,161,198,148,0,102,149,190,174,54
2022,3,A,골목상권,2110865,남강고등학교(남강중학교),1484,757,727,10,165,277,355,427,250,7,75,151,179,198,147,3,90,126,176,229,103
2022,3,A,골목상권,2110864,신림우방아파트,3375,2463,912,2,520,914,1049,663,227,2,254,676,843,528,160,0,266,238,206,135,67
2022,3,A,골목상권,2110863,난우초등학교,1442,710,732,21,172,297,310,390,252,16,69,135,139,194,157,5,103,162,171,196,95
2022,3,A,골목상권,2110862,난곡초등학교(난곡동벽화마을),1010,522,488,6,119,185,246,257,197,4,51,89,116,122,140,2,68,96,130,135,57
2022,3,A,골목상권,2110861,관악구신사동주민센터,5342,3589,1753,7,791,1451,1510,1080,503,5,372,999,1127,747,339,2,419,452,383,333,164
2022,3,A,골목상권,2110860,호림박물관(성보고등학교),2271,1322,949,6,331,597,540,529,268,2,143,327,328,314,208,4,188,270,212,215,60
2022,3,A,골목상권,2110859,난향초등학교,670,335,335,1,62,132,182,148,145,0,6,55,76,79,119,1,56,77,106,69,26
2022,3,A,골목상권,2110858,신대방역 1번,2937,2211,726,0,458,834,956,538,151,0,224,640,808,434,105,0,234,194,148,104,46
2022,3,A,골목상권,2110857,미성동주민센터,1420,669,751,18,192,290,315,355,250,13,86,141,143,141,145,5,106,149,172,214,105
2022,3,A,골목상권,2110856,미성초등학교,5509,3786,1723,18,482,944,1029,1026,2010,13,244,557,635,596,1741,5,238,387,394,430,269
2022,3,A,골목상권,2110855,신대방역 2번,7238,5206,2032,7,1079,1599,1673,1188,1692,3,461,1082,1234,877,1549,4,618,517,439,311,143
2022,3,A,골목상권,2110854,조원동주민센터,4035,2937,1098,4,549,688,667,631,1496,2,252,444,407,434,1398,2,297,244,260,197,98
2022,3,A,골목상권,2110853,KT구로지사,3290,1991,1299,8,459,914,780,685,444,0,205,548,483,423,332,8,254,366,297,262,112
2022,3,A,골목상권,2110852,이수역 9번,3811,1920,1891,8,745,927,993,751,387,1,218,418,515,476,292,7,527,509,478,275,95
2022,3,A,골목상권,2110851,경문고등학교(동작동성당),4456,2067,2389,17,740,1150,1184,943,422,8,269,580,679,373,158,9,471,570,505,570,264
2022,3,A,골목상권,2110850,사당역 10번,10320,5639,4681,18,1880,2576,2671,1839,1336,7,705,1317,1483,1154,973,11,1175,1259,1188,685,363
2022,3,A,골목상권,2110849,이수역 10번,3768,1745,2023,10,433,701,854,817,953,3,153,309,390,345,545,7,280,392,464,472,408
2022,3,A,골목상권,2110848,양지어린이공원,3256,1724,1532,6,441,566,741,634,868,2,119,275,356,341,631,4,322,291,385,293,237
2022,3,A,골목상권,2110847,예술인마을,2530,1528,1002,4,338,589,673,515,411,3,154,331,385,307,348,1,184,258,288,208,63
2022,3,A,골목상권,2110846,남성역 1번,3630,1865,1765,7,330,623,941,836,893,4,126,281,402,423,629,3,204,342,539,413,264
2022,3,A,골목상권,2110845,사당종합체육관,2397,1431,966,1,354,627,650,552,213,0,148,356,441,330,156,1,206,271,209,222,57
2022,3,A,골목상권,2110844,흑석2치안센터,241,126,115,1,35,73,58,42,32,1,19,32,33,17,24,0,16,41,25,25,8
2022,3,A,골목상권,2110843,사당5동주민센터,1194,583,611,1,98,212,342,336,205,0,37,73,143,177,153,1,61,139,199,159,52
2022,3,A,골목상권,2110842,흑리단길,556,270,286,1,66,101,146,139,103,0,20,42,66,74,68,1,46,59,80,65,35
2022,3,A,골목상권,2110841,중대부중,674,354,320,1,103,154,161,163,92,0,51,94,81,73,55,1,52,60,80,90,37
2022,3,A,골목상권,2110840,중앙대학교,882,502,380,1,124,191,228,200,138,0,56,112,135,111,88,1,68,79,93,89,50
2022,3,A,골목상권,2110839,숭실대입구역 4번,3697,2231,1466,2,394,1053,1227,711,310,1,181,582,728,474,265,1,213,471,499,237,45
2022,3,A,골목상권,2110838,상도1동주민센터앞,1392,870,522,1,93,249,390,421,238,0,42,120,242,271,195,1,51,129,148,150,43
2022,3,A,골목상권,2110837,숭실대입구역 1번,8221,3493,4728,54,1030,1379,1902,2545,1311,29,523,747,944,810,440,25,507,632,958,1735,871
2022,3,A,골목상권,2110836,상도역 5번,5025,2807,2218,14,875,1350,1197,1030,559,3,367,761,710,615,351,11,508,589,487,415,208
2022,3,A,골목상권,2110835,상도역 1번,2038,1023,1015,7,367,582,498,390,194,2,128,317,279,178,119,5,239,265,219,212,75
2022,3,A,골목상권,2110834,동작구자원봉사센터,3162,1812,1350,14,353,723,846,740,486,11,174,415,515,413,284,3,179,308,331,327,202
2022,3,A,골목상권,2110833,상도역 2번,1715,864,851,7,261,455,433,361,198,2,97,247,248,166,104,5,164,208,185,195,94
2022,3,A,골목상권,2110832,노량진초등학교,5002,2714,2288,10,799,1411,1191,1071,520,2,412,703,650,640,307,8,387,708,541,431,213
2022,3,A,골목상권,2110831,상도4동주민센터,2239,1368,871,3,307,506,509,590,324,2,153,295,324,435,159,1,154,211,185,155,165
2022,3,A,골목상권,2110830,상도초등학교,1330,625,705,0,226,298,336,312,158,0,96,129,138,163,99,0,130,169,198,149,59
2022,3,A,골목상권,2110829,장승배기역 5번,2349,1304,1045,2,395,511,541,549,351,1,260,279,263,290,211,1,135,232,278,259,140
2022,3,A,골목상권,2110828,노량진역 6번,8869,5087,3782,23,1227,2717,2373,1773,756,5,584,1515,1420,1093,470,18,643,1202,953,680,286
2022,3,A,골목상권,2110827,NH농협은행 상도동지점,1462,630,832,2,132,273,365,370,320,1,43,127,154,151,154,1,89,146,211,219,166
2022,3,A,골목상권,2110826,장승배기역 4번,2029,905,1124,3,266,455,516,421,368,1,108,218,207,182,189,2,158,237,309,239,179
2022,3,A,골목상권,2110825,신대방삼거리역 1번,2536,1465,1071,4,276,526,686,635,409,2,138,298,391,351,285,2,138,228,295,284,124
2022,3,A,골목상권,2110824,대방역 3번,3761,1903,1858,11,679,1005,971,680,415,4,247,541,503,341,267,7,432,464,468,339,148
2022,3,A,골목상권,2110823,신대방삼거리역 3번,19702,12375,7327,54,3771,3849,3316,4703,4009,29,2894,3042,2093,2221,2096,25,877,807,1223,2482,1913
2022,3,A,골목상권,2110822,신대방삼거리역 4번(대림초등학교),21761,14425,7336,49,4293,4465,3481,5406,4067,25,3222,3610,2369,3027,2172,24,1071,855,1112,2379,1895
2022,3,A,골목상권,2110821,보라매역 2번,20232,12822,7410,53,3814,3970,3335,4772,4288,28,2871,3169,2141,2333,2280,25,943,801,1194,2439,2008
2022,3,A,골목상권,2110820,성남고등학교,5261,3799,1462,6,897,1096,1024,1672,566,4,555,782,724,1306,428,2,342,314,300,366,138
2022,3,A,골목상권,2110819,신대방역 4번,8413,4800,3613,22,1758,2323,2095,1432,783,15,703,1397,1279,875,531,7,1055,926,816,557,252
2022,3,A,골목상권,2110818,신대방역 3번,3077,1741,1336,5,647,827,709,528,361,3,245,488,428,333,244,2,402,339,281,195,117
2022,3,A,골목상권,2110817,대방역 4번,4185,2172,2013,10,770,1046,1050,736,573,4,304,573,566,365,360,6,466,473,484,371,213
2022,3,A,골목상권,2110816,대방역 6번,3962,2050,1912,10,759,1006,1000,663,524,4,298,549,535,333,331,6,461,457,465,330,193
2022,3,A,골목상권,2110815,공군호텔,4714,2349,2365,7,784,1077,1138,980,728,1,277,561,601,456,453,6,507,516,537,524,275
2022,3,A,골목상권,2110814,서울지방병무청,7603,4784,2819,9,1346,1680,1544,2153,871,3,693,1084,953,1469,582,6,653,596,591,684,289
2022,3,A,골목상권,2110813,보라매역 6번,6876,4830,2046,11,1220,1596,1384,1792,873,6,699,1147,989,1373,616,5,521,449,395,419,257
2022,3,A,골목상권,2110812,신길6동주민센터,4624,2863,1761,10,727,1148,1135,989,615,4,315,738,735,653,418,6,412,410,400,336,197
2022,3,A,골목상권,2110811,보라매역 4번,2766,1733,1033,6,446,755,710,512,337,4,184,499,472,333,241,2,262,256,238,179,96
2022,3,A,골목상권,2110810,영신초등학교,3517,1894,1623,3,458,736,791,799,730,0,206,397,450,391,450,3,252,339,341,408,280
2022,3,A,골목상권,2110809,장훈고등학교,1606,910,696,1,204,371,337,337,356,0,98,181,189,193,249,1,106,190,148,144,107
2022,3,A,골목상권,2110808,신길역 1번,1592,740,852,5,182,313,417,413,262,2,80,156,192,166,144,3,102,157,225,247,118
2022,3,A,골목상권,2110807,신길역 3번,1638,807,831,11,174,333,401,411,308,8,82,179,196,176,166,3,92,154,205,235,142
2022,3,A,골목상권,2110806,서울시립영등포장애인복지관,2387,1673,714,16,364,520,569,547,371,8,193,343,417,410,302,8,171,177,152,137,69
2022,3,A,골목상권,2110805,신길새마을금고신길4동지점,1216,700,516,1,199,271,315,295,135,0,101,161,180,161,97,1,98,110,135,134,38
2022,3,A,골목상권,2110804,신풍역 1번,2372,1166,1206,3,272,549,698,504,346,2,123,257,287,245,252,1,149,292,411,259,94
2022,3,A,골목상권,2110803,신길2동우편취급국,2509,1438,1071,6,234,521,553,547,648,3,108,251,286,304,486,3,126,270,267,243,162
2022,3,A,골목상권,2110802,신길동홍어거리,1971,1091,880,2,192,411,401,426,539,0,72,183,199,241,396,2,120,228,202,185,143
2022,3,A,골목상권,2110801,신풍역 6번(신길6동공영주차장),301,115,186,1,34,45,73,79,69,0,1,15,27,34,38,1,33,30,46,45,31
2022,3,A,골목상권,2110800,영등포동성당,5362,2916,2446,19,1329,1256,1139,983,636,8,431,652,702,637,486,11,898,604,437,346,150
2022,3,A,골목상권,2110799,영등포본동주민센터,3983,2135,1848,33,649,947,932,981,441,14,258,423,511,605,324,19,391,524,421,376,117
2022,3,A,골목상권,2110798,신풍역 2번,2122,1241,881,11,207,502,639,459,304,7,108,296,321,278,231,4,99,206,318,181,73
2022,3,A,골목상권,2110797,KT대방빌딩,3144,1496,1648,9,820,808,770,523,214,6,240,402,374,312,162,3,580,406,396,211,52
2022,3,A,골목상권,2110796,한림대학교한강성심병원,5632,3268,2364,8,1305,1322,1284,1015,698,0,411,703,861,726,567,8,894,619,423,289,131
2022,3,A,골목상권,2110795,도림초등학교,1828,1023,805,5,184,344,440,434,421,3,71,175,248,241,285,2,113,169,192,193,136
2022,3,A,골목상권,2110794,영동초등학교,8718,5133,3585,8,1743,2212,2176,1709,870,4,679,1371,1441,1029,609,4,1064,841,735,680,261
2022,3,A,골목상권,2110793,대림썬프라자,2818,1319,1499,8,768,694,688,474,186,5,217,345,325,283,144,3,551,349,363,191,42
2022,3,A,골목상권,2110792,영등포역 2번,5923,3190,2733,47,860,1497,1434,1376,709,16,347,682,787,863,495,31,513,815,647,513,214
2022,3,A,골목상권,2110791,신풍역 3번,1383,586,797,2,125,278,433,323,222,1,61,103,121,135,165,1,64,175,312,188,57
2022,3,A,골목상권,2110790,대림1동주민센터,2429,1435,994,10,228,503,715,574,399,6,126,305,368,341,289,4,102,198,347,233,110
2022,3,A,골목상권,2110789,대림성모병원,4450,2148,2302,2,1231,1263,925,658,371,2,390,671,514,343,228,0,841,592,411,315,143
2022,3,A,골목상권,2110788,영등포시장역 3번,1667,1051,616,4,180,309,409,385,380,2,99,204,272,245,229,2,81,105,137,140,151
2022,3,A,골목상권,2110787,신길3동주민센터,1222,699,523,4,115,241,343,317,202,4,48,124,193,184,146,0,67,117,150,133,56
2022,3,A,골목상권,2110786,당산역 8번,7825,5499,2326,20,1077,1908,2064,1786,970,6,520,1259,1536,1421,757,14,557,649,528,365,213
2022,3,A,골목상권,2110785,영등포푸르지오아파트,2451,1619,832,9,260,554,675,578,375,6,121,360,452,397,283,3,139,194,223,181,92
2022,3,A,골목상권,2110784,신대림초등학교,1107,505,602,0,169,239,283,265,151,0,37,90,140,139,99,0,132,149,143,126,52
2022,3,A,골목상권,2110783,영등포시장역 1번,4972,3155,1817,7,670,1173,1173,1290,659,4,428,837,769,737,380,3,242,336,404,553,279
2022,3,A,골목상권,2110782,영등포시장역 4번,2465,1324,1141,11,360,533,568,540,453,3,132,283,346,306,254,8,228,250,222,234,199
2022,3,A,골목상권,2110781,대림한신아파트,2334,1304,1030,3,330,410,531,592,468,0,115,225,289,336,339,3,215,185,242,256,129
2022,3,A,골목상권,2110780,신길대성유니드아파트,1455,969,486,1,140,290,376,383,265,1,90,176,235,250,217,0,50,114,141,133,48
2022,3,A,골목상권,2110779,대림갑을명가아파트,1069,666,403,1,100,175,270,315,208,0,50,111,168,188,149,1,50,64,102,127,59
2022,3,A,골목상권,2110778,구로디지털단지역 4번,17970,10395,7575,62,3849,6187,4533,2071,1268,25,1650,3691,2861,1304,864,37,2199,2496,1672,767,404
2022,3,A,골목상권,2110777,구로세무서,8769,5040,3729,42,1718,2576,2320,1425,688,12,658,1412,1465,941,552,30,1060,1164,855,484,136
2022,3,A,골목상권,2110776,도신초등학교,4733,3293,1440,15,581,1138,1372,1021,606,5,303,810,1017,693,465,10,278,328,355,328,141
2022,3,A,골목상권,2110775,대동초등학교,2459,1332,1127,3,269,325,473,553,836,2,89,164,242,302,533,1,180,161,231,251,303
2022,3,A,골목상권,2110774,당산반도유보라팰리스아파트,8457,4962,3495,26,1814,2431,1605,1556,1025,16,821,1362,1009,1027,727,10,993,1069,596,529,298
2022,3,A,골목상권,2110773,당산역 13번,2905,1950,955,5,412,582,610,614,682,2,235,382,388,415,528,3,177,200,222,199,154
2022,3,A,골목상권,2110772,신우어린이공원,2997,2132,865,12,429,826,887,541,302,4,220,608,699,381,220,8,209,218,188,160,82
2022,3,A,골목상권,2110771,대림역 11번,2948,1669,1279,6,319,411,591,693,928,2,109,223,321,410,604,4,210,188,270,283,324
2022,3,A,골목상권,2110770,영등포구청역 6번,4260,2620,1640,11,498,892,1114,882,863,8,216,483,672,580,661,3,282,409,442,302,202
2022,3,A,골목상권,2110769,대림차이나타운(대림역 12번),2722,1534,1188,6,326,457,574,598,761,4,134,255,332,345,464,2,192,202,242,253,297
2022,3,A,골목상권,2110768,도림2동유수지내체육시설,2354,1370,984,12,303,517,598,503,421,8,98,264,326,358,316,4,205,253,272,145,105
2022,3,A,골목상권,2110767,도림동주민센터,3182,1885,1297,15,390,687,802,650,638,9,145,362,448,425,496,6,245,325,354,225,142
2022,3,A,골목상권,2110766,대림역 5번,11181,7292,3889,23,1207,2226,2566,2591,2568,10,630,1648,1904,1582,1518,13,577,578,662,1009,1050
2022,3,A,골목상권,2110765,문래동사거리,7830,4633,3197,26,1429,2100,2107,1368,800,12,580,1203,1318,865,655,14,849,897,789,503,145
2022,3,A,골목상권,2110764,문래역 3번,4607,2577,2030,6,1067,1049,1088,744,653,3,348,575,673,486,492,3,719,474,415,258,161
2022,3,A,골목상권,2110763,영등포구청역 2번,8695,4343,4352,23,1697,2301,1702,1681,1291,12,718,1211,954,756,692,11,979,1090,748,925,599
2022,3,A,골목상권,2110762,선유도역 1번,13668,7921,5747,38,2474,3715,3705,2298,1438,14,1069,2259,2141,1374,1064,24,1405,1456,1564,924,374
2022,3,A,골목상권,2110761,문래동남성맨션,2530,1610,920,7,264,524,672,539,524,2,128,308,394,353,425,5,136,216,278,186,99
2022,3,A,골목상권,2110760,선유도역 6번,12817,7184,5633,36,2497,3665,3582,1995,1042,13,1072,2185,2010,1151,753,23,1425,1480,1572,844,289
2022,3,A,골목상권,2110759,문래예술촌(문래창작촌),66557,51492,15065,62,8833,22832,21900,9809,3121,32,5445,17498,18835,7910,1772,30,3388,5334,3065,1899,1349
2022,3,A,골목상권,2110758,문래소공원,15574,8153,7421,106,3451,3930,3390,3353,1344,31,1573,2867,1720,962,1000,75,1878,1063,1670,2391,344
2022,3,A,골목상권,2110757,양평역 2번,5127,3795,1332,16,638,1290,1232,1011,940,8,379,981,930,735,762,8,259,309,302,276,178
2022,3,A,골목상권,2110756,문래중학교,2728,1912,816,3,291,594,707,629,504,0,153,434,496,443,386,3,138,160,211,186,118
2022,3,A,골목상권,2110755,동일여자고등학교,2135,1066,1069,22,282,514,513,476,328,16,133,279,259,198,181,6,149,235,254,278,147
2022,3,A,골목상권,2110754,삼성산자연공원(서울금천초등학교),2472,1302,1170,24,320,567,623,566,372,17,150,318,341,253,223,7,170,249,282,313,149
2022,3,A,골목상권,2110753,시흥동 은행나무사거리,2070,1119,951,8,216,426,499,538,383,7,110,244,247,282,229,1,106,182,252,256,154
2022,3,A,골목상권,2110752,한울중학교,2508,1442,1066,13,371,511,631,654,328,10,227,286,332,344,243,3,144,225,299,310,85
2022,3,A,골목상권,2110751,난곡중학교,5213,3717,1496,5,380,874,998,1011,1945,4,227,511,612,622,1741,1,153,363,386,389,204
2022,3,A,골목상권,2110750,시흥4동주민센터(서울신흥초등학교),1282,735,547,10,177,238,364,328,165,8,95,148,212,156,116,2,82,90,152,172,49
2022,3,A,골목상권,2110749,금산초등학교(금천고등학교),7948,4687,3261,13,583,1162,1851,2068,2271,4,304,743,1058,1128,1450,9,279,419,793,940,821
2022,3,A,골목상권,2110748,백산초등학교,1856,1127,729,1,232,353,454,484,332,1,140,225,265,265,231,0,92,128,189,219,101
2022,3,A,골목상권,2110747,석수역 1번 출입구,1141,853,288,4,75,146,253,309,354,4,50,104,169,220,306,0,25,42,84,89,48
2022,3,A,골목상권,2110746,금천금빛공원(은행나무사거리서측),1310,613,697,2,128,213,354,362,251,1,50,94,162,172,134,1,78,119,192,190,117
2022,3,A,골목상권,2110745,독산동정훈단지,1707,938,769,1,199,309,343,477,378,0,110,127,144,259,298,1,89,182,199,218,80
2022,3,A,골목상권,2110744,독산동성당,2416,1405,1011,3,254,397,504,647,611,2,147,225,267,354,410,1,107,172,237,293,201
2022,3,A,골목상권,2110743,시흥초등학교(시흥1동우체국),2406,1098,1308,8,357,447,616,620,358,6,148,209,284,249,202,2,209,238,332,371,156
2022,3,A,골목상권,2110742,KT금천빌딩(금천구시설관리공단),6015,3720,2295,11,452,843,1212,1435,2062,3,293,570,765,848,1241,8,159,273,447,587,821
2022,3,A,골목상권,2110741,독산2동주민센터,2240,1186,1054,4,289,450,522,614,361,2,144,230,254,308,248,2,145,220,268,306,113
2022,3,A,골목상권,2110740,금천해태공원,3416,1807,1609,19,676,847,769,717,388,14,314,474,387,335,283,5,362,373,382,382,105
2022,3,A,골목상권,2110739,시흥3동 우편취급국,6352,3608,2744,12,450,863,1467,1666,1894,3,234,571,836,841,1123,9,216,292,631,825,771
2022,3,A,골목상권,2110738,문성초등학교,2977,1790,1187,13,415,599,717,708,525,4,242,374,447,400,323,9,173,225,270,308,202
2022,3,A,골목상권,2110737,금천세무서,2285,1396,889,11,291,455,570,573,385,2,149,254,326,364,301,9,142,201,244,209,84
2022,3,A,골목상권,2110736,독산119안전센터,3398,2048,1350,7,368,585,749,938,751,2,210,356,449,533,498,5,158,229,300,405,253
2022,3,A,골목상권,2110735,말미고개,3342,1951,1391,9,413,671,745,902,602,5,210,391,419,491,435,4,203,280,326,411,167
2022,3,A,골목상권,2110734,금천파출소,2086,924,1162,8,492,580,438,382,186,3,209,294,191,141,86,5,283,286,247,241,100
2022,3,A,골목상권,2110733,금천어울림복지센터,3444,1825,1619,7,384,863,854,918,418,7,139,357,436,581,305,0,245,506,418,337,113
2022,3,A,골목상권,2110732,가산초등학교(세일중학교),3569,2253,1316,15,480,731,846,865,632,5,267,437,485,565,494,10,213,294,361,300,138
2022,3,A,골목상권,2110731,금천구청역 1번 출입구,4713,2376,2337,15,717,1254,1089,1102,536,10,295,567,515,637,352,5,422,687,574,465,184
2022,3,A,골목상권,2110730,서울축산농협 독산역지점(독산파출소),8706,5284,3422,16,575,977,1154,1734,4250,13,301,608,665,989,2708,3,274,369,489,745,1542
2022,3,A,골목상권,2110729,가산동우체국,7733,4618,3115,35,1115,1778,1866,1386,1553,23,591,1099,1184,849,872,12,524,679,682,537,681
2022,3,A,골목상권,2110728,두산초등학교,18360,12147,6213,48,2128,4025,3814,3397,4948,34,1169,2673,2717,2302,3252,14,959,1352,1097,1095,1696
2022,3,A,골목상권,2110727,독산역 1번 출입구,17476,11439,6037,47,2095,3867,3580,3098,4789,35,1158,2571,2539,2068,3068,12,937,1296,1041,1030,1721
2022,3,A,골목상권,2110726,금천철쭉어린이공원(금하마을),1309,861,448,13,192,244,273,324,263,11,121,165,185,179,200,2,71,79,88,145,63
2022,3,A,골목상권,2110725,가산동주민센터,17959,10649,7310,54,3657,5220,4231,2774,2023,36,1832,3225,2688,1581,1287,18,1825,1995,1543,1193,736
2022,3,A,골목상권,2110724,금천구립가산도서관,16529,10406,6123,48,2688,4775,4093,3007,1918,31,1461,3038,2801,1938,1137,17,1227,1737,1292,1069,781
2022,3,A,골목상권,2110723,가산디지털단지역 1번 출입구,30711,20313,10398,125,6526,9665,7684,4343,2368,83,3343,6435,5555,3044,1853,42,3183,3230,2129,1299,515
2022,3,A,골목상권,2110722,G타워,30854,19064,11790,91,6081,10458,8099,3836,2289,44,2876,6665,5338,2458,1683,47,3205,3793,2761,1378,606
2022,3,A,골목상권,2110721,가리봉파출소,16201,10773,5428,61,3049,5067,4125,2440,1459,38,1654,3498,2950,1549,1084,23,1395,1569,1175,891,375
2022,3,A,골목상권,2110720,대림역 2번,3054,2008,1046,3,284,548,746,896,577,2,135,315,486,651,419,1,149,233,260,245,158
2022,3,A,골목상권,2110719,영서중학교,16106,11484,4622,81,3373,5212,3875,2184,1381,58,1839,3643,3031,1716,1197,23,1534,1569,844,468,184
2022,3,A,골목상권,2110718,한국SGI본부,11273,7495,3778,38,1568,2695,2863,2448,1661,30,912,1907,2037,1549,1060,8,656,788,826,899,601
2022,3,A,골목상권,2110717,남구로역 2번,32359,21997,10362,139,6433,10200,7892,4583,3112,93,3413,6993,5797,3191,2510,46,3020,3207,2095,1392,602
2022,3,A,골목상권,2110716,구로나눔길,5187,2873,2314,7,627,1401,1218,1332,602,3,283,752,655,825,355,4,344,649,563,507,247
2022,3,A,골목상권,2110715,구로구민회관,9631,5743,3888,10,1097,2247,2356,2343,1578,7,543,1415,1484,1362,932,3,554,832,872,981,646
2022,3,A,골목상권,2110714,구로4동주민센터,6726,4005,2721,16,736,1595,1535,1881,963,10,334,852,897,1259,653,6,402,743,638,622,310
2022,3,A,골목상권,2110713,구로보건소,8744,5422,3322,19,1294,2210,2371,1815,1035,12,670,1411,1510,1110,709,7,624,799,861,705,326
2022,3,A,골목상권,2110712,남구로역 5번,1744,993,751,8,222,353,399,367,395,5,113,205,206,195,269,3,109,148,193,172,126
2022,3,A,골목상권,2110711,구로초등학교,6650,3489,3161,18,1043,1686,1509,1570,824,6,423,836,776,935,513,12,620,850,733,635,311
2022,3,A,골목상권,2110710,남구로역 3번,23954,15662,8292,83,4830,7403,5886,3524,2228,55,2475,4912,4114,2389,1717,28,2355,2491,1772,1135,511
2022,3,A,골목상권,2110709,구로119안전센터,1617,786,831,4,193,275,354,466,325,2,81,147,192,183,181,2,112,128,162,283,144
2022,3,A,골목상권,2110708,화원어린이공원,2555,1302,1253,12,557,671,568,393,354,4,188,310,307,231,262,8,369,361,261,162,92
2022,3,A,골목상권,2110707,구로창업지원센터,7830,5732,2098,13,782,2138,2103,1720,1074,10,450,1587,1593,1259,833,3,332,551,510,461,241
2022,3,A,골목상권,2110706,그라운드 고척,3644,2363,1281,2,400,761,863,902,716,2,204,446,507,589,615,0,196,315,356,313,101
2022,3,A,골목상권,2110705,고산초등학교,3225,2124,1101,3,369,685,744,785,639,2,191,401,432,537,561,1,178,284,312,248,78
2022,3,A,골목상권,2110704,고척중학교,4524,2700,1824,4,515,986,1072,1090,857,3,263,536,545,647,706,1,252,450,527,443,151
2022,3,A,골목상권,2110703,개봉역,9690,5377,4313,42,1449,2320,2204,2355,1320,22,833,1480,1106,1120,816,20,616,840,1098,1235,504
2022,3,A,골목상권,2110702,개봉초등학교,1617,846,771,1,165,337,431,400,283,1,75,158,210,220,182,0,90,179,221,180,101
2022,3,A,골목상권,2110701,고척동성당,5140,3853,1287,8,508,1129,1442,1653,400,2,289,824,1107,1322,309,6,219,305,335,331,91
2022,3,A,골목상권,2110700,고척초등학교,6601,4680,1921,11,615,1436,1850,2027,662,8,337,1015,1342,1521,457,3,278,421,508,506,205
2022,3,A,골목상권,2110699,덕의초등학교,2600,1666,934,9,324,610,655,684,318,7,201,404,412,402,240,2,123,206,243,282,78
2022,3,A,골목상권,2110698,개웅초등학교(개웅중학교),2910,1311,1599,8,427,527,747,807,394,6,221,286,281,277,240,2,206,241,466,530,154
2022,3,A,골목상권,2110697,개봉3동주민센터,1428,921,507,1,203,343,360,295,226,1,94,230,241,189,166,0,109,113,119,106,60
2022,3,A,골목상권,2110696,오류동역 1번,4076,2551,1525,35,946,1200,792,628,475,18,525,831,467,354,356,17,421,369,325,274,119
2022,3,A,골목상권,2110695,개봉1동주민센터,2553,1495,1058,8,234,615,670,616,410,7,123,360,373,358,274,1,111,255,297,258,136
2022,3,A,골목상권,2110694,세곡초등학교,2298,1341,957,2,220,480,607,605,384,0,116,267,319,344,295,2,104,213,288,261,89
2022,3,A,골목상권,2110693,오류동역 4번,2869,1936,933,4,380,544,701,802,438,3,304,369,458,494,308,1,76,175,243,308,130
2022,3,A,골목상권,2110692,큰굴다리,3501,2336,1165,5,490,701,888,977,440,4,368,470,568,604,322,1,122,231,320,373,118
2022,3,A,골목상권,2110691,개봉중학교,2257,1344,913,6,255,488,536,603,369,1,144,293,301,330,275,5,111,195,235,273,94
2022,3,A,골목상권,2110690,오류2동버들시장,4817,3106,1711,4,590,1020,1245,1208,750,1,375,616,761,791,562,3,215,404,484,417,188
2022,3,A,골목상권,2110689,오류동역 3번,4967,3126,1841,15,602,944,1206,1425,775,8,423,612,737,822,524,7,179,332,469,603,251
2022,3,A,골목상권,2110688,오류지구대,2024,1180,844,6,171,361,499,605,382,5,78,189,275,344,289,1,93,172,224,261,93
2022,3,A,골목상권,2110687,"천왕역 3번(오류2동주민센터, 서울오류남초등학교)",981,590,391,3,93,218,282,256,129,1,38,109,165,171,106,2,55,109,117,85,23
2022,3,A,골목상권,2110686,수궁동주민센터,2464,1418,1046,9,230,424,607,718,476,7,102,232,349,412,316,2,128,192,258,306,160
2022,3,A,골목상권,2110685,금강수목원아파트,1251,894,357,2,77,226,345,363,238,1,41,140,228,277,207,1,36,86,117,86,31
2022,3,A,골목상권,2110684,서울공연예술고등학교,1390,797,593,5,149,304,373,389,170,2,71,177,213,231,103,3,78,127,160,158,67
2022,3,A,골목상권,2110683,오류고등학교,1310,758,552,5,143,298,351,350,163,2,69,173,204,211,99,3,74,125,147,139,64
2022,3,A,골목상권,2110682,온수역 8번,1099,772,327,1,51,177,251,337,282,1,28,91,144,242,266,0,23,86,107,95,16
2022,3,A,골목상권,2110681,온수역 1번,1119,839,280,1,41,153,236,373,315,1,21,91,147,294,285,0,20,62,89,79,30
2022,3,A,골목상권,2110680,온수역 5번(온수산업단지),1725,1445,280,18,178,273,326,494,436,18,140,217,249,416,405,0,38,56,77,78,31
2022,3,A,골목상권,2110679,염창역 2번,4141,2829,1312,6,438,939,1245,1003,510,4,219,585,882,757,382,2,219,354,363,246,128
2022,3,A,골목상권,2110678,염창무학아파트,2176,1462,714,4,268,527,551,487,339,3,117,349,371,348,274,1,151,178,180,139,65
2022,3,A,골목상권,2110677,등촌역 1번,7770,5001,2769,27,1180,1953,1864,1628,1118,19,526,1215,1243,1143,855,8,654,738,621,485,263
2022,3,A,골목상권,2110676,등촌역 7번,3083,1901,1182,14,465,677,769,692,466,7,196,414,463,448,373,7,269,263,306,244,93
2022,3,A,골목상권,2110675,화곡4동주민센터,3054,1392,1662,8,686,826,628,588,318,5,146,369,300,334,238,3,540,457,328,254,80
2022,3,A,골목상권,2110674,강서구청가양동별관,3250,2202,1048,13,534,769,882,693,359,8,370,541,605,447,231,5,164,228,277,246,128
2022,3,A,골목상권,2110673,뜸부기어린이공원,4546,2072,2474,4,892,1156,994,968,532,2,237,496,489,496,352,2,655,660,505,472,180
2022,3,A,골목상권,2110672,백석중학교,3508,1974,1534,2,408,673,852,913,660,1,179,335,522,544,393,1,229,338,330,369,267
2022,3,A,골목상권,2110671,등촌1동주민센터,14478,9017,5461,47,2628,3590,3369,2781,2063,27,1070,2281,2330,1868,1441,20,1558,1309,1039,913,622
2022,3,A,골목상권,2110670,신곡초등학교,2263,1214,1049,8,288,636,617,494,220,5,142,343,297,278,149,3,146,293,320,216,71
2022,3,A,골목상권,2110669,화곡보람2차아파트,4924,2907,2017,4,1178,1380,951,683,728,3,372,912,716,421,483,1,806,468,235,262,245
2022,3,A,골목상권,2110668,화곡2동주민센터,3376,1859,1517,11,462,856,918,735,394,8,213,465,475,424,274,3,249,391,443,311,120
2022,3,A,골목상권,2110667,가양역 10번,2692,1443,1249,14,455,539,644,615,425,3,213,291,370,318,248,11,242,248,274,297,177
2022,3,A,골목상권,2110666,KC대학교,4814,3125,1689,6,577,1404,1162,1205,460,3,293,836,712,876,405,3,284,568,450,329,55
2022,3,A,골목상권,2110665,곰달래도서관,3026,1676,1350,7,329,573,768,822,527,6,144,324,418,426,358,1,185,249,350,396,169
2022,3,A,골목상권,2110664,강서구청옆,5833,3456,2377,6,812,1721,1459,1348,487,4,363,992,861,906,330,2,449,729,598,442,157
2022,3,A,골목상권,2110663,우장산롯데캐슬아파트앞,11194,6470,4724,40,1626,2878,2757,2837,1056,12,751,1807,1727,1551,622,28,875,1071,1030,1286,434
2022,3,A,골목상권,2110662,까치산역 1번,4227,2462,1765,12,541,1010,1114,1000,550,9,263,585,586,634,385,3,278,425,528,366,165
2022,3,A,골목상권,2110661,강서새말어린이공원,5172,3080,2092,3,619,1428,1352,1332,438,1,266,767,797,928,321,2,353,661,555,404,117
2022,3,A,골목상권,2110660,등촌3동주민센터,11883,6282,5601,49,1613,2452,2671,2721,2377,18,736,1568,1579,1216,1165,31,877,884,1092,1505,1212
2022,3,A,골목상권,2110659,화곡역 4번,5367,2731,2636,20,801,1346,1458,1139,603,15,306,694,725,625,366,5,495,652,733,514,237
2022,3,A,골목상권,2110658,화곡초등학교,4197,2544,1653,2,869,872,820,854,780,0,284,497,482,613,668,2,585,375,338,241,112
2022,3,A,골목상권,2110657,양천향교역 5번,9781,5923,3858,24,1272,2402,2408,2189,1486,12,574,1336,1536,1311,1154,12,698,1066,872,878,332
2022,3,A,골목상권,2110656,까치산역 3번,3493,1986,1507,17,308,641,932,1073,522,15,157,392,539,568,315,2,151,249,393,505,207
2022,3,A,골목상권,2110655,발산역 5번,4383,2015,2368,5,446,729,861,918,1424,3,178,374,438,390,632,2,268,355,423,528,792
2022,3,A,골목상권,2110654,까치산역 4번,3795,2359,1436,18,343,671,982,1195,586,15,175,398,555,770,446,3,168,273,427,425,140
2022,3,A,골목상권,2110653,화곡역 2번,4351,2351,2000,5,944,910,870,876,746,2,268,477,473,554,577,3,676,433,397,322,169
2022,3,A,골목상권,2110652,양천향교역 2번,5710,3599,2111,14,619,1180,1278,1459,1160,8,317,748,781,891,854,6,302,432,497,568,306
2022,3,A,골목상권,2110651,화원중학교,3517,2196,1321,12,349,654,819,1010,673,8,180,416,488,671,433,4,169,238,331,339,240
2022,3,A,골목상권,2110650,우장산힐스테이트,2082,1180,902,4,212,365,470,571,460,3,113,222,268,291,283,1,99,143,202,280,177
2022,3,A,골목상권,2110649,우장산역 1번,2841,1561,1280,6,406,505,632,740,552,3,199,290,339,383,347,3,207,215,293,357,205
2022,3,A,골목상권,2110648,양천향교역 7번,4914,3190,1724,14,579,1057,1190,1108,966,10,283,660,797,661,779,4,296,397,393,447,187
2022,3,A,골목상권,2110647,화곡역 5번,3929,2063,1866,15,520,821,912,968,693,12,208,459,490,506,388,3,312,362,422,462,305
2022,3,A,골목상권,2110646,푸른들청소년도서관,7186,4303,2883,14,953,1663,1774,1762,1020,9,484,1051,1040,999,720,5,469,612,734,763,300
2022,3,A,골목상권,2110645,우장산역 4번,6461,3740,2721,11,778,1499,1702,1666,805,7,412,940,912,880,589,4,366,559,790,786,216
2022,3,A,골목상권,2110644,신광명마을,1529,957,572,8,107,211,408,465,330,5,46,108,229,298,271,3,61,103,179,167,59
2022,3,A,골목상권,2110643,강서구다솔마을,1476,921,555,1,151,323,422,380,199,0,75,205,270,236,135,1,76,118,152,144,64
2022,3,A,골목상권,2110642,정곡초등학교,920,727,193,4,48,120,202,265,281,3,32,78,138,222,254,1,16,42,64,43,27
2022,3,A,골목상권,2110641,공항고등학교,1775,1121,654,5,243,392,434,432,269,4,138,252,239,274,214,1,105,140,195,158,55
2022,3,A,골목상권,2110640,방화역 1번,4701,2998,1703,7,463,1055,1196,1214,766,5,234,553,729,849,628,2,229,502,467,365,138
2022,3,A,골목상권,2110639,신방화역 8번,3267,1552,1715,7,254,358,567,1049,1032,4,117,219,327,397,488,3,137,139,240,652,544
2022,3,A,골목상권,2110638,신방화역 2번,4189,2767,1422,12,450,721,1151,1168,687,9,229,441,775,780,533,3,221,280,376,388,154
2022,3,A,골목상권,2110637,송정역 2번,3090,1452,1638,8,222,392,558,896,1014,1,111,237,333,307,463,7,111,155,225,589,551
2022,3,A,골목상권,2110636,방화역 2번,4034,2575,1459,8,374,758,1201,1084,609,6,202,411,781,702,473,2,172,347,420,382,136
2022,3,A,골목상권,2110635,공항시장역 3번,4028,2022,2006,9,413,625,733,1111,1137,2,185,363,444,461,567,7,228,262,289,650,570
2022,3,A,골목상권,2110634,송정역 3번,2694,1672,1022,6,328,605,702,637,416,1,149,365,440,410,307,5,179,240,262,227,109
2022,3,A,골목상권,2110633,개화산역 1번,2304,1602,702,6,198,412,735,631,322,4,115,256,543,439,245,2,83,156,192,192,77
2022,3,A,골목상권,2110632,방화역 3번,7383,5811,1572,6,736,1634,1983,2247,777,4,551,1255,1531,1831,639,2,185,379,452,416,138
2022,3,A,골목상권,2110631,방화초등학교,2474,1525,949,5,328,491,565,615,470,5,177,298,321,361,363,0,151,193,244,254,107
2022,3,A,골목상권,2110630,공항시장역 1번,33522,17722,15800,6,5643,10995,9040,6314,1524,3,1318,4557,5278,5486,1080,3,4325,6438,3762,828,444
2022,3,A,골목상권,2110629,송정역 4번,31131,16295,14836,1,5401,10620,8646,5741,722,1,1218,4347,5017,5107,605,0,4183,6273,3629,634,117
2022,3,A,골목상권,2110628,신목동역,2970,1823,1147,5,409,809,809,620,318,3,200,461,521,428,210,2,209,348,288,192,108
2022,3,A,골목상권,2110627,신정롯데캐슬아파트,13152,7343,5809,66,2437,4215,3340,2376,718,31,964,2220,2044,1547,537,35,1473,1995,1296,829,181
2022,3,A,골목상권,2110626,양화초등학교,5376,3201,2175,7,707,1254,1523,1314,571,5,310,670,1001,828,387,2,397,584,522,486,184
2022,3,A,골목상권,2110625,신정2동주민센터,19093,11500,7593,116,3148,6062,4842,3763,1162,81,1491,3599,3053,2506,770,35,1657,2463,1789,1257,392
2022,3,A,골목상권,2110624,목동문화체육센터,2321,1175,1146,1,328,550,660,492,290,1,169,289,299,229,188,0,159,261,361,263,102
2022,3,A,골목상권,2110623,갈산공원,1938,1165,773,6,220,476,489,421,326,4,121,280,280,244,236,2,99,196,209,177,90
2022,3,A,골목상권,2110622,달마을공원,4416,2669,1747,3,560,997,1287,1119,450,2,275,579,819,688,306,1,285,418,468,431,144
2022,3,A,골목상권,2110621,목동역 5번,9489,5120,4369,21,1849,2483,2292,1693,1151,12,701,1376,1387,935,709,9,1148,1107,905,758,442
2022,3,A,골목상권,2110620,목동보건지소,4227,2213,2014,7,503,1016,1212,975,514,5,250,571,551,479,357,2,253,445,661,496,157
2022,3,A,골목상권,2110619,목4동주민센터,3721,1714,2007,6,823,1066,907,664,255,2,194,461,482,378,197,4,629,605,425,286,58
2022,3,A,골목상권,2110618,강서고등학교,4292,2255,2037,8,835,1131,1004,886,428,4,221,551,572,565,342,4,614,580,432,321,86
2022,3,A,골목상권,2110617,등촌역 4번,3438,1930,1508,2,451,781,858,856,490,0,208,454,481,453,334,2,243,327,377,403,156
2022,3,A,골목상권,2110616,양목초등학교,1799,899,900,5,181,390,400,460,363,2,68,196,194,233,206,3,113,194,206,227,157
2022,3,A,골목상권,2110615,신서초등학교,8009,4605,3404,28,1503,2016,1895,1652,915,24,525,1225,1134,1015,682,4,978,791,761,637,233
2022,3,A,골목상권,2110614,목동로데오거리,2729,1267,1462,3,368,601,686,671,400,2,129,258,320,327,231,1,239,343,366,344,169
2022,3,A,골목상권,2110613,신정네거리역 4번,662,330,332,1,82,146,146,151,136,1,28,65,62,82,92,0,54,81,84,69,44
2022,3,A,골목상권,2110612,신정역 5번,4880,2815,2065,12,941,776,869,924,1358,5,300,381,452,509,1168,7,641,395,417,415,190
2022,3,A,골목상권,2110611,신정역 1번,5571,3252,2319,20,1009,852,985,1191,1514,13,358,475,562,627,1217,7,651,377,423,564,297
2022,3,A,골목상권,2110610,계남근린공원,2806,1832,974,4,367,839,889,389,318,1,175,534,672,250,200,3,192,305,217,139,118
2022,3,A,골목상권,2110609,신정네거리역 2번,3335,2512,823,7,218,342,581,655,1532,2,101,191,310,462,1446,5,117,151,271,193,86
2022,3,A,골목상권,2110608,신월2동주민센터,3976,2139,1837,15,369,670,1059,1102,761,11,184,386,521,524,513,4,185,284,538,578,248
2022,3,A,골목상권,2110607,금빛새마을금고본점,2998,2422,576,7,172,293,469,558,1499,3,99,181,289,411,1439,4,73,112,180,147,60
2022,3,A,골목상권,2110606,신한은행 신월동지점,3615,2480,1135,3,177,372,789,1154,1120,1,78,207,430,795,969,2,99,165,359,359,151
2022,3,A,골목상권,2110605,목동센트럴아이파크앞,1754,989,765,2,116,242,435,576,383,0,50,131,215,314,279,2,66,111,220,262,104
2022,3,A,골목상권,2110604,신월4동주민센터,3244,2266,978,5,220,414,690,1030,885,2,102,228,416,732,786,3,118,186,274,298,99
2022,3,A,골목상권,2110603,지향초등학교,2592,1701,891,3,160,370,659,856,544,0,64,217,403,589,428,3,96,153,256,267,116
2022,3,A,골목상권,2110602,신월시영아파트중문,3451,2409,1042,4,231,412,798,1090,916,2,141,263,470,758,775,2,90,149,328,332,141
2022,3,A,골목상권,2110601,신월1동우편취급국,3018,1984,1034,9,310,532,728,944,495,4,169,341,467,618,385,5,141,191,261,326,110
2022,3,A,골목상권,2110600,신월7동주민센터,4589,3041,1548,5,349,562,844,1298,1531,3,190,349,550,894,1055,2,159,213,294,404,476
2022,3,A,골목상권,2110599,신월1파출소,1954,1183,771,4,189,357,509,638,257,2,104,206,281,401,189,2,85,151,228,237,68
2022,3,A,골목상권,2110598,신월문화체육센터,4415,2906,1509,4,469,723,911,1046,1262,3,347,549,598,639,770,1,122,174,313,407,492
2022,3,A,골목상권,2110597,신월1동주민센터,3247,1879,1368,5,328,631,701,902,680,2,149,350,364,551,463,3,179,281,337,351,217
2022,3,A,골목상권,2110596,서서울호수공원,2414,1520,894,5,296,458,530,682,443,2,143,270,315,430,360,3,153,188,215,252,83
2022,3,A,골목상권,2110595,메디힐병원,3307,1776,1531,2,345,697,733,878,652,1,148,334,364,502,427,1,197,363,369,376,225
2022,3,A,골목상권,2110594,신월중학교,1610,737,873,7,235,411,427,385,145,4,83,171,183,194,102,3,152,240,244,191,43
2022,3,A,골목상권,2110593,신월3동주민센터,1979,1072,907,1,214,366,444,532,422,0,79,159,206,310,318,1,135,207,238,222,104
2022,3,A,골목상권,2110592,서울금융고등학교,1788,1020,768,0,177,357,377,459,418,0,64,141,192,300,323,0,113,216,185,159,95
2022,3,A,골목상권,2110591,충정로역 6번,5404,3164,2240,0,955,1528,1449,912,560,0,477,884,839,590,374,0,478,644,610,322,186
2022,3,A,골목상권,2110590,만리재,1948,972,976,1,255,425,499,527,241,1,93,214,253,264,147,0,162,211,246,263,94
2022,3,A,골목상권,2110589,애오개역 3번,2670,1166,1504,0,463,870,876,364,97,0,172,429,389,118,58,0,291,441,487,246,39
2022,3,A,골목상권,2110588,한겨레신문사,2850,1529,1321,2,519,639,724,652,314,2,285,398,335,314,195,0,234,241,389,338,119
2022,3,A,골목상권,2110587,공덕동주민센터,6321,3515,2806,22,1145,1800,1749,1153,452,5,525,961,999,724,301,17,620,839,750,429,151
2022,3,A,골목상권,2110586,서울서부지방법원,19070,11193,7877,90,3888,5775,5319,3123,875,33,1607,3200,3429,2296,628,57,2281,2575,1890,827,247
2022,3,A,골목상권,2110585,마포경찰서,7079,4166,2913,8,1235,2487,2119,968,262,1,618,1463,1293,626,165,7,617,1024,826,342,97
2022,3,A,골목상권,2110584,아현역 4번,1593,827,766,2,374,498,331,224,164,1,138,271,180,129,108,1,236,227,151,95,56
2022,3,A,골목상권,2110583,공덕래미안3차아파트,10579,6407,4172,38,1986,3371,2915,1800,469,9,938,1908,1883,1348,321,29,1048,1463,1032,452,148
2022,3,A,골목상권,2110582,이대역 5번,996,382,614,2,125,209,275,242,143,1,27,57,87,121,89,1,98,152,188,121,54
2022,3,A,골목상권,2110581,염리초등학교,11991,6894,5097,24,1766,2851,3013,2599,1738,10,963,1752,1839,1304,1026,14,803,1099,1174,1295,712
2022,3,A,골목상권,2110580,양원초등학교,835,410,425,3,122,173,205,202,130,2,34,88,96,111,79,1,88,85,109,91,51
2022,3,A,골목상권,2110579,마포역 4번,6836,4344,2492,8,1268,1844,1726,1271,719,6,552,1114,1202,925,545,2,716,730,524,346,174
2022,3,A,골목상권,2110578,대흥역 2번,7403,4583,2820,89,1498,1733,1653,1512,918,34,738,1064,1090,1038,619,55,760,669,563,474,299
2022,3,A,골목상권,2110577,용강동주민센터,7757,4680,3077,78,1507,2186,1956,1205,825,29,743,1309,1275,779,545,49,764,877,681,426,280
2022,3,A,골목상권,2110576,대흥역 3번,5951,3670,2281,79,1016,1372,1330,1278,876,29,500,853,887,811,590,50,516,519,443,467,286
2022,3,A,골목상권,2110575,대흥동주민센터,4424,2010,2414,64,2141,1019,506,453,241,21,801,499,233,280,176,43,1340,520,273,173,65
2022,3,A,골목상권,2110574,서강대학교,1561,918,643,4,194,350,405,384,224,2,93,205,256,209,153,2,101,145,149,175,71
2022,3,A,골목상권,2110573,신촌역 6번,3966,1771,2195,61,2020,931,425,343,186,20,758,445,208,214,126,41,1262,486,217,129,60
2022,3,A,골목상권,2110572,서강대역 1번,9068,4445,4623,72,2764,2315,1724,1543,650,26,1022,1103,935,954,405,46,1742,1212,789,589,245
2022,3,A,골목상권,2110571,신수동주민센터,6299,3573,2726,14,776,1656,1652,1511,690,10,303,790,929,1038,503,4,473,866,723,473,187
2022,3,A,골목상권,2110570,KB국민은행 서강지점,1996,1235,761,10,256,489,549,383,309,9,126,290,317,252,241,1,130,199,232,131,68
2022,3,A,골목상권,2110569,홍대땡땡거리,4784,2362,2422,15,981,1209,1107,899,573,8,435,650,554,397,318,7,546,559,553,502,255
2022,3,A,골목상권,2110568,광흥창역 1번,2827,1531,1296,2,399,755,771,659,241,0,117,361,454,445,154,2,282,394,317,214,87
2022,3,A,골목상권,2110567,광흥창역 6번,2158,1187,971,2,280,488,570,500,318,0,88,208,312,318,261,2,192,280,258,182,57
2022,3,A,골목상권,2110566,경의선책거리,10071,5990,4081,33,1755,2290,2438,2032,1523,20,865,1338,1493,1197,1077,13,890,952,945,835,446
2022,3,A,골목상권,2110565,홍익대,4742,3246,1496,13,762,1139,1187,937,704,7,414,751,851,666,557,6,348,388,336,271,147
2022,3,A,골목상권,2110564,홍대입구역 3번,5143,2795,2348,17,919,1276,1149,1001,781,12,343,638,645,612,545,5,576,638,504,389,236
2022,3,A,골목상권,2110563,상수역 3번,1950,1182,768,20,422,582,432,300,194,14,197,341,286,205,139,6,225,241,146,95,55
2022,3,A,골목상권,2110562,연트럴파크(연남동주민센터),4252,2404,1848,9,682,1050,1057,868,586,8,291,605,590,495,415,1,391,445,467,373,171
2022,3,A,골목상권,2110561,상수역 4번,3164,1891,1273,31,678,957,732,501,265,20,308,561,479,325,198,11,370,396,253,176,67
2022,3,A,골목상권,2110560,마포FM,6502,3860,2642,16,982,1627,1454,1287,1136,10,407,959,988,793,703,6,575,668,466,494,433
2022,3,A,골목상권,2110559,성산중학교,5087,2952,2135,21,936,1483,1317,912,418,13,364,796,845,628,306,8,572,687,472,284,112
2022,3,A,골목상권,2110558,경성고등학교,5587,3527,2060,22,775,1348,1393,1232,817,18,394,800,884,814,617,4,381,548,509,418,200
2022,3,A,골목상권,2110557,홍대부속여중고앞,9427,5263,4164,23,1361,2238,2227,1745,1833,17,545,1184,1349,937,1231,6,816,1054,878,808,602
2022,3,A,골목상권,2110556,절두산순교성지,1684,1064,620,5,244,483,463,361,128,5,104,278,313,266,98,0,140,205,150,95,30
2022,3,A,골목상권,2110555,홍익지구대,4079,2137,1942,11,689,1073,1062,755,489,6,236,510,626,449,310,5,453,563,436,306,179
2022,3,A,골목상권,2110554,망원역 1번,7782,4228,3554,15,1168,1783,1913,1422,1481,10,461,862,1004,783,1108,5,707,921,909,639,373
2022,3,A,골목상권,2110553,가좌역 2번,2187,1399,788,4,204,388,539,613,439,2,92,207,352,431,315,2,112,181,187,182,124
2022,3,A,골목상권,2110552,성미산체육관,3504,2146,1358,9,471,801,906,820,497,5,221,455,546,576,343,4,250,346,360,244,154
2022,3,A,골목상권,2110551,성서초등학교,3701,2140,1561,4,377,635,877,713,1095,4,160,324,410,372,870,0,217,311,467,341,225
2022,3,A,골목상권,2110550,합정역 8번,6172,3370,2802,15,1101,1610,1524,1115,807,10,445,802,926,667,520,5,656,808,598,448,287
2022,3,A,골목상권,2110549,새터산,3175,1870,1305,8,386,657,845,821,458,5,193,379,479,513,301,3,193,278,366,308,157
2022,3,A,골목상권,2110548,마포구청역 4번,6841,4101,2740,18,906,1347,1531,1972,1067,10,478,942,1005,1003,663,8,428,405,526,969,404
2022,3,A,골목상권,2110547,KB국민은행 망원동지점,7219,4458,2761,19,879,1335,1493,1861,1632,11,452,900,987,934,1174,8,427,435,506,927,458
2022,3,A,골목상권,2110546,양화대교북단,2197,1293,904,3,397,587,543,403,264,3,182,321,363,255,169,0,215,266,180,148,95
2022,3,A,골목상권,2110545,마포구청역 1번,5795,3278,2517,19,697,1071,1239,1869,900,11,398,782,801,813,473,8,299,289,438,1056,427
2022,3,A,골목상권,2110544,망리단길,7556,4327,3229,18,1463,1819,1641,1152,1463,8,731,897,847,686,1158,10,732,922,794,466,305
2022,3,A,골목상권,2110543,중암중학교,833,554,279,1,60,103,162,253,254,0,22,52,83,160,237,1,38,51,79,93,17
2022,3,A,골목상권,2110542,마포구청역 7번,5884,3486,2398,20,759,1112,1284,1743,966,11,396,791,870,831,587,9,363,321,414,912,379
2022,3,A,골목상권,2110541,동교초등학교,2316,1291,1025,5,338,448,612,521,392,4,142,250,332,300,263,1,196,198,280,221,129
2022,3,A,골목상권,2110540,망원나들목체육관,2127,1225,902,8,673,639,396,264,147,1,405,345,203,164,107,7,268,294,193,100,40
2022,3,A,골목상권,2110539,미근동,14579,8531,6048,43,2341,4872,3956,2487,880,20,916,2720,2470,1715,690,23,1425,2152,1486,772,190
2022,3,A,골목상권,2110538,충정로역 3번,8936,5270,3666,3,1399,2608,2582,1705,639,2,713,1645,1547,938,425,1,686,963,1035,767,214
2022,3,A,골목상권,2110537,충정로현대아파트,9389,5851,3538,15,1288,2694,2554,1994,844,9,654,1734,1643,1241,570,6,634,960,911,753,274
2022,3,A,골목상권,2110536,돈의문센트레빌아파트입구,4662,2901,1761,17,762,1317,1072,1005,489,12,332,727,714,746,370,5,430,590,358,259,119
2022,3,A,골목상권,2110535,영천시장입구,2014,972,1042,4,231,383,512,581,303,2,70,167,254,298,181,2,161,216,258,283,122
2022,3,A,골목상권,2110534,경기대학교,4575,2795,1780,4,723,1180,1049,884,735,1,313,680,710,586,505,3,410,500,339,298,230
2022,3,A,골목상권,2110533,충정로역 7번,3621,2255,1366,1,528,952,988,704,448,0,271,584,646,462,292,1,257,368,342,242,156
2022,3,A,골목상권,2110532,아현역 2번,2100,1204,896,3,447,553,442,378,277,1,170,320,262,259,192,2,277,233,180,119,85
2022,3,A,골목상권,2110531,홍지문,1399,662,737,3,176,371,355,334,160,0,59,172,172,157,102,3,117,199,183,177,58
2022,3,A,골목상권,2110530,아현역 1번,1496,797,699,2,376,474,297,209,138,1,141,271,169,125,90,1,235,203,128,84,48
2022,3,A,골목상권,2110529,홍제3동주민센터,1380,676,704,4,168,199,285,330,394,1,54,91,126,173,231,3,114,108,159,157,163
2022,3,A,골목상권,2110528,서울여자간호대학교,7645,1571,6074,6,224,518,2027,3660,1210,1,77,161,357,465,510,5,147,357,1670,3195,700
2022,3,A,골목상권,2110527,홍제역 2번,1970,1012,958,5,240,306,504,602,313,1,71,168,245,337,190,4,169,138,259,265,123
2022,3,A,골목상권,2110526,봉원사,3964,2083,1881,1,506,1026,1032,955,444,1,183,424,540,636,299,0,323,602,492,319,145
2022,3,A,골목상권,2110525,홍은종합사회복지관,7540,1491,6049,3,208,498,1991,3642,1198,1,81,160,323,442,484,2,127,338,1668,3200,714
2022,3,A,골목상권,2110524,연희세브란스병원,2431,1469,962,0,349,692,566,565,259,0,160,328,325,444,212,0,189,364,241,121,47
2022,3,A,골목상권,2110523,홍제성원아파트,389,158,231,1,57,82,97,95,57,0,16,28,41,33,40,1,41,54,56,62,17
2022,3,A,골목상권,2110522,홍제역 3번,1382,744,638,3,145,201,379,465,189,1,40,103,201,269,130,2,105,98,178,196,59
2022,3,A,골목상권,2110521,홍제역 4번,1682,856,826,3,180,260,456,544,239,1,56,126,230,305,138,2,124,134,226,239,101
2022,3,A,골목상권,2110520,경의중앙 신촌역,3939,2209,1730,8,672,1067,897,861,434,5,268,503,474,619,340,3,404,564,423,242,94
2022,3,A,골목상권,2110519,서대문구보건소별관,1692,809,883,1,249,320,448,430,244,1,88,147,232,202,139,0,161,173,216,228,105
2022,3,A,골목상권,2110518,서대문구청,4288,2377,1911,12,606,1189,1202,1022,257,9,241,603,676,684,164,3,365,586,526,338,93
2022,3,A,골목상권,2110517,서대문소방서,3275,1935,1340,14,501,833,881,711,335,8,210,520,553,438,206,6,291,313,328,273,129
2022,3,A,골목상권,2110516,정원여중,1381,718,663,0,237,296,370,330,148,0,85,145,205,186,97,0,152,151,165,144,51
2022,3,A,골목상권,2110515,홍은중학교,1397,819,578,2,174,346,389,297,189,2,86,211,238,167,115,0,88,135,151,130,74
2022,3,A,골목상권,2110514,서대문우체국,8426,5862,2564,6,1198,1860,1691,2693,978,3,772,1174,1054,2110,749,3,426,686,637,583,229
2022,3,A,골목상권,2110513,연희파출소,4197,2605,1592,22,701,1052,930,956,536,9,309,668,619,625,375,13,392,384,311,331,161
2022,3,A,골목상권,2110512,연희지하차도,4882,2826,2056,19,663,1252,1324,1216,408,14,271,646,746,846,303,5,392,606,578,370,105
2022,3,A,골목상권,2110511,연희초등학교,8378,6001,2377,13,1131,2005,1738,2599,892,3,668,1322,1149,2137,722,10,463,683,589,462,170
2022,3,A,골목상권,2110510,홍연시장,3041,1987,1054,55,824,775,546,576,265,30,470,602,320,364,201,25,354,173,226,212,64
2022,3,A,골목상권,2110509,연희대우아파트앞,9280,6343,2937,12,1331,2148,1961,2829,999,8,717,1291,1263,2264,800,4,614,857,698,565,199
2022,3,A,골목상권,2110508,서연중학교,5090,3173,1917,65,1140,1333,940,1011,601,33,630,969,582,565,394,32,510,364,358,446,207
2022,3,A,골목상권,2110507,명지대학교,3504,2308,1196,30,563,997,832,765,317,27,345,664,531,490,251,3,218,333,301,275,66
2022,3,A,골목상권,2110506,연희임광아파트,1554,815,739,2,227,343,380,390,212,2,100,227,187,174,125,0,127,116,193,216,87
2022,3,A,골목상권,2110505,홍남교남측,2235,1498,737,50,708,612,370,328,167,27,409,504,235,198,125,23,299,108,135,130,42
2022,3,A,골목상권,2110504,명지전문대,965,467,498,1,90,171,253,281,169,0,34,71,117,147,98,1,56,100,136,134,71
2022,3,A,골목상권,2110503,명지대학교교회,3864,2524,1340,30,620,1117,971,783,343,26,367,778,642,473,238,4,253,339,329,310,105
2022,3,A,골목상권,2110502,남가좌파출소,1097,580,517,0,99,196,301,322,179,0,39,79,152,183,127,0,60,117,149,139,52
2022,3,A,골목상권,2110501,연희어린이공원,1540,875,665,10,217,360,378,360,215,8,103,242,206,176,140,2,114,118,172,184,75
2022,3,A,골목상권,2110500,남가좌동현대아파트,278,164,114,0,37,45,74,87,35,0,21,27,44,54,18,0,16,18,30,33,17
2022,3,A,골목상권,2110499,연가초등학교,1891,1022,869,0,178,382,499,526,306,0,73,217,266,255,211,0,105,165,233,271,95
2022,3,A,골목상권,2110498,증산역 1번,2906,1506,1400,8,440,635,651,682,490,3,148,355,341,338,321,5,292,280,310,344,169
2022,3,A,골목상권,2110497,가좌역 3번,3659,2225,1434,4,227,435,598,923,1472,2,157,292,399,499,876,2,70,143,199,424,596
2022,3,A,골목상권,2110496,모래내우체국,2367,1136,1231,7,310,507,560,577,406,4,94,247,294,279,218,3,216,260,266,298,188
2022,3,A,골목상권,2110495,북가좌2동주민센터,3902,2063,1839,9,568,954,896,849,626,5,186,536,522,443,371,4,382,418,374,406,255
2022,3,A,골목상권,2110494,증산3교남측,1780,1221,559,0,92,213,258,339,878,0,34,98,100,184,805,0,58,115,158,155,73
2022,3,A,골목상권,2110493,북가좌초등학교,1856,1392,464,0,60,148,223,379,1046,0,20,69,94,236,973,0,40,79,129,143,73
2022,3,A,골목상권,2110492,하나고등학교,578,273,305,1,22,107,147,171,130,0,7,76,108,56,26,1,15,31,39,115,104
2022,3,A,골목상권,2110491,불광중학교,579,216,363,1,45,99,156,186,92,1,13,42,53,58,49,0,32,57,103,128,43
2022,3,A,골목상권,2110490,녹번동근린공원,5262,2678,2584,13,663,1384,1395,1293,514,9,294,621,670,746,338,4,369,763,725,547,176
2022,3,A,골목상권,2110489,불광역 3번,1836,816,1020,7,273,558,474,348,176,6,92,204,220,175,119,1,181,354,254,173,57
2022,3,A,골목상권,2110488,우리은행응암동지점,3955,2113,1842,9,480,961,1013,1016,476,6,235,475,494,594,309,3,245,486,519,422,167
2022,3,A,골목상권,2110487,불광역 8번,1735,695,1040,1,239,499,452,361,183,1,77,188,182,154,93,0,162,311,270,207,90
2022,3,A,골목상권,2110486,은평구청,4169,2254,1915,8,461,993,1117,1108,482,5,227,494,557,645,326,3,234,499,560,463,156
2022,3,A,골목상권,2110485,연신내우체국,2361,1188,1173,2,126,245,348,438,1202,1,51,129,145,186,676,1,75,116,203,252,526
2022,3,A,골목상권,2110484,역촌역 3번,4601,2236,2365,13,523,1110,1233,1186,536,9,213,468,558,627,361,4,310,642,675,559,175
2022,3,A,골목상권,2110483,연천초등학교,2384,1178,1206,5,230,267,295,400,1187,1,94,133,119,166,665,4,136,134,176,234,522
2022,3,A,골목상권,2110482,연신초등학교,1850,991,859,0,81,162,205,312,1090,0,37,95,80,152,627,0,44,67,125,160,463
2022,3,A,골목상권,2110481,불광역 7번,1630,770,860,2,178,335,467,396,252,2,71,171,214,161,151,0,107,164,253,235,101
2022,3,A,골목상권,2110480,연신내역 3번,2030,889,1141,7,285,397,542,504,295,2,114,188,232,200,153,5,171,209,310,304,142
2022,3,A,골목상권,2110479,연신내역 2번,3690,1693,1997,6,426,539,641,723,1355,1,130,248,249,302,763,5,296,291,392,421,592
2022,3,A,골목상권,2110478,응암1동주민센터,4707,2474,2233,11,516,997,1136,1196,851,7,227,433,551,650,606,4,289,564,585,546,245
2022,3,A,골목상권,2110477,은평세무서,4870,2612,2258,11,464,976,1178,1295,946,5,201,440,572,727,667,6,263,536,606,568,279
2022,3,A,골목상권,2110476,역촌역 2번,1412,760,652,3,180,328,393,324,184,1,64,162,221,174,138,2,116,166,172,150,46
2022,3,A,골목상권,2110475,백련산해모로아파트,2427,1313,1114,3,275,436,520,560,633,2,122,211,271,274,433,1,153,225,249,286,200
2022,3,A,골목상권,2110474,세명컴퓨터고등학교,2172,1034,1138,6,329,533,548,467,289,5,120,275,242,204,188,1,209,258,306,263,101
2022,3,A,골목상권,2110473,구산역 1번,4113,2032,2081,11,518,794,1040,1015,735,5,204,414,507,425,477,6,314,380,533,590,258
2022,3,A,골목상권,2110472,연신내역 4번,2455,1251,1204,11,334,479,638,552,441,6,127,253,292,262,311,5,207,226,346,290,130
2022,3,A,골목상권,2110471,응암동우체국,1908,1001,907,2,228,332,461,530,355,1,96,145,211,287,261,1,132,187,250,243,94
2022,3,A,골목상권,2110470,신진과학기술고등학교,2093,1305,788,2,198,318,474,517,584,2,95,170,262,309,467,0,103,148,212,208,117
2022,3,A,골목상권,2110469,응암정보도서관,3141,1523,1618,2,316,577,809,898,539,0,113,270,378,427,335,2,203,307,431,471,204
2022,3,A,골목상권,2110468,응암역 3번,4875,2420,2455,6,465,813,1295,1325,971,1,170,377,615,633,624,5,295,436,680,692,347
2022,3,A,골목상권,2110467,은평요양병원,1671,867,804,7,217,398,414,360,275,6,97,221,214,162,167,1,120,177,200,198,108
2022,3,A,골목상권,2110466,구산역 2번,3312,1361,1951,12,538,687,831,818,426,3,172,280,347,320,239,9,366,407,484,498,187
2022,3,A,골목상권,2110465,연신내역 7번,2686,1136,1550,10,437,647,652,580,360,5,132,295,276,227,201,5,305,352,376,353,159
2022,3,A,골목상권,2110464,연신내역 5번,2541,1368,1173,8,266,525,663,583,496,5,105,271,308,312,367,3,161,254,355,271,129
2022,3,A,골목상권,2110463,응암3동주민센터,1096,480,616,2,113,200,291,307,183,1,42,69,109,143,116,1,71,131,182,164,67
2022,3,A,골목상권,2110462,갈현건영아파트,1895,1102,793,9,264,445,440,425,312,6,139,269,256,223,209,3,125,176,184,202,103
2022,3,A,골목상권,2110461,새절역 2번,1064,588,476,2,102,151,247,304,258,1,40,59,115,173,200,1,62,92,132,131,58
2022,3,A,골목상권,2110460,구산역 4번,4650,2629,2021,14,389,739,1103,1501,904,6,161,384,536,911,631,8,228,355,567,590,273
2022,3,A,골목상권,2110459,응암역 2번,3508,1670,1838,4,356,682,987,918,561,1,143,326,439,399,362,3,213,356,548,519,199
2022,3,A,골목상권,2110458,선일여고,2056,993,1063,9,309,535,480,491,232,5,138,283,226,197,144,4,171,252,254,294,88
2022,3,A,골목상권,2110457,예일여고,4039,2288,1751,11,383,599,859,1344,843,2,149,279,424,826,608,9,234,320,435,518,235
2022,3,A,골목상권,2110456,구산보건지소,3451,1673,1778,13,646,727,840,730,495,4,277,335,365,355,337,9,369,392,475,375,158
2022,3,A,골목상권,2110455,역촌노인복지관,3912,1926,1986,7,599,783,1036,909,578,3,258,380,472,412,401,4,341,403,564,497,177
2022,3,A,골목상권,2110454,선정중학교,3136,1975,1161,7,297,545,749,1025,513,3,138,284,381,749,420,4,159,261,368,276,93
2022,3,A,골목상권,2110453,신사1동주민센터,2866,1630,1236,3,295,597,767,684,520,3,160,297,422,377,371,0,135,300,345,307,149
2022,3,A,골목상권,2110452,새절역 3번,1444,869,575,3,116,220,343,416,346,3,59,102,181,239,285,0,57,118,162,177,61
2022,3,A,골목상권,2110451,증산역 4번,3034,2083,951,4,382,662,756,739,491,3,166,453,530,528,403,1,216,209,226,211,88
2022,3,A,골목상권,2110450,시립서북병원,4533,2159,2374,8,894,1069,1015,919,628,2,331,496,489,431,410,6,563,573,526,488,218
2022,3,A,골목상권,2110449,증산역 3번,3046,1961,1085,1,417,740,797,725,366,0,164,495,543,508,251,1,253,245,254,217,115
2022,3,A,골목상권,2110448,상신초등학교입구,1375,785,590,3,145,292,338,322,275,1,88,163,177,167,189,2,57,129,161,155,86
2022,3,A,골목상권,2110447,구산초등학교,1694,1213,481,2,100,239,363,721,269,0,46,110,217,608,232,2,54,129,146,113,37
2022,3,A,골목상권,2110446,내를건너서숲으로도서관,1148,777,371,0,135,243,292,279,199,0,95,161,174,174,173,0,40,82,118,105,26
2022,3,A,골목상권,2110445,덕산중학교,1312,649,663,5,274,319,252,247,215,0,87,169,142,108,143,5,187,150,110,139,72
2022,3,A,골목상권,2110444,수색성당,2661,1802,859,0,198,389,448,542,1084,0,77,194,209,332,990,0,121,195,239,210,94
2022,3,A,골목상권,2110443,수색역 1번,434,287,147,0,42,62,103,136,91,0,17,34,66,96,74,0,25,28,37,40,17
2022,3,A,골목상권,2110442,화랑대철도공원,1159,494,665,2,139,197,301,376,144,2,48,69,108,178,89,0,91,128,193,198,55
2022,3,A,골목상권,2110441,영신여고,1046,454,592,3,105,241,283,309,105,3,45,111,107,126,62,0,60,130,176,183,43
2022,3,A,골목상권,2110440,상계3동4동주민센터,231,87,144,1,38,35,61,53,43,0,13,11,23,19,21,1,25,24,38,34,22
2022,3,A,골목상권,2110439,당고개역 5번,1670,1328,342,1,65,111,343,684,466,0,20,60,265,575,408,1,45,51,78,109,58
2022,3,A,골목상권,2110438,경춘선숲길 우측,3326,1509,1817,2,552,854,911,715,292,1,156,360,411,369,212,1,396,494,500,346,80
2022,3,A,골목상권,2110437,당고개역 2번,2037,1506,531,1,104,171,467,791,503,0,40,88,309,634,435,1,64,83,158,157,68
2022,3,A,골목상권,2110436,상계제일중학교,2066,1047,1019,12,209,464,514,508,359,7,73,229,274,237,227,5,136,235,240,271,132
2022,3,A,골목상권,2110435,서울과학기술대,1792,1224,568,2,186,412,462,475,255,0,112,256,301,331,224,2,74,156,161,144,31
2022,3,A,골목상권,2110434,태릉입구역 4번,3300,1461,1839,4,314,539,764,908,771,2,129,312,364,332,322,2,185,227,400,576,449
2022,3,A,골목상권,2110433,공릉역 2번,4470,2428,2042,8,421,620,969,1270,1182,3,195,339,507,667,717,5,226,281,462,603,465
2022,3,A,골목상권,2110432,대진고등학교,3496,2336,1160,5,355,682,898,1023,533,2,168,399,577,774,416,3,187,283,321,249,117
2022,3,A,골목상권,2110431,상계역,1658,716,942,4,180,322,440,437,275,0,50,144,212,164,146,4,130,178,228,273,129
2022,3,A,골목상권,2110430,중계초등학교,1642,961,681,6,165,297,390,441,343,2,77,164,213,244,261,4,88,133,177,197,82
2022,3,A,골목상권,2110429,공릉동 국수거리,5223,2800,2423,7,523,744,1099,1485,1365,3,246,412,543,754,842,4,277,332,556,731,523
2022,3,A,골목상권,2110428,상계5동주민센터,2338,1163,1175,7,172,298,441,608,812,3,62,155,202,282,459,4,110,143,239,326,353
2022,3,A,골목상권,2110427,노원 을지대학교병원,2885,2027,858,3,300,579,725,832,446,0,149,351,505,667,355,3,151,228,220,165,91
2022,3,A,골목상권,2110426,상계2동주민센터,2834,1540,1294,16,401,546,733,694,444,11,153,300,370,386,320,5,248,246,363,308,124
2022,3,A,골목상권,2110425,계상초등학교,2572,1219,1353,6,228,345,564,659,770,4,90,195,248,280,402,2,138,150,316,379,368
2022,3,A,골목상권,2110424,상계초등학교,2079,864,1215,5,272,368,533,553,348,5,89,181,216,215,158,0,183,187,317,338,190
2022,3,A,골목상권,2110423,석계역 2번,1883,895,988,5,253,375,553,418,279,3,106,197,271,183,135,2,147,178,282,235,144
2022,3,A,골목상권,2110422,노원역 9번,1955,819,1136,3,268,390,499,508,287,1,81,196,208,195,138,2,187,194,291,313,149
2022,3,A,골목상권,2110421,석계역 1번,1716,845,871,4,186,278,426,473,349,2,71,119,191,230,232,2,115,159,235,243,117
2022,3,A,골목상권,2110420,광운대역 1번,1718,979,739,10,353,518,466,244,127,3,175,350,258,123,70,7,178,168,208,121,57
2022,3,A,골목상권,2110419,수락산디자인거리,4260,2771,1489,13,429,898,1053,1126,741,12,245,615,683,706,510,1,184,283,370,420,231
2022,3,A,골목상권,2110418,광운대학교 남단,2484,1345,1139,17,445,664,598,481,279,5,192,396,291,252,209,12,253,268,307,229,70
2022,3,A,골목상권,2110417,월계역 3번,441,184,257,2,62,77,94,122,84,2,23,41,37,47,34,0,39,36,57,75,50
2022,3,A,골목상권,2110416,노원초등학교,1385,669,716,8,135,266,331,352,293,6,53,138,153,171,148,2,82,128,178,181,145
2022,3,A,골목상권,2110415,수락산역 4번,3553,1980,1573,19,461,687,836,890,660,16,254,421,481,483,325,3,207,266,355,407,335
2022,3,A,골목상권,2110414,장석교회,752,511,241,5,70,109,166,205,197,3,38,57,98,139,176,2,32,52,68,66,21
2022,3,A,골목상권,2110413,누원고등학교,580,375,205,0,37,71,120,164,188,0,16,45,70,104,140,0,21,26,50,60,48
2022,3,A,골목상권,2110412,창동중학교,1521,1149,372,3,118,224,267,505,404,1,73,121,160,412,382,2,45,103,107,93,22
2022,3,A,골목상권,2110411,도봉역 3번,1802,1132,670,2,126,304,360,519,491,1,33,150,187,351,410,1,93,154,173,168,81
2022,3,A,골목상권,2110410,방학역 2번,5708,3428,2280,10,558,1304,1395,1507,934,9,280,756,767,936,680,1,278,548,628,571,254
2022,3,A,골목상권,2110409,창동역 2번,6649,4154,2495,6,756,1498,1635,1402,1352,4,385,1020,1098,743,904,2,371,478,537,659,448
2022,3,A,골목상권,2110408,가인초등학교,5577,3850,1727,5,581,1307,1343,1121,1220,3,343,986,1014,685,819,2,238,321,329,436,401
2022,3,A,골목상권,2110407,도봉역 2번,2678,1900,778,7,190,399,535,778,769,5,95,243,303,572,682,2,95,156,232,206,87
2022,3,A,골목상권,2110406,도봉산역 1번,1362,928,434,0,45,103,268,453,493,0,17,63,189,336,323,0,28,40,79,117,170
2022,3,A,골목상권,2110405,방학역 1번,2975,1622,1353,6,288,534,730,892,525,5,159,353,350,369,386,1,129,181,380,523,139
2022,3,A,골목상권,2110404,신창초등학교,2334,1247,1087,11,291,485,642,611,294,8,108,229,337,362,203,3,183,256,305,249,91
2022,3,A,골목상권,2110403,방학1동주민센터,3553,1965,1588,10,456,716,860,1052,459,6,261,473,457,498,270,4,195,243,403,554,189
2022,3,A,골목상권,2110402,도봉구 정병원,2172,1117,1055,5,296,450,517,579,325,4,109,246,277,283,198,1,187,204,240,296,127
2022,3,A,골목상권,2110401,도봉구민회관,5856,3856,2000,1,599,1299,1388,1267,1302,0,346,940,977,718,875,1,253,359,411,549,427
2022,3,A,골목상권,2110400,도봉구보건소,2134,1058,1076,4,298,390,510,558,374,3,99,190,250,278,238,1,199,200,260,280,136
2022,3,A,골목상권,2110399,창2동주민센터,1982,1088,894,10,245,463,553,465,246,9,128,273,295,219,164,1,117,190,258,246,82
2022,3,A,골목상권,2110398,쌍문2동우체국,2359,1255,1104,1,247,367,547,725,472,1,87,168,253,427,319,0,160,199,294,298,153
2022,3,A,골목상권,2110397,도봉산입구,1579,963,616,1,95,207,290,413,573,1,25,106,157,272,402,0,70,101,133,141,171
2022,3,A,골목상권,2110396,쌍문역1번(쌍리단길),1577,763,814,4,242,329,382,395,225,1,84,135,198,208,137,3,158,194,184,187,88
2022,3,A,골목상권,2110395,신한은행 방학동지점,1120,597,523,4,157,280,302,227,150,3,72,148,158,121,95,1,85,132,144,106,55
2022,3,A,골목상권,2110394,방학중학교,1435,629,806,1,142,279,358,336,319,1,52,119,150,152,155,0,90,160,208,184,164
2022,3,A,골목상권,2110393,국민은행방학지점,1001,461,540,3,124,275,252,240,107,2,39,137,120,96,67,1,85,138,132,144,40
2022,3,A,골목상권,2110392,발바닥공원,704,449,255,3,99,210,202,121,69,2,39,126,148,81,53,1,60,84,54,40,16
2022,3,A,골목상권,2110391,샘말어린이공원,1172,574,598,0,93,215,234,283,347,0,34,95,107,140,198,0,59,120,127,143,149
2022,3,A,골목상권,2110390,방학초등학교,1901,820,1081,3,194,445,458,515,286,2,59,201,209,188,161,1,135,244,249,327,125
2022,3,A,골목상권,2110389,한일병원,3050,1577,1473,1,573,707,741,679,349,1,171,353,410,396,246,0,402,354,331,283,103
2022,3,A,골목상권,2110388,도봉우체국,2071,923,1148,4,436,450,512,485,184,3,105,207,224,244,140,1,331,243,288,241,44
2022,3,A,골목상권,2110387,쌍문초등학교,1678,803,875,0,227,365,452,414,220,0,67,151,187,208,190,0,160,214,265,206,30
2022,3,A,골목상권,2110386,연산군묘,1120,668,452,0,136,219,227,306,232,0,61,122,131,158,196,0,75,97,96,148,36
2022,3,A,골목상권,2110385,효문고등학교,780,268,512,0,136,158,203,185,98,0,33,42,60,71,62,0,103,116,143,114,36
2022,3,A,골목상권,2110384,문이교,622,295,327,1,71,88,145,188,129,0,21,33,51,98,92,1,50,55,94,90,37
2022,3,A,골목상권,2110383,덕성여대시반거리,494,170,324,0,83,84,121,116,90,0,12,24,42,39,53,0,71,60,79,77,37
2022,3,A,골목상권,2110382,솔밭공원역 1번,967,418,549,1,145,169,222,256,174,0,31,52,83,123,129,1,114,117,139,133,45
2022,3,A,골목상권,2110381,번동주공2단지,1056,559,497,5,107,230,262,299,153,4,33,95,131,178,118,1,74,135,131,121,35
2022,3,A,골목상권,2110380,강북문화정보도서관,980,504,476,5,99,143,203,291,239,3,30,74,101,150,146,2,69,69,102,141,93
2022,3,A,골목상권,2110379,KT&G 북부지사,767,383,384,2,97,108,197,257,106,0,47,44,83,145,64,2,50,64,114,112,42
2022,3,A,골목상권,2110378,송중동주민센터,1170,548,622,8,119,172,339,287,245,6,52,74,144,126,146,2,67,98,195,161,99
2022,3,A,골목상권,2110377,미아사거리역 3번,1050,449,601,7,158,220,271,253,141,6,51,81,107,112,92,1,107,139,164,141,49
2022,3,A,골목상권,2110376,수송초등학교,4978,2722,2256,8,551,1213,1234,1264,708,6,230,624,673,782,407,2,321,589,561,482,301
2022,3,A,골목상권,2110375,서울북부고용노동지청,1301,632,669,2,141,171,335,392,260,0,58,78,134,204,158,2,83,93,201,188,102
2022,3,A,골목상권,2110374,송중초등학교,2009,977,1032,7,186,338,530,528,420,6,61,128,222,264,296,1,125,210,308,264,124
2022,3,A,골목상권,2110373,수유역 2번,4903,2639,2264,10,549,1094,1104,1278,868,8,214,534,563,814,506,2,335,560,541,464,362
2022,3,A,골목상권,2110372,강북중학교,1588,852,736,1,167,364,452,356,248,1,87,203,249,169,143,0,80,161,203,187,105
2022,3,A,골목상권,2110371,삼양입구사거리,1233,656,577,2,114,236,332,331,218,2,43,109,155,183,164,0,71,127,177,148,54
2022,3,A,골목상권,2110370,도봉세무서,1385,735,650,7,100,222,365,379,312,6,28,93,168,200,240,1,72,129,197,179,72
2022,3,A,골목상권,2110369,성신여대운정그린캠퍼스,4108,2368,1740,5,481,782,894,1069,877,1,210,445,512,655,545,4,271,337,382,414,332
2022,3,A,골목상권,2110368,송천초등학교,5342,2779,2563,416,2025,1339,744,507,311,177,905,732,414,294,257,239,1120,607,330,213,54
2022,3,A,골목상권,2110367,강북구청,5008,2534,2474,10,519,1028,1016,1220,1215,8,207,520,524,762,513,2,312,508,492,458,702
2022,3,A,골목상권,2110366,광산사거리,3568,1624,1944,6,321,730,793,840,878,4,125,324,383,466,322,2,196,406,410,374,556
2022,3,A,골목상권,2110365,미아역 5번,1610,747,863,3,136,224,389,402,456,3,45,85,163,219,232,0,91,139,226,183,224
2022,3,A,골목상권,2110364,미아역 8번,1852,961,891,3,226,366,513,491,253,1,85,173,274,268,160,2,141,193,239,223,93
2022,3,A,골목상권,2110363,송천동주민센터,819,499,320,2,54,138,220,209,196,1,23,71,116,131,157,1,31,67,104,78,39
2022,3,A,골목상권,2110362,우이천 계성교,2117,1320,797,2,227,296,541,686,365,0,74,153,330,480,283,2,153,143,211,206,82
2022,3,A,골목상권,2110361,삼양사거리역 1번,1111,550,561,3,66,131,213,280,418,2,24,58,105,156,205,1,42,73,108,124,213
2022,3,A,골목상권,2110360,수유초등학교,2635,1274,1361,5,299,387,567,782,595,1,79,163,238,375,418,4,220,224,329,407,177
2022,3,A,골목상권,2110359,수유시장옆,5157,2359,2798,6,450,898,1053,1316,1434,4,136,365,470,708,676,2,314,533,583,608,758
2022,3,A,골목상권,2110358,인수동 우편취급국,2810,1471,1339,2,265,403,554,783,803,0,80,179,255,417,540,2,185,224,299,366,263
2022,3,A,골목상권,2110357,가오리역 1번,2401,1556,845,1,127,166,397,647,1063,0,34,71,252,471,728,1,93,95,145,176,335
2022,3,A,골목상권,2110356,덕수교,2011,1093,918,0,145,214,368,345,939,0,37,85,163,165,643,0,108,129,205,180,296
2022,3,A,골목상권,2110355,삼양사거리역 2번,905,486,419,2,85,153,223,225,217,1,22,49,110,139,165,1,63,104,113,86,52
2022,3,A,골목상권,2110354,삼각산119안전센터,365,141,224,1,38,87,110,81,48,0,9,25,45,32,30,1,29,62,65,49,18
2022,3,A,골목상권,2110353,수유동우체국,2389,1550,839,0,129,158,408,615,1079,0,26,73,267,444,740,0,103,85,141,171,339
2022,3,A,골목상권,2110352,수유1동주민센터,1621,708,913,1,183,303,456,479,199,0,61,122,184,209,132,1,122,181,272,270,67
2022,3,A,골목상권,2110351,수유북부시장옆,1877,1274,603,0,96,227,484,737,333,0,36,133,349,484,272,0,60,94,135,253,61
2022,3,A,골목상권,2110350,가오리역 2번,2640,1559,1081,0,221,477,709,807,426,0,62,232,442,507,316,0,159,245,267,300,110
2022,3,A,골목상권,2110349,화계역 2번,1164,619,545,0,95,179,284,397,209,0,37,65,127,214,176,0,58,114,157,183,33
2022,3,A,골목상권,2110348,강북문화예술회관,3953,2554,1399,0,227,512,876,1129,1209,0,65,242,587,813,847,0,162,270,289,316,362
2022,3,A,골목상권,2110347,구세군강북종합사회복지관,443,186,257,0,54,96,140,85,68,0,10,34,63,36,43,0,44,62,77,49,25
2022,3,A,골목상권,2110346,4.19민주묘지역 2번,754,369,385,0,109,137,212,161,135,0,22,69,113,81,84,0,87,68,99,80,51
2022,3,A,골목상권,2110345,솔밭공원역 2번,1604,918,686,1,168,207,320,549,359,0,35,65,142,387,289,1,133,142,178,162,70
2022,3,A,골목상권,2110344,화계중학교,815,417,398,0,75,148,217,296,79,0,39,57,111,143,67,0,36,91,106,153,12
2022,3,A,골목상권,2110343,무너미어린이공원,2303,1336,967,0,149,297,429,446,982,0,49,177,246,213,651,0,100,120,183,233,331
2022,3,A,골목상권,2110342,국립재활원,2250,1364,886,1,194,476,644,645,290,0,66,242,426,420,210,1,128,234,218,225,80
2022,3,A,골목상권,2110341,북한산우이역 2번,860,529,331,0,44,68,132,304,312,0,14,31,72,258,154,0,30,37,60,46,158
2022,3,A,골목상권,2110340,인수중학교,1205,760,445,6,164,256,276,329,174,6,81,173,168,189,143,0,83,83,108,140,31
2022,3,A,골목상권,2110339,국립4.19민주묘지,1097,718,379,6,146,196,248,305,196,6,67,139,153,190,163,0,79,57,95,115,33
2022,3,A,골목상권,2110338,인수초등학교,1955,1067,888,6,266,494,469,470,250,6,111,260,248,248,194,0,155,234,221,222,56
2022,3,A,골목상권,2110337,아카데미하우스,1438,921,517,6,178,311,344,390,209,6,85,207,216,232,175,0,93,104,128,158,34
2022,3,A,골목상권,2110336,석관고등학교,1951,1389,562,1,128,204,257,338,1023,0,66,113,151,240,819,1,62,91,106,98,204
2022,3,A,골목상권,2110335,석계역 7번,2887,1837,1050,2,243,313,463,598,1268,0,99,147,243,370,978,2,144,166,220,228,290
2022,3,A,골목상권,2110334,석관중앙교회,1691,1099,592,3,192,394,413,449,240,0,95,241,244,324,195,3,97,153,169,125,45
2022,3,A,골목상권,2110333,돌곶이역 5번,2875,2051,824,4,237,375,414,553,1292,0,107,239,264,375,1066,4,130,136,150,178,226
2022,3,A,골목상권,2110332,돌곶이역 3번,2402,1642,760,6,189,237,310,429,1231,1,74,125,174,259,1009,5,115,112,136,170,222
2022,3,A,골목상권,2110331,돌곶이역 8번,1331,817,514,4,173,283,315,283,273,0,60,182,193,164,218,4,113,101,122,119,55
2022,3,A,골목상권,2110330,돌곶이역 1번,1199,626,573,1,137,217,277,273,294,0,40,102,128,127,229,1,97,115,149,146,65
2022,3,A,골목상권,2110329,우리은행체육관,1280,745,535,8,131,269,305,313,254,4,45,134,165,200,197,4,86,135,140,113,57
2022,3,A,골목상권,2110328,상월곡역 3번,966,544,422,4,142,252,268,208,92,1,59,142,158,118,66,3,83,110,110,90,26
2022,3,A,골목상권,2110327,상월곡역 2번,1998,1149,849,5,355,494,539,387,218,1,166,295,311,215,161,4,189,199,228,172,57
2022,3,A,골목상권,2110326,장위동성당,2029,1211,818,4,314,426,541,433,311,3,149,249,314,263,233,1,165,177,227,170,78
2022,3,A,골목상권,2110325,장곡초등학교,1638,957,681,8,198,313,438,380,301,6,100,176,257,221,197,2,98,137,181,159,104
2022,3,A,골목상권,2110324,월곡역 4번,3140,1982,1158,5,533,1043,730,527,302,1,265,704,453,335,224,4,268,339,277,192,78
2022,3,A,골목상권,2110323,상월곡역 1번,4067,2556,1511,5,678,1174,962,808,440,1,336,790,596,503,330,4,342,384,366,305,110
2022,3,A,골목상권,2110322,장위1동주민센터,1274,741,533,8,218,235,278,270,265,4,110,153,164,146,164,4,108,82,114,124,101
2022,3,A,골목상권,2110321,동덕여대,2313,1366,947,1,299,420,551,516,526,0,134,242,299,273,418,1,165,178,252,243,108
2022,3,A,골목상권,2110320,KB국민은행 종암동지점,1182,673,509,1,119,228,369,325,140,1,35,101,200,239,97,0,84,127,169,86,43
2022,3,A,골목상권,2110319,종암동주민센터,2766,1528,1238,6,392,614,672,775,307,1,178,373,362,458,156,5,214,241,310,317,151
2022,3,A,골목상권,2110318,KT월곡지사,4670,3051,1619,8,464,852,998,1077,1271,3,232,511,595,716,994,5,232,341,403,361,277
2022,3,A,골목상권,2110317,종암중학교,984,490,494,0,108,232,312,228,104,0,37,97,154,140,62,0,71,135,158,88,42
2022,3,A,골목상권,2110316,숭곡초등학교,3749,2252,1497,12,320,511,783,810,1313,11,132,241,383,471,1014,1,188,270,400,339,299
2022,3,A,골목상권,2110315,종암아이파크2차,19523,10008,9515,57,1546,5002,7164,5525,229,13,627,1664,3177,4378,149,44,919,3338,3987,1147,80
2022,3,A,골목상권,2110314,종암경찰서,22088,12093,9995,63,1812,5489,7636,6091,997,14,829,2083,3572,4842,753,49,983,3406,4064,1249,244
2022,3,A,골목상권,2110313,안암역 3번,4486,2929,1557,7,548,1055,1239,1027,610,3,263,654,815,721,473,4,285,401,424,306,137
2022,3,A,골목상권,2110312,안암역 2번,1666,856,810,1,199,457,563,337,109,0,70,198,309,204,75,1,129,259,254,133,34
2022,3,A,골목상권,2110311,종암아이파크2차후문,18419,9472,8947,55,1397,4775,6829,5279,84,12,583,1567,3015,4229,66,43,814,3208,3814,1050,18
2022,3,A,골목상권,2110310,길음역 10번,2304,969,1335,10,637,675,493,352,137,1,143,321,258,161,85,9,494,354,235,191,52
2022,3,A,골목상권,2110309,대광초등학교,3669,2531,1138,12,521,883,910,786,557,4,294,622,640,561,410,8,227,261,270,225,147
2022,3,A,골목상권,2110308,길음역 8번,7178,3463,3715,428,2655,1922,1125,688,360,177,1050,1021,613,334,268,251,1605,901,512,354,92
2022,3,A,골목상권,2110307,길음역 7번,2596,948,1648,10,718,682,547,427,212,0,146,268,216,179,139,10,572,414,331,248,73
2022,3,A,골목상권,2110306,미아초등학교,5376,2688,2688,419,2073,1365,788,449,282,176,923,736,412,220,221,243,1150,629,376,229,61
2022,3,A,골목상권,2110305,보문역 5번,6471,4952,1519,11,812,2114,1358,1346,830,5,488,1734,1085,1066,574,6,324,380,273,280,256
2022,3,A,골목상권,2110304,보문역 4번,5081,2911,2170,4,547,1204,1258,1332,736,3,248,624,733,863,440,1,299,580,525,469,296
2022,3,A,골목상권,2110303,성신여대입구역 1번,2302,983,1319,23,343,507,539,532,358,11,93,195,230,247,207,12,250,312,309,285,151
2022,3,A,골목상권,2110302,보문역 8번,6611,5075,1536,7,801,2204,1491,1413,695,2,445,1775,1209,1164,480,5,356,429,282,249,215
2022,3,A,골목상권,2110301,성신여대입구역 7번,2407,1250,1157,22,336,473,551,587,438,16,112,206,285,329,302,6,224,267,266,258,136
2022,3,A,골목상권,2110300,삼선동주민센터,7082,3275,3807,21,849,1747,2084,1699,682,12,261,673,916,1026,387,9,588,1074,1168,673,295
2022,3,A,골목상권,2110299,정릉역 1번,2389,1112,1277,6,327,495,591,580,390,1,79,200,234,301,297,5,248,295,357,279,93
2022,3,A,골목상권,2110298,솔숲어린이공원,1609,756,853,6,199,274,412,438,280,1,58,98,163,222,214,5,141,176,249,216,66
2022,3,A,골목상권,2110297,경동고등학교,9374,4825,4549,19,1150,2351,2816,2260,778,8,435,1116,1431,1392,443,11,715,1235,1385,868,335
2022,3,A,골목상권,2110296,성신여대입구역 4번,13044,7926,5118,60,2010,3119,4030,2350,1475,26,917,1816,2693,1739,735,34,1093,1303,1337,611,740
2022,3,A,골목상권,2110295,정릉우체국,2490,1166,1324,2,366,486,617,609,410,0,99,203,246,329,289,2,267,283,371,280,121
2022,3,A,골목상권,2110294,서경대학교,2549,1324,1225,1,378,447,634,629,460,0,105,193,305,381,340,1,273,254,329,248,120
2022,3,A,골목상권,2110293,삼선중학교,16035,9034,7001,63,2380,3897,5184,2868,1643,27,1059,2173,3103,1899,773,36,1321,1724,2081,969,870
2022,3,A,골목상권,2110292,정릉역 2번,1455,558,897,1,246,356,390,314,148,0,62,144,125,131,96,1,184,212,265,183,52
2022,3,A,골목상권,2110291,한성대입구역 3번,4682,2808,1874,4,513,944,1389,1258,574,2,184,541,891,836,354,2,329,403,498,422,220
2022,3,A,골목상권,2110290,북한산보국문역 1번,1034,535,499,2,104,127,218,313,270,0,28,65,110,176,156,2,76,62,108,137,114
2022,3,A,골목상권,2110289,북한산보국문역 2번,1888,951,937,0,291,395,491,441,270,0,88,179,225,255,204,0,203,216,266,186,66
2022,3,A,골목상권,2110288,동구여중,4250,2398,1852,23,496,930,1431,989,381,12,211,489,785,607,294,11,285,441,646,382,87
2022,3,A,골목상권,2110287,정릉3동주민센터,1637,1229,408,0,230,512,449,314,132,0,133,403,340,243,110,0,97,109,109,71,22
2022,3,A,골목상권,2110286,한성대입구역 5번,6385,3175,3210,20,806,1509,1805,1506,739,9,265,708,929,826,438,11,541,801,876,680,301
2022,3,A,골목상권,2110285,홍대부중,5373,2950,2423,12,1018,1547,1503,934,359,7,415,798,842,619,269,5,603,749,661,315,90
2022,3,A,골목상권,2110284,정릉북한산국립공원입구,1223,860,363,0,80,214,331,411,187,0,23,120,249,314,154,0,57,94,82,97,33
2022,3,A,골목상권,2110283,성북초등학교앞,4093,2342,1751,15,771,1263,1080,686,278,9,312,713,699,425,184,6,459,550,381,261,94
2022,3,A,골목상권,2110282,국민대학교앞,1943,1389,554,15,322,603,452,316,235,14,185,441,355,248,146,1,137,162,97,68,89
2022,3,A,골목상권,2110281,길상사,17018,13990,3028,25,2042,3972,4890,5544,545,4,1214,2904,4251,5231,386,21,828,1068,639,313,159
2022,3,A,골목상권,2110280,북정마을,14960,12846,2114,18,1405,3400,4437,5321,379,4,942,2610,3998,5030,262,14,463,790,439,291,117
2022,3,A,골목상권,2110279,신내역 2번,2047,735,1312,1,530,644,403,373,96,0,99,241,188,148,59,1,431,403,215,225,37
2022,3,A,골목상권,2110278,망우본동주민센터,2878,1577,1301,10,284,489,618,849,628,1,85,183,285,500,523,9,199,306,333,349,105
2022,3,A,골목상권,2110277,러스크서울병원,2130,1283,847,13,203,291,394,651,578,2,69,98,204,424,486,11,134,193,190,227,92
2022,3,A,골목상권,2110276,신내IC북측,607,375,232,0,44,112,142,253,56,0,25,88,107,124,31,0,19,24,35,129,25
2022,3,A,골목상권,2110275,하나은행 망우동지점,1686,1011,675,10,166,215,299,524,472,0,46,66,154,349,396,10,120,149,145,175,76
2022,3,A,골목상권,2110274,서일대학교,2030,1277,753,2,173,309,487,576,483,1,57,162,302,404,351,1,116,147,185,172,132
2022,3,A,골목상권,2110273,장스여성병원,1613,1000,613,9,132,209,298,500,465,1,34,80,150,339,396,8,98,129,148,161,69
2022,3,A,골목상권,2110272,신내1동주민센터,5843,3433,2410,7,756,1311,1295,1459,1015,6,386,660,668,911,802,1,370,651,627,548,213
2022,3,A,골목상권,2110271,신내역 1번,2658,1073,1585,5,607,752,539,616,139,1,134,318,283,257,80,4,473,434,256,359,59
2022,3,A,골목상권,2110270,혜원여고,1224,728,496,0,98,181,286,344,315,0,39,103,157,210,219,0,59,78,129,134,96
2022,3,A,골목상권,2110269,용마문화복지센터,1320,882,438,1,120,224,285,389,301,0,50,133,182,292,225,1,70,91,103,97,76
2022,3,A,골목상권,2110268,망우3동주민센터,1612,1031,581,3,203,323,368,411,304,3,130,207,213,250,228,0,73,116,155,161,76
2022,3,A,골목상권,2110267,망우역 2번,3855,2306,1549,17,545,783,816,902,792,13,310,445,442,506,590,4,235,338,374,396,202
2022,3,A,골목상권,2110266,면목동우체국,3102,1920,1182,7,322,539,733,852,649,2,104,264,432,611,507,5,218,275,301,241,142
2022,3,A,골목상권,2110265,망우역 1번,3076,1829,1247,16,364,540,716,803,637,5,170,256,354,517,527,11,194,284,362,286,110
2022,3,A,골목상권,2110264,면목역 2번,2233,1223,1010,3,236,458,534,610,392,0,80,225,279,374,265,3,156,233,255,236,127
2022,3,A,골목상권,2110263,면목역 1번,2962,1753,1209,6,445,738,846,625,302,3,244,499,441,330,236,3,201,239,405,295,66
2022,3,A,골목상권,2110262,상봉역 3번,3221,1967,1254,8,450,790,948,652,373,4,252,530,510,366,305,4,198,260,438,286,68
2022,3,A,골목상권,2110261,사가정역 4번,3127,2086,1041,5,288,460,746,997,631,4,111,243,469,761,498,1,177,217,277,236,133
2022,3,A,골목상권,2110260,면목역 3번,2514,1442,1072,3,356,591,717,548,299,0,154,393,354,299,242,3,202,198,363,249,57
2022,3,A,골목상권,2110259,사가정역 1번,3127,1865,1262,6,337,678,872,745,489,3,144,363,490,495,370,3,193,315,382,250,119
2022,3,A,골목상권,2110258,면동초등학교,2037,1206,831,5,240,437,528,494,333,1,106,255,280,307,257,4,134,182,248,187,76
2022,3,A,골목상권,2110257,상봉역 7번,2452,1607,845,11,219,403,552,647,620,10,108,220,301,442,526,1,111,183,251,205,94
2022,3,A,골목상권,2110256,면목2동체육관,3547,2122,1425,5,446,738,941,853,564,1,202,481,507,484,447,4,244,257,434,369,117
2022,3,A,골목상권,2110255,상봉역 4번,4458,2784,1674,6,479,915,1219,1023,816,1,229,569,676,643,666,5,250,346,543,380,150
2022,3,A,골목상권,2110254,오거리공원,2416,1571,845,3,191,424,659,814,325,2,79,223,410,603,254,1,112,201,249,211,71
2022,3,A,골목상권,2110253,중곡초등학교,1855,1320,535,2,153,294,471,641,294,1,81,182,321,513,222,1,72,112,150,128,72
2022,3,A,골목상권,2110252,장안제일시장,1993,1261,732,2,203,364,494,505,425,1,97,223,245,330,365,1,106,141,249,175,60
2022,3,A,골목상권,2110251,장안중학교,2262,1349,913,0,231,428,502,567,534,0,89,190,253,357,460,0,142,238,249,210,74
2022,3,A,골목상권,2110250,화랑대역 7번,1509,739,770,5,140,332,409,398,225,1,49,156,183,195,155,4,91,176,226,203,70
2022,3,A,골목상권,2110249,중화역 1번,3063,1949,1114,1,402,709,752,735,464,1,223,405,433,507,380,0,179,304,319,228,84
2022,3,A,골목상권,2110248,먹골파출소,1263,628,635,3,134,298,352,301,175,0,45,145,171,147,120,3,89,153,181,154,55
2022,3,A,골목상권,2110247,먹골역 1번,2991,1922,1069,0,398,676,750,773,394,0,207,418,446,532,319,0,191,258,304,241,75
2022,3,A,골목상권,2110246,월드순복음교회,2145,1274,871,4,193,347,472,594,535,1,63,160,269,364,417,3,130,187,203,230,118
2022,3,A,골목상권,2110245,KB국민은행 중화동지점,2037,1261,776,3,166,345,495,514,514,1,63,179,281,323,414,2,103,166,214,191,100
2022,3,A,골목상권,2110244,중화역 4번,2398,1528,870,2,356,606,575,562,297,2,209,364,342,382,229,0,147,242,233,180,68
2022,3,A,골목상권,2110243,중랑노인종합복지관,1660,977,683,2,141,271,376,485,385,1,50,133,206,282,305,1,91,138,170,203,80
2022,3,A,골목상권,2110242,면목5동주민센터,1226,796,430,1,101,187,289,334,314,0,45,120,154,211,266,1,56,67,135,123,48
2022,3,A,골목상권,2110241,먹골역 5번,2531,1611,920,1,347,608,639,667,269,1,191,387,378,452,202,0,156,221,261,215,67
2022,3,A,골목상권,2110240,태릉시장 특화거리,1145,548,597,8,174,260,261,239,203,6,84,106,113,110,129,2,90,154,148,129,74
2022,3,A,골목상권,2110239,중랑역 2번,690,313,377,5,95,118,156,155,161,2,29,46,64,73,99,3,66,72,92,82,62
2022,3,A,골목상권,2110238,배꽃어린이공원,1473,1122,351,2,227,342,337,358,207,2,157,266,243,292,162,0,70,76,94,66,45
2022,3,A,골목상권,2110237,메가박스 상봉,3560,2363,1197,12,356,778,1051,1010,353,10,168,485,723,741,236,2,188,293,328,269,117
2022,3,A,골목상권,2110236,신묵초등학교,2471,1622,849,2,350,599,613,640,267,2,195,394,387,452,192,0,155,205,226,188,75
2022,3,A,골목상권,2110235,세화어린이공원,381,210,171,6,90,59,103,71,52,5,52,33,45,38,37,1,38,26,58,33,15
2022,3,A,골목상권,2110234,중랑역 4번,3174,2317,857,12,298,719,1010,858,277,10,155,484,757,704,207,2,143,235,253,154,70
2022,3,A,골목상권,2110233,중랑역 1번,3032,2188,844,17,357,651,916,814,277,14,188,439,671,673,203,3,169,212,245,141,74
2022,3,A,골목상권,2110232,동대부고,3028,1420,1608,3,381,593,816,786,449,1,123,264,333,381,318,2,258,329,483,405,131
2022,3,A,골목상권,2110231,장안교,1741,1065,676,6,143,324,461,478,329,4,59,155,249,315,283,2,84,169,212,163,46
2022,3,A,골목상권,2110230,장안현대홈타운1차아파트,5246,2850,2396,14,898,1262,1405,1131,536,10,473,718,698,598,353,4,425,544,707,533,183
2022,3,A,골목상권,2110229,장평중학교,5475,3447,2028,11,604,1021,1167,1234,1438,7,309,620,723,769,1019,4,295,401,444,465,419
2022,3,A,골목상권,2110228,장안근린공원,6839,3589,3250,54,2007,1290,1365,1326,797,32,1034,727,628,629,539,22,973,563,737,697,258
2022,3,A,골목상권,2110227,답십리공원,4470,2551,1919,49,1629,777,743,784,488,30,929,507,422,364,299,19,700,270,321,420,189
2022,3,A,골목상권,2110226,장안1동주민센터,6971,3871,3100,22,858,1351,1602,1672,1466,17,403,767,886,926,872,5,455,584,716,746,594
2022,3,A,골목상권,2110225,촬영소사거리,2931,1595,1336,12,223,386,587,760,963,9,107,227,365,390,497,3,116,159,222,370,466
2022,3,A,골목상권,2110224,외대앞역 2번,1398,804,594,3,138,261,402,359,235,1,53,146,243,245,116,2,85,115,159,114,119
2022,3,A,골목상권,2110223,군자초등학교,6674,4353,2321,43,1459,1676,1307,1058,1131,11,711,1129,908,704,890,32,748,547,399,354,241
2022,3,A,골목상권,2110222,회기역 2번,2392,1179,1213,2,403,501,609,625,252,0,104,257,343,339,136,2,299,244,266,286,116
2022,3,A,골목상권,2110221,의릉,1144,696,448,3,127,310,315,263,126,0,43,194,185,173,101,3,84,116,130,90,25
2022,3,A,골목상권,2110220,외대앞역 1번,3641,1571,2070,2,688,923,946,679,403,1,133,336,444,404,253,1,555,587,502,275,150
2022,3,A,골목상권,2110219,삼육보건대학교,4450,2371,2079,4,582,896,1094,1128,746,2,182,417,615,657,498,2,400,479,479,471,248
2022,3,A,골목상권,2110218,답십리사거리,1435,853,582,7,165,299,369,350,245,5,66,165,204,224,189,2,99,134,165,126,56
2022,3,A,골목상권,2110217,자동차부품상가,6813,4504,2309,26,1478,1623,1457,1223,1006,21,859,1143,968,768,745,5,619,480,489,455,261
2022,3,A,골목상권,2110216,전농중학교,2153,1119,1034,3,263,476,586,555,270,1,114,236,297,296,175,2,149,240,289,259,95
2022,3,A,골목상권,2110215,회기역 1번,2459,902,1557,4,638,776,558,322,161,1,126,278,223,148,126,3,512,498,335,174,35
2022,3,A,골목상권,2110214,경희대후문,3292,1434,1858,1,689,917,862,572,251,1,134,332,426,346,195,0,555,585,436,226,56
2022,3,A,골목상권,2110213,청량초등학교,2169,702,1467,0,592,722,494,250,111,0,101,237,187,96,81,0,491,485,307,154,30
2022,3,A,골목상권,2110212,답십리초등학교,6736,3585,3151,26,1187,1542,1846,1660,475,22,887,1141,773,457,305,4,300,401,1073,1203,170
2022,3,A,골목상권,2110211,전곡마을마당공원,2826,1580,1246,4,375,594,732,764,357,1,152,275,439,468,245,3,223,319,293,296,112
2022,3,A,골목상권,2110210,서울시립대,3076,1537,1539,7,419,611,663,709,667,4,126,242,352,377,436,3,293,369,311,332,231
2022,3,A,골목상권,2110209,답십리 장령당공원,4354,2000,2354,4,640,954,1230,1197,329,1,470,685,419,202,223,3,170,269,811,995,106
2022,3,A,골목상권,2110208,시조사삼거리,2384,1294,1090,4,388,710,460,463,359,3,155,452,245,252,187,1,233,258,215,211,172
2022,3,A,골목상권,2110207,시립대앞사거리,2645,1363,1282,3,363,557,634,682,406,1,117,229,344,396,276,2,246,328,290,286,130
2022,3,A,골목상권,2110206,텃골근린공원,1284,744,540,2,151,241,347,340,203,1,84,134,221,207,97,1,67,107,126,133,106
2022,3,A,골목상권,2110205,경희대삼거리,3822,2069,1753,6,701,1290,710,636,479,4,281,760,405,362,257,2,420,530,305,274,222
2022,3,A,골목상권,2110204,간데메공원,1794,1235,559,6,298,435,450,379,226,3,196,277,304,275,180,3,102,158,146,104,46
2022,3,A,골목상권,2110203,떡전교사거리,1943,858,1085,2,261,350,385,429,516,2,79,140,162,190,285,0,182,210,223,239,231
2022,3,A,골목상권,2110202,전농1동주민센터(전농시장),593,343,250,0,76,107,147,149,114,0,49,61,93,85,55,0,27,46,54,64,59
2022,3,A,골목상권,2110201,전농119안전센터,825,530,295,0,102,158,244,182,139,0,68,101,168,117,76,0,34,57,76,65,63
2022,3,A,골목상권,2110200,동대문경찰서,1083,572,511,0,119,177,222,305,260,0,60,86,111,138,177,0,59,91,111,167,83
2022,3,A,골목상권,2110199,홍릉시장,1158,621,537,0,99,193,238,354,274,0,46,95,119,165,196,0,53,98,119,189,78
2022,3,A,골목상권,2110198,동대문중앙새마을금고본점,688,361,327,0,52,89,135,214,198,0,23,47,72,99,120,0,29,42,63,115,78
2022,3,A,골목상권,2110197,세종대왕기념관교차로,2510,1548,962,3,426,731,600,539,211,2,154,376,417,419,180,1,272,355,183,120,31
2022,3,A,골목상권,2110196,홍릉근린공원,1047,653,394,1,93,198,337,285,133,1,37,93,216,188,118,0,56,105,121,97,15
2022,3,A,골목상권,2110195,동대문구청,4287,2125,2162,6,481,906,1023,1183,688,3,186,393,469,674,400,3,295,513,554,509,288
2022,3,A,골목상권,2110194,홍파초등학교,1798,1085,713,2,140,330,522,522,282,1,84,184,314,291,211,1,56,146,208,231,71
2022,3,A,골목상권,2110193,고려대역 4번,1232,835,397,1,79,208,403,369,172,1,35,113,259,283,144,0,44,95,144,86,28
2022,3,A,골목상권,2110192,동의보감타워,5324,3233,2091,17,756,1316,1285,1303,647,8,482,802,763,820,358,9,274,514,522,483,289
2022,3,A,골목상권,2110191,고려대역 6번,1157,702,455,2,78,202,355,318,202,1,38,103,203,201,156,1,40,99,152,117,46
2022,3,A,골목상권,2110190,고대앞사거리,3236,1724,1512,5,469,907,933,626,296,2,192,462,500,367,201,3,277,445,433,259,95
2022,3,A,골목상권,2110189,제기동역 1번,6727,4533,2194,21,1156,1875,1505,1131,1039,8,647,1270,1059,767,782,13,509,605,446,364,257
2022,3,A,골목상권,2110188,용두동신동아아파트,9251,6800,2451,57,1038,1991,2191,2660,1314,37,705,1428,1679,1971,980,20,333,563,512,689,334
2022,3,A,골목상권,2110187,제기동역 6번,7263,4732,2531,20,1249,2025,1616,1231,1122,8,662,1282,1102,844,834,12,587,743,514,387,288
2022,3,A,골목상권,2110186,종암초등학교,3678,2369,1309,3,481,1024,1038,724,408,0,199,624,702,506,338,3,282,400,336,218,70
2022,3,A,골목상권,2110185,용두초등학교,9216,4802,4414,9,826,2131,2857,2357,1036,3,373,1210,1418,1091,707,6,453,921,1439,1266,329
2022,3,A,골목상권,2110184,용두사거리,7078,2654,4424,6,1108,1663,1364,1642,1295,2,332,723,563,452,582,4,776,940,801,1190,713
2022,3,A,골목상권,2110183,한국의류시험연구원,6586,2490,4096,5,1038,1511,1273,1514,1245,1,321,694,532,384,558,4,717,817,741,1130,687
2022,3,A,골목상권,2110182,용두희망어린이공원,8150,3848,4302,10,1180,1780,1735,2093,1352,4,438,992,944,839,631,6,742,788,791,1254,721
2022,3,A,골목상권,2110181,신설동역 9번,13079,7138,5941,34,1192,2706,3581,3279,2287,18,594,1610,1908,1605,1403,16,598,1096,1673,1674,884
2022,3,A,골목상권,2110180,광진정보도서관,9548,6222,3326,19,2321,3104,2006,1368,730,5,1187,2103,1425,958,544,14,1134,1001,581,410,186
2022,3,A,골목상권,2110179,광나루역 1번,6574,3993,2581,161,2344,1211,1143,1171,544,51,1118,831,807,821,365,110,1226,380,336,350,179
2022,3,A,골목상권,2110178,장로회신학대학교,2969,2050,919,2,411,751,730,698,377,0,227,542,543,493,245,2,184,209,187,205,132
2022,3,A,골목상권,2110177,동의초등학교,1459,779,680,1,169,274,393,406,216,0,61,146,213,214,145,1,108,128,180,192,71
2022,3,A,골목상권,2110176,해오름공원,4046,2107,1939,5,730,888,1169,939,315,2,195,417,665,579,249,3,535,471,504,360,66
2022,3,A,골목상권,2110175,푸른동산공원,9538,5255,4283,11,988,1818,2356,2694,1671,5,574,1201,1457,1185,833,6,414,617,899,1509,838
2022,3,A,골목상권,2110174,아차산역 1번,3794,2279,1515,7,421,721,1109,1004,532,3,189,430,702,589,366,4,232,291,407,415,166
2022,3,A,골목상권,2110173,구남초등학교,11730,6787,4943,24,1163,2242,2831,3303,2167,9,628,1467,1814,1629,1240,15,535,775,1017,1674,927
2022,3,A,골목상권,2110172,광진초등학교,3672,2114,1558,57,568,731,843,922,551,25,284,392,475,537,401,32,284,339,368,385,150
2022,3,A,골목상권,2110171,중곡4동주민센터,3077,1296,1781,4,590,757,782,700,244,2,117,276,348,364,189,2,473,481,434,336,55
2022,3,A,골목상권,2110170,동대부여고,6257,3117,3140,5,456,1045,1777,2129,845,2,193,556,964,908,494,3,263,489,813,1221,351
2022,3,A,골목상권,2110169,성동초등학교,6765,4291,2474,18,675,1492,1785,1727,1068,4,365,915,1130,1071,806,14,310,577,655,656,262
2022,3,A,골목상권,2110168,대원고등학교,2238,1319,919,4,229,483,556,618,348,2,102,238,295,395,287,2,127,245,261,223,61
2022,3,A,골목상권,2110167,용마초등학교,4509,2630,1879,12,580,923,1177,1052,765,4,313,546,644,575,548,8,267,377,533,477,217
2022,3,A,골목상권,2110166,구의1동주민센터,15219,11430,3789,17,1059,2485,4251,5895,1512,12,537,1532,3205,4890,1254,5,522,953,1046,1005,258
2022,3,A,골목상권,2110165,국립정신건강센터,2585,1477,1108,3,244,534,684,699,421,0,94,256,352,434,341,3,150,278,332,265,80
2022,3,A,골목상권,2110164,아차산역 5번,2694,1609,1085,7,347,531,659,642,508,2,169,304,401,359,374,5,178,227,258,283,134
2022,3,A,골목상권,2110163,성자초등학교,3129,1834,1295,13,357,640,850,913,356,9,224,372,481,482,266,4,133,268,369,431,90
2022,3,A,골목상권,2110162,군자역 4번,3924,2332,1592,15,598,853,977,809,672,8,340,511,565,435,473,7,258,342,412,374,199
2022,3,A,골목상권,2110161,중곡역 3번,2364,1591,773,7,197,379,569,778,434,2,89,224,353,586,337,5,108,155,216,192,97
2022,3,A,골목상권,2110160,광진경찰서,2323,1406,917,4,347,648,636,516,172,1,194,397,354,334,126,3,153,251,282,182,46
2022,3,A,골목상권,2110159,구의역 4번,15886,11761,4125,20,1195,2502,4360,6044,1765,14,552,1526,3278,4933,1458,6,643,976,1082,1111,307
2022,3,A,골목상권,2110158,중곡3동주민센터,2903,2098,805,5,253,521,703,934,487,1,136,358,470,736,397,4,117,163,233,198,90
2022,3,A,골목상권,2110157,자양동우체국,2103,1420,683,14,451,461,501,450,226,10,346,329,303,259,173,4,105,132,198,191,53
2022,3,A,골목상권,2110156,군자역 5번,3797,2348,1449,10,541,828,936,817,665,6,297,488,572,478,507,4,244,340,364,339,158
2022,3,A,골목상권,2110155,광진구청,13911,10903,3008,14,1009,2223,3822,5359,1484,12,536,1458,2986,4650,1261,2,473,765,836,709,223
2022,3,A,골목상권,2110154,광진정말공원,2494,1436,1058,7,351,455,604,640,437,5,171,260,316,357,327,2,180,195,288,283,110
2022,3,A,골목상권,2110153,중곡1동주민센터,5211,2445,2766,82,1436,912,1081,1176,524,28,644,492,513,422,346,54,792,420,568,754,178
2022,3,A,골목상권,2110152,중곡어린이공원,2482,1526,956,49,471,549,517,545,351,6,194,337,328,368,293,43,277,212,189,177,58
2022,3,A,골목상권,2110151,자양한강도서관,2520,1817,703,15,490,505,614,608,288,11,373,369,422,418,224,4,117,136,192,190,64
2022,3,A,골목상권,2110150,중곡1동 마을마당,5928,2959,2969,84,1503,1158,1196,1359,628,30,654,632,616,572,455,54,849,526,580,787,173
2022,3,A,골목상권,2110149,세종대학교,1090,593,497,0,153,295,256,226,160,0,69,164,150,110,100,0,84,131,106,116,60
2022,3,A,골목상권,2110148,어린이대공원역 3번,1449,1013,436,2,138,200,381,498,230,0,66,128,264,363,192,2,72,72,117,135,38
2022,3,A,골목상권,2110147,능동우편취급국,5319,2666,2653,35,1292,1071,1074,1227,620,22,621,624,558,446,395,13,671,447,516,781,225
2022,3,A,골목상권,2110146,신자초등학교,3030,2209,821,8,345,709,894,809,265,3,232,532,652,588,202,5,113,177,242,221,63
2022,3,A,골목상권,2110145,장안초등학교,913,444,469,0,95,163,182,275,198,0,30,77,88,131,118,0,65,86,94,144,80
2022,3,A,골목상권,2110144,어린이대공원역 4번,1995,1266,729,2,200,302,497,650,344,0,76,165,320,437,268,2,124,137,177,213,76
2022,3,A,골목상권,2110143,뚝섬유원지역 1번,1854,1500,354,4,199,512,536,442,161,1,151,418,445,358,127,3,48,94,91,84,34
2022,3,A,골목상권,2110142,화양사거리,4124,2353,1771,5,665,1024,1057,859,514,2,309,600,651,427,364,3,356,424,406,432,150
2022,3,A,골목상권,2110141,건대입구역 1번,3299,2189,1110,13,442,738,841,702,563,6,231,484,570,459,439,7,211,254,271,243,124
2022,3,A,골목상권,2110140,건대입구역 6번,5095,3245,1850,28,632,1049,1230,1212,944,21,284,628,783,815,714,7,348,421,447,397,230
2022,3,A,골목상권,2110139,자양4동주민센터,3041,2288,753,62,487,732,735,671,354,28,320,558,574,520,288,34,167,174,161,151,66
2022,3,A,골목상권,2110138,송정체육공원,4312,2537,1775,2,725,1148,1094,805,538,0,350,692,688,425,382,2,375,456,406,380,156
2022,3,A,골목상권,2110137,성수초등학교,15849,10295,5554,64,2391,4011,4214,3217,1952,49,1240,2613,2806,2104,1483,15,1151,1398,1408,1113,469
2022,3,A,골목상권,2110136,경수초등학교,19912,12290,7622,134,4030,5003,4511,3778,2456,78,1986,3201,2930,2315,1780,56,2044,1802,1581,1463,676
2022,3,A,골목상권,2110135,성동세무서,7155,4565,2590,12,1071,1813,1835,1515,909,5,579,1158,1197,926,700,7,492,655,638,589,209
2022,3,A,골목상권,2110134,성수119안전센터,4792,3359,1433,79,805,1245,1218,959,486,39,481,883,888,682,386,40,324,362,330,277,100
2022,3,A,골목상권,2110133,서울교통공사,6588,4563,2025,50,1729,1852,1274,965,718,21,996,1339,950,679,578,29,733,513,324,286,140
2022,3,A,골목상권,2110132,성수2가3동주민센터,4528,2778,1750,14,563,1101,1102,1022,726,11,282,667,706,642,470,3,281,434,396,380,256
2022,3,A,골목상권,2110131,성수동카페거리,18863,11455,7408,84,3960,5083,4195,3250,2291,51,1964,3230,2724,1930,1556,33,1996,1853,1471,1320,735
2022,3,A,골목상권,2110130,답십리역 6번,5783,2708,3075,6,834,1254,1641,1495,553,2,564,856,606,323,357,4,270,398,1035,1172,196
2022,3,A,골목상권,2110129,성원어린이공원,5831,3754,2077,21,932,1339,1290,1152,1097,16,543,871,862,738,724,5,389,468,428,414,373
2022,3,A,골목상권,2110128,성원중학교,5913,4100,1813,24,740,1417,1504,1425,803,13,428,1018,1078,1009,554,11,312,399,426,416,249
2022,3,A,골목상권,2110127,성수1가1동주민센터,5851,3818,2033,21,1131,1850,1426,919,504,11,621,1230,924,626,406,10,510,620,502,293,98
2022,3,A,골목상권,2110126,서울숲역 1번,4957,3278,1679,19,954,1230,1086,892,776,12,568,830,689,609,570,7,386,400,397,283,206
2022,3,A,골목상권,2110125,사근동살곶이상점가,2512,1782,730,2,144,443,815,743,365,2,54,289,563,579,295,0,90,154,252,164,70
2022,3,A,골목상권,2110124,뚝섬역교차로,3140,2236,904,14,450,585,706,728,657,12,229,380,469,568,578,2,221,205,237,160,79
2022,3,A,골목상권,2110123,마장역 3번,1661,1034,627,1,198,311,408,441,302,1,95,185,241,285,227,0,103,126,167,156,75
2022,3,A,골목상권,2110122,마장역 2번,1517,1003,514,1,159,243,355,441,318,1,89,160,221,294,238,0,70,83,134,147,80
2022,3,A,골목상권,2110121,한양대역 4번,2434,1709,725,0,128,423,780,733,370,0,43,274,532,559,301,0,85,149,248,174,69
2022,3,A,골목상권,2110120,서울숲카페거리,1582,1046,536,5,184,292,370,390,341,4,93,172,212,275,290,1,91,120,158,115,51
2022,3,A,골목상권,2110119,마장지하차도,2657,987,1670,3,257,346,556,850,645,1,141,190,234,227,194,2,116,156,322,623,451
2022,3,A,골목상권,2110118,왕십리역 9번,2693,1327,1366,12,554,698,635,510,284,2,170,310,345,292,208,10,384,388,290,218,76
2022,3,A,골목상권,2110117,성동구보건소,3376,1242,2134,9,551,497,662,965,692,2,191,247,299,296,207,7,360,250,363,669,485
2022,3,A,골목상권,2110116,청계천박물관,8711,5833,2878,46,804,1715,2072,2820,1254,33,442,1069,1395,1994,900,13,362,646,677,826,354
2022,3,A,골목상권,2110115,상왕십리역 3번,5567,2521,3046,19,895,982,1144,1447,1080,4,303,543,630,605,436,15,592,439,514,842,644
2022,3,A,골목상권,2110114,왕십리파출소,2943,1055,1888,16,538,508,588,804,489,3,198,277,289,197,91,13,340,231,299,607,398
2022,3,A,골목상권,2110113,응봉산,2383,905,1478,16,296,761,960,256,94,0,90,252,389,108,66,16,206,509,571,148,28
2022,3,A,골목상권,2110112,행당역 2번,1515,781,734,1,187,321,403,404,199,0,71,141,204,221,144,1,116,180,199,183,55
2022,3,A,골목상권,2110111,대현산장미원,336,200,136,1,46,57,83,78,71,0,15,28,41,53,63,1,31,29,42,25,8
2022,3,A,골목상권,2110110,상왕십리역 6번,2892,1693,1199,14,435,651,657,653,482,5,147,368,443,432,298,9,288,283,214,221,184
2022,3,A,골목상권,2110109,금호삼성래미안아파트,2707,1162,1545,17,330,830,1057,350,123,1,119,302,464,178,98,16,211,528,593,172,25
2022,3,A,골목상권,2110108,성동구립금호도서관,272,128,144,0,32,55,72,79,34,0,14,29,30,29,26,0,18,26,42,50,8
2022,3,A,골목상권,2110107,금호사거리,2741,1185,1556,16,316,815,1029,373,192,1,105,276,444,211,148,15,211,539,585,162,44
2022,3,A,골목상권,2110106,금북초등학교,682,416,266,1,112,193,201,134,41,1,66,107,128,85,29,0,46,86,73,49,12
2022,3,A,골목상권,2110105,금동어린이공원,3124,1300,1824,16,371,929,1129,449,230,1,117,326,480,214,162,15,254,603,649,235,68
2022,3,A,골목상권,2110104,신금호역 4번,1550,885,665,2,200,375,389,317,267,2,69,194,228,192,200,0,131,181,161,125,67
2022,3,A,골목상권,2110103,옥수터널,652,341,311,1,61,162,188,182,58,0,22,73,103,102,41,1,39,89,85,80,17
2022,3,A,골목상권,2110102,옥수역 6번,4523,1702,2821,5,1162,1330,1014,721,291,0,285,464,469,333,151,5,877,866,545,388,140
2022,3,A,골목상권,2110101,옥정중학교,11800,7925,3875,10,1772,3747,3394,2453,424,5,571,2350,2657,2066,276,5,1201,1397,737,387,148
2022,3,A,골목상권,2110100,옥수동우편취급국,8356,6820,1536,8,785,2676,2652,2008,227,4,361,2018,2357,1893,187,4,424,658,295,115,40
2022,3,A,골목상권,2110099,유엔빌리지길,22417,18045,4372,50,2713,5729,6376,6735,814,38,1345,4185,5513,6284,680,12,1368,1544,863,451,134
2022,3,A,골목상권,2110098,서울독일학교,22179,18008,4171,40,2712,5547,6234,6685,961,31,1363,4085,5433,6273,823,9,1349,1462,801,412,138
2022,3,A,골목상권,2110097,한남초등학교,7826,5468,2358,14,1401,2935,1774,1222,480,7,711,1893,1374,1079,404,7,690,1042,400,143,76
2022,3,A,골목상권,2110096,한남힐사이드아파트,8734,5560,3174,9,1774,3226,2049,1383,293,6,757,1958,1477,1118,244,3,1017,1268,572,265,49
2022,3,A,골목상권,2110095,한강진역 3번,16261,10270,5991,51,3557,5623,3802,2391,837,29,1573,3350,2741,1953,624,22,1984,2273,1061,438,213
2022,3,A,골목상권,2110094,오산중학교,475,243,232,0,38,115,148,115,59,0,11,56,70,66,40,0,27,59,78,49,19
2022,3,A,골목상권,2110093,우사단길,9702,6097,3605,43,1853,3128,2442,1391,845,25,761,1853,1780,1071,607,18,1092,1275,662,320,238
2022,3,A,골목상권,2110092,NH농협은행 보광동지점,4109,2859,1250,31,584,1186,1179,823,306,21,305,795,876,631,231,10,279,391,303,192,75
2022,3,A,골목상권,2110091,리움미술관,7513,4522,2991,24,1801,2643,1844,904,297,15,749,1458,1336,748,216,9,1052,1185,508,156,81
2022,3,A,골목상권,2110090,한국폴리텍대학서울정수캠퍼스,8083,4908,3175,18,1242,2436,2730,1210,447,8,540,1218,1919,926,297,10,702,1218,811,284,150
2022,3,A,골목상권,2110089,서빙고동주민센터,2543,1491,1052,2,350,655,776,449,311,0,109,359,499,312,212,2,241,296,277,137,99
2022,3,A,골목상권,2110088,오산고등학교,10165,6137,4028,22,1462,3094,3318,1687,582,10,653,1517,2260,1276,421,12,809,1577,1058,411,161
2022,3,A,골목상권,2110087,이태원엔틱가구거리,6439,3688,2751,31,1233,1753,1633,1215,574,18,527,948,988,811,396,13,706,805,645,404,178
2022,3,A,골목상권,2110086,이태원역 북측,18101,8842,9259,50,4925,6856,3887,1818,565,27,1453,3140,2391,1403,428,23,3472,3716,1496,415,137
2022,3,A,골목상권,2110085,경리단길남측,13583,6464,7119,26,4020,5279,2796,1133,329,12,1128,2390,1742,930,262,14,2892,2889,1054,203,67
2022,3,A,골목상권,2110084,경리단길북측,2575,1428,1147,8,511,741,625,464,226,5,222,375,345,310,171,3,289,366,280,154,55
2022,3,A,골목상권,2110083,서빙고역 1번,7782,5014,2768,20,1542,2118,1985,1422,695,7,687,1379,1388,1051,502,13,855,739,597,371,193
2022,3,A,골목상권,2110082,용산구청,5502,3128,2374,31,1057,1491,1412,1063,448,18,466,777,844,718,305,13,591,714,568,345,143
2022,3,A,골목상권,2110081,해방촌 남동측,2277,1520,757,0,210,420,747,723,177,0,84,238,543,529,126,0,126,182,204,194,51
2022,3,A,골목상권,2110080,해방촌예술마을,2607,1687,920,3,326,485,828,763,202,3,119,277,599,550,139,0,207,208,229,213,63
2022,3,A,골목상권,2110079,후암동주민센터,26370,18974,7396,29,4638,9384,6904,3904,1511,17,2634,6434,5604,3182,1103,12,2004,2950,1300,722,408
2022,3,A,골목상권,2110078,이촌동점보아파트,4837,3011,1826,17,786,1296,1215,1059,464,3,411,785,813,678,321,14,375,511,402,381,143
2022,3,A,골목상권,2110077,삼광초등학교,10904,3587,7317,161,6225,1915,1250,982,371,16,681,930,949,744,267,145,5544,985,301,238,104
2022,3,A,골목상권,2110076,삼각지역 14번,6002,4060,1942,4,649,1637,1939,1419,354,4,356,1043,1439,994,224,0,293,594,500,425,130
2022,3,A,골목상권,2110075,숙대입구역 1번,16585,6297,10288,168,7307,3895,2570,1725,920,17,977,1713,1667,1230,693,151,6330,2182,903,495,227
2022,3,A,골목상권,2110074,서울역 12번,36080,21404,14676,180,11191,11602,7333,3938,1836,24,3411,7449,5868,3241,1411,156,7780,4153,1465,697,425
2022,3,A,골목상권,2110073,삼각지역 3번,24882,9347,15535,123,6255,8074,6887,2839,704,50,2240,2899,2427,1321,410,73,4015,5175,4460,1518,294
2022,3,A,골목상권,2110072,열정도,4551,3239,1312,28,750,1138,1119,932,584,11,409,807,866,718,428,17,341,331,253,214,156
2022,3,A,골목상권,2110071,한강미주맨션아파트,8064,4602,3462,40,1013,1799,2828,1862,522,31,446,1073,1552,1149,351,9,567,726,1276,713,171
2022,3,A,골목상권,2110070,용산세무서,7939,5013,2926,7,817,1787,2969,1915,444,0,510,1163,1775,1265,300,7,307,624,1194,650,144
2022,3,A,골목상권,2110069,숙대입구,8595,4893,3702,31,1607,2846,2045,1332,734,14,680,1474,1258,921,546,17,927,1372,787,411,188
2022,3,A,골목상권,2110068,남영역 1번,10534,7108,3426,48,1834,3359,2754,1651,888,21,965,2182,2055,1256,629,27,869,1177,699,395,259
2022,3,A,골목상권,2110067,배문고등학교,8614,4267,4347,14,1830,2555,1776,1409,1030,5,506,1119,947,892,798,9,1324,1436,829,517,232
2022,3,A,골목상권,2110066,서울역 15번,4687,2417,2270,10,918,1376,996,759,628,5,306,619,554,459,474,5,612,757,442,300,154
2022,3,A,골목상권,2110065,남정초등학교,3515,2475,1040,20,568,1031,937,561,398,16,362,771,668,380,278,4,206,260,269,181,120
2022,3,A,골목상권,2110064,효창공원앞역 2번,4350,2663,1687,18,593,1122,1112,971,534,16,308,706,691,592,350,2,285,416,421,379,184
2022,3,A,골목상권,2110063,효창공원앞역 5번,6102,4294,1808,25,915,1808,1707,985,662,18,553,1315,1239,686,483,7,362,493,468,299,179
2022,3,A,골목상권,2110062,한강로동땡땡거리(은행나무길),9571,5392,4179,16,1072,2335,3099,2183,866,8,465,1231,1677,1434,577,8,607,1104,1422,749,289
2022,3,A,골목상권,2110061,효창동주민센터,5974,4267,1707,8,974,1567,1609,1209,607,5,555,1149,1205,870,483,3,419,418,404,339,124
2022,3,A,골목상권,2110060,효창공원앞역 6번,7211,4881,2330,24,1280,1934,1960,1421,592,14,694,1365,1393,983,432,10,586,569,567,438,160
2022,3,A,골목상권,2110059,새남터성지,3196,2152,1044,11,491,853,906,661,274,4,251,549,683,496,169,7,240,304,223,165,105
2022,3,A,골목상권,2110058,성심여자고등학교,8454,6100,2354,32,1374,2650,2295,1464,639,15,784,1877,1770,1151,503,17,590,773,525,313,136
2022,3,A,골목상권,2110057,황학코아루아파트,2115,1166,949,5,348,575,548,400,239,4,168,319,277,224,174,1,180,256,271,176,65
2022,3,A,골목상권,2110056,신당역 3번,2900,1536,1364,6,461,783,704,555,391,6,194,381,370,312,273,0,267,402,334,243,118
2022,3,A,골목상권,2110055,황학동벼룩시장,3042,1645,1397,31,928,652,595,540,296,16,396,333,352,341,207,15,532,319,243,199,89
2022,3,A,골목상권,2110054,청구역 3번,6203,3266,2937,16,1195,1620,1307,1234,831,5,421,870,771,692,507,11,774,750,536,542,324
2022,3,A,골목상권,2110053,청구역 1번,5383,2899,2484,5,738,1322,1461,1441,416,3,252,661,814,897,272,2,486,661,647,544,144
2022,3,A,골목상권,2110052,장충초등학교,7627,3969,3658,11,1405,1921,1775,1673,842,5,467,944,1013,991,549,6,938,977,762,682,293
2022,3,A,골목상권,2110051,한양공고앞 교차로,2894,1689,1205,9,423,659,731,768,304,2,166,416,454,460,191,7,257,243,277,308,113
2022,3,A,골목상권,2110050,약수역 7번,2303,1220,1083,4,318,559,563,524,335,2,120,279,330,287,202,2,198,280,233,237,133
2022,3,A,골목상권,2110049,장충단 고개,9962,5298,4664,25,2025,2831,2379,1819,883,6,630,1517,1462,1121,562,19,1395,1314,917,698,321
2022,3,A,골목상권,2110048,장충동주민센터,12882,7150,5732,36,2260,3570,3462,2641,913,5,823,2090,2108,1542,582,31,1437,1480,1354,1099,331
2022,3,A,골목상권,2110047,다산성곽길,7406,4104,3302,14,1449,2072,1776,1474,621,5,541,1110,1076,922,450,9,908,962,700,552,171
2022,3,A,골목상권,2110046,버티고개,2995,2024,971,3,392,1047,775,588,190,0,206,761,566,361,130,3,186,286,209,227,60
2022,3,A,골목상권,2110045,동대문역사문화공원역 5번,45426,22509,22917,475,13488,12026,9657,7085,2695,195,6425,7176,5520,2395,798,280,7063,4850,4137,4690,1897
2022,3,A,골목상권,2110044,관성묘,36669,17055,19614,451,12150,9596,7053,5156,2263,190,5706,5492,3828,1296,543,261,6444,4104,3225,3860,1720
2022,3,A,골목상권,2110043,충무초등학교,9197,5407,3790,49,1867,2374,2374,1584,949,20,680,1347,1582,1097,681,29,1187,1027,792,487,268
2022,3,A,골목상권,2110042,남산골공원옆,4783,2763,2020,11,548,1077,1518,1120,509,6,247,608,805,744,353,5,301,469,713,376,156
2022,3,A,골목상권,2110041,남산케이블카,21568,10294,11274,69,3089,6767,7028,3730,885,11,993,2989,3094,2693,514,58,2096,3778,3934,1037,371
2022,3,A,골목상권,2110040,중구회현체육센터(정화예술대남산캠퍼스),20399,10001,10398,71,2999,6554,6631,3424,720,11,1015,3003,2933,2577,462,60,1984,3551,3698,847,258
2022,3,A,골목상권,2110039,회현역 1번,24398,12113,12285,135,4567,7678,7350,3971,697,40,1630,3709,3600,2764,370,95,2937,3969,3750,1207,327
2022,3,A,골목상권,2110038,경향신문사,15409,10083,5326,19,2255,4993,5034,2645,463,6,981,3062,3573,2121,340,13,1274,1931,1461,524,123
2022,3,A,골목상권,2110037,신설동역 12번,7347,2905,4442,9,755,1126,1345,1957,2155,0,225,508,614,556,1002,9,530,618,731,1401,1153
2022,3,A,골목상권,2110036,동묘앞역 3번,3249,1861,1388,19,475,515,668,726,846,17,215,271,402,447,509,2,260,244,266,279,337
2022,3,A,골목상권,2110035,동묘앞역 2번,4636,2328,2308,6,352,596,971,1056,1655,0,113,271,430,502,1012,6,239,325,541,554,643
2022,3,A,골목상권,2110034,창신1동주민센터,2610,1275,1335,10,415,553,683,590,359,8,137,246,296,337,251,2,278,307,387,253,108
2022,3,A,골목상권,2110033,창신역 4번,2086,1235,851,4,175,269,339,403,896,0,57,132,185,230,631,4,118,137,154,173,265
2022,3,A,골목상권,2110032,수족관거리,2064,916,1148,8,347,439,559,454,257,7,106,176,201,239,187,1,241,263,358,215,70
2022,3,A,골목상권,2110031,창신역 1번,554,273,281,2,68,132,136,143,73,0,19,63,68,75,48,2,49,69,68,68,25
2022,3,A,골목상권,2110030,동대문역 3번,1437,615,822,0,146,262,447,335,247,0,43,97,144,155,176,0,103,165,303,180,71
2022,3,A,골목상권,2110029,동대문역 1번,3350,1894,1456,6,441,722,813,826,542,1,200,416,458,485,334,5,241,306,355,341,208
2022,3,A,골목상권,2110028,이화달팽이길,4133,2258,1875,7,726,1068,988,821,523,3,249,525,580,528,373,4,477,543,408,293,150
2022,3,A,골목상권,2110027,혜화역 1번,3993,2014,1979,11,605,968,1059,834,516,5,166,385,563,521,374,6,439,583,496,313,142
2022,3,A,골목상권,2110026,종로5가역 4번,3517,2041,1476,9,541,863,909,740,455,2,244,478,511,470,336,7,297,385,398,270,119
2022,3,A,골목상권,2110025,충신시장옆,9964,6665,3299,17,1748,3097,2714,1736,652,3,767,1987,2027,1429,452,14,981,1110,687,307,200
2022,3,A,골목상권,2110024,혜회동주민센터,5949,2844,3105,28,785,1351,1599,1359,827,17,260,582,786,715,484,11,525,769,813,644,343
2022,3,A,골목상권,2110023,서울대병원,7046,4607,2439,14,1274,2467,1898,965,428,3,575,1567,1454,734,274,11,699,900,444,231,154
2022,3,A,골목상권,2110022,경신고등학교,6493,3007,3486,27,1025,1774,1632,1264,771,19,359,839,781,598,411,8,666,935,851,666,360
2022,3,A,골목상권,2110021,성균관대학교,2385,1261,1124,15,389,557,545,470,409,11,136,240,309,293,272,4,253,317,236,177,137
2022,3,A,골목상권,2110020,서울국제고등학교,4389,2090,2299,18,726,1142,1008,872,623,13,270,579,552,374,302,5,456,563,456,498,321
2022,3,A,골목상권,2110019,창덕궁,16561,12644,3917,19,2000,5478,4941,3044,1079,7,1164,4119,3999,2516,839,12,836,1359,942,528,240
2022,3,A,골목상권,2110018,중앙고등학교,16741,12521,4220,12,1870,5599,5144,3145,971,6,988,4073,4101,2594,759,6,882,1526,1043,551,212
2022,3,A,골목상권,2110017,정독도서관,10619,8299,2320,2,1386,2982,3397,2250,602,1,919,2227,2808,1858,486,1,467,755,589,392,116
2022,3,A,골목상권,2110016,평창동동측,13795,6588,7207,21,1223,3779,5325,2832,615,10,508,1634,2776,1313,347,11,715,2145,2549,1519,268
2022,3,A,골목상권,2110015,청와대사랑채,6739,4876,1863,37,1083,2014,2132,1170,303,0,655,1432,1686,873,230,37,428,582,446,297,73
2022,3,A,골목상권,2110014,경복고등학교,6312,4486,1826,39,965,1807,2046,1188,267,2,591,1278,1554,867,194,37,374,529,492,321,73
2022,3,A,골목상권,2110013,체부동홍종문가옥,4511,2162,2349,10,616,877,891,1177,940,2,339,523,470,400,428,8,277,354,421,777,512
2022,3,A,골목상권,2110012,성곡미술관,35398,22897,12501,54,4673,9851,10005,7082,3733,14,2168,6479,7283,4722,2231,40,2505,3372,2722,2360,1502
2022,3,A,골목상권,2110011,청운초등학교,1903,814,1089,13,319,483,443,349,296,2,65,197,199,163,188,11,254,286,244,186,108
2022,3,A,골목상권,2110010,평창동서측,10085,5515,4570,17,1111,2723,3664,1991,579,1,478,1204,2080,1353,399,16,633,1519,1584,638,180
2022,3,A,골목상권,2110009,자하문터널,3823,2257,1566,18,744,1226,968,640,227,8,294,697,639,463,156,10,450,529,329,177,71
2022,3,A,골목상권,2110008,배화여자대학교(박노수미술관),6438,3091,3347,46,996,1152,1240,1648,1356,2,446,594,631,700,718,44,550,558,609,948,638
2022,3,A,골목상권,2110007,사직공원(한국사회과학도서관),3909,1854,2055,7,607,1085,1147,738,325,5,194,468,547,412,228,2,413,617,600,326,97
2022,3,A,골목상권,2110006,부암동주민센터,2706,1329,1377,22,607,897,632,425,123,5,169,414,377,288,76,17,438,483,255,137,47
2022,3,A,골목상권,2110005,세검정,2723,1465,1258,9,347,715,720,623,309,3,150,361,399,341,211,6,197,354,321,282,98
2022,3,A,골목상권,2110004,대신고등학교,470,276,194,6,62,109,112,113,68,5,33,63,61,59,55,1,29,46,51,54,13
2022,3,A,골목상권,2110003,세검정초등학교,4837,2723,2114,16,618,1311,1222,1017,653,7,239,684,764,595,434,9,379,627,458,422,219
2022,3,A,골목상권,2110002,독립문역 1번,689,209,480,7,173,203,166,102,38,6,37,46,59,37,24,1,136,157,107,65,14
2022,3,A,골목상권,2110001,이북5도청사,5968,4230,1738,11,1084,1435,1383,1526,529,7,566,935,1087,1267,368,4,518,500,296,259,161
2022,2,A,골목상권,2111090,강일동주민센터,744,547,197,0,90,161,195,190,108,0,55,111,143,143,95,0,35,50,52,47,13
2022,2,A,골목상권,2111089,상일여고(상일초등학교),1080,716,364,0,123,216,260,297,184,0,58,146,184,192,136,0,65,70,76,105,48
2022,2,A,골목상권,2111088,고덕동성당,1187,964,223,0,40,92,230,464,361,0,10,55,178,388,333,0,30,37,52,76,28
2022,2,A,골목상권,2111087,고덕중학교(고덕2동주민센터),743,270,473,0,85,157,184,208,109,0,17,54,69,77,53,0,68,103,115,131,56
2022,2,A,골목상권,2111086,한영중고,862,441,421,1,73,196,209,284,99,1,32,75,97,157,79,0,41,121,112,127,20
2022,2,A,골목상권,2111085,묘곡초등학교(고덕아이파크아파트),1560,790,770,0,154,294,388,398,326,0,61,149,173,196,211,0,93,145,215,202,115
2022,2,A,골목상권,2111084,길동신동아아파트,1362,726,636,2,136,245,267,388,324,2,79,146,133,178,188,0,57,99,134,210,136
2022,2,A,골목상권,2111083,GS강동자이아파트,2403,1398,1005,4,274,421,473,661,570,3,157,263,263,330,382,1,117,158,210,331,188
2022,2,A,골목상권,2111082,중앙보훈병원,3359,1319,2040,1,743,904,629,688,394,0,187,326,270,308,228,1,556,578,359,380,166
2022,2,A,골목상권,2111081,둔촌푸르지오아파트,1104,672,432,2,139,198,218,280,267,1,73,121,129,149,199,1,66,77,89,131,68
2022,2,A,골목상권,2111080,굽은다리역 3번,1916,853,1063,2,204,357,453,489,411,0,72,184,206,194,197,2,132,173,247,295,214
2022,2,A,골목상권,2111079,둔촌고등학교(둔촌중학교),4407,1934,2473,5,873,1139,885,927,578,2,262,460,418,421,371,3,611,679,467,506,207
2022,2,A,골목상권,2111078,굽은다리역 4번,4203,2519,1684,9,398,735,962,1078,1021,5,210,458,553,637,656,4,188,277,409,441,365
2022,2,A,골목상권,2111077,길동주민센터(강동도서관),7382,3886,3496,18,774,1285,1701,1972,1632,11,369,733,911,873,989,7,405,552,790,1099,643
2022,2,A,골목상권,2111076,둔촌2동주민센터,2891,1678,1213,5,343,628,708,627,580,3,143,341,445,347,399,2,200,287,263,280,181
2022,2,A,골목상권,2111075,굽은다리역 2번,2664,1415,1249,4,325,517,647,666,505,2,142,299,313,346,313,2,183,218,334,320,192
2022,2,A,골목상권,2111074,명일역 1번,2753,1586,1167,6,360,639,696,662,390,3,186,384,382,384,247,3,174,255,314,278,143
2022,2,A,골목상권,2111073,둔촌동역 1번(한산중학교),7031,3540,3491,23,864,1431,1725,1807,1181,17,408,802,924,722,667,6,456,629,801,1085,514
2022,2,A,골목상권,2111072,굽은다리역 1번(십자성마을),3937,2371,1566,10,383,823,989,935,797,5,173,470,582,587,554,5,210,353,407,348,243
2022,2,A,골목상권,2111071,천동초등학교,2389,1343,1046,2,222,450,615,554,546,1,78,232,345,319,368,1,144,218,270,235,178
2022,2,A,골목상권,2111070,천호초등학교,1943,1134,809,6,159,424,513,540,301,1,60,208,282,348,235,5,99,216,231,192,66
2022,2,A,골목상권,2111069,천호1동주민센터,2681,1438,1243,8,249,538,670,683,533,3,87,245,351,385,367,5,162,293,319,298,166
2022,2,A,골목상권,2111068,강동성심병원,5278,2358,2920,14,977,1083,1209,1196,799,9,331,516,613,453,436,5,646,567,596,743,363
2022,2,A,골목상권,2111067,강동구립성내도서관,8062,3945,4117,26,1296,1623,1874,1847,1396,18,505,849,990,787,796,8,791,774,884,1060,600
2022,2,A,골목상권,2111066,암사동성당(효정하나플러스아파트),1961,1136,825,5,220,423,443,525,345,1,83,210,252,350,240,4,137,213,191,175,105
2022,2,A,골목상권,2111065,천일초등학교,1492,799,693,2,131,236,313,349,461,2,45,104,141,160,347,0,86,132,172,189,114
2022,2,A,골목상권,2111064,둔촌동역 4번,2951,1763,1188,10,355,587,666,719,614,8,178,353,397,419,408,2,177,234,269,300,206
2022,2,A,골목상권,2111063,강동구립 천호도서관,3759,2069,1690,9,344,581,681,729,1415,7,127,263,349,361,962,2,217,318,332,368,453
2022,2,A,골목상권,2111062,둔촌동역 3번(성내3동주민센터),4393,2785,1608,8,584,1064,1191,921,625,7,323,676,750,580,449,1,261,388,441,341,176
2022,2,A,골목상권,2111061,암사역 1번,4194,1874,2320,3,413,710,856,1012,1200,2,170,393,411,369,529,1,243,317,445,643,671
2022,2,A,골목상권,2111060,암사역 2번(서울강동초등학교),3573,1892,1681,10,392,741,923,871,636,5,141,348,473,483,442,5,251,393,450,388,194
2022,2,A,골목상권,2111059,강동역 4번(강풀만화거리),8028,4328,3700,18,1275,1454,1658,1571,2052,8,537,734,860,875,1314,10,738,720,798,696,738
2022,2,A,골목상권,2111058,성내중학교,2639,1612,1027,3,339,606,682,702,307,1,181,384,406,450,190,2,158,222,276,252,117
2022,2,A,골목상권,2111057,천호공원(해공체육문화센터),2118,1068,1050,2,216,311,437,508,644,2,76,120,175,230,465,0,140,191,262,278,179
2022,2,A,골목상권,2111056,천호태영아파트,2758,1458,1300,5,235,331,469,477,1241,1,89,126,195,239,808,4,146,205,274,238,433
2022,2,A,골목상권,2111055,선사초등학교,2553,999,1554,3,292,461,575,738,484,2,137,240,250,203,167,1,155,221,325,535,317
2022,2,A,골목상권,2111054,암사역 4번(삼성광나루아파트),3414,1360,2054,3,354,528,650,844,1035,2,146,268,280,241,423,1,208,260,370,603,612
2022,2,A,골목상권,2111053,성내천어린이공원(하니사랑길),23519,17241,6278,41,2641,6412,5666,5352,3407,17,1608,4669,4234,4068,2645,24,1033,1743,1432,1284,762
2022,2,A,골목상권,2111052,암사역 3번(천호동자전거거리),2457,1236,1221,3,262,428,525,464,775,2,92,220,265,243,414,1,170,208,260,221,361
2022,2,A,골목상권,2111051,천호역 6번,7112,4029,3083,12,975,1636,1725,1854,910,5,493,791,894,1177,669,7,482,845,831,677,241
2022,2,A,골목상권,2111050,강동구청(강동구청역 2번),7541,4687,2854,33,867,1785,1796,1858,1202,14,420,959,1100,1292,902,19,447,826,696,566,300
2022,2,A,골목상권,2111049,천호지구대(천호동자전거거리),2201,1197,1004,9,263,431,513,499,486,5,120,216,267,255,334,4,143,215,246,244,152
2022,2,A,골목상권,2111048,천호역 1번(천호문구완구거리),2003,1064,939,9,254,435,468,419,418,5,102,209,259,213,276,4,152,226,209,206,142
2022,2,A,골목상권,2111047,마천1치안센터,1261,723,538,1,123,268,342,314,213,1,61,146,181,168,166,0,62,122,161,146,47
2022,2,A,골목상권,2111046,마천역(마천초등학교),2822,1633,1189,5,296,604,772,740,405,1,151,347,410,407,317,4,145,257,362,333,88
2022,2,A,골목상권,2111045,개미어린이공원,2261,1195,1066,9,291,357,534,692,378,3,183,228,298,294,189,6,108,129,236,398,189
2022,2,A,골목상권,2111044,남천초등학교,1904,989,915,1,188,378,512,520,305,0,84,186,225,248,246,1,104,192,287,272,59
2022,2,A,골목상권,2111043,마천공원,2200,1378,822,9,268,499,540,524,360,8,156,311,303,321,279,1,112,188,237,203,81
2022,2,A,골목상권,2111042,거여역 1번(거여공원),5740,3468,2272,22,960,1303,1427,1224,804,16,539,869,864,669,511,6,421,434,563,555,293
2022,2,A,골목상권,2111041,거여역 8번,2503,1642,861,8,567,621,572,426,309,6,295,430,406,280,225,2,272,191,166,146,84
2022,2,A,골목상권,2111040,거여초등학교,2682,1704,978,10,328,670,682,619,373,9,189,450,435,362,259,1,139,220,247,257,114
2022,2,A,골목상권,2111039,벌말어린이공원,3276,2054,1222,10,363,791,844,785,483,9,205,519,543,462,316,1,158,272,301,323,167
2022,2,A,골목상권,2111038,보인중학교,3272,2119,1153,14,477,818,802,706,455,13,262,543,547,453,301,1,215,275,255,253,154
2022,2,A,골목상권,2111037,Sh수협은행 오금동금융센터(아랫말어린이공원),1946,1126,820,0,210,436,499,533,268,0,120,281,287,264,174,0,90,155,212,269,94
2022,2,A,골목상권,2111036,투구봉어린이공원,3333,2198,1135,17,531,892,840,726,327,13,342,626,575,425,217,4,189,266,265,301,110
2022,2,A,골목상권,2111035,오금공원(오주중학교),2705,1749,956,2,326,570,689,732,386,1,188,386,470,436,268,1,138,184,219,296,118
2022,2,A,골목상권,2111034,오동나무공원(송파레미니스1단지),4106,2722,1384,7,544,891,1006,1075,583,6,316,606,666,667,461,1,228,285,340,408,122
2022,2,A,골목상권,2111033,문정동성당,33212,26336,6876,13,2679,5820,9576,13087,2037,6,1671,4329,7557,11417,1356,7,1008,1491,2019,1670,681
2022,2,A,골목상권,2111032,방이역 1번,23949,17488,6461,28,3095,5765,6032,5516,3513,14,1835,3956,4600,4519,2564,14,1260,1809,1432,997,949
2022,2,A,골목상권,2111031,장지동주민센터(한림연예예술고교),35724,27914,7810,18,3116,6475,10247,13557,2311,8,1911,4740,7990,11684,1581,10,1205,1735,2257,1873,730
2022,2,A,골목상권,2111030,방이역 2번,21156,15625,5531,20,2708,5088,5454,5034,2852,7,1648,3533,4196,4249,1992,13,1060,1555,1258,785,860
2022,2,A,골목상권,2111029,오금역 4번,7833,5273,2560,14,1268,2371,1930,1379,871,8,740,1577,1338,911,699,6,528,794,592,468,172
2022,2,A,골목상권,2111028,문현중학교(장지역 1번),5636,3366,2270,14,804,1250,1392,1311,865,7,422,774,855,701,607,7,382,476,537,610,258
2022,2,A,골목상권,2111027,문정초등학교,39531,30313,9218,23,3409,6840,10716,14172,4371,9,2010,4917,8267,12013,3097,14,1399,1923,2449,2159,1274
2022,2,A,골목상권,2111026,문정역 2번,6153,3880,2273,10,919,1459,1548,1358,859,5,526,971,988,745,645,5,393,488,560,613,214
2022,2,A,골목상권,2111025,경찰병원역 3번,11774,6132,5642,55,1415,2152,2136,2128,3888,25,571,1173,1208,922,2233,30,844,979,928,1206,1655
2022,2,A,골목상권,2111024,경찰병원역 4번(건너말공원),17836,10455,7381,63,2463,3913,3833,3232,4332,31,1098,2309,2548,1846,2623,32,1365,1604,1285,1386,1709
2022,2,A,골목상권,2111023,문정역 1번,4682,2809,1873,8,724,962,1124,1079,785,2,348,579,724,600,556,6,376,383,400,479,229
2022,2,A,골목상권,2111022,석촌중학교(방이육교),11171,7061,4110,23,1357,2490,2437,2244,2620,9,716,1668,1619,1268,1781,14,641,822,818,976,839
2022,2,A,골목상권,2111021,방이역 4번,11935,8619,3316,39,1562,2502,3053,2900,1879,27,822,1638,2262,2278,1592,12,740,864,791,622,287
2022,2,A,골목상권,2111020,방이동고분군(방산고등학교),6318,3723,2595,19,898,1441,1494,1560,906,12,427,835,927,919,603,7,471,606,567,641,303
2022,2,A,골목상권,2111019,한성백제역 3번,17428,9415,8013,47,2799,3938,3794,4086,2764,34,1482,2587,2120,1689,1503,13,1317,1351,1674,2397,1261
2022,2,A,골목상권,2111018,풍납초등학교(풍납백제문화공원),1322,801,521,0,186,299,301,335,201,0,99,158,169,220,155,0,87,141,132,115,46
2022,2,A,골목상권,2111017,송파나루역 3번,7518,4240,3278,22,1335,1443,1570,1943,1205,16,636,929,992,985,682,6,699,514,578,958,523
2022,2,A,골목상권,2111016,송파역 2번,17063,11286,5777,65,2224,3744,4130,3798,3102,46,1099,2434,3059,2519,2129,19,1125,1310,1071,1279,973
2022,2,A,골목상권,2111015,석촌역 3번,12636,8115,4521,27,1865,3083,2891,2543,2227,11,946,2081,1944,1588,1545,16,919,1002,947,955,682
2022,2,A,골목상권,2111014,송파나루역 2번,14245,8390,5855,26,2077,3609,3332,3152,2049,12,1010,2234,2195,1757,1182,14,1067,1375,1137,1395,867
2022,2,A,골목상권,2111013,송파나루역 1번(송리단길),14226,8959,5267,26,2198,4197,3547,2563,1695,8,1070,2666,2388,1628,1199,18,1128,1531,1159,935,496
2022,2,A,골목상권,2111012,석촌역 6번,6180,3598,2582,11,624,1426,1478,1279,1362,5,303,977,873,617,823,6,321,449,605,662,539
2022,2,A,골목상권,2111011,잠실나루역,10263,8174,2089,42,1383,3190,3039,2132,477,18,976,2602,2477,1735,366,24,407,588,562,397,111
2022,2,A,골목상권,2111010,석촌역 7번,7908,5556,2352,11,859,1781,1872,1423,1962,8,472,1253,1268,916,1639,3,387,528,604,507,323
2022,2,A,골목상권,2111009,송파책박물관,2198,1590,608,5,244,436,453,548,512,3,191,328,324,352,392,2,53,108,129,196,120
2022,2,A,골목상권,2111008,석촌고분역 3번,5190,3263,1927,13,640,1032,1256,1260,989,11,345,636,773,761,737,2,295,396,483,499,252
2022,2,A,골목상권,2111007,석촌고분역 4번,6337,4182,2155,12,863,1398,1389,1437,1238,11,532,949,921,882,887,1,331,449,468,555,351
2022,2,A,골목상권,2111006,석촌고분역 1번,17571,11961,5610,44,2435,3821,4234,3746,3291,29,1307,2544,2976,2542,2563,15,1128,1277,1258,1204,728
2022,2,A,골목상권,2111005,삼전역 3번,6038,4006,2032,15,892,1505,1406,1233,987,5,513,1061,958,761,708,10,379,444,448,472,279
2022,2,A,골목상권,2111004,삼전역 1번,18500,12541,5959,63,2605,4069,4548,4156,3059,21,1379,2681,3191,2968,2301,42,1226,1388,1357,1188,758
2022,2,A,골목상권,2111003,삼전역 4번,5935,3890,2045,37,711,1296,1484,1127,1280,2,366,849,960,726,987,35,345,447,524,401,293
2022,2,A,골목상권,2111002,한국교통안전공단 강남자동차검사소,569,334,235,0,41,89,114,175,150,0,16,52,64,100,102,0,25,37,50,75,48
2022,2,A,골목상권,2111001,아래방죽마을공원(율현초등학교),290,157,133,1,14,42,49,102,82,0,8,28,30,53,38,1,6,14,19,49,44
2022,2,A,골목상권,2111000,대왕초등학교(세곡동사거리서남측),294,138,156,6,35,84,93,56,20,3,11,31,49,30,14,3,24,53,44,26,6
2022,2,A,골목상권,2110999,윗방죽마을공원,464,257,207,3,35,80,86,139,121,1,17,50,56,81,52,2,18,30,30,58,69
2022,2,A,골목상권,2110998,은곡마을(은곡마을공원),128,65,63,3,11,41,35,25,13,1,6,18,19,14,7,2,5,23,16,11,6
2022,2,A,골목상권,2110997,대청초등학교,12566,4876,7690,31,3480,3879,2620,1655,901,3,781,1456,1134,859,643,28,2699,2423,1486,796,258
2022,2,A,골목상권,2110996,대치2동주민센터,37900,18079,19821,265,7022,9437,8584,7750,4842,106,3263,5619,4641,2694,1756,159,3759,3818,3943,5056,3086
2022,2,A,골목상권,2110995,봉은사역 4번,80333,61317,19016,154,15900,21348,21569,17001,4361,88,10163,16112,17810,14553,2591,66,5737,5236,3759,2448,1770
2022,2,A,골목상권,2110994,개포고등학교,4640,2964,1676,57,889,1272,1058,857,507,24,514,821,664,537,404,33,375,451,394,320,103
2022,2,A,골목상권,2110993,개포지하차도 북측,493,214,279,3,70,105,147,115,53,0,16,44,60,58,36,3,54,61,87,57,17
2022,2,A,골목상권,2110992,도곡초등학교,12863,6859,6004,63,2365,3393,3003,2467,1572,35,940,1769,1666,1432,1017,28,1425,1624,1337,1035,555
2022,2,A,골목상권,2110991,삼성중앙역 5번,28503,15784,12719,115,5919,9500,6998,3927,2044,37,2281,5361,4631,2309,1165,78,3638,4139,2367,1618,879
2022,2,A,골목상권,2110990,청담역 12번,10376,6980,3396,39,1551,3276,3120,1867,523,23,669,2073,2406,1424,385,16,882,1203,714,443,138
2022,2,A,골목상권,2110989,대치동아우편취급국,29290,17968,11322,140,4768,8716,7970,4868,2828,17,2007,5273,5502,3456,1713,123,2761,3443,2468,1412,1115
2022,2,A,골목상권,2110988,청담역 3번,18899,9206,9693,73,3792,5684,5341,2877,1132,33,1221,2750,2769,1638,795,40,2571,2934,2572,1239,337
2022,2,A,골목상권,2110987,영동대교남단,8320,5539,2781,40,1422,2410,2185,1548,715,19,663,1584,1632,1125,516,21,759,826,553,423,199
2022,2,A,골목상권,2110986,삼성중앙역 7번,27479,17773,9706,52,3973,10061,7904,3716,1773,15,1757,6297,6233,2496,975,37,2216,3764,1671,1220,798
2022,2,A,골목상권,2110985,청담근린공원,13449,8818,4631,66,2379,3877,3557,2503,1067,35,1141,2595,2592,1729,726,31,1238,1282,965,774,341
2022,2,A,골목상권,2110984,포이초등학교(개포목련어린이공원),6964,4388,2576,20,1326,1965,1598,1256,799,13,815,1286,925,757,592,7,511,679,673,499,207
2022,2,A,골목상권,2110983,국립국악고등학교,3835,2457,1378,13,616,955,928,708,615,2,285,601,613,465,491,11,331,354,315,243,124
2022,2,A,골목상권,2110982,강남구보훈회관,6082,3566,2516,14,1266,1604,1400,963,835,6,513,1046,910,527,564,8,753,558,490,436,271
2022,2,A,골목상권,2110981,국악고교사거리,12357,8276,4081,26,1850,3425,3175,2214,1667,9,980,2320,2252,1450,1265,17,870,1105,923,764,402
2022,2,A,골목상권,2110980,개포지구대옆,25161,10281,14880,88,3951,5726,8389,5194,1813,42,1896,3243,2591,1405,1104,46,2055,2483,5798,3789,709
2022,2,A,골목상권,2110979,청담초등학교,18648,9066,9582,39,5067,6996,3688,1966,892,15,1632,3410,2200,1140,669,24,3435,3586,1488,826,223
2022,2,A,골목상권,2110978,도곡2동주민센터(대치중학교),12302,8363,3939,54,2526,3818,2860,1644,1400,37,1355,2740,2264,1161,806,17,1171,1078,596,483,594
2022,2,A,골목상권,2110977,논현로18길,10006,6917,3089,18,1546,3017,2690,1646,1089,7,822,2051,2060,1150,827,11,724,966,630,496,262
2022,2,A,골목상권,2110976,언북초등학교,11065,5295,5770,25,3211,3774,2056,1187,812,5,1083,1821,1178,701,507,20,2128,1953,878,486,305
2022,2,A,골목상권,2110975,매봉역 1번,22408,15346,7062,84,4644,5711,5884,4648,1437,54,2422,3673,4320,3677,1200,30,2222,2038,1564,971,237
2022,2,A,골목상권,2110974,언주중학교,10084,6627,3457,39,2227,3204,2129,1449,1036,25,1044,1971,1619,1140,828,14,1183,1233,510,309,208
2022,2,A,골목상권,2110973,강남구청역 4번,12597,7190,5407,54,2501,3373,2945,2285,1439,18,1044,2008,1846,1330,944,36,1457,1365,1099,955,495
2022,2,A,골목상권,2110972,강남세브란스병원미래의학연구센터,26073,14646,11427,216,7696,7646,5984,3332,1199,73,3194,4587,3952,1945,895,143,4502,3059,2032,1387,304
2022,2,A,골목상권,2110971,선정릉역 4번,73203,35861,37342,185,15399,20094,18092,15247,4186,90,8048,12361,8646,4171,2545,95,7351,7733,9446,11076,1641
2022,2,A,골목상권,2110970,학동초등학교,12139,7385,4754,45,2463,3692,2909,1837,1193,19,1064,2125,1996,1282,899,26,1399,1567,913,555,294
2022,2,A,골목상권,2110969,베르사이유1아파트,53929,36213,17716,90,9575,16368,14864,10164,2868,34,5089,11243,11284,6616,1947,56,4486,5125,3580,3548,921
2022,2,A,골목상권,2110968,강남구청역 2번,17810,11539,6271,53,3230,4729,4471,3306,2021,17,1463,2823,3248,2441,1547,36,1767,1906,1223,865,474
2022,2,A,골목상권,2110967,역삼역 8번,60702,36823,23879,115,10925,17002,16035,14106,2519,65,7128,12381,9947,5650,1652,50,3797,4621,6088,8456,867
2022,2,A,골목상권,2110966,논현2동주민센터,27417,17538,9879,65,4763,7772,7077,5016,2724,17,2089,4522,4968,3771,2171,48,2674,3250,2109,1245,553
2022,2,A,골목상권,2110965,언주역 6번,12536,6978,5558,32,2785,3988,2917,1723,1091,14,1028,2297,1924,985,730,18,1757,1691,993,738,361
2022,2,A,골목상권,2110964,싸리고개근린공원,16691,13249,3442,26,2072,3680,4901,4766,1246,12,1067,2741,4124,4292,1013,14,1005,939,777,474,233
2022,2,A,골목상권,2110963,역삼월드메르디앙아파트,26645,15919,10726,134,6368,7920,6420,3764,2039,38,2482,4698,4514,2587,1600,96,3886,3222,1906,1177,439
2022,2,A,골목상권,2110962,도산공원북측,7684,4139,3545,25,1867,2746,1614,996,436,9,732,1558,1047,545,248,16,1135,1188,567,451,188
2022,2,A,골목상권,2110961,언주역 3번,25850,16840,9010,70,5483,7931,5602,3658,3106,29,2478,5132,4147,2743,2311,41,3005,2799,1455,915,795
2022,2,A,골목상권,2110960,은광여고,25543,18368,7175,56,2951,5943,6854,7171,2568,40,1640,3961,5282,5652,1793,16,1311,1982,1572,1519,775
2022,2,A,골목상권,2110959,신구중학교,12478,6517,5961,139,2815,3808,2504,1783,1429,50,1173,2082,1655,873,684,89,1642,1726,849,910,745
2022,2,A,골목상권,2110958,역삼역 4번,42236,28666,13570,63,7659,13522,11576,6973,2443,22,3663,8770,8848,5673,1690,41,3996,4752,2728,1300,753
2022,2,A,골목상권,2110957,언북중학교,28690,17182,11508,72,5858,8514,6766,4137,3343,15,2276,4756,4609,3001,2525,57,3582,3758,2157,1136,818
2022,2,A,골목상권,2110956,언주역 8번,15614,9542,6072,57,3754,5177,3520,1901,1205,37,1723,3094,2486,1290,912,20,2031,2083,1034,611,293
2022,2,A,골목상권,2110955,논현초등학교,25381,16658,8723,83,5578,7705,5841,3882,2292,48,2817,5039,4258,2826,1670,35,2761,2666,1583,1056,622
2022,2,A,골목상권,2110954,국기원,23196,12840,10356,110,5238,7616,5998,2944,1290,31,1823,3964,3878,2178,966,79,3415,3652,2120,766,324
2022,2,A,골목상권,2110953,학동근린공원,26213,16160,10053,92,6774,8335,5664,3381,1967,28,2991,5202,4071,2370,1498,64,3783,3133,1593,1011,469
2022,2,A,골목상권,2110952,논현목련공원,10637,6885,3752,21,2104,3370,2518,1670,954,15,1135,2250,1740,1096,649,6,969,1120,778,574,305
2022,2,A,골목상권,2110951,신사은행나무공원,12925,7220,5705,52,3507,3777,2858,1670,1061,15,1315,2106,1920,1102,762,37,2192,1671,938,568,299
2022,2,A,골목상권,2110950,논현역 7번,19297,11636,7661,39,4250,6200,4538,2762,1508,17,1787,3758,3112,1836,1126,22,2463,2442,1426,926,382
2022,2,A,골목상권,2110949,한남IC,12160,7678,4482,41,2351,3690,3261,1910,907,23,1063,2371,2209,1313,699,18,1288,1319,1052,597,208
2022,2,A,골목상권,2110948,헌인가구단지,57,27,30,0,5,24,14,11,3,0,4,12,6,2,3,0,1,12,8,9,0
2022,2,A,골목상권,2110947,청계산입구역 2번(내곡동주민센터),326,172,154,0,38,55,98,76,59,0,17,30,68,33,24,0,21,25,30,43,35
2022,2,A,골목상권,2110946,청계산원터골,271,144,127,0,34,50,81,50,56,0,15,29,58,20,22,0,19,21,23,30,34
2022,2,A,골목상권,2110945,본마을노인복지센터(서초구립내곡도서관),383,240,143,3,62,91,87,89,51,3,25,53,59,64,36,0,37,38,28,25,15
2022,2,A,골목상권,2110944,서울나래학교(염곡어린이공원),20185,16768,3417,29,2090,4170,6159,6991,746,22,1509,3356,5018,6304,559,7,581,814,1141,687,187
2022,2,A,골목상권,2110943,법제교육센터(버들어린이공원),7684,4780,2904,20,1200,1903,1957,1484,1120,11,643,1190,1209,900,827,9,557,713,748,584,293
2022,2,A,골목상권,2110942,염곡동 구룡사(포이동성당),32043,24395,7648,74,4187,7325,9070,9280,2107,40,2598,5356,6923,7833,1645,34,1589,1969,2147,1447,462
2022,2,A,골목상권,2110941,언남고등학교,4779,3108,1671,28,739,1265,1190,966,591,17,414,816,783,644,434,11,325,449,407,322,157
2022,2,A,골목상권,2110940,양재근린공원(양재2동주민센터),8689,5762,2927,47,1434,2277,2149,1768,1014,26,766,1507,1483,1202,778,21,668,770,666,566,236
2022,2,A,골목상권,2110939,양재역 8번(양재동우체국),45731,23354,22377,508,9762,11110,12644,8019,3688,246,4819,6778,5503,3276,2732,262,4943,4332,7141,4743,956
2022,2,A,골목상권,2110938,바우뫼공원,11265,6894,4371,329,3630,2824,2266,1433,783,154,1891,1856,1564,870,559,175,1739,968,702,563,224
2022,2,A,골목상권,2110937,방아다리근린공원(횃불트리니티신학대학원대학교),17876,11487,6389,356,5244,5033,3649,2329,1265,166,2714,3411,2635,1557,1004,190,2530,1622,1014,772,261
2022,2,A,골목상권,2110936,더케이호텔(양재리본타워2단지아파트),3869,2981,888,16,803,1160,864,700,326,10,552,922,691,565,241,6,251,238,173,135,85
2022,2,A,골목상권,2110935,한전아트센터,20312,15954,4358,47,3699,7326,4955,3496,789,19,2201,5852,4154,3079,649,28,1498,1474,801,417,140
2022,2,A,골목상권,2110934,우면주공아파트,3248,1908,1340,6,549,981,879,631,202,5,199,529,564,460,151,1,350,452,315,171,51
2022,2,A,골목상권,2110933,한국상담대학원대학교,6457,3774,2683,19,1551,1930,1522,1006,429,6,610,1213,1030,624,291,13,941,717,492,382,138
2022,2,A,골목상권,2110932,서울시인재개발원,6066,3421,2645,20,1419,1827,1388,942,470,6,486,1071,936,597,325,14,933,756,452,345,145
2022,2,A,골목상권,2110931,삼성전자서울R&D(서울우면초등학교),1471,770,701,0,273,440,390,329,39,0,89,178,228,248,27,0,184,262,162,81,12
2022,2,A,골목상권,2110930,서초동성당,40185,22492,17693,64,7459,10413,9292,10954,2003,36,2906,5657,4975,7438,1480,28,4553,4756,4317,3516,523
2022,2,A,골목상권,2110929,남부터미널역 1번,40801,22975,17826,94,8567,10227,8785,10521,2607,29,2961,5530,5108,7404,1943,65,5606,4697,3677,3117,664
2022,2,A,골목상권,2110928,서초우방유쉘아파트,14636,8308,6328,79,2911,3987,3610,2696,1353,42,1209,2357,2220,1538,942,37,1702,1630,1390,1158,411
2022,2,A,골목상권,2110927,잠원역,5195,2975,2220,14,1049,1543,1215,847,527,5,440,957,806,467,300,9,609,586,409,380,227
2022,2,A,골목상권,2110926,신중초등학교,20711,15020,5691,29,2823,6720,5736,3692,1711,13,1488,4871,4651,2834,1163,16,1335,1849,1085,858,548
2022,2,A,골목상권,2110925,서초중학교,9296,5492,3804,52,1961,2662,2169,1374,1078,25,798,1591,1465,898,715,27,1163,1071,704,476,363
2022,2,A,골목상권,2110924,반포4동주민센터(몽마르뜨공원),83099,74961,8138,37,8203,17350,22275,32239,2995,19,6505,14740,20038,31075,2584,18,1698,2610,2237,1164,411
2022,2,A,골목상권,2110923,방배역 1번,8904,5663,3241,101,1440,2646,2283,1421,1013,32,731,1526,1586,1012,776,69,709,1120,697,409,237
2022,2,A,골목상권,2110922,내방역 1번,16882,11227,5655,77,3284,5206,4097,3133,1085,58,1557,3103,3051,2630,828,19,1727,2103,1046,503,257
2022,2,A,골목상권,2110921,서울프랑스학교,83562,76383,7179,44,8142,17368,22255,32750,3003,26,6585,15123,20344,31698,2607,18,1557,2245,1911,1052,396
2022,2,A,골목상권,2110920,방배역 2번(백석예술대학교),9972,5994,3978,105,1806,2901,2264,1609,1287,29,832,1640,1444,1069,980,76,974,1261,820,540,307
2022,2,A,골목상권,2110919,내방역 8번,23026,14891,8135,70,3979,7139,6333,3943,1562,37,1696,4093,4651,3200,1214,33,2283,3046,1682,743,348
2022,2,A,골목상권,2110918,방배역 3번,10816,7193,3623,65,2219,3056,2465,1686,1325,48,1253,2103,1744,1060,985,17,966,953,721,626,340
2022,2,A,골목상권,2110917,서초소방서,12422,9657,2765,29,1384,3372,3553,3049,1035,18,855,2598,2947,2472,767,11,529,774,606,577,268
2022,2,A,골목상권,2110916,내방역 4번,11774,7659,4115,75,2322,3382,2734,1833,1428,62,1295,2295,1844,1148,1015,13,1027,1087,890,685,413
2022,2,A,골목상권,2110915,서래초등학교,94789,82594,12195,60,11017,20797,25059,34620,3236,23,7412,16877,22213,33205,2864,37,3605,3920,2846,1415,372
2022,2,A,골목상권,2110914,내방역 6번,7659,4955,2704,25,1383,2047,1723,1397,1084,13,683,1314,1154,948,843,12,700,733,569,449,241
2022,2,A,골목상권,2110913,방현초등학교(방배119안전센터),13661,7814,5847,27,2260,4039,3860,2228,1247,6,966,2297,2227,1448,870,21,1294,1742,1633,780,377
2022,2,A,골목상권,2110912,방배동사이길,15348,9117,6231,40,3489,4414,3802,2689,914,11,1112,2520,2641,2084,749,29,2377,1894,1161,605,165
2022,2,A,골목상권,2110911,방배배수지체육공원,9356,5053,4303,21,1411,2855,2730,1512,827,7,554,1540,1393,987,572,14,857,1315,1337,525,255
2022,2,A,골목상권,2110910,내방역 5번,8226,4933,3293,29,1467,1910,1854,1558,1408,18,612,1121,1123,986,1073,11,855,789,731,572,335
2022,2,A,골목상권,2110909,남태령역(서울전자고등학교),980,650,330,3,37,95,211,424,210,3,11,56,137,285,158,0,26,39,74,139,52
2022,2,A,골목상권,2110908,구반포역,10206,5558,4648,82,1769,2563,2691,2291,810,77,764,1411,1582,1201,523,5,1005,1152,1109,1090,287
2022,2,A,골목상권,2110907,방배초등학교,9463,5322,4141,34,1449,1969,2194,2016,1801,18,591,1121,1241,1097,1254,16,858,848,953,919,547
2022,2,A,골목상권,2110906,서문여고,12830,5897,6933,22,2398,3237,3851,2269,1053,7,757,1390,1825,1223,695,15,1641,1847,2026,1046,358
2022,2,A,골목상권,2110905,방배노인종합복지관(이수중학교),7088,3248,3840,14,1430,1975,1825,1194,650,2,492,840,856,644,414,12,938,1135,969,550,236
2022,2,A,골목상권,2110904,이수역 5번,8769,3652,5117,28,1705,2258,2104,1550,1124,11,568,901,855,658,659,17,1137,1357,1249,892,465
2022,2,A,골목상권,2110903,방배아이파크아파트,17572,8950,8622,21,2787,4332,4867,3195,2370,8,911,1898,2409,1828,1896,13,1876,2434,2458,1367,474
2022,2,A,골목상권,2110902,사당역 4번,5046,3244,1802,7,832,1231,1323,951,702,5,434,787,876,621,521,2,398,444,447,330,181
2022,2,A,골목상권,2110901,인헌고등학교(인헌중학교),2102,1093,1009,7,323,545,600,405,222,4,150,278,296,187,178,3,173,267,304,218,44
2022,2,A,골목상권,2110900,낙성대역 1번(관악구민 종합체육센터),5205,3133,2072,15,1042,1513,1190,800,645,7,483,957,724,463,499,8,559,556,466,337,146
2022,2,A,골목상권,2110899,낙성대역 5번(관악중학교),4750,3171,1579,19,928,1383,1072,761,587,11,469,968,738,513,472,8,459,415,334,248,115
2022,2,A,골목상권,2110898,청림동주민센터(상도중학교),3450,1948,1502,3,505,1104,1104,537,197,2,228,621,634,318,145,1,277,483,470,219,52
2022,2,A,골목상권,2110897,서울대입구역 8번,3920,2161,1759,18,646,860,915,882,599,10,268,453,509,503,418,8,378,407,406,379,181
2022,2,A,골목상권,2110896,관악우성아파트,799,291,508,4,114,127,193,218,143,3,40,45,67,80,56,1,74,82,126,138,87
2022,2,A,골목상권,2110895,샤로수길,10222,6144,4078,27,1727,3006,2245,2098,1119,14,783,1749,1342,1397,859,13,944,1257,903,701,260
2022,2,A,골목상권,2110894,관악동부센트레빌아파트(은천로35라길),7336,2753,4583,54,1023,1249,1644,2245,1121,30,476,663,753,603,228,24,547,586,891,1642,893
2022,2,A,골목상권,2110893,관악소방서(문영여고),1875,1446,429,2,350,573,417,435,98,1,241,446,313,364,81,1,109,127,104,71,17
2022,2,A,골목상권,2110892,관악구 중앙길,4838,2402,2436,12,705,953,1155,1126,887,7,243,435,562,631,524,5,462,518,593,495,363
2022,2,A,골목상권,2110891,구암초등학교,1510,676,834,1,244,400,465,274,126,0,74,176,222,137,67,1,170,224,243,137,59
2022,2,A,골목상권,2110890,봉천역 1번(관악초등학교),2594,1111,1483,7,502,694,561,417,413,3,119,262,264,217,246,4,383,432,297,200,167
2022,2,A,골목상권,2110889,봉천역 6번,2545,1344,1201,2,320,470,540,632,581,1,129,231,296,373,314,1,191,239,244,259,267
2022,2,A,골목상권,2110888,청룡동주민센터,2099,907,1192,4,408,600,515,327,245,0,86,215,246,182,178,4,322,385,269,145,67
2022,2,A,골목상권,2110887,서울산업정보학교(서울삼성초등학교),1523,976,547,3,160,328,383,455,194,1,58,159,255,349,154,2,102,169,128,106,40
2022,2,A,골목상권,2110886,관악해태어린이공원,1665,1062,603,3,148,265,453,511,285,1,57,128,278,370,228,2,91,137,175,141,57
2022,2,A,골목상권,2110885,영락고등학교,1893,1032,861,8,261,357,479,409,379,2,125,180,245,234,246,6,136,177,234,175,133
2022,2,A,골목상권,2110884,봉천역 4번(봉천110안전센터),4024,1687,2337,16,619,799,866,1104,620,3,163,358,395,397,371,13,456,441,471,707,249
2022,2,A,골목상권,2110883,은천초등학교(은천교앞),3528,1525,2003,18,494,684,812,1011,509,3,133,308,387,360,334,15,361,376,425,651,175
2022,2,A,골목상권,2110882,신성초등학교,3420,2456,964,10,526,699,935,786,464,2,341,512,686,592,323,8,185,187,249,194,141
2022,2,A,골목상권,2110881,구립대학경로당(관악산샘말공원),3797,2632,1165,10,521,941,1074,882,369,3,294,607,786,658,284,7,227,334,288,224,85
2022,2,A,골목상권,2110880,신림역 1번,2278,911,1367,4,518,556,461,452,287,1,128,213,230,166,173,3,390,343,231,286,114
2022,2,A,골목상권,2110879,신림현대아파트,1503,793,710,7,249,266,356,320,305,1,112,137,184,178,181,6,137,129,172,142,124
2022,2,A,골목상권,2110878,미림여고,760,404,356,6,82,201,203,172,96,1,25,95,123,91,69,5,57,106,80,81,27
2022,2,A,골목상권,2110877,신림역 8번,3894,1878,2016,7,700,826,840,835,686,3,217,354,438,393,473,4,483,472,402,442,213
2022,2,A,골목상권,2110876,서원동주민센터(신관중학교),2115,996,1119,9,238,350,386,523,609,1,98,176,204,211,306,8,140,174,182,312,303
2022,2,A,골목상권,2110875,보라매동주민센터(당곡고등학교),1363,723,640,3,157,282,311,338,272,1,67,137,153,175,190,2,90,145,158,163,82
2022,2,A,골목상권,2110874,원신초등학교(구세군관악영문교회),1118,557,561,8,124,254,308,281,143,2,31,106,166,149,103,6,93,148,142,132,40
2022,2,A,골목상권,2110873,당곡중학교,3337,1850,1487,9,500,680,793,702,653,5,233,361,440,359,452,4,267,319,353,343,201
2022,2,A,골목상권,2110872,신림초등학교,930,502,428,5,122,218,227,219,139,3,61,122,131,115,70,2,61,96,96,104,69
2022,2,A,골목상권,2110871,신원동주민센터,1612,855,757,5,156,282,321,377,471,0,73,153,184,186,259,5,83,129,137,191,212
2022,2,A,골목상권,2110870,신림주공2단지(광신고등학교),1141,670,471,2,115,187,305,328,204,0,57,100,158,196,159,2,58,87,147,132,45
2022,2,A,골목상권,2110869,"신림역 5번(신림동주민센터, 신림동별빛거리)",4076,2363,1713,5,448,899,1044,811,869,3,183,488,584,482,623,2,265,411,460,329,246
2022,2,A,골목상권,2110868,남부초등학교,2177,1250,927,6,230,384,451,528,578,2,123,247,247,289,342,4,107,137,204,239,236
2022,2,A,골목상권,2110867,국제신학대학원대학교(남서울중학교),2153,1276,877,6,202,394,446,534,571,1,116,254,260,305,340,5,86,140,186,229,231
2022,2,A,골목상권,2110866,난우중학교,1349,680,669,0,156,268,351,372,202,0,54,119,161,198,148,0,102,149,190,174,54
2022,2,A,골목상권,2110865,남강고등학교(남강중학교),1484,757,727,10,165,277,355,427,250,7,75,151,179,198,147,3,90,126,176,229,103
2022,2,A,골목상권,2110864,신림우방아파트,3375,2463,912,2,520,914,1049,663,227,2,254,676,843,528,160,0,266,238,206,135,67
2022,2,A,골목상권,2110863,난우초등학교,1442,710,732,21,172,297,310,390,252,16,69,135,139,194,157,5,103,162,171,196,95
2022,2,A,골목상권,2110862,난곡초등학교(난곡동벽화마을),1010,522,488,6,119,185,246,257,197,4,51,89,116,122,140,2,68,96,130,135,57
2022,2,A,골목상권,2110861,관악구신사동주민센터,5342,3589,1753,7,791,1451,1510,1080,503,5,372,999,1127,747,339,2,419,452,383,333,164
2022,2,A,골목상권,2110860,호림박물관(성보고등학교),2271,1322,949,6,331,597,540,529,268,2,143,327,328,314,208,4,188,270,212,215,60
2022,2,A,골목상권,2110859,난향초등학교,670,335,335,1,62,132,182,148,145,0,6,55,76,79,119,1,56,77,106,69,26
2022,2,A,골목상권,2110858,신대방역 1번,2937,2211,726,0,458,834,956,538,151,0,224,640,808,434,105,0,234,194,148,104,46
2022,2,A,골목상권,2110857,미성동주민센터,1420,669,751,18,192,290,315,355,250,13,86,141,143,141,145,5,106,149,172,214,105
2022,2,A,골목상권,2110856,미성초등학교,5509,3786,1723,18,482,944,1029,1026,2010,13,244,557,635,596,1741,5,238,387,394,430,269
2022,2,A,골목상권,2110855,신대방역 2번,7238,5206,2032,7,1079,1599,1673,1188,1692,3,461,1082,1234,877,1549,4,618,517,439,311,143
2022,2,A,골목상권,2110854,조원동주민센터,4035,2937,1098,4,549,688,667,631,1496,2,252,444,407,434,1398,2,297,244,260,197,98
2022,2,A,골목상권,2110853,KT구로지사,3290,1991,1299,8,459,914,780,685,444,0,205,548,483,423,332,8,254,366,297,262,112
2022,2,A,골목상권,2110852,이수역 9번,3811,1920,1891,8,745,927,993,751,387,1,218,418,515,476,292,7,527,509,478,275,95
2022,2,A,골목상권,2110851,경문고등학교(동작동성당),4456,2067,2389,17,740,1150,1184,943,422,8,269,580,679,373,158,9,471,570,505,570,264
2022,2,A,골목상권,2110850,사당역 10번,10320,5639,4681,18,1880,2576,2671,1839,1336,7,705,1317,1483,1154,973,11,1175,1259,1188,685,363
2022,2,A,골목상권,2110849,이수역 10번,3768,1745,2023,10,433,701,854,817,953,3,153,309,390,345,545,7,280,392,464,472,408
2022,2,A,골목상권,2110848,양지어린이공원,3256,1724,1532,6,441,566,741,634,868,2,119,275,356,341,631,4,322,291,385,293,237
2022,2,A,골목상권,2110847,예술인마을,2530,1528,1002,4,338,589,673,515,411,3,154,331,385,307,348,1,184,258,288,208,63
2022,2,A,골목상권,2110846,남성역 1번,3630,1865,1765,7,330,623,941,836,893,4,126,281,402,423,629,3,204,342,539,413,264
2022,2,A,골목상권,2110845,사당종합체육관,2397,1431,966,1,354,627,650,552,213,0,148,356,441,330,156,1,206,271,209,222,57
2022,2,A,골목상권,2110844,흑석2치안센터,241,126,115,1,35,73,58,42,32,1,19,32,33,17,24,0,16,41,25,25,8
2022,2,A,골목상권,2110843,사당5동주민센터,1194,583,611,1,98,212,342,336,205,0,37,73,143,177,153,1,61,139,199,159,52
2022,2,A,골목상권,2110842,흑리단길,556,270,286,1,66,101,146,139,103,0,20,42,66,74,68,1,46,59,80,65,35
2022,2,A,골목상권,2110841,중대부중,674,354,320,1,103,154,161,163,92,0,51,94,81,73,55,1,52,60,80,90,37
2022,2,A,골목상권,2110840,중앙대학교,882,502,380,1,124,191,228,200,138,0,56,112,135,111,88,1,68,79,93,89,50
2022,2,A,골목상권,2110839,숭실대입구역 4번,3697,2231,1466,2,394,1053,1227,711,310,1,181,582,728,474,265,1,213,471,499,237,45
2022,2,A,골목상권,2110838,상도1동주민센터앞,1392,870,522,1,93,249,390,421,238,0,42,120,242,271,195,1,51,129,148,150,43
2022,2,A,골목상권,2110837,숭실대입구역 1번,8221,3493,4728,54,1030,1379,1902,2545,1311,29,523,747,944,810,440,25,507,632,958,1735,871
2022,2,A,골목상권,2110836,상도역 5번,5025,2807,2218,14,875,1350,1197,1030,559,3,367,761,710,615,351,11,508,589,487,415,208
2022,2,A,골목상권,2110835,상도역 1번,2038,1023,1015,7,367,582,498,390,194,2,128,317,279,178,119,5,239,265,219,212,75
2022,2,A,골목상권,2110834,동작구자원봉사센터,3162,1812,1350,14,353,723,846,740,486,11,174,415,515,413,284,3,179,308,331,327,202
2022,2,A,골목상권,2110833,상도역 2번,1715,864,851,7,261,455,433,361,198,2,97,247,248,166,104,5,164,208,185,195,94
2022,2,A,골목상권,2110832,노량진초등학교,5002,2714,2288,10,799,1411,1191,1071,520,2,412,703,650,640,307,8,387,708,541,431,213
2022,2,A,골목상권,2110831,상도4동주민센터,2239,1368,871,3,307,506,509,590,324,2,153,295,324,435,159,1,154,211,185,155,165
2022,2,A,골목상권,2110830,상도초등학교,1330,625,705,0,226,298,336,312,158,0,96,129,138,163,99,0,130,169,198,149,59
2022,2,A,골목상권,2110829,장승배기역 5번,2349,1304,1045,2,395,511,541,549,351,1,260,279,263,290,211,1,135,232,278,259,140
2022,2,A,골목상권,2110828,노량진역 6번,8869,5087,3782,23,1227,2717,2373,1773,756,5,584,1515,1420,1093,470,18,643,1202,953,680,286
2022,2,A,골목상권,2110827,NH농협은행 상도동지점,1462,630,832,2,132,273,365,370,320,1,43,127,154,151,154,1,89,146,211,219,166
2022,2,A,골목상권,2110826,장승배기역 4번,2029,905,1124,3,266,455,516,421,368,1,108,218,207,182,189,2,158,237,309,239,179
2022,2,A,골목상권,2110825,신대방삼거리역 1번,2536,1465,1071,4,276,526,686,635,409,2,138,298,391,351,285,2,138,228,295,284,124
2022,2,A,골목상권,2110824,대방역 3번,3761,1903,1858,11,679,1005,971,680,415,4,247,541,503,341,267,7,432,464,468,339,148
2022,2,A,골목상권,2110823,신대방삼거리역 3번,19702,12375,7327,54,3771,3849,3316,4703,4009,29,2894,3042,2093,2221,2096,25,877,807,1223,2482,1913
2022,2,A,골목상권,2110822,신대방삼거리역 4번(대림초등학교),21761,14425,7336,49,4293,4465,3481,5406,4067,25,3222,3610,2369,3027,2172,24,1071,855,1112,2379,1895
2022,2,A,골목상권,2110821,보라매역 2번,20232,12822,7410,53,3814,3970,3335,4772,4288,28,2871,3169,2141,2333,2280,25,943,801,1194,2439,2008
2022,2,A,골목상권,2110820,성남고등학교,5261,3799,1462,6,897,1096,1024,1672,566,4,555,782,724,1306,428,2,342,314,300,366,138
2022,2,A,골목상권,2110819,신대방역 4번,8413,4800,3613,22,1758,2323,2095,1432,783,15,703,1397,1279,875,531,7,1055,926,816,557,252
2022,2,A,골목상권,2110818,신대방역 3번,3077,1741,1336,5,647,827,709,528,361,3,245,488,428,333,244,2,402,339,281,195,117
2022,2,A,골목상권,2110817,대방역 4번,4185,2172,2013,10,770,1046,1050,736,573,4,304,573,566,365,360,6,466,473,484,371,213
2022,2,A,골목상권,2110816,대방역 6번,3962,2050,1912,10,759,1006,1000,663,524,4,298,549,535,333,331,6,461,457,465,330,193
2022,2,A,골목상권,2110815,공군호텔,4714,2349,2365,7,784,1077,1138,980,728,1,277,561,601,456,453,6,507,516,537,524,275
2022,2,A,골목상권,2110814,서울지방병무청,7603,4784,2819,9,1346,1680,1544,2153,871,3,693,1084,953,1469,582,6,653,596,591,684,289
2022,2,A,골목상권,2110813,보라매역 6번,6876,4830,2046,11,1220,1596,1384,1792,873,6,699,1147,989,1373,616,5,521,449,395,419,257
2022,2,A,골목상권,2110812,신길6동주민센터,4624,2863,1761,10,727,1148,1135,989,615,4,315,738,735,653,418,6,412,410,400,336,197
2022,2,A,골목상권,2110811,보라매역 4번,2766,1733,1033,6,446,755,710,512,337,4,184,499,472,333,241,2,262,256,238,179,96
2022,2,A,골목상권,2110810,영신초등학교,3517,1894,1623,3,458,736,791,799,730,0,206,397,450,391,450,3,252,339,341,408,280
2022,2,A,골목상권,2110809,장훈고등학교,1606,910,696,1,204,371,337,337,356,0,98,181,189,193,249,1,106,190,148,144,107
2022,2,A,골목상권,2110808,신길역 1번,1592,740,852,5,182,313,417,413,262,2,80,156,192,166,144,3,102,157,225,247,118
2022,2,A,골목상권,2110807,신길역 3번,1638,807,831,11,174,333,401,411,308,8,82,179,196,176,166,3,92,154,205,235,142
2022,2,A,골목상권,2110806,서울시립영등포장애인복지관,2387,1673,714,16,364,520,569,547,371,8,193,343,417,410,302,8,171,177,152,137,69
2022,2,A,골목상권,2110805,신길새마을금고신길4동지점,1216,700,516,1,199,271,315,295,135,0,101,161,180,161,97,1,98,110,135,134,38
2022,2,A,골목상권,2110804,신풍역 1번,2372,1166,1206,3,272,549,698,504,346,2,123,257,287,245,252,1,149,292,411,259,94
2022,2,A,골목상권,2110803,신길2동우편취급국,2509,1438,1071,6,234,521,553,547,648,3,108,251,286,304,486,3,126,270,267,243,162
2022,2,A,골목상권,2110802,신길동홍어거리,1971,1091,880,2,192,411,401,426,539,0,72,183,199,241,396,2,120,228,202,185,143
2022,2,A,골목상권,2110801,신풍역 6번(신길6동공영주차장),301,115,186,1,34,45,73,79,69,0,1,15,27,34,38,1,33,30,46,45,31
2022,2,A,골목상권,2110800,영등포동성당,5362,2916,2446,19,1329,1256,1139,983,636,8,431,652,702,637,486,11,898,604,437,346,150
2022,2,A,골목상권,2110799,영등포본동주민센터,3983,2135,1848,33,649,947,932,981,441,14,258,423,511,605,324,19,391,524,421,376,117
2022,2,A,골목상권,2110798,신풍역 2번,2122,1241,881,11,207,502,639,459,304,7,108,296,321,278,231,4,99,206,318,181,73
2022,2,A,골목상권,2110797,KT대방빌딩,3144,1496,1648,9,820,808,770,523,214,6,240,402,374,312,162,3,580,406,396,211,52
2022,2,A,골목상권,2110796,한림대학교한강성심병원,5632,3268,2364,8,1305,1322,1284,1015,698,0,411,703,861,726,567,8,894,619,423,289,131
2022,2,A,골목상권,2110795,도림초등학교,1828,1023,805,5,184,344,440,434,421,3,71,175,248,241,285,2,113,169,192,193,136
2022,2,A,골목상권,2110794,영동초등학교,8718,5133,3585,8,1743,2212,2176,1709,870,4,679,1371,1441,1029,609,4,1064,841,735,680,261
2022,2,A,골목상권,2110793,대림썬프라자,2818,1319,1499,8,768,694,688,474,186,5,217,345,325,283,144,3,551,349,363,191,42
2022,2,A,골목상권,2110792,영등포역 2번,5923,3190,2733,47,860,1497,1434,1376,709,16,347,682,787,863,495,31,513,815,647,513,214
2022,2,A,골목상권,2110791,신풍역 3번,1383,586,797,2,125,278,433,323,222,1,61,103,121,135,165,1,64,175,312,188,57
2022,2,A,골목상권,2110790,대림1동주민센터,2429,1435,994,10,228,503,715,574,399,6,126,305,368,341,289,4,102,198,347,233,110
2022,2,A,골목상권,2110789,대림성모병원,4450,2148,2302,2,1231,1263,925,658,371,2,390,671,514,343,228,0,841,592,411,315,143
2022,2,A,골목상권,2110788,영등포시장역 3번,1667,1051,616,4,180,309,409,385,380,2,99,204,272,245,229,2,81,105,137,140,151
2022,2,A,골목상권,2110787,신길3동주민센터,1222,699,523,4,115,241,343,317,202,4,48,124,193,184,146,0,67,117,150,133,56
2022,2,A,골목상권,2110786,당산역 8번,7825,5499,2326,20,1077,1908,2064,1786,970,6,520,1259,1536,1421,757,14,557,649,528,365,213
2022,2,A,골목상권,2110785,영등포푸르지오아파트,2451,1619,832,9,260,554,675,578,375,6,121,360,452,397,283,3,139,194,223,181,92
2022,2,A,골목상권,2110784,신대림초등학교,1107,505,602,0,169,239,283,265,151,0,37,90,140,139,99,0,132,149,143,126,52
2022,2,A,골목상권,2110783,영등포시장역 1번,4972,3155,1817,7,670,1173,1173,1290,659,4,428,837,769,737,380,3,242,336,404,553,279
2022,2,A,골목상권,2110782,영등포시장역 4번,2465,1324,1141,11,360,533,568,540,453,3,132,283,346,306,254,8,228,250,222,234,199
2022,2,A,골목상권,2110781,대림한신아파트,2334,1304,1030,3,330,410,531,592,468,0,115,225,289,336,339,3,215,185,242,256,129
2022,2,A,골목상권,2110780,신길대성유니드아파트,1455,969,486,1,140,290,376,383,265,1,90,176,235,250,217,0,50,114,141,133,48
2022,2,A,골목상권,2110779,대림갑을명가아파트,1069,666,403,1,100,175,270,315,208,0,50,111,168,188,149,1,50,64,102,127,59
2022,2,A,골목상권,2110778,구로디지털단지역 4번,17970,10395,7575,62,3849,6187,4533,2071,1268,25,1650,3691,2861,1304,864,37,2199,2496,1672,767,404
2022,2,A,골목상권,2110777,구로세무서,8769,5040,3729,42,1718,2576,2320,1425,688,12,658,1412,1465,941,552,30,1060,1164,855,484,136
2022,2,A,골목상권,2110776,도신초등학교,4733,3293,1440,15,581,1138,1372,1021,606,5,303,810,1017,693,465,10,278,328,355,328,141
2022,2,A,골목상권,2110775,대동초등학교,2459,1332,1127,3,269,325,473,553,836,2,89,164,242,302,533,1,180,161,231,251,303
2022,2,A,골목상권,2110774,당산반도유보라팰리스아파트,8457,4962,3495,26,1814,2431,1605,1556,1025,16,821,1362,1009,1027,727,10,993,1069,596,529,298
2022,2,A,골목상권,2110773,당산역 13번,2905,1950,955,5,412,582,610,614,682,2,235,382,388,415,528,3,177,200,222,199,154
2022,2,A,골목상권,2110772,신우어린이공원,2997,2132,865,12,429,826,887,541,302,4,220,608,699,381,220,8,209,218,188,160,82
2022,2,A,골목상권,2110771,대림역 11번,2948,1669,1279,6,319,411,591,693,928,2,109,223,321,410,604,4,210,188,270,283,324
2022,2,A,골목상권,2110770,영등포구청역 6번,4260,2620,1640,11,498,892,1114,882,863,8,216,483,672,580,661,3,282,409,442,302,202
2022,2,A,골목상권,2110769,대림차이나타운(대림역 12번),2722,1534,1188,6,326,457,574,598,761,4,134,255,332,345,464,2,192,202,242,253,297
2022,2,A,골목상권,2110768,도림2동유수지내체육시설,2354,1370,984,12,303,517,598,503,421,8,98,264,326,358,316,4,205,253,272,145,105
2022,2,A,골목상권,2110767,도림동주민센터,3182,1885,1297,15,390,687,802,650,638,9,145,362,448,425,496,6,245,325,354,225,142
2022,2,A,골목상권,2110766,대림역 5번,11181,7292,3889,23,1207,2226,2566,2591,2568,10,630,1648,1904,1582,1518,13,577,578,662,1009,1050
2022,2,A,골목상권,2110765,문래동사거리,7830,4633,3197,26,1429,2100,2107,1368,800,12,580,1203,1318,865,655,14,849,897,789,503,145
2022,2,A,골목상권,2110764,문래역 3번,4607,2577,2030,6,1067,1049,1088,744,653,3,348,575,673,486,492,3,719,474,415,258,161
2022,2,A,골목상권,2110763,영등포구청역 2번,8695,4343,4352,23,1697,2301,1702,1681,1291,12,718,1211,954,756,692,11,979,1090,748,925,599
2022,2,A,골목상권,2110762,선유도역 1번,13668,7921,5747,38,2474,3715,3705,2298,1438,14,1069,2259,2141,1374,1064,24,1405,1456,1564,924,374
2022,2,A,골목상권,2110761,문래동남성맨션,2530,1610,920,7,264,524,672,539,524,2,128,308,394,353,425,5,136,216,278,186,99
2022,2,A,골목상권,2110760,선유도역 6번,12817,7184,5633,36,2497,3665,3582,1995,1042,13,1072,2185,2010,1151,753,23,1425,1480,1572,844,289
2022,2,A,골목상권,2110759,문래예술촌(문래창작촌),66557,51492,15065,62,8833,22832,21900,9809,3121,32,5445,17498,18835,7910,1772,30,3388,5334,3065,1899,1349
2022,2,A,골목상권,2110758,문래소공원,15574,8153,7421,106,3451,3930,3390,3353,1344,31,1573,2867,1720,962,1000,75,1878,1063,1670,2391,344
2022,2,A,골목상권,2110757,양평역 2번,5127,3795,1332,16,638,1290,1232,1011,940,8,379,981,930,735,762,8,259,309,302,276,178
2022,2,A,골목상권,2110756,문래중학교,2728,1912,816,3,291,594,707,629,504,0,153,434,496,443,386,3,138,160,211,186,118
2022,2,A,골목상권,2110755,동일여자고등학교,2135,1066,1069,22,282,514,513,476,328,16,133,279,259,198,181,6,149,235,254,278,147
2022,2,A,골목상권,2110754,삼성산자연공원(서울금천초등학교),2472,1302,1170,24,320,567,623,566,372,17,150,318,341,253,223,7,170,249,282,313,149
2022,2,A,골목상권,2110753,시흥동 은행나무사거리,2070,1119,951,8,216,426,499,538,383,7,110,244,247,282,229,1,106,182,252,256,154
2022,2,A,골목상권,2110752,한울중학교,2508,1442,1066,13,371,511,631,654,328,10,227,286,332,344,243,3,144,225,299,310,85
2022,2,A,골목상권,2110751,난곡중학교,5213,3717,1496,5,380,874,998,1011,1945,4,227,511,612,622,1741,1,153,363,386,389,204
2022,2,A,골목상권,2110750,시흥4동주민센터(서울신흥초등학교),1282,735,547,10,177,238,364,328,165,8,95,148,212,156,116,2,82,90,152,172,49
2022,2,A,골목상권,2110749,금산초등학교(금천고등학교),7948,4687,3261,13,583,1162,1851,2068,2271,4,304,743,1058,1128,1450,9,279,419,793,940,821
2022,2,A,골목상권,2110748,백산초등학교,1856,1127,729,1,232,353,454,484,332,1,140,225,265,265,231,0,92,128,189,219,101
2022,2,A,골목상권,2110747,석수역 1번 출입구,1141,853,288,4,75,146,253,309,354,4,50,104,169,220,306,0,25,42,84,89,48
2022,2,A,골목상권,2110746,금천금빛공원(은행나무사거리서측),1310,613,697,2,128,213,354,362,251,1,50,94,162,172,134,1,78,119,192,190,117
2022,2,A,골목상권,2110745,독산동정훈단지,1707,938,769,1,199,309,343,477,378,0,110,127,144,259,298,1,89,182,199,218,80
2022,2,A,골목상권,2110744,독산동성당,2416,1405,1011,3,254,397,504,647,611,2,147,225,267,354,410,1,107,172,237,293,201
2022,2,A,골목상권,2110743,시흥초등학교(시흥1동우체국),2406,1098,1308,8,357,447,616,620,358,6,148,209,284,249,202,2,209,238,332,371,156
2022,2,A,골목상권,2110742,KT금천빌딩(금천구시설관리공단),6015,3720,2295,11,452,843,1212,1435,2062,3,293,570,765,848,1241,8,159,273,447,587,821
2022,2,A,골목상권,2110741,독산2동주민센터,2240,1186,1054,4,289,450,522,614,361,2,144,230,254,308,248,2,145,220,268,306,113
2022,2,A,골목상권,2110740,금천해태공원,3416,1807,1609,19,676,847,769,717,388,14,314,474,387,335,283,5,362,373,382,382,105
2022,2,A,골목상권,2110739,시흥3동 우편취급국,6352,3608,2744,12,450,863,1467,1666,1894,3,234,571,836,841,1123,9,216,292,631,825,771
2022,2,A,골목상권,2110738,문성초등학교,2977,1790,1187,13,415,599,717,708,525,4,242,374,447,400,323,9,173,225,270,308,202
2022,2,A,골목상권,2110737,금천세무서,2285,1396,889,11,291,455,570,573,385,2,149,254,326,364,301,9,142,201,244,209,84
2022,2,A,골목상권,2110736,독산119안전센터,3398,2048,1350,7,368,585,749,938,751,2,210,356,449,533,498,5,158,229,300,405,253
2022,2,A,골목상권,2110735,말미고개,3342,1951,1391,9,413,671,745,902,602,5,210,391,419,491,435,4,203,280,326,411,167
2022,2,A,골목상권,2110734,금천파출소,2086,924,1162,8,492,580,438,382,186,3,209,294,191,141,86,5,283,286,247,241,100
2022,2,A,골목상권,2110733,금천어울림복지센터,3444,1825,1619,7,384,863,854,918,418,7,139,357,436,581,305,0,245,506,418,337,113
2022,2,A,골목상권,2110732,가산초등학교(세일중학교),3569,2253,1316,15,480,731,846,865,632,5,267,437,485,565,494,10,213,294,361,300,138
2022,2,A,골목상권,2110731,금천구청역 1번 출입구,4713,2376,2337,15,717,1254,1089,1102,536,10,295,567,515,637,352,5,422,687,574,465,184
2022,2,A,골목상권,2110730,서울축산농협 독산역지점(독산파출소),8706,5284,3422,16,575,977,1154,1734,4250,13,301,608,665,989,2708,3,274,369,489,745,1542
2022,2,A,골목상권,2110729,가산동우체국,7733,4618,3115,35,1115,1778,1866,1386,1553,23,591,1099,1184,849,872,12,524,679,682,537,681
2022,2,A,골목상권,2110728,두산초등학교,18360,12147,6213,48,2128,4025,3814,3397,4948,34,1169,2673,2717,2302,3252,14,959,1352,1097,1095,1696
2022,2,A,골목상권,2110727,독산역 1번 출입구,17476,11439,6037,47,2095,3867,3580,3098,4789,35,1158,2571,2539,2068,3068,12,937,1296,1041,1030,1721
2022,2,A,골목상권,2110726,금천철쭉어린이공원(금하마을),1309,861,448,13,192,244,273,324,263,11,121,165,185,179,200,2,71,79,88,145,63
2022,2,A,골목상권,2110725,가산동주민센터,17959,10649,7310,54,3657,5220,4231,2774,2023,36,1832,3225,2688,1581,1287,18,1825,1995,1543,1193,736
2022,2,A,골목상권,2110724,금천구립가산도서관,16529,10406,6123,48,2688,4775,4093,3007,1918,31,1461,3038,2801,1938,1137,17,1227,1737,1292,1069,781
2022,2,A,골목상권,2110723,가산디지털단지역 1번 출입구,30711,20313,10398,125,6526,9665,7684,4343,2368,83,3343,6435,5555,3044,1853,42,3183,3230,2129,1299,515
2022,2,A,골목상권,2110722,G타워,30854,19064,11790,91,6081,10458,8099,3836,2289,44,2876,6665,5338,2458,1683,47,3205,3793,2761,1378,606
2022,2,A,골목상권,2110721,가리봉파출소,16201,10773,5428,61,3049,5067,4125,2440,1459,38,1654,3498,2950,1549,1084,23,1395,1569,1175,891,375
2022,2,A,골목상권,2110720,대림역 2번,3054,2008,1046,3,284,548,746,896,577,2,135,315,486,651,419,1,149,233,260,245,158
2022,2,A,골목상권,2110719,영서중학교,16106,11484,4622,81,3373,5212,3875,2184,1381,58,1839,3643,3031,1716,1197,23,1534,1569,844,468,184
2022,2,A,골목상권,2110718,한국SGI본부,11273,7495,3778,38,1568,2695,2863,2448,1661,30,912,1907,2037,1549,1060,8,656,788,826,899,601
2022,2,A,골목상권,2110717,남구로역 2번,32359,21997,10362,139,6433,10200,7892,4583,3112,93,3413,6993,5797,3191,2510,46,3020,3207,2095,1392,602
2022,2,A,골목상권,2110716,구로나눔길,5187,2873,2314,7,627,1401,1218,1332,602,3,283,752,655,825,355,4,344,649,563,507,247
2022,2,A,골목상권,2110715,구로구민회관,9631,5743,3888,10,1097,2247,2356,2343,1578,7,543,1415,1484,1362,932,3,554,832,872,981,646
2022,2,A,골목상권,2110714,구로4동주민센터,6726,4005,2721,16,736,1595,1535,1881,963,10,334,852,897,1259,653,6,402,743,638,622,310
2022,2,A,골목상권,2110713,구로보건소,8744,5422,3322,19,1294,2210,2371,1815,1035,12,670,1411,1510,1110,709,7,624,799,861,705,326
2022,2,A,골목상권,2110712,남구로역 5번,1744,993,751,8,222,353,399,367,395,5,113,205,206,195,269,3,109,148,193,172,126
2022,2,A,골목상권,2110711,구로초등학교,6650,3489,3161,18,1043,1686,1509,1570,824,6,423,836,776,935,513,12,620,850,733,635,311
2022,2,A,골목상권,2110710,남구로역 3번,23954,15662,8292,83,4830,7403,5886,3524,2228,55,2475,4912,4114,2389,1717,28,2355,2491,1772,1135,511
2022,2,A,골목상권,2110709,구로119안전센터,1617,786,831,4,193,275,354,466,325,2,81,147,192,183,181,2,112,128,162,283,144
2022,2,A,골목상권,2110708,화원어린이공원,2555,1302,1253,12,557,671,568,393,354,4,188,310,307,231,262,8,369,361,261,162,92
2022,2,A,골목상권,2110707,구로창업지원센터,7830,5732,2098,13,782,2138,2103,1720,1074,10,450,1587,1593,1259,833,3,332,551,510,461,241
2022,2,A,골목상권,2110706,그라운드 고척,3644,2363,1281,2,400,761,863,902,716,2,204,446,507,589,615,0,196,315,356,313,101
2022,2,A,골목상권,2110705,고산초등학교,3225,2124,1101,3,369,685,744,785,639,2,191,401,432,537,561,1,178,284,312,248,78
2022,2,A,골목상권,2110704,고척중학교,4524,2700,1824,4,515,986,1072,1090,857,3,263,536,545,647,706,1,252,450,527,443,151
2022,2,A,골목상권,2110703,개봉역,9690,5377,4313,42,1449,2320,2204,2355,1320,22,833,1480,1106,1120,816,20,616,840,1098,1235,504
2022,2,A,골목상권,2110702,개봉초등학교,1617,846,771,1,165,337,431,400,283,1,75,158,210,220,182,0,90,179,221,180,101
2022,2,A,골목상권,2110701,고척동성당,5140,3853,1287,8,508,1129,1442,1653,400,2,289,824,1107,1322,309,6,219,305,335,331,91
2022,2,A,골목상권,2110700,고척초등학교,6601,4680,1921,11,615,1436,1850,2027,662,8,337,1015,1342,1521,457,3,278,421,508,506,205
2022,2,A,골목상권,2110699,덕의초등학교,2600,1666,934,9,324,610,655,684,318,7,201,404,412,402,240,2,123,206,243,282,78
2022,2,A,골목상권,2110698,개웅초등학교(개웅중학교),2910,1311,1599,8,427,527,747,807,394,6,221,286,281,277,240,2,206,241,466,530,154
2022,2,A,골목상권,2110697,개봉3동주민센터,1428,921,507,1,203,343,360,295,226,1,94,230,241,189,166,0,109,113,119,106,60
2022,2,A,골목상권,2110696,오류동역 1번,4076,2551,1525,35,946,1200,792,628,475,18,525,831,467,354,356,17,421,369,325,274,119
2022,2,A,골목상권,2110695,개봉1동주민센터,2553,1495,1058,8,234,615,670,616,410,7,123,360,373,358,274,1,111,255,297,258,136
2022,2,A,골목상권,2110694,세곡초등학교,2298,1341,957,2,220,480,607,605,384,0,116,267,319,344,295,2,104,213,288,261,89
2022,2,A,골목상권,2110693,오류동역 4번,2869,1936,933,4,380,544,701,802,438,3,304,369,458,494,308,1,76,175,243,308,130
2022,2,A,골목상권,2110692,큰굴다리,3501,2336,1165,5,490,701,888,977,440,4,368,470,568,604,322,1,122,231,320,373,118
2022,2,A,골목상권,2110691,개봉중학교,2257,1344,913,6,255,488,536,603,369,1,144,293,301,330,275,5,111,195,235,273,94
2022,2,A,골목상권,2110690,오류2동버들시장,4817,3106,1711,4,590,1020,1245,1208,750,1,375,616,761,791,562,3,215,404,484,417,188
2022,2,A,골목상권,2110689,오류동역 3번,4967,3126,1841,15,602,944,1206,1425,775,8,423,612,737,822,524,7,179,332,469,603,251
2022,2,A,골목상권,2110688,오류지구대,2024,1180,844,6,171,361,499,605,382,5,78,189,275,344,289,1,93,172,224,261,93
2022,2,A,골목상권,2110687,"천왕역 3번(오류2동주민센터, 서울오류남초등학교)",981,590,391,3,93,218,282,256,129,1,38,109,165,171,106,2,55,109,117,85,23
2022,2,A,골목상권,2110686,수궁동주민센터,2464,1418,1046,9,230,424,607,718,476,7,102,232,349,412,316,2,128,192,258,306,160
2022,2,A,골목상권,2110685,금강수목원아파트,1251,894,357,2,77,226,345,363,238,1,41,140,228,277,207,1,36,86,117,86,31
2022,2,A,골목상권,2110684,서울공연예술고등학교,1390,797,593,5,149,304,373,389,170,2,71,177,213,231,103,3,78,127,160,158,67
2022,2,A,골목상권,2110683,오류고등학교,1310,758,552,5,143,298,351,350,163,2,69,173,204,211,99,3,74,125,147,139,64
2022,2,A,골목상권,2110682,온수역 8번,1099,772,327,1,51,177,251,337,282,1,28,91,144,242,266,0,23,86,107,95,16
2022,2,A,골목상권,2110681,온수역 1번,1119,839,280,1,41,153,236,373,315,1,21,91,147,294,285,0,20,62,89,79,30
2022,2,A,골목상권,2110680,온수역 5번(온수산업단지),1725,1445,280,18,178,273,326,494,436,18,140,217,249,416,405,0,38,56,77,78,31
2022,2,A,골목상권,2110679,염창역 2번,4141,2829,1312,6,438,939,1245,1003,510,4,219,585,882,757,382,2,219,354,363,246,128
2022,2,A,골목상권,2110678,염창무학아파트,2176,1462,714,4,268,527,551,487,339,3,117,349,371,348,274,1,151,178,180,139,65
2022,2,A,골목상권,2110677,등촌역 1번,7770,5001,2769,27,1180,1953,1864,1628,1118,19,526,1215,1243,1143,855,8,654,738,621,485,263
2022,2,A,골목상권,2110676,등촌역 7번,3083,1901,1182,14,465,677,769,692,466,7,196,414,463,448,373,7,269,263,306,244,93
2022,2,A,골목상권,2110675,화곡4동주민센터,3054,1392,1662,8,686,826,628,588,318,5,146,369,300,334,238,3,540,457,328,254,80
2022,2,A,골목상권,2110674,강서구청가양동별관,3250,2202,1048,13,534,769,882,693,359,8,370,541,605,447,231,5,164,228,277,246,128
2022,2,A,골목상권,2110673,뜸부기어린이공원,4546,2072,2474,4,892,1156,994,968,532,2,237,496,489,496,352,2,655,660,505,472,180
2022,2,A,골목상권,2110672,백석중학교,3508,1974,1534,2,408,673,852,913,660,1,179,335,522,544,393,1,229,338,330,369,267
2022,2,A,골목상권,2110671,등촌1동주민센터,14478,9017,5461,47,2628,3590,3369,2781,2063,27,1070,2281,2330,1868,1441,20,1558,1309,1039,913,622
2022,2,A,골목상권,2110670,신곡초등학교,2263,1214,1049,8,288,636,617,494,220,5,142,343,297,278,149,3,146,293,320,216,71
2022,2,A,골목상권,2110669,화곡보람2차아파트,4924,2907,2017,4,1178,1380,951,683,728,3,372,912,716,421,483,1,806,468,235,262,245
2022,2,A,골목상권,2110668,화곡2동주민센터,3376,1859,1517,11,462,856,918,735,394,8,213,465,475,424,274,3,249,391,443,311,120
2022,2,A,골목상권,2110667,가양역 10번,2692,1443,1249,14,455,539,644,615,425,3,213,291,370,318,248,11,242,248,274,297,177
2022,2,A,골목상권,2110666,KC대학교,4814,3125,1689,6,577,1404,1162,1205,460,3,293,836,712,876,405,3,284,568,450,329,55
2022,2,A,골목상권,2110665,곰달래도서관,3026,1676,1350,7,329,573,768,822,527,6,144,324,418,426,358,1,185,249,350,396,169
2022,2,A,골목상권,2110664,강서구청옆,5833,3456,2377,6,812,1721,1459,1348,487,4,363,992,861,906,330,2,449,729,598,442,157
2022,2,A,골목상권,2110663,우장산롯데캐슬아파트앞,11194,6470,4724,40,1626,2878,2757,2837,1056,12,751,1807,1727,1551,622,28,875,1071,1030,1286,434
2022,2,A,골목상권,2110662,까치산역 1번,4227,2462,1765,12,541,1010,1114,1000,550,9,263,585,586,634,385,3,278,425,528,366,165
2022,2,A,골목상권,2110661,강서새말어린이공원,5172,3080,2092,3,619,1428,1352,1332,438,1,266,767,797,928,321,2,353,661,555,404,117
2022,2,A,골목상권,2110660,등촌3동주민센터,11883,6282,5601,49,1613,2452,2671,2721,2377,18,736,1568,1579,1216,1165,31,877,884,1092,1505,1212
2022,2,A,골목상권,2110659,화곡역 4번,5367,2731,2636,20,801,1346,1458,1139,603,15,306,694,725,625,366,5,495,652,733,514,237
2022,2,A,골목상권,2110658,화곡초등학교,4197,2544,1653,2,869,872,820,854,780,0,284,497,482,613,668,2,585,375,338,241,112
2022,2,A,골목상권,2110657,양천향교역 5번,9781,5923,3858,24,1272,2402,2408,2189,1486,12,574,1336,1536,1311,1154,12,698,1066,872,878,332
2022,2,A,골목상권,2110656,까치산역 3번,3493,1986,1507,17,308,641,932,1073,522,15,157,392,539,568,315,2,151,249,393,505,207
2022,2,A,골목상권,2110655,발산역 5번,4383,2015,2368,5,446,729,861,918,1424,3,178,374,438,390,632,2,268,355,423,528,792
2022,2,A,골목상권,2110654,까치산역 4번,3795,2359,1436,18,343,671,982,1195,586,15,175,398,555,770,446,3,168,273,427,425,140
2022,2,A,골목상권,2110653,화곡역 2번,4351,2351,2000,5,944,910,870,876,746,2,268,477,473,554,577,3,676,433,397,322,169
2022,2,A,골목상권,2110652,양천향교역 2번,5710,3599,2111,14,619,1180,1278,1459,1160,8,317,748,781,891,854,6,302,432,497,568,306
2022,2,A,골목상권,2110651,화원중학교,3517,2196,1321,12,349,654,819,1010,673,8,180,416,488,671,433,4,169,238,331,339,240
2022,2,A,골목상권,2110650,우장산힐스테이트,2082,1180,902,4,212,365,470,571,460,3,113,222,268,291,283,1,99,143,202,280,177
2022,2,A,골목상권,2110649,우장산역 1번,2841,1561,1280,6,406,505,632,740,552,3,199,290,339,383,347,3,207,215,293,357,205
2022,2,A,골목상권,2110648,양천향교역 7번,4914,3190,1724,14,579,1057,1190,1108,966,10,283,660,797,661,779,4,296,397,393,447,187
2022,2,A,골목상권,2110647,화곡역 5번,3929,2063,1866,15,520,821,912,968,693,12,208,459,490,506,388,3,312,362,422,462,305
2022,2,A,골목상권,2110646,푸른들청소년도서관,7186,4303,2883,14,953,1663,1774,1762,1020,9,484,1051,1040,999,720,5,469,612,734,763,300
2022,2,A,골목상권,2110645,우장산역 4번,6461,3740,2721,11,778,1499,1702,1666,805,7,412,940,912,880,589,4,366,559,790,786,216
2022,2,A,골목상권,2110644,신광명마을,1529,957,572,8,107,211,408,465,330,5,46,108,229,298,271,3,61,103,179,167,59
2022,2,A,골목상권,2110643,강서구다솔마을,1476,921,555,1,151,323,422,380,199,0,75,205,270,236,135,1,76,118,152,144,64
2022,2,A,골목상권,2110642,정곡초등학교,920,727,193,4,48,120,202,265,281,3,32,78,138,222,254,1,16,42,64,43,27
2022,2,A,골목상권,2110641,공항고등학교,1775,1121,654,5,243,392,434,432,269,4,138,252,239,274,214,1,105,140,195,158,55
2022,2,A,골목상권,2110640,방화역 1번,4701,2998,1703,7,463,1055,1196,1214,766,5,234,553,729,849,628,2,229,502,467,365,138
2022,2,A,골목상권,2110639,신방화역 8번,3267,1552,1715,7,254,358,567,1049,1032,4,117,219,327,397,488,3,137,139,240,652,544
2022,2,A,골목상권,2110638,신방화역 2번,4189,2767,1422,12,450,721,1151,1168,687,9,229,441,775,780,533,3,221,280,376,388,154
2022,2,A,골목상권,2110637,송정역 2번,3090,1452,1638,8,222,392,558,896,1014,1,111,237,333,307,463,7,111,155,225,589,551
2022,2,A,골목상권,2110636,방화역 2번,4034,2575,1459,8,374,758,1201,1084,609,6,202,411,781,702,473,2,172,347,420,382,136
2022,2,A,골목상권,2110635,공항시장역 3번,4028,2022,2006,9,413,625,733,1111,1137,2,185,363,444,461,567,7,228,262,289,650,570
2022,2,A,골목상권,2110634,송정역 3번,2694,1672,1022,6,328,605,702,637,416,1,149,365,440,410,307,5,179,240,262,227,109
2022,2,A,골목상권,2110633,개화산역 1번,2304,1602,702,6,198,412,735,631,322,4,115,256,543,439,245,2,83,156,192,192,77
2022,2,A,골목상권,2110632,방화역 3번,7383,5811,1572,6,736,1634,1983,2247,777,4,551,1255,1531,1831,639,2,185,379,452,416,138
2022,2,A,골목상권,2110631,방화초등학교,2474,1525,949,5,328,491,565,615,470,5,177,298,321,361,363,0,151,193,244,254,107
2022,2,A,골목상권,2110630,공항시장역 1번,33522,17722,15800,6,5643,10995,9040,6314,1524,3,1318,4557,5278,5486,1080,3,4325,6438,3762,828,444
2022,2,A,골목상권,2110629,송정역 4번,31131,16295,14836,1,5401,10620,8646,5741,722,1,1218,4347,5017,5107,605,0,4183,6273,3629,634,117
2022,2,A,골목상권,2110628,신목동역,2970,1823,1147,5,409,809,809,620,318,3,200,461,521,428,210,2,209,348,288,192,108
2022,2,A,골목상권,2110627,신정롯데캐슬아파트,13152,7343,5809,66,2437,4215,3340,2376,718,31,964,2220,2044,1547,537,35,1473,1995,1296,829,181
2022,2,A,골목상권,2110626,양화초등학교,5376,3201,2175,7,707,1254,1523,1314,571,5,310,670,1001,828,387,2,397,584,522,486,184
2022,2,A,골목상권,2110625,신정2동주민센터,19093,11500,7593,116,3148,6062,4842,3763,1162,81,1491,3599,3053,2506,770,35,1657,2463,1789,1257,392
2022,2,A,골목상권,2110624,목동문화체육센터,2321,1175,1146,1,328,550,660,492,290,1,169,289,299,229,188,0,159,261,361,263,102
2022,2,A,골목상권,2110623,갈산공원,1938,1165,773,6,220,476,489,421,326,4,121,280,280,244,236,2,99,196,209,177,90
2022,2,A,골목상권,2110622,달마을공원,4416,2669,1747,3,560,997,1287,1119,450,2,275,579,819,688,306,1,285,418,468,431,144
2022,2,A,골목상권,2110621,목동역 5번,9489,5120,4369,21,1849,2483,2292,1693,1151,12,701,1376,1387,935,709,9,1148,1107,905,758,442
2022,2,A,골목상권,2110620,목동보건지소,4227,2213,2014,7,503,1016,1212,975,514,5,250,571,551,479,357,2,253,445,661,496,157
2022,2,A,골목상권,2110619,목4동주민센터,3721,1714,2007,6,823,1066,907,664,255,2,194,461,482,378,197,4,629,605,425,286,58
2022,2,A,골목상권,2110618,강서고등학교,4292,2255,2037,8,835,1131,1004,886,428,4,221,551,572,565,342,4,614,580,432,321,86
2022,2,A,골목상권,2110617,등촌역 4번,3438,1930,1508,2,451,781,858,856,490,0,208,454,481,453,334,2,243,327,377,403,156
2022,2,A,골목상권,2110616,양목초등학교,1799,899,900,5,181,390,400,460,363,2,68,196,194,233,206,3,113,194,206,227,157
2022,2,A,골목상권,2110615,신서초등학교,8009,4605,3404,28,1503,2016,1895,1652,915,24,525,1225,1134,1015,682,4,978,791,761,637,233
2022,2,A,골목상권,2110614,목동로데오거리,2729,1267,1462,3,368,601,686,671,400,2,129,258,320,327,231,1,239,343,366,344,169
2022,2,A,골목상권,2110613,신정네거리역 4번,662,330,332,1,82,146,146,151,136,1,28,65,62,82,92,0,54,81,84,69,44
2022,2,A,골목상권,2110612,신정역 5번,4880,2815,2065,12,941,776,869,924,1358,5,300,381,452,509,1168,7,641,395,417,415,190
2022,2,A,골목상권,2110611,신정역 1번,5571,3252,2319,20,1009,852,985,1191,1514,13,358,475,562,627,1217,7,651,377,423,564,297
2022,2,A,골목상권,2110610,계남근린공원,2806,1832,974,4,367,839,889,389,318,1,175,534,672,250,200,3,192,305,217,139,118
2022,2,A,골목상권,2110609,신정네거리역 2번,3335,2512,823,7,218,342,581,655,1532,2,101,191,310,462,1446,5,117,151,271,193,86
2022,2,A,골목상권,2110608,신월2동주민센터,3976,2139,1837,15,369,670,1059,1102,761,11,184,386,521,524,513,4,185,284,538,578,248
2022,2,A,골목상권,2110607,금빛새마을금고본점,2998,2422,576,7,172,293,469,558,1499,3,99,181,289,411,1439,4,73,112,180,147,60
2022,2,A,골목상권,2110606,신한은행 신월동지점,3615,2480,1135,3,177,372,789,1154,1120,1,78,207,430,795,969,2,99,165,359,359,151
2022,2,A,골목상권,2110605,목동센트럴아이파크앞,1754,989,765,2,116,242,435,576,383,0,50,131,215,314,279,2,66,111,220,262,104
2022,2,A,골목상권,2110604,신월4동주민센터,3244,2266,978,5,220,414,690,1030,885,2,102,228,416,732,786,3,118,186,274,298,99
2022,2,A,골목상권,2110603,지향초등학교,2592,1701,891,3,160,370,659,856,544,0,64,217,403,589,428,3,96,153,256,267,116
2022,2,A,골목상권,2110602,신월시영아파트중문,3451,2409,1042,4,231,412,798,1090,916,2,141,263,470,758,775,2,90,149,328,332,141
2022,2,A,골목상권,2110601,신월1동우편취급국,3018,1984,1034,9,310,532,728,944,495,4,169,341,467,618,385,5,141,191,261,326,110
2022,2,A,골목상권,2110600,신월7동주민센터,4589,3041,1548,5,349,562,844,1298,1531,3,190,349,550,894,1055,2,159,213,294,404,476
2022,2,A,골목상권,2110599,신월1파출소,1954,1183,771,4,189,357,509,638,257,2,104,206,281,401,189,2,85,151,228,237,68
2022,2,A,골목상권,2110598,신월문화체육센터,4415,2906,1509,4,469,723,911,1046,1262,3,347,549,598,639,770,1,122,174,313,407,492
2022,2,A,골목상권,2110597,신월1동주민센터,3247,1879,1368,5,328,631,701,902,680,2,149,350,364,551,463,3,179,281,337,351,217
2022,2,A,골목상권,2110596,서서울호수공원,2414,1520,894,5,296,458,530,682,443,2,143,270,315,430,360,3,153,188,215,252,83
2022,2,A,골목상권,2110595,메디힐병원,3307,1776,1531,2,345,697,733,878,652,1,148,334,364,502,427,1,197,363,369,376,225
2022,2,A,골목상권,2110594,신월중학교,1610,737,873,7,235,411,427,385,145,4,83,171,183,194,102,3,152,240,244,191,43
2022,2,A,골목상권,2110593,신월3동주민센터,1979,1072,907,1,214,366,444,532,422,0,79,159,206,310,318,1,135,207,238,222,104
2022,2,A,골목상권,2110592,서울금융고등학교,1788,1020,768,0,177,357,377,459,418,0,64,141,192,300,323,0,113,216,185,159,95
2022,2,A,골목상권,2110591,충정로역 6번,5404,3164,2240,0,955,1528,1449,912,560,0,477,884,839,590,374,0,478,644,610,322,186
2022,2,A,골목상권,2110590,만리재,1948,972,976,1,255,425,499,527,241,1,93,214,253,264,147,0,162,211,246,263,94
2022,2,A,골목상권,2110589,애오개역 3번,2670,1166,1504,0,463,870,876,364,97,0,172,429,389,118,58,0,291,441,487,246,39
2022,2,A,골목상권,2110588,한겨레신문사,2850,1529,1321,2,519,639,724,652,314,2,285,398,335,314,195,0,234,241,389,338,119
2022,2,A,골목상권,2110587,공덕동주민센터,6321,3515,2806,22,1145,1800,1749,1153,452,5,525,961,999,724,301,17,620,839,750,429,151
2022,2,A,골목상권,2110586,서울서부지방법원,19070,11193,7877,90,3888,5775,5319,3123,875,33,1607,3200,3429,2296,628,57,2281,2575,1890,827,247
2022,2,A,골목상권,2110585,마포경찰서,7079,4166,2913,8,1235,2487,2119,968,262,1,618,1463,1293,626,165,7,617,1024,826,342,97
2022,2,A,골목상권,2110584,아현역 4번,1593,827,766,2,374,498,331,224,164,1,138,271,180,129,108,1,236,227,151,95,56
2022,2,A,골목상권,2110583,공덕래미안3차아파트,10579,6407,4172,38,1986,3371,2915,1800,469,9,938,1908,1883,1348,321,29,1048,1463,1032,452,148
2022,2,A,골목상권,2110582,이대역 5번,996,382,614,2,125,209,275,242,143,1,27,57,87,121,89,1,98,152,188,121,54
2022,2,A,골목상권,2110581,염리초등학교,11991,6894,5097,24,1766,2851,3013,2599,1738,10,963,1752,1839,1304,1026,14,803,1099,1174,1295,712
2022,2,A,골목상권,2110580,양원초등학교,835,410,425,3,122,173,205,202,130,2,34,88,96,111,79,1,88,85,109,91,51
2022,2,A,골목상권,2110579,마포역 4번,6836,4344,2492,8,1268,1844,1726,1271,719,6,552,1114,1202,925,545,2,716,730,524,346,174
2022,2,A,골목상권,2110578,대흥역 2번,7403,4583,2820,89,1498,1733,1653,1512,918,34,738,1064,1090,1038,619,55,760,669,563,474,299
2022,2,A,골목상권,2110577,용강동주민센터,7757,4680,3077,78,1507,2186,1956,1205,825,29,743,1309,1275,779,545,49,764,877,681,426,280
2022,2,A,골목상권,2110576,대흥역 3번,5951,3670,2281,79,1016,1372,1330,1278,876,29,500,853,887,811,590,50,516,519,443,467,286
2022,2,A,골목상권,2110575,대흥동주민센터,4424,2010,2414,64,2141,1019,506,453,241,21,801,499,233,280,176,43,1340,520,273,173,65
2022,2,A,골목상권,2110574,서강대학교,1561,918,643,4,194,350,405,384,224,2,93,205,256,209,153,2,101,145,149,175,71
2022,2,A,골목상권,2110573,신촌역 6번,3966,1771,2195,61,2020,931,425,343,186,20,758,445,208,214,126,41,1262,486,217,129,60
2022,2,A,골목상권,2110572,서강대역 1번,9068,4445,4623,72,2764,2315,1724,1543,650,26,1022,1103,935,954,405,46,1742,1212,789,589,245
2022,2,A,골목상권,2110571,신수동주민센터,6299,3573,2726,14,776,1656,1652,1511,690,10,303,790,929,1038,503,4,473,866,723,473,187
2022,2,A,골목상권,2110570,KB국민은행 서강지점,1996,1235,761,10,256,489,549,383,309,9,126,290,317,252,241,1,130,199,232,131,68
2022,2,A,골목상권,2110569,홍대땡땡거리,4784,2362,2422,15,981,1209,1107,899,573,8,435,650,554,397,318,7,546,559,553,502,255
2022,2,A,골목상권,2110568,광흥창역 1번,2827,1531,1296,2,399,755,771,659,241,0,117,361,454,445,154,2,282,394,317,214,87
2022,2,A,골목상권,2110567,광흥창역 6번,2158,1187,971,2,280,488,570,500,318,0,88,208,312,318,261,2,192,280,258,182,57
2022,2,A,골목상권,2110566,경의선책거리,10071,5990,4081,33,1755,2290,2438,2032,1523,20,865,1338,1493,1197,1077,13,890,952,945,835,446
2022,2,A,골목상권,2110565,홍익대,4742,3246,1496,13,762,1139,1187,937,704,7,414,751,851,666,557,6,348,388,336,271,147
2022,2,A,골목상권,2110564,홍대입구역 3번,5143,2795,2348,17,919,1276,1149,1001,781,12,343,638,645,612,545,5,576,638,504,389,236
2022,2,A,골목상권,2110563,상수역 3번,1950,1182,768,20,422,582,432,300,194,14,197,341,286,205,139,6,225,241,146,95,55
2022,2,A,골목상권,2110562,연트럴파크(연남동주민센터),4252,2404,1848,9,682,1050,1057,868,586,8,291,605,590,495,415,1,391,445,467,373,171
2022,2,A,골목상권,2110561,상수역 4번,3164,1891,1273,31,678,957,732,501,265,20,308,561,479,325,198,11,370,396,253,176,67
2022,2,A,골목상권,2110560,마포FM,6502,3860,2642,16,982,1627,1454,1287,1136,10,407,959,988,793,703,6,575,668,466,494,433
2022,2,A,골목상권,2110559,성산중학교,5087,2952,2135,21,936,1483,1317,912,418,13,364,796,845,628,306,8,572,687,472,284,112
2022,2,A,골목상권,2110558,경성고등학교,5587,3527,2060,22,775,1348,1393,1232,817,18,394,800,884,814,617,4,381,548,509,418,200
2022,2,A,골목상권,2110557,홍대부속여중고앞,9427,5263,4164,23,1361,2238,2227,1745,1833,17,545,1184,1349,937,1231,6,816,1054,878,808,602
2022,2,A,골목상권,2110556,절두산순교성지,1684,1064,620,5,244,483,463,361,128,5,104,278,313,266,98,0,140,205,150,95,30
2022,2,A,골목상권,2110555,홍익지구대,4079,2137,1942,11,689,1073,1062,755,489,6,236,510,626,449,310,5,453,563,436,306,179
2022,2,A,골목상권,2110554,망원역 1번,7782,4228,3554,15,1168,1783,1913,1422,1481,10,461,862,1004,783,1108,5,707,921,909,639,373
2022,2,A,골목상권,2110553,가좌역 2번,2187,1399,788,4,204,388,539,613,439,2,92,207,352,431,315,2,112,181,187,182,124
2022,2,A,골목상권,2110552,성미산체육관,3504,2146,1358,9,471,801,906,820,497,5,221,455,546,576,343,4,250,346,360,244,154
2022,2,A,골목상권,2110551,성서초등학교,3701,2140,1561,4,377,635,877,713,1095,4,160,324,410,372,870,0,217,311,467,341,225
2022,2,A,골목상권,2110550,합정역 8번,6172,3370,2802,15,1101,1610,1524,1115,807,10,445,802,926,667,520,5,656,808,598,448,287
2022,2,A,골목상권,2110549,새터산,3175,1870,1305,8,386,657,845,821,458,5,193,379,479,513,301,3,193,278,366,308,157
2022,2,A,골목상권,2110548,마포구청역 4번,6841,4101,2740,18,906,1347,1531,1972,1067,10,478,942,1005,1003,663,8,428,405,526,969,404
2022,2,A,골목상권,2110547,KB국민은행 망원동지점,7219,4458,2761,19,879,1335,1493,1861,1632,11,452,900,987,934,1174,8,427,435,506,927,458
2022,2,A,골목상권,2110546,양화대교북단,2197,1293,904,3,397,587,543,403,264,3,182,321,363,255,169,0,215,266,180,148,95
2022,2,A,골목상권,2110545,마포구청역 1번,5795,3278,2517,19,697,1071,1239,1869,900,11,398,782,801,813,473,8,299,289,438,1056,427
2022,2,A,골목상권,2110544,망리단길,7556,4327,3229,18,1463,1819,1641,1152,1463,8,731,897,847,686,1158,10,732,922,794,466,305
2022,2,A,골목상권,2110543,중암중학교,833,554,279,1,60,103,162,253,254,0,22,52,83,160,237,1,38,51,79,93,17
2022,2,A,골목상권,2110542,마포구청역 7번,5884,3486,2398,20,759,1112,1284,1743,966,11,396,791,870,831,587,9,363,321,414,912,379
2022,2,A,골목상권,2110541,동교초등학교,2316,1291,1025,5,338,448,612,521,392,4,142,250,332,300,263,1,196,198,280,221,129
2022,2,A,골목상권,2110540,망원나들목체육관,2127,1225,902,8,673,639,396,264,147,1,405,345,203,164,107,7,268,294,193,100,40
2022,2,A,골목상권,2110539,미근동,14579,8531,6048,43,2341,4872,3956,2487,880,20,916,2720,2470,1715,690,23,1425,2152,1486,772,190
2022,2,A,골목상권,2110538,충정로역 3번,8936,5270,3666,3,1399,2608,2582,1705,639,2,713,1645,1547,938,425,1,686,963,1035,767,214
2022,2,A,골목상권,2110537,충정로현대아파트,9389,5851,3538,15,1288,2694,2554,1994,844,9,654,1734,1643,1241,570,6,634,960,911,753,274
2022,2,A,골목상권,2110536,돈의문센트레빌아파트입구,4662,2901,1761,17,762,1317,1072,1005,489,12,332,727,714,746,370,5,430,590,358,259,119
2022,2,A,골목상권,2110535,영천시장입구,2014,972,1042,4,231,383,512,581,303,2,70,167,254,298,181,2,161,216,258,283,122
2022,2,A,골목상권,2110534,경기대학교,4575,2795,1780,4,723,1180,1049,884,735,1,313,680,710,586,505,3,410,500,339,298,230
2022,2,A,골목상권,2110533,충정로역 7번,3621,2255,1366,1,528,952,988,704,448,0,271,584,646,462,292,1,257,368,342,242,156
2022,2,A,골목상권,2110532,아현역 2번,2100,1204,896,3,447,553,442,378,277,1,170,320,262,259,192,2,277,233,180,119,85
2022,2,A,골목상권,2110531,홍지문,1399,662,737,3,176,371,355,334,160,0,59,172,172,157,102,3,117,199,183,177,58
2022,2,A,골목상권,2110530,아현역 1번,1496,797,699,2,376,474,297,209,138,1,141,271,169,125,90,1,235,203,128,84,48
2022,2,A,골목상권,2110529,홍제3동주민센터,1380,676,704,4,168,199,285,330,394,1,54,91,126,173,231,3,114,108,159,157,163
2022,2,A,골목상권,2110528,서울여자간호대학교,7645,1571,6074,6,224,518,2027,3660,1210,1,77,161,357,465,510,5,147,357,1670,3195,700
2022,2,A,골목상권,2110527,홍제역 2번,1970,1012,958,5,240,306,504,602,313,1,71,168,245,337,190,4,169,138,259,265,123
2022,2,A,골목상권,2110526,봉원사,3964,2083,1881,1,506,1026,1032,955,444,1,183,424,540,636,299,0,323,602,492,319,145
2022,2,A,골목상권,2110525,홍은종합사회복지관,7540,1491,6049,3,208,498,1991,3642,1198,1,81,160,323,442,484,2,127,338,1668,3200,714
2022,2,A,골목상권,2110524,연희세브란스병원,2431,1469,962,0,349,692,566,565,259,0,160,328,325,444,212,0,189,364,241,121,47
2022,2,A,골목상권,2110523,홍제성원아파트,389,158,231,1,57,82,97,95,57,0,16,28,41,33,40,1,41,54,56,62,17
2022,2,A,골목상권,2110522,홍제역 3번,1382,744,638,3,145,201,379,465,189,1,40,103,201,269,130,2,105,98,178,196,59
2022,2,A,골목상권,2110521,홍제역 4번,1682,856,826,3,180,260,456,544,239,1,56,126,230,305,138,2,124,134,226,239,101
2022,2,A,골목상권,2110520,경의중앙 신촌역,3939,2209,1730,8,672,1067,897,861,434,5,268,503,474,619,340,3,404,564,423,242,94
2022,2,A,골목상권,2110519,서대문구보건소별관,1692,809,883,1,249,320,448,430,244,1,88,147,232,202,139,0,161,173,216,228,105
2022,2,A,골목상권,2110518,서대문구청,4288,2377,1911,12,606,1189,1202,1022,257,9,241,603,676,684,164,3,365,586,526,338,93
2022,2,A,골목상권,2110517,서대문소방서,3275,1935,1340,14,501,833,881,711,335,8,210,520,553,438,206,6,291,313,328,273,129
2022,2,A,골목상권,2110516,정원여중,1381,718,663,0,237,296,370,330,148,0,85,145,205,186,97,0,152,151,165,144,51
2022,2,A,골목상권,2110515,홍은중학교,1397,819,578,2,174,346,389,297,189,2,86,211,238,167,115,0,88,135,151,130,74
2022,2,A,골목상권,2110514,서대문우체국,8426,5862,2564,6,1198,1860,1691,2693,978,3,772,1174,1054,2110,749,3,426,686,637,583,229
2022,2,A,골목상권,2110513,연희파출소,4197,2605,1592,22,701,1052,930,956,536,9,309,668,619,625,375,13,392,384,311,331,161
2022,2,A,골목상권,2110512,연희지하차도,4882,2826,2056,19,663,1252,1324,1216,408,14,271,646,746,846,303,5,392,606,578,370,105
2022,2,A,골목상권,2110511,연희초등학교,8378,6001,2377,13,1131,2005,1738,2599,892,3,668,1322,1149,2137,722,10,463,683,589,462,170
2022,2,A,골목상권,2110510,홍연시장,3041,1987,1054,55,824,775,546,576,265,30,470,602,320,364,201,25,354,173,226,212,64
2022,2,A,골목상권,2110509,연희대우아파트앞,9280,6343,2937,12,1331,2148,1961,2829,999,8,717,1291,1263,2264,800,4,614,857,698,565,199
2022,2,A,골목상권,2110508,서연중학교,5090,3173,1917,65,1140,1333,940,1011,601,33,630,969,582,565,394,32,510,364,358,446,207
2022,2,A,골목상권,2110507,명지대학교,3504,2308,1196,30,563,997,832,765,317,27,345,664,531,490,251,3,218,333,301,275,66
2022,2,A,골목상권,2110506,연희임광아파트,1554,815,739,2,227,343,380,390,212,2,100,227,187,174,125,0,127,116,193,216,87
2022,2,A,골목상권,2110505,홍남교남측,2235,1498,737,50,708,612,370,328,167,27,409,504,235,198,125,23,299,108,135,130,42
2022,2,A,골목상권,2110504,명지전문대,965,467,498,1,90,171,253,281,169,0,34,71,117,147,98,1,56,100,136,134,71
2022,2,A,골목상권,2110503,명지대학교교회,3864,2524,1340,30,620,1117,971,783,343,26,367,778,642,473,238,4,253,339,329,310,105
2022,2,A,골목상권,2110502,남가좌파출소,1097,580,517,0,99,196,301,322,179,0,39,79,152,183,127,0,60,117,149,139,52
2022,2,A,골목상권,2110501,연희어린이공원,1540,875,665,10,217,360,378,360,215,8,103,242,206,176,140,2,114,118,172,184,75
2022,2,A,골목상권,2110500,남가좌동현대아파트,278,164,114,0,37,45,74,87,35,0,21,27,44,54,18,0,16,18,30,33,17
2022,2,A,골목상권,2110499,연가초등학교,1891,1022,869,0,178,382,499,526,306,0,73,217,266,255,211,0,105,165,233,271,95
2022,2,A,골목상권,2110498,증산역 1번,2906,1506,1400,8,440,635,651,682,490,3,148,355,341,338,321,5,292,280,310,344,169
2022,2,A,골목상권,2110497,가좌역 3번,3659,2225,1434,4,227,435,598,923,1472,2,157,292,399,499,876,2,70,143,199,424,596
2022,2,A,골목상권,2110496,모래내우체국,2367,1136,1231,7,310,507,560,577,406,4,94,247,294,279,218,3,216,260,266,298,188
2022,2,A,골목상권,2110495,북가좌2동주민센터,3902,2063,1839,9,568,954,896,849,626,5,186,536,522,443,371,4,382,418,374,406,255
2022,2,A,골목상권,2110494,증산3교남측,1780,1221,559,0,92,213,258,339,878,0,34,98,100,184,805,0,58,115,158,155,73
2022,2,A,골목상권,2110493,북가좌초등학교,1856,1392,464,0,60,148,223,379,1046,0,20,69,94,236,973,0,40,79,129,143,73
2022,2,A,골목상권,2110492,하나고등학교,578,273,305,1,22,107,147,171,130,0,7,76,108,56,26,1,15,31,39,115,104
2022,2,A,골목상권,2110491,불광중학교,579,216,363,1,45,99,156,186,92,1,13,42,53,58,49,0,32,57,103,128,43
2022,2,A,골목상권,2110490,녹번동근린공원,5262,2678,2584,13,663,1384,1395,1293,514,9,294,621,670,746,338,4,369,763,725,547,176
2022,2,A,골목상권,2110489,불광역 3번,1836,816,1020,7,273,558,474,348,176,6,92,204,220,175,119,1,181,354,254,173,57
2022,2,A,골목상권,2110488,우리은행응암동지점,3955,2113,1842,9,480,961,1013,1016,476,6,235,475,494,594,309,3,245,486,519,422,167
2022,2,A,골목상권,2110487,불광역 8번,1735,695,1040,1,239,499,452,361,183,1,77,188,182,154,93,0,162,311,270,207,90
2022,2,A,골목상권,2110486,은평구청,4169,2254,1915,8,461,993,1117,1108,482,5,227,494,557,645,326,3,234,499,560,463,156
2022,2,A,골목상권,2110485,연신내우체국,2361,1188,1173,2,126,245,348,438,1202,1,51,129,145,186,676,1,75,116,203,252,526
2022,2,A,골목상권,2110484,역촌역 3번,4601,2236,2365,13,523,1110,1233,1186,536,9,213,468,558,627,361,4,310,642,675,559,175
2022,2,A,골목상권,2110483,연천초등학교,2384,1178,1206,5,230,267,295,400,1187,1,94,133,119,166,665,4,136,134,176,234,522
2022,2,A,골목상권,2110482,연신초등학교,1850,991,859,0,81,162,205,312,1090,0,37,95,80,152,627,0,44,67,125,160,463
2022,2,A,골목상권,2110481,불광역 7번,1630,770,860,2,178,335,467,396,252,2,71,171,214,161,151,0,107,164,253,235,101
2022,2,A,골목상권,2110480,연신내역 3번,2030,889,1141,7,285,397,542,504,295,2,114,188,232,200,153,5,171,209,310,304,142
2022,2,A,골목상권,2110479,연신내역 2번,3690,1693,1997,6,426,539,641,723,1355,1,130,248,249,302,763,5,296,291,392,421,592
2022,2,A,골목상권,2110478,응암1동주민센터,4707,2474,2233,11,516,997,1136,1196,851,7,227,433,551,650,606,4,289,564,585,546,245
2022,2,A,골목상권,2110477,은평세무서,4870,2612,2258,11,464,976,1178,1295,946,5,201,440,572,727,667,6,263,536,606,568,279
2022,2,A,골목상권,2110476,역촌역 2번,1412,760,652,3,180,328,393,324,184,1,64,162,221,174,138,2,116,166,172,150,46
2022,2,A,골목상권,2110475,백련산해모로아파트,2427,1313,1114,3,275,436,520,560,633,2,122,211,271,274,433,1,153,225,249,286,200
2022,2,A,골목상권,2110474,세명컴퓨터고등학교,2172,1034,1138,6,329,533,548,467,289,5,120,275,242,204,188,1,209,258,306,263,101
2022,2,A,골목상권,2110473,구산역 1번,4113,2032,2081,11,518,794,1040,1015,735,5,204,414,507,425,477,6,314,380,533,590,258
2022,2,A,골목상권,2110472,연신내역 4번,2455,1251,1204,11,334,479,638,552,441,6,127,253,292,262,311,5,207,226,346,290,130
2022,2,A,골목상권,2110471,응암동우체국,1908,1001,907,2,228,332,461,530,355,1,96,145,211,287,261,1,132,187,250,243,94
2022,2,A,골목상권,2110470,신진과학기술고등학교,2093,1305,788,2,198,318,474,517,584,2,95,170,262,309,467,0,103,148,212,208,117
2022,2,A,골목상권,2110469,응암정보도서관,3141,1523,1618,2,316,577,809,898,539,0,113,270,378,427,335,2,203,307,431,471,204
2022,2,A,골목상권,2110468,응암역 3번,4875,2420,2455,6,465,813,1295,1325,971,1,170,377,615,633,624,5,295,436,680,692,347
2022,2,A,골목상권,2110467,은평요양병원,1671,867,804,7,217,398,414,360,275,6,97,221,214,162,167,1,120,177,200,198,108
2022,2,A,골목상권,2110466,구산역 2번,3312,1361,1951,12,538,687,831,818,426,3,172,280,347,320,239,9,366,407,484,498,187
2022,2,A,골목상권,2110465,연신내역 7번,2686,1136,1550,10,437,647,652,580,360,5,132,295,276,227,201,5,305,352,376,353,159
2022,2,A,골목상권,2110464,연신내역 5번,2541,1368,1173,8,266,525,663,583,496,5,105,271,308,312,367,3,161,254,355,271,129
2022,2,A,골목상권,2110463,응암3동주민센터,1096,480,616,2,113,200,291,307,183,1,42,69,109,143,116,1,71,131,182,164,67
2022,2,A,골목상권,2110462,갈현건영아파트,1895,1102,793,9,264,445,440,425,312,6,139,269,256,223,209,3,125,176,184,202,103
2022,2,A,골목상권,2110461,새절역 2번,1064,588,476,2,102,151,247,304,258,1,40,59,115,173,200,1,62,92,132,131,58
2022,2,A,골목상권,2110460,구산역 4번,4650,2629,2021,14,389,739,1103,1501,904,6,161,384,536,911,631,8,228,355,567,590,273
2022,2,A,골목상권,2110459,응암역 2번,3508,1670,1838,4,356,682,987,918,561,1,143,326,439,399,362,3,213,356,548,519,199
2022,2,A,골목상권,2110458,선일여고,2056,993,1063,9,309,535,480,491,232,5,138,283,226,197,144,4,171,252,254,294,88
2022,2,A,골목상권,2110457,예일여고,4039,2288,1751,11,383,599,859,1344,843,2,149,279,424,826,608,9,234,320,435,518,235
2022,2,A,골목상권,2110456,구산보건지소,3451,1673,1778,13,646,727,840,730,495,4,277,335,365,355,337,9,369,392,475,375,158
2022,2,A,골목상권,2110455,역촌노인복지관,3912,1926,1986,7,599,783,1036,909,578,3,258,380,472,412,401,4,341,403,564,497,177
2022,2,A,골목상권,2110454,선정중학교,3136,1975,1161,7,297,545,749,1025,513,3,138,284,381,749,420,4,159,261,368,276,93
2022,2,A,골목상권,2110453,신사1동주민센터,2866,1630,1236,3,295,597,767,684,520,3,160,297,422,377,371,0,135,300,345,307,149
2022,2,A,골목상권,2110452,새절역 3번,1444,869,575,3,116,220,343,416,346,3,59,102,181,239,285,0,57,118,162,177,61
2022,2,A,골목상권,2110451,증산역 4번,3034,2083,951,4,382,662,756,739,491,3,166,453,530,528,403,1,216,209,226,211,88
2022,2,A,골목상권,2110450,시립서북병원,4533,2159,2374,8,894,1069,1015,919,628,2,331,496,489,431,410,6,563,573,526,488,218
2022,2,A,골목상권,2110449,증산역 3번,3046,1961,1085,1,417,740,797,725,366,0,164,495,543,508,251,1,253,245,254,217,115
2022,2,A,골목상권,2110448,상신초등학교입구,1375,785,590,3,145,292,338,322,275,1,88,163,177,167,189,2,57,129,161,155,86
2022,2,A,골목상권,2110447,구산초등학교,1694,1213,481,2,100,239,363,721,269,0,46,110,217,608,232,2,54,129,146,113,37
2022,2,A,골목상권,2110446,내를건너서숲으로도서관,1148,777,371,0,135,243,292,279,199,0,95,161,174,174,173,0,40,82,118,105,26
2022,2,A,골목상권,2110445,덕산중학교,1312,649,663,5,274,319,252,247,215,0,87,169,142,108,143,5,187,150,110,139,72
2022,2,A,골목상권,2110444,수색성당,2661,1802,859,0,198,389,448,542,1084,0,77,194,209,332,990,0,121,195,239,210,94
2022,2,A,골목상권,2110443,수색역 1번,434,287,147,0,42,62,103,136,91,0,17,34,66,96,74,0,25,28,37,40,17
2022,2,A,골목상권,2110442,화랑대철도공원,1159,494,665,2,139,197,301,376,144,2,48,69,108,178,89,0,91,128,193,198,55
2022,2,A,골목상권,2110441,영신여고,1046,454,592,3,105,241,283,309,105,3,45,111,107,126,62,0,60,130,176,183,43
2022,2,A,골목상권,2110440,상계3동4동주민센터,231,87,144,1,38,35,61,53,43,0,13,11,23,19,21,1,25,24,38,34,22
2022,2,A,골목상권,2110439,당고개역 5번,1670,1328,342,1,65,111,343,684,466,0,20,60,265,575,408,1,45,51,78,109,58
2022,2,A,골목상권,2110438,경춘선숲길 우측,3326,1509,1817,2,552,854,911,715,292,1,156,360,411,369,212,1,396,494,500,346,80
2022,2,A,골목상권,2110437,당고개역 2번,2037,1506,531,1,104,171,467,791,503,0,40,88,309,634,435,1,64,83,158,157,68
2022,2,A,골목상권,2110436,상계제일중학교,2066,1047,1019,12,209,464,514,508,359,7,73,229,274,237,227,5,136,235,240,271,132
2022,2,A,골목상권,2110435,서울과학기술대,1792,1224,568,2,186,412,462,475,255,0,112,256,301,331,224,2,74,156,161,144,31
2022,2,A,골목상권,2110434,태릉입구역 4번,3300,1461,1839,4,314,539,764,908,771,2,129,312,364,332,322,2,185,227,400,576,449
2022,2,A,골목상권,2110433,공릉역 2번,4470,2428,2042,8,421,620,969,1270,1182,3,195,339,507,667,717,5,226,281,462,603,465
2022,2,A,골목상권,2110432,대진고등학교,3496,2336,1160,5,355,682,898,1023,533,2,168,399,577,774,416,3,187,283,321,249,117
2022,2,A,골목상권,2110431,상계역,1658,716,942,4,180,322,440,437,275,0,50,144,212,164,146,4,130,178,228,273,129
2022,2,A,골목상권,2110430,중계초등학교,1642,961,681,6,165,297,390,441,343,2,77,164,213,244,261,4,88,133,177,197,82
2022,2,A,골목상권,2110429,공릉동 국수거리,5223,2800,2423,7,523,744,1099,1485,1365,3,246,412,543,754,842,4,277,332,556,731,523
2022,2,A,골목상권,2110428,상계5동주민센터,2338,1163,1175,7,172,298,441,608,812,3,62,155,202,282,459,4,110,143,239,326,353
2022,2,A,골목상권,2110427,노원 을지대학교병원,2885,2027,858,3,300,579,725,832,446,0,149,351,505,667,355,3,151,228,220,165,91
2022,2,A,골목상권,2110426,상계2동주민센터,2834,1540,1294,16,401,546,733,694,444,11,153,300,370,386,320,5,248,246,363,308,124
2022,2,A,골목상권,2110425,계상초등학교,2572,1219,1353,6,228,345,564,659,770,4,90,195,248,280,402,2,138,150,316,379,368
2022,2,A,골목상권,2110424,상계초등학교,2079,864,1215,5,272,368,533,553,348,5,89,181,216,215,158,0,183,187,317,338,190
2022,2,A,골목상권,2110423,석계역 2번,1883,895,988,5,253,375,553,418,279,3,106,197,271,183,135,2,147,178,282,235,144
2022,2,A,골목상권,2110422,노원역 9번,1955,819,1136,3,268,390,499,508,287,1,81,196,208,195,138,2,187,194,291,313,149
2022,2,A,골목상권,2110421,석계역 1번,1716,845,871,4,186,278,426,473,349,2,71,119,191,230,232,2,115,159,235,243,117
2022,2,A,골목상권,2110420,광운대역 1번,1718,979,739,10,353,518,466,244,127,3,175,350,258,123,70,7,178,168,208,121,57
2022,2,A,골목상권,2110419,수락산디자인거리,4260,2771,1489,13,429,898,1053,1126,741,12,245,615,683,706,510,1,184,283,370,420,231
2022,2,A,골목상권,2110418,광운대학교 남단,2484,1345,1139,17,445,664,598,481,279,5,192,396,291,252,209,12,253,268,307,229,70
2022,2,A,골목상권,2110417,월계역 3번,441,184,257,2,62,77,94,122,84,2,23,41,37,47,34,0,39,36,57,75,50
2022,2,A,골목상권,2110416,노원초등학교,1385,669,716,8,135,266,331,352,293,6,53,138,153,171,148,2,82,128,178,181,145
2022,2,A,골목상권,2110415,수락산역 4번,3553,1980,1573,19,461,687,836,890,660,16,254,421,481,483,325,3,207,266,355,407,335
2022,2,A,골목상권,2110414,장석교회,752,511,241,5,70,109,166,205,197,3,38,57,98,139,176,2,32,52,68,66,21
2022,2,A,골목상권,2110413,누원고등학교,580,375,205,0,37,71,120,164,188,0,16,45,70,104,140,0,21,26,50,60,48
2022,2,A,골목상권,2110412,창동중학교,1521,1149,372,3,118,224,267,505,404,1,73,121,160,412,382,2,45,103,107,93,22
2022,2,A,골목상권,2110411,도봉역 3번,1802,1132,670,2,126,304,360,519,491,1,33,150,187,351,410,1,93,154,173,168,81
2022,2,A,골목상권,2110410,방학역 2번,5708,3428,2280,10,558,1304,1395,1507,934,9,280,756,767,936,680,1,278,548,628,571,254
2022,2,A,골목상권,2110409,창동역 2번,6649,4154,2495,6,756,1498,1635,1402,1352,4,385,1020,1098,743,904,2,371,478,537,659,448
2022,2,A,골목상권,2110408,가인초등학교,5577,3850,1727,5,581,1307,1343,1121,1220,3,343,986,1014,685,819,2,238,321,329,436,401
2022,2,A,골목상권,2110407,도봉역 2번,2678,1900,778,7,190,399,535,778,769,5,95,243,303,572,682,2,95,156,232,206,87
2022,2,A,골목상권,2110406,도봉산역 1번,1362,928,434,0,45,103,268,453,493,0,17,63,189,336,323,0,28,40,79,117,170
2022,2,A,골목상권,2110405,방학역 1번,2975,1622,1353,6,288,534,730,892,525,5,159,353,350,369,386,1,129,181,380,523,139
2022,2,A,골목상권,2110404,신창초등학교,2334,1247,1087,11,291,485,642,611,294,8,108,229,337,362,203,3,183,256,305,249,91
2022,2,A,골목상권,2110403,방학1동주민센터,3553,1965,1588,10,456,716,860,1052,459,6,261,473,457,498,270,4,195,243,403,554,189
2022,2,A,골목상권,2110402,도봉구 정병원,2172,1117,1055,5,296,450,517,579,325,4,109,246,277,283,198,1,187,204,240,296,127
2022,2,A,골목상권,2110401,도봉구민회관,5856,3856,2000,1,599,1299,1388,1267,1302,0,346,940,977,718,875,1,253,359,411,549,427
2022,2,A,골목상권,2110400,도봉구보건소,2134,1058,1076,4,298,390,510,558,374,3,99,190,250,278,238,1,199,200,260,280,136
2022,2,A,골목상권,2110399,창2동주민센터,1982,1088,894,10,245,463,553,465,246,9,128,273,295,219,164,1,117,190,258,246,82
2022,2,A,골목상권,2110398,쌍문2동우체국,2359,1255,1104,1,247,367,547,725,472,1,87,168,253,427,319,0,160,199,294,298,153
2022,2,A,골목상권,2110397,도봉산입구,1579,963,616,1,95,207,290,413,573,1,25,106,157,272,402,0,70,101,133,141,171
2022,2,A,골목상권,2110396,쌍문역1번(쌍리단길),1577,763,814,4,242,329,382,395,225,1,84,135,198,208,137,3,158,194,184,187,88
2022,2,A,골목상권,2110395,신한은행 방학동지점,1120,597,523,4,157,280,302,227,150,3,72,148,158,121,95,1,85,132,144,106,55
2022,2,A,골목상권,2110394,방학중학교,1435,629,806,1,142,279,358,336,319,1,52,119,150,152,155,0,90,160,208,184,164
2022,2,A,골목상권,2110393,국민은행방학지점,1001,461,540,3,124,275,252,240,107,2,39,137,120,96,67,1,85,138,132,144,40
2022,2,A,골목상권,2110392,발바닥공원,704,449,255,3,99,210,202,121,69,2,39,126,148,81,53,1,60,84,54,40,16
2022,2,A,골목상권,2110391,샘말어린이공원,1172,574,598,0,93,215,234,283,347,0,34,95,107,140,198,0,59,120,127,143,149
2022,2,A,골목상권,2110390,방학초등학교,1901,820,1081,3,194,445,458,515,286,2,59,201,209,188,161,1,135,244,249,327,125
2022,2,A,골목상권,2110389,한일병원,3050,1577,1473,1,573,707,741,679,349,1,171,353,410,396,246,0,402,354,331,283,103
2022,2,A,골목상권,2110388,도봉우체국,2071,923,1148,4,436,450,512,485,184,3,105,207,224,244,140,1,331,243,288,241,44
2022,2,A,골목상권,2110387,쌍문초등학교,1678,803,875,0,227,365,452,414,220,0,67,151,187,208,190,0,160,214,265,206,30
2022,2,A,골목상권,2110386,연산군묘,1120,668,452,0,136,219,227,306,232,0,61,122,131,158,196,0,75,97,96,148,36
2022,2,A,골목상권,2110385,효문고등학교,780,268,512,0,136,158,203,185,98,0,33,42,60,71,62,0,103,116,143,114,36
2022,2,A,골목상권,2110384,문이교,622,295,327,1,71,88,145,188,129,0,21,33,51,98,92,1,50,55,94,90,37
2022,2,A,골목상권,2110383,덕성여대시반거리,494,170,324,0,83,84,121,116,90,0,12,24,42,39,53,0,71,60,79,77,37
2022,2,A,골목상권,2110382,솔밭공원역 1번,967,418,549,1,145,169,222,256,174,0,31,52,83,123,129,1,114,117,139,133,45
2022,2,A,골목상권,2110381,번동주공2단지,1056,559,497,5,107,230,262,299,153,4,33,95,131,178,118,1,74,135,131,121,35
2022,2,A,골목상권,2110380,강북문화정보도서관,980,504,476,5,99,143,203,291,239,3,30,74,101,150,146,2,69,69,102,141,93
2022,2,A,골목상권,2110379,KT&G 북부지사,767,383,384,2,97,108,197,257,106,0,47,44,83,145,64,2,50,64,114,112,42
2022,2,A,골목상권,2110378,송중동주민센터,1170,548,622,8,119,172,339,287,245,6,52,74,144,126,146,2,67,98,195,161,99
2022,2,A,골목상권,2110377,미아사거리역 3번,1050,449,601,7,158,220,271,253,141,6,51,81,107,112,92,1,107,139,164,141,49
2022,2,A,골목상권,2110376,수송초등학교,4978,2722,2256,8,551,1213,1234,1264,708,6,230,624,673,782,407,2,321,589,561,482,301
2022,2,A,골목상권,2110375,서울북부고용노동지청,1301,632,669,2,141,171,335,392,260,0,58,78,134,204,158,2,83,93,201,188,102
2022,2,A,골목상권,2110374,송중초등학교,2009,977,1032,7,186,338,530,528,420,6,61,128,222,264,296,1,125,210,308,264,124
2022,2,A,골목상권,2110373,수유역 2번,4903,2639,2264,10,549,1094,1104,1278,868,8,214,534,563,814,506,2,335,560,541,464,362
2022,2,A,골목상권,2110372,강북중학교,1588,852,736,1,167,364,452,356,248,1,87,203,249,169,143,0,80,161,203,187,105
2022,2,A,골목상권,2110371,삼양입구사거리,1233,656,577,2,114,236,332,331,218,2,43,109,155,183,164,0,71,127,177,148,54
2022,2,A,골목상권,2110370,도봉세무서,1385,735,650,7,100,222,365,379,312,6,28,93,168,200,240,1,72,129,197,179,72
2022,2,A,골목상권,2110369,성신여대운정그린캠퍼스,4108,2368,1740,5,481,782,894,1069,877,1,210,445,512,655,545,4,271,337,382,414,332
2022,2,A,골목상권,2110368,송천초등학교,5342,2779,2563,416,2025,1339,744,507,311,177,905,732,414,294,257,239,1120,607,330,213,54
2022,2,A,골목상권,2110367,강북구청,5008,2534,2474,10,519,1028,1016,1220,1215,8,207,520,524,762,513,2,312,508,492,458,702
2022,2,A,골목상권,2110366,광산사거리,3568,1624,1944,6,321,730,793,840,878,4,125,324,383,466,322,2,196,406,410,374,556
2022,2,A,골목상권,2110365,미아역 5번,1610,747,863,3,136,224,389,402,456,3,45,85,163,219,232,0,91,139,226,183,224
2022,2,A,골목상권,2110364,미아역 8번,1852,961,891,3,226,366,513,491,253,1,85,173,274,268,160,2,141,193,239,223,93
2022,2,A,골목상권,2110363,송천동주민센터,819,499,320,2,54,138,220,209,196,1,23,71,116,131,157,1,31,67,104,78,39
2022,2,A,골목상권,2110362,우이천 계성교,2117,1320,797,2,227,296,541,686,365,0,74,153,330,480,283,2,153,143,211,206,82
2022,2,A,골목상권,2110361,삼양사거리역 1번,1111,550,561,3,66,131,213,280,418,2,24,58,105,156,205,1,42,73,108,124,213
2022,2,A,골목상권,2110360,수유초등학교,2635,1274,1361,5,299,387,567,782,595,1,79,163,238,375,418,4,220,224,329,407,177
2022,2,A,골목상권,2110359,수유시장옆,5157,2359,2798,6,450,898,1053,1316,1434,4,136,365,470,708,676,2,314,533,583,608,758
2022,2,A,골목상권,2110358,인수동 우편취급국,2810,1471,1339,2,265,403,554,783,803,0,80,179,255,417,540,2,185,224,299,366,263
2022,2,A,골목상권,2110357,가오리역 1번,2401,1556,845,1,127,166,397,647,1063,0,34,71,252,471,728,1,93,95,145,176,335
2022,2,A,골목상권,2110356,덕수교,2011,1093,918,0,145,214,368,345,939,0,37,85,163,165,643,0,108,129,205,180,296
2022,2,A,골목상권,2110355,삼양사거리역 2번,905,486,419,2,85,153,223,225,217,1,22,49,110,139,165,1,63,104,113,86,52
2022,2,A,골목상권,2110354,삼각산119안전센터,365,141,224,1,38,87,110,81,48,0,9,25,45,32,30,1,29,62,65,49,18
2022,2,A,골목상권,2110353,수유동우체국,2389,1550,839,0,129,158,408,615,1079,0,26,73,267,444,740,0,103,85,141,171,339
2022,2,A,골목상권,2110352,수유1동주민센터,1621,708,913,1,183,303,456,479,199,0,61,122,184,209,132,1,122,181,272,270,67
2022,2,A,골목상권,2110351,수유북부시장옆,1877,1274,603,0,96,227,484,737,333,0,36,133,349,484,272,0,60,94,135,253,61
2022,2,A,골목상권,2110350,가오리역 2번,2640,1559,1081,0,221,477,709,807,426,0,62,232,442,507,316,0,159,245,267,300,110
2022,2,A,골목상권,2110349,화계역 2번,1164,619,545,0,95,179,284,397,209,0,37,65,127,214,176,0,58,114,157,183,33
2022,2,A,골목상권,2110348,강북문화예술회관,3953,2554,1399,0,227,512,876,1129,1209,0,65,242,587,813,847,0,162,270,289,316,362
2022,2,A,골목상권,2110347,구세군강북종합사회복지관,443,186,257,0,54,96,140,85,68,0,10,34,63,36,43,0,44,62,77,49,25
2022,2,A,골목상권,2110346,4.19민주묘지역 2번,754,369,385,0,109,137,212,161,135,0,22,69,113,81,84,0,87,68,99,80,51
2022,2,A,골목상권,2110345,솔밭공원역 2번,1604,918,686,1,168,207,320,549,359,0,35,65,142,387,289,1,133,142,178,162,70
2022,2,A,골목상권,2110344,화계중학교,815,417,398,0,75,148,217,296,79,0,39,57,111,143,67,0,36,91,106,153,12
2022,2,A,골목상권,2110343,무너미어린이공원,2303,1336,967,0,149,297,429,446,982,0,49,177,246,213,651,0,100,120,183,233,331
2022,2,A,골목상권,2110342,국립재활원,2250,1364,886,1,194,476,644,645,290,0,66,242,426,420,210,1,128,234,218,225,80
2022,2,A,골목상권,2110341,북한산우이역 2번,860,529,331,0,44,68,132,304,312,0,14,31,72,258,154,0,30,37,60,46,158
2022,2,A,골목상권,2110340,인수중학교,1205,760,445,6,164,256,276,329,174,6,81,173,168,189,143,0,83,83,108,140,31
2022,2,A,골목상권,2110339,국립4.19민주묘지,1097,718,379,6,146,196,248,305,196,6,67,139,153,190,163,0,79,57,95,115,33
2022,2,A,골목상권,2110338,인수초등학교,1955,1067,888,6,266,494,469,470,250,6,111,260,248,248,194,0,155,234,221,222,56
2022,2,A,골목상권,2110337,아카데미하우스,1438,921,517,6,178,311,344,390,209,6,85,207,216,232,175,0,93,104,128,158,34
2022,2,A,골목상권,2110336,석관고등학교,1951,1389,562,1,128,204,257,338,1023,0,66,113,151,240,819,1,62,91,106,98,204
2022,2,A,골목상권,2110335,석계역 7번,2887,1837,1050,2,243,313,463,598,1268,0,99,147,243,370,978,2,144,166,220,228,290
2022,2,A,골목상권,2110334,석관중앙교회,1691,1099,592,3,192,394,413,449,240,0,95,241,244,324,195,3,97,153,169,125,45
2022,2,A,골목상권,2110333,돌곶이역 5번,2875,2051,824,4,237,375,414,553,1292,0,107,239,264,375,1066,4,130,136,150,178,226
2022,2,A,골목상권,2110332,돌곶이역 3번,2402,1642,760,6,189,237,310,429,1231,1,74,125,174,259,1009,5,115,112,136,170,222
2022,2,A,골목상권,2110331,돌곶이역 8번,1331,817,514,4,173,283,315,283,273,0,60,182,193,164,218,4,113,101,122,119,55
2022,2,A,골목상권,2110330,돌곶이역 1번,1199,626,573,1,137,217,277,273,294,0,40,102,128,127,229,1,97,115,149,146,65
2022,2,A,골목상권,2110329,우리은행체육관,1280,745,535,8,131,269,305,313,254,4,45,134,165,200,197,4,86,135,140,113,57
2022,2,A,골목상권,2110328,상월곡역 3번,966,544,422,4,142,252,268,208,92,1,59,142,158,118,66,3,83,110,110,90,26
2022,2,A,골목상권,2110327,상월곡역 2번,1998,1149,849,5,355,494,539,387,218,1,166,295,311,215,161,4,189,199,228,172,57
2022,2,A,골목상권,2110326,장위동성당,2029,1211,818,4,314,426,541,433,311,3,149,249,314,263,233,1,165,177,227,170,78
2022,2,A,골목상권,2110325,장곡초등학교,1638,957,681,8,198,313,438,380,301,6,100,176,257,221,197,2,98,137,181,159,104
2022,2,A,골목상권,2110324,월곡역 4번,3140,1982,1158,5,533,1043,730,527,302,1,265,704,453,335,224,4,268,339,277,192,78
2022,2,A,골목상권,2110323,상월곡역 1번,4067,2556,1511,5,678,1174,962,808,440,1,336,790,596,503,330,4,342,384,366,305,110
2022,2,A,골목상권,2110322,장위1동주민센터,1274,741,533,8,218,235,278,270,265,4,110,153,164,146,164,4,108,82,114,124,101
2022,2,A,골목상권,2110321,동덕여대,2313,1366,947,1,299,420,551,516,526,0,134,242,299,273,418,1,165,178,252,243,108
2022,2,A,골목상권,2110320,KB국민은행 종암동지점,1182,673,509,1,119,228,369,325,140,1,35,101,200,239,97,0,84,127,169,86,43
2022,2,A,골목상권,2110319,종암동주민센터,2766,1528,1238,6,392,614,672,775,307,1,178,373,362,458,156,5,214,241,310,317,151
2022,2,A,골목상권,2110318,KT월곡지사,4670,3051,1619,8,464,852,998,1077,1271,3,232,511,595,716,994,5,232,341,403,361,277
2022,2,A,골목상권,2110317,종암중학교,984,490,494,0,108,232,312,228,104,0,37,97,154,140,62,0,71,135,158,88,42
2022,2,A,골목상권,2110316,숭곡초등학교,3749,2252,1497,12,320,511,783,810,1313,11,132,241,383,471,1014,1,188,270,400,339,299
2022,2,A,골목상권,2110315,종암아이파크2차,19523,10008,9515,57,1546,5002,7164,5525,229,13,627,1664,3177,4378,149,44,919,3338,3987,1147,80
2022,2,A,골목상권,2110314,종암경찰서,22088,12093,9995,63,1812,5489,7636,6091,997,14,829,2083,3572,4842,753,49,983,3406,4064,1249,244
2022,2,A,골목상권,2110313,안암역 3번,4486,2929,1557,7,548,1055,1239,1027,610,3,263,654,815,721,473,4,285,401,424,306,137
2022,2,A,골목상권,2110312,안암역 2번,1666,856,810,1,199,457,563,337,109,0,70,198,309,204,75,1,129,259,254,133,34
2022,2,A,골목상권,2110311,종암아이파크2차후문,18419,9472,8947,55,1397,4775,6829,5279,84,12,583,1567,3015,4229,66,43,814,3208,3814,1050,18
2022,2,A,골목상권,2110310,길음역 10번,2304,969,1335,10,637,675,493,352,137,1,143,321,258,161,85,9,494,354,235,191,52
2022,2,A,골목상권,2110309,대광초등학교,3669,2531,1138,12,521,883,910,786,557,4,294,622,640,561,410,8,227,261,270,225,147
2022,2,A,골목상권,2110308,길음역 8번,7178,3463,3715,428,2655,1922,1125,688,360,177,1050,1021,613,334,268,251,1605,901,512,354,92
2022,2,A,골목상권,2110307,길음역 7번,2596,948,1648,10,718,682,547,427,212,0,146,268,216,179,139,10,572,414,331,248,73
2022,2,A,골목상권,2110306,미아초등학교,5376,2688,2688,419,2073,1365,788,449,282,176,923,736,412,220,221,243,1150,629,376,229,61
2022,2,A,골목상권,2110305,보문역 5번,6471,4952,1519,11,812,2114,1358,1346,830,5,488,1734,1085,1066,574,6,324,380,273,280,256
2022,2,A,골목상권,2110304,보문역 4번,5081,2911,2170,4,547,1204,1258,1332,736,3,248,624,733,863,440,1,299,580,525,469,296
2022,2,A,골목상권,2110303,성신여대입구역 1번,2302,983,1319,23,343,507,539,532,358,11,93,195,230,247,207,12,250,312,309,285,151
2022,2,A,골목상권,2110302,보문역 8번,6611,5075,1536,7,801,2204,1491,1413,695,2,445,1775,1209,1164,480,5,356,429,282,249,215
2022,2,A,골목상권,2110301,성신여대입구역 7번,2407,1250,1157,22,336,473,551,587,438,16,112,206,285,329,302,6,224,267,266,258,136
2022,2,A,골목상권,2110300,삼선동주민센터,7082,3275,3807,21,849,1747,2084,1699,682,12,261,673,916,1026,387,9,588,1074,1168,673,295
2022,2,A,골목상권,2110299,정릉역 1번,2389,1112,1277,6,327,495,591,580,390,1,79,200,234,301,297,5,248,295,357,279,93
2022,2,A,골목상권,2110298,솔숲어린이공원,1609,756,853,6,199,274,412,438,280,1,58,98,163,222,214,5,141,176,249,216,66
2022,2,A,골목상권,2110297,경동고등학교,9374,4825,4549,19,1150,2351,2816,2260,778,8,435,1116,1431,1392,443,11,715,1235,1385,868,335
2022,2,A,골목상권,2110296,성신여대입구역 4번,13044,7926,5118,60,2010,3119,4030,2350,1475,26,917,1816,2693,1739,735,34,1093,1303,1337,611,740
2022,2,A,골목상권,2110295,정릉우체국,2490,1166,1324,2,366,486,617,609,410,0,99,203,246,329,289,2,267,283,371,280,121
2022,2,A,골목상권,2110294,서경대학교,2549,1324,1225,1,378,447,634,629,460,0,105,193,305,381,340,1,273,254,329,248,120
2022,2,A,골목상권,2110293,삼선중학교,16035,9034,7001,63,2380,3897,5184,2868,1643,27,1059,2173,3103,1899,773,36,1321,1724,2081,969,870
2022,2,A,골목상권,2110292,정릉역 2번,1455,558,897,1,246,356,390,314,148,0,62,144,125,131,96,1,184,212,265,183,52
2022,2,A,골목상권,2110291,한성대입구역 3번,4682,2808,1874,4,513,944,1389,1258,574,2,184,541,891,836,354,2,329,403,498,422,220
2022,2,A,골목상권,2110290,북한산보국문역 1번,1034,535,499,2,104,127,218,313,270,0,28,65,110,176,156,2,76,62,108,137,114
2022,2,A,골목상권,2110289,북한산보국문역 2번,1888,951,937,0,291,395,491,441,270,0,88,179,225,255,204,0,203,216,266,186,66
2022,2,A,골목상권,2110288,동구여중,4250,2398,1852,23,496,930,1431,989,381,12,211,489,785,607,294,11,285,441,646,382,87
2022,2,A,골목상권,2110287,정릉3동주민센터,1637,1229,408,0,230,512,449,314,132,0,133,403,340,243,110,0,97,109,109,71,22
2022,2,A,골목상권,2110286,한성대입구역 5번,6385,3175,3210,20,806,1509,1805,1506,739,9,265,708,929,826,438,11,541,801,876,680,301
2022,2,A,골목상권,2110285,홍대부중,5373,2950,2423,12,1018,1547,1503,934,359,7,415,798,842,619,269,5,603,749,661,315,90
2022,2,A,골목상권,2110284,정릉북한산국립공원입구,1223,860,363,0,80,214,331,411,187,0,23,120,249,314,154,0,57,94,82,97,33
2022,2,A,골목상권,2110283,성북초등학교앞,4093,2342,1751,15,771,1263,1080,686,278,9,312,713,699,425,184,6,459,550,381,261,94
2022,2,A,골목상권,2110282,국민대학교앞,1943,1389,554,15,322,603,452,316,235,14,185,441,355,248,146,1,137,162,97,68,89
2022,2,A,골목상권,2110281,길상사,17018,13990,3028,25,2042,3972,4890,5544,545,4,1214,2904,4251,5231,386,21,828,1068,639,313,159
2022,2,A,골목상권,2110280,북정마을,14960,12846,2114,18,1405,3400,4437,5321,379,4,942,2610,3998,5030,262,14,463,790,439,291,117
2022,2,A,골목상권,2110279,신내역 2번,2047,735,1312,1,530,644,403,373,96,0,99,241,188,148,59,1,431,403,215,225,37
2022,2,A,골목상권,2110278,망우본동주민센터,2878,1577,1301,10,284,489,618,849,628,1,85,183,285,500,523,9,199,306,333,349,105
2022,2,A,골목상권,2110277,러스크서울병원,2130,1283,847,13,203,291,394,651,578,2,69,98,204,424,486,11,134,193,190,227,92
2022,2,A,골목상권,2110276,신내IC북측,607,375,232,0,44,112,142,253,56,0,25,88,107,124,31,0,19,24,35,129,25
2022,2,A,골목상권,2110275,하나은행 망우동지점,1686,1011,675,10,166,215,299,524,472,0,46,66,154,349,396,10,120,149,145,175,76
2022,2,A,골목상권,2110274,서일대학교,2030,1277,753,2,173,309,487,576,483,1,57,162,302,404,351,1,116,147,185,172,132
2022,2,A,골목상권,2110273,장스여성병원,1613,1000,613,9,132,209,298,500,465,1,34,80,150,339,396,8,98,129,148,161,69
2022,2,A,골목상권,2110272,신내1동주민센터,5843,3433,2410,7,756,1311,1295,1459,1015,6,386,660,668,911,802,1,370,651,627,548,213
2022,2,A,골목상권,2110271,신내역 1번,2658,1073,1585,5,607,752,539,616,139,1,134,318,283,257,80,4,473,434,256,359,59
2022,2,A,골목상권,2110270,혜원여고,1224,728,496,0,98,181,286,344,315,0,39,103,157,210,219,0,59,78,129,134,96
2022,2,A,골목상권,2110269,용마문화복지센터,1320,882,438,1,120,224,285,389,301,0,50,133,182,292,225,1,70,91,103,97,76
2022,2,A,골목상권,2110268,망우3동주민센터,1612,1031,581,3,203,323,368,411,304,3,130,207,213,250,228,0,73,116,155,161,76
2022,2,A,골목상권,2110267,망우역 2번,3855,2306,1549,17,545,783,816,902,792,13,310,445,442,506,590,4,235,338,374,396,202
2022,2,A,골목상권,2110266,면목동우체국,3102,1920,1182,7,322,539,733,852,649,2,104,264,432,611,507,5,218,275,301,241,142
2022,2,A,골목상권,2110265,망우역 1번,3076,1829,1247,16,364,540,716,803,637,5,170,256,354,517,527,11,194,284,362,286,110
2022,2,A,골목상권,2110264,면목역 2번,2233,1223,1010,3,236,458,534,610,392,0,80,225,279,374,265,3,156,233,255,236,127
2022,2,A,골목상권,2110263,면목역 1번,2962,1753,1209,6,445,738,846,625,302,3,244,499,441,330,236,3,201,239,405,295,66
2022,2,A,골목상권,2110262,상봉역 3번,3221,1967,1254,8,450,790,948,652,373,4,252,530,510,366,305,4,198,260,438,286,68
2022,2,A,골목상권,2110261,사가정역 4번,3127,2086,1041,5,288,460,746,997,631,4,111,243,469,761,498,1,177,217,277,236,133
2022,2,A,골목상권,2110260,면목역 3번,2514,1442,1072,3,356,591,717,548,299,0,154,393,354,299,242,3,202,198,363,249,57
2022,2,A,골목상권,2110259,사가정역 1번,3127,1865,1262,6,337,678,872,745,489,3,144,363,490,495,370,3,193,315,382,250,119
2022,2,A,골목상권,2110258,면동초등학교,2037,1206,831,5,240,437,528,494,333,1,106,255,280,307,257,4,134,182,248,187,76
2022,2,A,골목상권,2110257,상봉역 7번,2452,1607,845,11,219,403,552,647,620,10,108,220,301,442,526,1,111,183,251,205,94
2022,2,A,골목상권,2110256,면목2동체육관,3547,2122,1425,5,446,738,941,853,564,1,202,481,507,484,447,4,244,257,434,369,117
2022,2,A,골목상권,2110255,상봉역 4번,4458,2784,1674,6,479,915,1219,1023,816,1,229,569,676,643,666,5,250,346,543,380,150
2022,2,A,골목상권,2110254,오거리공원,2416,1571,845,3,191,424,659,814,325,2,79,223,410,603,254,1,112,201,249,211,71
2022,2,A,골목상권,2110253,중곡초등학교,1855,1320,535,2,153,294,471,641,294,1,81,182,321,513,222,1,72,112,150,128,72
2022,2,A,골목상권,2110252,장안제일시장,1993,1261,732,2,203,364,494,505,425,1,97,223,245,330,365,1,106,141,249,175,60
2022,2,A,골목상권,2110251,장안중학교,2262,1349,913,0,231,428,502,567,534,0,89,190,253,357,460,0,142,238,249,210,74
2022,2,A,골목상권,2110250,화랑대역 7번,1509,739,770,5,140,332,409,398,225,1,49,156,183,195,155,4,91,176,226,203,70
2022,2,A,골목상권,2110249,중화역 1번,3063,1949,1114,1,402,709,752,735,464,1,223,405,433,507,380,0,179,304,319,228,84
2022,2,A,골목상권,2110248,먹골파출소,1263,628,635,3,134,298,352,301,175,0,45,145,171,147,120,3,89,153,181,154,55
2022,2,A,골목상권,2110247,먹골역 1번,2991,1922,1069,0,398,676,750,773,394,0,207,418,446,532,319,0,191,258,304,241,75
2022,2,A,골목상권,2110246,월드순복음교회,2145,1274,871,4,193,347,472,594,535,1,63,160,269,364,417,3,130,187,203,230,118
2022,2,A,골목상권,2110245,KB국민은행 중화동지점,2037,1261,776,3,166,345,495,514,514,1,63,179,281,323,414,2,103,166,214,191,100
2022,2,A,골목상권,2110244,중화역 4번,2398,1528,870,2,356,606,575,562,297,2,209,364,342,382,229,0,147,242,233,180,68
2022,2,A,골목상권,2110243,중랑노인종합복지관,1660,977,683,2,141,271,376,485,385,1,50,133,206,282,305,1,91,138,170,203,80
2022,2,A,골목상권,2110242,면목5동주민센터,1226,796,430,1,101,187,289,334,314,0,45,120,154,211,266,1,56,67,135,123,48
2022,2,A,골목상권,2110241,먹골역 5번,2531,1611,920,1,347,608,639,667,269,1,191,387,378,452,202,0,156,221,261,215,67
2022,2,A,골목상권,2110240,태릉시장 특화거리,1145,548,597,8,174,260,261,239,203,6,84,106,113,110,129,2,90,154,148,129,74
2022,2,A,골목상권,2110239,중랑역 2번,690,313,377,5,95,118,156,155,161,2,29,46,64,73,99,3,66,72,92,82,62
2022,2,A,골목상권,2110238,배꽃어린이공원,1473,1122,351,2,227,342,337,358,207,2,157,266,243,292,162,0,70,76,94,66,45
2022,2,A,골목상권,2110237,메가박스 상봉,3560,2363,1197,12,356,778,1051,1010,353,10,168,485,723,741,236,2,188,293,328,269,117
2022,2,A,골목상권,2110236,신묵초등학교,2471,1622,849,2,350,599,613,640,267,2,195,394,387,452,192,0,155,205,226,188,75
2022,2,A,골목상권,2110235,세화어린이공원,381,210,171,6,90,59,103,71,52,5,52,33,45,38,37,1,38,26,58,33,15
2022,2,A,골목상권,2110234,중랑역 4번,3174,2317,857,12,298,719,1010,858,277,10,155,484,757,704,207,2,143,235,253,154,70
2022,2,A,골목상권,2110233,중랑역 1번,3032,2188,844,17,357,651,916,814,277,14,188,439,671,673,203,3,169,212,245,141,74
2022,2,A,골목상권,2110232,동대부고,3028,1420,1608,3,381,593,816,786,449,1,123,264,333,381,318,2,258,329,483,405,131
2022,2,A,골목상권,2110231,장안교,1741,1065,676,6,143,324,461,478,329,4,59,155,249,315,283,2,84,169,212,163,46
2022,2,A,골목상권,2110230,장안현대홈타운1차아파트,5246,2850,2396,14,898,1262,1405,1131,536,10,473,718,698,598,353,4,425,544,707,533,183
2022,2,A,골목상권,2110229,장평중학교,5475,3447,2028,11,604,1021,1167,1234,1438,7,309,620,723,769,1019,4,295,401,444,465,419
2022,2,A,골목상권,2110228,장안근린공원,6839,3589,3250,54,2007,1290,1365,1326,797,32,1034,727,628,629,539,22,973,563,737,697,258
2022,2,A,골목상권,2110227,답십리공원,4470,2551,1919,49,1629,777,743,784,488,30,929,507,422,364,299,19,700,270,321,420,189
2022,2,A,골목상권,2110226,장안1동주민센터,6971,3871,3100,22,858,1351,1602,1672,1466,17,403,767,886,926,872,5,455,584,716,746,594
2022,2,A,골목상권,2110225,촬영소사거리,2931,1595,1336,12,223,386,587,760,963,9,107,227,365,390,497,3,116,159,222,370,466
2022,2,A,골목상권,2110224,외대앞역 2번,1398,804,594,3,138,261,402,359,235,1,53,146,243,245,116,2,85,115,159,114,119
2022,2,A,골목상권,2110223,군자초등학교,6674,4353,2321,43,1459,1676,1307,1058,1131,11,711,1129,908,704,890,32,748,547,399,354,241
2022,2,A,골목상권,2110222,회기역 2번,2392,1179,1213,2,403,501,609,625,252,0,104,257,343,339,136,2,299,244,266,286,116
2022,2,A,골목상권,2110221,의릉,1144,696,448,3,127,310,315,263,126,0,43,194,185,173,101,3,84,116,130,90,25
2022,2,A,골목상권,2110220,외대앞역 1번,3641,1571,2070,2,688,923,946,679,403,1,133,336,444,404,253,1,555,587,502,275,150
2022,2,A,골목상권,2110219,삼육보건대학교,4450,2371,2079,4,582,896,1094,1128,746,2,182,417,615,657,498,2,400,479,479,471,248
2022,2,A,골목상권,2110218,답십리사거리,1435,853,582,7,165,299,369,350,245,5,66,165,204,224,189,2,99,134,165,126,56
2022,2,A,골목상권,2110217,자동차부품상가,6813,4504,2309,26,1478,1623,1457,1223,1006,21,859,1143,968,768,745,5,619,480,489,455,261
2022,2,A,골목상권,2110216,전농중학교,2153,1119,1034,3,263,476,586,555,270,1,114,236,297,296,175,2,149,240,289,259,95
2022,2,A,골목상권,2110215,회기역 1번,2459,902,1557,4,638,776,558,322,161,1,126,278,223,148,126,3,512,498,335,174,35
2022,2,A,골목상권,2110214,경희대후문,3292,1434,1858,1,689,917,862,572,251,1,134,332,426,346,195,0,555,585,436,226,56
2022,2,A,골목상권,2110213,청량초등학교,2169,702,1467,0,592,722,494,250,111,0,101,237,187,96,81,0,491,485,307,154,30
2022,2,A,골목상권,2110212,답십리초등학교,6736,3585,3151,26,1187,1542,1846,1660,475,22,887,1141,773,457,305,4,300,401,1073,1203,170
2022,2,A,골목상권,2110211,전곡마을마당공원,2826,1580,1246,4,375,594,732,764,357,1,152,275,439,468,245,3,223,319,293,296,112
2022,2,A,골목상권,2110210,서울시립대,3076,1537,1539,7,419,611,663,709,667,4,126,242,352,377,436,3,293,369,311,332,231
2022,2,A,골목상권,2110209,답십리 장령당공원,4354,2000,2354,4,640,954,1230,1197,329,1,470,685,419,202,223,3,170,269,811,995,106
2022,2,A,골목상권,2110208,시조사삼거리,2384,1294,1090,4,388,710,460,463,359,3,155,452,245,252,187,1,233,258,215,211,172
2022,2,A,골목상권,2110207,시립대앞사거리,2645,1363,1282,3,363,557,634,682,406,1,117,229,344,396,276,2,246,328,290,286,130
2022,2,A,골목상권,2110206,텃골근린공원,1284,744,540,2,151,241,347,340,203,1,84,134,221,207,97,1,67,107,126,133,106
2022,2,A,골목상권,2110205,경희대삼거리,3822,2069,1753,6,701,1290,710,636,479,4,281,760,405,362,257,2,420,530,305,274,222
2022,2,A,골목상권,2110204,간데메공원,1794,1235,559,6,298,435,450,379,226,3,196,277,304,275,180,3,102,158,146,104,46
2022,2,A,골목상권,2110203,떡전교사거리,1943,858,1085,2,261,350,385,429,516,2,79,140,162,190,285,0,182,210,223,239,231
2022,2,A,골목상권,2110202,전농1동주민센터(전농시장),593,343,250,0,76,107,147,149,114,0,49,61,93,85,55,0,27,46,54,64,59
2022,2,A,골목상권,2110201,전농119안전센터,825,530,295,0,102,158,244,182,139,0,68,101,168,117,76,0,34,57,76,65,63
2022,2,A,골목상권,2110200,동대문경찰서,1083,572,511,0,119,177,222,305,260,0,60,86,111,138,177,0,59,91,111,167,83
2022,2,A,골목상권,2110199,홍릉시장,1158,621,537,0,99,193,238,354,274,0,46,95,119,165,196,0,53,98,119,189,78
2022,2,A,골목상권,2110198,동대문중앙새마을금고본점,688,361,327,0,52,89,135,214,198,0,23,47,72,99,120,0,29,42,63,115,78
2022,2,A,골목상권,2110197,세종대왕기념관교차로,2510,1548,962,3,426,731,600,539,211,2,154,376,417,419,180,1,272,355,183,120,31
2022,2,A,골목상권,2110196,홍릉근린공원,1047,653,394,1,93,198,337,285,133,1,37,93,216,188,118,0,56,105,121,97,15
2022,2,A,골목상권,2110195,동대문구청,4287,2125,2162,6,481,906,1023,1183,688,3,186,393,469,674,400,3,295,513,554,509,288
2022,2,A,골목상권,2110194,홍파초등학교,1798,1085,713,2,140,330,522,522,282,1,84,184,314,291,211,1,56,146,208,231,71
2022,2,A,골목상권,2110193,고려대역 4번,1232,835,397,1,79,208,403,369,172,1,35,113,259,283,144,0,44,95,144,86,28
2022,2,A,골목상권,2110192,동의보감타워,5324,3233,2091,17,756,1316,1285,1303,647,8,482,802,763,820,358,9,274,514,522,483,289
2022,2,A,골목상권,2110191,고려대역 6번,1157,702,455,2,78,202,355,318,202,1,38,103,203,201,156,1,40,99,152,117,46
2022,2,A,골목상권,2110190,고대앞사거리,3236,1724,1512,5,469,907,933,626,296,2,192,462,500,367,201,3,277,445,433,259,95
2022,2,A,골목상권,2110189,제기동역 1번,6727,4533,2194,21,1156,1875,1505,1131,1039,8,647,1270,1059,767,782,13,509,605,446,364,257
2022,2,A,골목상권,2110188,용두동신동아아파트,9251,6800,2451,57,1038,1991,2191,2660,1314,37,705,1428,1679,1971,980,20,333,563,512,689,334
2022,2,A,골목상권,2110187,제기동역 6번,7263,4732,2531,20,1249,2025,1616,1231,1122,8,662,1282,1102,844,834,12,587,743,514,387,288
2022,2,A,골목상권,2110186,종암초등학교,3678,2369,1309,3,481,1024,1038,724,408,0,199,624,702,506,338,3,282,400,336,218,70
2022,2,A,골목상권,2110185,용두초등학교,9216,4802,4414,9,826,2131,2857,2357,1036,3,373,1210,1418,1091,707,6,453,921,1439,1266,329
2022,2,A,골목상권,2110184,용두사거리,7078,2654,4424,6,1108,1663,1364,1642,1295,2,332,723,563,452,582,4,776,940,801,1190,713
2022,2,A,골목상권,2110183,한국의류시험연구원,6586,2490,4096,5,1038,1511,1273,1514,1245,1,321,694,532,384,558,4,717,817,741,1130,687
2022,2,A,골목상권,2110182,용두희망어린이공원,8150,3848,4302,10,1180,1780,1735,2093,1352,4,438,992,944,839,631,6,742,788,791,1254,721
2022,2,A,골목상권,2110181,신설동역 9번,13079,7138,5941,34,1192,2706,3581,3279,2287,18,594,1610,1908,1605,1403,16,598,1096,1673,1674,884
2022,2,A,골목상권,2110180,광진정보도서관,9548,6222,3326,19,2321,3104,2006,1368,730,5,1187,2103,1425,958,544,14,1134,1001,581,410,186
2022,2,A,골목상권,2110179,광나루역 1번,6574,3993,2581,161,2344,1211,1143,1171,544,51,1118,831,807,821,365,110,1226,380,336,350,179
2022,2,A,골목상권,2110178,장로회신학대학교,2969,2050,919,2,411,751,730,698,377,0,227,542,543,493,245,2,184,209,187,205,132
2022,2,A,골목상권,2110177,동의초등학교,1459,779,680,1,169,274,393,406,216,0,61,146,213,214,145,1,108,128,180,192,71
2022,2,A,골목상권,2110176,해오름공원,4046,2107,1939,5,730,888,1169,939,315,2,195,417,665,579,249,3,535,471,504,360,66
2022,2,A,골목상권,2110175,푸른동산공원,9538,5255,4283,11,988,1818,2356,2694,1671,5,574,1201,1457,1185,833,6,414,617,899,1509,838
2022,2,A,골목상권,2110174,아차산역 1번,3794,2279,1515,7,421,721,1109,1004,532,3,189,430,702,589,366,4,232,291,407,415,166
2022,2,A,골목상권,2110173,구남초등학교,11730,6787,4943,24,1163,2242,2831,3303,2167,9,628,1467,1814,1629,1240,15,535,775,1017,1674,927
2022,2,A,골목상권,2110172,광진초등학교,3672,2114,1558,57,568,731,843,922,551,25,284,392,475,537,401,32,284,339,368,385,150
2022,2,A,골목상권,2110171,중곡4동주민센터,3077,1296,1781,4,590,757,782,700,244,2,117,276,348,364,189,2,473,481,434,336,55
2022,2,A,골목상권,2110170,동대부여고,6257,3117,3140,5,456,1045,1777,2129,845,2,193,556,964,908,494,3,263,489,813,1221,351
2022,2,A,골목상권,2110169,성동초등학교,6765,4291,2474,18,675,1492,1785,1727,1068,4,365,915,1130,1071,806,14,310,577,655,656,262
2022,2,A,골목상권,2110168,대원고등학교,2238,1319,919,4,229,483,556,618,348,2,102,238,295,395,287,2,127,245,261,223,61
2022,2,A,골목상권,2110167,용마초등학교,4509,2630,1879,12,580,923,1177,1052,765,4,313,546,644,575,548,8,267,377,533,477,217
2022,2,A,골목상권,2110166,구의1동주민센터,15219,11430,3789,17,1059,2485,4251,5895,1512,12,537,1532,3205,4890,1254,5,522,953,1046,1005,258
2022,2,A,골목상권,2110165,국립정신건강센터,2585,1477,1108,3,244,534,684,699,421,0,94,256,352,434,341,3,150,278,332,265,80
2022,2,A,골목상권,2110164,아차산역 5번,2694,1609,1085,7,347,531,659,642,508,2,169,304,401,359,374,5,178,227,258,283,134
2022,2,A,골목상권,2110163,성자초등학교,3129,1834,1295,13,357,640,850,913,356,9,224,372,481,482,266,4,133,268,369,431,90
2022,2,A,골목상권,2110162,군자역 4번,3924,2332,1592,15,598,853,977,809,672,8,340,511,565,435,473,7,258,342,412,374,199
2022,2,A,골목상권,2110161,중곡역 3번,2364,1591,773,7,197,379,569,778,434,2,89,224,353,586,337,5,108,155,216,192,97
2022,2,A,골목상권,2110160,광진경찰서,2323,1406,917,4,347,648,636,516,172,1,194,397,354,334,126,3,153,251,282,182,46
2022,2,A,골목상권,2110159,구의역 4번,15886,11761,4125,20,1195,2502,4360,6044,1765,14,552,1526,3278,4933,1458,6,643,976,1082,1111,307
2022,2,A,골목상권,2110158,중곡3동주민센터,2903,2098,805,5,253,521,703,934,487,1,136,358,470,736,397,4,117,163,233,198,90
2022,2,A,골목상권,2110157,자양동우체국,2103,1420,683,14,451,461,501,450,226,10,346,329,303,259,173,4,105,132,198,191,53
2022,2,A,골목상권,2110156,군자역 5번,3797,2348,1449,10,541,828,936,817,665,6,297,488,572,478,507,4,244,340,364,339,158
2022,2,A,골목상권,2110155,광진구청,13911,10903,3008,14,1009,2223,3822,5359,1484,12,536,1458,2986,4650,1261,2,473,765,836,709,223
2022,2,A,골목상권,2110154,광진정말공원,2494,1436,1058,7,351,455,604,640,437,5,171,260,316,357,327,2,180,195,288,283,110
2022,2,A,골목상권,2110153,중곡1동주민센터,5211,2445,2766,82,1436,912,1081,1176,524,28,644,492,513,422,346,54,792,420,568,754,178
2022,2,A,골목상권,2110152,중곡어린이공원,2482,1526,956,49,471,549,517,545,351,6,194,337,328,368,293,43,277,212,189,177,58
2022,2,A,골목상권,2110151,자양한강도서관,2520,1817,703,15,490,505,614,608,288,11,373,369,422,418,224,4,117,136,192,190,64
2022,2,A,골목상권,2110150,중곡1동 마을마당,5928,2959,2969,84,1503,1158,1196,1359,628,30,654,632,616,572,455,54,849,526,580,787,173
2022,2,A,골목상권,2110149,세종대학교,1090,593,497,0,153,295,256,226,160,0,69,164,150,110,100,0,84,131,106,116,60
2022,2,A,골목상권,2110148,어린이대공원역 3번,1449,1013,436,2,138,200,381,498,230,0,66,128,264,363,192,2,72,72,117,135,38
2022,2,A,골목상권,2110147,능동우편취급국,5319,2666,2653,35,1292,1071,1074,1227,620,22,621,624,558,446,395,13,671,447,516,781,225
2022,2,A,골목상권,2110146,신자초등학교,3030,2209,821,8,345,709,894,809,265,3,232,532,652,588,202,5,113,177,242,221,63
2022,2,A,골목상권,2110145,장안초등학교,913,444,469,0,95,163,182,275,198,0,30,77,88,131,118,0,65,86,94,144,80
2022,2,A,골목상권,2110144,어린이대공원역 4번,1995,1266,729,2,200,302,497,650,344,0,76,165,320,437,268,2,124,137,177,213,76
2022,2,A,골목상권,2110143,뚝섬유원지역 1번,1854,1500,354,4,199,512,536,442,161,1,151,418,445,358,127,3,48,94,91,84,34
2022,2,A,골목상권,2110142,화양사거리,4124,2353,1771,5,665,1024,1057,859,514,2,309,600,651,427,364,3,356,424,406,432,150
2022,2,A,골목상권,2110141,건대입구역 1번,3299,2189,1110,13,442,738,841,702,563,6,231,484,570,459,439,7,211,254,271,243,124
2022,2,A,골목상권,2110140,건대입구역 6번,5095,3245,1850,28,632,1049,1230,1212,944,21,284,628,783,815,714,7,348,421,447,397,230
2022,2,A,골목상권,2110139,자양4동주민센터,3041,2288,753,62,487,732,735,671,354,28,320,558,574,520,288,34,167,174,161,151,66
2022,2,A,골목상권,2110138,송정체육공원,4312,2537,1775,2,725,1148,1094,805,538,0,350,692,688,425,382,2,375,456,406,380,156
2022,2,A,골목상권,2110137,성수초등학교,15849,10295,5554,64,2391,4011,4214,3217,1952,49,1240,2613,2806,2104,1483,15,1151,1398,1408,1113,469
2022,2,A,골목상권,2110136,경수초등학교,19912,12290,7622,134,4030,5003,4511,3778,2456,78,1986,3201,2930,2315,1780,56,2044,1802,1581,1463,676
2022,2,A,골목상권,2110135,성동세무서,7155,4565,2590,12,1071,1813,1835,1515,909,5,579,1158,1197,926,700,7,492,655,638,589,209
2022,2,A,골목상권,2110134,성수119안전센터,4792,3359,1433,79,805,1245,1218,959,486,39,481,883,888,682,386,40,324,362,330,277,100
2022,2,A,골목상권,2110133,서울교통공사,6588,4563,2025,50,1729,1852,1274,965,718,21,996,1339,950,679,578,29,733,513,324,286,140
2022,2,A,골목상권,2110132,성수2가3동주민센터,4528,2778,1750,14,563,1101,1102,1022,726,11,282,667,706,642,470,3,281,434,396,380,256
2022,2,A,골목상권,2110131,성수동카페거리,18863,11455,7408,84,3960,5083,4195,3250,2291,51,1964,3230,2724,1930,1556,33,1996,1853,1471,1320,735
2022,2,A,골목상권,2110130,답십리역 6번,5783,2708,3075,6,834,1254,1641,1495,553,2,564,856,606,323,357,4,270,398,1035,1172,196
2022,2,A,골목상권,2110129,성원어린이공원,5831,3754,2077,21,932,1339,1290,1152,1097,16,543,871,862,738,724,5,389,468,428,414,373
2022,2,A,골목상권,2110128,성원중학교,5913,4100,1813,24,740,1417,1504,1425,803,13,428,1018,1078,1009,554,11,312,399,426,416,249
2022,2,A,골목상권,2110127,성수1가1동주민센터,5851,3818,2033,21,1131,1850,1426,919,504,11,621,1230,924,626,406,10,510,620,502,293,98
2022,2,A,골목상권,2110126,서울숲역 1번,4957,3278,1679,19,954,1230,1086,892,776,12,568,830,689,609,570,7,386,400,397,283,206
2022,2,A,골목상권,2110125,사근동살곶이상점가,2512,1782,730,2,144,443,815,743,365,2,54,289,563,579,295,0,90,154,252,164,70
2022,2,A,골목상권,2110124,뚝섬역교차로,3140,2236,904,14,450,585,706,728,657,12,229,380,469,568,578,2,221,205,237,160,79
2022,2,A,골목상권,2110123,마장역 3번,1661,1034,627,1,198,311,408,441,302,1,95,185,241,285,227,0,103,126,167,156,75
2022,2,A,골목상권,2110122,마장역 2번,1517,1003,514,1,159,243,355,441,318,1,89,160,221,294,238,0,70,83,134,147,80
2022,2,A,골목상권,2110121,한양대역 4번,2434,1709,725,0,128,423,780,733,370,0,43,274,532,559,301,0,85,149,248,174,69
2022,2,A,골목상권,2110120,서울숲카페거리,1582,1046,536,5,184,292,370,390,341,4,93,172,212,275,290,1,91,120,158,115,51
2022,2,A,골목상권,2110119,마장지하차도,2657,987,1670,3,257,346,556,850,645,1,141,190,234,227,194,2,116,156,322,623,451
2022,2,A,골목상권,2110118,왕십리역 9번,2693,1327,1366,12,554,698,635,510,284,2,170,310,345,292,208,10,384,388,290,218,76
2022,2,A,골목상권,2110117,성동구보건소,3376,1242,2134,9,551,497,662,965,692,2,191,247,299,296,207,7,360,250,363,669,485
2022,2,A,골목상권,2110116,청계천박물관,8711,5833,2878,46,804,1715,2072,2820,1254,33,442,1069,1395,1994,900,13,362,646,677,826,354
2022,2,A,골목상권,2110115,상왕십리역 3번,5567,2521,3046,19,895,982,1144,1447,1080,4,303,543,630,605,436,15,592,439,514,842,644
2022,2,A,골목상권,2110114,왕십리파출소,2943,1055,1888,16,538,508,588,804,489,3,198,277,289,197,91,13,340,231,299,607,398
2022,2,A,골목상권,2110113,응봉산,2383,905,1478,16,296,761,960,256,94,0,90,252,389,108,66,16,206,509,571,148,28
2022,2,A,골목상권,2110112,행당역 2번,1515,781,734,1,187,321,403,404,199,0,71,141,204,221,144,1,116,180,199,183,55
2022,2,A,골목상권,2110111,대현산장미원,336,200,136,1,46,57,83,78,71,0,15,28,41,53,63,1,31,29,42,25,8
2022,2,A,골목상권,2110110,상왕십리역 6번,2892,1693,1199,14,435,651,657,653,482,5,147,368,443,432,298,9,288,283,214,221,184
2022,2,A,골목상권,2110109,금호삼성래미안아파트,2707,1162,1545,17,330,830,1057,350,123,1,119,302,464,178,98,16,211,528,593,172,25
2022,2,A,골목상권,2110108,성동구립금호도서관,272,128,144,0,32,55,72,79,34,0,14,29,30,29,26,0,18,26,42,50,8
2022,2,A,골목상권,2110107,금호사거리,2741,1185,1556,16,316,815,1029,373,192,1,105,276,444,211,148,15,211,539,585,162,44
2022,2,A,골목상권,2110106,금북초등학교,682,416,266,1,112,193,201,134,41,1,66,107,128,85,29,0,46,86,73,49,12
2022,2,A,골목상권,2110105,금동어린이공원,3124,1300,1824,16,371,929,1129,449,230,1,117,326,480,214,162,15,254,603,649,235,68
2022,2,A,골목상권,2110104,신금호역 4번,1550,885,665,2,200,375,389,317,267,2,69,194,228,192,200,0,131,181,161,125,67
2022,2,A,골목상권,2110103,옥수터널,652,341,311,1,61,162,188,182,58,0,22,73,103,102,41,1,39,89,85,80,17
2022,2,A,골목상권,2110102,옥수역 6번,4523,1702,2821,5,1162,1330,1014,721,291,0,285,464,469,333,151,5,877,866,545,388,140
2022,2,A,골목상권,2110101,옥정중학교,11800,7925,3875,10,1772,3747,3394,2453,424,5,571,2350,2657,2066,276,5,1201,1397,737,387,148
2022,2,A,골목상권,2110100,옥수동우편취급국,8356,6820,1536,8,785,2676,2652,2008,227,4,361,2018,2357,1893,187,4,424,658,295,115,40
2022,2,A,골목상권,2110099,유엔빌리지길,22417,18045,4372,50,2713,5729,6376,6735,814,38,1345,4185,5513,6284,680,12,1368,1544,863,451,134
2022,2,A,골목상권,2110098,서울독일학교,22179,18008,4171,40,2712,5547,6234,6685,961,31,1363,4085,5433,6273,823,9,1349,1462,801,412,138
2022,2,A,골목상권,2110097,한남초등학교,7826,5468,2358,14,1401,2935,1774,1222,480,7,711,1893,1374,1079,404,7,690,1042,400,143,76
2022,2,A,골목상권,2110096,한남힐사이드아파트,8734,5560,3174,9,1774,3226,2049,1383,293,6,757,1958,1477,1118,244,3,1017,1268,572,265,49
2022,2,A,골목상권,2110095,한강진역 3번,16261,10270,5991,51,3557,5623,3802,2391,837,29,1573,3350,2741,1953,624,22,1984,2273,1061,438,213
2022,2,A,골목상권,2110094,오산중학교,475,243,232,0,38,115,148,115,59,0,11,56,70,66,40,0,27,59,78,49,19
2022,2,A,골목상권,2110093,우사단길,9702,6097,3605,43,1853,3128,2442,1391,845,25,761,1853,1780,1071,607,18,1092,1275,662,320,238
2022,2,A,골목상권,2110092,NH농협은행 보광동지점,4109,2859,1250,31,584,1186,1179,823,306,21,305,795,876,631,231,10,279,391,303,192,75
2022,2,A,골목상권,2110091,리움미술관,7513,4522,2991,24,1801,2643,1844,904,297,15,749,1458,1336,748,216,9,1052,1185,508,156,81
2022,2,A,골목상권,2110090,한국폴리텍대학서울정수캠퍼스,8083,4908,3175,18,1242,2436,2730,1210,447,8,540,1218,1919,926,297,10,702,1218,811,284,150
2022,2,A,골목상권,2110089,서빙고동주민센터,2543,1491,1052,2,350,655,776,449,311,0,109,359,499,312,212,2,241,296,277,137,99
2022,2,A,골목상권,2110088,오산고등학교,10165,6137,4028,22,1462,3094,3318,1687,582,10,653,1517,2260,1276,421,12,809,1577,1058,411,161
2022,2,A,골목상권,2110087,이태원엔틱가구거리,6439,3688,2751,31,1233,1753,1633,1215,574,18,527,948,988,811,396,13,706,805,645,404,178
2022,2,A,골목상권,2110086,이태원역 북측,18101,8842,9259,50,4925,6856,3887,1818,565,27,1453,3140,2391,1403,428,23,3472,3716,1496,415,137
2022,2,A,골목상권,2110085,경리단길남측,13583,6464,7119,26,4020,5279,2796,1133,329,12,1128,2390,1742,930,262,14,2892,2889,1054,203,67
2022,2,A,골목상권,2110084,경리단길북측,2575,1428,1147,8,511,741,625,464,226,5,222,375,345,310,171,3,289,366,280,154,55
2022,2,A,골목상권,2110083,서빙고역 1번,7782,5014,2768,20,1542,2118,1985,1422,695,7,687,1379,1388,1051,502,13,855,739,597,371,193
2022,2,A,골목상권,2110082,용산구청,5502,3128,2374,31,1057,1491,1412,1063,448,18,466,777,844,718,305,13,591,714,568,345,143
2022,2,A,골목상권,2110081,해방촌 남동측,2277,1520,757,0,210,420,747,723,177,0,84,238,543,529,126,0,126,182,204,194,51
2022,2,A,골목상권,2110080,해방촌예술마을,2607,1687,920,3,326,485,828,763,202,3,119,277,599,550,139,0,207,208,229,213,63
2022,2,A,골목상권,2110079,후암동주민센터,26370,18974,7396,29,4638,9384,6904,3904,1511,17,2634,6434,5604,3182,1103,12,2004,2950,1300,722,408
2022,2,A,골목상권,2110078,이촌동점보아파트,4837,3011,1826,17,786,1296,1215,1059,464,3,411,785,813,678,321,14,375,511,402,381,143
2022,2,A,골목상권,2110077,삼광초등학교,10904,3587,7317,161,6225,1915,1250,982,371,16,681,930,949,744,267,145,5544,985,301,238,104
2022,2,A,골목상권,2110076,삼각지역 14번,6002,4060,1942,4,649,1637,1939,1419,354,4,356,1043,1439,994,224,0,293,594,500,425,130
2022,2,A,골목상권,2110075,숙대입구역 1번,16585,6297,10288,168,7307,3895,2570,1725,920,17,977,1713,1667,1230,693,151,6330,2182,903,495,227
2022,2,A,골목상권,2110074,서울역 12번,36080,21404,14676,180,11191,11602,7333,3938,1836,24,3411,7449,5868,3241,1411,156,7780,4153,1465,697,425
2022,2,A,골목상권,2110073,삼각지역 3번,24882,9347,15535,123,6255,8074,6887,2839,704,50,2240,2899,2427,1321,410,73,4015,5175,4460,1518,294
2022,2,A,골목상권,2110072,열정도,4551,3239,1312,28,750,1138,1119,932,584,11,409,807,866,718,428,17,341,331,253,214,156
2022,2,A,골목상권,2110071,한강미주맨션아파트,8064,4602,3462,40,1013,1799,2828,1862,522,31,446,1073,1552,1149,351,9,567,726,1276,713,171
2022,2,A,골목상권,2110070,용산세무서,7939,5013,2926,7,817,1787,2969,1915,444,0,510,1163,1775,1265,300,7,307,624,1194,650,144
2022,2,A,골목상권,2110069,숙대입구,8595,4893,3702,31,1607,2846,2045,1332,734,14,680,1474,1258,921,546,17,927,1372,787,411,188
2022,2,A,골목상권,2110068,남영역 1번,10534,7108,3426,48,1834,3359,2754,1651,888,21,965,2182,2055,1256,629,27,869,1177,699,395,259
2022,2,A,골목상권,2110067,배문고등학교,8614,4267,4347,14,1830,2555,1776,1409,1030,5,506,1119,947,892,798,9,1324,1436,829,517,232
2022,2,A,골목상권,2110066,서울역 15번,4687,2417,2270,10,918,1376,996,759,628,5,306,619,554,459,474,5,612,757,442,300,154
2022,2,A,골목상권,2110065,남정초등학교,3515,2475,1040,20,568,1031,937,561,398,16,362,771,668,380,278,4,206,260,269,181,120
2022,2,A,골목상권,2110064,효창공원앞역 2번,4350,2663,1687,18,593,1122,1112,971,534,16,308,706,691,592,350,2,285,416,421,379,184
2022,2,A,골목상권,2110063,효창공원앞역 5번,6102,4294,1808,25,915,1808,1707,985,662,18,553,1315,1239,686,483,7,362,493,468,299,179
2022,2,A,골목상권,2110062,한강로동땡땡거리(은행나무길),9571,5392,4179,16,1072,2335,3099,2183,866,8,465,1231,1677,1434,577,8,607,1104,1422,749,289
2022,2,A,골목상권,2110061,효창동주민센터,5974,4267,1707,8,974,1567,1609,1209,607,5,555,1149,1205,870,483,3,419,418,404,339,124
2022,2,A,골목상권,2110060,효창공원앞역 6번,7211,4881,2330,24,1280,1934,1960,1421,592,14,694,1365,1393,983,432,10,586,569,567,438,160
2022,2,A,골목상권,2110059,새남터성지,3196,2152,1044,11,491,853,906,661,274,4,251,549,683,496,169,7,240,304,223,165,105
2022,2,A,골목상권,2110058,성심여자고등학교,8454,6100,2354,32,1374,2650,2295,1464,639,15,784,1877,1770,1151,503,17,590,773,525,313,136
2022,2,A,골목상권,2110057,황학코아루아파트,2115,1166,949,5,348,575,548,400,239,4,168,319,277,224,174,1,180,256,271,176,65
2022,2,A,골목상권,2110056,신당역 3번,2900,1536,1364,6,461,783,704,555,391,6,194,381,370,312,273,0,267,402,334,243,118
2022,2,A,골목상권,2110055,황학동벼룩시장,3042,1645,1397,31,928,652,595,540,296,16,396,333,352,341,207,15,532,319,243,199,89
2022,2,A,골목상권,2110054,청구역 3번,6203,3266,2937,16,1195,1620,1307,1234,831,5,421,870,771,692,507,11,774,750,536,542,324
2022,2,A,골목상권,2110053,청구역 1번,5383,2899,2484,5,738,1322,1461,1441,416,3,252,661,814,897,272,2,486,661,647,544,144
2022,2,A,골목상권,2110052,장충초등학교,7627,3969,3658,11,1405,1921,1775,1673,842,5,467,944,1013,991,549,6,938,977,762,682,293
2022,2,A,골목상권,2110051,한양공고앞 교차로,2894,1689,1205,9,423,659,731,768,304,2,166,416,454,460,191,7,257,243,277,308,113
2022,2,A,골목상권,2110050,약수역 7번,2303,1220,1083,4,318,559,563,524,335,2,120,279,330,287,202,2,198,280,233,237,133
2022,2,A,골목상권,2110049,장충단 고개,9962,5298,4664,25,2025,2831,2379,1819,883,6,630,1517,1462,1121,562,19,1395,1314,917,698,321
2022,2,A,골목상권,2110048,장충동주민센터,12882,7150,5732,36,2260,3570,3462,2641,913,5,823,2090,2108,1542,582,31,1437,1480,1354,1099,331
2022,2,A,골목상권,2110047,다산성곽길,7406,4104,3302,14,1449,2072,1776,1474,621,5,541,1110,1076,922,450,9,908,962,700,552,171
2022,2,A,골목상권,2110046,버티고개,2995,2024,971,3,392,1047,775,588,190,0,206,761,566,361,130,3,186,286,209,227,60
2022,2,A,골목상권,2110045,동대문역사문화공원역 5번,45426,22509,22917,475,13488,12026,9657,7085,2695,195,6425,7176,5520,2395,798,280,7063,4850,4137,4690,1897
2022,2,A,골목상권,2110044,관성묘,36669,17055,19614,451,12150,9596,7053,5156,2263,190,5706,5492,3828,1296,543,261,6444,4104,3225,3860,1720
2022,2,A,골목상권,2110043,충무초등학교,9197,5407,3790,49,1867,2374,2374,1584,949,20,680,1347,1582,1097,681,29,1187,1027,792,487,268
2022,2,A,골목상권,2110042,남산골공원옆,4783,2763,2020,11,548,1077,1518,1120,509,6,247,608,805,744,353,5,301,469,713,376,156
2022,2,A,골목상권,2110041,남산케이블카,21568,10294,11274,69,3089,6767,7028,3730,885,11,993,2989,3094,2693,514,58,2096,3778,3934,1037,371
2022,2,A,골목상권,2110040,중구회현체육센터(정화예술대남산캠퍼스),20399,10001,10398,71,2999,6554,6631,3424,720,11,1015,3003,2933,2577,462,60,1984,3551,3698,847,258
2022,2,A,골목상권,2110039,회현역 1번,24398,12113,12285,135,4567,7678,7350,3971,697,40,1630,3709,3600,2764,370,95,2937,3969,3750,1207,327
2022,2,A,골목상권,2110038,경향신문사,15409,10083,5326,19,2255,4993,5034,2645,463,6,981,3062,3573,2121,340,13,1274,1931,1461,524,123
2022,2,A,골목상권,2110037,신설동역 12번,7347,2905,4442,9,755,1126,1345,1957,2155,0,225,508,614,556,1002,9,530,618,731,1401,1153
2022,2,A,골목상권,2110036,동묘앞역 3번,3249,1861,1388,19,475,515,668,726,846,17,215,271,402,447,509,2,260,244,266,279,337
2022,2,A,골목상권,2110035,동묘앞역 2번,4636,2328,2308,6,352,596,971,1056,1655,0,113,271,430,502,1012,6,239,325,541,554,643
2022,2,A,골목상권,2110034,창신1동주민센터,2610,1275,1335,10,415,553,683,590,359,8,137,246,296,337,251,2,278,307,387,253,108
2022,2,A,골목상권,2110033,창신역 4번,2086,1235,851,4,175,269,339,403,896,0,57,132,185,230,631,4,118,137,154,173,265
2022,2,A,골목상권,2110032,수족관거리,2064,916,1148,8,347,439,559,454,257,7,106,176,201,239,187,1,241,263,358,215,70
2022,2,A,골목상권,2110031,창신역 1번,554,273,281,2,68,132,136,143,73,0,19,63,68,75,48,2,49,69,68,68,25
2022,2,A,골목상권,2110030,동대문역 3번,1437,615,822,0,146,262,447,335,247,0,43,97,144,155,176,0,103,165,303,180,71
2022,2,A,골목상권,2110029,동대문역 1번,3350,1894,1456,6,441,722,813,826,542,1,200,416,458,485,334,5,241,306,355,341,208
2022,2,A,골목상권,2110028,이화달팽이길,4133,2258,1875,7,726,1068,988,821,523,3,249,525,580,528,373,4,477,543,408,293,150
2022,2,A,골목상권,2110027,혜화역 1번,3993,2014,1979,11,605,968,1059,834,516,5,166,385,563,521,374,6,439,583,496,313,142
2022,2,A,골목상권,2110026,종로5가역 4번,3517,2041,1476,9,541,863,909,740,455,2,244,478,511,470,336,7,297,385,398,270,119
2022,2,A,골목상권,2110025,충신시장옆,9964,6665,3299,17,1748,3097,2714,1736,652,3,767,1987,2027,1429,452,14,981,1110,687,307,200
2022,2,A,골목상권,2110024,혜회동주민센터,5949,2844,3105,28,785,1351,1599,1359,827,17,260,582,786,715,484,11,525,769,813,644,343
2022,2,A,골목상권,2110023,서울대병원,7046,4607,2439,14,1274,2467,1898,965,428,3,575,1567,1454,734,274,11,699,900,444,231,154
2022,2,A,골목상권,2110022,경신고등학교,6493,3007,3486,27,1025,1774,1632,1264,771,19,359,839,781,598,411,8,666,935,851,666,360
2022,2,A,골목상권,2110021,성균관대학교,2385,1261,1124,15,389,557,545,470,409,11,136,240,309,293,272,4,253,317,236,177,137
2022,2,A,골목상권,2110020,서울국제고등학교,4389,2090,2299,18,726,1142,1008,872,623,13,270,579,552,374,302,5,456,563,456,498,321
2022,2,A,골목상권,2110019,창덕궁,16561,12644,3917,19,2000,5478,4941,3044,1079,7,1164,4119,3999,2516,839,12,836,1359,942,528,240
2022,2,A,골목상권,2110018,중앙고등학교,16741,12521,4220,12,1870,5599,5144,3145,971,6,988,4073,4101,2594,759,6,882,1526,1043,551,212
2022,2,A,골목상권,2110017,정독도서관,10619,8299,2320,2,1386,2982,3397,2250,602,1,919,2227,2808,1858,486,1,467,755,589,392,116
2022,2,A,골목상권,2110016,평창동동측,13795,6588,7207,21,1223,3779,5325,2832,615,10,508,1634,2776,1313,347,11,715,2145,2549,1519,268
2022,2,A,골목상권,2110015,청와대사랑채,6739,4876,1863,37,1083,2014,2132,1170,303,0,655,1432,1686,873,230,37,428,582,446,297,73
2022,2,A,골목상권,2110014,경복고등학교,6312,4486,1826,39,965,1807,2046,1188,267,2,591,1278,1554,867,194,37,374,529,492,321,73
2022,2,A,골목상권,2110013,체부동홍종문가옥,4511,2162,2349,10,616,877,891,1177,940,2,339,523,470,400,428,8,277,354,421,777,512
2022,2,A,골목상권,2110012,성곡미술관,35398,22897,12501,54,4673,9851,10005,7082,3733,14,2168,6479,7283,4722,2231,40,2505,3372,2722,2360,1502
2022,2,A,골목상권,2110011,청운초등학교,1903,814,1089,13,319,483,443,349,296,2,65,197,199,163,188,11,254,286,244,186,108
2022,2,A,골목상권,2110010,평창동서측,10085,5515,4570,17,1111,2723,3664,1991,579,1,478,1204,2080,1353,399,16,633,1519,1584,638,180
2022,2,A,골목상권,2110009,자하문터널,3823,2257,1566,18,744,1226,968,640,227,8,294,697,639,463,156,10,450,529,329,177,71
2022,2,A,골목상권,2110008,배화여자대학교(박노수미술관),6438,3091,3347,46,996,1152,1240,1648,1356,2,446,594,631,700,718,44,550,558,609,948,638
2022,2,A,골목상권,2110007,사직공원(한국사회과학도서관),3909,1854,2055,7,607,1085,1147,738,325,5,194,468,547,412,228,2,413,617,600,326,97
2022,2,A,골목상권,2110006,부암동주민센터,2706,1329,1377,22,607,897,632,425,123,5,169,414,377,288,76,17,438,483,255,137,47
2022,2,A,골목상권,2110005,세검정,2723,1465,1258,9,347,715,720,623,309,3,150,361,399,341,211,6,197,354,321,282,98
2022,2,A,골목상권,2110004,대신고등학교,470,276,194,6,62,109,112,113,68,5,33,63,61,59,55,1,29,46,51,54,13
2022,2,A,골목상권,2110003,세검정초등학교,4837,2723,2114,16,618,1311,1222,1017,653,7,239,684,764,595,434,9,379,627,458,422,219
2022,2,A,골목상권,2110002,독립문역 1번,689,209,480,7,173,203,166,102,38,6,37,46,59,37,24,1,136,157,107,65,14
2022,2,A,골목상권,2110001,이북5도청사,5968,4230,1738,11,1084,1435,1383,1526,529,7,566,935,1087,1267,368,4,518,500,296,259,161
2022,1,A,골목상권,2111090,강일동주민센터,744,547,197,0,90,161,195,190,108,0,55,111,143,143,95,0,35,50,52,47,13
2022,1,A,골목상권,2111089,상일여고(상일초등학교),1080,716,364,0,123,216,260,297,184,0,58,146,184,192,136,0,65,70,76,105,48
2022,1,A,골목상권,2111088,고덕동성당,1187,964,223,0,40,92,230,464,361,0,10,55,178,388,333,0,30,37,52,76,28
2022,1,A,골목상권,2111087,고덕중학교(고덕2동주민센터),743,270,473,0,85,157,184,208,109,0,17,54,69,77,53,0,68,103,115,131,56
2022,1,A,골목상권,2111086,한영중고,862,441,421,1,73,196,209,284,99,1,32,75,97,157,79,0,41,121,112,127,20
2022,1,A,골목상권,2111085,묘곡초등학교(고덕아이파크아파트),1560,790,770,0,154,294,388,398,326,0,61,149,173,196,211,0,93,145,215,202,115
2022,1,A,골목상권,2111084,길동신동아아파트,1362,726,636,2,136,245,267,388,324,2,79,146,133,178,188,0,57,99,134,210,136
2022,1,A,골목상권,2111083,GS강동자이아파트,2403,1398,1005,4,274,421,473,661,570,3,157,263,263,330,382,1,117,158,210,331,188
2022,1,A,골목상권,2111082,중앙보훈병원,3359,1319,2040,1,743,904,629,688,394,0,187,326,270,308,228,1,556,578,359,380,166
2022,1,A,골목상권,2111081,둔촌푸르지오아파트,1104,672,432,2,139,198,218,280,267,1,73,121,129,149,199,1,66,77,89,131,68
2022,1,A,골목상권,2111080,굽은다리역 3번,1916,853,1063,2,204,357,453,489,411,0,72,184,206,194,197,2,132,173,247,295,214
2022,1,A,골목상권,2111079,둔촌고등학교(둔촌중학교),4407,1934,2473,5,873,1139,885,927,578,2,262,460,418,421,371,3,611,679,467,506,207
2022,1,A,골목상권,2111078,굽은다리역 4번,4203,2519,1684,9,398,735,962,1078,1021,5,210,458,553,637,656,4,188,277,409,441,365
2022,1,A,골목상권,2111077,길동주민센터(강동도서관),7382,3886,3496,18,774,1285,1701,1972,1632,11,369,733,911,873,989,7,405,552,790,1099,643
2022,1,A,골목상권,2111076,둔촌2동주민센터,2891,1678,1213,5,343,628,708,627,580,3,143,341,445,347,399,2,200,287,263,280,181
2022,1,A,골목상권,2111075,굽은다리역 2번,2664,1415,1249,4,325,517,647,666,505,2,142,299,313,346,313,2,183,218,334,320,192
2022,1,A,골목상권,2111074,명일역 1번,2753,1586,1167,6,360,639,696,662,390,3,186,384,382,384,247,3,174,255,314,278,143
2022,1,A,골목상권,2111073,둔촌동역 1번(한산중학교),7031,3540,3491,23,864,1431,1725,1807,1181,17,408,802,924,722,667,6,456,629,801,1085,514
2022,1,A,골목상권,2111072,굽은다리역 1번(십자성마을),3937,2371,1566,10,383,823,989,935,797,5,173,470,582,587,554,5,210,353,407,348,243
2022,1,A,골목상권,2111071,천동초등학교,2389,1343,1046,2,222,450,615,554,546,1,78,232,345,319,368,1,144,218,270,235,178
2022,1,A,골목상권,2111070,천호초등학교,1943,1134,809,6,159,424,513,540,301,1,60,208,282,348,235,5,99,216,231,192,66
2022,1,A,골목상권,2111069,천호1동주민센터,2681,1438,1243,8,249,538,670,683,533,3,87,245,351,385,367,5,162,293,319,298,166
2022,1,A,골목상권,2111068,강동성심병원,5278,2358,2920,14,977,1083,1209,1196,799,9,331,516,613,453,436,5,646,567,596,743,363
2022,1,A,골목상권,2111067,강동구립성내도서관,8062,3945,4117,26,1296,1623,1874,1847,1396,18,505,849,990,787,796,8,791,774,884,1060,600
2022,1,A,골목상권,2111066,암사동성당(효정하나플러스아파트),1961,1136,825,5,220,423,443,525,345,1,83,210,252,350,240,4,137,213,191,175,105
2022,1,A,골목상권,2111065,천일초등학교,1492,799,693,2,131,236,313,349,461,2,45,104,141,160,347,0,86,132,172,189,114
2022,1,A,골목상권,2111064,둔촌동역 4번,2951,1763,1188,10,355,587,666,719,614,8,178,353,397,419,408,2,177,234,269,300,206
2022,1,A,골목상권,2111063,강동구립 천호도서관,3759,2069,1690,9,344,581,681,729,1415,7,127,263,349,361,962,2,217,318,332,368,453
2022,1,A,골목상권,2111062,둔촌동역 3번(성내3동주민센터),4393,2785,1608,8,584,1064,1191,921,625,7,323,676,750,580,449,1,261,388,441,341,176
2022,1,A,골목상권,2111061,암사역 1번,4194,1874,2320,3,413,710,856,1012,1200,2,170,393,411,369,529,1,243,317,445,643,671
2022,1,A,골목상권,2111060,암사역 2번(서울강동초등학교),3573,1892,1681,10,392,741,923,871,636,5,141,348,473,483,442,5,251,393,450,388,194
2022,1,A,골목상권,2111059,강동역 4번(강풀만화거리),8028,4328,3700,18,1275,1454,1658,1571,2052,8,537,734,860,875,1314,10,738,720,798,696,738
2022,1,A,골목상권,2111058,성내중학교,2639,1612,1027,3,339,606,682,702,307,1,181,384,406,450,190,2,158,222,276,252,117
2022,1,A,골목상권,2111057,천호공원(해공체육문화센터),2118,1068,1050,2,216,311,437,508,644,2,76,120,175,230,465,0,140,191,262,278,179
2022,1,A,골목상권,2111056,천호태영아파트,2758,1458,1300,5,235,331,469,477,1241,1,89,126,195,239,808,4,146,205,274,238,433
2022,1,A,골목상권,2111055,선사초등학교,2553,999,1554,3,292,461,575,738,484,2,137,240,250,203,167,1,155,221,325,535,317
2022,1,A,골목상권,2111054,암사역 4번(삼성광나루아파트),3414,1360,2054,3,354,528,650,844,1035,2,146,268,280,241,423,1,208,260,370,603,612
2022,1,A,골목상권,2111053,성내천어린이공원(하니사랑길),23519,17241,6278,41,2641,6412,5666,5352,3407,17,1608,4669,4234,4068,2645,24,1033,1743,1432,1284,762
2022,1,A,골목상권,2111052,암사역 3번(천호동자전거거리),2457,1236,1221,3,262,428,525,464,775,2,92,220,265,243,414,1,170,208,260,221,361
2022,1,A,골목상권,2111051,천호역 6번,7112,4029,3083,12,975,1636,1725,1854,910,5,493,791,894,1177,669,7,482,845,831,677,241
2022,1,A,골목상권,2111050,강동구청(강동구청역 2번),7541,4687,2854,33,867,1785,1796,1858,1202,14,420,959,1100,1292,902,19,447,826,696,566,300
2022,1,A,골목상권,2111049,천호지구대(천호동자전거거리),2201,1197,1004,9,263,431,513,499,486,5,120,216,267,255,334,4,143,215,246,244,152
2022,1,A,골목상권,2111048,천호역 1번(천호문구완구거리),2003,1064,939,9,254,435,468,419,418,5,102,209,259,213,276,4,152,226,209,206,142
2022,1,A,골목상권,2111047,마천1치안센터,1261,723,538,1,123,268,342,314,213,1,61,146,181,168,166,0,62,122,161,146,47
2022,1,A,골목상권,2111046,마천역(마천초등학교),2822,1633,1189,5,296,604,772,740,405,1,151,347,410,407,317,4,145,257,362,333,88
2022,1,A,골목상권,2111045,개미어린이공원,2261,1195,1066,9,291,357,534,692,378,3,183,228,298,294,189,6,108,129,236,398,189
2022,1,A,골목상권,2111044,남천초등학교,1904,989,915,1,188,378,512,520,305,0,84,186,225,248,246,1,104,192,287,272,59
2022,1,A,골목상권,2111043,마천공원,2200,1378,822,9,268,499,540,524,360,8,156,311,303,321,279,1,112,188,237,203,81
2022,1,A,골목상권,2111042,거여역 1번(거여공원),5740,3468,2272,22,960,1303,1427,1224,804,16,539,869,864,669,511,6,421,434,563,555,293
2022,1,A,골목상권,2111041,거여역 8번,2503,1642,861,8,567,621,572,426,309,6,295,430,406,280,225,2,272,191,166,146,84
2022,1,A,골목상권,2111040,거여초등학교,2682,1704,978,10,328,670,682,619,373,9,189,450,435,362,259,1,139,220,247,257,114
2022,1,A,골목상권,2111039,벌말어린이공원,3276,2054,1222,10,363,791,844,785,483,9,205,519,543,462,316,1,158,272,301,323,167
2022,1,A,골목상권,2111038,보인중학교,3272,2119,1153,14,477,818,802,706,455,13,262,543,547,453,301,1,215,275,255,253,154
2022,1,A,골목상권,2111037,Sh수협은행 오금동금융센터(아랫말어린이공원),1946,1126,820,0,210,436,499,533,268,0,120,281,287,264,174,0,90,155,212,269,94
2022,1,A,골목상권,2111036,투구봉어린이공원,3333,2198,1135,17,531,892,840,726,327,13,342,626,575,425,217,4,189,266,265,301,110
2022,1,A,골목상권,2111035,오금공원(오주중학교),2705,1749,956,2,326,570,689,732,386,1,188,386,470,436,268,1,138,184,219,296,118
2022,1,A,골목상권,2111034,오동나무공원(송파레미니스1단지),4106,2722,1384,7,544,891,1006,1075,583,6,316,606,666,667,461,1,228,285,340,408,122
2022,1,A,골목상권,2111033,문정동성당,33212,26336,6876,13,2679,5820,9576,13087,2037,6,1671,4329,7557,11417,1356,7,1008,1491,2019,1670,681
2022,1,A,골목상권,2111032,방이역 1번,23949,17488,6461,28,3095,5765,6032,5516,3513,14,1835,3956,4600,4519,2564,14,1260,1809,1432,997,949
2022,1,A,골목상권,2111031,장지동주민센터(한림연예예술고교),35724,27914,7810,18,3116,6475,10247,13557,2311,8,1911,4740,7990,11684,1581,10,1205,1735,2257,1873,730
2022,1,A,골목상권,2111030,방이역 2번,21156,15625,5531,20,2708,5088,5454,5034,2852,7,1648,3533,4196,4249,1992,13,1060,1555,1258,785,860
2022,1,A,골목상권,2111029,오금역 4번,7833,5273,2560,14,1268,2371,1930,1379,871,8,740,1577,1338,911,699,6,528,794,592,468,172
2022,1,A,골목상권,2111028,문현중학교(장지역 1번),5636,3366,2270,14,804,1250,1392,1311,865,7,422,774,855,701,607,7,382,476,537,610,258
2022,1,A,골목상권,2111027,문정초등학교,39531,30313,9218,23,3409,6840,10716,14172,4371,9,2010,4917,8267,12013,3097,14,1399,1923,2449,2159,1274
2022,1,A,골목상권,2111026,문정역 2번,6153,3880,2273,10,919,1459,1548,1358,859,5,526,971,988,745,645,5,393,488,560,613,214
2022,1,A,골목상권,2111025,경찰병원역 3번,11774,6132,5642,55,1415,2152,2136,2128,3888,25,571,1173,1208,922,2233,30,844,979,928,1206,1655
2022,1,A,골목상권,2111024,경찰병원역 4번(건너말공원),17836,10455,7381,63,2463,3913,3833,3232,4332,31,1098,2309,2548,1846,2623,32,1365,1604,1285,1386,1709
2022,1,A,골목상권,2111023,문정역 1번,4682,2809,1873,8,724,962,1124,1079,785,2,348,579,724,600,556,6,376,383,400,479,229
2022,1,A,골목상권,2111022,석촌중학교(방이육교),11171,7061,4110,23,1357,2490,2437,2244,2620,9,716,1668,1619,1268,1781,14,641,822,818,976,839
2022,1,A,골목상권,2111021,방이역 4번,11935,8619,3316,39,1562,2502,3053,2900,1879,27,822,1638,2262,2278,1592,12,740,864,791,622,287
2022,1,A,골목상권,2111020,방이동고분군(방산고등학교),6318,3723,2595,19,898,1441,1494,1560,906,12,427,835,927,919,603,7,471,606,567,641,303
2022,1,A,골목상권,2111019,한성백제역 3번,17428,9415,8013,47,2799,3938,3794,4086,2764,34,1482,2587,2120,1689,1503,13,1317,1351,1674,2397,1261
2022,1,A,골목상권,2111018,풍납초등학교(풍납백제문화공원),1322,801,521,0,186,299,301,335,201,0,99,158,169,220,155,0,87,141,132,115,46
2022,1,A,골목상권,2111017,송파나루역 3번,7518,4240,3278,22,1335,1443,1570,1943,1205,16,636,929,992,985,682,6,699,514,578,958,523
2022,1,A,골목상권,2111016,송파역 2번,17063,11286,5777,65,2224,3744,4130,3798,3102,46,1099,2434,3059,2519,2129,19,1125,1310,1071,1279,973
2022,1,A,골목상권,2111015,석촌역 3번,12636,8115,4521,27,1865,3083,2891,2543,2227,11,946,2081,1944,1588,1545,16,919,1002,947,955,682
2022,1,A,골목상권,2111014,송파나루역 2번,14245,8390,5855,26,2077,3609,3332,3152,2049,12,1010,2234,2195,1757,1182,14,1067,1375,1137,1395,867
2022,1,A,골목상권,2111013,송파나루역 1번(송리단길),14226,8959,5267,26,2198,4197,3547,2563,1695,8,1070,2666,2388,1628,1199,18,1128,1531,1159,935,496
2022,1,A,골목상권,2111012,석촌역 6번,6180,3598,2582,11,624,1426,1478,1279,1362,5,303,977,873,617,823,6,321,449,605,662,539
2022,1,A,골목상권,2111011,잠실나루역,10263,8174,2089,42,1383,3190,3039,2132,477,18,976,2602,2477,1735,366,24,407,588,562,397,111
2022,1,A,골목상권,2111010,석촌역 7번,7908,5556,2352,11,859,1781,1872,1423,1962,8,472,1253,1268,916,1639,3,387,528,604,507,323
2022,1,A,골목상권,2111009,송파책박물관,2198,1590,608,5,244,436,453,548,512,3,191,328,324,352,392,2,53,108,129,196,120
2022,1,A,골목상권,2111008,석촌고분역 3번,5190,3263,1927,13,640,1032,1256,1260,989,11,345,636,773,761,737,2,295,396,483,499,252
2022,1,A,골목상권,2111007,석촌고분역 4번,6337,4182,2155,12,863,1398,1389,1437,1238,11,532,949,921,882,887,1,331,449,468,555,351
2022,1,A,골목상권,2111006,석촌고분역 1번,17571,11961,5610,44,2435,3821,4234,3746,3291,29,1307,2544,2976,2542,2563,15,1128,1277,1258,1204,728
2022,1,A,골목상권,2111005,삼전역 3번,6038,4006,2032,15,892,1505,1406,1233,987,5,513,1061,958,761,708,10,379,444,448,472,279
2022,1,A,골목상권,2111004,삼전역 1번,18500,12541,5959,63,2605,4069,4548,4156,3059,21,1379,2681,3191,2968,2301,42,1226,1388,1357,1188,758
2022,1,A,골목상권,2111003,삼전역 4번,5935,3890,2045,37,711,1296,1484,1127,1280,2,366,849,960,726,987,35,345,447,524,401,293
2022,1,A,골목상권,2111002,한국교통안전공단 강남자동차검사소,569,334,235,0,41,89,114,175,150,0,16,52,64,100,102,0,25,37,50,75,48
2022,1,A,골목상권,2111001,아래방죽마을공원(율현초등학교),290,157,133,1,14,42,49,102,82,0,8,28,30,53,38,1,6,14,19,49,44
2022,1,A,골목상권,2111000,대왕초등학교(세곡동사거리서남측),294,138,156,6,35,84,93,56,20,3,11,31,49,30,14,3,24,53,44,26,6
2022,1,A,골목상권,2110999,윗방죽마을공원,464,257,207,3,35,80,86,139,121,1,17,50,56,81,52,2,18,30,30,58,69
2022,1,A,골목상권,2110998,은곡마을(은곡마을공원),128,65,63,3,11,41,35,25,13,1,6,18,19,14,7,2,5,23,16,11,6
2022,1,A,골목상권,2110997,대청초등학교,12566,4876,7690,31,3480,3879,2620,1655,901,3,781,1456,1134,859,643,28,2699,2423,1486,796,258
2022,1,A,골목상권,2110996,대치2동주민센터,37900,18079,19821,265,7022,9437,8584,7750,4842,106,3263,5619,4641,2694,1756,159,3759,3818,3943,5056,3086
2022,1,A,골목상권,2110995,봉은사역 4번,80333,61317,19016,154,15900,21348,21569,17001,4361,88,10163,16112,17810,14553,2591,66,5737,5236,3759,2448,1770
2022,1,A,골목상권,2110994,개포고등학교,4640,2964,1676,57,889,1272,1058,857,507,24,514,821,664,537,404,33,375,451,394,320,103
2022,1,A,골목상권,2110993,개포지하차도 북측,493,214,279,3,70,105,147,115,53,0,16,44,60,58,36,3,54,61,87,57,17
2022,1,A,골목상권,2110992,도곡초등학교,12863,6859,6004,63,2365,3393,3003,2467,1572,35,940,1769,1666,1432,1017,28,1425,1624,1337,1035,555
2022,1,A,골목상권,2110991,삼성중앙역 5번,28503,15784,12719,115,5919,9500,6998,3927,2044,37,2281,5361,4631,2309,1165,78,3638,4139,2367,1618,879
2022,1,A,골목상권,2110990,청담역 12번,10376,6980,3396,39,1551,3276,3120,1867,523,23,669,2073,2406,1424,385,16,882,1203,714,443,138
2022,1,A,골목상권,2110989,대치동아우편취급국,29290,17968,11322,140,4768,8716,7970,4868,2828,17,2007,5273,5502,3456,1713,123,2761,3443,2468,1412,1115
2022,1,A,골목상권,2110988,청담역 3번,18899,9206,9693,73,3792,5684,5341,2877,1132,33,1221,2750,2769,1638,795,40,2571,2934,2572,1239,337
2022,1,A,골목상권,2110987,영동대교남단,8320,5539,2781,40,1422,2410,2185,1548,715,19,663,1584,1632,1125,516,21,759,826,553,423,199
2022,1,A,골목상권,2110986,삼성중앙역 7번,27479,17773,9706,52,3973,10061,7904,3716,1773,15,1757,6297,6233,2496,975,37,2216,3764,1671,1220,798
2022,1,A,골목상권,2110985,청담근린공원,13449,8818,4631,66,2379,3877,3557,2503,1067,35,1141,2595,2592,1729,726,31,1238,1282,965,774,341
2022,1,A,골목상권,2110984,포이초등학교(개포목련어린이공원),6964,4388,2576,20,1326,1965,1598,1256,799,13,815,1286,925,757,592,7,511,679,673,499,207
2022,1,A,골목상권,2110983,국립국악고등학교,3835,2457,1378,13,616,955,928,708,615,2,285,601,613,465,491,11,331,354,315,243,124
2022,1,A,골목상권,2110982,강남구보훈회관,6082,3566,2516,14,1266,1604,1400,963,835,6,513,1046,910,527,564,8,753,558,490,436,271
2022,1,A,골목상권,2110981,국악고교사거리,12357,8276,4081,26,1850,3425,3175,2214,1667,9,980,2320,2252,1450,1265,17,870,1105,923,764,402
2022,1,A,골목상권,2110980,개포지구대옆,25161,10281,14880,88,3951,5726,8389,5194,1813,42,1896,3243,2591,1405,1104,46,2055,2483,5798,3789,709
2022,1,A,골목상권,2110979,청담초등학교,18648,9066,9582,39,5067,6996,3688,1966,892,15,1632,3410,2200,1140,669,24,3435,3586,1488,826,223
2022,1,A,골목상권,2110978,도곡2동주민센터(대치중학교),12302,8363,3939,54,2526,3818,2860,1644,1400,37,1355,2740,2264,1161,806,17,1171,1078,596,483,594
2022,1,A,골목상권,2110977,논현로18길,10006,6917,3089,18,1546,3017,2690,1646,1089,7,822,2051,2060,1150,827,11,724,966,630,496,262
2022,1,A,골목상권,2110976,언북초등학교,11065,5295,5770,25,3211,3774,2056,1187,812,5,1083,1821,1178,701,507,20,2128,1953,878,486,305
2022,1,A,골목상권,2110975,매봉역 1번,22408,15346,7062,84,4644,5711,5884,4648,1437,54,2422,3673,4320,3677,1200,30,2222,2038,1564,971,237
2022,1,A,골목상권,2110974,언주중학교,10084,6627,3457,39,2227,3204,2129,1449,1036,25,1044,1971,1619,1140,828,14,1183,1233,510,309,208
2022,1,A,골목상권,2110973,강남구청역 4번,12597,7190,5407,54,2501,3373,2945,2285,1439,18,1044,2008,1846,1330,944,36,1457,1365,1099,955,495
2022,1,A,골목상권,2110972,강남세브란스병원미래의학연구센터,26073,14646,11427,216,7696,7646,5984,3332,1199,73,3194,4587,3952,1945,895,143,4502,3059,2032,1387,304
2022,1,A,골목상권,2110971,선정릉역 4번,73203,35861,37342,185,15399,20094,18092,15247,4186,90,8048,12361,8646,4171,2545,95,7351,7733,9446,11076,1641
2022,1,A,골목상권,2110970,학동초등학교,12139,7385,4754,45,2463,3692,2909,1837,1193,19,1064,2125,1996,1282,899,26,1399,1567,913,555,294
2022,1,A,골목상권,2110969,베르사이유1아파트,53929,36213,17716,90,9575,16368,14864,10164,2868,34,5089,11243,11284,6616,1947,56,4486,5125,3580,3548,921
2022,1,A,골목상권,2110968,강남구청역 2번,17810,11539,6271,53,3230,4729,4471,3306,2021,17,1463,2823,3248,2441,1547,36,1767,1906,1223,865,474
2022,1,A,골목상권,2110967,역삼역 8번,60702,36823,23879,115,10925,17002,16035,14106,2519,65,7128,12381,9947,5650,1652,50,3797,4621,6088,8456,867
2022,1,A,골목상권,2110966,논현2동주민센터,27417,17538,9879,65,4763,7772,7077,5016,2724,17,2089,4522,4968,3771,2171,48,2674,3250,2109,1245,553
2022,1,A,골목상권,2110965,언주역 6번,12536,6978,5558,32,2785,3988,2917,1723,1091,14,1028,2297,1924,985,730,18,1757,1691,993,738,361
2022,1,A,골목상권,2110964,싸리고개근린공원,16691,13249,3442,26,2072,3680,4901,4766,1246,12,1067,2741,4124,4292,1013,14,1005,939,777,474,233
2022,1,A,골목상권,2110963,역삼월드메르디앙아파트,26645,15919,10726,134,6368,7920,6420,3764,2039,38,2482,4698,4514,2587,1600,96,3886,3222,1906,1177,439
2022,1,A,골목상권,2110962,도산공원북측,7684,4139,3545,25,1867,2746,1614,996,436,9,732,1558,1047,545,248,16,1135,1188,567,451,188
2022,1,A,골목상권,2110961,언주역 3번,25850,16840,9010,70,5483,7931,5602,3658,3106,29,2478,5132,4147,2743,2311,41,3005,2799,1455,915,795
2022,1,A,골목상권,2110960,은광여고,25543,18368,7175,56,2951,5943,6854,7171,2568,40,1640,3961,5282,5652,1793,16,1311,1982,1572,1519,775
2022,1,A,골목상권,2110959,신구중학교,12478,6517,5961,139,2815,3808,2504,1783,1429,50,1173,2082,1655,873,684,89,1642,1726,849,910,745
2022,1,A,골목상권,2110958,역삼역 4번,42236,28666,13570,63,7659,13522,11576,6973,2443,22,3663,8770,8848,5673,1690,41,3996,4752,2728,1300,753
2022,1,A,골목상권,2110957,언북중학교,28690,17182,11508,72,5858,8514,6766,4137,3343,15,2276,4756,4609,3001,2525,57,3582,3758,2157,1136,818
2022,1,A,골목상권,2110956,언주역 8번,15614,9542,6072,57,3754,5177,3520,1901,1205,37,1723,3094,2486,1290,912,20,2031,2083,1034,611,293
2022,1,A,골목상권,2110955,논현초등학교,25381,16658,8723,83,5578,7705,5841,3882,2292,48,2817,5039,4258,2826,1670,35,2761,2666,1583,1056,622
2022,1,A,골목상권,2110954,국기원,23196,12840,10356,110,5238,7616,5998,2944,1290,31,1823,3964,3878,2178,966,79,3415,3652,2120,766,324
2022,1,A,골목상권,2110953,학동근린공원,26213,16160,10053,92,6774,8335,5664,3381,1967,28,2991,5202,4071,2370,1498,64,3783,3133,1593,1011,469
2022,1,A,골목상권,2110952,논현목련공원,10637,6885,3752,21,2104,3370,2518,1670,954,15,1135,2250,1740,1096,649,6,969,1120,778,574,305
2022,1,A,골목상권,2110951,신사은행나무공원,12925,7220,5705,52,3507,3777,2858,1670,1061,15,1315,2106,1920,1102,762,37,2192,1671,938,568,299
2022,1,A,골목상권,2110950,논현역 7번,19297,11636,7661,39,4250,6200,4538,2762,1508,17,1787,3758,3112,1836,1126,22,2463,2442,1426,926,382
2022,1,A,골목상권,2110949,한남IC,12160,7678,4482,41,2351,3690,3261,1910,907,23,1063,2371,2209,1313,699,18,1288,1319,1052,597,208
2022,1,A,골목상권,2110948,헌인가구단지,57,27,30,0,5,24,14,11,3,0,4,12,6,2,3,0,1,12,8,9,0
2022,1,A,골목상권,2110947,청계산입구역 2번(내곡동주민센터),326,172,154,0,38,55,98,76,59,0,17,30,68,33,24,0,21,25,30,43,35
2022,1,A,골목상권,2110946,청계산원터골,271,144,127,0,34,50,81,50,56,0,15,29,58,20,22,0,19,21,23,30,34
2022,1,A,골목상권,2110945,본마을노인복지센터(서초구립내곡도서관),383,240,143,3,62,91,87,89,51,3,25,53,59,64,36,0,37,38,28,25,15
2022,1,A,골목상권,2110944,서울나래학교(염곡어린이공원),20185,16768,3417,29,2090,4170,6159,6991,746,22,1509,3356,5018,6304,559,7,581,814,1141,687,187
2022,1,A,골목상권,2110943,법제교육센터(버들어린이공원),7684,4780,2904,20,1200,1903,1957,1484,1120,11,643,1190,1209,900,827,9,557,713,748,584,293
2022,1,A,골목상권,2110942,염곡동 구룡사(포이동성당),32043,24395,7648,74,4187,7325,9070,9280,2107,40,2598,5356,6923,7833,1645,34,1589,1969,2147,1447,462
2022,1,A,골목상권,2110941,언남고등학교,4779,3108,1671,28,739,1265,1190,966,591,17,414,816,783,644,434,11,325,449,407,322,157
2022,1,A,골목상권,2110940,양재근린공원(양재2동주민센터),8689,5762,2927,47,1434,2277,2149,1768,1014,26,766,1507,1483,1202,778,21,668,770,666,566,236
2022,1,A,골목상권,2110939,양재역 8번(양재동우체국),45731,23354,22377,508,9762,11110,12644,8019,3688,246,4819,6778,5503,3276,2732,262,4943,4332,7141,4743,956
2022,1,A,골목상권,2110938,바우뫼공원,11265,6894,4371,329,3630,2824,2266,1433,783,154,1891,1856,1564,870,559,175,1739,968,702,563,224
2022,1,A,골목상권,2110937,방아다리근린공원(횃불트리니티신학대학원대학교),17876,11487,6389,356,5244,5033,3649,2329,1265,166,2714,3411,2635,1557,1004,190,2530,1622,1014,772,261
2022,1,A,골목상권,2110936,더케이호텔(양재리본타워2단지아파트),3869,2981,888,16,803,1160,864,700,326,10,552,922,691,565,241,6,251,238,173,135,85
2022,1,A,골목상권,2110935,한전아트센터,20312,15954,4358,47,3699,7326,4955,3496,789,19,2201,5852,4154,3079,649,28,1498,1474,801,417,140
2022,1,A,골목상권,2110934,우면주공아파트,3248,1908,1340,6,549,981,879,631,202,5,199,529,564,460,151,1,350,452,315,171,51
2022,1,A,골목상권,2110933,한국상담대학원대학교,6457,3774,2683,19,1551,1930,1522,1006,429,6,610,1213,1030,624,291,13,941,717,492,382,138
2022,1,A,골목상권,2110932,서울시인재개발원,6066,3421,2645,20,1419,1827,1388,942,470,6,486,1071,936,597,325,14,933,756,452,345,145
2022,1,A,골목상권,2110931,삼성전자서울R&D(서울우면초등학교),1471,770,701,0,273,440,390,329,39,0,89,178,228,248,27,0,184,262,162,81,12
2022,1,A,골목상권,2110930,서초동성당,40185,22492,17693,64,7459,10413,9292,10954,2003,36,2906,5657,4975,7438,1480,28,4553,4756,4317,3516,523
2022,1,A,골목상권,2110929,남부터미널역 1번,40801,22975,17826,94,8567,10227,8785,10521,2607,29,2961,5530,5108,7404,1943,65,5606,4697,3677,3117,664
2022,1,A,골목상권,2110928,서초우방유쉘아파트,14636,8308,6328,79,2911,3987,3610,2696,1353,42,1209,2357,2220,1538,942,37,1702,1630,1390,1158,411
2022,1,A,골목상권,2110927,잠원역,5195,2975,2220,14,1049,1543,1215,847,527,5,440,957,806,467,300,9,609,586,409,380,227
2022,1,A,골목상권,2110926,신중초등학교,20711,15020,5691,29,2823,6720,5736,3692,1711,13,1488,4871,4651,2834,1163,16,1335,1849,1085,858,548
2022,1,A,골목상권,2110925,서초중학교,9296,5492,3804,52,1961,2662,2169,1374,1078,25,798,1591,1465,898,715,27,1163,1071,704,476,363
2022,1,A,골목상권,2110924,반포4동주민센터(몽마르뜨공원),83099,74961,8138,37,8203,17350,22275,32239,2995,19,6505,14740,20038,31075,2584,18,1698,2610,2237,1164,411
2022,1,A,골목상권,2110923,방배역 1번,8904,5663,3241,101,1440,2646,2283,1421,1013,32,731,1526,1586,1012,776,69,709,1120,697,409,237
2022,1,A,골목상권,2110922,내방역 1번,16882,11227,5655,77,3284,5206,4097,3133,1085,58,1557,3103,3051,2630,828,19,1727,2103,1046,503,257
2022,1,A,골목상권,2110921,서울프랑스학교,83562,76383,7179,44,8142,17368,22255,32750,3003,26,6585,15123,20344,31698,2607,18,1557,2245,1911,1052,396
2022,1,A,골목상권,2110920,방배역 2번(백석예술대학교),9972,5994,3978,105,1806,2901,2264,1609,1287,29,832,1640,1444,1069,980,76,974,1261,820,540,307
2022,1,A,골목상권,2110919,내방역 8번,23026,14891,8135,70,3979,7139,6333,3943,1562,37,1696,4093,4651,3200,1214,33,2283,3046,1682,743,348
2022,1,A,골목상권,2110918,방배역 3번,10816,7193,3623,65,2219,3056,2465,1686,1325,48,1253,2103,1744,1060,985,17,966,953,721,626,340
2022,1,A,골목상권,2110917,서초소방서,12422,9657,2765,29,1384,3372,3553,3049,1035,18,855,2598,2947,2472,767,11,529,774,606,577,268
2022,1,A,골목상권,2110916,내방역 4번,11774,7659,4115,75,2322,3382,2734,1833,1428,62,1295,2295,1844,1148,1015,13,1027,1087,890,685,413
2022,1,A,골목상권,2110915,서래초등학교,94789,82594,12195,60,11017,20797,25059,34620,3236,23,7412,16877,22213,33205,2864,37,3605,3920,2846,1415,372
2022,1,A,골목상권,2110914,내방역 6번,7659,4955,2704,25,1383,2047,1723,1397,1084,13,683,1314,1154,948,843,12,700,733,569,449,241
2022,1,A,골목상권,2110913,방현초등학교(방배119안전센터),13661,7814,5847,27,2260,4039,3860,2228,1247,6,966,2297,2227,1448,870,21,1294,1742,1633,780,377
2022,1,A,골목상권,2110912,방배동사이길,15348,9117,6231,40,3489,4414,3802,2689,914,11,1112,2520,2641,2084,749,29,2377,1894,1161,605,165
2022,1,A,골목상권,2110911,방배배수지체육공원,9356,5053,4303,21,1411,2855,2730,1512,827,7,554,1540,1393,987,572,14,857,1315,1337,525,255
2022,1,A,골목상권,2110910,내방역 5번,8226,4933,3293,29,1467,1910,1854,1558,1408,18,612,1121,1123,986,1073,11,855,789,731,572,335
2022,1,A,골목상권,2110909,남태령역(서울전자고등학교),980,650,330,3,37,95,211,424,210,3,11,56,137,285,158,0,26,39,74,139,52
2022,1,A,골목상권,2110908,구반포역,10206,5558,4648,82,1769,2563,2691,2291,810,77,764,1411,1582,1201,523,5,1005,1152,1109,1090,287
2022,1,A,골목상권,2110907,방배초등학교,9463,5322,4141,34,1449,1969,2194,2016,1801,18,591,1121,1241,1097,1254,16,858,848,953,919,547
2022,1,A,골목상권,2110906,서문여고,12830,5897,6933,22,2398,3237,3851,2269,1053,7,757,1390,1825,1223,695,15,1641,1847,2026,1046,358
2022,1,A,골목상권,2110905,방배노인종합복지관(이수중학교),7088,3248,3840,14,1430,1975,1825,1194,650,2,492,840,856,644,414,12,938,1135,969,550,236
2022,1,A,골목상권,2110904,이수역 5번,8769,3652,5117,28,1705,2258,2104,1550,1124,11,568,901,855,658,659,17,1137,1357,1249,892,465
2022,1,A,골목상권,2110903,방배아이파크아파트,17572,8950,8622,21,2787,4332,4867,3195,2370,8,911,1898,2409,1828,1896,13,1876,2434,2458,1367,474
2022,1,A,골목상권,2110902,사당역 4번,5046,3244,1802,7,832,1231,1323,951,702,5,434,787,876,621,521,2,398,444,447,330,181
2022,1,A,골목상권,2110901,인헌고등학교(인헌중학교),2102,1093,1009,7,323,545,600,405,222,4,150,278,296,187,178,3,173,267,304,218,44
2022,1,A,골목상권,2110900,낙성대역 1번(관악구민 종합체육센터),5205,3133,2072,15,1042,1513,1190,800,645,7,483,957,724,463,499,8,559,556,466,337,146
2022,1,A,골목상권,2110899,낙성대역 5번(관악중학교),4750,3171,1579,19,928,1383,1072,761,587,11,469,968,738,513,472,8,459,415,334,248,115
2022,1,A,골목상권,2110898,청림동주민센터(상도중학교),3450,1948,1502,3,505,1104,1104,537,197,2,228,621,634,318,145,1,277,483,470,219,52
2022,1,A,골목상권,2110897,서울대입구역 8번,3920,2161,1759,18,646,860,915,882,599,10,268,453,509,503,418,8,378,407,406,379,181
2022,1,A,골목상권,2110896,관악우성아파트,799,291,508,4,114,127,193,218,143,3,40,45,67,80,56,1,74,82,126,138,87
2022,1,A,골목상권,2110895,샤로수길,10222,6144,4078,27,1727,3006,2245,2098,1119,14,783,1749,1342,1397,859,13,944,1257,903,701,260
2022,1,A,골목상권,2110894,관악동부센트레빌아파트(은천로35라길),7336,2753,4583,54,1023,1249,1644,2245,1121,30,476,663,753,603,228,24,547,586,891,1642,893
2022,1,A,골목상권,2110893,관악소방서(문영여고),1875,1446,429,2,350,573,417,435,98,1,241,446,313,364,81,1,109,127,104,71,17
2022,1,A,골목상권,2110892,관악구 중앙길,4838,2402,2436,12,705,953,1155,1126,887,7,243,435,562,631,524,5,462,518,593,495,363
2022,1,A,골목상권,2110891,구암초등학교,1510,676,834,1,244,400,465,274,126,0,74,176,222,137,67,1,170,224,243,137,59
2022,1,A,골목상권,2110890,봉천역 1번(관악초등학교),2594,1111,1483,7,502,694,561,417,413,3,119,262,264,217,246,4,383,432,297,200,167
2022,1,A,골목상권,2110889,봉천역 6번,2545,1344,1201,2,320,470,540,632,581,1,129,231,296,373,314,1,191,239,244,259,267
2022,1,A,골목상권,2110888,청룡동주민센터,2099,907,1192,4,408,600,515,327,245,0,86,215,246,182,178,4,322,385,269,145,67
2022,1,A,골목상권,2110887,서울산업정보학교(서울삼성초등학교),1523,976,547,3,160,328,383,455,194,1,58,159,255,349,154,2,102,169,128,106,40
2022,1,A,골목상권,2110886,관악해태어린이공원,1665,1062,603,3,148,265,453,511,285,1,57,128,278,370,228,2,91,137,175,141,57
2022,1,A,골목상권,2110885,영락고등학교,1893,1032,861,8,261,357,479,409,379,2,125,180,245,234,246,6,136,177,234,175,133
2022,1,A,골목상권,2110884,봉천역 4번(봉천110안전센터),4024,1687,2337,16,619,799,866,1104,620,3,163,358,395,397,371,13,456,441,471,707,249
2022,1,A,골목상권,2110883,은천초등학교(은천교앞),3528,1525,2003,18,494,684,812,1011,509,3,133,308,387,360,334,15,361,376,425,651,175
2022,1,A,골목상권,2110882,신성초등학교,3420,2456,964,10,526,699,935,786,464,2,341,512,686,592,323,8,185,187,249,194,141
2022,1,A,골목상권,2110881,구립대학경로당(관악산샘말공원),3797,2632,1165,10,521,941,1074,882,369,3,294,607,786,658,284,7,227,334,288,224,85
2022,1,A,골목상권,2110880,신림역 1번,2278,911,1367,4,518,556,461,452,287,1,128,213,230,166,173,3,390,343,231,286,114
2022,1,A,골목상권,2110879,신림현대아파트,1503,793,710,7,249,266,356,320,305,1,112,137,184,178,181,6,137,129,172,142,124
2022,1,A,골목상권,2110878,미림여고,760,404,356,6,82,201,203,172,96,1,25,95,123,91,69,5,57,106,80,81,27
2022,1,A,골목상권,2110877,신림역 8번,3894,1878,2016,7,700,826,840,835,686,3,217,354,438,393,473,4,483,472,402,442,213
2022,1,A,골목상권,2110876,서원동주민센터(신관중학교),2115,996,1119,9,238,350,386,523,609,1,98,176,204,211,306,8,140,174,182,312,303
2022,1,A,골목상권,2110875,보라매동주민센터(당곡고등학교),1363,723,640,3,157,282,311,338,272,1,67,137,153,175,190,2,90,145,158,163,82
2022,1,A,골목상권,2110874,원신초등학교(구세군관악영문교회),1118,557,561,8,124,254,308,281,143,2,31,106,166,149,103,6,93,148,142,132,40
2022,1,A,골목상권,2110873,당곡중학교,3337,1850,1487,9,500,680,793,702,653,5,233,361,440,359,452,4,267,319,353,343,201
2022,1,A,골목상권,2110872,신림초등학교,930,502,428,5,122,218,227,219,139,3,61,122,131,115,70,2,61,96,96,104,69
2022,1,A,골목상권,2110871,신원동주민센터,1612,855,757,5,156,282,321,377,471,0,73,153,184,186,259,5,83,129,137,191,212
2022,1,A,골목상권,2110870,신림주공2단지(광신고등학교),1141,670,471,2,115,187,305,328,204,0,57,100,158,196,159,2,58,87,147,132,45
2022,1,A,골목상권,2110869,"신림역 5번(신림동주민센터, 신림동별빛거리)",4076,2363,1713,5,448,899,1044,811,869,3,183,488,584,482,623,2,265,411,460,329,246
2022,1,A,골목상권,2110868,남부초등학교,2177,1250,927,6,230,384,451,528,578,2,123,247,247,289,342,4,107,137,204,239,236
2022,1,A,골목상권,2110867,국제신학대학원대학교(남서울중학교),2153,1276,877,6,202,394,446,534,571,1,116,254,260,305,340,5,86,140,186,229,231
2022,1,A,골목상권,2110866,난우중학교,1349,680,669,0,156,268,351,372,202,0,54,119,161,198,148,0,102,149,190,174,54
2022,1,A,골목상권,2110865,남강고등학교(남강중학교),1484,757,727,10,165,277,355,427,250,7,75,151,179,198,147,3,90,126,176,229,103
2022,1,A,골목상권,2110864,신림우방아파트,3375,2463,912,2,520,914,1049,663,227,2,254,676,843,528,160,0,266,238,206,135,67
2022,1,A,골목상권,2110863,난우초등학교,1442,710,732,21,172,297,310,390,252,16,69,135,139,194,157,5,103,162,171,196,95
2022,1,A,골목상권,2110862,난곡초등학교(난곡동벽화마을),1010,522,488,6,119,185,246,257,197,4,51,89,116,122,140,2,68,96,130,135,57
2022,1,A,골목상권,2110861,관악구신사동주민센터,5342,3589,1753,7,791,1451,1510,1080,503,5,372,999,1127,747,339,2,419,452,383,333,164
2022,1,A,골목상권,2110860,호림박물관(성보고등학교),2271,1322,949,6,331,597,540,529,268,2,143,327,328,314,208,4,188,270,212,215,60
2022,1,A,골목상권,2110859,난향초등학교,670,335,335,1,62,132,182,148,145,0,6,55,76,79,119,1,56,77,106,69,26
2022,1,A,골목상권,2110858,신대방역 1번,2937,2211,726,0,458,834,956,538,151,0,224,640,808,434,105,0,234,194,148,104,46
2022,1,A,골목상권,2110857,미성동주민센터,1420,669,751,18,192,290,315,355,250,13,86,141,143,141,145,5,106,149,172,214,105
2022,1,A,골목상권,2110856,미성초등학교,5509,3786,1723,18,482,944,1029,1026,2010,13,244,557,635,596,1741,5,238,387,394,430,269
2022,1,A,골목상권,2110855,신대방역 2번,7238,5206,2032,7,1079,1599,1673,1188,1692,3,461,1082,1234,877,1549,4,618,517,439,311,143
2022,1,A,골목상권,2110854,조원동주민센터,4035,2937,1098,4,549,688,667,631,1496,2,252,444,407,434,1398,2,297,244,260,197,98
2022,1,A,골목상권,2110853,KT구로지사,3290,1991,1299,8,459,914,780,685,444,0,205,548,483,423,332,8,254,366,297,262,112
2022,1,A,골목상권,2110852,이수역 9번,3811,1920,1891,8,745,927,993,751,387,1,218,418,515,476,292,7,527,509,478,275,95
2022,1,A,골목상권,2110851,경문고등학교(동작동성당),4456,2067,2389,17,740,1150,1184,943,422,8,269,580,679,373,158,9,471,570,505,570,264
2022,1,A,골목상권,2110850,사당역 10번,10320,5639,4681,18,1880,2576,2671,1839,1336,7,705,1317,1483,1154,973,11,1175,1259,1188,685,363
2022,1,A,골목상권,2110849,이수역 10번,3768,1745,2023,10,433,701,854,817,953,3,153,309,390,345,545,7,280,392,464,472,408
2022,1,A,골목상권,2110848,양지어린이공원,3256,1724,1532,6,441,566,741,634,868,2,119,275,356,341,631,4,322,291,385,293,237
2022,1,A,골목상권,2110847,예술인마을,2530,1528,1002,4,338,589,673,515,411,3,154,331,385,307,348,1,184,258,288,208,63
2022,1,A,골목상권,2110846,남성역 1번,3630,1865,1765,7,330,623,941,836,893,4,126,281,402,423,629,3,204,342,539,413,264
2022,1,A,골목상권,2110845,사당종합체육관,2397,1431,966,1,354,627,650,552,213,0,148,356,441,330,156,1,206,271,209,222,57
2022,1,A,골목상권,2110844,흑석2치안센터,241,126,115,1,35,73,58,42,32,1,19,32,33,17,24,0,16,41,25,25,8
2022,1,A,골목상권,2110843,사당5동주민센터,1194,583,611,1,98,212,342,336,205,0,37,73,143,177,153,1,61,139,199,159,52
2022,1,A,골목상권,2110842,흑리단길,556,270,286,1,66,101,146,139,103,0,20,42,66,74,68,1,46,59,80,65,35
2022,1,A,골목상권,2110841,중대부중,674,354,320,1,103,154,161,163,92,0,51,94,81,73,55,1,52,60,80,90,37
2022,1,A,골목상권,2110840,중앙대학교,882,502,380,1,124,191,228,200,138,0,56,112,135,111,88,1,68,79,93,89,50
2022,1,A,골목상권,2110839,숭실대입구역 4번,3697,2231,1466,2,394,1053,1227,711,310,1,181,582,728,474,265,1,213,471,499,237,45
2022,1,A,골목상권,2110838,상도1동주민센터앞,1392,870,522,1,93,249,390,421,238,0,42,120,242,271,195,1,51,129,148,150,43
2022,1,A,골목상권,2110837,숭실대입구역 1번,8221,3493,4728,54,1030,1379,1902,2545,1311,29,523,747,944,810,440,25,507,632,958,1735,871
2022,1,A,골목상권,2110836,상도역 5번,5025,2807,2218,14,875,1350,1197,1030,559,3,367,761,710,615,351,11,508,589,487,415,208
2022,1,A,골목상권,2110835,상도역 1번,2038,1023,1015,7,367,582,498,390,194,2,128,317,279,178,119,5,239,265,219,212,75
2022,1,A,골목상권,2110834,동작구자원봉사센터,3162,1812,1350,14,353,723,846,740,486,11,174,415,515,413,284,3,179,308,331,327,202
2022,1,A,골목상권,2110833,상도역 2번,1715,864,851,7,261,455,433,361,198,2,97,247,248,166,104,5,164,208,185,195,94
2022,1,A,골목상권,2110832,노량진초등학교,5002,2714,2288,10,799,1411,1191,1071,520,2,412,703,650,640,307,8,387,708,541,431,213
2022,1,A,골목상권,2110831,상도4동주민센터,2239,1368,871,3,307,506,509,590,324,2,153,295,324,435,159,1,154,211,185,155,165
2022,1,A,골목상권,2110830,상도초등학교,1330,625,705,0,226,298,336,312,158,0,96,129,138,163,99,0,130,169,198,149,59
2022,1,A,골목상권,2110829,장승배기역 5번,2349,1304,1045,2,395,511,541,549,351,1,260,279,263,290,211,1,135,232,278,259,140
2022,1,A,골목상권,2110828,노량진역 6번,8869,5087,3782,23,1227,2717,2373,1773,756,5,584,1515,1420,1093,470,18,643,1202,953,680,286
2022,1,A,골목상권,2110827,NH농협은행 상도동지점,1462,630,832,2,132,273,365,370,320,1,43,127,154,151,154,1,89,146,211,219,166
2022,1,A,골목상권,2110826,장승배기역 4번,2029,905,1124,3,266,455,516,421,368,1,108,218,207,182,189,2,158,237,309,239,179
2022,1,A,골목상권,2110825,신대방삼거리역 1번,2536,1465,1071,4,276,526,686,635,409,2,138,298,391,351,285,2,138,228,295,284,124
2022,1,A,골목상권,2110824,대방역 3번,3761,1903,1858,11,679,1005,971,680,415,4,247,541,503,341,267,7,432,464,468,339,148
2022,1,A,골목상권,2110823,신대방삼거리역 3번,19702,12375,7327,54,3771,3849,3316,4703,4009,29,2894,3042,2093,2221,2096,25,877,807,1223,2482,1913
2022,1,A,골목상권,2110822,신대방삼거리역 4번(대림초등학교),21761,14425,7336,49,4293,4465,3481,5406,4067,25,3222,3610,2369,3027,2172,24,1071,855,1112,2379,1895
2022,1,A,골목상권,2110821,보라매역 2번,20232,12822,7410,53,3814,3970,3335,4772,4288,28,2871,3169,2141,2333,2280,25,943,801,1194,2439,2008
2022,1,A,골목상권,2110820,성남고등학교,5261,3799,1462,6,897,1096,1024,1672,566,4,555,782,724,1306,428,2,342,314,300,366,138
2022,1,A,골목상권,2110819,신대방역 4번,8413,4800,3613,22,1758,2323,2095,1432,783,15,703,1397,1279,875,531,7,1055,926,816,557,252
2022,1,A,골목상권,2110818,신대방역 3번,3077,1741,1336,5,647,827,709,528,361,3,245,488,428,333,244,2,402,339,281,195,117
2022,1,A,골목상권,2110817,대방역 4번,4185,2172,2013,10,770,1046,1050,736,573,4,304,573,566,365,360,6,466,473,484,371,213
2022,1,A,골목상권,2110816,대방역 6번,3962,2050,1912,10,759,1006,1000,663,524,4,298,549,535,333,331,6,461,457,465,330,193
2022,1,A,골목상권,2110815,공군호텔,4714,2349,2365,7,784,1077,1138,980,728,1,277,561,601,456,453,6,507,516,537,524,275
2022,1,A,골목상권,2110814,서울지방병무청,7603,4784,2819,9,1346,1680,1544,2153,871,3,693,1084,953,1469,582,6,653,596,591,684,289
2022,1,A,골목상권,2110813,보라매역 6번,6876,4830,2046,11,1220,1596,1384,1792,873,6,699,1147,989,1373,616,5,521,449,395,419,257
2022,1,A,골목상권,2110812,신길6동주민센터,4624,2863,1761,10,727,1148,1135,989,615,4,315,738,735,653,418,6,412,410,400,336,197
2022,1,A,골목상권,2110811,보라매역 4번,2766,1733,1033,6,446,755,710,512,337,4,184,499,472,333,241,2,262,256,238,179,96
2022,1,A,골목상권,2110810,영신초등학교,3517,1894,1623,3,458,736,791,799,730,0,206,397,450,391,450,3,252,339,341,408,280
2022,1,A,골목상권,2110809,장훈고등학교,1606,910,696,1,204,371,337,337,356,0,98,181,189,193,249,1,106,190,148,144,107
2022,1,A,골목상권,2110808,신길역 1번,1592,740,852,5,182,313,417,413,262,2,80,156,192,166,144,3,102,157,225,247,118
2022,1,A,골목상권,2110807,신길역 3번,1638,807,831,11,174,333,401,411,308,8,82,179,196,176,166,3,92,154,205,235,142
2022,1,A,골목상권,2110806,서울시립영등포장애인복지관,2387,1673,714,16,364,520,569,547,371,8,193,343,417,410,302,8,171,177,152,137,69
2022,1,A,골목상권,2110805,신길새마을금고신길4동지점,1216,700,516,1,199,271,315,295,135,0,101,161,180,161,97,1,98,110,135,134,38
2022,1,A,골목상권,2110804,신풍역 1번,2372,1166,1206,3,272,549,698,504,346,2,123,257,287,245,252,1,149,292,411,259,94
2022,1,A,골목상권,2110803,신길2동우편취급국,2509,1438,1071,6,234,521,553,547,648,3,108,251,286,304,486,3,126,270,267,243,162
2022,1,A,골목상권,2110802,신길동홍어거리,1971,1091,880,2,192,411,401,426,539,0,72,183,199,241,396,2,120,228,202,185,143
2022,1,A,골목상권,2110801,신풍역 6번(신길6동공영주차장),301,115,186,1,34,45,73,79,69,0,1,15,27,34,38,1,33,30,46,45,31
2022,1,A,골목상권,2110800,영등포동성당,5362,2916,2446,19,1329,1256,1139,983,636,8,431,652,702,637,486,11,898,604,437,346,150
2022,1,A,골목상권,2110799,영등포본동주민센터,3983,2135,1848,33,649,947,932,981,441,14,258,423,511,605,324,19,391,524,421,376,117
2022,1,A,골목상권,2110798,신풍역 2번,2122,1241,881,11,207,502,639,459,304,7,108,296,321,278,231,4,99,206,318,181,73
2022,1,A,골목상권,2110797,KT대방빌딩,3144,1496,1648,9,820,808,770,523,214,6,240,402,374,312,162,3,580,406,396,211,52
2022,1,A,골목상권,2110796,한림대학교한강성심병원,5632,3268,2364,8,1305,1322,1284,1015,698,0,411,703,861,726,567,8,894,619,423,289,131
2022,1,A,골목상권,2110795,도림초등학교,1828,1023,805,5,184,344,440,434,421,3,71,175,248,241,285,2,113,169,192,193,136
2022,1,A,골목상권,2110794,영동초등학교,8718,5133,3585,8,1743,2212,2176,1709,870,4,679,1371,1441,1029,609,4,1064,841,735,680,261
2022,1,A,골목상권,2110793,대림썬프라자,2818,1319,1499,8,768,694,688,474,186,5,217,345,325,283,144,3,551,349,363,191,42
2022,1,A,골목상권,2110792,영등포역 2번,5923,3190,2733,47,860,1497,1434,1376,709,16,347,682,787,863,495,31,513,815,647,513,214
2022,1,A,골목상권,2110791,신풍역 3번,1383,586,797,2,125,278,433,323,222,1,61,103,121,135,165,1,64,175,312,188,57
2022,1,A,골목상권,2110790,대림1동주민센터,2429,1435,994,10,228,503,715,574,399,6,126,305,368,341,289,4,102,198,347,233,110
2022,1,A,골목상권,2110789,대림성모병원,4450,2148,2302,2,1231,1263,925,658,371,2,390,671,514,343,228,0,841,592,411,315,143
2022,1,A,골목상권,2110788,영등포시장역 3번,1667,1051,616,4,180,309,409,385,380,2,99,204,272,245,229,2,81,105,137,140,151
2022,1,A,골목상권,2110787,신길3동주민센터,1222,699,523,4,115,241,343,317,202,4,48,124,193,184,146,0,67,117,150,133,56
2022,1,A,골목상권,2110786,당산역 8번,7825,5499,2326,20,1077,1908,2064,1786,970,6,520,1259,1536,1421,757,14,557,649,528,365,213
2022,1,A,골목상권,2110785,영등포푸르지오아파트,2451,1619,832,9,260,554,675,578,375,6,121,360,452,397,283,3,139,194,223,181,92
2022,1,A,골목상권,2110784,신대림초등학교,1107,505,602,0,169,239,283,265,151,0,37,90,140,139,99,0,132,149,143,126,52
2022,1,A,골목상권,2110783,영등포시장역 1번,4972,3155,1817,7,670,1173,1173,1290,659,4,428,837,769,737,380,3,242,336,404,553,279
2022,1,A,골목상권,2110782,영등포시장역 4번,2465,1324,1141,11,360,533,568,540,453,3,132,283,346,306,254,8,228,250,222,234,199
2022,1,A,골목상권,2110781,대림한신아파트,2334,1304,1030,3,330,410,531,592,468,0,115,225,289,336,339,3,215,185,242,256,129
2022,1,A,골목상권,2110780,신길대성유니드아파트,1455,969,486,1,140,290,376,383,265,1,90,176,235,250,217,0,50,114,141,133,48
2022,1,A,골목상권,2110779,대림갑을명가아파트,1069,666,403,1,100,175,270,315,208,0,50,111,168,188,149,1,50,64,102,127,59
2022,1,A,골목상권,2110778,구로디지털단지역 4번,17970,10395,7575,62,3849,6187,4533,2071,1268,25,1650,3691,2861,1304,864,37,2199,2496,1672,767,404
2022,1,A,골목상권,2110777,구로세무서,8769,5040,3729,42,1718,2576,2320,1425,688,12,658,1412,1465,941,552,30,1060,1164,855,484,136
2022,1,A,골목상권,2110776,도신초등학교,4733,3293,1440,15,581,1138,1372,1021,606,5,303,810,1017,693,465,10,278,328,355,328,141
2022,1,A,골목상권,2110775,대동초등학교,2459,1332,1127,3,269,325,473,553,836,2,89,164,242,302,533,1,180,161,231,251,303
2022,1,A,골목상권,2110774,당산반도유보라팰리스아파트,8457,4962,3495,26,1814,2431,1605,1556,1025,16,821,1362,1009,1027,727,10,993,1069,596,529,298
2022,1,A,골목상권,2110773,당산역 13번,2905,1950,955,5,412,582,610,614,682,2,235,382,388,415,528,3,177,200,222,199,154
2022,1,A,골목상권,2110772,신우어린이공원,2997,2132,865,12,429,826,887,541,302,4,220,608,699,381,220,8,209,218,188,160,82
2022,1,A,골목상권,2110771,대림역 11번,2948,1669,1279,6,319,411,591,693,928,2,109,223,321,410,604,4,210,188,270,283,324
2022,1,A,골목상권,2110770,영등포구청역 6번,4260,2620,1640,11,498,892,1114,882,863,8,216,483,672,580,661,3,282,409,442,302,202
2022,1,A,골목상권,2110769,대림차이나타운(대림역 12번),2722,1534,1188,6,326,457,574,598,761,4,134,255,332,345,464,2,192,202,242,253,297
2022,1,A,골목상권,2110768,도림2동유수지내체육시설,2354,1370,984,12,303,517,598,503,421,8,98,264,326,358,316,4,205,253,272,145,105
2022,1,A,골목상권,2110767,도림동주민센터,3182,1885,1297,15,390,687,802,650,638,9,145,362,448,425,496,6,245,325,354,225,142
2022,1,A,골목상권,2110766,대림역 5번,11181,7292,3889,23,1207,2226,2566,2591,2568,10,630,1648,1904,1582,1518,13,577,578,662,1009,1050
2022,1,A,골목상권,2110765,문래동사거리,7830,4633,3197,26,1429,2100,2107,1368,800,12,580,1203,1318,865,655,14,849,897,789,503,145
2022,1,A,골목상권,2110764,문래역 3번,4607,2577,2030,6,1067,1049,1088,744,653,3,348,575,673,486,492,3,719,474,415,258,161
2022,1,A,골목상권,2110763,영등포구청역 2번,8695,4343,4352,23,1697,2301,1702,1681,1291,12,718,1211,954,756,692,11,979,1090,748,925,599
2022,1,A,골목상권,2110762,선유도역 1번,13668,7921,5747,38,2474,3715,3705,2298,1438,14,1069,2259,2141,1374,1064,24,1405,1456,1564,924,374
2022,1,A,골목상권,2110761,문래동남성맨션,2530,1610,920,7,264,524,672,539,524,2,128,308,394,353,425,5,136,216,278,186,99
2022,1,A,골목상권,2110760,선유도역 6번,12817,7184,5633,36,2497,3665,3582,1995,1042,13,1072,2185,2010,1151,753,23,1425,1480,1572,844,289
2022,1,A,골목상권,2110759,문래예술촌(문래창작촌),66557,51492,15065,62,8833,22832,21900,9809,3121,32,5445,17498,18835,7910,1772,30,3388,5334,3065,1899,1349
2022,1,A,골목상권,2110758,문래소공원,15574,8153,7421,106,3451,3930,3390,3353,1344,31,1573,2867,1720,962,1000,75,1878,1063,1670,2391,344
2022,1,A,골목상권,2110757,양평역 2번,5127,3795,1332,16,638,1290,1232,1011,940,8,379,981,930,735,762,8,259,309,302,276,178
2022,1,A,골목상권,2110756,문래중학교,2728,1912,816,3,291,594,707,629,504,0,153,434,496,443,386,3,138,160,211,186,118
2022,1,A,골목상권,2110755,동일여자고등학교,2135,1066,1069,22,282,514,513,476,328,16,133,279,259,198,181,6,149,235,254,278,147
2022,1,A,골목상권,2110754,삼성산자연공원(서울금천초등학교),2472,1302,1170,24,320,567,623,566,372,17,150,318,341,253,223,7,170,249,282,313,149
2022,1,A,골목상권,2110753,시흥동 은행나무사거리,2070,1119,951,8,216,426,499,538,383,7,110,244,247,282,229,1,106,182,252,256,154
2022,1,A,골목상권,2110752,한울중학교,2508,1442,1066,13,371,511,631,654,328,10,227,286,332,344,243,3,144,225,299,310,85
2022,1,A,골목상권,2110751,난곡중학교,5213,3717,1496,5,380,874,998,1011,1945,4,227,511,612,622,1741,1,153,363,386,389,204
2022,1,A,골목상권,2110750,시흥4동주민센터(서울신흥초등학교),1282,735,547,10,177,238,364,328,165,8,95,148,212,156,116,2,82,90,152,172,49
2022,1,A,골목상권,2110749,금산초등학교(금천고등학교),7948,4687,3261,13,583,1162,1851,2068,2271,4,304,743,1058,1128,1450,9,279,419,793,940,821
2022,1,A,골목상권,2110748,백산초등학교,1856,1127,729,1,232,353,454,484,332,1,140,225,265,265,231,0,92,128,189,219,101
2022,1,A,골목상권,2110747,석수역 1번 출입구,1141,853,288,4,75,146,253,309,354,4,50,104,169,220,306,0,25,42,84,89,48
2022,1,A,골목상권,2110746,금천금빛공원(은행나무사거리서측),1310,613,697,2,128,213,354,362,251,1,50,94,162,172,134,1,78,119,192,190,117
2022,1,A,골목상권,2110745,독산동정훈단지,1707,938,769,1,199,309,343,477,378,0,110,127,144,259,298,1,89,182,199,218,80
2022,1,A,골목상권,2110744,독산동성당,2416,1405,1011,3,254,397,504,647,611,2,147,225,267,354,410,1,107,172,237,293,201
2022,1,A,골목상권,2110743,시흥초등학교(시흥1동우체국),2406,1098,1308,8,357,447,616,620,358,6,148,209,284,249,202,2,209,238,332,371,156
2022,1,A,골목상권,2110742,KT금천빌딩(금천구시설관리공단),6015,3720,2295,11,452,843,1212,1435,2062,3,293,570,765,848,1241,8,159,273,447,587,821
2022,1,A,골목상권,2110741,독산2동주민센터,2240,1186,1054,4,289,450,522,614,361,2,144,230,254,308,248,2,145,220,268,306,113
2022,1,A,골목상권,2110740,금천해태공원,3416,1807,1609,19,676,847,769,717,388,14,314,474,387,335,283,5,362,373,382,382,105
2022,1,A,골목상권,2110739,시흥3동 우편취급국,6352,3608,2744,12,450,863,1467,1666,1894,3,234,571,836,841,1123,9,216,292,631,825,771
2022,1,A,골목상권,2110738,문성초등학교,2977,1790,1187,13,415,599,717,708,525,4,242,374,447,400,323,9,173,225,270,308,202
2022,1,A,골목상권,2110737,금천세무서,2285,1396,889,11,291,455,570,573,385,2,149,254,326,364,301,9,142,201,244,209,84
2022,1,A,골목상권,2110736,독산119안전센터,3398,2048,1350,7,368,585,749,938,751,2,210,356,449,533,498,5,158,229,300,405,253
2022,1,A,골목상권,2110735,말미고개,3342,1951,1391,9,413,671,745,902,602,5,210,391,419,491,435,4,203,280,326,411,167
2022,1,A,골목상권,2110734,금천파출소,2086,924,1162,8,492,580,438,382,186,3,209,294,191,141,86,5,283,286,247,241,100
2022,1,A,골목상권,2110733,금천어울림복지센터,3444,1825,1619,7,384,863,854,918,418,7,139,357,436,581,305,0,245,506,418,337,113
2022,1,A,골목상권,2110732,가산초등학교(세일중학교),3569,2253,1316,15,480,731,846,865,632,5,267,437,485,565,494,10,213,294,361,300,138
2022,1,A,골목상권,2110731,금천구청역 1번 출입구,4713,2376,2337,15,717,1254,1089,1102,536,10,295,567,515,637,352,5,422,687,574,465,184
2022,1,A,골목상권,2110730,서울축산농협 독산역지점(독산파출소),8706,5284,3422,16,575,977,1154,1734,4250,13,301,608,665,989,2708,3,274,369,489,745,1542
2022,1,A,골목상권,2110729,가산동우체국,7733,4618,3115,35,1115,1778,1866,1386,1553,23,591,1099,1184,849,872,12,524,679,682,537,681
2022,1,A,골목상권,2110728,두산초등학교,18360,12147,6213,48,2128,4025,3814,3397,4948,34,1169,2673,2717,2302,3252,14,959,1352,1097,1095,1696
2022,1,A,골목상권,2110727,독산역 1번 출입구,17476,11439,6037,47,2095,3867,3580,3098,4789,35,1158,2571,2539,2068,3068,12,937,1296,1041,1030,1721
2022,1,A,골목상권,2110726,금천철쭉어린이공원(금하마을),1309,861,448,13,192,244,273,324,263,11,121,165,185,179,200,2,71,79,88,145,63
2022,1,A,골목상권,2110725,가산동주민센터,17959,10649,7310,54,3657,5220,4231,2774,2023,36,1832,3225,2688,1581,1287,18,1825,1995,1543,1193,736
2022,1,A,골목상권,2110724,금천구립가산도서관,16529,10406,6123,48,2688,4775,4093,3007,1918,31,1461,3038,2801,1938,1137,17,1227,1737,1292,1069,781
2022,1,A,골목상권,2110723,가산디지털단지역 1번 출입구,30711,20313,10398,125,6526,9665,7684,4343,2368,83,3343,6435,5555,3044,1853,42,3183,3230,2129,1299,515
2022,1,A,골목상권,2110722,G타워,30854,19064,11790,91,6081,10458,8099,3836,2289,44,2876,6665,5338,2458,1683,47,3205,3793,2761,1378,606
2022,1,A,골목상권,2110721,가리봉파출소,16201,10773,5428,61,3049,5067,4125,2440,1459,38,1654,3498,2950,1549,1084,23,1395,1569,1175,891,375
2022,1,A,골목상권,2110720,대림역 2번,3054,2008,1046,3,284,548,746,896,577,2,135,315,486,651,419,1,149,233,260,245,158
2022,1,A,골목상권,2110719,영서중학교,16106,11484,4622,81,3373,5212,3875,2184,1381,58,1839,3643,3031,1716,1197,23,1534,1569,844,468,184
2022,1,A,골목상권,2110718,한국SGI본부,11273,7495,3778,38,1568,2695,2863,2448,1661,30,912,1907,2037,1549,1060,8,656,788,826,899,601
2022,1,A,골목상권,2110717,남구로역 2번,32359,21997,10362,139,6433,10200,7892,4583,3112,93,3413,6993,5797,3191,2510,46,3020,3207,2095,1392,602
2022,1,A,골목상권,2110716,구로나눔길,5187,2873,2314,7,627,1401,1218,1332,602,3,283,752,655,825,355,4,344,649,563,507,247
2022,1,A,골목상권,2110715,구로구민회관,9631,5743,3888,10,1097,2247,2356,2343,1578,7,543,1415,1484,1362,932,3,554,832,872,981,646
2022,1,A,골목상권,2110714,구로4동주민센터,6726,4005,2721,16,736,1595,1535,1881,963,10,334,852,897,1259,653,6,402,743,638,622,310
2022,1,A,골목상권,2110713,구로보건소,8744,5422,3322,19,1294,2210,2371,1815,1035,12,670,1411,1510,1110,709,7,624,799,861,705,326
2022,1,A,골목상권,2110712,남구로역 5번,1744,993,751,8,222,353,399,367,395,5,113,205,206,195,269,3,109,148,193,172,126
2022,1,A,골목상권,2110711,구로초등학교,6650,3489,3161,18,1043,1686,1509,1570,824,6,423,836,776,935,513,12,620,850,733,635,311
2022,1,A,골목상권,2110710,남구로역 3번,23954,15662,8292,83,4830,7403,5886,3524,2228,55,2475,4912,4114,2389,1717,28,2355,2491,1772,1135,511
2022,1,A,골목상권,2110709,구로119안전센터,1617,786,831,4,193,275,354,466,325,2,81,147,192,183,181,2,112,128,162,283,144
2022,1,A,골목상권,2110708,화원어린이공원,2555,1302,1253,12,557,671,568,393,354,4,188,310,307,231,262,8,369,361,261,162,92
2022,1,A,골목상권,2110707,구로창업지원센터,7830,5732,2098,13,782,2138,2103,1720,1074,10,450,1587,1593,1259,833,3,332,551,510,461,241
2022,1,A,골목상권,2110706,그라운드 고척,3644,2363,1281,2,400,761,863,902,716,2,204,446,507,589,615,0,196,315,356,313,101
2022,1,A,골목상권,2110705,고산초등학교,3225,2124,1101,3,369,685,744,785,639,2,191,401,432,537,561,1,178,284,312,248,78
2022,1,A,골목상권,2110704,고척중학교,4524,2700,1824,4,515,986,1072,1090,857,3,263,536,545,647,706,1,252,450,527,443,151
2022,1,A,골목상권,2110703,개봉역,9690,5377,4313,42,1449,2320,2204,2355,1320,22,833,1480,1106,1120,816,20,616,840,1098,1235,504
2022,1,A,골목상권,2110702,개봉초등학교,1617,846,771,1,165,337,431,400,283,1,75,158,210,220,182,0,90,179,221,180,101
2022,1,A,골목상권,2110701,고척동성당,5140,3853,1287,8,508,1129,1442,1653,400,2,289,824,1107,1322,309,6,219,305,335,331,91
2022,1,A,골목상권,2110700,고척초등학교,6601,4680,1921,11,615,1436,1850,2027,662,8,337,1015,1342,1521,457,3,278,421,508,506,205
2022,1,A,골목상권,2110699,덕의초등학교,2600,1666,934,9,324,610,655,684,318,7,201,404,412,402,240,2,123,206,243,282,78
2022,1,A,골목상권,2110698,개웅초등학교(개웅중학교),2910,1311,1599,8,427,527,747,807,394,6,221,286,281,277,240,2,206,241,466,530,154
2022,1,A,골목상권,2110697,개봉3동주민센터,1428,921,507,1,203,343,360,295,226,1,94,230,241,189,166,0,109,113,119,106,60
2022,1,A,골목상권,2110696,오류동역 1번,4076,2551,1525,35,946,1200,792,628,475,18,525,831,467,354,356,17,421,369,325,274,119
2022,1,A,골목상권,2110695,개봉1동주민센터,2553,1495,1058,8,234,615,670,616,410,7,123,360,373,358,274,1,111,255,297,258,136
2022,1,A,골목상권,2110694,세곡초등학교,2298,1341,957,2,220,480,607,605,384,0,116,267,319,344,295,2,104,213,288,261,89
2022,1,A,골목상권,2110693,오류동역 4번,2869,1936,933,4,380,544,701,802,438,3,304,369,458,494,308,1,76,175,243,308,130
2022,1,A,골목상권,2110692,큰굴다리,3501,2336,1165,5,490,701,888,977,440,4,368,470,568,604,322,1,122,231,320,373,118
2022,1,A,골목상권,2110691,개봉중학교,2257,1344,913,6,255,488,536,603,369,1,144,293,301,330,275,5,111,195,235,273,94
2022,1,A,골목상권,2110690,오류2동버들시장,4817,3106,1711,4,590,1020,1245,1208,750,1,375,616,761,791,562,3,215,404,484,417,188
2022,1,A,골목상권,2110689,오류동역 3번,4967,3126,1841,15,602,944,1206,1425,775,8,423,612,737,822,524,7,179,332,469,603,251
2022,1,A,골목상권,2110688,오류지구대,2024,1180,844,6,171,361,499,605,382,5,78,189,275,344,289,1,93,172,224,261,93
2022,1,A,골목상권,2110687,"천왕역 3번(오류2동주민센터, 서울오류남초등학교)",981,590,391,3,93,218,282,256,129,1,38,109,165,171,106,2,55,109,117,85,23
2022,1,A,골목상권,2110686,수궁동주민센터,2464,1418,1046,9,230,424,607,718,476,7,102,232,349,412,316,2,128,192,258,306,160
2022,1,A,골목상권,2110685,금강수목원아파트,1251,894,357,2,77,226,345,363,238,1,41,140,228,277,207,1,36,86,117,86,31
2022,1,A,골목상권,2110684,서울공연예술고등학교,1390,797,593,5,149,304,373,389,170,2,71,177,213,231,103,3,78,127,160,158,67
2022,1,A,골목상권,2110683,오류고등학교,1310,758,552,5,143,298,351,350,163,2,69,173,204,211,99,3,74,125,147,139,64
2022,1,A,골목상권,2110682,온수역 8번,1099,772,327,1,51,177,251,337,282,1,28,91,144,242,266,0,23,86,107,95,16
2022,1,A,골목상권,2110681,온수역 1번,1119,839,280,1,41,153,236,373,315,1,21,91,147,294,285,0,20,62,89,79,30
2022,1,A,골목상권,2110680,온수역 5번(온수산업단지),1725,1445,280,18,178,273,326,494,436,18,140,217,249,416,405,0,38,56,77,78,31
2022,1,A,골목상권,2110679,염창역 2번,4141,2829,1312,6,438,939,1245,1003,510,4,219,585,882,757,382,2,219,354,363,246,128
2022,1,A,골목상권,2110678,염창무학아파트,2176,1462,714,4,268,527,551,487,339,3,117,349,371,348,274,1,151,178,180,139,65
2022,1,A,골목상권,2110677,등촌역 1번,7770,5001,2769,27,1180,1953,1864,1628,1118,19,526,1215,1243,1143,855,8,654,738,621,485,263
2022,1,A,골목상권,2110676,등촌역 7번,3083,1901,1182,14,465,677,769,692,466,7,196,414,463,448,373,7,269,263,306,244,93
2022,1,A,골목상권,2110675,화곡4동주민센터,3054,1392,1662,8,686,826,628,588,318,5,146,369,300,334,238,3,540,457,328,254,80
2022,1,A,골목상권,2110674,강서구청가양동별관,3250,2202,1048,13,534,769,882,693,359,8,370,541,605,447,231,5,164,228,277,246,128
2022,1,A,골목상권,2110673,뜸부기어린이공원,4546,2072,2474,4,892,1156,994,968,532,2,237,496,489,496,352,2,655,660,505,472,180
2022,1,A,골목상권,2110672,백석중학교,3508,1974,1534,2,408,673,852,913,660,1,179,335,522,544,393,1,229,338,330,369,267
2022,1,A,골목상권,2110671,등촌1동주민센터,14478,9017,5461,47,2628,3590,3369,2781,2063,27,1070,2281,2330,1868,1441,20,1558,1309,1039,913,622
2022,1,A,골목상권,2110670,신곡초등학교,2263,1214,1049,8,288,636,617,494,220,5,142,343,297,278,149,3,146,293,320,216,71
2022,1,A,골목상권,2110669,화곡보람2차아파트,4924,2907,2017,4,1178,1380,951,683,728,3,372,912,716,421,483,1,806,468,235,262,245
2022,1,A,골목상권,2110668,화곡2동주민센터,3376,1859,1517,11,462,856,918,735,394,8,213,465,475,424,274,3,249,391,443,311,120
2022,1,A,골목상권,2110667,가양역 10번,2692,1443,1249,14,455,539,644,615,425,3,213,291,370,318,248,11,242,248,274,297,177
2022,1,A,골목상권,2110666,KC대학교,4814,3125,1689,6,577,1404,1162,1205,460,3,293,836,712,876,405,3,284,568,450,329,55
2022,1,A,골목상권,2110665,곰달래도서관,3026,1676,1350,7,329,573,768,822,527,6,144,324,418,426,358,1,185,249,350,396,169
2022,1,A,골목상권,2110664,강서구청옆,5833,3456,2377,6,812,1721,1459,1348,487,4,363,992,861,906,330,2,449,729,598,442,157
2022,1,A,골목상권,2110663,우장산롯데캐슬아파트앞,11194,6470,4724,40,1626,2878,2757,2837,1056,12,751,1807,1727,1551,622,28,875,1071,1030,1286,434
2022,1,A,골목상권,2110662,까치산역 1번,4227,2462,1765,12,541,1010,1114,1000,550,9,263,585,586,634,385,3,278,425,528,366,165
2022,1,A,골목상권,2110661,강서새말어린이공원,5172,3080,2092,3,619,1428,1352,1332,438,1,266,767,797,928,321,2,353,661,555,404,117
2022,1,A,골목상권,2110660,등촌3동주민센터,11883,6282,5601,49,1613,2452,2671,2721,2377,18,736,1568,1579,1216,1165,31,877,884,1092,1505,1212
2022,1,A,골목상권,2110659,화곡역 4번,5367,2731,2636,20,801,1346,1458,1139,603,15,306,694,725,625,366,5,495,652,733,514,237
2022,1,A,골목상권,2110658,화곡초등학교,4197,2544,1653,2,869,872,820,854,780,0,284,497,482,613,668,2,585,375,338,241,112
2022,1,A,골목상권,2110657,양천향교역 5번,9781,5923,3858,24,1272,2402,2408,2189,1486,12,574,1336,1536,1311,1154,12,698,1066,872,878,332
2022,1,A,골목상권,2110656,까치산역 3번,3493,1986,1507,17,308,641,932,1073,522,15,157,392,539,568,315,2,151,249,393,505,207
2022,1,A,골목상권,2110655,발산역 5번,4383,2015,2368,5,446,729,861,918,1424,3,178,374,438,390,632,2,268,355,423,528,792
2022,1,A,골목상권,2110654,까치산역 4번,3795,2359,1436,18,343,671,982,1195,586,15,175,398,555,770,446,3,168,273,427,425,140
2022,1,A,골목상권,2110653,화곡역 2번,4351,2351,2000,5,944,910,870,876,746,2,268,477,473,554,577,3,676,433,397,322,169
2022,1,A,골목상권,2110652,양천향교역 2번,5710,3599,2111,14,619,1180,1278,1459,1160,8,317,748,781,891,854,6,302,432,497,568,306
2022,1,A,골목상권,2110651,화원중학교,3517,2196,1321,12,349,654,819,1010,673,8,180,416,488,671,433,4,169,238,331,339,240
2022,1,A,골목상권,2110650,우장산힐스테이트,2082,1180,902,4,212,365,470,571,460,3,113,222,268,291,283,1,99,143,202,280,177
2022,1,A,골목상권,2110649,우장산역 1번,2841,1561,1280,6,406,505,632,740,552,3,199,290,339,383,347,3,207,215,293,357,205
2022,1,A,골목상권,2110648,양천향교역 7번,4914,3190,1724,14,579,1057,1190,1108,966,10,283,660,797,661,779,4,296,397,393,447,187
2022,1,A,골목상권,2110647,화곡역 5번,3929,2063,1866,15,520,821,912,968,693,12,208,459,490,506,388,3,312,362,422,462,305
2022,1,A,골목상권,2110646,푸른들청소년도서관,7186,4303,2883,14,953,1663,1774,1762,1020,9,484,1051,1040,999,720,5,469,612,734,763,300
2022,1,A,골목상권,2110645,우장산역 4번,6461,3740,2721,11,778,1499,1702,1666,805,7,412,940,912,880,589,4,366,559,790,786,216
2022,1,A,골목상권,2110644,신광명마을,1529,957,572,8,107,211,408,465,330,5,46,108,229,298,271,3,61,103,179,167,59
2022,1,A,골목상권,2110643,강서구다솔마을,1476,921,555,1,151,323,422,380,199,0,75,205,270,236,135,1,76,118,152,144,64
2022,1,A,골목상권,2110642,정곡초등학교,920,727,193,4,48,120,202,265,281,3,32,78,138,222,254,1,16,42,64,43,27
2022,1,A,골목상권,2110641,공항고등학교,1775,1121,654,5,243,392,434,432,269,4,138,252,239,274,214,1,105,140,195,158,55
2022,1,A,골목상권,2110640,방화역 1번,4701,2998,1703,7,463,1055,1196,1214,766,5,234,553,729,849,628,2,229,502,467,365,138
2022,1,A,골목상권,2110639,신방화역 8번,3267,1552,1715,7,254,358,567,1049,1032,4,117,219,327,397,488,3,137,139,240,652,544
2022,1,A,골목상권,2110638,신방화역 2번,4189,2767,1422,12,450,721,1151,1168,687,9,229,441,775,780,533,3,221,280,376,388,154
2022,1,A,골목상권,2110637,송정역 2번,3090,1452,1638,8,222,392,558,896,1014,1,111,237,333,307,463,7,111,155,225,589,551
2022,1,A,골목상권,2110636,방화역 2번,4034,2575,1459,8,374,758,1201,1084,609,6,202,411,781,702,473,2,172,347,420,382,136
2022,1,A,골목상권,2110635,공항시장역 3번,4028,2022,2006,9,413,625,733,1111,1137,2,185,363,444,461,567,7,228,262,289,650,570
2022,1,A,골목상권,2110634,송정역 3번,2694,1672,1022,6,328,605,702,637,416,1,149,365,440,410,307,5,179,240,262,227,109
2022,1,A,골목상권,2110633,개화산역 1번,2304,1602,702,6,198,412,735,631,322,4,115,256,543,439,245,2,83,156,192,192,77
2022,1,A,골목상권,2110632,방화역 3번,7383,5811,1572,6,736,1634,1983,2247,777,4,551,1255,1531,1831,639,2,185,379,452,416,138
2022,1,A,골목상권,2110631,방화초등학교,2474,1525,949,5,328,491,565,615,470,5,177,298,321,361,363,0,151,193,244,254,107
2022,1,A,골목상권,2110630,공항시장역 1번,33522,17722,15800,6,5643,10995,9040,6314,1524,3,1318,4557,5278,5486,1080,3,4325,6438,3762,828,444
2022,1,A,골목상권,2110629,송정역 4번,31131,16295,14836,1,5401,10620,8646,5741,722,1,1218,4347,5017,5107,605,0,4183,6273,3629,634,117
2022,1,A,골목상권,2110628,신목동역,2970,1823,1147,5,409,809,809,620,318,3,200,461,521,428,210,2,209,348,288,192,108
2022,1,A,골목상권,2110627,신정롯데캐슬아파트,13152,7343,5809,66,2437,4215,3340,2376,718,31,964,2220,2044,1547,537,35,1473,1995,1296,829,181
2022,1,A,골목상권,2110626,양화초등학교,5376,3201,2175,7,707,1254,1523,1314,571,5,310,670,1001,828,387,2,397,584,522,486,184
2022,1,A,골목상권,2110625,신정2동주민센터,19093,11500,7593,116,3148,6062,4842,3763,1162,81,1491,3599,3053,2506,770,35,1657,2463,1789,1257,392
2022,1,A,골목상권,2110624,목동문화체육센터,2321,1175,1146,1,328,550,660,492,290,1,169,289,299,229,188,0,159,261,361,263,102
2022,1,A,골목상권,2110623,갈산공원,1938,1165,773,6,220,476,489,421,326,4,121,280,280,244,236,2,99,196,209,177,90
2022,1,A,골목상권,2110622,달마을공원,4416,2669,1747,3,560,997,1287,1119,450,2,275,579,819,688,306,1,285,418,468,431,144
2022,1,A,골목상권,2110621,목동역 5번,9489,5120,4369,21,1849,2483,2292,1693,1151,12,701,1376,1387,935,709,9,1148,1107,905,758,442
2022,1,A,골목상권,2110620,목동보건지소,4227,2213,2014,7,503,1016,1212,975,514,5,250,571,551,479,357,2,253,445,661,496,157
2022,1,A,골목상권,2110619,목4동주민센터,3721,1714,2007,6,823,1066,907,664,255,2,194,461,482,378,197,4,629,605,425,286,58
2022,1,A,골목상권,2110618,강서고등학교,4292,2255,2037,8,835,1131,1004,886,428,4,221,551,572,565,342,4,614,580,432,321,86
2022,1,A,골목상권,2110617,등촌역 4번,3438,1930,1508,2,451,781,858,856,490,0,208,454,481,453,334,2,243,327,377,403,156
2022,1,A,골목상권,2110616,양목초등학교,1799,899,900,5,181,390,400,460,363,2,68,196,194,233,206,3,113,194,206,227,157
2022,1,A,골목상권,2110615,신서초등학교,8009,4605,3404,28,1503,2016,1895,1652,915,24,525,1225,1134,1015,682,4,978,791,761,637,233
2022,1,A,골목상권,2110614,목동로데오거리,2729,1267,1462,3,368,601,686,671,400,2,129,258,320,327,231,1,239,343,366,344,169
2022,1,A,골목상권,2110613,신정네거리역 4번,662,330,332,1,82,146,146,151,136,1,28,65,62,82,92,0,54,81,84,69,44
2022,1,A,골목상권,2110612,신정역 5번,4880,2815,2065,12,941,776,869,924,1358,5,300,381,452,509,1168,7,641,395,417,415,190
2022,1,A,골목상권,2110611,신정역 1번,5571,3252,2319,20,1009,852,985,1191,1514,13,358,475,562,627,1217,7,651,377,423,564,297
2022,1,A,골목상권,2110610,계남근린공원,2806,1832,974,4,367,839,889,389,318,1,175,534,672,250,200,3,192,305,217,139,118
2022,1,A,골목상권,2110609,신정네거리역 2번,3335,2512,823,7,218,342,581,655,1532,2,101,191,310,462,1446,5,117,151,271,193,86
2022,1,A,골목상권,2110608,신월2동주민센터,3976,2139,1837,15,369,670,1059,1102,761,11,184,386,521,524,513,4,185,284,538,578,248
2022,1,A,골목상권,2110607,금빛새마을금고본점,2998,2422,576,7,172,293,469,558,1499,3,99,181,289,411,1439,4,73,112,180,147,60
2022,1,A,골목상권,2110606,신한은행 신월동지점,3615,2480,1135,3,177,372,789,1154,1120,1,78,207,430,795,969,2,99,165,359,359,151
2022,1,A,골목상권,2110605,목동센트럴아이파크앞,1754,989,765,2,116,242,435,576,383,0,50,131,215,314,279,2,66,111,220,262,104
2022,1,A,골목상권,2110604,신월4동주민센터,3244,2266,978,5,220,414,690,1030,885,2,102,228,416,732,786,3,118,186,274,298,99
2022,1,A,골목상권,2110603,지향초등학교,2592,1701,891,3,160,370,659,856,544,0,64,217,403,589,428,3,96,153,256,267,116
2022,1,A,골목상권,2110602,신월시영아파트중문,3451,2409,1042,4,231,412,798,1090,916,2,141,263,470,758,775,2,90,149,328,332,141
2022,1,A,골목상권,2110601,신월1동우편취급국,3018,1984,1034,9,310,532,728,944,495,4,169,341,467,618,385,5,141,191,261,326,110
2022,1,A,골목상권,2110600,신월7동주민센터,4589,3041,1548,5,349,562,844,1298,1531,3,190,349,550,894,1055,2,159,213,294,404,476
2022,1,A,골목상권,2110599,신월1파출소,1954,1183,771,4,189,357,509,638,257,2,104,206,281,401,189,2,85,151,228,237,68
2022,1,A,골목상권,2110598,신월문화체육센터,4415,2906,1509,4,469,723,911,1046,1262,3,347,549,598,639,770,1,122,174,313,407,492
2022,1,A,골목상권,2110597,신월1동주민센터,3247,1879,1368,5,328,631,701,902,680,2,149,350,364,551,463,3,179,281,337,351,217
2022,1,A,골목상권,2110596,서서울호수공원,2414,1520,894,5,296,458,530,682,443,2,143,270,315,430,360,3,153,188,215,252,83
2022,1,A,골목상권,2110595,메디힐병원,3307,1776,1531,2,345,697,733,878,652,1,148,334,364,502,427,1,197,363,369,376,225
2022,1,A,골목상권,2110594,신월중학교,1610,737,873,7,235,411,427,385,145,4,83,171,183,194,102,3,152,240,244,191,43
2022,1,A,골목상권,2110593,신월3동주민센터,1979,1072,907,1,214,366,444,532,422,0,79,159,206,310,318,1,135,207,238,222,104
2022,1,A,골목상권,2110592,서울금융고등학교,1788,1020,768,0,177,357,377,459,418,0,64,141,192,300,323,0,113,216,185,159,95
2022,1,A,골목상권,2110591,충정로역 6번,5404,3164,2240,0,955,1528,1449,912,560,0,477,884,839,590,374,0,478,644,610,322,186
2022,1,A,골목상권,2110590,만리재,1948,972,976,1,255,425,499,527,241,1,93,214,253,264,147,0,162,211,246,263,94
2022,1,A,골목상권,2110589,애오개역 3번,2670,1166,1504,0,463,870,876,364,97,0,172,429,389,118,58,0,291,441,487,246,39
2022,1,A,골목상권,2110588,한겨레신문사,2850,1529,1321,2,519,639,724,652,314,2,285,398,335,314,195,0,234,241,389,338,119
2022,1,A,골목상권,2110587,공덕동주민센터,6321,3515,2806,22,1145,1800,1749,1153,452,5,525,961,999,724,301,17,620,839,750,429,151
2022,1,A,골목상권,2110586,서울서부지방법원,19070,11193,7877,90,3888,5775,5319,3123,875,33,1607,3200,3429,2296,628,57,2281,2575,1890,827,247
2022,1,A,골목상권,2110585,마포경찰서,7079,4166,2913,8,1235,2487,2119,968,262,1,618,1463,1293,626,165,7,617,1024,826,342,97
2022,1,A,골목상권,2110584,아현역 4번,1593,827,766,2,374,498,331,224,164,1,138,271,180,129,108,1,236,227,151,95,56
2022,1,A,골목상권,2110583,공덕래미안3차아파트,10579,6407,4172,38,1986,3371,2915,1800,469,9,938,1908,1883,1348,321,29,1048,1463,1032,452,148
2022,1,A,골목상권,2110582,이대역 5번,996,382,614,2,125,209,275,242,143,1,27,57,87,121,89,1,98,152,188,121,54
2022,1,A,골목상권,2110581,염리초등학교,11991,6894,5097,24,1766,2851,3013,2599,1738,10,963,1752,1839,1304,1026,14,803,1099,1174,1295,712
2022,1,A,골목상권,2110580,양원초등학교,835,410,425,3,122,173,205,202,130,2,34,88,96,111,79,1,88,85,109,91,51
2022,1,A,골목상권,2110579,마포역 4번,6836,4344,2492,8,1268,1844,1726,1271,719,6,552,1114,1202,925,545,2,716,730,524,346,174
2022,1,A,골목상권,2110578,대흥역 2번,7403,4583,2820,89,1498,1733,1653,1512,918,34,738,1064,1090,1038,619,55,760,669,563,474,299
2022,1,A,골목상권,2110577,용강동주민센터,7757,4680,3077,78,1507,2186,1956,1205,825,29,743,1309,1275,779,545,49,764,877,681,426,280
2022,1,A,골목상권,2110576,대흥역 3번,5951,3670,2281,79,1016,1372,1330,1278,876,29,500,853,887,811,590,50,516,519,443,467,286
2022,1,A,골목상권,2110575,대흥동주민센터,4424,2010,2414,64,2141,1019,506,453,241,21,801,499,233,280,176,43,1340,520,273,173,65
2022,1,A,골목상권,2110574,서강대학교,1561,918,643,4,194,350,405,384,224,2,93,205,256,209,153,2,101,145,149,175,71
2022,1,A,골목상권,2110573,신촌역 6번,3966,1771,2195,61,2020,931,425,343,186,20,758,445,208,214,126,41,1262,486,217,129,60
2022,1,A,골목상권,2110572,서강대역 1번,9068,4445,4623,72,2764,2315,1724,1543,650,26,1022,1103,935,954,405,46,1742,1212,789,589,245
2022,1,A,골목상권,2110571,신수동주민센터,6299,3573,2726,14,776,1656,1652,1511,690,10,303,790,929,1038,503,4,473,866,723,473,187
2022,1,A,골목상권,2110570,KB국민은행 서강지점,1996,1235,761,10,256,489,549,383,309,9,126,290,317,252,241,1,130,199,232,131,68
2022,1,A,골목상권,2110569,홍대땡땡거리,4784,2362,2422,15,981,1209,1107,899,573,8,435,650,554,397,318,7,546,559,553,502,255
2022,1,A,골목상권,2110568,광흥창역 1번,2827,1531,1296,2,399,755,771,659,241,0,117,361,454,445,154,2,282,394,317,214,87
2022,1,A,골목상권,2110567,광흥창역 6번,2158,1187,971,2,280,488,570,500,318,0,88,208,312,318,261,2,192,280,258,182,57
2022,1,A,골목상권,2110566,경의선책거리,10071,5990,4081,33,1755,2290,2438,2032,1523,20,865,1338,1493,1197,1077,13,890,952,945,835,446
2022,1,A,골목상권,2110565,홍익대,4742,3246,1496,13,762,1139,1187,937,704,7,414,751,851,666,557,6,348,388,336,271,147
2022,1,A,골목상권,2110564,홍대입구역 3번,5143,2795,2348,17,919,1276,1149,1001,781,12,343,638,645,612,545,5,576,638,504,389,236
2022,1,A,골목상권,2110563,상수역 3번,1950,1182,768,20,422,582,432,300,194,14,197,341,286,205,139,6,225,241,146,95,55
2022,1,A,골목상권,2110562,연트럴파크(연남동주민센터),4252,2404,1848,9,682,1050,1057,868,586,8,291,605,590,495,415,1,391,445,467,373,171
2022,1,A,골목상권,2110561,상수역 4번,3164,1891,1273,31,678,957,732,501,265,20,308,561,479,325,198,11,370,396,253,176,67
2022,1,A,골목상권,2110560,마포FM,6502,3860,2642,16,982,1627,1454,1287,1136,10,407,959,988,793,703,6,575,668,466,494,433
2022,1,A,골목상권,2110559,성산중학교,5087,2952,2135,21,936,1483,1317,912,418,13,364,796,845,628,306,8,572,687,472,284,112
2022,1,A,골목상권,2110558,경성고등학교,5587,3527,2060,22,775,1348,1393,1232,817,18,394,800,884,814,617,4,381,548,509,418,200
2022,1,A,골목상권,2110557,홍대부속여중고앞,9427,5263,4164,23,1361,2238,2227,1745,1833,17,545,1184,1349,937,1231,6,816,1054,878,808,602
2022,1,A,골목상권,2110556,절두산순교성지,1684,1064,620,5,244,483,463,361,128,5,104,278,313,266,98,0,140,205,150,95,30
2022,1,A,골목상권,2110555,홍익지구대,4079,2137,1942,11,689,1073,1062,755,489,6,236,510,626,449,310,5,453,563,436,306,179
2022,1,A,골목상권,2110554,망원역 1번,7782,4228,3554,15,1168,1783,1913,1422,1481,10,461,862,1004,783,1108,5,707,921,909,639,373
2022,1,A,골목상권,2110553,가좌역 2번,2187,1399,788,4,204,388,539,613,439,2,92,207,352,431,315,2,112,181,187,182,124
2022,1,A,골목상권,2110552,성미산체육관,3504,2146,1358,9,471,801,906,820,497,5,221,455,546,576,343,4,250,346,360,244,154
2022,1,A,골목상권,2110551,성서초등학교,3701,2140,1561,4,377,635,877,713,1095,4,160,324,410,372,870,0,217,311,467,341,225
2022,1,A,골목상권,2110550,합정역 8번,6172,3370,2802,15,1101,1610,1524,1115,807,10,445,802,926,667,520,5,656,808,598,448,287
2022,1,A,골목상권,2110549,새터산,3175,1870,1305,8,386,657,845,821,458,5,193,379,479,513,301,3,193,278,366,308,157
2022,1,A,골목상권,2110548,마포구청역 4번,6841,4101,2740,18,906,1347,1531,1972,1067,10,478,942,1005,1003,663,8,428,405,526,969,404
2022,1,A,골목상권,2110547,KB국민은행 망원동지점,7219,4458,2761,19,879,1335,1493,1861,1632,11,452,900,987,934,1174,8,427,435,506,927,458
2022,1,A,골목상권,2110546,양화대교북단,2197,1293,904,3,397,587,543,403,264,3,182,321,363,255,169,0,215,266,180,148,95
2022,1,A,골목상권,2110545,마포구청역 1번,5795,3278,2517,19,697,1071,1239,1869,900,11,398,782,801,813,473,8,299,289,438,1056,427
2022,1,A,골목상권,2110544,망리단길,7556,4327,3229,18,1463,1819,1641,1152,1463,8,731,897,847,686,1158,10,732,922,794,466,305
2022,1,A,골목상권,2110543,중암중학교,833,554,279,1,60,103,162,253,254,0,22,52,83,160,237,1,38,51,79,93,17
2022,1,A,골목상권,2110542,마포구청역 7번,5884,3486,2398,20,759,1112,1284,1743,966,11,396,791,870,831,587,9,363,321,414,912,379
2022,1,A,골목상권,2110541,동교초등학교,2316,1291,1025,5,338,448,612,521,392,4,142,250,332,300,263,1,196,198,280,221,129
2022,1,A,골목상권,2110540,망원나들목체육관,2127,1225,902,8,673,639,396,264,147,1,405,345,203,164,107,7,268,294,193,100,40
2022,1,A,골목상권,2110539,미근동,14579,8531,6048,43,2341,4872,3956,2487,880,20,916,2720,2470,1715,690,23,1425,2152,1486,772,190
2022,1,A,골목상권,2110538,충정로역 3번,8936,5270,3666,3,1399,2608,2582,1705,639,2,713,1645,1547,938,425,1,686,963,1035,767,214
2022,1,A,골목상권,2110537,충정로현대아파트,9389,5851,3538,15,1288,2694,2554,1994,844,9,654,1734,1643,1241,570,6,634,960,911,753,274
2022,1,A,골목상권,2110536,돈의문센트레빌아파트입구,4662,2901,1761,17,762,1317,1072,1005,489,12,332,727,714,746,370,5,430,590,358,259,119
2022,1,A,골목상권,2110535,영천시장입구,2014,972,1042,4,231,383,512,581,303,2,70,167,254,298,181,2,161,216,258,283,122
2022,1,A,골목상권,2110534,경기대학교,4575,2795,1780,4,723,1180,1049,884,735,1,313,680,710,586,505,3,410,500,339,298,230
2022,1,A,골목상권,2110533,충정로역 7번,3621,2255,1366,1,528,952,988,704,448,0,271,584,646,462,292,1,257,368,342,242,156
2022,1,A,골목상권,2110532,아현역 2번,2100,1204,896,3,447,553,442,378,277,1,170,320,262,259,192,2,277,233,180,119,85
2022,1,A,골목상권,2110531,홍지문,1399,662,737,3,176,371,355,334,160,0,59,172,172,157,102,3,117,199,183,177,58
2022,1,A,골목상권,2110530,아현역 1번,1496,797,699,2,376,474,297,209,138,1,141,271,169,125,90,1,235,203,128,84,48
2022,1,A,골목상권,2110529,홍제3동주민센터,1380,676,704,4,168,199,285,330,394,1,54,91,126,173,231,3,114,108,159,157,163
2022,1,A,골목상권,2110528,서울여자간호대학교,7645,1571,6074,6,224,518,2027,3660,1210,1,77,161,357,465,510,5,147,357,1670,3195,700
2022,1,A,골목상권,2110527,홍제역 2번,1970,1012,958,5,240,306,504,602,313,1,71,168,245,337,190,4,169,138,259,265,123
2022,1,A,골목상권,2110526,봉원사,3964,2083,1881,1,506,1026,1032,955,444,1,183,424,540,636,299,0,323,602,492,319,145
2022,1,A,골목상권,2110525,홍은종합사회복지관,7540,1491,6049,3,208,498,1991,3642,1198,1,81,160,323,442,484,2,127,338,1668,3200,714
2022,1,A,골목상권,2110524,연희세브란스병원,2431,1469,962,0,349,692,566,565,259,0,160,328,325,444,212,0,189,364,241,121,47
2022,1,A,골목상권,2110523,홍제성원아파트,389,158,231,1,57,82,97,95,57,0,16,28,41,33,40,1,41,54,56,62,17
2022,1,A,골목상권,2110522,홍제역 3번,1382,744,638,3,145,201,379,465,189,1,40,103,201,269,130,2,105,98,178,196,59
2022,1,A,골목상권,2110521,홍제역 4번,1682,856,826,3,180,260,456,544,239,1,56,126,230,305,138,2,124,134,226,239,101
2022,1,A,골목상권,2110520,경의중앙 신촌역,3939,2209,1730,8,672,1067,897,861,434,5,268,503,474,619,340,3,404,564,423,242,94
2022,1,A,골목상권,2110519,서대문구보건소별관,1692,809,883,1,249,320,448,430,244,1,88,147,232,202,139,0,161,173,216,228,105
2022,1,A,골목상권,2110518,서대문구청,4288,2377,1911,12,606,1189,1202,1022,257,9,241,603,676,684,164,3,365,586,526,338,93
2022,1,A,골목상권,2110517,서대문소방서,3275,1935,1340,14,501,833,881,711,335,8,210,520,553,438,206,6,291,313,328,273,129
2022,1,A,골목상권,2110516,정원여중,1381,718,663,0,237,296,370,330,148,0,85,145,205,186,97,0,152,151,165,144,51
2022,1,A,골목상권,2110515,홍은중학교,1397,819,578,2,174,346,389,297,189,2,86,211,238,167,115,0,88,135,151,130,74
2022,1,A,골목상권,2110514,서대문우체국,8426,5862,2564,6,1198,1860,1691,2693,978,3,772,1174,1054,2110,749,3,426,686,637,583,229
2022,1,A,골목상권,2110513,연희파출소,4197,2605,1592,22,701,1052,930,956,536,9,309,668,619,625,375,13,392,384,311,331,161
2022,1,A,골목상권,2110512,연희지하차도,4882,2826,2056,19,663,1252,1324,1216,408,14,271,646,746,846,303,5,392,606,578,370,105
2022,1,A,골목상권,2110511,연희초등학교,8378,6001,2377,13,1131,2005,1738,2599,892,3,668,1322,1149,2137,722,10,463,683,589,462,170
2022,1,A,골목상권,2110510,홍연시장,3041,1987,1054,55,824,775,546,576,265,30,470,602,320,364,201,25,354,173,226,212,64
2022,1,A,골목상권,2110509,연희대우아파트앞,9280,6343,2937,12,1331,2148,1961,2829,999,8,717,1291,1263,2264,800,4,614,857,698,565,199
2022,1,A,골목상권,2110508,서연중학교,5090,3173,1917,65,1140,1333,940,1011,601,33,630,969,582,565,394,32,510,364,358,446,207
2022,1,A,골목상권,2110507,명지대학교,3504,2308,1196,30,563,997,832,765,317,27,345,664,531,490,251,3,218,333,301,275,66
2022,1,A,골목상권,2110506,연희임광아파트,1554,815,739,2,227,343,380,390,212,2,100,227,187,174,125,0,127,116,193,216,87
2022,1,A,골목상권,2110505,홍남교남측,2235,1498,737,50,708,612,370,328,167,27,409,504,235,198,125,23,299,108,135,130,42
2022,1,A,골목상권,2110504,명지전문대,965,467,498,1,90,171,253,281,169,0,34,71,117,147,98,1,56,100,136,134,71
2022,1,A,골목상권,2110503,명지대학교교회,3864,2524,1340,30,620,1117,971,783,343,26,367,778,642,473,238,4,253,339,329,310,105
2022,1,A,골목상권,2110502,남가좌파출소,1097,580,517,0,99,196,301,322,179,0,39,79,152,183,127,0,60,117,149,139,52
2022,1,A,골목상권,2110501,연희어린이공원,1540,875,665,10,217,360,378,360,215,8,103,242,206,176,140,2,114,118,172,184,75
2022,1,A,골목상권,2110500,남가좌동현대아파트,278,164,114,0,37,45,74,87,35,0,21,27,44,54,18,0,16,18,30,33,17
2022,1,A,골목상권,2110499,연가초등학교,1891,1022,869,0,178,382,499,526,306,0,73,217,266,255,211,0,105,165,233,271,95
2022,1,A,골목상권,2110498,증산역 1번,2906,1506,1400,8,440,635,651,682,490,3,148,355,341,338,321,5,292,280,310,344,169
2022,1,A,골목상권,2110497,가좌역 3번,3659,2225,1434,4,227,435,598,923,1472,2,157,292,399,499,876,2,70,143,199,424,596
2022,1,A,골목상권,2110496,모래내우체국,2367,1136,1231,7,310,507,560,577,406,4,94,247,294,279,218,3,216,260,266,298,188
2022,1,A,골목상권,2110495,북가좌2동주민센터,3902,2063,1839,9,568,954,896,849,626,5,186,536,522,443,371,4,382,418,374,406,255
2022,1,A,골목상권,2110494,증산3교남측,1780,1221,559,0,92,213,258,339,878,0,34,98,100,184,805,0,58,115,158,155,73
2022,1,A,골목상권,2110493,북가좌초등학교,1856,1392,464,0,60,148,223,379,1046,0,20,69,94,236,973,0,40,79,129,143,73
2022,1,A,골목상권,2110492,하나고등학교,578,273,305,1,22,107,147,171,130,0,7,76,108,56,26,1,15,31,39,115,104
2022,1,A,골목상권,2110491,불광중학교,579,216,363,1,45,99,156,186,92,1,13,42,53,58,49,0,32,57,103,128,43
2022,1,A,골목상권,2110490,녹번동근린공원,5262,2678,2584,13,663,1384,1395,1293,514,9,294,621,670,746,338,4,369,763,725,547,176
2022,1,A,골목상권,2110489,불광역 3번,1836,816,1020,7,273,558,474,348,176,6,92,204,220,175,119,1,181,354,254,173,57
2022,1,A,골목상권,2110488,우리은행응암동지점,3955,2113,1842,9,480,961,1013,1016,476,6,235,475,494,594,309,3,245,486,519,422,167
2022,1,A,골목상권,2110487,불광역 8번,1735,695,1040,1,239,499,452,361,183,1,77,188,182,154,93,0,162,311,270,207,90
2022,1,A,골목상권,2110486,은평구청,4169,2254,1915,8,461,993,1117,1108,482,5,227,494,557,645,326,3,234,499,560,463,156
2022,1,A,골목상권,2110485,연신내우체국,2361,1188,1173,2,126,245,348,438,1202,1,51,129,145,186,676,1,75,116,203,252,526
2022,1,A,골목상권,2110484,역촌역 3번,4601,2236,2365,13,523,1110,1233,1186,536,9,213,468,558,627,361,4,310,642,675,559,175
2022,1,A,골목상권,2110483,연천초등학교,2384,1178,1206,5,230,267,295,400,1187,1,94,133,119,166,665,4,136,134,176,234,522
2022,1,A,골목상권,2110482,연신초등학교,1850,991,859,0,81,162,205,312,1090,0,37,95,80,152,627,0,44,67,125,160,463
2022,1,A,골목상권,2110481,불광역 7번,1630,770,860,2,178,335,467,396,252,2,71,171,214,161,151,0,107,164,253,235,101
2022,1,A,골목상권,2110480,연신내역 3번,2030,889,1141,7,285,397,542,504,295,2,114,188,232,200,153,5,171,209,310,304,142
2022,1,A,골목상권,2110479,연신내역 2번,3690,1693,1997,6,426,539,641,723,1355,1,130,248,249,302,763,5,296,291,392,421,592
2022,1,A,골목상권,2110478,응암1동주민센터,4707,2474,2233,11,516,997,1136,1196,851,7,227,433,551,650,606,4,289,564,585,546,245
2022,1,A,골목상권,2110477,은평세무서,4870,2612,2258,11,464,976,1178,1295,946,5,201,440,572,727,667,6,263,536,606,568,279
2022,1,A,골목상권,2110476,역촌역 2번,1412,760,652,3,180,328,393,324,184,1,64,162,221,174,138,2,116,166,172,150,46
2022,1,A,골목상권,2110475,백련산해모로아파트,2427,1313,1114,3,275,436,520,560,633,2,122,211,271,274,433,1,153,225,249,286,200
2022,1,A,골목상권,2110474,세명컴퓨터고등학교,2172,1034,1138,6,329,533,548,467,289,5,120,275,242,204,188,1,209,258,306,263,101
2022,1,A,골목상권,2110473,구산역 1번,4113,2032,2081,11,518,794,1040,1015,735,5,204,414,507,425,477,6,314,380,533,590,258
2022,1,A,골목상권,2110472,연신내역 4번,2455,1251,1204,11,334,479,638,552,441,6,127,253,292,262,311,5,207,226,346,290,130
2022,1,A,골목상권,2110471,응암동우체국,1908,1001,907,2,228,332,461,530,355,1,96,145,211,287,261,1,132,187,250,243,94
2022,1,A,골목상권,2110470,신진과학기술고등학교,2093,1305,788,2,198,318,474,517,584,2,95,170,262,309,467,0,103,148,212,208,117
2022,1,A,골목상권,2110469,응암정보도서관,3141,1523,1618,2,316,577,809,898,539,0,113,270,378,427,335,2,203,307,431,471,204
2022,1,A,골목상권,2110468,응암역 3번,4875,2420,2455,6,465,813,1295,1325,971,1,170,377,615,633,624,5,295,436,680,692,347
2022,1,A,골목상권,2110467,은평요양병원,1671,867,804,7,217,398,414,360,275,6,97,221,214,162,167,1,120,177,200,198,108
2022,1,A,골목상권,2110466,구산역 2번,3312,1361,1951,12,538,687,831,818,426,3,172,280,347,320,239,9,366,407,484,498,187
2022,1,A,골목상권,2110465,연신내역 7번,2686,1136,1550,10,437,647,652,580,360,5,132,295,276,227,201,5,305,352,376,353,159
2022,1,A,골목상권,2110464,연신내역 5번,2541,1368,1173,8,266,525,663,583,496,5,105,271,308,312,367,3,161,254,355,271,129
2022,1,A,골목상권,2110463,응암3동주민센터,1096,480,616,2,113,200,291,307,183,1,42,69,109,143,116,1,71,131,182,164,67
2022,1,A,골목상권,2110462,갈현건영아파트,1895,1102,793,9,264,445,440,425,312,6,139,269,256,223,209,3,125,176,184,202,103
2022,1,A,골목상권,2110461,새절역 2번,1064,588,476,2,102,151,247,304,258,1,40,59,115,173,200,1,62,92,132,131,58
2022,1,A,골목상권,2110460,구산역 4번,4650,2629,2021,14,389,739,1103,1501,904,6,161,384,536,911,631,8,228,355,567,590,273
2022,1,A,골목상권,2110459,응암역 2번,3508,1670,1838,4,356,682,987,918,561,1,143,326,439,399,362,3,213,356,548,519,199
2022,1,A,골목상권,2110458,선일여고,2056,993,1063,9,309,535,480,491,232,5,138,283,226,197,144,4,171,252,254,294,88
2022,1,A,골목상권,2110457,예일여고,4039,2288,1751,11,383,599,859,1344,843,2,149,279,424,826,608,9,234,320,435,518,235
2022,1,A,골목상권,2110456,구산보건지소,3451,1673,1778,13,646,727,840,730,495,4,277,335,365,355,337,9,369,392,475,375,158
2022,1,A,골목상권,2110455,역촌노인복지관,3912,1926,1986,7,599,783,1036,909,578,3,258,380,472,412,401,4,341,403,564,497,177
2022,1,A,골목상권,2110454,선정중학교,3136,1975,1161,7,297,545,749,1025,513,3,138,284,381,749,420,4,159,261,368,276,93
2022,1,A,골목상권,2110453,신사1동주민센터,2866,1630,1236,3,295,597,767,684,520,3,160,297,422,377,371,0,135,300,345,307,149
2022,1,A,골목상권,2110452,새절역 3번,1444,869,575,3,116,220,343,416,346,3,59,102,181,239,285,0,57,118,162,177,61
2022,1,A,골목상권,2110451,증산역 4번,3034,2083,951,4,382,662,756,739,491,3,166,453,530,528,403,1,216,209,226,211,88
2022,1,A,골목상권,2110450,시립서북병원,4533,2159,2374,8,894,1069,1015,919,628,2,331,496,489,431,410,6,563,573,526,488,218
2022,1,A,골목상권,2110449,증산역 3번,3046,1961,1085,1,417,740,797,725,366,0,164,495,543,508,251,1,253,245,254,217,115
2022,1,A,골목상권,2110448,상신초등학교입구,1375,785,590,3,145,292,338,322,275,1,88,163,177,167,189,2,57,129,161,155,86
2022,1,A,골목상권,2110447,구산초등학교,1694,1213,481,2,100,239,363,721,269,0,46,110,217,608,232,2,54,129,146,113,37
2022,1,A,골목상권,2110446,내를건너서숲으로도서관,1148,777,371,0,135,243,292,279,199,0,95,161,174,174,173,0,40,82,118,105,26
2022,1,A,골목상권,2110445,덕산중학교,1312,649,663,5,274,319,252,247,215,0,87,169,142,108,143,5,187,150,110,139,72
2022,1,A,골목상권,2110444,수색성당,2661,1802,859,0,198,389,448,542,1084,0,77,194,209,332,990,0,121,195,239,210,94
2022,1,A,골목상권,2110443,수색역 1번,434,287,147,0,42,62,103,136,91,0,17,34,66,96,74,0,25,28,37,40,17
2022,1,A,골목상권,2110442,화랑대철도공원,1159,494,665,2,139,197,301,376,144,2,48,69,108,178,89,0,91,128,193,198,55
2022,1,A,골목상권,2110441,영신여고,1046,454,592,3,105,241,283,309,105,3,45,111,107,126,62,0,60,130,176,183,43
2022,1,A,골목상권,2110440,상계3동4동주민센터,231,87,144,1,38,35,61,53,43,0,13,11,23,19,21,1,25,24,38,34,22
2022,1,A,골목상권,2110439,당고개역 5번,1670,1328,342,1,65,111,343,684,466,0,20,60,265,575,408,1,45,51,78,109,58
2022,1,A,골목상권,2110438,경춘선숲길 우측,3326,1509,1817,2,552,854,911,715,292,1,156,360,411,369,212,1,396,494,500,346,80
2022,1,A,골목상권,2110437,당고개역 2번,2037,1506,531,1,104,171,467,791,503,0,40,88,309,634,435,1,64,83,158,157,68
2022,1,A,골목상권,2110436,상계제일중학교,2066,1047,1019,12,209,464,514,508,359,7,73,229,274,237,227,5,136,235,240,271,132
2022,1,A,골목상권,2110435,서울과학기술대,1792,1224,568,2,186,412,462,475,255,0,112,256,301,331,224,2,74,156,161,144,31
2022,1,A,골목상권,2110434,태릉입구역 4번,3300,1461,1839,4,314,539,764,908,771,2,129,312,364,332,322,2,185,227,400,576,449
2022,1,A,골목상권,2110433,공릉역 2번,4470,2428,2042,8,421,620,969,1270,1182,3,195,339,507,667,717,5,226,281,462,603,465
2022,1,A,골목상권,2110432,대진고등학교,3496,2336,1160,5,355,682,898,1023,533,2,168,399,577,774,416,3,187,283,321,249,117
2022,1,A,골목상권,2110431,상계역,1658,716,942,4,180,322,440,437,275,0,50,144,212,164,146,4,130,178,228,273,129
2022,1,A,골목상권,2110430,중계초등학교,1642,961,681,6,165,297,390,441,343,2,77,164,213,244,261,4,88,133,177,197,82
2022,1,A,골목상권,2110429,공릉동 국수거리,5223,2800,2423,7,523,744,1099,1485,1365,3,246,412,543,754,842,4,277,332,556,731,523
2022,1,A,골목상권,2110428,상계5동주민센터,2338,1163,1175,7,172,298,441,608,812,3,62,155,202,282,459,4,110,143,239,326,353
2022,1,A,골목상권,2110427,노원 을지대학교병원,2885,2027,858,3,300,579,725,832,446,0,149,351,505,667,355,3,151,228,220,165,91
2022,1,A,골목상권,2110426,상계2동주민센터,2834,1540,1294,16,401,546,733,694,444,11,153,300,370,386,320,5,248,246,363,308,124
2022,1,A,골목상권,2110425,계상초등학교,2572,1219,1353,6,228,345,564,659,770,4,90,195,248,280,402,2,138,150,316,379,368
2022,1,A,골목상권,2110424,상계초등학교,2079,864,1215,5,272,368,533,553,348,5,89,181,216,215,158,0,183,187,317,338,190
2022,1,A,골목상권,2110423,석계역 2번,1883,895,988,5,253,375,553,418,279,3,106,197,271,183,135,2,147,178,282,235,144
2022,1,A,골목상권,2110422,노원역 9번,1955,819,1136,3,268,390,499,508,287,1,81,196,208,195,138,2,187,194,291,313,149
2022,1,A,골목상권,2110421,석계역 1번,1716,845,871,4,186,278,426,473,349,2,71,119,191,230,232,2,115,159,235,243,117
2022,1,A,골목상권,2110420,광운대역 1번,1718,979,739,10,353,518,466,244,127,3,175,350,258,123,70,7,178,168,208,121,57
2022,1,A,골목상권,2110419,수락산디자인거리,4260,2771,1489,13,429,898,1053,1126,741,12,245,615,683,706,510,1,184,283,370,420,231
2022,1,A,골목상권,2110418,광운대학교 남단,2484,1345,1139,17,445,664,598,481,279,5,192,396,291,252,209,12,253,268,307,229,70
2022,1,A,골목상권,2110417,월계역 3번,441,184,257,2,62,77,94,122,84,2,23,41,37,47,34,0,39,36,57,75,50
2022,1,A,골목상권,2110416,노원초등학교,1385,669,716,8,135,266,331,352,293,6,53,138,153,171,148,2,82,128,178,181,145
2022,1,A,골목상권,2110415,수락산역 4번,3553,1980,1573,19,461,687,836,890,660,16,254,421,481,483,325,3,207,266,355,407,335
2022,1,A,골목상권,2110414,장석교회,752,511,241,5,70,109,166,205,197,3,38,57,98,139,176,2,32,52,68,66,21
2022,1,A,골목상권,2110413,누원고등학교,580,375,205,0,37,71,120,164,188,0,16,45,70,104,140,0,21,26,50,60,48
2022,1,A,골목상권,2110412,창동중학교,1521,1149,372,3,118,224,267,505,404,1,73,121,160,412,382,2,45,103,107,93,22
2022,1,A,골목상권,2110411,도봉역 3번,1802,1132,670,2,126,304,360,519,491,1,33,150,187,351,410,1,93,154,173,168,81
2022,1,A,골목상권,2110410,방학역 2번,5708,3428,2280,10,558,1304,1395,1507,934,9,280,756,767,936,680,1,278,548,628,571,254
2022,1,A,골목상권,2110409,창동역 2번,6649,4154,2495,6,756,1498,1635,1402,1352,4,385,1020,1098,743,904,2,371,478,537,659,448
2022,1,A,골목상권,2110408,가인초등학교,5577,3850,1727,5,581,1307,1343,1121,1220,3,343,986,1014,685,819,2,238,321,329,436,401
2022,1,A,골목상권,2110407,도봉역 2번,2678,1900,778,7,190,399,535,778,769,5,95,243,303,572,682,2,95,156,232,206,87
2022,1,A,골목상권,2110406,도봉산역 1번,1362,928,434,0,45,103,268,453,493,0,17,63,189,336,323,0,28,40,79,117,170
2022,1,A,골목상권,2110405,방학역 1번,2975,1622,1353,6,288,534,730,892,525,5,159,353,350,369,386,1,129,181,380,523,139
2022,1,A,골목상권,2110404,신창초등학교,2334,1247,1087,11,291,485,642,611,294,8,108,229,337,362,203,3,183,256,305,249,91
2022,1,A,골목상권,2110403,방학1동주민센터,3553,1965,1588,10,456,716,860,1052,459,6,261,473,457,498,270,4,195,243,403,554,189
2022,1,A,골목상권,2110402,도봉구 정병원,2172,1117,1055,5,296,450,517,579,325,4,109,246,277,283,198,1,187,204,240,296,127
2022,1,A,골목상권,2110401,도봉구민회관,5856,3856,2000,1,599,1299,1388,1267,1302,0,346,940,977,718,875,1,253,359,411,549,427
2022,1,A,골목상권,2110400,도봉구보건소,2134,1058,1076,4,298,390,510,558,374,3,99,190,250,278,238,1,199,200,260,280,136
2022,1,A,골목상권,2110399,창2동주민센터,1982,1088,894,10,245,463,553,465,246,9,128,273,295,219,164,1,117,190,258,246,82
2022,1,A,골목상권,2110398,쌍문2동우체국,2359,1255,1104,1,247,367,547,725,472,1,87,168,253,427,319,0,160,199,294,298,153
2022,1,A,골목상권,2110397,도봉산입구,1579,963,616,1,95,207,290,413,573,1,25,106,157,272,402,0,70,101,133,141,171
2022,1,A,골목상권,2110396,쌍문역1번(쌍리단길),1577,763,814,4,242,329,382,395,225,1,84,135,198,208,137,3,158,194,184,187,88
2022,1,A,골목상권,2110395,신한은행 방학동지점,1120,597,523,4,157,280,302,227,150,3,72,148,158,121,95,1,85,132,144,106,55
2022,1,A,골목상권,2110394,방학중학교,1435,629,806,1,142,279,358,336,319,1,52,119,150,152,155,0,90,160,208,184,164
2022,1,A,골목상권,2110393,국민은행방학지점,1001,461,540,3,124,275,252,240,107,2,39,137,120,96,67,1,85,138,132,144,40
2022,1,A,골목상권,2110392,발바닥공원,704,449,255,3,99,210,202,121,69,2,39,126,148,81,53,1,60,84,54,40,16
2022,1,A,골목상권,2110391,샘말어린이공원,1172,574,598,0,93,215,234,283,347,0,34,95,107,140,198,0,59,120,127,143,149
2022,1,A,골목상권,2110390,방학초등학교,1901,820,1081,3,194,445,458,515,286,2,59,201,209,188,161,1,135,244,249,327,125
2022,1,A,골목상권,2110389,한일병원,3050,1577,1473,1,573,707,741,679,349,1,171,353,410,396,246,0,402,354,331,283,103
2022,1,A,골목상권,2110388,도봉우체국,2071,923,1148,4,436,450,512,485,184,3,105,207,224,244,140,1,331,243,288,241,44
2022,1,A,골목상권,2110387,쌍문초등학교,1678,803,875,0,227,365,452,414,220,0,67,151,187,208,190,0,160,214,265,206,30
2022,1,A,골목상권,2110386,연산군묘,1120,668,452,0,136,219,227,306,232,0,61,122,131,158,196,0,75,97,96,148,36
2022,1,A,골목상권,2110385,효문고등학교,780,268,512,0,136,158,203,185,98,0,33,42,60,71,62,0,103,116,143,114,36
2022,1,A,골목상권,2110384,문이교,622,295,327,1,71,88,145,188,129,0,21,33,51,98,92,1,50,55,94,90,37
2022,1,A,골목상권,2110383,덕성여대시반거리,494,170,324,0,83,84,121,116,90,0,12,24,42,39,53,0,71,60,79,77,37
2022,1,A,골목상권,2110382,솔밭공원역 1번,967,418,549,1,145,169,222,256,174,0,31,52,83,123,129,1,114,117,139,133,45
2022,1,A,골목상권,2110381,번동주공2단지,1056,559,497,5,107,230,262,299,153,4,33,95,131,178,118,1,74,135,131,121,35
2022,1,A,골목상권,2110380,강북문화정보도서관,980,504,476,5,99,143,203,291,239,3,30,74,101,150,146,2,69,69,102,141,93
2022,1,A,골목상권,2110379,KT&G 북부지사,767,383,384,2,97,108,197,257,106,0,47,44,83,145,64,2,50,64,114,112,42
2022,1,A,골목상권,2110378,송중동주민센터,1170,548,622,8,119,172,339,287,245,6,52,74,144,126,146,2,67,98,195,161,99
2022,1,A,골목상권,2110377,미아사거리역 3번,1050,449,601,7,158,220,271,253,141,6,51,81,107,112,92,1,107,139,164,141,49
2022,1,A,골목상권,2110376,수송초등학교,4978,2722,2256,8,551,1213,1234,1264,708,6,230,624,673,782,407,2,321,589,561,482,301
2022,1,A,골목상권,2110375,서울북부고용노동지청,1301,632,669,2,141,171,335,392,260,0,58,78,134,204,158,2,83,93,201,188,102
2022,1,A,골목상권,2110374,송중초등학교,2009,977,1032,7,186,338,530,528,420,6,61,128,222,264,296,1,125,210,308,264,124
2022,1,A,골목상권,2110373,수유역 2번,4903,2639,2264,10,549,1094,1104,1278,868,8,214,534,563,814,506,2,335,560,541,464,362
2022,1,A,골목상권,2110372,강북중학교,1588,852,736,1,167,364,452,356,248,1,87,203,249,169,143,0,80,161,203,187,105
2022,1,A,골목상권,2110371,삼양입구사거리,1233,656,577,2,114,236,332,331,218,2,43,109,155,183,164,0,71,127,177,148,54
2022,1,A,골목상권,2110370,도봉세무서,1385,735,650,7,100,222,365,379,312,6,28,93,168,200,240,1,72,129,197,179,72
2022,1,A,골목상권,2110369,성신여대운정그린캠퍼스,4108,2368,1740,5,481,782,894,1069,877,1,210,445,512,655,545,4,271,337,382,414,332
2022,1,A,골목상권,2110368,송천초등학교,5342,2779,2563,416,2025,1339,744,507,311,177,905,732,414,294,257,239,1120,607,330,213,54
2022,1,A,골목상권,2110367,강북구청,5008,2534,2474,10,519,1028,1016,1220,1215,8,207,520,524,762,513,2,312,508,492,458,702
2022,1,A,골목상권,2110366,광산사거리,3568,1624,1944,6,321,730,793,840,878,4,125,324,383,466,322,2,196,406,410,374,556
2022,1,A,골목상권,2110365,미아역 5번,1610,747,863,3,136,224,389,402,456,3,45,85,163,219,232,0,91,139,226,183,224
2022,1,A,골목상권,2110364,미아역 8번,1852,961,891,3,226,366,513,491,253,1,85,173,274,268,160,2,141,193,239,223,93
2022,1,A,골목상권,2110363,송천동주민센터,819,499,320,2,54,138,220,209,196,1,23,71,116,131,157,1,31,67,104,78,39
2022,1,A,골목상권,2110362,우이천 계성교,2117,1320,797,2,227,296,541,686,365,0,74,153,330,480,283,2,153,143,211,206,82
2022,1,A,골목상권,2110361,삼양사거리역 1번,1111,550,561,3,66,131,213,280,418,2,24,58,105,156,205,1,42,73,108,124,213
2022,1,A,골목상권,2110360,수유초등학교,2635,1274,1361,5,299,387,567,782,595,1,79,163,238,375,418,4,220,224,329,407,177
2022,1,A,골목상권,2110359,수유시장옆,5157,2359,2798,6,450,898,1053,1316,1434,4,136,365,470,708,676,2,314,533,583,608,758
2022,1,A,골목상권,2110358,인수동 우편취급국,2810,1471,1339,2,265,403,554,783,803,0,80,179,255,417,540,2,185,224,299,366,263
2022,1,A,골목상권,2110357,가오리역 1번,2401,1556,845,1,127,166,397,647,1063,0,34,71,252,471,728,1,93,95,145,176,335
2022,1,A,골목상권,2110356,덕수교,2011,1093,918,0,145,214,368,345,939,0,37,85,163,165,643,0,108,129,205,180,296
2022,1,A,골목상권,2110355,삼양사거리역 2번,905,486,419,2,85,153,223,225,217,1,22,49,110,139,165,1,63,104,113,86,52
2022,1,A,골목상권,2110354,삼각산119안전센터,365,141,224,1,38,87,110,81,48,0,9,25,45,32,30,1,29,62,65,49,18
2022,1,A,골목상권,2110353,수유동우체국,2389,1550,839,0,129,158,408,615,1079,0,26,73,267,444,740,0,103,85,141,171,339
2022,1,A,골목상권,2110352,수유1동주민센터,1621,708,913,1,183,303,456,479,199,0,61,122,184,209,132,1,122,181,272,270,67
2022,1,A,골목상권,2110351,수유북부시장옆,1877,1274,603,0,96,227,484,737,333,0,36,133,349,484,272,0,60,94,135,253,61
2022,1,A,골목상권,2110350,가오리역 2번,2640,1559,1081,0,221,477,709,807,426,0,62,232,442,507,316,0,159,245,267,300,110
2022,1,A,골목상권,2110349,화계역 2번,1164,619,545,0,95,179,284,397,209,0,37,65,127,214,176,0,58,114,157,183,33
2022,1,A,골목상권,2110348,강북문화예술회관,3953,2554,1399,0,227,512,876,1129,1209,0,65,242,587,813,847,0,162,270,289,316,362
2022,1,A,골목상권,2110347,구세군강북종합사회복지관,443,186,257,0,54,96,140,85,68,0,10,34,63,36,43,0,44,62,77,49,25
2022,1,A,골목상권,2110346,4.19민주묘지역 2번,754,369,385,0,109,137,212,161,135,0,22,69,113,81,84,0,87,68,99,80,51
2022,1,A,골목상권,2110345,솔밭공원역 2번,1604,918,686,1,168,207,320,549,359,0,35,65,142,387,289,1,133,142,178,162,70
2022,1,A,골목상권,2110344,화계중학교,815,417,398,0,75,148,217,296,79,0,39,57,111,143,67,0,36,91,106,153,12
2022,1,A,골목상권,2110343,무너미어린이공원,2303,1336,967,0,149,297,429,446,982,0,49,177,246,213,651,0,100,120,183,233,331
2022,1,A,골목상권,2110342,국립재활원,2250,1364,886,1,194,476,644,645,290,0,66,242,426,420,210,1,128,234,218,225,80
2022,1,A,골목상권,2110341,북한산우이역 2번,860,529,331,0,44,68,132,304,312,0,14,31,72,258,154,0,30,37,60,46,158
2022,1,A,골목상권,2110340,인수중학교,1205,760,445,6,164,256,276,329,174,6,81,173,168,189,143,0,83,83,108,140,31
2022,1,A,골목상권,2110339,국립4.19민주묘지,1097,718,379,6,146,196,248,305,196,6,67,139,153,190,163,0,79,57,95,115,33
2022,1,A,골목상권,2110338,인수초등학교,1955,1067,888,6,266,494,469,470,250,6,111,260,248,248,194,0,155,234,221,222,56
2022,1,A,골목상권,2110337,아카데미하우스,1438,921,517,6,178,311,344,390,209,6,85,207,216,232,175,0,93,104,128,158,34
2022,1,A,골목상권,2110336,석관고등학교,1951,1389,562,1,128,204,257,338,1023,0,66,113,151,240,819,1,62,91,106,98,204
2022,1,A,골목상권,2110335,석계역 7번,2887,1837,1050,2,243,313,463,598,1268,0,99,147,243,370,978,2,144,166,220,228,290
2022,1,A,골목상권,2110334,석관중앙교회,1691,1099,592,3,192,394,413,449,240,0,95,241,244,324,195,3,97,153,169,125,45
2022,1,A,골목상권,2110333,돌곶이역 5번,2875,2051,824,4,237,375,414,553,1292,0,107,239,264,375,1066,4,130,136,150,178,226
2022,1,A,골목상권,2110332,돌곶이역 3번,2402,1642,760,6,189,237,310,429,1231,1,74,125,174,259,1009,5,115,112,136,170,222
2022,1,A,골목상권,2110331,돌곶이역 8번,1331,817,514,4,173,283,315,283,273,0,60,182,193,164,218,4,113,101,122,119,55
2022,1,A,골목상권,2110330,돌곶이역 1번,1199,626,573,1,137,217,277,273,294,0,40,102,128,127,229,1,97,115,149,146,65
2022,1,A,골목상권,2110329,우리은행체육관,1280,745,535,8,131,269,305,313,254,4,45,134,165,200,197,4,86,135,140,113,57
2022,1,A,골목상권,2110328,상월곡역 3번,966,544,422,4,142,252,268,208,92,1,59,142,158,118,66,3,83,110,110,90,26
2022,1,A,골목상권,2110327,상월곡역 2번,1998,1149,849,5,355,494,539,387,218,1,166,295,311,215,161,4,189,199,228,172,57
2022,1,A,골목상권,2110326,장위동성당,2029,1211,818,4,314,426,541,433,311,3,149,249,314,263,233,1,165,177,227,170,78
2022,1,A,골목상권,2110325,장곡초등학교,1638,957,681,8,198,313,438,380,301,6,100,176,257,221,197,2,98,137,181,159,104
2022,1,A,골목상권,2110324,월곡역 4번,3140,1982,1158,5,533,1043,730,527,302,1,265,704,453,335,224,4,268,339,277,192,78
2022,1,A,골목상권,2110323,상월곡역 1번,4067,2556,1511,5,678,1174,962,808,440,1,336,790,596,503,330,4,342,384,366,305,110
2022,1,A,골목상권,2110322,장위1동주민센터,1274,741,533,8,218,235,278,270,265,4,110,153,164,146,164,4,108,82,114,124,101
2022,1,A,골목상권,2110321,동덕여대,2313,1366,947,1,299,420,551,516,526,0,134,242,299,273,418,1,165,178,252,243,108
2022,1,A,골목상권,2110320,KB국민은행 종암동지점,1182,673,509,1,119,228,369,325,140,1,35,101,200,239,97,0,84,127,169,86,43
2022,1,A,골목상권,2110319,종암동주민센터,2766,1528,1238,6,392,614,672,775,307,1,178,373,362,458,156,5,214,241,310,317,151
2022,1,A,골목상권,2110318,KT월곡지사,4670,3051,1619,8,464,852,998,1077,1271,3,232,511,595,716,994,5,232,341,403,361,277
2022,1,A,골목상권,2110317,종암중학교,984,490,494,0,108,232,312,228,104,0,37,97,154,140,62,0,71,135,158,88,42
2022,1,A,골목상권,2110316,숭곡초등학교,3749,2252,1497,12,320,511,783,810,1313,11,132,241,383,471,1014,1,188,270,400,339,299
2022,1,A,골목상권,2110315,종암아이파크2차,19523,10008,9515,57,1546,5002,7164,5525,229,13,627,1664,3177,4378,149,44,919,3338,3987,1147,80
2022,1,A,골목상권,2110314,종암경찰서,22088,12093,9995,63,1812,5489,7636,6091,997,14,829,2083,3572,4842,753,49,983,3406,4064,1249,244
2022,1,A,골목상권,2110313,안암역 3번,4486,2929,1557,7,548,1055,1239,1027,610,3,263,654,815,721,473,4,285,401,424,306,137
2022,1,A,골목상권,2110312,안암역 2번,1666,856,810,1,199,457,563,337,109,0,70,198,309,204,75,1,129,259,254,133,34
2022,1,A,골목상권,2110311,종암아이파크2차후문,18419,9472,8947,55,1397,4775,6829,5279,84,12,583,1567,3015,4229,66,43,814,3208,3814,1050,18
2022,1,A,골목상권,2110310,길음역 10번,2304,969,1335,10,637,675,493,352,137,1,143,321,258,161,85,9,494,354,235,191,52
2022,1,A,골목상권,2110309,대광초등학교,3669,2531,1138,12,521,883,910,786,557,4,294,622,640,561,410,8,227,261,270,225,147
2022,1,A,골목상권,2110308,길음역 8번,7178,3463,3715,428,2655,1922,1125,688,360,177,1050,1021,613,334,268,251,1605,901,512,354,92
2022,1,A,골목상권,2110307,길음역 7번,2596,948,1648,10,718,682,547,427,212,0,146,268,216,179,139,10,572,414,331,248,73
2022,1,A,골목상권,2110306,미아초등학교,5376,2688,2688,419,2073,1365,788,449,282,176,923,736,412,220,221,243,1150,629,376,229,61
2022,1,A,골목상권,2110305,보문역 5번,6471,4952,1519,11,812,2114,1358,1346,830,5,488,1734,1085,1066,574,6,324,380,273,280,256
2022,1,A,골목상권,2110304,보문역 4번,5081,2911,2170,4,547,1204,1258,1332,736,3,248,624,733,863,440,1,299,580,525,469,296
2022,1,A,골목상권,2110303,성신여대입구역 1번,2302,983,1319,23,343,507,539,532,358,11,93,195,230,247,207,12,250,312,309,285,151
2022,1,A,골목상권,2110302,보문역 8번,6611,5075,1536,7,801,2204,1491,1413,695,2,445,1775,1209,1164,480,5,356,429,282,249,215
2022,1,A,골목상권,2110301,성신여대입구역 7번,2407,1250,1157,22,336,473,551,587,438,16,112,206,285,329,302,6,224,267,266,258,136
2022,1,A,골목상권,2110300,삼선동주민센터,7082,3275,3807,21,849,1747,2084,1699,682,12,261,673,916,1026,387,9,588,1074,1168,673,295
2022,1,A,골목상권,2110299,정릉역 1번,2389,1112,1277,6,327,495,591,580,390,1,79,200,234,301,297,5,248,295,357,279,93
2022,1,A,골목상권,2110298,솔숲어린이공원,1609,756,853,6,199,274,412,438,280,1,58,98,163,222,214,5,141,176,249,216,66
2022,1,A,골목상권,2110297,경동고등학교,9374,4825,4549,19,1150,2351,2816,2260,778,8,435,1116,1431,1392,443,11,715,1235,1385,868,335
2022,1,A,골목상권,2110296,성신여대입구역 4번,13044,7926,5118,60,2010,3119,4030,2350,1475,26,917,1816,2693,1739,735,34,1093,1303,1337,611,740
2022,1,A,골목상권,2110295,정릉우체국,2490,1166,1324,2,366,486,617,609,410,0,99,203,246,329,289,2,267,283,371,280,121
2022,1,A,골목상권,2110294,서경대학교,2549,1324,1225,1,378,447,634,629,460,0,105,193,305,381,340,1,273,254,329,248,120
2022,1,A,골목상권,2110293,삼선중학교,16035,9034,7001,63,2380,3897,5184,2868,1643,27,1059,2173,3103,1899,773,36,1321,1724,2081,969,870
2022,1,A,골목상권,2110292,정릉역 2번,1455,558,897,1,246,356,390,314,148,0,62,144,125,131,96,1,184,212,265,183,52
2022,1,A,골목상권,2110291,한성대입구역 3번,4682,2808,1874,4,513,944,1389,1258,574,2,184,541,891,836,354,2,329,403,498,422,220
2022,1,A,골목상권,2110290,북한산보국문역 1번,1034,535,499,2,104,127,218,313,270,0,28,65,110,176,156,2,76,62,108,137,114
2022,1,A,골목상권,2110289,북한산보국문역 2번,1888,951,937,0,291,395,491,441,270,0,88,179,225,255,204,0,203,216,266,186,66
2022,1,A,골목상권,2110288,동구여중,4250,2398,1852,23,496,930,1431,989,381,12,211,489,785,607,294,11,285,441,646,382,87
2022,1,A,골목상권,2110287,정릉3동주민센터,1637,1229,408,0,230,512,449,314,132,0,133,403,340,243,110,0,97,109,109,71,22
2022,1,A,골목상권,2110286,한성대입구역 5번,6385,3175,3210,20,806,1509,1805,1506,739,9,265,708,929,826,438,11,541,801,876,680,301
2022,1,A,골목상권,2110285,홍대부중,5373,2950,2423,12,1018,1547,1503,934,359,7,415,798,842,619,269,5,603,749,661,315,90
2022,1,A,골목상권,2110284,정릉북한산국립공원입구,1223,860,363,0,80,214,331,411,187,0,23,120,249,314,154,0,57,94,82,97,33
2022,1,A,골목상권,2110283,성북초등학교앞,4093,2342,1751,15,771,1263,1080,686,278,9,312,713,699,425,184,6,459,550,381,261,94
2022,1,A,골목상권,2110282,국민대학교앞,1943,1389,554,15,322,603,452,316,235,14,185,441,355,248,146,1,137,162,97,68,89
2022,1,A,골목상권,2110281,길상사,17018,13990,3028,25,2042,3972,4890,5544,545,4,1214,2904,4251,5231,386,21,828,1068,639,313,159
2022,1,A,골목상권,2110280,북정마을,14960,12846,2114,18,1405,3400,4437,5321,379,4,942,2610,3998,5030,262,14,463,790,439,291,117
2022,1,A,골목상권,2110279,신내역 2번,2047,735,1312,1,530,644,403,373,96,0,99,241,188,148,59,1,431,403,215,225,37
2022,1,A,골목상권,2110278,망우본동주민센터,2878,1577,1301,10,284,489,618,849,628,1,85,183,285,500,523,9,199,306,333,349,105
2022,1,A,골목상권,2110277,러스크서울병원,2130,1283,847,13,203,291,394,651,578,2,69,98,204,424,486,11,134,193,190,227,92
2022,1,A,골목상권,2110276,신내IC북측,607,375,232,0,44,112,142,253,56,0,25,88,107,124,31,0,19,24,35,129,25
2022,1,A,골목상권,2110275,하나은행 망우동지점,1686,1011,675,10,166,215,299,524,472,0,46,66,154,349,396,10,120,149,145,175,76
2022,1,A,골목상권,2110274,서일대학교,2030,1277,753,2,173,309,487,576,483,1,57,162,302,404,351,1,116,147,185,172,132
2022,1,A,골목상권,2110273,장스여성병원,1613,1000,613,9,132,209,298,500,465,1,34,80,150,339,396,8,98,129,148,161,69
2022,1,A,골목상권,2110272,신내1동주민센터,5843,3433,2410,7,756,1311,1295,1459,1015,6,386,660,668,911,802,1,370,651,627,548,213
2022,1,A,골목상권,2110271,신내역 1번,2658,1073,1585,5,607,752,539,616,139,1,134,318,283,257,80,4,473,434,256,359,59
2022,1,A,골목상권,2110270,혜원여고,1224,728,496,0,98,181,286,344,315,0,39,103,157,210,219,0,59,78,129,134,96
2022,1,A,골목상권,2110269,용마문화복지센터,1320,882,438,1,120,224,285,389,301,0,50,133,182,292,225,1,70,91,103,97,76
2022,1,A,골목상권,2110268,망우3동주민센터,1612,1031,581,3,203,323,368,411,304,3,130,207,213,250,228,0,73,116,155,161,76
2022,1,A,골목상권,2110267,망우역 2번,3855,2306,1549,17,545,783,816,902,792,13,310,445,442,506,590,4,235,338,374,396,202
2022,1,A,골목상권,2110266,면목동우체국,3102,1920,1182,7,322,539,733,852,649,2,104,264,432,611,507,5,218,275,301,241,142
2022,1,A,골목상권,2110265,망우역 1번,3076,1829,1247,16,364,540,716,803,637,5,170,256,354,517,527,11,194,284,362,286,110
2022,1,A,골목상권,2110264,면목역 2번,2233,1223,1010,3,236,458,534,610,392,0,80,225,279,374,265,3,156,233,255,236,127
2022,1,A,골목상권,2110263,면목역 1번,2962,1753,1209,6,445,738,846,625,302,3,244,499,441,330,236,3,201,239,405,295,66
2022,1,A,골목상권,2110262,상봉역 3번,3221,1967,1254,8,450,790,948,652,373,4,252,530,510,366,305,4,198,260,438,286,68
2022,1,A,골목상권,2110261,사가정역 4번,3127,2086,1041,5,288,460,746,997,631,4,111,243,469,761,498,1,177,217,277,236,133
2022,1,A,골목상권,2110260,면목역 3번,2514,1442,1072,3,356,591,717,548,299,0,154,393,354,299,242,3,202,198,363,249,57
2022,1,A,골목상권,2110259,사가정역 1번,3127,1865,1262,6,337,678,872,745,489,3,144,363,490,495,370,3,193,315,382,250,119
2022,1,A,골목상권,2110258,면동초등학교,2037,1206,831,5,240,437,528,494,333,1,106,255,280,307,257,4,134,182,248,187,76
2022,1,A,골목상권,2110257,상봉역 7번,2452,1607,845,11,219,403,552,647,620,10,108,220,301,442,526,1,111,183,251,205,94
2022,1,A,골목상권,2110256,면목2동체육관,3547,2122,1425,5,446,738,941,853,564,1,202,481,507,484,447,4,244,257,434,369,117
2022,1,A,골목상권,2110255,상봉역 4번,4458,2784,1674,6,479,915,1219,1023,816,1,229,569,676,643,666,5,250,346,543,380,150
2022,1,A,골목상권,2110254,오거리공원,2416,1571,845,3,191,424,659,814,325,2,79,223,410,603,254,1,112,201,249,211,71
2022,1,A,골목상권,2110253,중곡초등학교,1855,1320,535,2,153,294,471,641,294,1,81,182,321,513,222,1,72,112,150,128,72
2022,1,A,골목상권,2110252,장안제일시장,1993,1261,732,2,203,364,494,505,425,1,97,223,245,330,365,1,106,141,249,175,60
2022,1,A,골목상권,2110251,장안중학교,2262,1349,913,0,231,428,502,567,534,0,89,190,253,357,460,0,142,238,249,210,74
2022,1,A,골목상권,2110250,화랑대역 7번,1509,739,770,5,140,332,409,398,225,1,49,156,183,195,155,4,91,176,226,203,70
2022,1,A,골목상권,2110249,중화역 1번,3063,1949,1114,1,402,709,752,735,464,1,223,405,433,507,380,0,179,304,319,228,84
2022,1,A,골목상권,2110248,먹골파출소,1263,628,635,3,134,298,352,301,175,0,45,145,171,147,120,3,89,153,181,154,55
2022,1,A,골목상권,2110247,먹골역 1번,2991,1922,1069,0,398,676,750,773,394,0,207,418,446,532,319,0,191,258,304,241,75
2022,1,A,골목상권,2110246,월드순복음교회,2145,1274,871,4,193,347,472,594,535,1,63,160,269,364,417,3,130,187,203,230,118
2022,1,A,골목상권,2110245,KB국민은행 중화동지점,2037,1261,776,3,166,345,495,514,514,1,63,179,281,323,414,2,103,166,214,191,100
2022,1,A,골목상권,2110244,중화역 4번,2398,1528,870,2,356,606,575,562,297,2,209,364,342,382,229,0,147,242,233,180,68
2022,1,A,골목상권,2110243,중랑노인종합복지관,1660,977,683,2,141,271,376,485,385,1,50,133,206,282,305,1,91,138,170,203,80
2022,1,A,골목상권,2110242,면목5동주민센터,1226,796,430,1,101,187,289,334,314,0,45,120,154,211,266,1,56,67,135,123,48
2022,1,A,골목상권,2110241,먹골역 5번,2531,1611,920,1,347,608,639,667,269,1,191,387,378,452,202,0,156,221,261,215,67
2022,1,A,골목상권,2110240,태릉시장 특화거리,1145,548,597,8,174,260,261,239,203,6,84,106,113,110,129,2,90,154,148,129,74
2022,1,A,골목상권,2110239,중랑역 2번,690,313,377,5,95,118,156,155,161,2,29,46,64,73,99,3,66,72,92,82,62
2022,1,A,골목상권,2110238,배꽃어린이공원,1473,1122,351,2,227,342,337,358,207,2,157,266,243,292,162,0,70,76,94,66,45
2022,1,A,골목상권,2110237,메가박스 상봉,3560,2363,1197,12,356,778,1051,1010,353,10,168,485,723,741,236,2,188,293,328,269,117
2022,1,A,골목상권,2110236,신묵초등학교,2471,1622,849,2,350,599,613,640,267,2,195,394,387,452,192,0,155,205,226,188,75
2022,1,A,골목상권,2110235,세화어린이공원,381,210,171,6,90,59,103,71,52,5,52,33,45,38,37,1,38,26,58,33,15
2022,1,A,골목상권,2110234,중랑역 4번,3174,2317,857,12,298,719,1010,858,277,10,155,484,757,704,207,2,143,235,253,154,70
2022,1,A,골목상권,2110233,중랑역 1번,3032,2188,844,17,357,651,916,814,277,14,188,439,671,673,203,3,169,212,245,141,74
2022,1,A,골목상권,2110232,동대부고,3028,1420,1608,3,381,593,816,786,449,1,123,264,333,381,318,2,258,329,483,405,131
2022,1,A,골목상권,2110231,장안교,1741,1065,676,6,143,324,461,478,329,4,59,155,249,315,283,2,84,169,212,163,46
2022,1,A,골목상권,2110230,장안현대홈타운1차아파트,5246,2850,2396,14,898,1262,1405,1131,536,10,473,718,698,598,353,4,425,544,707,533,183
2022,1,A,골목상권,2110229,장평중학교,5475,3447,2028,11,604,1021,1167,1234,1438,7,309,620,723,769,1019,4,295,401,444,465,419
2022,1,A,골목상권,2110228,장안근린공원,6839,3589,3250,54,2007,1290,1365,1326,797,32,1034,727,628,629,539,22,973,563,737,697,258
2022,1,A,골목상권,2110227,답십리공원,4470,2551,1919,49,1629,777,743,784,488,30,929,507,422,364,299,19,700,270,321,420,189
2022,1,A,골목상권,2110226,장안1동주민센터,6971,3871,3100,22,858,1351,1602,1672,1466,17,403,767,886,926,872,5,455,584,716,746,594
2022,1,A,골목상권,2110225,촬영소사거리,2931,1595,1336,12,223,386,587,760,963,9,107,227,365,390,497,3,116,159,222,370,466
2022,1,A,골목상권,2110224,외대앞역 2번,1398,804,594,3,138,261,402,359,235,1,53,146,243,245,116,2,85,115,159,114,119
2022,1,A,골목상권,2110223,군자초등학교,6674,4353,2321,43,1459,1676,1307,1058,1131,11,711,1129,908,704,890,32,748,547,399,354,241
2022,1,A,골목상권,2110222,회기역 2번,2392,1179,1213,2,403,501,609,625,252,0,104,257,343,339,136,2,299,244,266,286,116
2022,1,A,골목상권,2110221,의릉,1144,696,448,3,127,310,315,263,126,0,43,194,185,173,101,3,84,116,130,90,25
2022,1,A,골목상권,2110220,외대앞역 1번,3641,1571,2070,2,688,923,946,679,403,1,133,336,444,404,253,1,555,587,502,275,150
2022,1,A,골목상권,2110219,삼육보건대학교,4450,2371,2079,4,582,896,1094,1128,746,2,182,417,615,657,498,2,400,479,479,471,248
2022,1,A,골목상권,2110218,답십리사거리,1435,853,582,7,165,299,369,350,245,5,66,165,204,224,189,2,99,134,165,126,56
2022,1,A,골목상권,2110217,자동차부품상가,6813,4504,2309,26,1478,1623,1457,1223,1006,21,859,1143,968,768,745,5,619,480,489,455,261
2022,1,A,골목상권,2110216,전농중학교,2153,1119,1034,3,263,476,586,555,270,1,114,236,297,296,175,2,149,240,289,259,95
2022,1,A,골목상권,2110215,회기역 1번,2459,902,1557,4,638,776,558,322,161,1,126,278,223,148,126,3,512,498,335,174,35
2022,1,A,골목상권,2110214,경희대후문,3292,1434,1858,1,689,917,862,572,251,1,134,332,426,346,195,0,555,585,436,226,56
2022,1,A,골목상권,2110213,청량초등학교,2169,702,1467,0,592,722,494,250,111,0,101,237,187,96,81,0,491,485,307,154,30
2022,1,A,골목상권,2110212,답십리초등학교,6736,3585,3151,26,1187,1542,1846,1660,475,22,887,1141,773,457,305,4,300,401,1073,1203,170
2022,1,A,골목상권,2110211,전곡마을마당공원,2826,1580,1246,4,375,594,732,764,357,1,152,275,439,468,245,3,223,319,293,296,112
2022,1,A,골목상권,2110210,서울시립대,3076,1537,1539,7,419,611,663,709,667,4,126,242,352,377,436,3,293,369,311,332,231
2022,1,A,골목상권,2110209,답십리 장령당공원,4354,2000,2354,4,640,954,1230,1197,329,1,470,685,419,202,223,3,170,269,811,995,106
2022,1,A,골목상권,2110208,시조사삼거리,2384,1294,1090,4,388,710,460,463,359,3,155,452,245,252,187,1,233,258,215,211,172
2022,1,A,골목상권,2110207,시립대앞사거리,2645,1363,1282,3,363,557,634,682,406,1,117,229,344,396,276,2,246,328,290,286,130
2022,1,A,골목상권,2110206,텃골근린공원,1284,744,540,2,151,241,347,340,203,1,84,134,221,207,97,1,67,107,126,133,106
2022,1,A,골목상권,2110205,경희대삼거리,3822,2069,1753,6,701,1290,710,636,479,4,281,760,405,362,257,2,420,530,305,274,222
2022,1,A,골목상권,2110204,간데메공원,1794,1235,559,6,298,435,450,379,226,3,196,277,304,275,180,3,102,158,146,104,46
2022,1,A,골목상권,2110203,떡전교사거리,1943,858,1085,2,261,350,385,429,516,2,79,140,162,190,285,0,182,210,223,239,231
2022,1,A,골목상권,2110202,전농1동주민센터(전농시장),593,343,250,0,76,107,147,149,114,0,49,61,93,85,55,0,27,46,54,64,59
2022,1,A,골목상권,2110201,전농119안전센터,825,530,295,0,102,158,244,182,139,0,68,101,168,117,76,0,34,57,76,65,63
2022,1,A,골목상권,2110200,동대문경찰서,1083,572,511,0,119,177,222,305,260,0,60,86,111,138,177,0,59,91,111,167,83
2022,1,A,골목상권,2110199,홍릉시장,1158,621,537,0,99,193,238,354,274,0,46,95,119,165,196,0,53,98,119,189,78
2022,1,A,골목상권,2110198,동대문중앙새마을금고본점,688,361,327,0,52,89,135,214,198,0,23,47,72,99,120,0,29,42,63,115,78
2022,1,A,골목상권,2110197,세종대왕기념관교차로,2510,1548,962,3,426,731,600,539,211,2,154,376,417,419,180,1,272,355,183,120,31
2022,1,A,골목상권,2110196,홍릉근린공원,1047,653,394,1,93,198,337,285,133,1,37,93,216,188,118,0,56,105,121,97,15
2022,1,A,골목상권,2110195,동대문구청,4287,2125,2162,6,481,906,1023,1183,688,3,186,393,469,674,400,3,295,513,554,509,288
2022,1,A,골목상권,2110194,홍파초등학교,1798,1085,713,2,140,330,522,522,282,1,84,184,314,291,211,1,56,146,208,231,71
2022,1,A,골목상권,2110193,고려대역 4번,1232,835,397,1,79,208,403,369,172,1,35,113,259,283,144,0,44,95,144,86,28
2022,1,A,골목상권,2110192,동의보감타워,5324,3233,2091,17,756,1316,1285,1303,647,8,482,802,763,820,358,9,274,514,522,483,289
2022,1,A,골목상권,2110191,고려대역 6번,1157,702,455,2,78,202,355,318,202,1,38,103,203,201,156,1,40,99,152,117,46
2022,1,A,골목상권,2110190,고대앞사거리,3236,1724,1512,5,469,907,933,626,296,2,192,462,500,367,201,3,277,445,433,259,95
2022,1,A,골목상권,2110189,제기동역 1번,6727,4533,2194,21,1156,1875,1505,1131,1039,8,647,1270,1059,767,782,13,509,605,446,364,257
2022,1,A,골목상권,2110188,용두동신동아아파트,9251,6800,2451,57,1038,1991,2191,2660,1314,37,705,1428,1679,1971,980,20,333,563,512,689,334
2022,1,A,골목상권,2110187,제기동역 6번,7263,4732,2531,20,1249,2025,1616,1231,1122,8,662,1282,1102,844,834,12,587,743,514,387,288
2022,1,A,골목상권,2110186,종암초등학교,3678,2369,1309,3,481,1024,1038,724,408,0,199,624,702,506,338,3,282,400,336,218,70
2022,1,A,골목상권,2110185,용두초등학교,9216,4802,4414,9,826,2131,2857,2357,1036,3,373,1210,1418,1091,707,6,453,921,1439,1266,329
2022,1,A,골목상권,2110184,용두사거리,7078,2654,4424,6,1108,1663,1364,1642,1295,2,332,723,563,452,582,4,776,940,801,1190,713
2022,1,A,골목상권,2110183,한국의류시험연구원,6586,2490,4096,5,1038,1511,1273,1514,1245,1,321,694,532,384,558,4,717,817,741,1130,687
2022,1,A,골목상권,2110182,용두희망어린이공원,8150,3848,4302,10,1180,1780,1735,2093,1352,4,438,992,944,839,631,6,742,788,791,1254,721
2022,1,A,골목상권,2110181,신설동역 9번,13079,7138,5941,34,1192,2706,3581,3279,2287,18,594,1610,1908,1605,1403,16,598,1096,1673,1674,884
2022,1,A,골목상권,2110180,광진정보도서관,9548,6222,3326,19,2321,3104,2006,1368,730,5,1187,2103,1425,958,544,14,1134,1001,581,410,186
2022,1,A,골목상권,2110179,광나루역 1번,6574,3993,2581,161,2344,1211,1143,1171,544,51,1118,831,807,821,365,110,1226,380,336,350,179
2022,1,A,골목상권,2110178,장로회신학대학교,2969,2050,919,2,411,751,730,698,377,0,227,542,543,493,245,2,184,209,187,205,132
2022,1,A,골목상권,2110177,동의초등학교,1459,779,680,1,169,274,393,406,216,0,61,146,213,214,145,1,108,128,180,192,71
2022,1,A,골목상권,2110176,해오름공원,4046,2107,1939,5,730,888,1169,939,315,2,195,417,665,579,249,3,535,471,504,360,66
2022,1,A,골목상권,2110175,푸른동산공원,9538,5255,4283,11,988,1818,2356,2694,1671,5,574,1201,1457,1185,833,6,414,617,899,1509,838
2022,1,A,골목상권,2110174,아차산역 1번,3794,2279,1515,7,421,721,1109,1004,532,3,189,430,702,589,366,4,232,291,407,415,166
2022,1,A,골목상권,2110173,구남초등학교,11730,6787,4943,24,1163,2242,2831,3303,2167,9,628,1467,1814,1629,1240,15,535,775,1017,1674,927
2022,1,A,골목상권,2110172,광진초등학교,3672,2114,1558,57,568,731,843,922,551,25,284,392,475,537,401,32,284,339,368,385,150
2022,1,A,골목상권,2110171,중곡4동주민센터,3077,1296,1781,4,590,757,782,700,244,2,117,276,348,364,189,2,473,481,434,336,55
2022,1,A,골목상권,2110170,동대부여고,6257,3117,3140,5,456,1045,1777,2129,845,2,193,556,964,908,494,3,263,489,813,1221,351
2022,1,A,골목상권,2110169,성동초등학교,6765,4291,2474,18,675,1492,1785,1727,1068,4,365,915,1130,1071,806,14,310,577,655,656,262
2022,1,A,골목상권,2110168,대원고등학교,2238,1319,919,4,229,483,556,618,348,2,102,238,295,395,287,2,127,245,261,223,61
2022,1,A,골목상권,2110167,용마초등학교,4509,2630,1879,12,580,923,1177,1052,765,4,313,546,644,575,548,8,267,377,533,477,217
2022,1,A,골목상권,2110166,구의1동주민센터,15219,11430,3789,17,1059,2485,4251,5895,1512,12,537,1532,3205,4890,1254,5,522,953,1046,1005,258
2022,1,A,골목상권,2110165,국립정신건강센터,2585,1477,1108,3,244,534,684,699,421,0,94,256,352,434,341,3,150,278,332,265,80
2022,1,A,골목상권,2110164,아차산역 5번,2694,1609,1085,7,347,531,659,642,508,2,169,304,401,359,374,5,178,227,258,283,134
2022,1,A,골목상권,2110163,성자초등학교,3129,1834,1295,13,357,640,850,913,356,9,224,372,481,482,266,4,133,268,369,431,90
2022,1,A,골목상권,2110162,군자역 4번,3924,2332,1592,15,598,853,977,809,672,8,340,511,565,435,473,7,258,342,412,374,199
2022,1,A,골목상권,2110161,중곡역 3번,2364,1591,773,7,197,379,569,778,434,2,89,224,353,586,337,5,108,155,216,192,97
2022,1,A,골목상권,2110160,광진경찰서,2323,1406,917,4,347,648,636,516,172,1,194,397,354,334,126,3,153,251,282,182,46
2022,1,A,골목상권,2110159,구의역 4번,15886,11761,4125,20,1195,2502,4360,6044,1765,14,552,1526,3278,4933,1458,6,643,976,1082,1111,307
2022,1,A,골목상권,2110158,중곡3동주민센터,2903,2098,805,5,253,521,703,934,487,1,136,358,470,736,397,4,117,163,233,198,90
2022,1,A,골목상권,2110157,자양동우체국,2103,1420,683,14,451,461,501,450,226,10,346,329,303,259,173,4,105,132,198,191,53
2022,1,A,골목상권,2110156,군자역 5번,3797,2348,1449,10,541,828,936,817,665,6,297,488,572,478,507,4,244,340,364,339,158
2022,1,A,골목상권,2110155,광진구청,13911,10903,3008,14,1009,2223,3822,5359,1484,12,536,1458,2986,4650,1261,2,473,765,836,709,223
2022,1,A,골목상권,2110154,광진정말공원,2494,1436,1058,7,351,455,604,640,437,5,171,260,316,357,327,2,180,195,288,283,110
2022,1,A,골목상권,2110153,중곡1동주민센터,5211,2445,2766,82,1436,912,1081,1176,524,28,644,492,513,422,346,54,792,420,568,754,178
2022,1,A,골목상권,2110152,중곡어린이공원,2482,1526,956,49,471,549,517,545,351,6,194,337,328,368,293,43,277,212,189,177,58
2022,1,A,골목상권,2110151,자양한강도서관,2520,1817,703,15,490,505,614,608,288,11,373,369,422,418,224,4,117,136,192,190,64
2022,1,A,골목상권,2110150,중곡1동 마을마당,5928,2959,2969,84,1503,1158,1196,1359,628,30,654,632,616,572,455,54,849,526,580,787,173
2022,1,A,골목상권,2110149,세종대학교,1090,593,497,0,153,295,256,226,160,0,69,164,150,110,100,0,84,131,106,116,60
2022,1,A,골목상권,2110148,어린이대공원역 3번,1449,1013,436,2,138,200,381,498,230,0,66,128,264,363,192,2,72,72,117,135,38
2022,1,A,골목상권,2110147,능동우편취급국,5319,2666,2653,35,1292,1071,1074,1227,620,22,621,624,558,446,395,13,671,447,516,781,225
2022,1,A,골목상권,2110146,신자초등학교,3030,2209,821,8,345,709,894,809,265,3,232,532,652,588,202,5,113,177,242,221,63
2022,1,A,골목상권,2110145,장안초등학교,913,444,469,0,95,163,182,275,198,0,30,77,88,131,118,0,65,86,94,144,80
2022,1,A,골목상권,2110144,어린이대공원역 4번,1995,1266,729,2,200,302,497,650,344,0,76,165,320,437,268,2,124,137,177,213,76
2022,1,A,골목상권,2110143,뚝섬유원지역 1번,1854,1500,354,4,199,512,536,442,161,1,151,418,445,358,127,3,48,94,91,84,34
2022,1,A,골목상권,2110142,화양사거리,4124,2353,1771,5,665,1024,1057,859,514,2,309,600,651,427,364,3,356,424,406,432,150
2022,1,A,골목상권,2110141,건대입구역 1번,3299,2189,1110,13,442,738,841,702,563,6,231,484,570,459,439,7,211,254,271,243,124
2022,1,A,골목상권,2110140,건대입구역 6번,5095,3245,1850,28,632,1049,1230,1212,944,21,284,628,783,815,714,7,348,421,447,397,230
2022,1,A,골목상권,2110139,자양4동주민센터,3041,2288,753,62,487,732,735,671,354,28,320,558,574,520,288,34,167,174,161,151,66
2022,1,A,골목상권,2110138,송정체육공원,4312,2537,1775,2,725,1148,1094,805,538,0,350,692,688,425,382,2,375,456,406,380,156
2022,1,A,골목상권,2110137,성수초등학교,15849,10295,5554,64,2391,4011,4214,3217,1952,49,1240,2613,2806,2104,1483,15,1151,1398,1408,1113,469
2022,1,A,골목상권,2110136,경수초등학교,19912,12290,7622,134,4030,5003,4511,3778,2456,78,1986,3201,2930,2315,1780,56,2044,1802,1581,1463,676
2022,1,A,골목상권,2110135,성동세무서,7155,4565,2590,12,1071,1813,1835,1515,909,5,579,1158,1197,926,700,7,492,655,638,589,209
2022,1,A,골목상권,2110134,성수119안전센터,4792,3359,1433,79,805,1245,1218,959,486,39,481,883,888,682,386,40,324,362,330,277,100
2022,1,A,골목상권,2110133,서울교통공사,6588,4563,2025,50,1729,1852,1274,965,718,21,996,1339,950,679,578,29,733,513,324,286,140
2022,1,A,골목상권,2110132,성수2가3동주민센터,4528,2778,1750,14,563,1101,1102,1022,726,11,282,667,706,642,470,3,281,434,396,380,256
2022,1,A,골목상권,2110131,성수동카페거리,18863,11455,7408,84,3960,5083,4195,3250,2291,51,1964,3230,2724,1930,1556,33,1996,1853,1471,1320,735
2022,1,A,골목상권,2110130,답십리역 6번,5783,2708,3075,6,834,1254,1641,1495,553,2,564,856,606,323,357,4,270,398,1035,1172,196
2022,1,A,골목상권,2110129,성원어린이공원,5831,3754,2077,21,932,1339,1290,1152,1097,16,543,871,862,738,724,5,389,468,428,414,373
2022,1,A,골목상권,2110128,성원중학교,5913,4100,1813,24,740,1417,1504,1425,803,13,428,1018,1078,1009,554,11,312,399,426,416,249
2022,1,A,골목상권,2110127,성수1가1동주민센터,5851,3818,2033,21,1131,1850,1426,919,504,11,621,1230,924,626,406,10,510,620,502,293,98
2022,1,A,골목상권,2110126,서울숲역 1번,4957,3278,1679,19,954,1230,1086,892,776,12,568,830,689,609,570,7,386,400,397,283,206
2022,1,A,골목상권,2110125,사근동살곶이상점가,2512,1782,730,2,144,443,815,743,365,2,54,289,563,579,295,0,90,154,252,164,70
2022,1,A,골목상권,2110124,뚝섬역교차로,3140,2236,904,14,450,585,706,728,657,12,229,380,469,568,578,2,221,205,237,160,79
2022,1,A,골목상권,2110123,마장역 3번,1661,1034,627,1,198,311,408,441,302,1,95,185,241,285,227,0,103,126,167,156,75
2022,1,A,골목상권,2110122,마장역 2번,1517,1003,514,1,159,243,355,441,318,1,89,160,221,294,238,0,70,83,134,147,80
2022,1,A,골목상권,2110121,한양대역 4번,2434,1709,725,0,128,423,780,733,370,0,43,274,532,559,301,0,85,149,248,174,69
2022,1,A,골목상권,2110120,서울숲카페거리,1582,1046,536,5,184,292,370,390,341,4,93,172,212,275,290,1,91,120,158,115,51
2022,1,A,골목상권,2110119,마장지하차도,2657,987,1670,3,257,346,556,850,645,1,141,190,234,227,194,2,116,156,322,623,451
2022,1,A,골목상권,2110118,왕십리역 9번,2693,1327,1366,12,554,698,635,510,284,2,170,310,345,292,208,10,384,388,290,218,76
2022,1,A,골목상권,2110117,성동구보건소,3376,1242,2134,9,551,497,662,965,692,2,191,247,299,296,207,7,360,250,363,669,485
2022,1,A,골목상권,2110116,청계천박물관,8711,5833,2878,46,804,1715,2072,2820,1254,33,442,1069,1395,1994,900,13,362,646,677,826,354
2022,1,A,골목상권,2110115,상왕십리역 3번,5567,2521,3046,19,895,982,1144,1447,1080,4,303,543,630,605,436,15,592,439,514,842,644
2022,1,A,골목상권,2110114,왕십리파출소,2943,1055,1888,16,538,508,588,804,489,3,198,277,289,197,91,13,340,231,299,607,398
2022,1,A,골목상권,2110113,응봉산,2383,905,1478,16,296,761,960,256,94,0,90,252,389,108,66,16,206,509,571,148,28
2022,1,A,골목상권,2110112,행당역 2번,1515,781,734,1,187,321,403,404,199,0,71,141,204,221,144,1,116,180,199,183,55
2022,1,A,골목상권,2110111,대현산장미원,336,200,136,1,46,57,83,78,71,0,15,28,41,53,63,1,31,29,42,25,8
2022,1,A,골목상권,2110110,상왕십리역 6번,2892,1693,1199,14,435,651,657,653,482,5,147,368,443,432,298,9,288,283,214,221,184
2022,1,A,골목상권,2110109,금호삼성래미안아파트,2707,1162,1545,17,330,830,1057,350,123,1,119,302,464,178,98,16,211,528,593,172,25
2022,1,A,골목상권,2110108,성동구립금호도서관,272,128,144,0,32,55,72,79,34,0,14,29,30,29,26,0,18,26,42,50,8
2022,1,A,골목상권,2110107,금호사거리,2741,1185,1556,16,316,815,1029,373,192,1,105,276,444,211,148,15,211,539,585,162,44
2022,1,A,골목상권,2110106,금북초등학교,682,416,266,1,112,193,201,134,41,1,66,107,128,85,29,0,46,86,73,49,12
2022,1,A,골목상권,2110105,금동어린이공원,3124,1300,1824,16,371,929,1129,449,230,1,117,326,480,214,162,15,254,603,649,235,68
2022,1,A,골목상권,2110104,신금호역 4번,1550,885,665,2,200,375,389,317,267,2,69,194,228,192,200,0,131,181,161,125,67
2022,1,A,골목상권,2110103,옥수터널,652,341,311,1,61,162,188,182,58,0,22,73,103,102,41,1,39,89,85,80,17
2022,1,A,골목상권,2110102,옥수역 6번,4523,1702,2821,5,1162,1330,1014,721,291,0,285,464,469,333,151,5,877,866,545,388,140
2022,1,A,골목상권,2110101,옥정중학교,11800,7925,3875,10,1772,3747,3394,2453,424,5,571,2350,2657,2066,276,5,1201,1397,737,387,148
2022,1,A,골목상권,2110100,옥수동우편취급국,8356,6820,1536,8,785,2676,2652,2008,227,4,361,2018,2357,1893,187,4,424,658,295,115,40
2022,1,A,골목상권,2110099,유엔빌리지길,22417,18045,4372,50,2713,5729,6376,6735,814,38,1345,4185,5513,6284,680,12,1368,1544,863,451,134
2022,1,A,골목상권,2110098,서울독일학교,22179,18008,4171,40,2712,5547,6234,6685,961,31,1363,4085,5433,6273,823,9,1349,1462,801,412,138
2022,1,A,골목상권,2110097,한남초등학교,7826,5468,2358,14,1401,2935,1774,1222,480,7,711,1893,1374,1079,404,7,690,1042,400,143,76
2022,1,A,골목상권,2110096,한남힐사이드아파트,8734,5560,3174,9,1774,3226,2049,1383,293,6,757,1958,1477,1118,244,3,1017,1268,572,265,49
2022,1,A,골목상권,2110095,한강진역 3번,16261,10270,5991,51,3557,5623,3802,2391,837,29,1573,3350,2741,1953,624,22,1984,2273,1061,438,213
2022,1,A,골목상권,2110094,오산중학교,475,243,232,0,38,115,148,115,59,0,11,56,70,66,40,0,27,59,78,49,19
2022,1,A,골목상권,2110093,우사단길,9702,6097,3605,43,1853,3128,2442,1391,845,25,761,1853,1780,1071,607,18,1092,1275,662,320,238
2022,1,A,골목상권,2110092,NH농협은행 보광동지점,4109,2859,1250,31,584,1186,1179,823,306,21,305,795,876,631,231,10,279,391,303,192,75
2022,1,A,골목상권,2110091,리움미술관,7513,4522,2991,24,1801,2643,1844,904,297,15,749,1458,1336,748,216,9,1052,1185,508,156,81
2022,1,A,골목상권,2110090,한국폴리텍대학서울정수캠퍼스,8083,4908,3175,18,1242,2436,2730,1210,447,8,540,1218,1919,926,297,10,702,1218,811,284,150
2022,1,A,골목상권,2110089,서빙고동주민센터,2543,1491,1052,2,350,655,776,449,311,0,109,359,499,312,212,2,241,296,277,137,99
2022,1,A,골목상권,2110088,오산고등학교,10165,6137,4028,22,1462,3094,3318,1687,582,10,653,1517,2260,1276,421,12,809,1577,1058,411,161
2022,1,A,골목상권,2110087,이태원엔틱가구거리,6439,3688,2751,31,1233,1753,1633,1215,574,18,527,948,988,811,396,13,706,805,645,404,178
2022,1,A,골목상권,2110086,이태원역 북측,18101,8842,9259,50,4925,6856,3887,1818,565,27,1453,3140,2391,1403,428,23,3472,3716,1496,415,137
2022,1,A,골목상권,2110085,경리단길남측,13583,6464,7119,26,4020,5279,2796,1133,329,12,1128,2390,1742,930,262,14,2892,2889,1054,203,67
2022,1,A,골목상권,2110084,경리단길북측,2575,1428,1147,8,511,741,625,464,226,5,222,375,345,310,171,3,289,366,280,154,55
2022,1,A,골목상권,2110083,서빙고역 1번,7782,5014,2768,20,1542,2118,1985,1422,695,7,687,1379,1388,1051,502,13,855,739,597,371,193
2022,1,A,골목상권,2110082,용산구청,5502,3128,2374,31,1057,1491,1412,1063,448,18,466,777,844,718,305,13,591,714,568,345,143
2022,1,A,골목상권,2110081,해방촌 남동측,2277,1520,757,0,210,420,747,723,177,0,84,238,543,529,126,0,126,182,204,194,51
2022,1,A,골목상권,2110080,해방촌예술마을,2607,1687,920,3,326,485,828,763,202,3,119,277,599,550,139,0,207,208,229,213,63
2022,1,A,골목상권,2110079,후암동주민센터,26370,18974,7396,29,4638,9384,6904,3904,1511,17,2634,6434,5604,3182,1103,12,2004,2950,1300,722,408
2022,1,A,골목상권,2110078,이촌동점보아파트,4837,3011,1826,17,786,1296,1215,1059,464,3,411,785,813,678,321,14,375,511,402,381,143
2022,1,A,골목상권,2110077,삼광초등학교,10904,3587,7317,161,6225,1915,1250,982,371,16,681,930,949,744,267,145,5544,985,301,238,104
2022,1,A,골목상권,2110076,삼각지역 14번,6002,4060,1942,4,649,1637,1939,1419,354,4,356,1043,1439,994,224,0,293,594,500,425,130
2022,1,A,골목상권,2110075,숙대입구역 1번,16585,6297,10288,168,7307,3895,2570,1725,920,17,977,1713,1667,1230,693,151,6330,2182,903,495,227
2022,1,A,골목상권,2110074,서울역 12번,36080,21404,14676,180,11191,11602,7333,3938,1836,24,3411,7449,5868,3241,1411,156,7780,4153,1465,697,425
2022,1,A,골목상권,2110073,삼각지역 3번,24882,9347,15535,123,6255,8074,6887,2839,704,50,2240,2899,2427,1321,410,73,4015,5175,4460,1518,294
2022,1,A,골목상권,2110072,열정도,4551,3239,1312,28,750,1138,1119,932,584,11,409,807,866,718,428,17,341,331,253,214,156
2022,1,A,골목상권,2110071,한강미주맨션아파트,8064,4602,3462,40,1013,1799,2828,1862,522,31,446,1073,1552,1149,351,9,567,726,1276,713,171
2022,1,A,골목상권,2110070,용산세무서,7939,5013,2926,7,817,1787,2969,1915,444,0,510,1163,1775,1265,300,7,307,624,1194,650,144
2022,1,A,골목상권,2110069,숙대입구,8595,4893,3702,31,1607,2846,2045,1332,734,14,680,1474,1258,921,546,17,927,1372,787,411,188
2022,1,A,골목상권,2110068,남영역 1번,10534,7108,3426,48,1834,3359,2754,1651,888,21,965,2182,2055,1256,629,27,869,1177,699,395,259
2022,1,A,골목상권,2110067,배문고등학교,8614,4267,4347,14,1830,2555,1776,1409,1030,5,506,1119,947,892,798,9,1324,1436,829,517,232
2022,1,A,골목상권,2110066,서울역 15번,4687,2417,2270,10,918,1376,996,759,628,5,306,619,554,459,474,5,612,757,442,300,154
2022,1,A,골목상권,2110065,남정초등학교,3515,2475,1040,20,568,1031,937,561,398,16,362,771,668,380,278,4,206,260,269,181,120
2022,1,A,골목상권,2110064,효창공원앞역 2번,4350,2663,1687,18,593,1122,1112,971,534,16,308,706,691,592,350,2,285,416,421,379,184
2022,1,A,골목상권,2110063,효창공원앞역 5번,6102,4294,1808,25,915,1808,1707,985,662,18,553,1315,1239,686,483,7,362,493,468,299,179
2022,1,A,골목상권,2110062,한강로동땡땡거리(은행나무길),9571,5392,4179,16,1072,2335,3099,2183,866,8,465,1231,1677,1434,577,8,607,1104,1422,749,289
2022,1,A,골목상권,2110061,효창동주민센터,5974,4267,1707,8,974,1567,1609,1209,607,5,555,1149,1205,870,483,3,419,418,404,339,124
2022,1,A,골목상권,2110060,효창공원앞역 6번,7211,4881,2330,24,1280,1934,1960,1421,592,14,694,1365,1393,983,432,10,586,569,567,438,160
2022,1,A,골목상권,2110059,새남터성지,3196,2152,1044,11,491,853,906,661,274,4,251,549,683,496,169,7,240,304,223,165,105
2022,1,A,골목상권,2110058,성심여자고등학교,8454,6100,2354,32,1374,2650,2295,1464,639,15,784,1877,1770,1151,503,17,590,773,525,313,136
2022,1,A,골목상권,2110057,황학코아루아파트,2115,1166,949,5,348,575,548,400,239,4,168,319,277,224,174,1,180,256,271,176,65
2022,1,A,골목상권,2110056,신당역 3번,2900,1536,1364,6,461,783,704,555,391,6,194,381,370,312,273,0,267,402,334,243,118
2022,1,A,골목상권,2110055,황학동벼룩시장,3042,1645,1397,31,928,652,595,540,296,16,396,333,352,341,207,15,532,319,243,199,89
2022,1,A,골목상권,2110054,청구역 3번,6203,3266,2937,16,1195,1620,1307,1234,831,5,421,870,771,692,507,11,774,750,536,542,324
2022,1,A,골목상권,2110053,청구역 1번,5383,2899,2484,5,738,1322,1461,1441,416,3,252,661,814,897,272,2,486,661,647,544,144
2022,1,A,골목상권,2110052,장충초등학교,7627,3969,3658,11,1405,1921,1775,1673,842,5,467,944,1013,991,549,6,938,977,762,682,293
2022,1,A,골목상권,2110051,한양공고앞 교차로,2894,1689,1205,9,423,659,731,768,304,2,166,416,454,460,191,7,257,243,277,308,113
2022,1,A,골목상권,2110050,약수역 7번,2303,1220,1083,4,318,559,563,524,335,2,120,279,330,287,202,2,198,280,233,237,133
2022,1,A,골목상권,2110049,장충단 고개,9962,5298,4664,25,2025,2831,2379,1819,883,6,630,1517,1462,1121,562,19,1395,1314,917,698,321
2022,1,A,골목상권,2110048,장충동주민센터,12882,7150,5732,36,2260,3570,3462,2641,913,5,823,2090,2108,1542,582,31,1437,1480,1354,1099,331
2022,1,A,골목상권,2110047,다산성곽길,7406,4104,3302,14,1449,2072,1776,1474,621,5,541,1110,1076,922,450,9,908,962,700,552,171
2022,1,A,골목상권,2110046,버티고개,2995,2024,971,3,392,1047,775,588,190,0,206,761,566,361,130,3,186,286,209,227,60
2022,1,A,골목상권,2110045,동대문역사문화공원역 5번,45426,22509,22917,475,13488,12026,9657,7085,2695,195,6425,7176,5520,2395,798,280,7063,4850,4137,4690,1897
2022,1,A,골목상권,2110044,관성묘,36669,17055,19614,451,12150,9596,7053,5156,2263,190,5706,5492,3828,1296,543,261,6444,4104,3225,3860,1720
2022,1,A,골목상권,2110043,충무초등학교,9197,5407,3790,49,1867,2374,2374,1584,949,20,680,1347,1582,1097,681,29,1187,1027,792,487,268
2022,1,A,골목상권,2110042,남산골공원옆,4783,2763,2020,11,548,1077,1518,1120,509,6,247,608,805,744,353,5,301,469,713,376,156
2022,1,A,골목상권,2110041,남산케이블카,21568,10294,11274,69,3089,6767,7028,3730,885,11,993,2989,3094,2693,514,58,2096,3778,3934,1037,371
2022,1,A,골목상권,2110040,중구회현체육센터(정화예술대남산캠퍼스),20399,10001,10398,71,2999,6554,6631,3424,720,11,1015,3003,2933,2577,462,60,1984,3551,3698,847,258
2022,1,A,골목상권,2110039,회현역 1번,24398,12113,12285,135,4567,7678,7350,3971,697,40,1630,3709,3600,2764,370,95,2937,3969,3750,1207,327
2022,1,A,골목상권,2110038,경향신문사,15409,10083,5326,19,2255,4993,5034,2645,463,6,981,3062,3573,2121,340,13,1274,1931,1461,524,123
2022,1,A,골목상권,2110037,신설동역 12번,7347,2905,4442,9,755,1126,1345,1957,2155,0,225,508,614,556,1002,9,530,618,731,1401,1153
2022,1,A,골목상권,2110036,동묘앞역 3번,3249,1861,1388,19,475,515,668,726,846,17,215,271,402,447,509,2,260,244,266,279,337
2022,1,A,골목상권,2110035,동묘앞역 2번,4636,2328,2308,6,352,596,971,1056,1655,0,113,271,430,502,1012,6,239,325,541,554,643
2022,1,A,골목상권,2110034,창신1동주민센터,2610,1275,1335,10,415,553,683,590,359,8,137,246,296,337,251,2,278,307,387,253,108
2022,1,A,골목상권,2110033,창신역 4번,2086,1235,851,4,175,269,339,403,896,0,57,132,185,230,631,4,118,137,154,173,265
2022,1,A,골목상권,2110032,수족관거리,2064,916,1148,8,347,439,559,454,257,7,106,176,201,239,187,1,241,263,358,215,70
2022,1,A,골목상권,2110031,창신역 1번,554,273,281,2,68,132,136,143,73,0,19,63,68,75,48,2,49,69,68,68,25
2022,1,A,골목상권,2110030,동대문역 3번,1437,615,822,0,146,262,447,335,247,0,43,97,144,155,176,0,103,165,303,180,71
2022,1,A,골목상권,2110029,동대문역 1번,3350,1894,1456,6,441,722,813,826,542,1,200,416,458,485,334,5,241,306,355,341,208
2022,1,A,골목상권,2110028,이화달팽이길,4133,2258,1875,7,726,1068,988,821,523,3,249,525,580,528,373,4,477,543,408,293,150
2022,1,A,골목상권,2110027,혜화역 1번,3993,2014,1979,11,605,968,1059,834,516,5,166,385,563,521,374,6,439,583,496,313,142
2022,1,A,골목상권,2110026,종로5가역 4번,3517,2041,1476,9,541,863,909,740,455,2,244,478,511,470,336,7,297,385,398,270,119
2022,1,A,골목상권,2110025,충신시장옆,9964,6665,3299,17,1748,3097,2714,1736,652,3,767,1987,2027,1429,452,14,981,1110,687,307,200
2022,1,A,골목상권,2110024,혜회동주민센터,5949,2844,3105,28,785,1351,1599,1359,827,17,260,582,786,715,484,11,525,769,813,644,343
2022,1,A,골목상권,2110023,서울대병원,7046,4607,2439,14,1274,2467,1898,965,428,3,575,1567,1454,734,274,11,699,900,444,231,154
2022,1,A,골목상권,2110022,경신고등학교,6493,3007,3486,27,1025,1774,1632,1264,771,19,359,839,781,598,411,8,666,935,851,666,360
2022,1,A,골목상권,2110021,성균관대학교,2385,1261,1124,15,389,557,545,470,409,11,136,240,309,293,272,4,253,317,236,177,137
2022,1,A,골목상권,2110020,서울국제고등학교,4389,2090,2299,18,726,1142,1008,872,623,13,270,579,552,374,302,5,456,563,456,498,321
2022,1,A,골목상권,2110019,창덕궁,16561,12644,3917,19,2000,5478,4941,3044,1079,7,1164,4119,3999,2516,839,12,836,1359,942,528,240
2022,1,A,골목상권,2110018,중앙고등학교,16741,12521,4220,12,1870,5599,5144,3145,971,6,988,4073,4101,2594,759,6,882,1526,1043,551,212
2022,1,A,골목상권,2110017,정독도서관,10619,8299,2320,2,1386,2982,3397,2250,602,1,919,2227,2808,1858,486,1,467,755,589,392,116
2022,1,A,골목상권,2110016,평창동동측,13795,6588,7207,21,1223,3779,5325,2832,615,10,508,1634,2776,1313,347,11,715,2145,2549,1519,268
2022,1,A,골목상권,2110015,청와대사랑채,6739,4876,1863,37,1083,2014,2132,1170,303,0,655,1432,1686,873,230,37,428,582,446,297,73
2022,1,A,골목상권,2110014,경복고등학교,6312,4486,1826,39,965,1807,2046,1188,267,2,591,1278,1554,867,194,37,374,529,492,321,73
2022,1,A,골목상권,2110013,체부동홍종문가옥,4511,2162,2349,10,616,877,891,1177,940,2,339,523,470,400,428,8,277,354,421,777,512
2022,1,A,골목상권,2110012,성곡미술관,35398,22897,12501,54,4673,9851,10005,7082,3733,14,2168,6479,7283,4722,2231,40,2505,3372,2722,2360,1502
2022,1,A,골목상권,2110011,청운초등학교,1903,814,1089,13,319,483,443,349,296,2,65,197,199,163,188,11,254,286,244,186,108
2022,1,A,골목상권,2110010,평창동서측,10085,5515,4570,17,1111,2723,3664,1991,579,1,478,1204,2080,1353,399,16,633,1519,1584,638,180
2022,1,A,골목상권,2110009,자하문터널,3823,2257,1566,18,744,1226,968,640,227,8,294,697,639,463,156,10,450,529,329,177,71
2022,1,A,골목상권,2110008,배화여자대학교(박노수미술관),6438,3091,3347,46,996,1152,1240,1648,1356,2,446,594,631,700,718,44,550,558,609,948,638
2022,1,A,골목상권,2110007,사직공원(한국사회과학도서관),3909,1854,2055,7,607,1085,1147,738,325,5,194,468,547,412,228,2,413,617,600,326,97
2022,1,A,골목상권,2110006,부암동주민센터,2706,1329,1377,22,607,897,632,425,123,5,169,414,377,288,76,17,438,483,255,137,47
2022,1,A,골목상권,2110005,세검정,2723,1465,1258,9,347,715,720,623,309,3,150,361,399,341,211,6,197,354,321,282,98
2022,1,A,골목상권,2110004,대신고등학교,470,276,194,6,62,109,112,113,68,5,33,63,61,59,55,1,29,46,51,54,13
2022,1,A,골목상권,2110003,세검정초등학교,4837,2723,2114,16,618,1311,1222,1017,653,7,239,684,764,595,434,9,379,627,458,422,219
2022,1,A,골목상권,2110002,독립문역 1번,689,209,480,7,173,203,166,102,38,6,37,46,59,37,24,1,136,157,107,65,14
2022,1,A,골목상권,2110001,이북5도청사,5968,4230,1738,11,1084,1435,1383,1526,529,7,566,935,1087,1267,368,4,518,500,296,259,161
2021,4,A,골목상권,2111090,강일동주민센터,744,547,197,0,90,161,195,190,108,0,55,111,143,143,95,0,35,50,52,47,13
2021,4,A,골목상권,2111089,상일여고(상일초등학교),1080,716,364,0,123,216,260,297,184,0,58,146,184,192,136,0,65,70,76,105,48
2021,4,A,골목상권,2111088,고덕동성당,1187,964,223,0,40,92,230,464,361,0,10,55,178,388,333,0,30,37,52,76,28
2021,4,A,골목상권,2111087,고덕중학교(고덕2동주민센터),743,270,473,0,85,157,184,208,109,0,17,54,69,77,53,0,68,103,115,131,56
2021,4,A,골목상권,2111086,한영중고,862,441,421,1,73,196,209,284,99,1,32,75,97,157,79,0,41,121,112,127,20
2021,4,A,골목상권,2111085,묘곡초등학교(고덕아이파크아파트),1560,790,770,0,154,294,388,398,326,0,61,149,173,196,211,0,93,145,215,202,115
2021,4,A,골목상권,2111084,길동신동아아파트,1362,726,636,2,136,245,267,388,324,2,79,146,133,178,188,0,57,99,134,210,136
2021,4,A,골목상권,2111083,GS강동자이아파트,2403,1398,1005,4,274,421,473,661,570,3,157,263,263,330,382,1,117,158,210,331,188
2021,4,A,골목상권,2111082,중앙보훈병원,3359,1319,2040,1,743,904,629,688,394,0,187,326,270,308,228,1,556,578,359,380,166
2021,4,A,골목상권,2111081,둔촌푸르지오아파트,1104,672,432,2,139,198,218,280,267,1,73,121,129,149,199,1,66,77,89,131,68
2021,4,A,골목상권,2111080,굽은다리역 3번,1916,853,1063,2,204,357,453,489,411,0,72,184,206,194,197,2,132,173,247,295,214
2021,4,A,골목상권,2111079,둔촌고등학교(둔촌중학교),4407,1934,2473,5,873,1139,885,927,578,2,262,460,418,421,371,3,611,679,467,506,207
2021,4,A,골목상권,2111078,굽은다리역 4번,4203,2519,1684,9,398,735,962,1078,1021,5,210,458,553,637,656,4,188,277,409,441,365
2021,4,A,골목상권,2111077,길동주민센터(강동도서관),7382,3886,3496,18,774,1285,1701,1972,1632,11,369,733,911,873,989,7,405,552,790,1099,643
2021,4,A,골목상권,2111076,둔촌2동주민센터,2891,1678,1213,5,343,628,708,627,580,3,143,341,445,347,399,2,200,287,263,280,181
2021,4,A,골목상권,2111075,굽은다리역 2번,2664,1415,1249,4,325,517,647,666,505,2,142,299,313,346,313,2,183,218,334,320,192
2021,4,A,골목상권,2111074,명일역 1번,2753,1586,1167,6,360,639,696,662,390,3,186,384,382,384,247,3,174,255,314,278,143
2021,4,A,골목상권,2111073,둔촌동역 1번(한산중학교),7031,3540,3491,23,864,1431,1725,1807,1181,17,408,802,924,722,667,6,456,629,801,1085,514
2021,4,A,골목상권,2111072,굽은다리역 1번(십자성마을),3937,2371,1566,10,383,823,989,935,797,5,173,470,582,587,554,5,210,353,407,348,243
2021,4,A,골목상권,2111071,천동초등학교,2389,1343,1046,2,222,450,615,554,546,1,78,232,345,319,368,1,144,218,270,235,178
2021,4,A,골목상권,2111070,천호초등학교,1943,1134,809,6,159,424,513,540,301,1,60,208,282,348,235,5,99,216,231,192,66
2021,4,A,골목상권,2111069,천호1동주민센터,2681,1438,1243,8,249,538,670,683,533,3,87,245,351,385,367,5,162,293,319,298,166
2021,4,A,골목상권,2111068,강동성심병원,5278,2358,2920,14,977,1083,1209,1196,799,9,331,516,613,453,436,5,646,567,596,743,363
2021,4,A,골목상권,2111067,강동구립성내도서관,8062,3945,4117,26,1296,1623,1874,1847,1396,18,505,849,990,787,796,8,791,774,884,1060,600
2021,4,A,골목상권,2111066,암사동성당(효정하나플러스아파트),1961,1136,825,5,220,423,443,525,345,1,83,210,252,350,240,4,137,213,191,175,105
2021,4,A,골목상권,2111065,천일초등학교,1492,799,693,2,131,236,313,349,461,2,45,104,141,160,347,0,86,132,172,189,114
2021,4,A,골목상권,2111064,둔촌동역 4번,2951,1763,1188,10,355,587,666,719,614,8,178,353,397,419,408,2,177,234,269,300,206
2021,4,A,골목상권,2111063,강동구립 천호도서관,3759,2069,1690,9,344,581,681,729,1415,7,127,263,349,361,962,2,217,318,332,368,453
2021,4,A,골목상권,2111062,둔촌동역 3번(성내3동주민센터),4393,2785,1608,8,584,1064,1191,921,625,7,323,676,750,580,449,1,261,388,441,341,176
2021,4,A,골목상권,2111061,암사역 1번,4194,1874,2320,3,413,710,856,1012,1200,2,170,393,411,369,529,1,243,317,445,643,671
2021,4,A,골목상권,2111060,암사역 2번(서울강동초등학교),3573,1892,1681,10,392,741,923,871,636,5,141,348,473,483,442,5,251,393,450,388,194
2021,4,A,골목상권,2111059,강동역 4번(강풀만화거리),8028,4328,3700,18,1275,1454,1658,1571,2052,8,537,734,860,875,1314,10,738,720,798,696,738
2021,4,A,골목상권,2111058,성내중학교,2639,1612,1027,3,339,606,682,702,307,1,181,384,406,450,190,2,158,222,276,252,117
2021,4,A,골목상권,2111057,천호공원(해공체육문화센터),2118,1068,1050,2,216,311,437,508,644,2,76,120,175,230,465,0,140,191,262,278,179
2021,4,A,골목상권,2111056,천호태영아파트,2758,1458,1300,5,235,331,469,477,1241,1,89,126,195,239,808,4,146,205,274,238,433
2021,4,A,골목상권,2111055,선사초등학교,2553,999,1554,3,292,461,575,738,484,2,137,240,250,203,167,1,155,221,325,535,317
2021,4,A,골목상권,2111054,암사역 4번(삼성광나루아파트),3414,1360,2054,3,354,528,650,844,1035,2,146,268,280,241,423,1,208,260,370,603,612
2021,4,A,골목상권,2111053,성내천어린이공원(하니사랑길),23519,17241,6278,41,2641,6412,5666,5352,3407,17,1608,4669,4234,4068,2645,24,1033,1743,1432,1284,762
2021,4,A,골목상권,2111052,암사역 3번(천호동자전거거리),2457,1236,1221,3,262,428,525,464,775,2,92,220,265,243,414,1,170,208,260,221,361
2021,4,A,골목상권,2111051,천호역 6번,7112,4029,3083,12,975,1636,1725,1854,910,5,493,791,894,1177,669,7,482,845,831,677,241
2021,4,A,골목상권,2111050,강동구청(강동구청역 2번),7541,4687,2854,33,867,1785,1796,1858,1202,14,420,959,1100,1292,902,19,447,826,696,566,300
2021,4,A,골목상권,2111049,천호지구대(천호동자전거거리),2201,1197,1004,9,263,431,513,499,486,5,120,216,267,255,334,4,143,215,246,244,152
2021,4,A,골목상권,2111048,천호역 1번(천호문구완구거리),2003,1064,939,9,254,435,468,419,418,5,102,209,259,213,276,4,152,226,209,206,142
2021,4,A,골목상권,2111047,마천1치안센터,1261,723,538,1,123,268,342,314,213,1,61,146,181,168,166,0,62,122,161,146,47
2021,4,A,골목상권,2111046,마천역(마천초등학교),2822,1633,1189,5,296,604,772,740,405,1,151,347,410,407,317,4,145,257,362,333,88
2021,4,A,골목상권,2111045,개미어린이공원,2261,1195,1066,9,291,357,534,692,378,3,183,228,298,294,189,6,108,129,236,398,189
2021,4,A,골목상권,2111044,남천초등학교,1904,989,915,1,188,378,512,520,305,0,84,186,225,248,246,1,104,192,287,272,59
2021,4,A,골목상권,2111043,마천공원,2200,1378,822,9,268,499,540,524,360,8,156,311,303,321,279,1,112,188,237,203,81
2021,4,A,골목상권,2111042,거여역 1번(거여공원),5740,3468,2272,22,960,1303,1427,1224,804,16,539,869,864,669,511,6,421,434,563,555,293
2021,4,A,골목상권,2111041,거여역 8번,2503,1642,861,8,567,621,572,426,309,6,295,430,406,280,225,2,272,191,166,146,84
2021,4,A,골목상권,2111040,거여초등학교,2682,1704,978,10,328,670,682,619,373,9,189,450,435,362,259,1,139,220,247,257,114
2021,4,A,골목상권,2111039,벌말어린이공원,3276,2054,1222,10,363,791,844,785,483,9,205,519,543,462,316,1,158,272,301,323,167
2021,4,A,골목상권,2111038,보인중학교,3272,2119,1153,14,477,818,802,706,455,13,262,543,547,453,301,1,215,275,255,253,154
2021,4,A,골목상권,2111037,Sh수협은행 오금동금융센터(아랫말어린이공원),1946,1126,820,0,210,436,499,533,268,0,120,281,287,264,174,0,90,155,212,269,94
2021,4,A,골목상권,2111036,투구봉어린이공원,3333,2198,1135,17,531,892,840,726,327,13,342,626,575,425,217,4,189,266,265,301,110
2021,4,A,골목상권,2111035,오금공원(오주중학교),2705,1749,956,2,326,570,689,732,386,1,188,386,470,436,268,1,138,184,219,296,118
2021,4,A,골목상권,2111034,오동나무공원(송파레미니스1단지),4106,2722,1384,7,544,891,1006,1075,583,6,316,606,666,667,461,1,228,285,340,408,122
2021,4,A,골목상권,2111033,문정동성당,33212,26336,6876,13,2679,5820,9576,13087,2037,6,1671,4329,7557,11417,1356,7,1008,1491,2019,1670,681
2021,4,A,골목상권,2111032,방이역 1번,23949,17488,6461,28,3095,5765,6032,5516,3513,14,1835,3956,4600,4519,2564,14,1260,1809,1432,997,949
2021,4,A,골목상권,2111031,장지동주민센터(한림연예예술고교),35724,27914,7810,18,3116,6475,10247,13557,2311,8,1911,4740,7990,11684,1581,10,1205,1735,2257,1873,730
2021,4,A,골목상권,2111030,방이역 2번,21156,15625,5531,20,2708,5088,5454,5034,2852,7,1648,3533,4196,4249,1992,13,1060,1555,1258,785,860
2021,4,A,골목상권,2111029,오금역 4번,7833,5273,2560,14,1268,2371,1930,1379,871,8,740,1577,1338,911,699,6,528,794,592,468,172
2021,4,A,골목상권,2111028,문현중학교(장지역 1번),5636,3366,2270,14,804,1250,1392,1311,865,7,422,774,855,701,607,7,382,476,537,610,258
2021,4,A,골목상권,2111027,문정초등학교,39531,30313,9218,23,3409,6840,10716,14172,4371,9,2010,4917,8267,12013,3097,14,1399,1923,2449,2159,1274
2021,4,A,골목상권,2111026,문정역 2번,6153,3880,2273,10,919,1459,1548,1358,859,5,526,971,988,745,645,5,393,488,560,613,214
2021,4,A,골목상권,2111025,경찰병원역 3번,11774,6132,5642,55,1415,2152,2136,2128,3888,25,571,1173,1208,922,2233,30,844,979,928,1206,1655
2021,4,A,골목상권,2111024,경찰병원역 4번(건너말공원),17836,10455,7381,63,2463,3913,3833,3232,4332,31,1098,2309,2548,1846,2623,32,1365,1604,1285,1386,1709
2021,4,A,골목상권,2111023,문정역 1번,4682,2809,1873,8,724,962,1124,1079,785,2,348,579,724,600,556,6,376,383,400,479,229
2021,4,A,골목상권,2111022,석촌중학교(방이육교),11171,7061,4110,23,1357,2490,2437,2244,2620,9,716,1668,1619,1268,1781,14,641,822,818,976,839
2021,4,A,골목상권,2111021,방이역 4번,11935,8619,3316,39,1562,2502,3053,2900,1879,27,822,1638,2262,2278,1592,12,740,864,791,622,287
2021,4,A,골목상권,2111020,방이동고분군(방산고등학교),6318,3723,2595,19,898,1441,1494,1560,906,12,427,835,927,919,603,7,471,606,567,641,303
2021,4,A,골목상권,2111019,한성백제역 3번,17428,9415,8013,47,2799,3938,3794,4086,2764,34,1482,2587,2120,1689,1503,13,1317,1351,1674,2397,1261
2021,4,A,골목상권,2111018,풍납초등학교(풍납백제문화공원),1322,801,521,0,186,299,301,335,201,0,99,158,169,220,155,0,87,141,132,115,46
2021,4,A,골목상권,2111017,송파나루역 3번,7518,4240,3278,22,1335,1443,1570,1943,1205,16,636,929,992,985,682,6,699,514,578,958,523
2021,4,A,골목상권,2111016,송파역 2번,17063,11286,5777,65,2224,3744,4130,3798,3102,46,1099,2434,3059,2519,2129,19,1125,1310,1071,1279,973
2021,4,A,골목상권,2111015,석촌역 3번,12636,8115,4521,27,1865,3083,2891,2543,2227,11,946,2081,1944,1588,1545,16,919,1002,947,955,682
2021,4,A,골목상권,2111014,송파나루역 2번,14245,8390,5855,26,2077,3609,3332,3152,2049,12,1010,2234,2195,1757,1182,14,1067,1375,1137,1395,867
2021,4,A,골목상권,2111013,송파나루역 1번(송리단길),14226,8959,5267,26,2198,4197,3547,2563,1695,8,1070,2666,2388,1628,1199,18,1128,1531,1159,935,496
2021,4,A,골목상권,2111012,석촌역 6번,6180,3598,2582,11,624,1426,1478,1279,1362,5,303,977,873,617,823,6,321,449,605,662,539
2021,4,A,골목상권,2111011,잠실나루역,10263,8174,2089,42,1383,3190,3039,2132,477,18,976,2602,2477,1735,366,24,407,588,562,397,111
2021,4,A,골목상권,2111010,석촌역 7번,7908,5556,2352,11,859,1781,1872,1423,1962,8,472,1253,1268,916,1639,3,387,528,604,507,323
2021,4,A,골목상권,2111009,송파책박물관,2198,1590,608,5,244,436,453,548,512,3,191,328,324,352,392,2,53,108,129,196,120
2021,4,A,골목상권,2111008,석촌고분역 3번,5190,3263,1927,13,640,1032,1256,1260,989,11,345,636,773,761,737,2,295,396,483,499,252
2021,4,A,골목상권,2111007,석촌고분역 4번,6337,4182,2155,12,863,1398,1389,1437,1238,11,532,949,921,882,887,1,331,449,468,555,351
2021,4,A,골목상권,2111006,석촌고분역 1번,17571,11961,5610,44,2435,3821,4234,3746,3291,29,1307,2544,2976,2542,2563,15,1128,1277,1258,1204,728
2021,4,A,골목상권,2111005,삼전역 3번,6038,4006,2032,15,892,1505,1406,1233,987,5,513,1061,958,761,708,10,379,444,448,472,279
2021,4,A,골목상권,2111004,삼전역 1번,18500,12541,5959,63,2605,4069,4548,4156,3059,21,1379,2681,3191,2968,2301,42,1226,1388,1357,1188,758
2021,4,A,골목상권,2111003,삼전역 4번,5935,3890,2045,37,711,1296,1484,1127,1280,2,366,849,960,726,987,35,345,447,524,401,293
2021,4,A,골목상권,2111002,한국교통안전공단 강남자동차검사소,569,334,235,0,41,89,114,175,150,0,16,52,64,100,102,0,25,37,50,75,48
2021,4,A,골목상권,2111001,아래방죽마을공원(율현초등학교),290,157,133,1,14,42,49,102,82,0,8,28,30,53,38,1,6,14,19,49,44
2021,4,A,골목상권,2111000,대왕초등학교(세곡동사거리서남측),294,138,156,6,35,84,93,56,20,3,11,31,49,30,14,3,24,53,44,26,6
2021,4,A,골목상권,2110999,윗방죽마을공원,464,257,207,3,35,80,86,139,121,1,17,50,56,81,52,2,18,30,30,58,69
2021,4,A,골목상권,2110998,은곡마을(은곡마을공원),128,65,63,3,11,41,35,25,13,1,6,18,19,14,7,2,5,23,16,11,6
2021,4,A,골목상권,2110997,대청초등학교,12566,4876,7690,31,3480,3879,2620,1655,901,3,781,1456,1134,859,643,28,2699,2423,1486,796,258
2021,4,A,골목상권,2110996,대치2동주민센터,37900,18079,19821,265,7022,9437,8584,7750,4842,106,3263,5619,4641,2694,1756,159,3759,3818,3943,5056,3086
2021,4,A,골목상권,2110995,봉은사역 4번,80333,61317,19016,154,15900,21348,21569,17001,4361,88,10163,16112,17810,14553,2591,66,5737,5236,3759,2448,1770
2021,4,A,골목상권,2110994,개포고등학교,4640,2964,1676,57,889,1272,1058,857,507,24,514,821,664,537,404,33,375,451,394,320,103
2021,4,A,골목상권,2110993,개포지하차도 북측,493,214,279,3,70,105,147,115,53,0,16,44,60,58,36,3,54,61,87,57,17
2021,4,A,골목상권,2110992,도곡초등학교,12863,6859,6004,63,2365,3393,3003,2467,1572,35,940,1769,1666,1432,1017,28,1425,1624,1337,1035,555
2021,4,A,골목상권,2110991,삼성중앙역 5번,28503,15784,12719,115,5919,9500,6998,3927,2044,37,2281,5361,4631,2309,1165,78,3638,4139,2367,1618,879
2021,4,A,골목상권,2110990,청담역 12번,10376,6980,3396,39,1551,3276,3120,1867,523,23,669,2073,2406,1424,385,16,882,1203,714,443,138
2021,4,A,골목상권,2110989,대치동아우편취급국,29290,17968,11322,140,4768,8716,7970,4868,2828,17,2007,5273,5502,3456,1713,123,2761,3443,2468,1412,1115
2021,4,A,골목상권,2110988,청담역 3번,18899,9206,9693,73,3792,5684,5341,2877,1132,33,1221,2750,2769,1638,795,40,2571,2934,2572,1239,337
2021,4,A,골목상권,2110987,영동대교남단,8320,5539,2781,40,1422,2410,2185,1548,715,19,663,1584,1632,1125,516,21,759,826,553,423,199
2021,4,A,골목상권,2110986,삼성중앙역 7번,27479,17773,9706,52,3973,10061,7904,3716,1773,15,1757,6297,6233,2496,975,37,2216,3764,1671,1220,798
2021,4,A,골목상권,2110985,청담근린공원,13449,8818,4631,66,2379,3877,3557,2503,1067,35,1141,2595,2592,1729,726,31,1238,1282,965,774,341
2021,4,A,골목상권,2110984,포이초등학교(개포목련어린이공원),6964,4388,2576,20,1326,1965,1598,1256,799,13,815,1286,925,757,592,7,511,679,673,499,207
2021,4,A,골목상권,2110983,국립국악고등학교,3835,2457,1378,13,616,955,928,708,615,2,285,601,613,465,491,11,331,354,315,243,124
2021,4,A,골목상권,2110982,강남구보훈회관,6082,3566,2516,14,1266,1604,1400,963,835,6,513,1046,910,527,564,8,753,558,490,436,271
2021,4,A,골목상권,2110981,국악고교사거리,12357,8276,4081,26,1850,3425,3175,2214,1667,9,980,2320,2252,1450,1265,17,870,1105,923,764,402
2021,4,A,골목상권,2110980,개포지구대옆,25161,10281,14880,88,3951,5726,8389,5194,1813,42,1896,3243,2591,1405,1104,46,2055,2483,5798,3789,709
2021,4,A,골목상권,2110979,청담초등학교,18648,9066,9582,39,5067,6996,3688,1966,892,15,1632,3410,2200,1140,669,24,3435,3586,1488,826,223
2021,4,A,골목상권,2110978,도곡2동주민센터(대치중학교),12302,8363,3939,54,2526,3818,2860,1644,1400,37,1355,2740,2264,1161,806,17,1171,1078,596,483,594
2021,4,A,골목상권,2110977,논현로18길,10006,6917,3089,18,1546,3017,2690,1646,1089,7,822,2051,2060,1150,827,11,724,966,630,496,262
2021,4,A,골목상권,2110976,언북초등학교,11065,5295,5770,25,3211,3774,2056,1187,812,5,1083,1821,1178,701,507,20,2128,1953,878,486,305
2021,4,A,골목상권,2110975,매봉역 1번,22408,15346,7062,84,4644,5711,5884,4648,1437,54,2422,3673,4320,3677,1200,30,2222,2038,1564,971,237
2021,4,A,골목상권,2110974,언주중학교,10084,6627,3457,39,2227,3204,2129,1449,1036,25,1044,1971,1619,1140,828,14,1183,1233,510,309,208
2021,4,A,골목상권,2110973,강남구청역 4번,12597,7190,5407,54,2501,3373,2945,2285,1439,18,1044,2008,1846,1330,944,36,1457,1365,1099,955,495
2021,4,A,골목상권,2110972,강남세브란스병원미래의학연구센터,26073,14646,11427,216,7696,7646,5984,3332,1199,73,3194,4587,3952,1945,895,143,4502,3059,2032,1387,304
2021,4,A,골목상권,2110971,선정릉역 4번,73203,35861,37342,185,15399,20094,18092,15247,4186,90,8048,12361,8646,4171,2545,95,7351,7733,9446,11076,1641
2021,4,A,골목상권,2110970,학동초등학교,12139,7385,4754,45,2463,3692,2909,1837,1193,19,1064,2125,1996,1282,899,26,1399,1567,913,555,294
2021,4,A,골목상권,2110969,베르사이유1아파트,53929,36213,17716,90,9575,16368,14864,10164,2868,34,5089,11243,11284,6616,1947,56,4486,5125,3580,3548,921
2021,4,A,골목상권,2110968,강남구청역 2번,17810,11539,6271,53,3230,4729,4471,3306,2021,17,1463,2823,3248,2441,1547,36,1767,1906,1223,865,474
2021,4,A,골목상권,2110967,역삼역 8번,60702,36823,23879,115,10925,17002,16035,14106,2519,65,7128,12381,9947,5650,1652,50,3797,4621,6088,8456,867
2021,4,A,골목상권,2110966,논현2동주민센터,27417,17538,9879,65,4763,7772,7077,5016,2724,17,2089,4522,4968,3771,2171,48,2674,3250,2109,1245,553
2021,4,A,골목상권,2110965,언주역 6번,12536,6978,5558,32,2785,3988,2917,1723,1091,14,1028,2297,1924,985,730,18,1757,1691,993,738,361
2021,4,A,골목상권,2110964,싸리고개근린공원,16691,13249,3442,26,2072,3680,4901,4766,1246,12,1067,2741,4124,4292,1013,14,1005,939,777,474,233
2021,4,A,골목상권,2110963,역삼월드메르디앙아파트,26645,15919,10726,134,6368,7920,6420,3764,2039,38,2482,4698,4514,2587,1600,96,3886,3222,1906,1177,439
2021,4,A,골목상권,2110962,도산공원북측,7684,4139,3545,25,1867,2746,1614,996,436,9,732,1558,1047,545,248,16,1135,1188,567,451,188
2021,4,A,골목상권,2110961,언주역 3번,25850,16840,9010,70,5483,7931,5602,3658,3106,29,2478,5132,4147,2743,2311,41,3005,2799,1455,915,795
2021,4,A,골목상권,2110960,은광여고,25543,18368,7175,56,2951,5943,6854,7171,2568,40,1640,3961,5282,5652,1793,16,1311,1982,1572,1519,775
2021,4,A,골목상권,2110959,신구중학교,12478,6517,5961,139,2815,3808,2504,1783,1429,50,1173,2082,1655,873,684,89,1642,1726,849,910,745
2021,4,A,골목상권,2110958,역삼역 4번,42236,28666,13570,63,7659,13522,11576,6973,2443,22,3663,8770,8848,5673,1690,41,3996,4752,2728,1300,753
2021,4,A,골목상권,2110957,언북중학교,28690,17182,11508,72,5858,8514,6766,4137,3343,15,2276,4756,4609,3001,2525,57,3582,3758,2157,1136,818
2021,4,A,골목상권,2110956,언주역 8번,15614,9542,6072,57,3754,5177,3520,1901,1205,37,1723,3094,2486,1290,912,20,2031,2083,1034,611,293
2021,4,A,골목상권,2110955,논현초등학교,25381,16658,8723,83,5578,7705,5841,3882,2292,48,2817,5039,4258,2826,1670,35,2761,2666,1583,1056,622
2021,4,A,골목상권,2110954,국기원,23196,12840,10356,110,5238,7616,5998,2944,1290,31,1823,3964,3878,2178,966,79,3415,3652,2120,766,324
2021,4,A,골목상권,2110953,학동근린공원,26213,16160,10053,92,6774,8335,5664,3381,1967,28,2991,5202,4071,2370,1498,64,3783,3133,1593,1011,469
2021,4,A,골목상권,2110952,논현목련공원,10637,6885,3752,21,2104,3370,2518,1670,954,15,1135,2250,1740,1096,649,6,969,1120,778,574,305
2021,4,A,골목상권,2110951,신사은행나무공원,12925,7220,5705,52,3507,3777,2858,1670,1061,15,1315,2106,1920,1102,762,37,2192,1671,938,568,299
2021,4,A,골목상권,2110950,논현역 7번,19297,11636,7661,39,4250,6200,4538,2762,1508,17,1787,3758,3112,1836,1126,22,2463,2442,1426,926,382
2021,4,A,골목상권,2110949,한남IC,12160,7678,4482,41,2351,3690,3261,1910,907,23,1063,2371,2209,1313,699,18,1288,1319,1052,597,208
2021,4,A,골목상권,2110948,헌인가구단지,57,27,30,0,5,24,14,11,3,0,4,12,6,2,3,0,1,12,8,9,0
2021,4,A,골목상권,2110947,청계산입구역 2번(내곡동주민센터),326,172,154,0,38,55,98,76,59,0,17,30,68,33,24,0,21,25,30,43,35
2021,4,A,골목상권,2110946,청계산원터골,271,144,127,0,34,50,81,50,56,0,15,29,58,20,22,0,19,21,23,30,34
2021,4,A,골목상권,2110945,본마을노인복지센터(서초구립내곡도서관),383,240,143,3,62,91,87,89,51,3,25,53,59,64,36,0,37,38,28,25,15
2021,4,A,골목상권,2110944,서울나래학교(염곡어린이공원),20185,16768,3417,29,2090,4170,6159,6991,746,22,1509,3356,5018,6304,559,7,581,814,1141,687,187
2021,4,A,골목상권,2110943,법제교육센터(버들어린이공원),7684,4780,2904,20,1200,1903,1957,1484,1120,11,643,1190,1209,900,827,9,557,713,748,584,293
2021,4,A,골목상권,2110942,염곡동 구룡사(포이동성당),32043,24395,7648,74,4187,7325,9070,9280,2107,40,2598,5356,6923,7833,1645,34,1589,1969,2147,1447,462
2021,4,A,골목상권,2110941,언남고등학교,4779,3108,1671,28,739,1265,1190,966,591,17,414,816,783,644,434,11,325,449,407,322,157
2021,4,A,골목상권,2110940,양재근린공원(양재2동주민센터),8689,5762,2927,47,1434,2277,2149,1768,1014,26,766,1507,1483,1202,778,21,668,770,666,566,236
2021,4,A,골목상권,2110939,양재역 8번(양재동우체국),45731,23354,22377,508,9762,11110,12644,8019,3688,246,4819,6778,5503,3276,2732,262,4943,4332,7141,4743,956
2021,4,A,골목상권,2110938,바우뫼공원,11265,6894,4371,329,3630,2824,2266,1433,783,154,1891,1856,1564,870,559,175,1739,968,702,563,224
2021,4,A,골목상권,2110937,방아다리근린공원(횃불트리니티신학대학원대학교),17876,11487,6389,356,5244,5033,3649,2329,1265,166,2714,3411,2635,1557,1004,190,2530,1622,1014,772,261
2021,4,A,골목상권,2110936,더케이호텔(양재리본타워2단지아파트),3869,2981,888,16,803,1160,864,700,326,10,552,922,691,565,241,6,251,238,173,135,85
2021,4,A,골목상권,2110935,한전아트센터,20312,15954,4358,47,3699,7326,4955,3496,789,19,2201,5852,4154,3079,649,28,1498,1474,801,417,140
2021,4,A,골목상권,2110934,우면주공아파트,3248,1908,1340,6,549,981,879,631,202,5,199,529,564,460,151,1,350,452,315,171,51
2021,4,A,골목상권,2110933,한국상담대학원대학교,6457,3774,2683,19,1551,1930,1522,1006,429,6,610,1213,1030,624,291,13,941,717,492,382,138
2021,4,A,골목상권,2110932,서울시인재개발원,6066,3421,2645,20,1419,1827,1388,942,470,6,486,1071,936,597,325,14,933,756,452,345,145
2021,4,A,골목상권,2110931,삼성전자서울R&D(서울우면초등학교),1471,770,701,0,273,440,390,329,39,0,89,178,228,248,27,0,184,262,162,81,12
2021,4,A,골목상권,2110930,서초동성당,40185,22492,17693,64,7459,10413,9292,10954,2003,36,2906,5657,4975,7438,1480,28,4553,4756,4317,3516,523
2021,4,A,골목상권,2110929,남부터미널역 1번,40801,22975,17826,94,8567,10227,8785,10521,2607,29,2961,5530,5108,7404,1943,65,5606,4697,3677,3117,664
2021,4,A,골목상권,2110928,서초우방유쉘아파트,14636,8308,6328,79,2911,3987,3610,2696,1353,42,1209,2357,2220,1538,942,37,1702,1630,1390,1158,411
2021,4,A,골목상권,2110927,잠원역,5195,2975,2220,14,1049,1543,1215,847,527,5,440,957,806,467,300,9,609,586,409,380,227
2021,4,A,골목상권,2110926,신중초등학교,20711,15020,5691,29,2823,6720,5736,3692,1711,13,1488,4871,4651,2834,1163,16,1335,1849,1085,858,548
2021,4,A,골목상권,2110925,서초중학교,9296,5492,3804,52,1961,2662,2169,1374,1078,25,798,1591,1465,898,715,27,1163,1071,704,476,363
2021,4,A,골목상권,2110924,반포4동주민센터(몽마르뜨공원),83099,74961,8138,37,8203,17350,22275,32239,2995,19,6505,14740,20038,31075,2584,18,1698,2610,2237,1164,411
2021,4,A,골목상권,2110923,방배역 1번,8904,5663,3241,101,1440,2646,2283,1421,1013,32,731,1526,1586,1012,776,69,709,1120,697,409,237
2021,4,A,골목상권,2110922,내방역 1번,16882,11227,5655,77,3284,5206,4097,3133,1085,58,1557,3103,3051,2630,828,19,1727,2103,1046,503,257
2021,4,A,골목상권,2110921,서울프랑스학교,83562,76383,7179,44,8142,17368,22255,32750,3003,26,6585,15123,20344,31698,2607,18,1557,2245,1911,1052,396
2021,4,A,골목상권,2110920,방배역 2번(백석예술대학교),9972,5994,3978,105,1806,2901,2264,1609,1287,29,832,1640,1444,1069,980,76,974,1261,820,540,307
2021,4,A,골목상권,2110919,내방역 8번,23026,14891,8135,70,3979,7139,6333,3943,1562,37,1696,4093,4651,3200,1214,33,2283,3046,1682,743,348
2021,4,A,골목상권,2110918,방배역 3번,10816,7193,3623,65,2219,3056,2465,1686,1325,48,1253,2103,1744,1060,985,17,966,953,721,626,340
2021,4,A,골목상권,2110917,서초소방서,12422,9657,2765,29,1384,3372,3553,3049,1035,18,855,2598,2947,2472,767,11,529,774,606,577,268
2021,4,A,골목상권,2110916,내방역 4번,11774,7659,4115,75,2322,3382,2734,1833,1428,62,1295,2295,1844,1148,1015,13,1027,1087,890,685,413
2021,4,A,골목상권,2110915,서래초등학교,94789,82594,12195,60,11017,20797,25059,34620,3236,23,7412,16877,22213,33205,2864,37,3605,3920,2846,1415,372
2021,4,A,골목상권,2110914,내방역 6번,7659,4955,2704,25,1383,2047,1723,1397,1084,13,683,1314,1154,948,843,12,700,733,569,449,241
2021,4,A,골목상권,2110913,방현초등학교(방배119안전센터),13661,7814,5847,27,2260,4039,3860,2228,1247,6,966,2297,2227,1448,870,21,1294,1742,1633,780,377
2021,4,A,골목상권,2110912,방배동사이길,15348,9117,6231,40,3489,4414,3802,2689,914,11,1112,2520,2641,2084,749,29,2377,1894,1161,605,165
2021,4,A,골목상권,2110911,방배배수지체육공원,9356,5053,4303,21,1411,2855,2730,1512,827,7,554,1540,1393,987,572,14,857,1315,1337,525,255
2021,4,A,골목상권,2110910,내방역 5번,8226,4933,3293,29,1467,1910,1854,1558,1408,18,612,1121,1123,986,1073,11,855,789,731,572,335
2021,4,A,골목상권,2110909,남태령역(서울전자고등학교),980,650,330,3,37,95,211,424,210,3,11,56,137,285,158,0,26,39,74,139,52
2021,4,A,골목상권,2110908,구반포역,10206,5558,4648,82,1769,2563,2691,2291,810,77,764,1411,1582,1201,523,5,1005,1152,1109,1090,287
2021,4,A,골목상권,2110907,방배초등학교,9463,5322,4141,34,1449,1969,2194,2016,1801,18,591,1121,1241,1097,1254,16,858,848,953,919,547
2021,4,A,골목상권,2110906,서문여고,12830,5897,6933,22,2398,3237,3851,2269,1053,7,757,1390,1825,1223,695,15,1641,1847,2026,1046,358
2021,4,A,골목상권,2110905,방배노인종합복지관(이수중학교),7088,3248,3840,14,1430,1975,1825,1194,650,2,492,840,856,644,414,12,938,1135,969,550,236
2021,4,A,골목상권,2110904,이수역 5번,8769,3652,5117,28,1705,2258,2104,1550,1124,11,568,901,855,658,659,17,1137,1357,1249,892,465
2021,4,A,골목상권,2110903,방배아이파크아파트,17572,8950,8622,21,2787,4332,4867,3195,2370,8,911,1898,2409,1828,1896,13,1876,2434,2458,1367,474
2021,4,A,골목상권,2110902,사당역 4번,5046,3244,1802,7,832,1231,1323,951,702,5,434,787,876,621,521,2,398,444,447,330,181
2021,4,A,골목상권,2110901,인헌고등학교(인헌중학교),2102,1093,1009,7,323,545,600,405,222,4,150,278,296,187,178,3,173,267,304,218,44
2021,4,A,골목상권,2110900,낙성대역 1번(관악구민 종합체육센터),5205,3133,2072,15,1042,1513,1190,800,645,7,483,957,724,463,499,8,559,556,466,337,146
2021,4,A,골목상권,2110899,낙성대역 5번(관악중학교),4750,3171,1579,19,928,1383,1072,761,587,11,469,968,738,513,472,8,459,415,334,248,115
2021,4,A,골목상권,2110898,청림동주민센터(상도중학교),3450,1948,1502,3,505,1104,1104,537,197,2,228,621,634,318,145,1,277,483,470,219,52
2021,4,A,골목상권,2110897,서울대입구역 8번,3920,2161,1759,18,646,860,915,882,599,10,268,453,509,503,418,8,378,407,406,379,181
2021,4,A,골목상권,2110896,관악우성아파트,799,291,508,4,114,127,193,218,143,3,40,45,67,80,56,1,74,82,126,138,87
2021,4,A,골목상권,2110895,샤로수길,10222,6144,4078,27,1727,3006,2245,2098,1119,14,783,1749,1342,1397,859,13,944,1257,903,701,260
2021,4,A,골목상권,2110894,관악동부센트레빌아파트(은천로35라길),7336,2753,4583,54,1023,1249,1644,2245,1121,30,476,663,753,603,228,24,547,586,891,1642,893
2021,4,A,골목상권,2110893,관악소방서(문영여고),1875,1446,429,2,350,573,417,435,98,1,241,446,313,364,81,1,109,127,104,71,17
2021,4,A,골목상권,2110892,관악구 중앙길,4838,2402,2436,12,705,953,1155,1126,887,7,243,435,562,631,524,5,462,518,593,495,363
2021,4,A,골목상권,2110891,구암초등학교,1510,676,834,1,244,400,465,274,126,0,74,176,222,137,67,1,170,224,243,137,59
2021,4,A,골목상권,2110890,봉천역 1번(관악초등학교),2594,1111,1483,7,502,694,561,417,413,3,119,262,264,217,246,4,383,432,297,200,167
2021,4,A,골목상권,2110889,봉천역 6번,2545,1344,1201,2,320,470,540,632,581,1,129,231,296,373,314,1,191,239,244,259,267
2021,4,A,골목상권,2110888,청룡동주민센터,2099,907,1192,4,408,600,515,327,245,0,86,215,246,182,178,4,322,385,269,145,67
2021,4,A,골목상권,2110887,서울산업정보학교(서울삼성초등학교),1523,976,547,3,160,328,383,455,194,1,58,159,255,349,154,2,102,169,128,106,40
2021,4,A,골목상권,2110886,관악해태어린이공원,1665,1062,603,3,148,265,453,511,285,1,57,128,278,370,228,2,91,137,175,141,57
2021,4,A,골목상권,2110885,영락고등학교,1893,1032,861,8,261,357,479,409,379,2,125,180,245,234,246,6,136,177,234,175,133
2021,4,A,골목상권,2110884,봉천역 4번(봉천110안전센터),4024,1687,2337,16,619,799,866,1104,620,3,163,358,395,397,371,13,456,441,471,707,249
2021,4,A,골목상권,2110883,은천초등학교(은천교앞),3528,1525,2003,18,494,684,812,1011,509,3,133,308,387,360,334,15,361,376,425,651,175
2021,4,A,골목상권,2110882,신성초등학교,3420,2456,964,10,526,699,935,786,464,2,341,512,686,592,323,8,185,187,249,194,141
2021,4,A,골목상권,2110881,구립대학경로당(관악산샘말공원),3797,2632,1165,10,521,941,1074,882,369,3,294,607,786,658,284,7,227,334,288,224,85
2021,4,A,골목상권,2110880,신림역 1번,2278,911,1367,4,518,556,461,452,287,1,128,213,230,166,173,3,390,343,231,286,114
2021,4,A,골목상권,2110879,신림현대아파트,1503,793,710,7,249,266,356,320,305,1,112,137,184,178,181,6,137,129,172,142,124
2021,4,A,골목상권,2110878,미림여고,760,404,356,6,82,201,203,172,96,1,25,95,123,91,69,5,57,106,80,81,27
2021,4,A,골목상권,2110877,신림역 8번,3894,1878,2016,7,700,826,840,835,686,3,217,354,438,393,473,4,483,472,402,442,213
2021,4,A,골목상권,2110876,서원동주민센터(신관중학교),2115,996,1119,9,238,350,386,523,609,1,98,176,204,211,306,8,140,174,182,312,303
2021,4,A,골목상권,2110875,보라매동주민센터(당곡고등학교),1363,723,640,3,157,282,311,338,272,1,67,137,153,175,190,2,90,145,158,163,82
2021,4,A,골목상권,2110874,원신초등학교(구세군관악영문교회),1118,557,561,8,124,254,308,281,143,2,31,106,166,149,103,6,93,148,142,132,40
2021,4,A,골목상권,2110873,당곡중학교,3337,1850,1487,9,500,680,793,702,653,5,233,361,440,359,452,4,267,319,353,343,201
2021,4,A,골목상권,2110872,신림초등학교,930,502,428,5,122,218,227,219,139,3,61,122,131,115,70,2,61,96,96,104,69
2021,4,A,골목상권,2110871,신원동주민센터,1612,855,757,5,156,282,321,377,471,0,73,153,184,186,259,5,83,129,137,191,212
2021,4,A,골목상권,2110870,신림주공2단지(광신고등학교),1141,670,471,2,115,187,305,328,204,0,57,100,158,196,159,2,58,87,147,132,45
2021,4,A,골목상권,2110869,"신림역 5번(신림동주민센터, 신림동별빛거리)",4076,2363,1713,5,448,899,1044,811,869,3,183,488,584,482,623,2,265,411,460,329,246
2021,4,A,골목상권,2110868,남부초등학교,2177,1250,927,6,230,384,451,528,578,2,123,247,247,289,342,4,107,137,204,239,236
2021,4,A,골목상권,2110867,국제신학대학원대학교(남서울중학교),2153,1276,877,6,202,394,446,534,571,1,116,254,260,305,340,5,86,140,186,229,231
2021,4,A,골목상권,2110866,난우중학교,1349,680,669,0,156,268,351,372,202,0,54,119,161,198,148,0,102,149,190,174,54
2021,4,A,골목상권,2110865,남강고등학교(남강중학교),1484,757,727,10,165,277,355,427,250,7,75,151,179,198,147,3,90,126,176,229,103
2021,4,A,골목상권,2110864,신림우방아파트,3375,2463,912,2,520,914,1049,663,227,2,254,676,843,528,160,0,266,238,206,135,67
2021,4,A,골목상권,2110863,난우초등학교,1442,710,732,21,172,297,310,390,252,16,69,135,139,194,157,5,103,162,171,196,95
2021,4,A,골목상권,2110862,난곡초등학교(난곡동벽화마을),1010,522,488,6,119,185,246,257,197,4,51,89,116,122,140,2,68,96,130,135,57
2021,4,A,골목상권,2110861,관악구신사동주민센터,5342,3589,1753,7,791,1451,1510,1080,503,5,372,999,1127,747,339,2,419,452,383,333,164
2021,4,A,골목상권,2110860,호림박물관(성보고등학교),2271,1322,949,6,331,597,540,529,268,2,143,327,328,314,208,4,188,270,212,215,60
2021,4,A,골목상권,2110859,난향초등학교,670,335,335,1,62,132,182,148,145,0,6,55,76,79,119,1,56,77,106,69,26
2021,4,A,골목상권,2110858,신대방역 1번,2937,2211,726,0,458,834,956,538,151,0,224,640,808,434,105,0,234,194,148,104,46
2021,4,A,골목상권,2110857,미성동주민센터,1420,669,751,18,192,290,315,355,250,13,86,141,143,141,145,5,106,149,172,214,105
2021,4,A,골목상권,2110856,미성초등학교,5509,3786,1723,18,482,944,1029,1026,2010,13,244,557,635,596,1741,5,238,387,394,430,269
2021,4,A,골목상권,2110855,신대방역 2번,7238,5206,2032,7,1079,1599,1673,1188,1692,3,461,1082,1234,877,1549,4,618,517,439,311,143
2021,4,A,골목상권,2110854,조원동주민센터,4035,2937,1098,4,549,688,667,631,1496,2,252,444,407,434,1398,2,297,244,260,197,98
2021,4,A,골목상권,2110853,KT구로지사,3290,1991,1299,8,459,914,780,685,444,0,205,548,483,423,332,8,254,366,297,262,112
2021,4,A,골목상권,2110852,이수역 9번,3811,1920,1891,8,745,927,993,751,387,1,218,418,515,476,292,7,527,509,478,275,95
2021,4,A,골목상권,2110851,경문고등학교(동작동성당),4456,2067,2389,17,740,1150,1184,943,422,8,269,580,679,373,158,9,471,570,505,570,264
2021,4,A,골목상권,2110850,사당역 10번,10320,5639,4681,18,1880,2576,2671,1839,1336,7,705,1317,1483,1154,973,11,1175,1259,1188,685,363
2021,4,A,골목상권,2110849,이수역 10번,3768,1745,2023,10,433,701,854,817,953,3,153,309,390,345,545,7,280,392,464,472,408
2021,4,A,골목상권,2110848,양지어린이공원,3256,1724,1532,6,441,566,741,634,868,2,119,275,356,341,631,4,322,291,385,293,237
2021,4,A,골목상권,2110847,예술인마을,2530,1528,1002,4,338,589,673,515,411,3,154,331,385,307,348,1,184,258,288,208,63
2021,4,A,골목상권,2110846,남성역 1번,3630,1865,1765,7,330,623,941,836,893,4,126,281,402,423,629,3,204,342,539,413,264
2021,4,A,골목상권,2110845,사당종합체육관,2397,1431,966,1,354,627,650,552,213,0,148,356,441,330,156,1,206,271,209,222,57
2021,4,A,골목상권,2110844,흑석2치안센터,241,126,115,1,35,73,58,42,32,1,19,32,33,17,24,0,16,41,25,25,8
2021,4,A,골목상권,2110843,사당5동주민센터,1194,583,611,1,98,212,342,336,205,0,37,73,143,177,153,1,61,139,199,159,52
2021,4,A,골목상권,2110842,흑리단길,556,270,286,1,66,101,146,139,103,0,20,42,66,74,68,1,46,59,80,65,35
2021,4,A,골목상권,2110841,중대부중,674,354,320,1,103,154,161,163,92,0,51,94,81,73,55,1,52,60,80,90,37
2021,4,A,골목상권,2110840,중앙대학교,882,502,380,1,124,191,228,200,138,0,56,112,135,111,88,1,68,79,93,89,50
2021,4,A,골목상권,2110839,숭실대입구역 4번,3697,2231,1466,2,394,1053,1227,711,310,1,181,582,728,474,265,1,213,471,499,237,45
2021,4,A,골목상권,2110838,상도1동주민센터앞,1392,870,522,1,93,249,390,421,238,0,42,120,242,271,195,1,51,129,148,150,43
2021,4,A,골목상권,2110837,숭실대입구역 1번,8221,3493,4728,54,1030,1379,1902,2545,1311,29,523,747,944,810,440,25,507,632,958,1735,871
2021,4,A,골목상권,2110836,상도역 5번,5025,2807,2218,14,875,1350,1197,1030,559,3,367,761,710,615,351,11,508,589,487,415,208
2021,4,A,골목상권,2110835,상도역 1번,2038,1023,1015,7,367,582,498,390,194,2,128,317,279,178,119,5,239,265,219,212,75
2021,4,A,골목상권,2110834,동작구자원봉사센터,3162,1812,1350,14,353,723,846,740,486,11,174,415,515,413,284,3,179,308,331,327,202
2021,4,A,골목상권,2110833,상도역 2번,1715,864,851,7,261,455,433,361,198,2,97,247,248,166,104,5,164,208,185,195,94
2021,4,A,골목상권,2110832,노량진초등학교,5002,2714,2288,10,799,1411,1191,1071,520,2,412,703,650,640,307,8,387,708,541,431,213
2021,4,A,골목상권,2110831,상도4동주민센터,2239,1368,871,3,307,506,509,590,324,2,153,295,324,435,159,1,154,211,185,155,165
2021,4,A,골목상권,2110830,상도초등학교,1330,625,705,0,226,298,336,312,158,0,96,129,138,163,99,0,130,169,198,149,59
2021,4,A,골목상권,2110829,장승배기역 5번,2349,1304,1045,2,395,511,541,549,351,1,260,279,263,290,211,1,135,232,278,259,140
2021,4,A,골목상권,2110828,노량진역 6번,8869,5087,3782,23,1227,2717,2373,1773,756,5,584,1515,1420,1093,470,18,643,1202,953,680,286
2021,4,A,골목상권,2110827,NH농협은행 상도동지점,1462,630,832,2,132,273,365,370,320,1,43,127,154,151,154,1,89,146,211,219,166
2021,4,A,골목상권,2110826,장승배기역 4번,2029,905,1124,3,266,455,516,421,368,1,108,218,207,182,189,2,158,237,309,239,179
2021,4,A,골목상권,2110825,신대방삼거리역 1번,2536,1465,1071,4,276,526,686,635,409,2,138,298,391,351,285,2,138,228,295,284,124
2021,4,A,골목상권,2110824,대방역 3번,3761,1903,1858,11,679,1005,971,680,415,4,247,541,503,341,267,7,432,464,468,339,148
2021,4,A,골목상권,2110823,신대방삼거리역 3번,19702,12375,7327,54,3771,3849,3316,4703,4009,29,2894,3042,2093,2221,2096,25,877,807,1223,2482,1913
2021,4,A,골목상권,2110822,신대방삼거리역 4번(대림초등학교),21761,14425,7336,49,4293,4465,3481,5406,4067,25,3222,3610,2369,3027,2172,24,1071,855,1112,2379,1895
2021,4,A,골목상권,2110821,보라매역 2번,20232,12822,7410,53,3814,3970,3335,4772,4288,28,2871,3169,2141,2333,2280,25,943,801,1194,2439,2008
2021,4,A,골목상권,2110820,성남고등학교,5261,3799,1462,6,897,1096,1024,1672,566,4,555,782,724,1306,428,2,342,314,300,366,138
2021,4,A,골목상권,2110819,신대방역 4번,8413,4800,3613,22,1758,2323,2095,1432,783,15,703,1397,1279,875,531,7,1055,926,816,557,252
2021,4,A,골목상권,2110818,신대방역 3번,3077,1741,1336,5,647,827,709,528,361,3,245,488,428,333,244,2,402,339,281,195,117
2021,4,A,골목상권,2110817,대방역 4번,4185,2172,2013,10,770,1046,1050,736,573,4,304,573,566,365,360,6,466,473,484,371,213
2021,4,A,골목상권,2110816,대방역 6번,3962,2050,1912,10,759,1006,1000,663,524,4,298,549,535,333,331,6,461,457,465,330,193
2021,4,A,골목상권,2110815,공군호텔,4714,2349,2365,7,784,1077,1138,980,728,1,277,561,601,456,453,6,507,516,537,524,275
2021,4,A,골목상권,2110814,서울지방병무청,7603,4784,2819,9,1346,1680,1544,2153,871,3,693,1084,953,1469,582,6,653,596,591,684,289
2021,4,A,골목상권,2110813,보라매역 6번,6876,4830,2046,11,1220,1596,1384,1792,873,6,699,1147,989,1373,616,5,521,449,395,419,257
2021,4,A,골목상권,2110812,신길6동주민센터,4624,2863,1761,10,727,1148,1135,989,615,4,315,738,735,653,418,6,412,410,400,336,197
2021,4,A,골목상권,2110811,보라매역 4번,2766,1733,1033,6,446,755,710,512,337,4,184,499,472,333,241,2,262,256,238,179,96
2021,4,A,골목상권,2110810,영신초등학교,3517,1894,1623,3,458,736,791,799,730,0,206,397,450,391,450,3,252,339,341,408,280
2021,4,A,골목상권,2110809,장훈고등학교,1606,910,696,1,204,371,337,337,356,0,98,181,189,193,249,1,106,190,148,144,107
2021,4,A,골목상권,2110808,신길역 1번,1592,740,852,5,182,313,417,413,262,2,80,156,192,166,144,3,102,157,225,247,118
2021,4,A,골목상권,2110807,신길역 3번,1638,807,831,11,174,333,401,411,308,8,82,179,196,176,166,3,92,154,205,235,142
2021,4,A,골목상권,2110806,서울시립영등포장애인복지관,2387,1673,714,16,364,520,569,547,371,8,193,343,417,410,302,8,171,177,152,137,69
2021,4,A,골목상권,2110805,신길새마을금고신길4동지점,1216,700,516,1,199,271,315,295,135,0,101,161,180,161,97,1,98,110,135,134,38
2021,4,A,골목상권,2110804,신풍역 1번,2372,1166,1206,3,272,549,698,504,346,2,123,257,287,245,252,1,149,292,411,259,94
2021,4,A,골목상권,2110803,신길2동우편취급국,2509,1438,1071,6,234,521,553,547,648,3,108,251,286,304,486,3,126,270,267,243,162
2021,4,A,골목상권,2110802,신길동홍어거리,1971,1091,880,2,192,411,401,426,539,0,72,183,199,241,396,2,120,228,202,185,143
2021,4,A,골목상권,2110801,신풍역 6번(신길6동공영주차장),301,115,186,1,34,45,73,79,69,0,1,15,27,34,38,1,33,30,46,45,31
2021,4,A,골목상권,2110800,영등포동성당,5362,2916,2446,19,1329,1256,1139,983,636,8,431,652,702,637,486,11,898,604,437,346,150
2021,4,A,골목상권,2110799,영등포본동주민센터,3983,2135,1848,33,649,947,932,981,441,14,258,423,511,605,324,19,391,524,421,376,117
2021,4,A,골목상권,2110798,신풍역 2번,2122,1241,881,11,207,502,639,459,304,7,108,296,321,278,231,4,99,206,318,181,73
2021,4,A,골목상권,2110797,KT대방빌딩,3144,1496,1648,9,820,808,770,523,214,6,240,402,374,312,162,3,580,406,396,211,52
2021,4,A,골목상권,2110796,한림대학교한강성심병원,5632,3268,2364,8,1305,1322,1284,1015,698,0,411,703,861,726,567,8,894,619,423,289,131
2021,4,A,골목상권,2110795,도림초등학교,1828,1023,805,5,184,344,440,434,421,3,71,175,248,241,285,2,113,169,192,193,136
2021,4,A,골목상권,2110794,영동초등학교,8718,5133,3585,8,1743,2212,2176,1709,870,4,679,1371,1441,1029,609,4,1064,841,735,680,261
2021,4,A,골목상권,2110793,대림썬프라자,2818,1319,1499,8,768,694,688,474,186,5,217,345,325,283,144,3,551,349,363,191,42
2021,4,A,골목상권,2110792,영등포역 2번,5923,3190,2733,47,860,1497,1434,1376,709,16,347,682,787,863,495,31,513,815,647,513,214
2021,4,A,골목상권,2110791,신풍역 3번,1383,586,797,2,125,278,433,323,222,1,61,103,121,135,165,1,64,175,312,188,57
2021,4,A,골목상권,2110790,대림1동주민센터,2429,1435,994,10,228,503,715,574,399,6,126,305,368,341,289,4,102,198,347,233,110
2021,4,A,골목상권,2110789,대림성모병원,4450,2148,2302,2,1231,1263,925,658,371,2,390,671,514,343,228,0,841,592,411,315,143
2021,4,A,골목상권,2110788,영등포시장역 3번,1667,1051,616,4,180,309,409,385,380,2,99,204,272,245,229,2,81,105,137,140,151
2021,4,A,골목상권,2110787,신길3동주민센터,1222,699,523,4,115,241,343,317,202,4,48,124,193,184,146,0,67,117,150,133,56
2021,4,A,골목상권,2110786,당산역 8번,7825,5499,2326,20,1077,1908,2064,1786,970,6,520,1259,1536,1421,757,14,557,649,528,365,213
2021,4,A,골목상권,2110785,영등포푸르지오아파트,2451,1619,832,9,260,554,675,578,375,6,121,360,452,397,283,3,139,194,223,181,92
2021,4,A,골목상권,2110784,신대림초등학교,1107,505,602,0,169,239,283,265,151,0,37,90,140,139,99,0,132,149,143,126,52
2021,4,A,골목상권,2110783,영등포시장역 1번,4972,3155,1817,7,670,1173,1173,1290,659,4,428,837,769,737,380,3,242,336,404,553,279
2021,4,A,골목상권,2110782,영등포시장역 4번,2465,1324,1141,11,360,533,568,540,453,3,132,283,346,306,254,8,228,250,222,234,199
2021,4,A,골목상권,2110781,대림한신아파트,2334,1304,1030,3,330,410,531,592,468,0,115,225,289,336,339,3,215,185,242,256,129
2021,4,A,골목상권,2110780,신길대성유니드아파트,1455,969,486,1,140,290,376,383,265,1,90,176,235,250,217,0,50,114,141,133,48
2021,4,A,골목상권,2110779,대림갑을명가아파트,1069,666,403,1,100,175,270,315,208,0,50,111,168,188,149,1,50,64,102,127,59
2021,4,A,골목상권,2110778,구로디지털단지역 4번,17970,10395,7575,62,3849,6187,4533,2071,1268,25,1650,3691,2861,1304,864,37,2199,2496,1672,767,404
2021,4,A,골목상권,2110777,구로세무서,8769,5040,3729,42,1718,2576,2320,1425,688,12,658,1412,1465,941,552,30,1060,1164,855,484,136
2021,4,A,골목상권,2110776,도신초등학교,4733,3293,1440,15,581,1138,1372,1021,606,5,303,810,1017,693,465,10,278,328,355,328,141
2021,4,A,골목상권,2110775,대동초등학교,2459,1332,1127,3,269,325,473,553,836,2,89,164,242,302,533,1,180,161,231,251,303
2021,4,A,골목상권,2110774,당산반도유보라팰리스아파트,8457,4962,3495,26,1814,2431,1605,1556,1025,16,821,1362,1009,1027,727,10,993,1069,596,529,298
2021,4,A,골목상권,2110773,당산역 13번,2905,1950,955,5,412,582,610,614,682,2,235,382,388,415,528,3,177,200,222,199,154
2021,4,A,골목상권,2110772,신우어린이공원,2997,2132,865,12,429,826,887,541,302,4,220,608,699,381,220,8,209,218,188,160,82
2021,4,A,골목상권,2110771,대림역 11번,2948,1669,1279,6,319,411,591,693,928,2,109,223,321,410,604,4,210,188,270,283,324
2021,4,A,골목상권,2110770,영등포구청역 6번,4260,2620,1640,11,498,892,1114,882,863,8,216,483,672,580,661,3,282,409,442,302,202
2021,4,A,골목상권,2110769,대림차이나타운(대림역 12번),2722,1534,1188,6,326,457,574,598,761,4,134,255,332,345,464,2,192,202,242,253,297
2021,4,A,골목상권,2110768,도림2동유수지내체육시설,2354,1370,984,12,303,517,598,503,421,8,98,264,326,358,316,4,205,253,272,145,105
2021,4,A,골목상권,2110767,도림동주민센터,3182,1885,1297,15,390,687,802,650,638,9,145,362,448,425,496,6,245,325,354,225,142
2021,4,A,골목상권,2110766,대림역 5번,11181,7292,3889,23,1207,2226,2566,2591,2568,10,630,1648,1904,1582,1518,13,577,578,662,1009,1050
2021,4,A,골목상권,2110765,문래동사거리,7830,4633,3197,26,1429,2100,2107,1368,800,12,580,1203,1318,865,655,14,849,897,789,503,145
2021,4,A,골목상권,2110764,문래역 3번,4607,2577,2030,6,1067,1049,1088,744,653,3,348,575,673,486,492,3,719,474,415,258,161
2021,4,A,골목상권,2110763,영등포구청역 2번,8695,4343,4352,23,1697,2301,1702,1681,1291,12,718,1211,954,756,692,11,979,1090,748,925,599
2021,4,A,골목상권,2110762,선유도역 1번,13668,7921,5747,38,2474,3715,3705,2298,1438,14,1069,2259,2141,1374,1064,24,1405,1456,1564,924,374
2021,4,A,골목상권,2110761,문래동남성맨션,2530,1610,920,7,264,524,672,539,524,2,128,308,394,353,425,5,136,216,278,186,99
2021,4,A,골목상권,2110760,선유도역 6번,12817,7184,5633,36,2497,3665,3582,1995,1042,13,1072,2185,2010,1151,753,23,1425,1480,1572,844,289
2021,4,A,골목상권,2110759,문래예술촌(문래창작촌),66557,51492,15065,62,8833,22832,21900,9809,3121,32,5445,17498,18835,7910,1772,30,3388,5334,3065,1899,1349
2021,4,A,골목상권,2110758,문래소공원,15574,8153,7421,106,3451,3930,3390,3353,1344,31,1573,2867,1720,962,1000,75,1878,1063,1670,2391,344
2021,4,A,골목상권,2110757,양평역 2번,5127,3795,1332,16,638,1290,1232,1011,940,8,379,981,930,735,762,8,259,309,302,276,178
2021,4,A,골목상권,2110756,문래중학교,2728,1912,816,3,291,594,707,629,504,0,153,434,496,443,386,3,138,160,211,186,118
2021,4,A,골목상권,2110755,동일여자고등학교,2135,1066,1069,22,282,514,513,476,328,16,133,279,259,198,181,6,149,235,254,278,147
2021,4,A,골목상권,2110754,삼성산자연공원(서울금천초등학교),2472,1302,1170,24,320,567,623,566,372,17,150,318,341,253,223,7,170,249,282,313,149
2021,4,A,골목상권,2110753,시흥동 은행나무사거리,2070,1119,951,8,216,426,499,538,383,7,110,244,247,282,229,1,106,182,252,256,154
2021,4,A,골목상권,2110752,한울중학교,2508,1442,1066,13,371,511,631,654,328,10,227,286,332,344,243,3,144,225,299,310,85
2021,4,A,골목상권,2110751,난곡중학교,5213,3717,1496,5,380,874,998,1011,1945,4,227,511,612,622,1741,1,153,363,386,389,204
2021,4,A,골목상권,2110750,시흥4동주민센터(서울신흥초등학교),1282,735,547,10,177,238,364,328,165,8,95,148,212,156,116,2,82,90,152,172,49
2021,4,A,골목상권,2110749,금산초등학교(금천고등학교),7948,4687,3261,13,583,1162,1851,2068,2271,4,304,743,1058,1128,1450,9,279,419,793,940,821
2021,4,A,골목상권,2110748,백산초등학교,1856,1127,729,1,232,353,454,484,332,1,140,225,265,265,231,0,92,128,189,219,101
2021,4,A,골목상권,2110747,석수역 1번 출입구,1141,853,288,4,75,146,253,309,354,4,50,104,169,220,306,0,25,42,84,89,48
2021,4,A,골목상권,2110746,금천금빛공원(은행나무사거리서측),1310,613,697,2,128,213,354,362,251,1,50,94,162,172,134,1,78,119,192,190,117
2021,4,A,골목상권,2110745,독산동정훈단지,1707,938,769,1,199,309,343,477,378,0,110,127,144,259,298,1,89,182,199,218,80
2021,4,A,골목상권,2110744,독산동성당,2416,1405,1011,3,254,397,504,647,611,2,147,225,267,354,410,1,107,172,237,293,201
2021,4,A,골목상권,2110743,시흥초등학교(시흥1동우체국),2406,1098,1308,8,357,447,616,620,358,6,148,209,284,249,202,2,209,238,332,371,156
2021,4,A,골목상권,2110742,KT금천빌딩(금천구시설관리공단),6015,3720,2295,11,452,843,1212,1435,2062,3,293,570,765,848,1241,8,159,273,447,587,821
2021,4,A,골목상권,2110741,독산2동주민센터,2240,1186,1054,4,289,450,522,614,361,2,144,230,254,308,248,2,145,220,268,306,113
2021,4,A,골목상권,2110740,금천해태공원,3416,1807,1609,19,676,847,769,717,388,14,314,474,387,335,283,5,362,373,382,382,105
2021,4,A,골목상권,2110739,시흥3동 우편취급국,6352,3608,2744,12,450,863,1467,1666,1894,3,234,571,836,841,1123,9,216,292,631,825,771
2021,4,A,골목상권,2110738,문성초등학교,2977,1790,1187,13,415,599,717,708,525,4,242,374,447,400,323,9,173,225,270,308,202
2021,4,A,골목상권,2110737,금천세무서,2285,1396,889,11,291,455,570,573,385,2,149,254,326,364,301,9,142,201,244,209,84
2021,4,A,골목상권,2110736,독산119안전센터,3398,2048,1350,7,368,585,749,938,751,2,210,356,449,533,498,5,158,229,300,405,253
2021,4,A,골목상권,2110735,말미고개,3342,1951,1391,9,413,671,745,902,602,5,210,391,419,491,435,4,203,280,326,411,167
2021,4,A,골목상권,2110734,금천파출소,2086,924,1162,8,492,580,438,382,186,3,209,294,191,141,86,5,283,286,247,241,100
2021,4,A,골목상권,2110733,금천어울림복지센터,3444,1825,1619,7,384,863,854,918,418,7,139,357,436,581,305,0,245,506,418,337,113
2021,4,A,골목상권,2110732,가산초등학교(세일중학교),3569,2253,1316,15,480,731,846,865,632,5,267,437,485,565,494,10,213,294,361,300,138
2021,4,A,골목상권,2110731,금천구청역 1번 출입구,4713,2376,2337,15,717,1254,1089,1102,536,10,295,567,515,637,352,5,422,687,574,465,184
2021,4,A,골목상권,2110730,서울축산농협 독산역지점(독산파출소),8706,5284,3422,16,575,977,1154,1734,4250,13,301,608,665,989,2708,3,274,369,489,745,1542
2021,4,A,골목상권,2110729,가산동우체국,7733,4618,3115,35,1115,1778,1866,1386,1553,23,591,1099,1184,849,872,12,524,679,682,537,681
2021,4,A,골목상권,2110728,두산초등학교,18360,12147,6213,48,2128,4025,3814,3397,4948,34,1169,2673,2717,2302,3252,14,959,1352,1097,1095,1696
2021,4,A,골목상권,2110727,독산역 1번 출입구,17476,11439,6037,47,2095,3867,3580,3098,4789,35,1158,2571,2539,2068,3068,12,937,1296,1041,1030,1721
2021,4,A,골목상권,2110726,금천철쭉어린이공원(금하마을),1309,861,448,13,192,244,273,324,263,11,121,165,185,179,200,2,71,79,88,145,63
2021,4,A,골목상권,2110725,가산동주민센터,17959,10649,7310,54,3657,5220,4231,2774,2023,36,1832,3225,2688,1581,1287,18,1825,1995,1543,1193,736
2021,4,A,골목상권,2110724,금천구립가산도서관,16529,10406,6123,48,2688,4775,4093,3007,1918,31,1461,3038,2801,1938,1137,17,1227,1737,1292,1069,781
2021,4,A,골목상권,2110723,가산디지털단지역 1번 출입구,30711,20313,10398,125,6526,9665,7684,4343,2368,83,3343,6435,5555,3044,1853,42,3183,3230,2129,1299,515
2021,4,A,골목상권,2110722,G타워,30854,19064,11790,91,6081,10458,8099,3836,2289,44,2876,6665,5338,2458,1683,47,3205,3793,2761,1378,606
2021,4,A,골목상권,2110721,가리봉파출소,16201,10773,5428,61,3049,5067,4125,2440,1459,38,1654,3498,2950,1549,1084,23,1395,1569,1175,891,375
2021,4,A,골목상권,2110720,대림역 2번,3054,2008,1046,3,284,548,746,896,577,2,135,315,486,651,419,1,149,233,260,245,158
2021,4,A,골목상권,2110719,영서중학교,16106,11484,4622,81,3373,5212,3875,2184,1381,58,1839,3643,3031,1716,1197,23,1534,1569,844,468,184
2021,4,A,골목상권,2110718,한국SGI본부,11273,7495,3778,38,1568,2695,2863,2448,1661,30,912,1907,2037,1549,1060,8,656,788,826,899,601
2021,4,A,골목상권,2110717,남구로역 2번,32359,21997,10362,139,6433,10200,7892,4583,3112,93,3413,6993,5797,3191,2510,46,3020,3207,2095,1392,602
2021,4,A,골목상권,2110716,구로나눔길,5187,2873,2314,7,627,1401,1218,1332,602,3,283,752,655,825,355,4,344,649,563,507,247
2021,4,A,골목상권,2110715,구로구민회관,9631,5743,3888,10,1097,2247,2356,2343,1578,7,543,1415,1484,1362,932,3,554,832,872,981,646
2021,4,A,골목상권,2110714,구로4동주민센터,6726,4005,2721,16,736,1595,1535,1881,963,10,334,852,897,1259,653,6,402,743,638,622,310
2021,4,A,골목상권,2110713,구로보건소,8744,5422,3322,19,1294,2210,2371,1815,1035,12,670,1411,1510,1110,709,7,624,799,861,705,326
2021,4,A,골목상권,2110712,남구로역 5번,1744,993,751,8,222,353,399,367,395,5,113,205,206,195,269,3,109,148,193,172,126
2021,4,A,골목상권,2110711,구로초등학교,6650,3489,3161,18,1043,1686,1509,1570,824,6,423,836,776,935,513,12,620,850,733,635,311
2021,4,A,골목상권,2110710,남구로역 3번,23954,15662,8292,83,4830,7403,5886,3524,2228,55,2475,4912,4114,2389,1717,28,2355,2491,1772,1135,511
2021,4,A,골목상권,2110709,구로119안전센터,1617,786,831,4,193,275,354,466,325,2,81,147,192,183,181,2,112,128,162,283,144
2021,4,A,골목상권,2110708,화원어린이공원,2555,1302,1253,12,557,671,568,393,354,4,188,310,307,231,262,8,369,361,261,162,92
2021,4,A,골목상권,2110707,구로창업지원센터,7830,5732,2098,13,782,2138,2103,1720,1074,10,450,1587,1593,1259,833,3,332,551,510,461,241
2021,4,A,골목상권,2110706,그라운드 고척,3644,2363,1281,2,400,761,863,902,716,2,204,446,507,589,615,0,196,315,356,313,101
2021,4,A,골목상권,2110705,고산초등학교,3225,2124,1101,3,369,685,744,785,639,2,191,401,432,537,561,1,178,284,312,248,78
2021,4,A,골목상권,2110704,고척중학교,4524,2700,1824,4,515,986,1072,1090,857,3,263,536,545,647,706,1,252,450,527,443,151
2021,4,A,골목상권,2110703,개봉역,9690,5377,4313,42,1449,2320,2204,2355,1320,22,833,1480,1106,1120,816,20,616,840,1098,1235,504
2021,4,A,골목상권,2110702,개봉초등학교,1617,846,771,1,165,337,431,400,283,1,75,158,210,220,182,0,90,179,221,180,101
2021,4,A,골목상권,2110701,고척동성당,5140,3853,1287,8,508,1129,1442,1653,400,2,289,824,1107,1322,309,6,219,305,335,331,91
2021,4,A,골목상권,2110700,고척초등학교,6601,4680,1921,11,615,1436,1850,2027,662,8,337,1015,1342,1521,457,3,278,421,508,506,205
2021,4,A,골목상권,2110699,덕의초등학교,2600,1666,934,9,324,610,655,684,318,7,201,404,412,402,240,2,123,206,243,282,78
2021,4,A,골목상권,2110698,개웅초등학교(개웅중학교),2910,1311,1599,8,427,527,747,807,394,6,221,286,281,277,240,2,206,241,466,530,154
2021,4,A,골목상권,2110697,개봉3동주민센터,1428,921,507,1,203,343,360,295,226,1,94,230,241,189,166,0,109,113,119,106,60
2021,4,A,골목상권,2110696,오류동역 1번,4076,2551,1525,35,946,1200,792,628,475,18,525,831,467,354,356,17,421,369,325,274,119
2021,4,A,골목상권,2110695,개봉1동주민센터,2553,1495,1058,8,234,615,670,616,410,7,123,360,373,358,274,1,111,255,297,258,136
2021,4,A,골목상권,2110694,세곡초등학교,2298,1341,957,2,220,480,607,605,384,0,116,267,319,344,295,2,104,213,288,261,89
2021,4,A,골목상권,2110693,오류동역 4번,2869,1936,933,4,380,544,701,802,438,3,304,369,458,494,308,1,76,175,243,308,130
2021,4,A,골목상권,2110692,큰굴다리,3501,2336,1165,5,490,701,888,977,440,4,368,470,568,604,322,1,122,231,320,373,118
2021,4,A,골목상권,2110691,개봉중학교,2257,1344,913,6,255,488,536,603,369,1,144,293,301,330,275,5,111,195,235,273,94
2021,4,A,골목상권,2110690,오류2동버들시장,4817,3106,1711,4,590,1020,1245,1208,750,1,375,616,761,791,562,3,215,404,484,417,188
2021,4,A,골목상권,2110689,오류동역 3번,4967,3126,1841,15,602,944,1206,1425,775,8,423,612,737,822,524,7,179,332,469,603,251
2021,4,A,골목상권,2110688,오류지구대,2024,1180,844,6,171,361,499,605,382,5,78,189,275,344,289,1,93,172,224,261,93
2021,4,A,골목상권,2110687,"천왕역 3번(오류2동주민센터, 서울오류남초등학교)",981,590,391,3,93,218,282,256,129,1,38,109,165,171,106,2,55,109,117,85,23
2021,4,A,골목상권,2110686,수궁동주민센터,2464,1418,1046,9,230,424,607,718,476,7,102,232,349,412,316,2,128,192,258,306,160
2021,4,A,골목상권,2110685,금강수목원아파트,1251,894,357,2,77,226,345,363,238,1,41,140,228,277,207,1,36,86,117,86,31
2021,4,A,골목상권,2110684,서울공연예술고등학교,1390,797,593,5,149,304,373,389,170,2,71,177,213,231,103,3,78,127,160,158,67
2021,4,A,골목상권,2110683,오류고등학교,1310,758,552,5,143,298,351,350,163,2,69,173,204,211,99,3,74,125,147,139,64
2021,4,A,골목상권,2110682,온수역 8번,1099,772,327,1,51,177,251,337,282,1,28,91,144,242,266,0,23,86,107,95,16
2021,4,A,골목상권,2110681,온수역 1번,1119,839,280,1,41,153,236,373,315,1,21,91,147,294,285,0,20,62,89,79,30
2021,4,A,골목상권,2110680,온수역 5번(온수산업단지),1725,1445,280,18,178,273,326,494,436,18,140,217,249,416,405,0,38,56,77,78,31
2021,4,A,골목상권,2110679,염창역 2번,4141,2829,1312,6,438,939,1245,1003,510,4,219,585,882,757,382,2,219,354,363,246,128
2021,4,A,골목상권,2110678,염창무학아파트,2176,1462,714,4,268,527,551,487,339,3,117,349,371,348,274,1,151,178,180,139,65
2021,4,A,골목상권,2110677,등촌역 1번,7770,5001,2769,27,1180,1953,1864,1628,1118,19,526,1215,1243,1143,855,8,654,738,621,485,263
2021,4,A,골목상권,2110676,등촌역 7번,3083,1901,1182,14,465,677,769,692,466,7,196,414,463,448,373,7,269,263,306,244,93
2021,4,A,골목상권,2110675,화곡4동주민센터,3054,1392,1662,8,686,826,628,588,318,5,146,369,300,334,238,3,540,457,328,254,80
2021,4,A,골목상권,2110674,강서구청가양동별관,3250,2202,1048,13,534,769,882,693,359,8,370,541,605,447,231,5,164,228,277,246,128
2021,4,A,골목상권,2110673,뜸부기어린이공원,4546,2072,2474,4,892,1156,994,968,532,2,237,496,489,496,352,2,655,660,505,472,180
2021,4,A,골목상권,2110672,백석중학교,3508,1974,1534,2,408,673,852,913,660,1,179,335,522,544,393,1,229,338,330,369,267
2021,4,A,골목상권,2110671,등촌1동주민센터,14478,9017,5461,47,2628,3590,3369,2781,2063,27,1070,2281,2330,1868,1441,20,1558,1309,1039,913,622
2021,4,A,골목상권,2110670,신곡초등학교,2263,1214,1049,8,288,636,617,494,220,5,142,343,297,278,149,3,146,293,320,216,71
2021,4,A,골목상권,2110669,화곡보람2차아파트,4924,2907,2017,4,1178,1380,951,683,728,3,372,912,716,421,483,1,806,468,235,262,245
2021,4,A,골목상권,2110668,화곡2동주민센터,3376,1859,1517,11,462,856,918,735,394,8,213,465,475,424,274,3,249,391,443,311,120
2021,4,A,골목상권,2110667,가양역 10번,2692,1443,1249,14,455,539,644,615,425,3,213,291,370,318,248,11,242,248,274,297,177
2021,4,A,골목상권,2110666,KC대학교,4814,3125,1689,6,577,1404,1162,1205,460,3,293,836,712,876,405,3,284,568,450,329,55
2021,4,A,골목상권,2110665,곰달래도서관,3026,1676,1350,7,329,573,768,822,527,6,144,324,418,426,358,1,185,249,350,396,169
2021,4,A,골목상권,2110664,강서구청옆,5833,3456,2377,6,812,1721,1459,1348,487,4,363,992,861,906,330,2,449,729,598,442,157
2021,4,A,골목상권,2110663,우장산롯데캐슬아파트앞,11194,6470,4724,40,1626,2878,2757,2837,1056,12,751,1807,1727,1551,622,28,875,1071,1030,1286,434
2021,4,A,골목상권,2110662,까치산역 1번,4227,2462,1765,12,541,1010,1114,1000,550,9,263,585,586,634,385,3,278,425,528,366,165
2021,4,A,골목상권,2110661,강서새말어린이공원,5172,3080,2092,3,619,1428,1352,1332,438,1,266,767,797,928,321,2,353,661,555,404,117
2021,4,A,골목상권,2110660,등촌3동주민센터,11883,6282,5601,49,1613,2452,2671,2721,2377,18,736,1568,1579,1216,1165,31,877,884,1092,1505,1212
2021,4,A,골목상권,2110659,화곡역 4번,5367,2731,2636,20,801,1346,1458,1139,603,15,306,694,725,625,366,5,495,652,733,514,237
2021,4,A,골목상권,2110658,화곡초등학교,4197,2544,1653,2,869,872,820,854,780,0,284,497,482,613,668,2,585,375,338,241,112
2021,4,A,골목상권,2110657,양천향교역 5번,9781,5923,3858,24,1272,2402,2408,2189,1486,12,574,1336,1536,1311,1154,12,698,1066,872,878,332
2021,4,A,골목상권,2110656,까치산역 3번,3493,1986,1507,17,308,641,932,1073,522,15,157,392,539,568,315,2,151,249,393,505,207
2021,4,A,골목상권,2110655,발산역 5번,4383,2015,2368,5,446,729,861,918,1424,3,178,374,438,390,632,2,268,355,423,528,792
2021,4,A,골목상권,2110654,까치산역 4번,3795,2359,1436,18,343,671,982,1195,586,15,175,398,555,770,446,3,168,273,427,425,140
2021,4,A,골목상권,2110653,화곡역 2번,4351,2351,2000,5,944,910,870,876,746,2,268,477,473,554,577,3,676,433,397,322,169
2021,4,A,골목상권,2110652,양천향교역 2번,5710,3599,2111,14,619,1180,1278,1459,1160,8,317,748,781,891,854,6,302,432,497,568,306
2021,4,A,골목상권,2110651,화원중학교,3517,2196,1321,12,349,654,819,1010,673,8,180,416,488,671,433,4,169,238,331,339,240
2021,4,A,골목상권,2110650,우장산힐스테이트,2082,1180,902,4,212,365,470,571,460,3,113,222,268,291,283,1,99,143,202,280,177
2021,4,A,골목상권,2110649,우장산역 1번,2841,1561,1280,6,406,505,632,740,552,3,199,290,339,383,347,3,207,215,293,357,205
2021,4,A,골목상권,2110648,양천향교역 7번,4914,3190,1724,14,579,1057,1190,1108,966,10,283,660,797,661,779,4,296,397,393,447,187
2021,4,A,골목상권,2110647,화곡역 5번,3929,2063,1866,15,520,821,912,968,693,12,208,459,490,506,388,3,312,362,422,462,305
2021,4,A,골목상권,2110646,푸른들청소년도서관,7186,4303,2883,14,953,1663,1774,1762,1020,9,484,1051,1040,999,720,5,469,612,734,763,300
2021,4,A,골목상권,2110645,우장산역 4번,6461,3740,2721,11,778,1499,1702,1666,805,7,412,940,912,880,589,4,366,559,790,786,216
2021,4,A,골목상권,2110644,신광명마을,1529,957,572,8,107,211,408,465,330,5,46,108,229,298,271,3,61,103,179,167,59
2021,4,A,골목상권,2110643,강서구다솔마을,1476,921,555,1,151,323,422,380,199,0,75,205,270,236,135,1,76,118,152,144,64
2021,4,A,골목상권,2110642,정곡초등학교,920,727,193,4,48,120,202,265,281,3,32,78,138,222,254,1,16,42,64,43,27
2021,4,A,골목상권,2110641,공항고등학교,1775,1121,654,5,243,392,434,432,269,4,138,252,239,274,214,1,105,140,195,158,55
2021,4,A,골목상권,2110640,방화역 1번,4701,2998,1703,7,463,1055,1196,1214,766,5,234,553,729,849,628,2,229,502,467,365,138
2021,4,A,골목상권,2110639,신방화역 8번,3267,1552,1715,7,254,358,567,1049,1032,4,117,219,327,397,488,3,137,139,240,652,544
2021,4,A,골목상권,2110638,신방화역 2번,4189,2767,1422,12,450,721,1151,1168,687,9,229,441,775,780,533,3,221,280,376,388,154
2021,4,A,골목상권,2110637,송정역 2번,3090,1452,1638,8,222,392,558,896,1014,1,111,237,333,307,463,7,111,155,225,589,551
2021,4,A,골목상권,2110636,방화역 2번,4034,2575,1459,8,374,758,1201,1084,609,6,202,411,781,702,473,2,172,347,420,382,136
2021,4,A,골목상권,2110635,공항시장역 3번,4028,2022,2006,9,413,625,733,1111,1137,2,185,363,444,461,567,7,228,262,289,650,570
2021,4,A,골목상권,2110634,송정역 3번,2694,1672,1022,6,328,605,702,637,416,1,149,365,440,410,307,5,179,240,262,227,109
2021,4,A,골목상권,2110633,개화산역 1번,2304,1602,702,6,198,412,735,631,322,4,115,256,543,439,245,2,83,156,192,192,77
2021,4,A,골목상권,2110632,방화역 3번,7383,5811,1572,6,736,1634,1983,2247,777,4,551,1255,1531,1831,639,2,185,379,452,416,138
2021,4,A,골목상권,2110631,방화초등학교,2474,1525,949,5,328,491,565,615,470,5,177,298,321,361,363,0,151,193,244,254,107
2021,4,A,골목상권,2110630,공항시장역 1번,33522,17722,15800,6,5643,10995,9040,6314,1524,3,1318,4557,5278,5486,1080,3,4325,6438,3762,828,444
2021,4,A,골목상권,2110629,송정역 4번,31131,16295,14836,1,5401,10620,8646,5741,722,1,1218,4347,5017,5107,605,0,4183,6273,3629,634,117
2021,4,A,골목상권,2110628,신목동역,2970,1823,1147,5,409,809,809,620,318,3,200,461,521,428,210,2,209,348,288,192,108
2021,4,A,골목상권,2110627,신정롯데캐슬아파트,13152,7343,5809,66,2437,4215,3340,2376,718,31,964,2220,2044,1547,537,35,1473,1995,1296,829,181
2021,4,A,골목상권,2110626,양화초등학교,5376,3201,2175,7,707,1254,1523,1314,571,5,310,670,1001,828,387,2,397,584,522,486,184
2021,4,A,골목상권,2110625,신정2동주민센터,19093,11500,7593,116,3148,6062,4842,3763,1162,81,1491,3599,3053,2506,770,35,1657,2463,1789,1257,392
2021,4,A,골목상권,2110624,목동문화체육센터,2321,1175,1146,1,328,550,660,492,290,1,169,289,299,229,188,0,159,261,361,263,102
2021,4,A,골목상권,2110623,갈산공원,1938,1165,773,6,220,476,489,421,326,4,121,280,280,244,236,2,99,196,209,177,90
2021,4,A,골목상권,2110622,달마을공원,4416,2669,1747,3,560,997,1287,1119,450,2,275,579,819,688,306,1,285,418,468,431,144
2021,4,A,골목상권,2110621,목동역 5번,9489,5120,4369,21,1849,2483,2292,1693,1151,12,701,1376,1387,935,709,9,1148,1107,905,758,442
2021,4,A,골목상권,2110620,목동보건지소,4227,2213,2014,7,503,1016,1212,975,514,5,250,571,551,479,357,2,253,445,661,496,157
2021,4,A,골목상권,2110619,목4동주민센터,3721,1714,2007,6,823,1066,907,664,255,2,194,461,482,378,197,4,629,605,425,286,58
2021,4,A,골목상권,2110618,강서고등학교,4292,2255,2037,8,835,1131,1004,886,428,4,221,551,572,565,342,4,614,580,432,321,86
2021,4,A,골목상권,2110617,등촌역 4번,3438,1930,1508,2,451,781,858,856,490,0,208,454,481,453,334,2,243,327,377,403,156
2021,4,A,골목상권,2110616,양목초등학교,1799,899,900,5,181,390,400,460,363,2,68,196,194,233,206,3,113,194,206,227,157
2021,4,A,골목상권,2110615,신서초등학교,8009,4605,3404,28,1503,2016,1895,1652,915,24,525,1225,1134,1015,682,4,978,791,761,637,233
2021,4,A,골목상권,2110614,목동로데오거리,2729,1267,1462,3,368,601,686,671,400,2,129,258,320,327,231,1,239,343,366,344,169
2021,4,A,골목상권,2110613,신정네거리역 4번,662,330,332,1,82,146,146,151,136,1,28,65,62,82,92,0,54,81,84,69,44
2021,4,A,골목상권,2110612,신정역 5번,4880,2815,2065,12,941,776,869,924,1358,5,300,381,452,509,1168,7,641,395,417,415,190
2021,4,A,골목상권,2110611,신정역 1번,5571,3252,2319,20,1009,852,985,1191,1514,13,358,475,562,627,1217,7,651,377,423,564,297
2021,4,A,골목상권,2110610,계남근린공원,2806,1832,974,4,367,839,889,389,318,1,175,534,672,250,200,3,192,305,217,139,118
2021,4,A,골목상권,2110609,신정네거리역 2번,3335,2512,823,7,218,342,581,655,1532,2,101,191,310,462,1446,5,117,151,271,193,86
2021,4,A,골목상권,2110608,신월2동주민센터,3976,2139,1837,15,369,670,1059,1102,761,11,184,386,521,524,513,4,185,284,538,578,248
2021,4,A,골목상권,2110607,금빛새마을금고본점,2998,2422,576,7,172,293,469,558,1499,3,99,181,289,411,1439,4,73,112,180,147,60
2021,4,A,골목상권,2110606,신한은행 신월동지점,3615,2480,1135,3,177,372,789,1154,1120,1,78,207,430,795,969,2,99,165,359,359,151
2021,4,A,골목상권,2110605,목동센트럴아이파크앞,1754,989,765,2,116,242,435,576,383,0,50,131,215,314,279,2,66,111,220,262,104
2021,4,A,골목상권,2110604,신월4동주민센터,3244,2266,978,5,220,414,690,1030,885,2,102,228,416,732,786,3,118,186,274,298,99
2021,4,A,골목상권,2110603,지향초등학교,2592,1701,891,3,160,370,659,856,544,0,64,217,403,589,428,3,96,153,256,267,116
2021,4,A,골목상권,2110602,신월시영아파트중문,3451,2409,1042,4,231,412,798,1090,916,2,141,263,470,758,775,2,90,149,328,332,141
2021,4,A,골목상권,2110601,신월1동우편취급국,3018,1984,1034,9,310,532,728,944,495,4,169,341,467,618,385,5,141,191,261,326,110
2021,4,A,골목상권,2110600,신월7동주민센터,4589,3041,1548,5,349,562,844,1298,1531,3,190,349,550,894,1055,2,159,213,294,404,476
2021,4,A,골목상권,2110599,신월1파출소,1954,1183,771,4,189,357,509,638,257,2,104,206,281,401,189,2,85,151,228,237,68
2021,4,A,골목상권,2110598,신월문화체육센터,4415,2906,1509,4,469,723,911,1046,1262,3,347,549,598,639,770,1,122,174,313,407,492
2021,4,A,골목상권,2110597,신월1동주민센터,3247,1879,1368,5,328,631,701,902,680,2,149,350,364,551,463,3,179,281,337,351,217
2021,4,A,골목상권,2110596,서서울호수공원,2414,1520,894,5,296,458,530,682,443,2,143,270,315,430,360,3,153,188,215,252,83
2021,4,A,골목상권,2110595,메디힐병원,3307,1776,1531,2,345,697,733,878,652,1,148,334,364,502,427,1,197,363,369,376,225
2021,4,A,골목상권,2110594,신월중학교,1610,737,873,7,235,411,427,385,145,4,83,171,183,194,102,3,152,240,244,191,43
2021,4,A,골목상권,2110593,신월3동주민센터,1979,1072,907,1,214,366,444,532,422,0,79,159,206,310,318,1,135,207,238,222,104
2021,4,A,골목상권,2110592,서울금융고등학교,1788,1020,768,0,177,357,377,459,418,0,64,141,192,300,323,0,113,216,185,159,95
2021,4,A,골목상권,2110591,충정로역 6번,5404,3164,2240,0,955,1528,1449,912,560,0,477,884,839,590,374,0,478,644,610,322,186
2021,4,A,골목상권,2110590,만리재,1948,972,976,1,255,425,499,527,241,1,93,214,253,264,147,0,162,211,246,263,94
2021,4,A,골목상권,2110589,애오개역 3번,2670,1166,1504,0,463,870,876,364,97,0,172,429,389,118,58,0,291,441,487,246,39
2021,4,A,골목상권,2110588,한겨레신문사,2850,1529,1321,2,519,639,724,652,314,2,285,398,335,314,195,0,234,241,389,338,119
2021,4,A,골목상권,2110587,공덕동주민센터,6321,3515,2806,22,1145,1800,1749,1153,452,5,525,961,999,724,301,17,620,839,750,429,151
2021,4,A,골목상권,2110586,서울서부지방법원,19070,11193,7877,90,3888,5775,5319,3123,875,33,1607,3200,3429,2296,628,57,2281,2575,1890,827,247
2021,4,A,골목상권,2110585,마포경찰서,7079,4166,2913,8,1235,2487,2119,968,262,1,618,1463,1293,626,165,7,617,1024,826,342,97
2021,4,A,골목상권,2110584,아현역 4번,1593,827,766,2,374,498,331,224,164,1,138,271,180,129,108,1,236,227,151,95,56
2021,4,A,골목상권,2110583,공덕래미안3차아파트,10579,6407,4172,38,1986,3371,2915,1800,469,9,938,1908,1883,1348,321,29,1048,1463,1032,452,148
2021,4,A,골목상권,2110582,이대역 5번,996,382,614,2,125,209,275,242,143,1,27,57,87,121,89,1,98,152,188,121,54
2021,4,A,골목상권,2110581,염리초등학교,11991,6894,5097,24,1766,2851,3013,2599,1738,10,963,1752,1839,1304,1026,14,803,1099,1174,1295,712
2021,4,A,골목상권,2110580,양원초등학교,835,410,425,3,122,173,205,202,130,2,34,88,96,111,79,1,88,85,109,91,51
2021,4,A,골목상권,2110579,마포역 4번,6836,4344,2492,8,1268,1844,1726,1271,719,6,552,1114,1202,925,545,2,716,730,524,346,174
2021,4,A,골목상권,2110578,대흥역 2번,7403,4583,2820,89,1498,1733,1653,1512,918,34,738,1064,1090,1038,619,55,760,669,563,474,299
2021,4,A,골목상권,2110577,용강동주민센터,7757,4680,3077,78,1507,2186,1956,1205,825,29,743,1309,1275,779,545,49,764,877,681,426,280
2021,4,A,골목상권,2110576,대흥역 3번,5951,3670,2281,79,1016,1372,1330,1278,876,29,500,853,887,811,590,50,516,519,443,467,286
2021,4,A,골목상권,2110575,대흥동주민센터,4424,2010,2414,64,2141,1019,506,453,241,21,801,499,233,280,176,43,1340,520,273,173,65
2021,4,A,골목상권,2110574,서강대학교,1561,918,643,4,194,350,405,384,224,2,93,205,256,209,153,2,101,145,149,175,71
2021,4,A,골목상권,2110573,신촌역 6번,3966,1771,2195,61,2020,931,425,343,186,20,758,445,208,214,126,41,1262,486,217,129,60
2021,4,A,골목상권,2110572,서강대역 1번,9068,4445,4623,72,2764,2315,1724,1543,650,26,1022,1103,935,954,405,46,1742,1212,789,589,245
2021,4,A,골목상권,2110571,신수동주민센터,6299,3573,2726,14,776,1656,1652,1511,690,10,303,790,929,1038,503,4,473,866,723,473,187
2021,4,A,골목상권,2110570,KB국민은행 서강지점,1996,1235,761,10,256,489,549,383,309,9,126,290,317,252,241,1,130,199,232,131,68
2021,4,A,골목상권,2110569,홍대땡땡거리,4784,2362,2422,15,981,1209,1107,899,573,8,435,650,554,397,318,7,546,559,553,502,255
2021,4,A,골목상권,2110568,광흥창역 1번,2827,1531,1296,2,399,755,771,659,241,0,117,361,454,445,154,2,282,394,317,214,87
2021,4,A,골목상권,2110567,광흥창역 6번,2158,1187,971,2,280,488,570,500,318,0,88,208,312,318,261,2,192,280,258,182,57
2021,4,A,골목상권,2110566,경의선책거리,10071,5990,4081,33,1755,2290,2438,2032,1523,20,865,1338,1493,1197,1077,13,890,952,945,835,446
2021,4,A,골목상권,2110565,홍익대,4742,3246,1496,13,762,1139,1187,937,704,7,414,751,851,666,557,6,348,388,336,271,147
2021,4,A,골목상권,2110564,홍대입구역 3번,5143,2795,2348,17,919,1276,1149,1001,781,12,343,638,645,612,545,5,576,638,504,389,236
2021,4,A,골목상권,2110563,상수역 3번,1950,1182,768,20,422,582,432,300,194,14,197,341,286,205,139,6,225,241,146,95,55
2021,4,A,골목상권,2110562,연트럴파크(연남동주민센터),4252,2404,1848,9,682,1050,1057,868,586,8,291,605,590,495,415,1,391,445,467,373,171
2021,4,A,골목상권,2110561,상수역 4번,3164,1891,1273,31,678,957,732,501,265,20,308,561,479,325,198,11,370,396,253,176,67
2021,4,A,골목상권,2110560,마포FM,6502,3860,2642,16,982,1627,1454,1287,1136,10,407,959,988,793,703,6,575,668,466,494,433
2021,4,A,골목상권,2110559,성산중학교,5087,2952,2135,21,936,1483,1317,912,418,13,364,796,845,628,306,8,572,687,472,284,112
2021,4,A,골목상권,2110558,경성고등학교,5587,3527,2060,22,775,1348,1393,1232,817,18,394,800,884,814,617,4,381,548,509,418,200
2021,4,A,골목상권,2110557,홍대부속여중고앞,9427,5263,4164,23,1361,2238,2227,1745,1833,17,545,1184,1349,937,1231,6,816,1054,878,808,602
2021,4,A,골목상권,2110556,절두산순교성지,1684,1064,620,5,244,483,463,361,128,5,104,278,313,266,98,0,140,205,150,95,30
2021,4,A,골목상권,2110555,홍익지구대,4079,2137,1942,11,689,1073,1062,755,489,6,236,510,626,449,310,5,453,563,436,306,179
2021,4,A,골목상권,2110554,망원역 1번,7782,4228,3554,15,1168,1783,1913,1422,1481,10,461,862,1004,783,1108,5,707,921,909,639,373
2021,4,A,골목상권,2110553,가좌역 2번,2187,1399,788,4,204,388,539,613,439,2,92,207,352,431,315,2,112,181,187,182,124
2021,4,A,골목상권,2110552,성미산체육관,3504,2146,1358,9,471,801,906,820,497,5,221,455,546,576,343,4,250,346,360,244,154
2021,4,A,골목상권,2110551,성서초등학교,3701,2140,1561,4,377,635,877,713,1095,4,160,324,410,372,870,0,217,311,467,341,225
2021,4,A,골목상권,2110550,합정역 8번,6172,3370,2802,15,1101,1610,1524,1115,807,10,445,802,926,667,520,5,656,808,598,448,287
2021,4,A,골목상권,2110549,새터산,3175,1870,1305,8,386,657,845,821,458,5,193,379,479,513,301,3,193,278,366,308,157
2021,4,A,골목상권,2110548,마포구청역 4번,6841,4101,2740,18,906,1347,1531,1972,1067,10,478,942,1005,1003,663,8,428,405,526,969,404
2021,4,A,골목상권,2110547,KB국민은행 망원동지점,7219,4458,2761,19,879,1335,1493,1861,1632,11,452,900,987,934,1174,8,427,435,506,927,458
2021,4,A,골목상권,2110546,양화대교북단,2197,1293,904,3,397,587,543,403,264,3,182,321,363,255,169,0,215,266,180,148,95
2021,4,A,골목상권,2110545,마포구청역 1번,5795,3278,2517,19,697,1071,1239,1869,900,11,398,782,801,813,473,8,299,289,438,1056,427
2021,4,A,골목상권,2110544,망리단길,7556,4327,3229,18,1463,1819,1641,1152,1463,8,731,897,847,686,1158,10,732,922,794,466,305
2021,4,A,골목상권,2110543,중암중학교,833,554,279,1,60,103,162,253,254,0,22,52,83,160,237,1,38,51,79,93,17
2021,4,A,골목상권,2110542,마포구청역 7번,5884,3486,2398,20,759,1112,1284,1743,966,11,396,791,870,831,587,9,363,321,414,912,379
2021,4,A,골목상권,2110541,동교초등학교,2316,1291,1025,5,338,448,612,521,392,4,142,250,332,300,263,1,196,198,280,221,129
2021,4,A,골목상권,2110540,망원나들목체육관,2127,1225,902,8,673,639,396,264,147,1,405,345,203,164,107,7,268,294,193,100,40
2021,4,A,골목상권,2110539,미근동,14579,8531,6048,43,2341,4872,3956,2487,880,20,916,2720,2470,1715,690,23,1425,2152,1486,772,190
2021,4,A,골목상권,2110538,충정로역 3번,8936,5270,3666,3,1399,2608,2582,1705,639,2,713,1645,1547,938,425,1,686,963,1035,767,214
2021,4,A,골목상권,2110537,충정로현대아파트,9389,5851,3538,15,1288,2694,2554,1994,844,9,654,1734,1643,1241,570,6,634,960,911,753,274
2021,4,A,골목상권,2110536,돈의문센트레빌아파트입구,4662,2901,1761,17,762,1317,1072,1005,489,12,332,727,714,746,370,5,430,590,358,259,119
2021,4,A,골목상권,2110535,영천시장입구,2014,972,1042,4,231,383,512,581,303,2,70,167,254,298,181,2,161,216,258,283,122
2021,4,A,골목상권,2110534,경기대학교,4575,2795,1780,4,723,1180,1049,884,735,1,313,680,710,586,505,3,410,500,339,298,230
2021,4,A,골목상권,2110533,충정로역 7번,3621,2255,1366,1,528,952,988,704,448,0,271,584,646,462,292,1,257,368,342,242,156
2021,4,A,골목상권,2110532,아현역 2번,2100,1204,896,3,447,553,442,378,277,1,170,320,262,259,192,2,277,233,180,119,85
2021,4,A,골목상권,2110531,홍지문,1399,662,737,3,176,371,355,334,160,0,59,172,172,157,102,3,117,199,183,177,58
2021,4,A,골목상권,2110530,아현역 1번,1496,797,699,2,376,474,297,209,138,1,141,271,169,125,90,1,235,203,128,84,48
2021,4,A,골목상권,2110529,홍제3동주민센터,1380,676,704,4,168,199,285,330,394,1,54,91,126,173,231,3,114,108,159,157,163
2021,4,A,골목상권,2110528,서울여자간호대학교,7645,1571,6074,6,224,518,2027,3660,1210,1,77,161,357,465,510,5,147,357,1670,3195,700
2021,4,A,골목상권,2110527,홍제역 2번,1970,1012,958,5,240,306,504,602,313,1,71,168,245,337,190,4,169,138,259,265,123
2021,4,A,골목상권,2110526,봉원사,3964,2083,1881,1,506,1026,1032,955,444,1,183,424,540,636,299,0,323,602,492,319,145
2021,4,A,골목상권,2110525,홍은종합사회복지관,7540,1491,6049,3,208,498,1991,3642,1198,1,81,160,323,442,484,2,127,338,1668,3200,714
2021,4,A,골목상권,2110524,연희세브란스병원,2431,1469,962,0,349,692,566,565,259,0,160,328,325,444,212,0,189,364,241,121,47
2021,4,A,골목상권,2110523,홍제성원아파트,389,158,231,1,57,82,97,95,57,0,16,28,41,33,40,1,41,54,56,62,17
2021,4,A,골목상권,2110522,홍제역 3번,1382,744,638,3,145,201,379,465,189,1,40,103,201,269,130,2,105,98,178,196,59
2021,4,A,골목상권,2110521,홍제역 4번,1682,856,826,3,180,260,456,544,239,1,56,126,230,305,138,2,124,134,226,239,101
2021,4,A,골목상권,2110520,경의중앙 신촌역,3939,2209,1730,8,672,1067,897,861,434,5,268,503,474,619,340,3,404,564,423,242,94
2021,4,A,골목상권,2110519,서대문구보건소별관,1692,809,883,1,249,320,448,430,244,1,88,147,232,202,139,0,161,173,216,228,105
2021,4,A,골목상권,2110518,서대문구청,4288,2377,1911,12,606,1189,1202,1022,257,9,241,603,676,684,164,3,365,586,526,338,93
2021,4,A,골목상권,2110517,서대문소방서,3275,1935,1340,14,501,833,881,711,335,8,210,520,553,438,206,6,291,313,328,273,129
2021,4,A,골목상권,2110516,정원여중,1381,718,663,0,237,296,370,330,148,0,85,145,205,186,97,0,152,151,165,144,51
2021,4,A,골목상권,2110515,홍은중학교,1397,819,578,2,174,346,389,297,189,2,86,211,238,167,115,0,88,135,151,130,74
2021,4,A,골목상권,2110514,서대문우체국,8426,5862,2564,6,1198,1860,1691,2693,978,3,772,1174,1054,2110,749,3,426,686,637,583,229
2021,4,A,골목상권,2110513,연희파출소,4197,2605,1592,22,701,1052,930,956,536,9,309,668,619,625,375,13,392,384,311,331,161
2021,4,A,골목상권,2110512,연희지하차도,4882,2826,2056,19,663,1252,1324,1216,408,14,271,646,746,846,303,5,392,606,578,370,105
2021,4,A,골목상권,2110511,연희초등학교,8378,6001,2377,13,1131,2005,1738,2599,892,3,668,1322,1149,2137,722,10,463,683,589,462,170
2021,4,A,골목상권,2110510,홍연시장,3041,1987,1054,55,824,775,546,576,265,30,470,602,320,364,201,25,354,173,226,212,64
2021,4,A,골목상권,2110509,연희대우아파트앞,9280,6343,2937,12,1331,2148,1961,2829,999,8,717,1291,1263,2264,800,4,614,857,698,565,199
2021,4,A,골목상권,2110508,서연중학교,5090,3173,1917,65,1140,1333,940,1011,601,33,630,969,582,565,394,32,510,364,358,446,207
2021,4,A,골목상권,2110507,명지대학교,3504,2308,1196,30,563,997,832,765,317,27,345,664,531,490,251,3,218,333,301,275,66
2021,4,A,골목상권,2110506,연희임광아파트,1554,815,739,2,227,343,380,390,212,2,100,227,187,174,125,0,127,116,193,216,87
2021,4,A,골목상권,2110505,홍남교남측,2235,1498,737,50,708,612,370,328,167,27,409,504,235,198,125,23,299,108,135,130,42
2021,4,A,골목상권,2110504,명지전문대,965,467,498,1,90,171,253,281,169,0,34,71,117,147,98,1,56,100,136,134,71
2021,4,A,골목상권,2110503,명지대학교교회,3864,2524,1340,30,620,1117,971,783,343,26,367,778,642,473,238,4,253,339,329,310,105
2021,4,A,골목상권,2110502,남가좌파출소,1097,580,517,0,99,196,301,322,179,0,39,79,152,183,127,0,60,117,149,139,52
2021,4,A,골목상권,2110501,연희어린이공원,1540,875,665,10,217,360,378,360,215,8,103,242,206,176,140,2,114,118,172,184,75
2021,4,A,골목상권,2110500,남가좌동현대아파트,278,164,114,0,37,45,74,87,35,0,21,27,44,54,18,0,16,18,30,33,17
2021,4,A,골목상권,2110499,연가초등학교,1891,1022,869,0,178,382,499,526,306,0,73,217,266,255,211,0,105,165,233,271,95
2021,4,A,골목상권,2110498,증산역 1번,2906,1506,1400,8,440,635,651,682,490,3,148,355,341,338,321,5,292,280,310,344,169
2021,4,A,골목상권,2110497,가좌역 3번,3659,2225,1434,4,227,435,598,923,1472,2,157,292,399,499,876,2,70,143,199,424,596
2021,4,A,골목상권,2110496,모래내우체국,2367,1136,1231,7,310,507,560,577,406,4,94,247,294,279,218,3,216,260,266,298,188
2021,4,A,골목상권,2110495,북가좌2동주민센터,3902,2063,1839,9,568,954,896,849,626,5,186,536,522,443,371,4,382,418,374,406,255
2021,4,A,골목상권,2110494,증산3교남측,1780,1221,559,0,92,213,258,339,878,0,34,98,100,184,805,0,58,115,158,155,73
2021,4,A,골목상권,2110493,북가좌초등학교,1856,1392,464,0,60,148,223,379,1046,0,20,69,94,236,973,0,40,79,129,143,73
2021,4,A,골목상권,2110492,하나고등학교,578,273,305,1,22,107,147,171,130,0,7,76,108,56,26,1,15,31,39,115,104
2021,4,A,골목상권,2110491,불광중학교,579,216,363,1,45,99,156,186,92,1,13,42,53,58,49,0,32,57,103,128,43
2021,4,A,골목상권,2110490,녹번동근린공원,5262,2678,2584,13,663,1384,1395,1293,514,9,294,621,670,746,338,4,369,763,725,547,176
2021,4,A,골목상권,2110489,불광역 3번,1836,816,1020,7,273,558,474,348,176,6,92,204,220,175,119,1,181,354,254,173,57
2021,4,A,골목상권,2110488,우리은행응암동지점,3955,2113,1842,9,480,961,1013,1016,476,6,235,475,494,594,309,3,245,486,519,422,167
2021,4,A,골목상권,2110487,불광역 8번,1735,695,1040,1,239,499,452,361,183,1,77,188,182,154,93,0,162,311,270,207,90
2021,4,A,골목상권,2110486,은평구청,4169,2254,1915,8,461,993,1117,1108,482,5,227,494,557,645,326,3,234,499,560,463,156
2021,4,A,골목상권,2110485,연신내우체국,2361,1188,1173,2,126,245,348,438,1202,1,51,129,145,186,676,1,75,116,203,252,526
2021,4,A,골목상권,2110484,역촌역 3번,4601,2236,2365,13,523,1110,1233,1186,536,9,213,468,558,627,361,4,310,642,675,559,175
2021,4,A,골목상권,2110483,연천초등학교,2384,1178,1206,5,230,267,295,400,1187,1,94,133,119,166,665,4,136,134,176,234,522
2021,4,A,골목상권,2110482,연신초등학교,1850,991,859,0,81,162,205,312,1090,0,37,95,80,152,627,0,44,67,125,160,463
2021,4,A,골목상권,2110481,불광역 7번,1630,770,860,2,178,335,467,396,252,2,71,171,214,161,151,0,107,164,253,235,101
2021,4,A,골목상권,2110480,연신내역 3번,2030,889,1141,7,285,397,542,504,295,2,114,188,232,200,153,5,171,209,310,304,142
2021,4,A,골목상권,2110479,연신내역 2번,3690,1693,1997,6,426,539,641,723,1355,1,130,248,249,302,763,5,296,291,392,421,592
2021,4,A,골목상권,2110478,응암1동주민센터,4707,2474,2233,11,516,997,1136,1196,851,7,227,433,551,650,606,4,289,564,585,546,245
2021,4,A,골목상권,2110477,은평세무서,4870,2612,2258,11,464,976,1178,1295,946,5,201,440,572,727,667,6,263,536,606,568,279
2021,4,A,골목상권,2110476,역촌역 2번,1412,760,652,3,180,328,393,324,184,1,64,162,221,174,138,2,116,166,172,150,46
2021,4,A,골목상권,2110475,백련산해모로아파트,2427,1313,1114,3,275,436,520,560,633,2,122,211,271,274,433,1,153,225,249,286,200
2021,4,A,골목상권,2110474,세명컴퓨터고등학교,2172,1034,1138,6,329,533,548,467,289,5,120,275,242,204,188,1,209,258,306,263,101
2021,4,A,골목상권,2110473,구산역 1번,4113,2032,2081,11,518,794,1040,1015,735,5,204,414,507,425,477,6,314,380,533,590,258
2021,4,A,골목상권,2110472,연신내역 4번,2455,1251,1204,11,334,479,638,552,441,6,127,253,292,262,311,5,207,226,346,290,130
2021,4,A,골목상권,2110471,응암동우체국,1908,1001,907,2,228,332,461,530,355,1,96,145,211,287,261,1,132,187,250,243,94
2021,4,A,골목상권,2110470,신진과학기술고등학교,2093,1305,788,2,198,318,474,517,584,2,95,170,262,309,467,0,103,148,212,208,117
2021,4,A,골목상권,2110469,응암정보도서관,3141,1523,1618,2,316,577,809,898,539,0,113,270,378,427,335,2,203,307,431,471,204
2021,4,A,골목상권,2110468,응암역 3번,4875,2420,2455,6,465,813,1295,1325,971,1,170,377,615,633,624,5,295,436,680,692,347
2021,4,A,골목상권,2110467,은평요양병원,1671,867,804,7,217,398,414,360,275,6,97,221,214,162,167,1,120,177,200,198,108
2021,4,A,골목상권,2110466,구산역 2번,3312,1361,1951,12,538,687,831,818,426,3,172,280,347,320,239,9,366,407,484,498,187
2021,4,A,골목상권,2110465,연신내역 7번,2686,1136,1550,10,437,647,652,580,360,5,132,295,276,227,201,5,305,352,376,353,159
2021,4,A,골목상권,2110464,연신내역 5번,2541,1368,1173,8,266,525,663,583,496,5,105,271,308,312,367,3,161,254,355,271,129
2021,4,A,골목상권,2110463,응암3동주민센터,1096,480,616,2,113,200,291,307,183,1,42,69,109,143,116,1,71,131,182,164,67
2021,4,A,골목상권,2110462,갈현건영아파트,1895,1102,793,9,264,445,440,425,312,6,139,269,256,223,209,3,125,176,184,202,103
2021,4,A,골목상권,2110461,새절역 2번,1064,588,476,2,102,151,247,304,258,1,40,59,115,173,200,1,62,92,132,131,58
2021,4,A,골목상권,2110460,구산역 4번,4650,2629,2021,14,389,739,1103,1501,904,6,161,384,536,911,631,8,228,355,567,590,273
2021,4,A,골목상권,2110459,응암역 2번,3508,1670,1838,4,356,682,987,918,561,1,143,326,439,399,362,3,213,356,548,519,199
2021,4,A,골목상권,2110458,선일여고,2056,993,1063,9,309,535,480,491,232,5,138,283,226,197,144,4,171,252,254,294,88
2021,4,A,골목상권,2110457,예일여고,4039,2288,1751,11,383,599,859,1344,843,2,149,279,424,826,608,9,234,320,435,518,235
2021,4,A,골목상권,2110456,구산보건지소,3451,1673,1778,13,646,727,840,730,495,4,277,335,365,355,337,9,369,392,475,375,158
2021,4,A,골목상권,2110455,역촌노인복지관,3912,1926,1986,7,599,783,1036,909,578,3,258,380,472,412,401,4,341,403,564,497,177
2021,4,A,골목상권,2110454,선정중학교,3136,1975,1161,7,297,545,749,1025,513,3,138,284,381,749,420,4,159,261,368,276,93
2021,4,A,골목상권,2110453,신사1동주민센터,2866,1630,1236,3,295,597,767,684,520,3,160,297,422,377,371,0,135,300,345,307,149
2021,4,A,골목상권,2110452,새절역 3번,1444,869,575,3,116,220,343,416,346,3,59,102,181,239,285,0,57,118,162,177,61
2021,4,A,골목상권,2110451,증산역 4번,3034,2083,951,4,382,662,756,739,491,3,166,453,530,528,403,1,216,209,226,211,88
2021,4,A,골목상권,2110450,시립서북병원,4533,2159,2374,8,894,1069,1015,919,628,2,331,496,489,431,410,6,563,573,526,488,218
2021,4,A,골목상권,2110449,증산역 3번,3046,1961,1085,1,417,740,797,725,366,0,164,495,543,508,251,1,253,245,254,217,115
2021,4,A,골목상권,2110448,상신초등학교입구,1375,785,590,3,145,292,338,322,275,1,88,163,177,167,189,2,57,129,161,155,86
2021,4,A,골목상권,2110447,구산초등학교,1694,1213,481,2,100,239,363,721,269,0,46,110,217,608,232,2,54,129,146,113,37
2021,4,A,골목상권,2110446,내를건너서숲으로도서관,1148,777,371,0,135,243,292,279,199,0,95,161,174,174,173,0,40,82,118,105,26
2021,4,A,골목상권,2110445,덕산중학교,1312,649,663,5,274,319,252,247,215,0,87,169,142,108,143,5,187,150,110,139,72
2021,4,A,골목상권,2110444,수색성당,2661,1802,859,0,198,389,448,542,1084,0,77,194,209,332,990,0,121,195,239,210,94
2021,4,A,골목상권,2110443,수색역 1번,434,287,147,0,42,62,103,136,91,0,17,34,66,96,74,0,25,28,37,40,17
2021,4,A,골목상권,2110442,화랑대철도공원,1159,494,665,2,139,197,301,376,144,2,48,69,108,178,89,0,91,128,193,198,55
2021,4,A,골목상권,2110441,영신여고,1046,454,592,3,105,241,283,309,105,3,45,111,107,126,62,0,60,130,176,183,43
2021,4,A,골목상권,2110440,상계3동4동주민센터,231,87,144,1,38,35,61,53,43,0,13,11,23,19,21,1,25,24,38,34,22
2021,4,A,골목상권,2110439,당고개역 5번,1670,1328,342,1,65,111,343,684,466,0,20,60,265,575,408,1,45,51,78,109,58
2021,4,A,골목상권,2110438,경춘선숲길 우측,3326,1509,1817,2,552,854,911,715,292,1,156,360,411,369,212,1,396,494,500,346,80
2021,4,A,골목상권,2110437,당고개역 2번,2037,1506,531,1,104,171,467,791,503,0,40,88,309,634,435,1,64,83,158,157,68
2021,4,A,골목상권,2110436,상계제일중학교,2066,1047,1019,12,209,464,514,508,359,7,73,229,274,237,227,5,136,235,240,271,132
2021,4,A,골목상권,2110435,서울과학기술대,1792,1224,568,2,186,412,462,475,255,0,112,256,301,331,224,2,74,156,161,144,31
2021,4,A,골목상권,2110434,태릉입구역 4번,3300,1461,1839,4,314,539,764,908,771,2,129,312,364,332,322,2,185,227,400,576,449
2021,4,A,골목상권,2110433,공릉역 2번,4470,2428,2042,8,421,620,969,1270,1182,3,195,339,507,667,717,5,226,281,462,603,465
2021,4,A,골목상권,2110432,대진고등학교,3496,2336,1160,5,355,682,898,1023,533,2,168,399,577,774,416,3,187,283,321,249,117
2021,4,A,골목상권,2110431,상계역,1658,716,942,4,180,322,440,437,275,0,50,144,212,164,146,4,130,178,228,273,129
2021,4,A,골목상권,2110430,중계초등학교,1642,961,681,6,165,297,390,441,343,2,77,164,213,244,261,4,88,133,177,197,82
2021,4,A,골목상권,2110429,공릉동 국수거리,5223,2800,2423,7,523,744,1099,1485,1365,3,246,412,543,754,842,4,277,332,556,731,523
2021,4,A,골목상권,2110428,상계5동주민센터,2338,1163,1175,7,172,298,441,608,812,3,62,155,202,282,459,4,110,143,239,326,353
2021,4,A,골목상권,2110427,노원 을지대학교병원,2885,2027,858,3,300,579,725,832,446,0,149,351,505,667,355,3,151,228,220,165,91
2021,4,A,골목상권,2110426,상계2동주민센터,2834,1540,1294,16,401,546,733,694,444,11,153,300,370,386,320,5,248,246,363,308,124
2021,4,A,골목상권,2110425,계상초등학교,2572,1219,1353,6,228,345,564,659,770,4,90,195,248,280,402,2,138,150,316,379,368
2021,4,A,골목상권,2110424,상계초등학교,2079,864,1215,5,272,368,533,553,348,5,89,181,216,215,158,0,183,187,317,338,190
2021,4,A,골목상권,2110423,석계역 2번,1883,895,988,5,253,375,553,418,279,3,106,197,271,183,135,2,147,178,282,235,144
2021,4,A,골목상권,2110422,노원역 9번,1955,819,1136,3,268,390,499,508,287,1,81,196,208,195,138,2,187,194,291,313,149
2021,4,A,골목상권,2110421,석계역 1번,1716,845,871,4,186,278,426,473,349,2,71,119,191,230,232,2,115,159,235,243,117
2021,4,A,골목상권,2110420,광운대역 1번,1718,979,739,10,353,518,466,244,127,3,175,350,258,123,70,7,178,168,208,121,57
2021,4,A,골목상권,2110419,수락산디자인거리,4260,2771,1489,13,429,898,1053,1126,741,12,245,615,683,706,510,1,184,283,370,420,231
2021,4,A,골목상권,2110418,광운대학교 남단,2484,1345,1139,17,445,664,598,481,279,5,192,396,291,252,209,12,253,268,307,229,70
2021,4,A,골목상권,2110417,월계역 3번,441,184,257,2,62,77,94,122,84,2,23,41,37,47,34,0,39,36,57,75,50
2021,4,A,골목상권,2110416,노원초등학교,1385,669,716,8,135,266,331,352,293,6,53,138,153,171,148,2,82,128,178,181,145
2021,4,A,골목상권,2110415,수락산역 4번,3553,1980,1573,19,461,687,836,890,660,16,254,421,481,483,325,3,207,266,355,407,335
2021,4,A,골목상권,2110414,장석교회,752,511,241,5,70,109,166,205,197,3,38,57,98,139,176,2,32,52,68,66,21
2021,4,A,골목상권,2110413,누원고등학교,580,375,205,0,37,71,120,164,188,0,16,45,70,104,140,0,21,26,50,60,48
2021,4,A,골목상권,2110412,창동중학교,1521,1149,372,3,118,224,267,505,404,1,73,121,160,412,382,2,45,103,107,93,22
2021,4,A,골목상권,2110411,도봉역 3번,1802,1132,670,2,126,304,360,519,491,1,33,150,187,351,410,1,93,154,173,168,81
2021,4,A,골목상권,2110410,방학역 2번,5708,3428,2280,10,558,1304,1395,1507,934,9,280,756,767,936,680,1,278,548,628,571,254
2021,4,A,골목상권,2110409,창동역 2번,6649,4154,2495,6,756,1498,1635,1402,1352,4,385,1020,1098,743,904,2,371,478,537,659,448
2021,4,A,골목상권,2110408,가인초등학교,5577,3850,1727,5,581,1307,1343,1121,1220,3,343,986,1014,685,819,2,238,321,329,436,401
2021,4,A,골목상권,2110407,도봉역 2번,2678,1900,778,7,190,399,535,778,769,5,95,243,303,572,682,2,95,156,232,206,87
2021,4,A,골목상권,2110406,도봉산역 1번,1362,928,434,0,45,103,268,453,493,0,17,63,189,336,323,0,28,40,79,117,170
2021,4,A,골목상권,2110405,방학역 1번,2975,1622,1353,6,288,534,730,892,525,5,159,353,350,369,386,1,129,181,380,523,139
2021,4,A,골목상권,2110404,신창초등학교,2334,1247,1087,11,291,485,642,611,294,8,108,229,337,362,203,3,183,256,305,249,91
2021,4,A,골목상권,2110403,방학1동주민센터,3553,1965,1588,10,456,716,860,1052,459,6,261,473,457,498,270,4,195,243,403,554,189
2021,4,A,골목상권,2110402,도봉구 정병원,2172,1117,1055,5,296,450,517,579,325,4,109,246,277,283,198,1,187,204,240,296,127
2021,4,A,골목상권,2110401,도봉구민회관,5856,3856,2000,1,599,1299,1388,1267,1302,0,346,940,977,718,875,1,253,359,411,549,427
2021,4,A,골목상권,2110400,도봉구보건소,2134,1058,1076,4,298,390,510,558,374,3,99,190,250,278,238,1,199,200,260,280,136
2021,4,A,골목상권,2110399,창2동주민센터,1982,1088,894,10,245,463,553,465,246,9,128,273,295,219,164,1,117,190,258,246,82
2021,4,A,골목상권,2110398,쌍문2동우체국,2359,1255,1104,1,247,367,547,725,472,1,87,168,253,427,319,0,160,199,294,298,153
2021,4,A,골목상권,2110397,도봉산입구,1579,963,616,1,95,207,290,413,573,1,25,106,157,272,402,0,70,101,133,141,171
2021,4,A,골목상권,2110396,쌍문역1번(쌍리단길),1577,763,814,4,242,329,382,395,225,1,84,135,198,208,137,3,158,194,184,187,88
2021,4,A,골목상권,2110395,신한은행 방학동지점,1120,597,523,4,157,280,302,227,150,3,72,148,158,121,95,1,85,132,144,106,55
2021,4,A,골목상권,2110394,방학중학교,1435,629,806,1,142,279,358,336,319,1,52,119,150,152,155,0,90,160,208,184,164
2021,4,A,골목상권,2110393,국민은행방학지점,1001,461,540,3,124,275,252,240,107,2,39,137,120,96,67,1,85,138,132,144,40
2021,4,A,골목상권,2110392,발바닥공원,704,449,255,3,99,210,202,121,69,2,39,126,148,81,53,1,60,84,54,40,16
2021,4,A,골목상권,2110391,샘말어린이공원,1172,574,598,0,93,215,234,283,347,0,34,95,107,140,198,0,59,120,127,143,149
2021,4,A,골목상권,2110390,방학초등학교,1901,820,1081,3,194,445,458,515,286,2,59,201,209,188,161,1,135,244,249,327,125
2021,4,A,골목상권,2110389,한일병원,3050,1577,1473,1,573,707,741,679,349,1,171,353,410,396,246,0,402,354,331,283,103
2021,4,A,골목상권,2110388,도봉우체국,2071,923,1148,4,436,450,512,485,184,3,105,207,224,244,140,1,331,243,288,241,44
2021,4,A,골목상권,2110387,쌍문초등학교,1678,803,875,0,227,365,452,414,220,0,67,151,187,208,190,0,160,214,265,206,30
2021,4,A,골목상권,2110386,연산군묘,1120,668,452,0,136,219,227,306,232,0,61,122,131,158,196,0,75,97,96,148,36
2021,4,A,골목상권,2110385,효문고등학교,780,268,512,0,136,158,203,185,98,0,33,42,60,71,62,0,103,116,143,114,36
2021,4,A,골목상권,2110384,문이교,622,295,327,1,71,88,145,188,129,0,21,33,51,98,92,1,50,55,94,90,37
2021,4,A,골목상권,2110383,덕성여대시반거리,494,170,324,0,83,84,121,116,90,0,12,24,42,39,53,0,71,60,79,77,37
2021,4,A,골목상권,2110382,솔밭공원역 1번,967,418,549,1,145,169,222,256,174,0,31,52,83,123,129,1,114,117,139,133,45
2021,4,A,골목상권,2110381,번동주공2단지,1056,559,497,5,107,230,262,299,153,4,33,95,131,178,118,1,74,135,131,121,35
2021,4,A,골목상권,2110380,강북문화정보도서관,980,504,476,5,99,143,203,291,239,3,30,74,101,150,146,2,69,69,102,141,93
2021,4,A,골목상권,2110379,KT&G 북부지사,767,383,384,2,97,108,197,257,106,0,47,44,83,145,64,2,50,64,114,112,42
2021,4,A,골목상권,2110378,송중동주민센터,1170,548,622,8,119,172,339,287,245,6,52,74,144,126,146,2,67,98,195,161,99
2021,4,A,골목상권,2110377,미아사거리역 3번,1050,449,601,7,158,220,271,253,141,6,51,81,107,112,92,1,107,139,164,141,49
2021,4,A,골목상권,2110376,수송초등학교,4978,2722,2256,8,551,1213,1234,1264,708,6,230,624,673,782,407,2,321,589,561,482,301
2021,4,A,골목상권,2110375,서울북부고용노동지청,1301,632,669,2,141,171,335,392,260,0,58,78,134,204,158,2,83,93,201,188,102
2021,4,A,골목상권,2110374,송중초등학교,2009,977,1032,7,186,338,530,528,420,6,61,128,222,264,296,1,125,210,308,264,124
2021,4,A,골목상권,2110373,수유역 2번,4903,2639,2264,10,549,1094,1104,1278,868,8,214,534,563,814,506,2,335,560,541,464,362
2021,4,A,골목상권,2110372,강북중학교,1588,852,736,1,167,364,452,356,248,1,87,203,249,169,143,0,80,161,203,187,105
2021,4,A,골목상권,2110371,삼양입구사거리,1233,656,577,2,114,236,332,331,218,2,43,109,155,183,164,0,71,127,177,148,54
2021,4,A,골목상권,2110370,도봉세무서,1385,735,650,7,100,222,365,379,312,6,28,93,168,200,240,1,72,129,197,179,72
2021,4,A,골목상권,2110369,성신여대운정그린캠퍼스,4108,2368,1740,5,481,782,894,1069,877,1,210,445,512,655,545,4,271,337,382,414,332
2021,4,A,골목상권,2110368,송천초등학교,5342,2779,2563,416,2025,1339,744,507,311,177,905,732,414,294,257,239,1120,607,330,213,54
2021,4,A,골목상권,2110367,강북구청,5008,2534,2474,10,519,1028,1016,1220,1215,8,207,520,524,762,513,2,312,508,492,458,702
2021,4,A,골목상권,2110366,광산사거리,3568,1624,1944,6,321,730,793,840,878,4,125,324,383,466,322,2,196,406,410,374,556
2021,4,A,골목상권,2110365,미아역 5번,1610,747,863,3,136,224,389,402,456,3,45,85,163,219,232,0,91,139,226,183,224
2021,4,A,골목상권,2110364,미아역 8번,1852,961,891,3,226,366,513,491,253,1,85,173,274,268,160,2,141,193,239,223,93
2021,4,A,골목상권,2110363,송천동주민센터,819,499,320,2,54,138,220,209,196,1,23,71,116,131,157,1,31,67,104,78,39
2021,4,A,골목상권,2110362,우이천 계성교,2117,1320,797,2,227,296,541,686,365,0,74,153,330,480,283,2,153,143,211,206,82
2021,4,A,골목상권,2110361,삼양사거리역 1번,1111,550,561,3,66,131,213,280,418,2,24,58,105,156,205,1,42,73,108,124,213
2021,4,A,골목상권,2110360,수유초등학교,2635,1274,1361,5,299,387,567,782,595,1,79,163,238,375,418,4,220,224,329,407,177
2021,4,A,골목상권,2110359,수유시장옆,5157,2359,2798,6,450,898,1053,1316,1434,4,136,365,470,708,676,2,314,533,583,608,758
2021,4,A,골목상권,2110358,인수동 우편취급국,2810,1471,1339,2,265,403,554,783,803,0,80,179,255,417,540,2,185,224,299,366,263
2021,4,A,골목상권,2110357,가오리역 1번,2401,1556,845,1,127,166,397,647,1063,0,34,71,252,471,728,1,93,95,145,176,335
2021,4,A,골목상권,2110356,덕수교,2011,1093,918,0,145,214,368,345,939,0,37,85,163,165,643,0,108,129,205,180,296
2021,4,A,골목상권,2110355,삼양사거리역 2번,905,486,419,2,85,153,223,225,217,1,22,49,110,139,165,1,63,104,113,86,52
2021,4,A,골목상권,2110354,삼각산119안전센터,365,141,224,1,38,87,110,81,48,0,9,25,45,32,30,1,29,62,65,49,18
2021,4,A,골목상권,2110353,수유동우체국,2389,1550,839,0,129,158,408,615,1079,0,26,73,267,444,740,0,103,85,141,171,339
2021,4,A,골목상권,2110352,수유1동주민센터,1621,708,913,1,183,303,456,479,199,0,61,122,184,209,132,1,122,181,272,270,67
2021,4,A,골목상권,2110351,수유북부시장옆,1877,1274,603,0,96,227,484,737,333,0,36,133,349,484,272,0,60,94,135,253,61
2021,4,A,골목상권,2110350,가오리역 2번,2640,1559,1081,0,221,477,709,807,426,0,62,232,442,507,316,0,159,245,267,300,110
2021,4,A,골목상권,2110349,화계역 2번,1164,619,545,0,95,179,284,397,209,0,37,65,127,214,176,0,58,114,157,183,33
2021,4,A,골목상권,2110348,강북문화예술회관,3953,2554,1399,0,227,512,876,1129,1209,0,65,242,587,813,847,0,162,270,289,316,362
2021,4,A,골목상권,2110347,구세군강북종합사회복지관,443,186,257,0,54,96,140,85,68,0,10,34,63,36,43,0,44,62,77,49,25
2021,4,A,골목상권,2110346,4.19민주묘지역 2번,754,369,385,0,109,137,212,161,135,0,22,69,113,81,84,0,87,68,99,80,51
2021,4,A,골목상권,2110345,솔밭공원역 2번,1604,918,686,1,168,207,320,549,359,0,35,65,142,387,289,1,133,142,178,162,70
2021,4,A,골목상권,2110344,화계중학교,815,417,398,0,75,148,217,296,79,0,39,57,111,143,67,0,36,91,106,153,12
2021,4,A,골목상권,2110343,무너미어린이공원,2303,1336,967,0,149,297,429,446,982,0,49,177,246,213,651,0,100,120,183,233,331
2021,4,A,골목상권,2110342,국립재활원,2250,1364,886,1,194,476,644,645,290,0,66,242,426,420,210,1,128,234,218,225,80
2021,4,A,골목상권,2110341,북한산우이역 2번,860,529,331,0,44,68,132,304,312,0,14,31,72,258,154,0,30,37,60,46,158
2021,4,A,골목상권,2110340,인수중학교,1205,760,445,6,164,256,276,329,174,6,81,173,168,189,143,0,83,83,108,140,31
2021,4,A,골목상권,2110339,국립4.19민주묘지,1097,718,379,6,146,196,248,305,196,6,67,139,153,190,163,0,79,57,95,115,33
2021,4,A,골목상권,2110338,인수초등학교,1955,1067,888,6,266,494,469,470,250,6,111,260,248,248,194,0,155,234,221,222,56
2021,4,A,골목상권,2110337,아카데미하우스,1438,921,517,6,178,311,344,390,209,6,85,207,216,232,175,0,93,104,128,158,34
2021,4,A,골목상권,2110336,석관고등학교,1951,1389,562,1,128,204,257,338,1023,0,66,113,151,240,819,1,62,91,106,98,204
2021,4,A,골목상권,2110335,석계역 7번,2887,1837,1050,2,243,313,463,598,1268,0,99,147,243,370,978,2,144,166,220,228,290
2021,4,A,골목상권,2110334,석관중앙교회,1691,1099,592,3,192,394,413,449,240,0,95,241,244,324,195,3,97,153,169,125,45
2021,4,A,골목상권,2110333,돌곶이역 5번,2875,2051,824,4,237,375,414,553,1292,0,107,239,264,375,1066,4,130,136,150,178,226
2021,4,A,골목상권,2110332,돌곶이역 3번,2402,1642,760,6,189,237,310,429,1231,1,74,125,174,259,1009,5,115,112,136,170,222
2021,4,A,골목상권,2110331,돌곶이역 8번,1331,817,514,4,173,283,315,283,273,0,60,182,193,164,218,4,113,101,122,119,55
2021,4,A,골목상권,2110330,돌곶이역 1번,1199,626,573,1,137,217,277,273,294,0,40,102,128,127,229,1,97,115,149,146,65
2021,4,A,골목상권,2110329,우리은행체육관,1280,745,535,8,131,269,305,313,254,4,45,134,165,200,197,4,86,135,140,113,57
2021,4,A,골목상권,2110328,상월곡역 3번,966,544,422,4,142,252,268,208,92,1,59,142,158,118,66,3,83,110,110,90,26
2021,4,A,골목상권,2110327,상월곡역 2번,1998,1149,849,5,355,494,539,387,218,1,166,295,311,215,161,4,189,199,228,172,57
2021,4,A,골목상권,2110326,장위동성당,2029,1211,818,4,314,426,541,433,311,3,149,249,314,263,233,1,165,177,227,170,78
2021,4,A,골목상권,2110325,장곡초등학교,1638,957,681,8,198,313,438,380,301,6,100,176,257,221,197,2,98,137,181,159,104
2021,4,A,골목상권,2110324,월곡역 4번,3140,1982,1158,5,533,1043,730,527,302,1,265,704,453,335,224,4,268,339,277,192,78
2021,4,A,골목상권,2110323,상월곡역 1번,4067,2556,1511,5,678,1174,962,808,440,1,336,790,596,503,330,4,342,384,366,305,110
2021,4,A,골목상권,2110322,장위1동주민센터,1274,741,533,8,218,235,278,270,265,4,110,153,164,146,164,4,108,82,114,124,101
2021,4,A,골목상권,2110321,동덕여대,2313,1366,947,1,299,420,551,516,526,0,134,242,299,273,418,1,165,178,252,243,108
2021,4,A,골목상권,2110320,KB국민은행 종암동지점,1182,673,509,1,119,228,369,325,140,1,35,101,200,239,97,0,84,127,169,86,43
2021,4,A,골목상권,2110319,종암동주민센터,2766,1528,1238,6,392,614,672,775,307,1,178,373,362,458,156,5,214,241,310,317,151
2021,4,A,골목상권,2110318,KT월곡지사,4670,3051,1619,8,464,852,998,1077,1271,3,232,511,595,716,994,5,232,341,403,361,277
2021,4,A,골목상권,2110317,종암중학교,984,490,494,0,108,232,312,228,104,0,37,97,154,140,62,0,71,135,158,88,42
2021,4,A,골목상권,2110316,숭곡초등학교,3749,2252,1497,12,320,511,783,810,1313,11,132,241,383,471,1014,1,188,270,400,339,299
2021,4,A,골목상권,2110315,종암아이파크2차,19523,10008,9515,57,1546,5002,7164,5525,229,13,627,1664,3177,4378,149,44,919,3338,3987,1147,80
2021,4,A,골목상권,2110314,종암경찰서,22088,12093,9995,63,1812,5489,7636,6091,997,14,829,2083,3572,4842,753,49,983,3406,4064,1249,244
2021,4,A,골목상권,2110313,안암역 3번,4486,2929,1557,7,548,1055,1239,1027,610,3,263,654,815,721,473,4,285,401,424,306,137
2021,4,A,골목상권,2110312,안암역 2번,1666,856,810,1,199,457,563,337,109,0,70,198,309,204,75,1,129,259,254,133,34
2021,4,A,골목상권,2110311,종암아이파크2차후문,18419,9472,8947,55,1397,4775,6829,5279,84,12,583,1567,3015,4229,66,43,814,3208,3814,1050,18
2021,4,A,골목상권,2110310,길음역 10번,2304,969,1335,10,637,675,493,352,137,1,143,321,258,161,85,9,494,354,235,191,52
2021,4,A,골목상권,2110309,대광초등학교,3669,2531,1138,12,521,883,910,786,557,4,294,622,640,561,410,8,227,261,270,225,147
2021,4,A,골목상권,2110308,길음역 8번,7178,3463,3715,428,2655,1922,1125,688,360,177,1050,1021,613,334,268,251,1605,901,512,354,92
2021,4,A,골목상권,2110307,길음역 7번,2596,948,1648,10,718,682,547,427,212,0,146,268,216,179,139,10,572,414,331,248,73
2021,4,A,골목상권,2110306,미아초등학교,5376,2688,2688,419,2073,1365,788,449,282,176,923,736,412,220,221,243,1150,629,376,229,61
2021,4,A,골목상권,2110305,보문역 5번,6471,4952,1519,11,812,2114,1358,1346,830,5,488,1734,1085,1066,574,6,324,380,273,280,256
2021,4,A,골목상권,2110304,보문역 4번,5081,2911,2170,4,547,1204,1258,1332,736,3,248,624,733,863,440,1,299,580,525,469,296
2021,4,A,골목상권,2110303,성신여대입구역 1번,2302,983,1319,23,343,507,539,532,358,11,93,195,230,247,207,12,250,312,309,285,151
2021,4,A,골목상권,2110302,보문역 8번,6611,5075,1536,7,801,2204,1491,1413,695,2,445,1775,1209,1164,480,5,356,429,282,249,215
2021,4,A,골목상권,2110301,성신여대입구역 7번,2407,1250,1157,22,336,473,551,587,438,16,112,206,285,329,302,6,224,267,266,258,136
2021,4,A,골목상권,2110300,삼선동주민센터,7082,3275,3807,21,849,1747,2084,1699,682,12,261,673,916,1026,387,9,588,1074,1168,673,295
2021,4,A,골목상권,2110299,정릉역 1번,2389,1112,1277,6,327,495,591,580,390,1,79,200,234,301,297,5,248,295,357,279,93
2021,4,A,골목상권,2110298,솔숲어린이공원,1609,756,853,6,199,274,412,438,280,1,58,98,163,222,214,5,141,176,249,216,66
2021,4,A,골목상권,2110297,경동고등학교,9374,4825,4549,19,1150,2351,2816,2260,778,8,435,1116,1431,1392,443,11,715,1235,1385,868,335
2021,4,A,골목상권,2110296,성신여대입구역 4번,13044,7926,5118,60,2010,3119,4030,2350,1475,26,917,1816,2693,1739,735,34,1093,1303,1337,611,740
2021,4,A,골목상권,2110295,정릉우체국,2490,1166,1324,2,366,486,617,609,410,0,99,203,246,329,289,2,267,283,371,280,121
2021,4,A,골목상권,2110294,서경대학교,2549,1324,1225,1,378,447,634,629,460,0,105,193,305,381,340,1,273,254,329,248,120
2021,4,A,골목상권,2110293,삼선중학교,16035,9034,7001,63,2380,3897,5184,2868,1643,27,1059,2173,3103,1899,773,36,1321,1724,2081,969,870
2021,4,A,골목상권,2110292,정릉역 2번,1455,558,897,1,246,356,390,314,148,0,62,144,125,131,96,1,184,212,265,183,52
2021,4,A,골목상권,2110291,한성대입구역 3번,4682,2808,1874,4,513,944,1389,1258,574,2,184,541,891,836,354,2,329,403,498,422,220
2021,4,A,골목상권,2110290,북한산보국문역 1번,1034,535,499,2,104,127,218,313,270,0,28,65,110,176,156,2,76,62,108,137,114
2021,4,A,골목상권,2110289,북한산보국문역 2번,1888,951,937,0,291,395,491,441,270,0,88,179,225,255,204,0,203,216,266,186,66
2021,4,A,골목상권,2110288,동구여중,4250,2398,1852,23,496,930,1431,989,381,12,211,489,785,607,294,11,285,441,646,382,87
2021,4,A,골목상권,2110287,정릉3동주민센터,1637,1229,408,0,230,512,449,314,132,0,133,403,340,243,110,0,97,109,109,71,22
2021,4,A,골목상권,2110286,한성대입구역 5번,6385,3175,3210,20,806,1509,1805,1506,739,9,265,708,929,826,438,11,541,801,876,680,301
2021,4,A,골목상권,2110285,홍대부중,5373,2950,2423,12,1018,1547,1503,934,359,7,415,798,842,619,269,5,603,749,661,315,90
2021,4,A,골목상권,2110284,정릉북한산국립공원입구,1223,860,363,0,80,214,331,411,187,0,23,120,249,314,154,0,57,94,82,97,33
2021,4,A,골목상권,2110283,성북초등학교앞,4093,2342,1751,15,771,1263,1080,686,278,9,312,713,699,425,184,6,459,550,381,261,94
2021,4,A,골목상권,2110282,국민대학교앞,1943,1389,554,15,322,603,452,316,235,14,185,441,355,248,146,1,137,162,97,68,89
2021,4,A,골목상권,2110281,길상사,17018,13990,3028,25,2042,3972,4890,5544,545,4,1214,2904,4251,5231,386,21,828,1068,639,313,159
2021,4,A,골목상권,2110280,북정마을,14960,12846,2114,18,1405,3400,4437,5321,379,4,942,2610,3998,5030,262,14,463,790,439,291,117
2021,4,A,골목상권,2110279,신내역 2번,2047,735,1312,1,530,644,403,373,96,0,99,241,188,148,59,1,431,403,215,225,37
2021,4,A,골목상권,2110278,망우본동주민센터,2878,1577,1301,10,284,489,618,849,628,1,85,183,285,500,523,9,199,306,333,349,105
2021,4,A,골목상권,2110277,러스크서울병원,2130,1283,847,13,203,291,394,651,578,2,69,98,204,424,486,11,134,193,190,227,92
2021,4,A,골목상권,2110276,신내IC북측,607,375,232,0,44,112,142,253,56,0,25,88,107,124,31,0,19,24,35,129,25
2021,4,A,골목상권,2110275,하나은행 망우동지점,1686,1011,675,10,166,215,299,524,472,0,46,66,154,349,396,10,120,149,145,175,76
2021,4,A,골목상권,2110274,서일대학교,2030,1277,753,2,173,309,487,576,483,1,57,162,302,404,351,1,116,147,185,172,132
2021,4,A,골목상권,2110273,장스여성병원,1613,1000,613,9,132,209,298,500,465,1,34,80,150,339,396,8,98,129,148,161,69
2021,4,A,골목상권,2110272,신내1동주민센터,5843,3433,2410,7,756,1311,1295,1459,1015,6,386,660,668,911,802,1,370,651,627,548,213
2021,4,A,골목상권,2110271,신내역 1번,2658,1073,1585,5,607,752,539,616,139,1,134,318,283,257,80,4,473,434,256,359,59
2021,4,A,골목상권,2110270,혜원여고,1224,728,496,0,98,181,286,344,315,0,39,103,157,210,219,0,59,78,129,134,96
2021,4,A,골목상권,2110269,용마문화복지센터,1320,882,438,1,120,224,285,389,301,0,50,133,182,292,225,1,70,91,103,97,76
2021,4,A,골목상권,2110268,망우3동주민센터,1612,1031,581,3,203,323,368,411,304,3,130,207,213,250,228,0,73,116,155,161,76
2021,4,A,골목상권,2110267,망우역 2번,3855,2306,1549,17,545,783,816,902,792,13,310,445,442,506,590,4,235,338,374,396,202
2021,4,A,골목상권,2110266,면목동우체국,3102,1920,1182,7,322,539,733,852,649,2,104,264,432,611,507,5,218,275,301,241,142
2021,4,A,골목상권,2110265,망우역 1번,3076,1829,1247,16,364,540,716,803,637,5,170,256,354,517,527,11,194,284,362,286,110
2021,4,A,골목상권,2110264,면목역 2번,2233,1223,1010,3,236,458,534,610,392,0,80,225,279,374,265,3,156,233,255,236,127
2021,4,A,골목상권,2110263,면목역 1번,2962,1753,1209,6,445,738,846,625,302,3,244,499,441,330,236,3,201,239,405,295,66
2021,4,A,골목상권,2110262,상봉역 3번,3221,1967,1254,8,450,790,948,652,373,4,252,530,510,366,305,4,198,260,438,286,68
2021,4,A,골목상권,2110261,사가정역 4번,3127,2086,1041,5,288,460,746,997,631,4,111,243,469,761,498,1,177,217,277,236,133
2021,4,A,골목상권,2110260,면목역 3번,2514,1442,1072,3,356,591,717,548,299,0,154,393,354,299,242,3,202,198,363,249,57
2021,4,A,골목상권,2110259,사가정역 1번,3127,1865,1262,6,337,678,872,745,489,3,144,363,490,495,370,3,193,315,382,250,119
2021,4,A,골목상권,2110258,면동초등학교,2037,1206,831,5,240,437,528,494,333,1,106,255,280,307,257,4,134,182,248,187,76
2021,4,A,골목상권,2110257,상봉역 7번,2452,1607,845,11,219,403,552,647,620,10,108,220,301,442,526,1,111,183,251,205,94
2021,4,A,골목상권,2110256,면목2동체육관,3547,2122,1425,5,446,738,941,853,564,1,202,481,507,484,447,4,244,257,434,369,117
2021,4,A,골목상권,2110255,상봉역 4번,4458,2784,1674,6,479,915,1219,1023,816,1,229,569,676,643,666,5,250,346,543,380,150
2021,4,A,골목상권,2110254,오거리공원,2416,1571,845,3,191,424,659,814,325,2,79,223,410,603,254,1,112,201,249,211,71
2021,4,A,골목상권,2110253,중곡초등학교,1855,1320,535,2,153,294,471,641,294,1,81,182,321,513,222,1,72,112,150,128,72
2021,4,A,골목상권,2110252,장안제일시장,1993,1261,732,2,203,364,494,505,425,1,97,223,245,330,365,1,106,141,249,175,60
2021,4,A,골목상권,2110251,장안중학교,2262,1349,913,0,231,428,502,567,534,0,89,190,253,357,460,0,142,238,249,210,74
2021,4,A,골목상권,2110250,화랑대역 7번,1509,739,770,5,140,332,409,398,225,1,49,156,183,195,155,4,91,176,226,203,70
2021,4,A,골목상권,2110249,중화역 1번,3063,1949,1114,1,402,709,752,735,464,1,223,405,433,507,380,0,179,304,319,228,84
2021,4,A,골목상권,2110248,먹골파출소,1263,628,635,3,134,298,352,301,175,0,45,145,171,147,120,3,89,153,181,154,55
2021,4,A,골목상권,2110247,먹골역 1번,2991,1922,1069,0,398,676,750,773,394,0,207,418,446,532,319,0,191,258,304,241,75
2021,4,A,골목상권,2110246,월드순복음교회,2145,1274,871,4,193,347,472,594,535,1,63,160,269,364,417,3,130,187,203,230,118
2021,4,A,골목상권,2110245,KB국민은행 중화동지점,2037,1261,776,3,166,345,495,514,514,1,63,179,281,323,414,2,103,166,214,191,100
2021,4,A,골목상권,2110244,중화역 4번,2398,1528,870,2,356,606,575,562,297,2,209,364,342,382,229,0,147,242,233,180,68
2021,4,A,골목상권,2110243,중랑노인종합복지관,1660,977,683,2,141,271,376,485,385,1,50,133,206,282,305,1,91,138,170,203,80
2021,4,A,골목상권,2110242,면목5동주민센터,1226,796,430,1,101,187,289,334,314,0,45,120,154,211,266,1,56,67,135,123,48
2021,4,A,골목상권,2110241,먹골역 5번,2531,1611,920,1,347,608,639,667,269,1,191,387,378,452,202,0,156,221,261,215,67
2021,4,A,골목상권,2110240,태릉시장 특화거리,1145,548,597,8,174,260,261,239,203,6,84,106,113,110,129,2,90,154,148,129,74
2021,4,A,골목상권,2110239,중랑역 2번,690,313,377,5,95,118,156,155,161,2,29,46,64,73,99,3,66,72,92,82,62
2021,4,A,골목상권,2110238,배꽃어린이공원,1473,1122,351,2,227,342,337,358,207,2,157,266,243,292,162,0,70,76,94,66,45
2021,4,A,골목상권,2110237,메가박스 상봉,3560,2363,1197,12,356,778,1051,1010,353,10,168,485,723,741,236,2,188,293,328,269,117
2021,4,A,골목상권,2110236,신묵초등학교,2471,1622,849,2,350,599,613,640,267,2,195,394,387,452,192,0,155,205,226,188,75
2021,4,A,골목상권,2110235,세화어린이공원,381,210,171,6,90,59,103,71,52,5,52,33,45,38,37,1,38,26,58,33,15
2021,4,A,골목상권,2110234,중랑역 4번,3174,2317,857,12,298,719,1010,858,277,10,155,484,757,704,207,2,143,235,253,154,70
2021,4,A,골목상권,2110233,중랑역 1번,3032,2188,844,17,357,651,916,814,277,14,188,439,671,673,203,3,169,212,245,141,74
2021,4,A,골목상권,2110232,동대부고,3028,1420,1608,3,381,593,816,786,449,1,123,264,333,381,318,2,258,329,483,405,131
2021,4,A,골목상권,2110231,장안교,1741,1065,676,6,143,324,461,478,329,4,59,155,249,315,283,2,84,169,212,163,46
2021,4,A,골목상권,2110230,장안현대홈타운1차아파트,5246,2850,2396,14,898,1262,1405,1131,536,10,473,718,698,598,353,4,425,544,707,533,183
2021,4,A,골목상권,2110229,장평중학교,5475,3447,2028,11,604,1021,1167,1234,1438,7,309,620,723,769,1019,4,295,401,444,465,419
2021,4,A,골목상권,2110228,장안근린공원,6839,3589,3250,54,2007,1290,1365,1326,797,32,1034,727,628,629,539,22,973,563,737,697,258
2021,4,A,골목상권,2110227,답십리공원,4470,2551,1919,49,1629,777,743,784,488,30,929,507,422,364,299,19,700,270,321,420,189
2021,4,A,골목상권,2110226,장안1동주민센터,6971,3871,3100,22,858,1351,1602,1672,1466,17,403,767,886,926,872,5,455,584,716,746,594
2021,4,A,골목상권,2110225,촬영소사거리,2931,1595,1336,12,223,386,587,760,963,9,107,227,365,390,497,3,116,159,222,370,466
2021,4,A,골목상권,2110224,외대앞역 2번,1398,804,594,3,138,261,402,359,235,1,53,146,243,245,116,2,85,115,159,114,119
2021,4,A,골목상권,2110223,군자초등학교,6674,4353,2321,43,1459,1676,1307,1058,1131,11,711,1129,908,704,890,32,748,547,399,354,241
2021,4,A,골목상권,2110222,회기역 2번,2392,1179,1213,2,403,501,609,625,252,0,104,257,343,339,136,2,299,244,266,286,116
2021,4,A,골목상권,2110221,의릉,1144,696,448,3,127,310,315,263,126,0,43,194,185,173,101,3,84,116,130,90,25
2021,4,A,골목상권,2110220,외대앞역 1번,3641,1571,2070,2,688,923,946,679,403,1,133,336,444,404,253,1,555,587,502,275,150
2021,4,A,골목상권,2110219,삼육보건대학교,4450,2371,2079,4,582,896,1094,1128,746,2,182,417,615,657,498,2,400,479,479,471,248
2021,4,A,골목상권,2110218,답십리사거리,1435,853,582,7,165,299,369,350,245,5,66,165,204,224,189,2,99,134,165,126,56
2021,4,A,골목상권,2110217,자동차부품상가,6813,4504,2309,26,1478,1623,1457,1223,1006,21,859,1143,968,768,745,5,619,480,489,455,261
2021,4,A,골목상권,2110216,전농중학교,2153,1119,1034,3,263,476,586,555,270,1,114,236,297,296,175,2,149,240,289,259,95
2021,4,A,골목상권,2110215,회기역 1번,2459,902,1557,4,638,776,558,322,161,1,126,278,223,148,126,3,512,498,335,174,35
2021,4,A,골목상권,2110214,경희대후문,3292,1434,1858,1,689,917,862,572,251,1,134,332,426,346,195,0,555,585,436,226,56
2021,4,A,골목상권,2110213,청량초등학교,2169,702,1467,0,592,722,494,250,111,0,101,237,187,96,81,0,491,485,307,154,30
2021,4,A,골목상권,2110212,답십리초등학교,6736,3585,3151,26,1187,1542,1846,1660,475,22,887,1141,773,457,305,4,300,401,1073,1203,170
2021,4,A,골목상권,2110211,전곡마을마당공원,2826,1580,1246,4,375,594,732,764,357,1,152,275,439,468,245,3,223,319,293,296,112
2021,4,A,골목상권,2110210,서울시립대,3076,1537,1539,7,419,611,663,709,667,4,126,242,352,377,436,3,293,369,311,332,231
2021,4,A,골목상권,2110209,답십리 장령당공원,4354,2000,2354,4,640,954,1230,1197,329,1,470,685,419,202,223,3,170,269,811,995,106
2021,4,A,골목상권,2110208,시조사삼거리,2384,1294,1090,4,388,710,460,463,359,3,155,452,245,252,187,1,233,258,215,211,172
2021,4,A,골목상권,2110207,시립대앞사거리,2645,1363,1282,3,363,557,634,682,406,1,117,229,344,396,276,2,246,328,290,286,130
2021,4,A,골목상권,2110206,텃골근린공원,1284,744,540,2,151,241,347,340,203,1,84,134,221,207,97,1,67,107,126,133,106
2021,4,A,골목상권,2110205,경희대삼거리,3822,2069,1753,6,701,1290,710,636,479,4,281,760,405,362,257,2,420,530,305,274,222
2021,4,A,골목상권,2110204,간데메공원,1794,1235,559,6,298,435,450,379,226,3,196,277,304,275,180,3,102,158,146,104,46
2021,4,A,골목상권,2110203,떡전교사거리,1943,858,1085,2,261,350,385,429,516,2,79,140,162,190,285,0,182,210,223,239,231
2021,4,A,골목상권,2110202,전농1동주민센터(전농시장),593,343,250,0,76,107,147,149,114,0,49,61,93,85,55,0,27,46,54,64,59
2021,4,A,골목상권,2110201,전농119안전센터,825,530,295,0,102,158,244,182,139,0,68,101,168,117,76,0,34,57,76,65,63
2021,4,A,골목상권,2110200,동대문경찰서,1083,572,511,0,119,177,222,305,260,0,60,86,111,138,177,0,59,91,111,167,83
2021,4,A,골목상권,2110199,홍릉시장,1158,621,537,0,99,193,238,354,274,0,46,95,119,165,196,0,53,98,119,189,78
2021,4,A,골목상권,2110198,동대문중앙새마을금고본점,688,361,327,0,52,89,135,214,198,0,23,47,72,99,120,0,29,42,63,115,78
2021,4,A,골목상권,2110197,세종대왕기념관교차로,2510,1548,962,3,426,731,600,539,211,2,154,376,417,419,180,1,272,355,183,120,31
2021,4,A,골목상권,2110196,홍릉근린공원,1047,653,394,1,93,198,337,285,133,1,37,93,216,188,118,0,56,105,121,97,15
2021,4,A,골목상권,2110195,동대문구청,4287,2125,2162,6,481,906,1023,1183,688,3,186,393,469,674,400,3,295,513,554,509,288
2021,4,A,골목상권,2110194,홍파초등학교,1798,1085,713,2,140,330,522,522,282,1,84,184,314,291,211,1,56,146,208,231,71
2021,4,A,골목상권,2110193,고려대역 4번,1232,835,397,1,79,208,403,369,172,1,35,113,259,283,144,0,44,95,144,86,28
2021,4,A,골목상권,2110192,동의보감타워,5324,3233,2091,17,756,1316,1285,1303,647,8,482,802,763,820,358,9,274,514,522,483,289
2021,4,A,골목상권,2110191,고려대역 6번,1157,702,455,2,78,202,355,318,202,1,38,103,203,201,156,1,40,99,152,117,46
2021,4,A,골목상권,2110190,고대앞사거리,3236,1724,1512,5,469,907,933,626,296,2,192,462,500,367,201,3,277,445,433,259,95
2021,4,A,골목상권,2110189,제기동역 1번,6727,4533,2194,21,1156,1875,1505,1131,1039,8,647,1270,1059,767,782,13,509,605,446,364,257
2021,4,A,골목상권,2110188,용두동신동아아파트,9251,6800,2451,57,1038,1991,2191,2660,1314,37,705,1428,1679,1971,980,20,333,563,512,689,334
2021,4,A,골목상권,2110187,제기동역 6번,7263,4732,2531,20,1249,2025,1616,1231,1122,8,662,1282,1102,844,834,12,587,743,514,387,288
2021,4,A,골목상권,2110186,종암초등학교,3678,2369,1309,3,481,1024,1038,724,408,0,199,624,702,506,338,3,282,400,336,218,70
2021,4,A,골목상권,2110185,용두초등학교,9216,4802,4414,9,826,2131,2857,2357,1036,3,373,1210,1418,1091,707,6,453,921,1439,1266,329
2021,4,A,골목상권,2110184,용두사거리,7078,2654,4424,6,1108,1663,1364,1642,1295,2,332,723,563,452,582,4,776,940,801,1190,713
2021,4,A,골목상권,2110183,한국의류시험연구원,6586,2490,4096,5,1038,1511,1273,1514,1245,1,321,694,532,384,558,4,717,817,741,1130,687
2021,4,A,골목상권,2110182,용두희망어린이공원,8150,3848,4302,10,1180,1780,1735,2093,1352,4,438,992,944,839,631,6,742,788,791,1254,721
2021,4,A,골목상권,2110181,신설동역 9번,13079,7138,5941,34,1192,2706,3581,3279,2287,18,594,1610,1908,1605,1403,16,598,1096,1673,1674,884
2021,4,A,골목상권,2110180,광진정보도서관,9548,6222,3326,19,2321,3104,2006,1368,730,5,1187,2103,1425,958,544,14,1134,1001,581,410,186
2021,4,A,골목상권,2110179,광나루역 1번,6574,3993,2581,161,2344,1211,1143,1171,544,51,1118,831,807,821,365,110,1226,380,336,350,179
2021,4,A,골목상권,2110178,장로회신학대학교,2969,2050,919,2,411,751,730,698,377,0,227,542,543,493,245,2,184,209,187,205,132
2021,4,A,골목상권,2110177,동의초등학교,1459,779,680,1,169,274,393,406,216,0,61,146,213,214,145,1,108,128,180,192,71
2021,4,A,골목상권,2110176,해오름공원,4046,2107,1939,5,730,888,1169,939,315,2,195,417,665,579,249,3,535,471,504,360,66
2021,4,A,골목상권,2110175,푸른동산공원,9538,5255,4283,11,988,1818,2356,2694,1671,5,574,1201,1457,1185,833,6,414,617,899,1509,838
2021,4,A,골목상권,2110174,아차산역 1번,3794,2279,1515,7,421,721,1109,1004,532,3,189,430,702,589,366,4,232,291,407,415,166
2021,4,A,골목상권,2110173,구남초등학교,11730,6787,4943,24,1163,2242,2831,3303,2167,9,628,1467,1814,1629,1240,15,535,775,1017,1674,927
2021,4,A,골목상권,2110172,광진초등학교,3672,2114,1558,57,568,731,843,922,551,25,284,392,475,537,401,32,284,339,368,385,150
2021,4,A,골목상권,2110171,중곡4동주민센터,3077,1296,1781,4,590,757,782,700,244,2,117,276,348,364,189,2,473,481,434,336,55
2021,4,A,골목상권,2110170,동대부여고,6257,3117,3140,5,456,1045,1777,2129,845,2,193,556,964,908,494,3,263,489,813,1221,351
2021,4,A,골목상권,2110169,성동초등학교,6765,4291,2474,18,675,1492,1785,1727,1068,4,365,915,1130,1071,806,14,310,577,655,656,262
2021,4,A,골목상권,2110168,대원고등학교,2238,1319,919,4,229,483,556,618,348,2,102,238,295,395,287,2,127,245,261,223,61
2021,4,A,골목상권,2110167,용마초등학교,4509,2630,1879,12,580,923,1177,1052,765,4,313,546,644,575,548,8,267,377,533,477,217
2021,4,A,골목상권,2110166,구의1동주민센터,15219,11430,3789,17,1059,2485,4251,5895,1512,12,537,1532,3205,4890,1254,5,522,953,1046,1005,258
2021,4,A,골목상권,2110165,국립정신건강센터,2585,1477,1108,3,244,534,684,699,421,0,94,256,352,434,341,3,150,278,332,265,80
2021,4,A,골목상권,2110164,아차산역 5번,2694,1609,1085,7,347,531,659,642,508,2,169,304,401,359,374,5,178,227,258,283,134
2021,4,A,골목상권,2110163,성자초등학교,3129,1834,1295,13,357,640,850,913,356,9,224,372,481,482,266,4,133,268,369,431,90
2021,4,A,골목상권,2110162,군자역 4번,3924,2332,1592,15,598,853,977,809,672,8,340,511,565,435,473,7,258,342,412,374,199
2021,4,A,골목상권,2110161,중곡역 3번,2364,1591,773,7,197,379,569,778,434,2,89,224,353,586,337,5,108,155,216,192,97
2021,4,A,골목상권,2110160,광진경찰서,2323,1406,917,4,347,648,636,516,172,1,194,397,354,334,126,3,153,251,282,182,46
2021,4,A,골목상권,2110159,구의역 4번,15886,11761,4125,20,1195,2502,4360,6044,1765,14,552,1526,3278,4933,1458,6,643,976,1082,1111,307
2021,4,A,골목상권,2110158,중곡3동주민센터,2903,2098,805,5,253,521,703,934,487,1,136,358,470,736,397,4,117,163,233,198,90
2021,4,A,골목상권,2110157,자양동우체국,2103,1420,683,14,451,461,501,450,226,10,346,329,303,259,173,4,105,132,198,191,53
2021,4,A,골목상권,2110156,군자역 5번,3797,2348,1449,10,541,828,936,817,665,6,297,488,572,478,507,4,244,340,364,339,158
2021,4,A,골목상권,2110155,광진구청,13911,10903,3008,14,1009,2223,3822,5359,1484,12,536,1458,2986,4650,1261,2,473,765,836,709,223
2021,4,A,골목상권,2110154,광진정말공원,2494,1436,1058,7,351,455,604,640,437,5,171,260,316,357,327,2,180,195,288,283,110
2021,4,A,골목상권,2110153,중곡1동주민센터,5211,2445,2766,82,1436,912,1081,1176,524,28,644,492,513,422,346,54,792,420,568,754,178
2021,4,A,골목상권,2110152,중곡어린이공원,2482,1526,956,49,471,549,517,545,351,6,194,337,328,368,293,43,277,212,189,177,58
2021,4,A,골목상권,2110151,자양한강도서관,2520,1817,703,15,490,505,614,608,288,11,373,369,422,418,224,4,117,136,192,190,64
2021,4,A,골목상권,2110150,중곡1동 마을마당,5928,2959,2969,84,1503,1158,1196,1359,628,30,654,632,616,572,455,54,849,526,580,787,173
2021,4,A,골목상권,2110149,세종대학교,1090,593,497,0,153,295,256,226,160,0,69,164,150,110,100,0,84,131,106,116,60
2021,4,A,골목상권,2110148,어린이대공원역 3번,1449,1013,436,2,138,200,381,498,230,0,66,128,264,363,192,2,72,72,117,135,38
2021,4,A,골목상권,2110147,능동우편취급국,5319,2666,2653,35,1292,1071,1074,1227,620,22,621,624,558,446,395,13,671,447,516,781,225
2021,4,A,골목상권,2110146,신자초등학교,3030,2209,821,8,345,709,894,809,265,3,232,532,652,588,202,5,113,177,242,221,63
2021,4,A,골목상권,2110145,장안초등학교,913,444,469,0,95,163,182,275,198,0,30,77,88,131,118,0,65,86,94,144,80
2021,4,A,골목상권,2110144,어린이대공원역 4번,1995,1266,729,2,200,302,497,650,344,0,76,165,320,437,268,2,124,137,177,213,76
2021,4,A,골목상권,2110143,뚝섬유원지역 1번,1854,1500,354,4,199,512,536,442,161,1,151,418,445,358,127,3,48,94,91,84,34
2021,4,A,골목상권,2110142,화양사거리,4124,2353,1771,5,665,1024,1057,859,514,2,309,600,651,427,364,3,356,424,406,432,150
2021,4,A,골목상권,2110141,건대입구역 1번,3299,2189,1110,13,442,738,841,702,563,6,231,484,570,459,439,7,211,254,271,243,124
2021,4,A,골목상권,2110140,건대입구역 6번,5095,3245,1850,28,632,1049,1230,1212,944,21,284,628,783,815,714,7,348,421,447,397,230
2021,4,A,골목상권,2110139,자양4동주민센터,3041,2288,753,62,487,732,735,671,354,28,320,558,574,520,288,34,167,174,161,151,66
2021,4,A,골목상권,2110138,송정체육공원,4312,2537,1775,2,725,1148,1094,805,538,0,350,692,688,425,382,2,375,456,406,380,156
2021,4,A,골목상권,2110137,성수초등학교,15849,10295,5554,64,2391,4011,4214,3217,1952,49,1240,2613,2806,2104,1483,15,1151,1398,1408,1113,469
2021,4,A,골목상권,2110136,경수초등학교,19912,12290,7622,134,4030,5003,4511,3778,2456,78,1986,3201,2930,2315,1780,56,2044,1802,1581,1463,676
2021,4,A,골목상권,2110135,성동세무서,7155,4565,2590,12,1071,1813,1835,1515,909,5,579,1158,1197,926,700,7,492,655,638,589,209
2021,4,A,골목상권,2110134,성수119안전센터,4792,3359,1433,79,805,1245,1218,959,486,39,481,883,888,682,386,40,324,362,330,277,100
2021,4,A,골목상권,2110133,서울교통공사,6588,4563,2025,50,1729,1852,1274,965,718,21,996,1339,950,679,578,29,733,513,324,286,140
2021,4,A,골목상권,2110132,성수2가3동주민센터,4528,2778,1750,14,563,1101,1102,1022,726,11,282,667,706,642,470,3,281,434,396,380,256
2021,4,A,골목상권,2110131,성수동카페거리,18863,11455,7408,84,3960,5083,4195,3250,2291,51,1964,3230,2724,1930,1556,33,1996,1853,1471,1320,735
2021,4,A,골목상권,2110130,답십리역 6번,5783,2708,3075,6,834,1254,1641,1495,553,2,564,856,606,323,357,4,270,398,1035,1172,196
2021,4,A,골목상권,2110129,성원어린이공원,5831,3754,2077,21,932,1339,1290,1152,1097,16,543,871,862,738,724,5,389,468,428,414,373
2021,4,A,골목상권,2110128,성원중학교,5913,4100,1813,24,740,1417,1504,1425,803,13,428,1018,1078,1009,554,11,312,399,426,416,249
2021,4,A,골목상권,2110127,성수1가1동주민센터,5851,3818,2033,21,1131,1850,1426,919,504,11,621,1230,924,626,406,10,510,620,502,293,98
2021,4,A,골목상권,2110126,서울숲역 1번,4957,3278,1679,19,954,1230,1086,892,776,12,568,830,689,609,570,7,386,400,397,283,206
2021,4,A,골목상권,2110125,사근동살곶이상점가,2512,1782,730,2,144,443,815,743,365,2,54,289,563,579,295,0,90,154,252,164,70
2021,4,A,골목상권,2110124,뚝섬역교차로,3140,2236,904,14,450,585,706,728,657,12,229,380,469,568,578,2,221,205,237,160,79
2021,4,A,골목상권,2110123,마장역 3번,1661,1034,627,1,198,311,408,441,302,1,95,185,241,285,227,0,103,126,167,156,75
2021,4,A,골목상권,2110122,마장역 2번,1517,1003,514,1,159,243,355,441,318,1,89,160,221,294,238,0,70,83,134,147,80
2021,4,A,골목상권,2110121,한양대역 4번,2434,1709,725,0,128,423,780,733,370,0,43,274,532,559,301,0,85,149,248,174,69
2021,4,A,골목상권,2110120,서울숲카페거리,1582,1046,536,5,184,292,370,390,341,4,93,172,212,275,290,1,91,120,158,115,51
2021,4,A,골목상권,2110119,마장지하차도,2657,987,1670,3,257,346,556,850,645,1,141,190,234,227,194,2,116,156,322,623,451
2021,4,A,골목상권,2110118,왕십리역 9번,2693,1327,1366,12,554,698,635,510,284,2,170,310,345,292,208,10,384,388,290,218,76
2021,4,A,골목상권,2110117,성동구보건소,3376,1242,2134,9,551,497,662,965,692,2,191,247,299,296,207,7,360,250,363,669,485
2021,4,A,골목상권,2110116,청계천박물관,8711,5833,2878,46,804,1715,2072,2820,1254,33,442,1069,1395,1994,900,13,362,646,677,826,354
2021,4,A,골목상권,2110115,상왕십리역 3번,5567,2521,3046,19,895,982,1144,1447,1080,4,303,543,630,605,436,15,592,439,514,842,644
2021,4,A,골목상권,2110114,왕십리파출소,2943,1055,1888,16,538,508,588,804,489,3,198,277,289,197,91,13,340,231,299,607,398
2021,4,A,골목상권,2110113,응봉산,2383,905,1478,16,296,761,960,256,94,0,90,252,389,108,66,16,206,509,571,148,28
2021,4,A,골목상권,2110112,행당역 2번,1515,781,734,1,187,321,403,404,199,0,71,141,204,221,144,1,116,180,199,183,55
2021,4,A,골목상권,2110111,대현산장미원,336,200,136,1,46,57,83,78,71,0,15,28,41,53,63,1,31,29,42,25,8
2021,4,A,골목상권,2110110,상왕십리역 6번,2892,1693,1199,14,435,651,657,653,482,5,147,368,443,432,298,9,288,283,214,221,184
2021,4,A,골목상권,2110109,금호삼성래미안아파트,2707,1162,1545,17,330,830,1057,350,123,1,119,302,464,178,98,16,211,528,593,172,25
2021,4,A,골목상권,2110108,성동구립금호도서관,272,128,144,0,32,55,72,79,34,0,14,29,30,29,26,0,18,26,42,50,8
2021,4,A,골목상권,2110107,금호사거리,2741,1185,1556,16,316,815,1029,373,192,1,105,276,444,211,148,15,211,539,585,162,44
2021,4,A,골목상권,2110106,금북초등학교,682,416,266,1,112,193,201,134,41,1,66,107,128,85,29,0,46,86,73,49,12
2021,4,A,골목상권,2110105,금동어린이공원,3124,1300,1824,16,371,929,1129,449,230,1,117,326,480,214,162,15,254,603,649,235,68
2021,4,A,골목상권,2110104,신금호역 4번,1550,885,665,2,200,375,389,317,267,2,69,194,228,192,200,0,131,181,161,125,67
2021,4,A,골목상권,2110103,옥수터널,652,341,311,1,61,162,188,182,58,0,22,73,103,102,41,1,39,89,85,80,17
2021,4,A,골목상권,2110102,옥수역 6번,4523,1702,2821,5,1162,1330,1014,721,291,0,285,464,469,333,151,5,877,866,545,388,140
2021,4,A,골목상권,2110101,옥정중학교,11800,7925,3875,10,1772,3747,3394,2453,424,5,571,2350,2657,2066,276,5,1201,1397,737,387,148
2021,4,A,골목상권,2110100,옥수동우편취급국,8356,6820,1536,8,785,2676,2652,2008,227,4,361,2018,2357,1893,187,4,424,658,295,115,40
2021,4,A,골목상권,2110099,유엔빌리지길,22417,18045,4372,50,2713,5729,6376,6735,814,38,1345,4185,5513,6284,680,12,1368,1544,863,451,134
2021,4,A,골목상권,2110098,서울독일학교,22179,18008,4171,40,2712,5547,6234,6685,961,31,1363,4085,5433,6273,823,9,1349,1462,801,412,138
2021,4,A,골목상권,2110097,한남초등학교,7826,5468,2358,14,1401,2935,1774,1222,480,7,711,1893,1374,1079,404,7,690,1042,400,143,76
2021,4,A,골목상권,2110096,한남힐사이드아파트,8734,5560,3174,9,1774,3226,2049,1383,293,6,757,1958,1477,1118,244,3,1017,1268,572,265,49
2021,4,A,골목상권,2110095,한강진역 3번,16261,10270,5991,51,3557,5623,3802,2391,837,29,1573,3350,2741,1953,624,22,1984,2273,1061,438,213
2021,4,A,골목상권,2110094,오산중학교,475,243,232,0,38,115,148,115,59,0,11,56,70,66,40,0,27,59,78,49,19
2021,4,A,골목상권,2110093,우사단길,9702,6097,3605,43,1853,3128,2442,1391,845,25,761,1853,1780,1071,607,18,1092,1275,662,320,238
2021,4,A,골목상권,2110092,NH농협은행 보광동지점,4109,2859,1250,31,584,1186,1179,823,306,21,305,795,876,631,231,10,279,391,303,192,75
2021,4,A,골목상권,2110091,리움미술관,7513,4522,2991,24,1801,2643,1844,904,297,15,749,1458,1336,748,216,9,1052,1185,508,156,81
2021,4,A,골목상권,2110090,한국폴리텍대학서울정수캠퍼스,8083,4908,3175,18,1242,2436,2730,1210,447,8,540,1218,1919,926,297,10,702,1218,811,284,150
2021,4,A,골목상권,2110089,서빙고동주민센터,2543,1491,1052,2,350,655,776,449,311,0,109,359,499,312,212,2,241,296,277,137,99
2021,4,A,골목상권,2110088,오산고등학교,10165,6137,4028,22,1462,3094,3318,1687,582,10,653,1517,2260,1276,421,12,809,1577,1058,411,161
2021,4,A,골목상권,2110087,이태원엔틱가구거리,6439,3688,2751,31,1233,1753,1633,1215,574,18,527,948,988,811,396,13,706,805,645,404,178
2021,4,A,골목상권,2110086,이태원역 북측,18101,8842,9259,50,4925,6856,3887,1818,565,27,1453,3140,2391,1403,428,23,3472,3716,1496,415,137
2021,4,A,골목상권,2110085,경리단길남측,13583,6464,7119,26,4020,5279,2796,1133,329,12,1128,2390,1742,930,262,14,2892,2889,1054,203,67
2021,4,A,골목상권,2110084,경리단길북측,2575,1428,1147,8,511,741,625,464,226,5,222,375,345,310,171,3,289,366,280,154,55
2021,4,A,골목상권,2110083,서빙고역 1번,7782,5014,2768,20,1542,2118,1985,1422,695,7,687,1379,1388,1051,502,13,855,739,597,371,193
2021,4,A,골목상권,2110082,용산구청,5502,3128,2374,31,1057,1491,1412,1063,448,18,466,777,844,718,305,13,591,714,568,345,143
2021,4,A,골목상권,2110081,해방촌 남동측,2277,1520,757,0,210,420,747,723,177,0,84,238,543,529,126,0,126,182,204,194,51
2021,4,A,골목상권,2110080,해방촌예술마을,2607,1687,920,3,326,485,828,763,202,3,119,277,599,550,139,0,207,208,229,213,63
2021,4,A,골목상권,2110079,후암동주민센터,26370,18974,7396,29,4638,9384,6904,3904,1511,17,2634,6434,5604,3182,1103,12,2004,2950,1300,722,408
2021,4,A,골목상권,2110078,이촌동점보아파트,4837,3011,1826,17,786,1296,1215,1059,464,3,411,785,813,678,321,14,375,511,402,381,143
2021,4,A,골목상권,2110077,삼광초등학교,10904,3587,7317,161,6225,1915,1250,982,371,16,681,930,949,744,267,145,5544,985,301,238,104
2021,4,A,골목상권,2110076,삼각지역 14번,6002,4060,1942,4,649,1637,1939,1419,354,4,356,1043,1439,994,224,0,293,594,500,425,130
2021,4,A,골목상권,2110075,숙대입구역 1번,16585,6297,10288,168,7307,3895,2570,1725,920,17,977,1713,1667,1230,693,151,6330,2182,903,495,227
2021,4,A,골목상권,2110074,서울역 12번,36080,21404,14676,180,11191,11602,7333,3938,1836,24,3411,7449,5868,3241,1411,156,7780,4153,1465,697,425
2021,4,A,골목상권,2110073,삼각지역 3번,24882,9347,15535,123,6255,8074,6887,2839,704,50,2240,2899,2427,1321,410,73,4015,5175,4460,1518,294
2021,4,A,골목상권,2110072,열정도,4551,3239,1312,28,750,1138,1119,932,584,11,409,807,866,718,428,17,341,331,253,214,156
2021,4,A,골목상권,2110071,한강미주맨션아파트,8064,4602,3462,40,1013,1799,2828,1862,522,31,446,1073,1552,1149,351,9,567,726,1276,713,171
2021,4,A,골목상권,2110070,용산세무서,7939,5013,2926,7,817,1787,2969,1915,444,0,510,1163,1775,1265,300,7,307,624,1194,650,144
2021,4,A,골목상권,2110069,숙대입구,8595,4893,3702,31,1607,2846,2045,1332,734,14,680,1474,1258,921,546,17,927,1372,787,411,188
2021,4,A,골목상권,2110068,남영역 1번,10534,7108,3426,48,1834,3359,2754,1651,888,21,965,2182,2055,1256,629,27,869,1177,699,395,259
2021,4,A,골목상권,2110067,배문고등학교,8614,4267,4347,14,1830,2555,1776,1409,1030,5,506,1119,947,892,798,9,1324,1436,829,517,232
2021,4,A,골목상권,2110066,서울역 15번,4687,2417,2270,10,918,1376,996,759,628,5,306,619,554,459,474,5,612,757,442,300,154
2021,4,A,골목상권,2110065,남정초등학교,3515,2475,1040,20,568,1031,937,561,398,16,362,771,668,380,278,4,206,260,269,181,120
2021,4,A,골목상권,2110064,효창공원앞역 2번,4350,2663,1687,18,593,1122,1112,971,534,16,308,706,691,592,350,2,285,416,421,379,184
2021,4,A,골목상권,2110063,효창공원앞역 5번,6102,4294,1808,25,915,1808,1707,985,662,18,553,1315,1239,686,483,7,362,493,468,299,179
2021,4,A,골목상권,2110062,한강로동땡땡거리(은행나무길),9571,5392,4179,16,1072,2335,3099,2183,866,8,465,1231,1677,1434,577,8,607,1104,1422,749,289
2021,4,A,골목상권,2110061,효창동주민센터,5974,4267,1707,8,974,1567,1609,1209,607,5,555,1149,1205,870,483,3,419,418,404,339,124
2021,4,A,골목상권,2110060,효창공원앞역 6번,7211,4881,2330,24,1280,1934,1960,1421,592,14,694,1365,1393,983,432,10,586,569,567,438,160
2021,4,A,골목상권,2110059,새남터성지,3196,2152,1044,11,491,853,906,661,274,4,251,549,683,496,169,7,240,304,223,165,105
2021,4,A,골목상권,2110058,성심여자고등학교,8454,6100,2354,32,1374,2650,2295,1464,639,15,784,1877,1770,1151,503,17,590,773,525,313,136
2021,4,A,골목상권,2110057,황학코아루아파트,2115,1166,949,5,348,575,548,400,239,4,168,319,277,224,174,1,180,256,271,176,65
2021,4,A,골목상권,2110056,신당역 3번,2900,1536,1364,6,461,783,704,555,391,6,194,381,370,312,273,0,267,402,334,243,118
2021,4,A,골목상권,2110055,황학동벼룩시장,3042,1645,1397,31,928,652,595,540,296,16,396,333,352,341,207,15,532,319,243,199,89
2021,4,A,골목상권,2110054,청구역 3번,6203,3266,2937,16,1195,1620,1307,1234,831,5,421,870,771,692,507,11,774,750,536,542,324
2021,4,A,골목상권,2110053,청구역 1번,5383,2899,2484,5,738,1322,1461,1441,416,3,252,661,814,897,272,2,486,661,647,544,144
2021,4,A,골목상권,2110052,장충초등학교,7627,3969,3658,11,1405,1921,1775,1673,842,5,467,944,1013,991,549,6,938,977,762,682,293
2021,4,A,골목상권,2110051,한양공고앞 교차로,2894,1689,1205,9,423,659,731,768,304,2,166,416,454,460,191,7,257,243,277,308,113
2021,4,A,골목상권,2110050,약수역 7번,2303,1220,1083,4,318,559,563,524,335,2,120,279,330,287,202,2,198,280,233,237,133
2021,4,A,골목상권,2110049,장충단 고개,9962,5298,4664,25,2025,2831,2379,1819,883,6,630,1517,1462,1121,562,19,1395,1314,917,698,321
2021,4,A,골목상권,2110048,장충동주민센터,12882,7150,5732,36,2260,3570,3462,2641,913,5,823,2090,2108,1542,582,31,1437,1480,1354,1099,331
2021,4,A,골목상권,2110047,다산성곽길,7406,4104,3302,14,1449,2072,1776,1474,621,5,541,1110,1076,922,450,9,908,962,700,552,171
2021,4,A,골목상권,2110046,버티고개,2995,2024,971,3,392,1047,775,588,190,0,206,761,566,361,130,3,186,286,209,227,60
2021,4,A,골목상권,2110045,동대문역사문화공원역 5번,45426,22509,22917,475,13488,12026,9657,7085,2695,195,6425,7176,5520,2395,798,280,7063,4850,4137,4690,1897
2021,4,A,골목상권,2110044,관성묘,36669,17055,19614,451,12150,9596,7053,5156,2263,190,5706,5492,3828,1296,543,261,6444,4104,3225,3860,1720
2021,4,A,골목상권,2110043,충무초등학교,9197,5407,3790,49,1867,2374,2374,1584,949,20,680,1347,1582,1097,681,29,1187,1027,792,487,268
2021,4,A,골목상권,2110042,남산골공원옆,4783,2763,2020,11,548,1077,1518,1120,509,6,247,608,805,744,353,5,301,469,713,376,156
2021,4,A,골목상권,2110041,남산케이블카,21568,10294,11274,69,3089,6767,7028,3730,885,11,993,2989,3094,2693,514,58,2096,3778,3934,1037,371
2021,4,A,골목상권,2110040,중구회현체육센터(정화예술대남산캠퍼스),20399,10001,10398,71,2999,6554,6631,3424,720,11,1015,3003,2933,2577,462,60,1984,3551,3698,847,258
2021,4,A,골목상권,2110039,회현역 1번,24398,12113,12285,135,4567,7678,7350,3971,697,40,1630,3709,3600,2764,370,95,2937,3969,3750,1207,327
2021,4,A,골목상권,2110038,경향신문사,15409,10083,5326,19,2255,4993,5034,2645,463,6,981,3062,3573,2121,340,13,1274,1931,1461,524,123
2021,4,A,골목상권,2110037,신설동역 12번,7347,2905,4442,9,755,1126,1345,1957,2155,0,225,508,614,556,1002,9,530,618,731,1401,1153
2021,4,A,골목상권,2110036,동묘앞역 3번,3249,1861,1388,19,475,515,668,726,846,17,215,271,402,447,509,2,260,244,266,279,337
2021,4,A,골목상권,2110035,동묘앞역 2번,4636,2328,2308,6,352,596,971,1056,1655,0,113,271,430,502,1012,6,239,325,541,554,643
2021,4,A,골목상권,2110034,창신1동주민센터,2610,1275,1335,10,415,553,683,590,359,8,137,246,296,337,251,2,278,307,387,253,108
2021,4,A,골목상권,2110033,창신역 4번,2086,1235,851,4,175,269,339,403,896,0,57,132,185,230,631,4,118,137,154,173,265
2021,4,A,골목상권,2110032,수족관거리,2064,916,1148,8,347,439,559,454,257,7,106,176,201,239,187,1,241,263,358,215,70
2021,4,A,골목상권,2110031,창신역 1번,554,273,281,2,68,132,136,143,73,0,19,63,68,75,48,2,49,69,68,68,25
2021,4,A,골목상권,2110030,동대문역 3번,1437,615,822,0,146,262,447,335,247,0,43,97,144,155,176,0,103,165,303,180,71
2021,4,A,골목상권,2110029,동대문역 1번,3350,1894,1456,6,441,722,813,826,542,1,200,416,458,485,334,5,241,306,355,341,208
2021,4,A,골목상권,2110028,이화달팽이길,4133,2258,1875,7,726,1068,988,821,523,3,249,525,580,528,373,4,477,543,408,293,150
2021,4,A,골목상권,2110027,혜화역 1번,3993,2014,1979,11,605,968,1059,834,516,5,166,385,563,521,374,6,439,583,496,313,142
2021,4,A,골목상권,2110026,종로5가역 4번,3517,2041,1476,9,541,863,909,740,455,2,244,478,511,470,336,7,297,385,398,270,119
2021,4,A,골목상권,2110025,충신시장옆,9964,6665,3299,17,1748,3097,2714,1736,652,3,767,1987,2027,1429,452,14,981,1110,687,307,200
2021,4,A,골목상권,2110024,혜회동주민센터,5949,2844,3105,28,785,1351,1599,1359,827,17,260,582,786,715,484,11,525,769,813,644,343
2021,4,A,골목상권,2110023,서울대병원,7046,4607,2439,14,1274,2467,1898,965,428,3,575,1567,1454,734,274,11,699,900,444,231,154
2021,4,A,골목상권,2110022,경신고등학교,6493,3007,3486,27,1025,1774,1632,1264,771,19,359,839,781,598,411,8,666,935,851,666,360
2021,4,A,골목상권,2110021,성균관대학교,2385,1261,1124,15,389,557,545,470,409,11,136,240,309,293,272,4,253,317,236,177,137
2021,4,A,골목상권,2110020,서울국제고등학교,4389,2090,2299,18,726,1142,1008,872,623,13,270,579,552,374,302,5,456,563,456,498,321
2021,4,A,골목상권,2110019,창덕궁,16561,12644,3917,19,2000,5478,4941,3044,1079,7,1164,4119,3999,2516,839,12,836,1359,942,528,240
2021,4,A,골목상권,2110018,중앙고등학교,16741,12521,4220,12,1870,5599,5144,3145,971,6,988,4073,4101,2594,759,6,882,1526,1043,551,212
2021,4,A,골목상권,2110017,정독도서관,10619,8299,2320,2,1386,2982,3397,2250,602,1,919,2227,2808,1858,486,1,467,755,589,392,116
2021,4,A,골목상권,2110016,평창동동측,13795,6588,7207,21,1223,3779,5325,2832,615,10,508,1634,2776,1313,347,11,715,2145,2549,1519,268
2021,4,A,골목상권,2110015,청와대사랑채,6739,4876,1863,37,1083,2014,2132,1170,303,0,655,1432,1686,873,230,37,428,582,446,297,73
2021,4,A,골목상권,2110014,경복고등학교,6312,4486,1826,39,965,1807,2046,1188,267,2,591,1278,1554,867,194,37,374,529,492,321,73
2021,4,A,골목상권,2110013,체부동홍종문가옥,4511,2162,2349,10,616,877,891,1177,940,2,339,523,470,400,428,8,277,354,421,777,512
2021,4,A,골목상권,2110012,성곡미술관,35398,22897,12501,54,4673,9851,10005,7082,3733,14,2168,6479,7283,4722,2231,40,2505,3372,2722,2360,1502
2021,4,A,골목상권,2110011,청운초등학교,1903,814,1089,13,319,483,443,349,296,2,65,197,199,163,188,11,254,286,244,186,108
2021,4,A,골목상권,2110010,평창동서측,10085,5515,4570,17,1111,2723,3664,1991,579,1,478,1204,2080,1353,399,16,633,1519,1584,638,180
2021,4,A,골목상권,2110009,자하문터널,3823,2257,1566,18,744,1226,968,640,227,8,294,697,639,463,156,10,450,529,329,177,71
2021,4,A,골목상권,2110008,배화여자대학교(박노수미술관),6438,3091,3347,46,996,1152,1240,1648,1356,2,446,594,631,700,718,44,550,558,609,948,638
2021,4,A,골목상권,2110007,사직공원(한국사회과학도서관),3909,1854,2055,7,607,1085,1147,738,325,5,194,468,547,412,228,2,413,617,600,326,97
2021,4,A,골목상권,2110006,부암동주민센터,2706,1329,1377,22,607,897,632,425,123,5,169,414,377,288,76,17,438,483,255,137,47
2021,4,A,골목상권,2110005,세검정,2723,1465,1258,9,347,715,720,623,309,3,150,361,399,341,211,6,197,354,321,282,98
2021,4,A,골목상권,2110004,대신고등학교,470,276,194,6,62,109,112,113,68,5,33,63,61,59,55,1,29,46,51,54,13
2021,4,A,골목상권,2110003,세검정초등학교,4837,2723,2114,16,618,1311,1222,1017,653,7,239,684,764,595,434,9,379,627,458,422,219
2021,4,A,골목상권,2110002,독립문역 1번,689,209,480,7,173,203,166,102,38,6,37,46,59,37,24,1,136,157,107,65,14
2021,4,A,골목상권,2110001,이북5도청사,5968,4230,1738,11,1084,1435,1383,1526,529,7,566,935,1087,1267,368,4,518,500,296,259,161
2021,3,A,골목상권,2111090,강일동주민센터,744,547,197,0,90,161,195,190,108,0,55,111,143,143,95,0,35,50,52,47,13
2021,3,A,골목상권,2111089,상일여고(상일초등학교),1080,716,364,0,123,216,260,297,184,0,58,146,184,192,136,0,65,70,76,105,48
2021,3,A,골목상권,2111088,고덕동성당,1187,964,223,0,40,92,230,464,361,0,10,55,178,388,333,0,30,37,52,76,28
2021,3,A,골목상권,2111087,고덕중학교(고덕2동주민센터),743,270,473,0,85,157,184,208,109,0,17,54,69,77,53,0,68,103,115,131,56
2021,3,A,골목상권,2111086,한영중고,862,441,421,1,73,196,209,284,99,1,32,75,97,157,79,0,41,121,112,127,20
2021,3,A,골목상권,2111085,묘곡초등학교(고덕아이파크아파트),1560,790,770,0,154,294,388,398,326,0,61,149,173,196,211,0,93,145,215,202,115
2021,3,A,골목상권,2111084,길동신동아아파트,1362,726,636,2,136,245,267,388,324,2,79,146,133,178,188,0,57,99,134,210,136
2021,3,A,골목상권,2111083,GS강동자이아파트,2403,1398,1005,4,274,421,473,661,570,3,157,263,263,330,382,1,117,158,210,331,188
2021,3,A,골목상권,2111082,중앙보훈병원,3359,1319,2040,1,743,904,629,688,394,0,187,326,270,308,228,1,556,578,359,380,166
2021,3,A,골목상권,2111081,둔촌푸르지오아파트,1104,672,432,2,139,198,218,280,267,1,73,121,129,149,199,1,66,77,89,131,68
2021,3,A,골목상권,2111080,굽은다리역 3번,1916,853,1063,2,204,357,453,489,411,0,72,184,206,194,197,2,132,173,247,295,214
2021,3,A,골목상권,2111079,둔촌고등학교(둔촌중학교),4407,1934,2473,5,873,1139,885,927,578,2,262,460,418,421,371,3,611,679,467,506,207
2021,3,A,골목상권,2111078,굽은다리역 4번,4203,2519,1684,9,398,735,962,1078,1021,5,210,458,553,637,656,4,188,277,409,441,365
2021,3,A,골목상권,2111077,길동주민센터(강동도서관),7382,3886,3496,18,774,1285,1701,1972,1632,11,369,733,911,873,989,7,405,552,790,1099,643
2021,3,A,골목상권,2111076,둔촌2동주민센터,2891,1678,1213,5,343,628,708,627,580,3,143,341,445,347,399,2,200,287,263,280,181
2021,3,A,골목상권,2111075,굽은다리역 2번,2664,1415,1249,4,325,517,647,666,505,2,142,299,313,346,313,2,183,218,334,320,192
2021,3,A,골목상권,2111074,명일역 1번,2753,1586,1167,6,360,639,696,662,390,3,186,384,382,384,247,3,174,255,314,278,143
2021,3,A,골목상권,2111073,둔촌동역 1번(한산중학교),7031,3540,3491,23,864,1431,1725,1807,1181,17,408,802,924,722,667,6,456,629,801,1085,514
2021,3,A,골목상권,2111072,굽은다리역 1번(십자성마을),3937,2371,1566,10,383,823,989,935,797,5,173,470,582,587,554,5,210,353,407,348,243
2021,3,A,골목상권,2111071,천동초등학교,2389,1343,1046,2,222,450,615,554,546,1,78,232,345,319,368,1,144,218,270,235,178
2021,3,A,골목상권,2111070,천호초등학교,1943,1134,809,6,159,424,513,540,301,1,60,208,282,348,235,5,99,216,231,192,66
2021,3,A,골목상권,2111069,천호1동주민센터,2681,1438,1243,8,249,538,670,683,533,3,87,245,351,385,367,5,162,293,319,298,166
2021,3,A,골목상권,2111068,강동성심병원,5278,2358,2920,14,977,1083,1209,1196,799,9,331,516,613,453,436,5,646,567,596,743,363
2021,3,A,골목상권,2111067,강동구립성내도서관,8062,3945,4117,26,1296,1623,1874,1847,1396,18,505,849,990,787,796,8,791,774,884,1060,600
2021,3,A,골목상권,2111066,암사동성당(효정하나플러스아파트),1961,1136,825,5,220,423,443,525,345,1,83,210,252,350,240,4,137,213,191,175,105
2021,3,A,골목상권,2111065,천일초등학교,1492,799,693,2,131,236,313,349,461,2,45,104,141,160,347,0,86,132,172,189,114
2021,3,A,골목상권,2111064,둔촌동역 4번,2951,1763,1188,10,355,587,666,719,614,8,178,353,397,419,408,2,177,234,269,300,206
2021,3,A,골목상권,2111063,강동구립 천호도서관,3759,2069,1690,9,344,581,681,729,1415,7,127,263,349,361,962,2,217,318,332,368,453
2021,3,A,골목상권,2111062,둔촌동역 3번(성내3동주민센터),4393,2785,1608,8,584,1064,1191,921,625,7,323,676,750,580,449,1,261,388,441,341,176
2021,3,A,골목상권,2111061,암사역 1번,4194,1874,2320,3,413,710,856,1012,1200,2,170,393,411,369,529,1,243,317,445,643,671
2021,3,A,골목상권,2111060,암사역 2번(서울강동초등학교),3573,1892,1681,10,392,741,923,871,636,5,141,348,473,483,442,5,251,393,450,388,194
2021,3,A,골목상권,2111059,강동역 4번(강풀만화거리),8028,4328,3700,18,1275,1454,1658,1571,2052,8,537,734,860,875,1314,10,738,720,798,696,738
2021,3,A,골목상권,2111058,성내중학교,2639,1612,1027,3,339,606,682,702,307,1,181,384,406,450,190,2,158,222,276,252,117
2021,3,A,골목상권,2111057,천호공원(해공체육문화센터),2118,1068,1050,2,216,311,437,508,644,2,76,120,175,230,465,0,140,191,262,278,179
2021,3,A,골목상권,2111056,천호태영아파트,2758,1458,1300,5,235,331,469,477,1241,1,89,126,195,239,808,4,146,205,274,238,433
2021,3,A,골목상권,2111055,선사초등학교,2553,999,1554,3,292,461,575,738,484,2,137,240,250,203,167,1,155,221,325,535,317
2021,3,A,골목상권,2111054,암사역 4번(삼성광나루아파트),3414,1360,2054,3,354,528,650,844,1035,2,146,268,280,241,423,1,208,260,370,603,612
2021,3,A,골목상권,2111053,성내천어린이공원(하니사랑길),23519,17241,6278,41,2641,6412,5666,5352,3407,17,1608,4669,4234,4068,2645,24,1033,1743,1432,1284,762
2021,3,A,골목상권,2111052,암사역 3번(천호동자전거거리),2457,1236,1221,3,262,428,525,464,775,2,92,220,265,243,414,1,170,208,260,221,361
2021,3,A,골목상권,2111051,천호역 6번,7112,4029,3083,12,975,1636,1725,1854,910,5,493,791,894,1177,669,7,482,845,831,677,241
2021,3,A,골목상권,2111050,강동구청(강동구청역 2번),7541,4687,2854,33,867,1785,1796,1858,1202,14,420,959,1100,1292,902,19,447,826,696,566,300
2021,3,A,골목상권,2111049,천호지구대(천호동자전거거리),2201,1197,1004,9,263,431,513,499,486,5,120,216,267,255,334,4,143,215,246,244,152
2021,3,A,골목상권,2111048,천호역 1번(천호문구완구거리),2003,1064,939,9,254,435,468,419,418,5,102,209,259,213,276,4,152,226,209,206,142
2021,3,A,골목상권,2111047,마천1치안센터,1261,723,538,1,123,268,342,314,213,1,61,146,181,168,166,0,62,122,161,146,47
2021,3,A,골목상권,2111046,마천역(마천초등학교),2822,1633,1189,5,296,604,772,740,405,1,151,347,410,407,317,4,145,257,362,333,88
2021,3,A,골목상권,2111045,개미어린이공원,2261,1195,1066,9,291,357,534,692,378,3,183,228,298,294,189,6,108,129,236,398,189
2021,3,A,골목상권,2111044,남천초등학교,1904,989,915,1,188,378,512,520,305,0,84,186,225,248,246,1,104,192,287,272,59
2021,3,A,골목상권,2111043,마천공원,2200,1378,822,9,268,499,540,524,360,8,156,311,303,321,279,1,112,188,237,203,81
2021,3,A,골목상권,2111042,거여역 1번(거여공원),5740,3468,2272,22,960,1303,1427,1224,804,16,539,869,864,669,511,6,421,434,563,555,293
2021,3,A,골목상권,2111041,거여역 8번,2503,1642,861,8,567,621,572,426,309,6,295,430,406,280,225,2,272,191,166,146,84
2021,3,A,골목상권,2111040,거여초등학교,2682,1704,978,10,328,670,682,619,373,9,189,450,435,362,259,1,139,220,247,257,114
2021,3,A,골목상권,2111039,벌말어린이공원,3276,2054,1222,10,363,791,844,785,483,9,205,519,543,462,316,1,158,272,301,323,167
2021,3,A,골목상권,2111038,보인중학교,3272,2119,1153,14,477,818,802,706,455,13,262,543,547,453,301,1,215,275,255,253,154
2021,3,A,골목상권,2111037,Sh수협은행 오금동금융센터(아랫말어린이공원),1946,1126,820,0,210,436,499,533,268,0,120,281,287,264,174,0,90,155,212,269,94
2021,3,A,골목상권,2111036,투구봉어린이공원,3333,2198,1135,17,531,892,840,726,327,13,342,626,575,425,217,4,189,266,265,301,110
2021,3,A,골목상권,2111035,오금공원(오주중학교),2705,1749,956,2,326,570,689,732,386,1,188,386,470,436,268,1,138,184,219,296,118
2021,3,A,골목상권,2111034,오동나무공원(송파레미니스1단지),4106,2722,1384,7,544,891,1006,1075,583,6,316,606,666,667,461,1,228,285,340,408,122
2021,3,A,골목상권,2111033,문정동성당,33212,26336,6876,13,2679,5820,9576,13087,2037,6,1671,4329,7557,11417,1356,7,1008,1491,2019,1670,681
2021,3,A,골목상권,2111032,방이역 1번,23949,17488,6461,28,3095,5765,6032,5516,3513,14,1835,3956,4600,4519,2564,14,1260,1809,1432,997,949
2021,3,A,골목상권,2111031,장지동주민센터(한림연예예술고교),35724,27914,7810,18,3116,6475,10247,13557,2311,8,1911,4740,7990,11684,1581,10,1205,1735,2257,1873,730
2021,3,A,골목상권,2111030,방이역 2번,21156,15625,5531,20,2708,5088,5454,5034,2852,7,1648,3533,4196,4249,1992,13,1060,1555,1258,785,860
2021,3,A,골목상권,2111029,오금역 4번,7833,5273,2560,14,1268,2371,1930,1379,871,8,740,1577,1338,911,699,6,528,794,592,468,172
2021,3,A,골목상권,2111028,문현중학교(장지역 1번),5636,3366,2270,14,804,1250,1392,1311,865,7,422,774,855,701,607,7,382,476,537,610,258
2021,3,A,골목상권,2111027,문정초등학교,39531,30313,9218,23,3409,6840,10716,14172,4371,9,2010,4917,8267,12013,3097,14,1399,1923,2449,2159,1274
2021,3,A,골목상권,2111026,문정역 2번,6153,3880,2273,10,919,1459,1548,1358,859,5,526,971,988,745,645,5,393,488,560,613,214
2021,3,A,골목상권,2111025,경찰병원역 3번,11774,6132,5642,55,1415,2152,2136,2128,3888,25,571,1173,1208,922,2233,30,844,979,928,1206,1655
2021,3,A,골목상권,2111024,경찰병원역 4번(건너말공원),17836,10455,7381,63,2463,3913,3833,3232,4332,31,1098,2309,2548,1846,2623,32,1365,1604,1285,1386,1709
2021,3,A,골목상권,2111023,문정역 1번,4682,2809,1873,8,724,962,1124,1079,785,2,348,579,724,600,556,6,376,383,400,479,229
2021,3,A,골목상권,2111022,석촌중학교(방이육교),11171,7061,4110,23,1357,2490,2437,2244,2620,9,716,1668,1619,1268,1781,14,641,822,818,976,839
2021,3,A,골목상권,2111021,방이역 4번,11935,8619,3316,39,1562,2502,3053,2900,1879,27,822,1638,2262,2278,1592,12,740,864,791,622,287
2021,3,A,골목상권,2111020,방이동고분군(방산고등학교),6318,3723,2595,19,898,1441,1494,1560,906,12,427,835,927,919,603,7,471,606,567,641,303
2021,3,A,골목상권,2111019,한성백제역 3번,17428,9415,8013,47,2799,3938,3794,4086,2764,34,1482,2587,2120,1689,1503,13,1317,1351,1674,2397,1261
2021,3,A,골목상권,2111018,풍납초등학교(풍납백제문화공원),1322,801,521,0,186,299,301,335,201,0,99,158,169,220,155,0,87,141,132,115,46
2021,3,A,골목상권,2111017,송파나루역 3번,7518,4240,3278,22,1335,1443,1570,1943,1205,16,636,929,992,985,682,6,699,514,578,958,523
2021,3,A,골목상권,2111016,송파역 2번,17063,11286,5777,65,2224,3744,4130,3798,3102,46,1099,2434,3059,2519,2129,19,1125,1310,1071,1279,973
2021,3,A,골목상권,2111015,석촌역 3번,12636,8115,4521,27,1865,3083,2891,2543,2227,11,946,2081,1944,1588,1545,16,919,1002,947,955,682
2021,3,A,골목상권,2111014,송파나루역 2번,14245,8390,5855,26,2077,3609,3332,3152,2049,12,1010,2234,2195,1757,1182,14,1067,1375,1137,1395,867
2021,3,A,골목상권,2111013,송파나루역 1번(송리단길),14226,8959,5267,26,2198,4197,3547,2563,1695,8,1070,2666,2388,1628,1199,18,1128,1531,1159,935,496
2021,3,A,골목상권,2111012,석촌역 6번,6180,3598,2582,11,624,1426,1478,1279,1362,5,303,977,873,617,823,6,321,449,605,662,539
2021,3,A,골목상권,2111011,잠실나루역,10263,8174,2089,42,1383,3190,3039,2132,477,18,976,2602,2477,1735,366,24,407,588,562,397,111
2021,3,A,골목상권,2111010,석촌역 7번,7908,5556,2352,11,859,1781,1872,1423,1962,8,472,1253,1268,916,1639,3,387,528,604,507,323
2021,3,A,골목상권,2111009,송파책박물관,2198,1590,608,5,244,436,453,548,512,3,191,328,324,352,392,2,53,108,129,196,120
2021,3,A,골목상권,2111008,석촌고분역 3번,5190,3263,1927,13,640,1032,1256,1260,989,11,345,636,773,761,737,2,295,396,483,499,252
2021,3,A,골목상권,2111007,석촌고분역 4번,6337,4182,2155,12,863,1398,1389,1437,1238,11,532,949,921,882,887,1,331,449,468,555,351
2021,3,A,골목상권,2111006,석촌고분역 1번,17571,11961,5610,44,2435,3821,4234,3746,3291,29,1307,2544,2976,2542,2563,15,1128,1277,1258,1204,728
2021,3,A,골목상권,2111005,삼전역 3번,6038,4006,2032,15,892,1505,1406,1233,987,5,513,1061,958,761,708,10,379,444,448,472,279
2021,3,A,골목상권,2111004,삼전역 1번,18500,12541,5959,63,2605,4069,4548,4156,3059,21,1379,2681,3191,2968,2301,42,1226,1388,1357,1188,758
2021,3,A,골목상권,2111003,삼전역 4번,5935,3890,2045,37,711,1296,1484,1127,1280,2,366,849,960,726,987,35,345,447,524,401,293
2021,3,A,골목상권,2111002,한국교통안전공단 강남자동차검사소,569,334,235,0,41,89,114,175,150,0,16,52,64,100,102,0,25,37,50,75,48
2021,3,A,골목상권,2111001,아래방죽마을공원(율현초등학교),290,157,133,1,14,42,49,102,82,0,8,28,30,53,38,1,6,14,19,49,44
2021,3,A,골목상권,2111000,대왕초등학교(세곡동사거리서남측),294,138,156,6,35,84,93,56,20,3,11,31,49,30,14,3,24,53,44,26,6
2021,3,A,골목상권,2110999,윗방죽마을공원,464,257,207,3,35,80,86,139,121,1,17,50,56,81,52,2,18,30,30,58,69
2021,3,A,골목상권,2110998,은곡마을(은곡마을공원),128,65,63,3,11,41,35,25,13,1,6,18,19,14,7,2,5,23,16,11,6
2021,3,A,골목상권,2110997,대청초등학교,12566,4876,7690,31,3480,3879,2620,1655,901,3,781,1456,1134,859,643,28,2699,2423,1486,796,258
2021,3,A,골목상권,2110996,대치2동주민센터,37900,18079,19821,265,7022,9437,8584,7750,4842,106,3263,5619,4641,2694,1756,159,3759,3818,3943,5056,3086
2021,3,A,골목상권,2110995,봉은사역 4번,80333,61317,19016,154,15900,21348,21569,17001,4361,88,10163,16112,17810,14553,2591,66,5737,5236,3759,2448,1770
2021,3,A,골목상권,2110994,개포고등학교,4640,2964,1676,57,889,1272,1058,857,507,24,514,821,664,537,404,33,375,451,394,320,103
2021,3,A,골목상권,2110993,개포지하차도 북측,493,214,279,3,70,105,147,115,53,0,16,44,60,58,36,3,54,61,87,57,17
2021,3,A,골목상권,2110992,도곡초등학교,12863,6859,6004,63,2365,3393,3003,2467,1572,35,940,1769,1666,1432,1017,28,1425,1624,1337,1035,555
2021,3,A,골목상권,2110991,삼성중앙역 5번,28503,15784,12719,115,5919,9500,6998,3927,2044,37,2281,5361,4631,2309,1165,78,3638,4139,2367,1618,879
2021,3,A,골목상권,2110990,청담역 12번,10376,6980,3396,39,1551,3276,3120,1867,523,23,669,2073,2406,1424,385,16,882,1203,714,443,138
2021,3,A,골목상권,2110989,대치동아우편취급국,29290,17968,11322,140,4768,8716,7970,4868,2828,17,2007,5273,5502,3456,1713,123,2761,3443,2468,1412,1115
2021,3,A,골목상권,2110988,청담역 3번,18899,9206,9693,73,3792,5684,5341,2877,1132,33,1221,2750,2769,1638,795,40,2571,2934,2572,1239,337
2021,3,A,골목상권,2110987,영동대교남단,8320,5539,2781,40,1422,2410,2185,1548,715,19,663,1584,1632,1125,516,21,759,826,553,423,199
2021,3,A,골목상권,2110986,삼성중앙역 7번,27479,17773,9706,52,3973,10061,7904,3716,1773,15,1757,6297,6233,2496,975,37,2216,3764,1671,1220,798
2021,3,A,골목상권,2110985,청담근린공원,13449,8818,4631,66,2379,3877,3557,2503,1067,35,1141,2595,2592,1729,726,31,1238,1282,965,774,341
2021,3,A,골목상권,2110984,포이초등학교(개포목련어린이공원),6964,4388,2576,20,1326,1965,1598,1256,799,13,815,1286,925,757,592,7,511,679,673,499,207
2021,3,A,골목상권,2110983,국립국악고등학교,3835,2457,1378,13,616,955,928,708,615,2,285,601,613,465,491,11,331,354,315,243,124
2021,3,A,골목상권,2110982,강남구보훈회관,6082,3566,2516,14,1266,1604,1400,963,835,6,513,1046,910,527,564,8,753,558,490,436,271
2021,3,A,골목상권,2110981,국악고교사거리,12357,8276,4081,26,1850,3425,3175,2214,1667,9,980,2320,2252,1450,1265,17,870,1105,923,764,402
2021,3,A,골목상권,2110980,개포지구대옆,25161,10281,14880,88,3951,5726,8389,5194,1813,42,1896,3243,2591,1405,1104,46,2055,2483,5798,3789,709
2021,3,A,골목상권,2110979,청담초등학교,18648,9066,9582,39,5067,6996,3688,1966,892,15,1632,3410,2200,1140,669,24,3435,3586,1488,826,223
2021,3,A,골목상권,2110978,도곡2동주민센터(대치중학교),12302,8363,3939,54,2526,3818,2860,1644,1400,37,1355,2740,2264,1161,806,17,1171,1078,596,483,594
2021,3,A,골목상권,2110977,논현로18길,10006,6917,3089,18,1546,3017,2690,1646,1089,7,822,2051,2060,1150,827,11,724,966,630,496,262
2021,3,A,골목상권,2110976,언북초등학교,11065,5295,5770,25,3211,3774,2056,1187,812,5,1083,1821,1178,701,507,20,2128,1953,878,486,305
2021,3,A,골목상권,2110975,매봉역 1번,22408,15346,7062,84,4644,5711,5884,4648,1437,54,2422,3673,4320,3677,1200,30,2222,2038,1564,971,237
2021,3,A,골목상권,2110974,언주중학교,10084,6627,3457,39,2227,3204,2129,1449,1036,25,1044,1971,1619,1140,828,14,1183,1233,510,309,208
2021,3,A,골목상권,2110973,강남구청역 4번,12597,7190,5407,54,2501,3373,2945,2285,1439,18,1044,2008,1846,1330,944,36,1457,1365,1099,955,495
2021,3,A,골목상권,2110972,강남세브란스병원미래의학연구센터,26073,14646,11427,216,7696,7646,5984,3332,1199,73,3194,4587,3952,1945,895,143,4502,3059,2032,1387,304
2021,3,A,골목상권,2110971,선정릉역 4번,73203,35861,37342,185,15399,20094,18092,15247,4186,90,8048,12361,8646,4171,2545,95,7351,7733,9446,11076,1641
2021,3,A,골목상권,2110970,학동초등학교,12139,7385,4754,45,2463,3692,2909,1837,1193,19,1064,2125,1996,1282,899,26,1399,1567,913,555,294
2021,3,A,골목상권,2110969,베르사이유1아파트,53929,36213,17716,90,9575,16368,14864,10164,2868,34,5089,11243,11284,6616,1947,56,4486,5125,3580,3548,921
2021,3,A,골목상권,2110968,강남구청역 2번,17810,11539,6271,53,3230,4729,4471,3306,2021,17,1463,2823,3248,2441,1547,36,1767,1906,1223,865,474
2021,3,A,골목상권,2110967,역삼역 8번,60702,36823,23879,115,10925,17002,16035,14106,2519,65,7128,12381,9947,5650,1652,50,3797,4621,6088,8456,867
2021,3,A,골목상권,2110966,논현2동주민센터,27417,17538,9879,65,4763,7772,7077,5016,2724,17,2089,4522,4968,3771,2171,48,2674,3250,2109,1245,553
2021,3,A,골목상권,2110965,언주역 6번,12536,6978,5558,32,2785,3988,2917,1723,1091,14,1028,2297,1924,985,730,18,1757,1691,993,738,361
2021,3,A,골목상권,2110964,싸리고개근린공원,16691,13249,3442,26,2072,3680,4901,4766,1246,12,1067,2741,4124,4292,1013,14,1005,939,777,474,233
2021,3,A,골목상권,2110963,역삼월드메르디앙아파트,26645,15919,10726,134,6368,7920,6420,3764,2039,38,2482,4698,4514,2587,1600,96,3886,3222,1906,1177,439
2021,3,A,골목상권,2110962,도산공원북측,7684,4139,3545,25,1867,2746,1614,996,436,9,732,1558,1047,545,248,16,1135,1188,567,451,188
2021,3,A,골목상권,2110961,언주역 3번,25850,16840,9010,70,5483,7931,5602,3658,3106,29,2478,5132,4147,2743,2311,41,3005,2799,1455,915,795
2021,3,A,골목상권,2110960,은광여고,25543,18368,7175,56,2951,5943,6854,7171,2568,40,1640,3961,5282,5652,1793,16,1311,1982,1572,1519,775
2021,3,A,골목상권,2110959,신구중학교,12478,6517,5961,139,2815,3808,2504,1783,1429,50,1173,2082,1655,873,684,89,1642,1726,849,910,745
2021,3,A,골목상권,2110958,역삼역 4번,42236,28666,13570,63,7659,13522,11576,6973,2443,22,3663,8770,8848,5673,1690,41,3996,4752,2728,1300,753
2021,3,A,골목상권,2110957,언북중학교,28690,17182,11508,72,5858,8514,6766,4137,3343,15,2276,4756,4609,3001,2525,57,3582,3758,2157,1136,818
2021,3,A,골목상권,2110956,언주역 8번,15614,9542,6072,57,3754,5177,3520,1901,1205,37,1723,3094,2486,1290,912,20,2031,2083,1034,611,293
2021,3,A,골목상권,2110955,논현초등학교,25381,16658,8723,83,5578,7705,5841,3882,2292,48,2817,5039,4258,2826,1670,35,2761,2666,1583,1056,622
2021,3,A,골목상권,2110954,국기원,23196,12840,10356,110,5238,7616,5998,2944,1290,31,1823,3964,3878,2178,966,79,3415,3652,2120,766,324
2021,3,A,골목상권,2110953,학동근린공원,26213,16160,10053,92,6774,8335,5664,3381,1967,28,2991,5202,4071,2370,1498,64,3783,3133,1593,1011,469
2021,3,A,골목상권,2110952,논현목련공원,10637,6885,3752,21,2104,3370,2518,1670,954,15,1135,2250,1740,1096,649,6,969,1120,778,574,305
2021,3,A,골목상권,2110951,신사은행나무공원,12925,7220,5705,52,3507,3777,2858,1670,1061,15,1315,2106,1920,1102,762,37,2192,1671,938,568,299
2021,3,A,골목상권,2110950,논현역 7번,19297,11636,7661,39,4250,6200,4538,2762,1508,17,1787,3758,3112,1836,1126,22,2463,2442,1426,926,382
2021,3,A,골목상권,2110949,한남IC,12160,7678,4482,41,2351,3690,3261,1910,907,23,1063,2371,2209,1313,699,18,1288,1319,1052,597,208
2021,3,A,골목상권,2110948,헌인가구단지,57,27,30,0,5,24,14,11,3,0,4,12,6,2,3,0,1,12,8,9,0
2021,3,A,골목상권,2110947,청계산입구역 2번(내곡동주민센터),326,172,154,0,38,55,98,76,59,0,17,30,68,33,24,0,21,25,30,43,35
2021,3,A,골목상권,2110946,청계산원터골,271,144,127,0,34,50,81,50,56,0,15,29,58,20,22,0,19,21,23,30,34
2021,3,A,골목상권,2110945,본마을노인복지센터(서초구립내곡도서관),383,240,143,3,62,91,87,89,51,3,25,53,59,64,36,0,37,38,28,25,15
2021,3,A,골목상권,2110944,서울나래학교(염곡어린이공원),20185,16768,3417,29,2090,4170,6159,6991,746,22,1509,3356,5018,6304,559,7,581,814,1141,687,187
2021,3,A,골목상권,2110943,법제교육센터(버들어린이공원),7684,4780,2904,20,1200,1903,1957,1484,1120,11,643,1190,1209,900,827,9,557,713,748,584,293
2021,3,A,골목상권,2110942,염곡동 구룡사(포이동성당),32043,24395,7648,74,4187,7325,9070,9280,2107,40,2598,5356,6923,7833,1645,34,1589,1969,2147,1447,462
2021,3,A,골목상권,2110941,언남고등학교,4779,3108,1671,28,739,1265,1190,966,591,17,414,816,783,644,434,11,325,449,407,322,157
2021,3,A,골목상권,2110940,양재근린공원(양재2동주민센터),8689,5762,2927,47,1434,2277,2149,1768,1014,26,766,1507,1483,1202,778,21,668,770,666,566,236
2021,3,A,골목상권,2110939,양재역 8번(양재동우체국),45731,23354,22377,508,9762,11110,12644,8019,3688,246,4819,6778,5503,3276,2732,262,4943,4332,7141,4743,956
2021,3,A,골목상권,2110938,바우뫼공원,11265,6894,4371,329,3630,2824,2266,1433,783,154,1891,1856,1564,870,559,175,1739,968,702,563,224
2021,3,A,골목상권,2110937,방아다리근린공원(횃불트리니티신학대학원대학교),17876,11487,6389,356,5244,5033,3649,2329,1265,166,2714,3411,2635,1557,1004,190,2530,1622,1014,772,261
2021,3,A,골목상권,2110936,더케이호텔(양재리본타워2단지아파트),3869,2981,888,16,803,1160,864,700,326,10,552,922,691,565,241,6,251,238,173,135,85
2021,3,A,골목상권,2110935,한전아트센터,20312,15954,4358,47,3699,7326,4955,3496,789,19,2201,5852,4154,3079,649,28,1498,1474,801,417,140
2021,3,A,골목상권,2110934,우면주공아파트,3248,1908,1340,6,549,981,879,631,202,5,199,529,564,460,151,1,350,452,315,171,51
2021,3,A,골목상권,2110933,한국상담대학원대학교,6457,3774,2683,19,1551,1930,1522,1006,429,6,610,1213,1030,624,291,13,941,717,492,382,138
2021,3,A,골목상권,2110932,서울시인재개발원,6066,3421,2645,20,1419,1827,1388,942,470,6,486,1071,936,597,325,14,933,756,452,345,145
2021,3,A,골목상권,2110931,삼성전자서울R&D(서울우면초등학교),1471,770,701,0,273,440,390,329,39,0,89,178,228,248,27,0,184,262,162,81,12
2021,3,A,골목상권,2110930,서초동성당,40185,22492,17693,64,7459,10413,9292,10954,2003,36,2906,5657,4975,7438,1480,28,4553,4756,4317,3516,523
2021,3,A,골목상권,2110929,남부터미널역 1번,40801,22975,17826,94,8567,10227,8785,10521,2607,29,2961,5530,5108,7404,1943,65,5606,4697,3677,3117,664
2021,3,A,골목상권,2110928,서초우방유쉘아파트,14636,8308,6328,79,2911,3987,3610,2696,1353,42,1209,2357,2220,1538,942,37,1702,1630,1390,1158,411
2021,3,A,골목상권,2110927,잠원역,5195,2975,2220,14,1049,1543,1215,847,527,5,440,957,806,467,300,9,609,586,409,380,227
2021,3,A,골목상권,2110926,신중초등학교,20711,15020,5691,29,2823,6720,5736,3692,1711,13,1488,4871,4651,2834,1163,16,1335,1849,1085,858,548
2021,3,A,골목상권,2110925,서초중학교,9296,5492,3804,52,1961,2662,2169,1374,1078,25,798,1591,1465,898,715,27,1163,1071,704,476,363
2021,3,A,골목상권,2110924,반포4동주민센터(몽마르뜨공원),83099,74961,8138,37,8203,17350,22275,32239,2995,19,6505,14740,20038,31075,2584,18,1698,2610,2237,1164,411
2021,3,A,골목상권,2110923,방배역 1번,8904,5663,3241,101,1440,2646,2283,1421,1013,32,731,1526,1586,1012,776,69,709,1120,697,409,237
2021,3,A,골목상권,2110922,내방역 1번,16882,11227,5655,77,3284,5206,4097,3133,1085,58,1557,3103,3051,2630,828,19,1727,2103,1046,503,257
2021,3,A,골목상권,2110921,서울프랑스학교,83562,76383,7179,44,8142,17368,22255,32750,3003,26,6585,15123,20344,31698,2607,18,1557,2245,1911,1052,396
2021,3,A,골목상권,2110920,방배역 2번(백석예술대학교),9972,5994,3978,105,1806,2901,2264,1609,1287,29,832,1640,1444,1069,980,76,974,1261,820,540,307
2021,3,A,골목상권,2110919,내방역 8번,23026,14891,8135,70,3979,7139,6333,3943,1562,37,1696,4093,4651,3200,1214,33,2283,3046,1682,743,348
2021,3,A,골목상권,2110918,방배역 3번,10816,7193,3623,65,2219,3056,2465,1686,1325,48,1253,2103,1744,1060,985,17,966,953,721,626,340
2021,3,A,골목상권,2110917,서초소방서,12422,9657,2765,29,1384,3372,3553,3049,1035,18,855,2598,2947,2472,767,11,529,774,606,577,268
2021,3,A,골목상권,2110916,내방역 4번,11774,7659,4115,75,2322,3382,2734,1833,1428,62,1295,2295,1844,1148,1015,13,1027,1087,890,685,413
2021,3,A,골목상권,2110915,서래초등학교,94789,82594,12195,60,11017,20797,25059,34620,3236,23,7412,16877,22213,33205,2864,37,3605,3920,2846,1415,372
2021,3,A,골목상권,2110914,내방역 6번,7659,4955,2704,25,1383,2047,1723,1397,1084,13,683,1314,1154,948,843,12,700,733,569,449,241
2021,3,A,골목상권,2110913,방현초등학교(방배119안전센터),13661,7814,5847,27,2260,4039,3860,2228,1247,6,966,2297,2227,1448,870,21,1294,1742,1633,780,377
2021,3,A,골목상권,2110912,방배동사이길,15348,9117,6231,40,3489,4414,3802,2689,914,11,1112,2520,2641,2084,749,29,2377,1894,1161,605,165
2021,3,A,골목상권,2110911,방배배수지체육공원,9356,5053,4303,21,1411,2855,2730,1512,827,7,554,1540,1393,987,572,14,857,1315,1337,525,255
2021,3,A,골목상권,2110910,내방역 5번,8226,4933,3293,29,1467,1910,1854,1558,1408,18,612,1121,1123,986,1073,11,855,789,731,572,335
2021,3,A,골목상권,2110909,남태령역(서울전자고등학교),980,650,330,3,37,95,211,424,210,3,11,56,137,285,158,0,26,39,74,139,52
2021,3,A,골목상권,2110908,구반포역,10206,5558,4648,82,1769,2563,2691,2291,810,77,764,1411,1582,1201,523,5,1005,1152,1109,1090,287
2021,3,A,골목상권,2110907,방배초등학교,9463,5322,4141,34,1449,1969,2194,2016,1801,18,591,1121,1241,1097,1254,16,858,848,953,919,547
2021,3,A,골목상권,2110906,서문여고,12830,5897,6933,22,2398,3237,3851,2269,1053,7,757,1390,1825,1223,695,15,1641,1847,2026,1046,358
2021,3,A,골목상권,2110905,방배노인종합복지관(이수중학교),7088,3248,3840,14,1430,1975,1825,1194,650,2,492,840,856,644,414,12,938,1135,969,550,236
2021,3,A,골목상권,2110904,이수역 5번,8769,3652,5117,28,1705,2258,2104,1550,1124,11,568,901,855,658,659,17,1137,1357,1249,892,465
2021,3,A,골목상권,2110903,방배아이파크아파트,17572,8950,8622,21,2787,4332,4867,3195,2370,8,911,1898,2409,1828,1896,13,1876,2434,2458,1367,474
2021,3,A,골목상권,2110902,사당역 4번,5046,3244,1802,7,832,1231,1323,951,702,5,434,787,876,621,521,2,398,444,447,330,181
2021,3,A,골목상권,2110901,인헌고등학교(인헌중학교),2102,1093,1009,7,323,545,600,405,222,4,150,278,296,187,178,3,173,267,304,218,44
2021,3,A,골목상권,2110900,낙성대역 1번(관악구민 종합체육센터),5205,3133,2072,15,1042,1513,1190,800,645,7,483,957,724,463,499,8,559,556,466,337,146
2021,3,A,골목상권,2110899,낙성대역 5번(관악중학교),4750,3171,1579,19,928,1383,1072,761,587,11,469,968,738,513,472,8,459,415,334,248,115
2021,3,A,골목상권,2110898,청림동주민센터(상도중학교),3450,1948,1502,3,505,1104,1104,537,197,2,228,621,634,318,145,1,277,483,470,219,52
2021,3,A,골목상권,2110897,서울대입구역 8번,3920,2161,1759,18,646,860,915,882,599,10,268,453,509,503,418,8,378,407,406,379,181
2021,3,A,골목상권,2110896,관악우성아파트,799,291,508,4,114,127,193,218,143,3,40,45,67,80,56,1,74,82,126,138,87
2021,3,A,골목상권,2110895,샤로수길,10222,6144,4078,27,1727,3006,2245,2098,1119,14,783,1749,1342,1397,859,13,944,1257,903,701,260
2021,3,A,골목상권,2110894,관악동부센트레빌아파트(은천로35라길),7336,2753,4583,54,1023,1249,1644,2245,1121,30,476,663,753,603,228,24,547,586,891,1642,893
2021,3,A,골목상권,2110893,관악소방서(문영여고),1875,1446,429,2,350,573,417,435,98,1,241,446,313,364,81,1,109,127,104,71,17
2021,3,A,골목상권,2110892,관악구 중앙길,4838,2402,2436,12,705,953,1155,1126,887,7,243,435,562,631,524,5,462,518,593,495,363
2021,3,A,골목상권,2110891,구암초등학교,1510,676,834,1,244,400,465,274,126,0,74,176,222,137,67,1,170,224,243,137,59
2021,3,A,골목상권,2110890,봉천역 1번(관악초등학교),2594,1111,1483,7,502,694,561,417,413,3,119,262,264,217,246,4,383,432,297,200,167
2021,3,A,골목상권,2110889,봉천역 6번,2545,1344,1201,2,320,470,540,632,581,1,129,231,296,373,314,1,191,239,244,259,267
2021,3,A,골목상권,2110888,청룡동주민센터,2099,907,1192,4,408,600,515,327,245,0,86,215,246,182,178,4,322,385,269,145,67
2021,3,A,골목상권,2110887,서울산업정보학교(서울삼성초등학교),1523,976,547,3,160,328,383,455,194,1,58,159,255,349,154,2,102,169,128,106,40
2021,3,A,골목상권,2110886,관악해태어린이공원,1665,1062,603,3,148,265,453,511,285,1,57,128,278,370,228,2,91,137,175,141,57
2021,3,A,골목상권,2110885,영락고등학교,1893,1032,861,8,261,357,479,409,379,2,125,180,245,234,246,6,136,177,234,175,133
2021,3,A,골목상권,2110884,봉천역 4번(봉천110안전센터),4024,1687,2337,16,619,799,866,1104,620,3,163,358,395,397,371,13,456,441,471,707,249
2021,3,A,골목상권,2110883,은천초등학교(은천교앞),3528,1525,2003,18,494,684,812,1011,509,3,133,308,387,360,334,15,361,376,425,651,175
2021,3,A,골목상권,2110882,신성초등학교,3420,2456,964,10,526,699,935,786,464,2,341,512,686,592,323,8,185,187,249,194,141
2021,3,A,골목상권,2110881,구립대학경로당(관악산샘말공원),3797,2632,1165,10,521,941,1074,882,369,3,294,607,786,658,284,7,227,334,288,224,85
2021,3,A,골목상권,2110880,신림역 1번,2278,911,1367,4,518,556,461,452,287,1,128,213,230,166,173,3,390,343,231,286,114
2021,3,A,골목상권,2110879,신림현대아파트,1503,793,710,7,249,266,356,320,305,1,112,137,184,178,181,6,137,129,172,142,124
2021,3,A,골목상권,2110878,미림여고,760,404,356,6,82,201,203,172,96,1,25,95,123,91,69,5,57,106,80,81,27
2021,3,A,골목상권,2110877,신림역 8번,3894,1878,2016,7,700,826,840,835,686,3,217,354,438,393,473,4,483,472,402,442,213
2021,3,A,골목상권,2110876,서원동주민센터(신관중학교),2115,996,1119,9,238,350,386,523,609,1,98,176,204,211,306,8,140,174,182,312,303
2021,3,A,골목상권,2110875,보라매동주민센터(당곡고등학교),1363,723,640,3,157,282,311,338,272,1,67,137,153,175,190,2,90,145,158,163,82
2021,3,A,골목상권,2110874,원신초등학교(구세군관악영문교회),1118,557,561,8,124,254,308,281,143,2,31,106,166,149,103,6,93,148,142,132,40
2021,3,A,골목상권,2110873,당곡중학교,3337,1850,1487,9,500,680,793,702,653,5,233,361,440,359,452,4,267,319,353,343,201
2021,3,A,골목상권,2110872,신림초등학교,930,502,428,5,122,218,227,219,139,3,61,122,131,115,70,2,61,96,96,104,69
2021,3,A,골목상권,2110871,신원동주민센터,1612,855,757,5,156,282,321,377,471,0,73,153,184,186,259,5,83,129,137,191,212
2021,3,A,골목상권,2110870,신림주공2단지(광신고등학교),1141,670,471,2,115,187,305,328,204,0,57,100,158,196,159,2,58,87,147,132,45
2021,3,A,골목상권,2110869,"신림역 5번(신림동주민센터, 신림동별빛거리)",4076,2363,1713,5,448,899,1044,811,869,3,183,488,584,482,623,2,265,411,460,329,246
2021,3,A,골목상권,2110868,남부초등학교,2177,1250,927,6,230,384,451,528,578,2,123,247,247,289,342,4,107,137,204,239,236
2021,3,A,골목상권,2110867,국제신학대학원대학교(남서울중학교),2153,1276,877,6,202,394,446,534,571,1,116,254,260,305,340,5,86,140,186,229,231
2021,3,A,골목상권,2110866,난우중학교,1349,680,669,0,156,268,351,372,202,0,54,119,161,198,148,0,102,149,190,174,54
2021,3,A,골목상권,2110865,남강고등학교(남강중학교),1484,757,727,10,165,277,355,427,250,7,75,151,179,198,147,3,90,126,176,229,103
2021,3,A,골목상권,2110864,신림우방아파트,3375,2463,912,2,520,914,1049,663,227,2,254,676,843,528,160,0,266,238,206,135,67
2021,3,A,골목상권,2110863,난우초등학교,1442,710,732,21,172,297,310,390,252,16,69,135,139,194,157,5,103,162,171,196,95
2021,3,A,골목상권,2110862,난곡초등학교(난곡동벽화마을),1010,522,488,6,119,185,246,257,197,4,51,89,116,122,140,2,68,96,130,135,57
2021,3,A,골목상권,2110861,관악구신사동주민센터,5342,3589,1753,7,791,1451,1510,1080,503,5,372,999,1127,747,339,2,419,452,383,333,164
2021,3,A,골목상권,2110860,호림박물관(성보고등학교),2271,1322,949,6,331,597,540,529,268,2,143,327,328,314,208,4,188,270,212,215,60
2021,3,A,골목상권,2110859,난향초등학교,670,335,335,1,62,132,182,148,145,0,6,55,76,79,119,1,56,77,106,69,26
2021,3,A,골목상권,2110858,신대방역 1번,2937,2211,726,0,458,834,956,538,151,0,224,640,808,434,105,0,234,194,148,104,46
2021,3,A,골목상권,2110857,미성동주민센터,1420,669,751,18,192,290,315,355,250,13,86,141,143,141,145,5,106,149,172,214,105
2021,3,A,골목상권,2110856,미성초등학교,5509,3786,1723,18,482,944,1029,1026,2010,13,244,557,635,596,1741,5,238,387,394,430,269
2021,3,A,골목상권,2110855,신대방역 2번,7238,5206,2032,7,1079,1599,1673,1188,1692,3,461,1082,1234,877,1549,4,618,517,439,311,143
2021,3,A,골목상권,2110854,조원동주민센터,4035,2937,1098,4,549,688,667,631,1496,2,252,444,407,434,1398,2,297,244,260,197,98
2021,3,A,골목상권,2110853,KT구로지사,3290,1991,1299,8,459,914,780,685,444,0,205,548,483,423,332,8,254,366,297,262,112
2021,3,A,골목상권,2110852,이수역 9번,3811,1920,1891,8,745,927,993,751,387,1,218,418,515,476,292,7,527,509,478,275,95
2021,3,A,골목상권,2110851,경문고등학교(동작동성당),4456,2067,2389,17,740,1150,1184,943,422,8,269,580,679,373,158,9,471,570,505,570,264
2021,3,A,골목상권,2110850,사당역 10번,10320,5639,4681,18,1880,2576,2671,1839,1336,7,705,1317,1483,1154,973,11,1175,1259,1188,685,363
2021,3,A,골목상권,2110849,이수역 10번,3768,1745,2023,10,433,701,854,817,953,3,153,309,390,345,545,7,280,392,464,472,408
2021,3,A,골목상권,2110848,양지어린이공원,3256,1724,1532,6,441,566,741,634,868,2,119,275,356,341,631,4,322,291,385,293,237
2021,3,A,골목상권,2110847,예술인마을,2530,1528,1002,4,338,589,673,515,411,3,154,331,385,307,348,1,184,258,288,208,63
2021,3,A,골목상권,2110846,남성역 1번,3630,1865,1765,7,330,623,941,836,893,4,126,281,402,423,629,3,204,342,539,413,264
2021,3,A,골목상권,2110845,사당종합체육관,2397,1431,966,1,354,627,650,552,213,0,148,356,441,330,156,1,206,271,209,222,57
2021,3,A,골목상권,2110844,흑석2치안센터,241,126,115,1,35,73,58,42,32,1,19,32,33,17,24,0,16,41,25,25,8
2021,3,A,골목상권,2110843,사당5동주민센터,1194,583,611,1,98,212,342,336,205,0,37,73,143,177,153,1,61,139,199,159,52
2021,3,A,골목상권,2110842,흑리단길,556,270,286,1,66,101,146,139,103,0,20,42,66,74,68,1,46,59,80,65,35
2021,3,A,골목상권,2110841,중대부중,674,354,320,1,103,154,161,163,92,0,51,94,81,73,55,1,52,60,80,90,37
2021,3,A,골목상권,2110840,중앙대학교,882,502,380,1,124,191,228,200,138,0,56,112,135,111,88,1,68,79,93,89,50
2021,3,A,골목상권,2110839,숭실대입구역 4번,3697,2231,1466,2,394,1053,1227,711,310,1,181,582,728,474,265,1,213,471,499,237,45
2021,3,A,골목상권,2110838,상도1동주민센터앞,1392,870,522,1,93,249,390,421,238,0,42,120,242,271,195,1,51,129,148,150,43
2021,3,A,골목상권,2110837,숭실대입구역 1번,8221,3493,4728,54,1030,1379,1902,2545,1311,29,523,747,944,810,440,25,507,632,958,1735,871
2021,3,A,골목상권,2110836,상도역 5번,5025,2807,2218,14,875,1350,1197,1030,559,3,367,761,710,615,351,11,508,589,487,415,208
2021,3,A,골목상권,2110835,상도역 1번,2038,1023,1015,7,367,582,498,390,194,2,128,317,279,178,119,5,239,265,219,212,75
2021,3,A,골목상권,2110834,동작구자원봉사센터,3162,1812,1350,14,353,723,846,740,486,11,174,415,515,413,284,3,179,308,331,327,202
2021,3,A,골목상권,2110833,상도역 2번,1715,864,851,7,261,455,433,361,198,2,97,247,248,166,104,5,164,208,185,195,94
2021,3,A,골목상권,2110832,노량진초등학교,5002,2714,2288,10,799,1411,1191,1071,520,2,412,703,650,640,307,8,387,708,541,431,213
2021,3,A,골목상권,2110831,상도4동주민센터,2239,1368,871,3,307,506,509,590,324,2,153,295,324,435,159,1,154,211,185,155,165
2021,3,A,골목상권,2110830,상도초등학교,1330,625,705,0,226,298,336,312,158,0,96,129,138,163,99,0,130,169,198,149,59
2021,3,A,골목상권,2110829,장승배기역 5번,2349,1304,1045,2,395,511,541,549,351,1,260,279,263,290,211,1,135,232,278,259,140
2021,3,A,골목상권,2110828,노량진역 6번,8869,5087,3782,23,1227,2717,2373,1773,756,5,584,1515,1420,1093,470,18,643,1202,953,680,286
2021,3,A,골목상권,2110827,NH농협은행 상도동지점,1462,630,832,2,132,273,365,370,320,1,43,127,154,151,154,1,89,146,211,219,166
2021,3,A,골목상권,2110826,장승배기역 4번,2029,905,1124,3,266,455,516,421,368,1,108,218,207,182,189,2,158,237,309,239,179
2021,3,A,골목상권,2110825,신대방삼거리역 1번,2536,1465,1071,4,276,526,686,635,409,2,138,298,391,351,285,2,138,228,295,284,124
2021,3,A,골목상권,2110824,대방역 3번,3761,1903,1858,11,679,1005,971,680,415,4,247,541,503,341,267,7,432,464,468,339,148
2021,3,A,골목상권,2110823,신대방삼거리역 3번,19702,12375,7327,54,3771,3849,3316,4703,4009,29,2894,3042,2093,2221,2096,25,877,807,1223,2482,1913
2021,3,A,골목상권,2110822,신대방삼거리역 4번(대림초등학교),21761,14425,7336,49,4293,4465,3481,5406,4067,25,3222,3610,2369,3027,2172,24,1071,855,1112,2379,1895
2021,3,A,골목상권,2110821,보라매역 2번,20232,12822,7410,53,3814,3970,3335,4772,4288,28,2871,3169,2141,2333,2280,25,943,801,1194,2439,2008
2021,3,A,골목상권,2110820,성남고등학교,5261,3799,1462,6,897,1096,1024,1672,566,4,555,782,724,1306,428,2,342,314,300,366,138
2021,3,A,골목상권,2110819,신대방역 4번,8413,4800,3613,22,1758,2323,2095,1432,783,15,703,1397,1279,875,531,7,1055,926,816,557,252
2021,3,A,골목상권,2110818,신대방역 3번,3077,1741,1336,5,647,827,709,528,361,3,245,488,428,333,244,2,402,339,281,195,117
2021,3,A,골목상권,2110817,대방역 4번,4185,2172,2013,10,770,1046,1050,736,573,4,304,573,566,365,360,6,466,473,484,371,213
2021,3,A,골목상권,2110816,대방역 6번,3962,2050,1912,10,759,1006,1000,663,524,4,298,549,535,333,331,6,461,457,465,330,193
2021,3,A,골목상권,2110815,공군호텔,4714,2349,2365,7,784,1077,1138,980,728,1,277,561,601,456,453,6,507,516,537,524,275
2021,3,A,골목상권,2110814,서울지방병무청,7603,4784,2819,9,1346,1680,1544,2153,871,3,693,1084,953,1469,582,6,653,596,591,684,289
2021,3,A,골목상권,2110813,보라매역 6번,6876,4830,2046,11,1220,1596,1384,1792,873,6,699,1147,989,1373,616,5,521,449,395,419,257
2021,3,A,골목상권,2110812,신길6동주민센터,4624,2863,1761,10,727,1148,1135,989,615,4,315,738,735,653,418,6,412,410,400,336,197
2021,3,A,골목상권,2110811,보라매역 4번,2766,1733,1033,6,446,755,710,512,337,4,184,499,472,333,241,2,262,256,238,179,96
2021,3,A,골목상권,2110810,영신초등학교,3517,1894,1623,3,458,736,791,799,730,0,206,397,450,391,450,3,252,339,341,408,280
2021,3,A,골목상권,2110809,장훈고등학교,1606,910,696,1,204,371,337,337,356,0,98,181,189,193,249,1,106,190,148,144,107
2021,3,A,골목상권,2110808,신길역 1번,1592,740,852,5,182,313,417,413,262,2,80,156,192,166,144,3,102,157,225,247,118
2021,3,A,골목상권,2110807,신길역 3번,1638,807,831,11,174,333,401,411,308,8,82,179,196,176,166,3,92,154,205,235,142
2021,3,A,골목상권,2110806,서울시립영등포장애인복지관,2387,1673,714,16,364,520,569,547,371,8,193,343,417,410,302,8,171,177,152,137,69
2021,3,A,골목상권,2110805,신길새마을금고신길4동지점,1216,700,516,1,199,271,315,295,135,0,101,161,180,161,97,1,98,110,135,134,38
2021,3,A,골목상권,2110804,신풍역 1번,2372,1166,1206,3,272,549,698,504,346,2,123,257,287,245,252,1,149,292,411,259,94
2021,3,A,골목상권,2110803,신길2동우편취급국,2509,1438,1071,6,234,521,553,547,648,3,108,251,286,304,486,3,126,270,267,243,162
2021,3,A,골목상권,2110802,신길동홍어거리,1971,1091,880,2,192,411,401,426,539,0,72,183,199,241,396,2,120,228,202,185,143
2021,3,A,골목상권,2110801,신풍역 6번(신길6동공영주차장),301,115,186,1,34,45,73,79,69,0,1,15,27,34,38,1,33,30,46,45,31
2021,3,A,골목상권,2110800,영등포동성당,5362,2916,2446,19,1329,1256,1139,983,636,8,431,652,702,637,486,11,898,604,437,346,150
2021,3,A,골목상권,2110799,영등포본동주민센터,3983,2135,1848,33,649,947,932,981,441,14,258,423,511,605,324,19,391,524,421,376,117
2021,3,A,골목상권,2110798,신풍역 2번,2122,1241,881,11,207,502,639,459,304,7,108,296,321,278,231,4,99,206,318,181,73
2021,3,A,골목상권,2110797,KT대방빌딩,3144,1496,1648,9,820,808,770,523,214,6,240,402,374,312,162,3,580,406,396,211,52
2021,3,A,골목상권,2110796,한림대학교한강성심병원,5632,3268,2364,8,1305,1322,1284,1015,698,0,411,703,861,726,567,8,894,619,423,289,131
2021,3,A,골목상권,2110795,도림초등학교,1828,1023,805,5,184,344,440,434,421,3,71,175,248,241,285,2,113,169,192,193,136
2021,3,A,골목상권,2110794,영동초등학교,8718,5133,3585,8,1743,2212,2176,1709,870,4,679,1371,1441,1029,609,4,1064,841,735,680,261
2021,3,A,골목상권,2110793,대림썬프라자,2818,1319,1499,8,768,694,688,474,186,5,217,345,325,283,144,3,551,349,363,191,42
2021,3,A,골목상권,2110792,영등포역 2번,5923,3190,2733,47,860,1497,1434,1376,709,16,347,682,787,863,495,31,513,815,647,513,214
2021,3,A,골목상권,2110791,신풍역 3번,1383,586,797,2,125,278,433,323,222,1,61,103,121,135,165,1,64,175,312,188,57
2021,3,A,골목상권,2110790,대림1동주민센터,2429,1435,994,10,228,503,715,574,399,6,126,305,368,341,289,4,102,198,347,233,110
2021,3,A,골목상권,2110789,대림성모병원,4450,2148,2302,2,1231,1263,925,658,371,2,390,671,514,343,228,0,841,592,411,315,143
2021,3,A,골목상권,2110788,영등포시장역 3번,1667,1051,616,4,180,309,409,385,380,2,99,204,272,245,229,2,81,105,137,140,151
2021,3,A,골목상권,2110787,신길3동주민센터,1222,699,523,4,115,241,343,317,202,4,48,124,193,184,146,0,67,117,150,133,56
2021,3,A,골목상권,2110786,당산역 8번,7825,5499,2326,20,1077,1908,2064,1786,970,6,520,1259,1536,1421,757,14,557,649,528,365,213
2021,3,A,골목상권,2110785,영등포푸르지오아파트,2451,1619,832,9,260,554,675,578,375,6,121,360,452,397,283,3,139,194,223,181,92
2021,3,A,골목상권,2110784,신대림초등학교,1107,505,602,0,169,239,283,265,151,0,37,90,140,139,99,0,132,149,143,126,52
2021,3,A,골목상권,2110783,영등포시장역 1번,4972,3155,1817,7,670,1173,1173,1290,659,4,428,837,769,737,380,3,242,336,404,553,279
2021,3,A,골목상권,2110782,영등포시장역 4번,2465,1324,1141,11,360,533,568,540,453,3,132,283,346,306,254,8,228,250,222,234,199
2021,3,A,골목상권,2110781,대림한신아파트,2334,1304,1030,3,330,410,531,592,468,0,115,225,289,336,339,3,215,185,242,256,129
2021,3,A,골목상권,2110780,신길대성유니드아파트,1455,969,486,1,140,290,376,383,265,1,90,176,235,250,217,0,50,114,141,133,48
2021,3,A,골목상권,2110779,대림갑을명가아파트,1069,666,403,1,100,175,270,315,208,0,50,111,168,188,149,1,50,64,102,127,59
2021,3,A,골목상권,2110778,구로디지털단지역 4번,17970,10395,7575,62,3849,6187,4533,2071,1268,25,1650,3691,2861,1304,864,37,2199,2496,1672,767,404
2021,3,A,골목상권,2110777,구로세무서,8769,5040,3729,42,1718,2576,2320,1425,688,12,658,1412,1465,941,552,30,1060,1164,855,484,136
2021,3,A,골목상권,2110776,도신초등학교,4733,3293,1440,15,581,1138,1372,1021,606,5,303,810,1017,693,465,10,278,328,355,328,141
2021,3,A,골목상권,2110775,대동초등학교,2459,1332,1127,3,269,325,473,553,836,2,89,164,242,302,533,1,180,161,231,251,303
2021,3,A,골목상권,2110774,당산반도유보라팰리스아파트,8457,4962,3495,26,1814,2431,1605,1556,1025,16,821,1362,1009,1027,727,10,993,1069,596,529,298
2021,3,A,골목상권,2110773,당산역 13번,2905,1950,955,5,412,582,610,614,682,2,235,382,388,415,528,3,177,200,222,199,154
2021,3,A,골목상권,2110772,신우어린이공원,2997,2132,865,12,429,826,887,541,302,4,220,608,699,381,220,8,209,218,188,160,82
2021,3,A,골목상권,2110771,대림역 11번,2948,1669,1279,6,319,411,591,693,928,2,109,223,321,410,604,4,210,188,270,283,324
2021,3,A,골목상권,2110770,영등포구청역 6번,4260,2620,1640,11,498,892,1114,882,863,8,216,483,672,580,661,3,282,409,442,302,202
2021,3,A,골목상권,2110769,대림차이나타운(대림역 12번),2722,1534,1188,6,326,457,574,598,761,4,134,255,332,345,464,2,192,202,242,253,297
2021,3,A,골목상권,2110768,도림2동유수지내체육시설,2354,1370,984,12,303,517,598,503,421,8,98,264,326,358,316,4,205,253,272,145,105
2021,3,A,골목상권,2110767,도림동주민센터,3182,1885,1297,15,390,687,802,650,638,9,145,362,448,425,496,6,245,325,354,225,142
2021,3,A,골목상권,2110766,대림역 5번,11181,7292,3889,23,1207,2226,2566,2591,2568,10,630,1648,1904,1582,1518,13,577,578,662,1009,1050
2021,3,A,골목상권,2110765,문래동사거리,7830,4633,3197,26,1429,2100,2107,1368,800,12,580,1203,1318,865,655,14,849,897,789,503,145
2021,3,A,골목상권,2110764,문래역 3번,4607,2577,2030,6,1067,1049,1088,744,653,3,348,575,673,486,492,3,719,474,415,258,161
2021,3,A,골목상권,2110763,영등포구청역 2번,8695,4343,4352,23,1697,2301,1702,1681,1291,12,718,1211,954,756,692,11,979,1090,748,925,599
2021,3,A,골목상권,2110762,선유도역 1번,13668,7921,5747,38,2474,3715,3705,2298,1438,14,1069,2259,2141,1374,1064,24,1405,1456,1564,924,374
2021,3,A,골목상권,2110761,문래동남성맨션,2530,1610,920,7,264,524,672,539,524,2,128,308,394,353,425,5,136,216,278,186,99
2021,3,A,골목상권,2110760,선유도역 6번,12817,7184,5633,36,2497,3665,3582,1995,1042,13,1072,2185,2010,1151,753,23,1425,1480,1572,844,289
2021,3,A,골목상권,2110759,문래예술촌(문래창작촌),66557,51492,15065,62,8833,22832,21900,9809,3121,32,5445,17498,18835,7910,1772,30,3388,5334,3065,1899,1349
2021,3,A,골목상권,2110758,문래소공원,15574,8153,7421,106,3451,3930,3390,3353,1344,31,1573,2867,1720,962,1000,75,1878,1063,1670,2391,344
2021,3,A,골목상권,2110757,양평역 2번,5127,3795,1332,16,638,1290,1232,1011,940,8,379,981,930,735,762,8,259,309,302,276,178
2021,3,A,골목상권,2110756,문래중학교,2728,1912,816,3,291,594,707,629,504,0,153,434,496,443,386,3,138,160,211,186,118
2021,3,A,골목상권,2110755,동일여자고등학교,2135,1066,1069,22,282,514,513,476,328,16,133,279,259,198,181,6,149,235,254,278,147
2021,3,A,골목상권,2110754,삼성산자연공원(서울금천초등학교),2472,1302,1170,24,320,567,623,566,372,17,150,318,341,253,223,7,170,249,282,313,149
2021,3,A,골목상권,2110753,시흥동 은행나무사거리,2070,1119,951,8,216,426,499,538,383,7,110,244,247,282,229,1,106,182,252,256,154
2021,3,A,골목상권,2110752,한울중학교,2508,1442,1066,13,371,511,631,654,328,10,227,286,332,344,243,3,144,225,299,310,85
2021,3,A,골목상권,2110751,난곡중학교,5213,3717,1496,5,380,874,998,1011,1945,4,227,511,612,622,1741,1,153,363,386,389,204
2021,3,A,골목상권,2110750,시흥4동주민센터(서울신흥초등학교),1282,735,547,10,177,238,364,328,165,8,95,148,212,156,116,2,82,90,152,172,49
2021,3,A,골목상권,2110749,금산초등학교(금천고등학교),7948,4687,3261,13,583,1162,1851,2068,2271,4,304,743,1058,1128,1450,9,279,419,793,940,821
2021,3,A,골목상권,2110748,백산초등학교,1856,1127,729,1,232,353,454,484,332,1,140,225,265,265,231,0,92,128,189,219,101
2021,3,A,골목상권,2110747,석수역 1번 출입구,1141,853,288,4,75,146,253,309,354,4,50,104,169,220,306,0,25,42,84,89,48
2021,3,A,골목상권,2110746,금천금빛공원(은행나무사거리서측),1310,613,697,2,128,213,354,362,251,1,50,94,162,172,134,1,78,119,192,190,117
2021,3,A,골목상권,2110745,독산동정훈단지,1707,938,769,1,199,309,343,477,378,0,110,127,144,259,298,1,89,182,199,218,80
2021,3,A,골목상권,2110744,독산동성당,2416,1405,1011,3,254,397,504,647,611,2,147,225,267,354,410,1,107,172,237,293,201
2021,3,A,골목상권,2110743,시흥초등학교(시흥1동우체국),2406,1098,1308,8,357,447,616,620,358,6,148,209,284,249,202,2,209,238,332,371,156
2021,3,A,골목상권,2110742,KT금천빌딩(금천구시설관리공단),6015,3720,2295,11,452,843,1212,1435,2062,3,293,570,765,848,1241,8,159,273,447,587,821
2021,3,A,골목상권,2110741,독산2동주민센터,2240,1186,1054,4,289,450,522,614,361,2,144,230,254,308,248,2,145,220,268,306,113
2021,3,A,골목상권,2110740,금천해태공원,3416,1807,1609,19,676,847,769,717,388,14,314,474,387,335,283,5,362,373,382,382,105
2021,3,A,골목상권,2110739,시흥3동 우편취급국,6352,3608,2744,12,450,863,1467,1666,1894,3,234,571,836,841,1123,9,216,292,631,825,771
2021,3,A,골목상권,2110738,문성초등학교,2977,1790,1187,13,415,599,717,708,525,4,242,374,447,400,323,9,173,225,270,308,202
2021,3,A,골목상권,2110737,금천세무서,2285,1396,889,11,291,455,570,573,385,2,149,254,326,364,301,9,142,201,244,209,84
2021,3,A,골목상권,2110736,독산119안전센터,3398,2048,1350,7,368,585,749,938,751,2,210,356,449,533,498,5,158,229,300,405,253
2021,3,A,골목상권,2110735,말미고개,3342,1951,1391,9,413,671,745,902,602,5,210,391,419,491,435,4,203,280,326,411,167
2021,3,A,골목상권,2110734,금천파출소,2086,924,1162,8,492,580,438,382,186,3,209,294,191,141,86,5,283,286,247,241,100
2021,3,A,골목상권,2110733,금천어울림복지센터,3444,1825,1619,7,384,863,854,918,418,7,139,357,436,581,305,0,245,506,418,337,113
2021,3,A,골목상권,2110732,가산초등학교(세일중학교),3569,2253,1316,15,480,731,846,865,632,5,267,437,485,565,494,10,213,294,361,300,138
2021,3,A,골목상권,2110731,금천구청역 1번 출입구,4713,2376,2337,15,717,1254,1089,1102,536,10,295,567,515,637,352,5,422,687,574,465,184
2021,3,A,골목상권,2110730,서울축산농협 독산역지점(독산파출소),8706,5284,3422,16,575,977,1154,1734,4250,13,301,608,665,989,2708,3,274,369,489,745,1542
2021,3,A,골목상권,2110729,가산동우체국,7733,4618,3115,35,1115,1778,1866,1386,1553,23,591,1099,1184,849,872,12,524,679,682,537,681
2021,3,A,골목상권,2110728,두산초등학교,18360,12147,6213,48,2128,4025,3814,3397,4948,34,1169,2673,2717,2302,3252,14,959,1352,1097,1095,1696
2021,3,A,골목상권,2110727,독산역 1번 출입구,17476,11439,6037,47,2095,3867,3580,3098,4789,35,1158,2571,2539,2068,3068,12,937,1296,1041,1030,1721
2021,3,A,골목상권,2110726,금천철쭉어린이공원(금하마을),1309,861,448,13,192,244,273,324,263,11,121,165,185,179,200,2,71,79,88,145,63
2021,3,A,골목상권,2110725,가산동주민센터,17959,10649,7310,54,3657,5220,4231,2774,2023,36,1832,3225,2688,1581,1287,18,1825,1995,1543,1193,736
2021,3,A,골목상권,2110724,금천구립가산도서관,16529,10406,6123,48,2688,4775,4093,3007,1918,31,1461,3038,2801,1938,1137,17,1227,1737,1292,1069,781
2021,3,A,골목상권,2110723,가산디지털단지역 1번 출입구,30711,20313,10398,125,6526,9665,7684,4343,2368,83,3343,6435,5555,3044,1853,42,3183,3230,2129,1299,515
2021,3,A,골목상권,2110722,G타워,30854,19064,11790,91,6081,10458,8099,3836,2289,44,2876,6665,5338,2458,1683,47,3205,3793,2761,1378,606
2021,3,A,골목상권,2110721,가리봉파출소,16201,10773,5428,61,3049,5067,4125,2440,1459,38,1654,3498,2950,1549,1084,23,1395,1569,1175,891,375
2021,3,A,골목상권,2110720,대림역 2번,3054,2008,1046,3,284,548,746,896,577,2,135,315,486,651,419,1,149,233,260,245,158
2021,3,A,골목상권,2110719,영서중학교,16106,11484,4622,81,3373,5212,3875,2184,1381,58,1839,3643,3031,1716,1197,23,1534,1569,844,468,184
2021,3,A,골목상권,2110718,한국SGI본부,11273,7495,3778,38,1568,2695,2863,2448,1661,30,912,1907,2037,1549,1060,8,656,788,826,899,601
2021,3,A,골목상권,2110717,남구로역 2번,32359,21997,10362,139,6433,10200,7892,4583,3112,93,3413,6993,5797,3191,2510,46,3020,3207,2095,1392,602
2021,3,A,골목상권,2110716,구로나눔길,5187,2873,2314,7,627,1401,1218,1332,602,3,283,752,655,825,355,4,344,649,563,507,247
2021,3,A,골목상권,2110715,구로구민회관,9631,5743,3888,10,1097,2247,2356,2343,1578,7,543,1415,1484,1362,932,3,554,832,872,981,646
2021,3,A,골목상권,2110714,구로4동주민센터,6726,4005,2721,16,736,1595,1535,1881,963,10,334,852,897,1259,653,6,402,743,638,622,310
2021,3,A,골목상권,2110713,구로보건소,8744,5422,3322,19,1294,2210,2371,1815,1035,12,670,1411,1510,1110,709,7,624,799,861,705,326
2021,3,A,골목상권,2110712,남구로역 5번,1744,993,751,8,222,353,399,367,395,5,113,205,206,195,269,3,109,148,193,172,126
2021,3,A,골목상권,2110711,구로초등학교,6650,3489,3161,18,1043,1686,1509,1570,824,6,423,836,776,935,513,12,620,850,733,635,311
2021,3,A,골목상권,2110710,남구로역 3번,23954,15662,8292,83,4830,7403,5886,3524,2228,55,2475,4912,4114,2389,1717,28,2355,2491,1772,1135,511
2021,3,A,골목상권,2110709,구로119안전센터,1617,786,831,4,193,275,354,466,325,2,81,147,192,183,181,2,112,128,162,283,144
2021,3,A,골목상권,2110708,화원어린이공원,2555,1302,1253,12,557,671,568,393,354,4,188,310,307,231,262,8,369,361,261,162,92
2021,3,A,골목상권,2110707,구로창업지원센터,7830,5732,2098,13,782,2138,2103,1720,1074,10,450,1587,1593,1259,833,3,332,551,510,461,241
2021,3,A,골목상권,2110706,그라운드 고척,3644,2363,1281,2,400,761,863,902,716,2,204,446,507,589,615,0,196,315,356,313,101
2021,3,A,골목상권,2110705,고산초등학교,3225,2124,1101,3,369,685,744,785,639,2,191,401,432,537,561,1,178,284,312,248,78
2021,3,A,골목상권,2110704,고척중학교,4524,2700,1824,4,515,986,1072,1090,857,3,263,536,545,647,706,1,252,450,527,443,151
2021,3,A,골목상권,2110703,개봉역,9690,5377,4313,42,1449,2320,2204,2355,1320,22,833,1480,1106,1120,816,20,616,840,1098,1235,504
2021,3,A,골목상권,2110702,개봉초등학교,1617,846,771,1,165,337,431,400,283,1,75,158,210,220,182,0,90,179,221,180,101
2021,3,A,골목상권,2110701,고척동성당,5140,3853,1287,8,508,1129,1442,1653,400,2,289,824,1107,1322,309,6,219,305,335,331,91
2021,3,A,골목상권,2110700,고척초등학교,6601,4680,1921,11,615,1436,1850,2027,662,8,337,1015,1342,1521,457,3,278,421,508,506,205
2021,3,A,골목상권,2110699,덕의초등학교,2600,1666,934,9,324,610,655,684,318,7,201,404,412,402,240,2,123,206,243,282,78
2021,3,A,골목상권,2110698,개웅초등학교(개웅중학교),2910,1311,1599,8,427,527,747,807,394,6,221,286,281,277,240,2,206,241,466,530,154
2021,3,A,골목상권,2110697,개봉3동주민센터,1428,921,507,1,203,343,360,295,226,1,94,230,241,189,166,0,109,113,119,106,60
2021,3,A,골목상권,2110696,오류동역 1번,4076,2551,1525,35,946,1200,792,628,475,18,525,831,467,354,356,17,421,369,325,274,119
2021,3,A,골목상권,2110695,개봉1동주민센터,2553,1495,1058,8,234,615,670,616,410,7,123,360,373,358,274,1,111,255,297,258,136
2021,3,A,골목상권,2110694,세곡초등학교,2298,1341,957,2,220,480,607,605,384,0,116,267,319,344,295,2,104,213,288,261,89
2021,3,A,골목상권,2110693,오류동역 4번,2869,1936,933,4,380,544,701,802,438,3,304,369,458,494,308,1,76,175,243,308,130
2021,3,A,골목상권,2110692,큰굴다리,3501,2336,1165,5,490,701,888,977,440,4,368,470,568,604,322,1,122,231,320,373,118
2021,3,A,골목상권,2110691,개봉중학교,2257,1344,913,6,255,488,536,603,369,1,144,293,301,330,275,5,111,195,235,273,94
2021,3,A,골목상권,2110690,오류2동버들시장,4817,3106,1711,4,590,1020,1245,1208,750,1,375,616,761,791,562,3,215,404,484,417,188
2021,3,A,골목상권,2110689,오류동역 3번,4967,3126,1841,15,602,944,1206,1425,775,8,423,612,737,822,524,7,179,332,469,603,251
2021,3,A,골목상권,2110688,오류지구대,2024,1180,844,6,171,361,499,605,382,5,78,189,275,344,289,1,93,172,224,261,93
2021,3,A,골목상권,2110687,"천왕역 3번(오류2동주민센터, 서울오류남초등학교)",981,590,391,3,93,218,282,256,129,1,38,109,165,171,106,2,55,109,117,85,23
2021,3,A,골목상권,2110686,수궁동주민센터,2464,1418,1046,9,230,424,607,718,476,7,102,232,349,412,316,2,128,192,258,306,160
2021,3,A,골목상권,2110685,금강수목원아파트,1251,894,357,2,77,226,345,363,238,1,41,140,228,277,207,1,36,86,117,86,31
2021,3,A,골목상권,2110684,서울공연예술고등학교,1390,797,593,5,149,304,373,389,170,2,71,177,213,231,103,3,78,127,160,158,67
2021,3,A,골목상권,2110683,오류고등학교,1310,758,552,5,143,298,351,350,163,2,69,173,204,211,99,3,74,125,147,139,64
2021,3,A,골목상권,2110682,온수역 8번,1099,772,327,1,51,177,251,337,282,1,28,91,144,242,266,0,23,86,107,95,16
2021,3,A,골목상권,2110681,온수역 1번,1119,839,280,1,41,153,236,373,315,1,21,91,147,294,285,0,20,62,89,79,30
2021,3,A,골목상권,2110680,온수역 5번(온수산업단지),1725,1445,280,18,178,273,326,494,436,18,140,217,249,416,405,0,38,56,77,78,31
2021,3,A,골목상권,2110679,염창역 2번,4141,2829,1312,6,438,939,1245,1003,510,4,219,585,882,757,382,2,219,354,363,246,128
2021,3,A,골목상권,2110678,염창무학아파트,2176,1462,714,4,268,527,551,487,339,3,117,349,371,348,274,1,151,178,180,139,65
2021,3,A,골목상권,2110677,등촌역 1번,7770,5001,2769,27,1180,1953,1864,1628,1118,19,526,1215,1243,1143,855,8,654,738,621,485,263
2021,3,A,골목상권,2110676,등촌역 7번,3083,1901,1182,14,465,677,769,692,466,7,196,414,463,448,373,7,269,263,306,244,93
2021,3,A,골목상권,2110675,화곡4동주민센터,3054,1392,1662,8,686,826,628,588,318,5,146,369,300,334,238,3,540,457,328,254,80
2021,3,A,골목상권,2110674,강서구청가양동별관,3250,2202,1048,13,534,769,882,693,359,8,370,541,605,447,231,5,164,228,277,246,128
2021,3,A,골목상권,2110673,뜸부기어린이공원,4546,2072,2474,4,892,1156,994,968,532,2,237,496,489,496,352,2,655,660,505,472,180
2021,3,A,골목상권,2110672,백석중학교,3508,1974,1534,2,408,673,852,913,660,1,179,335,522,544,393,1,229,338,330,369,267
2021,3,A,골목상권,2110671,등촌1동주민센터,14478,9017,5461,47,2628,3590,3369,2781,2063,27,1070,2281,2330,1868,1441,20,1558,1309,1039,913,622
2021,3,A,골목상권,2110670,신곡초등학교,2263,1214,1049,8,288,636,617,494,220,5,142,343,297,278,149,3,146,293,320,216,71
2021,3,A,골목상권,2110669,화곡보람2차아파트,4924,2907,2017,4,1178,1380,951,683,728,3,372,912,716,421,483,1,806,468,235,262,245
2021,3,A,골목상권,2110668,화곡2동주민센터,3376,1859,1517,11,462,856,918,735,394,8,213,465,475,424,274,3,249,391,443,311,120
2021,3,A,골목상권,2110667,가양역 10번,2692,1443,1249,14,455,539,644,615,425,3,213,291,370,318,248,11,242,248,274,297,177
2021,3,A,골목상권,2110666,KC대학교,4814,3125,1689,6,577,1404,1162,1205,460,3,293,836,712,876,405,3,284,568,450,329,55
2021,3,A,골목상권,2110665,곰달래도서관,3026,1676,1350,7,329,573,768,822,527,6,144,324,418,426,358,1,185,249,350,396,169
2021,3,A,골목상권,2110664,강서구청옆,5833,3456,2377,6,812,1721,1459,1348,487,4,363,992,861,906,330,2,449,729,598,442,157
2021,3,A,골목상권,2110663,우장산롯데캐슬아파트앞,11194,6470,4724,40,1626,2878,2757,2837,1056,12,751,1807,1727,1551,622,28,875,1071,1030,1286,434
2021,3,A,골목상권,2110662,까치산역 1번,4227,2462,1765,12,541,1010,1114,1000,550,9,263,585,586,634,385,3,278,425,528,366,165
2021,3,A,골목상권,2110661,강서새말어린이공원,5172,3080,2092,3,619,1428,1352,1332,438,1,266,767,797,928,321,2,353,661,555,404,117
2021,3,A,골목상권,2110660,등촌3동주민센터,11883,6282,5601,49,1613,2452,2671,2721,2377,18,736,1568,1579,1216,1165,31,877,884,1092,1505,1212
2021,3,A,골목상권,2110659,화곡역 4번,5367,2731,2636,20,801,1346,1458,1139,603,15,306,694,725,625,366,5,495,652,733,514,237
2021,3,A,골목상권,2110658,화곡초등학교,4197,2544,1653,2,869,872,820,854,780,0,284,497,482,613,668,2,585,375,338,241,112
2021,3,A,골목상권,2110657,양천향교역 5번,9781,5923,3858,24,1272,2402,2408,2189,1486,12,574,1336,1536,1311,1154,12,698,1066,872,878,332
2021,3,A,골목상권,2110656,까치산역 3번,3493,1986,1507,17,308,641,932,1073,522,15,157,392,539,568,315,2,151,249,393,505,207
2021,3,A,골목상권,2110655,발산역 5번,4383,2015,2368,5,446,729,861,918,1424,3,178,374,438,390,632,2,268,355,423,528,792
2021,3,A,골목상권,2110654,까치산역 4번,3795,2359,1436,18,343,671,982,1195,586,15,175,398,555,770,446,3,168,273,427,425,140
2021,3,A,골목상권,2110653,화곡역 2번,4351,2351,2000,5,944,910,870,876,746,2,268,477,473,554,577,3,676,433,397,322,169
2021,3,A,골목상권,2110652,양천향교역 2번,5710,3599,2111,14,619,1180,1278,1459,1160,8,317,748,781,891,854,6,302,432,497,568,306
2021,3,A,골목상권,2110651,화원중학교,3517,2196,1321,12,349,654,819,1010,673,8,180,416,488,671,433,4,169,238,331,339,240
2021,3,A,골목상권,2110650,우장산힐스테이트,2082,1180,902,4,212,365,470,571,460,3,113,222,268,291,283,1,99,143,202,280,177
2021,3,A,골목상권,2110649,우장산역 1번,2841,1561,1280,6,406,505,632,740,552,3,199,290,339,383,347,3,207,215,293,357,205
2021,3,A,골목상권,2110648,양천향교역 7번,4914,3190,1724,14,579,1057,1190,1108,966,10,283,660,797,661,779,4,296,397,393,447,187
2021,3,A,골목상권,2110647,화곡역 5번,3929,2063,1866,15,520,821,912,968,693,12,208,459,490,506,388,3,312,362,422,462,305
2021,3,A,골목상권,2110646,푸른들청소년도서관,7186,4303,2883,14,953,1663,1774,1762,1020,9,484,1051,1040,999,720,5,469,612,734,763,300
2021,3,A,골목상권,2110645,우장산역 4번,6461,3740,2721,11,778,1499,1702,1666,805,7,412,940,912,880,589,4,366,559,790,786,216
2021,3,A,골목상권,2110644,신광명마을,1529,957,572,8,107,211,408,465,330,5,46,108,229,298,271,3,61,103,179,167,59
2021,3,A,골목상권,2110643,강서구다솔마을,1476,921,555,1,151,323,422,380,199,0,75,205,270,236,135,1,76,118,152,144,64
2021,3,A,골목상권,2110642,정곡초등학교,920,727,193,4,48,120,202,265,281,3,32,78,138,222,254,1,16,42,64,43,27
2021,3,A,골목상권,2110641,공항고등학교,1775,1121,654,5,243,392,434,432,269,4,138,252,239,274,214,1,105,140,195,158,55
2021,3,A,골목상권,2110640,방화역 1번,4701,2998,1703,7,463,1055,1196,1214,766,5,234,553,729,849,628,2,229,502,467,365,138
2021,3,A,골목상권,2110639,신방화역 8번,3267,1552,1715,7,254,358,567,1049,1032,4,117,219,327,397,488,3,137,139,240,652,544
2021,3,A,골목상권,2110638,신방화역 2번,4189,2767,1422,12,450,721,1151,1168,687,9,229,441,775,780,533,3,221,280,376,388,154
2021,3,A,골목상권,2110637,송정역 2번,3090,1452,1638,8,222,392,558,896,1014,1,111,237,333,307,463,7,111,155,225,589,551
2021,3,A,골목상권,2110636,방화역 2번,4034,2575,1459,8,374,758,1201,1084,609,6,202,411,781,702,473,2,172,347,420,382,136
2021,3,A,골목상권,2110635,공항시장역 3번,4028,2022,2006,9,413,625,733,1111,1137,2,185,363,444,461,567,7,228,262,289,650,570
2021,3,A,골목상권,2110634,송정역 3번,2694,1672,1022,6,328,605,702,637,416,1,149,365,440,410,307,5,179,240,262,227,109
2021,3,A,골목상권,2110633,개화산역 1번,2304,1602,702,6,198,412,735,631,322,4,115,256,543,439,245,2,83,156,192,192,77
2021,3,A,골목상권,2110632,방화역 3번,7383,5811,1572,6,736,1634,1983,2247,777,4,551,1255,1531,1831,639,2,185,379,452,416,138
2021,3,A,골목상권,2110631,방화초등학교,2474,1525,949,5,328,491,565,615,470,5,177,298,321,361,363,0,151,193,244,254,107
2021,3,A,골목상권,2110630,공항시장역 1번,33522,17722,15800,6,5643,10995,9040,6314,1524,3,1318,4557,5278,5486,1080,3,4325,6438,3762,828,444
2021,3,A,골목상권,2110629,송정역 4번,31131,16295,14836,1,5401,10620,8646,5741,722,1,1218,4347,5017,5107,605,0,4183,6273,3629,634,117
2021,3,A,골목상권,2110628,신목동역,2970,1823,1147,5,409,809,809,620,318,3,200,461,521,428,210,2,209,348,288,192,108
2021,3,A,골목상권,2110627,신정롯데캐슬아파트,13152,7343,5809,66,2437,4215,3340,2376,718,31,964,2220,2044,1547,537,35,1473,1995,1296,829,181
2021,3,A,골목상권,2110626,양화초등학교,5376,3201,2175,7,707,1254,1523,1314,571,5,310,670,1001,828,387,2,397,584,522,486,184
2021,3,A,골목상권,2110625,신정2동주민센터,19093,11500,7593,116,3148,6062,4842,3763,1162,81,1491,3599,3053,2506,770,35,1657,2463,1789,1257,392
2021,3,A,골목상권,2110624,목동문화체육센터,2321,1175,1146,1,328,550,660,492,290,1,169,289,299,229,188,0,159,261,361,263,102
2021,3,A,골목상권,2110623,갈산공원,1938,1165,773,6,220,476,489,421,326,4,121,280,280,244,236,2,99,196,209,177,90
2021,3,A,골목상권,2110622,달마을공원,4416,2669,1747,3,560,997,1287,1119,450,2,275,579,819,688,306,1,285,418,468,431,144
2021,3,A,골목상권,2110621,목동역 5번,9489,5120,4369,21,1849,2483,2292,1693,1151,12,701,1376,1387,935,709,9,1148,1107,905,758,442
2021,3,A,골목상권,2110620,목동보건지소,4227,2213,2014,7,503,1016,1212,975,514,5,250,571,551,479,357,2,253,445,661,496,157
2021,3,A,골목상권,2110619,목4동주민센터,3721,1714,2007,6,823,1066,907,664,255,2,194,461,482,378,197,4,629,605,425,286,58
2021,3,A,골목상권,2110618,강서고등학교,4292,2255,2037,8,835,1131,1004,886,428,4,221,551,572,565,342,4,614,580,432,321,86
2021,3,A,골목상권,2110617,등촌역 4번,3438,1930,1508,2,451,781,858,856,490,0,208,454,481,453,334,2,243,327,377,403,156
2021,3,A,골목상권,2110616,양목초등학교,1799,899,900,5,181,390,400,460,363,2,68,196,194,233,206,3,113,194,206,227,157
2021,3,A,골목상권,2110615,신서초등학교,8009,4605,3404,28,1503,2016,1895,1652,915,24,525,1225,1134,1015,682,4,978,791,761,637,233
2021,3,A,골목상권,2110614,목동로데오거리,2729,1267,1462,3,368,601,686,671,400,2,129,258,320,327,231,1,239,343,366,344,169
2021,3,A,골목상권,2110613,신정네거리역 4번,662,330,332,1,82,146,146,151,136,1,28,65,62,82,92,0,54,81,84,69,44
2021,3,A,골목상권,2110612,신정역 5번,4880,2815,2065,12,941,776,869,924,1358,5,300,381,452,509,1168,7,641,395,417,415,190
2021,3,A,골목상권,2110611,신정역 1번,5571,3252,2319,20,1009,852,985,1191,1514,13,358,475,562,627,1217,7,651,377,423,564,297
2021,3,A,골목상권,2110610,계남근린공원,2806,1832,974,4,367,839,889,389,318,1,175,534,672,250,200,3,192,305,217,139,118
2021,3,A,골목상권,2110609,신정네거리역 2번,3335,2512,823,7,218,342,581,655,1532,2,101,191,310,462,1446,5,117,151,271,193,86
2021,3,A,골목상권,2110608,신월2동주민센터,3976,2139,1837,15,369,670,1059,1102,761,11,184,386,521,524,513,4,185,284,538,578,248
2021,3,A,골목상권,2110607,금빛새마을금고본점,2998,2422,576,7,172,293,469,558,1499,3,99,181,289,411,1439,4,73,112,180,147,60
2021,3,A,골목상권,2110606,신한은행 신월동지점,3615,2480,1135,3,177,372,789,1154,1120,1,78,207,430,795,969,2,99,165,359,359,151
2021,3,A,골목상권,2110605,목동센트럴아이파크앞,1754,989,765,2,116,242,435,576,383,0,50,131,215,314,279,2,66,111,220,262,104
2021,3,A,골목상권,2110604,신월4동주민센터,3244,2266,978,5,220,414,690,1030,885,2,102,228,416,732,786,3,118,186,274,298,99
2021,3,A,골목상권,2110603,지향초등학교,2592,1701,891,3,160,370,659,856,544,0,64,217,403,589,428,3,96,153,256,267,116
2021,3,A,골목상권,2110602,신월시영아파트중문,3451,2409,1042,4,231,412,798,1090,916,2,141,263,470,758,775,2,90,149,328,332,141
2021,3,A,골목상권,2110601,신월1동우편취급국,3018,1984,1034,9,310,532,728,944,495,4,169,341,467,618,385,5,141,191,261,326,110
2021,3,A,골목상권,2110600,신월7동주민센터,4589,3041,1548,5,349,562,844,1298,1531,3,190,349,550,894,1055,2,159,213,294,404,476
2021,3,A,골목상권,2110599,신월1파출소,1954,1183,771,4,189,357,509,638,257,2,104,206,281,401,189,2,85,151,228,237,68
2021,3,A,골목상권,2110598,신월문화체육센터,4415,2906,1509,4,469,723,911,1046,1262,3,347,549,598,639,770,1,122,174,313,407,492
2021,3,A,골목상권,2110597,신월1동주민센터,3247,1879,1368,5,328,631,701,902,680,2,149,350,364,551,463,3,179,281,337,351,217
2021,3,A,골목상권,2110596,서서울호수공원,2414,1520,894,5,296,458,530,682,443,2,143,270,315,430,360,3,153,188,215,252,83
2021,3,A,골목상권,2110595,메디힐병원,3307,1776,1531,2,345,697,733,878,652,1,148,334,364,502,427,1,197,363,369,376,225
2021,3,A,골목상권,2110594,신월중학교,1610,737,873,7,235,411,427,385,145,4,83,171,183,194,102,3,152,240,244,191,43
2021,3,A,골목상권,2110593,신월3동주민센터,1979,1072,907,1,214,366,444,532,422,0,79,159,206,310,318,1,135,207,238,222,104
2021,3,A,골목상권,2110592,서울금융고등학교,1788,1020,768,0,177,357,377,459,418,0,64,141,192,300,323,0,113,216,185,159,95
2021,3,A,골목상권,2110591,충정로역 6번,5404,3164,2240,0,955,1528,1449,912,560,0,477,884,839,590,374,0,478,644,610,322,186
2021,3,A,골목상권,2110590,만리재,1948,972,976,1,255,425,499,527,241,1,93,214,253,264,147,0,162,211,246,263,94
2021,3,A,골목상권,2110589,애오개역 3번,2670,1166,1504,0,463,870,876,364,97,0,172,429,389,118,58,0,291,441,487,246,39
2021,3,A,골목상권,2110588,한겨레신문사,2850,1529,1321,2,519,639,724,652,314,2,285,398,335,314,195,0,234,241,389,338,119
2021,3,A,골목상권,2110587,공덕동주민센터,6321,3515,2806,22,1145,1800,1749,1153,452,5,525,961,999,724,301,17,620,839,750,429,151
2021,3,A,골목상권,2110586,서울서부지방법원,19070,11193,7877,90,3888,5775,5319,3123,875,33,1607,3200,3429,2296,628,57,2281,2575,1890,827,247
2021,3,A,골목상권,2110585,마포경찰서,7079,4166,2913,8,1235,2487,2119,968,262,1,618,1463,1293,626,165,7,617,1024,826,342,97
2021,3,A,골목상권,2110584,아현역 4번,1593,827,766,2,374,498,331,224,164,1,138,271,180,129,108,1,236,227,151,95,56
2021,3,A,골목상권,2110583,공덕래미안3차아파트,10579,6407,4172,38,1986,3371,2915,1800,469,9,938,1908,1883,1348,321,29,1048,1463,1032,452,148
2021,3,A,골목상권,2110582,이대역 5번,996,382,614,2,125,209,275,242,143,1,27,57,87,121,89,1,98,152,188,121,54
2021,3,A,골목상권,2110581,염리초등학교,11991,6894,5097,24,1766,2851,3013,2599,1738,10,963,1752,1839,1304,1026,14,803,1099,1174,1295,712
2021,3,A,골목상권,2110580,양원초등학교,835,410,425,3,122,173,205,202,130,2,34,88,96,111,79,1,88,85,109,91,51
2021,3,A,골목상권,2110579,마포역 4번,6836,4344,2492,8,1268,1844,1726,1271,719,6,552,1114,1202,925,545,2,716,730,524,346,174
2021,3,A,골목상권,2110578,대흥역 2번,7403,4583,2820,89,1498,1733,1653,1512,918,34,738,1064,1090,1038,619,55,760,669,563,474,299
2021,3,A,골목상권,2110577,용강동주민센터,7757,4680,3077,78,1507,2186,1956,1205,825,29,743,1309,1275,779,545,49,764,877,681,426,280
2021,3,A,골목상권,2110576,대흥역 3번,5951,3670,2281,79,1016,1372,1330,1278,876,29,500,853,887,811,590,50,516,519,443,467,286
2021,3,A,골목상권,2110575,대흥동주민센터,4424,2010,2414,64,2141,1019,506,453,241,21,801,499,233,280,176,43,1340,520,273,173,65
2021,3,A,골목상권,2110574,서강대학교,1561,918,643,4,194,350,405,384,224,2,93,205,256,209,153,2,101,145,149,175,71
2021,3,A,골목상권,2110573,신촌역 6번,3966,1771,2195,61,2020,931,425,343,186,20,758,445,208,214,126,41,1262,486,217,129,60
2021,3,A,골목상권,2110572,서강대역 1번,9068,4445,4623,72,2764,2315,1724,1543,650,26,1022,1103,935,954,405,46,1742,1212,789,589,245
2021,3,A,골목상권,2110571,신수동주민센터,6299,3573,2726,14,776,1656,1652,1511,690,10,303,790,929,1038,503,4,473,866,723,473,187
2021,3,A,골목상권,2110570,KB국민은행 서강지점,1996,1235,761,10,256,489,549,383,309,9,126,290,317,252,241,1,130,199,232,131,68
2021,3,A,골목상권,2110569,홍대땡땡거리,4784,2362,2422,15,981,1209,1107,899,573,8,435,650,554,397,318,7,546,559,553,502,255
2021,3,A,골목상권,2110568,광흥창역 1번,2827,1531,1296,2,399,755,771,659,241,0,117,361,454,445,154,2,282,394,317,214,87
2021,3,A,골목상권,2110567,광흥창역 6번,2158,1187,971,2,280,488,570,500,318,0,88,208,312,318,261,2,192,280,258,182,57
2021,3,A,골목상권,2110566,경의선책거리,10071,5990,4081,33,1755,2290,2438,2032,1523,20,865,1338,1493,1197,1077,13,890,952,945,835,446
2021,3,A,골목상권,2110565,홍익대,4742,3246,1496,13,762,1139,1187,937,704,7,414,751,851,666,557,6,348,388,336,271,147
2021,3,A,골목상권,2110564,홍대입구역 3번,5143,2795,2348,17,919,1276,1149,1001,781,12,343,638,645,612,545,5,576,638,504,389,236
2021,3,A,골목상권,2110563,상수역 3번,1950,1182,768,20,422,582,432,300,194,14,197,341,286,205,139,6,225,241,146,95,55
2021,3,A,골목상권,2110562,연트럴파크(연남동주민센터),4252,2404,1848,9,682,1050,1057,868,586,8,291,605,590,495,415,1,391,445,467,373,171
2021,3,A,골목상권,2110561,상수역 4번,3164,1891,1273,31,678,957,732,501,265,20,308,561,479,325,198,11,370,396,253,176,67
2021,3,A,골목상권,2110560,마포FM,6502,3860,2642,16,982,1627,1454,1287,1136,10,407,959,988,793,703,6,575,668,466,494,433
2021,3,A,골목상권,2110559,성산중학교,5087,2952,2135,21,936,1483,1317,912,418,13,364,796,845,628,306,8,572,687,472,284,112
2021,3,A,골목상권,2110558,경성고등학교,5587,3527,2060,22,775,1348,1393,1232,817,18,394,800,884,814,617,4,381,548,509,418,200
2021,3,A,골목상권,2110557,홍대부속여중고앞,9427,5263,4164,23,1361,2238,2227,1745,1833,17,545,1184,1349,937,1231,6,816,1054,878,808,602
2021,3,A,골목상권,2110556,절두산순교성지,1684,1064,620,5,244,483,463,361,128,5,104,278,313,266,98,0,140,205,150,95,30
2021,3,A,골목상권,2110555,홍익지구대,4079,2137,1942,11,689,1073,1062,755,489,6,236,510,626,449,310,5,453,563,436,306,179
2021,3,A,골목상권,2110554,망원역 1번,7782,4228,3554,15,1168,1783,1913,1422,1481,10,461,862,1004,783,1108,5,707,921,909,639,373
2021,3,A,골목상권,2110553,가좌역 2번,2187,1399,788,4,204,388,539,613,439,2,92,207,352,431,315,2,112,181,187,182,124
2021,3,A,골목상권,2110552,성미산체육관,3504,2146,1358,9,471,801,906,820,497,5,221,455,546,576,343,4,250,346,360,244,154
2021,3,A,골목상권,2110551,성서초등학교,3701,2140,1561,4,377,635,877,713,1095,4,160,324,410,372,870,0,217,311,467,341,225
2021,3,A,골목상권,2110550,합정역 8번,6172,3370,2802,15,1101,1610,1524,1115,807,10,445,802,926,667,520,5,656,808,598,448,287
2021,3,A,골목상권,2110549,새터산,3175,1870,1305,8,386,657,845,821,458,5,193,379,479,513,301,3,193,278,366,308,157
2021,3,A,골목상권,2110548,마포구청역 4번,6841,4101,2740,18,906,1347,1531,1972,1067,10,478,942,1005,1003,663,8,428,405,526,969,404
2021,3,A,골목상권,2110547,KB국민은행 망원동지점,7219,4458,2761,19,879,1335,1493,1861,1632,11,452,900,987,934,1174,8,427,435,506,927,458
2021,3,A,골목상권,2110546,양화대교북단,2197,1293,904,3,397,587,543,403,264,3,182,321,363,255,169,0,215,266,180,148,95
2021,3,A,골목상권,2110545,마포구청역 1번,5795,3278,2517,19,697,1071,1239,1869,900,11,398,782,801,813,473,8,299,289,438,1056,427
2021,3,A,골목상권,2110544,망리단길,7556,4327,3229,18,1463,1819,1641,1152,1463,8,731,897,847,686,1158,10,732,922,794,466,305
2021,3,A,골목상권,2110543,중암중학교,833,554,279,1,60,103,162,253,254,0,22,52,83,160,237,1,38,51,79,93,17
2021,3,A,골목상권,2110542,마포구청역 7번,5884,3486,2398,20,759,1112,1284,1743,966,11,396,791,870,831,587,9,363,321,414,912,379
2021,3,A,골목상권,2110541,동교초등학교,2316,1291,1025,5,338,448,612,521,392,4,142,250,332,300,263,1,196,198,280,221,129
2021,3,A,골목상권,2110540,망원나들목체육관,2127,1225,902,8,673,639,396,264,147,1,405,345,203,164,107,7,268,294,193,100,40
2021,3,A,골목상권,2110539,미근동,14579,8531,6048,43,2341,4872,3956,2487,880,20,916,2720,2470,1715,690,23,1425,2152,1486,772,190
2021,3,A,골목상권,2110538,충정로역 3번,8936,5270,3666,3,1399,2608,2582,1705,639,2,713,1645,1547,938,425,1,686,963,1035,767,214
2021,3,A,골목상권,2110537,충정로현대아파트,9389,5851,3538,15,1288,2694,2554,1994,844,9,654,1734,1643,1241,570,6,634,960,911,753,274
2021,3,A,골목상권,2110536,돈의문센트레빌아파트입구,4662,2901,1761,17,762,1317,1072,1005,489,12,332,727,714,746,370,5,430,590,358,259,119
2021,3,A,골목상권,2110535,영천시장입구,2014,972,1042,4,231,383,512,581,303,2,70,167,254,298,181,2,161,216,258,283,122
2021,3,A,골목상권,2110534,경기대학교,4575,2795,1780,4,723,1180,1049,884,735,1,313,680,710,586,505,3,410,500,339,298,230
2021,3,A,골목상권,2110533,충정로역 7번,3621,2255,1366,1,528,952,988,704,448,0,271,584,646,462,292,1,257,368,342,242,156
2021,3,A,골목상권,2110532,아현역 2번,2100,1204,896,3,447,553,442,378,277,1,170,320,262,259,192,2,277,233,180,119,85
2021,3,A,골목상권,2110531,홍지문,1399,662,737,3,176,371,355,334,160,0,59,172,172,157,102,3,117,199,183,177,58
2021,3,A,골목상권,2110530,아현역 1번,1496,797,699,2,376,474,297,209,138,1,141,271,169,125,90,1,235,203,128,84,48
2021,3,A,골목상권,2110529,홍제3동주민센터,1380,676,704,4,168,199,285,330,394,1,54,91,126,173,231,3,114,108,159,157,163
2021,3,A,골목상권,2110528,서울여자간호대학교,7645,1571,6074,6,224,518,2027,3660,1210,1,77,161,357,465,510,5,147,357,1670,3195,700
2021,3,A,골목상권,2110527,홍제역 2번,1970,1012,958,5,240,306,504,602,313,1,71,168,245,337,190,4,169,138,259,265,123
2021,3,A,골목상권,2110526,봉원사,3964,2083,1881,1,506,1026,1032,955,444,1,183,424,540,636,299,0,323,602,492,319,145
2021,3,A,골목상권,2110525,홍은종합사회복지관,7540,1491,6049,3,208,498,1991,3642,1198,1,81,160,323,442,484,2,127,338,1668,3200,714
2021,3,A,골목상권,2110524,연희세브란스병원,2431,1469,962,0,349,692,566,565,259,0,160,328,325,444,212,0,189,364,241,121,47
2021,3,A,골목상권,2110523,홍제성원아파트,389,158,231,1,57,82,97,95,57,0,16,28,41,33,40,1,41,54,56,62,17
2021,3,A,골목상권,2110522,홍제역 3번,1382,744,638,3,145,201,379,465,189,1,40,103,201,269,130,2,105,98,178,196,59
2021,3,A,골목상권,2110521,홍제역 4번,1682,856,826,3,180,260,456,544,239,1,56,126,230,305,138,2,124,134,226,239,101
2021,3,A,골목상권,2110520,경의중앙 신촌역,3939,2209,1730,8,672,1067,897,861,434,5,268,503,474,619,340,3,404,564,423,242,94
2021,3,A,골목상권,2110519,서대문구보건소별관,1692,809,883,1,249,320,448,430,244,1,88,147,232,202,139,0,161,173,216,228,105
2021,3,A,골목상권,2110518,서대문구청,4288,2377,1911,12,606,1189,1202,1022,257,9,241,603,676,684,164,3,365,586,526,338,93
2021,3,A,골목상권,2110517,서대문소방서,3275,1935,1340,14,501,833,881,711,335,8,210,520,553,438,206,6,291,313,328,273,129
2021,3,A,골목상권,2110516,정원여중,1381,718,663,0,237,296,370,330,148,0,85,145,205,186,97,0,152,151,165,144,51
2021,3,A,골목상권,2110515,홍은중학교,1397,819,578,2,174,346,389,297,189,2,86,211,238,167,115,0,88,135,151,130,74
2021,3,A,골목상권,2110514,서대문우체국,8426,5862,2564,6,1198,1860,1691,2693,978,3,772,1174,1054,2110,749,3,426,686,637,583,229
2021,3,A,골목상권,2110513,연희파출소,4197,2605,1592,22,701,1052,930,956,536,9,309,668,619,625,375,13,392,384,311,331,161
2021,3,A,골목상권,2110512,연희지하차도,4882,2826,2056,19,663,1252,1324,1216,408,14,271,646,746,846,303,5,392,606,578,370,105
2021,3,A,골목상권,2110511,연희초등학교,8378,6001,2377,13,1131,2005,1738,2599,892,3,668,1322,1149,2137,722,10,463,683,589,462,170
2021,3,A,골목상권,2110510,홍연시장,3041,1987,1054,55,824,775,546,576,265,30,470,602,320,364,201,25,354,173,226,212,64
2021,3,A,골목상권,2110509,연희대우아파트앞,9280,6343,2937,12,1331,2148,1961,2829,999,8,717,1291,1263,2264,800,4,614,857,698,565,199
2021,3,A,골목상권,2110508,서연중학교,5090,3173,1917,65,1140,1333,940,1011,601,33,630,969,582,565,394,32,510,364,358,446,207
2021,3,A,골목상권,2110507,명지대학교,3504,2308,1196,30,563,997,832,765,317,27,345,664,531,490,251,3,218,333,301,275,66
2021,3,A,골목상권,2110506,연희임광아파트,1554,815,739,2,227,343,380,390,212,2,100,227,187,174,125,0,127,116,193,216,87
2021,3,A,골목상권,2110505,홍남교남측,2235,1498,737,50,708,612,370,328,167,27,409,504,235,198,125,23,299,108,135,130,42
2021,3,A,골목상권,2110504,명지전문대,965,467,498,1,90,171,253,281,169,0,34,71,117,147,98,1,56,100,136,134,71
2021,3,A,골목상권,2110503,명지대학교교회,3864,2524,1340,30,620,1117,971,783,343,26,367,778,642,473,238,4,253,339,329,310,105
2021,3,A,골목상권,2110502,남가좌파출소,1097,580,517,0,99,196,301,322,179,0,39,79,152,183,127,0,60,117,149,139,52
2021,3,A,골목상권,2110501,연희어린이공원,1540,875,665,10,217,360,378,360,215,8,103,242,206,176,140,2,114,118,172,184,75
2021,3,A,골목상권,2110500,남가좌동현대아파트,278,164,114,0,37,45,74,87,35,0,21,27,44,54,18,0,16,18,30,33,17
2021,3,A,골목상권,2110499,연가초등학교,1891,1022,869,0,178,382,499,526,306,0,73,217,266,255,211,0,105,165,233,271,95
2021,3,A,골목상권,2110498,증산역 1번,2906,1506,1400,8,440,635,651,682,490,3,148,355,341,338,321,5,292,280,310,344,169
2021,3,A,골목상권,2110497,가좌역 3번,3659,2225,1434,4,227,435,598,923,1472,2,157,292,399,499,876,2,70,143,199,424,596
2021,3,A,골목상권,2110496,모래내우체국,2367,1136,1231,7,310,507,560,577,406,4,94,247,294,279,218,3,216,260,266,298,188
2021,3,A,골목상권,2110495,북가좌2동주민센터,3902,2063,1839,9,568,954,896,849,626,5,186,536,522,443,371,4,382,418,374,406,255
2021,3,A,골목상권,2110494,증산3교남측,1780,1221,559,0,92,213,258,339,878,0,34,98,100,184,805,0,58,115,158,155,73
2021,3,A,골목상권,2110493,북가좌초등학교,1856,1392,464,0,60,148,223,379,1046,0,20,69,94,236,973,0,40,79,129,143,73
2021,3,A,골목상권,2110492,하나고등학교,578,273,305,1,22,107,147,171,130,0,7,76,108,56,26,1,15,31,39,115,104
2021,3,A,골목상권,2110491,불광중학교,579,216,363,1,45,99,156,186,92,1,13,42,53,58,49,0,32,57,103,128,43
2021,3,A,골목상권,2110490,녹번동근린공원,5262,2678,2584,13,663,1384,1395,1293,514,9,294,621,670,746,338,4,369,763,725,547,176
2021,3,A,골목상권,2110489,불광역 3번,1836,816,1020,7,273,558,474,348,176,6,92,204,220,175,119,1,181,354,254,173,57
2021,3,A,골목상권,2110488,우리은행응암동지점,3955,2113,1842,9,480,961,1013,1016,476,6,235,475,494,594,309,3,245,486,519,422,167
2021,3,A,골목상권,2110487,불광역 8번,1735,695,1040,1,239,499,452,361,183,1,77,188,182,154,93,0,162,311,270,207,90
2021,3,A,골목상권,2110486,은평구청,4169,2254,1915,8,461,993,1117,1108,482,5,227,494,557,645,326,3,234,499,560,463,156
2021,3,A,골목상권,2110485,연신내우체국,2361,1188,1173,2,126,245,348,438,1202,1,51,129,145,186,676,1,75,116,203,252,526
2021,3,A,골목상권,2110484,역촌역 3번,4601,2236,2365,13,523,1110,1233,1186,536,9,213,468,558,627,361,4,310,642,675,559,175
2021,3,A,골목상권,2110483,연천초등학교,2384,1178,1206,5,230,267,295,400,1187,1,94,133,119,166,665,4,136,134,176,234,522
2021,3,A,골목상권,2110482,연신초등학교,1850,991,859,0,81,162,205,312,1090,0,37,95,80,152,627,0,44,67,125,160,463
2021,3,A,골목상권,2110481,불광역 7번,1630,770,860,2,178,335,467,396,252,2,71,171,214,161,151,0,107,164,253,235,101
2021,3,A,골목상권,2110480,연신내역 3번,2030,889,1141,7,285,397,542,504,295,2,114,188,232,200,153,5,171,209,310,304,142
2021,3,A,골목상권,2110479,연신내역 2번,3690,1693,1997,6,426,539,641,723,1355,1,130,248,249,302,763,5,296,291,392,421,592
2021,3,A,골목상권,2110478,응암1동주민센터,4707,2474,2233,11,516,997,1136,1196,851,7,227,433,551,650,606,4,289,564,585,546,245
2021,3,A,골목상권,2110477,은평세무서,4870,2612,2258,11,464,976,1178,1295,946,5,201,440,572,727,667,6,263,536,606,568,279
2021,3,A,골목상권,2110476,역촌역 2번,1412,760,652,3,180,328,393,324,184,1,64,162,221,174,138,2,116,166,172,150,46
2021,3,A,골목상권,2110475,백련산해모로아파트,2427,1313,1114,3,275,436,520,560,633,2,122,211,271,274,433,1,153,225,249,286,200
2021,3,A,골목상권,2110474,세명컴퓨터고등학교,2172,1034,1138,6,329,533,548,467,289,5,120,275,242,204,188,1,209,258,306,263,101
2021,3,A,골목상권,2110473,구산역 1번,4113,2032,2081,11,518,794,1040,1015,735,5,204,414,507,425,477,6,314,380,533,590,258
2021,3,A,골목상권,2110472,연신내역 4번,2455,1251,1204,11,334,479,638,552,441,6,127,253,292,262,311,5,207,226,346,290,130
2021,3,A,골목상권,2110471,응암동우체국,1908,1001,907,2,228,332,461,530,355,1,96,145,211,287,261,1,132,187,250,243,94
2021,3,A,골목상권,2110470,신진과학기술고등학교,2093,1305,788,2,198,318,474,517,584,2,95,170,262,309,467,0,103,148,212,208,117
2021,3,A,골목상권,2110469,응암정보도서관,3141,1523,1618,2,316,577,809,898,539,0,113,270,378,427,335,2,203,307,431,471,204
2021,3,A,골목상권,2110468,응암역 3번,4875,2420,2455,6,465,813,1295,1325,971,1,170,377,615,633,624,5,295,436,680,692,347
2021,3,A,골목상권,2110467,은평요양병원,1671,867,804,7,217,398,414,360,275,6,97,221,214,162,167,1,120,177,200,198,108
2021,3,A,골목상권,2110466,구산역 2번,3312,1361,1951,12,538,687,831,818,426,3,172,280,347,320,239,9,366,407,484,498,187
2021,3,A,골목상권,2110465,연신내역 7번,2686,1136,1550,10,437,647,652,580,360,5,132,295,276,227,201,5,305,352,376,353,159
2021,3,A,골목상권,2110464,연신내역 5번,2541,1368,1173,8,266,525,663,583,496,5,105,271,308,312,367,3,161,254,355,271,129
2021,3,A,골목상권,2110463,응암3동주민센터,1096,480,616,2,113,200,291,307,183,1,42,69,109,143,116,1,71,131,182,164,67
2021,3,A,골목상권,2110462,갈현건영아파트,1895,1102,793,9,264,445,440,425,312,6,139,269,256,223,209,3,125,176,184,202,103
2021,3,A,골목상권,2110461,새절역 2번,1064,588,476,2,102,151,247,304,258,1,40,59,115,173,200,1,62,92,132,131,58
2021,3,A,골목상권,2110460,구산역 4번,4650,2629,2021,14,389,739,1103,1501,904,6,161,384,536,911,631,8,228,355,567,590,273
2021,3,A,골목상권,2110459,응암역 2번,3508,1670,1838,4,356,682,987,918,561,1,143,326,439,399,362,3,213,356,548,519,199
2021,3,A,골목상권,2110458,선일여고,2056,993,1063,9,309,535,480,491,232,5,138,283,226,197,144,4,171,252,254,294,88
2021,3,A,골목상권,2110457,예일여고,4039,2288,1751,11,383,599,859,1344,843,2,149,279,424,826,608,9,234,320,435,518,235
2021,3,A,골목상권,2110456,구산보건지소,3451,1673,1778,13,646,727,840,730,495,4,277,335,365,355,337,9,369,392,475,375,158
2021,3,A,골목상권,2110455,역촌노인복지관,3912,1926,1986,7,599,783,1036,909,578,3,258,380,472,412,401,4,341,403,564,497,177
2021,3,A,골목상권,2110454,선정중학교,3136,1975,1161,7,297,545,749,1025,513,3,138,284,381,749,420,4,159,261,368,276,93
2021,3,A,골목상권,2110453,신사1동주민센터,2866,1630,1236,3,295,597,767,684,520,3,160,297,422,377,371,0,135,300,345,307,149
2021,3,A,골목상권,2110452,새절역 3번,1444,869,575,3,116,220,343,416,346,3,59,102,181,239,285,0,57,118,162,177,61
2021,3,A,골목상권,2110451,증산역 4번,3034,2083,951,4,382,662,756,739,491,3,166,453,530,528,403,1,216,209,226,211,88
2021,3,A,골목상권,2110450,시립서북병원,4533,2159,2374,8,894,1069,1015,919,628,2,331,496,489,431,410,6,563,573,526,488,218
2021,3,A,골목상권,2110449,증산역 3번,3046,1961,1085,1,417,740,797,725,366,0,164,495,543,508,251,1,253,245,254,217,115
2021,3,A,골목상권,2110448,상신초등학교입구,1375,785,590,3,145,292,338,322,275,1,88,163,177,167,189,2,57,129,161,155,86
2021,3,A,골목상권,2110447,구산초등학교,1694,1213,481,2,100,239,363,721,269,0,46,110,217,608,232,2,54,129,146,113,37
2021,3,A,골목상권,2110446,내를건너서숲으로도서관,1148,777,371,0,135,243,292,279,199,0,95,161,174,174,173,0,40,82,118,105,26
2021,3,A,골목상권,2110445,덕산중학교,1312,649,663,5,274,319,252,247,215,0,87,169,142,108,143,5,187,150,110,139,72
2021,3,A,골목상권,2110444,수색성당,2661,1802,859,0,198,389,448,542,1084,0,77,194,209,332,990,0,121,195,239,210,94
2021,3,A,골목상권,2110443,수색역 1번,434,287,147,0,42,62,103,136,91,0,17,34,66,96,74,0,25,28,37,40,17
2021,3,A,골목상권,2110442,화랑대철도공원,1159,494,665,2,139,197,301,376,144,2,48,69,108,178,89,0,91,128,193,198,55
2021,3,A,골목상권,2110441,영신여고,1046,454,592,3,105,241,283,309,105,3,45,111,107,126,62,0,60,130,176,183,43
2021,3,A,골목상권,2110440,상계3동4동주민센터,231,87,144,1,38,35,61,53,43,0,13,11,23,19,21,1,25,24,38,34,22
2021,3,A,골목상권,2110439,당고개역 5번,1670,1328,342,1,65,111,343,684,466,0,20,60,265,575,408,1,45,51,78,109,58
2021,3,A,골목상권,2110438,경춘선숲길 우측,3326,1509,1817,2,552,854,911,715,292,1,156,360,411,369,212,1,396,494,500,346,80
2021,3,A,골목상권,2110437,당고개역 2번,2037,1506,531,1,104,171,467,791,503,0,40,88,309,634,435,1,64,83,158,157,68
2021,3,A,골목상권,2110436,상계제일중학교,2066,1047,1019,12,209,464,514,508,359,7,73,229,274,237,227,5,136,235,240,271,132
2021,3,A,골목상권,2110435,서울과학기술대,1792,1224,568,2,186,412,462,475,255,0,112,256,301,331,224,2,74,156,161,144,31
2021,3,A,골목상권,2110434,태릉입구역 4번,3300,1461,1839,4,314,539,764,908,771,2,129,312,364,332,322,2,185,227,400,576,449
2021,3,A,골목상권,2110433,공릉역 2번,4470,2428,2042,8,421,620,969,1270,1182,3,195,339,507,667,717,5,226,281,462,603,465
2021,3,A,골목상권,2110432,대진고등학교,3496,2336,1160,5,355,682,898,1023,533,2,168,399,577,774,416,3,187,283,321,249,117
2021,3,A,골목상권,2110431,상계역,1658,716,942,4,180,322,440,437,275,0,50,144,212,164,146,4,130,178,228,273,129
2021,3,A,골목상권,2110430,중계초등학교,1642,961,681,6,165,297,390,441,343,2,77,164,213,244,261,4,88,133,177,197,82
2021,3,A,골목상권,2110429,공릉동 국수거리,5223,2800,2423,7,523,744,1099,1485,1365,3,246,412,543,754,842,4,277,332,556,731,523
2021,3,A,골목상권,2110428,상계5동주민센터,2338,1163,1175,7,172,298,441,608,812,3,62,155,202,282,459,4,110,143,239,326,353
2021,3,A,골목상권,2110427,노원 을지대학교병원,2885,2027,858,3,300,579,725,832,446,0,149,351,505,667,355,3,151,228,220,165,91
2021,3,A,골목상권,2110426,상계2동주민센터,2834,1540,1294,16,401,546,733,694,444,11,153,300,370,386,320,5,248,246,363,308,124
2021,3,A,골목상권,2110425,계상초등학교,2572,1219,1353,6,228,345,564,659,770,4,90,195,248,280,402,2,138,150,316,379,368
2021,3,A,골목상권,2110424,상계초등학교,2079,864,1215,5,272,368,533,553,348,5,89,181,216,215,158,0,183,187,317,338,190
2021,3,A,골목상권,2110423,석계역 2번,1883,895,988,5,253,375,553,418,279,3,106,197,271,183,135,2,147,178,282,235,144
2021,3,A,골목상권,2110422,노원역 9번,1955,819,1136,3,268,390,499,508,287,1,81,196,208,195,138,2,187,194,291,313,149
2021,3,A,골목상권,2110421,석계역 1번,1716,845,871,4,186,278,426,473,349,2,71,119,191,230,232,2,115,159,235,243,117
2021,3,A,골목상권,2110420,광운대역 1번,1718,979,739,10,353,518,466,244,127,3,175,350,258,123,70,7,178,168,208,121,57
2021,3,A,골목상권,2110419,수락산디자인거리,4260,2771,1489,13,429,898,1053,1126,741,12,245,615,683,706,510,1,184,283,370,420,231
2021,3,A,골목상권,2110418,광운대학교 남단,2484,1345,1139,17,445,664,598,481,279,5,192,396,291,252,209,12,253,268,307,229,70
2021,3,A,골목상권,2110417,월계역 3번,441,184,257,2,62,77,94,122,84,2,23,41,37,47,34,0,39,36,57,75,50
2021,3,A,골목상권,2110416,노원초등학교,1385,669,716,8,135,266,331,352,293,6,53,138,153,171,148,2,82,128,178,181,145
2021,3,A,골목상권,2110415,수락산역 4번,3553,1980,1573,19,461,687,836,890,660,16,254,421,481,483,325,3,207,266,355,407,335
2021,3,A,골목상권,2110414,장석교회,752,511,241,5,70,109,166,205,197,3,38,57,98,139,176,2,32,52,68,66,21
2021,3,A,골목상권,2110413,누원고등학교,580,375,205,0,37,71,120,164,188,0,16,45,70,104,140,0,21,26,50,60,48
2021,3,A,골목상권,2110412,창동중학교,1521,1149,372,3,118,224,267,505,404,1,73,121,160,412,382,2,45,103,107,93,22
2021,3,A,골목상권,2110411,도봉역 3번,1802,1132,670,2,126,304,360,519,491,1,33,150,187,351,410,1,93,154,173,168,81
2021,3,A,골목상권,2110410,방학역 2번,5708,3428,2280,10,558,1304,1395,1507,934,9,280,756,767,936,680,1,278,548,628,571,254
2021,3,A,골목상권,2110409,창동역 2번,6649,4154,2495,6,756,1498,1635,1402,1352,4,385,1020,1098,743,904,2,371,478,537,659,448
2021,3,A,골목상권,2110408,가인초등학교,5577,3850,1727,5,581,1307,1343,1121,1220,3,343,986,1014,685,819,2,238,321,329,436,401
2021,3,A,골목상권,2110407,도봉역 2번,2678,1900,778,7,190,399,535,778,769,5,95,243,303,572,682,2,95,156,232,206,87
2021,3,A,골목상권,2110406,도봉산역 1번,1362,928,434,0,45,103,268,453,493,0,17,63,189,336,323,0,28,40,79,117,170
2021,3,A,골목상권,2110405,방학역 1번,2975,1622,1353,6,288,534,730,892,525,5,159,353,350,369,386,1,129,181,380,523,139
2021,3,A,골목상권,2110404,신창초등학교,2334,1247,1087,11,291,485,642,611,294,8,108,229,337,362,203,3,183,256,305,249,91
2021,3,A,골목상권,2110403,방학1동주민센터,3553,1965,1588,10,456,716,860,1052,459,6,261,473,457,498,270,4,195,243,403,554,189
2021,3,A,골목상권,2110402,도봉구 정병원,2172,1117,1055,5,296,450,517,579,325,4,109,246,277,283,198,1,187,204,240,296,127
2021,3,A,골목상권,2110401,도봉구민회관,5856,3856,2000,1,599,1299,1388,1267,1302,0,346,940,977,718,875,1,253,359,411,549,427
2021,3,A,골목상권,2110400,도봉구보건소,2134,1058,1076,4,298,390,510,558,374,3,99,190,250,278,238,1,199,200,260,280,136
2021,3,A,골목상권,2110399,창2동주민센터,1982,1088,894,10,245,463,553,465,246,9,128,273,295,219,164,1,117,190,258,246,82
2021,3,A,골목상권,2110398,쌍문2동우체국,2359,1255,1104,1,247,367,547,725,472,1,87,168,253,427,319,0,160,199,294,298,153
2021,3,A,골목상권,2110397,도봉산입구,1579,963,616,1,95,207,290,413,573,1,25,106,157,272,402,0,70,101,133,141,171
2021,3,A,골목상권,2110396,쌍문역1번(쌍리단길),1577,763,814,4,242,329,382,395,225,1,84,135,198,208,137,3,158,194,184,187,88
2021,3,A,골목상권,2110395,신한은행 방학동지점,1120,597,523,4,157,280,302,227,150,3,72,148,158,121,95,1,85,132,144,106,55
2021,3,A,골목상권,2110394,방학중학교,1435,629,806,1,142,279,358,336,319,1,52,119,150,152,155,0,90,160,208,184,164
2021,3,A,골목상권,2110393,국민은행방학지점,1001,461,540,3,124,275,252,240,107,2,39,137,120,96,67,1,85,138,132,144,40
2021,3,A,골목상권,2110392,발바닥공원,704,449,255,3,99,210,202,121,69,2,39,126,148,81,53,1,60,84,54,40,16
2021,3,A,골목상권,2110391,샘말어린이공원,1172,574,598,0,93,215,234,283,347,0,34,95,107,140,198,0,59,120,127,143,149
2021,3,A,골목상권,2110390,방학초등학교,1901,820,1081,3,194,445,458,515,286,2,59,201,209,188,161,1,135,244,249,327,125
2021,3,A,골목상권,2110389,한일병원,3050,1577,1473,1,573,707,741,679,349,1,171,353,410,396,246,0,402,354,331,283,103
2021,3,A,골목상권,2110388,도봉우체국,2071,923,1148,4,436,450,512,485,184,3,105,207,224,244,140,1,331,243,288,241,44
2021,3,A,골목상권,2110387,쌍문초등학교,1678,803,875,0,227,365,452,414,220,0,67,151,187,208,190,0,160,214,265,206,30
2021,3,A,골목상권,2110386,연산군묘,1120,668,452,0,136,219,227,306,232,0,61,122,131,158,196,0,75,97,96,148,36
2021,3,A,골목상권,2110385,효문고등학교,780,268,512,0,136,158,203,185,98,0,33,42,60,71,62,0,103,116,143,114,36
2021,3,A,골목상권,2110384,문이교,622,295,327,1,71,88,145,188,129,0,21,33,51,98,92,1,50,55,94,90,37
2021,3,A,골목상권,2110383,덕성여대시반거리,494,170,324,0,83,84,121,116,90,0,12,24,42,39,53,0,71,60,79,77,37
2021,3,A,골목상권,2110382,솔밭공원역 1번,967,418,549,1,145,169,222,256,174,0,31,52,83,123,129,1,114,117,139,133,45
2021,3,A,골목상권,2110381,번동주공2단지,1056,559,497,5,107,230,262,299,153,4,33,95,131,178,118,1,74,135,131,121,35
2021,3,A,골목상권,2110380,강북문화정보도서관,980,504,476,5,99,143,203,291,239,3,30,74,101,150,146,2,69,69,102,141,93
2021,3,A,골목상권,2110379,KT&G 북부지사,767,383,384,2,97,108,197,257,106,0,47,44,83,145,64,2,50,64,114,112,42
2021,3,A,골목상권,2110378,송중동주민센터,1170,548,622,8,119,172,339,287,245,6,52,74,144,126,146,2,67,98,195,161,99
2021,3,A,골목상권,2110377,미아사거리역 3번,1050,449,601,7,158,220,271,253,141,6,51,81,107,112,92,1,107,139,164,141,49
2021,3,A,골목상권,2110376,수송초등학교,4978,2722,2256,8,551,1213,1234,1264,708,6,230,624,673,782,407,2,321,589,561,482,301
2021,3,A,골목상권,2110375,서울북부고용노동지청,1301,632,669,2,141,171,335,392,260,0,58,78,134,204,158,2,83,93,201,188,102
2021,3,A,골목상권,2110374,송중초등학교,2009,977,1032,7,186,338,530,528,420,6,61,128,222,264,296,1,125,210,308,264,124
2021,3,A,골목상권,2110373,수유역 2번,4903,2639,2264,10,549,1094,1104,1278,868,8,214,534,563,814,506,2,335,560,541,464,362
2021,3,A,골목상권,2110372,강북중학교,1588,852,736,1,167,364,452,356,248,1,87,203,249,169,143,0,80,161,203,187,105
2021,3,A,골목상권,2110371,삼양입구사거리,1233,656,577,2,114,236,332,331,218,2,43,109,155,183,164,0,71,127,177,148,54
2021,3,A,골목상권,2110370,도봉세무서,1385,735,650,7,100,222,365,379,312,6,28,93,168,200,240,1,72,129,197,179,72
2021,3,A,골목상권,2110369,성신여대운정그린캠퍼스,4108,2368,1740,5,481,782,894,1069,877,1,210,445,512,655,545,4,271,337,382,414,332
2021,3,A,골목상권,2110368,송천초등학교,5342,2779,2563,416,2025,1339,744,507,311,177,905,732,414,294,257,239,1120,607,330,213,54
2021,3,A,골목상권,2110367,강북구청,5008,2534,2474,10,519,1028,1016,1220,1215,8,207,520,524,762,513,2,312,508,492,458,702
2021,3,A,골목상권,2110366,광산사거리,3568,1624,1944,6,321,730,793,840,878,4,125,324,383,466,322,2,196,406,410,374,556
2021,3,A,골목상권,2110365,미아역 5번,1610,747,863,3,136,224,389,402,456,3,45,85,163,219,232,0,91,139,226,183,224
2021,3,A,골목상권,2110364,미아역 8번,1852,961,891,3,226,366,513,491,253,1,85,173,274,268,160,2,141,193,239,223,93
2021,3,A,골목상권,2110363,송천동주민센터,819,499,320,2,54,138,220,209,196,1,23,71,116,131,157,1,31,67,104,78,39
2021,3,A,골목상권,2110362,우이천 계성교,2117,1320,797,2,227,296,541,686,365,0,74,153,330,480,283,2,153,143,211,206,82
2021,3,A,골목상권,2110361,삼양사거리역 1번,1111,550,561,3,66,131,213,280,418,2,24,58,105,156,205,1,42,73,108,124,213
2021,3,A,골목상권,2110360,수유초등학교,2635,1274,1361,5,299,387,567,782,595,1,79,163,238,375,418,4,220,224,329,407,177
2021,3,A,골목상권,2110359,수유시장옆,5157,2359,2798,6,450,898,1053,1316,1434,4,136,365,470,708,676,2,314,533,583,608,758
2021,3,A,골목상권,2110358,인수동 우편취급국,2810,1471,1339,2,265,403,554,783,803,0,80,179,255,417,540,2,185,224,299,366,263
2021,3,A,골목상권,2110357,가오리역 1번,2401,1556,845,1,127,166,397,647,1063,0,34,71,252,471,728,1,93,95,145,176,335
2021,3,A,골목상권,2110356,덕수교,2011,1093,918,0,145,214,368,345,939,0,37,85,163,165,643,0,108,129,205,180,296
2021,3,A,골목상권,2110355,삼양사거리역 2번,905,486,419,2,85,153,223,225,217,1,22,49,110,139,165,1,63,104,113,86,52
2021,3,A,골목상권,2110354,삼각산119안전센터,365,141,224,1,38,87,110,81,48,0,9,25,45,32,30,1,29,62,65,49,18
2021,3,A,골목상권,2110353,수유동우체국,2389,1550,839,0,129,158,408,615,1079,0,26,73,267,444,740,0,103,85,141,171,339
2021,3,A,골목상권,2110352,수유1동주민센터,1621,708,913,1,183,303,456,479,199,0,61,122,184,209,132,1,122,181,272,270,67
2021,3,A,골목상권,2110351,수유북부시장옆,1877,1274,603,0,96,227,484,737,333,0,36,133,349,484,272,0,60,94,135,253,61
2021,3,A,골목상권,2110350,가오리역 2번,2640,1559,1081,0,221,477,709,807,426,0,62,232,442,507,316,0,159,245,267,300,110
2021,3,A,골목상권,2110349,화계역 2번,1164,619,545,0,95,179,284,397,209,0,37,65,127,214,176,0,58,114,157,183,33
2021,3,A,골목상권,2110348,강북문화예술회관,3953,2554,1399,0,227,512,876,1129,1209,0,65,242,587,813,847,0,162,270,289,316,362
2021,3,A,골목상권,2110347,구세군강북종합사회복지관,443,186,257,0,54,96,140,85,68,0,10,34,63,36,43,0,44,62,77,49,25
2021,3,A,골목상권,2110346,4.19민주묘지역 2번,754,369,385,0,109,137,212,161,135,0,22,69,113,81,84,0,87,68,99,80,51
2021,3,A,골목상권,2110345,솔밭공원역 2번,1604,918,686,1,168,207,320,549,359,0,35,65,142,387,289,1,133,142,178,162,70
2021,3,A,골목상권,2110344,화계중학교,815,417,398,0,75,148,217,296,79,0,39,57,111,143,67,0,36,91,106,153,12
2021,3,A,골목상권,2110343,무너미어린이공원,2303,1336,967,0,149,297,429,446,982,0,49,177,246,213,651,0,100,120,183,233,331
2021,3,A,골목상권,2110342,국립재활원,2250,1364,886,1,194,476,644,645,290,0,66,242,426,420,210,1,128,234,218,225,80
2021,3,A,골목상권,2110341,북한산우이역 2번,860,529,331,0,44,68,132,304,312,0,14,31,72,258,154,0,30,37,60,46,158
2021,3,A,골목상권,2110340,인수중학교,1205,760,445,6,164,256,276,329,174,6,81,173,168,189,143,0,83,83,108,140,31
2021,3,A,골목상권,2110339,국립4.19민주묘지,1097,718,379,6,146,196,248,305,196,6,67,139,153,190,163,0,79,57,95,115,33
2021,3,A,골목상권,2110338,인수초등학교,1955,1067,888,6,266,494,469,470,250,6,111,260,248,248,194,0,155,234,221,222,56
2021,3,A,골목상권,2110337,아카데미하우스,1438,921,517,6,178,311,344,390,209,6,85,207,216,232,175,0,93,104,128,158,34
2021,3,A,골목상권,2110336,석관고등학교,1951,1389,562,1,128,204,257,338,1023,0,66,113,151,240,819,1,62,91,106,98,204
2021,3,A,골목상권,2110335,석계역 7번,2887,1837,1050,2,243,313,463,598,1268,0,99,147,243,370,978,2,144,166,220,228,290
2021,3,A,골목상권,2110334,석관중앙교회,1691,1099,592,3,192,394,413,449,240,0,95,241,244,324,195,3,97,153,169,125,45
2021,3,A,골목상권,2110333,돌곶이역 5번,2875,2051,824,4,237,375,414,553,1292,0,107,239,264,375,1066,4,130,136,150,178,226
2021,3,A,골목상권,2110332,돌곶이역 3번,2402,1642,760,6,189,237,310,429,1231,1,74,125,174,259,1009,5,115,112,136,170,222
2021,3,A,골목상권,2110331,돌곶이역 8번,1331,817,514,4,173,283,315,283,273,0,60,182,193,164,218,4,113,101,122,119,55
2021,3,A,골목상권,2110330,돌곶이역 1번,1199,626,573,1,137,217,277,273,294,0,40,102,128,127,229,1,97,115,149,146,65
2021,3,A,골목상권,2110329,우리은행체육관,1280,745,535,8,131,269,305,313,254,4,45,134,165,200,197,4,86,135,140,113,57
2021,3,A,골목상권,2110328,상월곡역 3번,966,544,422,4,142,252,268,208,92,1,59,142,158,118,66,3,83,110,110,90,26
2021,3,A,골목상권,2110327,상월곡역 2번,1998,1149,849,5,355,494,539,387,218,1,166,295,311,215,161,4,189,199,228,172,57
2021,3,A,골목상권,2110326,장위동성당,2029,1211,818,4,314,426,541,433,311,3,149,249,314,263,233,1,165,177,227,170,78
2021,3,A,골목상권,2110325,장곡초등학교,1638,957,681,8,198,313,438,380,301,6,100,176,257,221,197,2,98,137,181,159,104
2021,3,A,골목상권,2110324,월곡역 4번,3140,1982,1158,5,533,1043,730,527,302,1,265,704,453,335,224,4,268,339,277,192,78
2021,3,A,골목상권,2110323,상월곡역 1번,4067,2556,1511,5,678,1174,962,808,440,1,336,790,596,503,330,4,342,384,366,305,110
2021,3,A,골목상권,2110322,장위1동주민센터,1274,741,533,8,218,235,278,270,265,4,110,153,164,146,164,4,108,82,114,124,101
2021,3,A,골목상권,2110321,동덕여대,2313,1366,947,1,299,420,551,516,526,0,134,242,299,273,418,1,165,178,252,243,108
2021,3,A,골목상권,2110320,KB국민은행 종암동지점,1182,673,509,1,119,228,369,325,140,1,35,101,200,239,97,0,84,127,169,86,43
2021,3,A,골목상권,2110319,종암동주민센터,2766,1528,1238,6,392,614,672,775,307,1,178,373,362,458,156,5,214,241,310,317,151
2021,3,A,골목상권,2110318,KT월곡지사,4670,3051,1619,8,464,852,998,1077,1271,3,232,511,595,716,994,5,232,341,403,361,277
2021,3,A,골목상권,2110317,종암중학교,984,490,494,0,108,232,312,228,104,0,37,97,154,140,62,0,71,135,158,88,42
2021,3,A,골목상권,2110316,숭곡초등학교,3749,2252,1497,12,320,511,783,810,1313,11,132,241,383,471,1014,1,188,270,400,339,299
2021,3,A,골목상권,2110315,종암아이파크2차,19523,10008,9515,57,1546,5002,7164,5525,229,13,627,1664,3177,4378,149,44,919,3338,3987,1147,80
2021,3,A,골목상권,2110314,종암경찰서,22088,12093,9995,63,1812,5489,7636,6091,997,14,829,2083,3572,4842,753,49,983,3406,4064,1249,244
2021,3,A,골목상권,2110313,안암역 3번,4486,2929,1557,7,548,1055,1239,1027,610,3,263,654,815,721,473,4,285,401,424,306,137
2021,3,A,골목상권,2110312,안암역 2번,1666,856,810,1,199,457,563,337,109,0,70,198,309,204,75,1,129,259,254,133,34
2021,3,A,골목상권,2110311,종암아이파크2차후문,18419,9472,8947,55,1397,4775,6829,5279,84,12,583,1567,3015,4229,66,43,814,3208,3814,1050,18
2021,3,A,골목상권,2110310,길음역 10번,2304,969,1335,10,637,675,493,352,137,1,143,321,258,161,85,9,494,354,235,191,52
2021,3,A,골목상권,2110309,대광초등학교,3669,2531,1138,12,521,883,910,786,557,4,294,622,640,561,410,8,227,261,270,225,147
2021,3,A,골목상권,2110308,길음역 8번,7178,3463,3715,428,2655,1922,1125,688,360,177,1050,1021,613,334,268,251,1605,901,512,354,92
2021,3,A,골목상권,2110307,길음역 7번,2596,948,1648,10,718,682,547,427,212,0,146,268,216,179,139,10,572,414,331,248,73
2021,3,A,골목상권,2110306,미아초등학교,5376,2688,2688,419,2073,1365,788,449,282,176,923,736,412,220,221,243,1150,629,376,229,61
2021,3,A,골목상권,2110305,보문역 5번,6471,4952,1519,11,812,2114,1358,1346,830,5,488,1734,1085,1066,574,6,324,380,273,280,256
2021,3,A,골목상권,2110304,보문역 4번,5081,2911,2170,4,547,1204,1258,1332,736,3,248,624,733,863,440,1,299,580,525,469,296
2021,3,A,골목상권,2110303,성신여대입구역 1번,2302,983,1319,23,343,507,539,532,358,11,93,195,230,247,207,12,250,312,309,285,151
2021,3,A,골목상권,2110302,보문역 8번,6611,5075,1536,7,801,2204,1491,1413,695,2,445,1775,1209,1164,480,5,356,429,282,249,215
2021,3,A,골목상권,2110301,성신여대입구역 7번,2407,1250,1157,22,336,473,551,587,438,16,112,206,285,329,302,6,224,267,266,258,136
2021,3,A,골목상권,2110300,삼선동주민센터,7082,3275,3807,21,849,1747,2084,1699,682,12,261,673,916,1026,387,9,588,1074,1168,673,295
2021,3,A,골목상권,2110299,정릉역 1번,2389,1112,1277,6,327,495,591,580,390,1,79,200,234,301,297,5,248,295,357,279,93
2021,3,A,골목상권,2110298,솔숲어린이공원,1609,756,853,6,199,274,412,438,280,1,58,98,163,222,214,5,141,176,249,216,66
2021,3,A,골목상권,2110297,경동고등학교,9374,4825,4549,19,1150,2351,2816,2260,778,8,435,1116,1431,1392,443,11,715,1235,1385,868,335
2021,3,A,골목상권,2110296,성신여대입구역 4번,13044,7926,5118,60,2010,3119,4030,2350,1475,26,917,1816,2693,1739,735,34,1093,1303,1337,611,740
2021,3,A,골목상권,2110295,정릉우체국,2490,1166,1324,2,366,486,617,609,410,0,99,203,246,329,289,2,267,283,371,280,121
2021,3,A,골목상권,2110294,서경대학교,2549,1324,1225,1,378,447,634,629,460,0,105,193,305,381,340,1,273,254,329,248,120
2021,3,A,골목상권,2110293,삼선중학교,16035,9034,7001,63,2380,3897,5184,2868,1643,27,1059,2173,3103,1899,773,36,1321,1724,2081,969,870
2021,3,A,골목상권,2110292,정릉역 2번,1455,558,897,1,246,356,390,314,148,0,62,144,125,131,96,1,184,212,265,183,52
2021,3,A,골목상권,2110291,한성대입구역 3번,4682,2808,1874,4,513,944,1389,1258,574,2,184,541,891,836,354,2,329,403,498,422,220
2021,3,A,골목상권,2110290,북한산보국문역 1번,1034,535,499,2,104,127,218,313,270,0,28,65,110,176,156,2,76,62,108,137,114
2021,3,A,골목상권,2110289,북한산보국문역 2번,1888,951,937,0,291,395,491,441,270,0,88,179,225,255,204,0,203,216,266,186,66
2021,3,A,골목상권,2110288,동구여중,4250,2398,1852,23,496,930,1431,989,381,12,211,489,785,607,294,11,285,441,646,382,87
2021,3,A,골목상권,2110287,정릉3동주민센터,1637,1229,408,0,230,512,449,314,132,0,133,403,340,243,110,0,97,109,109,71,22
2021,3,A,골목상권,2110286,한성대입구역 5번,6385,3175,3210,20,806,1509,1805,1506,739,9,265,708,929,826,438,11,541,801,876,680,301
2021,3,A,골목상권,2110285,홍대부중,5373,2950,2423,12,1018,1547,1503,934,359,7,415,798,842,619,269,5,603,749,661,315,90
2021,3,A,골목상권,2110284,정릉북한산국립공원입구,1223,860,363,0,80,214,331,411,187,0,23,120,249,314,154,0,57,94,82,97,33
2021,3,A,골목상권,2110283,성북초등학교앞,4093,2342,1751,15,771,1263,1080,686,278,9,312,713,699,425,184,6,459,550,381,261,94
2021,3,A,골목상권,2110282,국민대학교앞,1943,1389,554,15,322,603,452,316,235,14,185,441,355,248,146,1,137,162,97,68,89
2021,3,A,골목상권,2110281,길상사,17018,13990,3028,25,2042,3972,4890,5544,545,4,1214,2904,4251,5231,386,21,828,1068,639,313,159
2021,3,A,골목상권,2110280,북정마을,14960,12846,2114,18,1405,3400,4437,5321,379,4,942,2610,3998,5030,262,14,463,790,439,291,117
2021,3,A,골목상권,2110279,신내역 2번,2047,735,1312,1,530,644,403,373,96,0,99,241,188,148,59,1,431,403,215,225,37
2021,3,A,골목상권,2110278,망우본동주민센터,2878,1577,1301,10,284,489,618,849,628,1,85,183,285,500,523,9,199,306,333,349,105
2021,3,A,골목상권,2110277,러스크서울병원,2130,1283,847,13,203,291,394,651,578,2,69,98,204,424,486,11,134,193,190,227,92
2021,3,A,골목상권,2110276,신내IC북측,607,375,232,0,44,112,142,253,56,0,25,88,107,124,31,0,19,24,35,129,25
2021,3,A,골목상권,2110275,하나은행 망우동지점,1686,1011,675,10,166,215,299,524,472,0,46,66,154,349,396,10,120,149,145,175,76
2021,3,A,골목상권,2110274,서일대학교,2030,1277,753,2,173,309,487,576,483,1,57,162,302,404,351,1,116,147,185,172,132
2021,3,A,골목상권,2110273,장스여성병원,1613,1000,613,9,132,209,298,500,465,1,34,80,150,339,396,8,98,129,148,161,69
2021,3,A,골목상권,2110272,신내1동주민센터,5843,3433,2410,7,756,1311,1295,1459,1015,6,386,660,668,911,802,1,370,651,627,548,213
2021,3,A,골목상권,2110271,신내역 1번,2658,1073,1585,5,607,752,539,616,139,1,134,318,283,257,80,4,473,434,256,359,59
2021,3,A,골목상권,2110270,혜원여고,1224,728,496,0,98,181,286,344,315,0,39,103,157,210,219,0,59,78,129,134,96
2021,3,A,골목상권,2110269,용마문화복지센터,1320,882,438,1,120,224,285,389,301,0,50,133,182,292,225,1,70,91,103,97,76
2021,3,A,골목상권,2110268,망우3동주민센터,1612,1031,581,3,203,323,368,411,304,3,130,207,213,250,228,0,73,116,155,161,76
2021,3,A,골목상권,2110267,망우역 2번,3855,2306,1549,17,545,783,816,902,792,13,310,445,442,506,590,4,235,338,374,396,202
2021,3,A,골목상권,2110266,면목동우체국,3102,1920,1182,7,322,539,733,852,649,2,104,264,432,611,507,5,218,275,301,241,142
2021,3,A,골목상권,2110265,망우역 1번,3076,1829,1247,16,364,540,716,803,637,5,170,256,354,517,527,11,194,284,362,286,110
2021,3,A,골목상권,2110264,면목역 2번,2233,1223,1010,3,236,458,534,610,392,0,80,225,279,374,265,3,156,233,255,236,127
2021,3,A,골목상권,2110263,면목역 1번,2962,1753,1209,6,445,738,846,625,302,3,244,499,441,330,236,3,201,239,405,295,66
2021,3,A,골목상권,2110262,상봉역 3번,3221,1967,1254,8,450,790,948,652,373,4,252,530,510,366,305,4,198,260,438,286,68
2021,3,A,골목상권,2110261,사가정역 4번,3127,2086,1041,5,288,460,746,997,631,4,111,243,469,761,498,1,177,217,277,236,133
2021,3,A,골목상권,2110260,면목역 3번,2514,1442,1072,3,356,591,717,548,299,0,154,393,354,299,242,3,202,198,363,249,57
2021,3,A,골목상권,2110259,사가정역 1번,3127,1865,1262,6,337,678,872,745,489,3,144,363,490,495,370,3,193,315,382,250,119
2021,3,A,골목상권,2110258,면동초등학교,2037,1206,831,5,240,437,528,494,333,1,106,255,280,307,257,4,134,182,248,187,76
2021,3,A,골목상권,2110257,상봉역 7번,2452,1607,845,11,219,403,552,647,620,10,108,220,301,442,526,1,111,183,251,205,94
2021,3,A,골목상권,2110256,면목2동체육관,3547,2122,1425,5,446,738,941,853,564,1,202,481,507,484,447,4,244,257,434,369,117
2021,3,A,골목상권,2110255,상봉역 4번,4458,2784,1674,6,479,915,1219,1023,816,1,229,569,676,643,666,5,250,346,543,380,150
2021,3,A,골목상권,2110254,오거리공원,2416,1571,845,3,191,424,659,814,325,2,79,223,410,603,254,1,112,201,249,211,71
2021,3,A,골목상권,2110253,중곡초등학교,1855,1320,535,2,153,294,471,641,294,1,81,182,321,513,222,1,72,112,150,128,72
2021,3,A,골목상권,2110252,장안제일시장,1993,1261,732,2,203,364,494,505,425,1,97,223,245,330,365,1,106,141,249,175,60
2021,3,A,골목상권,2110251,장안중학교,2262,1349,913,0,231,428,502,567,534,0,89,190,253,357,460,0,142,238,249,210,74
2021,3,A,골목상권,2110250,화랑대역 7번,1509,739,770,5,140,332,409,398,225,1,49,156,183,195,155,4,91,176,226,203,70
2021,3,A,골목상권,2110249,중화역 1번,3063,1949,1114,1,402,709,752,735,464,1,223,405,433,507,380,0,179,304,319,228,84
2021,3,A,골목상권,2110248,먹골파출소,1263,628,635,3,134,298,352,301,175,0,45,145,171,147,120,3,89,153,181,154,55
2021,3,A,골목상권,2110247,먹골역 1번,2991,1922,1069,0,398,676,750,773,394,0,207,418,446,532,319,0,191,258,304,241,75
2021,3,A,골목상권,2110246,월드순복음교회,2145,1274,871,4,193,347,472,594,535,1,63,160,269,364,417,3,130,187,203,230,118
2021,3,A,골목상권,2110245,KB국민은행 중화동지점,2037,1261,776,3,166,345,495,514,514,1,63,179,281,323,414,2,103,166,214,191,100
2021,3,A,골목상권,2110244,중화역 4번,2398,1528,870,2,356,606,575,562,297,2,209,364,342,382,229,0,147,242,233,180,68
2021,3,A,골목상권,2110243,중랑노인종합복지관,1660,977,683,2,141,271,376,485,385,1,50,133,206,282,305,1,91,138,170,203,80
2021,3,A,골목상권,2110242,면목5동주민센터,1226,796,430,1,101,187,289,334,314,0,45,120,154,211,266,1,56,67,135,123,48
2021,3,A,골목상권,2110241,먹골역 5번,2531,1611,920,1,347,608,639,667,269,1,191,387,378,452,202,0,156,221,261,215,67
2021,3,A,골목상권,2110240,태릉시장 특화거리,1145,548,597,8,174,260,261,239,203,6,84,106,113,110,129,2,90,154,148,129,74
2021,3,A,골목상권,2110239,중랑역 2번,690,313,377,5,95,118,156,155,161,2,29,46,64,73,99,3,66,72,92,82,62
2021,3,A,골목상권,2110238,배꽃어린이공원,1473,1122,351,2,227,342,337,358,207,2,157,266,243,292,162,0,70,76,94,66,45
2021,3,A,골목상권,2110237,메가박스 상봉,3560,2363,1197,12,356,778,1051,1010,353,10,168,485,723,741,236,2,188,293,328,269,117
2021,3,A,골목상권,2110236,신묵초등학교,2471,1622,849,2,350,599,613,640,267,2,195,394,387,452,192,0,155,205,226,188,75
2021,3,A,골목상권,2110235,세화어린이공원,381,210,171,6,90,59,103,71,52,5,52,33,45,38,37,1,38,26,58,33,15
2021,3,A,골목상권,2110234,중랑역 4번,3174,2317,857,12,298,719,1010,858,277,10,155,484,757,704,207,2,143,235,253,154,70
2021,3,A,골목상권,2110233,중랑역 1번,3032,2188,844,17,357,651,916,814,277,14,188,439,671,673,203,3,169,212,245,141,74
2021,3,A,골목상권,2110232,동대부고,3028,1420,1608,3,381,593,816,786,449,1,123,264,333,381,318,2,258,329,483,405,131
2021,3,A,골목상권,2110231,장안교,1741,1065,676,6,143,324,461,478,329,4,59,155,249,315,283,2,84,169,212,163,46
2021,3,A,골목상권,2110230,장안현대홈타운1차아파트,5246,2850,2396,14,898,1262,1405,1131,536,10,473,718,698,598,353,4,425,544,707,533,183
2021,3,A,골목상권,2110229,장평중학교,5475,3447,2028,11,604,1021,1167,1234,1438,7,309,620,723,769,1019,4,295,401,444,465,419
2021,3,A,골목상권,2110228,장안근린공원,6839,3589,3250,54,2007,1290,1365,1326,797,32,1034,727,628,629,539,22,973,563,737,697,258
2021,3,A,골목상권,2110227,답십리공원,4470,2551,1919,49,1629,777,743,784,488,30,929,507,422,364,299,19,700,270,321,420,189
2021,3,A,골목상권,2110226,장안1동주민센터,6971,3871,3100,22,858,1351,1602,1672,1466,17,403,767,886,926,872,5,455,584,716,746,594
2021,3,A,골목상권,2110225,촬영소사거리,2931,1595,1336,12,223,386,587,760,963,9,107,227,365,390,497,3,116,159,222,370,466
2021,3,A,골목상권,2110224,외대앞역 2번,1398,804,594,3,138,261,402,359,235,1,53,146,243,245,116,2,85,115,159,114,119
2021,3,A,골목상권,2110223,군자초등학교,6674,4353,2321,43,1459,1676,1307,1058,1131,11,711,1129,908,704,890,32,748,547,399,354,241
2021,3,A,골목상권,2110222,회기역 2번,2392,1179,1213,2,403,501,609,625,252,0,104,257,343,339,136,2,299,244,266,286,116
2021,3,A,골목상권,2110221,의릉,1144,696,448,3,127,310,315,263,126,0,43,194,185,173,101,3,84,116,130,90,25
2021,3,A,골목상권,2110220,외대앞역 1번,3641,1571,2070,2,688,923,946,679,403,1,133,336,444,404,253,1,555,587,502,275,150
2021,3,A,골목상권,2110219,삼육보건대학교,4450,2371,2079,4,582,896,1094,1128,746,2,182,417,615,657,498,2,400,479,479,471,248
2021,3,A,골목상권,2110218,답십리사거리,1435,853,582,7,165,299,369,350,245,5,66,165,204,224,189,2,99,134,165,126,56
2021,3,A,골목상권,2110217,자동차부품상가,6813,4504,2309,26,1478,1623,1457,1223,1006,21,859,1143,968,768,745,5,619,480,489,455,261
2021,3,A,골목상권,2110216,전농중학교,2153,1119,1034,3,263,476,586,555,270,1,114,236,297,296,175,2,149,240,289,259,95
2021,3,A,골목상권,2110215,회기역 1번,2459,902,1557,4,638,776,558,322,161,1,126,278,223,148,126,3,512,498,335,174,35
2021,3,A,골목상권,2110214,경희대후문,3292,1434,1858,1,689,917,862,572,251,1,134,332,426,346,195,0,555,585,436,226,56
2021,3,A,골목상권,2110213,청량초등학교,2169,702,1467,0,592,722,494,250,111,0,101,237,187,96,81,0,491,485,307,154,30
2021,3,A,골목상권,2110212,답십리초등학교,6736,3585,3151,26,1187,1542,1846,1660,475,22,887,1141,773,457,305,4,300,401,1073,1203,170
2021,3,A,골목상권,2110211,전곡마을마당공원,2826,1580,1246,4,375,594,732,764,357,1,152,275,439,468,245,3,223,319,293,296,112
2021,3,A,골목상권,2110210,서울시립대,3076,1537,1539,7,419,611,663,709,667,4,126,242,352,377,436,3,293,369,311,332,231
2021,3,A,골목상권,2110209,답십리 장령당공원,4354,2000,2354,4,640,954,1230,1197,329,1,470,685,419,202,223,3,170,269,811,995,106
2021,3,A,골목상권,2110208,시조사삼거리,2384,1294,1090,4,388,710,460,463,359,3,155,452,245,252,187,1,233,258,215,211,172
2021,3,A,골목상권,2110207,시립대앞사거리,2645,1363,1282,3,363,557,634,682,406,1,117,229,344,396,276,2,246,328,290,286,130
2021,3,A,골목상권,2110206,텃골근린공원,1284,744,540,2,151,241,347,340,203,1,84,134,221,207,97,1,67,107,126,133,106
2021,3,A,골목상권,2110205,경희대삼거리,3822,2069,1753,6,701,1290,710,636,479,4,281,760,405,362,257,2,420,530,305,274,222
2021,3,A,골목상권,2110204,간데메공원,1794,1235,559,6,298,435,450,379,226,3,196,277,304,275,180,3,102,158,146,104,46
2021,3,A,골목상권,2110203,떡전교사거리,1943,858,1085,2,261,350,385,429,516,2,79,140,162,190,285,0,182,210,223,239,231
2021,3,A,골목상권,2110202,전농1동주민센터(전농시장),593,343,250,0,76,107,147,149,114,0,49,61,93,85,55,0,27,46,54,64,59
2021,3,A,골목상권,2110201,전농119안전센터,825,530,295,0,102,158,244,182,139,0,68,101,168,117,76,0,34,57,76,65,63
2021,3,A,골목상권,2110200,동대문경찰서,1083,572,511,0,119,177,222,305,260,0,60,86,111,138,177,0,59,91,111,167,83
2021,3,A,골목상권,2110199,홍릉시장,1158,621,537,0,99,193,238,354,274,0,46,95,119,165,196,0,53,98,119,189,78
2021,3,A,골목상권,2110198,동대문중앙새마을금고본점,688,361,327,0,52,89,135,214,198,0,23,47,72,99,120,0,29,42,63,115,78
2021,3,A,골목상권,2110197,세종대왕기념관교차로,2510,1548,962,3,426,731,600,539,211,2,154,376,417,419,180,1,272,355,183,120,31
2021,3,A,골목상권,2110196,홍릉근린공원,1047,653,394,1,93,198,337,285,133,1,37,93,216,188,118,0,56,105,121,97,15
2021,3,A,골목상권,2110195,동대문구청,4287,2125,2162,6,481,906,1023,1183,688,3,186,393,469,674,400,3,295,513,554,509,288
2021,3,A,골목상권,2110194,홍파초등학교,1798,1085,713,2,140,330,522,522,282,1,84,184,314,291,211,1,56,146,208,231,71
2021,3,A,골목상권,2110193,고려대역 4번,1232,835,397,1,79,208,403,369,172,1,35,113,259,283,144,0,44,95,144,86,28
2021,3,A,골목상권,2110192,동의보감타워,5324,3233,2091,17,756,1316,1285,1303,647,8,482,802,763,820,358,9,274,514,522,483,289
2021,3,A,골목상권,2110191,고려대역 6번,1157,702,455,2,78,202,355,318,202,1,38,103,203,201,156,1,40,99,152,117,46
2021,3,A,골목상권,2110190,고대앞사거리,3236,1724,1512,5,469,907,933,626,296,2,192,462,500,367,201,3,277,445,433,259,95
2021,3,A,골목상권,2110189,제기동역 1번,6727,4533,2194,21,1156,1875,1505,1131,1039,8,647,1270,1059,767,782,13,509,605,446,364,257
2021,3,A,골목상권,2110188,용두동신동아아파트,9251,6800,2451,57,1038,1991,2191,2660,1314,37,705,1428,1679,1971,980,20,333,563,512,689,334
2021,3,A,골목상권,2110187,제기동역 6번,7263,4732,2531,20,1249,2025,1616,1231,1122,8,662,1282,1102,844,834,12,587,743,514,387,288
2021,3,A,골목상권,2110186,종암초등학교,3678,2369,1309,3,481,1024,1038,724,408,0,199,624,702,506,338,3,282,400,336,218,70
2021,3,A,골목상권,2110185,용두초등학교,9216,4802,4414,9,826,2131,2857,2357,1036,3,373,1210,1418,1091,707,6,453,921,1439,1266,329
2021,3,A,골목상권,2110184,용두사거리,7078,2654,4424,6,1108,1663,1364,1642,1295,2,332,723,563,452,582,4,776,940,801,1190,713
2021,3,A,골목상권,2110183,한국의류시험연구원,6586,2490,4096,5,1038,1511,1273,1514,1245,1,321,694,532,384,558,4,717,817,741,1130,687
2021,3,A,골목상권,2110182,용두희망어린이공원,8150,3848,4302,10,1180,1780,1735,2093,1352,4,438,992,944,839,631,6,742,788,791,1254,721
2021,3,A,골목상권,2110181,신설동역 9번,13079,7138,5941,34,1192,2706,3581,3279,2287,18,594,1610,1908,1605,1403,16,598,1096,1673,1674,884
2021,3,A,골목상권,2110180,광진정보도서관,9548,6222,3326,19,2321,3104,2006,1368,730,5,1187,2103,1425,958,544,14,1134,1001,581,410,186
2021,3,A,골목상권,2110179,광나루역 1번,6574,3993,2581,161,2344,1211,1143,1171,544,51,1118,831,807,821,365,110,1226,380,336,350,179
2021,3,A,골목상권,2110178,장로회신학대학교,2969,2050,919,2,411,751,730,698,377,0,227,542,543,493,245,2,184,209,187,205,132
2021,3,A,골목상권,2110177,동의초등학교,1459,779,680,1,169,274,393,406,216,0,61,146,213,214,145,1,108,128,180,192,71
2021,3,A,골목상권,2110176,해오름공원,4046,2107,1939,5,730,888,1169,939,315,2,195,417,665,579,249,3,535,471,504,360,66
2021,3,A,골목상권,2110175,푸른동산공원,9538,5255,4283,11,988,1818,2356,2694,1671,5,574,1201,1457,1185,833,6,414,617,899,1509,838
2021,3,A,골목상권,2110174,아차산역 1번,3794,2279,1515,7,421,721,1109,1004,532,3,189,430,702,589,366,4,232,291,407,415,166
2021,3,A,골목상권,2110173,구남초등학교,11730,6787,4943,24,1163,2242,2831,3303,2167,9,628,1467,1814,1629,1240,15,535,775,1017,1674,927
2021,3,A,골목상권,2110172,광진초등학교,3672,2114,1558,57,568,731,843,922,551,25,284,392,475,537,401,32,284,339,368,385,150
2021,3,A,골목상권,2110171,중곡4동주민센터,3077,1296,1781,4,590,757,782,700,244,2,117,276,348,364,189,2,473,481,434,336,55
2021,3,A,골목상권,2110170,동대부여고,6257,3117,3140,5,456,1045,1777,2129,845,2,193,556,964,908,494,3,263,489,813,1221,351
2021,3,A,골목상권,2110169,성동초등학교,6765,4291,2474,18,675,1492,1785,1727,1068,4,365,915,1130,1071,806,14,310,577,655,656,262
2021,3,A,골목상권,2110168,대원고등학교,2238,1319,919,4,229,483,556,618,348,2,102,238,295,395,287,2,127,245,261,223,61
2021,3,A,골목상권,2110167,용마초등학교,4509,2630,1879,12,580,923,1177,1052,765,4,313,546,644,575,548,8,267,377,533,477,217
2021,3,A,골목상권,2110166,구의1동주민센터,15219,11430,3789,17,1059,2485,4251,5895,1512,12,537,1532,3205,4890,1254,5,522,953,1046,1005,258
2021,3,A,골목상권,2110165,국립정신건강센터,2585,1477,1108,3,244,534,684,699,421,0,94,256,352,434,341,3,150,278,332,265,80
2021,3,A,골목상권,2110164,아차산역 5번,2694,1609,1085,7,347,531,659,642,508,2,169,304,401,359,374,5,178,227,258,283,134
2021,3,A,골목상권,2110163,성자초등학교,3129,1834,1295,13,357,640,850,913,356,9,224,372,481,482,266,4,133,268,369,431,90
2021,3,A,골목상권,2110162,군자역 4번,3924,2332,1592,15,598,853,977,809,672,8,340,511,565,435,473,7,258,342,412,374,199
2021,3,A,골목상권,2110161,중곡역 3번,2364,1591,773,7,197,379,569,778,434,2,89,224,353,586,337,5,108,155,216,192,97
2021,3,A,골목상권,2110160,광진경찰서,2323,1406,917,4,347,648,636,516,172,1,194,397,354,334,126,3,153,251,282,182,46
2021,3,A,골목상권,2110159,구의역 4번,15886,11761,4125,20,1195,2502,4360,6044,1765,14,552,1526,3278,4933,1458,6,643,976,1082,1111,307
2021,3,A,골목상권,2110158,중곡3동주민센터,2903,2098,805,5,253,521,703,934,487,1,136,358,470,736,397,4,117,163,233,198,90
2021,3,A,골목상권,2110157,자양동우체국,2103,1420,683,14,451,461,501,450,226,10,346,329,303,259,173,4,105,132,198,191,53
2021,3,A,골목상권,2110156,군자역 5번,3797,2348,1449,10,541,828,936,817,665,6,297,488,572,478,507,4,244,340,364,339,158
2021,3,A,골목상권,2110155,광진구청,13911,10903,3008,14,1009,2223,3822,5359,1484,12,536,1458,2986,4650,1261,2,473,765,836,709,223
2021,3,A,골목상권,2110154,광진정말공원,2494,1436,1058,7,351,455,604,640,437,5,171,260,316,357,327,2,180,195,288,283,110
2021,3,A,골목상권,2110153,중곡1동주민센터,5211,2445,2766,82,1436,912,1081,1176,524,28,644,492,513,422,346,54,792,420,568,754,178
2021,3,A,골목상권,2110152,중곡어린이공원,2482,1526,956,49,471,549,517,545,351,6,194,337,328,368,293,43,277,212,189,177,58
2021,3,A,골목상권,2110151,자양한강도서관,2520,1817,703,15,490,505,614,608,288,11,373,369,422,418,224,4,117,136,192,190,64
2021,3,A,골목상권,2110150,중곡1동 마을마당,5928,2959,2969,84,1503,1158,1196,1359,628,30,654,632,616,572,455,54,849,526,580,787,173
2021,3,A,골목상권,2110149,세종대학교,1090,593,497,0,153,295,256,226,160,0,69,164,150,110,100,0,84,131,106,116,60
2021,3,A,골목상권,2110148,어린이대공원역 3번,1449,1013,436,2,138,200,381,498,230,0,66,128,264,363,192,2,72,72,117,135,38
2021,3,A,골목상권,2110147,능동우편취급국,5319,2666,2653,35,1292,1071,1074,1227,620,22,621,624,558,446,395,13,671,447,516,781,225
2021,3,A,골목상권,2110146,신자초등학교,3030,2209,821,8,345,709,894,809,265,3,232,532,652,588,202,5,113,177,242,221,63
2021,3,A,골목상권,2110145,장안초등학교,913,444,469,0,95,163,182,275,198,0,30,77,88,131,118,0,65,86,94,144,80
2021,3,A,골목상권,2110144,어린이대공원역 4번,1995,1266,729,2,200,302,497,650,344,0,76,165,320,437,268,2,124,137,177,213,76
2021,3,A,골목상권,2110143,뚝섬유원지역 1번,1854,1500,354,4,199,512,536,442,161,1,151,418,445,358,127,3,48,94,91,84,34
2021,3,A,골목상권,2110142,화양사거리,4124,2353,1771,5,665,1024,1057,859,514,2,309,600,651,427,364,3,356,424,406,432,150
2021,3,A,골목상권,2110141,건대입구역 1번,3299,2189,1110,13,442,738,841,702,563,6,231,484,570,459,439,7,211,254,271,243,124
2021,3,A,골목상권,2110140,건대입구역 6번,5095,3245,1850,28,632,1049,1230,1212,944,21,284,628,783,815,714,7,348,421,447,397,230
2021,3,A,골목상권,2110139,자양4동주민센터,3041,2288,753,62,487,732,735,671,354,28,320,558,574,520,288,34,167,174,161,151,66
2021,3,A,골목상권,2110138,송정체육공원,4312,2537,1775,2,725,1148,1094,805,538,0,350,692,688,425,382,2,375,456,406,380,156
2021,3,A,골목상권,2110137,성수초등학교,15849,10295,5554,64,2391,4011,4214,3217,1952,49,1240,2613,2806,2104,1483,15,1151,1398,1408,1113,469
2021,3,A,골목상권,2110136,경수초등학교,19912,12290,7622,134,4030,5003,4511,3778,2456,78,1986,3201,2930,2315,1780,56,2044,1802,1581,1463,676
2021,3,A,골목상권,2110135,성동세무서,7155,4565,2590,12,1071,1813,1835,1515,909,5,579,1158,1197,926,700,7,492,655,638,589,209
2021,3,A,골목상권,2110134,성수119안전센터,4792,3359,1433,79,805,1245,1218,959,486,39,481,883,888,682,386,40,324,362,330,277,100
2021,3,A,골목상권,2110133,서울교통공사,6588,4563,2025,50,1729,1852,1274,965,718,21,996,1339,950,679,578,29,733,513,324,286,140
2021,3,A,골목상권,2110132,성수2가3동주민센터,4528,2778,1750,14,563,1101,1102,1022,726,11,282,667,706,642,470,3,281,434,396,380,256
2021,3,A,골목상권,2110131,성수동카페거리,18863,11455,7408,84,3960,5083,4195,3250,2291,51,1964,3230,2724,1930,1556,33,1996,1853,1471,1320,735
2021,3,A,골목상권,2110130,답십리역 6번,5783,2708,3075,6,834,1254,1641,1495,553,2,564,856,606,323,357,4,270,398,1035,1172,196
2021,3,A,골목상권,2110129,성원어린이공원,5831,3754,2077,21,932,1339,1290,1152,1097,16,543,871,862,738,724,5,389,468,428,414,373
2021,3,A,골목상권,2110128,성원중학교,5913,4100,1813,24,740,1417,1504,1425,803,13,428,1018,1078,1009,554,11,312,399,426,416,249
2021,3,A,골목상권,2110127,성수1가1동주민센터,5851,3818,2033,21,1131,1850,1426,919,504,11,621,1230,924,626,406,10,510,620,502,293,98
2021,3,A,골목상권,2110126,서울숲역 1번,4957,3278,1679,19,954,1230,1086,892,776,12,568,830,689,609,570,7,386,400,397,283,206
2021,3,A,골목상권,2110125,사근동살곶이상점가,2512,1782,730,2,144,443,815,743,365,2,54,289,563,579,295,0,90,154,252,164,70
2021,3,A,골목상권,2110124,뚝섬역교차로,3140,2236,904,14,450,585,706,728,657,12,229,380,469,568,578,2,221,205,237,160,79
2021,3,A,골목상권,2110123,마장역 3번,1661,1034,627,1,198,311,408,441,302,1,95,185,241,285,227,0,103,126,167,156,75
2021,3,A,골목상권,2110122,마장역 2번,1517,1003,514,1,159,243,355,441,318,1,89,160,221,294,238,0,70,83,134,147,80
2021,3,A,골목상권,2110121,한양대역 4번,2434,1709,725,0,128,423,780,733,370,0,43,274,532,559,301,0,85,149,248,174,69
2021,3,A,골목상권,2110120,서울숲카페거리,1582,1046,536,5,184,292,370,390,341,4,93,172,212,275,290,1,91,120,158,115,51
2021,3,A,골목상권,2110119,마장지하차도,2657,987,1670,3,257,346,556,850,645,1,141,190,234,227,194,2,116,156,322,623,451
2021,3,A,골목상권,2110118,왕십리역 9번,2693,1327,1366,12,554,698,635,510,284,2,170,310,345,292,208,10,384,388,290,218,76
2021,3,A,골목상권,2110117,성동구보건소,3376,1242,2134,9,551,497,662,965,692,2,191,247,299,296,207,7,360,250,363,669,485
2021,3,A,골목상권,2110116,청계천박물관,8711,5833,2878,46,804,1715,2072,2820,1254,33,442,1069,1395,1994,900,13,362,646,677,826,354
2021,3,A,골목상권,2110115,상왕십리역 3번,5567,2521,3046,19,895,982,1144,1447,1080,4,303,543,630,605,436,15,592,439,514,842,644
2021,3,A,골목상권,2110114,왕십리파출소,2943,1055,1888,16,538,508,588,804,489,3,198,277,289,197,91,13,340,231,299,607,398
2021,3,A,골목상권,2110113,응봉산,2383,905,1478,16,296,761,960,256,94,0,90,252,389,108,66,16,206,509,571,148,28
2021,3,A,골목상권,2110112,행당역 2번,1515,781,734,1,187,321,403,404,199,0,71,141,204,221,144,1,116,180,199,183,55
2021,3,A,골목상권,2110111,대현산장미원,336,200,136,1,46,57,83,78,71,0,15,28,41,53,63,1,31,29,42,25,8
2021,3,A,골목상권,2110110,상왕십리역 6번,2892,1693,1199,14,435,651,657,653,482,5,147,368,443,432,298,9,288,283,214,221,184
2021,3,A,골목상권,2110109,금호삼성래미안아파트,2707,1162,1545,17,330,830,1057,350,123,1,119,302,464,178,98,16,211,528,593,172,25
2021,3,A,골목상권,2110108,성동구립금호도서관,272,128,144,0,32,55,72,79,34,0,14,29,30,29,26,0,18,26,42,50,8
2021,3,A,골목상권,2110107,금호사거리,2741,1185,1556,16,316,815,1029,373,192,1,105,276,444,211,148,15,211,539,585,162,44
2021,3,A,골목상권,2110106,금북초등학교,682,416,266,1,112,193,201,134,41,1,66,107,128,85,29,0,46,86,73,49,12
2021,3,A,골목상권,2110105,금동어린이공원,3124,1300,1824,16,371,929,1129,449,230,1,117,326,480,214,162,15,254,603,649,235,68
2021,3,A,골목상권,2110104,신금호역 4번,1550,885,665,2,200,375,389,317,267,2,69,194,228,192,200,0,131,181,161,125,67
2021,3,A,골목상권,2110103,옥수터널,652,341,311,1,61,162,188,182,58,0,22,73,103,102,41,1,39,89,85,80,17
2021,3,A,골목상권,2110102,옥수역 6번,4523,1702,2821,5,1162,1330,1014,721,291,0,285,464,469,333,151,5,877,866,545,388,140
2021,3,A,골목상권,2110101,옥정중학교,11800,7925,3875,10,1772,3747,3394,2453,424,5,571,2350,2657,2066,276,5,1201,1397,737,387,148
2021,3,A,골목상권,2110100,옥수동우편취급국,8356,6820,1536,8,785,2676,2652,2008,227,4,361,2018,2357,1893,187,4,424,658,295,115,40
2021,3,A,골목상권,2110099,유엔빌리지길,22417,18045,4372,50,2713,5729,6376,6735,814,38,1345,4185,5513,6284,680,12,1368,1544,863,451,134
2021,3,A,골목상권,2110098,서울독일학교,22179,18008,4171,40,2712,5547,6234,6685,961,31,1363,4085,5433,6273,823,9,1349,1462,801,412,138
2021,3,A,골목상권,2110097,한남초등학교,7826,5468,2358,14,1401,2935,1774,1222,480,7,711,1893,1374,1079,404,7,690,1042,400,143,76
2021,3,A,골목상권,2110096,한남힐사이드아파트,8734,5560,3174,9,1774,3226,2049,1383,293,6,757,1958,1477,1118,244,3,1017,1268,572,265,49
2021,3,A,골목상권,2110095,한강진역 3번,16261,10270,5991,51,3557,5623,3802,2391,837,29,1573,3350,2741,1953,624,22,1984,2273,1061,438,213
2021,3,A,골목상권,2110094,오산중학교,475,243,232,0,38,115,148,115,59,0,11,56,70,66,40,0,27,59,78,49,19
2021,3,A,골목상권,2110093,우사단길,9702,6097,3605,43,1853,3128,2442,1391,845,25,761,1853,1780,1071,607,18,1092,1275,662,320,238
2021,3,A,골목상권,2110092,NH농협은행 보광동지점,4109,2859,1250,31,584,1186,1179,823,306,21,305,795,876,631,231,10,279,391,303,192,75
2021,3,A,골목상권,2110091,리움미술관,7513,4522,2991,24,1801,2643,1844,904,297,15,749,1458,1336,748,216,9,1052,1185,508,156,81
2021,3,A,골목상권,2110090,한국폴리텍대학서울정수캠퍼스,8083,4908,3175,18,1242,2436,2730,1210,447,8,540,1218,1919,926,297,10,702,1218,811,284,150
2021,3,A,골목상권,2110089,서빙고동주민센터,2543,1491,1052,2,350,655,776,449,311,0,109,359,499,312,212,2,241,296,277,137,99
2021,3,A,골목상권,2110088,오산고등학교,10165,6137,4028,22,1462,3094,3318,1687,582,10,653,1517,2260,1276,421,12,809,1577,1058,411,161
2021,3,A,골목상권,2110087,이태원엔틱가구거리,6439,3688,2751,31,1233,1753,1633,1215,574,18,527,948,988,811,396,13,706,805,645,404,178
2021,3,A,골목상권,2110086,이태원역 북측,18101,8842,9259,50,4925,6856,3887,1818,565,27,1453,3140,2391,1403,428,23,3472,3716,1496,415,137
2021,3,A,골목상권,2110085,경리단길남측,13583,6464,7119,26,4020,5279,2796,1133,329,12,1128,2390,1742,930,262,14,2892,2889,1054,203,67
2021,3,A,골목상권,2110084,경리단길북측,2575,1428,1147,8,511,741,625,464,226,5,222,375,345,310,171,3,289,366,280,154,55
2021,3,A,골목상권,2110083,서빙고역 1번,7782,5014,2768,20,1542,2118,1985,1422,695,7,687,1379,1388,1051,502,13,855,739,597,371,193
2021,3,A,골목상권,2110082,용산구청,5502,3128,2374,31,1057,1491,1412,1063,448,18,466,777,844,718,305,13,591,714,568,345,143
2021,3,A,골목상권,2110081,해방촌 남동측,2277,1520,757,0,210,420,747,723,177,0,84,238,543,529,126,0,126,182,204,194,51
2021,3,A,골목상권,2110080,해방촌예술마을,2607,1687,920,3,326,485,828,763,202,3,119,277,599,550,139,0,207,208,229,213,63
2021,3,A,골목상권,2110079,후암동주민센터,26370,18974,7396,29,4638,9384,6904,3904,1511,17,2634,6434,5604,3182,1103,12,2004,2950,1300,722,408
2021,3,A,골목상권,2110078,이촌동점보아파트,4837,3011,1826,17,786,1296,1215,1059,464,3,411,785,813,678,321,14,375,511,402,381,143
2021,3,A,골목상권,2110077,삼광초등학교,10904,3587,7317,161,6225,1915,1250,982,371,16,681,930,949,744,267,145,5544,985,301,238,104
2021,3,A,골목상권,2110076,삼각지역 14번,6002,4060,1942,4,649,1637,1939,1419,354,4,356,1043,1439,994,224,0,293,594,500,425,130
2021,3,A,골목상권,2110075,숙대입구역 1번,16585,6297,10288,168,7307,3895,2570,1725,920,17,977,1713,1667,1230,693,151,6330,2182,903,495,227
2021,3,A,골목상권,2110074,서울역 12번,36080,21404,14676,180,11191,11602,7333,3938,1836,24,3411,7449,5868,3241,1411,156,7780,4153,1465,697,425
2021,3,A,골목상권,2110073,삼각지역 3번,24882,9347,15535,123,6255,8074,6887,2839,704,50,2240,2899,2427,1321,410,73,4015,5175,4460,1518,294
2021,3,A,골목상권,2110072,열정도,4551,3239,1312,28,750,1138,1119,932,584,11,409,807,866,718,428,17,341,331,253,214,156
2021,3,A,골목상권,2110071,한강미주맨션아파트,8064,4602,3462,40,1013,1799,2828,1862,522,31,446,1073,1552,1149,351,9,567,726,1276,713,171
2021,3,A,골목상권,2110070,용산세무서,7939,5013,2926,7,817,1787,2969,1915,444,0,510,1163,1775,1265,300,7,307,624,1194,650,144
2021,3,A,골목상권,2110069,숙대입구,8595,4893,3702,31,1607,2846,2045,1332,734,14,680,1474,1258,921,546,17,927,1372,787,411,188
2021,3,A,골목상권,2110068,남영역 1번,10534,7108,3426,48,1834,3359,2754,1651,888,21,965,2182,2055,1256,629,27,869,1177,699,395,259
2021,3,A,골목상권,2110067,배문고등학교,8614,4267,4347,14,1830,2555,1776,1409,1030,5,506,1119,947,892,798,9,1324,1436,829,517,232
2021,3,A,골목상권,2110066,서울역 15번,4687,2417,2270,10,918,1376,996,759,628,5,306,619,554,459,474,5,612,757,442,300,154
2021,3,A,골목상권,2110065,남정초등학교,3515,2475,1040,20,568,1031,937,561,398,16,362,771,668,380,278,4,206,260,269,181,120
2021,3,A,골목상권,2110064,효창공원앞역 2번,4350,2663,1687,18,593,1122,1112,971,534,16,308,706,691,592,350,2,285,416,421,379,184
2021,3,A,골목상권,2110063,효창공원앞역 5번,6102,4294,1808,25,915,1808,1707,985,662,18,553,1315,1239,686,483,7,362,493,468,299,179
2021,3,A,골목상권,2110062,한강로동땡땡거리(은행나무길),9571,5392,4179,16,1072,2335,3099,2183,866,8,465,1231,1677,1434,577,8,607,1104,1422,749,289
2021,3,A,골목상권,2110061,효창동주민센터,5974,4267,1707,8,974,1567,1609,1209,607,5,555,1149,1205,870,483,3,419,418,404,339,124
2021,3,A,골목상권,2110060,효창공원앞역 6번,7211,4881,2330,24,1280,1934,1960,1421,592,14,694,1365,1393,983,432,10,586,569,567,438,160
2021,3,A,골목상권,2110059,새남터성지,3196,2152,1044,11,491,853,906,661,274,4,251,549,683,496,169,7,240,304,223,165,105
2021,3,A,골목상권,2110058,성심여자고등학교,8454,6100,2354,32,1374,2650,2295,1464,639,15,784,1877,1770,1151,503,17,590,773,525,313,136
2021,3,A,골목상권,2110057,황학코아루아파트,2115,1166,949,5,348,575,548,400,239,4,168,319,277,224,174,1,180,256,271,176,65
2021,3,A,골목상권,2110056,신당역 3번,2900,1536,1364,6,461,783,704,555,391,6,194,381,370,312,273,0,267,402,334,243,118
2021,3,A,골목상권,2110055,황학동벼룩시장,3042,1645,1397,31,928,652,595,540,296,16,396,333,352,341,207,15,532,319,243,199,89
2021,3,A,골목상권,2110054,청구역 3번,6203,3266,2937,16,1195,1620,1307,1234,831,5,421,870,771,692,507,11,774,750,536,542,324
2021,3,A,골목상권,2110053,청구역 1번,5383,2899,2484,5,738,1322,1461,1441,416,3,252,661,814,897,272,2,486,661,647,544,144
2021,3,A,골목상권,2110052,장충초등학교,7627,3969,3658,11,1405,1921,1775,1673,842,5,467,944,1013,991,549,6,938,977,762,682,293
2021,3,A,골목상권,2110051,한양공고앞 교차로,2894,1689,1205,9,423,659,731,768,304,2,166,416,454,460,191,7,257,243,277,308,113
2021,3,A,골목상권,2110050,약수역 7번,2303,1220,1083,4,318,559,563,524,335,2,120,279,330,287,202,2,198,280,233,237,133
2021,3,A,골목상권,2110049,장충단 고개,9962,5298,4664,25,2025,2831,2379,1819,883,6,630,1517,1462,1121,562,19,1395,1314,917,698,321
2021,3,A,골목상권,2110048,장충동주민센터,12882,7150,5732,36,2260,3570,3462,2641,913,5,823,2090,2108,1542,582,31,1437,1480,1354,1099,331
2021,3,A,골목상권,2110047,다산성곽길,7406,4104,3302,14,1449,2072,1776,1474,621,5,541,1110,1076,922,450,9,908,962,700,552,171
2021,3,A,골목상권,2110046,버티고개,2995,2024,971,3,392,1047,775,588,190,0,206,761,566,361,130,3,186,286,209,227,60
2021,3,A,골목상권,2110045,동대문역사문화공원역 5번,45426,22509,22917,475,13488,12026,9657,7085,2695,195,6425,7176,5520,2395,798,280,7063,4850,4137,4690,1897
2021,3,A,골목상권,2110044,관성묘,36669,17055,19614,451,12150,9596,7053,5156,2263,190,5706,5492,3828,1296,543,261,6444,4104,3225,3860,1720
2021,3,A,골목상권,2110043,충무초등학교,9197,5407,3790,49,1867,2374,2374,1584,949,20,680,1347,1582,1097,681,29,1187,1027,792,487,268
2021,3,A,골목상권,2110042,남산골공원옆,4783,2763,2020,11,548,1077,1518,1120,509,6,247,608,805,744,353,5,301,469,713,376,156
2021,3,A,골목상권,2110041,남산케이블카,21568,10294,11274,69,3089,6767,7028,3730,885,11,993,2989,3094,2693,514,58,2096,3778,3934,1037,371
2021,3,A,골목상권,2110040,중구회현체육센터(정화예술대남산캠퍼스),20399,10001,10398,71,2999,6554,6631,3424,720,11,1015,3003,2933,2577,462,60,1984,3551,3698,847,258
2021,3,A,골목상권,2110039,회현역 1번,24398,12113,12285,135,4567,7678,7350,3971,697,40,1630,3709,3600,2764,370,95,2937,3969,3750,1207,327
2021,3,A,골목상권,2110038,경향신문사,15409,10083,5326,19,2255,4993,5034,2645,463,6,981,3062,3573,2121,340,13,1274,1931,1461,524,123
2021,3,A,골목상권,2110037,신설동역 12번,7347,2905,4442,9,755,1126,1345,1957,2155,0,225,508,614,556,1002,9,530,618,731,1401,1153
2021,3,A,골목상권,2110036,동묘앞역 3번,3249,1861,1388,19,475,515,668,726,846,17,215,271,402,447,509,2,260,244,266,279,337
2021,3,A,골목상권,2110035,동묘앞역 2번,4636,2328,2308,6,352,596,971,1056,1655,0,113,271,430,502,1012,6,239,325,541,554,643
2021,3,A,골목상권,2110034,창신1동주민센터,2610,1275,1335,10,415,553,683,590,359,8,137,246,296,337,251,2,278,307,387,253,108
2021,3,A,골목상권,2110033,창신역 4번,2086,1235,851,4,175,269,339,403,896,0,57,132,185,230,631,4,118,137,154,173,265
2021,3,A,골목상권,2110032,수족관거리,2064,916,1148,8,347,439,559,454,257,7,106,176,201,239,187,1,241,263,358,215,70
2021,3,A,골목상권,2110031,창신역 1번,554,273,281,2,68,132,136,143,73,0,19,63,68,75,48,2,49,69,68,68,25
2021,3,A,골목상권,2110030,동대문역 3번,1437,615,822,0,146,262,447,335,247,0,43,97,144,155,176,0,103,165,303,180,71
2021,3,A,골목상권,2110029,동대문역 1번,3350,1894,1456,6,441,722,813,826,542,1,200,416,458,485,334,5,241,306,355,341,208
2021,3,A,골목상권,2110028,이화달팽이길,4133,2258,1875,7,726,1068,988,821,523,3,249,525,580,528,373,4,477,543,408,293,150
2021,3,A,골목상권,2110027,혜화역 1번,3993,2014,1979,11,605,968,1059,834,516,5,166,385,563,521,374,6,439,583,496,313,142
2021,3,A,골목상권,2110026,종로5가역 4번,3517,2041,1476,9,541,863,909,740,455,2,244,478,511,470,336,7,297,385,398,270,119
2021,3,A,골목상권,2110025,충신시장옆,9964,6665,3299,17,1748,3097,2714,1736,652,3,767,1987,2027,1429,452,14,981,1110,687,307,200
2021,3,A,골목상권,2110024,혜회동주민센터,5949,2844,3105,28,785,1351,1599,1359,827,17,260,582,786,715,484,11,525,769,813,644,343
2021,3,A,골목상권,2110023,서울대병원,7046,4607,2439,14,1274,2467,1898,965,428,3,575,1567,1454,734,274,11,699,900,444,231,154
2021,3,A,골목상권,2110022,경신고등학교,6493,3007,3486,27,1025,1774,1632,1264,771,19,359,839,781,598,411,8,666,935,851,666,360
2021,3,A,골목상권,2110021,성균관대학교,2385,1261,1124,15,389,557,545,470,409,11,136,240,309,293,272,4,253,317,236,177,137
2021,3,A,골목상권,2110020,서울국제고등학교,4389,2090,2299,18,726,1142,1008,872,623,13,270,579,552,374,302,5,456,563,456,498,321
2021,3,A,골목상권,2110019,창덕궁,16561,12644,3917,19,2000,5478,4941,3044,1079,7,1164,4119,3999,2516,839,12,836,1359,942,528,240
2021,3,A,골목상권,2110018,중앙고등학교,16741,12521,4220,12,1870,5599,5144,3145,971,6,988,4073,4101,2594,759,6,882,1526,1043,551,212
2021,3,A,골목상권,2110017,정독도서관,10619,8299,2320,2,1386,2982,3397,2250,602,1,919,2227,2808,1858,486,1,467,755,589,392,116
2021,3,A,골목상권,2110016,평창동동측,13795,6588,7207,21,1223,3779,5325,2832,615,10,508,1634,2776,1313,347,11,715,2145,2549,1519,268
2021,3,A,골목상권,2110015,청와대사랑채,6739,4876,1863,37,1083,2014,2132,1170,303,0,655,1432,1686,873,230,37,428,582,446,297,73
2021,3,A,골목상권,2110014,경복고등학교,6312,4486,1826,39,965,1807,2046,1188,267,2,591,1278,1554,867,194,37,374,529,492,321,73
2021,3,A,골목상권,2110013,체부동홍종문가옥,4511,2162,2349,10,616,877,891,1177,940,2,339,523,470,400,428,8,277,354,421,777,512
2021,3,A,골목상권,2110012,성곡미술관,35398,22897,12501,54,4673,9851,10005,7082,3733,14,2168,6479,7283,4722,2231,40,2505,3372,2722,2360,1502
2021,3,A,골목상권,2110011,청운초등학교,1903,814,1089,13,319,483,443,349,296,2,65,197,199,163,188,11,254,286,244,186,108
2021,3,A,골목상권,2110010,평창동서측,10085,5515,4570,17,1111,2723,3664,1991,579,1,478,1204,2080,1353,399,16,633,1519,1584,638,180
2021,3,A,골목상권,2110009,자하문터널,3823,2257,1566,18,744,1226,968,640,227,8,294,697,639,463,156,10,450,529,329,177,71
2021,3,A,골목상권,2110008,배화여자대학교(박노수미술관),6438,3091,3347,46,996,1152,1240,1648,1356,2,446,594,631,700,718,44,550,558,609,948,638
2021,3,A,골목상권,2110007,사직공원(한국사회과학도서관),3909,1854,2055,7,607,1085,1147,738,325,5,194,468,547,412,228,2,413,617,600,326,97
2021,3,A,골목상권,2110006,부암동주민센터,2706,1329,1377,22,607,897,632,425,123,5,169,414,377,288,76,17,438,483,255,137,47
2021,3,A,골목상권,2110005,세검정,2723,1465,1258,9,347,715,720,623,309,3,150,361,399,341,211,6,197,354,321,282,98
2021,3,A,골목상권,2110004,대신고등학교,470,276,194,6,62,109,112,113,68,5,33,63,61,59,55,1,29,46,51,54,13
2021,3,A,골목상권,2110003,세검정초등학교,4837,2723,2114,16,618,1311,1222,1017,653,7,239,684,764,595,434,9,379,627,458,422,219
2021,3,A,골목상권,2110002,독립문역 1번,689,209,480,7,173,203,166,102,38,6,37,46,59,37,24,1,136,157,107,65,14
2021,3,A,골목상권,2110001,이북5도청사,5968,4230,1738,11,1084,1435,1383,1526,529,7,566,935,1087,1267,368,4,518,500,296,259,161
2021,2,A,골목상권,2111090,강일동주민센터,744,547,197,0,90,161,195,190,108,0,55,111,143,143,95,0,35,50,52,47,13
2021,2,A,골목상권,2111089,상일여고(상일초등학교),1080,716,364,0,123,216,260,297,184,0,58,146,184,192,136,0,65,70,76,105,48
2021,2,A,골목상권,2111088,고덕동성당,1187,964,223,0,40,92,230,464,361,0,10,55,178,388,333,0,30,37,52,76,28
2021,2,A,골목상권,2111087,고덕중학교(고덕2동주민센터),743,270,473,0,85,157,184,208,109,0,17,54,69,77,53,0,68,103,115,131,56
2021,2,A,골목상권,2111086,한영중고,862,441,421,1,73,196,209,284,99,1,32,75,97,157,79,0,41,121,112,127,20
2021,2,A,골목상권,2111085,묘곡초등학교(고덕아이파크아파트),1560,790,770,0,154,294,388,398,326,0,61,149,173,196,211,0,93,145,215,202,115
2021,2,A,골목상권,2111084,길동신동아아파트,1362,726,636,2,136,245,267,388,324,2,79,146,133,178,188,0,57,99,134,210,136
2021,2,A,골목상권,2111083,GS강동자이아파트,2403,1398,1005,4,274,421,473,661,570,3,157,263,263,330,382,1,117,158,210,331,188
2021,2,A,골목상권,2111082,중앙보훈병원,3359,1319,2040,1,743,904,629,688,394,0,187,326,270,308,228,1,556,578,359,380,166
2021,2,A,골목상권,2111081,둔촌푸르지오아파트,1104,672,432,2,139,198,218,280,267,1,73,121,129,149,199,1,66,77,89,131,68
2021,2,A,골목상권,2111080,굽은다리역 3번,1916,853,1063,2,204,357,453,489,411,0,72,184,206,194,197,2,132,173,247,295,214
2021,2,A,골목상권,2111079,둔촌고등학교(둔촌중학교),4407,1934,2473,5,873,1139,885,927,578,2,262,460,418,421,371,3,611,679,467,506,207
2021,2,A,골목상권,2111078,굽은다리역 4번,4203,2519,1684,9,398,735,962,1078,1021,5,210,458,553,637,656,4,188,277,409,441,365
2021,2,A,골목상권,2111077,길동주민센터(강동도서관),7382,3886,3496,18,774,1285,1701,1972,1632,11,369,733,911,873,989,7,405,552,790,1099,643
2021,2,A,골목상권,2111076,둔촌2동주민센터,2891,1678,1213,5,343,628,708,627,580,3,143,341,445,347,399,2,200,287,263,280,181
2021,2,A,골목상권,2111075,굽은다리역 2번,2664,1415,1249,4,325,517,647,666,505,2,142,299,313,346,313,2,183,218,334,320,192
2021,2,A,골목상권,2111074,명일역 1번,2753,1586,1167,6,360,639,696,662,390,3,186,384,382,384,247,3,174,255,314,278,143
2021,2,A,골목상권,2111073,둔촌동역 1번(한산중학교),7031,3540,3491,23,864,1431,1725,1807,1181,17,408,802,924,722,667,6,456,629,801,1085,514
2021,2,A,골목상권,2111072,굽은다리역 1번(십자성마을),3937,2371,1566,10,383,823,989,935,797,5,173,470,582,587,554,5,210,353,407,348,243
2021,2,A,골목상권,2111071,천동초등학교,2389,1343,1046,2,222,450,615,554,546,1,78,232,345,319,368,1,144,218,270,235,178
2021,2,A,골목상권,2111070,천호초등학교,1943,1134,809,6,159,424,513,540,301,1,60,208,282,348,235,5,99,216,231,192,66
2021,2,A,골목상권,2111069,천호1동주민센터,2681,1438,1243,8,249,538,670,683,533,3,87,245,351,385,367,5,162,293,319,298,166
2021,2,A,골목상권,2111068,강동성심병원,5278,2358,2920,14,977,1083,1209,1196,799,9,331,516,613,453,436,5,646,567,596,743,363
2021,2,A,골목상권,2111067,강동구립성내도서관,8062,3945,4117,26,1296,1623,1874,1847,1396,18,505,849,990,787,796,8,791,774,884,1060,600
2021,2,A,골목상권,2111066,암사동성당(효정하나플러스아파트),1961,1136,825,5,220,423,443,525,345,1,83,210,252,350,240,4,137,213,191,175,105
2021,2,A,골목상권,2111065,천일초등학교,1492,799,693,2,131,236,313,349,461,2,45,104,141,160,347,0,86,132,172,189,114
2021,2,A,골목상권,2111064,둔촌동역 4번,2951,1763,1188,10,355,587,666,719,614,8,178,353,397,419,408,2,177,234,269,300,206
2021,2,A,골목상권,2111063,강동구립 천호도서관,3759,2069,1690,9,344,581,681,729,1415,7,127,263,349,361,962,2,217,318,332,368,453
2021,2,A,골목상권,2111062,둔촌동역 3번(성내3동주민센터),4393,2785,1608,8,584,1064,1191,921,625,7,323,676,750,580,449,1,261,388,441,341,176
2021,2,A,골목상권,2111061,암사역 1번,4194,1874,2320,3,413,710,856,1012,1200,2,170,393,411,369,529,1,243,317,445,643,671
2021,2,A,골목상권,2111060,암사역 2번(서울강동초등학교),3573,1892,1681,10,392,741,923,871,636,5,141,348,473,483,442,5,251,393,450,388,194
2021,2,A,골목상권,2111059,강동역 4번(강풀만화거리),8028,4328,3700,18,1275,1454,1658,1571,2052,8,537,734,860,875,1314,10,738,720,798,696,738
2021,2,A,골목상권,2111058,성내중학교,2639,1612,1027,3,339,606,682,702,307,1,181,384,406,450,190,2,158,222,276,252,117
2021,2,A,골목상권,2111057,천호공원(해공체육문화센터),2118,1068,1050,2,216,311,437,508,644,2,76,120,175,230,465,0,140,191,262,278,179
2021,2,A,골목상권,2111056,천호태영아파트,2758,1458,1300,5,235,331,469,477,1241,1,89,126,195,239,808,4,146,205,274,238,433
2021,2,A,골목상권,2111055,선사초등학교,2553,999,1554,3,292,461,575,738,484,2,137,240,250,203,167,1,155,221,325,535,317
2021,2,A,골목상권,2111054,암사역 4번(삼성광나루아파트),3414,1360,2054,3,354,528,650,844,1035,2,146,268,280,241,423,1,208,260,370,603,612
2021,2,A,골목상권,2111053,성내천어린이공원(하니사랑길),23519,17241,6278,41,2641,6412,5666,5352,3407,17,1608,4669,4234,4068,2645,24,1033,1743,1432,1284,762
2021,2,A,골목상권,2111052,암사역 3번(천호동자전거거리),2457,1236,1221,3,262,428,525,464,775,2,92,220,265,243,414,1,170,208,260,221,361
2021,2,A,골목상권,2111051,천호역 6번,7112,4029,3083,12,975,1636,1725,1854,910,5,493,791,894,1177,669,7,482,845,831,677,241
2021,2,A,골목상권,2111050,강동구청(강동구청역 2번),7541,4687,2854,33,867,1785,1796,1858,1202,14,420,959,1100,1292,902,19,447,826,696,566,300
2021,2,A,골목상권,2111049,천호지구대(천호동자전거거리),2201,1197,1004,9,263,431,513,499,486,5,120,216,267,255,334,4,143,215,246,244,152
2021,2,A,골목상권,2111048,천호역 1번(천호문구완구거리),2003,1064,939,9,254,435,468,419,418,5,102,209,259,213,276,4,152,226,209,206,142
2021,2,A,골목상권,2111047,마천1치안센터,1261,723,538,1,123,268,342,314,213,1,61,146,181,168,166,0,62,122,161,146,47
2021,2,A,골목상권,2111046,마천역(마천초등학교),2822,1633,1189,5,296,604,772,740,405,1,151,347,410,407,317,4,145,257,362,333,88
2021,2,A,골목상권,2111045,개미어린이공원,2261,1195,1066,9,291,357,534,692,378,3,183,228,298,294,189,6,108,129,236,398,189
2021,2,A,골목상권,2111044,남천초등학교,1904,989,915,1,188,378,512,520,305,0,84,186,225,248,246,1,104,192,287,272,59
2021,2,A,골목상권,2111043,마천공원,2200,1378,822,9,268,499,540,524,360,8,156,311,303,321,279,1,112,188,237,203,81
2021,2,A,골목상권,2111042,거여역 1번(거여공원),5740,3468,2272,22,960,1303,1427,1224,804,16,539,869,864,669,511,6,421,434,563,555,293
2021,2,A,골목상권,2111041,거여역 8번,2503,1642,861,8,567,621,572,426,309,6,295,430,406,280,225,2,272,191,166,146,84
2021,2,A,골목상권,2111040,거여초등학교,2682,1704,978,10,328,670,682,619,373,9,189,450,435,362,259,1,139,220,247,257,114
2021,2,A,골목상권,2111039,벌말어린이공원,3276,2054,1222,10,363,791,844,785,483,9,205,519,543,462,316,1,158,272,301,323,167
2021,2,A,골목상권,2111038,보인중학교,3272,2119,1153,14,477,818,802,706,455,13,262,543,547,453,301,1,215,275,255,253,154
2021,2,A,골목상권,2111037,Sh수협은행 오금동금융센터(아랫말어린이공원),1946,1126,820,0,210,436,499,533,268,0,120,281,287,264,174,0,90,155,212,269,94
2021,2,A,골목상권,2111036,투구봉어린이공원,3333,2198,1135,17,531,892,840,726,327,13,342,626,575,425,217,4,189,266,265,301,110
2021,2,A,골목상권,2111035,오금공원(오주중학교),2705,1749,956,2,326,570,689,732,386,1,188,386,470,436,268,1,138,184,219,296,118
2021,2,A,골목상권,2111034,오동나무공원(송파레미니스1단지),4106,2722,1384,7,544,891,1006,1075,583,6,316,606,666,667,461,1,228,285,340,408,122
2021,2,A,골목상권,2111033,문정동성당,33212,26336,6876,13,2679,5820,9576,13087,2037,6,1671,4329,7557,11417,1356,7,1008,1491,2019,1670,681
2021,2,A,골목상권,2111032,방이역 1번,23949,17488,6461,28,3095,5765,6032,5516,3513,14,1835,3956,4600,4519,2564,14,1260,1809,1432,997,949
2021,2,A,골목상권,2111031,장지동주민센터(한림연예예술고교),35724,27914,7810,18,3116,6475,10247,13557,2311,8,1911,4740,7990,11684,1581,10,1205,1735,2257,1873,730
2021,2,A,골목상권,2111030,방이역 2번,21156,15625,5531,20,2708,5088,5454,5034,2852,7,1648,3533,4196,4249,1992,13,1060,1555,1258,785,860
2021,2,A,골목상권,2111029,오금역 4번,7833,5273,2560,14,1268,2371,1930,1379,871,8,740,1577,1338,911,699,6,528,794,592,468,172
2021,2,A,골목상권,2111028,문현중학교(장지역 1번),5636,3366,2270,14,804,1250,1392,1311,865,7,422,774,855,701,607,7,382,476,537,610,258
2021,2,A,골목상권,2111027,문정초등학교,39531,30313,9218,23,3409,6840,10716,14172,4371,9,2010,4917,8267,12013,3097,14,1399,1923,2449,2159,1274
2021,2,A,골목상권,2111026,문정역 2번,6153,3880,2273,10,919,1459,1548,1358,859,5,526,971,988,745,645,5,393,488,560,613,214
2021,2,A,골목상권,2111025,경찰병원역 3번,11774,6132,5642,55,1415,2152,2136,2128,3888,25,571,1173,1208,922,2233,30,844,979,928,1206,1655
2021,2,A,골목상권,2111024,경찰병원역 4번(건너말공원),17836,10455,7381,63,2463,3913,3833,3232,4332,31,1098,2309,2548,1846,2623,32,1365,1604,1285,1386,1709
2021,2,A,골목상권,2111023,문정역 1번,4682,2809,1873,8,724,962,1124,1079,785,2,348,579,724,600,556,6,376,383,400,479,229
2021,2,A,골목상권,2111022,석촌중학교(방이육교),11171,7061,4110,23,1357,2490,2437,2244,2620,9,716,1668,1619,1268,1781,14,641,822,818,976,839
2021,2,A,골목상권,2111021,방이역 4번,11935,8619,3316,39,1562,2502,3053,2900,1879,27,822,1638,2262,2278,1592,12,740,864,791,622,287
2021,2,A,골목상권,2111020,방이동고분군(방산고등학교),6318,3723,2595,19,898,1441,1494,1560,906,12,427,835,927,919,603,7,471,606,567,641,303
2021,2,A,골목상권,2111019,한성백제역 3번,17428,9415,8013,47,2799,3938,3794,4086,2764,34,1482,2587,2120,1689,1503,13,1317,1351,1674,2397,1261
2021,2,A,골목상권,2111018,풍납초등학교(풍납백제문화공원),1322,801,521,0,186,299,301,335,201,0,99,158,169,220,155,0,87,141,132,115,46
2021,2,A,골목상권,2111017,송파나루역 3번,7518,4240,3278,22,1335,1443,1570,1943,1205,16,636,929,992,985,682,6,699,514,578,958,523
2021,2,A,골목상권,2111016,송파역 2번,17063,11286,5777,65,2224,3744,4130,3798,3102,46,1099,2434,3059,2519,2129,19,1125,1310,1071,1279,973
2021,2,A,골목상권,2111015,석촌역 3번,12636,8115,4521,27,1865,3083,2891,2543,2227,11,946,2081,1944,1588,1545,16,919,1002,947,955,682
2021,2,A,골목상권,2111014,송파나루역 2번,14245,8390,5855,26,2077,3609,3332,3152,2049,12,1010,2234,2195,1757,1182,14,1067,1375,1137,1395,867
2021,2,A,골목상권,2111013,송파나루역 1번(송리단길),14226,8959,5267,26,2198,4197,3547,2563,1695,8,1070,2666,2388,1628,1199,18,1128,1531,1159,935,496
2021,2,A,골목상권,2111012,석촌역 6번,6180,3598,2582,11,624,1426,1478,1279,1362,5,303,977,873,617,823,6,321,449,605,662,539
2021,2,A,골목상권,2111011,잠실나루역,10263,8174,2089,42,1383,3190,3039,2132,477,18,976,2602,2477,1735,366,24,407,588,562,397,111
2021,2,A,골목상권,2111010,석촌역 7번,7908,5556,2352,11,859,1781,1872,1423,1962,8,472,1253,1268,916,1639,3,387,528,604,507,323
2021,2,A,골목상권,2111009,송파책박물관,2198,1590,608,5,244,436,453,548,512,3,191,328,324,352,392,2,53,108,129,196,120
2021,2,A,골목상권,2111008,석촌고분역 3번,5190,3263,1927,13,640,1032,1256,1260,989,11,345,636,773,761,737,2,295,396,483,499,252
2021,2,A,골목상권,2111007,석촌고분역 4번,6337,4182,2155,12,863,1398,1389,1437,1238,11,532,949,921,882,887,1,331,449,468,555,351
2021,2,A,골목상권,2111006,석촌고분역 1번,17571,11961,5610,44,2435,3821,4234,3746,3291,29,1307,2544,2976,2542,2563,15,1128,1277,1258,1204,728
2021,2,A,골목상권,2111005,삼전역 3번,6038,4006,2032,15,892,1505,1406,1233,987,5,513,1061,958,761,708,10,379,444,448,472,279
2021,2,A,골목상권,2111004,삼전역 1번,18500,12541,5959,63,2605,4069,4548,4156,3059,21,1379,2681,3191,2968,2301,42,1226,1388,1357,1188,758
2021,2,A,골목상권,2111003,삼전역 4번,5935,3890,2045,37,711,1296,1484,1127,1280,2,366,849,960,726,987,35,345,447,524,401,293
2021,2,A,골목상권,2111002,한국교통안전공단 강남자동차검사소,569,334,235,0,41,89,114,175,150,0,16,52,64,100,102,0,25,37,50,75,48
2021,2,A,골목상권,2111001,아래방죽마을공원(율현초등학교),290,157,133,1,14,42,49,102,82,0,8,28,30,53,38,1,6,14,19,49,44
2021,2,A,골목상권,2111000,대왕초등학교(세곡동사거리서남측),294,138,156,6,35,84,93,56,20,3,11,31,49,30,14,3,24,53,44,26,6
2021,2,A,골목상권,2110999,윗방죽마을공원,464,257,207,3,35,80,86,139,121,1,17,50,56,81,52,2,18,30,30,58,69
2021,2,A,골목상권,2110998,은곡마을(은곡마을공원),128,65,63,3,11,41,35,25,13,1,6,18,19,14,7,2,5,23,16,11,6
2021,2,A,골목상권,2110997,대청초등학교,12566,4876,7690,31,3480,3879,2620,1655,901,3,781,1456,1134,859,643,28,2699,2423,1486,796,258
2021,2,A,골목상권,2110996,대치2동주민센터,37900,18079,19821,265,7022,9437,8584,7750,4842,106,3263,5619,4641,2694,1756,159,3759,3818,3943,5056,3086
2021,2,A,골목상권,2110995,봉은사역 4번,80333,61317,19016,154,15900,21348,21569,17001,4361,88,10163,16112,17810,14553,2591,66,5737,5236,3759,2448,1770
2021,2,A,골목상권,2110994,개포고등학교,4640,2964,1676,57,889,1272,1058,857,507,24,514,821,664,537,404,33,375,451,394,320,103
2021,2,A,골목상권,2110993,개포지하차도 북측,493,214,279,3,70,105,147,115,53,0,16,44,60,58,36,3,54,61,87,57,17
2021,2,A,골목상권,2110992,도곡초등학교,12863,6859,6004,63,2365,3393,3003,2467,1572,35,940,1769,1666,1432,1017,28,1425,1624,1337,1035,555
2021,2,A,골목상권,2110991,삼성중앙역 5번,28503,15784,12719,115,5919,9500,6998,3927,2044,37,2281,5361,4631,2309,1165,78,3638,4139,2367,1618,879
2021,2,A,골목상권,2110990,청담역 12번,10376,6980,3396,39,1551,3276,3120,1867,523,23,669,2073,2406,1424,385,16,882,1203,714,443,138
2021,2,A,골목상권,2110989,대치동아우편취급국,29290,17968,11322,140,4768,8716,7970,4868,2828,17,2007,5273,5502,3456,1713,123,2761,3443,2468,1412,1115
2021,2,A,골목상권,2110988,청담역 3번,18899,9206,9693,73,3792,5684,5341,2877,1132,33,1221,2750,2769,1638,795,40,2571,2934,2572,1239,337
2021,2,A,골목상권,2110987,영동대교남단,8320,5539,2781,40,1422,2410,2185,1548,715,19,663,1584,1632,1125,516,21,759,826,553,423,199
2021,2,A,골목상권,2110986,삼성중앙역 7번,27479,17773,9706,52,3973,10061,7904,3716,1773,15,1757,6297,6233,2496,975,37,2216,3764,1671,1220,798
2021,2,A,골목상권,2110985,청담근린공원,13449,8818,4631,66,2379,3877,3557,2503,1067,35,1141,2595,2592,1729,726,31,1238,1282,965,774,341
2021,2,A,골목상권,2110984,포이초등학교(개포목련어린이공원),6964,4388,2576,20,1326,1965,1598,1256,799,13,815,1286,925,757,592,7,511,679,673,499,207
2021,2,A,골목상권,2110983,국립국악고등학교,3835,2457,1378,13,616,955,928,708,615,2,285,601,613,465,491,11,331,354,315,243,124
2021,2,A,골목상권,2110982,강남구보훈회관,6082,3566,2516,14,1266,1604,1400,963,835,6,513,1046,910,527,564,8,753,558,490,436,271
2021,2,A,골목상권,2110981,국악고교사거리,12357,8276,4081,26,1850,3425,3175,2214,1667,9,980,2320,2252,1450,1265,17,870,1105,923,764,402
2021,2,A,골목상권,2110980,개포지구대옆,25161,10281,14880,88,3951,5726,8389,5194,1813,42,1896,3243,2591,1405,1104,46,2055,2483,5798,3789,709
2021,2,A,골목상권,2110979,청담초등학교,18648,9066,9582,39,5067,6996,3688,1966,892,15,1632,3410,2200,1140,669,24,3435,3586,1488,826,223
2021,2,A,골목상권,2110978,도곡2동주민센터(대치중학교),12302,8363,3939,54,2526,3818,2860,1644,1400,37,1355,2740,2264,1161,806,17,1171,1078,596,483,594
2021,2,A,골목상권,2110977,논현로18길,10006,6917,3089,18,1546,3017,2690,1646,1089,7,822,2051,2060,1150,827,11,724,966,630,496,262
2021,2,A,골목상권,2110976,언북초등학교,11065,5295,5770,25,3211,3774,2056,1187,812,5,1083,1821,1178,701,507,20,2128,1953,878,486,305
2021,2,A,골목상권,2110975,매봉역 1번,22408,15346,7062,84,4644,5711,5884,4648,1437,54,2422,3673,4320,3677,1200,30,2222,2038,1564,971,237
2021,2,A,골목상권,2110974,언주중학교,10084,6627,3457,39,2227,3204,2129,1449,1036,25,1044,1971,1619,1140,828,14,1183,1233,510,309,208
2021,2,A,골목상권,2110973,강남구청역 4번,12597,7190,5407,54,2501,3373,2945,2285,1439,18,1044,2008,1846,1330,944,36,1457,1365,1099,955,495
2021,2,A,골목상권,2110972,강남세브란스병원미래의학연구센터,26073,14646,11427,216,7696,7646,5984,3332,1199,73,3194,4587,3952,1945,895,143,4502,3059,2032,1387,304
2021,2,A,골목상권,2110971,선정릉역 4번,73203,35861,37342,185,15399,20094,18092,15247,4186,90,8048,12361,8646,4171,2545,95,7351,7733,9446,11076,1641
2021,2,A,골목상권,2110970,학동초등학교,12139,7385,4754,45,2463,3692,2909,1837,1193,19,1064,2125,1996,1282,899,26,1399,1567,913,555,294
2021,2,A,골목상권,2110969,베르사이유1아파트,53929,36213,17716,90,9575,16368,14864,10164,2868,34,5089,11243,11284,6616,1947,56,4486,5125,3580,3548,921
2021,2,A,골목상권,2110968,강남구청역 2번,17810,11539,6271,53,3230,4729,4471,3306,2021,17,1463,2823,3248,2441,1547,36,1767,1906,1223,865,474
2021,2,A,골목상권,2110967,역삼역 8번,60702,36823,23879,115,10925,17002,16035,14106,2519,65,7128,12381,9947,5650,1652,50,3797,4621,6088,8456,867
2021,2,A,골목상권,2110966,논현2동주민센터,27417,17538,9879,65,4763,7772,7077,5016,2724,17,2089,4522,4968,3771,2171,48,2674,3250,2109,1245,553
2021,2,A,골목상권,2110965,언주역 6번,12536,6978,5558,32,2785,3988,2917,1723,1091,14,1028,2297,1924,985,730,18,1757,1691,993,738,361
2021,2,A,골목상권,2110964,싸리고개근린공원,16691,13249,3442,26,2072,3680,4901,4766,1246,12,1067,2741,4124,4292,1013,14,1005,939,777,474,233
2021,2,A,골목상권,2110963,역삼월드메르디앙아파트,26645,15919,10726,134,6368,7920,6420,3764,2039,38,2482,4698,4514,2587,1600,96,3886,3222,1906,1177,439
2021,2,A,골목상권,2110962,도산공원북측,7684,4139,3545,25,1867,2746,1614,996,436,9,732,1558,1047,545,248,16,1135,1188,567,451,188
2021,2,A,골목상권,2110961,언주역 3번,25850,16840,9010,70,5483,7931,5602,3658,3106,29,2478,5132,4147,2743,2311,41,3005,2799,1455,915,795
2021,2,A,골목상권,2110960,은광여고,25543,18368,7175,56,2951,5943,6854,7171,2568,40,1640,3961,5282,5652,1793,16,1311,1982,1572,1519,775
2021,2,A,골목상권,2110959,신구중학교,12478,6517,5961,139,2815,3808,2504,1783,1429,50,1173,2082,1655,873,684,89,1642,1726,849,910,745
2021,2,A,골목상권,2110958,역삼역 4번,42236,28666,13570,63,7659,13522,11576,6973,2443,22,3663,8770,8848,5673,1690,41,3996,4752,2728,1300,753
2021,2,A,골목상권,2110957,언북중학교,28690,17182,11508,72,5858,8514,6766,4137,3343,15,2276,4756,4609,3001,2525,57,3582,3758,2157,1136,818
2021,2,A,골목상권,2110956,언주역 8번,15614,9542,6072,57,3754,5177,3520,1901,1205,37,1723,3094,2486,1290,912,20,2031,2083,1034,611,293
2021,2,A,골목상권,2110955,논현초등학교,25381,16658,8723,83,5578,7705,5841,3882,2292,48,2817,5039,4258,2826,1670,35,2761,2666,1583,1056,622
2021,2,A,골목상권,2110954,국기원,23196,12840,10356,110,5238,7616,5998,2944,1290,31,1823,3964,3878,2178,966,79,3415,3652,2120,766,324
2021,2,A,골목상권,2110953,학동근린공원,26213,16160,10053,92,6774,8335,5664,3381,1967,28,2991,5202,4071,2370,1498,64,3783,3133,1593,1011,469
2021,2,A,골목상권,2110952,논현목련공원,10637,6885,3752,21,2104,3370,2518,1670,954,15,1135,2250,1740,1096,649,6,969,1120,778,574,305
2021,2,A,골목상권,2110951,신사은행나무공원,12925,7220,5705,52,3507,3777,2858,1670,1061,15,1315,2106,1920,1102,762,37,2192,1671,938,568,299
2021,2,A,골목상권,2110950,논현역 7번,19297,11636,7661,39,4250,6200,4538,2762,1508,17,1787,3758,3112,1836,1126,22,2463,2442,1426,926,382
2021,2,A,골목상권,2110949,한남IC,12160,7678,4482,41,2351,3690,3261,1910,907,23,1063,2371,2209,1313,699,18,1288,1319,1052,597,208
2021,2,A,골목상권,2110948,헌인가구단지,57,27,30,0,5,24,14,11,3,0,4,12,6,2,3,0,1,12,8,9,0
2021,2,A,골목상권,2110947,청계산입구역 2번(내곡동주민센터),326,172,154,0,38,55,98,76,59,0,17,30,68,33,24,0,21,25,30,43,35
2021,2,A,골목상권,2110946,청계산원터골,271,144,127,0,34,50,81,50,56,0,15,29,58,20,22,0,19,21,23,30,34
2021,2,A,골목상권,2110945,본마을노인복지센터(서초구립내곡도서관),383,240,143,3,62,91,87,89,51,3,25,53,59,64,36,0,37,38,28,25,15
2021,2,A,골목상권,2110944,서울나래학교(염곡어린이공원),20185,16768,3417,29,2090,4170,6159,6991,746,22,1509,3356,5018,6304,559,7,581,814,1141,687,187
2021,2,A,골목상권,2110943,법제교육센터(버들어린이공원),7684,4780,2904,20,1200,1903,1957,1484,1120,11,643,1190,1209,900,827,9,557,713,748,584,293
2021,2,A,골목상권,2110942,염곡동 구룡사(포이동성당),32043,24395,7648,74,4187,7325,9070,9280,2107,40,2598,5356,6923,7833,1645,34,1589,1969,2147,1447,462
2021,2,A,골목상권,2110941,언남고등학교,4779,3108,1671,28,739,1265,1190,966,591,17,414,816,783,644,434,11,325,449,407,322,157
2021,2,A,골목상권,2110940,양재근린공원(양재2동주민센터),8689,5762,2927,47,1434,2277,2149,1768,1014,26,766,1507,1483,1202,778,21,668,770,666,566,236
2021,2,A,골목상권,2110939,양재역 8번(양재동우체국),45731,23354,22377,508,9762,11110,12644,8019,3688,246,4819,6778,5503,3276,2732,262,4943,4332,7141,4743,956
2021,2,A,골목상권,2110938,바우뫼공원,11265,6894,4371,329,3630,2824,2266,1433,783,154,1891,1856,1564,870,559,175,1739,968,702,563,224
2021,2,A,골목상권,2110937,방아다리근린공원(횃불트리니티신학대학원대학교),17876,11487,6389,356,5244,5033,3649,2329,1265,166,2714,3411,2635,1557,1004,190,2530,1622,1014,772,261
2021,2,A,골목상권,2110936,더케이호텔(양재리본타워2단지아파트),3869,2981,888,16,803,1160,864,700,326,10,552,922,691,565,241,6,251,238,173,135,85
2021,2,A,골목상권,2110935,한전아트센터,20312,15954,4358,47,3699,7326,4955,3496,789,19,2201,5852,4154,3079,649,28,1498,1474,801,417,140
2021,2,A,골목상권,2110934,우면주공아파트,3248,1908,1340,6,549,981,879,631,202,5,199,529,564,460,151,1,350,452,315,171,51
2021,2,A,골목상권,2110933,한국상담대학원대학교,6457,3774,2683,19,1551,1930,1522,1006,429,6,610,1213,1030,624,291,13,941,717,492,382,138
2021,2,A,골목상권,2110932,서울시인재개발원,6066,3421,2645,20,1419,1827,1388,942,470,6,486,1071,936,597,325,14,933,756,452,345,145
2021,2,A,골목상권,2110931,삼성전자서울R&D(서울우면초등학교),1471,770,701,0,273,440,390,329,39,0,89,178,228,248,27,0,184,262,162,81,12
2021,2,A,골목상권,2110930,서초동성당,40185,22492,17693,64,7459,10413,9292,10954,2003,36,2906,5657,4975,7438,1480,28,4553,4756,4317,3516,523
2021,2,A,골목상권,2110929,남부터미널역 1번,40801,22975,17826,94,8567,10227,8785,10521,2607,29,2961,5530,5108,7404,1943,65,5606,4697,3677,3117,664
2021,2,A,골목상권,2110928,서초우방유쉘아파트,14636,8308,6328,79,2911,3987,3610,2696,1353,42,1209,2357,2220,1538,942,37,1702,1630,1390,1158,411
2021,2,A,골목상권,2110927,잠원역,5195,2975,2220,14,1049,1543,1215,847,527,5,440,957,806,467,300,9,609,586,409,380,227
2021,2,A,골목상권,2110926,신중초등학교,20711,15020,5691,29,2823,6720,5736,3692,1711,13,1488,4871,4651,2834,1163,16,1335,1849,1085,858,548
2021,2,A,골목상권,2110925,서초중학교,9296,5492,3804,52,1961,2662,2169,1374,1078,25,798,1591,1465,898,715,27,1163,1071,704,476,363
2021,2,A,골목상권,2110924,반포4동주민센터(몽마르뜨공원),83099,74961,8138,37,8203,17350,22275,32239,2995,19,6505,14740,20038,31075,2584,18,1698,2610,2237,1164,411
2021,2,A,골목상권,2110923,방배역 1번,8904,5663,3241,101,1440,2646,2283,1421,1013,32,731,1526,1586,1012,776,69,709,1120,697,409,237
2021,2,A,골목상권,2110922,내방역 1번,16882,11227,5655,77,3284,5206,4097,3133,1085,58,1557,3103,3051,2630,828,19,1727,2103,1046,503,257
2021,2,A,골목상권,2110921,서울프랑스학교,83562,76383,7179,44,8142,17368,22255,32750,3003,26,6585,15123,20344,31698,2607,18,1557,2245,1911,1052,396
2021,2,A,골목상권,2110920,방배역 2번(백석예술대학교),9972,5994,3978,105,1806,2901,2264,1609,1287,29,832,1640,1444,1069,980,76,974,1261,820,540,307
2021,2,A,골목상권,2110919,내방역 8번,23026,14891,8135,70,3979,7139,6333,3943,1562,37,1696,4093,4651,3200,1214,33,2283,3046,1682,743,348
2021,2,A,골목상권,2110918,방배역 3번,10816,7193,3623,65,2219,3056,2465,1686,1325,48,1253,2103,1744,1060,985,17,966,953,721,626,340
2021,2,A,골목상권,2110917,서초소방서,12422,9657,2765,29,1384,3372,3553,3049,1035,18,855,2598,2947,2472,767,11,529,774,606,577,268
2021,2,A,골목상권,2110916,내방역 4번,11774,7659,4115,75,2322,3382,2734,1833,1428,62,1295,2295,1844,1148,1015,13,1027,1087,890,685,413
2021,2,A,골목상권,2110915,서래초등학교,94789,82594,12195,60,11017,20797,25059,34620,3236,23,7412,16877,22213,33205,2864,37,3605,3920,2846,1415,372
2021,2,A,골목상권,2110914,내방역 6번,7659,4955,2704,25,1383,2047,1723,1397,1084,13,683,1314,1154,948,843,12,700,733,569,449,241
2021,2,A,골목상권,2110913,방현초등학교(방배119안전센터),13661,7814,5847,27,2260,4039,3860,2228,1247,6,966,2297,2227,1448,870,21,1294,1742,1633,780,377
2021,2,A,골목상권,2110912,방배동사이길,15348,9117,6231,40,3489,4414,3802,2689,914,11,1112,2520,2641,2084,749,29,2377,1894,1161,605,165
2021,2,A,골목상권,2110911,방배배수지체육공원,9356,5053,4303,21,1411,2855,2730,1512,827,7,554,1540,1393,987,572,14,857,1315,1337,525,255
2021,2,A,골목상권,2110910,내방역 5번,8226,4933,3293,29,1467,1910,1854,1558,1408,18,612,1121,1123,986,1073,11,855,789,731,572,335
2021,2,A,골목상권,2110909,남태령역(서울전자고등학교),980,650,330,3,37,95,211,424,210,3,11,56,137,285,158,0,26,39,74,139,52
2021,2,A,골목상권,2110908,구반포역,10206,5558,4648,82,1769,2563,2691,2291,810,77,764,1411,1582,1201,523,5,1005,1152,1109,1090,287
2021,2,A,골목상권,2110907,방배초등학교,9463,5322,4141,34,1449,1969,2194,2016,1801,18,591,1121,1241,1097,1254,16,858,848,953,919,547
2021,2,A,골목상권,2110906,서문여고,12830,5897,6933,22,2398,3237,3851,2269,1053,7,757,1390,1825,1223,695,15,1641,1847,2026,1046,358
2021,2,A,골목상권,2110905,방배노인종합복지관(이수중학교),7088,3248,3840,14,1430,1975,1825,1194,650,2,492,840,856,644,414,12,938,1135,969,550,236
2021,2,A,골목상권,2110904,이수역 5번,8769,3652,5117,28,1705,2258,2104,1550,1124,11,568,901,855,658,659,17,1137,1357,1249,892,465
2021,2,A,골목상권,2110903,방배아이파크아파트,17572,8950,8622,21,2787,4332,4867,3195,2370,8,911,1898,2409,1828,1896,13,1876,2434,2458,1367,474
2021,2,A,골목상권,2110902,사당역 4번,5046,3244,1802,7,832,1231,1323,951,702,5,434,787,876,621,521,2,398,444,447,330,181
2021,2,A,골목상권,2110901,인헌고등학교(인헌중학교),2102,1093,1009,7,323,545,600,405,222,4,150,278,296,187,178,3,173,267,304,218,44
2021,2,A,골목상권,2110900,낙성대역 1번(관악구민 종합체육센터),5205,3133,2072,15,1042,1513,1190,800,645,7,483,957,724,463,499,8,559,556,466,337,146
2021,2,A,골목상권,2110899,낙성대역 5번(관악중학교),4750,3171,1579,19,928,1383,1072,761,587,11,469,968,738,513,472,8,459,415,334,248,115
2021,2,A,골목상권,2110898,청림동주민센터(상도중학교),3450,1948,1502,3,505,1104,1104,537,197,2,228,621,634,318,145,1,277,483,470,219,52
2021,2,A,골목상권,2110897,서울대입구역 8번,3920,2161,1759,18,646,860,915,882,599,10,268,453,509,503,418,8,378,407,406,379,181
2021,2,A,골목상권,2110896,관악우성아파트,799,291,508,4,114,127,193,218,143,3,40,45,67,80,56,1,74,82,126,138,87
2021,2,A,골목상권,2110895,샤로수길,10222,6144,4078,27,1727,3006,2245,2098,1119,14,783,1749,1342,1397,859,13,944,1257,903,701,260
2021,2,A,골목상권,2110894,관악동부센트레빌아파트(은천로35라길),7336,2753,4583,54,1023,1249,1644,2245,1121,30,476,663,753,603,228,24,547,586,891,1642,893
2021,2,A,골목상권,2110893,관악소방서(문영여고),1875,1446,429,2,350,573,417,435,98,1,241,446,313,364,81,1,109,127,104,71,17
2021,2,A,골목상권,2110892,관악구 중앙길,4838,2402,2436,12,705,953,1155,1126,887,7,243,435,562,631,524,5,462,518,593,495,363
2021,2,A,골목상권,2110891,구암초등학교,1510,676,834,1,244,400,465,274,126,0,74,176,222,137,67,1,170,224,243,137,59
2021,2,A,골목상권,2110890,봉천역 1번(관악초등학교),2594,1111,1483,7,502,694,561,417,413,3,119,262,264,217,246,4,383,432,297,200,167
2021,2,A,골목상권,2110889,봉천역 6번,2545,1344,1201,2,320,470,540,632,581,1,129,231,296,373,314,1,191,239,244,259,267
2021,2,A,골목상권,2110888,청룡동주민센터,2099,907,1192,4,408,600,515,327,245,0,86,215,246,182,178,4,322,385,269,145,67
2021,2,A,골목상권,2110887,서울산업정보학교(서울삼성초등학교),1523,976,547,3,160,328,383,455,194,1,58,159,255,349,154,2,102,169,128,106,40
2021,2,A,골목상권,2110886,관악해태어린이공원,1665,1062,603,3,148,265,453,511,285,1,57,128,278,370,228,2,91,137,175,141,57
2021,2,A,골목상권,2110885,영락고등학교,1893,1032,861,8,261,357,479,409,379,2,125,180,245,234,246,6,136,177,234,175,133
2021,2,A,골목상권,2110884,봉천역 4번(봉천110안전센터),4024,1687,2337,16,619,799,866,1104,620,3,163,358,395,397,371,13,456,441,471,707,249
2021,2,A,골목상권,2110883,은천초등학교(은천교앞),3528,1525,2003,18,494,684,812,1011,509,3,133,308,387,360,334,15,361,376,425,651,175
2021,2,A,골목상권,2110882,신성초등학교,3420,2456,964,10,526,699,935,786,464,2,341,512,686,592,323,8,185,187,249,194,141
2021,2,A,골목상권,2110881,구립대학경로당(관악산샘말공원),3797,2632,1165,10,521,941,1074,882,369,3,294,607,786,658,284,7,227,334,288,224,85
2021,2,A,골목상권,2110880,신림역 1번,2278,911,1367,4,518,556,461,452,287,1,128,213,230,166,173,3,390,343,231,286,114
2021,2,A,골목상권,2110879,신림현대아파트,1503,793,710,7,249,266,356,320,305,1,112,137,184,178,181,6,137,129,172,142,124
2021,2,A,골목상권,2110878,미림여고,760,404,356,6,82,201,203,172,96,1,25,95,123,91,69,5,57,106,80,81,27
2021,2,A,골목상권,2110877,신림역 8번,3894,1878,2016,7,700,826,840,835,686,3,217,354,438,393,473,4,483,472,402,442,213
2021,2,A,골목상권,2110876,서원동주민센터(신관중학교),2115,996,1119,9,238,350,386,523,609,1,98,176,204,211,306,8,140,174,182,312,303
2021,2,A,골목상권,2110875,보라매동주민센터(당곡고등학교),1363,723,640,3,157,282,311,338,272,1,67,137,153,175,190,2,90,145,158,163,82
2021,2,A,골목상권,2110874,원신초등학교(구세군관악영문교회),1118,557,561,8,124,254,308,281,143,2,31,106,166,149,103,6,93,148,142,132,40
2021,2,A,골목상권,2110873,당곡중학교,3337,1850,1487,9,500,680,793,702,653,5,233,361,440,359,452,4,267,319,353,343,201
2021,2,A,골목상권,2110872,신림초등학교,930,502,428,5,122,218,227,219,139,3,61,122,131,115,70,2,61,96,96,104,69
2021,2,A,골목상권,2110871,신원동주민센터,1612,855,757,5,156,282,321,377,471,0,73,153,184,186,259,5,83,129,137,191,212
2021,2,A,골목상권,2110870,신림주공2단지(광신고등학교),1141,670,471,2,115,187,305,328,204,0,57,100,158,196,159,2,58,87,147,132,45
2021,2,A,골목상권,2110869,"신림역 5번(신림동주민센터, 신림동별빛거리)",4076,2363,1713,5,448,899,1044,811,869,3,183,488,584,482,623,2,265,411,460,329,246
2021,2,A,골목상권,2110868,남부초등학교,2177,1250,927,6,230,384,451,528,578,2,123,247,247,289,342,4,107,137,204,239,236
2021,2,A,골목상권,2110867,국제신학대학원대학교(남서울중학교),2153,1276,877,6,202,394,446,534,571,1,116,254,260,305,340,5,86,140,186,229,231
2021,2,A,골목상권,2110866,난우중학교,1349,680,669,0,156,268,351,372,202,0,54,119,161,198,148,0,102,149,190,174,54
2021,2,A,골목상권,2110865,남강고등학교(남강중학교),1484,757,727,10,165,277,355,427,250,7,75,151,179,198,147,3,90,126,176,229,103
2021,2,A,골목상권,2110864,신림우방아파트,3375,2463,912,2,520,914,1049,663,227,2,254,676,843,528,160,0,266,238,206,135,67
2021,2,A,골목상권,2110863,난우초등학교,1442,710,732,21,172,297,310,390,252,16,69,135,139,194,157,5,103,162,171,196,95
2021,2,A,골목상권,2110862,난곡초등학교(난곡동벽화마을),1010,522,488,6,119,185,246,257,197,4,51,89,116,122,140,2,68,96,130,135,57
2021,2,A,골목상권,2110861,관악구신사동주민센터,5342,3589,1753,7,791,1451,1510,1080,503,5,372,999,1127,747,339,2,419,452,383,333,164
2021,2,A,골목상권,2110860,호림박물관(성보고등학교),2271,1322,949,6,331,597,540,529,268,2,143,327,328,314,208,4,188,270,212,215,60
2021,2,A,골목상권,2110859,난향초등학교,670,335,335,1,62,132,182,148,145,0,6,55,76,79,119,1,56,77,106,69,26
2021,2,A,골목상권,2110858,신대방역 1번,2937,2211,726,0,458,834,956,538,151,0,224,640,808,434,105,0,234,194,148,104,46
2021,2,A,골목상권,2110857,미성동주민센터,1420,669,751,18,192,290,315,355,250,13,86,141,143,141,145,5,106,149,172,214,105
2021,2,A,골목상권,2110856,미성초등학교,5509,3786,1723,18,482,944,1029,1026,2010,13,244,557,635,596,1741,5,238,387,394,430,269
2021,2,A,골목상권,2110855,신대방역 2번,7238,5206,2032,7,1079,1599,1673,1188,1692,3,461,1082,1234,877,1549,4,618,517,439,311,143
2021,2,A,골목상권,2110854,조원동주민센터,4035,2937,1098,4,549,688,667,631,1496,2,252,444,407,434,1398,2,297,244,260,197,98
2021,2,A,골목상권,2110853,KT구로지사,3290,1991,1299,8,459,914,780,685,444,0,205,548,483,423,332,8,254,366,297,262,112
2021,2,A,골목상권,2110852,이수역 9번,3811,1920,1891,8,745,927,993,751,387,1,218,418,515,476,292,7,527,509,478,275,95
2021,2,A,골목상권,2110851,경문고등학교(동작동성당),4456,2067,2389,17,740,1150,1184,943,422,8,269,580,679,373,158,9,471,570,505,570,264
2021,2,A,골목상권,2110850,사당역 10번,10320,5639,4681,18,1880,2576,2671,1839,1336,7,705,1317,1483,1154,973,11,1175,1259,1188,685,363
2021,2,A,골목상권,2110849,이수역 10번,3768,1745,2023,10,433,701,854,817,953,3,153,309,390,345,545,7,280,392,464,472,408
2021,2,A,골목상권,2110848,양지어린이공원,3256,1724,1532,6,441,566,741,634,868,2,119,275,356,341,631,4,322,291,385,293,237
2021,2,A,골목상권,2110847,예술인마을,2530,1528,1002,4,338,589,673,515,411,3,154,331,385,307,348,1,184,258,288,208,63
2021,2,A,골목상권,2110846,남성역 1번,3630,1865,1765,7,330,623,941,836,893,4,126,281,402,423,629,3,204,342,539,413,264
2021,2,A,골목상권,2110845,사당종합체육관,2397,1431,966,1,354,627,650,552,213,0,148,356,441,330,156,1,206,271,209,222,57
2021,2,A,골목상권,2110844,흑석2치안센터,241,126,115,1,35,73,58,42,32,1,19,32,33,17,24,0,16,41,25,25,8
2021,2,A,골목상권,2110843,사당5동주민센터,1194,583,611,1,98,212,342,336,205,0,37,73,143,177,153,1,61,139,199,159,52
2021,2,A,골목상권,2110842,흑리단길,556,270,286,1,66,101,146,139,103,0,20,42,66,74,68,1,46,59,80,65,35
2021,2,A,골목상권,2110841,중대부중,674,354,320,1,103,154,161,163,92,0,51,94,81,73,55,1,52,60,80,90,37
2021,2,A,골목상권,2110840,중앙대학교,882,502,380,1,124,191,228,200,138,0,56,112,135,111,88,1,68,79,93,89,50
2021,2,A,골목상권,2110839,숭실대입구역 4번,3697,2231,1466,2,394,1053,1227,711,310,1,181,582,728,474,265,1,213,471,499,237,45
2021,2,A,골목상권,2110838,상도1동주민센터앞,1392,870,522,1,93,249,390,421,238,0,42,120,242,271,195,1,51,129,148,150,43
2021,2,A,골목상권,2110837,숭실대입구역 1번,8221,3493,4728,54,1030,1379,1902,2545,1311,29,523,747,944,810,440,25,507,632,958,1735,871
2021,2,A,골목상권,2110836,상도역 5번,5025,2807,2218,14,875,1350,1197,1030,559,3,367,761,710,615,351,11,508,589,487,415,208
2021,2,A,골목상권,2110835,상도역 1번,2038,1023,1015,7,367,582,498,390,194,2,128,317,279,178,119,5,239,265,219,212,75
2021,2,A,골목상권,2110834,동작구자원봉사센터,3162,1812,1350,14,353,723,846,740,486,11,174,415,515,413,284,3,179,308,331,327,202
2021,2,A,골목상권,2110833,상도역 2번,1715,864,851,7,261,455,433,361,198,2,97,247,248,166,104,5,164,208,185,195,94
2021,2,A,골목상권,2110832,노량진초등학교,5002,2714,2288,10,799,1411,1191,1071,520,2,412,703,650,640,307,8,387,708,541,431,213
2021,2,A,골목상권,2110831,상도4동주민센터,2239,1368,871,3,307,506,509,590,324,2,153,295,324,435,159,1,154,211,185,155,165
2021,2,A,골목상권,2110830,상도초등학교,1330,625,705,0,226,298,336,312,158,0,96,129,138,163,99,0,130,169,198,149,59
2021,2,A,골목상권,2110829,장승배기역 5번,2349,1304,1045,2,395,511,541,549,351,1,260,279,263,290,211,1,135,232,278,259,140
2021,2,A,골목상권,2110828,노량진역 6번,8869,5087,3782,23,1227,2717,2373,1773,756,5,584,1515,1420,1093,470,18,643,1202,953,680,286
2021,2,A,골목상권,2110827,NH농협은행 상도동지점,1462,630,832,2,132,273,365,370,320,1,43,127,154,151,154,1,89,146,211,219,166
2021,2,A,골목상권,2110826,장승배기역 4번,2029,905,1124,3,266,455,516,421,368,1,108,218,207,182,189,2,158,237,309,239,179
2021,2,A,골목상권,2110825,신대방삼거리역 1번,2536,1465,1071,4,276,526,686,635,409,2,138,298,391,351,285,2,138,228,295,284,124
2021,2,A,골목상권,2110824,대방역 3번,3761,1903,1858,11,679,1005,971,680,415,4,247,541,503,341,267,7,432,464,468,339,148
2021,2,A,골목상권,2110823,신대방삼거리역 3번,19702,12375,7327,54,3771,3849,3316,4703,4009,29,2894,3042,2093,2221,2096,25,877,807,1223,2482,1913
2021,2,A,골목상권,2110822,신대방삼거리역 4번(대림초등학교),21761,14425,7336,49,4293,4465,3481,5406,4067,25,3222,3610,2369,3027,2172,24,1071,855,1112,2379,1895
2021,2,A,골목상권,2110821,보라매역 2번,20232,12822,7410,53,3814,3970,3335,4772,4288,28,2871,3169,2141,2333,2280,25,943,801,1194,2439,2008
2021,2,A,골목상권,2110820,성남고등학교,5261,3799,1462,6,897,1096,1024,1672,566,4,555,782,724,1306,428,2,342,314,300,366,138
2021,2,A,골목상권,2110819,신대방역 4번,8413,4800,3613,22,1758,2323,2095,1432,783,15,703,1397,1279,875,531,7,1055,926,816,557,252
2021,2,A,골목상권,2110818,신대방역 3번,3077,1741,1336,5,647,827,709,528,361,3,245,488,428,333,244,2,402,339,281,195,117
2021,2,A,골목상권,2110817,대방역 4번,4185,2172,2013,10,770,1046,1050,736,573,4,304,573,566,365,360,6,466,473,484,371,213
2021,2,A,골목상권,2110816,대방역 6번,3962,2050,1912,10,759,1006,1000,663,524,4,298,549,535,333,331,6,461,457,465,330,193
2021,2,A,골목상권,2110815,공군호텔,4714,2349,2365,7,784,1077,1138,980,728,1,277,561,601,456,453,6,507,516,537,524,275
2021,2,A,골목상권,2110814,서울지방병무청,7603,4784,2819,9,1346,1680,1544,2153,871,3,693,1084,953,1469,582,6,653,596,591,684,289
2021,2,A,골목상권,2110813,보라매역 6번,6876,4830,2046,11,1220,1596,1384,1792,873,6,699,1147,989,1373,616,5,521,449,395,419,257
2021,2,A,골목상권,2110812,신길6동주민센터,4624,2863,1761,10,727,1148,1135,989,615,4,315,738,735,653,418,6,412,410,400,336,197
2021,2,A,골목상권,2110811,보라매역 4번,2766,1733,1033,6,446,755,710,512,337,4,184,499,472,333,241,2,262,256,238,179,96
2021,2,A,골목상권,2110810,영신초등학교,3517,1894,1623,3,458,736,791,799,730,0,206,397,450,391,450,3,252,339,341,408,280
2021,2,A,골목상권,2110809,장훈고등학교,1606,910,696,1,204,371,337,337,356,0,98,181,189,193,249,1,106,190,148,144,107
2021,2,A,골목상권,2110808,신길역 1번,1592,740,852,5,182,313,417,413,262,2,80,156,192,166,144,3,102,157,225,247,118
2021,2,A,골목상권,2110807,신길역 3번,1638,807,831,11,174,333,401,411,308,8,82,179,196,176,166,3,92,154,205,235,142
2021,2,A,골목상권,2110806,서울시립영등포장애인복지관,2387,1673,714,16,364,520,569,547,371,8,193,343,417,410,302,8,171,177,152,137,69
2021,2,A,골목상권,2110805,신길새마을금고신길4동지점,1216,700,516,1,199,271,315,295,135,0,101,161,180,161,97,1,98,110,135,134,38
2021,2,A,골목상권,2110804,신풍역 1번,2372,1166,1206,3,272,549,698,504,346,2,123,257,287,245,252,1,149,292,411,259,94
2021,2,A,골목상권,2110803,신길2동우편취급국,2509,1438,1071,6,234,521,553,547,648,3,108,251,286,304,486,3,126,270,267,243,162
2021,2,A,골목상권,2110802,신길동홍어거리,1971,1091,880,2,192,411,401,426,539,0,72,183,199,241,396,2,120,228,202,185,143
2021,2,A,골목상권,2110801,신풍역 6번(신길6동공영주차장),301,115,186,1,34,45,73,79,69,0,1,15,27,34,38,1,33,30,46,45,31
2021,2,A,골목상권,2110800,영등포동성당,5362,2916,2446,19,1329,1256,1139,983,636,8,431,652,702,637,486,11,898,604,437,346,150
2021,2,A,골목상권,2110799,영등포본동주민센터,3983,2135,1848,33,649,947,932,981,441,14,258,423,511,605,324,19,391,524,421,376,117
2021,2,A,골목상권,2110798,신풍역 2번,2122,1241,881,11,207,502,639,459,304,7,108,296,321,278,231,4,99,206,318,181,73
2021,2,A,골목상권,2110797,KT대방빌딩,3144,1496,1648,9,820,808,770,523,214,6,240,402,374,312,162,3,580,406,396,211,52
2021,2,A,골목상권,2110796,한림대학교한강성심병원,5632,3268,2364,8,1305,1322,1284,1015,698,0,411,703,861,726,567,8,894,619,423,289,131
2021,2,A,골목상권,2110795,도림초등학교,1828,1023,805,5,184,344,440,434,421,3,71,175,248,241,285,2,113,169,192,193,136
2021,2,A,골목상권,2110794,영동초등학교,8718,5133,3585,8,1743,2212,2176,1709,870,4,679,1371,1441,1029,609,4,1064,841,735,680,261
2021,2,A,골목상권,2110793,대림썬프라자,2818,1319,1499,8,768,694,688,474,186,5,217,345,325,283,144,3,551,349,363,191,42
2021,2,A,골목상권,2110792,영등포역 2번,5923,3190,2733,47,860,1497,1434,1376,709,16,347,682,787,863,495,31,513,815,647,513,214
2021,2,A,골목상권,2110791,신풍역 3번,1383,586,797,2,125,278,433,323,222,1,61,103,121,135,165,1,64,175,312,188,57
2021,2,A,골목상권,2110790,대림1동주민센터,2429,1435,994,10,228,503,715,574,399,6,126,305,368,341,289,4,102,198,347,233,110
2021,2,A,골목상권,2110789,대림성모병원,4450,2148,2302,2,1231,1263,925,658,371,2,390,671,514,343,228,0,841,592,411,315,143
2021,2,A,골목상권,2110788,영등포시장역 3번,1667,1051,616,4,180,309,409,385,380,2,99,204,272,245,229,2,81,105,137,140,151
2021,2,A,골목상권,2110787,신길3동주민센터,1222,699,523,4,115,241,343,317,202,4,48,124,193,184,146,0,67,117,150,133,56
2021,2,A,골목상권,2110786,당산역 8번,7825,5499,2326,20,1077,1908,2064,1786,970,6,520,1259,1536,1421,757,14,557,649,528,365,213
2021,2,A,골목상권,2110785,영등포푸르지오아파트,2451,1619,832,9,260,554,675,578,375,6,121,360,452,397,283,3,139,194,223,181,92
2021,2,A,골목상권,2110784,신대림초등학교,1107,505,602,0,169,239,283,265,151,0,37,90,140,139,99,0,132,149,143,126,52
2021,2,A,골목상권,2110783,영등포시장역 1번,4972,3155,1817,7,670,1173,1173,1290,659,4,428,837,769,737,380,3,242,336,404,553,279
2021,2,A,골목상권,2110782,영등포시장역 4번,2465,1324,1141,11,360,533,568,540,453,3,132,283,346,306,254,8,228,250,222,234,199
2021,2,A,골목상권,2110781,대림한신아파트,2334,1304,1030,3,330,410,531,592,468,0,115,225,289,336,339,3,215,185,242,256,129
2021,2,A,골목상권,2110780,신길대성유니드아파트,1455,969,486,1,140,290,376,383,265,1,90,176,235,250,217,0,50,114,141,133,48
2021,2,A,골목상권,2110779,대림갑을명가아파트,1069,666,403,1,100,175,270,315,208,0,50,111,168,188,149,1,50,64,102,127,59
2021,2,A,골목상권,2110778,구로디지털단지역 4번,17970,10395,7575,62,3849,6187,4533,2071,1268,25,1650,3691,2861,1304,864,37,2199,2496,1672,767,404
2021,2,A,골목상권,2110777,구로세무서,8769,5040,3729,42,1718,2576,2320,1425,688,12,658,1412,1465,941,552,30,1060,1164,855,484,136
2021,2,A,골목상권,2110776,도신초등학교,4733,3293,1440,15,581,1138,1372,1021,606,5,303,810,1017,693,465,10,278,328,355,328,141
2021,2,A,골목상권,2110775,대동초등학교,2459,1332,1127,3,269,325,473,553,836,2,89,164,242,302,533,1,180,161,231,251,303
2021,2,A,골목상권,2110774,당산반도유보라팰리스아파트,8457,4962,3495,26,1814,2431,1605,1556,1025,16,821,1362,1009,1027,727,10,993,1069,596,529,298
2021,2,A,골목상권,2110773,당산역 13번,2905,1950,955,5,412,582,610,614,682,2,235,382,388,415,528,3,177,200,222,199,154
2021,2,A,골목상권,2110772,신우어린이공원,2997,2132,865,12,429,826,887,541,302,4,220,608,699,381,220,8,209,218,188,160,82
2021,2,A,골목상권,2110771,대림역 11번,2948,1669,1279,6,319,411,591,693,928,2,109,223,321,410,604,4,210,188,270,283,324
2021,2,A,골목상권,2110770,영등포구청역 6번,4260,2620,1640,11,498,892,1114,882,863,8,216,483,672,580,661,3,282,409,442,302,202
2021,2,A,골목상권,2110769,대림차이나타운(대림역 12번),2722,1534,1188,6,326,457,574,598,761,4,134,255,332,345,464,2,192,202,242,253,297
2021,2,A,골목상권,2110768,도림2동유수지내체육시설,2354,1370,984,12,303,517,598,503,421,8,98,264,326,358,316,4,205,253,272,145,105
2021,2,A,골목상권,2110767,도림동주민센터,3182,1885,1297,15,390,687,802,650,638,9,145,362,448,425,496,6,245,325,354,225,142
2021,2,A,골목상권,2110766,대림역 5번,11181,7292,3889,23,1207,2226,2566,2591,2568,10,630,1648,1904,1582,1518,13,577,578,662,1009,1050
2021,2,A,골목상권,2110765,문래동사거리,7830,4633,3197,26,1429,2100,2107,1368,800,12,580,1203,1318,865,655,14,849,897,789,503,145
2021,2,A,골목상권,2110764,문래역 3번,4607,2577,2030,6,1067,1049,1088,744,653,3,348,575,673,486,492,3,719,474,415,258,161
2021,2,A,골목상권,2110763,영등포구청역 2번,8695,4343,4352,23,1697,2301,1702,1681,1291,12,718,1211,954,756,692,11,979,1090,748,925,599
2021,2,A,골목상권,2110762,선유도역 1번,13668,7921,5747,38,2474,3715,3705,2298,1438,14,1069,2259,2141,1374,1064,24,1405,1456,1564,924,374
2021,2,A,골목상권,2110761,문래동남성맨션,2530,1610,920,7,264,524,672,539,524,2,128,308,394,353,425,5,136,216,278,186,99
2021,2,A,골목상권,2110760,선유도역 6번,12817,7184,5633,36,2497,3665,3582,1995,1042,13,1072,2185,2010,1151,753,23,1425,1480,1572,844,289
2021,2,A,골목상권,2110759,문래예술촌(문래창작촌),66557,51492,15065,62,8833,22832,21900,9809,3121,32,5445,17498,18835,7910,1772,30,3388,5334,3065,1899,1349
2021,2,A,골목상권,2110758,문래소공원,15574,8153,7421,106,3451,3930,3390,3353,1344,31,1573,2867,1720,962,1000,75,1878,1063,1670,2391,344
2021,2,A,골목상권,2110757,양평역 2번,5127,3795,1332,16,638,1290,1232,1011,940,8,379,981,930,735,762,8,259,309,302,276,178
2021,2,A,골목상권,2110756,문래중학교,2728,1912,816,3,291,594,707,629,504,0,153,434,496,443,386,3,138,160,211,186,118
2021,2,A,골목상권,2110755,동일여자고등학교,2135,1066,1069,22,282,514,513,476,328,16,133,279,259,198,181,6,149,235,254,278,147
2021,2,A,골목상권,2110754,삼성산자연공원(서울금천초등학교),2472,1302,1170,24,320,567,623,566,372,17,150,318,341,253,223,7,170,249,282,313,149
2021,2,A,골목상권,2110753,시흥동 은행나무사거리,2070,1119,951,8,216,426,499,538,383,7,110,244,247,282,229,1,106,182,252,256,154
2021,2,A,골목상권,2110752,한울중학교,2508,1442,1066,13,371,511,631,654,328,10,227,286,332,344,243,3,144,225,299,310,85
2021,2,A,골목상권,2110751,난곡중학교,5213,3717,1496,5,380,874,998,1011,1945,4,227,511,612,622,1741,1,153,363,386,389,204
2021,2,A,골목상권,2110750,시흥4동주민센터(서울신흥초등학교),1282,735,547,10,177,238,364,328,165,8,95,148,212,156,116,2,82,90,152,172,49
2021,2,A,골목상권,2110749,금산초등학교(금천고등학교),7948,4687,3261,13,583,1162,1851,2068,2271,4,304,743,1058,1128,1450,9,279,419,793,940,821
2021,2,A,골목상권,2110748,백산초등학교,1856,1127,729,1,232,353,454,484,332,1,140,225,265,265,231,0,92,128,189,219,101
2021,2,A,골목상권,2110747,석수역 1번 출입구,1141,853,288,4,75,146,253,309,354,4,50,104,169,220,306,0,25,42,84,89,48
2021,2,A,골목상권,2110746,금천금빛공원(은행나무사거리서측),1310,613,697,2,128,213,354,362,251,1,50,94,162,172,134,1,78,119,192,190,117
2021,2,A,골목상권,2110745,독산동정훈단지,1707,938,769,1,199,309,343,477,378,0,110,127,144,259,298,1,89,182,199,218,80
2021,2,A,골목상권,2110744,독산동성당,2416,1405,1011,3,254,397,504,647,611,2,147,225,267,354,410,1,107,172,237,293,201
2021,2,A,골목상권,2110743,시흥초등학교(시흥1동우체국),2406,1098,1308,8,357,447,616,620,358,6,148,209,284,249,202,2,209,238,332,371,156
2021,2,A,골목상권,2110742,KT금천빌딩(금천구시설관리공단),6015,3720,2295,11,452,843,1212,1435,2062,3,293,570,765,848,1241,8,159,273,447,587,821
2021,2,A,골목상권,2110741,독산2동주민센터,2240,1186,1054,4,289,450,522,614,361,2,144,230,254,308,248,2,145,220,268,306,113
2021,2,A,골목상권,2110740,금천해태공원,3416,1807,1609,19,676,847,769,717,388,14,314,474,387,335,283,5,362,373,382,382,105
2021,2,A,골목상권,2110739,시흥3동 우편취급국,6352,3608,2744,12,450,863,1467,1666,1894,3,234,571,836,841,1123,9,216,292,631,825,771
2021,2,A,골목상권,2110738,문성초등학교,2977,1790,1187,13,415,599,717,708,525,4,242,374,447,400,323,9,173,225,270,308,202
2021,2,A,골목상권,2110737,금천세무서,2285,1396,889,11,291,455,570,573,385,2,149,254,326,364,301,9,142,201,244,209,84
2021,2,A,골목상권,2110736,독산119안전센터,3398,2048,1350,7,368,585,749,938,751,2,210,356,449,533,498,5,158,229,300,405,253
2021,2,A,골목상권,2110735,말미고개,3342,1951,1391,9,413,671,745,902,602,5,210,391,419,491,435,4,203,280,326,411,167
2021,2,A,골목상권,2110734,금천파출소,2086,924,1162,8,492,580,438,382,186,3,209,294,191,141,86,5,283,286,247,241,100
2021,2,A,골목상권,2110733,금천어울림복지센터,3444,1825,1619,7,384,863,854,918,418,7,139,357,436,581,305,0,245,506,418,337,113
2021,2,A,골목상권,2110732,가산초등학교(세일중학교),3569,2253,1316,15,480,731,846,865,632,5,267,437,485,565,494,10,213,294,361,300,138
2021,2,A,골목상권,2110731,금천구청역 1번 출입구,4713,2376,2337,15,717,1254,1089,1102,536,10,295,567,515,637,352,5,422,687,574,465,184
2021,2,A,골목상권,2110730,서울축산농협 독산역지점(독산파출소),8706,5284,3422,16,575,977,1154,1734,4250,13,301,608,665,989,2708,3,274,369,489,745,1542
2021,2,A,골목상권,2110729,가산동우체국,7733,4618,3115,35,1115,1778,1866,1386,1553,23,591,1099,1184,849,872,12,524,679,682,537,681
2021,2,A,골목상권,2110728,두산초등학교,18360,12147,6213,48,2128,4025,3814,3397,4948,34,1169,2673,2717,2302,3252,14,959,1352,1097,1095,1696
2021,2,A,골목상권,2110727,독산역 1번 출입구,17476,11439,6037,47,2095,3867,3580,3098,4789,35,1158,2571,2539,2068,3068,12,937,1296,1041,1030,1721
2021,2,A,골목상권,2110726,금천철쭉어린이공원(금하마을),1309,861,448,13,192,244,273,324,263,11,121,165,185,179,200,2,71,79,88,145,63
2021,2,A,골목상권,2110725,가산동주민센터,17959,10649,7310,54,3657,5220,4231,2774,2023,36,1832,3225,2688,1581,1287,18,1825,1995,1543,1193,736
2021,2,A,골목상권,2110724,금천구립가산도서관,16529,10406,6123,48,2688,4775,4093,3007,1918,31,1461,3038,2801,1938,1137,17,1227,1737,1292,1069,781
2021,2,A,골목상권,2110723,가산디지털단지역 1번 출입구,30711,20313,10398,125,6526,9665,7684,4343,2368,83,3343,6435,5555,3044,1853,42,3183,3230,2129,1299,515
2021,2,A,골목상권,2110722,G타워,30854,19064,11790,91,6081,10458,8099,3836,2289,44,2876,6665,5338,2458,1683,47,3205,3793,2761,1378,606
2021,2,A,골목상권,2110721,가리봉파출소,16201,10773,5428,61,3049,5067,4125,2440,1459,38,1654,3498,2950,1549,1084,23,1395,1569,1175,891,375
2021,2,A,골목상권,2110720,대림역 2번,3054,2008,1046,3,284,548,746,896,577,2,135,315,486,651,419,1,149,233,260,245,158
2021,2,A,골목상권,2110719,영서중학교,16106,11484,4622,81,3373,5212,3875,2184,1381,58,1839,3643,3031,1716,1197,23,1534,1569,844,468,184
2021,2,A,골목상권,2110718,한국SGI본부,11273,7495,3778,38,1568,2695,2863,2448,1661,30,912,1907,2037,1549,1060,8,656,788,826,899,601
2021,2,A,골목상권,2110717,남구로역 2번,32359,21997,10362,139,6433,10200,7892,4583,3112,93,3413,6993,5797,3191,2510,46,3020,3207,2095,1392,602
2021,2,A,골목상권,2110716,구로나눔길,5187,2873,2314,7,627,1401,1218,1332,602,3,283,752,655,825,355,4,344,649,563,507,247
2021,2,A,골목상권,2110715,구로구민회관,9631,5743,3888,10,1097,2247,2356,2343,1578,7,543,1415,1484,1362,932,3,554,832,872,981,646
2021,2,A,골목상권,2110714,구로4동주민센터,6726,4005,2721,16,736,1595,1535,1881,963,10,334,852,897,1259,653,6,402,743,638,622,310
2021,2,A,골목상권,2110713,구로보건소,8744,5422,3322,19,1294,2210,2371,1815,1035,12,670,1411,1510,1110,709,7,624,799,861,705,326
2021,2,A,골목상권,2110712,남구로역 5번,1744,993,751,8,222,353,399,367,395,5,113,205,206,195,269,3,109,148,193,172,126
2021,2,A,골목상권,2110711,구로초등학교,6650,3489,3161,18,1043,1686,1509,1570,824,6,423,836,776,935,513,12,620,850,733,635,311
2021,2,A,골목상권,2110710,남구로역 3번,23954,15662,8292,83,4830,7403,5886,3524,2228,55,2475,4912,4114,2389,1717,28,2355,2491,1772,1135,511
2021,2,A,골목상권,2110709,구로119안전센터,1617,786,831,4,193,275,354,466,325,2,81,147,192,183,181,2,112,128,162,283,144
2021,2,A,골목상권,2110708,화원어린이공원,2555,1302,1253,12,557,671,568,393,354,4,188,310,307,231,262,8,369,361,261,162,92
2021,2,A,골목상권,2110707,구로창업지원센터,7830,5732,2098,13,782,2138,2103,1720,1074,10,450,1587,1593,1259,833,3,332,551,510,461,241
2021,2,A,골목상권,2110706,그라운드 고척,3644,2363,1281,2,400,761,863,902,716,2,204,446,507,589,615,0,196,315,356,313,101
2021,2,A,골목상권,2110705,고산초등학교,3225,2124,1101,3,369,685,744,785,639,2,191,401,432,537,561,1,178,284,312,248,78
2021,2,A,골목상권,2110704,고척중학교,4524,2700,1824,4,515,986,1072,1090,857,3,263,536,545,647,706,1,252,450,527,443,151
2021,2,A,골목상권,2110703,개봉역,9690,5377,4313,42,1449,2320,2204,2355,1320,22,833,1480,1106,1120,816,20,616,840,1098,1235,504
2021,2,A,골목상권,2110702,개봉초등학교,1617,846,771,1,165,337,431,400,283,1,75,158,210,220,182,0,90,179,221,180,101
2021,2,A,골목상권,2110701,고척동성당,5140,3853,1287,8,508,1129,1442,1653,400,2,289,824,1107,1322,309,6,219,305,335,331,91
2021,2,A,골목상권,2110700,고척초등학교,6601,4680,1921,11,615,1436,1850,2027,662,8,337,1015,1342,1521,457,3,278,421,508,506,205
2021,2,A,골목상권,2110699,덕의초등학교,2600,1666,934,9,324,610,655,684,318,7,201,404,412,402,240,2,123,206,243,282,78
2021,2,A,골목상권,2110698,개웅초등학교(개웅중학교),2910,1311,1599,8,427,527,747,807,394,6,221,286,281,277,240,2,206,241,466,530,154
2021,2,A,골목상권,2110697,개봉3동주민센터,1428,921,507,1,203,343,360,295,226,1,94,230,241,189,166,0,109,113,119,106,60
2021,2,A,골목상권,2110696,오류동역 1번,4076,2551,1525,35,946,1200,792,628,475,18,525,831,467,354,356,17,421,369,325,274,119
2021,2,A,골목상권,2110695,개봉1동주민센터,2553,1495,1058,8,234,615,670,616,410,7,123,360,373,358,274,1,111,255,297,258,136
2021,2,A,골목상권,2110694,세곡초등학교,2298,1341,957,2,220,480,607,605,384,0,116,267,319,344,295,2,104,213,288,261,89
2021,2,A,골목상권,2110693,오류동역 4번,2869,1936,933,4,380,544,701,802,438,3,304,369,458,494,308,1,76,175,243,308,130
2021,2,A,골목상권,2110692,큰굴다리,3501,2336,1165,5,490,701,888,977,440,4,368,470,568,604,322,1,122,231,320,373,118
2021,2,A,골목상권,2110691,개봉중학교,2257,1344,913,6,255,488,536,603,369,1,144,293,301,330,275,5,111,195,235,273,94
2021,2,A,골목상권,2110690,오류2동버들시장,4817,3106,1711,4,590,1020,1245,1208,750,1,375,616,761,791,562,3,215,404,484,417,188
2021,2,A,골목상권,2110689,오류동역 3번,4967,3126,1841,15,602,944,1206,1425,775,8,423,612,737,822,524,7,179,332,469,603,251
2021,2,A,골목상권,2110688,오류지구대,2024,1180,844,6,171,361,499,605,382,5,78,189,275,344,289,1,93,172,224,261,93
2021,2,A,골목상권,2110687,"천왕역 3번(오류2동주민센터, 서울오류남초등학교)",981,590,391,3,93,218,282,256,129,1,38,109,165,171,106,2,55,109,117,85,23
2021,2,A,골목상권,2110686,수궁동주민센터,2464,1418,1046,9,230,424,607,718,476,7,102,232,349,412,316,2,128,192,258,306,160
2021,2,A,골목상권,2110685,금강수목원아파트,1251,894,357,2,77,226,345,363,238,1,41,140,228,277,207,1,36,86,117,86,31
2021,2,A,골목상권,2110684,서울공연예술고등학교,1390,797,593,5,149,304,373,389,170,2,71,177,213,231,103,3,78,127,160,158,67
2021,2,A,골목상권,2110683,오류고등학교,1310,758,552,5,143,298,351,350,163,2,69,173,204,211,99,3,74,125,147,139,64
2021,2,A,골목상권,2110682,온수역 8번,1099,772,327,1,51,177,251,337,282,1,28,91,144,242,266,0,23,86,107,95,16
2021,2,A,골목상권,2110681,온수역 1번,1119,839,280,1,41,153,236,373,315,1,21,91,147,294,285,0,20,62,89,79,30
2021,2,A,골목상권,2110680,온수역 5번(온수산업단지),1725,1445,280,18,178,273,326,494,436,18,140,217,249,416,405,0,38,56,77,78,31
2021,2,A,골목상권,2110679,염창역 2번,4141,2829,1312,6,438,939,1245,1003,510,4,219,585,882,757,382,2,219,354,363,246,128
2021,2,A,골목상권,2110678,염창무학아파트,2176,1462,714,4,268,527,551,487,339,3,117,349,371,348,274,1,151,178,180,139,65
2021,2,A,골목상권,2110677,등촌역 1번,7770,5001,2769,27,1180,1953,1864,1628,1118,19,526,1215,1243,1143,855,8,654,738,621,485,263
2021,2,A,골목상권,2110676,등촌역 7번,3083,1901,1182,14,465,677,769,692,466,7,196,414,463,448,373,7,269,263,306,244,93
2021,2,A,골목상권,2110675,화곡4동주민센터,3054,1392,1662,8,686,826,628,588,318,5,146,369,300,334,238,3,540,457,328,254,80
2021,2,A,골목상권,2110674,강서구청가양동별관,3250,2202,1048,13,534,769,882,693,359,8,370,541,605,447,231,5,164,228,277,246,128
2021,2,A,골목상권,2110673,뜸부기어린이공원,4546,2072,2474,4,892,1156,994,968,532,2,237,496,489,496,352,2,655,660,505,472,180
2021,2,A,골목상권,2110672,백석중학교,3508,1974,1534,2,408,673,852,913,660,1,179,335,522,544,393,1,229,338,330,369,267
2021,2,A,골목상권,2110671,등촌1동주민센터,14478,9017,5461,47,2628,3590,3369,2781,2063,27,1070,2281,2330,1868,1441,20,1558,1309,1039,913,622
2021,2,A,골목상권,2110670,신곡초등학교,2263,1214,1049,8,288,636,617,494,220,5,142,343,297,278,149,3,146,293,320,216,71
2021,2,A,골목상권,2110669,화곡보람2차아파트,4924,2907,2017,4,1178,1380,951,683,728,3,372,912,716,421,483,1,806,468,235,262,245
2021,2,A,골목상권,2110668,화곡2동주민센터,3376,1859,1517,11,462,856,918,735,394,8,213,465,475,424,274,3,249,391,443,311,120
2021,2,A,골목상권,2110667,가양역 10번,2692,1443,1249,14,455,539,644,615,425,3,213,291,370,318,248,11,242,248,274,297,177
2021,2,A,골목상권,2110666,KC대학교,4814,3125,1689,6,577,1404,1162,1205,460,3,293,836,712,876,405,3,284,568,450,329,55
2021,2,A,골목상권,2110665,곰달래도서관,3026,1676,1350,7,329,573,768,822,527,6,144,324,418,426,358,1,185,249,350,396,169
2021,2,A,골목상권,2110664,강서구청옆,5833,3456,2377,6,812,1721,1459,1348,487,4,363,992,861,906,330,2,449,729,598,442,157
2021,2,A,골목상권,2110663,우장산롯데캐슬아파트앞,11194,6470,4724,40,1626,2878,2757,2837,1056,12,751,1807,1727,1551,622,28,875,1071,1030,1286,434
2021,2,A,골목상권,2110662,까치산역 1번,4227,2462,1765,12,541,1010,1114,1000,550,9,263,585,586,634,385,3,278,425,528,366,165
2021,2,A,골목상권,2110661,강서새말어린이공원,5172,3080,2092,3,619,1428,1352,1332,438,1,266,767,797,928,321,2,353,661,555,404,117
2021,2,A,골목상권,2110660,등촌3동주민센터,11883,6282,5601,49,1613,2452,2671,2721,2377,18,736,1568,1579,1216,1165,31,877,884,1092,1505,1212
2021,2,A,골목상권,2110659,화곡역 4번,5367,2731,2636,20,801,1346,1458,1139,603,15,306,694,725,625,366,5,495,652,733,514,237
2021,2,A,골목상권,2110658,화곡초등학교,4197,2544,1653,2,869,872,820,854,780,0,284,497,482,613,668,2,585,375,338,241,112
2021,2,A,골목상권,2110657,양천향교역 5번,9781,5923,3858,24,1272,2402,2408,2189,1486,12,574,1336,1536,1311,1154,12,698,1066,872,878,332
2021,2,A,골목상권,2110656,까치산역 3번,3493,1986,1507,17,308,641,932,1073,522,15,157,392,539,568,315,2,151,249,393,505,207
2021,2,A,골목상권,2110655,발산역 5번,4383,2015,2368,5,446,729,861,918,1424,3,178,374,438,390,632,2,268,355,423,528,792
2021,2,A,골목상권,2110654,까치산역 4번,3795,2359,1436,18,343,671,982,1195,586,15,175,398,555,770,446,3,168,273,427,425,140
2021,2,A,골목상권,2110653,화곡역 2번,4351,2351,2000,5,944,910,870,876,746,2,268,477,473,554,577,3,676,433,397,322,169
2021,2,A,골목상권,2110652,양천향교역 2번,5710,3599,2111,14,619,1180,1278,1459,1160,8,317,748,781,891,854,6,302,432,497,568,306
2021,2,A,골목상권,2110651,화원중학교,3517,2196,1321,12,349,654,819,1010,673,8,180,416,488,671,433,4,169,238,331,339,240
2021,2,A,골목상권,2110650,우장산힐스테이트,2082,1180,902,4,212,365,470,571,460,3,113,222,268,291,283,1,99,143,202,280,177
2021,2,A,골목상권,2110649,우장산역 1번,2841,1561,1280,6,406,505,632,740,552,3,199,290,339,383,347,3,207,215,293,357,205
2021,2,A,골목상권,2110648,양천향교역 7번,4914,3190,1724,14,579,1057,1190,1108,966,10,283,660,797,661,779,4,296,397,393,447,187
2021,2,A,골목상권,2110647,화곡역 5번,3929,2063,1866,15,520,821,912,968,693,12,208,459,490,506,388,3,312,362,422,462,305
2021,2,A,골목상권,2110646,푸른들청소년도서관,7186,4303,2883,14,953,1663,1774,1762,1020,9,484,1051,1040,999,720,5,469,612,734,763,300
2021,2,A,골목상권,2110645,우장산역 4번,6461,3740,2721,11,778,1499,1702,1666,805,7,412,940,912,880,589,4,366,559,790,786,216
2021,2,A,골목상권,2110644,신광명마을,1529,957,572,8,107,211,408,465,330,5,46,108,229,298,271,3,61,103,179,167,59
2021,2,A,골목상권,2110643,강서구다솔마을,1476,921,555,1,151,323,422,380,199,0,75,205,270,236,135,1,76,118,152,144,64
2021,2,A,골목상권,2110642,정곡초등학교,920,727,193,4,48,120,202,265,281,3,32,78,138,222,254,1,16,42,64,43,27
2021,2,A,골목상권,2110641,공항고등학교,1775,1121,654,5,243,392,434,432,269,4,138,252,239,274,214,1,105,140,195,158,55
2021,2,A,골목상권,2110640,방화역 1번,4701,2998,1703,7,463,1055,1196,1214,766,5,234,553,729,849,628,2,229,502,467,365,138
2021,2,A,골목상권,2110639,신방화역 8번,3267,1552,1715,7,254,358,567,1049,1032,4,117,219,327,397,488,3,137,139,240,652,544
2021,2,A,골목상권,2110638,신방화역 2번,4189,2767,1422,12,450,721,1151,1168,687,9,229,441,775,780,533,3,221,280,376,388,154
2021,2,A,골목상권,2110637,송정역 2번,3090,1452,1638,8,222,392,558,896,1014,1,111,237,333,307,463,7,111,155,225,589,551
2021,2,A,골목상권,2110636,방화역 2번,4034,2575,1459,8,374,758,1201,1084,609,6,202,411,781,702,473,2,172,347,420,382,136
2021,2,A,골목상권,2110635,공항시장역 3번,4028,2022,2006,9,413,625,733,1111,1137,2,185,363,444,461,567,7,228,262,289,650,570
2021,2,A,골목상권,2110634,송정역 3번,2694,1672,1022,6,328,605,702,637,416,1,149,365,440,410,307,5,179,240,262,227,109
2021,2,A,골목상권,2110633,개화산역 1번,2304,1602,702,6,198,412,735,631,322,4,115,256,543,439,245,2,83,156,192,192,77
2021,2,A,골목상권,2110632,방화역 3번,7383,5811,1572,6,736,1634,1983,2247,777,4,551,1255,1531,1831,639,2,185,379,452,416,138
2021,2,A,골목상권,2110631,방화초등학교,2474,1525,949,5,328,491,565,615,470,5,177,298,321,361,363,0,151,193,244,254,107
2021,2,A,골목상권,2110630,공항시장역 1번,33522,17722,15800,6,5643,10995,9040,6314,1524,3,1318,4557,5278,5486,1080,3,4325,6438,3762,828,444
2021,2,A,골목상권,2110629,송정역 4번,31131,16295,14836,1,5401,10620,8646,5741,722,1,1218,4347,5017,5107,605,0,4183,6273,3629,634,117
2021,2,A,골목상권,2110628,신목동역,2970,1823,1147,5,409,809,809,620,318,3,200,461,521,428,210,2,209,348,288,192,108
2021,2,A,골목상권,2110627,신정롯데캐슬아파트,13152,7343,5809,66,2437,4215,3340,2376,718,31,964,2220,2044,1547,537,35,1473,1995,1296,829,181
2021,2,A,골목상권,2110626,양화초등학교,5376,3201,2175,7,707,1254,1523,1314,571,5,310,670,1001,828,387,2,397,584,522,486,184
2021,2,A,골목상권,2110625,신정2동주민센터,19093,11500,7593,116,3148,6062,4842,3763,1162,81,1491,3599,3053,2506,770,35,1657,2463,1789,1257,392
2021,2,A,골목상권,2110624,목동문화체육센터,2321,1175,1146,1,328,550,660,492,290,1,169,289,299,229,188,0,159,261,361,263,102
2021,2,A,골목상권,2110623,갈산공원,1938,1165,773,6,220,476,489,421,326,4,121,280,280,244,236,2,99,196,209,177,90
2021,2,A,골목상권,2110622,달마을공원,4416,2669,1747,3,560,997,1287,1119,450,2,275,579,819,688,306,1,285,418,468,431,144
2021,2,A,골목상권,2110621,목동역 5번,9489,5120,4369,21,1849,2483,2292,1693,1151,12,701,1376,1387,935,709,9,1148,1107,905,758,442
2021,2,A,골목상권,2110620,목동보건지소,4227,2213,2014,7,503,1016,1212,975,514,5,250,571,551,479,357,2,253,445,661,496,157
2021,2,A,골목상권,2110619,목4동주민센터,3721,1714,2007,6,823,1066,907,664,255,2,194,461,482,378,197,4,629,605,425,286,58
2021,2,A,골목상권,2110618,강서고등학교,4292,2255,2037,8,835,1131,1004,886,428,4,221,551,572,565,342,4,614,580,432,321,86
2021,2,A,골목상권,2110617,등촌역 4번,3438,1930,1508,2,451,781,858,856,490,0,208,454,481,453,334,2,243,327,377,403,156
2021,2,A,골목상권,2110616,양목초등학교,1799,899,900,5,181,390,400,460,363,2,68,196,194,233,206,3,113,194,206,227,157
2021,2,A,골목상권,2110615,신서초등학교,8009,4605,3404,28,1503,2016,1895,1652,915,24,525,1225,1134,1015,682,4,978,791,761,637,233
2021,2,A,골목상권,2110614,목동로데오거리,2729,1267,1462,3,368,601,686,671,400,2,129,258,320,327,231,1,239,343,366,344,169
2021,2,A,골목상권,2110613,신정네거리역 4번,662,330,332,1,82,146,146,151,136,1,28,65,62,82,92,0,54,81,84,69,44
2021,2,A,골목상권,2110612,신정역 5번,4880,2815,2065,12,941,776,869,924,1358,5,300,381,452,509,1168,7,641,395,417,415,190
2021,2,A,골목상권,2110611,신정역 1번,5571,3252,2319,20,1009,852,985,1191,1514,13,358,475,562,627,1217,7,651,377,423,564,297
2021,2,A,골목상권,2110610,계남근린공원,2806,1832,974,4,367,839,889,389,318,1,175,534,672,250,200,3,192,305,217,139,118
2021,2,A,골목상권,2110609,신정네거리역 2번,3335,2512,823,7,218,342,581,655,1532,2,101,191,310,462,1446,5,117,151,271,193,86
2021,2,A,골목상권,2110608,신월2동주민센터,3976,2139,1837,15,369,670,1059,1102,761,11,184,386,521,524,513,4,185,284,538,578,248
2021,2,A,골목상권,2110607,금빛새마을금고본점,2998,2422,576,7,172,293,469,558,1499,3,99,181,289,411,1439,4,73,112,180,147,60
2021,2,A,골목상권,2110606,신한은행 신월동지점,3615,2480,1135,3,177,372,789,1154,1120,1,78,207,430,795,969,2,99,165,359,359,151
2021,2,A,골목상권,2110605,목동센트럴아이파크앞,1754,989,765,2,116,242,435,576,383,0,50,131,215,314,279,2,66,111,220,262,104
2021,2,A,골목상권,2110604,신월4동주민센터,3244,2266,978,5,220,414,690,1030,885,2,102,228,416,732,786,3,118,186,274,298,99
2021,2,A,골목상권,2110603,지향초등학교,2592,1701,891,3,160,370,659,856,544,0,64,217,403,589,428,3,96,153,256,267,116
2021,2,A,골목상권,2110602,신월시영아파트중문,3451,2409,1042,4,231,412,798,1090,916,2,141,263,470,758,775,2,90,149,328,332,141
2021,2,A,골목상권,2110601,신월1동우편취급국,3018,1984,1034,9,310,532,728,944,495,4,169,341,467,618,385,5,141,191,261,326,110
2021,2,A,골목상권,2110600,신월7동주민센터,4589,3041,1548,5,349,562,844,1298,1531,3,190,349,550,894,1055,2,159,213,294,404,476
2021,2,A,골목상권,2110599,신월1파출소,1954,1183,771,4,189,357,509,638,257,2,104,206,281,401,189,2,85,151,228,237,68
2021,2,A,골목상권,2110598,신월문화체육센터,4415,2906,1509,4,469,723,911,1046,1262,3,347,549,598,639,770,1,122,174,313,407,492
2021,2,A,골목상권,2110597,신월1동주민센터,3247,1879,1368,5,328,631,701,902,680,2,149,350,364,551,463,3,179,281,337,351,217
2021,2,A,골목상권,2110596,서서울호수공원,2414,1520,894,5,296,458,530,682,443,2,143,270,315,430,360,3,153,188,215,252,83
2021,2,A,골목상권,2110595,메디힐병원,3307,1776,1531,2,345,697,733,878,652,1,148,334,364,502,427,1,197,363,369,376,225
2021,2,A,골목상권,2110594,신월중학교,1610,737,873,7,235,411,427,385,145,4,83,171,183,194,102,3,152,240,244,191,43
2021,2,A,골목상권,2110593,신월3동주민센터,1979,1072,907,1,214,366,444,532,422,0,79,159,206,310,318,1,135,207,238,222,104
2021,2,A,골목상권,2110592,서울금융고등학교,1788,1020,768,0,177,357,377,459,418,0,64,141,192,300,323,0,113,216,185,159,95
2021,2,A,골목상권,2110591,충정로역 6번,5404,3164,2240,0,955,1528,1449,912,560,0,477,884,839,590,374,0,478,644,610,322,186
2021,2,A,골목상권,2110590,만리재,1948,972,976,1,255,425,499,527,241,1,93,214,253,264,147,0,162,211,246,263,94
2021,2,A,골목상권,2110589,애오개역 3번,2670,1166,1504,0,463,870,876,364,97,0,172,429,389,118,58,0,291,441,487,246,39
2021,2,A,골목상권,2110588,한겨레신문사,2850,1529,1321,2,519,639,724,652,314,2,285,398,335,314,195,0,234,241,389,338,119
2021,2,A,골목상권,2110587,공덕동주민센터,6321,3515,2806,22,1145,1800,1749,1153,452,5,525,961,999,724,301,17,620,839,750,429,151
2021,2,A,골목상권,2110586,서울서부지방법원,19070,11193,7877,90,3888,5775,5319,3123,875,33,1607,3200,3429,2296,628,57,2281,2575,1890,827,247
2021,2,A,골목상권,2110585,마포경찰서,7079,4166,2913,8,1235,2487,2119,968,262,1,618,1463,1293,626,165,7,617,1024,826,342,97
2021,2,A,골목상권,2110584,아현역 4번,1593,827,766,2,374,498,331,224,164,1,138,271,180,129,108,1,236,227,151,95,56
2021,2,A,골목상권,2110583,공덕래미안3차아파트,10579,6407,4172,38,1986,3371,2915,1800,469,9,938,1908,1883,1348,321,29,1048,1463,1032,452,148
2021,2,A,골목상권,2110582,이대역 5번,996,382,614,2,125,209,275,242,143,1,27,57,87,121,89,1,98,152,188,121,54
2021,2,A,골목상권,2110581,염리초등학교,11991,6894,5097,24,1766,2851,3013,2599,1738,10,963,1752,1839,1304,1026,14,803,1099,1174,1295,712
2021,2,A,골목상권,2110580,양원초등학교,835,410,425,3,122,173,205,202,130,2,34,88,96,111,79,1,88,85,109,91,51
2021,2,A,골목상권,2110579,마포역 4번,6836,4344,2492,8,1268,1844,1726,1271,719,6,552,1114,1202,925,545,2,716,730,524,346,174
2021,2,A,골목상권,2110578,대흥역 2번,7403,4583,2820,89,1498,1733,1653,1512,918,34,738,1064,1090,1038,619,55,760,669,563,474,299
2021,2,A,골목상권,2110577,용강동주민센터,7757,4680,3077,78,1507,2186,1956,1205,825,29,743,1309,1275,779,545,49,764,877,681,426,280
2021,2,A,골목상권,2110576,대흥역 3번,5951,3670,2281,79,1016,1372,1330,1278,876,29,500,853,887,811,590,50,516,519,443,467,286
2021,2,A,골목상권,2110575,대흥동주민센터,4424,2010,2414,64,2141,1019,506,453,241,21,801,499,233,280,176,43,1340,520,273,173,65
2021,2,A,골목상권,2110574,서강대학교,1561,918,643,4,194,350,405,384,224,2,93,205,256,209,153,2,101,145,149,175,71
2021,2,A,골목상권,2110573,신촌역 6번,3966,1771,2195,61,2020,931,425,343,186,20,758,445,208,214,126,41,1262,486,217,129,60
2021,2,A,골목상권,2110572,서강대역 1번,9068,4445,4623,72,2764,2315,1724,1543,650,26,1022,1103,935,954,405,46,1742,1212,789,589,245
2021,2,A,골목상권,2110571,신수동주민센터,6299,3573,2726,14,776,1656,1652,1511,690,10,303,790,929,1038,503,4,473,866,723,473,187
2021,2,A,골목상권,2110570,KB국민은행 서강지점,1996,1235,761,10,256,489,549,383,309,9,126,290,317,252,241,1,130,199,232,131,68
2021,2,A,골목상권,2110569,홍대땡땡거리,4784,2362,2422,15,981,1209,1107,899,573,8,435,650,554,397,318,7,546,559,553,502,255
2021,2,A,골목상권,2110568,광흥창역 1번,2827,1531,1296,2,399,755,771,659,241,0,117,361,454,445,154,2,282,394,317,214,87
2021,2,A,골목상권,2110567,광흥창역 6번,2158,1187,971,2,280,488,570,500,318,0,88,208,312,318,261,2,192,280,258,182,57
2021,2,A,골목상권,2110566,경의선책거리,10071,5990,4081,33,1755,2290,2438,2032,1523,20,865,1338,1493,1197,1077,13,890,952,945,835,446
2021,2,A,골목상권,2110565,홍익대,4742,3246,1496,13,762,1139,1187,937,704,7,414,751,851,666,557,6,348,388,336,271,147
2021,2,A,골목상권,2110564,홍대입구역 3번,5143,2795,2348,17,919,1276,1149,1001,781,12,343,638,645,612,545,5,576,638,504,389,236
2021,2,A,골목상권,2110563,상수역 3번,1950,1182,768,20,422,582,432,300,194,14,197,341,286,205,139,6,225,241,146,95,55
2021,2,A,골목상권,2110562,연트럴파크(연남동주민센터),4252,2404,1848,9,682,1050,1057,868,586,8,291,605,590,495,415,1,391,445,467,373,171
2021,2,A,골목상권,2110561,상수역 4번,3164,1891,1273,31,678,957,732,501,265,20,308,561,479,325,198,11,370,396,253,176,67
2021,2,A,골목상권,2110560,마포FM,6502,3860,2642,16,982,1627,1454,1287,1136,10,407,959,988,793,703,6,575,668,466,494,433
2021,2,A,골목상권,2110559,성산중학교,5087,2952,2135,21,936,1483,1317,912,418,13,364,796,845,628,306,8,572,687,472,284,112
2021,2,A,골목상권,2110558,경성고등학교,5587,3527,2060,22,775,1348,1393,1232,817,18,394,800,884,814,617,4,381,548,509,418,200
2021,2,A,골목상권,2110557,홍대부속여중고앞,9427,5263,4164,23,1361,2238,2227,1745,1833,17,545,1184,1349,937,1231,6,816,1054,878,808,602
2021,2,A,골목상권,2110556,절두산순교성지,1684,1064,620,5,244,483,463,361,128,5,104,278,313,266,98,0,140,205,150,95,30
2021,2,A,골목상권,2110555,홍익지구대,4079,2137,1942,11,689,1073,1062,755,489,6,236,510,626,449,310,5,453,563,436,306,179
2021,2,A,골목상권,2110554,망원역 1번,7782,4228,3554,15,1168,1783,1913,1422,1481,10,461,862,1004,783,1108,5,707,921,909,639,373
2021,2,A,골목상권,2110553,가좌역 2번,2187,1399,788,4,204,388,539,613,439,2,92,207,352,431,315,2,112,181,187,182,124
2021,2,A,골목상권,2110552,성미산체육관,3504,2146,1358,9,471,801,906,820,497,5,221,455,546,576,343,4,250,346,360,244,154
2021,2,A,골목상권,2110551,성서초등학교,3701,2140,1561,4,377,635,877,713,1095,4,160,324,410,372,870,0,217,311,467,341,225
2021,2,A,골목상권,2110550,합정역 8번,6172,3370,2802,15,1101,1610,1524,1115,807,10,445,802,926,667,520,5,656,808,598,448,287
2021,2,A,골목상권,2110549,새터산,3175,1870,1305,8,386,657,845,821,458,5,193,379,479,513,301,3,193,278,366,308,157
2021,2,A,골목상권,2110548,마포구청역 4번,6841,4101,2740,18,906,1347,1531,1972,1067,10,478,942,1005,1003,663,8,428,405,526,969,404
2021,2,A,골목상권,2110547,KB국민은행 망원동지점,7219,4458,2761,19,879,1335,1493,1861,1632,11,452,900,987,934,1174,8,427,435,506,927,458
2021,2,A,골목상권,2110546,양화대교북단,2197,1293,904,3,397,587,543,403,264,3,182,321,363,255,169,0,215,266,180,148,95
2021,2,A,골목상권,2110545,마포구청역 1번,5795,3278,2517,19,697,1071,1239,1869,900,11,398,782,801,813,473,8,299,289,438,1056,427
2021,2,A,골목상권,2110544,망리단길,7556,4327,3229,18,1463,1819,1641,1152,1463,8,731,897,847,686,1158,10,732,922,794,466,305
2021,2,A,골목상권,2110543,중암중학교,833,554,279,1,60,103,162,253,254,0,22,52,83,160,237,1,38,51,79,93,17
2021,2,A,골목상권,2110542,마포구청역 7번,5884,3486,2398,20,759,1112,1284,1743,966,11,396,791,870,831,587,9,363,321,414,912,379
2021,2,A,골목상권,2110541,동교초등학교,2316,1291,1025,5,338,448,612,521,392,4,142,250,332,300,263,1,196,198,280,221,129
2021,2,A,골목상권,2110540,망원나들목체육관,2127,1225,902,8,673,639,396,264,147,1,405,345,203,164,107,7,268,294,193,100,40
2021,2,A,골목상권,2110539,미근동,14579,8531,6048,43,2341,4872,3956,2487,880,20,916,2720,2470,1715,690,23,1425,2152,1486,772,190
2021,2,A,골목상권,2110538,충정로역 3번,8936,5270,3666,3,1399,2608,2582,1705,639,2,713,1645,1547,938,425,1,686,963,1035,767,214
2021,2,A,골목상권,2110537,충정로현대아파트,9389,5851,3538,15,1288,2694,2554,1994,844,9,654,1734,1643,1241,570,6,634,960,911,753,274
2021,2,A,골목상권,2110536,돈의문센트레빌아파트입구,4662,2901,1761,17,762,1317,1072,1005,489,12,332,727,714,746,370,5,430,590,358,259,119
2021,2,A,골목상권,2110535,영천시장입구,2014,972,1042,4,231,383,512,581,303,2,70,167,254,298,181,2,161,216,258,283,122
2021,2,A,골목상권,2110534,경기대학교,4575,2795,1780,4,723,1180,1049,884,735,1,313,680,710,586,505,3,410,500,339,298,230
2021,2,A,골목상권,2110533,충정로역 7번,3621,2255,1366,1,528,952,988,704,448,0,271,584,646,462,292,1,257,368,342,242,156
2021,2,A,골목상권,2110532,아현역 2번,2100,1204,896,3,447,553,442,378,277,1,170,320,262,259,192,2,277,233,180,119,85
2021,2,A,골목상권,2110531,홍지문,1399,662,737,3,176,371,355,334,160,0,59,172,172,157,102,3,117,199,183,177,58
2021,2,A,골목상권,2110530,아현역 1번,1496,797,699,2,376,474,297,209,138,1,141,271,169,125,90,1,235,203,128,84,48
2021,2,A,골목상권,2110529,홍제3동주민센터,1380,676,704,4,168,199,285,330,394,1,54,91,126,173,231,3,114,108,159,157,163
2021,2,A,골목상권,2110528,서울여자간호대학교,7645,1571,6074,6,224,518,2027,3660,1210,1,77,161,357,465,510,5,147,357,1670,3195,700
2021,2,A,골목상권,2110527,홍제역 2번,1970,1012,958,5,240,306,504,602,313,1,71,168,245,337,190,4,169,138,259,265,123
2021,2,A,골목상권,2110526,봉원사,3964,2083,1881,1,506,1026,1032,955,444,1,183,424,540,636,299,0,323,602,492,319,145
2021,2,A,골목상권,2110525,홍은종합사회복지관,7540,1491,6049,3,208,498,1991,3642,1198,1,81,160,323,442,484,2,127,338,1668,3200,714
2021,2,A,골목상권,2110524,연희세브란스병원,2431,1469,962,0,349,692,566,565,259,0,160,328,325,444,212,0,189,364,241,121,47
2021,2,A,골목상권,2110523,홍제성원아파트,389,158,231,1,57,82,97,95,57,0,16,28,41,33,40,1,41,54,56,62,17
2021,2,A,골목상권,2110522,홍제역 3번,1382,744,638,3,145,201,379,465,189,1,40,103,201,269,130,2,105,98,178,196,59
2021,2,A,골목상권,2110521,홍제역 4번,1682,856,826,3,180,260,456,544,239,1,56,126,230,305,138,2,124,134,226,239,101
2021,2,A,골목상권,2110520,경의중앙 신촌역,3939,2209,1730,8,672,1067,897,861,434,5,268,503,474,619,340,3,404,564,423,242,94
2021,2,A,골목상권,2110519,서대문구보건소별관,1692,809,883,1,249,320,448,430,244,1,88,147,232,202,139,0,161,173,216,228,105
2021,2,A,골목상권,2110518,서대문구청,4288,2377,1911,12,606,1189,1202,1022,257,9,241,603,676,684,164,3,365,586,526,338,93
2021,2,A,골목상권,2110517,서대문소방서,3275,1935,1340,14,501,833,881,711,335,8,210,520,553,438,206,6,291,313,328,273,129
2021,2,A,골목상권,2110516,정원여중,1381,718,663,0,237,296,370,330,148,0,85,145,205,186,97,0,152,151,165,144,51
2021,2,A,골목상권,2110515,홍은중학교,1397,819,578,2,174,346,389,297,189,2,86,211,238,167,115,0,88,135,151,130,74
2021,2,A,골목상권,2110514,서대문우체국,8426,5862,2564,6,1198,1860,1691,2693,978,3,772,1174,1054,2110,749,3,426,686,637,583,229
2021,2,A,골목상권,2110513,연희파출소,4197,2605,1592,22,701,1052,930,956,536,9,309,668,619,625,375,13,392,384,311,331,161
2021,2,A,골목상권,2110512,연희지하차도,4882,2826,2056,19,663,1252,1324,1216,408,14,271,646,746,846,303,5,392,606,578,370,105
2021,2,A,골목상권,2110511,연희초등학교,8378,6001,2377,13,1131,2005,1738,2599,892,3,668,1322,1149,2137,722,10,463,683,589,462,170
2021,2,A,골목상권,2110510,홍연시장,3041,1987,1054,55,824,775,546,576,265,30,470,602,320,364,201,25,354,173,226,212,64
2021,2,A,골목상권,2110509,연희대우아파트앞,9280,6343,2937,12,1331,2148,1961,2829,999,8,717,1291,1263,2264,800,4,614,857,698,565,199
2021,2,A,골목상권,2110508,서연중학교,5090,3173,1917,65,1140,1333,940,1011,601,33,630,969,582,565,394,32,510,364,358,446,207
2021,2,A,골목상권,2110507,명지대학교,3504,2308,1196,30,563,997,832,765,317,27,345,664,531,490,251,3,218,333,301,275,66
2021,2,A,골목상권,2110506,연희임광아파트,1554,815,739,2,227,343,380,390,212,2,100,227,187,174,125,0,127,116,193,216,87
2021,2,A,골목상권,2110505,홍남교남측,2235,1498,737,50,708,612,370,328,167,27,409,504,235,198,125,23,299,108,135,130,42
2021,2,A,골목상권,2110504,명지전문대,965,467,498,1,90,171,253,281,169,0,34,71,117,147,98,1,56,100,136,134,71
2021,2,A,골목상권,2110503,명지대학교교회,3864,2524,1340,30,620,1117,971,783,343,26,367,778,642,473,238,4,253,339,329,310,105
2021,2,A,골목상권,2110502,남가좌파출소,1097,580,517,0,99,196,301,322,179,0,39,79,152,183,127,0,60,117,149,139,52
2021,2,A,골목상권,2110501,연희어린이공원,1540,875,665,10,217,360,378,360,215,8,103,242,206,176,140,2,114,118,172,184,75
2021,2,A,골목상권,2110500,남가좌동현대아파트,278,164,114,0,37,45,74,87,35,0,21,27,44,54,18,0,16,18,30,33,17
2021,2,A,골목상권,2110499,연가초등학교,1891,1022,869,0,178,382,499,526,306,0,73,217,266,255,211,0,105,165,233,271,95
2021,2,A,골목상권,2110498,증산역 1번,2906,1506,1400,8,440,635,651,682,490,3,148,355,341,338,321,5,292,280,310,344,169
2021,2,A,골목상권,2110497,가좌역 3번,3659,2225,1434,4,227,435,598,923,1472,2,157,292,399,499,876,2,70,143,199,424,596
2021,2,A,골목상권,2110496,모래내우체국,2367,1136,1231,7,310,507,560,577,406,4,94,247,294,279,218,3,216,260,266,298,188
2021,2,A,골목상권,2110495,북가좌2동주민센터,3902,2063,1839,9,568,954,896,849,626,5,186,536,522,443,371,4,382,418,374,406,255
2021,2,A,골목상권,2110494,증산3교남측,1780,1221,559,0,92,213,258,339,878,0,34,98,100,184,805,0,58,115,158,155,73
2021,2,A,골목상권,2110493,북가좌초등학교,1856,1392,464,0,60,148,223,379,1046,0,20,69,94,236,973,0,40,79,129,143,73
2021,2,A,골목상권,2110492,하나고등학교,578,273,305,1,22,107,147,171,130,0,7,76,108,56,26,1,15,31,39,115,104
2021,2,A,골목상권,2110491,불광중학교,579,216,363,1,45,99,156,186,92,1,13,42,53,58,49,0,32,57,103,128,43
2021,2,A,골목상권,2110490,녹번동근린공원,5262,2678,2584,13,663,1384,1395,1293,514,9,294,621,670,746,338,4,369,763,725,547,176
2021,2,A,골목상권,2110489,불광역 3번,1836,816,1020,7,273,558,474,348,176,6,92,204,220,175,119,1,181,354,254,173,57
2021,2,A,골목상권,2110488,우리은행응암동지점,3955,2113,1842,9,480,961,1013,1016,476,6,235,475,494,594,309,3,245,486,519,422,167
2021,2,A,골목상권,2110487,불광역 8번,1735,695,1040,1,239,499,452,361,183,1,77,188,182,154,93,0,162,311,270,207,90
2021,2,A,골목상권,2110486,은평구청,4169,2254,1915,8,461,993,1117,1108,482,5,227,494,557,645,326,3,234,499,560,463,156
2021,2,A,골목상권,2110485,연신내우체국,2361,1188,1173,2,126,245,348,438,1202,1,51,129,145,186,676,1,75,116,203,252,526
2021,2,A,골목상권,2110484,역촌역 3번,4601,2236,2365,13,523,1110,1233,1186,536,9,213,468,558,627,361,4,310,642,675,559,175
2021,2,A,골목상권,2110483,연천초등학교,2384,1178,1206,5,230,267,295,400,1187,1,94,133,119,166,665,4,136,134,176,234,522
2021,2,A,골목상권,2110482,연신초등학교,1850,991,859,0,81,162,205,312,1090,0,37,95,80,152,627,0,44,67,125,160,463
2021,2,A,골목상권,2110481,불광역 7번,1630,770,860,2,178,335,467,396,252,2,71,171,214,161,151,0,107,164,253,235,101
2021,2,A,골목상권,2110480,연신내역 3번,2030,889,1141,7,285,397,542,504,295,2,114,188,232,200,153,5,171,209,310,304,142
2021,2,A,골목상권,2110479,연신내역 2번,3690,1693,1997,6,426,539,641,723,1355,1,130,248,249,302,763,5,296,291,392,421,592
2021,2,A,골목상권,2110478,응암1동주민센터,4707,2474,2233,11,516,997,1136,1196,851,7,227,433,551,650,606,4,289,564,585,546,245
2021,2,A,골목상권,2110477,은평세무서,4870,2612,2258,11,464,976,1178,1295,946,5,201,440,572,727,667,6,263,536,606,568,279
2021,2,A,골목상권,2110476,역촌역 2번,1412,760,652,3,180,328,393,324,184,1,64,162,221,174,138,2,116,166,172,150,46
2021,2,A,골목상권,2110475,백련산해모로아파트,2427,1313,1114,3,275,436,520,560,633,2,122,211,271,274,433,1,153,225,249,286,200
2021,2,A,골목상권,2110474,세명컴퓨터고등학교,2172,1034,1138,6,329,533,548,467,289,5,120,275,242,204,188,1,209,258,306,263,101
2021,2,A,골목상권,2110473,구산역 1번,4113,2032,2081,11,518,794,1040,1015,735,5,204,414,507,425,477,6,314,380,533,590,258
2021,2,A,골목상권,2110472,연신내역 4번,2455,1251,1204,11,334,479,638,552,441,6,127,253,292,262,311,5,207,226,346,290,130
2021,2,A,골목상권,2110471,응암동우체국,1908,1001,907,2,228,332,461,530,355,1,96,145,211,287,261,1,132,187,250,243,94
2021,2,A,골목상권,2110470,신진과학기술고등학교,2093,1305,788,2,198,318,474,517,584,2,95,170,262,309,467,0,103,148,212,208,117
2021,2,A,골목상권,2110469,응암정보도서관,3141,1523,1618,2,316,577,809,898,539,0,113,270,378,427,335,2,203,307,431,471,204
2021,2,A,골목상권,2110468,응암역 3번,4875,2420,2455,6,465,813,1295,1325,971,1,170,377,615,633,624,5,295,436,680,692,347
2021,2,A,골목상권,2110467,은평요양병원,1671,867,804,7,217,398,414,360,275,6,97,221,214,162,167,1,120,177,200,198,108
2021,2,A,골목상권,2110466,구산역 2번,3312,1361,1951,12,538,687,831,818,426,3,172,280,347,320,239,9,366,407,484,498,187
2021,2,A,골목상권,2110465,연신내역 7번,2686,1136,1550,10,437,647,652,580,360,5,132,295,276,227,201,5,305,352,376,353,159
2021,2,A,골목상권,2110464,연신내역 5번,2541,1368,1173,8,266,525,663,583,496,5,105,271,308,312,367,3,161,254,355,271,129
2021,2,A,골목상권,2110463,응암3동주민센터,1096,480,616,2,113,200,291,307,183,1,42,69,109,143,116,1,71,131,182,164,67
2021,2,A,골목상권,2110462,갈현건영아파트,1895,1102,793,9,264,445,440,425,312,6,139,269,256,223,209,3,125,176,184,202,103
2021,2,A,골목상권,2110461,새절역 2번,1064,588,476,2,102,151,247,304,258,1,40,59,115,173,200,1,62,92,132,131,58
2021,2,A,골목상권,2110460,구산역 4번,4650,2629,2021,14,389,739,1103,1501,904,6,161,384,536,911,631,8,228,355,567,590,273
2021,2,A,골목상권,2110459,응암역 2번,3508,1670,1838,4,356,682,987,918,561,1,143,326,439,399,362,3,213,356,548,519,199
2021,2,A,골목상권,2110458,선일여고,2056,993,1063,9,309,535,480,491,232,5,138,283,226,197,144,4,171,252,254,294,88
2021,2,A,골목상권,2110457,예일여고,4039,2288,1751,11,383,599,859,1344,843,2,149,279,424,826,608,9,234,320,435,518,235
2021,2,A,골목상권,2110456,구산보건지소,3451,1673,1778,13,646,727,840,730,495,4,277,335,365,355,337,9,369,392,475,375,158
2021,2,A,골목상권,2110455,역촌노인복지관,3912,1926,1986,7,599,783,1036,909,578,3,258,380,472,412,401,4,341,403,564,497,177
2021,2,A,골목상권,2110454,선정중학교,3136,1975,1161,7,297,545,749,1025,513,3,138,284,381,749,420,4,159,261,368,276,93
2021,2,A,골목상권,2110453,신사1동주민센터,2866,1630,1236,3,295,597,767,684,520,3,160,297,422,377,371,0,135,300,345,307,149
2021,2,A,골목상권,2110452,새절역 3번,1444,869,575,3,116,220,343,416,346,3,59,102,181,239,285,0,57,118,162,177,61
2021,2,A,골목상권,2110451,증산역 4번,3034,2083,951,4,382,662,756,739,491,3,166,453,530,528,403,1,216,209,226,211,88
2021,2,A,골목상권,2110450,시립서북병원,4533,2159,2374,8,894,1069,1015,919,628,2,331,496,489,431,410,6,563,573,526,488,218
2021,2,A,골목상권,2110449,증산역 3번,3046,1961,1085,1,417,740,797,725,366,0,164,495,543,508,251,1,253,245,254,217,115
2021,2,A,골목상권,2110448,상신초등학교입구,1375,785,590,3,145,292,338,322,275,1,88,163,177,167,189,2,57,129,161,155,86
2021,2,A,골목상권,2110447,구산초등학교,1694,1213,481,2,100,239,363,721,269,0,46,110,217,608,232,2,54,129,146,113,37
2021,2,A,골목상권,2110446,내를건너서숲으로도서관,1148,777,371,0,135,243,292,279,199,0,95,161,174,174,173,0,40,82,118,105,26
2021,2,A,골목상권,2110445,덕산중학교,1312,649,663,5,274,319,252,247,215,0,87,169,142,108,143,5,187,150,110,139,72
2021,2,A,골목상권,2110444,수색성당,2661,1802,859,0,198,389,448,542,1084,0,77,194,209,332,990,0,121,195,239,210,94
2021,2,A,골목상권,2110443,수색역 1번,434,287,147,0,42,62,103,136,91,0,17,34,66,96,74,0,25,28,37,40,17
2021,2,A,골목상권,2110442,화랑대철도공원,1159,494,665,2,139,197,301,376,144,2,48,69,108,178,89,0,91,128,193,198,55
2021,2,A,골목상권,2110441,영신여고,1046,454,592,3,105,241,283,309,105,3,45,111,107,126,62,0,60,130,176,183,43
2021,2,A,골목상권,2110440,상계3동4동주민센터,231,87,144,1,38,35,61,53,43,0,13,11,23,19,21,1,25,24,38,34,22
2021,2,A,골목상권,2110439,당고개역 5번,1670,1328,342,1,65,111,343,684,466,0,20,60,265,575,408,1,45,51,78,109,58
2021,2,A,골목상권,2110438,경춘선숲길 우측,3326,1509,1817,2,552,854,911,715,292,1,156,360,411,369,212,1,396,494,500,346,80
2021,2,A,골목상권,2110437,당고개역 2번,2037,1506,531,1,104,171,467,791,503,0,40,88,309,634,435,1,64,83,158,157,68
2021,2,A,골목상권,2110436,상계제일중학교,2066,1047,1019,12,209,464,514,508,359,7,73,229,274,237,227,5,136,235,240,271,132
2021,2,A,골목상권,2110435,서울과학기술대,1792,1224,568,2,186,412,462,475,255,0,112,256,301,331,224,2,74,156,161,144,31
2021,2,A,골목상권,2110434,태릉입구역 4번,3300,1461,1839,4,314,539,764,908,771,2,129,312,364,332,322,2,185,227,400,576,449
2021,2,A,골목상권,2110433,공릉역 2번,4470,2428,2042,8,421,620,969,1270,1182,3,195,339,507,667,717,5,226,281,462,603,465
2021,2,A,골목상권,2110432,대진고등학교,3496,2336,1160,5,355,682,898,1023,533,2,168,399,577,774,416,3,187,283,321,249,117
2021,2,A,골목상권,2110431,상계역,1658,716,942,4,180,322,440,437,275,0,50,144,212,164,146,4,130,178,228,273,129
2021,2,A,골목상권,2110430,중계초등학교,1642,961,681,6,165,297,390,441,343,2,77,164,213,244,261,4,88,133,177,197,82
2021,2,A,골목상권,2110429,공릉동 국수거리,5223,2800,2423,7,523,744,1099,1485,1365,3,246,412,543,754,842,4,277,332,556,731,523
2021,2,A,골목상권,2110428,상계5동주민센터,2338,1163,1175,7,172,298,441,608,812,3,62,155,202,282,459,4,110,143,239,326,353
2021,2,A,골목상권,2110427,노원 을지대학교병원,2885,2027,858,3,300,579,725,832,446,0,149,351,505,667,355,3,151,228,220,165,91
2021,2,A,골목상권,2110426,상계2동주민센터,2834,1540,1294,16,401,546,733,694,444,11,153,300,370,386,320,5,248,246,363,308,124
2021,2,A,골목상권,2110425,계상초등학교,2572,1219,1353,6,228,345,564,659,770,4,90,195,248,280,402,2,138,150,316,379,368
2021,2,A,골목상권,2110424,상계초등학교,2079,864,1215,5,272,368,533,553,348,5,89,181,216,215,158,0,183,187,317,338,190
2021,2,A,골목상권,2110423,석계역 2번,1883,895,988,5,253,375,553,418,279,3,106,197,271,183,135,2,147,178,282,235,144
2021,2,A,골목상권,2110422,노원역 9번,1955,819,1136,3,268,390,499,508,287,1,81,196,208,195,138,2,187,194,291,313,149
2021,2,A,골목상권,2110421,석계역 1번,1716,845,871,4,186,278,426,473,349,2,71,119,191,230,232,2,115,159,235,243,117
2021,2,A,골목상권,2110420,광운대역 1번,1718,979,739,10,353,518,466,244,127,3,175,350,258,123,70,7,178,168,208,121,57
2021,2,A,골목상권,2110419,수락산디자인거리,4260,2771,1489,13,429,898,1053,1126,741,12,245,615,683,706,510,1,184,283,370,420,231
2021,2,A,골목상권,2110418,광운대학교 남단,2484,1345,1139,17,445,664,598,481,279,5,192,396,291,252,209,12,253,268,307,229,70
2021,2,A,골목상권,2110417,월계역 3번,441,184,257,2,62,77,94,122,84,2,23,41,37,47,34,0,39,36,57,75,50
2021,2,A,골목상권,2110416,노원초등학교,1385,669,716,8,135,266,331,352,293,6,53,138,153,171,148,2,82,128,178,181,145
2021,2,A,골목상권,2110415,수락산역 4번,3553,1980,1573,19,461,687,836,890,660,16,254,421,481,483,325,3,207,266,355,407,335
2021,2,A,골목상권,2110414,장석교회,752,511,241,5,70,109,166,205,197,3,38,57,98,139,176,2,32,52,68,66,21
2021,2,A,골목상권,2110413,누원고등학교,580,375,205,0,37,71,120,164,188,0,16,45,70,104,140,0,21,26,50,60,48
2021,2,A,골목상권,2110412,창동중학교,1521,1149,372,3,118,224,267,505,404,1,73,121,160,412,382,2,45,103,107,93,22
2021,2,A,골목상권,2110411,도봉역 3번,1802,1132,670,2,126,304,360,519,491,1,33,150,187,351,410,1,93,154,173,168,81
2021,2,A,골목상권,2110410,방학역 2번,5708,3428,2280,10,558,1304,1395,1507,934,9,280,756,767,936,680,1,278,548,628,571,254
2021,2,A,골목상권,2110409,창동역 2번,6649,4154,2495,6,756,1498,1635,1402,1352,4,385,1020,1098,743,904,2,371,478,537,659,448
2021,2,A,골목상권,2110408,가인초등학교,5577,3850,1727,5,581,1307,1343,1121,1220,3,343,986,1014,685,819,2,238,321,329,436,401
2021,2,A,골목상권,2110407,도봉역 2번,2678,1900,778,7,190,399,535,778,769,5,95,243,303,572,682,2,95,156,232,206,87
2021,2,A,골목상권,2110406,도봉산역 1번,1362,928,434,0,45,103,268,453,493,0,17,63,189,336,323,0,28,40,79,117,170
2021,2,A,골목상권,2110405,방학역 1번,2975,1622,1353,6,288,534,730,892,525,5,159,353,350,369,386,1,129,181,380,523,139
2021,2,A,골목상권,2110404,신창초등학교,2334,1247,1087,11,291,485,642,611,294,8,108,229,337,362,203,3,183,256,305,249,91
2021,2,A,골목상권,2110403,방학1동주민센터,3553,1965,1588,10,456,716,860,1052,459,6,261,473,457,498,270,4,195,243,403,554,189
2021,2,A,골목상권,2110402,도봉구 정병원,2172,1117,1055,5,296,450,517,579,325,4,109,246,277,283,198,1,187,204,240,296,127
2021,2,A,골목상권,2110401,도봉구민회관,5856,3856,2000,1,599,1299,1388,1267,1302,0,346,940,977,718,875,1,253,359,411,549,427
2021,2,A,골목상권,2110400,도봉구보건소,2134,1058,1076,4,298,390,510,558,374,3,99,190,250,278,238,1,199,200,260,280,136
2021,2,A,골목상권,2110399,창2동주민센터,1982,1088,894,10,245,463,553,465,246,9,128,273,295,219,164,1,117,190,258,246,82
2021,2,A,골목상권,2110398,쌍문2동우체국,2359,1255,1104,1,247,367,547,725,472,1,87,168,253,427,319,0,160,199,294,298,153
2021,2,A,골목상권,2110397,도봉산입구,1579,963,616,1,95,207,290,413,573,1,25,106,157,272,402,0,70,101,133,141,171
2021,2,A,골목상권,2110396,쌍문역1번(쌍리단길),1577,763,814,4,242,329,382,395,225,1,84,135,198,208,137,3,158,194,184,187,88
2021,2,A,골목상권,2110395,신한은행 방학동지점,1120,597,523,4,157,280,302,227,150,3,72,148,158,121,95,1,85,132,144,106,55
2021,2,A,골목상권,2110394,방학중학교,1435,629,806,1,142,279,358,336,319,1,52,119,150,152,155,0,90,160,208,184,164
2021,2,A,골목상권,2110393,국민은행방학지점,1001,461,540,3,124,275,252,240,107,2,39,137,120,96,67,1,85,138,132,144,40
2021,2,A,골목상권,2110392,발바닥공원,704,449,255,3,99,210,202,121,69,2,39,126,148,81,53,1,60,84,54,40,16
2021,2,A,골목상권,2110391,샘말어린이공원,1172,574,598,0,93,215,234,283,347,0,34,95,107,140,198,0,59,120,127,143,149
2021,2,A,골목상권,2110390,방학초등학교,1901,820,1081,3,194,445,458,515,286,2,59,201,209,188,161,1,135,244,249,327,125
2021,2,A,골목상권,2110389,한일병원,3050,1577,1473,1,573,707,741,679,349,1,171,353,410,396,246,0,402,354,331,283,103
2021,2,A,골목상권,2110388,도봉우체국,2071,923,1148,4,436,450,512,485,184,3,105,207,224,244,140,1,331,243,288,241,44
2021,2,A,골목상권,2110387,쌍문초등학교,1678,803,875,0,227,365,452,414,220,0,67,151,187,208,190,0,160,214,265,206,30
2021,2,A,골목상권,2110386,연산군묘,1120,668,452,0,136,219,227,306,232,0,61,122,131,158,196,0,75,97,96,148,36
2021,2,A,골목상권,2110385,효문고등학교,780,268,512,0,136,158,203,185,98,0,33,42,60,71,62,0,103,116,143,114,36
2021,2,A,골목상권,2110384,문이교,622,295,327,1,71,88,145,188,129,0,21,33,51,98,92,1,50,55,94,90,37
2021,2,A,골목상권,2110383,덕성여대시반거리,494,170,324,0,83,84,121,116,90,0,12,24,42,39,53,0,71,60,79,77,37
2021,2,A,골목상권,2110382,솔밭공원역 1번,967,418,549,1,145,169,222,256,174,0,31,52,83,123,129,1,114,117,139,133,45
2021,2,A,골목상권,2110381,번동주공2단지,1056,559,497,5,107,230,262,299,153,4,33,95,131,178,118,1,74,135,131,121,35
2021,2,A,골목상권,2110380,강북문화정보도서관,980,504,476,5,99,143,203,291,239,3,30,74,101,150,146,2,69,69,102,141,93
2021,2,A,골목상권,2110379,KT&G 북부지사,767,383,384,2,97,108,197,257,106,0,47,44,83,145,64,2,50,64,114,112,42
2021,2,A,골목상권,2110378,송중동주민센터,1170,548,622,8,119,172,339,287,245,6,52,74,144,126,146,2,67,98,195,161,99
2021,2,A,골목상권,2110377,미아사거리역 3번,1050,449,601,7,158,220,271,253,141,6,51,81,107,112,92,1,107,139,164,141,49
2021,2,A,골목상권,2110376,수송초등학교,4978,2722,2256,8,551,1213,1234,1264,708,6,230,624,673,782,407,2,321,589,561,482,301
2021,2,A,골목상권,2110375,서울북부고용노동지청,1301,632,669,2,141,171,335,392,260,0,58,78,134,204,158,2,83,93,201,188,102
2021,2,A,골목상권,2110374,송중초등학교,2009,977,1032,7,186,338,530,528,420,6,61,128,222,264,296,1,125,210,308,264,124
2021,2,A,골목상권,2110373,수유역 2번,4903,2639,2264,10,549,1094,1104,1278,868,8,214,534,563,814,506,2,335,560,541,464,362
2021,2,A,골목상권,2110372,강북중학교,1588,852,736,1,167,364,452,356,248,1,87,203,249,169,143,0,80,161,203,187,105
2021,2,A,골목상권,2110371,삼양입구사거리,1233,656,577,2,114,236,332,331,218,2,43,109,155,183,164,0,71,127,177,148,54
2021,2,A,골목상권,2110370,도봉세무서,1385,735,650,7,100,222,365,379,312,6,28,93,168,200,240,1,72,129,197,179,72
2021,2,A,골목상권,2110369,성신여대운정그린캠퍼스,4108,2368,1740,5,481,782,894,1069,877,1,210,445,512,655,545,4,271,337,382,414,332
2021,2,A,골목상권,2110368,송천초등학교,5342,2779,2563,416,2025,1339,744,507,311,177,905,732,414,294,257,239,1120,607,330,213,54
2021,2,A,골목상권,2110367,강북구청,5008,2534,2474,10,519,1028,1016,1220,1215,8,207,520,524,762,513,2,312,508,492,458,702
2021,2,A,골목상권,2110366,광산사거리,3568,1624,1944,6,321,730,793,840,878,4,125,324,383,466,322,2,196,406,410,374,556
2021,2,A,골목상권,2110365,미아역 5번,1610,747,863,3,136,224,389,402,456,3,45,85,163,219,232,0,91,139,226,183,224
2021,2,A,골목상권,2110364,미아역 8번,1852,961,891,3,226,366,513,491,253,1,85,173,274,268,160,2,141,193,239,223,93
2021,2,A,골목상권,2110363,송천동주민센터,819,499,320,2,54,138,220,209,196,1,23,71,116,131,157,1,31,67,104,78,39
2021,2,A,골목상권,2110362,우이천 계성교,2117,1320,797,2,227,296,541,686,365,0,74,153,330,480,283,2,153,143,211,206,82
2021,2,A,골목상권,2110361,삼양사거리역 1번,1111,550,561,3,66,131,213,280,418,2,24,58,105,156,205,1,42,73,108,124,213
2021,2,A,골목상권,2110360,수유초등학교,2635,1274,1361,5,299,387,567,782,595,1,79,163,238,375,418,4,220,224,329,407,177
2021,2,A,골목상권,2110359,수유시장옆,5157,2359,2798,6,450,898,1053,1316,1434,4,136,365,470,708,676,2,314,533,583,608,758
2021,2,A,골목상권,2110358,인수동 우편취급국,2810,1471,1339,2,265,403,554,783,803,0,80,179,255,417,540,2,185,224,299,366,263
2021,2,A,골목상권,2110357,가오리역 1번,2401,1556,845,1,127,166,397,647,1063,0,34,71,252,471,728,1,93,95,145,176,335
2021,2,A,골목상권,2110356,덕수교,2011,1093,918,0,145,214,368,345,939,0,37,85,163,165,643,0,108,129,205,180,296
2021,2,A,골목상권,2110355,삼양사거리역 2번,905,486,419,2,85,153,223,225,217,1,22,49,110,139,165,1,63,104,113,86,52
2021,2,A,골목상권,2110354,삼각산119안전센터,365,141,224,1,38,87,110,81,48,0,9,25,45,32,30,1,29,62,65,49,18
2021,2,A,골목상권,2110353,수유동우체국,2389,1550,839,0,129,158,408,615,1079,0,26,73,267,444,740,0,103,85,141,171,339
2021,2,A,골목상권,2110352,수유1동주민센터,1621,708,913,1,183,303,456,479,199,0,61,122,184,209,132,1,122,181,272,270,67
2021,2,A,골목상권,2110351,수유북부시장옆,1877,1274,603,0,96,227,484,737,333,0,36,133,349,484,272,0,60,94,135,253,61
2021,2,A,골목상권,2110350,가오리역 2번,2640,1559,1081,0,221,477,709,807,426,0,62,232,442,507,316,0,159,245,267,300,110
2021,2,A,골목상권,2110349,화계역 2번,1164,619,545,0,95,179,284,397,209,0,37,65,127,214,176,0,58,114,157,183,33
2021,2,A,골목상권,2110348,강북문화예술회관,3953,2554,1399,0,227,512,876,1129,1209,0,65,242,587,813,847,0,162,270,289,316,362
2021,2,A,골목상권,2110347,구세군강북종합사회복지관,443,186,257,0,54,96,140,85,68,0,10,34,63,36,43,0,44,62,77,49,25
2021,2,A,골목상권,2110346,4.19민주묘지역 2번,754,369,385,0,109,137,212,161,135,0,22,69,113,81,84,0,87,68,99,80,51
2021,2,A,골목상권,2110345,솔밭공원역 2번,1604,918,686,1,168,207,320,549,359,0,35,65,142,387,289,1,133,142,178,162,70
2021,2,A,골목상권,2110344,화계중학교,815,417,398,0,75,148,217,296,79,0,39,57,111,143,67,0,36,91,106,153,12
2021,2,A,골목상권,2110343,무너미어린이공원,2303,1336,967,0,149,297,429,446,982,0,49,177,246,213,651,0,100,120,183,233,331
2021,2,A,골목상권,2110342,국립재활원,2250,1364,886,1,194,476,644,645,290,0,66,242,426,420,210,1,128,234,218,225,80
2021,2,A,골목상권,2110341,북한산우이역 2번,860,529,331,0,44,68,132,304,312,0,14,31,72,258,154,0,30,37,60,46,158
2021,2,A,골목상권,2110340,인수중학교,1205,760,445,6,164,256,276,329,174,6,81,173,168,189,143,0,83,83,108,140,31
2021,2,A,골목상권,2110339,국립4.19민주묘지,1097,718,379,6,146,196,248,305,196,6,67,139,153,190,163,0,79,57,95,115,33
2021,2,A,골목상권,2110338,인수초등학교,1955,1067,888,6,266,494,469,470,250,6,111,260,248,248,194,0,155,234,221,222,56
2021,2,A,골목상권,2110337,아카데미하우스,1438,921,517,6,178,311,344,390,209,6,85,207,216,232,175,0,93,104,128,158,34
2021,2,A,골목상권,2110336,석관고등학교,1951,1389,562,1,128,204,257,338,1023,0,66,113,151,240,819,1,62,91,106,98,204
2021,2,A,골목상권,2110335,석계역 7번,2887,1837,1050,2,243,313,463,598,1268,0,99,147,243,370,978,2,144,166,220,228,290
2021,2,A,골목상권,2110334,석관중앙교회,1691,1099,592,3,192,394,413,449,240,0,95,241,244,324,195,3,97,153,169,125,45
2021,2,A,골목상권,2110333,돌곶이역 5번,2875,2051,824,4,237,375,414,553,1292,0,107,239,264,375,1066,4,130,136,150,178,226
2021,2,A,골목상권,2110332,돌곶이역 3번,2402,1642,760,6,189,237,310,429,1231,1,74,125,174,259,1009,5,115,112,136,170,222
2021,2,A,골목상권,2110331,돌곶이역 8번,1331,817,514,4,173,283,315,283,273,0,60,182,193,164,218,4,113,101,122,119,55
2021,2,A,골목상권,2110330,돌곶이역 1번,1199,626,573,1,137,217,277,273,294,0,40,102,128,127,229,1,97,115,149,146,65
2021,2,A,골목상권,2110329,우리은행체육관,1280,745,535,8,131,269,305,313,254,4,45,134,165,200,197,4,86,135,140,113,57
2021,2,A,골목상권,2110328,상월곡역 3번,966,544,422,4,142,252,268,208,92,1,59,142,158,118,66,3,83,110,110,90,26
2021,2,A,골목상권,2110327,상월곡역 2번,1998,1149,849,5,355,494,539,387,218,1,166,295,311,215,161,4,189,199,228,172,57
2021,2,A,골목상권,2110326,장위동성당,2029,1211,818,4,314,426,541,433,311,3,149,249,314,263,233,1,165,177,227,170,78
2021,2,A,골목상권,2110325,장곡초등학교,1638,957,681,8,198,313,438,380,301,6,100,176,257,221,197,2,98,137,181,159,104
2021,2,A,골목상권,2110324,월곡역 4번,3140,1982,1158,5,533,1043,730,527,302,1,265,704,453,335,224,4,268,339,277,192,78
2021,2,A,골목상권,2110323,상월곡역 1번,4067,2556,1511,5,678,1174,962,808,440,1,336,790,596,503,330,4,342,384,366,305,110
2021,2,A,골목상권,2110322,장위1동주민센터,1274,741,533,8,218,235,278,270,265,4,110,153,164,146,164,4,108,82,114,124,101
2021,2,A,골목상권,2110321,동덕여대,2313,1366,947,1,299,420,551,516,526,0,134,242,299,273,418,1,165,178,252,243,108
2021,2,A,골목상권,2110320,KB국민은행 종암동지점,1182,673,509,1,119,228,369,325,140,1,35,101,200,239,97,0,84,127,169,86,43
2021,2,A,골목상권,2110319,종암동주민센터,2766,1528,1238,6,392,614,672,775,307,1,178,373,362,458,156,5,214,241,310,317,151
2021,2,A,골목상권,2110318,KT월곡지사,4670,3051,1619,8,464,852,998,1077,1271,3,232,511,595,716,994,5,232,341,403,361,277
2021,2,A,골목상권,2110317,종암중학교,984,490,494,0,108,232,312,228,104,0,37,97,154,140,62,0,71,135,158,88,42
2021,2,A,골목상권,2110316,숭곡초등학교,3749,2252,1497,12,320,511,783,810,1313,11,132,241,383,471,1014,1,188,270,400,339,299
2021,2,A,골목상권,2110315,종암아이파크2차,19523,10008,9515,57,1546,5002,7164,5525,229,13,627,1664,3177,4378,149,44,919,3338,3987,1147,80
2021,2,A,골목상권,2110314,종암경찰서,22088,12093,9995,63,1812,5489,7636,6091,997,14,829,2083,3572,4842,753,49,983,3406,4064,1249,244
2021,2,A,골목상권,2110313,안암역 3번,4486,2929,1557,7,548,1055,1239,1027,610,3,263,654,815,721,473,4,285,401,424,306,137
2021,2,A,골목상권,2110312,안암역 2번,1666,856,810,1,199,457,563,337,109,0,70,198,309,204,75,1,129,259,254,133,34
2021,2,A,골목상권,2110311,종암아이파크2차후문,18419,9472,8947,55,1397,4775,6829,5279,84,12,583,1567,3015,4229,66,43,814,3208,3814,1050,18
2021,2,A,골목상권,2110310,길음역 10번,2304,969,1335,10,637,675,493,352,137,1,143,321,258,161,85,9,494,354,235,191,52
2021,2,A,골목상권,2110309,대광초등학교,3669,2531,1138,12,521,883,910,786,557,4,294,622,640,561,410,8,227,261,270,225,147
2021,2,A,골목상권,2110308,길음역 8번,7178,3463,3715,428,2655,1922,1125,688,360,177,1050,1021,613,334,268,251,1605,901,512,354,92
2021,2,A,골목상권,2110307,길음역 7번,2596,948,1648,10,718,682,547,427,212,0,146,268,216,179,139,10,572,414,331,248,73
2021,2,A,골목상권,2110306,미아초등학교,5376,2688,2688,419,2073,1365,788,449,282,176,923,736,412,220,221,243,1150,629,376,229,61
2021,2,A,골목상권,2110305,보문역 5번,6471,4952,1519,11,812,2114,1358,1346,830,5,488,1734,1085,1066,574,6,324,380,273,280,256
2021,2,A,골목상권,2110304,보문역 4번,5081,2911,2170,4,547,1204,1258,1332,736,3,248,624,733,863,440,1,299,580,525,469,296
2021,2,A,골목상권,2110303,성신여대입구역 1번,2302,983,1319,23,343,507,539,532,358,11,93,195,230,247,207,12,250,312,309,285,151
2021,2,A,골목상권,2110302,보문역 8번,6611,5075,1536,7,801,2204,1491,1413,695,2,445,1775,1209,1164,480,5,356,429,282,249,215
2021,2,A,골목상권,2110301,성신여대입구역 7번,2407,1250,1157,22,336,473,551,587,438,16,112,206,285,329,302,6,224,267,266,258,136
2021,2,A,골목상권,2110300,삼선동주민센터,7082,3275,3807,21,849,1747,2084,1699,682,12,261,673,916,1026,387,9,588,1074,1168,673,295
2021,2,A,골목상권,2110299,정릉역 1번,2389,1112,1277,6,327,495,591,580,390,1,79,200,234,301,297,5,248,295,357,279,93
2021,2,A,골목상권,2110298,솔숲어린이공원,1609,756,853,6,199,274,412,438,280,1,58,98,163,222,214,5,141,176,249,216,66
2021,2,A,골목상권,2110297,경동고등학교,9374,4825,4549,19,1150,2351,2816,2260,778,8,435,1116,1431,1392,443,11,715,1235,1385,868,335
2021,2,A,골목상권,2110296,성신여대입구역 4번,13044,7926,5118,60,2010,3119,4030,2350,1475,26,917,1816,2693,1739,735,34,1093,1303,1337,611,740
2021,2,A,골목상권,2110295,정릉우체국,2490,1166,1324,2,366,486,617,609,410,0,99,203,246,329,289,2,267,283,371,280,121
2021,2,A,골목상권,2110294,서경대학교,2549,1324,1225,1,378,447,634,629,460,0,105,193,305,381,340,1,273,254,329,248,120
2021,2,A,골목상권,2110293,삼선중학교,16035,9034,7001,63,2380,3897,5184,2868,1643,27,1059,2173,3103,1899,773,36,1321,1724,2081,969,870
2021,2,A,골목상권,2110292,정릉역 2번,1455,558,897,1,246,356,390,314,148,0,62,144,125,131,96,1,184,212,265,183,52
2021,2,A,골목상권,2110291,한성대입구역 3번,4682,2808,1874,4,513,944,1389,1258,574,2,184,541,891,836,354,2,329,403,498,422,220
2021,2,A,골목상권,2110290,북한산보국문역 1번,1034,535,499,2,104,127,218,313,270,0,28,65,110,176,156,2,76,62,108,137,114
2021,2,A,골목상권,2110289,북한산보국문역 2번,1888,951,937,0,291,395,491,441,270,0,88,179,225,255,204,0,203,216,266,186,66
2021,2,A,골목상권,2110288,동구여중,4250,2398,1852,23,496,930,1431,989,381,12,211,489,785,607,294,11,285,441,646,382,87
2021,2,A,골목상권,2110287,정릉3동주민센터,1637,1229,408,0,230,512,449,314,132,0,133,403,340,243,110,0,97,109,109,71,22
2021,2,A,골목상권,2110286,한성대입구역 5번,6385,3175,3210,20,806,1509,1805,1506,739,9,265,708,929,826,438,11,541,801,876,680,301
2021,2,A,골목상권,2110285,홍대부중,5373,2950,2423,12,1018,1547,1503,934,359,7,415,798,842,619,269,5,603,749,661,315,90
2021,2,A,골목상권,2110284,정릉북한산국립공원입구,1223,860,363,0,80,214,331,411,187,0,23,120,249,314,154,0,57,94,82,97,33
2021,2,A,골목상권,2110283,성북초등학교앞,4093,2342,1751,15,771,1263,1080,686,278,9,312,713,699,425,184,6,459,550,381,261,94
2021,2,A,골목상권,2110282,국민대학교앞,1943,1389,554,15,322,603,452,316,235,14,185,441,355,248,146,1,137,162,97,68,89
2021,2,A,골목상권,2110281,길상사,17018,13990,3028,25,2042,3972,4890,5544,545,4,1214,2904,4251,5231,386,21,828,1068,639,313,159
2021,2,A,골목상권,2110280,북정마을,14960,12846,2114,18,1405,3400,4437,5321,379,4,942,2610,3998,5030,262,14,463,790,439,291,117
2021,2,A,골목상권,2110279,신내역 2번,2047,735,1312,1,530,644,403,373,96,0,99,241,188,148,59,1,431,403,215,225,37
2021,2,A,골목상권,2110278,망우본동주민센터,2878,1577,1301,10,284,489,618,849,628,1,85,183,285,500,523,9,199,306,333,349,105
2021,2,A,골목상권,2110277,러스크서울병원,2130,1283,847,13,203,291,394,651,578,2,69,98,204,424,486,11,134,193,190,227,92
2021,2,A,골목상권,2110276,신내IC북측,607,375,232,0,44,112,142,253,56,0,25,88,107,124,31,0,19,24,35,129,25
2021,2,A,골목상권,2110275,하나은행 망우동지점,1686,1011,675,10,166,215,299,524,472,0,46,66,154,349,396,10,120,149,145,175,76
2021,2,A,골목상권,2110274,서일대학교,2030,1277,753,2,173,309,487,576,483,1,57,162,302,404,351,1,116,147,185,172,132
2021,2,A,골목상권,2110273,장스여성병원,1613,1000,613,9,132,209,298,500,465,1,34,80,150,339,396,8,98,129,148,161,69
2021,2,A,골목상권,2110272,신내1동주민센터,5843,3433,2410,7,756,1311,1295,1459,1015,6,386,660,668,911,802,1,370,651,627,548,213
2021,2,A,골목상권,2110271,신내역 1번,2658,1073,1585,5,607,752,539,616,139,1,134,318,283,257,80,4,473,434,256,359,59
2021,2,A,골목상권,2110270,혜원여고,1224,728,496,0,98,181,286,344,315,0,39,103,157,210,219,0,59,78,129,134,96
2021,2,A,골목상권,2110269,용마문화복지센터,1320,882,438,1,120,224,285,389,301,0,50,133,182,292,225,1,70,91,103,97,76
2021,2,A,골목상권,2110268,망우3동주민센터,1612,1031,581,3,203,323,368,411,304,3,130,207,213,250,228,0,73,116,155,161,76
2021,2,A,골목상권,2110267,망우역 2번,3855,2306,1549,17,545,783,816,902,792,13,310,445,442,506,590,4,235,338,374,396,202
2021,2,A,골목상권,2110266,면목동우체국,3102,1920,1182,7,322,539,733,852,649,2,104,264,432,611,507,5,218,275,301,241,142
2021,2,A,골목상권,2110265,망우역 1번,3076,1829,1247,16,364,540,716,803,637,5,170,256,354,517,527,11,194,284,362,286,110
2021,2,A,골목상권,2110264,면목역 2번,2233,1223,1010,3,236,458,534,610,392,0,80,225,279,374,265,3,156,233,255,236,127
2021,2,A,골목상권,2110263,면목역 1번,2962,1753,1209,6,445,738,846,625,302,3,244,499,441,330,236,3,201,239,405,295,66
2021,2,A,골목상권,2110262,상봉역 3번,3221,1967,1254,8,450,790,948,652,373,4,252,530,510,366,305,4,198,260,438,286,68
2021,2,A,골목상권,2110261,사가정역 4번,3127,2086,1041,5,288,460,746,997,631,4,111,243,469,761,498,1,177,217,277,236,133
2021,2,A,골목상권,2110260,면목역 3번,2514,1442,1072,3,356,591,717,548,299,0,154,393,354,299,242,3,202,198,363,249,57
2021,2,A,골목상권,2110259,사가정역 1번,3127,1865,1262,6,337,678,872,745,489,3,144,363,490,495,370,3,193,315,382,250,119
2021,2,A,골목상권,2110258,면동초등학교,2037,1206,831,5,240,437,528,494,333,1,106,255,280,307,257,4,134,182,248,187,76
2021,2,A,골목상권,2110257,상봉역 7번,2452,1607,845,11,219,403,552,647,620,10,108,220,301,442,526,1,111,183,251,205,94
2021,2,A,골목상권,2110256,면목2동체육관,3547,2122,1425,5,446,738,941,853,564,1,202,481,507,484,447,4,244,257,434,369,117
2021,2,A,골목상권,2110255,상봉역 4번,4458,2784,1674,6,479,915,1219,1023,816,1,229,569,676,643,666,5,250,346,543,380,150
2021,2,A,골목상권,2110254,오거리공원,2416,1571,845,3,191,424,659,814,325,2,79,223,410,603,254,1,112,201,249,211,71
2021,2,A,골목상권,2110253,중곡초등학교,1855,1320,535,2,153,294,471,641,294,1,81,182,321,513,222,1,72,112,150,128,72
2021,2,A,골목상권,2110252,장안제일시장,1993,1261,732,2,203,364,494,505,425,1,97,223,245,330,365,1,106,141,249,175,60
2021,2,A,골목상권,2110251,장안중학교,2262,1349,913,0,231,428,502,567,534,0,89,190,253,357,460,0,142,238,249,210,74
2021,2,A,골목상권,2110250,화랑대역 7번,1509,739,770,5,140,332,409,398,225,1,49,156,183,195,155,4,91,176,226,203,70
2021,2,A,골목상권,2110249,중화역 1번,3063,1949,1114,1,402,709,752,735,464,1,223,405,433,507,380,0,179,304,319,228,84
2021,2,A,골목상권,2110248,먹골파출소,1263,628,635,3,134,298,352,301,175,0,45,145,171,147,120,3,89,153,181,154,55
2021,2,A,골목상권,2110247,먹골역 1번,2991,1922,1069,0,398,676,750,773,394,0,207,418,446,532,319,0,191,258,304,241,75
2021,2,A,골목상권,2110246,월드순복음교회,2145,1274,871,4,193,347,472,594,535,1,63,160,269,364,417,3,130,187,203,230,118
2021,2,A,골목상권,2110245,KB국민은행 중화동지점,2037,1261,776,3,166,345,495,514,514,1,63,179,281,323,414,2,103,166,214,191,100
2021,2,A,골목상권,2110244,중화역 4번,2398,1528,870,2,356,606,575,562,297,2,209,364,342,382,229,0,147,242,233,180,68
2021,2,A,골목상권,2110243,중랑노인종합복지관,1660,977,683,2,141,271,376,485,385,1,50,133,206,282,305,1,91,138,170,203,80
2021,2,A,골목상권,2110242,면목5동주민센터,1226,796,430,1,101,187,289,334,314,0,45,120,154,211,266,1,56,67,135,123,48
2021,2,A,골목상권,2110241,먹골역 5번,2531,1611,920,1,347,608,639,667,269,1,191,387,378,452,202,0,156,221,261,215,67
2021,2,A,골목상권,2110240,태릉시장 특화거리,1145,548,597,8,174,260,261,239,203,6,84,106,113,110,129,2,90,154,148,129,74
2021,2,A,골목상권,2110239,중랑역 2번,690,313,377,5,95,118,156,155,161,2,29,46,64,73,99,3,66,72,92,82,62
2021,2,A,골목상권,2110238,배꽃어린이공원,1473,1122,351,2,227,342,337,358,207,2,157,266,243,292,162,0,70,76,94,66,45
2021,2,A,골목상권,2110237,메가박스 상봉,3560,2363,1197,12,356,778,1051,1010,353,10,168,485,723,741,236,2,188,293,328,269,117
2021,2,A,골목상권,2110236,신묵초등학교,2471,1622,849,2,350,599,613,640,267,2,195,394,387,452,192,0,155,205,226,188,75
2021,2,A,골목상권,2110235,세화어린이공원,381,210,171,6,90,59,103,71,52,5,52,33,45,38,37,1,38,26,58,33,15
2021,2,A,골목상권,2110234,중랑역 4번,3174,2317,857,12,298,719,1010,858,277,10,155,484,757,704,207,2,143,235,253,154,70
2021,2,A,골목상권,2110233,중랑역 1번,3032,2188,844,17,357,651,916,814,277,14,188,439,671,673,203,3,169,212,245,141,74
2021,2,A,골목상권,2110232,동대부고,3028,1420,1608,3,381,593,816,786,449,1,123,264,333,381,318,2,258,329,483,405,131
2021,2,A,골목상권,2110231,장안교,1741,1065,676,6,143,324,461,478,329,4,59,155,249,315,283,2,84,169,212,163,46
2021,2,A,골목상권,2110230,장안현대홈타운1차아파트,5246,2850,2396,14,898,1262,1405,1131,536,10,473,718,698,598,353,4,425,544,707,533,183
2021,2,A,골목상권,2110229,장평중학교,5475,3447,2028,11,604,1021,1167,1234,1438,7,309,620,723,769,1019,4,295,401,444,465,419
2021,2,A,골목상권,2110228,장안근린공원,6839,3589,3250,54,2007,1290,1365,1326,797,32,1034,727,628,629,539,22,973,563,737,697,258
2021,2,A,골목상권,2110227,답십리공원,4470,2551,1919,49,1629,777,743,784,488,30,929,507,422,364,299,19,700,270,321,420,189
2021,2,A,골목상권,2110226,장안1동주민센터,6971,3871,3100,22,858,1351,1602,1672,1466,17,403,767,886,926,872,5,455,584,716,746,594
2021,2,A,골목상권,2110225,촬영소사거리,2931,1595,1336,12,223,386,587,760,963,9,107,227,365,390,497,3,116,159,222,370,466
2021,2,A,골목상권,2110224,외대앞역 2번,1398,804,594,3,138,261,402,359,235,1,53,146,243,245,116,2,85,115,159,114,119
2021,2,A,골목상권,2110223,군자초등학교,6674,4353,2321,43,1459,1676,1307,1058,1131,11,711,1129,908,704,890,32,748,547,399,354,241
2021,2,A,골목상권,2110222,회기역 2번,2392,1179,1213,2,403,501,609,625,252,0,104,257,343,339,136,2,299,244,266,286,116
2021,2,A,골목상권,2110221,의릉,1144,696,448,3,127,310,315,263,126,0,43,194,185,173,101,3,84,116,130,90,25
2021,2,A,골목상권,2110220,외대앞역 1번,3641,1571,2070,2,688,923,946,679,403,1,133,336,444,404,253,1,555,587,502,275,150
2021,2,A,골목상권,2110219,삼육보건대학교,4450,2371,2079,4,582,896,1094,1128,746,2,182,417,615,657,498,2,400,479,479,471,248
2021,2,A,골목상권,2110218,답십리사거리,1435,853,582,7,165,299,369,350,245,5,66,165,204,224,189,2,99,134,165,126,56
2021,2,A,골목상권,2110217,자동차부품상가,6813,4504,2309,26,1478,1623,1457,1223,1006,21,859,1143,968,768,745,5,619,480,489,455,261
2021,2,A,골목상권,2110216,전농중학교,2153,1119,1034,3,263,476,586,555,270,1,114,236,297,296,175,2,149,240,289,259,95
2021,2,A,골목상권,2110215,회기역 1번,2459,902,1557,4,638,776,558,322,161,1,126,278,223,148,126,3,512,498,335,174,35
2021,2,A,골목상권,2110214,경희대후문,3292,1434,1858,1,689,917,862,572,251,1,134,332,426,346,195,0,555,585,436,226,56
2021,2,A,골목상권,2110213,청량초등학교,2169,702,1467,0,592,722,494,250,111,0,101,237,187,96,81,0,491,485,307,154,30
2021,2,A,골목상권,2110212,답십리초등학교,6736,3585,3151,26,1187,1542,1846,1660,475,22,887,1141,773,457,305,4,300,401,1073,1203,170
2021,2,A,골목상권,2110211,전곡마을마당공원,2826,1580,1246,4,375,594,732,764,357,1,152,275,439,468,245,3,223,319,293,296,112
2021,2,A,골목상권,2110210,서울시립대,3076,1537,1539,7,419,611,663,709,667,4,126,242,352,377,436,3,293,369,311,332,231
2021,2,A,골목상권,2110209,답십리 장령당공원,4354,2000,2354,4,640,954,1230,1197,329,1,470,685,419,202,223,3,170,269,811,995,106
2021,2,A,골목상권,2110208,시조사삼거리,2384,1294,1090,4,388,710,460,463,359,3,155,452,245,252,187,1,233,258,215,211,172
2021,2,A,골목상권,2110207,시립대앞사거리,2645,1363,1282,3,363,557,634,682,406,1,117,229,344,396,276,2,246,328,290,286,130
2021,2,A,골목상권,2110206,텃골근린공원,1284,744,540,2,151,241,347,340,203,1,84,134,221,207,97,1,67,107,126,133,106
2021,2,A,골목상권,2110205,경희대삼거리,3822,2069,1753,6,701,1290,710,636,479,4,281,760,405,362,257,2,420,530,305,274,222
2021,2,A,골목상권,2110204,간데메공원,1794,1235,559,6,298,435,450,379,226,3,196,277,304,275,180,3,102,158,146,104,46
2021,2,A,골목상권,2110203,떡전교사거리,1943,858,1085,2,261,350,385,429,516,2,79,140,162,190,285,0,182,210,223,239,231
2021,2,A,골목상권,2110202,전농1동주민센터(전농시장),593,343,250,0,76,107,147,149,114,0,49,61,93,85,55,0,27,46,54,64,59
2021,2,A,골목상권,2110201,전농119안전센터,825,530,295,0,102,158,244,182,139,0,68,101,168,117,76,0,34,57,76,65,63
2021,2,A,골목상권,2110200,동대문경찰서,1083,572,511,0,119,177,222,305,260,0,60,86,111,138,177,0,59,91,111,167,83
2021,2,A,골목상권,2110199,홍릉시장,1158,621,537,0,99,193,238,354,274,0,46,95,119,165,196,0,53,98,119,189,78
2021,2,A,골목상권,2110198,동대문중앙새마을금고본점,688,361,327,0,52,89,135,214,198,0,23,47,72,99,120,0,29,42,63,115,78
2021,2,A,골목상권,2110197,세종대왕기념관교차로,2510,1548,962,3,426,731,600,539,211,2,154,376,417,419,180,1,272,355,183,120,31
2021,2,A,골목상권,2110196,홍릉근린공원,1047,653,394,1,93,198,337,285,133,1,37,93,216,188,118,0,56,105,121,97,15
2021,2,A,골목상권,2110195,동대문구청,4287,2125,2162,6,481,906,1023,1183,688,3,186,393,469,674,400,3,295,513,554,509,288
2021,2,A,골목상권,2110194,홍파초등학교,1798,1085,713,2,140,330,522,522,282,1,84,184,314,291,211,1,56,146,208,231,71
2021,2,A,골목상권,2110193,고려대역 4번,1232,835,397,1,79,208,403,369,172,1,35,113,259,283,144,0,44,95,144,86,28
2021,2,A,골목상권,2110192,동의보감타워,5324,3233,2091,17,756,1316,1285,1303,647,8,482,802,763,820,358,9,274,514,522,483,289
2021,2,A,골목상권,2110191,고려대역 6번,1157,702,455,2,78,202,355,318,202,1,38,103,203,201,156,1,40,99,152,117,46
2021,2,A,골목상권,2110190,고대앞사거리,3236,1724,1512,5,469,907,933,626,296,2,192,462,500,367,201,3,277,445,433,259,95
2021,2,A,골목상권,2110189,제기동역 1번,6727,4533,2194,21,1156,1875,1505,1131,1039,8,647,1270,1059,767,782,13,509,605,446,364,257
2021,2,A,골목상권,2110188,용두동신동아아파트,9251,6800,2451,57,1038,1991,2191,2660,1314,37,705,1428,1679,1971,980,20,333,563,512,689,334
2021,2,A,골목상권,2110187,제기동역 6번,7263,4732,2531,20,1249,2025,1616,1231,1122,8,662,1282,1102,844,834,12,587,743,514,387,288
2021,2,A,골목상권,2110186,종암초등학교,3678,2369,1309,3,481,1024,1038,724,408,0,199,624,702,506,338,3,282,400,336,218,70
2021,2,A,골목상권,2110185,용두초등학교,9216,4802,4414,9,826,2131,2857,2357,1036,3,373,1210,1418,1091,707,6,453,921,1439,1266,329
2021,2,A,골목상권,2110184,용두사거리,7078,2654,4424,6,1108,1663,1364,1642,1295,2,332,723,563,452,582,4,776,940,801,1190,713
2021,2,A,골목상권,2110183,한국의류시험연구원,6586,2490,4096,5,1038,1511,1273,1514,1245,1,321,694,532,384,558,4,717,817,741,1130,687
2021,2,A,골목상권,2110182,용두희망어린이공원,8150,3848,4302,10,1180,1780,1735,2093,1352,4,438,992,944,839,631,6,742,788,791,1254,721
2021,2,A,골목상권,2110181,신설동역 9번,13079,7138,5941,34,1192,2706,3581,3279,2287,18,594,1610,1908,1605,1403,16,598,1096,1673,1674,884
2021,2,A,골목상권,2110180,광진정보도서관,9548,6222,3326,19,2321,3104,2006,1368,730,5,1187,2103,1425,958,544,14,1134,1001,581,410,186
2021,2,A,골목상권,2110179,광나루역 1번,6574,3993,2581,161,2344,1211,1143,1171,544,51,1118,831,807,821,365,110,1226,380,336,350,179
2021,2,A,골목상권,2110178,장로회신학대학교,2969,2050,919,2,411,751,730,698,377,0,227,542,543,493,245,2,184,209,187,205,132
2021,2,A,골목상권,2110177,동의초등학교,1459,779,680,1,169,274,393,406,216,0,61,146,213,214,145,1,108,128,180,192,71
2021,2,A,골목상권,2110176,해오름공원,4046,2107,1939,5,730,888,1169,939,315,2,195,417,665,579,249,3,535,471,504,360,66
2021,2,A,골목상권,2110175,푸른동산공원,9538,5255,4283,11,988,1818,2356,2694,1671,5,574,1201,1457,1185,833,6,414,617,899,1509,838
2021,2,A,골목상권,2110174,아차산역 1번,3794,2279,1515,7,421,721,1109,1004,532,3,189,430,702,589,366,4,232,291,407,415,166
2021,2,A,골목상권,2110173,구남초등학교,11730,6787,4943,24,1163,2242,2831,3303,2167,9,628,1467,1814,1629,1240,15,535,775,1017,1674,927
2021,2,A,골목상권,2110172,광진초등학교,3672,2114,1558,57,568,731,843,922,551,25,284,392,475,537,401,32,284,339,368,385,150
2021,2,A,골목상권,2110171,중곡4동주민센터,3077,1296,1781,4,590,757,782,700,244,2,117,276,348,364,189,2,473,481,434,336,55
2021,2,A,골목상권,2110170,동대부여고,6257,3117,3140,5,456,1045,1777,2129,845,2,193,556,964,908,494,3,263,489,813,1221,351
2021,2,A,골목상권,2110169,성동초등학교,6765,4291,2474,18,675,1492,1785,1727,1068,4,365,915,1130,1071,806,14,310,577,655,656,262
2021,2,A,골목상권,2110168,대원고등학교,2238,1319,919,4,229,483,556,618,348,2,102,238,295,395,287,2,127,245,261,223,61
2021,2,A,골목상권,2110167,용마초등학교,4509,2630,1879,12,580,923,1177,1052,765,4,313,546,644,575,548,8,267,377,533,477,217
2021,2,A,골목상권,2110166,구의1동주민센터,15219,11430,3789,17,1059,2485,4251,5895,1512,12,537,1532,3205,4890,1254,5,522,953,1046,1005,258
2021,2,A,골목상권,2110165,국립정신건강센터,2585,1477,1108,3,244,534,684,699,421,0,94,256,352,434,341,3,150,278,332,265,80
2021,2,A,골목상권,2110164,아차산역 5번,2694,1609,1085,7,347,531,659,642,508,2,169,304,401,359,374,5,178,227,258,283,134
2021,2,A,골목상권,2110163,성자초등학교,3129,1834,1295,13,357,640,850,913,356,9,224,372,481,482,266,4,133,268,369,431,90
2021,2,A,골목상권,2110162,군자역 4번,3924,2332,1592,15,598,853,977,809,672,8,340,511,565,435,473,7,258,342,412,374,199
2021,2,A,골목상권,2110161,중곡역 3번,2364,1591,773,7,197,379,569,778,434,2,89,224,353,586,337,5,108,155,216,192,97
2021,2,A,골목상권,2110160,광진경찰서,2323,1406,917,4,347,648,636,516,172,1,194,397,354,334,126,3,153,251,282,182,46
2021,2,A,골목상권,2110159,구의역 4번,15886,11761,4125,20,1195,2502,4360,6044,1765,14,552,1526,3278,4933,1458,6,643,976,1082,1111,307
2021,2,A,골목상권,2110158,중곡3동주민센터,2903,2098,805,5,253,521,703,934,487,1,136,358,470,736,397,4,117,163,233,198,90
2021,2,A,골목상권,2110157,자양동우체국,2103,1420,683,14,451,461,501,450,226,10,346,329,303,259,173,4,105,132,198,191,53
2021,2,A,골목상권,2110156,군자역 5번,3797,2348,1449,10,541,828,936,817,665,6,297,488,572,478,507,4,244,340,364,339,158
2021,2,A,골목상권,2110155,광진구청,13911,10903,3008,14,1009,2223,3822,5359,1484,12,536,1458,2986,4650,1261,2,473,765,836,709,223
2021,2,A,골목상권,2110154,광진정말공원,2494,1436,1058,7,351,455,604,640,437,5,171,260,316,357,327,2,180,195,288,283,110
2021,2,A,골목상권,2110153,중곡1동주민센터,5211,2445,2766,82,1436,912,1081,1176,524,28,644,492,513,422,346,54,792,420,568,754,178
2021,2,A,골목상권,2110152,중곡어린이공원,2482,1526,956,49,471,549,517,545,351,6,194,337,328,368,293,43,277,212,189,177,58
2021,2,A,골목상권,2110151,자양한강도서관,2520,1817,703,15,490,505,614,608,288,11,373,369,422,418,224,4,117,136,192,190,64
2021,2,A,골목상권,2110150,중곡1동 마을마당,5928,2959,2969,84,1503,1158,1196,1359,628,30,654,632,616,572,455,54,849,526,580,787,173
2021,2,A,골목상권,2110149,세종대학교,1090,593,497,0,153,295,256,226,160,0,69,164,150,110,100,0,84,131,106,116,60
2021,2,A,골목상권,2110148,어린이대공원역 3번,1449,1013,436,2,138,200,381,498,230,0,66,128,264,363,192,2,72,72,117,135,38
2021,2,A,골목상권,2110147,능동우편취급국,5319,2666,2653,35,1292,1071,1074,1227,620,22,621,624,558,446,395,13,671,447,516,781,225
2021,2,A,골목상권,2110146,신자초등학교,3030,2209,821,8,345,709,894,809,265,3,232,532,652,588,202,5,113,177,242,221,63
2021,2,A,골목상권,2110145,장안초등학교,913,444,469,0,95,163,182,275,198,0,30,77,88,131,118,0,65,86,94,144,80
2021,2,A,골목상권,2110144,어린이대공원역 4번,1995,1266,729,2,200,302,497,650,344,0,76,165,320,437,268,2,124,137,177,213,76
2021,2,A,골목상권,2110143,뚝섬유원지역 1번,1854,1500,354,4,199,512,536,442,161,1,151,418,445,358,127,3,48,94,91,84,34
2021,2,A,골목상권,2110142,화양사거리,4124,2353,1771,5,665,1024,1057,859,514,2,309,600,651,427,364,3,356,424,406,432,150
2021,2,A,골목상권,2110141,건대입구역 1번,3299,2189,1110,13,442,738,841,702,563,6,231,484,570,459,439,7,211,254,271,243,124
2021,2,A,골목상권,2110140,건대입구역 6번,5095,3245,1850,28,632,1049,1230,1212,944,21,284,628,783,815,714,7,348,421,447,397,230
2021,2,A,골목상권,2110139,자양4동주민센터,3041,2288,753,62,487,732,735,671,354,28,320,558,574,520,288,34,167,174,161,151,66
2021,2,A,골목상권,2110138,송정체육공원,4312,2537,1775,2,725,1148,1094,805,538,0,350,692,688,425,382,2,375,456,406,380,156
2021,2,A,골목상권,2110137,성수초등학교,15849,10295,5554,64,2391,4011,4214,3217,1952,49,1240,2613,2806,2104,1483,15,1151,1398,1408,1113,469
2021,2,A,골목상권,2110136,경수초등학교,19912,12290,7622,134,4030,5003,4511,3778,2456,78,1986,3201,2930,2315,1780,56,2044,1802,1581,1463,676
2021,2,A,골목상권,2110135,성동세무서,7155,4565,2590,12,1071,1813,1835,1515,909,5,579,1158,1197,926,700,7,492,655,638,589,209
2021,2,A,골목상권,2110134,성수119안전센터,4792,3359,1433,79,805,1245,1218,959,486,39,481,883,888,682,386,40,324,362,330,277,100
2021,2,A,골목상권,2110133,서울교통공사,6588,4563,2025,50,1729,1852,1274,965,718,21,996,1339,950,679,578,29,733,513,324,286,140
2021,2,A,골목상권,2110132,성수2가3동주민센터,4528,2778,1750,14,563,1101,1102,1022,726,11,282,667,706,642,470,3,281,434,396,380,256
2021,2,A,골목상권,2110131,성수동카페거리,18863,11455,7408,84,3960,5083,4195,3250,2291,51,1964,3230,2724,1930,1556,33,1996,1853,1471,1320,735
2021,2,A,골목상권,2110130,답십리역 6번,5783,2708,3075,6,834,1254,1641,1495,553,2,564,856,606,323,357,4,270,398,1035,1172,196
2021,2,A,골목상권,2110129,성원어린이공원,5831,3754,2077,21,932,1339,1290,1152,1097,16,543,871,862,738,724,5,389,468,428,414,373
2021,2,A,골목상권,2110128,성원중학교,5913,4100,1813,24,740,1417,1504,1425,803,13,428,1018,1078,1009,554,11,312,399,426,416,249
2021,2,A,골목상권,2110127,성수1가1동주민센터,5851,3818,2033,21,1131,1850,1426,919,504,11,621,1230,924,626,406,10,510,620,502,293,98
2021,2,A,골목상권,2110126,서울숲역 1번,4957,3278,1679,19,954,1230,1086,892,776,12,568,830,689,609,570,7,386,400,397,283,206
2021,2,A,골목상권,2110125,사근동살곶이상점가,2512,1782,730,2,144,443,815,743,365,2,54,289,563,579,295,0,90,154,252,164,70
2021,2,A,골목상권,2110124,뚝섬역교차로,3140,2236,904,14,450,585,706,728,657,12,229,380,469,568,578,2,221,205,237,160,79
2021,2,A,골목상권,2110123,마장역 3번,1661,1034,627,1,198,311,408,441,302,1,95,185,241,285,227,0,103,126,167,156,75
2021,2,A,골목상권,2110122,마장역 2번,1517,1003,514,1,159,243,355,441,318,1,89,160,221,294,238,0,70,83,134,147,80
2021,2,A,골목상권,2110121,한양대역 4번,2434,1709,725,0,128,423,780,733,370,0,43,274,532,559,301,0,85,149,248,174,69
2021,2,A,골목상권,2110120,서울숲카페거리,1582,1046,536,5,184,292,370,390,341,4,93,172,212,275,290,1,91,120,158,115,51
2021,2,A,골목상권,2110119,마장지하차도,2657,987,1670,3,257,346,556,850,645,1,141,190,234,227,194,2,116,156,322,623,451
2021,2,A,골목상권,2110118,왕십리역 9번,2693,1327,1366,12,554,698,635,510,284,2,170,310,345,292,208,10,384,388,290,218,76
2021,2,A,골목상권,2110117,성동구보건소,3376,1242,2134,9,551,497,662,965,692,2,191,247,299,296,207,7,360,250,363,669,485
2021,2,A,골목상권,2110116,청계천박물관,8711,5833,2878,46,804,1715,2072,2820,1254,33,442,1069,1395,1994,900,13,362,646,677,826,354
2021,2,A,골목상권,2110115,상왕십리역 3번,5567,2521,3046,19,895,982,1144,1447,1080,4,303,543,630,605,436,15,592,439,514,842,644
2021,2,A,골목상권,2110114,왕십리파출소,2943,1055,1888,16,538,508,588,804,489,3,198,277,289,197,91,13,340,231,299,607,398
2021,2,A,골목상권,2110113,응봉산,2383,905,1478,16,296,761,960,256,94,0,90,252,389,108,66,16,206,509,571,148,28
2021,2,A,골목상권,2110112,행당역 2번,1515,781,734,1,187,321,403,404,199,0,71,141,204,221,144,1,116,180,199,183,55
2021,2,A,골목상권,2110111,대현산장미원,336,200,136,1,46,57,83,78,71,0,15,28,41,53,63,1,31,29,42,25,8
2021,2,A,골목상권,2110110,상왕십리역 6번,2892,1693,1199,14,435,651,657,653,482,5,147,368,443,432,298,9,288,283,214,221,184
2021,2,A,골목상권,2110109,금호삼성래미안아파트,2707,1162,1545,17,330,830,1057,350,123,1,119,302,464,178,98,16,211,528,593,172,25
2021,2,A,골목상권,2110108,성동구립금호도서관,272,128,144,0,32,55,72,79,34,0,14,29,30,29,26,0,18,26,42,50,8
2021,2,A,골목상권,2110107,금호사거리,2741,1185,1556,16,316,815,1029,373,192,1,105,276,444,211,148,15,211,539,585,162,44
2021,2,A,골목상권,2110106,금북초등학교,682,416,266,1,112,193,201,134,41,1,66,107,128,85,29,0,46,86,73,49,12
2021,2,A,골목상권,2110105,금동어린이공원,3124,1300,1824,16,371,929,1129,449,230,1,117,326,480,214,162,15,254,603,649,235,68
2021,2,A,골목상권,2110104,신금호역 4번,1550,885,665,2,200,375,389,317,267,2,69,194,228,192,200,0,131,181,161,125,67
2021,2,A,골목상권,2110103,옥수터널,652,341,311,1,61,162,188,182,58,0,22,73,103,102,41,1,39,89,85,80,17
2021,2,A,골목상권,2110102,옥수역 6번,4523,1702,2821,5,1162,1330,1014,721,291,0,285,464,469,333,151,5,877,866,545,388,140
2021,2,A,골목상권,2110101,옥정중학교,11800,7925,3875,10,1772,3747,3394,2453,424,5,571,2350,2657,2066,276,5,1201,1397,737,387,148
2021,2,A,골목상권,2110100,옥수동우편취급국,8356,6820,1536,8,785,2676,2652,2008,227,4,361,2018,2357,1893,187,4,424,658,295,115,40
2021,2,A,골목상권,2110099,유엔빌리지길,22417,18045,4372,50,2713,5729,6376,6735,814,38,1345,4185,5513,6284,680,12,1368,1544,863,451,134
2021,2,A,골목상권,2110098,서울독일학교,22179,18008,4171,40,2712,5547,6234,6685,961,31,1363,4085,5433,6273,823,9,1349,1462,801,412,138
2021,2,A,골목상권,2110097,한남초등학교,7826,5468,2358,14,1401,2935,1774,1222,480,7,711,1893,1374,1079,404,7,690,1042,400,143,76
2021,2,A,골목상권,2110096,한남힐사이드아파트,8734,5560,3174,9,1774,3226,2049,1383,293,6,757,1958,1477,1118,244,3,1017,1268,572,265,49
2021,2,A,골목상권,2110095,한강진역 3번,16261,10270,5991,51,3557,5623,3802,2391,837,29,1573,3350,2741,1953,624,22,1984,2273,1061,438,213
2021,2,A,골목상권,2110094,오산중학교,475,243,232,0,38,115,148,115,59,0,11,56,70,66,40,0,27,59,78,49,19
2021,2,A,골목상권,2110093,우사단길,9702,6097,3605,43,1853,3128,2442,1391,845,25,761,1853,1780,1071,607,18,1092,1275,662,320,238
2021,2,A,골목상권,2110092,NH농협은행 보광동지점,4109,2859,1250,31,584,1186,1179,823,306,21,305,795,876,631,231,10,279,391,303,192,75
2021,2,A,골목상권,2110091,리움미술관,7513,4522,2991,24,1801,2643,1844,904,297,15,749,1458,1336,748,216,9,1052,1185,508,156,81
2021,2,A,골목상권,2110090,한국폴리텍대학서울정수캠퍼스,8083,4908,3175,18,1242,2436,2730,1210,447,8,540,1218,1919,926,297,10,702,1218,811,284,150
2021,2,A,골목상권,2110089,서빙고동주민센터,2543,1491,1052,2,350,655,776,449,311,0,109,359,499,312,212,2,241,296,277,137,99
2021,2,A,골목상권,2110088,오산고등학교,10165,6137,4028,22,1462,3094,3318,1687,582,10,653,1517,2260,1276,421,12,809,1577,1058,411,161
2021,2,A,골목상권,2110087,이태원엔틱가구거리,6439,3688,2751,31,1233,1753,1633,1215,574,18,527,948,988,811,396,13,706,805,645,404,178
2021,2,A,골목상권,2110086,이태원역 북측,18101,8842,9259,50,4925,6856,3887,1818,565,27,1453,3140,2391,1403,428,23,3472,3716,1496,415,137
2021,2,A,골목상권,2110085,경리단길남측,13583,6464,7119,26,4020,5279,2796,1133,329,12,1128,2390,1742,930,262,14,2892,2889,1054,203,67
2021,2,A,골목상권,2110084,경리단길북측,2575,1428,1147,8,511,741,625,464,226,5,222,375,345,310,171,3,289,366,280,154,55
2021,2,A,골목상권,2110083,서빙고역 1번,7782,5014,2768,20,1542,2118,1985,1422,695,7,687,1379,1388,1051,502,13,855,739,597,371,193
2021,2,A,골목상권,2110082,용산구청,5502,3128,2374,31,1057,1491,1412,1063,448,18,466,777,844,718,305,13,591,714,568,345,143
2021,2,A,골목상권,2110081,해방촌 남동측,2277,1520,757,0,210,420,747,723,177,0,84,238,543,529,126,0,126,182,204,194,51
2021,2,A,골목상권,2110080,해방촌예술마을,2607,1687,920,3,326,485,828,763,202,3,119,277,599,550,139,0,207,208,229,213,63
2021,2,A,골목상권,2110079,후암동주민센터,26370,18974,7396,29,4638,9384,6904,3904,1511,17,2634,6434,5604,3182,1103,12,2004,2950,1300,722,408
2021,2,A,골목상권,2110078,이촌동점보아파트,4837,3011,1826,17,786,1296,1215,1059,464,3,411,785,813,678,321,14,375,511,402,381,143
2021,2,A,골목상권,2110077,삼광초등학교,10904,3587,7317,161,6225,1915,1250,982,371,16,681,930,949,744,267,145,5544,985,301,238,104
2021,2,A,골목상권,2110076,삼각지역 14번,6002,4060,1942,4,649,1637,1939,1419,354,4,356,1043,1439,994,224,0,293,594,500,425,130
2021,2,A,골목상권,2110075,숙대입구역 1번,16585,6297,10288,168,7307,3895,2570,1725,920,17,977,1713,1667,1230,693,151,6330,2182,903,495,227
2021,2,A,골목상권,2110074,서울역 12번,36080,21404,14676,180,11191,11602,7333,3938,1836,24,3411,7449,5868,3241,1411,156,7780,4153,1465,697,425
2021,2,A,골목상권,2110073,삼각지역 3번,24882,9347,15535,123,6255,8074,6887,2839,704,50,2240,2899,2427,1321,410,73,4015,5175,4460,1518,294
2021,2,A,골목상권,2110072,열정도,4551,3239,1312,28,750,1138,1119,932,584,11,409,807,866,718,428,17,341,331,253,214,156
2021,2,A,골목상권,2110071,한강미주맨션아파트,8064,4602,3462,40,1013,1799,2828,1862,522,31,446,1073,1552,1149,351,9,567,726,1276,713,171
2021,2,A,골목상권,2110070,용산세무서,7939,5013,2926,7,817,1787,2969,1915,444,0,510,1163,1775,1265,300,7,307,624,1194,650,144
2021,2,A,골목상권,2110069,숙대입구,8595,4893,3702,31,1607,2846,2045,1332,734,14,680,1474,1258,921,546,17,927,1372,787,411,188
2021,2,A,골목상권,2110068,남영역 1번,10534,7108,3426,48,1834,3359,2754,1651,888,21,965,2182,2055,1256,629,27,869,1177,699,395,259
2021,2,A,골목상권,2110067,배문고등학교,8614,4267,4347,14,1830,2555,1776,1409,1030,5,506,1119,947,892,798,9,1324,1436,829,517,232
2021,2,A,골목상권,2110066,서울역 15번,4687,2417,2270,10,918,1376,996,759,628,5,306,619,554,459,474,5,612,757,442,300,154
2021,2,A,골목상권,2110065,남정초등학교,3515,2475,1040,20,568,1031,937,561,398,16,362,771,668,380,278,4,206,260,269,181,120
2021,2,A,골목상권,2110064,효창공원앞역 2번,4350,2663,1687,18,593,1122,1112,971,534,16,308,706,691,592,350,2,285,416,421,379,184
2021,2,A,골목상권,2110063,효창공원앞역 5번,6102,4294,1808,25,915,1808,1707,985,662,18,553,1315,1239,686,483,7,362,493,468,299,179
2021,2,A,골목상권,2110062,한강로동땡땡거리(은행나무길),9571,5392,4179,16,1072,2335,3099,2183,866,8,465,1231,1677,1434,577,8,607,1104,1422,749,289
2021,2,A,골목상권,2110061,효창동주민센터,5974,4267,1707,8,974,1567,1609,1209,607,5,555,1149,1205,870,483,3,419,418,404,339,124
2021,2,A,골목상권,2110060,효창공원앞역 6번,7211,4881,2330,24,1280,1934,1960,1421,592,14,694,1365,1393,983,432,10,586,569,567,438,160
2021,2,A,골목상권,2110059,새남터성지,3196,2152,1044,11,491,853,906,661,274,4,251,549,683,496,169,7,240,304,223,165,105
2021,2,A,골목상권,2110058,성심여자고등학교,8454,6100,2354,32,1374,2650,2295,1464,639,15,784,1877,1770,1151,503,17,590,773,525,313,136
2021,2,A,골목상권,2110057,황학코아루아파트,2115,1166,949,5,348,575,548,400,239,4,168,319,277,224,174,1,180,256,271,176,65
2021,2,A,골목상권,2110056,신당역 3번,2900,1536,1364,6,461,783,704,555,391,6,194,381,370,312,273,0,267,402,334,243,118
2021,2,A,골목상권,2110055,황학동벼룩시장,3042,1645,1397,31,928,652,595,540,296,16,396,333,352,341,207,15,532,319,243,199,89
2021,2,A,골목상권,2110054,청구역 3번,6203,3266,2937,16,1195,1620,1307,1234,831,5,421,870,771,692,507,11,774,750,536,542,324
2021,2,A,골목상권,2110053,청구역 1번,5383,2899,2484,5,738,1322,1461,1441,416,3,252,661,814,897,272,2,486,661,647,544,144
2021,2,A,골목상권,2110052,장충초등학교,7627,3969,3658,11,1405,1921,1775,1673,842,5,467,944,1013,991,549,6,938,977,762,682,293
2021,2,A,골목상권,2110051,한양공고앞 교차로,2894,1689,1205,9,423,659,731,768,304,2,166,416,454,460,191,7,257,243,277,308,113
2021,2,A,골목상권,2110050,약수역 7번,2303,1220,1083,4,318,559,563,524,335,2,120,279,330,287,202,2,198,280,233,237,133
2021,2,A,골목상권,2110049,장충단 고개,9962,5298,4664,25,2025,2831,2379,1819,883,6,630,1517,1462,1121,562,19,1395,1314,917,698,321
2021,2,A,골목상권,2110048,장충동주민센터,12882,7150,5732,36,2260,3570,3462,2641,913,5,823,2090,2108,1542,582,31,1437,1480,1354,1099,331
2021,2,A,골목상권,2110047,다산성곽길,7406,4104,3302,14,1449,2072,1776,1474,621,5,541,1110,1076,922,450,9,908,962,700,552,171
2021,2,A,골목상권,2110046,버티고개,2995,2024,971,3,392,1047,775,588,190,0,206,761,566,361,130,3,186,286,209,227,60
2021,2,A,골목상권,2110045,동대문역사문화공원역 5번,45426,22509,22917,475,13488,12026,9657,7085,2695,195,6425,7176,5520,2395,798,280,7063,4850,4137,4690,1897
2021,2,A,골목상권,2110044,관성묘,36669,17055,19614,451,12150,9596,7053,5156,2263,190,5706,5492,3828,1296,543,261,6444,4104,3225,3860,1720
2021,2,A,골목상권,2110043,충무초등학교,9197,5407,3790,49,1867,2374,2374,1584,949,20,680,1347,1582,1097,681,29,1187,1027,792,487,268
2021,2,A,골목상권,2110042,남산골공원옆,4783,2763,2020,11,548,1077,1518,1120,509,6,247,608,805,744,353,5,301,469,713,376,156
2021,2,A,골목상권,2110041,남산케이블카,21568,10294,11274,69,3089,6767,7028,3730,885,11,993,2989,3094,2693,514,58,2096,3778,3934,1037,371
2021,2,A,골목상권,2110040,중구회현체육센터(정화예술대남산캠퍼스),20399,10001,10398,71,2999,6554,6631,3424,720,11,1015,3003,2933,2577,462,60,1984,3551,3698,847,258
2021,2,A,골목상권,2110039,회현역 1번,24398,12113,12285,135,4567,7678,7350,3971,697,40,1630,3709,3600,2764,370,95,2937,3969,3750,1207,327
2021,2,A,골목상권,2110038,경향신문사,15409,10083,5326,19,2255,4993,5034,2645,463,6,981,3062,3573,2121,340,13,1274,1931,1461,524,123
2021,2,A,골목상권,2110037,신설동역 12번,7347,2905,4442,9,755,1126,1345,1957,2155,0,225,508,614,556,1002,9,530,618,731,1401,1153
2021,2,A,골목상권,2110036,동묘앞역 3번,3249,1861,1388,19,475,515,668,726,846,17,215,271,402,447,509,2,260,244,266,279,337
2021,2,A,골목상권,2110035,동묘앞역 2번,4636,2328,2308,6,352,596,971,1056,1655,0,113,271,430,502,1012,6,239,325,541,554,643
2021,2,A,골목상권,2110034,창신1동주민센터,2610,1275,1335,10,415,553,683,590,359,8,137,246,296,337,251,2,278,307,387,253,108
2021,2,A,골목상권,2110033,창신역 4번,2086,1235,851,4,175,269,339,403,896,0,57,132,185,230,631,4,118,137,154,173,265
2021,2,A,골목상권,2110032,수족관거리,2064,916,1148,8,347,439,559,454,257,7,106,176,201,239,187,1,241,263,358,215,70
2021,2,A,골목상권,2110031,창신역 1번,554,273,281,2,68,132,136,143,73,0,19,63,68,75,48,2,49,69,68,68,25
2021,2,A,골목상권,2110030,동대문역 3번,1437,615,822,0,146,262,447,335,247,0,43,97,144,155,176,0,103,165,303,180,71
2021,2,A,골목상권,2110029,동대문역 1번,3350,1894,1456,6,441,722,813,826,542,1,200,416,458,485,334,5,241,306,355,341,208
2021,2,A,골목상권,2110028,이화달팽이길,4133,2258,1875,7,726,1068,988,821,523,3,249,525,580,528,373,4,477,543,408,293,150
2021,2,A,골목상권,2110027,혜화역 1번,3993,2014,1979,11,605,968,1059,834,516,5,166,385,563,521,374,6,439,583,496,313,142
2021,2,A,골목상권,2110026,종로5가역 4번,3517,2041,1476,9,541,863,909,740,455,2,244,478,511,470,336,7,297,385,398,270,119
2021,2,A,골목상권,2110025,충신시장옆,9964,6665,3299,17,1748,3097,2714,1736,652,3,767,1987,2027,1429,452,14,981,1110,687,307,200
2021,2,A,골목상권,2110024,혜회동주민센터,5949,2844,3105,28,785,1351,1599,1359,827,17,260,582,786,715,484,11,525,769,813,644,343
2021,2,A,골목상권,2110023,서울대병원,7046,4607,2439,14,1274,2467,1898,965,428,3,575,1567,1454,734,274,11,699,900,444,231,154
2021,2,A,골목상권,2110022,경신고등학교,6493,3007,3486,27,1025,1774,1632,1264,771,19,359,839,781,598,411,8,666,935,851,666,360
2021,2,A,골목상권,2110021,성균관대학교,2385,1261,1124,15,389,557,545,470,409,11,136,240,309,293,272,4,253,317,236,177,137
2021,2,A,골목상권,2110020,서울국제고등학교,4389,2090,2299,18,726,1142,1008,872,623,13,270,579,552,374,302,5,456,563,456,498,321
2021,2,A,골목상권,2110019,창덕궁,16561,12644,3917,19,2000,5478,4941,3044,1079,7,1164,4119,3999,2516,839,12,836,1359,942,528,240
2021,2,A,골목상권,2110018,중앙고등학교,16741,12521,4220,12,1870,5599,5144,3145,971,6,988,4073,4101,2594,759,6,882,1526,1043,551,212
2021,2,A,골목상권,2110017,정독도서관,10619,8299,2320,2,1386,2982,3397,2250,602,1,919,2227,2808,1858,486,1,467,755,589,392,116
2021,2,A,골목상권,2110016,평창동동측,13795,6588,7207,21,1223,3779,5325,2832,615,10,508,1634,2776,1313,347,11,715,2145,2549,1519,268
2021,2,A,골목상권,2110015,청와대사랑채,6739,4876,1863,37,1083,2014,2132,1170,303,0,655,1432,1686,873,230,37,428,582,446,297,73
2021,2,A,골목상권,2110014,경복고등학교,6312,4486,1826,39,965,1807,2046,1188,267,2,591,1278,1554,867,194,37,374,529,492,321,73
2021,2,A,골목상권,2110013,체부동홍종문가옥,4511,2162,2349,10,616,877,891,1177,940,2,339,523,470,400,428,8,277,354,421,777,512
2021,2,A,골목상권,2110012,성곡미술관,35398,22897,12501,54,4673,9851,10005,7082,3733,14,2168,6479,7283,4722,2231,40,2505,3372,2722,2360,1502
2021,2,A,골목상권,2110011,청운초등학교,1903,814,1089,13,319,483,443,349,296,2,65,197,199,163,188,11,254,286,244,186,108
2021,2,A,골목상권,2110010,평창동서측,10085,5515,4570,17,1111,2723,3664,1991,579,1,478,1204,2080,1353,399,16,633,1519,1584,638,180
2021,2,A,골목상권,2110009,자하문터널,3823,2257,1566,18,744,1226,968,640,227,8,294,697,639,463,156,10,450,529,329,177,71
2021,2,A,골목상권,2110008,배화여자대학교(박노수미술관),6438,3091,3347,46,996,1152,1240,1648,1356,2,446,594,631,700,718,44,550,558,609,948,638
2021,2,A,골목상권,2110007,사직공원(한국사회과학도서관),3909,1854,2055,7,607,1085,1147,738,325,5,194,468,547,412,228,2,413,617,600,326,97
2021,2,A,골목상권,2110006,부암동주민센터,2706,1329,1377,22,607,897,632,425,123,5,169,414,377,288,76,17,438,483,255,137,47
2021,2,A,골목상권,2110005,세검정,2723,1465,1258,9,347,715,720,623,309,3,150,361,399,341,211,6,197,354,321,282,98
2021,2,A,골목상권,2110004,대신고등학교,470,276,194,6,62,109,112,113,68,5,33,63,61,59,55,1,29,46,51,54,13
2021,2,A,골목상권,2110003,세검정초등학교,4837,2723,2114,16,618,1311,1222,1017,653,7,239,684,764,595,434,9,379,627,458,422,219
2021,2,A,골목상권,2110002,독립문역 1번,689,209,480,7,173,203,166,102,38,6,37,46,59,37,24,1,136,157,107,65,14
2021,2,A,골목상권,2110001,이북5도청사,5968,4230,1738,11,1084,1435,1383,1526,529,7,566,935,1087,1267,368,4,518,500,296,259,161
2021,1,A,골목상권,2111090,강일동주민센터,744,547,197,0,90,161,195,190,108,0,55,111,143,143,95,0,35,50,52,47,13
2021,1,A,골목상권,2111089,상일여고(상일초등학교),1080,716,364,0,123,216,260,297,184,0,58,146,184,192,136,0,65,70,76,105,48
2021,1,A,골목상권,2111088,고덕동성당,1187,964,223,0,40,92,230,464,361,0,10,55,178,388,333,0,30,37,52,76,28
2021,1,A,골목상권,2111087,고덕중학교(고덕2동주민센터),743,270,473,0,85,157,184,208,109,0,17,54,69,77,53,0,68,103,115,131,56
2021,1,A,골목상권,2111086,한영중고,862,441,421,1,73,196,209,284,99,1,32,75,97,157,79,0,41,121,112,127,20
2021,1,A,골목상권,2111085,묘곡초등학교(고덕아이파크아파트),1560,790,770,0,154,294,388,398,326,0,61,149,173,196,211,0,93,145,215,202,115
2021,1,A,골목상권,2111084,길동신동아아파트,1362,726,636,2,136,245,267,388,324,2,79,146,133,178,188,0,57,99,134,210,136
2021,1,A,골목상권,2111083,GS강동자이아파트,2403,1398,1005,4,274,421,473,661,570,3,157,263,263,330,382,1,117,158,210,331,188
2021,1,A,골목상권,2111082,중앙보훈병원,3359,1319,2040,1,743,904,629,688,394,0,187,326,270,308,228,1,556,578,359,380,166
2021,1,A,골목상권,2111081,둔촌푸르지오아파트,1104,672,432,2,139,198,218,280,267,1,73,121,129,149,199,1,66,77,89,131,68
2021,1,A,골목상권,2111080,굽은다리역 3번,1916,853,1063,2,204,357,453,489,411,0,72,184,206,194,197,2,132,173,247,295,214
2021,1,A,골목상권,2111079,둔촌고등학교(둔촌중학교),4407,1934,2473,5,873,1139,885,927,578,2,262,460,418,421,371,3,611,679,467,506,207
2021,1,A,골목상권,2111078,굽은다리역 4번,4203,2519,1684,9,398,735,962,1078,1021,5,210,458,553,637,656,4,188,277,409,441,365
2021,1,A,골목상권,2111077,길동주민센터(강동도서관),7382,3886,3496,18,774,1285,1701,1972,1632,11,369,733,911,873,989,7,405,552,790,1099,643
2021,1,A,골목상권,2111076,둔촌2동주민센터,2891,1678,1213,5,343,628,708,627,580,3,143,341,445,347,399,2,200,287,263,280,181
2021,1,A,골목상권,2111075,굽은다리역 2번,2664,1415,1249,4,325,517,647,666,505,2,142,299,313,346,313,2,183,218,334,320,192
2021,1,A,골목상권,2111074,명일역 1번,2753,1586,1167,6,360,639,696,662,390,3,186,384,382,384,247,3,174,255,314,278,143
2021,1,A,골목상권,2111073,둔촌동역 1번(한산중학교),7031,3540,3491,23,864,1431,1725,1807,1181,17,408,802,924,722,667,6,456,629,801,1085,514
2021,1,A,골목상권,2111072,굽은다리역 1번(십자성마을),3937,2371,1566,10,383,823,989,935,797,5,173,470,582,587,554,5,210,353,407,348,243
2021,1,A,골목상권,2111071,천동초등학교,2389,1343,1046,2,222,450,615,554,546,1,78,232,345,319,368,1,144,218,270,235,178
2021,1,A,골목상권,2111070,천호초등학교,1943,1134,809,6,159,424,513,540,301,1,60,208,282,348,235,5,99,216,231,192,66
2021,1,A,골목상권,2111069,천호1동주민센터,2681,1438,1243,8,249,538,670,683,533,3,87,245,351,385,367,5,162,293,319,298,166
2021,1,A,골목상권,2111068,강동성심병원,5278,2358,2920,14,977,1083,1209,1196,799,9,331,516,613,453,436,5,646,567,596,743,363
2021,1,A,골목상권,2111067,강동구립성내도서관,8062,3945,4117,26,1296,1623,1874,1847,1396,18,505,849,990,787,796,8,791,774,884,1060,600
2021,1,A,골목상권,2111066,암사동성당(효정하나플러스아파트),1961,1136,825,5,220,423,443,525,345,1,83,210,252,350,240,4,137,213,191,175,105
2021,1,A,골목상권,2111065,천일초등학교,1492,799,693,2,131,236,313,349,461,2,45,104,141,160,347,0,86,132,172,189,114
2021,1,A,골목상권,2111064,둔촌동역 4번,2951,1763,1188,10,355,587,666,719,614,8,178,353,397,419,408,2,177,234,269,300,206
2021,1,A,골목상권,2111063,강동구립 천호도서관,3759,2069,1690,9,344,581,681,729,1415,7,127,263,349,361,962,2,217,318,332,368,453
2021,1,A,골목상권,2111062,둔촌동역 3번(성내3동주민센터),4393,2785,1608,8,584,1064,1191,921,625,7,323,676,750,580,449,1,261,388,441,341,176
2021,1,A,골목상권,2111061,암사역 1번,4194,1874,2320,3,413,710,856,1012,1200,2,170,393,411,369,529,1,243,317,445,643,671
2021,1,A,골목상권,2111060,암사역 2번(서울강동초등학교),3573,1892,1681,10,392,741,923,871,636,5,141,348,473,483,442,5,251,393,450,388,194
2021,1,A,골목상권,2111059,강동역 4번(강풀만화거리),8028,4328,3700,18,1275,1454,1658,1571,2052,8,537,734,860,875,1314,10,738,720,798,696,738
2021,1,A,골목상권,2111058,성내중학교,2639,1612,1027,3,339,606,682,702,307,1,181,384,406,450,190,2,158,222,276,252,117
2021,1,A,골목상권,2111057,천호공원(해공체육문화센터),2118,1068,1050,2,216,311,437,508,644,2,76,120,175,230,465,0,140,191,262,278,179
2021,1,A,골목상권,2111056,천호태영아파트,2758,1458,1300,5,235,331,469,477,1241,1,89,126,195,239,808,4,146,205,274,238,433
2021,1,A,골목상권,2111055,선사초등학교,2553,999,1554,3,292,461,575,738,484,2,137,240,250,203,167,1,155,221,325,535,317
2021,1,A,골목상권,2111054,암사역 4번(삼성광나루아파트),3414,1360,2054,3,354,528,650,844,1035,2,146,268,280,241,423,1,208,260,370,603,612
2021,1,A,골목상권,2111053,성내천어린이공원(하니사랑길),23519,17241,6278,41,2641,6412,5666,5352,3407,17,1608,4669,4234,4068,2645,24,1033,1743,1432,1284,762
2021,1,A,골목상권,2111052,암사역 3번(천호동자전거거리),2457,1236,1221,3,262,428,525,464,775,2,92,220,265,243,414,1,170,208,260,221,361
2021,1,A,골목상권,2111051,천호역 6번,7112,4029,3083,12,975,1636,1725,1854,910,5,493,791,894,1177,669,7,482,845,831,677,241
2021,1,A,골목상권,2111050,강동구청(강동구청역 2번),7541,4687,2854,33,867,1785,1796,1858,1202,14,420,959,1100,1292,902,19,447,826,696,566,300
2021,1,A,골목상권,2111049,천호지구대(천호동자전거거리),2201,1197,1004,9,263,431,513,499,486,5,120,216,267,255,334,4,143,215,246,244,152
2021,1,A,골목상권,2111048,천호역 1번(천호문구완구거리),2003,1064,939,9,254,435,468,419,418,5,102,209,259,213,276,4,152,226,209,206,142
2021,1,A,골목상권,2111047,마천1치안센터,1261,723,538,1,123,268,342,314,213,1,61,146,181,168,166,0,62,122,161,146,47
2021,1,A,골목상권,2111046,마천역(마천초등학교),2822,1633,1189,5,296,604,772,740,405,1,151,347,410,407,317,4,145,257,362,333,88
2021,1,A,골목상권,2111045,개미어린이공원,2261,1195,1066,9,291,357,534,692,378,3,183,228,298,294,189,6,108,129,236,398,189
2021,1,A,골목상권,2111044,남천초등학교,1904,989,915,1,188,378,512,520,305,0,84,186,225,248,246,1,104,192,287,272,59
2021,1,A,골목상권,2111043,마천공원,2200,1378,822,9,268,499,540,524,360,8,156,311,303,321,279,1,112,188,237,203,81
2021,1,A,골목상권,2111042,거여역 1번(거여공원),5740,3468,2272,22,960,1303,1427,1224,804,16,539,869,864,669,511,6,421,434,563,555,293
2021,1,A,골목상권,2111041,거여역 8번,2503,1642,861,8,567,621,572,426,309,6,295,430,406,280,225,2,272,191,166,146,84
2021,1,A,골목상권,2111040,거여초등학교,2682,1704,978,10,328,670,682,619,373,9,189,450,435,362,259,1,139,220,247,257,114
2021,1,A,골목상권,2111039,벌말어린이공원,3276,2054,1222,10,363,791,844,785,483,9,205,519,543,462,316,1,158,272,301,323,167
2021,1,A,골목상권,2111038,보인중학교,3272,2119,1153,14,477,818,802,706,455,13,262,543,547,453,301,1,215,275,255,253,154
2021,1,A,골목상권,2111037,Sh수협은행 오금동금융센터(아랫말어린이공원),1946,1126,820,0,210,436,499,533,268,0,120,281,287,264,174,0,90,155,212,269,94
2021,1,A,골목상권,2111036,투구봉어린이공원,3333,2198,1135,17,531,892,840,726,327,13,342,626,575,425,217,4,189,266,265,301,110
2021,1,A,골목상권,2111035,오금공원(오주중학교),2705,1749,956,2,326,570,689,732,386,1,188,386,470,436,268,1,138,184,219,296,118
2021,1,A,골목상권,2111034,오동나무공원(송파레미니스1단지),4106,2722,1384,7,544,891,1006,1075,583,6,316,606,666,667,461,1,228,285,340,408,122
2021,1,A,골목상권,2111033,문정동성당,33212,26336,6876,13,2679,5820,9576,13087,2037,6,1671,4329,7557,11417,1356,7,1008,1491,2019,1670,681
2021,1,A,골목상권,2111032,방이역 1번,23949,17488,6461,28,3095,5765,6032,5516,3513,14,1835,3956,4600,4519,2564,14,1260,1809,1432,997,949
2021,1,A,골목상권,2111031,장지동주민센터(한림연예예술고교),35724,27914,7810,18,3116,6475,10247,13557,2311,8,1911,4740,7990,11684,1581,10,1205,1735,2257,1873,730
2021,1,A,골목상권,2111030,방이역 2번,21156,15625,5531,20,2708,5088,5454,5034,2852,7,1648,3533,4196,4249,1992,13,1060,1555,1258,785,860
2021,1,A,골목상권,2111029,오금역 4번,7833,5273,2560,14,1268,2371,1930,1379,871,8,740,1577,1338,911,699,6,528,794,592,468,172
2021,1,A,골목상권,2111028,문현중학교(장지역 1번),5636,3366,2270,14,804,1250,1392,1311,865,7,422,774,855,701,607,7,382,476,537,610,258
2021,1,A,골목상권,2111027,문정초등학교,39531,30313,9218,23,3409,6840,10716,14172,4371,9,2010,4917,8267,12013,3097,14,1399,1923,2449,2159,1274
2021,1,A,골목상권,2111026,문정역 2번,6153,3880,2273,10,919,1459,1548,1358,859,5,526,971,988,745,645,5,393,488,560,613,214
2021,1,A,골목상권,2111025,경찰병원역 3번,11774,6132,5642,55,1415,2152,2136,2128,3888,25,571,1173,1208,922,2233,30,844,979,928,1206,1655
2021,1,A,골목상권,2111024,경찰병원역 4번(건너말공원),17836,10455,7381,63,2463,3913,3833,3232,4332,31,1098,2309,2548,1846,2623,32,1365,1604,1285,1386,1709
2021,1,A,골목상권,2111023,문정역 1번,4682,2809,1873,8,724,962,1124,1079,785,2,348,579,724,600,556,6,376,383,400,479,229
2021,1,A,골목상권,2111022,석촌중학교(방이육교),11171,7061,4110,23,1357,2490,2437,2244,2620,9,716,1668,1619,1268,1781,14,641,822,818,976,839
2021,1,A,골목상권,2111021,방이역 4번,11935,8619,3316,39,1562,2502,3053,2900,1879,27,822,1638,2262,2278,1592,12,740,864,791,622,287
2021,1,A,골목상권,2111020,방이동고분군(방산고등학교),6318,3723,2595,19,898,1441,1494,1560,906,12,427,835,927,919,603,7,471,606,567,641,303
2021,1,A,골목상권,2111019,한성백제역 3번,17428,9415,8013,47,2799,3938,3794,4086,2764,34,1482,2587,2120,1689,1503,13,1317,1351,1674,2397,1261
2021,1,A,골목상권,2111018,풍납초등학교(풍납백제문화공원),1322,801,521,0,186,299,301,335,201,0,99,158,169,220,155,0,87,141,132,115,46
2021,1,A,골목상권,2111017,송파나루역 3번,7518,4240,3278,22,1335,1443,1570,1943,1205,16,636,929,992,985,682,6,699,514,578,958,523
2021,1,A,골목상권,2111016,송파역 2번,17063,11286,5777,65,2224,3744,4130,3798,3102,46,1099,2434,3059,2519,2129,19,1125,1310,1071,1279,973
2021,1,A,골목상권,2111015,석촌역 3번,12636,8115,4521,27,1865,3083,2891,2543,2227,11,946,2081,1944,1588,1545,16,919,1002,947,955,682
2021,1,A,골목상권,2111014,송파나루역 2번,14245,8390,5855,26,2077,3609,3332,3152,2049,12,1010,2234,2195,1757,1182,14,1067,1375,1137,1395,867
2021,1,A,골목상권,2111013,송파나루역 1번(송리단길),14226,8959,5267,26,2198,4197,3547,2563,1695,8,1070,2666,2388,1628,1199,18,1128,1531,1159,935,496
2021,1,A,골목상권,2111012,석촌역 6번,6180,3598,2582,11,624,1426,1478,1279,1362,5,303,977,873,617,823,6,321,449,605,662,539
2021,1,A,골목상권,2111011,잠실나루역,10263,8174,2089,42,1383,3190,3039,2132,477,18,976,2602,2477,1735,366,24,407,588,562,397,111
2021,1,A,골목상권,2111010,석촌역 7번,7908,5556,2352,11,859,1781,1872,1423,1962,8,472,1253,1268,916,1639,3,387,528,604,507,323
2021,1,A,골목상권,2111009,송파책박물관,2198,1590,608,5,244,436,453,548,512,3,191,328,324,352,392,2,53,108,129,196,120
2021,1,A,골목상권,2111008,석촌고분역 3번,5190,3263,1927,13,640,1032,1256,1260,989,11,345,636,773,761,737,2,295,396,483,499,252
2021,1,A,골목상권,2111007,석촌고분역 4번,6337,4182,2155,12,863,1398,1389,1437,1238,11,532,949,921,882,887,1,331,449,468,555,351
2021,1,A,골목상권,2111006,석촌고분역 1번,17571,11961,5610,44,2435,3821,4234,3746,3291,29,1307,2544,2976,2542,2563,15,1128,1277,1258,1204,728
2021,1,A,골목상권,2111005,삼전역 3번,6038,4006,2032,15,892,1505,1406,1233,987,5,513,1061,958,761,708,10,379,444,448,472,279
2021,1,A,골목상권,2111004,삼전역 1번,18500,12541,5959,63,2605,4069,4548,4156,3059,21,1379,2681,3191,2968,2301,42,1226,1388,1357,1188,758
2021,1,A,골목상권,2111003,삼전역 4번,5935,3890,2045,37,711,1296,1484,1127,1280,2,366,849,960,726,987,35,345,447,524,401,293
2021,1,A,골목상권,2111002,한국교통안전공단 강남자동차검사소,569,334,235,0,41,89,114,175,150,0,16,52,64,100,102,0,25,37,50,75,48
2021,1,A,골목상권,2111001,아래방죽마을공원(율현초등학교),290,157,133,1,14,42,49,102,82,0,8,28,30,53,38,1,6,14,19,49,44
2021,1,A,골목상권,2111000,대왕초등학교(세곡동사거리서남측),294,138,156,6,35,84,93,56,20,3,11,31,49,30,14,3,24,53,44,26,6
2021,1,A,골목상권,2110999,윗방죽마을공원,464,257,207,3,35,80,86,139,121,1,17,50,56,81,52,2,18,30,30,58,69
2021,1,A,골목상권,2110998,은곡마을(은곡마을공원),128,65,63,3,11,41,35,25,13,1,6,18,19,14,7,2,5,23,16,11,6
2021,1,A,골목상권,2110997,대청초등학교,12566,4876,7690,31,3480,3879,2620,1655,901,3,781,1456,1134,859,643,28,2699,2423,1486,796,258
2021,1,A,골목상권,2110996,대치2동주민센터,37900,18079,19821,265,7022,9437,8584,7750,4842,106,3263,5619,4641,2694,1756,159,3759,3818,3943,5056,3086
2021,1,A,골목상권,2110995,봉은사역 4번,80333,61317,19016,154,15900,21348,21569,17001,4361,88,10163,16112,17810,14553,2591,66,5737,5236,3759,2448,1770
2021,1,A,골목상권,2110994,개포고등학교,4640,2964,1676,57,889,1272,1058,857,507,24,514,821,664,537,404,33,375,451,394,320,103
2021,1,A,골목상권,2110993,개포지하차도 북측,493,214,279,3,70,105,147,115,53,0,16,44,60,58,36,3,54,61,87,57,17
2021,1,A,골목상권,2110992,도곡초등학교,12863,6859,6004,63,2365,3393,3003,2467,1572,35,940,1769,1666,1432,1017,28,1425,1624,1337,1035,555
2021,1,A,골목상권,2110991,삼성중앙역 5번,28503,15784,12719,115,5919,9500,6998,3927,2044,37,2281,5361,4631,2309,1165,78,3638,4139,2367,1618,879
2021,1,A,골목상권,2110990,청담역 12번,10376,6980,3396,39,1551,3276,3120,1867,523,23,669,2073,2406,1424,385,16,882,1203,714,443,138
2021,1,A,골목상권,2110989,대치동아우편취급국,29290,17968,11322,140,4768,8716,7970,4868,2828,17,2007,5273,5502,3456,1713,123,2761,3443,2468,1412,1115
2021,1,A,골목상권,2110988,청담역 3번,18899,9206,9693,73,3792,5684,5341,2877,1132,33,1221,2750,2769,1638,795,40,2571,2934,2572,1239,337
2021,1,A,골목상권,2110987,영동대교남단,8320,5539,2781,40,1422,2410,2185,1548,715,19,663,1584,1632,1125,516,21,759,826,553,423,199
2021,1,A,골목상권,2110986,삼성중앙역 7번,27479,17773,9706,52,3973,10061,7904,3716,1773,15,1757,6297,6233,2496,975,37,2216,3764,1671,1220,798
2021,1,A,골목상권,2110985,청담근린공원,13449,8818,4631,66,2379,3877,3557,2503,1067,35,1141,2595,2592,1729,726,31,1238,1282,965,774,341
2021,1,A,골목상권,2110984,포이초등학교(개포목련어린이공원),6964,4388,2576,20,1326,1965,1598,1256,799,13,815,1286,925,757,592,7,511,679,673,499,207
2021,1,A,골목상권,2110983,국립국악고등학교,3835,2457,1378,13,616,955,928,708,615,2,285,601,613,465,491,11,331,354,315,243,124
2021,1,A,골목상권,2110982,강남구보훈회관,6082,3566,2516,14,1266,1604,1400,963,835,6,513,1046,910,527,564,8,753,558,490,436,271
2021,1,A,골목상권,2110981,국악고교사거리,12357,8276,4081,26,1850,3425,3175,2214,1667,9,980,2320,2252,1450,1265,17,870,1105,923,764,402
2021,1,A,골목상권,2110980,개포지구대옆,25161,10281,14880,88,3951,5726,8389,5194,1813,42,1896,3243,2591,1405,1104,46,2055,2483,5798,3789,709
2021,1,A,골목상권,2110979,청담초등학교,18648,9066,9582,39,5067,6996,3688,1966,892,15,1632,3410,2200,1140,669,24,3435,3586,1488,826,223
2021,1,A,골목상권,2110978,도곡2동주민센터(대치중학교),12302,8363,3939,54,2526,3818,2860,1644,1400,37,1355,2740,2264,1161,806,17,1171,1078,596,483,594
2021,1,A,골목상권,2110977,논현로18길,10006,6917,3089,18,1546,3017,2690,1646,1089,7,822,2051,2060,1150,827,11,724,966,630,496,262
2021,1,A,골목상권,2110976,언북초등학교,11065,5295,5770,25,3211,3774,2056,1187,812,5,1083,1821,1178,701,507,20,2128,1953,878,486,305
2021,1,A,골목상권,2110975,매봉역 1번,22408,15346,7062,84,4644,5711,5884,4648,1437,54,2422,3673,4320,3677,1200,30,2222,2038,1564,971,237
2021,1,A,골목상권,2110974,언주중학교,10084,6627,3457,39,2227,3204,2129,1449,1036,25,1044,1971,1619,1140,828,14,1183,1233,510,309,208
2021,1,A,골목상권,2110973,강남구청역 4번,12597,7190,5407,54,2501,3373,2945,2285,1439,18,1044,2008,1846,1330,944,36,1457,1365,1099,955,495
2021,1,A,골목상권,2110972,강남세브란스병원미래의학연구센터,26073,14646,11427,216,7696,7646,5984,3332,1199,73,3194,4587,3952,1945,895,143,4502,3059,2032,1387,304
2021,1,A,골목상권,2110971,선정릉역 4번,73203,35861,37342,185,15399,20094,18092,15247,4186,90,8048,12361,8646,4171,2545,95,7351,7733,9446,11076,1641
2021,1,A,골목상권,2110970,학동초등학교,12139,7385,4754,45,2463,3692,2909,1837,1193,19,1064,2125,1996,1282,899,26,1399,1567,913,555,294
2021,1,A,골목상권,2110969,베르사이유1아파트,53929,36213,17716,90,9575,16368,14864,10164,2868,34,5089,11243,11284,6616,1947,56,4486,5125,3580,3548,921
2021,1,A,골목상권,2110968,강남구청역 2번,17810,11539,6271,53,3230,4729,4471,3306,2021,17,1463,2823,3248,2441,1547,36,1767,1906,1223,865,474
2021,1,A,골목상권,2110967,역삼역 8번,60702,36823,23879,115,10925,17002,16035,14106,2519,65,7128,12381,9947,5650,1652,50,3797,4621,6088,8456,867
2021,1,A,골목상권,2110966,논현2동주민센터,27417,17538,9879,65,4763,7772,7077,5016,2724,17,2089,4522,4968,3771,2171,48,2674,3250,2109,1245,553
2021,1,A,골목상권,2110965,언주역 6번,12536,6978,5558,32,2785,3988,2917,1723,1091,14,1028,2297,1924,985,730,18,1757,1691,993,738,361
2021,1,A,골목상권,2110964,싸리고개근린공원,16691,13249,3442,26,2072,3680,4901,4766,1246,12,1067,2741,4124,4292,1013,14,1005,939,777,474,233
2021,1,A,골목상권,2110963,역삼월드메르디앙아파트,26645,15919,10726,134,6368,7920,6420,3764,2039,38,2482,4698,4514,2587,1600,96,3886,3222,1906,1177,439
2021,1,A,골목상권,2110962,도산공원북측,7684,4139,3545,25,1867,2746,1614,996,436,9,732,1558,1047,545,248,16,1135,1188,567,451,188
2021,1,A,골목상권,2110961,언주역 3번,25850,16840,9010,70,5483,7931,5602,3658,3106,29,2478,5132,4147,2743,2311,41,3005,2799,1455,915,795
2021,1,A,골목상권,2110960,은광여고,25543,18368,7175,56,2951,5943,6854,7171,2568,40,1640,3961,5282,5652,1793,16,1311,1982,1572,1519,775
2021,1,A,골목상권,2110959,신구중학교,12478,6517,5961,139,2815,3808,2504,1783,1429,50,1173,2082,1655,873,684,89,1642,1726,849,910,745
2021,1,A,골목상권,2110958,역삼역 4번,42236,28666,13570,63,7659,13522,11576,6973,2443,22,3663,8770,8848,5673,1690,41,3996,4752,2728,1300,753
2021,1,A,골목상권,2110957,언북중학교,28690,17182,11508,72,5858,8514,6766,4137,3343,15,2276,4756,4609,3001,2525,57,3582,3758,2157,1136,818
2021,1,A,골목상권,2110956,언주역 8번,15614,9542,6072,57,3754,5177,3520,1901,1205,37,1723,3094,2486,1290,912,20,2031,2083,1034,611,293
2021,1,A,골목상권,2110955,논현초등학교,25381,16658,8723,83,5578,7705,5841,3882,2292,48,2817,5039,4258,2826,1670,35,2761,2666,1583,1056,622
2021,1,A,골목상권,2110954,국기원,23196,12840,10356,110,5238,7616,5998,2944,1290,31,1823,3964,3878,2178,966,79,3415,3652,2120,766,324
2021,1,A,골목상권,2110953,학동근린공원,26213,16160,10053,92,6774,8335,5664,3381,1967,28,2991,5202,4071,2370,1498,64,3783,3133,1593,1011,469
2021,1,A,골목상권,2110952,논현목련공원,10637,6885,3752,21,2104,3370,2518,1670,954,15,1135,2250,1740,1096,649,6,969,1120,778,574,305
2021,1,A,골목상권,2110951,신사은행나무공원,12925,7220,5705,52,3507,3777,2858,1670,1061,15,1315,2106,1920,1102,762,37,2192,1671,938,568,299
2021,1,A,골목상권,2110950,논현역 7번,19297,11636,7661,39,4250,6200,4538,2762,1508,17,1787,3758,3112,1836,1126,22,2463,2442,1426,926,382
2021,1,A,골목상권,2110949,한남IC,12160,7678,4482,41,2351,3690,3261,1910,907,23,1063,2371,2209,1313,699,18,1288,1319,1052,597,208
2021,1,A,골목상권,2110948,헌인가구단지,57,27,30,0,5,24,14,11,3,0,4,12,6,2,3,0,1,12,8,9,0
2021,1,A,골목상권,2110947,청계산입구역 2번(내곡동주민센터),326,172,154,0,38,55,98,76,59,0,17,30,68,33,24,0,21,25,30,43,35
2021,1,A,골목상권,2110946,청계산원터골,271,144,127,0,34,50,81,50,56,0,15,29,58,20,22,0,19,21,23,30,34
2021,1,A,골목상권,2110945,본마을노인복지센터(서초구립내곡도서관),383,240,143,3,62,91,87,89,51,3,25,53,59,64,36,0,37,38,28,25,15
2021,1,A,골목상권,2110944,서울나래학교(염곡어린이공원),20185,16768,3417,29,2090,4170,6159,6991,746,22,1509,3356,5018,6304,559,7,581,814,1141,687,187
2021,1,A,골목상권,2110943,법제교육센터(버들어린이공원),7684,4780,2904,20,1200,1903,1957,1484,1120,11,643,1190,1209,900,827,9,557,713,748,584,293
2021,1,A,골목상권,2110942,염곡동 구룡사(포이동성당),32043,24395,7648,74,4187,7325,9070,9280,2107,40,2598,5356,6923,7833,1645,34,1589,1969,2147,1447,462
2021,1,A,골목상권,2110941,언남고등학교,4779,3108,1671,28,739,1265,1190,966,591,17,414,816,783,644,434,11,325,449,407,322,157
2021,1,A,골목상권,2110940,양재근린공원(양재2동주민센터),8689,5762,2927,47,1434,2277,2149,1768,1014,26,766,1507,1483,1202,778,21,668,770,666,566,236
2021,1,A,골목상권,2110939,양재역 8번(양재동우체국),45731,23354,22377,508,9762,11110,12644,8019,3688,246,4819,6778,5503,3276,2732,262,4943,4332,7141,4743,956
2021,1,A,골목상권,2110938,바우뫼공원,11265,6894,4371,329,3630,2824,2266,1433,783,154,1891,1856,1564,870,559,175,1739,968,702,563,224
2021,1,A,골목상권,2110937,방아다리근린공원(횃불트리니티신학대학원대학교),17876,11487,6389,356,5244,5033,3649,2329,1265,166,2714,3411,2635,1557,1004,190,2530,1622,1014,772,261
2021,1,A,골목상권,2110936,더케이호텔(양재리본타워2단지아파트),3869,2981,888,16,803,1160,864,700,326,10,552,922,691,565,241,6,251,238,173,135,85
2021,1,A,골목상권,2110935,한전아트센터,20312,15954,4358,47,3699,7326,4955,3496,789,19,2201,5852,4154,3079,649,28,1498,1474,801,417,140
2021,1,A,골목상권,2110934,우면주공아파트,3248,1908,1340,6,549,981,879,631,202,5,199,529,564,460,151,1,350,452,315,171,51
2021,1,A,골목상권,2110933,한국상담대학원대학교,6457,3774,2683,19,1551,1930,1522,1006,429,6,610,1213,1030,624,291,13,941,717,492,382,138
2021,1,A,골목상권,2110932,서울시인재개발원,6066,3421,2645,20,1419,1827,1388,942,470,6,486,1071,936,597,325,14,933,756,452,345,145
2021,1,A,골목상권,2110931,삼성전자서울R&D(서울우면초등학교),1471,770,701,0,273,440,390,329,39,0,89,178,228,248,27,0,184,262,162,81,12
2021,1,A,골목상권,2110930,서초동성당,40185,22492,17693,64,7459,10413,9292,10954,2003,36,2906,5657,4975,7438,1480,28,4553,4756,4317,3516,523
2021,1,A,골목상권,2110929,남부터미널역 1번,40801,22975,17826,94,8567,10227,8785,10521,2607,29,2961,5530,5108,7404,1943,65,5606,4697,3677,3117,664
2021,1,A,골목상권,2110928,서초우방유쉘아파트,14636,8308,6328,79,2911,3987,3610,2696,1353,42,1209,2357,2220,1538,942,37,1702,1630,1390,1158,411
2021,1,A,골목상권,2110927,잠원역,5195,2975,2220,14,1049,1543,1215,847,527,5,440,957,806,467,300,9,609,586,409,380,227
2021,1,A,골목상권,2110926,신중초등학교,20711,15020,5691,29,2823,6720,5736,3692,1711,13,1488,4871,4651,2834,1163,16,1335,1849,1085,858,548
2021,1,A,골목상권,2110925,서초중학교,9296,5492,3804,52,1961,2662,2169,1374,1078,25,798,1591,1465,898,715,27,1163,1071,704,476,363
2021,1,A,골목상권,2110924,반포4동주민센터(몽마르뜨공원),83099,74961,8138,37,8203,17350,22275,32239,2995,19,6505,14740,20038,31075,2584,18,1698,2610,2237,1164,411
2021,1,A,골목상권,2110923,방배역 1번,8904,5663,3241,101,1440,2646,2283,1421,1013,32,731,1526,1586,1012,776,69,709,1120,697,409,237
2021,1,A,골목상권,2110922,내방역 1번,16882,11227,5655,77,3284,5206,4097,3133,1085,58,1557,3103,3051,2630,828,19,1727,2103,1046,503,257
2021,1,A,골목상권,2110921,서울프랑스학교,83562,76383,7179,44,8142,17368,22255,32750,3003,26,6585,15123,20344,31698,2607,18,1557,2245,1911,1052,396
2021,1,A,골목상권,2110920,방배역 2번(백석예술대학교),9972,5994,3978,105,1806,2901,2264,1609,1287,29,832,1640,1444,1069,980,76,974,1261,820,540,307
2021,1,A,골목상권,2110919,내방역 8번,23026,14891,8135,70,3979,7139,6333,3943,1562,37,1696,4093,4651,3200,1214,33,2283,3046,1682,743,348
2021,1,A,골목상권,2110918,방배역 3번,10816,7193,3623,65,2219,3056,2465,1686,1325,48,1253,2103,1744,1060,985,17,966,953,721,626,340
2021,1,A,골목상권,2110917,서초소방서,12422,9657,2765,29,1384,3372,3553,3049,1035,18,855,2598,2947,2472,767,11,529,774,606,577,268
2021,1,A,골목상권,2110916,내방역 4번,11774,7659,4115,75,2322,3382,2734,1833,1428,62,1295,2295,1844,1148,1015,13,1027,1087,890,685,413
2021,1,A,골목상권,2110915,서래초등학교,94789,82594,12195,60,11017,20797,25059,34620,3236,23,7412,16877,22213,33205,2864,37,3605,3920,2846,1415,372
2021,1,A,골목상권,2110914,내방역 6번,7659,4955,2704,25,1383,2047,1723,1397,1084,13,683,1314,1154,948,843,12,700,733,569,449,241
2021,1,A,골목상권,2110913,방현초등학교(방배119안전센터),13661,7814,5847,27,2260,4039,3860,2228,1247,6,966,2297,2227,1448,870,21,1294,1742,1633,780,377
2021,1,A,골목상권,2110912,방배동사이길,15348,9117,6231,40,3489,4414,3802,2689,914,11,1112,2520,2641,2084,749,29,2377,1894,1161,605,165
2021,1,A,골목상권,2110911,방배배수지체육공원,9356,5053,4303,21,1411,2855,2730,1512,827,7,554,1540,1393,987,572,14,857,1315,1337,525,255
2021,1,A,골목상권,2110910,내방역 5번,8226,4933,3293,29,1467,1910,1854,1558,1408,18,612,1121,1123,986,1073,11,855,789,731,572,335
2021,1,A,골목상권,2110909,남태령역(서울전자고등학교),980,650,330,3,37,95,211,424,210,3,11,56,137,285,158,0,26,39,74,139,52
2021,1,A,골목상권,2110908,구반포역,10206,5558,4648,82,1769,2563,2691,2291,810,77,764,1411,1582,1201,523,5,1005,1152,1109,1090,287
2021,1,A,골목상권,2110907,방배초등학교,9463,5322,4141,34,1449,1969,2194,2016,1801,18,591,1121,1241,1097,1254,16,858,848,953,919,547
2021,1,A,골목상권,2110906,서문여고,12830,5897,6933,22,2398,3237,3851,2269,1053,7,757,1390,1825,1223,695,15,1641,1847,2026,1046,358
2021,1,A,골목상권,2110905,방배노인종합복지관(이수중학교),7088,3248,3840,14,1430,1975,1825,1194,650,2,492,840,856,644,414,12,938,1135,969,550,236
2021,1,A,골목상권,2110904,이수역 5번,8769,3652,5117,28,1705,2258,2104,1550,1124,11,568,901,855,658,659,17,1137,1357,1249,892,465
2021,1,A,골목상권,2110903,방배아이파크아파트,17572,8950,8622,21,2787,4332,4867,3195,2370,8,911,1898,2409,1828,1896,13,1876,2434,2458,1367,474
2021,1,A,골목상권,2110902,사당역 4번,5046,3244,1802,7,832,1231,1323,951,702,5,434,787,876,621,521,2,398,444,447,330,181
2021,1,A,골목상권,2110901,인헌고등학교(인헌중학교),2102,1093,1009,7,323,545,600,405,222,4,150,278,296,187,178,3,173,267,304,218,44
2021,1,A,골목상권,2110900,낙성대역 1번(관악구민 종합체육센터),5205,3133,2072,15,1042,1513,1190,800,645,7,483,957,724,463,499,8,559,556,466,337,146
2021,1,A,골목상권,2110899,낙성대역 5번(관악중학교),4750,3171,1579,19,928,1383,1072,761,587,11,469,968,738,513,472,8,459,415,334,248,115
2021,1,A,골목상권,2110898,청림동주민센터(상도중학교),3450,1948,1502,3,505,1104,1104,537,197,2,228,621,634,318,145,1,277,483,470,219,52
2021,1,A,골목상권,2110897,서울대입구역 8번,3920,2161,1759,18,646,860,915,882,599,10,268,453,509,503,418,8,378,407,406,379,181
2021,1,A,골목상권,2110896,관악우성아파트,799,291,508,4,114,127,193,218,143,3,40,45,67,80,56,1,74,82,126,138,87
2021,1,A,골목상권,2110895,샤로수길,10222,6144,4078,27,1727,3006,2245,2098,1119,14,783,1749,1342,1397,859,13,944,1257,903,701,260
2021,1,A,골목상권,2110894,관악동부센트레빌아파트(은천로35라길),7336,2753,4583,54,1023,1249,1644,2245,1121,30,476,663,753,603,228,24,547,586,891,1642,893
2021,1,A,골목상권,2110893,관악소방서(문영여고),1875,1446,429,2,350,573,417,435,98,1,241,446,313,364,81,1,109,127,104,71,17
2021,1,A,골목상권,2110892,관악구 중앙길,4838,2402,2436,12,705,953,1155,1126,887,7,243,435,562,631,524,5,462,518,593,495,363
2021,1,A,골목상권,2110891,구암초등학교,1510,676,834,1,244,400,465,274,126,0,74,176,222,137,67,1,170,224,243,137,59
2021,1,A,골목상권,2110890,봉천역 1번(관악초등학교),2594,1111,1483,7,502,694,561,417,413,3,119,262,264,217,246,4,383,432,297,200,167
2021,1,A,골목상권,2110889,봉천역 6번,2545,1344,1201,2,320,470,540,632,581,1,129,231,296,373,314,1,191,239,244,259,267
2021,1,A,골목상권,2110888,청룡동주민센터,2099,907,1192,4,408,600,515,327,245,0,86,215,246,182,178,4,322,385,269,145,67
2021,1,A,골목상권,2110887,서울산업정보학교(서울삼성초등학교),1523,976,547,3,160,328,383,455,194,1,58,159,255,349,154,2,102,169,128,106,40
2021,1,A,골목상권,2110886,관악해태어린이공원,1665,1062,603,3,148,265,453,511,285,1,57,128,278,370,228,2,91,137,175,141,57
2021,1,A,골목상권,2110885,영락고등학교,1893,1032,861,8,261,357,479,409,379,2,125,180,245,234,246,6,136,177,234,175,133
2021,1,A,골목상권,2110884,봉천역 4번(봉천110안전센터),4024,1687,2337,16,619,799,866,1104,620,3,163,358,395,397,371,13,456,441,471,707,249
2021,1,A,골목상권,2110883,은천초등학교(은천교앞),3528,1525,2003,18,494,684,812,1011,509,3,133,308,387,360,334,15,361,376,425,651,175
2021,1,A,골목상권,2110882,신성초등학교,3420,2456,964,10,526,699,935,786,464,2,341,512,686,592,323,8,185,187,249,194,141
2021,1,A,골목상권,2110881,구립대학경로당(관악산샘말공원),3797,2632,1165,10,521,941,1074,882,369,3,294,607,786,658,284,7,227,334,288,224,85
2021,1,A,골목상권,2110880,신림역 1번,2278,911,1367,4,518,556,461,452,287,1,128,213,230,166,173,3,390,343,231,286,114
2021,1,A,골목상권,2110879,신림현대아파트,1503,793,710,7,249,266,356,320,305,1,112,137,184,178,181,6,137,129,172,142,124
2021,1,A,골목상권,2110878,미림여고,760,404,356,6,82,201,203,172,96,1,25,95,123,91,69,5,57,106,80,81,27
2021,1,A,골목상권,2110877,신림역 8번,3894,1878,2016,7,700,826,840,835,686,3,217,354,438,393,473,4,483,472,402,442,213
2021,1,A,골목상권,2110876,서원동주민센터(신관중학교),2115,996,1119,9,238,350,386,523,609,1,98,176,204,211,306,8,140,174,182,312,303
2021,1,A,골목상권,2110875,보라매동주민센터(당곡고등학교),1363,723,640,3,157,282,311,338,272,1,67,137,153,175,190,2,90,145,158,163,82
2021,1,A,골목상권,2110874,원신초등학교(구세군관악영문교회),1118,557,561,8,124,254,308,281,143,2,31,106,166,149,103,6,93,148,142,132,40
2021,1,A,골목상권,2110873,당곡중학교,3337,1850,1487,9,500,680,793,702,653,5,233,361,440,359,452,4,267,319,353,343,201
2021,1,A,골목상권,2110872,신림초등학교,930,502,428,5,122,218,227,219,139,3,61,122,131,115,70,2,61,96,96,104,69
2021,1,A,골목상권,2110871,신원동주민센터,1612,855,757,5,156,282,321,377,471,0,73,153,184,186,259,5,83,129,137,191,212
2021,1,A,골목상권,2110870,신림주공2단지(광신고등학교),1141,670,471,2,115,187,305,328,204,0,57,100,158,196,159,2,58,87,147,132,45
2021,1,A,골목상권,2110869,"신림역 5번(신림동주민센터, 신림동별빛거리)",4076,2363,1713,5,448,899,1044,811,869,3,183,488,584,482,623,2,265,411,460,329,246
2021,1,A,골목상권,2110868,남부초등학교,2177,1250,927,6,230,384,451,528,578,2,123,247,247,289,342,4,107,137,204,239,236
2021,1,A,골목상권,2110867,국제신학대학원대학교(남서울중학교),2153,1276,877,6,202,394,446,534,571,1,116,254,260,305,340,5,86,140,186,229,231
2021,1,A,골목상권,2110866,난우중학교,1349,680,669,0,156,268,351,372,202,0,54,119,161,198,148,0,102,149,190,174,54
2021,1,A,골목상권,2110865,남강고등학교(남강중학교),1484,757,727,10,165,277,355,427,250,7,75,151,179,198,147,3,90,126,176,229,103
2021,1,A,골목상권,2110864,신림우방아파트,3375,2463,912,2,520,914,1049,663,227,2,254,676,843,528,160,0,266,238,206,135,67
2021,1,A,골목상권,2110863,난우초등학교,1442,710,732,21,172,297,310,390,252,16,69,135,139,194,157,5,103,162,171,196,95
2021,1,A,골목상권,2110862,난곡초등학교(난곡동벽화마을),1010,522,488,6,119,185,246,257,197,4,51,89,116,122,140,2,68,96,130,135,57
2021,1,A,골목상권,2110861,관악구신사동주민센터,5342,3589,1753,7,791,1451,1510,1080,503,5,372,999,1127,747,339,2,419,452,383,333,164
2021,1,A,골목상권,2110860,호림박물관(성보고등학교),2271,1322,949,6,331,597,540,529,268,2,143,327,328,314,208,4,188,270,212,215,60
2021,1,A,골목상권,2110859,난향초등학교,670,335,335,1,62,132,182,148,145,0,6,55,76,79,119,1,56,77,106,69,26
2021,1,A,골목상권,2110858,신대방역 1번,2937,2211,726,0,458,834,956,538,151,0,224,640,808,434,105,0,234,194,148,104,46
2021,1,A,골목상권,2110857,미성동주민센터,1420,669,751,18,192,290,315,355,250,13,86,141,143,141,145,5,106,149,172,214,105
2021,1,A,골목상권,2110856,미성초등학교,5509,3786,1723,18,482,944,1029,1026,2010,13,244,557,635,596,1741,5,238,387,394,430,269
2021,1,A,골목상권,2110855,신대방역 2번,7238,5206,2032,7,1079,1599,1673,1188,1692,3,461,1082,1234,877,1549,4,618,517,439,311,143
2021,1,A,골목상권,2110854,조원동주민센터,4035,2937,1098,4,549,688,667,631,1496,2,252,444,407,434,1398,2,297,244,260,197,98
2021,1,A,골목상권,2110853,KT구로지사,3290,1991,1299,8,459,914,780,685,444,0,205,548,483,423,332,8,254,366,297,262,112
2021,1,A,골목상권,2110852,이수역 9번,3811,1920,1891,8,745,927,993,751,387,1,218,418,515,476,292,7,527,509,478,275,95
2021,1,A,골목상권,2110851,경문고등학교(동작동성당),4456,2067,2389,17,740,1150,1184,943,422,8,269,580,679,373,158,9,471,570,505,570,264
2021,1,A,골목상권,2110850,사당역 10번,10320,5639,4681,18,1880,2576,2671,1839,1336,7,705,1317,1483,1154,973,11,1175,1259,1188,685,363
2021,1,A,골목상권,2110849,이수역 10번,3768,1745,2023,10,433,701,854,817,953,3,153,309,390,345,545,7,280,392,464,472,408
2021,1,A,골목상권,2110848,양지어린이공원,3256,1724,1532,6,441,566,741,634,868,2,119,275,356,341,631,4,322,291,385,293,237
2021,1,A,골목상권,2110847,예술인마을,2530,1528,1002,4,338,589,673,515,411,3,154,331,385,307,348,1,184,258,288,208,63
2021,1,A,골목상권,2110846,남성역 1번,3630,1865,1765,7,330,623,941,836,893,4,126,281,402,423,629,3,204,342,539,413,264
2021,1,A,골목상권,2110845,사당종합체육관,2397,1431,966,1,354,627,650,552,213,0,148,356,441,330,156,1,206,271,209,222,57
2021,1,A,골목상권,2110844,흑석2치안센터,241,126,115,1,35,73,58,42,32,1,19,32,33,17,24,0,16,41,25,25,8
2021,1,A,골목상권,2110843,사당5동주민센터,1194,583,611,1,98,212,342,336,205,0,37,73,143,177,153,1,61,139,199,159,52
2021,1,A,골목상권,2110842,흑리단길,556,270,286,1,66,101,146,139,103,0,20,42,66,74,68,1,46,59,80,65,35
2021,1,A,골목상권,2110841,중대부중,674,354,320,1,103,154,161,163,92,0,51,94,81,73,55,1,52,60,80,90,37
2021,1,A,골목상권,2110840,중앙대학교,882,502,380,1,124,191,228,200,138,0,56,112,135,111,88,1,68,79,93,89,50
2021,1,A,골목상권,2110839,숭실대입구역 4번,3697,2231,1466,2,394,1053,1227,711,310,1,181,582,728,474,265,1,213,471,499,237,45
2021,1,A,골목상권,2110838,상도1동주민센터앞,1392,870,522,1,93,249,390,421,238,0,42,120,242,271,195,1,51,129,148,150,43
2021,1,A,골목상권,2110837,숭실대입구역 1번,8221,3493,4728,54,1030,1379,1902,2545,1311,29,523,747,944,810,440,25,507,632,958,1735,871
2021,1,A,골목상권,2110836,상도역 5번,5025,2807,2218,14,875,1350,1197,1030,559,3,367,761,710,615,351,11,508,589,487,415,208
2021,1,A,골목상권,2110835,상도역 1번,2038,1023,1015,7,367,582,498,390,194,2,128,317,279,178,119,5,239,265,219,212,75
2021,1,A,골목상권,2110834,동작구자원봉사센터,3162,1812,1350,14,353,723,846,740,486,11,174,415,515,413,284,3,179,308,331,327,202
2021,1,A,골목상권,2110833,상도역 2번,1715,864,851,7,261,455,433,361,198,2,97,247,248,166,104,5,164,208,185,195,94
2021,1,A,골목상권,2110832,노량진초등학교,5002,2714,2288,10,799,1411,1191,1071,520,2,412,703,650,640,307,8,387,708,541,431,213
2021,1,A,골목상권,2110831,상도4동주민센터,2239,1368,871,3,307,506,509,590,324,2,153,295,324,435,159,1,154,211,185,155,165
2021,1,A,골목상권,2110830,상도초등학교,1330,625,705,0,226,298,336,312,158,0,96,129,138,163,99,0,130,169,198,149,59
2021,1,A,골목상권,2110829,장승배기역 5번,2349,1304,1045,2,395,511,541,549,351,1,260,279,263,290,211,1,135,232,278,259,140
2021,1,A,골목상권,2110828,노량진역 6번,8869,5087,3782,23,1227,2717,2373,1773,756,5,584,1515,1420,1093,470,18,643,1202,953,680,286
2021,1,A,골목상권,2110827,NH농협은행 상도동지점,1462,630,832,2,132,273,365,370,320,1,43,127,154,151,154,1,89,146,211,219,166
2021,1,A,골목상권,2110826,장승배기역 4번,2029,905,1124,3,266,455,516,421,368,1,108,218,207,182,189,2,158,237,309,239,179
2021,1,A,골목상권,2110825,신대방삼거리역 1번,2536,1465,1071,4,276,526,686,635,409,2,138,298,391,351,285,2,138,228,295,284,124
2021,1,A,골목상권,2110824,대방역 3번,3761,1903,1858,11,679,1005,971,680,415,4,247,541,503,341,267,7,432,464,468,339,148
2021,1,A,골목상권,2110823,신대방삼거리역 3번,19702,12375,7327,54,3771,3849,3316,4703,4009,29,2894,3042,2093,2221,2096,25,877,807,1223,2482,1913
2021,1,A,골목상권,2110822,신대방삼거리역 4번(대림초등학교),21761,14425,7336,49,4293,4465,3481,5406,4067,25,3222,3610,2369,3027,2172,24,1071,855,1112,2379,1895
2021,1,A,골목상권,2110821,보라매역 2번,20232,12822,7410,53,3814,3970,3335,4772,4288,28,2871,3169,2141,2333,2280,25,943,801,1194,2439,2008
2021,1,A,골목상권,2110820,성남고등학교,5261,3799,1462,6,897,1096,1024,1672,566,4,555,782,724,1306,428,2,342,314,300,366,138
2021,1,A,골목상권,2110819,신대방역 4번,8413,4800,3613,22,1758,2323,2095,1432,783,15,703,1397,1279,875,531,7,1055,926,816,557,252
2021,1,A,골목상권,2110818,신대방역 3번,3077,1741,1336,5,647,827,709,528,361,3,245,488,428,333,244,2,402,339,281,195,117
2021,1,A,골목상권,2110817,대방역 4번,4185,2172,2013,10,770,1046,1050,736,573,4,304,573,566,365,360,6,466,473,484,371,213
2021,1,A,골목상권,2110816,대방역 6번,3962,2050,1912,10,759,1006,1000,663,524,4,298,549,535,333,331,6,461,457,465,330,193
2021,1,A,골목상권,2110815,공군호텔,4714,2349,2365,7,784,1077,1138,980,728,1,277,561,601,456,453,6,507,516,537,524,275
2021,1,A,골목상권,2110814,서울지방병무청,7603,4784,2819,9,1346,1680,1544,2153,871,3,693,1084,953,1469,582,6,653,596,591,684,289
2021,1,A,골목상권,2110813,보라매역 6번,6876,4830,2046,11,1220,1596,1384,1792,873,6,699,1147,989,1373,616,5,521,449,395,419,257
2021,1,A,골목상권,2110812,신길6동주민센터,4624,2863,1761,10,727,1148,1135,989,615,4,315,738,735,653,418,6,412,410,400,336,197
2021,1,A,골목상권,2110811,보라매역 4번,2766,1733,1033,6,446,755,710,512,337,4,184,499,472,333,241,2,262,256,238,179,96
2021,1,A,골목상권,2110810,영신초등학교,3517,1894,1623,3,458,736,791,799,730,0,206,397,450,391,450,3,252,339,341,408,280
2021,1,A,골목상권,2110809,장훈고등학교,1606,910,696,1,204,371,337,337,356,0,98,181,189,193,249,1,106,190,148,144,107
2021,1,A,골목상권,2110808,신길역 1번,1592,740,852,5,182,313,417,413,262,2,80,156,192,166,144,3,102,157,225,247,118
2021,1,A,골목상권,2110807,신길역 3번,1638,807,831,11,174,333,401,411,308,8,82,179,196,176,166,3,92,154,205,235,142
2021,1,A,골목상권,2110806,서울시립영등포장애인복지관,2387,1673,714,16,364,520,569,547,371,8,193,343,417,410,302,8,171,177,152,137,69
2021,1,A,골목상권,2110805,신길새마을금고신길4동지점,1216,700,516,1,199,271,315,295,135,0,101,161,180,161,97,1,98,110,135,134,38
2021,1,A,골목상권,2110804,신풍역 1번,2372,1166,1206,3,272,549,698,504,346,2,123,257,287,245,252,1,149,292,411,259,94
2021,1,A,골목상권,2110803,신길2동우편취급국,2509,1438,1071,6,234,521,553,547,648,3,108,251,286,304,486,3,126,270,267,243,162
2021,1,A,골목상권,2110802,신길동홍어거리,1971,1091,880,2,192,411,401,426,539,0,72,183,199,241,396,2,120,228,202,185,143
2021,1,A,골목상권,2110801,신풍역 6번(신길6동공영주차장),301,115,186,1,34,45,73,79,69,0,1,15,27,34,38,1,33,30,46,45,31
2021,1,A,골목상권,2110800,영등포동성당,5362,2916,2446,19,1329,1256,1139,983,636,8,431,652,702,637,486,11,898,604,437,346,150
2021,1,A,골목상권,2110799,영등포본동주민센터,3983,2135,1848,33,649,947,932,981,441,14,258,423,511,605,324,19,391,524,421,376,117
2021,1,A,골목상권,2110798,신풍역 2번,2122,1241,881,11,207,502,639,459,304,7,108,296,321,278,231,4,99,206,318,181,73
2021,1,A,골목상권,2110797,KT대방빌딩,3144,1496,1648,9,820,808,770,523,214,6,240,402,374,312,162,3,580,406,396,211,52
2021,1,A,골목상권,2110796,한림대학교한강성심병원,5632,3268,2364,8,1305,1322,1284,1015,698,0,411,703,861,726,567,8,894,619,423,289,131
2021,1,A,골목상권,2110795,도림초등학교,1828,1023,805,5,184,344,440,434,421,3,71,175,248,241,285,2,113,169,192,193,136
2021,1,A,골목상권,2110794,영동초등학교,8718,5133,3585,8,1743,2212,2176,1709,870,4,679,1371,1441,1029,609,4,1064,841,735,680,261
2021,1,A,골목상권,2110793,대림썬프라자,2818,1319,1499,8,768,694,688,474,186,5,217,345,325,283,144,3,551,349,363,191,42
2021,1,A,골목상권,2110792,영등포역 2번,5923,3190,2733,47,860,1497,1434,1376,709,16,347,682,787,863,495,31,513,815,647,513,214
2021,1,A,골목상권,2110791,신풍역 3번,1383,586,797,2,125,278,433,323,222,1,61,103,121,135,165,1,64,175,312,188,57
2021,1,A,골목상권,2110790,대림1동주민센터,2429,1435,994,10,228,503,715,574,399,6,126,305,368,341,289,4,102,198,347,233,110
2021,1,A,골목상권,2110789,대림성모병원,4450,2148,2302,2,1231,1263,925,658,371,2,390,671,514,343,228,0,841,592,411,315,143
2021,1,A,골목상권,2110788,영등포시장역 3번,1667,1051,616,4,180,309,409,385,380,2,99,204,272,245,229,2,81,105,137,140,151
2021,1,A,골목상권,2110787,신길3동주민센터,1222,699,523,4,115,241,343,317,202,4,48,124,193,184,146,0,67,117,150,133,56
2021,1,A,골목상권,2110786,당산역 8번,7825,5499,2326,20,1077,1908,2064,1786,970,6,520,1259,1536,1421,757,14,557,649,528,365,213
2021,1,A,골목상권,2110785,영등포푸르지오아파트,2451,1619,832,9,260,554,675,578,375,6,121,360,452,397,283,3,139,194,223,181,92
2021,1,A,골목상권,2110784,신대림초등학교,1107,505,602,0,169,239,283,265,151,0,37,90,140,139,99,0,132,149,143,126,52
2021,1,A,골목상권,2110783,영등포시장역 1번,4972,3155,1817,7,670,1173,1173,1290,659,4,428,837,769,737,380,3,242,336,404,553,279
2021,1,A,골목상권,2110782,영등포시장역 4번,2465,1324,1141,11,360,533,568,540,453,3,132,283,346,306,254,8,228,250,222,234,199
2021,1,A,골목상권,2110781,대림한신아파트,2334,1304,1030,3,330,410,531,592,468,0,115,225,289,336,339,3,215,185,242,256,129
2021,1,A,골목상권,2110780,신길대성유니드아파트,1455,969,486,1,140,290,376,383,265,1,90,176,235,250,217,0,50,114,141,133,48
2021,1,A,골목상권,2110779,대림갑을명가아파트,1069,666,403,1,100,175,270,315,208,0,50,111,168,188,149,1,50,64,102,127,59
2021,1,A,골목상권,2110778,구로디지털단지역 4번,17970,10395,7575,62,3849,6187,4533,2071,1268,25,1650,3691,2861,1304,864,37,2199,2496,1672,767,404
2021,1,A,골목상권,2110777,구로세무서,8769,5040,3729,42,1718,2576,2320,1425,688,12,658,1412,1465,941,552,30,1060,1164,855,484,136
2021,1,A,골목상권,2110776,도신초등학교,4733,3293,1440,15,581,1138,1372,1021,606,5,303,810,1017,693,465,10,278,328,355,328,141
2021,1,A,골목상권,2110775,대동초등학교,2459,1332,1127,3,269,325,473,553,836,2,89,164,242,302,533,1,180,161,231,251,303
2021,1,A,골목상권,2110774,당산반도유보라팰리스아파트,8457,4962,3495,26,1814,2431,1605,1556,1025,16,821,1362,1009,1027,727,10,993,1069,596,529,298
2021,1,A,골목상권,2110773,당산역 13번,2905,1950,955,5,412,582,610,614,682,2,235,382,388,415,528,3,177,200,222,199,154
2021,1,A,골목상권,2110772,신우어린이공원,2997,2132,865,12,429,826,887,541,302,4,220,608,699,381,220,8,209,218,188,160,82
2021,1,A,골목상권,2110771,대림역 11번,2948,1669,1279,6,319,411,591,693,928,2,109,223,321,410,604,4,210,188,270,283,324
2021,1,A,골목상권,2110770,영등포구청역 6번,4260,2620,1640,11,498,892,1114,882,863,8,216,483,672,580,661,3,282,409,442,302,202
2021,1,A,골목상권,2110769,대림차이나타운(대림역 12번),2722,1534,1188,6,326,457,574,598,761,4,134,255,332,345,464,2,192,202,242,253,297
2021,1,A,골목상권,2110768,도림2동유수지내체육시설,2354,1370,984,12,303,517,598,503,421,8,98,264,326,358,316,4,205,253,272,145,105
2021,1,A,골목상권,2110767,도림동주민센터,3182,1885,1297,15,390,687,802,650,638,9,145,362,448,425,496,6,245,325,354,225,142
2021,1,A,골목상권,2110766,대림역 5번,11181,7292,3889,23,1207,2226,2566,2591,2568,10,630,1648,1904,1582,1518,13,577,578,662,1009,1050
2021,1,A,골목상권,2110765,문래동사거리,7830,4633,3197,26,1429,2100,2107,1368,800,12,580,1203,1318,865,655,14,849,897,789,503,145
2021,1,A,골목상권,2110764,문래역 3번,4607,2577,2030,6,1067,1049,1088,744,653,3,348,575,673,486,492,3,719,474,415,258,161
2021,1,A,골목상권,2110763,영등포구청역 2번,8695,4343,4352,23,1697,2301,1702,1681,1291,12,718,1211,954,756,692,11,979,1090,748,925,599
2021,1,A,골목상권,2110762,선유도역 1번,13668,7921,5747,38,2474,3715,3705,2298,1438,14,1069,2259,2141,1374,1064,24,1405,1456,1564,924,374
2021,1,A,골목상권,2110761,문래동남성맨션,2530,1610,920,7,264,524,672,539,524,2,128,308,394,353,425,5,136,216,278,186,99
2021,1,A,골목상권,2110760,선유도역 6번,12817,7184,5633,36,2497,3665,3582,1995,1042,13,1072,2185,2010,1151,753,23,1425,1480,1572,844,289
2021,1,A,골목상권,2110759,문래예술촌(문래창작촌),66557,51492,15065,62,8833,22832,21900,9809,3121,32,5445,17498,18835,7910,1772,30,3388,5334,3065,1899,1349
2021,1,A,골목상권,2110758,문래소공원,15574,8153,7421,106,3451,3930,3390,3353,1344,31,1573,2867,1720,962,1000,75,1878,1063,1670,2391,344
2021,1,A,골목상권,2110757,양평역 2번,5127,3795,1332,16,638,1290,1232,1011,940,8,379,981,930,735,762,8,259,309,302,276,178
2021,1,A,골목상권,2110756,문래중학교,2728,1912,816,3,291,594,707,629,504,0,153,434,496,443,386,3,138,160,211,186,118
2021,1,A,골목상권,2110755,동일여자고등학교,2135,1066,1069,22,282,514,513,476,328,16,133,279,259,198,181,6,149,235,254,278,147
2021,1,A,골목상권,2110754,삼성산자연공원(서울금천초등학교),2472,1302,1170,24,320,567,623,566,372,17,150,318,341,253,223,7,170,249,282,313,149
2021,1,A,골목상권,2110753,시흥동 은행나무사거리,2070,1119,951,8,216,426,499,538,383,7,110,244,247,282,229,1,106,182,252,256,154
2021,1,A,골목상권,2110752,한울중학교,2508,1442,1066,13,371,511,631,654,328,10,227,286,332,344,243,3,144,225,299,310,85
2021,1,A,골목상권,2110751,난곡중학교,5213,3717,1496,5,380,874,998,1011,1945,4,227,511,612,622,1741,1,153,363,386,389,204
2021,1,A,골목상권,2110750,시흥4동주민센터(서울신흥초등학교),1282,735,547,10,177,238,364,328,165,8,95,148,212,156,116,2,82,90,152,172,49
2021,1,A,골목상권,2110749,금산초등학교(금천고등학교),7948,4687,3261,13,583,1162,1851,2068,2271,4,304,743,1058,1128,1450,9,279,419,793,940,821
2021,1,A,골목상권,2110748,백산초등학교,1856,1127,729,1,232,353,454,484,332,1,140,225,265,265,231,0,92,128,189,219,101
2021,1,A,골목상권,2110747,석수역 1번 출입구,1141,853,288,4,75,146,253,309,354,4,50,104,169,220,306,0,25,42,84,89,48
2021,1,A,골목상권,2110746,금천금빛공원(은행나무사거리서측),1310,613,697,2,128,213,354,362,251,1,50,94,162,172,134,1,78,119,192,190,117
2021,1,A,골목상권,2110745,독산동정훈단지,1707,938,769,1,199,309,343,477,378,0,110,127,144,259,298,1,89,182,199,218,80
2021,1,A,골목상권,2110744,독산동성당,2416,1405,1011,3,254,397,504,647,611,2,147,225,267,354,410,1,107,172,237,293,201
2021,1,A,골목상권,2110743,시흥초등학교(시흥1동우체국),2406,1098,1308,8,357,447,616,620,358,6,148,209,284,249,202,2,209,238,332,371,156
2021,1,A,골목상권,2110742,KT금천빌딩(금천구시설관리공단),6015,3720,2295,11,452,843,1212,1435,2062,3,293,570,765,848,1241,8,159,273,447,587,821
2021,1,A,골목상권,2110741,독산2동주민센터,2240,1186,1054,4,289,450,522,614,361,2,144,230,254,308,248,2,145,220,268,306,113
2021,1,A,골목상권,2110740,금천해태공원,3416,1807,1609,19,676,847,769,717,388,14,314,474,387,335,283,5,362,373,382,382,105
2021,1,A,골목상권,2110739,시흥3동 우편취급국,6352,3608,2744,12,450,863,1467,1666,1894,3,234,571,836,841,1123,9,216,292,631,825,771
2021,1,A,골목상권,2110738,문성초등학교,2977,1790,1187,13,415,599,717,708,525,4,242,374,447,400,323,9,173,225,270,308,202
2021,1,A,골목상권,2110737,금천세무서,2285,1396,889,11,291,455,570,573,385,2,149,254,326,364,301,9,142,201,244,209,84
2021,1,A,골목상권,2110736,독산119안전센터,3398,2048,1350,7,368,585,749,938,751,2,210,356,449,533,498,5,158,229,300,405,253
2021,1,A,골목상권,2110735,말미고개,3342,1951,1391,9,413,671,745,902,602,5,210,391,419,491,435,4,203,280,326,411,167
2021,1,A,골목상권,2110734,금천파출소,2086,924,1162,8,492,580,438,382,186,3,209,294,191,141,86,5,283,286,247,241,100
2021,1,A,골목상권,2110733,금천어울림복지센터,3444,1825,1619,7,384,863,854,918,418,7,139,357,436,581,305,0,245,506,418,337,113
2021,1,A,골목상권,2110732,가산초등학교(세일중학교),3569,2253,1316,15,480,731,846,865,632,5,267,437,485,565,494,10,213,294,361,300,138
2021,1,A,골목상권,2110731,금천구청역 1번 출입구,4713,2376,2337,15,717,1254,1089,1102,536,10,295,567,515,637,352,5,422,687,574,465,184
2021,1,A,골목상권,2110730,서울축산농협 독산역지점(독산파출소),8706,5284,3422,16,575,977,1154,1734,4250,13,301,608,665,989,2708,3,274,369,489,745,1542
2021,1,A,골목상권,2110729,가산동우체국,7733,4618,3115,35,1115,1778,1866,1386,1553,23,591,1099,1184,849,872,12,524,679,682,537,681
2021,1,A,골목상권,2110728,두산초등학교,18360,12147,6213,48,2128,4025,3814,3397,4948,34,1169,2673,2717,2302,3252,14,959,1352,1097,1095,1696
2021,1,A,골목상권,2110727,독산역 1번 출입구,17476,11439,6037,47,2095,3867,3580,3098,4789,35,1158,2571,2539,2068,3068,12,937,1296,1041,1030,1721
2021,1,A,골목상권,2110726,금천철쭉어린이공원(금하마을),1309,861,448,13,192,244,273,324,263,11,121,165,185,179,200,2,71,79,88,145,63
2021,1,A,골목상권,2110725,가산동주민센터,17959,10649,7310,54,3657,5220,4231,2774,2023,36,1832,3225,2688,1581,1287,18,1825,1995,1543,1193,736
2021,1,A,골목상권,2110724,금천구립가산도서관,16529,10406,6123,48,2688,4775,4093,3007,1918,31,1461,3038,2801,1938,1137,17,1227,1737,1292,1069,781
2021,1,A,골목상권,2110723,가산디지털단지역 1번 출입구,30711,20313,10398,125,6526,9665,7684,4343,2368,83,3343,6435,5555,3044,1853,42,3183,3230,2129,1299,515
2021,1,A,골목상권,2110722,G타워,30854,19064,11790,91,6081,10458,8099,3836,2289,44,2876,6665,5338,2458,1683,47,3205,3793,2761,1378,606
2021,1,A,골목상권,2110721,가리봉파출소,16201,10773,5428,61,3049,5067,4125,2440,1459,38,1654,3498,2950,1549,1084,23,1395,1569,1175,891,375
2021,1,A,골목상권,2110720,대림역 2번,3054,2008,1046,3,284,548,746,896,577,2,135,315,486,651,419,1,149,233,260,245,158
2021,1,A,골목상권,2110719,영서중학교,16106,11484,4622,81,3373,5212,3875,2184,1381,58,1839,3643,3031,1716,1197,23,1534,1569,844,468,184
2021,1,A,골목상권,2110718,한국SGI본부,11273,7495,3778,38,1568,2695,2863,2448,1661,30,912,1907,2037,1549,1060,8,656,788,826,899,601
2021,1,A,골목상권,2110717,남구로역 2번,32359,21997,10362,139,6433,10200,7892,4583,3112,93,3413,6993,5797,3191,2510,46,3020,3207,2095,1392,602
2021,1,A,골목상권,2110716,구로나눔길,5187,2873,2314,7,627,1401,1218,1332,602,3,283,752,655,825,355,4,344,649,563,507,247
2021,1,A,골목상권,2110715,구로구민회관,9631,5743,3888,10,1097,2247,2356,2343,1578,7,543,1415,1484,1362,932,3,554,832,872,981,646
2021,1,A,골목상권,2110714,구로4동주민센터,6726,4005,2721,16,736,1595,1535,1881,963,10,334,852,897,1259,653,6,402,743,638,622,310
2021,1,A,골목상권,2110713,구로보건소,8744,5422,3322,19,1294,2210,2371,1815,1035,12,670,1411,1510,1110,709,7,624,799,861,705,326
2021,1,A,골목상권,2110712,남구로역 5번,1744,993,751,8,222,353,399,367,395,5,113,205,206,195,269,3,109,148,193,172,126
2021,1,A,골목상권,2110711,구로초등학교,6650,3489,3161,18,1043,1686,1509,1570,824,6,423,836,776,935,513,12,620,850,733,635,311
2021,1,A,골목상권,2110710,남구로역 3번,23954,15662,8292,83,4830,7403,5886,3524,2228,55,2475,4912,4114,2389,1717,28,2355,2491,1772,1135,511
2021,1,A,골목상권,2110709,구로119안전센터,1617,786,831,4,193,275,354,466,325,2,81,147,192,183,181,2,112,128,162,283,144
2021,1,A,골목상권,2110708,화원어린이공원,2555,1302,1253,12,557,671,568,393,354,4,188,310,307,231,262,8,369,361,261,162,92
2021,1,A,골목상권,2110707,구로창업지원센터,7830,5732,2098,13,782,2138,2103,1720,1074,10,450,1587,1593,1259,833,3,332,551,510,461,241
2021,1,A,골목상권,2110706,그라운드 고척,3644,2363,1281,2,400,761,863,902,716,2,204,446,507,589,615,0,196,315,356,313,101
2021,1,A,골목상권,2110705,고산초등학교,3225,2124,1101,3,369,685,744,785,639,2,191,401,432,537,561,1,178,284,312,248,78
2021,1,A,골목상권,2110704,고척중학교,4524,2700,1824,4,515,986,1072,1090,857,3,263,536,545,647,706,1,252,450,527,443,151
2021,1,A,골목상권,2110703,개봉역,9690,5377,4313,42,1449,2320,2204,2355,1320,22,833,1480,1106,1120,816,20,616,840,1098,1235,504
2021,1,A,골목상권,2110702,개봉초등학교,1617,846,771,1,165,337,431,400,283,1,75,158,210,220,182,0,90,179,221,180,101
2021,1,A,골목상권,2110701,고척동성당,5140,3853,1287,8,508,1129,1442,1653,400,2,289,824,1107,1322,309,6,219,305,335,331,91
2021,1,A,골목상권,2110700,고척초등학교,6601,4680,1921,11,615,1436,1850,2027,662,8,337,1015,1342,1521,457,3,278,421,508,506,205
2021,1,A,골목상권,2110699,덕의초등학교,2600,1666,934,9,324,610,655,684,318,7,201,404,412,402,240,2,123,206,243,282,78
2021,1,A,골목상권,2110698,개웅초등학교(개웅중학교),2910,1311,1599,8,427,527,747,807,394,6,221,286,281,277,240,2,206,241,466,530,154
2021,1,A,골목상권,2110697,개봉3동주민센터,1428,921,507,1,203,343,360,295,226,1,94,230,241,189,166,0,109,113,119,106,60
2021,1,A,골목상권,2110696,오류동역 1번,4076,2551,1525,35,946,1200,792,628,475,18,525,831,467,354,356,17,421,369,325,274,119
2021,1,A,골목상권,2110695,개봉1동주민센터,2553,1495,1058,8,234,615,670,616,410,7,123,360,373,358,274,1,111,255,297,258,136
2021,1,A,골목상권,2110694,세곡초등학교,2298,1341,957,2,220,480,607,605,384,0,116,267,319,344,295,2,104,213,288,261,89
2021,1,A,골목상권,2110693,오류동역 4번,2869,1936,933,4,380,544,701,802,438,3,304,369,458,494,308,1,76,175,243,308,130
2021,1,A,골목상권,2110692,큰굴다리,3501,2336,1165,5,490,701,888,977,440,4,368,470,568,604,322,1,122,231,320,373,118
2021,1,A,골목상권,2110691,개봉중학교,2257,1344,913,6,255,488,536,603,369,1,144,293,301,330,275,5,111,195,235,273,94
2021,1,A,골목상권,2110690,오류2동버들시장,4817,3106,1711,4,590,1020,1245,1208,750,1,375,616,761,791,562,3,215,404,484,417,188
2021,1,A,골목상권,2110689,오류동역 3번,4967,3126,1841,15,602,944,1206,1425,775,8,423,612,737,822,524,7,179,332,469,603,251
2021,1,A,골목상권,2110688,오류지구대,2024,1180,844,6,171,361,499,605,382,5,78,189,275,344,289,1,93,172,224,261,93
2021,1,A,골목상권,2110687,"천왕역 3번(오류2동주민센터, 서울오류남초등학교)",981,590,391,3,93,218,282,256,129,1,38,109,165,171,106,2,55,109,117,85,23
2021,1,A,골목상권,2110686,수궁동주민센터,2464,1418,1046,9,230,424,607,718,476,7,102,232,349,412,316,2,128,192,258,306,160
2021,1,A,골목상권,2110685,금강수목원아파트,1251,894,357,2,77,226,345,363,238,1,41,140,228,277,207,1,36,86,117,86,31
2021,1,A,골목상권,2110684,서울공연예술고등학교,1390,797,593,5,149,304,373,389,170,2,71,177,213,231,103,3,78,127,160,158,67
2021,1,A,골목상권,2110683,오류고등학교,1310,758,552,5,143,298,351,350,163,2,69,173,204,211,99,3,74,125,147,139,64
2021,1,A,골목상권,2110682,온수역 8번,1099,772,327,1,51,177,251,337,282,1,28,91,144,242,266,0,23,86,107,95,16
2021,1,A,골목상권,2110681,온수역 1번,1119,839,280,1,41,153,236,373,315,1,21,91,147,294,285,0,20,62,89,79,30
2021,1,A,골목상권,2110680,온수역 5번(온수산업단지),1725,1445,280,18,178,273,326,494,436,18,140,217,249,416,405,0,38,56,77,78,31
2021,1,A,골목상권,2110679,염창역 2번,4141,2829,1312,6,438,939,1245,1003,510,4,219,585,882,757,382,2,219,354,363,246,128
2021,1,A,골목상권,2110678,염창무학아파트,2176,1462,714,4,268,527,551,487,339,3,117,349,371,348,274,1,151,178,180,139,65
2021,1,A,골목상권,2110677,등촌역 1번,7770,5001,2769,27,1180,1953,1864,1628,1118,19,526,1215,1243,1143,855,8,654,738,621,485,263
2021,1,A,골목상권,2110676,등촌역 7번,3083,1901,1182,14,465,677,769,692,466,7,196,414,463,448,373,7,269,263,306,244,93
2021,1,A,골목상권,2110675,화곡4동주민센터,3054,1392,1662,8,686,826,628,588,318,5,146,369,300,334,238,3,540,457,328,254,80
2021,1,A,골목상권,2110674,강서구청가양동별관,3250,2202,1048,13,534,769,882,693,359,8,370,541,605,447,231,5,164,228,277,246,128
2021,1,A,골목상권,2110673,뜸부기어린이공원,4546,2072,2474,4,892,1156,994,968,532,2,237,496,489,496,352,2,655,660,505,472,180
2021,1,A,골목상권,2110672,백석중학교,3508,1974,1534,2,408,673,852,913,660,1,179,335,522,544,393,1,229,338,330,369,267
2021,1,A,골목상권,2110671,등촌1동주민센터,14478,9017,5461,47,2628,3590,3369,2781,2063,27,1070,2281,2330,1868,1441,20,1558,1309,1039,913,622
2021,1,A,골목상권,2110670,신곡초등학교,2263,1214,1049,8,288,636,617,494,220,5,142,343,297,278,149,3,146,293,320,216,71
2021,1,A,골목상권,2110669,화곡보람2차아파트,4924,2907,2017,4,1178,1380,951,683,728,3,372,912,716,421,483,1,806,468,235,262,245
2021,1,A,골목상권,2110668,화곡2동주민센터,3376,1859,1517,11,462,856,918,735,394,8,213,465,475,424,274,3,249,391,443,311,120
2021,1,A,골목상권,2110667,가양역 10번,2692,1443,1249,14,455,539,644,615,425,3,213,291,370,318,248,11,242,248,274,297,177
2021,1,A,골목상권,2110666,KC대학교,4814,3125,1689,6,577,1404,1162,1205,460,3,293,836,712,876,405,3,284,568,450,329,55
2021,1,A,골목상권,2110665,곰달래도서관,3026,1676,1350,7,329,573,768,822,527,6,144,324,418,426,358,1,185,249,350,396,169
2021,1,A,골목상권,2110664,강서구청옆,5833,3456,2377,6,812,1721,1459,1348,487,4,363,992,861,906,330,2,449,729,598,442,157
2021,1,A,골목상권,2110663,우장산롯데캐슬아파트앞,11194,6470,4724,40,1626,2878,2757,2837,1056,12,751,1807,1727,1551,622,28,875,1071,1030,1286,434
2021,1,A,골목상권,2110662,까치산역 1번,4227,2462,1765,12,541,1010,1114,1000,550,9,263,585,586,634,385,3,278,425,528,366,165
2021,1,A,골목상권,2110661,강서새말어린이공원,5172,3080,2092,3,619,1428,1352,1332,438,1,266,767,797,928,321,2,353,661,555,404,117
2021,1,A,골목상권,2110660,등촌3동주민센터,11883,6282,5601,49,1613,2452,2671,2721,2377,18,736,1568,1579,1216,1165,31,877,884,1092,1505,1212
2021,1,A,골목상권,2110659,화곡역 4번,5367,2731,2636,20,801,1346,1458,1139,603,15,306,694,725,625,366,5,495,652,733,514,237
2021,1,A,골목상권,2110658,화곡초등학교,4197,2544,1653,2,869,872,820,854,780,0,284,497,482,613,668,2,585,375,338,241,112
2021,1,A,골목상권,2110657,양천향교역 5번,9781,5923,3858,24,1272,2402,2408,2189,1486,12,574,1336,1536,1311,1154,12,698,1066,872,878,332
2021,1,A,골목상권,2110656,까치산역 3번,3493,1986,1507,17,308,641,932,1073,522,15,157,392,539,568,315,2,151,249,393,505,207
2021,1,A,골목상권,2110655,발산역 5번,4383,2015,2368,5,446,729,861,918,1424,3,178,374,438,390,632,2,268,355,423,528,792
2021,1,A,골목상권,2110654,까치산역 4번,3795,2359,1436,18,343,671,982,1195,586,15,175,398,555,770,446,3,168,273,427,425,140
2021,1,A,골목상권,2110653,화곡역 2번,4351,2351,2000,5,944,910,870,876,746,2,268,477,473,554,577,3,676,433,397,322,169
2021,1,A,골목상권,2110652,양천향교역 2번,5710,3599,2111,14,619,1180,1278,1459,1160,8,317,748,781,891,854,6,302,432,497,568,306
2021,1,A,골목상권,2110651,화원중학교,3517,2196,1321,12,349,654,819,1010,673,8,180,416,488,671,433,4,169,238,331,339,240
2021,1,A,골목상권,2110650,우장산힐스테이트,2082,1180,902,4,212,365,470,571,460,3,113,222,268,291,283,1,99,143,202,280,177
2021,1,A,골목상권,2110649,우장산역 1번,2841,1561,1280,6,406,505,632,740,552,3,199,290,339,383,347,3,207,215,293,357,205
2021,1,A,골목상권,2110648,양천향교역 7번,4914,3190,1724,14,579,1057,1190,1108,966,10,283,660,797,661,779,4,296,397,393,447,187
2021,1,A,골목상권,2110647,화곡역 5번,3929,2063,1866,15,520,821,912,968,693,12,208,459,490,506,388,3,312,362,422,462,305
2021,1,A,골목상권,2110646,푸른들청소년도서관,7186,4303,2883,14,953,1663,1774,1762,1020,9,484,1051,1040,999,720,5,469,612,734,763,300
2021,1,A,골목상권,2110645,우장산역 4번,6461,3740,2721,11,778,1499,1702,1666,805,7,412,940,912,880,589,4,366,559,790,786,216
2021,1,A,골목상권,2110644,신광명마을,1529,957,572,8,107,211,408,465,330,5,46,108,229,298,271,3,61,103,179,167,59
2021,1,A,골목상권,2110643,강서구다솔마을,1476,921,555,1,151,323,422,380,199,0,75,205,270,236,135,1,76,118,152,144,64
2021,1,A,골목상권,2110642,정곡초등학교,920,727,193,4,48,120,202,265,281,3,32,78,138,222,254,1,16,42,64,43,27
2021,1,A,골목상권,2110641,공항고등학교,1775,1121,654,5,243,392,434,432,269,4,138,252,239,274,214,1,105,140,195,158,55
2021,1,A,골목상권,2110640,방화역 1번,4701,2998,1703,7,463,1055,1196,1214,766,5,234,553,729,849,628,2,229,502,467,365,138
2021,1,A,골목상권,2110639,신방화역 8번,3267,1552,1715,7,254,358,567,1049,1032,4,117,219,327,397,488,3,137,139,240,652,544
2021,1,A,골목상권,2110638,신방화역 2번,4189,2767,1422,12,450,721,1151,1168,687,9,229,441,775,780,533,3,221,280,376,388,154
2021,1,A,골목상권,2110637,송정역 2번,3090,1452,1638,8,222,392,558,896,1014,1,111,237,333,307,463,7,111,155,225,589,551
2021,1,A,골목상권,2110636,방화역 2번,4034,2575,1459,8,374,758,1201,1084,609,6,202,411,781,702,473,2,172,347,420,382,136
2021,1,A,골목상권,2110635,공항시장역 3번,4028,2022,2006,9,413,625,733,1111,1137,2,185,363,444,461,567,7,228,262,289,650,570
2021,1,A,골목상권,2110634,송정역 3번,2694,1672,1022,6,328,605,702,637,416,1,149,365,440,410,307,5,179,240,262,227,109
2021,1,A,골목상권,2110633,개화산역 1번,2304,1602,702,6,198,412,735,631,322,4,115,256,543,439,245,2,83,156,192,192,77
2021,1,A,골목상권,2110632,방화역 3번,7383,5811,1572,6,736,1634,1983,2247,777,4,551,1255,1531,1831,639,2,185,379,452,416,138
2021,1,A,골목상권,2110631,방화초등학교,2474,1525,949,5,328,491,565,615,470,5,177,298,321,361,363,0,151,193,244,254,107
2021,1,A,골목상권,2110630,공항시장역 1번,33522,17722,15800,6,5643,10995,9040,6314,1524,3,1318,4557,5278,5486,1080,3,4325,6438,3762,828,444
2021,1,A,골목상권,2110629,송정역 4번,31131,16295,14836,1,5401,10620,8646,5741,722,1,1218,4347,5017,5107,605,0,4183,6273,3629,634,117
2021,1,A,골목상권,2110628,신목동역,2970,1823,1147,5,409,809,809,620,318,3,200,461,521,428,210,2,209,348,288,192,108
2021,1,A,골목상권,2110627,신정롯데캐슬아파트,13152,7343,5809,66,2437,4215,3340,2376,718,31,964,2220,2044,1547,537,35,1473,1995,1296,829,181
2021,1,A,골목상권,2110626,양화초등학교,5376,3201,2175,7,707,1254,1523,1314,571,5,310,670,1001,828,387,2,397,584,522,486,184
2021,1,A,골목상권,2110625,신정2동주민센터,19093,11500,7593,116,3148,6062,4842,3763,1162,81,1491,3599,3053,2506,770,35,1657,2463,1789,1257,392
2021,1,A,골목상권,2110624,목동문화체육센터,2321,1175,1146,1,328,550,660,492,290,1,169,289,299,229,188,0,159,261,361,263,102
2021,1,A,골목상권,2110623,갈산공원,1938,1165,773,6,220,476,489,421,326,4,121,280,280,244,236,2,99,196,209,177,90
2021,1,A,골목상권,2110622,달마을공원,4416,2669,1747,3,560,997,1287,1119,450,2,275,579,819,688,306,1,285,418,468,431,144
2021,1,A,골목상권,2110621,목동역 5번,9489,5120,4369,21,1849,2483,2292,1693,1151,12,701,1376,1387,935,709,9,1148,1107,905,758,442
2021,1,A,골목상권,2110620,목동보건지소,4227,2213,2014,7,503,1016,1212,975,514,5,250,571,551,479,357,2,253,445,661,496,157
2021,1,A,골목상권,2110619,목4동주민센터,3721,1714,2007,6,823,1066,907,664,255,2,194,461,482,378,197,4,629,605,425,286,58
2021,1,A,골목상권,2110618,강서고등학교,4292,2255,2037,8,835,1131,1004,886,428,4,221,551,572,565,342,4,614,580,432,321,86
2021,1,A,골목상권,2110617,등촌역 4번,3438,1930,1508,2,451,781,858,856,490,0,208,454,481,453,334,2,243,327,377,403,156
2021,1,A,골목상권,2110616,양목초등학교,1799,899,900,5,181,390,400,460,363,2,68,196,194,233,206,3,113,194,206,227,157
2021,1,A,골목상권,2110615,신서초등학교,8009,4605,3404,28,1503,2016,1895,1652,915,24,525,1225,1134,1015,682,4,978,791,761,637,233
2021,1,A,골목상권,2110614,목동로데오거리,2729,1267,1462,3,368,601,686,671,400,2,129,258,320,327,231,1,239,343,366,344,169
2021,1,A,골목상권,2110613,신정네거리역 4번,662,330,332,1,82,146,146,151,136,1,28,65,62,82,92,0,54,81,84,69,44
2021,1,A,골목상권,2110612,신정역 5번,4880,2815,2065,12,941,776,869,924,1358,5,300,381,452,509,1168,7,641,395,417,415,190
2021,1,A,골목상권,2110611,신정역 1번,5571,3252,2319,20,1009,852,985,1191,1514,13,358,475,562,627,1217,7,651,377,423,564,297
2021,1,A,골목상권,2110610,계남근린공원,2806,1832,974,4,367,839,889,389,318,1,175,534,672,250,200,3,192,305,217,139,118
2021,1,A,골목상권,2110609,신정네거리역 2번,3335,2512,823,7,218,342,581,655,1532,2,101,191,310,462,1446,5,117,151,271,193,86
2021,1,A,골목상권,2110608,신월2동주민센터,3976,2139,1837,15,369,670,1059,1102,761,11,184,386,521,524,513,4,185,284,538,578,248
2021,1,A,골목상권,2110607,금빛새마을금고본점,2998,2422,576,7,172,293,469,558,1499,3,99,181,289,411,1439,4,73,112,180,147,60
2021,1,A,골목상권,2110606,신한은행 신월동지점,3615,2480,1135,3,177,372,789,1154,1120,1,78,207,430,795,969,2,99,165,359,359,151
2021,1,A,골목상권,2110605,목동센트럴아이파크앞,1754,989,765,2,116,242,435,576,383,0,50,131,215,314,279,2,66,111,220,262,104
2021,1,A,골목상권,2110604,신월4동주민센터,3244,2266,978,5,220,414,690,1030,885,2,102,228,416,732,786,3,118,186,274,298,99
2021,1,A,골목상권,2110603,지향초등학교,2592,1701,891,3,160,370,659,856,544,0,64,217,403,589,428,3,96,153,256,267,116
2021,1,A,골목상권,2110602,신월시영아파트중문,3451,2409,1042,4,231,412,798,1090,916,2,141,263,470,758,775,2,90,149,328,332,141
2021,1,A,골목상권,2110601,신월1동우편취급국,3018,1984,1034,9,310,532,728,944,495,4,169,341,467,618,385,5,141,191,261,326,110
2021,1,A,골목상권,2110600,신월7동주민센터,4589,3041,1548,5,349,562,844,1298,1531,3,190,349,550,894,1055,2,159,213,294,404,476
2021,1,A,골목상권,2110599,신월1파출소,1954,1183,771,4,189,357,509,638,257,2,104,206,281,401,189,2,85,151,228,237,68
2021,1,A,골목상권,2110598,신월문화체육센터,4415,2906,1509,4,469,723,911,1046,1262,3,347,549,598,639,770,1,122,174,313,407,492
2021,1,A,골목상권,2110597,신월1동주민센터,3247,1879,1368,5,328,631,701,902,680,2,149,350,364,551,463,3,179,281,337,351,217
2021,1,A,골목상권,2110596,서서울호수공원,2414,1520,894,5,296,458,530,682,443,2,143,270,315,430,360,3,153,188,215,252,83
2021,1,A,골목상권,2110595,메디힐병원,3307,1776,1531,2,345,697,733,878,652,1,148,334,364,502,427,1,197,363,369,376,225
2021,1,A,골목상권,2110594,신월중학교,1610,737,873,7,235,411,427,385,145,4,83,171,183,194,102,3,152,240,244,191,43
2021,1,A,골목상권,2110593,신월3동주민센터,1979,1072,907,1,214,366,444,532,422,0,79,159,206,310,318,1,135,207,238,222,104
2021,1,A,골목상권,2110592,서울금융고등학교,1788,1020,768,0,177,357,377,459,418,0,64,141,192,300,323,0,113,216,185,159,95
2021,1,A,골목상권,2110591,충정로역 6번,5404,3164,2240,0,955,1528,1449,912,560,0,477,884,839,590,374,0,478,644,610,322,186
2021,1,A,골목상권,2110590,만리재,1948,972,976,1,255,425,499,527,241,1,93,214,253,264,147,0,162,211,246,263,94
2021,1,A,골목상권,2110589,애오개역 3번,2670,1166,1504,0,463,870,876,364,97,0,172,429,389,118,58,0,291,441,487,246,39
2021,1,A,골목상권,2110588,한겨레신문사,2850,1529,1321,2,519,639,724,652,314,2,285,398,335,314,195,0,234,241,389,338,119
2021,1,A,골목상권,2110587,공덕동주민센터,6321,3515,2806,22,1145,1800,1749,1153,452,5,525,961,999,724,301,17,620,839,750,429,151
2021,1,A,골목상권,2110586,서울서부지방법원,19070,11193,7877,90,3888,5775,5319,3123,875,33,1607,3200,3429,2296,628,57,2281,2575,1890,827,247
2021,1,A,골목상권,2110585,마포경찰서,7079,4166,2913,8,1235,2487,2119,968,262,1,618,1463,1293,626,165,7,617,1024,826,342,97
2021,1,A,골목상권,2110584,아현역 4번,1593,827,766,2,374,498,331,224,164,1,138,271,180,129,108,1,236,227,151,95,56
2021,1,A,골목상권,2110583,공덕래미안3차아파트,10579,6407,4172,38,1986,3371,2915,1800,469,9,938,1908,1883,1348,321,29,1048,1463,1032,452,148
2021,1,A,골목상권,2110582,이대역 5번,996,382,614,2,125,209,275,242,143,1,27,57,87,121,89,1,98,152,188,121,54
2021,1,A,골목상권,2110581,염리초등학교,11991,6894,5097,24,1766,2851,3013,2599,1738,10,963,1752,1839,1304,1026,14,803,1099,1174,1295,712
2021,1,A,골목상권,2110580,양원초등학교,835,410,425,3,122,173,205,202,130,2,34,88,96,111,79,1,88,85,109,91,51
2021,1,A,골목상권,2110579,마포역 4번,6836,4344,2492,8,1268,1844,1726,1271,719,6,552,1114,1202,925,545,2,716,730,524,346,174
2021,1,A,골목상권,2110578,대흥역 2번,7403,4583,2820,89,1498,1733,1653,1512,918,34,738,1064,1090,1038,619,55,760,669,563,474,299
2021,1,A,골목상권,2110577,용강동주민센터,7757,4680,3077,78,1507,2186,1956,1205,825,29,743,1309,1275,779,545,49,764,877,681,426,280
2021,1,A,골목상권,2110576,대흥역 3번,5951,3670,2281,79,1016,1372,1330,1278,876,29,500,853,887,811,590,50,516,519,443,467,286
2021,1,A,골목상권,2110575,대흥동주민센터,4424,2010,2414,64,2141,1019,506,453,241,21,801,499,233,280,176,43,1340,520,273,173,65
2021,1,A,골목상권,2110574,서강대학교,1561,918,643,4,194,350,405,384,224,2,93,205,256,209,153,2,101,145,149,175,71
2021,1,A,골목상권,2110573,신촌역 6번,3966,1771,2195,61,2020,931,425,343,186,20,758,445,208,214,126,41,1262,486,217,129,60
2021,1,A,골목상권,2110572,서강대역 1번,9068,4445,4623,72,2764,2315,1724,1543,650,26,1022,1103,935,954,405,46,1742,1212,789,589,245
2021,1,A,골목상권,2110571,신수동주민센터,6299,3573,2726,14,776,1656,1652,1511,690,10,303,790,929,1038,503,4,473,866,723,473,187
2021,1,A,골목상권,2110570,KB국민은행 서강지점,1996,1235,761,10,256,489,549,383,309,9,126,290,317,252,241,1,130,199,232,131,68
2021,1,A,골목상권,2110569,홍대땡땡거리,4784,2362,2422,15,981,1209,1107,899,573,8,435,650,554,397,318,7,546,559,553,502,255
2021,1,A,골목상권,2110568,광흥창역 1번,2827,1531,1296,2,399,755,771,659,241,0,117,361,454,445,154,2,282,394,317,214,87
2021,1,A,골목상권,2110567,광흥창역 6번,2158,1187,971,2,280,488,570,500,318,0,88,208,312,318,261,2,192,280,258,182,57
2021,1,A,골목상권,2110566,경의선책거리,10071,5990,4081,33,1755,2290,2438,2032,1523,20,865,1338,1493,1197,1077,13,890,952,945,835,446
2021,1,A,골목상권,2110565,홍익대,4742,3246,1496,13,762,1139,1187,937,704,7,414,751,851,666,557,6,348,388,336,271,147
2021,1,A,골목상권,2110564,홍대입구역 3번,5143,2795,2348,17,919,1276,1149,1001,781,12,343,638,645,612,545,5,576,638,504,389,236
2021,1,A,골목상권,2110563,상수역 3번,1950,1182,768,20,422,582,432,300,194,14,197,341,286,205,139,6,225,241,146,95,55
2021,1,A,골목상권,2110562,연트럴파크(연남동주민센터),4252,2404,1848,9,682,1050,1057,868,586,8,291,605,590,495,415,1,391,445,467,373,171
2021,1,A,골목상권,2110561,상수역 4번,3164,1891,1273,31,678,957,732,501,265,20,308,561,479,325,198,11,370,396,253,176,67
2021,1,A,골목상권,2110560,마포FM,6502,3860,2642,16,982,1627,1454,1287,1136,10,407,959,988,793,703,6,575,668,466,494,433
2021,1,A,골목상권,2110559,성산중학교,5087,2952,2135,21,936,1483,1317,912,418,13,364,796,845,628,306,8,572,687,472,284,112
2021,1,A,골목상권,2110558,경성고등학교,5587,3527,2060,22,775,1348,1393,1232,817,18,394,800,884,814,617,4,381,548,509,418,200
2021,1,A,골목상권,2110557,홍대부속여중고앞,9427,5263,4164,23,1361,2238,2227,1745,1833,17,545,1184,1349,937,1231,6,816,1054,878,808,602
2021,1,A,골목상권,2110556,절두산순교성지,1684,1064,620,5,244,483,463,361,128,5,104,278,313,266,98,0,140,205,150,95,30
2021,1,A,골목상권,2110555,홍익지구대,4079,2137,1942,11,689,1073,1062,755,489,6,236,510,626,449,310,5,453,563,436,306,179
2021,1,A,골목상권,2110554,망원역 1번,7782,4228,3554,15,1168,1783,1913,1422,1481,10,461,862,1004,783,1108,5,707,921,909,639,373
2021,1,A,골목상권,2110553,가좌역 2번,2187,1399,788,4,204,388,539,613,439,2,92,207,352,431,315,2,112,181,187,182,124
2021,1,A,골목상권,2110552,성미산체육관,3504,2146,1358,9,471,801,906,820,497,5,221,455,546,576,343,4,250,346,360,244,154
2021,1,A,골목상권,2110551,성서초등학교,3701,2140,1561,4,377,635,877,713,1095,4,160,324,410,372,870,0,217,311,467,341,225
2021,1,A,골목상권,2110550,합정역 8번,6172,3370,2802,15,1101,1610,1524,1115,807,10,445,802,926,667,520,5,656,808,598,448,287
2021,1,A,골목상권,2110549,새터산,3175,1870,1305,8,386,657,845,821,458,5,193,379,479,513,301,3,193,278,366,308,157
2021,1,A,골목상권,2110548,마포구청역 4번,6841,4101,2740,18,906,1347,1531,1972,1067,10,478,942,1005,1003,663,8,428,405,526,969,404
2021,1,A,골목상권,2110547,KB국민은행 망원동지점,7219,4458,2761,19,879,1335,1493,1861,1632,11,452,900,987,934,1174,8,427,435,506,927,458
2021,1,A,골목상권,2110546,양화대교북단,2197,1293,904,3,397,587,543,403,264,3,182,321,363,255,169,0,215,266,180,148,95
2021,1,A,골목상권,2110545,마포구청역 1번,5795,3278,2517,19,697,1071,1239,1869,900,11,398,782,801,813,473,8,299,289,438,1056,427
2021,1,A,골목상권,2110544,망리단길,7556,4327,3229,18,1463,1819,1641,1152,1463,8,731,897,847,686,1158,10,732,922,794,466,305
2021,1,A,골목상권,2110543,중암중학교,833,554,279,1,60,103,162,253,254,0,22,52,83,160,237,1,38,51,79,93,17
2021,1,A,골목상권,2110542,마포구청역 7번,5884,3486,2398,20,759,1112,1284,1743,966,11,396,791,870,831,587,9,363,321,414,912,379
2021,1,A,골목상권,2110541,동교초등학교,2316,1291,1025,5,338,448,612,521,392,4,142,250,332,300,263,1,196,198,280,221,129
2021,1,A,골목상권,2110540,망원나들목체육관,2127,1225,902,8,673,639,396,264,147,1,405,345,203,164,107,7,268,294,193,100,40
2021,1,A,골목상권,2110539,미근동,14579,8531,6048,43,2341,4872,3956,2487,880,20,916,2720,2470,1715,690,23,1425,2152,1486,772,190
2021,1,A,골목상권,2110538,충정로역 3번,8936,5270,3666,3,1399,2608,2582,1705,639,2,713,1645,1547,938,425,1,686,963,1035,767,214
2021,1,A,골목상권,2110537,충정로현대아파트,9389,5851,3538,15,1288,2694,2554,1994,844,9,654,1734,1643,1241,570,6,634,960,911,753,274
2021,1,A,골목상권,2110536,돈의문센트레빌아파트입구,4662,2901,1761,17,762,1317,1072,1005,489,12,332,727,714,746,370,5,430,590,358,259,119
2021,1,A,골목상권,2110535,영천시장입구,2014,972,1042,4,231,383,512,581,303,2,70,167,254,298,181,2,161,216,258,283,122
2021,1,A,골목상권,2110534,경기대학교,4575,2795,1780,4,723,1180,1049,884,735,1,313,680,710,586,505,3,410,500,339,298,230
2021,1,A,골목상권,2110533,충정로역 7번,3621,2255,1366,1,528,952,988,704,448,0,271,584,646,462,292,1,257,368,342,242,156
2021,1,A,골목상권,2110532,아현역 2번,2100,1204,896,3,447,553,442,378,277,1,170,320,262,259,192,2,277,233,180,119,85
2021,1,A,골목상권,2110531,홍지문,1399,662,737,3,176,371,355,334,160,0,59,172,172,157,102,3,117,199,183,177,58
2021,1,A,골목상권,2110530,아현역 1번,1496,797,699,2,376,474,297,209,138,1,141,271,169,125,90,1,235,203,128,84,48
2021,1,A,골목상권,2110529,홍제3동주민센터,1380,676,704,4,168,199,285,330,394,1,54,91,126,173,231,3,114,108,159,157,163
2021,1,A,골목상권,2110528,서울여자간호대학교,7645,1571,6074,6,224,518,2027,3660,1210,1,77,161,357,465,510,5,147,357,1670,3195,700
2021,1,A,골목상권,2110527,홍제역 2번,1970,1012,958,5,240,306,504,602,313,1,71,168,245,337,190,4,169,138,259,265,123
2021,1,A,골목상권,2110526,봉원사,3964,2083,1881,1,506,1026,1032,955,444,1,183,424,540,636,299,0,323,602,492,319,145
2021,1,A,골목상권,2110525,홍은종합사회복지관,7540,1491,6049,3,208,498,1991,3642,1198,1,81,160,323,442,484,2,127,338,1668,3200,714
2021,1,A,골목상권,2110524,연희세브란스병원,2431,1469,962,0,349,692,566,565,259,0,160,328,325,444,212,0,189,364,241,121,47
2021,1,A,골목상권,2110523,홍제성원아파트,389,158,231,1,57,82,97,95,57,0,16,28,41,33,40,1,41,54,56,62,17
2021,1,A,골목상권,2110522,홍제역 3번,1382,744,638,3,145,201,379,465,189,1,40,103,201,269,130,2,105,98,178,196,59
2021,1,A,골목상권,2110521,홍제역 4번,1682,856,826,3,180,260,456,544,239,1,56,126,230,305,138,2,124,134,226,239,101
2021,1,A,골목상권,2110520,경의중앙 신촌역,3939,2209,1730,8,672,1067,897,861,434,5,268,503,474,619,340,3,404,564,423,242,94
2021,1,A,골목상권,2110519,서대문구보건소별관,1692,809,883,1,249,320,448,430,244,1,88,147,232,202,139,0,161,173,216,228,105
2021,1,A,골목상권,2110518,서대문구청,4288,2377,1911,12,606,1189,1202,1022,257,9,241,603,676,684,164,3,365,586,526,338,93
2021,1,A,골목상권,2110517,서대문소방서,3275,1935,1340,14,501,833,881,711,335,8,210,520,553,438,206,6,291,313,328,273,129
2021,1,A,골목상권,2110516,정원여중,1381,718,663,0,237,296,370,330,148,0,85,145,205,186,97,0,152,151,165,144,51
2021,1,A,골목상권,2110515,홍은중학교,1397,819,578,2,174,346,389,297,189,2,86,211,238,167,115,0,88,135,151,130,74
2021,1,A,골목상권,2110514,서대문우체국,8426,5862,2564,6,1198,1860,1691,2693,978,3,772,1174,1054,2110,749,3,426,686,637,583,229
2021,1,A,골목상권,2110513,연희파출소,4197,2605,1592,22,701,1052,930,956,536,9,309,668,619,625,375,13,392,384,311,331,161
2021,1,A,골목상권,2110512,연희지하차도,4882,2826,2056,19,663,1252,1324,1216,408,14,271,646,746,846,303,5,392,606,578,370,105
2021,1,A,골목상권,2110511,연희초등학교,8378,6001,2377,13,1131,2005,1738,2599,892,3,668,1322,1149,2137,722,10,463,683,589,462,170
2021,1,A,골목상권,2110510,홍연시장,3041,1987,1054,55,824,775,546,576,265,30,470,602,320,364,201,25,354,173,226,212,64
2021,1,A,골목상권,2110509,연희대우아파트앞,9280,6343,2937,12,1331,2148,1961,2829,999,8,717,1291,1263,2264,800,4,614,857,698,565,199
2021,1,A,골목상권,2110508,서연중학교,5090,3173,1917,65,1140,1333,940,1011,601,33,630,969,582,565,394,32,510,364,358,446,207
2021,1,A,골목상권,2110507,명지대학교,3504,2308,1196,30,563,997,832,765,317,27,345,664,531,490,251,3,218,333,301,275,66
2021,1,A,골목상권,2110506,연희임광아파트,1554,815,739,2,227,343,380,390,212,2,100,227,187,174,125,0,127,116,193,216,87
2021,1,A,골목상권,2110505,홍남교남측,2235,1498,737,50,708,612,370,328,167,27,409,504,235,198,125,23,299,108,135,130,42
2021,1,A,골목상권,2110504,명지전문대,965,467,498,1,90,171,253,281,169,0,34,71,117,147,98,1,56,100,136,134,71
2021,1,A,골목상권,2110503,명지대학교교회,3864,2524,1340,30,620,1117,971,783,343,26,367,778,642,473,238,4,253,339,329,310,105
2021,1,A,골목상권,2110502,남가좌파출소,1097,580,517,0,99,196,301,322,179,0,39,79,152,183,127,0,60,117,149,139,52
2021,1,A,골목상권,2110501,연희어린이공원,1540,875,665,10,217,360,378,360,215,8,103,242,206,176,140,2,114,118,172,184,75
2021,1,A,골목상권,2110500,남가좌동현대아파트,278,164,114,0,37,45,74,87,35,0,21,27,44,54,18,0,16,18,30,33,17
2021,1,A,골목상권,2110499,연가초등학교,1891,1022,869,0,178,382,499,526,306,0,73,217,266,255,211,0,105,165,233,271,95
2021,1,A,골목상권,2110498,증산역 1번,2906,1506,1400,8,440,635,651,682,490,3,148,355,341,338,321,5,292,280,310,344,169
2021,1,A,골목상권,2110497,가좌역 3번,3659,2225,1434,4,227,435,598,923,1472,2,157,292,399,499,876,2,70,143,199,424,596
2021,1,A,골목상권,2110496,모래내우체국,2367,1136,1231,7,310,507,560,577,406,4,94,247,294,279,218,3,216,260,266,298,188
2021,1,A,골목상권,2110495,북가좌2동주민센터,3902,2063,1839,9,568,954,896,849,626,5,186,536,522,443,371,4,382,418,374,406,255
2021,1,A,골목상권,2110494,증산3교남측,1780,1221,559,0,92,213,258,339,878,0,34,98,100,184,805,0,58,115,158,155,73
2021,1,A,골목상권,2110493,북가좌초등학교,1856,1392,464,0,60,148,223,379,1046,0,20,69,94,236,973,0,40,79,129,143,73
2021,1,A,골목상권,2110492,하나고등학교,578,273,305,1,22,107,147,171,130,0,7,76,108,56,26,1,15,31,39,115,104
2021,1,A,골목상권,2110491,불광중학교,579,216,363,1,45,99,156,186,92,1,13,42,53,58,49,0,32,57,103,128,43
2021,1,A,골목상권,2110490,녹번동근린공원,5262,2678,2584,13,663,1384,1395,1293,514,9,294,621,670,746,338,4,369,763,725,547,176
2021,1,A,골목상권,2110489,불광역 3번,1836,816,1020,7,273,558,474,348,176,6,92,204,220,175,119,1,181,354,254,173,57
2021,1,A,골목상권,2110488,우리은행응암동지점,3955,2113,1842,9,480,961,1013,1016,476,6,235,475,494,594,309,3,245,486,519,422,167
2021,1,A,골목상권,2110487,불광역 8번,1735,695,1040,1,239,499,452,361,183,1,77,188,182,154,93,0,162,311,270,207,90
2021,1,A,골목상권,2110486,은평구청,4169,2254,1915,8,461,993,1117,1108,482,5,227,494,557,645,326,3,234,499,560,463,156
2021,1,A,골목상권,2110485,연신내우체국,2361,1188,1173,2,126,245,348,438,1202,1,51,129,145,186,676,1,75,116,203,252,526
2021,1,A,골목상권,2110484,역촌역 3번,4601,2236,2365,13,523,1110,1233,1186,536,9,213,468,558,627,361,4,310,642,675,559,175
2021,1,A,골목상권,2110483,연천초등학교,2384,1178,1206,5,230,267,295,400,1187,1,94,133,119,166,665,4,136,134,176,234,522
2021,1,A,골목상권,2110482,연신초등학교,1850,991,859,0,81,162,205,312,1090,0,37,95,80,152,627,0,44,67,125,160,463
2021,1,A,골목상권,2110481,불광역 7번,1630,770,860,2,178,335,467,396,252,2,71,171,214,161,151,0,107,164,253,235,101
2021,1,A,골목상권,2110480,연신내역 3번,2030,889,1141,7,285,397,542,504,295,2,114,188,232,200,153,5,171,209,310,304,142
2021,1,A,골목상권,2110479,연신내역 2번,3690,1693,1997,6,426,539,641,723,1355,1,130,248,249,302,763,5,296,291,392,421,592
2021,1,A,골목상권,2110478,응암1동주민센터,4707,2474,2233,11,516,997,1136,1196,851,7,227,433,551,650,606,4,289,564,585,546,245
2021,1,A,골목상권,2110477,은평세무서,4870,2612,2258,11,464,976,1178,1295,946,5,201,440,572,727,667,6,263,536,606,568,279
2021,1,A,골목상권,2110476,역촌역 2번,1412,760,652,3,180,328,393,324,184,1,64,162,221,174,138,2,116,166,172,150,46
2021,1,A,골목상권,2110475,백련산해모로아파트,2427,1313,1114,3,275,436,520,560,633,2,122,211,271,274,433,1,153,225,249,286,200
2021,1,A,골목상권,2110474,세명컴퓨터고등학교,2172,1034,1138,6,329,533,548,467,289,5,120,275,242,204,188,1,209,258,306,263,101
2021,1,A,골목상권,2110473,구산역 1번,4113,2032,2081,11,518,794,1040,1015,735,5,204,414,507,425,477,6,314,380,533,590,258
2021,1,A,골목상권,2110472,연신내역 4번,2455,1251,1204,11,334,479,638,552,441,6,127,253,292,262,311,5,207,226,346,290,130
2021,1,A,골목상권,2110471,응암동우체국,1908,1001,907,2,228,332,461,530,355,1,96,145,211,287,261,1,132,187,250,243,94
2021,1,A,골목상권,2110470,신진과학기술고등학교,2093,1305,788,2,198,318,474,517,584,2,95,170,262,309,467,0,103,148,212,208,117
2021,1,A,골목상권,2110469,응암정보도서관,3141,1523,1618,2,316,577,809,898,539,0,113,270,378,427,335,2,203,307,431,471,204
2021,1,A,골목상권,2110468,응암역 3번,4875,2420,2455,6,465,813,1295,1325,971,1,170,377,615,633,624,5,295,436,680,692,347
2021,1,A,골목상권,2110467,은평요양병원,1671,867,804,7,217,398,414,360,275,6,97,221,214,162,167,1,120,177,200,198,108
2021,1,A,골목상권,2110466,구산역 2번,3312,1361,1951,12,538,687,831,818,426,3,172,280,347,320,239,9,366,407,484,498,187
2021,1,A,골목상권,2110465,연신내역 7번,2686,1136,1550,10,437,647,652,580,360,5,132,295,276,227,201,5,305,352,376,353,159
2021,1,A,골목상권,2110464,연신내역 5번,2541,1368,1173,8,266,525,663,583,496,5,105,271,308,312,367,3,161,254,355,271,129
2021,1,A,골목상권,2110463,응암3동주민센터,1096,480,616,2,113,200,291,307,183,1,42,69,109,143,116,1,71,131,182,164,67
2021,1,A,골목상권,2110462,갈현건영아파트,1895,1102,793,9,264,445,440,425,312,6,139,269,256,223,209,3,125,176,184,202,103
2021,1,A,골목상권,2110461,새절역 2번,1064,588,476,2,102,151,247,304,258,1,40,59,115,173,200,1,62,92,132,131,58
2021,1,A,골목상권,2110460,구산역 4번,4650,2629,2021,14,389,739,1103,1501,904,6,161,384,536,911,631,8,228,355,567,590,273
2021,1,A,골목상권,2110459,응암역 2번,3508,1670,1838,4,356,682,987,918,561,1,143,326,439,399,362,3,213,356,548,519,199
2021,1,A,골목상권,2110458,선일여고,2056,993,1063,9,309,535,480,491,232,5,138,283,226,197,144,4,171,252,254,294,88
2021,1,A,골목상권,2110457,예일여고,4039,2288,1751,11,383,599,859,1344,843,2,149,279,424,826,608,9,234,320,435,518,235
2021,1,A,골목상권,2110456,구산보건지소,3451,1673,1778,13,646,727,840,730,495,4,277,335,365,355,337,9,369,392,475,375,158
2021,1,A,골목상권,2110455,역촌노인복지관,3912,1926,1986,7,599,783,1036,909,578,3,258,380,472,412,401,4,341,403,564,497,177
2021,1,A,골목상권,2110454,선정중학교,3136,1975,1161,7,297,545,749,1025,513,3,138,284,381,749,420,4,159,261,368,276,93
2021,1,A,골목상권,2110453,신사1동주민센터,2866,1630,1236,3,295,597,767,684,520,3,160,297,422,377,371,0,135,300,345,307,149
2021,1,A,골목상권,2110452,새절역 3번,1444,869,575,3,116,220,343,416,346,3,59,102,181,239,285,0,57,118,162,177,61
2021,1,A,골목상권,2110451,증산역 4번,3034,2083,951,4,382,662,756,739,491,3,166,453,530,528,403,1,216,209,226,211,88
2021,1,A,골목상권,2110450,시립서북병원,4533,2159,2374,8,894,1069,1015,919,628,2,331,496,489,431,410,6,563,573,526,488,218
2021,1,A,골목상권,2110449,증산역 3번,3046,1961,1085,1,417,740,797,725,366,0,164,495,543,508,251,1,253,245,254,217,115
2021,1,A,골목상권,2110448,상신초등학교입구,1375,785,590,3,145,292,338,322,275,1,88,163,177,167,189,2,57,129,161,155,86
2021,1,A,골목상권,2110447,구산초등학교,1694,1213,481,2,100,239,363,721,269,0,46,110,217,608,232,2,54,129,146,113,37
2021,1,A,골목상권,2110446,내를건너서숲으로도서관,1148,777,371,0,135,243,292,279,199,0,95,161,174,174,173,0,40,82,118,105,26
2021,1,A,골목상권,2110445,덕산중학교,1312,649,663,5,274,319,252,247,215,0,87,169,142,108,143,5,187,150,110,139,72
2021,1,A,골목상권,2110444,수색성당,2661,1802,859,0,198,389,448,542,1084,0,77,194,209,332,990,0,121,195,239,210,94
2021,1,A,골목상권,2110443,수색역 1번,434,287,147,0,42,62,103,136,91,0,17,34,66,96,74,0,25,28,37,40,17
2021,1,A,골목상권,2110442,화랑대철도공원,1159,494,665,2,139,197,301,376,144,2,48,69,108,178,89,0,91,128,193,198,55
2021,1,A,골목상권,2110441,영신여고,1046,454,592,3,105,241,283,309,105,3,45,111,107,126,62,0,60,130,176,183,43
2021,1,A,골목상권,2110440,상계3동4동주민센터,231,87,144,1,38,35,61,53,43,0,13,11,23,19,21,1,25,24,38,34,22
2021,1,A,골목상권,2110439,당고개역 5번,1670,1328,342,1,65,111,343,684,466,0,20,60,265,575,408,1,45,51,78,109,58
2021,1,A,골목상권,2110438,경춘선숲길 우측,3326,1509,1817,2,552,854,911,715,292,1,156,360,411,369,212,1,396,494,500,346,80
2021,1,A,골목상권,2110437,당고개역 2번,2037,1506,531,1,104,171,467,791,503,0,40,88,309,634,435,1,64,83,158,157,68
2021,1,A,골목상권,2110436,상계제일중학교,2066,1047,1019,12,209,464,514,508,359,7,73,229,274,237,227,5,136,235,240,271,132
2021,1,A,골목상권,2110435,서울과학기술대,1792,1224,568,2,186,412,462,475,255,0,112,256,301,331,224,2,74,156,161,144,31
2021,1,A,골목상권,2110434,태릉입구역 4번,3300,1461,1839,4,314,539,764,908,771,2,129,312,364,332,322,2,185,227,400,576,449
2021,1,A,골목상권,2110433,공릉역 2번,4470,2428,2042,8,421,620,969,1270,1182,3,195,339,507,667,717,5,226,281,462,603,465
2021,1,A,골목상권,2110432,대진고등학교,3496,2336,1160,5,355,682,898,1023,533,2,168,399,577,774,416,3,187,283,321,249,117
2021,1,A,골목상권,2110431,상계역,1658,716,942,4,180,322,440,437,275,0,50,144,212,164,146,4,130,178,228,273,129
2021,1,A,골목상권,2110430,중계초등학교,1642,961,681,6,165,297,390,441,343,2,77,164,213,244,261,4,88,133,177,197,82
2021,1,A,골목상권,2110429,공릉동 국수거리,5223,2800,2423,7,523,744,1099,1485,1365,3,246,412,543,754,842,4,277,332,556,731,523
2021,1,A,골목상권,2110428,상계5동주민센터,2338,1163,1175,7,172,298,441,608,812,3,62,155,202,282,459,4,110,143,239,326,353
2021,1,A,골목상권,2110427,노원 을지대학교병원,2885,2027,858,3,300,579,725,832,446,0,149,351,505,667,355,3,151,228,220,165,91
2021,1,A,골목상권,2110426,상계2동주민센터,2834,1540,1294,16,401,546,733,694,444,11,153,300,370,386,320,5,248,246,363,308,124
2021,1,A,골목상권,2110425,계상초등학교,2572,1219,1353,6,228,345,564,659,770,4,90,195,248,280,402,2,138,150,316,379,368
2021,1,A,골목상권,2110424,상계초등학교,2079,864,1215,5,272,368,533,553,348,5,89,181,216,215,158,0,183,187,317,338,190
2021,1,A,골목상권,2110423,석계역 2번,1883,895,988,5,253,375,553,418,279,3,106,197,271,183,135,2,147,178,282,235,144
2021,1,A,골목상권,2110422,노원역 9번,1955,819,1136,3,268,390,499,508,287,1,81,196,208,195,138,2,187,194,291,313,149
2021,1,A,골목상권,2110421,석계역 1번,1716,845,871,4,186,278,426,473,349,2,71,119,191,230,232,2,115,159,235,243,117
2021,1,A,골목상권,2110420,광운대역 1번,1718,979,739,10,353,518,466,244,127,3,175,350,258,123,70,7,178,168,208,121,57
2021,1,A,골목상권,2110419,수락산디자인거리,4260,2771,1489,13,429,898,1053,1126,741,12,245,615,683,706,510,1,184,283,370,420,231
2021,1,A,골목상권,2110418,광운대학교 남단,2484,1345,1139,17,445,664,598,481,279,5,192,396,291,252,209,12,253,268,307,229,70
2021,1,A,골목상권,2110417,월계역 3번,441,184,257,2,62,77,94,122,84,2,23,41,37,47,34,0,39,36,57,75,50
2021,1,A,골목상권,2110416,노원초등학교,1385,669,716,8,135,266,331,352,293,6,53,138,153,171,148,2,82,128,178,181,145
2021,1,A,골목상권,2110415,수락산역 4번,3553,1980,1573,19,461,687,836,890,660,16,254,421,481,483,325,3,207,266,355,407,335
2021,1,A,골목상권,2110414,장석교회,752,511,241,5,70,109,166,205,197,3,38,57,98,139,176,2,32,52,68,66,21
2021,1,A,골목상권,2110413,누원고등학교,580,375,205,0,37,71,120,164,188,0,16,45,70,104,140,0,21,26,50,60,48
2021,1,A,골목상권,2110412,창동중학교,1521,1149,372,3,118,224,267,505,404,1,73,121,160,412,382,2,45,103,107,93,22
2021,1,A,골목상권,2110411,도봉역 3번,1802,1132,670,2,126,304,360,519,491,1,33,150,187,351,410,1,93,154,173,168,81
2021,1,A,골목상권,2110410,방학역 2번,5708,3428,2280,10,558,1304,1395,1507,934,9,280,756,767,936,680,1,278,548,628,571,254
2021,1,A,골목상권,2110409,창동역 2번,6649,4154,2495,6,756,1498,1635,1402,1352,4,385,1020,1098,743,904,2,371,478,537,659,448
2021,1,A,골목상권,2110408,가인초등학교,5577,3850,1727,5,581,1307,1343,1121,1220,3,343,986,1014,685,819,2,238,321,329,436,401
2021,1,A,골목상권,2110407,도봉역 2번,2678,1900,778,7,190,399,535,778,769,5,95,243,303,572,682,2,95,156,232,206,87
2021,1,A,골목상권,2110406,도봉산역 1번,1362,928,434,0,45,103,268,453,493,0,17,63,189,336,323,0,28,40,79,117,170
2021,1,A,골목상권,2110405,방학역 1번,2975,1622,1353,6,288,534,730,892,525,5,159,353,350,369,386,1,129,181,380,523,139
2021,1,A,골목상권,2110404,신창초등학교,2334,1247,1087,11,291,485,642,611,294,8,108,229,337,362,203,3,183,256,305,249,91
2021,1,A,골목상권,2110403,방학1동주민센터,3553,1965,1588,10,456,716,860,1052,459,6,261,473,457,498,270,4,195,243,403,554,189
2021,1,A,골목상권,2110402,도봉구 정병원,2172,1117,1055,5,296,450,517,579,325,4,109,246,277,283,198,1,187,204,240,296,127
2021,1,A,골목상권,2110401,도봉구민회관,5856,3856,2000,1,599,1299,1388,1267,1302,0,346,940,977,718,875,1,253,359,411,549,427
2021,1,A,골목상권,2110400,도봉구보건소,2134,1058,1076,4,298,390,510,558,374,3,99,190,250,278,238,1,199,200,260,280,136
2021,1,A,골목상권,2110399,창2동주민센터,1982,1088,894,10,245,463,553,465,246,9,128,273,295,219,164,1,117,190,258,246,82
2021,1,A,골목상권,2110398,쌍문2동우체국,2359,1255,1104,1,247,367,547,725,472,1,87,168,253,427,319,0,160,199,294,298,153
2021,1,A,골목상권,2110397,도봉산입구,1579,963,616,1,95,207,290,413,573,1,25,106,157,272,402,0,70,101,133,141,171
2021,1,A,골목상권,2110396,쌍문역1번(쌍리단길),1577,763,814,4,242,329,382,395,225,1,84,135,198,208,137,3,158,194,184,187,88
2021,1,A,골목상권,2110395,신한은행 방학동지점,1120,597,523,4,157,280,302,227,150,3,72,148,158,121,95,1,85,132,144,106,55
2021,1,A,골목상권,2110394,방학중학교,1435,629,806,1,142,279,358,336,319,1,52,119,150,152,155,0,90,160,208,184,164
2021,1,A,골목상권,2110393,국민은행방학지점,1001,461,540,3,124,275,252,240,107,2,39,137,120,96,67,1,85,138,132,144,40
2021,1,A,골목상권,2110392,발바닥공원,704,449,255,3,99,210,202,121,69,2,39,126,148,81,53,1,60,84,54,40,16
2021,1,A,골목상권,2110391,샘말어린이공원,1172,574,598,0,93,215,234,283,347,0,34,95,107,140,198,0,59,120,127,143,149
2021,1,A,골목상권,2110390,방학초등학교,1901,820,1081,3,194,445,458,515,286,2,59,201,209,188,161,1,135,244,249,327,125
2021,1,A,골목상권,2110389,한일병원,3050,1577,1473,1,573,707,741,679,349,1,171,353,410,396,246,0,402,354,331,283,103
2021,1,A,골목상권,2110388,도봉우체국,2071,923,1148,4,436,450,512,485,184,3,105,207,224,244,140,1,331,243,288,241,44
2021,1,A,골목상권,2110387,쌍문초등학교,1678,803,875,0,227,365,452,414,220,0,67,151,187,208,190,0,160,214,265,206,30
2021,1,A,골목상권,2110386,연산군묘,1120,668,452,0,136,219,227,306,232,0,61,122,131,158,196,0,75,97,96,148,36
2021,1,A,골목상권,2110385,효문고등학교,780,268,512,0,136,158,203,185,98,0,33,42,60,71,62,0,103,116,143,114,36
2021,1,A,골목상권,2110384,문이교,622,295,327,1,71,88,145,188,129,0,21,33,51,98,92,1,50,55,94,90,37
2021,1,A,골목상권,2110383,덕성여대시반거리,494,170,324,0,83,84,121,116,90,0,12,24,42,39,53,0,71,60,79,77,37
2021,1,A,골목상권,2110382,솔밭공원역 1번,967,418,549,1,145,169,222,256,174,0,31,52,83,123,129,1,114,117,139,133,45
2021,1,A,골목상권,2110381,번동주공2단지,1056,559,497,5,107,230,262,299,153,4,33,95,131,178,118,1,74,135,131,121,35
2021,1,A,골목상권,2110380,강북문화정보도서관,980,504,476,5,99,143,203,291,239,3,30,74,101,150,146,2,69,69,102,141,93
2021,1,A,골목상권,2110379,KT&G 북부지사,767,383,384,2,97,108,197,257,106,0,47,44,83,145,64,2,50,64,114,112,42
2021,1,A,골목상권,2110378,송중동주민센터,1170,548,622,8,119,172,339,287,245,6,52,74,144,126,146,2,67,98,195,161,99
2021,1,A,골목상권,2110377,미아사거리역 3번,1050,449,601,7,158,220,271,253,141,6,51,81,107,112,92,1,107,139,164,141,49
2021,1,A,골목상권,2110376,수송초등학교,4978,2722,2256,8,551,1213,1234,1264,708,6,230,624,673,782,407,2,321,589,561,482,301
2021,1,A,골목상권,2110375,서울북부고용노동지청,1301,632,669,2,141,171,335,392,260,0,58,78,134,204,158,2,83,93,201,188,102
2021,1,A,골목상권,2110374,송중초등학교,2009,977,1032,7,186,338,530,528,420,6,61,128,222,264,296,1,125,210,308,264,124
2021,1,A,골목상권,2110373,수유역 2번,4903,2639,2264,10,549,1094,1104,1278,868,8,214,534,563,814,506,2,335,560,541,464,362
2021,1,A,골목상권,2110372,강북중학교,1588,852,736,1,167,364,452,356,248,1,87,203,249,169,143,0,80,161,203,187,105
2021,1,A,골목상권,2110371,삼양입구사거리,1233,656,577,2,114,236,332,331,218,2,43,109,155,183,164,0,71,127,177,148,54
2021,1,A,골목상권,2110370,도봉세무서,1385,735,650,7,100,222,365,379,312,6,28,93,168,200,240,1,72,129,197,179,72
2021,1,A,골목상권,2110369,성신여대운정그린캠퍼스,4108,2368,1740,5,481,782,894,1069,877,1,210,445,512,655,545,4,271,337,382,414,332
2021,1,A,골목상권,2110368,송천초등학교,5342,2779,2563,416,2025,1339,744,507,311,177,905,732,414,294,257,239,1120,607,330,213,54
2021,1,A,골목상권,2110367,강북구청,5008,2534,2474,10,519,1028,1016,1220,1215,8,207,520,524,762,513,2,312,508,492,458,702
2021,1,A,골목상권,2110366,광산사거리,3568,1624,1944,6,321,730,793,840,878,4,125,324,383,466,322,2,196,406,410,374,556
2021,1,A,골목상권,2110365,미아역 5번,1610,747,863,3,136,224,389,402,456,3,45,85,163,219,232,0,91,139,226,183,224
2021,1,A,골목상권,2110364,미아역 8번,1852,961,891,3,226,366,513,491,253,1,85,173,274,268,160,2,141,193,239,223,93
2021,1,A,골목상권,2110363,송천동주민센터,819,499,320,2,54,138,220,209,196,1,23,71,116,131,157,1,31,67,104,78,39
2021,1,A,골목상권,2110362,우이천 계성교,2117,1320,797,2,227,296,541,686,365,0,74,153,330,480,283,2,153,143,211,206,82
2021,1,A,골목상권,2110361,삼양사거리역 1번,1111,550,561,3,66,131,213,280,418,2,24,58,105,156,205,1,42,73,108,124,213
2021,1,A,골목상권,2110360,수유초등학교,2635,1274,1361,5,299,387,567,782,595,1,79,163,238,375,418,4,220,224,329,407,177
2021,1,A,골목상권,2110359,수유시장옆,5157,2359,2798,6,450,898,1053,1316,1434,4,136,365,470,708,676,2,314,533,583,608,758
2021,1,A,골목상권,2110358,인수동 우편취급국,2810,1471,1339,2,265,403,554,783,803,0,80,179,255,417,540,2,185,224,299,366,263
2021,1,A,골목상권,2110357,가오리역 1번,2401,1556,845,1,127,166,397,647,1063,0,34,71,252,471,728,1,93,95,145,176,335
2021,1,A,골목상권,2110356,덕수교,2011,1093,918,0,145,214,368,345,939,0,37,85,163,165,643,0,108,129,205,180,296
2021,1,A,골목상권,2110355,삼양사거리역 2번,905,486,419,2,85,153,223,225,217,1,22,49,110,139,165,1,63,104,113,86,52
2021,1,A,골목상권,2110354,삼각산119안전센터,365,141,224,1,38,87,110,81,48,0,9,25,45,32,30,1,29,62,65,49,18
2021,1,A,골목상권,2110353,수유동우체국,2389,1550,839,0,129,158,408,615,1079,0,26,73,267,444,740,0,103,85,141,171,339
2021,1,A,골목상권,2110352,수유1동주민센터,1621,708,913,1,183,303,456,479,199,0,61,122,184,209,132,1,122,181,272,270,67
2021,1,A,골목상권,2110351,수유북부시장옆,1877,1274,603,0,96,227,484,737,333,0,36,133,349,484,272,0,60,94,135,253,61
2021,1,A,골목상권,2110350,가오리역 2번,2640,1559,1081,0,221,477,709,807,426,0,62,232,442,507,316,0,159,245,267,300,110
2021,1,A,골목상권,2110349,화계역 2번,1164,619,545,0,95,179,284,397,209,0,37,65,127,214,176,0,58,114,157,183,33
2021,1,A,골목상권,2110348,강북문화예술회관,3953,2554,1399,0,227,512,876,1129,1209,0,65,242,587,813,847,0,162,270,289,316,362
2021,1,A,골목상권,2110347,구세군강북종합사회복지관,443,186,257,0,54,96,140,85,68,0,10,34,63,36,43,0,44,62,77,49,25
2021,1,A,골목상권,2110346,4.19민주묘지역 2번,754,369,385,0,109,137,212,161,135,0,22,69,113,81,84,0,87,68,99,80,51
2021,1,A,골목상권,2110345,솔밭공원역 2번,1604,918,686,1,168,207,320,549,359,0,35,65,142,387,289,1,133,142,178,162,70
2021,1,A,골목상권,2110344,화계중학교,815,417,398,0,75,148,217,296,79,0,39,57,111,143,67,0,36,91,106,153,12
2021,1,A,골목상권,2110343,무너미어린이공원,2303,1336,967,0,149,297,429,446,982,0,49,177,246,213,651,0,100,120,183,233,331
2021,1,A,골목상권,2110342,국립재활원,2250,1364,886,1,194,476,644,645,290,0,66,242,426,420,210,1,128,234,218,225,80
2021,1,A,골목상권,2110341,북한산우이역 2번,860,529,331,0,44,68,132,304,312,0,14,31,72,258,154,0,30,37,60,46,158
2021,1,A,골목상권,2110340,인수중학교,1205,760,445,6,164,256,276,329,174,6,81,173,168,189,143,0,83,83,108,140,31
2021,1,A,골목상권,2110339,국립4.19민주묘지,1097,718,379,6,146,196,248,305,196,6,67,139,153,190,163,0,79,57,95,115,33
2021,1,A,골목상권,2110338,인수초등학교,1955,1067,888,6,266,494,469,470,250,6,111,260,248,248,194,0,155,234,221,222,56
2021,1,A,골목상권,2110337,아카데미하우스,1438,921,517,6,178,311,344,390,209,6,85,207,216,232,175,0,93,104,128,158,34
2021,1,A,골목상권,2110336,석관고등학교,1951,1389,562,1,128,204,257,338,1023,0,66,113,151,240,819,1,62,91,106,98,204
2021,1,A,골목상권,2110335,석계역 7번,2887,1837,1050,2,243,313,463,598,1268,0,99,147,243,370,978,2,144,166,220,228,290
2021,1,A,골목상권,2110334,석관중앙교회,1691,1099,592,3,192,394,413,449,240,0,95,241,244,324,195,3,97,153,169,125,45
2021,1,A,골목상권,2110333,돌곶이역 5번,2875,2051,824,4,237,375,414,553,1292,0,107,239,264,375,1066,4,130,136,150,178,226
2021,1,A,골목상권,2110332,돌곶이역 3번,2402,1642,760,6,189,237,310,429,1231,1,74,125,174,259,1009,5,115,112,136,170,222
2021,1,A,골목상권,2110331,돌곶이역 8번,1331,817,514,4,173,283,315,283,273,0,60,182,193,164,218,4,113,101,122,119,55
2021,1,A,골목상권,2110330,돌곶이역 1번,1199,626,573,1,137,217,277,273,294,0,40,102,128,127,229,1,97,115,149,146,65
2021,1,A,골목상권,2110329,우리은행체육관,1280,745,535,8,131,269,305,313,254,4,45,134,165,200,197,4,86,135,140,113,57
2021,1,A,골목상권,2110328,상월곡역 3번,966,544,422,4,142,252,268,208,92,1,59,142,158,118,66,3,83,110,110,90,26
2021,1,A,골목상권,2110327,상월곡역 2번,1998,1149,849,5,355,494,539,387,218,1,166,295,311,215,161,4,189,199,228,172,57
2021,1,A,골목상권,2110326,장위동성당,2029,1211,818,4,314,426,541,433,311,3,149,249,314,263,233,1,165,177,227,170,78
2021,1,A,골목상권,2110325,장곡초등학교,1638,957,681,8,198,313,438,380,301,6,100,176,257,221,197,2,98,137,181,159,104
2021,1,A,골목상권,2110324,월곡역 4번,3140,1982,1158,5,533,1043,730,527,302,1,265,704,453,335,224,4,268,339,277,192,78
2021,1,A,골목상권,2110323,상월곡역 1번,4067,2556,1511,5,678,1174,962,808,440,1,336,790,596,503,330,4,342,384,366,305,110
2021,1,A,골목상권,2110322,장위1동주민센터,1274,741,533,8,218,235,278,270,265,4,110,153,164,146,164,4,108,82,114,124,101
2021,1,A,골목상권,2110321,동덕여대,2313,1366,947,1,299,420,551,516,526,0,134,242,299,273,418,1,165,178,252,243,108
2021,1,A,골목상권,2110320,KB국민은행 종암동지점,1182,673,509,1,119,228,369,325,140,1,35,101,200,239,97,0,84,127,169,86,43
2021,1,A,골목상권,2110319,종암동주민센터,2766,1528,1238,6,392,614,672,775,307,1,178,373,362,458,156,5,214,241,310,317,151
2021,1,A,골목상권,2110318,KT월곡지사,4670,3051,1619,8,464,852,998,1077,1271,3,232,511,595,716,994,5,232,341,403,361,277
2021,1,A,골목상권,2110317,종암중학교,984,490,494,0,108,232,312,228,104,0,37,97,154,140,62,0,71,135,158,88,42
2021,1,A,골목상권,2110316,숭곡초등학교,3749,2252,1497,12,320,511,783,810,1313,11,132,241,383,471,1014,1,188,270,400,339,299
2021,1,A,골목상권,2110315,종암아이파크2차,19523,10008,9515,57,1546,5002,7164,5525,229,13,627,1664,3177,4378,149,44,919,3338,3987,1147,80
2021,1,A,골목상권,2110314,종암경찰서,22088,12093,9995,63,1812,5489,7636,6091,997,14,829,2083,3572,4842,753,49,983,3406,4064,1249,244
2021,1,A,골목상권,2110313,안암역 3번,4486,2929,1557,7,548,1055,1239,1027,610,3,263,654,815,721,473,4,285,401,424,306,137
2021,1,A,골목상권,2110312,안암역 2번,1666,856,810,1,199,457,563,337,109,0,70,198,309,204,75,1,129,259,254,133,34
2021,1,A,골목상권,2110311,종암아이파크2차후문,18419,9472,8947,55,1397,4775,6829,5279,84,12,583,1567,3015,4229,66,43,814,3208,3814,1050,18
2021,1,A,골목상권,2110310,길음역 10번,2304,969,1335,10,637,675,493,352,137,1,143,321,258,161,85,9,494,354,235,191,52
2021,1,A,골목상권,2110309,대광초등학교,3669,2531,1138,12,521,883,910,786,557,4,294,622,640,561,410,8,227,261,270,225,147
2021,1,A,골목상권,2110308,길음역 8번,7178,3463,3715,428,2655,1922,1125,688,360,177,1050,1021,613,334,268,251,1605,901,512,354,92
2021,1,A,골목상권,2110307,길음역 7번,2596,948,1648,10,718,682,547,427,212,0,146,268,216,179,139,10,572,414,331,248,73
2021,1,A,골목상권,2110306,미아초등학교,5376,2688,2688,419,2073,1365,788,449,282,176,923,736,412,220,221,243,1150,629,376,229,61
2021,1,A,골목상권,2110305,보문역 5번,6471,4952,1519,11,812,2114,1358,1346,830,5,488,1734,1085,1066,574,6,324,380,273,280,256
2021,1,A,골목상권,2110304,보문역 4번,5081,2911,2170,4,547,1204,1258,1332,736,3,248,624,733,863,440,1,299,580,525,469,296
2021,1,A,골목상권,2110303,성신여대입구역 1번,2302,983,1319,23,343,507,539,532,358,11,93,195,230,247,207,12,250,312,309,285,151
2021,1,A,골목상권,2110302,보문역 8번,6611,5075,1536,7,801,2204,1491,1413,695,2,445,1775,1209,1164,480,5,356,429,282,249,215
2021,1,A,골목상권,2110301,성신여대입구역 7번,2407,1250,1157,22,336,473,551,587,438,16,112,206,285,329,302,6,224,267,266,258,136
2021,1,A,골목상권,2110300,삼선동주민센터,7082,3275,3807,21,849,1747,2084,1699,682,12,261,673,916,1026,387,9,588,1074,1168,673,295
2021,1,A,골목상권,2110299,정릉역 1번,2389,1112,1277,6,327,495,591,580,390,1,79,200,234,301,297,5,248,295,357,279,93
2021,1,A,골목상권,2110298,솔숲어린이공원,1609,756,853,6,199,274,412,438,280,1,58,98,163,222,214,5,141,176,249,216,66
2021,1,A,골목상권,2110297,경동고등학교,9374,4825,4549,19,1150,2351,2816,2260,778,8,435,1116,1431,1392,443,11,715,1235,1385,868,335
2021,1,A,골목상권,2110296,성신여대입구역 4번,13044,7926,5118,60,2010,3119,4030,2350,1475,26,917,1816,2693,1739,735,34,1093,1303,1337,611,740
2021,1,A,골목상권,2110295,정릉우체국,2490,1166,1324,2,366,486,617,609,410,0,99,203,246,329,289,2,267,283,371,280,121
2021,1,A,골목상권,2110294,서경대학교,2549,1324,1225,1,378,447,634,629,460,0,105,193,305,381,340,1,273,254,329,248,120
2021,1,A,골목상권,2110293,삼선중학교,16035,9034,7001,63,2380,3897,5184,2868,1643,27,1059,2173,3103,1899,773,36,1321,1724,2081,969,870
2021,1,A,골목상권,2110292,정릉역 2번,1455,558,897,1,246,356,390,314,148,0,62,144,125,131,96,1,184,212,265,183,52
2021,1,A,골목상권,2110291,한성대입구역 3번,4682,2808,1874,4,513,944,1389,1258,574,2,184,541,891,836,354,2,329,403,498,422,220
2021,1,A,골목상권,2110290,북한산보국문역 1번,1034,535,499,2,104,127,218,313,270,0,28,65,110,176,156,2,76,62,108,137,114
2021,1,A,골목상권,2110289,북한산보국문역 2번,1888,951,937,0,291,395,491,441,270,0,88,179,225,255,204,0,203,216,266,186,66
2021,1,A,골목상권,2110288,동구여중,4250,2398,1852,23,496,930,1431,989,381,12,211,489,785,607,294,11,285,441,646,382,87
2021,1,A,골목상권,2110287,정릉3동주민센터,1637,1229,408,0,230,512,449,314,132,0,133,403,340,243,110,0,97,109,109,71,22
2021,1,A,골목상권,2110286,한성대입구역 5번,6385,3175,3210,20,806,1509,1805,1506,739,9,265,708,929,826,438,11,541,801,876,680,301
2021,1,A,골목상권,2110285,홍대부중,5373,2950,2423,12,1018,1547,1503,934,359,7,415,798,842,619,269,5,603,749,661,315,90
2021,1,A,골목상권,2110284,정릉북한산국립공원입구,1223,860,363,0,80,214,331,411,187,0,23,120,249,314,154,0,57,94,82,97,33
2021,1,A,골목상권,2110283,성북초등학교앞,4093,2342,1751,15,771,1263,1080,686,278,9,312,713,699,425,184,6,459,550,381,261,94
2021,1,A,골목상권,2110282,국민대학교앞,1943,1389,554,15,322,603,452,316,235,14,185,441,355,248,146,1,137,162,97,68,89
2021,1,A,골목상권,2110281,길상사,17018,13990,3028,25,2042,3972,4890,5544,545,4,1214,2904,4251,5231,386,21,828,1068,639,313,159
2021,1,A,골목상권,2110280,북정마을,14960,12846,2114,18,1405,3400,4437,5321,379,4,942,2610,3998,5030,262,14,463,790,439,291,117
2021,1,A,골목상권,2110279,신내역 2번,2047,735,1312,1,530,644,403,373,96,0,99,241,188,148,59,1,431,403,215,225,37
2021,1,A,골목상권,2110278,망우본동주민센터,2878,1577,1301,10,284,489,618,849,628,1,85,183,285,500,523,9,199,306,333,349,105
2021,1,A,골목상권,2110277,러스크서울병원,2130,1283,847,13,203,291,394,651,578,2,69,98,204,424,486,11,134,193,190,227,92
2021,1,A,골목상권,2110276,신내IC북측,607,375,232,0,44,112,142,253,56,0,25,88,107,124,31,0,19,24,35,129,25
2021,1,A,골목상권,2110275,하나은행 망우동지점,1686,1011,675,10,166,215,299,524,472,0,46,66,154,349,396,10,120,149,145,175,76
2021,1,A,골목상권,2110274,서일대학교,2030,1277,753,2,173,309,487,576,483,1,57,162,302,404,351,1,116,147,185,172,132
2021,1,A,골목상권,2110273,장스여성병원,1613,1000,613,9,132,209,298,500,465,1,34,80,150,339,396,8,98,129,148,161,69
2021,1,A,골목상권,2110272,신내1동주민센터,5843,3433,2410,7,756,1311,1295,1459,1015,6,386,660,668,911,802,1,370,651,627,548,213
2021,1,A,골목상권,2110271,신내역 1번,2658,1073,1585,5,607,752,539,616,139,1,134,318,283,257,80,4,473,434,256,359,59
2021,1,A,골목상권,2110270,혜원여고,1224,728,496,0,98,181,286,344,315,0,39,103,157,210,219,0,59,78,129,134,96
2021,1,A,골목상권,2110269,용마문화복지센터,1320,882,438,1,120,224,285,389,301,0,50,133,182,292,225,1,70,91,103,97,76
2021,1,A,골목상권,2110268,망우3동주민센터,1612,1031,581,3,203,323,368,411,304,3,130,207,213,250,228,0,73,116,155,161,76
2021,1,A,골목상권,2110267,망우역 2번,3855,2306,1549,17,545,783,816,902,792,13,310,445,442,506,590,4,235,338,374,396,202
2021,1,A,골목상권,2110266,면목동우체국,3102,1920,1182,7,322,539,733,852,649,2,104,264,432,611,507,5,218,275,301,241,142
2021,1,A,골목상권,2110265,망우역 1번,3076,1829,1247,16,364,540,716,803,637,5,170,256,354,517,527,11,194,284,362,286,110
2021,1,A,골목상권,2110264,면목역 2번,2233,1223,1010,3,236,458,534,610,392,0,80,225,279,374,265,3,156,233,255,236,127
2021,1,A,골목상권,2110263,면목역 1번,2962,1753,1209,6,445,738,846,625,302,3,244,499,441,330,236,3,201,239,405,295,66
2021,1,A,골목상권,2110262,상봉역 3번,3221,1967,1254,8,450,790,948,652,373,4,252,530,510,366,305,4,198,260,438,286,68
2021,1,A,골목상권,2110261,사가정역 4번,3127,2086,1041,5,288,460,746,997,631,4,111,243,469,761,498,1,177,217,277,236,133
2021,1,A,골목상권,2110260,면목역 3번,2514,1442,1072,3,356,591,717,548,299,0,154,393,354,299,242,3,202,198,363,249,57
2021,1,A,골목상권,2110259,사가정역 1번,3127,1865,1262,6,337,678,872,745,489,3,144,363,490,495,370,3,193,315,382,250,119
2021,1,A,골목상권,2110258,면동초등학교,2037,1206,831,5,240,437,528,494,333,1,106,255,280,307,257,4,134,182,248,187,76
2021,1,A,골목상권,2110257,상봉역 7번,2452,1607,845,11,219,403,552,647,620,10,108,220,301,442,526,1,111,183,251,205,94
2021,1,A,골목상권,2110256,면목2동체육관,3547,2122,1425,5,446,738,941,853,564,1,202,481,507,484,447,4,244,257,434,369,117
2021,1,A,골목상권,2110255,상봉역 4번,4458,2784,1674,6,479,915,1219,1023,816,1,229,569,676,643,666,5,250,346,543,380,150
2021,1,A,골목상권,2110254,오거리공원,2416,1571,845,3,191,424,659,814,325,2,79,223,410,603,254,1,112,201,249,211,71
2021,1,A,골목상권,2110253,중곡초등학교,1855,1320,535,2,153,294,471,641,294,1,81,182,321,513,222,1,72,112,150,128,72
2021,1,A,골목상권,2110252,장안제일시장,1993,1261,732,2,203,364,494,505,425,1,97,223,245,330,365,1,106,141,249,175,60
2021,1,A,골목상권,2110251,장안중학교,2262,1349,913,0,231,428,502,567,534,0,89,190,253,357,460,0,142,238,249,210,74
2021,1,A,골목상권,2110250,화랑대역 7번,1509,739,770,5,140,332,409,398,225,1,49,156,183,195,155,4,91,176,226,203,70
2021,1,A,골목상권,2110249,중화역 1번,3063,1949,1114,1,402,709,752,735,464,1,223,405,433,507,380,0,179,304,319,228,84
2021,1,A,골목상권,2110248,먹골파출소,1263,628,635,3,134,298,352,301,175,0,45,145,171,147,120,3,89,153,181,154,55
2021,1,A,골목상권,2110247,먹골역 1번,2991,1922,1069,0,398,676,750,773,394,0,207,418,446,532,319,0,191,258,304,241,75
2021,1,A,골목상권,2110246,월드순복음교회,2145,1274,871,4,193,347,472,594,535,1,63,160,269,364,417,3,130,187,203,230,118
2021,1,A,골목상권,2110245,KB국민은행 중화동지점,2037,1261,776,3,166,345,495,514,514,1,63,179,281,323,414,2,103,166,214,191,100
2021,1,A,골목상권,2110244,중화역 4번,2398,1528,870,2,356,606,575,562,297,2,209,364,342,382,229,0,147,242,233,180,68
2021,1,A,골목상권,2110243,중랑노인종합복지관,1660,977,683,2,141,271,376,485,385,1,50,133,206,282,305,1,91,138,170,203,80
2021,1,A,골목상권,2110242,면목5동주민센터,1226,796,430,1,101,187,289,334,314,0,45,120,154,211,266,1,56,67,135,123,48
2021,1,A,골목상권,2110241,먹골역 5번,2531,1611,920,1,347,608,639,667,269,1,191,387,378,452,202,0,156,221,261,215,67
2021,1,A,골목상권,2110240,태릉시장 특화거리,1145,548,597,8,174,260,261,239,203,6,84,106,113,110,129,2,90,154,148,129,74
2021,1,A,골목상권,2110239,중랑역 2번,690,313,377,5,95,118,156,155,161,2,29,46,64,73,99,3,66,72,92,82,62
2021,1,A,골목상권,2110238,배꽃어린이공원,1473,1122,351,2,227,342,337,358,207,2,157,266,243,292,162,0,70,76,94,66,45
2021,1,A,골목상권,2110237,메가박스 상봉,3560,2363,1197,12,356,778,1051,1010,353,10,168,485,723,741,236,2,188,293,328,269,117
2021,1,A,골목상권,2110236,신묵초등학교,2471,1622,849,2,350,599,613,640,267,2,195,394,387,452,192,0,155,205,226,188,75
2021,1,A,골목상권,2110235,세화어린이공원,381,210,171,6,90,59,103,71,52,5,52,33,45,38,37,1,38,26,58,33,15
2021,1,A,골목상권,2110234,중랑역 4번,3174,2317,857,12,298,719,1010,858,277,10,155,484,757,704,207,2,143,235,253,154,70
2021,1,A,골목상권,2110233,중랑역 1번,3032,2188,844,17,357,651,916,814,277,14,188,439,671,673,203,3,169,212,245,141,74
2021,1,A,골목상권,2110232,동대부고,3028,1420,1608,3,381,593,816,786,449,1,123,264,333,381,318,2,258,329,483,405,131
2021,1,A,골목상권,2110231,장안교,1741,1065,676,6,143,324,461,478,329,4,59,155,249,315,283,2,84,169,212,163,46
2021,1,A,골목상권,2110230,장안현대홈타운1차아파트,5246,2850,2396,14,898,1262,1405,1131,536,10,473,718,698,598,353,4,425,544,707,533,183
2021,1,A,골목상권,2110229,장평중학교,5475,3447,2028,11,604,1021,1167,1234,1438,7,309,620,723,769,1019,4,295,401,444,465,419
2021,1,A,골목상권,2110228,장안근린공원,6839,3589,3250,54,2007,1290,1365,1326,797,32,1034,727,628,629,539,22,973,563,737,697,258
2021,1,A,골목상권,2110227,답십리공원,4470,2551,1919,49,1629,777,743,784,488,30,929,507,422,364,299,19,700,270,321,420,189
2021,1,A,골목상권,2110226,장안1동주민센터,6971,3871,3100,22,858,1351,1602,1672,1466,17,403,767,886,926,872,5,455,584,716,746,594
2021,1,A,골목상권,2110225,촬영소사거리,2931,1595,1336,12,223,386,587,760,963,9,107,227,365,390,497,3,116,159,222,370,466
2021,1,A,골목상권,2110224,외대앞역 2번,1398,804,594,3,138,261,402,359,235,1,53,146,243,245,116,2,85,115,159,114,119
2021,1,A,골목상권,2110223,군자초등학교,6674,4353,2321,43,1459,1676,1307,1058,1131,11,711,1129,908,704,890,32,748,547,399,354,241
2021,1,A,골목상권,2110222,회기역 2번,2392,1179,1213,2,403,501,609,625,252,0,104,257,343,339,136,2,299,244,266,286,116
2021,1,A,골목상권,2110221,의릉,1144,696,448,3,127,310,315,263,126,0,43,194,185,173,101,3,84,116,130,90,25
2021,1,A,골목상권,2110220,외대앞역 1번,3641,1571,2070,2,688,923,946,679,403,1,133,336,444,404,253,1,555,587,502,275,150
2021,1,A,골목상권,2110219,삼육보건대학교,4450,2371,2079,4,582,896,1094,1128,746,2,182,417,615,657,498,2,400,479,479,471,248
2021,1,A,골목상권,2110218,답십리사거리,1435,853,582,7,165,299,369,350,245,5,66,165,204,224,189,2,99,134,165,126,56
2021,1,A,골목상권,2110217,자동차부품상가,6813,4504,2309,26,1478,1623,1457,1223,1006,21,859,1143,968,768,745,5,619,480,489,455,261
2021,1,A,골목상권,2110216,전농중학교,2153,1119,1034,3,263,476,586,555,270,1,114,236,297,296,175,2,149,240,289,259,95
2021,1,A,골목상권,2110215,회기역 1번,2459,902,1557,4,638,776,558,322,161,1,126,278,223,148,126,3,512,498,335,174,35
2021,1,A,골목상권,2110214,경희대후문,3292,1434,1858,1,689,917,862,572,251,1,134,332,426,346,195,0,555,585,436,226,56
2021,1,A,골목상권,2110213,청량초등학교,2169,702,1467,0,592,722,494,250,111,0,101,237,187,96,81,0,491,485,307,154,30
2021,1,A,골목상권,2110212,답십리초등학교,6736,3585,3151,26,1187,1542,1846,1660,475,22,887,1141,773,457,305,4,300,401,1073,1203,170
2021,1,A,골목상권,2110211,전곡마을마당공원,2826,1580,1246,4,375,594,732,764,357,1,152,275,439,468,245,3,223,319,293,296,112
2021,1,A,골목상권,2110210,서울시립대,3076,1537,1539,7,419,611,663,709,667,4,126,242,352,377,436,3,293,369,311,332,231
2021,1,A,골목상권,2110209,답십리 장령당공원,4354,2000,2354,4,640,954,1230,1197,329,1,470,685,419,202,223,3,170,269,811,995,106
2021,1,A,골목상권,2110208,시조사삼거리,2384,1294,1090,4,388,710,460,463,359,3,155,452,245,252,187,1,233,258,215,211,172
2021,1,A,골목상권,2110207,시립대앞사거리,2645,1363,1282,3,363,557,634,682,406,1,117,229,344,396,276,2,246,328,290,286,130
2021,1,A,골목상권,2110206,텃골근린공원,1284,744,540,2,151,241,347,340,203,1,84,134,221,207,97,1,67,107,126,133,106
2021,1,A,골목상권,2110205,경희대삼거리,3822,2069,1753,6,701,1290,710,636,479,4,281,760,405,362,257,2,420,530,305,274,222
2021,1,A,골목상권,2110204,간데메공원,1794,1235,559,6,298,435,450,379,226,3,196,277,304,275,180,3,102,158,146,104,46
2021,1,A,골목상권,2110203,떡전교사거리,1943,858,1085,2,261,350,385,429,516,2,79,140,162,190,285,0,182,210,223,239,231
2021,1,A,골목상권,2110202,전농1동주민센터(전농시장),593,343,250,0,76,107,147,149,114,0,49,61,93,85,55,0,27,46,54,64,59
2021,1,A,골목상권,2110201,전농119안전센터,825,530,295,0,102,158,244,182,139,0,68,101,168,117,76,0,34,57,76,65,63
2021,1,A,골목상권,2110200,동대문경찰서,1083,572,511,0,119,177,222,305,260,0,60,86,111,138,177,0,59,91,111,167,83
2021,1,A,골목상권,2110199,홍릉시장,1158,621,537,0,99,193,238,354,274,0,46,95,119,165,196,0,53,98,119,189,78
2021,1,A,골목상권,2110198,동대문중앙새마을금고본점,688,361,327,0,52,89,135,214,198,0,23,47,72,99,120,0,29,42,63,115,78
2021,1,A,골목상권,2110197,세종대왕기념관교차로,2510,1548,962,3,426,731,600,539,211,2,154,376,417,419,180,1,272,355,183,120,31
2021,1,A,골목상권,2110196,홍릉근린공원,1047,653,394,1,93,198,337,285,133,1,37,93,216,188,118,0,56,105,121,97,15
2021,1,A,골목상권,2110195,동대문구청,4287,2125,2162,6,481,906,1023,1183,688,3,186,393,469,674,400,3,295,513,554,509,288
2021,1,A,골목상권,2110194,홍파초등학교,1798,1085,713,2,140,330,522,522,282,1,84,184,314,291,211,1,56,146,208,231,71
2021,1,A,골목상권,2110193,고려대역 4번,1232,835,397,1,79,208,403,369,172,1,35,113,259,283,144,0,44,95,144,86,28
2021,1,A,골목상권,2110192,동의보감타워,5324,3233,2091,17,756,1316,1285,1303,647,8,482,802,763,820,358,9,274,514,522,483,289
2021,1,A,골목상권,2110191,고려대역 6번,1157,702,455,2,78,202,355,318,202,1,38,103,203,201,156,1,40,99,152,117,46
2021,1,A,골목상권,2110190,고대앞사거리,3236,1724,1512,5,469,907,933,626,296,2,192,462,500,367,201,3,277,445,433,259,95
2021,1,A,골목상권,2110189,제기동역 1번,6727,4533,2194,21,1156,1875,1505,1131,1039,8,647,1270,1059,767,782,13,509,605,446,364,257
2021,1,A,골목상권,2110188,용두동신동아아파트,9251,6800,2451,57,1038,1991,2191,2660,1314,37,705,1428,1679,1971,980,20,333,563,512,689,334
2021,1,A,골목상권,2110187,제기동역 6번,7263,4732,2531,20,1249,2025,1616,1231,1122,8,662,1282,1102,844,834,12,587,743,514,387,288
2021,1,A,골목상권,2110186,종암초등학교,3678,2369,1309,3,481,1024,1038,724,408,0,199,624,702,506,338,3,282,400,336,218,70
2021,1,A,골목상권,2110185,용두초등학교,9216,4802,4414,9,826,2131,2857,2357,1036,3,373,1210,1418,1091,707,6,453,921,1439,1266,329
2021,1,A,골목상권,2110184,용두사거리,7078,2654,4424,6,1108,1663,1364,1642,1295,2,332,723,563,452,582,4,776,940,801,1190,713
2021,1,A,골목상권,2110183,한국의류시험연구원,6586,2490,4096,5,1038,1511,1273,1514,1245,1,321,694,532,384,558,4,717,817,741,1130,687
2021,1,A,골목상권,2110182,용두희망어린이공원,8150,3848,4302,10,1180,1780,1735,2093,1352,4,438,992,944,839,631,6,742,788,791,1254,721
2021,1,A,골목상권,2110181,신설동역 9번,13079,7138,5941,34,1192,2706,3581,3279,2287,18,594,1610,1908,1605,1403,16,598,1096,1673,1674,884
2021,1,A,골목상권,2110180,광진정보도서관,9548,6222,3326,19,2321,3104,2006,1368,730,5,1187,2103,1425,958,544,14,1134,1001,581,410,186
2021,1,A,골목상권,2110179,광나루역 1번,6574,3993,2581,161,2344,1211,1143,1171,544,51,1118,831,807,821,365,110,1226,380,336,350,179
2021,1,A,골목상권,2110178,장로회신학대학교,2969,2050,919,2,411,751,730,698,377,0,227,542,543,493,245,2,184,209,187,205,132
2021,1,A,골목상권,2110177,동의초등학교,1459,779,680,1,169,274,393,406,216,0,61,146,213,214,145,1,108,128,180,192,71
2021,1,A,골목상권,2110176,해오름공원,4046,2107,1939,5,730,888,1169,939,315,2,195,417,665,579,249,3,535,471,504,360,66
2021,1,A,골목상권,2110175,푸른동산공원,9538,5255,4283,11,988,1818,2356,2694,1671,5,574,1201,1457,1185,833,6,414,617,899,1509,838
2021,1,A,골목상권,2110174,아차산역 1번,3794,2279,1515,7,421,721,1109,1004,532,3,189,430,702,589,366,4,232,291,407,415,166
2021,1,A,골목상권,2110173,구남초등학교,11730,6787,4943,24,1163,2242,2831,3303,2167,9,628,1467,1814,1629,1240,15,535,775,1017,1674,927
2021,1,A,골목상권,2110172,광진초등학교,3672,2114,1558,57,568,731,843,922,551,25,284,392,475,537,401,32,284,339,368,385,150
2021,1,A,골목상권,2110171,중곡4동주민센터,3077,1296,1781,4,590,757,782,700,244,2,117,276,348,364,189,2,473,481,434,336,55
2021,1,A,골목상권,2110170,동대부여고,6257,3117,3140,5,456,1045,1777,2129,845,2,193,556,964,908,494,3,263,489,813,1221,351
2021,1,A,골목상권,2110169,성동초등학교,6765,4291,2474,18,675,1492,1785,1727,1068,4,365,915,1130,1071,806,14,310,577,655,656,262
2021,1,A,골목상권,2110168,대원고등학교,2238,1319,919,4,229,483,556,618,348,2,102,238,295,395,287,2,127,245,261,223,61
2021,1,A,골목상권,2110167,용마초등학교,4509,2630,1879,12,580,923,1177,1052,765,4,313,546,644,575,548,8,267,377,533,477,217
2021,1,A,골목상권,2110166,구의1동주민센터,15219,11430,3789,17,1059,2485,4251,5895,1512,12,537,1532,3205,4890,1254,5,522,953,1046,1005,258
2021,1,A,골목상권,2110165,국립정신건강센터,2585,1477,1108,3,244,534,684,699,421,0,94,256,352,434,341,3,150,278,332,265,80
2021,1,A,골목상권,2110164,아차산역 5번,2694,1609,1085,7,347,531,659,642,508,2,169,304,401,359,374,5,178,227,258,283,134
2021,1,A,골목상권,2110163,성자초등학교,3129,1834,1295,13,357,640,850,913,356,9,224,372,481,482,266,4,133,268,369,431,90
2021,1,A,골목상권,2110162,군자역 4번,3924,2332,1592,15,598,853,977,809,672,8,340,511,565,435,473,7,258,342,412,374,199
2021,1,A,골목상권,2110161,중곡역 3번,2364,1591,773,7,197,379,569,778,434,2,89,224,353,586,337,5,108,155,216,192,97
2021,1,A,골목상권,2110160,광진경찰서,2323,1406,917,4,347,648,636,516,172,1,194,397,354,334,126,3,153,251,282,182,46
2021,1,A,골목상권,2110159,구의역 4번,15886,11761,4125,20,1195,2502,4360,6044,1765,14,552,1526,3278,4933,1458,6,643,976,1082,1111,307
2021,1,A,골목상권,2110158,중곡3동주민센터,2903,2098,805,5,253,521,703,934,487,1,136,358,470,736,397,4,117,163,233,198,90
2021,1,A,골목상권,2110157,자양동우체국,2103,1420,683,14,451,461,501,450,226,10,346,329,303,259,173,4,105,132,198,191,53
2021,1,A,골목상권,2110156,군자역 5번,3797,2348,1449,10,541,828,936,817,665,6,297,488,572,478,507,4,244,340,364,339,158
2021,1,A,골목상권,2110155,광진구청,13911,10903,3008,14,1009,2223,3822,5359,1484,12,536,1458,2986,4650,1261,2,473,765,836,709,223
2021,1,A,골목상권,2110154,광진정말공원,2494,1436,1058,7,351,455,604,640,437,5,171,260,316,357,327,2,180,195,288,283,110
2021,1,A,골목상권,2110153,중곡1동주민센터,5211,2445,2766,82,1436,912,1081,1176,524,28,644,492,513,422,346,54,792,420,568,754,178
2021,1,A,골목상권,2110152,중곡어린이공원,2482,1526,956,49,471,549,517,545,351,6,194,337,328,368,293,43,277,212,189,177,58
2021,1,A,골목상권,2110151,자양한강도서관,2520,1817,703,15,490,505,614,608,288,11,373,369,422,418,224,4,117,136,192,190,64
2021,1,A,골목상권,2110150,중곡1동 마을마당,5928,2959,2969,84,1503,1158,1196,1359,628,30,654,632,616,572,455,54,849,526,580,787,173
2021,1,A,골목상권,2110149,세종대학교,1090,593,497,0,153,295,256,226,160,0,69,164,150,110,100,0,84,131,106,116,60
2021,1,A,골목상권,2110148,어린이대공원역 3번,1449,1013,436,2,138,200,381,498,230,0,66,128,264,363,192,2,72,72,117,135,38
2021,1,A,골목상권,2110147,능동우편취급국,5319,2666,2653,35,1292,1071,1074,1227,620,22,621,624,558,446,395,13,671,447,516,781,225
2021,1,A,골목상권,2110146,신자초등학교,3030,2209,821,8,345,709,894,809,265,3,232,532,652,588,202,5,113,177,242,221,63
2021,1,A,골목상권,2110145,장안초등학교,913,444,469,0,95,163,182,275,198,0,30,77,88,131,118,0,65,86,94,144,80
2021,1,A,골목상권,2110144,어린이대공원역 4번,1995,1266,729,2,200,302,497,650,344,0,76,165,320,437,268,2,124,137,177,213,76
2021,1,A,골목상권,2110143,뚝섬유원지역 1번,1854,1500,354,4,199,512,536,442,161,1,151,418,445,358,127,3,48,94,91,84,34
2021,1,A,골목상권,2110142,화양사거리,4124,2353,1771,5,665,1024,1057,859,514,2,309,600,651,427,364,3,356,424,406,432,150
2021,1,A,골목상권,2110141,건대입구역 1번,3299,2189,1110,13,442,738,841,702,563,6,231,484,570,459,439,7,211,254,271,243,124
2021,1,A,골목상권,2110140,건대입구역 6번,5095,3245,1850,28,632,1049,1230,1212,944,21,284,628,783,815,714,7,348,421,447,397,230
2021,1,A,골목상권,2110139,자양4동주민센터,3041,2288,753,62,487,732,735,671,354,28,320,558,574,520,288,34,167,174,161,151,66
2021,1,A,골목상권,2110138,송정체육공원,4312,2537,1775,2,725,1148,1094,805,538,0,350,692,688,425,382,2,375,456,406,380,156
2021,1,A,골목상권,2110137,성수초등학교,15849,10295,5554,64,2391,4011,4214,3217,1952,49,1240,2613,2806,2104,1483,15,1151,1398,1408,1113,469
2021,1,A,골목상권,2110136,경수초등학교,19912,12290,7622,134,4030,5003,4511,3778,2456,78,1986,3201,2930,2315,1780,56,2044,1802,1581,1463,676
2021,1,A,골목상권,2110135,성동세무서,7155,4565,2590,12,1071,1813,1835,1515,909,5,579,1158,1197,926,700,7,492,655,638,589,209
2021,1,A,골목상권,2110134,성수119안전센터,4792,3359,1433,79,805,1245,1218,959,486,39,481,883,888,682,386,40,324,362,330,277,100
2021,1,A,골목상권,2110133,서울교통공사,6588,4563,2025,50,1729,1852,1274,965,718,21,996,1339,950,679,578,29,733,513,324,286,140
2021,1,A,골목상권,2110132,성수2가3동주민센터,4528,2778,1750,14,563,1101,1102,1022,726,11,282,667,706,642,470,3,281,434,396,380,256
2021,1,A,골목상권,2110131,성수동카페거리,18863,11455,7408,84,3960,5083,4195,3250,2291,51,1964,3230,2724,1930,1556,33,1996,1853,1471,1320,735
2021,1,A,골목상권,2110130,답십리역 6번,5783,2708,3075,6,834,1254,1641,1495,553,2,564,856,606,323,357,4,270,398,1035,1172,196
2021,1,A,골목상권,2110129,성원어린이공원,5831,3754,2077,21,932,1339,1290,1152,1097,16,543,871,862,738,724,5,389,468,428,414,373
2021,1,A,골목상권,2110128,성원중학교,5913,4100,1813,24,740,1417,1504,1425,803,13,428,1018,1078,1009,554,11,312,399,426,416,249
2021,1,A,골목상권,2110127,성수1가1동주민센터,5851,3818,2033,21,1131,1850,1426,919,504,11,621,1230,924,626,406,10,510,620,502,293,98
2021,1,A,골목상권,2110126,서울숲역 1번,4957,3278,1679,19,954,1230,1086,892,776,12,568,830,689,609,570,7,386,400,397,283,206
2021,1,A,골목상권,2110125,사근동살곶이상점가,2512,1782,730,2,144,443,815,743,365,2,54,289,563,579,295,0,90,154,252,164,70
2021,1,A,골목상권,2110124,뚝섬역교차로,3140,2236,904,14,450,585,706,728,657,12,229,380,469,568,578,2,221,205,237,160,79
2021,1,A,골목상권,2110123,마장역 3번,1661,1034,627,1,198,311,408,441,302,1,95,185,241,285,227,0,103,126,167,156,75
2021,1,A,골목상권,2110122,마장역 2번,1517,1003,514,1,159,243,355,441,318,1,89,160,221,294,238,0,70,83,134,147,80
2021,1,A,골목상권,2110121,한양대역 4번,2434,1709,725,0,128,423,780,733,370,0,43,274,532,559,301,0,85,149,248,174,69
2021,1,A,골목상권,2110120,서울숲카페거리,1582,1046,536,5,184,292,370,390,341,4,93,172,212,275,290,1,91,120,158,115,51
2021,1,A,골목상권,2110119,마장지하차도,2657,987,1670,3,257,346,556,850,645,1,141,190,234,227,194,2,116,156,322,623,451
2021,1,A,골목상권,2110118,왕십리역 9번,2693,1327,1366,12,554,698,635,510,284,2,170,310,345,292,208,10,384,388,290,218,76
2021,1,A,골목상권,2110117,성동구보건소,3376,1242,2134,9,551,497,662,965,692,2,191,247,299,296,207,7,360,250,363,669,485
2021,1,A,골목상권,2110116,청계천박물관,8711,5833,2878,46,804,1715,2072,2820,1254,33,442,1069,1395,1994,900,13,362,646,677,826,354
2021,1,A,골목상권,2110115,상왕십리역 3번,5567,2521,3046,19,895,982,1144,1447,1080,4,303,543,630,605,436,15,592,439,514,842,644
2021,1,A,골목상권,2110114,왕십리파출소,2943,1055,1888,16,538,508,588,804,489,3,198,277,289,197,91,13,340,231,299,607,398
2021,1,A,골목상권,2110113,응봉산,2383,905,1478,16,296,761,960,256,94,0,90,252,389,108,66,16,206,509,571,148,28
2021,1,A,골목상권,2110112,행당역 2번,1515,781,734,1,187,321,403,404,199,0,71,141,204,221,144,1,116,180,199,183,55
2021,1,A,골목상권,2110111,대현산장미원,336,200,136,1,46,57,83,78,71,0,15,28,41,53,63,1,31,29,42,25,8
2021,1,A,골목상권,2110110,상왕십리역 6번,2892,1693,1199,14,435,651,657,653,482,5,147,368,443,432,298,9,288,283,214,221,184
2021,1,A,골목상권,2110109,금호삼성래미안아파트,2707,1162,1545,17,330,830,1057,350,123,1,119,302,464,178,98,16,211,528,593,172,25
2021,1,A,골목상권,2110108,성동구립금호도서관,272,128,144,0,32,55,72,79,34,0,14,29,30,29,26,0,18,26,42,50,8
2021,1,A,골목상권,2110107,금호사거리,2741,1185,1556,16,316,815,1029,373,192,1,105,276,444,211,148,15,211,539,585,162,44
2021,1,A,골목상권,2110106,금북초등학교,682,416,266,1,112,193,201,134,41,1,66,107,128,85,29,0,46,86,73,49,12
2021,1,A,골목상권,2110105,금동어린이공원,3124,1300,1824,16,371,929,1129,449,230,1,117,326,480,214,162,15,254,603,649,235,68
2021,1,A,골목상권,2110104,신금호역 4번,1550,885,665,2,200,375,389,317,267,2,69,194,228,192,200,0,131,181,161,125,67
2021,1,A,골목상권,2110103,옥수터널,652,341,311,1,61,162,188,182,58,0,22,73,103,102,41,1,39,89,85,80,17
2021,1,A,골목상권,2110102,옥수역 6번,4523,1702,2821,5,1162,1330,1014,721,291,0,285,464,469,333,151,5,877,866,545,388,140
2021,1,A,골목상권,2110101,옥정중학교,11800,7925,3875,10,1772,3747,3394,2453,424,5,571,2350,2657,2066,276,5,1201,1397,737,387,148
2021,1,A,골목상권,2110100,옥수동우편취급국,8356,6820,1536,8,785,2676,2652,2008,227,4,361,2018,2357,1893,187,4,424,658,295,115,40
2021,1,A,골목상권,2110099,유엔빌리지길,22417,18045,4372,50,2713,5729,6376,6735,814,38,1345,4185,5513,6284,680,12,1368,1544,863,451,134
2021,1,A,골목상권,2110098,서울독일학교,22179,18008,4171,40,2712,5547,6234,6685,961,31,1363,4085,5433,6273,823,9,1349,1462,801,412,138
2021,1,A,골목상권,2110097,한남초등학교,7826,5468,2358,14,1401,2935,1774,1222,480,7,711,1893,1374,1079,404,7,690,1042,400,143,76
2021,1,A,골목상권,2110096,한남힐사이드아파트,8734,5560,3174,9,1774,3226,2049,1383,293,6,757,1958,1477,1118,244,3,1017,1268,572,265,49
2021,1,A,골목상권,2110095,한강진역 3번,16261,10270,5991,51,3557,5623,3802,2391,837,29,1573,3350,2741,1953,624,22,1984,2273,1061,438,213
2021,1,A,골목상권,2110094,오산중학교,475,243,232,0,38,115,148,115,59,0,11,56,70,66,40,0,27,59,78,49,19
2021,1,A,골목상권,2110093,우사단길,9702,6097,3605,43,1853,3128,2442,1391,845,25,761,1853,1780,1071,607,18,1092,1275,662,320,238
2021,1,A,골목상권,2110092,NH농협은행 보광동지점,4109,2859,1250,31,584,1186,1179,823,306,21,305,795,876,631,231,10,279,391,303,192,75
2021,1,A,골목상권,2110091,리움미술관,7513,4522,2991,24,1801,2643,1844,904,297,15,749,1458,1336,748,216,9,1052,1185,508,156,81
2021,1,A,골목상권,2110090,한국폴리텍대학서울정수캠퍼스,8083,4908,3175,18,1242,2436,2730,1210,447,8,540,1218,1919,926,297,10,702,1218,811,284,150
2021,1,A,골목상권,2110089,서빙고동주민센터,2543,1491,1052,2,350,655,776,449,311,0,109,359,499,312,212,2,241,296,277,137,99
2021,1,A,골목상권,2110088,오산고등학교,10165,6137,4028,22,1462,3094,3318,1687,582,10,653,1517,2260,1276,421,12,809,1577,1058,411,161
2021,1,A,골목상권,2110087,이태원엔틱가구거리,6439,3688,2751,31,1233,1753,1633,1215,574,18,527,948,988,811,396,13,706,805,645,404,178
2021,1,A,골목상권,2110086,이태원역 북측,18101,8842,9259,50,4925,6856,3887,1818,565,27,1453,3140,2391,1403,428,23,3472,3716,1496,415,137
2021,1,A,골목상권,2110085,경리단길남측,13583,6464,7119,26,4020,5279,2796,1133,329,12,1128,2390,1742,930,262,14,2892,2889,1054,203,67
2021,1,A,골목상권,2110084,경리단길북측,2575,1428,1147,8,511,741,625,464,226,5,222,375,345,310,171,3,289,366,280,154,55
2021,1,A,골목상권,2110083,서빙고역 1번,7782,5014,2768,20,1542,2118,1985,1422,695,7,687,1379,1388,1051,502,13,855,739,597,371,193
2021,1,A,골목상권,2110082,용산구청,5502,3128,2374,31,1057,1491,1412,1063,448,18,466,777,844,718,305,13,591,714,568,345,143
2021,1,A,골목상권,2110081,해방촌 남동측,2277,1520,757,0,210,420,747,723,177,0,84,238,543,529,126,0,126,182,204,194,51
2021,1,A,골목상권,2110080,해방촌예술마을,2607,1687,920,3,326,485,828,763,202,3,119,277,599,550,139,0,207,208,229,213,63
2021,1,A,골목상권,2110079,후암동주민센터,26370,18974,7396,29,4638,9384,6904,3904,1511,17,2634,6434,5604,3182,1103,12,2004,2950,1300,722,408
2021,1,A,골목상권,2110078,이촌동점보아파트,4837,3011,1826,17,786,1296,1215,1059,464,3,411,785,813,678,321,14,375,511,402,381,143
2021,1,A,골목상권,2110077,삼광초등학교,10904,3587,7317,161,6225,1915,1250,982,371,16,681,930,949,744,267,145,5544,985,301,238,104
2021,1,A,골목상권,2110076,삼각지역 14번,6002,4060,1942,4,649,1637,1939,1419,354,4,356,1043,1439,994,224,0,293,594,500,425,130
2021,1,A,골목상권,2110075,숙대입구역 1번,16585,6297,10288,168,7307,3895,2570,1725,920,17,977,1713,1667,1230,693,151,6330,2182,903,495,227
2021,1,A,골목상권,2110074,서울역 12번,36080,21404,14676,180,11191,11602,7333,3938,1836,24,3411,7449,5868,3241,1411,156,7780,4153,1465,697,425
2021,1,A,골목상권,2110073,삼각지역 3번,24882,9347,15535,123,6255,8074,6887,2839,704,50,2240,2899,2427,1321,410,73,4015,5175,4460,1518,294
2021,1,A,골목상권,2110072,열정도,4551,3239,1312,28,750,1138,1119,932,584,11,409,807,866,718,428,17,341,331,253,214,156
2021,1,A,골목상권,2110071,한강미주맨션아파트,8064,4602,3462,40,1013,1799,2828,1862,522,31,446,1073,1552,1149,351,9,567,726,1276,713,171
2021,1,A,골목상권,2110070,용산세무서,7939,5013,2926,7,817,1787,2969,1915,444,0,510,1163,1775,1265,300,7,307,624,1194,650,144
2021,1,A,골목상권,2110069,숙대입구,8595,4893,3702,31,1607,2846,2045,1332,734,14,680,1474,1258,921,546,17,927,1372,787,411,188
2021,1,A,골목상권,2110068,남영역 1번,10534,7108,3426,48,1834,3359,2754,1651,888,21,965,2182,2055,1256,629,27,869,1177,699,395,259
2021,1,A,골목상권,2110067,배문고등학교,8614,4267,4347,14,1830,2555,1776,1409,1030,5,506,1119,947,892,798,9,1324,1436,829,517,232
2021,1,A,골목상권,2110066,서울역 15번,4687,2417,2270,10,918,1376,996,759,628,5,306,619,554,459,474,5,612,757,442,300,154
2021,1,A,골목상권,2110065,남정초등학교,3515,2475,1040,20,568,1031,937,561,398,16,362,771,668,380,278,4,206,260,269,181,120
2021,1,A,골목상권,2110064,효창공원앞역 2번,4350,2663,1687,18,593,1122,1112,971,534,16,308,706,691,592,350,2,285,416,421,379,184
2021,1,A,골목상권,2110063,효창공원앞역 5번,6102,4294,1808,25,915,1808,1707,985,662,18,553,1315,1239,686,483,7,362,493,468,299,179
2021,1,A,골목상권,2110062,한강로동땡땡거리(은행나무길),9571,5392,4179,16,1072,2335,3099,2183,866,8,465,1231,1677,1434,577,8,607,1104,1422,749,289
2021,1,A,골목상권,2110061,효창동주민센터,5974,4267,1707,8,974,1567,1609,1209,607,5,555,1149,1205,870,483,3,419,418,404,339,124
2021,1,A,골목상권,2110060,효창공원앞역 6번,7211,4881,2330,24,1280,1934,1960,1421,592,14,694,1365,1393,983,432,10,586,569,567,438,160
2021,1,A,골목상권,2110059,새남터성지,3196,2152,1044,11,491,853,906,661,274,4,251,549,683,496,169,7,240,304,223,165,105
2021,1,A,골목상권,2110058,성심여자고등학교,8454,6100,2354,32,1374,2650,2295,1464,639,15,784,1877,1770,1151,503,17,590,773,525,313,136
2021,1,A,골목상권,2110057,황학코아루아파트,2115,1166,949,5,348,575,548,400,239,4,168,319,277,224,174,1,180,256,271,176,65
2021,1,A,골목상권,2110056,신당역 3번,2900,1536,1364,6,461,783,704,555,391,6,194,381,370,312,273,0,267,402,334,243,118
2021,1,A,골목상권,2110055,황학동벼룩시장,3042,1645,1397,31,928,652,595,540,296,16,396,333,352,341,207,15,532,319,243,199,89
2021,1,A,골목상권,2110054,청구역 3번,6203,3266,2937,16,1195,1620,1307,1234,831,5,421,870,771,692,507,11,774,750,536,542,324
2021,1,A,골목상권,2110053,청구역 1번,5383,2899,2484,5,738,1322,1461,1441,416,3,252,661,814,897,272,2,486,661,647,544,144
2021,1,A,골목상권,2110052,장충초등학교,7627,3969,3658,11,1405,1921,1775,1673,842,5,467,944,1013,991,549,6,938,977,762,682,293
2021,1,A,골목상권,2110051,한양공고앞 교차로,2894,1689,1205,9,423,659,731,768,304,2,166,416,454,460,191,7,257,243,277,308,113
2021,1,A,골목상권,2110050,약수역 7번,2303,1220,1083,4,318,559,563,524,335,2,120,279,330,287,202,2,198,280,233,237,133
2021,1,A,골목상권,2110049,장충단 고개,9962,5298,4664,25,2025,2831,2379,1819,883,6,630,1517,1462,1121,562,19,1395,1314,917,698,321
2021,1,A,골목상권,2110048,장충동주민센터,12882,7150,5732,36,2260,3570,3462,2641,913,5,823,2090,2108,1542,582,31,1437,1480,1354,1099,331
2021,1,A,골목상권,2110047,다산성곽길,7406,4104,3302,14,1449,2072,1776,1474,621,5,541,1110,1076,922,450,9,908,962,700,552,171
2021,1,A,골목상권,2110046,버티고개,2995,2024,971,3,392,1047,775,588,190,0,206,761,566,361,130,3,186,286,209,227,60
2021,1,A,골목상권,2110045,동대문역사문화공원역 5번,45426,22509,22917,475,13488,12026,9657,7085,2695,195,6425,7176,5520,2395,798,280,7063,4850,4137,4690,1897
2021,1,A,골목상권,2110044,관성묘,36669,17055,19614,451,12150,9596,7053,5156,2263,190,5706,5492,3828,1296,543,261,6444,4104,3225,3860,1720
2021,1,A,골목상권,2110043,충무초등학교,9197,5407,3790,49,1867,2374,2374,1584,949,20,680,1347,1582,1097,681,29,1187,1027,792,487,268
2021,1,A,골목상권,2110042,남산골공원옆,4783,2763,2020,11,548,1077,1518,1120,509,6,247,608,805,744,353,5,301,469,713,376,156
2021,1,A,골목상권,2110041,남산케이블카,21568,10294,11274,69,3089,6767,7028,3730,885,11,993,2989,3094,2693,514,58,2096,3778,3934,1037,371
2021,1,A,골목상권,2110040,중구회현체육센터(정화예술대남산캠퍼스),20399,10001,10398,71,2999,6554,6631,3424,720,11,1015,3003,2933,2577,462,60,1984,3551,3698,847,258
2021,1,A,골목상권,2110039,회현역 1번,24398,12113,12285,135,4567,7678,7350,3971,697,40,1630,3709,3600,2764,370,95,2937,3969,3750,1207,327
2021,1,A,골목상권,2110038,경향신문사,15409,10083,5326,19,2255,4993,5034,2645,463,6,981,3062,3573,2121,340,13,1274,1931,1461,524,123
2021,1,A,골목상권,2110037,신설동역 12번,7347,2905,4442,9,755,1126,1345,1957,2155,0,225,508,614,556,1002,9,530,618,731,1401,1153
2021,1,A,골목상권,2110036,동묘앞역 3번,3249,1861,1388,19,475,515,668,726,846,17,215,271,402,447,509,2,260,244,266,279,337
2021,1,A,골목상권,2110035,동묘앞역 2번,4636,2328,2308,6,352,596,971,1056,1655,0,113,271,430,502,1012,6,239,325,541,554,643
2021,1,A,골목상권,2110034,창신1동주민센터,2610,1275,1335,10,415,553,683,590,359,8,137,246,296,337,251,2,278,307,387,253,108
2021,1,A,골목상권,2110033,창신역 4번,2086,1235,851,4,175,269,339,403,896,0,57,132,185,230,631,4,118,137,154,173,265
2021,1,A,골목상권,2110032,수족관거리,2064,916,1148,8,347,439,559,454,257,7,106,176,201,239,187,1,241,263,358,215,70
2021,1,A,골목상권,2110031,창신역 1번,554,273,281,2,68,132,136,143,73,0,19,63,68,75,48,2,49,69,68,68,25
2021,1,A,골목상권,2110030,동대문역 3번,1437,615,822,0,146,262,447,335,247,0,43,97,144,155,176,0,103,165,303,180,71
2021,1,A,골목상권,2110029,동대문역 1번,3350,1894,1456,6,441,722,813,826,542,1,200,416,458,485,334,5,241,306,355,341,208
2021,1,A,골목상권,2110028,이화달팽이길,4133,2258,1875,7,726,1068,988,821,523,3,249,525,580,528,373,4,477,543,408,293,150
2021,1,A,골목상권,2110027,혜화역 1번,3993,2014,1979,11,605,968,1059,834,516,5,166,385,563,521,374,6,439,583,496,313,142
2021,1,A,골목상권,2110026,종로5가역 4번,3517,2041,1476,9,541,863,909,740,455,2,244,478,511,470,336,7,297,385,398,270,119
2021,1,A,골목상권,2110025,충신시장옆,9964,6665,3299,17,1748,3097,2714,1736,652,3,767,1987,2027,1429,452,14,981,1110,687,307,200
2021,1,A,골목상권,2110024,혜회동주민센터,5949,2844,3105,28,785,1351,1599,1359,827,17,260,582,786,715,484,11,525,769,813,644,343
2021,1,A,골목상권,2110023,서울대병원,7046,4607,2439,14,1274,2467,1898,965,428,3,575,1567,1454,734,274,11,699,900,444,231,154
2021,1,A,골목상권,2110022,경신고등학교,6493,3007,3486,27,1025,1774,1632,1264,771,19,359,839,781,598,411,8,666,935,851,666,360
2021,1,A,골목상권,2110021,성균관대학교,2385,1261,1124,15,389,557,545,470,409,11,136,240,309,293,272,4,253,317,236,177,137
2021,1,A,골목상권,2110020,서울국제고등학교,4389,2090,2299,18,726,1142,1008,872,623,13,270,579,552,374,302,5,456,563,456,498,321
2021,1,A,골목상권,2110019,창덕궁,16561,12644,3917,19,2000,5478,4941,3044,1079,7,1164,4119,3999,2516,839,12,836,1359,942,528,240
2021,1,A,골목상권,2110018,중앙고등학교,16741,12521,4220,12,1870,5599,5144,3145,971,6,988,4073,4101,2594,759,6,882,1526,1043,551,212
2021,1,A,골목상권,2110017,정독도서관,10619,8299,2320,2,1386,2982,3397,2250,602,1,919,2227,2808,1858,486,1,467,755,589,392,116
2021,1,A,골목상권,2110016,평창동동측,13795,6588,7207,21,1223,3779,5325,2832,615,10,508,1634,2776,1313,347,11,715,2145,2549,1519,268
2021,1,A,골목상권,2110015,청와대사랑채,6739,4876,1863,37,1083,2014,2132,1170,303,0,655,1432,1686,873,230,37,428,582,446,297,73
2021,1,A,골목상권,2110014,경복고등학교,6312,4486,1826,39,965,1807,2046,1188,267,2,591,1278,1554,867,194,37,374,529,492,321,73
2021,1,A,골목상권,2110013,체부동홍종문가옥,4511,2162,2349,10,616,877,891,1177,940,2,339,523,470,400,428,8,277,354,421,777,512
2021,1,A,골목상권,2110012,성곡미술관,35398,22897,12501,54,4673,9851,10005,7082,3733,14,2168,6479,7283,4722,2231,40,2505,3372,2722,2360,1502
2021,1,A,골목상권,2110011,청운초등학교,1903,814,1089,13,319,483,443,349,296,2,65,197,199,163,188,11,254,286,244,186,108
2021,1,A,골목상권,2110010,평창동서측,10085,5515,4570,17,1111,2723,3664,1991,579,1,478,1204,2080,1353,399,16,633,1519,1584,638,180
2021,1,A,골목상권,2110009,자하문터널,3823,2257,1566,18,744,1226,968,640,227,8,294,697,639,463,156,10,450,529,329,177,71
2021,1,A,골목상권,2110008,배화여자대학교(박노수미술관),6438,3091,3347,46,996,1152,1240,1648,1356,2,446,594,631,700,718,44,550,558,609,948,638
2021,1,A,골목상권,2110007,사직공원(한국사회과학도서관),3909,1854,2055,7,607,1085,1147,738,325,5,194,468,547,412,228,2,413,617,600,326,97
2021,1,A,골목상권,2110006,부암동주민센터,2706,1329,1377,22,607,897,632,425,123,5,169,414,377,288,76,17,438,483,255,137,47
2021,1,A,골목상권,2110005,세검정,2723,1465,1258,9,347,715,720,623,309,3,150,361,399,341,211,6,197,354,321,282,98
2021,1,A,골목상권,2110004,대신고등학교,470,276,194,6,62,109,112,113,68,5,33,63,61,59,55,1,29,46,51,54,13
2021,1,A,골목상권,2110003,세검정초등학교,4837,2723,2114,16,618,1311,1222,1017,653,7,239,684,764,595,434,9,379,627,458,422,219
2021,1,A,골목상권,2110002,독립문역 1번,689,209,480,7,173,203,166,102,38,6,37,46,59,37,24,1,136,157,107,65,14
2021,1,A,골목상권,2110001,이북5도청사,5968,4230,1738,11,1084,1435,1383,1526,529,7,566,935,1087,1267,368,4,518,500,296,259,161
2020,4,A,골목상권,2111090,강일동주민센터,744,547,197,0,90,161,195,190,108,0,55,111,143,143,95,0,35,50,52,47,13
2020,4,A,골목상권,2111089,상일여고(상일초등학교),1080,716,364,0,123,216,260,297,184,0,58,146,184,192,136,0,65,70,76,105,48
2020,4,A,골목상권,2111088,고덕동성당,1187,964,223,0,40,92,230,464,361,0,10,55,178,388,333,0,30,37,52,76,28
2020,4,A,골목상권,2111087,고덕중학교(고덕2동주민센터),743,270,473,0,85,157,184,208,109,0,17,54,69,77,53,0,68,103,115,131,56
2020,4,A,골목상권,2111086,한영중고,862,441,421,1,73,196,209,284,99,1,32,75,97,157,79,0,41,121,112,127,20
2020,4,A,골목상권,2111085,묘곡초등학교(고덕아이파크아파트),1560,790,770,0,154,294,388,398,326,0,61,149,173,196,211,0,93,145,215,202,115
2020,4,A,골목상권,2111084,길동신동아아파트,1362,726,636,2,136,245,267,388,324,2,79,146,133,178,188,0,57,99,134,210,136
2020,4,A,골목상권,2111083,GS강동자이아파트,2403,1398,1005,4,274,421,473,661,570,3,157,263,263,330,382,1,117,158,210,331,188
2020,4,A,골목상권,2111082,중앙보훈병원,3359,1319,2040,1,743,904,629,688,394,0,187,326,270,308,228,1,556,578,359,380,166
2020,4,A,골목상권,2111081,둔촌푸르지오아파트,1104,672,432,2,139,198,218,280,267,1,73,121,129,149,199,1,66,77,89,131,68
2020,4,A,골목상권,2111080,굽은다리역 3번,1916,853,1063,2,204,357,453,489,411,0,72,184,206,194,197,2,132,173,247,295,214
2020,4,A,골목상권,2111079,둔촌고등학교(둔촌중학교),4407,1934,2473,5,873,1139,885,927,578,2,262,460,418,421,371,3,611,679,467,506,207
2020,4,A,골목상권,2111078,굽은다리역 4번,4203,2519,1684,9,398,735,962,1078,1021,5,210,458,553,637,656,4,188,277,409,441,365
2020,4,A,골목상권,2111077,길동주민센터(강동도서관),7382,3886,3496,18,774,1285,1701,1972,1632,11,369,733,911,873,989,7,405,552,790,1099,643
2020,4,A,골목상권,2111076,둔촌2동주민센터,2891,1678,1213,5,343,628,708,627,580,3,143,341,445,347,399,2,200,287,263,280,181
2020,4,A,골목상권,2111075,굽은다리역 2번,2664,1415,1249,4,325,517,647,666,505,2,142,299,313,346,313,2,183,218,334,320,192
2020,4,A,골목상권,2111074,명일역 1번,2753,1586,1167,6,360,639,696,662,390,3,186,384,382,384,247,3,174,255,314,278,143
2020,4,A,골목상권,2111073,둔촌동역 1번(한산중학교),7031,3540,3491,23,864,1431,1725,1807,1181,17,408,802,924,722,667,6,456,629,801,1085,514
2020,4,A,골목상권,2111072,굽은다리역 1번(십자성마을),3937,2371,1566,10,383,823,989,935,797,5,173,470,582,587,554,5,210,353,407,348,243
2020,4,A,골목상권,2111071,천동초등학교,2389,1343,1046,2,222,450,615,554,546,1,78,232,345,319,368,1,144,218,270,235,178
2020,4,A,골목상권,2111070,천호초등학교,1943,1134,809,6,159,424,513,540,301,1,60,208,282,348,235,5,99,216,231,192,66
2020,4,A,골목상권,2111069,천호1동주민센터,2681,1438,1243,8,249,538,670,683,533,3,87,245,351,385,367,5,162,293,319,298,166
2020,4,A,골목상권,2111068,강동성심병원,5278,2358,2920,14,977,1083,1209,1196,799,9,331,516,613,453,436,5,646,567,596,743,363
2020,4,A,골목상권,2111067,강동구립성내도서관,8062,3945,4117,26,1296,1623,1874,1847,1396,18,505,849,990,787,796,8,791,774,884,1060,600
2020,4,A,골목상권,2111066,암사동성당(효정하나플러스아파트),1961,1136,825,5,220,423,443,525,345,1,83,210,252,350,240,4,137,213,191,175,105
2020,4,A,골목상권,2111065,천일초등학교,1492,799,693,2,131,236,313,349,461,2,45,104,141,160,347,0,86,132,172,189,114
2020,4,A,골목상권,2111064,둔촌동역 4번,2951,1763,1188,10,355,587,666,719,614,8,178,353,397,419,408,2,177,234,269,300,206
2020,4,A,골목상권,2111063,강동구립 천호도서관,3759,2069,1690,9,344,581,681,729,1415,7,127,263,349,361,962,2,217,318,332,368,453
2020,4,A,골목상권,2111062,둔촌동역 3번(성내3동주민센터),4393,2785,1608,8,584,1064,1191,921,625,7,323,676,750,580,449,1,261,388,441,341,176
2020,4,A,골목상권,2111061,암사역 1번,4194,1874,2320,3,413,710,856,1012,1200,2,170,393,411,369,529,1,243,317,445,643,671
2020,4,A,골목상권,2111060,암사역 2번(서울강동초등학교),3573,1892,1681,10,392,741,923,871,636,5,141,348,473,483,442,5,251,393,450,388,194
2020,4,A,골목상권,2111059,강동역 4번(강풀만화거리),8028,4328,3700,18,1275,1454,1658,1571,2052,8,537,734,860,875,1314,10,738,720,798,696,738
2020,4,A,골목상권,2111058,성내중학교,2639,1612,1027,3,339,606,682,702,307,1,181,384,406,450,190,2,158,222,276,252,117
2020,4,A,골목상권,2111057,천호공원(해공체육문화센터),2118,1068,1050,2,216,311,437,508,644,2,76,120,175,230,465,0,140,191,262,278,179
2020,4,A,골목상권,2111056,천호태영아파트,2758,1458,1300,5,235,331,469,477,1241,1,89,126,195,239,808,4,146,205,274,238,433
2020,4,A,골목상권,2111055,선사초등학교,2553,999,1554,3,292,461,575,738,484,2,137,240,250,203,167,1,155,221,325,535,317
2020,4,A,골목상권,2111054,암사역 4번(삼성광나루아파트),3414,1360,2054,3,354,528,650,844,1035,2,146,268,280,241,423,1,208,260,370,603,612
2020,4,A,골목상권,2111053,성내천어린이공원(하니사랑길),23519,17241,6278,41,2641,6412,5666,5352,3407,17,1608,4669,4234,4068,2645,24,1033,1743,1432,1284,762
2020,4,A,골목상권,2111052,암사역 3번(천호동자전거거리),2457,1236,1221,3,262,428,525,464,775,2,92,220,265,243,414,1,170,208,260,221,361
2020,4,A,골목상권,2111051,천호역 6번,7112,4029,3083,12,975,1636,1725,1854,910,5,493,791,894,1177,669,7,482,845,831,677,241
2020,4,A,골목상권,2111050,강동구청(강동구청역 2번),7541,4687,2854,33,867,1785,1796,1858,1202,14,420,959,1100,1292,902,19,447,826,696,566,300
2020,4,A,골목상권,2111049,천호지구대(천호동자전거거리),2201,1197,1004,9,263,431,513,499,486,5,120,216,267,255,334,4,143,215,246,244,152
2020,4,A,골목상권,2111048,천호역 1번(천호문구완구거리),2003,1064,939,9,254,435,468,419,418,5,102,209,259,213,276,4,152,226,209,206,142
2020,4,A,골목상권,2111047,마천1치안센터,1261,723,538,1,123,268,342,314,213,1,61,146,181,168,166,0,62,122,161,146,47
2020,4,A,골목상권,2111046,마천역(마천초등학교),2822,1633,1189,5,296,604,772,740,405,1,151,347,410,407,317,4,145,257,362,333,88
2020,4,A,골목상권,2111045,개미어린이공원,2261,1195,1066,9,291,357,534,692,378,3,183,228,298,294,189,6,108,129,236,398,189
2020,4,A,골목상권,2111044,남천초등학교,1904,989,915,1,188,378,512,520,305,0,84,186,225,248,246,1,104,192,287,272,59
2020,4,A,골목상권,2111043,마천공원,2200,1378,822,9,268,499,540,524,360,8,156,311,303,321,279,1,112,188,237,203,81
2020,4,A,골목상권,2111042,거여역 1번(거여공원),5740,3468,2272,22,960,1303,1427,1224,804,16,539,869,864,669,511,6,421,434,563,555,293
2020,4,A,골목상권,2111041,거여역 8번,2503,1642,861,8,567,621,572,426,309,6,295,430,406,280,225,2,272,191,166,146,84
2020,4,A,골목상권,2111040,거여초등학교,2682,1704,978,10,328,670,682,619,373,9,189,450,435,362,259,1,139,220,247,257,114
2020,4,A,골목상권,2111039,벌말어린이공원,3276,2054,1222,10,363,791,844,785,483,9,205,519,543,462,316,1,158,272,301,323,167
2020,4,A,골목상권,2111038,보인중학교,3272,2119,1153,14,477,818,802,706,455,13,262,543,547,453,301,1,215,275,255,253,154
2020,4,A,골목상권,2111037,Sh수협은행 오금동금융센터(아랫말어린이공원),1946,1126,820,0,210,436,499,533,268,0,120,281,287,264,174,0,90,155,212,269,94
2020,4,A,골목상권,2111036,투구봉어린이공원,3333,2198,1135,17,531,892,840,726,327,13,342,626,575,425,217,4,189,266,265,301,110
2020,4,A,골목상권,2111035,오금공원(오주중학교),2705,1749,956,2,326,570,689,732,386,1,188,386,470,436,268,1,138,184,219,296,118
2020,4,A,골목상권,2111034,오동나무공원(송파레미니스1단지),4106,2722,1384,7,544,891,1006,1075,583,6,316,606,666,667,461,1,228,285,340,408,122
2020,4,A,골목상권,2111033,문정동성당,33212,26336,6876,13,2679,5820,9576,13087,2037,6,1671,4329,7557,11417,1356,7,1008,1491,2019,1670,681
2020,4,A,골목상권,2111032,방이역 1번,23949,17488,6461,28,3095,5765,6032,5516,3513,14,1835,3956,4600,4519,2564,14,1260,1809,1432,997,949
2020,4,A,골목상권,2111031,장지동주민센터(한림연예예술고교),35724,27914,7810,18,3116,6475,10247,13557,2311,8,1911,4740,7990,11684,1581,10,1205,1735,2257,1873,730
2020,4,A,골목상권,2111030,방이역 2번,21156,15625,5531,20,2708,5088,5454,5034,2852,7,1648,3533,4196,4249,1992,13,1060,1555,1258,785,860
2020,4,A,골목상권,2111029,오금역 4번,7833,5273,2560,14,1268,2371,1930,1379,871,8,740,1577,1338,911,699,6,528,794,592,468,172
2020,4,A,골목상권,2111028,문현중학교(장지역 1번),5636,3366,2270,14,804,1250,1392,1311,865,7,422,774,855,701,607,7,382,476,537,610,258
2020,4,A,골목상권,2111027,문정초등학교,39531,30313,9218,23,3409,6840,10716,14172,4371,9,2010,4917,8267,12013,3097,14,1399,1923,2449,2159,1274
2020,4,A,골목상권,2111026,문정역 2번,6153,3880,2273,10,919,1459,1548,1358,859,5,526,971,988,745,645,5,393,488,560,613,214
2020,4,A,골목상권,2111025,경찰병원역 3번,11774,6132,5642,55,1415,2152,2136,2128,3888,25,571,1173,1208,922,2233,30,844,979,928,1206,1655
2020,4,A,골목상권,2111024,경찰병원역 4번(건너말공원),17836,10455,7381,63,2463,3913,3833,3232,4332,31,1098,2309,2548,1846,2623,32,1365,1604,1285,1386,1709
2020,4,A,골목상권,2111023,문정역 1번,4682,2809,1873,8,724,962,1124,1079,785,2,348,579,724,600,556,6,376,383,400,479,229
2020,4,A,골목상권,2111022,석촌중학교(방이육교),11171,7061,4110,23,1357,2490,2437,2244,2620,9,716,1668,1619,1268,1781,14,641,822,818,976,839
2020,4,A,골목상권,2111021,방이역 4번,11935,8619,3316,39,1562,2502,3053,2900,1879,27,822,1638,2262,2278,1592,12,740,864,791,622,287
2020,4,A,골목상권,2111020,방이동고분군(방산고등학교),6318,3723,2595,19,898,1441,1494,1560,906,12,427,835,927,919,603,7,471,606,567,641,303
2020,4,A,골목상권,2111019,한성백제역 3번,17428,9415,8013,47,2799,3938,3794,4086,2764,34,1482,2587,2120,1689,1503,13,1317,1351,1674,2397,1261
2020,4,A,골목상권,2111018,풍납초등학교(풍납백제문화공원),1322,801,521,0,186,299,301,335,201,0,99,158,169,220,155,0,87,141,132,115,46
2020,4,A,골목상권,2111017,송파나루역 3번,7518,4240,3278,22,1335,1443,1570,1943,1205,16,636,929,992,985,682,6,699,514,578,958,523
2020,4,A,골목상권,2111016,송파역 2번,17063,11286,5777,65,2224,3744,4130,3798,3102,46,1099,2434,3059,2519,2129,19,1125,1310,1071,1279,973
2020,4,A,골목상권,2111015,석촌역 3번,12636,8115,4521,27,1865,3083,2891,2543,2227,11,946,2081,1944,1588,1545,16,919,1002,947,955,682
2020,4,A,골목상권,2111014,송파나루역 2번,14245,8390,5855,26,2077,3609,3332,3152,2049,12,1010,2234,2195,1757,1182,14,1067,1375,1137,1395,867
2020,4,A,골목상권,2111013,송파나루역 1번(송리단길),14226,8959,5267,26,2198,4197,3547,2563,1695,8,1070,2666,2388,1628,1199,18,1128,1531,1159,935,496
2020,4,A,골목상권,2111012,석촌역 6번,6180,3598,2582,11,624,1426,1478,1279,1362,5,303,977,873,617,823,6,321,449,605,662,539
2020,4,A,골목상권,2111011,잠실나루역,10263,8174,2089,42,1383,3190,3039,2132,477,18,976,2602,2477,1735,366,24,407,588,562,397,111
2020,4,A,골목상권,2111010,석촌역 7번,7908,5556,2352,11,859,1781,1872,1423,1962,8,472,1253,1268,916,1639,3,387,528,604,507,323
2020,4,A,골목상권,2111009,송파책박물관,2198,1590,608,5,244,436,453,548,512,3,191,328,324,352,392,2,53,108,129,196,120
2020,4,A,골목상권,2111008,석촌고분역 3번,5190,3263,1927,13,640,1032,1256,1260,989,11,345,636,773,761,737,2,295,396,483,499,252
2020,4,A,골목상권,2111007,석촌고분역 4번,6337,4182,2155,12,863,1398,1389,1437,1238,11,532,949,921,882,887,1,331,449,468,555,351
2020,4,A,골목상권,2111006,석촌고분역 1번,17571,11961,5610,44,2435,3821,4234,3746,3291,29,1307,2544,2976,2542,2563,15,1128,1277,1258,1204,728
2020,4,A,골목상권,2111005,삼전역 3번,6038,4006,2032,15,892,1505,1406,1233,987,5,513,1061,958,761,708,10,379,444,448,472,279
2020,4,A,골목상권,2111004,삼전역 1번,18500,12541,5959,63,2605,4069,4548,4156,3059,21,1379,2681,3191,2968,2301,42,1226,1388,1357,1188,758
2020,4,A,골목상권,2111003,삼전역 4번,5935,3890,2045,37,711,1296,1484,1127,1280,2,366,849,960,726,987,35,345,447,524,401,293
2020,4,A,골목상권,2111002,한국교통안전공단 강남자동차검사소,569,334,235,0,41,89,114,175,150,0,16,52,64,100,102,0,25,37,50,75,48
2020,4,A,골목상권,2111001,아래방죽마을공원(율현초등학교),290,157,133,1,14,42,49,102,82,0,8,28,30,53,38,1,6,14,19,49,44
2020,4,A,골목상권,2111000,대왕초등학교(세곡동사거리서남측),294,138,156,6,35,84,93,56,20,3,11,31,49,30,14,3,24,53,44,26,6
2020,4,A,골목상권,2110999,윗방죽마을공원,464,257,207,3,35,80,86,139,121,1,17,50,56,81,52,2,18,30,30,58,69
2020,4,A,골목상권,2110998,은곡마을(은곡마을공원),128,65,63,3,11,41,35,25,13,1,6,18,19,14,7,2,5,23,16,11,6
2020,4,A,골목상권,2110997,대청초등학교,12566,4876,7690,31,3480,3879,2620,1655,901,3,781,1456,1134,859,643,28,2699,2423,1486,796,258
2020,4,A,골목상권,2110996,대치2동주민센터,37900,18079,19821,265,7022,9437,8584,7750,4842,106,3263,5619,4641,2694,1756,159,3759,3818,3943,5056,3086
2020,4,A,골목상권,2110995,봉은사역 4번,80333,61317,19016,154,15900,21348,21569,17001,4361,88,10163,16112,17810,14553,2591,66,5737,5236,3759,2448,1770
2020,4,A,골목상권,2110994,개포고등학교,4640,2964,1676,57,889,1272,1058,857,507,24,514,821,664,537,404,33,375,451,394,320,103
2020,4,A,골목상권,2110993,개포지하차도 북측,493,214,279,3,70,105,147,115,53,0,16,44,60,58,36,3,54,61,87,57,17
2020,4,A,골목상권,2110992,도곡초등학교,12863,6859,6004,63,2365,3393,3003,2467,1572,35,940,1769,1666,1432,1017,28,1425,1624,1337,1035,555
2020,4,A,골목상권,2110991,삼성중앙역 5번,28503,15784,12719,115,5919,9500,6998,3927,2044,37,2281,5361,4631,2309,1165,78,3638,4139,2367,1618,879
2020,4,A,골목상권,2110990,청담역 12번,10376,6980,3396,39,1551,3276,3120,1867,523,23,669,2073,2406,1424,385,16,882,1203,714,443,138
2020,4,A,골목상권,2110989,대치동아우편취급국,29290,17968,11322,140,4768,8716,7970,4868,2828,17,2007,5273,5502,3456,1713,123,2761,3443,2468,1412,1115
2020,4,A,골목상권,2110988,청담역 3번,18899,9206,9693,73,3792,5684,5341,2877,1132,33,1221,2750,2769,1638,795,40,2571,2934,2572,1239,337
2020,4,A,골목상권,2110987,영동대교남단,8320,5539,2781,40,1422,2410,2185,1548,715,19,663,1584,1632,1125,516,21,759,826,553,423,199
2020,4,A,골목상권,2110986,삼성중앙역 7번,27479,17773,9706,52,3973,10061,7904,3716,1773,15,1757,6297,6233,2496,975,37,2216,3764,1671,1220,798
2020,4,A,골목상권,2110985,청담근린공원,13449,8818,4631,66,2379,3877,3557,2503,1067,35,1141,2595,2592,1729,726,31,1238,1282,965,774,341
2020,4,A,골목상권,2110984,포이초등학교(개포목련어린이공원),6964,4388,2576,20,1326,1965,1598,1256,799,13,815,1286,925,757,592,7,511,679,673,499,207
2020,4,A,골목상권,2110983,국립국악고등학교,3835,2457,1378,13,616,955,928,708,615,2,285,601,613,465,491,11,331,354,315,243,124
2020,4,A,골목상권,2110982,강남구보훈회관,6082,3566,2516,14,1266,1604,1400,963,835,6,513,1046,910,527,564,8,753,558,490,436,271
2020,4,A,골목상권,2110981,국악고교사거리,12357,8276,4081,26,1850,3425,3175,2214,1667,9,980,2320,2252,1450,1265,17,870,1105,923,764,402
2020,4,A,골목상권,2110980,개포지구대옆,25161,10281,14880,88,3951,5726,8389,5194,1813,42,1896,3243,2591,1405,1104,46,2055,2483,5798,3789,709
2020,4,A,골목상권,2110979,청담초등학교,18648,9066,9582,39,5067,6996,3688,1966,892,15,1632,3410,2200,1140,669,24,3435,3586,1488,826,223
2020,4,A,골목상권,2110978,도곡2동주민센터(대치중학교),12302,8363,3939,54,2526,3818,2860,1644,1400,37,1355,2740,2264,1161,806,17,1171,1078,596,483,594
2020,4,A,골목상권,2110977,논현로18길,10006,6917,3089,18,1546,3017,2690,1646,1089,7,822,2051,2060,1150,827,11,724,966,630,496,262
2020,4,A,골목상권,2110976,언북초등학교,11065,5295,5770,25,3211,3774,2056,1187,812,5,1083,1821,1178,701,507,20,2128,1953,878,486,305
2020,4,A,골목상권,2110975,매봉역 1번,22408,15346,7062,84,4644,5711,5884,4648,1437,54,2422,3673,4320,3677,1200,30,2222,2038,1564,971,237
2020,4,A,골목상권,2110974,언주중학교,10084,6627,3457,39,2227,3204,2129,1449,1036,25,1044,1971,1619,1140,828,14,1183,1233,510,309,208
2020,4,A,골목상권,2110973,강남구청역 4번,12597,7190,5407,54,2501,3373,2945,2285,1439,18,1044,2008,1846,1330,944,36,1457,1365,1099,955,495
2020,4,A,골목상권,2110972,강남세브란스병원미래의학연구센터,26073,14646,11427,216,7696,7646,5984,3332,1199,73,3194,4587,3952,1945,895,143,4502,3059,2032,1387,304
2020,4,A,골목상권,2110971,선정릉역 4번,73203,35861,37342,185,15399,20094,18092,15247,4186,90,8048,12361,8646,4171,2545,95,7351,7733,9446,11076,1641
2020,4,A,골목상권,2110970,학동초등학교,12139,7385,4754,45,2463,3692,2909,1837,1193,19,1064,2125,1996,1282,899,26,1399,1567,913,555,294
2020,4,A,골목상권,2110969,베르사이유1아파트,53929,36213,17716,90,9575,16368,14864,10164,2868,34,5089,11243,11284,6616,1947,56,4486,5125,3580,3548,921
2020,4,A,골목상권,2110968,강남구청역 2번,17810,11539,6271,53,3230,4729,4471,3306,2021,17,1463,2823,3248,2441,1547,36,1767,1906,1223,865,474
2020,4,A,골목상권,2110967,역삼역 8번,60702,36823,23879,115,10925,17002,16035,14106,2519,65,7128,12381,9947,5650,1652,50,3797,4621,6088,8456,867
2020,4,A,골목상권,2110966,논현2동주민센터,27417,17538,9879,65,4763,7772,7077,5016,2724,17,2089,4522,4968,3771,2171,48,2674,3250,2109,1245,553
2020,4,A,골목상권,2110965,언주역 6번,12536,6978,5558,32,2785,3988,2917,1723,1091,14,1028,2297,1924,985,730,18,1757,1691,993,738,361
2020,4,A,골목상권,2110964,싸리고개근린공원,16691,13249,3442,26,2072,3680,4901,4766,1246,12,1067,2741,4124,4292,1013,14,1005,939,777,474,233
2020,4,A,골목상권,2110963,역삼월드메르디앙아파트,26645,15919,10726,134,6368,7920,6420,3764,2039,38,2482,4698,4514,2587,1600,96,3886,3222,1906,1177,439
2020,4,A,골목상권,2110962,도산공원북측,7684,4139,3545,25,1867,2746,1614,996,436,9,732,1558,1047,545,248,16,1135,1188,567,451,188
2020,4,A,골목상권,2110961,언주역 3번,25850,16840,9010,70,5483,7931,5602,3658,3106,29,2478,5132,4147,2743,2311,41,3005,2799,1455,915,795
2020,4,A,골목상권,2110960,은광여고,25543,18368,7175,56,2951,5943,6854,7171,2568,40,1640,3961,5282,5652,1793,16,1311,1982,1572,1519,775
2020,4,A,골목상권,2110959,신구중학교,12478,6517,5961,139,2815,3808,2504,1783,1429,50,1173,2082,1655,873,684,89,1642,1726,849,910,745
2020,4,A,골목상권,2110958,역삼역 4번,42236,28666,13570,63,7659,13522,11576,6973,2443,22,3663,8770,8848,5673,1690,41,3996,4752,2728,1300,753
2020,4,A,골목상권,2110957,언북중학교,28690,17182,11508,72,5858,8514,6766,4137,3343,15,2276,4756,4609,3001,2525,57,3582,3758,2157,1136,818
2020,4,A,골목상권,2110956,언주역 8번,15614,9542,6072,57,3754,5177,3520,1901,1205,37,1723,3094,2486,1290,912,20,2031,2083,1034,611,293
2020,4,A,골목상권,2110955,논현초등학교,25381,16658,8723,83,5578,7705,5841,3882,2292,48,2817,5039,4258,2826,1670,35,2761,2666,1583,1056,622
2020,4,A,골목상권,2110954,국기원,23196,12840,10356,110,5238,7616,5998,2944,1290,31,1823,3964,3878,2178,966,79,3415,3652,2120,766,324
2020,4,A,골목상권,2110953,학동근린공원,26213,16160,10053,92,6774,8335,5664,3381,1967,28,2991,5202,4071,2370,1498,64,3783,3133,1593,1011,469
2020,4,A,골목상권,2110952,논현목련공원,10637,6885,3752,21,2104,3370,2518,1670,954,15,1135,2250,1740,1096,649,6,969,1120,778,574,305
2020,4,A,골목상권,2110951,신사은행나무공원,12925,7220,5705,52,3507,3777,2858,1670,1061,15,1315,2106,1920,1102,762,37,2192,1671,938,568,299
2020,4,A,골목상권,2110950,논현역 7번,19297,11636,7661,39,4250,6200,4538,2762,1508,17,1787,3758,3112,1836,1126,22,2463,2442,1426,926,382
2020,4,A,골목상권,2110949,한남IC,12160,7678,4482,41,2351,3690,3261,1910,907,23,1063,2371,2209,1313,699,18,1288,1319,1052,597,208
2020,4,A,골목상권,2110948,헌인가구단지,57,27,30,0,5,24,14,11,3,0,4,12,6,2,3,0,1,12,8,9,0
2020,4,A,골목상권,2110947,청계산입구역 2번(내곡동주민센터),326,172,154,0,38,55,98,76,59,0,17,30,68,33,24,0,21,25,30,43,35
2020,4,A,골목상권,2110946,청계산원터골,271,144,127,0,34,50,81,50,56,0,15,29,58,20,22,0,19,21,23,30,34
2020,4,A,골목상권,2110945,본마을노인복지센터(서초구립내곡도서관),383,240,143,3,62,91,87,89,51,3,25,53,59,64,36,0,37,38,28,25,15
2020,4,A,골목상권,2110944,서울나래학교(염곡어린이공원),20185,16768,3417,29,2090,4170,6159,6991,746,22,1509,3356,5018,6304,559,7,581,814,1141,687,187
2020,4,A,골목상권,2110943,법제교육센터(버들어린이공원),7684,4780,2904,20,1200,1903,1957,1484,1120,11,643,1190,1209,900,827,9,557,713,748,584,293
2020,4,A,골목상권,2110942,염곡동 구룡사(포이동성당),32043,24395,7648,74,4187,7325,9070,9280,2107,40,2598,5356,6923,7833,1645,34,1589,1969,2147,1447,462
2020,4,A,골목상권,2110941,언남고등학교,4779,3108,1671,28,739,1265,1190,966,591,17,414,816,783,644,434,11,325,449,407,322,157
2020,4,A,골목상권,2110940,양재근린공원(양재2동주민센터),8689,5762,2927,47,1434,2277,2149,1768,1014,26,766,1507,1483,1202,778,21,668,770,666,566,236
2020,4,A,골목상권,2110939,양재역 8번(양재동우체국),45731,23354,22377,508,9762,11110,12644,8019,3688,246,4819,6778,5503,3276,2732,262,4943,4332,7141,4743,956
2020,4,A,골목상권,2110938,바우뫼공원,11265,6894,4371,329,3630,2824,2266,1433,783,154,1891,1856,1564,870,559,175,1739,968,702,563,224
2020,4,A,골목상권,2110937,방아다리근린공원(횃불트리니티신학대학원대학교),17876,11487,6389,356,5244,5033,3649,2329,1265,166,2714,3411,2635,1557,1004,190,2530,1622,1014,772,261
2020,4,A,골목상권,2110936,더케이호텔(양재리본타워2단지아파트),3869,2981,888,16,803,1160,864,700,326,10,552,922,691,565,241,6,251,238,173,135,85
2020,4,A,골목상권,2110935,한전아트센터,20312,15954,4358,47,3699,7326,4955,3496,789,19,2201,5852,4154,3079,649,28,1498,1474,801,417,140
2020,4,A,골목상권,2110934,우면주공아파트,3248,1908,1340,6,549,981,879,631,202,5,199,529,564,460,151,1,350,452,315,171,51
2020,4,A,골목상권,2110933,한국상담대학원대학교,6457,3774,2683,19,1551,1930,1522,1006,429,6,610,1213,1030,624,291,13,941,717,492,382,138
2020,4,A,골목상권,2110932,서울시인재개발원,6066,3421,2645,20,1419,1827,1388,942,470,6,486,1071,936,597,325,14,933,756,452,345,145
2020,4,A,골목상권,2110931,삼성전자서울R&D(서울우면초등학교),1471,770,701,0,273,440,390,329,39,0,89,178,228,248,27,0,184,262,162,81,12
2020,4,A,골목상권,2110930,서초동성당,40185,22492,17693,64,7459,10413,9292,10954,2003,36,2906,5657,4975,7438,1480,28,4553,4756,4317,3516,523
2020,4,A,골목상권,2110929,남부터미널역 1번,40801,22975,17826,94,8567,10227,8785,10521,2607,29,2961,5530,5108,7404,1943,65,5606,4697,3677,3117,664
2020,4,A,골목상권,2110928,서초우방유쉘아파트,14636,8308,6328,79,2911,3987,3610,2696,1353,42,1209,2357,2220,1538,942,37,1702,1630,1390,1158,411
2020,4,A,골목상권,2110927,잠원역,5195,2975,2220,14,1049,1543,1215,847,527,5,440,957,806,467,300,9,609,586,409,380,227
2020,4,A,골목상권,2110926,신중초등학교,20711,15020,5691,29,2823,6720,5736,3692,1711,13,1488,4871,4651,2834,1163,16,1335,1849,1085,858,548
2020,4,A,골목상권,2110925,서초중학교,9296,5492,3804,52,1961,2662,2169,1374,1078,25,798,1591,1465,898,715,27,1163,1071,704,476,363
2020,4,A,골목상권,2110924,반포4동주민센터(몽마르뜨공원),83099,74961,8138,37,8203,17350,22275,32239,2995,19,6505,14740,20038,31075,2584,18,1698,2610,2237,1164,411
2020,4,A,골목상권,2110923,방배역 1번,8904,5663,3241,101,1440,2646,2283,1421,1013,32,731,1526,1586,1012,776,69,709,1120,697,409,237
2020,4,A,골목상권,2110922,내방역 1번,16882,11227,5655,77,3284,5206,4097,3133,1085,58,1557,3103,3051,2630,828,19,1727,2103,1046,503,257
2020,4,A,골목상권,2110921,서울프랑스학교,83562,76383,7179,44,8142,17368,22255,32750,3003,26,6585,15123,20344,31698,2607,18,1557,2245,1911,1052,396
2020,4,A,골목상권,2110920,방배역 2번(백석예술대학교),9972,5994,3978,105,1806,2901,2264,1609,1287,29,832,1640,1444,1069,980,76,974,1261,820,540,307
2020,4,A,골목상권,2110919,내방역 8번,23026,14891,8135,70,3979,7139,6333,3943,1562,37,1696,4093,4651,3200,1214,33,2283,3046,1682,743,348
2020,4,A,골목상권,2110918,방배역 3번,10816,7193,3623,65,2219,3056,2465,1686,1325,48,1253,2103,1744,1060,985,17,966,953,721,626,340
2020,4,A,골목상권,2110917,서초소방서,12422,9657,2765,29,1384,3372,3553,3049,1035,18,855,2598,2947,2472,767,11,529,774,606,577,268
2020,4,A,골목상권,2110916,내방역 4번,11774,7659,4115,75,2322,3382,2734,1833,1428,62,1295,2295,1844,1148,1015,13,1027,1087,890,685,413
2020,4,A,골목상권,2110915,서래초등학교,94789,82594,12195,60,11017,20797,25059,34620,3236,23,7412,16877,22213,33205,2864,37,3605,3920,2846,1415,372
2020,4,A,골목상권,2110914,내방역 6번,7659,4955,2704,25,1383,2047,1723,1397,1084,13,683,1314,1154,948,843,12,700,733,569,449,241
2020,4,A,골목상권,2110913,방현초등학교(방배119안전센터),13661,7814,5847,27,2260,4039,3860,2228,1247,6,966,2297,2227,1448,870,21,1294,1742,1633,780,377
2020,4,A,골목상권,2110912,방배동사이길,15348,9117,6231,40,3489,4414,3802,2689,914,11,1112,2520,2641,2084,749,29,2377,1894,1161,605,165
2020,4,A,골목상권,2110911,방배배수지체육공원,9356,5053,4303,21,1411,2855,2730,1512,827,7,554,1540,1393,987,572,14,857,1315,1337,525,255
2020,4,A,골목상권,2110910,내방역 5번,8226,4933,3293,29,1467,1910,1854,1558,1408,18,612,1121,1123,986,1073,11,855,789,731,572,335
2020,4,A,골목상권,2110909,남태령역(서울전자고등학교),980,650,330,3,37,95,211,424,210,3,11,56,137,285,158,0,26,39,74,139,52
2020,4,A,골목상권,2110908,구반포역,10206,5558,4648,82,1769,2563,2691,2291,810,77,764,1411,1582,1201,523,5,1005,1152,1109,1090,287
2020,4,A,골목상권,2110907,방배초등학교,9463,5322,4141,34,1449,1969,2194,2016,1801,18,591,1121,1241,1097,1254,16,858,848,953,919,547
2020,4,A,골목상권,2110906,서문여고,12830,5897,6933,22,2398,3237,3851,2269,1053,7,757,1390,1825,1223,695,15,1641,1847,2026,1046,358
2020,4,A,골목상권,2110905,방배노인종합복지관(이수중학교),7088,3248,3840,14,1430,1975,1825,1194,650,2,492,840,856,644,414,12,938,1135,969,550,236
2020,4,A,골목상권,2110904,이수역 5번,8769,3652,5117,28,1705,2258,2104,1550,1124,11,568,901,855,658,659,17,1137,1357,1249,892,465
2020,4,A,골목상권,2110903,방배아이파크아파트,17572,8950,8622,21,2787,4332,4867,3195,2370,8,911,1898,2409,1828,1896,13,1876,2434,2458,1367,474
2020,4,A,골목상권,2110902,사당역 4번,5046,3244,1802,7,832,1231,1323,951,702,5,434,787,876,621,521,2,398,444,447,330,181
2020,4,A,골목상권,2110901,인헌고등학교(인헌중학교),2102,1093,1009,7,323,545,600,405,222,4,150,278,296,187,178,3,173,267,304,218,44
2020,4,A,골목상권,2110900,낙성대역 1번(관악구민 종합체육센터),5205,3133,2072,15,1042,1513,1190,800,645,7,483,957,724,463,499,8,559,556,466,337,146
2020,4,A,골목상권,2110899,낙성대역 5번(관악중학교),4750,3171,1579,19,928,1383,1072,761,587,11,469,968,738,513,472,8,459,415,334,248,115
2020,4,A,골목상권,2110898,청림동주민센터(상도중학교),3450,1948,1502,3,505,1104,1104,537,197,2,228,621,634,318,145,1,277,483,470,219,52
2020,4,A,골목상권,2110897,서울대입구역 8번,3920,2161,1759,18,646,860,915,882,599,10,268,453,509,503,418,8,378,407,406,379,181
2020,4,A,골목상권,2110896,관악우성아파트,799,291,508,4,114,127,193,218,143,3,40,45,67,80,56,1,74,82,126,138,87
2020,4,A,골목상권,2110895,샤로수길,10222,6144,4078,27,1727,3006,2245,2098,1119,14,783,1749,1342,1397,859,13,944,1257,903,701,260
2020,4,A,골목상권,2110894,관악동부센트레빌아파트(은천로35라길),7336,2753,4583,54,1023,1249,1644,2245,1121,30,476,663,753,603,228,24,547,586,891,1642,893
2020,4,A,골목상권,2110893,관악소방서(문영여고),1875,1446,429,2,350,573,417,435,98,1,241,446,313,364,81,1,109,127,104,71,17
2020,4,A,골목상권,2110892,관악구 중앙길,4838,2402,2436,12,705,953,1155,1126,887,7,243,435,562,631,524,5,462,518,593,495,363
2020,4,A,골목상권,2110891,구암초등학교,1510,676,834,1,244,400,465,274,126,0,74,176,222,137,67,1,170,224,243,137,59
2020,4,A,골목상권,2110890,봉천역 1번(관악초등학교),2594,1111,1483,7,502,694,561,417,413,3,119,262,264,217,246,4,383,432,297,200,167
2020,4,A,골목상권,2110889,봉천역 6번,2545,1344,1201,2,320,470,540,632,581,1,129,231,296,373,314,1,191,239,244,259,267
2020,4,A,골목상권,2110888,청룡동주민센터,2099,907,1192,4,408,600,515,327,245,0,86,215,246,182,178,4,322,385,269,145,67
2020,4,A,골목상권,2110887,서울산업정보학교(서울삼성초등학교),1523,976,547,3,160,328,383,455,194,1,58,159,255,349,154,2,102,169,128,106,40
2020,4,A,골목상권,2110886,관악해태어린이공원,1665,1062,603,3,148,265,453,511,285,1,57,128,278,370,228,2,91,137,175,141,57
2020,4,A,골목상권,2110885,영락고등학교,1893,1032,861,8,261,357,479,409,379,2,125,180,245,234,246,6,136,177,234,175,133
2020,4,A,골목상권,2110884,봉천역 4번(봉천110안전센터),4024,1687,2337,16,619,799,866,1104,620,3,163,358,395,397,371,13,456,441,471,707,249
2020,4,A,골목상권,2110883,은천초등학교(은천교앞),3528,1525,2003,18,494,684,812,1011,509,3,133,308,387,360,334,15,361,376,425,651,175
2020,4,A,골목상권,2110882,신성초등학교,3420,2456,964,10,526,699,935,786,464,2,341,512,686,592,323,8,185,187,249,194,141
2020,4,A,골목상권,2110881,구립대학경로당(관악산샘말공원),3797,2632,1165,10,521,941,1074,882,369,3,294,607,786,658,284,7,227,334,288,224,85
2020,4,A,골목상권,2110880,신림역 1번,2278,911,1367,4,518,556,461,452,287,1,128,213,230,166,173,3,390,343,231,286,114
2020,4,A,골목상권,2110879,신림현대아파트,1503,793,710,7,249,266,356,320,305,1,112,137,184,178,181,6,137,129,172,142,124
2020,4,A,골목상권,2110878,미림여고,760,404,356,6,82,201,203,172,96,1,25,95,123,91,69,5,57,106,80,81,27
2020,4,A,골목상권,2110877,신림역 8번,3894,1878,2016,7,700,826,840,835,686,3,217,354,438,393,473,4,483,472,402,442,213
2020,4,A,골목상권,2110876,서원동주민센터(신관중학교),2115,996,1119,9,238,350,386,523,609,1,98,176,204,211,306,8,140,174,182,312,303
2020,4,A,골목상권,2110875,보라매동주민센터(당곡고등학교),1363,723,640,3,157,282,311,338,272,1,67,137,153,175,190,2,90,145,158,163,82
2020,4,A,골목상권,2110874,원신초등학교(구세군관악영문교회),1118,557,561,8,124,254,308,281,143,2,31,106,166,149,103,6,93,148,142,132,40
2020,4,A,골목상권,2110873,당곡중학교,3337,1850,1487,9,500,680,793,702,653,5,233,361,440,359,452,4,267,319,353,343,201
2020,4,A,골목상권,2110872,신림초등학교,930,502,428,5,122,218,227,219,139,3,61,122,131,115,70,2,61,96,96,104,69
2020,4,A,골목상권,2110871,신원동주민센터,1612,855,757,5,156,282,321,377,471,0,73,153,184,186,259,5,83,129,137,191,212
2020,4,A,골목상권,2110870,신림주공2단지(광신고등학교),1141,670,471,2,115,187,305,328,204,0,57,100,158,196,159,2,58,87,147,132,45
2020,4,A,골목상권,2110869,"신림역 5번(신림동주민센터, 신림동별빛거리)",4076,2363,1713,5,448,899,1044,811,869,3,183,488,584,482,623,2,265,411,460,329,246
2020,4,A,골목상권,2110868,남부초등학교,2177,1250,927,6,230,384,451,528,578,2,123,247,247,289,342,4,107,137,204,239,236
2020,4,A,골목상권,2110867,국제신학대학원대학교(남서울중학교),2153,1276,877,6,202,394,446,534,571,1,116,254,260,305,340,5,86,140,186,229,231
2020,4,A,골목상권,2110866,난우중학교,1349,680,669,0,156,268,351,372,202,0,54,119,161,198,148,0,102,149,190,174,54
2020,4,A,골목상권,2110865,남강고등학교(남강중학교),1484,757,727,10,165,277,355,427,250,7,75,151,179,198,147,3,90,126,176,229,103
2020,4,A,골목상권,2110864,신림우방아파트,3375,2463,912,2,520,914,1049,663,227,2,254,676,843,528,160,0,266,238,206,135,67
2020,4,A,골목상권,2110863,난우초등학교,1442,710,732,21,172,297,310,390,252,16,69,135,139,194,157,5,103,162,171,196,95
2020,4,A,골목상권,2110862,난곡초등학교(난곡동벽화마을),1010,522,488,6,119,185,246,257,197,4,51,89,116,122,140,2,68,96,130,135,57
2020,4,A,골목상권,2110861,관악구신사동주민센터,5342,3589,1753,7,791,1451,1510,1080,503,5,372,999,1127,747,339,2,419,452,383,333,164
2020,4,A,골목상권,2110860,호림박물관(성보고등학교),2271,1322,949,6,331,597,540,529,268,2,143,327,328,314,208,4,188,270,212,215,60
2020,4,A,골목상권,2110859,난향초등학교,670,335,335,1,62,132,182,148,145,0,6,55,76,79,119,1,56,77,106,69,26
2020,4,A,골목상권,2110858,신대방역 1번,2937,2211,726,0,458,834,956,538,151,0,224,640,808,434,105,0,234,194,148,104,46
2020,4,A,골목상권,2110857,미성동주민센터,1420,669,751,18,192,290,315,355,250,13,86,141,143,141,145,5,106,149,172,214,105
2020,4,A,골목상권,2110856,미성초등학교,5509,3786,1723,18,482,944,1029,1026,2010,13,244,557,635,596,1741,5,238,387,394,430,269
2020,4,A,골목상권,2110855,신대방역 2번,7238,5206,2032,7,1079,1599,1673,1188,1692,3,461,1082,1234,877,1549,4,618,517,439,311,143
2020,4,A,골목상권,2110854,조원동주민센터,4035,2937,1098,4,549,688,667,631,1496,2,252,444,407,434,1398,2,297,244,260,197,98
2020,4,A,골목상권,2110853,KT구로지사,3290,1991,1299,8,459,914,780,685,444,0,205,548,483,423,332,8,254,366,297,262,112
2020,4,A,골목상권,2110852,이수역 9번,3811,1920,1891,8,745,927,993,751,387,1,218,418,515,476,292,7,527,509,478,275,95
2020,4,A,골목상권,2110851,경문고등학교(동작동성당),4456,2067,2389,17,740,1150,1184,943,422,8,269,580,679,373,158,9,471,570,505,570,264
2020,4,A,골목상권,2110850,사당역 10번,10320,5639,4681,18,1880,2576,2671,1839,1336,7,705,1317,1483,1154,973,11,1175,1259,1188,685,363
2020,4,A,골목상권,2110849,이수역 10번,3768,1745,2023,10,433,701,854,817,953,3,153,309,390,345,545,7,280,392,464,472,408
2020,4,A,골목상권,2110848,양지어린이공원,3256,1724,1532,6,441,566,741,634,868,2,119,275,356,341,631,4,322,291,385,293,237
2020,4,A,골목상권,2110847,예술인마을,2530,1528,1002,4,338,589,673,515,411,3,154,331,385,307,348,1,184,258,288,208,63
2020,4,A,골목상권,2110846,남성역 1번,3630,1865,1765,7,330,623,941,836,893,4,126,281,402,423,629,3,204,342,539,413,264
2020,4,A,골목상권,2110845,사당종합체육관,2397,1431,966,1,354,627,650,552,213,0,148,356,441,330,156,1,206,271,209,222,57
2020,4,A,골목상권,2110844,흑석2치안센터,241,126,115,1,35,73,58,42,32,1,19,32,33,17,24,0,16,41,25,25,8
2020,4,A,골목상권,2110843,사당5동주민센터,1194,583,611,1,98,212,342,336,205,0,37,73,143,177,153,1,61,139,199,159,52
2020,4,A,골목상권,2110842,흑리단길,556,270,286,1,66,101,146,139,103,0,20,42,66,74,68,1,46,59,80,65,35
2020,4,A,골목상권,2110841,중대부중,674,354,320,1,103,154,161,163,92,0,51,94,81,73,55,1,52,60,80,90,37
2020,4,A,골목상권,2110840,중앙대학교,882,502,380,1,124,191,228,200,138,0,56,112,135,111,88,1,68,79,93,89,50
2020,4,A,골목상권,2110839,숭실대입구역 4번,3697,2231,1466,2,394,1053,1227,711,310,1,181,582,728,474,265,1,213,471,499,237,45
2020,4,A,골목상권,2110838,상도1동주민센터앞,1392,870,522,1,93,249,390,421,238,0,42,120,242,271,195,1,51,129,148,150,43
2020,4,A,골목상권,2110837,숭실대입구역 1번,8221,3493,4728,54,1030,1379,1902,2545,1311,29,523,747,944,810,440,25,507,632,958,1735,871
2020,4,A,골목상권,2110836,상도역 5번,5025,2807,2218,14,875,1350,1197,1030,559,3,367,761,710,615,351,11,508,589,487,415,208
2020,4,A,골목상권,2110835,상도역 1번,2038,1023,1015,7,367,582,498,390,194,2,128,317,279,178,119,5,239,265,219,212,75
2020,4,A,골목상권,2110834,동작구자원봉사센터,3162,1812,1350,14,353,723,846,740,486,11,174,415,515,413,284,3,179,308,331,327,202
2020,4,A,골목상권,2110833,상도역 2번,1715,864,851,7,261,455,433,361,198,2,97,247,248,166,104,5,164,208,185,195,94
2020,4,A,골목상권,2110832,노량진초등학교,5002,2714,2288,10,799,1411,1191,1071,520,2,412,703,650,640,307,8,387,708,541,431,213
2020,4,A,골목상권,2110831,상도4동주민센터,2239,1368,871,3,307,506,509,590,324,2,153,295,324,435,159,1,154,211,185,155,165
2020,4,A,골목상권,2110830,상도초등학교,1330,625,705,0,226,298,336,312,158,0,96,129,138,163,99,0,130,169,198,149,59
2020,4,A,골목상권,2110829,장승배기역 5번,2349,1304,1045,2,395,511,541,549,351,1,260,279,263,290,211,1,135,232,278,259,140
2020,4,A,골목상권,2110828,노량진역 6번,8869,5087,3782,23,1227,2717,2373,1773,756,5,584,1515,1420,1093,470,18,643,1202,953,680,286
2020,4,A,골목상권,2110827,NH농협은행 상도동지점,1462,630,832,2,132,273,365,370,320,1,43,127,154,151,154,1,89,146,211,219,166
2020,4,A,골목상권,2110826,장승배기역 4번,2029,905,1124,3,266,455,516,421,368,1,108,218,207,182,189,2,158,237,309,239,179
2020,4,A,골목상권,2110825,신대방삼거리역 1번,2536,1465,1071,4,276,526,686,635,409,2,138,298,391,351,285,2,138,228,295,284,124
2020,4,A,골목상권,2110824,대방역 3번,3761,1903,1858,11,679,1005,971,680,415,4,247,541,503,341,267,7,432,464,468,339,148
2020,4,A,골목상권,2110823,신대방삼거리역 3번,19702,12375,7327,54,3771,3849,3316,4703,4009,29,2894,3042,2093,2221,2096,25,877,807,1223,2482,1913
2020,4,A,골목상권,2110822,신대방삼거리역 4번(대림초등학교),21761,14425,7336,49,4293,4465,3481,5406,4067,25,3222,3610,2369,3027,2172,24,1071,855,1112,2379,1895
2020,4,A,골목상권,2110821,보라매역 2번,20232,12822,7410,53,3814,3970,3335,4772,4288,28,2871,3169,2141,2333,2280,25,943,801,1194,2439,2008
2020,4,A,골목상권,2110820,성남고등학교,5261,3799,1462,6,897,1096,1024,1672,566,4,555,782,724,1306,428,2,342,314,300,366,138
2020,4,A,골목상권,2110819,신대방역 4번,8413,4800,3613,22,1758,2323,2095,1432,783,15,703,1397,1279,875,531,7,1055,926,816,557,252
2020,4,A,골목상권,2110818,신대방역 3번,3077,1741,1336,5,647,827,709,528,361,3,245,488,428,333,244,2,402,339,281,195,117
2020,4,A,골목상권,2110817,대방역 4번,4185,2172,2013,10,770,1046,1050,736,573,4,304,573,566,365,360,6,466,473,484,371,213
2020,4,A,골목상권,2110816,대방역 6번,3962,2050,1912,10,759,1006,1000,663,524,4,298,549,535,333,331,6,461,457,465,330,193
2020,4,A,골목상권,2110815,공군호텔,4714,2349,2365,7,784,1077,1138,980,728,1,277,561,601,456,453,6,507,516,537,524,275
2020,4,A,골목상권,2110814,서울지방병무청,7603,4784,2819,9,1346,1680,1544,2153,871,3,693,1084,953,1469,582,6,653,596,591,684,289
2020,4,A,골목상권,2110813,보라매역 6번,6876,4830,2046,11,1220,1596,1384,1792,873,6,699,1147,989,1373,616,5,521,449,395,419,257
2020,4,A,골목상권,2110812,신길6동주민센터,4624,2863,1761,10,727,1148,1135,989,615,4,315,738,735,653,418,6,412,410,400,336,197
2020,4,A,골목상권,2110811,보라매역 4번,2766,1733,1033,6,446,755,710,512,337,4,184,499,472,333,241,2,262,256,238,179,96
2020,4,A,골목상권,2110810,영신초등학교,3517,1894,1623,3,458,736,791,799,730,0,206,397,450,391,450,3,252,339,341,408,280
2020,4,A,골목상권,2110809,장훈고등학교,1606,910,696,1,204,371,337,337,356,0,98,181,189,193,249,1,106,190,148,144,107
2020,4,A,골목상권,2110808,신길역 1번,1592,740,852,5,182,313,417,413,262,2,80,156,192,166,144,3,102,157,225,247,118
2020,4,A,골목상권,2110807,신길역 3번,1638,807,831,11,174,333,401,411,308,8,82,179,196,176,166,3,92,154,205,235,142
2020,4,A,골목상권,2110806,서울시립영등포장애인복지관,2387,1673,714,16,364,520,569,547,371,8,193,343,417,410,302,8,171,177,152,137,69
2020,4,A,골목상권,2110805,신길새마을금고신길4동지점,1216,700,516,1,199,271,315,295,135,0,101,161,180,161,97,1,98,110,135,134,38
2020,4,A,골목상권,2110804,신풍역 1번,2372,1166,1206,3,272,549,698,504,346,2,123,257,287,245,252,1,149,292,411,259,94
2020,4,A,골목상권,2110803,신길2동우편취급국,2509,1438,1071,6,234,521,553,547,648,3,108,251,286,304,486,3,126,270,267,243,162
2020,4,A,골목상권,2110802,신길동홍어거리,1971,1091,880,2,192,411,401,426,539,0,72,183,199,241,396,2,120,228,202,185,143
2020,4,A,골목상권,2110801,신풍역 6번(신길6동공영주차장),301,115,186,1,34,45,73,79,69,0,1,15,27,34,38,1,33,30,46,45,31
2020,4,A,골목상권,2110800,영등포동성당,5362,2916,2446,19,1329,1256,1139,983,636,8,431,652,702,637,486,11,898,604,437,346,150
2020,4,A,골목상권,2110799,영등포본동주민센터,3983,2135,1848,33,649,947,932,981,441,14,258,423,511,605,324,19,391,524,421,376,117
2020,4,A,골목상권,2110798,신풍역 2번,2122,1241,881,11,207,502,639,459,304,7,108,296,321,278,231,4,99,206,318,181,73
2020,4,A,골목상권,2110797,KT대방빌딩,3144,1496,1648,9,820,808,770,523,214,6,240,402,374,312,162,3,580,406,396,211,52
2020,4,A,골목상권,2110796,한림대학교한강성심병원,5632,3268,2364,8,1305,1322,1284,1015,698,0,411,703,861,726,567,8,894,619,423,289,131
2020,4,A,골목상권,2110795,도림초등학교,1828,1023,805,5,184,344,440,434,421,3,71,175,248,241,285,2,113,169,192,193,136
2020,4,A,골목상권,2110794,영동초등학교,8718,5133,3585,8,1743,2212,2176,1709,870,4,679,1371,1441,1029,609,4,1064,841,735,680,261
2020,4,A,골목상권,2110793,대림썬프라자,2818,1319,1499,8,768,694,688,474,186,5,217,345,325,283,144,3,551,349,363,191,42
2020,4,A,골목상권,2110792,영등포역 2번,5923,3190,2733,47,860,1497,1434,1376,709,16,347,682,787,863,495,31,513,815,647,513,214
2020,4,A,골목상권,2110791,신풍역 3번,1383,586,797,2,125,278,433,323,222,1,61,103,121,135,165,1,64,175,312,188,57
2020,4,A,골목상권,2110790,대림1동주민센터,2429,1435,994,10,228,503,715,574,399,6,126,305,368,341,289,4,102,198,347,233,110
2020,4,A,골목상권,2110789,대림성모병원,4450,2148,2302,2,1231,1263,925,658,371,2,390,671,514,343,228,0,841,592,411,315,143
2020,4,A,골목상권,2110788,영등포시장역 3번,1667,1051,616,4,180,309,409,385,380,2,99,204,272,245,229,2,81,105,137,140,151
2020,4,A,골목상권,2110787,신길3동주민센터,1222,699,523,4,115,241,343,317,202,4,48,124,193,184,146,0,67,117,150,133,56
2020,4,A,골목상권,2110786,당산역 8번,7825,5499,2326,20,1077,1908,2064,1786,970,6,520,1259,1536,1421,757,14,557,649,528,365,213
2020,4,A,골목상권,2110785,영등포푸르지오아파트,2451,1619,832,9,260,554,675,578,375,6,121,360,452,397,283,3,139,194,223,181,92
2020,4,A,골목상권,2110784,신대림초등학교,1107,505,602,0,169,239,283,265,151,0,37,90,140,139,99,0,132,149,143,126,52
2020,4,A,골목상권,2110783,영등포시장역 1번,4972,3155,1817,7,670,1173,1173,1290,659,4,428,837,769,737,380,3,242,336,404,553,279
2020,4,A,골목상권,2110782,영등포시장역 4번,2465,1324,1141,11,360,533,568,540,453,3,132,283,346,306,254,8,228,250,222,234,199
2020,4,A,골목상권,2110781,대림한신아파트,2334,1304,1030,3,330,410,531,592,468,0,115,225,289,336,339,3,215,185,242,256,129
2020,4,A,골목상권,2110780,신길대성유니드아파트,1455,969,486,1,140,290,376,383,265,1,90,176,235,250,217,0,50,114,141,133,48
2020,4,A,골목상권,2110779,대림갑을명가아파트,1069,666,403,1,100,175,270,315,208,0,50,111,168,188,149,1,50,64,102,127,59
2020,4,A,골목상권,2110778,구로디지털단지역 4번,17970,10395,7575,62,3849,6187,4533,2071,1268,25,1650,3691,2861,1304,864,37,2199,2496,1672,767,404
2020,4,A,골목상권,2110777,구로세무서,8769,5040,3729,42,1718,2576,2320,1425,688,12,658,1412,1465,941,552,30,1060,1164,855,484,136
2020,4,A,골목상권,2110776,도신초등학교,4733,3293,1440,15,581,1138,1372,1021,606,5,303,810,1017,693,465,10,278,328,355,328,141
2020,4,A,골목상권,2110775,대동초등학교,2459,1332,1127,3,269,325,473,553,836,2,89,164,242,302,533,1,180,161,231,251,303
2020,4,A,골목상권,2110774,당산반도유보라팰리스아파트,8457,4962,3495,26,1814,2431,1605,1556,1025,16,821,1362,1009,1027,727,10,993,1069,596,529,298
2020,4,A,골목상권,2110773,당산역 13번,2905,1950,955,5,412,582,610,614,682,2,235,382,388,415,528,3,177,200,222,199,154
2020,4,A,골목상권,2110772,신우어린이공원,2997,2132,865,12,429,826,887,541,302,4,220,608,699,381,220,8,209,218,188,160,82
2020,4,A,골목상권,2110771,대림역 11번,2948,1669,1279,6,319,411,591,693,928,2,109,223,321,410,604,4,210,188,270,283,324
2020,4,A,골목상권,2110770,영등포구청역 6번,4260,2620,1640,11,498,892,1114,882,863,8,216,483,672,580,661,3,282,409,442,302,202
2020,4,A,골목상권,2110769,대림차이나타운(대림역 12번),2722,1534,1188,6,326,457,574,598,761,4,134,255,332,345,464,2,192,202,242,253,297
2020,4,A,골목상권,2110768,도림2동유수지내체육시설,2354,1370,984,12,303,517,598,503,421,8,98,264,326,358,316,4,205,253,272,145,105
2020,4,A,골목상권,2110767,도림동주민센터,3182,1885,1297,15,390,687,802,650,638,9,145,362,448,425,496,6,245,325,354,225,142
2020,4,A,골목상권,2110766,대림역 5번,11181,7292,3889,23,1207,2226,2566,2591,2568,10,630,1648,1904,1582,1518,13,577,578,662,1009,1050
2020,4,A,골목상권,2110765,문래동사거리,7830,4633,3197,26,1429,2100,2107,1368,800,12,580,1203,1318,865,655,14,849,897,789,503,145
2020,4,A,골목상권,2110764,문래역 3번,4607,2577,2030,6,1067,1049,1088,744,653,3,348,575,673,486,492,3,719,474,415,258,161
2020,4,A,골목상권,2110763,영등포구청역 2번,8695,4343,4352,23,1697,2301,1702,1681,1291,12,718,1211,954,756,692,11,979,1090,748,925,599
2020,4,A,골목상권,2110762,선유도역 1번,13668,7921,5747,38,2474,3715,3705,2298,1438,14,1069,2259,2141,1374,1064,24,1405,1456,1564,924,374
2020,4,A,골목상권,2110761,문래동남성맨션,2530,1610,920,7,264,524,672,539,524,2,128,308,394,353,425,5,136,216,278,186,99
2020,4,A,골목상권,2110760,선유도역 6번,12817,7184,5633,36,2497,3665,3582,1995,1042,13,1072,2185,2010,1151,753,23,1425,1480,1572,844,289
2020,4,A,골목상권,2110759,문래예술촌(문래창작촌),66557,51492,15065,62,8833,22832,21900,9809,3121,32,5445,17498,18835,7910,1772,30,3388,5334,3065,1899,1349
2020,4,A,골목상권,2110758,문래소공원,15574,8153,7421,106,3451,3930,3390,3353,1344,31,1573,2867,1720,962,1000,75,1878,1063,1670,2391,344
2020,4,A,골목상권,2110757,양평역 2번,5127,3795,1332,16,638,1290,1232,1011,940,8,379,981,930,735,762,8,259,309,302,276,178
2020,4,A,골목상권,2110756,문래중학교,2728,1912,816,3,291,594,707,629,504,0,153,434,496,443,386,3,138,160,211,186,118
2020,4,A,골목상권,2110755,동일여자고등학교,2135,1066,1069,22,282,514,513,476,328,16,133,279,259,198,181,6,149,235,254,278,147
2020,4,A,골목상권,2110754,삼성산자연공원(서울금천초등학교),2472,1302,1170,24,320,567,623,566,372,17,150,318,341,253,223,7,170,249,282,313,149
2020,4,A,골목상권,2110753,시흥동 은행나무사거리,2070,1119,951,8,216,426,499,538,383,7,110,244,247,282,229,1,106,182,252,256,154
2020,4,A,골목상권,2110752,한울중학교,2508,1442,1066,13,371,511,631,654,328,10,227,286,332,344,243,3,144,225,299,310,85
2020,4,A,골목상권,2110751,난곡중학교,5213,3717,1496,5,380,874,998,1011,1945,4,227,511,612,622,1741,1,153,363,386,389,204
2020,4,A,골목상권,2110750,시흥4동주민센터(서울신흥초등학교),1282,735,547,10,177,238,364,328,165,8,95,148,212,156,116,2,82,90,152,172,49
2020,4,A,골목상권,2110749,금산초등학교(금천고등학교),7948,4687,3261,13,583,1162,1851,2068,2271,4,304,743,1058,1128,1450,9,279,419,793,940,821
2020,4,A,골목상권,2110748,백산초등학교,1856,1127,729,1,232,353,454,484,332,1,140,225,265,265,231,0,92,128,189,219,101
2020,4,A,골목상권,2110747,석수역 1번 출입구,1141,853,288,4,75,146,253,309,354,4,50,104,169,220,306,0,25,42,84,89,48
2020,4,A,골목상권,2110746,금천금빛공원(은행나무사거리서측),1310,613,697,2,128,213,354,362,251,1,50,94,162,172,134,1,78,119,192,190,117
2020,4,A,골목상권,2110745,독산동정훈단지,1707,938,769,1,199,309,343,477,378,0,110,127,144,259,298,1,89,182,199,218,80
2020,4,A,골목상권,2110744,독산동성당,2416,1405,1011,3,254,397,504,647,611,2,147,225,267,354,410,1,107,172,237,293,201
2020,4,A,골목상권,2110743,시흥초등학교(시흥1동우체국),2406,1098,1308,8,357,447,616,620,358,6,148,209,284,249,202,2,209,238,332,371,156
2020,4,A,골목상권,2110742,KT금천빌딩(금천구시설관리공단),6015,3720,2295,11,452,843,1212,1435,2062,3,293,570,765,848,1241,8,159,273,447,587,821
2020,4,A,골목상권,2110741,독산2동주민센터,2240,1186,1054,4,289,450,522,614,361,2,144,230,254,308,248,2,145,220,268,306,113
2020,4,A,골목상권,2110740,금천해태공원,3416,1807,1609,19,676,847,769,717,388,14,314,474,387,335,283,5,362,373,382,382,105
2020,4,A,골목상권,2110739,시흥3동 우편취급국,6352,3608,2744,12,450,863,1467,1666,1894,3,234,571,836,841,1123,9,216,292,631,825,771
2020,4,A,골목상권,2110738,문성초등학교,2977,1790,1187,13,415,599,717,708,525,4,242,374,447,400,323,9,173,225,270,308,202
2020,4,A,골목상권,2110737,금천세무서,2285,1396,889,11,291,455,570,573,385,2,149,254,326,364,301,9,142,201,244,209,84
2020,4,A,골목상권,2110736,독산119안전센터,3398,2048,1350,7,368,585,749,938,751,2,210,356,449,533,498,5,158,229,300,405,253
2020,4,A,골목상권,2110735,말미고개,3342,1951,1391,9,413,671,745,902,602,5,210,391,419,491,435,4,203,280,326,411,167
2020,4,A,골목상권,2110734,금천파출소,2086,924,1162,8,492,580,438,382,186,3,209,294,191,141,86,5,283,286,247,241,100
2020,4,A,골목상권,2110733,금천어울림복지센터,3444,1825,1619,7,384,863,854,918,418,7,139,357,436,581,305,0,245,506,418,337,113
2020,4,A,골목상권,2110732,가산초등학교(세일중학교),3569,2253,1316,15,480,731,846,865,632,5,267,437,485,565,494,10,213,294,361,300,138
2020,4,A,골목상권,2110731,금천구청역 1번 출입구,4713,2376,2337,15,717,1254,1089,1102,536,10,295,567,515,637,352,5,422,687,574,465,184
2020,4,A,골목상권,2110730,서울축산농협 독산역지점(독산파출소),8706,5284,3422,16,575,977,1154,1734,4250,13,301,608,665,989,2708,3,274,369,489,745,1542
2020,4,A,골목상권,2110729,가산동우체국,7733,4618,3115,35,1115,1778,1866,1386,1553,23,591,1099,1184,849,872,12,524,679,682,537,681
2020,4,A,골목상권,2110728,두산초등학교,18360,12147,6213,48,2128,4025,3814,3397,4948,34,1169,2673,2717,2302,3252,14,959,1352,1097,1095,1696
2020,4,A,골목상권,2110727,독산역 1번 출입구,17476,11439,6037,47,2095,3867,3580,3098,4789,35,1158,2571,2539,2068,3068,12,937,1296,1041,1030,1721
2020,4,A,골목상권,2110726,금천철쭉어린이공원(금하마을),1309,861,448,13,192,244,273,324,263,11,121,165,185,179,200,2,71,79,88,145,63
2020,4,A,골목상권,2110725,가산동주민센터,17959,10649,7310,54,3657,5220,4231,2774,2023,36,1832,3225,2688,1581,1287,18,1825,1995,1543,1193,736
2020,4,A,골목상권,2110724,금천구립가산도서관,16529,10406,6123,48,2688,4775,4093,3007,1918,31,1461,3038,2801,1938,1137,17,1227,1737,1292,1069,781
2020,4,A,골목상권,2110723,가산디지털단지역 1번 출입구,30711,20313,10398,125,6526,9665,7684,4343,2368,83,3343,6435,5555,3044,1853,42,3183,3230,2129,1299,515
2020,4,A,골목상권,2110722,G타워,30854,19064,11790,91,6081,10458,8099,3836,2289,44,2876,6665,5338,2458,1683,47,3205,3793,2761,1378,606
2020,4,A,골목상권,2110721,가리봉파출소,16201,10773,5428,61,3049,5067,4125,2440,1459,38,1654,3498,2950,1549,1084,23,1395,1569,1175,891,375
2020,4,A,골목상권,2110720,대림역 2번,3054,2008,1046,3,284,548,746,896,577,2,135,315,486,651,419,1,149,233,260,245,158
2020,4,A,골목상권,2110719,영서중학교,16106,11484,4622,81,3373,5212,3875,2184,1381,58,1839,3643,3031,1716,1197,23,1534,1569,844,468,184
2020,4,A,골목상권,2110718,한국SGI본부,11273,7495,3778,38,1568,2695,2863,2448,1661,30,912,1907,2037,1549,1060,8,656,788,826,899,601
2020,4,A,골목상권,2110717,남구로역 2번,32359,21997,10362,139,6433,10200,7892,4583,3112,93,3413,6993,5797,3191,2510,46,3020,3207,2095,1392,602
2020,4,A,골목상권,2110716,구로나눔길,5187,2873,2314,7,627,1401,1218,1332,602,3,283,752,655,825,355,4,344,649,563,507,247
2020,4,A,골목상권,2110715,구로구민회관,9631,5743,3888,10,1097,2247,2356,2343,1578,7,543,1415,1484,1362,932,3,554,832,872,981,646
2020,4,A,골목상권,2110714,구로4동주민센터,6726,4005,2721,16,736,1595,1535,1881,963,10,334,852,897,1259,653,6,402,743,638,622,310
2020,4,A,골목상권,2110713,구로보건소,8744,5422,3322,19,1294,2210,2371,1815,1035,12,670,1411,1510,1110,709,7,624,799,861,705,326
2020,4,A,골목상권,2110712,남구로역 5번,1744,993,751,8,222,353,399,367,395,5,113,205,206,195,269,3,109,148,193,172,126
2020,4,A,골목상권,2110711,구로초등학교,6650,3489,3161,18,1043,1686,1509,1570,824,6,423,836,776,935,513,12,620,850,733,635,311
2020,4,A,골목상권,2110710,남구로역 3번,23954,15662,8292,83,4830,7403,5886,3524,2228,55,2475,4912,4114,2389,1717,28,2355,2491,1772,1135,511
2020,4,A,골목상권,2110709,구로119안전센터,1617,786,831,4,193,275,354,466,325,2,81,147,192,183,181,2,112,128,162,283,144
2020,4,A,골목상권,2110708,화원어린이공원,2555,1302,1253,12,557,671,568,393,354,4,188,310,307,231,262,8,369,361,261,162,92
2020,4,A,골목상권,2110707,구로창업지원센터,7830,5732,2098,13,782,2138,2103,1720,1074,10,450,1587,1593,1259,833,3,332,551,510,461,241
2020,4,A,골목상권,2110706,그라운드 고척,3644,2363,1281,2,400,761,863,902,716,2,204,446,507,589,615,0,196,315,356,313,101
2020,4,A,골목상권,2110705,고산초등학교,3225,2124,1101,3,369,685,744,785,639,2,191,401,432,537,561,1,178,284,312,248,78
2020,4,A,골목상권,2110704,고척중학교,4524,2700,1824,4,515,986,1072,1090,857,3,263,536,545,647,706,1,252,450,527,443,151
2020,4,A,골목상권,2110703,개봉역,9690,5377,4313,42,1449,2320,2204,2355,1320,22,833,1480,1106,1120,816,20,616,840,1098,1235,504
2020,4,A,골목상권,2110702,개봉초등학교,1617,846,771,1,165,337,431,400,283,1,75,158,210,220,182,0,90,179,221,180,101
2020,4,A,골목상권,2110701,고척동성당,5140,3853,1287,8,508,1129,1442,1653,400,2,289,824,1107,1322,309,6,219,305,335,331,91
2020,4,A,골목상권,2110700,고척초등학교,6601,4680,1921,11,615,1436,1850,2027,662,8,337,1015,1342,1521,457,3,278,421,508,506,205
2020,4,A,골목상권,2110699,덕의초등학교,2600,1666,934,9,324,610,655,684,318,7,201,404,412,402,240,2,123,206,243,282,78
2020,4,A,골목상권,2110698,개웅초등학교(개웅중학교),2910,1311,1599,8,427,527,747,807,394,6,221,286,281,277,240,2,206,241,466,530,154
2020,4,A,골목상권,2110697,개봉3동주민센터,1428,921,507,1,203,343,360,295,226,1,94,230,241,189,166,0,109,113,119,106,60
2020,4,A,골목상권,2110696,오류동역 1번,4076,2551,1525,35,946,1200,792,628,475,18,525,831,467,354,356,17,421,369,325,274,119
2020,4,A,골목상권,2110695,개봉1동주민센터,2553,1495,1058,8,234,615,670,616,410,7,123,360,373,358,274,1,111,255,297,258,136
2020,4,A,골목상권,2110694,세곡초등학교,2298,1341,957,2,220,480,607,605,384,0,116,267,319,344,295,2,104,213,288,261,89
2020,4,A,골목상권,2110693,오류동역 4번,2869,1936,933,4,380,544,701,802,438,3,304,369,458,494,308,1,76,175,243,308,130
2020,4,A,골목상권,2110692,큰굴다리,3501,2336,1165,5,490,701,888,977,440,4,368,470,568,604,322,1,122,231,320,373,118
2020,4,A,골목상권,2110691,개봉중학교,2257,1344,913,6,255,488,536,603,369,1,144,293,301,330,275,5,111,195,235,273,94
2020,4,A,골목상권,2110690,오류2동버들시장,4817,3106,1711,4,590,1020,1245,1208,750,1,375,616,761,791,562,3,215,404,484,417,188
2020,4,A,골목상권,2110689,오류동역 3번,4967,3126,1841,15,602,944,1206,1425,775,8,423,612,737,822,524,7,179,332,469,603,251
2020,4,A,골목상권,2110688,오류지구대,2024,1180,844,6,171,361,499,605,382,5,78,189,275,344,289,1,93,172,224,261,93
2020,4,A,골목상권,2110687,"천왕역 3번(오류2동주민센터, 서울오류남초등학교)",981,590,391,3,93,218,282,256,129,1,38,109,165,171,106,2,55,109,117,85,23
2020,4,A,골목상권,2110686,수궁동주민센터,2464,1418,1046,9,230,424,607,718,476,7,102,232,349,412,316,2,128,192,258,306,160
2020,4,A,골목상권,2110685,금강수목원아파트,1251,894,357,2,77,226,345,363,238,1,41,140,228,277,207,1,36,86,117,86,31
2020,4,A,골목상권,2110684,서울공연예술고등학교,1390,797,593,5,149,304,373,389,170,2,71,177,213,231,103,3,78,127,160,158,67
2020,4,A,골목상권,2110683,오류고등학교,1310,758,552,5,143,298,351,350,163,2,69,173,204,211,99,3,74,125,147,139,64
2020,4,A,골목상권,2110682,온수역 8번,1099,772,327,1,51,177,251,337,282,1,28,91,144,242,266,0,23,86,107,95,16
2020,4,A,골목상권,2110681,온수역 1번,1119,839,280,1,41,153,236,373,315,1,21,91,147,294,285,0,20,62,89,79,30
2020,4,A,골목상권,2110680,온수역 5번(온수산업단지),1725,1445,280,18,178,273,326,494,436,18,140,217,249,416,405,0,38,56,77,78,31
2020,4,A,골목상권,2110679,염창역 2번,4141,2829,1312,6,438,939,1245,1003,510,4,219,585,882,757,382,2,219,354,363,246,128
2020,4,A,골목상권,2110678,염창무학아파트,2176,1462,714,4,268,527,551,487,339,3,117,349,371,348,274,1,151,178,180,139,65
2020,4,A,골목상권,2110677,등촌역 1번,7770,5001,2769,27,1180,1953,1864,1628,1118,19,526,1215,1243,1143,855,8,654,738,621,485,263
2020,4,A,골목상권,2110676,등촌역 7번,3083,1901,1182,14,465,677,769,692,466,7,196,414,463,448,373,7,269,263,306,244,93
2020,4,A,골목상권,2110675,화곡4동주민센터,3054,1392,1662,8,686,826,628,588,318,5,146,369,300,334,238,3,540,457,328,254,80
2020,4,A,골목상권,2110674,강서구청가양동별관,3250,2202,1048,13,534,769,882,693,359,8,370,541,605,447,231,5,164,228,277,246,128
2020,4,A,골목상권,2110673,뜸부기어린이공원,4546,2072,2474,4,892,1156,994,968,532,2,237,496,489,496,352,2,655,660,505,472,180
2020,4,A,골목상권,2110672,백석중학교,3508,1974,1534,2,408,673,852,913,660,1,179,335,522,544,393,1,229,338,330,369,267
2020,4,A,골목상권,2110671,등촌1동주민센터,14478,9017,5461,47,2628,3590,3369,2781,2063,27,1070,2281,2330,1868,1441,20,1558,1309,1039,913,622
2020,4,A,골목상권,2110670,신곡초등학교,2263,1214,1049,8,288,636,617,494,220,5,142,343,297,278,149,3,146,293,320,216,71
2020,4,A,골목상권,2110669,화곡보람2차아파트,4924,2907,2017,4,1178,1380,951,683,728,3,372,912,716,421,483,1,806,468,235,262,245
2020,4,A,골목상권,2110668,화곡2동주민센터,3376,1859,1517,11,462,856,918,735,394,8,213,465,475,424,274,3,249,391,443,311,120
2020,4,A,골목상권,2110667,가양역 10번,2692,1443,1249,14,455,539,644,615,425,3,213,291,370,318,248,11,242,248,274,297,177
2020,4,A,골목상권,2110666,KC대학교,4814,3125,1689,6,577,1404,1162,1205,460,3,293,836,712,876,405,3,284,568,450,329,55
2020,4,A,골목상권,2110665,곰달래도서관,3026,1676,1350,7,329,573,768,822,527,6,144,324,418,426,358,1,185,249,350,396,169
2020,4,A,골목상권,2110664,강서구청옆,5833,3456,2377,6,812,1721,1459,1348,487,4,363,992,861,906,330,2,449,729,598,442,157
2020,4,A,골목상권,2110663,우장산롯데캐슬아파트앞,11194,6470,4724,40,1626,2878,2757,2837,1056,12,751,1807,1727,1551,622,28,875,1071,1030,1286,434
2020,4,A,골목상권,2110662,까치산역 1번,4227,2462,1765,12,541,1010,1114,1000,550,9,263,585,586,634,385,3,278,425,528,366,165
2020,4,A,골목상권,2110661,강서새말어린이공원,5172,3080,2092,3,619,1428,1352,1332,438,1,266,767,797,928,321,2,353,661,555,404,117
2020,4,A,골목상권,2110660,등촌3동주민센터,11883,6282,5601,49,1613,2452,2671,2721,2377,18,736,1568,1579,1216,1165,31,877,884,1092,1505,1212
2020,4,A,골목상권,2110659,화곡역 4번,5367,2731,2636,20,801,1346,1458,1139,603,15,306,694,725,625,366,5,495,652,733,514,237
2020,4,A,골목상권,2110658,화곡초등학교,4197,2544,1653,2,869,872,820,854,780,0,284,497,482,613,668,2,585,375,338,241,112
2020,4,A,골목상권,2110657,양천향교역 5번,9781,5923,3858,24,1272,2402,2408,2189,1486,12,574,1336,1536,1311,1154,12,698,1066,872,878,332
2020,4,A,골목상권,2110656,까치산역 3번,3493,1986,1507,17,308,641,932,1073,522,15,157,392,539,568,315,2,151,249,393,505,207
2020,4,A,골목상권,2110655,발산역 5번,4383,2015,2368,5,446,729,861,918,1424,3,178,374,438,390,632,2,268,355,423,528,792
2020,4,A,골목상권,2110654,까치산역 4번,3795,2359,1436,18,343,671,982,1195,586,15,175,398,555,770,446,3,168,273,427,425,140
2020,4,A,골목상권,2110653,화곡역 2번,4351,2351,2000,5,944,910,870,876,746,2,268,477,473,554,577,3,676,433,397,322,169
2020,4,A,골목상권,2110652,양천향교역 2번,5710,3599,2111,14,619,1180,1278,1459,1160,8,317,748,781,891,854,6,302,432,497,568,306
2020,4,A,골목상권,2110651,화원중학교,3517,2196,1321,12,349,654,819,1010,673,8,180,416,488,671,433,4,169,238,331,339,240
2020,4,A,골목상권,2110650,우장산힐스테이트,2082,1180,902,4,212,365,470,571,460,3,113,222,268,291,283,1,99,143,202,280,177
2020,4,A,골목상권,2110649,우장산역 1번,2841,1561,1280,6,406,505,632,740,552,3,199,290,339,383,347,3,207,215,293,357,205
2020,4,A,골목상권,2110648,양천향교역 7번,4914,3190,1724,14,579,1057,1190,1108,966,10,283,660,797,661,779,4,296,397,393,447,187
2020,4,A,골목상권,2110647,화곡역 5번,3929,2063,1866,15,520,821,912,968,693,12,208,459,490,506,388,3,312,362,422,462,305
2020,4,A,골목상권,2110646,푸른들청소년도서관,7186,4303,2883,14,953,1663,1774,1762,1020,9,484,1051,1040,999,720,5,469,612,734,763,300
2020,4,A,골목상권,2110645,우장산역 4번,6461,3740,2721,11,778,1499,1702,1666,805,7,412,940,912,880,589,4,366,559,790,786,216
2020,4,A,골목상권,2110644,신광명마을,1529,957,572,8,107,211,408,465,330,5,46,108,229,298,271,3,61,103,179,167,59
2020,4,A,골목상권,2110643,강서구다솔마을,1476,921,555,1,151,323,422,380,199,0,75,205,270,236,135,1,76,118,152,144,64
2020,4,A,골목상권,2110642,정곡초등학교,920,727,193,4,48,120,202,265,281,3,32,78,138,222,254,1,16,42,64,43,27
2020,4,A,골목상권,2110641,공항고등학교,1775,1121,654,5,243,392,434,432,269,4,138,252,239,274,214,1,105,140,195,158,55
2020,4,A,골목상권,2110640,방화역 1번,4701,2998,1703,7,463,1055,1196,1214,766,5,234,553,729,849,628,2,229,502,467,365,138
2020,4,A,골목상권,2110639,신방화역 8번,3267,1552,1715,7,254,358,567,1049,1032,4,117,219,327,397,488,3,137,139,240,652,544
2020,4,A,골목상권,2110638,신방화역 2번,4189,2767,1422,12,450,721,1151,1168,687,9,229,441,775,780,533,3,221,280,376,388,154
2020,4,A,골목상권,2110637,송정역 2번,3090,1452,1638,8,222,392,558,896,1014,1,111,237,333,307,463,7,111,155,225,589,551
2020,4,A,골목상권,2110636,방화역 2번,4034,2575,1459,8,374,758,1201,1084,609,6,202,411,781,702,473,2,172,347,420,382,136
2020,4,A,골목상권,2110635,공항시장역 3번,4028,2022,2006,9,413,625,733,1111,1137,2,185,363,444,461,567,7,228,262,289,650,570
2020,4,A,골목상권,2110634,송정역 3번,2694,1672,1022,6,328,605,702,637,416,1,149,365,440,410,307,5,179,240,262,227,109
2020,4,A,골목상권,2110633,개화산역 1번,2304,1602,702,6,198,412,735,631,322,4,115,256,543,439,245,2,83,156,192,192,77
2020,4,A,골목상권,2110632,방화역 3번,7383,5811,1572,6,736,1634,1983,2247,777,4,551,1255,1531,1831,639,2,185,379,452,416,138
2020,4,A,골목상권,2110631,방화초등학교,2474,1525,949,5,328,491,565,615,470,5,177,298,321,361,363,0,151,193,244,254,107
2020,4,A,골목상권,2110630,공항시장역 1번,33522,17722,15800,6,5643,10995,9040,6314,1524,3,1318,4557,5278,5486,1080,3,4325,6438,3762,828,444
2020,4,A,골목상권,2110629,송정역 4번,31131,16295,14836,1,5401,10620,8646,5741,722,1,1218,4347,5017,5107,605,0,4183,6273,3629,634,117
2020,4,A,골목상권,2110628,신목동역,2970,1823,1147,5,409,809,809,620,318,3,200,461,521,428,210,2,209,348,288,192,108
2020,4,A,골목상권,2110627,신정롯데캐슬아파트,13152,7343,5809,66,2437,4215,3340,2376,718,31,964,2220,2044,1547,537,35,1473,1995,1296,829,181
2020,4,A,골목상권,2110626,양화초등학교,5376,3201,2175,7,707,1254,1523,1314,571,5,310,670,1001,828,387,2,397,584,522,486,184
2020,4,A,골목상권,2110625,신정2동주민센터,19093,11500,7593,116,3148,6062,4842,3763,1162,81,1491,3599,3053,2506,770,35,1657,2463,1789,1257,392
2020,4,A,골목상권,2110624,목동문화체육센터,2321,1175,1146,1,328,550,660,492,290,1,169,289,299,229,188,0,159,261,361,263,102
2020,4,A,골목상권,2110623,갈산공원,1938,1165,773,6,220,476,489,421,326,4,121,280,280,244,236,2,99,196,209,177,90
2020,4,A,골목상권,2110622,달마을공원,4416,2669,1747,3,560,997,1287,1119,450,2,275,579,819,688,306,1,285,418,468,431,144
2020,4,A,골목상권,2110621,목동역 5번,9489,5120,4369,21,1849,2483,2292,1693,1151,12,701,1376,1387,935,709,9,1148,1107,905,758,442
2020,4,A,골목상권,2110620,목동보건지소,4227,2213,2014,7,503,1016,1212,975,514,5,250,571,551,479,357,2,253,445,661,496,157
2020,4,A,골목상권,2110619,목4동주민센터,3721,1714,2007,6,823,1066,907,664,255,2,194,461,482,378,197,4,629,605,425,286,58
2020,4,A,골목상권,2110618,강서고등학교,4292,2255,2037,8,835,1131,1004,886,428,4,221,551,572,565,342,4,614,580,432,321,86
2020,4,A,골목상권,2110617,등촌역 4번,3438,1930,1508,2,451,781,858,856,490,0,208,454,481,453,334,2,243,327,377,403,156
2020,4,A,골목상권,2110616,양목초등학교,1799,899,900,5,181,390,400,460,363,2,68,196,194,233,206,3,113,194,206,227,157
2020,4,A,골목상권,2110615,신서초등학교,8009,4605,3404,28,1503,2016,1895,1652,915,24,525,1225,1134,1015,682,4,978,791,761,637,233
2020,4,A,골목상권,2110614,목동로데오거리,2729,1267,1462,3,368,601,686,671,400,2,129,258,320,327,231,1,239,343,366,344,169
2020,4,A,골목상권,2110613,신정네거리역 4번,662,330,332,1,82,146,146,151,136,1,28,65,62,82,92,0,54,81,84,69,44
2020,4,A,골목상권,2110612,신정역 5번,4880,2815,2065,12,941,776,869,924,1358,5,300,381,452,509,1168,7,641,395,417,415,190
2020,4,A,골목상권,2110611,신정역 1번,5571,3252,2319,20,1009,852,985,1191,1514,13,358,475,562,627,1217,7,651,377,423,564,297
2020,4,A,골목상권,2110610,계남근린공원,2806,1832,974,4,367,839,889,389,318,1,175,534,672,250,200,3,192,305,217,139,118
2020,4,A,골목상권,2110609,신정네거리역 2번,3335,2512,823,7,218,342,581,655,1532,2,101,191,310,462,1446,5,117,151,271,193,86
2020,4,A,골목상권,2110608,신월2동주민센터,3976,2139,1837,15,369,670,1059,1102,761,11,184,386,521,524,513,4,185,284,538,578,248
2020,4,A,골목상권,2110607,금빛새마을금고본점,2998,2422,576,7,172,293,469,558,1499,3,99,181,289,411,1439,4,73,112,180,147,60
2020,4,A,골목상권,2110606,신한은행 신월동지점,3615,2480,1135,3,177,372,789,1154,1120,1,78,207,430,795,969,2,99,165,359,359,151
2020,4,A,골목상권,2110605,목동센트럴아이파크앞,1754,989,765,2,116,242,435,576,383,0,50,131,215,314,279,2,66,111,220,262,104
2020,4,A,골목상권,2110604,신월4동주민센터,3244,2266,978,5,220,414,690,1030,885,2,102,228,416,732,786,3,118,186,274,298,99
2020,4,A,골목상권,2110603,지향초등학교,2592,1701,891,3,160,370,659,856,544,0,64,217,403,589,428,3,96,153,256,267,116
2020,4,A,골목상권,2110602,신월시영아파트중문,3451,2409,1042,4,231,412,798,1090,916,2,141,263,470,758,775,2,90,149,328,332,141
2020,4,A,골목상권,2110601,신월1동우편취급국,3018,1984,1034,9,310,532,728,944,495,4,169,341,467,618,385,5,141,191,261,326,110
2020,4,A,골목상권,2110600,신월7동주민센터,4589,3041,1548,5,349,562,844,1298,1531,3,190,349,550,894,1055,2,159,213,294,404,476
2020,4,A,골목상권,2110599,신월1파출소,1954,1183,771,4,189,357,509,638,257,2,104,206,281,401,189,2,85,151,228,237,68
2020,4,A,골목상권,2110598,신월문화체육센터,4415,2906,1509,4,469,723,911,1046,1262,3,347,549,598,639,770,1,122,174,313,407,492
2020,4,A,골목상권,2110597,신월1동주민센터,3247,1879,1368,5,328,631,701,902,680,2,149,350,364,551,463,3,179,281,337,351,217
2020,4,A,골목상권,2110596,서서울호수공원,2414,1520,894,5,296,458,530,682,443,2,143,270,315,430,360,3,153,188,215,252,83
2020,4,A,골목상권,2110595,메디힐병원,3307,1776,1531,2,345,697,733,878,652,1,148,334,364,502,427,1,197,363,369,376,225
2020,4,A,골목상권,2110594,신월중학교,1610,737,873,7,235,411,427,385,145,4,83,171,183,194,102,3,152,240,244,191,43
2020,4,A,골목상권,2110593,신월3동주민센터,1979,1072,907,1,214,366,444,532,422,0,79,159,206,310,318,1,135,207,238,222,104
2020,4,A,골목상권,2110592,서울금융고등학교,1788,1020,768,0,177,357,377,459,418,0,64,141,192,300,323,0,113,216,185,159,95
2020,4,A,골목상권,2110591,충정로역 6번,5404,3164,2240,0,955,1528,1449,912,560,0,477,884,839,590,374,0,478,644,610,322,186
2020,4,A,골목상권,2110590,만리재,1948,972,976,1,255,425,499,527,241,1,93,214,253,264,147,0,162,211,246,263,94
2020,4,A,골목상권,2110589,애오개역 3번,2670,1166,1504,0,463,870,876,364,97,0,172,429,389,118,58,0,291,441,487,246,39
2020,4,A,골목상권,2110588,한겨레신문사,2850,1529,1321,2,519,639,724,652,314,2,285,398,335,314,195,0,234,241,389,338,119
2020,4,A,골목상권,2110587,공덕동주민센터,6321,3515,2806,22,1145,1800,1749,1153,452,5,525,961,999,724,301,17,620,839,750,429,151
2020,4,A,골목상권,2110586,서울서부지방법원,19070,11193,7877,90,3888,5775,5319,3123,875,33,1607,3200,3429,2296,628,57,2281,2575,1890,827,247
2020,4,A,골목상권,2110585,마포경찰서,7079,4166,2913,8,1235,2487,2119,968,262,1,618,1463,1293,626,165,7,617,1024,826,342,97
2020,4,A,골목상권,2110584,아현역 4번,1593,827,766,2,374,498,331,224,164,1,138,271,180,129,108,1,236,227,151,95,56
2020,4,A,골목상권,2110583,공덕래미안3차아파트,10579,6407,4172,38,1986,3371,2915,1800,469,9,938,1908,1883,1348,321,29,1048,1463,1032,452,148
2020,4,A,골목상권,2110582,이대역 5번,996,382,614,2,125,209,275,242,143,1,27,57,87,121,89,1,98,152,188,121,54
2020,4,A,골목상권,2110581,염리초등학교,11991,6894,5097,24,1766,2851,3013,2599,1738,10,963,1752,1839,1304,1026,14,803,1099,1174,1295,712
2020,4,A,골목상권,2110580,양원초등학교,835,410,425,3,122,173,205,202,130,2,34,88,96,111,79,1,88,85,109,91,51
2020,4,A,골목상권,2110579,마포역 4번,6836,4344,2492,8,1268,1844,1726,1271,719,6,552,1114,1202,925,545,2,716,730,524,346,174
2020,4,A,골목상권,2110578,대흥역 2번,7403,4583,2820,89,1498,1733,1653,1512,918,34,738,1064,1090,1038,619,55,760,669,563,474,299
2020,4,A,골목상권,2110577,용강동주민센터,7757,4680,3077,78,1507,2186,1956,1205,825,29,743,1309,1275,779,545,49,764,877,681,426,280
2020,4,A,골목상권,2110576,대흥역 3번,5951,3670,2281,79,1016,1372,1330,1278,876,29,500,853,887,811,590,50,516,519,443,467,286
2020,4,A,골목상권,2110575,대흥동주민센터,4424,2010,2414,64,2141,1019,506,453,241,21,801,499,233,280,176,43,1340,520,273,173,65
2020,4,A,골목상권,2110574,서강대학교,1561,918,643,4,194,350,405,384,224,2,93,205,256,209,153,2,101,145,149,175,71
2020,4,A,골목상권,2110573,신촌역 6번,3966,1771,2195,61,2020,931,425,343,186,20,758,445,208,214,126,41,1262,486,217,129,60
2020,4,A,골목상권,2110572,서강대역 1번,9068,4445,4623,72,2764,2315,1724,1543,650,26,1022,1103,935,954,405,46,1742,1212,789,589,245
2020,4,A,골목상권,2110571,신수동주민센터,6299,3573,2726,14,776,1656,1652,1511,690,10,303,790,929,1038,503,4,473,866,723,473,187
2020,4,A,골목상권,2110570,KB국민은행 서강지점,1996,1235,761,10,256,489,549,383,309,9,126,290,317,252,241,1,130,199,232,131,68
2020,4,A,골목상권,2110569,홍대땡땡거리,4784,2362,2422,15,981,1209,1107,899,573,8,435,650,554,397,318,7,546,559,553,502,255
2020,4,A,골목상권,2110568,광흥창역 1번,2827,1531,1296,2,399,755,771,659,241,0,117,361,454,445,154,2,282,394,317,214,87
2020,4,A,골목상권,2110567,광흥창역 6번,2158,1187,971,2,280,488,570,500,318,0,88,208,312,318,261,2,192,280,258,182,57
2020,4,A,골목상권,2110566,경의선책거리,10071,5990,4081,33,1755,2290,2438,2032,1523,20,865,1338,1493,1197,1077,13,890,952,945,835,446
2020,4,A,골목상권,2110565,홍익대,4742,3246,1496,13,762,1139,1187,937,704,7,414,751,851,666,557,6,348,388,336,271,147
2020,4,A,골목상권,2110564,홍대입구역 3번,5143,2795,2348,17,919,1276,1149,1001,781,12,343,638,645,612,545,5,576,638,504,389,236
2020,4,A,골목상권,2110563,상수역 3번,1950,1182,768,20,422,582,432,300,194,14,197,341,286,205,139,6,225,241,146,95,55
2020,4,A,골목상권,2110562,연트럴파크(연남동주민센터),4252,2404,1848,9,682,1050,1057,868,586,8,291,605,590,495,415,1,391,445,467,373,171
2020,4,A,골목상권,2110561,상수역 4번,3164,1891,1273,31,678,957,732,501,265,20,308,561,479,325,198,11,370,396,253,176,67
2020,4,A,골목상권,2110560,마포FM,6502,3860,2642,16,982,1627,1454,1287,1136,10,407,959,988,793,703,6,575,668,466,494,433
2020,4,A,골목상권,2110559,성산중학교,5087,2952,2135,21,936,1483,1317,912,418,13,364,796,845,628,306,8,572,687,472,284,112
2020,4,A,골목상권,2110558,경성고등학교,5587,3527,2060,22,775,1348,1393,1232,817,18,394,800,884,814,617,4,381,548,509,418,200
2020,4,A,골목상권,2110557,홍대부속여중고앞,9427,5263,4164,23,1361,2238,2227,1745,1833,17,545,1184,1349,937,1231,6,816,1054,878,808,602
2020,4,A,골목상권,2110556,절두산순교성지,1684,1064,620,5,244,483,463,361,128,5,104,278,313,266,98,0,140,205,150,95,30
2020,4,A,골목상권,2110555,홍익지구대,4079,2137,1942,11,689,1073,1062,755,489,6,236,510,626,449,310,5,453,563,436,306,179
2020,4,A,골목상권,2110554,망원역 1번,7782,4228,3554,15,1168,1783,1913,1422,1481,10,461,862,1004,783,1108,5,707,921,909,639,373
2020,4,A,골목상권,2110553,가좌역 2번,2187,1399,788,4,204,388,539,613,439,2,92,207,352,431,315,2,112,181,187,182,124
2020,4,A,골목상권,2110552,성미산체육관,3504,2146,1358,9,471,801,906,820,497,5,221,455,546,576,343,4,250,346,360,244,154
2020,4,A,골목상권,2110551,성서초등학교,3701,2140,1561,4,377,635,877,713,1095,4,160,324,410,372,870,0,217,311,467,341,225
2020,4,A,골목상권,2110550,합정역 8번,6172,3370,2802,15,1101,1610,1524,1115,807,10,445,802,926,667,520,5,656,808,598,448,287
2020,4,A,골목상권,2110549,새터산,3175,1870,1305,8,386,657,845,821,458,5,193,379,479,513,301,3,193,278,366,308,157
2020,4,A,골목상권,2110548,마포구청역 4번,6841,4101,2740,18,906,1347,1531,1972,1067,10,478,942,1005,1003,663,8,428,405,526,969,404
2020,4,A,골목상권,2110547,KB국민은행 망원동지점,7219,4458,2761,19,879,1335,1493,1861,1632,11,452,900,987,934,1174,8,427,435,506,927,458
2020,4,A,골목상권,2110546,양화대교북단,2197,1293,904,3,397,587,543,403,264,3,182,321,363,255,169,0,215,266,180,148,95
2020,4,A,골목상권,2110545,마포구청역 1번,5795,3278,2517,19,697,1071,1239,1869,900,11,398,782,801,813,473,8,299,289,438,1056,427
2020,4,A,골목상권,2110544,망리단길,7556,4327,3229,18,1463,1819,1641,1152,1463,8,731,897,847,686,1158,10,732,922,794,466,305
2020,4,A,골목상권,2110543,중암중학교,833,554,279,1,60,103,162,253,254,0,22,52,83,160,237,1,38,51,79,93,17
2020,4,A,골목상권,2110542,마포구청역 7번,5884,3486,2398,20,759,1112,1284,1743,966,11,396,791,870,831,587,9,363,321,414,912,379
2020,4,A,골목상권,2110541,동교초등학교,2316,1291,1025,5,338,448,612,521,392,4,142,250,332,300,263,1,196,198,280,221,129
2020,4,A,골목상권,2110540,망원나들목체육관,2127,1225,902,8,673,639,396,264,147,1,405,345,203,164,107,7,268,294,193,100,40
2020,4,A,골목상권,2110539,미근동,14579,8531,6048,43,2341,4872,3956,2487,880,20,916,2720,2470,1715,690,23,1425,2152,1486,772,190
2020,4,A,골목상권,2110538,충정로역 3번,8936,5270,3666,3,1399,2608,2582,1705,639,2,713,1645,1547,938,425,1,686,963,1035,767,214
2020,4,A,골목상권,2110537,충정로현대아파트,9389,5851,3538,15,1288,2694,2554,1994,844,9,654,1734,1643,1241,570,6,634,960,911,753,274
2020,4,A,골목상권,2110536,돈의문센트레빌아파트입구,4662,2901,1761,17,762,1317,1072,1005,489,12,332,727,714,746,370,5,430,590,358,259,119
2020,4,A,골목상권,2110535,영천시장입구,2014,972,1042,4,231,383,512,581,303,2,70,167,254,298,181,2,161,216,258,283,122
2020,4,A,골목상권,2110534,경기대학교,4575,2795,1780,4,723,1180,1049,884,735,1,313,680,710,586,505,3,410,500,339,298,230
2020,4,A,골목상권,2110533,충정로역 7번,3621,2255,1366,1,528,952,988,704,448,0,271,584,646,462,292,1,257,368,342,242,156
2020,4,A,골목상권,2110532,아현역 2번,2100,1204,896,3,447,553,442,378,277,1,170,320,262,259,192,2,277,233,180,119,85
2020,4,A,골목상권,2110531,홍지문,1399,662,737,3,176,371,355,334,160,0,59,172,172,157,102,3,117,199,183,177,58
2020,4,A,골목상권,2110530,아현역 1번,1496,797,699,2,376,474,297,209,138,1,141,271,169,125,90,1,235,203,128,84,48
2020,4,A,골목상권,2110529,홍제3동주민센터,1380,676,704,4,168,199,285,330,394,1,54,91,126,173,231,3,114,108,159,157,163
2020,4,A,골목상권,2110528,서울여자간호대학교,7645,1571,6074,6,224,518,2027,3660,1210,1,77,161,357,465,510,5,147,357,1670,3195,700
2020,4,A,골목상권,2110527,홍제역 2번,1970,1012,958,5,240,306,504,602,313,1,71,168,245,337,190,4,169,138,259,265,123
2020,4,A,골목상권,2110526,봉원사,3964,2083,1881,1,506,1026,1032,955,444,1,183,424,540,636,299,0,323,602,492,319,145
2020,4,A,골목상권,2110525,홍은종합사회복지관,7540,1491,6049,3,208,498,1991,3642,1198,1,81,160,323,442,484,2,127,338,1668,3200,714
2020,4,A,골목상권,2110524,연희세브란스병원,2431,1469,962,0,349,692,566,565,259,0,160,328,325,444,212,0,189,364,241,121,47
2020,4,A,골목상권,2110523,홍제성원아파트,389,158,231,1,57,82,97,95,57,0,16,28,41,33,40,1,41,54,56,62,17
2020,4,A,골목상권,2110522,홍제역 3번,1382,744,638,3,145,201,379,465,189,1,40,103,201,269,130,2,105,98,178,196,59
2020,4,A,골목상권,2110521,홍제역 4번,1682,856,826,3,180,260,456,544,239,1,56,126,230,305,138,2,124,134,226,239,101
2020,4,A,골목상권,2110520,경의중앙 신촌역,3939,2209,1730,8,672,1067,897,861,434,5,268,503,474,619,340,3,404,564,423,242,94
2020,4,A,골목상권,2110519,서대문구보건소별관,1692,809,883,1,249,320,448,430,244,1,88,147,232,202,139,0,161,173,216,228,105
2020,4,A,골목상권,2110518,서대문구청,4288,2377,1911,12,606,1189,1202,1022,257,9,241,603,676,684,164,3,365,586,526,338,93
2020,4,A,골목상권,2110517,서대문소방서,3275,1935,1340,14,501,833,881,711,335,8,210,520,553,438,206,6,291,313,328,273,129
2020,4,A,골목상권,2110516,정원여중,1381,718,663,0,237,296,370,330,148,0,85,145,205,186,97,0,152,151,165,144,51
2020,4,A,골목상권,2110515,홍은중학교,1397,819,578,2,174,346,389,297,189,2,86,211,238,167,115,0,88,135,151,130,74
2020,4,A,골목상권,2110514,서대문우체국,8426,5862,2564,6,1198,1860,1691,2693,978,3,772,1174,1054,2110,749,3,426,686,637,583,229
2020,4,A,골목상권,2110513,연희파출소,4197,2605,1592,22,701,1052,930,956,536,9,309,668,619,625,375,13,392,384,311,331,161
2020,4,A,골목상권,2110512,연희지하차도,4882,2826,2056,19,663,1252,1324,1216,408,14,271,646,746,846,303,5,392,606,578,370,105
2020,4,A,골목상권,2110511,연희초등학교,8378,6001,2377,13,1131,2005,1738,2599,892,3,668,1322,1149,2137,722,10,463,683,589,462,170
2020,4,A,골목상권,2110510,홍연시장,3041,1987,1054,55,824,775,546,576,265,30,470,602,320,364,201,25,354,173,226,212,64
2020,4,A,골목상권,2110509,연희대우아파트앞,9280,6343,2937,12,1331,2148,1961,2829,999,8,717,1291,1263,2264,800,4,614,857,698,565,199
2020,4,A,골목상권,2110508,서연중학교,5090,3173,1917,65,1140,1333,940,1011,601,33,630,969,582,565,394,32,510,364,358,446,207
2020,4,A,골목상권,2110507,명지대학교,3504,2308,1196,30,563,997,832,765,317,27,345,664,531,490,251,3,218,333,301,275,66
2020,4,A,골목상권,2110506,연희임광아파트,1554,815,739,2,227,343,380,390,212,2,100,227,187,174,125,0,127,116,193,216,87
2020,4,A,골목상권,2110505,홍남교남측,2235,1498,737,50,708,612,370,328,167,27,409,504,235,198,125,23,299,108,135,130,42
2020,4,A,골목상권,2110504,명지전문대,965,467,498,1,90,171,253,281,169,0,34,71,117,147,98,1,56,100,136,134,71
2020,4,A,골목상권,2110503,명지대학교교회,3864,2524,1340,30,620,1117,971,783,343,26,367,778,642,473,238,4,253,339,329,310,105
2020,4,A,골목상권,2110502,남가좌파출소,1097,580,517,0,99,196,301,322,179,0,39,79,152,183,127,0,60,117,149,139,52
2020,4,A,골목상권,2110501,연희어린이공원,1540,875,665,10,217,360,378,360,215,8,103,242,206,176,140,2,114,118,172,184,75
2020,4,A,골목상권,2110500,남가좌동현대아파트,278,164,114,0,37,45,74,87,35,0,21,27,44,54,18,0,16,18,30,33,17
2020,4,A,골목상권,2110499,연가초등학교,1891,1022,869,0,178,382,499,526,306,0,73,217,266,255,211,0,105,165,233,271,95
2020,4,A,골목상권,2110498,증산역 1번,2906,1506,1400,8,440,635,651,682,490,3,148,355,341,338,321,5,292,280,310,344,169
2020,4,A,골목상권,2110497,가좌역 3번,3659,2225,1434,4,227,435,598,923,1472,2,157,292,399,499,876,2,70,143,199,424,596
2020,4,A,골목상권,2110496,모래내우체국,2367,1136,1231,7,310,507,560,577,406,4,94,247,294,279,218,3,216,260,266,298,188
2020,4,A,골목상권,2110495,북가좌2동주민센터,3902,2063,1839,9,568,954,896,849,626,5,186,536,522,443,371,4,382,418,374,406,255
2020,4,A,골목상권,2110494,증산3교남측,1780,1221,559,0,92,213,258,339,878,0,34,98,100,184,805,0,58,115,158,155,73
2020,4,A,골목상권,2110493,북가좌초등학교,1856,1392,464,0,60,148,223,379,1046,0,20,69,94,236,973,0,40,79,129,143,73
2020,4,A,골목상권,2110492,하나고등학교,578,273,305,1,22,107,147,171,130,0,7,76,108,56,26,1,15,31,39,115,104
2020,4,A,골목상권,2110491,불광중학교,579,216,363,1,45,99,156,186,92,1,13,42,53,58,49,0,32,57,103,128,43
2020,4,A,골목상권,2110490,녹번동근린공원,5262,2678,2584,13,663,1384,1395,1293,514,9,294,621,670,746,338,4,369,763,725,547,176
2020,4,A,골목상권,2110489,불광역 3번,1836,816,1020,7,273,558,474,348,176,6,92,204,220,175,119,1,181,354,254,173,57
2020,4,A,골목상권,2110488,우리은행응암동지점,3955,2113,1842,9,480,961,1013,1016,476,6,235,475,494,594,309,3,245,486,519,422,167
2020,4,A,골목상권,2110487,불광역 8번,1735,695,1040,1,239,499,452,361,183,1,77,188,182,154,93,0,162,311,270,207,90
2020,4,A,골목상권,2110486,은평구청,4169,2254,1915,8,461,993,1117,1108,482,5,227,494,557,645,326,3,234,499,560,463,156
2020,4,A,골목상권,2110485,연신내우체국,2361,1188,1173,2,126,245,348,438,1202,1,51,129,145,186,676,1,75,116,203,252,526
2020,4,A,골목상권,2110484,역촌역 3번,4601,2236,2365,13,523,1110,1233,1186,536,9,213,468,558,627,361,4,310,642,675,559,175
2020,4,A,골목상권,2110483,연천초등학교,2384,1178,1206,5,230,267,295,400,1187,1,94,133,119,166,665,4,136,134,176,234,522
2020,4,A,골목상권,2110482,연신초등학교,1850,991,859,0,81,162,205,312,1090,0,37,95,80,152,627,0,44,67,125,160,463
2020,4,A,골목상권,2110481,불광역 7번,1630,770,860,2,178,335,467,396,252,2,71,171,214,161,151,0,107,164,253,235,101
2020,4,A,골목상권,2110480,연신내역 3번,2030,889,1141,7,285,397,542,504,295,2,114,188,232,200,153,5,171,209,310,304,142
2020,4,A,골목상권,2110479,연신내역 2번,3690,1693,1997,6,426,539,641,723,1355,1,130,248,249,302,763,5,296,291,392,421,592
2020,4,A,골목상권,2110478,응암1동주민센터,4707,2474,2233,11,516,997,1136,1196,851,7,227,433,551,650,606,4,289,564,585,546,245
2020,4,A,골목상권,2110477,은평세무서,4870,2612,2258,11,464,976,1178,1295,946,5,201,440,572,727,667,6,263,536,606,568,279
2020,4,A,골목상권,2110476,역촌역 2번,1412,760,652,3,180,328,393,324,184,1,64,162,221,174,138,2,116,166,172,150,46
2020,4,A,골목상권,2110475,백련산해모로아파트,2427,1313,1114,3,275,436,520,560,633,2,122,211,271,274,433,1,153,225,249,286,200
2020,4,A,골목상권,2110474,세명컴퓨터고등학교,2172,1034,1138,6,329,533,548,467,289,5,120,275,242,204,188,1,209,258,306,263,101
2020,4,A,골목상권,2110473,구산역 1번,4113,2032,2081,11,518,794,1040,1015,735,5,204,414,507,425,477,6,314,380,533,590,258
2020,4,A,골목상권,2110472,연신내역 4번,2455,1251,1204,11,334,479,638,552,441,6,127,253,292,262,311,5,207,226,346,290,130
2020,4,A,골목상권,2110471,응암동우체국,1908,1001,907,2,228,332,461,530,355,1,96,145,211,287,261,1,132,187,250,243,94
2020,4,A,골목상권,2110470,신진과학기술고등학교,2093,1305,788,2,198,318,474,517,584,2,95,170,262,309,467,0,103,148,212,208,117
2020,4,A,골목상권,2110469,응암정보도서관,3141,1523,1618,2,316,577,809,898,539,0,113,270,378,427,335,2,203,307,431,471,204
2020,4,A,골목상권,2110468,응암역 3번,4875,2420,2455,6,465,813,1295,1325,971,1,170,377,615,633,624,5,295,436,680,692,347
2020,4,A,골목상권,2110467,은평요양병원,1671,867,804,7,217,398,414,360,275,6,97,221,214,162,167,1,120,177,200,198,108
2020,4,A,골목상권,2110466,구산역 2번,3312,1361,1951,12,538,687,831,818,426,3,172,280,347,320,239,9,366,407,484,498,187
2020,4,A,골목상권,2110465,연신내역 7번,2686,1136,1550,10,437,647,652,580,360,5,132,295,276,227,201,5,305,352,376,353,159
2020,4,A,골목상권,2110464,연신내역 5번,2541,1368,1173,8,266,525,663,583,496,5,105,271,308,312,367,3,161,254,355,271,129
2020,4,A,골목상권,2110463,응암3동주민센터,1096,480,616,2,113,200,291,307,183,1,42,69,109,143,116,1,71,131,182,164,67
2020,4,A,골목상권,2110462,갈현건영아파트,1895,1102,793,9,264,445,440,425,312,6,139,269,256,223,209,3,125,176,184,202,103
2020,4,A,골목상권,2110461,새절역 2번,1064,588,476,2,102,151,247,304,258,1,40,59,115,173,200,1,62,92,132,131,58
2020,4,A,골목상권,2110460,구산역 4번,4650,2629,2021,14,389,739,1103,1501,904,6,161,384,536,911,631,8,228,355,567,590,273
2020,4,A,골목상권,2110459,응암역 2번,3508,1670,1838,4,356,682,987,918,561,1,143,326,439,399,362,3,213,356,548,519,199
2020,4,A,골목상권,2110458,선일여고,2056,993,1063,9,309,535,480,491,232,5,138,283,226,197,144,4,171,252,254,294,88
2020,4,A,골목상권,2110457,예일여고,4039,2288,1751,11,383,599,859,1344,843,2,149,279,424,826,608,9,234,320,435,518,235
2020,4,A,골목상권,2110456,구산보건지소,3451,1673,1778,13,646,727,840,730,495,4,277,335,365,355,337,9,369,392,475,375,158
2020,4,A,골목상권,2110455,역촌노인복지관,3912,1926,1986,7,599,783,1036,909,578,3,258,380,472,412,401,4,341,403,564,497,177
2020,4,A,골목상권,2110454,선정중학교,3136,1975,1161,7,297,545,749,1025,513,3,138,284,381,749,420,4,159,261,368,276,93
2020,4,A,골목상권,2110453,신사1동주민센터,2866,1630,1236,3,295,597,767,684,520,3,160,297,422,377,371,0,135,300,345,307,149
2020,4,A,골목상권,2110452,새절역 3번,1444,869,575,3,116,220,343,416,346,3,59,102,181,239,285,0,57,118,162,177,61
2020,4,A,골목상권,2110451,증산역 4번,3034,2083,951,4,382,662,756,739,491,3,166,453,530,528,403,1,216,209,226,211,88
2020,4,A,골목상권,2110450,시립서북병원,4533,2159,2374,8,894,1069,1015,919,628,2,331,496,489,431,410,6,563,573,526,488,218
2020,4,A,골목상권,2110449,증산역 3번,3046,1961,1085,1,417,740,797,725,366,0,164,495,543,508,251,1,253,245,254,217,115
2020,4,A,골목상권,2110448,상신초등학교입구,1375,785,590,3,145,292,338,322,275,1,88,163,177,167,189,2,57,129,161,155,86
2020,4,A,골목상권,2110447,구산초등학교,1694,1213,481,2,100,239,363,721,269,0,46,110,217,608,232,2,54,129,146,113,37
2020,4,A,골목상권,2110446,내를건너서숲으로도서관,1148,777,371,0,135,243,292,279,199,0,95,161,174,174,173,0,40,82,118,105,26
2020,4,A,골목상권,2110445,덕산중학교,1312,649,663,5,274,319,252,247,215,0,87,169,142,108,143,5,187,150,110,139,72
2020,4,A,골목상권,2110444,수색성당,2661,1802,859,0,198,389,448,542,1084,0,77,194,209,332,990,0,121,195,239,210,94
2020,4,A,골목상권,2110443,수색역 1번,434,287,147,0,42,62,103,136,91,0,17,34,66,96,74,0,25,28,37,40,17
2020,4,A,골목상권,2110442,화랑대철도공원,1159,494,665,2,139,197,301,376,144,2,48,69,108,178,89,0,91,128,193,198,55
2020,4,A,골목상권,2110441,영신여고,1046,454,592,3,105,241,283,309,105,3,45,111,107,126,62,0,60,130,176,183,43
2020,4,A,골목상권,2110440,상계3동4동주민센터,231,87,144,1,38,35,61,53,43,0,13,11,23,19,21,1,25,24,38,34,22
2020,4,A,골목상권,2110439,당고개역 5번,1670,1328,342,1,65,111,343,684,466,0,20,60,265,575,408,1,45,51,78,109,58
2020,4,A,골목상권,2110438,경춘선숲길 우측,3326,1509,1817,2,552,854,911,715,292,1,156,360,411,369,212,1,396,494,500,346,80
2020,4,A,골목상권,2110437,당고개역 2번,2037,1506,531,1,104,171,467,791,503,0,40,88,309,634,435,1,64,83,158,157,68
2020,4,A,골목상권,2110436,상계제일중학교,2066,1047,1019,12,209,464,514,508,359,7,73,229,274,237,227,5,136,235,240,271,132
2020,4,A,골목상권,2110435,서울과학기술대,1792,1224,568,2,186,412,462,475,255,0,112,256,301,331,224,2,74,156,161,144,31
2020,4,A,골목상권,2110434,태릉입구역 4번,3300,1461,1839,4,314,539,764,908,771,2,129,312,364,332,322,2,185,227,400,576,449
2020,4,A,골목상권,2110433,공릉역 2번,4470,2428,2042,8,421,620,969,1270,1182,3,195,339,507,667,717,5,226,281,462,603,465
2020,4,A,골목상권,2110432,대진고등학교,3496,2336,1160,5,355,682,898,1023,533,2,168,399,577,774,416,3,187,283,321,249,117
2020,4,A,골목상권,2110431,상계역,1658,716,942,4,180,322,440,437,275,0,50,144,212,164,146,4,130,178,228,273,129
2020,4,A,골목상권,2110430,중계초등학교,1642,961,681,6,165,297,390,441,343,2,77,164,213,244,261,4,88,133,177,197,82
2020,4,A,골목상권,2110429,공릉동 국수거리,5223,2800,2423,7,523,744,1099,1485,1365,3,246,412,543,754,842,4,277,332,556,731,523
2020,4,A,골목상권,2110428,상계5동주민센터,2338,1163,1175,7,172,298,441,608,812,3,62,155,202,282,459,4,110,143,239,326,353
2020,4,A,골목상권,2110427,노원 을지대학교병원,2885,2027,858,3,300,579,725,832,446,0,149,351,505,667,355,3,151,228,220,165,91
2020,4,A,골목상권,2110426,상계2동주민센터,2834,1540,1294,16,401,546,733,694,444,11,153,300,370,386,320,5,248,246,363,308,124
2020,4,A,골목상권,2110425,계상초등학교,2572,1219,1353,6,228,345,564,659,770,4,90,195,248,280,402,2,138,150,316,379,368
2020,4,A,골목상권,2110424,상계초등학교,2079,864,1215,5,272,368,533,553,348,5,89,181,216,215,158,0,183,187,317,338,190
2020,4,A,골목상권,2110423,석계역 2번,1883,895,988,5,253,375,553,418,279,3,106,197,271,183,135,2,147,178,282,235,144
2020,4,A,골목상권,2110422,노원역 9번,1955,819,1136,3,268,390,499,508,287,1,81,196,208,195,138,2,187,194,291,313,149
2020,4,A,골목상권,2110421,석계역 1번,1716,845,871,4,186,278,426,473,349,2,71,119,191,230,232,2,115,159,235,243,117
2020,4,A,골목상권,2110420,광운대역 1번,1718,979,739,10,353,518,466,244,127,3,175,350,258,123,70,7,178,168,208,121,57
2020,4,A,골목상권,2110419,수락산디자인거리,4260,2771,1489,13,429,898,1053,1126,741,12,245,615,683,706,510,1,184,283,370,420,231
2020,4,A,골목상권,2110418,광운대학교 남단,2484,1345,1139,17,445,664,598,481,279,5,192,396,291,252,209,12,253,268,307,229,70
2020,4,A,골목상권,2110417,월계역 3번,441,184,257,2,62,77,94,122,84,2,23,41,37,47,34,0,39,36,57,75,50
2020,4,A,골목상권,2110416,노원초등학교,1385,669,716,8,135,266,331,352,293,6,53,138,153,171,148,2,82,128,178,181,145
2020,4,A,골목상권,2110415,수락산역 4번,3553,1980,1573,19,461,687,836,890,660,16,254,421,481,483,325,3,207,266,355,407,335
2020,4,A,골목상권,2110414,장석교회,752,511,241,5,70,109,166,205,197,3,38,57,98,139,176,2,32,52,68,66,21
2020,4,A,골목상권,2110413,누원고등학교,580,375,205,0,37,71,120,164,188,0,16,45,70,104,140,0,21,26,50,60,48
2020,4,A,골목상권,2110412,창동중학교,1521,1149,372,3,118,224,267,505,404,1,73,121,160,412,382,2,45,103,107,93,22
2020,4,A,골목상권,2110411,도봉역 3번,1802,1132,670,2,126,304,360,519,491,1,33,150,187,351,410,1,93,154,173,168,81
2020,4,A,골목상권,2110410,방학역 2번,5708,3428,2280,10,558,1304,1395,1507,934,9,280,756,767,936,680,1,278,548,628,571,254
2020,4,A,골목상권,2110409,창동역 2번,6649,4154,2495,6,756,1498,1635,1402,1352,4,385,1020,1098,743,904,2,371,478,537,659,448
2020,4,A,골목상권,2110408,가인초등학교,5577,3850,1727,5,581,1307,1343,1121,1220,3,343,986,1014,685,819,2,238,321,329,436,401
2020,4,A,골목상권,2110407,도봉역 2번,2678,1900,778,7,190,399,535,778,769,5,95,243,303,572,682,2,95,156,232,206,87
2020,4,A,골목상권,2110406,도봉산역 1번,1362,928,434,0,45,103,268,453,493,0,17,63,189,336,323,0,28,40,79,117,170
2020,4,A,골목상권,2110405,방학역 1번,2975,1622,1353,6,288,534,730,892,525,5,159,353,350,369,386,1,129,181,380,523,139
2020,4,A,골목상권,2110404,신창초등학교,2334,1247,1087,11,291,485,642,611,294,8,108,229,337,362,203,3,183,256,305,249,91
2020,4,A,골목상권,2110403,방학1동주민센터,3553,1965,1588,10,456,716,860,1052,459,6,261,473,457,498,270,4,195,243,403,554,189
2020,4,A,골목상권,2110402,도봉구 정병원,2172,1117,1055,5,296,450,517,579,325,4,109,246,277,283,198,1,187,204,240,296,127
2020,4,A,골목상권,2110401,도봉구민회관,5856,3856,2000,1,599,1299,1388,1267,1302,0,346,940,977,718,875,1,253,359,411,549,427
2020,4,A,골목상권,2110400,도봉구보건소,2134,1058,1076,4,298,390,510,558,374,3,99,190,250,278,238,1,199,200,260,280,136
2020,4,A,골목상권,2110399,창2동주민센터,1982,1088,894,10,245,463,553,465,246,9,128,273,295,219,164,1,117,190,258,246,82
2020,4,A,골목상권,2110398,쌍문2동우체국,2359,1255,1104,1,247,367,547,725,472,1,87,168,253,427,319,0,160,199,294,298,153
2020,4,A,골목상권,2110397,도봉산입구,1579,963,616,1,95,207,290,413,573,1,25,106,157,272,402,0,70,101,133,141,171
2020,4,A,골목상권,2110396,쌍문역1번(쌍리단길),1577,763,814,4,242,329,382,395,225,1,84,135,198,208,137,3,158,194,184,187,88
2020,4,A,골목상권,2110395,신한은행 방학동지점,1120,597,523,4,157,280,302,227,150,3,72,148,158,121,95,1,85,132,144,106,55
2020,4,A,골목상권,2110394,방학중학교,1435,629,806,1,142,279,358,336,319,1,52,119,150,152,155,0,90,160,208,184,164
2020,4,A,골목상권,2110393,국민은행방학지점,1001,461,540,3,124,275,252,240,107,2,39,137,120,96,67,1,85,138,132,144,40
2020,4,A,골목상권,2110392,발바닥공원,704,449,255,3,99,210,202,121,69,2,39,126,148,81,53,1,60,84,54,40,16
2020,4,A,골목상권,2110391,샘말어린이공원,1172,574,598,0,93,215,234,283,347,0,34,95,107,140,198,0,59,120,127,143,149
2020,4,A,골목상권,2110390,방학초등학교,1901,820,1081,3,194,445,458,515,286,2,59,201,209,188,161,1,135,244,249,327,125
2020,4,A,골목상권,2110389,한일병원,3050,1577,1473,1,573,707,741,679,349,1,171,353,410,396,246,0,402,354,331,283,103
2020,4,A,골목상권,2110388,도봉우체국,2071,923,1148,4,436,450,512,485,184,3,105,207,224,244,140,1,331,243,288,241,44
2020,4,A,골목상권,2110387,쌍문초등학교,1678,803,875,0,227,365,452,414,220,0,67,151,187,208,190,0,160,214,265,206,30
2020,4,A,골목상권,2110386,연산군묘,1120,668,452,0,136,219,227,306,232,0,61,122,131,158,196,0,75,97,96,148,36
2020,4,A,골목상권,2110385,효문고등학교,780,268,512,0,136,158,203,185,98,0,33,42,60,71,62,0,103,116,143,114,36
2020,4,A,골목상권,2110384,문이교,622,295,327,1,71,88,145,188,129,0,21,33,51,98,92,1,50,55,94,90,37
2020,4,A,골목상권,2110383,덕성여대시반거리,494,170,324,0,83,84,121,116,90,0,12,24,42,39,53,0,71,60,79,77,37
2020,4,A,골목상권,2110382,솔밭공원역 1번,967,418,549,1,145,169,222,256,174,0,31,52,83,123,129,1,114,117,139,133,45
2020,4,A,골목상권,2110381,번동주공2단지,1056,559,497,5,107,230,262,299,153,4,33,95,131,178,118,1,74,135,131,121,35
2020,4,A,골목상권,2110380,강북문화정보도서관,980,504,476,5,99,143,203,291,239,3,30,74,101,150,146,2,69,69,102,141,93
2020,4,A,골목상권,2110379,KT&G 북부지사,767,383,384,2,97,108,197,257,106,0,47,44,83,145,64,2,50,64,114,112,42
2020,4,A,골목상권,2110378,송중동주민센터,1170,548,622,8,119,172,339,287,245,6,52,74,144,126,146,2,67,98,195,161,99
2020,4,A,골목상권,2110377,미아사거리역 3번,1050,449,601,7,158,220,271,253,141,6,51,81,107,112,92,1,107,139,164,141,49
2020,4,A,골목상권,2110376,수송초등학교,4978,2722,2256,8,551,1213,1234,1264,708,6,230,624,673,782,407,2,321,589,561,482,301
2020,4,A,골목상권,2110375,서울북부고용노동지청,1301,632,669,2,141,171,335,392,260,0,58,78,134,204,158,2,83,93,201,188,102
2020,4,A,골목상권,2110374,송중초등학교,2009,977,1032,7,186,338,530,528,420,6,61,128,222,264,296,1,125,210,308,264,124
2020,4,A,골목상권,2110373,수유역 2번,4903,2639,2264,10,549,1094,1104,1278,868,8,214,534,563,814,506,2,335,560,541,464,362
2020,4,A,골목상권,2110372,강북중학교,1588,852,736,1,167,364,452,356,248,1,87,203,249,169,143,0,80,161,203,187,105
2020,4,A,골목상권,2110371,삼양입구사거리,1233,656,577,2,114,236,332,331,218,2,43,109,155,183,164,0,71,127,177,148,54
2020,4,A,골목상권,2110370,도봉세무서,1385,735,650,7,100,222,365,379,312,6,28,93,168,200,240,1,72,129,197,179,72
2020,4,A,골목상권,2110369,성신여대운정그린캠퍼스,4108,2368,1740,5,481,782,894,1069,877,1,210,445,512,655,545,4,271,337,382,414,332
2020,4,A,골목상권,2110368,송천초등학교,5342,2779,2563,416,2025,1339,744,507,311,177,905,732,414,294,257,239,1120,607,330,213,54
2020,4,A,골목상권,2110367,강북구청,5008,2534,2474,10,519,1028,1016,1220,1215,8,207,520,524,762,513,2,312,508,492,458,702
2020,4,A,골목상권,2110366,광산사거리,3568,1624,1944,6,321,730,793,840,878,4,125,324,383,466,322,2,196,406,410,374,556
2020,4,A,골목상권,2110365,미아역 5번,1610,747,863,3,136,224,389,402,456,3,45,85,163,219,232,0,91,139,226,183,224
2020,4,A,골목상권,2110364,미아역 8번,1852,961,891,3,226,366,513,491,253,1,85,173,274,268,160,2,141,193,239,223,93
2020,4,A,골목상권,2110363,송천동주민센터,819,499,320,2,54,138,220,209,196,1,23,71,116,131,157,1,31,67,104,78,39
2020,4,A,골목상권,2110362,우이천 계성교,2117,1320,797,2,227,296,541,686,365,0,74,153,330,480,283,2,153,143,211,206,82
2020,4,A,골목상권,2110361,삼양사거리역 1번,1111,550,561,3,66,131,213,280,418,2,24,58,105,156,205,1,42,73,108,124,213
2020,4,A,골목상권,2110360,수유초등학교,2635,1274,1361,5,299,387,567,782,595,1,79,163,238,375,418,4,220,224,329,407,177
2020,4,A,골목상권,2110359,수유시장옆,5157,2359,2798,6,450,898,1053,1316,1434,4,136,365,470,708,676,2,314,533,583,608,758
2020,4,A,골목상권,2110358,인수동 우편취급국,2810,1471,1339,2,265,403,554,783,803,0,80,179,255,417,540,2,185,224,299,366,263
2020,4,A,골목상권,2110357,가오리역 1번,2401,1556,845,1,127,166,397,647,1063,0,34,71,252,471,728,1,93,95,145,176,335
2020,4,A,골목상권,2110356,덕수교,2011,1093,918,0,145,214,368,345,939,0,37,85,163,165,643,0,108,129,205,180,296
2020,4,A,골목상권,2110355,삼양사거리역 2번,905,486,419,2,85,153,223,225,217,1,22,49,110,139,165,1,63,104,113,86,52
2020,4,A,골목상권,2110354,삼각산119안전센터,365,141,224,1,38,87,110,81,48,0,9,25,45,32,30,1,29,62,65,49,18
2020,4,A,골목상권,2110353,수유동우체국,2389,1550,839,0,129,158,408,615,1079,0,26,73,267,444,740,0,103,85,141,171,339
2020,4,A,골목상권,2110352,수유1동주민센터,1621,708,913,1,183,303,456,479,199,0,61,122,184,209,132,1,122,181,272,270,67
2020,4,A,골목상권,2110351,수유북부시장옆,1877,1274,603,0,96,227,484,737,333,0,36,133,349,484,272,0,60,94,135,253,61
2020,4,A,골목상권,2110350,가오리역 2번,2640,1559,1081,0,221,477,709,807,426,0,62,232,442,507,316,0,159,245,267,300,110
2020,4,A,골목상권,2110349,화계역 2번,1164,619,545,0,95,179,284,397,209,0,37,65,127,214,176,0,58,114,157,183,33
2020,4,A,골목상권,2110348,강북문화예술회관,3953,2554,1399,0,227,512,876,1129,1209,0,65,242,587,813,847,0,162,270,289,316,362
2020,4,A,골목상권,2110347,구세군강북종합사회복지관,443,186,257,0,54,96,140,85,68,0,10,34,63,36,43,0,44,62,77,49,25
2020,4,A,골목상권,2110346,4.19민주묘지역 2번,754,369,385,0,109,137,212,161,135,0,22,69,113,81,84,0,87,68,99,80,51
2020,4,A,골목상권,2110345,솔밭공원역 2번,1604,918,686,1,168,207,320,549,359,0,35,65,142,387,289,1,133,142,178,162,70
2020,4,A,골목상권,2110344,화계중학교,815,417,398,0,75,148,217,296,79,0,39,57,111,143,67,0,36,91,106,153,12
2020,4,A,골목상권,2110343,무너미어린이공원,2303,1336,967,0,149,297,429,446,982,0,49,177,246,213,651,0,100,120,183,233,331
2020,4,A,골목상권,2110342,국립재활원,2250,1364,886,1,194,476,644,645,290,0,66,242,426,420,210,1,128,234,218,225,80
2020,4,A,골목상권,2110341,북한산우이역 2번,860,529,331,0,44,68,132,304,312,0,14,31,72,258,154,0,30,37,60,46,158
2020,4,A,골목상권,2110340,인수중학교,1205,760,445,6,164,256,276,329,174,6,81,173,168,189,143,0,83,83,108,140,31
2020,4,A,골목상권,2110339,국립4.19민주묘지,1097,718,379,6,146,196,248,305,196,6,67,139,153,190,163,0,79,57,95,115,33
2020,4,A,골목상권,2110338,인수초등학교,1955,1067,888,6,266,494,469,470,250,6,111,260,248,248,194,0,155,234,221,222,56
2020,4,A,골목상권,2110337,아카데미하우스,1438,921,517,6,178,311,344,390,209,6,85,207,216,232,175,0,93,104,128,158,34
2020,4,A,골목상권,2110336,석관고등학교,1951,1389,562,1,128,204,257,338,1023,0,66,113,151,240,819,1,62,91,106,98,204
2020,4,A,골목상권,2110335,석계역 7번,2887,1837,1050,2,243,313,463,598,1268,0,99,147,243,370,978,2,144,166,220,228,290
2020,4,A,골목상권,2110334,석관중앙교회,1691,1099,592,3,192,394,413,449,240,0,95,241,244,324,195,3,97,153,169,125,45
2020,4,A,골목상권,2110333,돌곶이역 5번,2875,2051,824,4,237,375,414,553,1292,0,107,239,264,375,1066,4,130,136,150,178,226
2020,4,A,골목상권,2110332,돌곶이역 3번,2402,1642,760,6,189,237,310,429,1231,1,74,125,174,259,1009,5,115,112,136,170,222
2020,4,A,골목상권,2110331,돌곶이역 8번,1331,817,514,4,173,283,315,283,273,0,60,182,193,164,218,4,113,101,122,119,55
2020,4,A,골목상권,2110330,돌곶이역 1번,1199,626,573,1,137,217,277,273,294,0,40,102,128,127,229,1,97,115,149,146,65
2020,4,A,골목상권,2110329,우리은행체육관,1280,745,535,8,131,269,305,313,254,4,45,134,165,200,197,4,86,135,140,113,57
2020,4,A,골목상권,2110328,상월곡역 3번,966,544,422,4,142,252,268,208,92,1,59,142,158,118,66,3,83,110,110,90,26
2020,4,A,골목상권,2110327,상월곡역 2번,1998,1149,849,5,355,494,539,387,218,1,166,295,311,215,161,4,189,199,228,172,57
2020,4,A,골목상권,2110326,장위동성당,2029,1211,818,4,314,426,541,433,311,3,149,249,314,263,233,1,165,177,227,170,78
2020,4,A,골목상권,2110325,장곡초등학교,1638,957,681,8,198,313,438,380,301,6,100,176,257,221,197,2,98,137,181,159,104
2020,4,A,골목상권,2110324,월곡역 4번,3140,1982,1158,5,533,1043,730,527,302,1,265,704,453,335,224,4,268,339,277,192,78
2020,4,A,골목상권,2110323,상월곡역 1번,4067,2556,1511,5,678,1174,962,808,440,1,336,790,596,503,330,4,342,384,366,305,110
2020,4,A,골목상권,2110322,장위1동주민센터,1274,741,533,8,218,235,278,270,265,4,110,153,164,146,164,4,108,82,114,124,101
2020,4,A,골목상권,2110321,동덕여대,2313,1366,947,1,299,420,551,516,526,0,134,242,299,273,418,1,165,178,252,243,108
2020,4,A,골목상권,2110320,KB국민은행 종암동지점,1182,673,509,1,119,228,369,325,140,1,35,101,200,239,97,0,84,127,169,86,43
2020,4,A,골목상권,2110319,종암동주민센터,2766,1528,1238,6,392,614,672,775,307,1,178,373,362,458,156,5,214,241,310,317,151
2020,4,A,골목상권,2110318,KT월곡지사,4670,3051,1619,8,464,852,998,1077,1271,3,232,511,595,716,994,5,232,341,403,361,277
2020,4,A,골목상권,2110317,종암중학교,984,490,494,0,108,232,312,228,104,0,37,97,154,140,62,0,71,135,158,88,42
2020,4,A,골목상권,2110316,숭곡초등학교,3749,2252,1497,12,320,511,783,810,1313,11,132,241,383,471,1014,1,188,270,400,339,299
2020,4,A,골목상권,2110315,종암아이파크2차,19523,10008,9515,57,1546,5002,7164,5525,229,13,627,1664,3177,4378,149,44,919,3338,3987,1147,80
2020,4,A,골목상권,2110314,종암경찰서,22088,12093,9995,63,1812,5489,7636,6091,997,14,829,2083,3572,4842,753,49,983,3406,4064,1249,244
2020,4,A,골목상권,2110313,안암역 3번,4486,2929,1557,7,548,1055,1239,1027,610,3,263,654,815,721,473,4,285,401,424,306,137
2020,4,A,골목상권,2110312,안암역 2번,1666,856,810,1,199,457,563,337,109,0,70,198,309,204,75,1,129,259,254,133,34
2020,4,A,골목상권,2110311,종암아이파크2차후문,18419,9472,8947,55,1397,4775,6829,5279,84,12,583,1567,3015,4229,66,43,814,3208,3814,1050,18
2020,4,A,골목상권,2110310,길음역 10번,2304,969,1335,10,637,675,493,352,137,1,143,321,258,161,85,9,494,354,235,191,52
2020,4,A,골목상권,2110309,대광초등학교,3669,2531,1138,12,521,883,910,786,557,4,294,622,640,561,410,8,227,261,270,225,147
2020,4,A,골목상권,2110308,길음역 8번,7178,3463,3715,428,2655,1922,1125,688,360,177,1050,1021,613,334,268,251,1605,901,512,354,92
2020,4,A,골목상권,2110307,길음역 7번,2596,948,1648,10,718,682,547,427,212,0,146,268,216,179,139,10,572,414,331,248,73
2020,4,A,골목상권,2110306,미아초등학교,5376,2688,2688,419,2073,1365,788,449,282,176,923,736,412,220,221,243,1150,629,376,229,61
2020,4,A,골목상권,2110305,보문역 5번,6471,4952,1519,11,812,2114,1358,1346,830,5,488,1734,1085,1066,574,6,324,380,273,280,256
2020,4,A,골목상권,2110304,보문역 4번,5081,2911,2170,4,547,1204,1258,1332,736,3,248,624,733,863,440,1,299,580,525,469,296
2020,4,A,골목상권,2110303,성신여대입구역 1번,2302,983,1319,23,343,507,539,532,358,11,93,195,230,247,207,12,250,312,309,285,151
2020,4,A,골목상권,2110302,보문역 8번,6611,5075,1536,7,801,2204,1491,1413,695,2,445,1775,1209,1164,480,5,356,429,282,249,215
2020,4,A,골목상권,2110301,성신여대입구역 7번,2407,1250,1157,22,336,473,551,587,438,16,112,206,285,329,302,6,224,267,266,258,136
2020,4,A,골목상권,2110300,삼선동주민센터,7082,3275,3807,21,849,1747,2084,1699,682,12,261,673,916,1026,387,9,588,1074,1168,673,295
2020,4,A,골목상권,2110299,정릉역 1번,2389,1112,1277,6,327,495,591,580,390,1,79,200,234,301,297,5,248,295,357,279,93
2020,4,A,골목상권,2110298,솔숲어린이공원,1609,756,853,6,199,274,412,438,280,1,58,98,163,222,214,5,141,176,249,216,66
2020,4,A,골목상권,2110297,경동고등학교,9374,4825,4549,19,1150,2351,2816,2260,778,8,435,1116,1431,1392,443,11,715,1235,1385,868,335
2020,4,A,골목상권,2110296,성신여대입구역 4번,13044,7926,5118,60,2010,3119,4030,2350,1475,26,917,1816,2693,1739,735,34,1093,1303,1337,611,740
2020,4,A,골목상권,2110295,정릉우체국,2490,1166,1324,2,366,486,617,609,410,0,99,203,246,329,289,2,267,283,371,280,121
2020,4,A,골목상권,2110294,서경대학교,2549,1324,1225,1,378,447,634,629,460,0,105,193,305,381,340,1,273,254,329,248,120
2020,4,A,골목상권,2110293,삼선중학교,16035,9034,7001,63,2380,3897,5184,2868,1643,27,1059,2173,3103,1899,773,36,1321,1724,2081,969,870
2020,4,A,골목상권,2110292,정릉역 2번,1455,558,897,1,246,356,390,314,148,0,62,144,125,131,96,1,184,212,265,183,52
2020,4,A,골목상권,2110291,한성대입구역 3번,4682,2808,1874,4,513,944,1389,1258,574,2,184,541,891,836,354,2,329,403,498,422,220
2020,4,A,골목상권,2110290,북한산보국문역 1번,1034,535,499,2,104,127,218,313,270,0,28,65,110,176,156,2,76,62,108,137,114
2020,4,A,골목상권,2110289,북한산보국문역 2번,1888,951,937,0,291,395,491,441,270,0,88,179,225,255,204,0,203,216,266,186,66
2020,4,A,골목상권,2110288,동구여중,4250,2398,1852,23,496,930,1431,989,381,12,211,489,785,607,294,11,285,441,646,382,87
2020,4,A,골목상권,2110287,정릉3동주민센터,1637,1229,408,0,230,512,449,314,132,0,133,403,340,243,110,0,97,109,109,71,22
2020,4,A,골목상권,2110286,한성대입구역 5번,6385,3175,3210,20,806,1509,1805,1506,739,9,265,708,929,826,438,11,541,801,876,680,301
2020,4,A,골목상권,2110285,홍대부중,5373,2950,2423,12,1018,1547,1503,934,359,7,415,798,842,619,269,5,603,749,661,315,90
2020,4,A,골목상권,2110284,정릉북한산국립공원입구,1223,860,363,0,80,214,331,411,187,0,23,120,249,314,154,0,57,94,82,97,33
2020,4,A,골목상권,2110283,성북초등학교앞,4093,2342,1751,15,771,1263,1080,686,278,9,312,713,699,425,184,6,459,550,381,261,94
2020,4,A,골목상권,2110282,국민대학교앞,1943,1389,554,15,322,603,452,316,235,14,185,441,355,248,146,1,137,162,97,68,89
2020,4,A,골목상권,2110281,길상사,17018,13990,3028,25,2042,3972,4890,5544,545,4,1214,2904,4251,5231,386,21,828,1068,639,313,159
2020,4,A,골목상권,2110280,북정마을,14960,12846,2114,18,1405,3400,4437,5321,379,4,942,2610,3998,5030,262,14,463,790,439,291,117
2020,4,A,골목상권,2110279,신내역 2번,2047,735,1312,1,530,644,403,373,96,0,99,241,188,148,59,1,431,403,215,225,37
2020,4,A,골목상권,2110278,망우본동주민센터,2878,1577,1301,10,284,489,618,849,628,1,85,183,285,500,523,9,199,306,333,349,105
2020,4,A,골목상권,2110277,러스크서울병원,2130,1283,847,13,203,291,394,651,578,2,69,98,204,424,486,11,134,193,190,227,92
2020,4,A,골목상권,2110276,신내IC북측,607,375,232,0,44,112,142,253,56,0,25,88,107,124,31,0,19,24,35,129,25
2020,4,A,골목상권,2110275,하나은행 망우동지점,1686,1011,675,10,166,215,299,524,472,0,46,66,154,349,396,10,120,149,145,175,76
2020,4,A,골목상권,2110274,서일대학교,2030,1277,753,2,173,309,487,576,483,1,57,162,302,404,351,1,116,147,185,172,132
2020,4,A,골목상권,2110273,장스여성병원,1613,1000,613,9,132,209,298,500,465,1,34,80,150,339,396,8,98,129,148,161,69
2020,4,A,골목상권,2110272,신내1동주민센터,5843,3433,2410,7,756,1311,1295,1459,1015,6,386,660,668,911,802,1,370,651,627,548,213
2020,4,A,골목상권,2110271,신내역 1번,2658,1073,1585,5,607,752,539,616,139,1,134,318,283,257,80,4,473,434,256,359,59
2020,4,A,골목상권,2110270,혜원여고,1224,728,496,0,98,181,286,344,315,0,39,103,157,210,219,0,59,78,129,134,96
2020,4,A,골목상권,2110269,용마문화복지센터,1320,882,438,1,120,224,285,389,301,0,50,133,182,292,225,1,70,91,103,97,76
2020,4,A,골목상권,2110268,망우3동주민센터,1612,1031,581,3,203,323,368,411,304,3,130,207,213,250,228,0,73,116,155,161,76
2020,4,A,골목상권,2110267,망우역 2번,3855,2306,1549,17,545,783,816,902,792,13,310,445,442,506,590,4,235,338,374,396,202
2020,4,A,골목상권,2110266,면목동우체국,3102,1920,1182,7,322,539,733,852,649,2,104,264,432,611,507,5,218,275,301,241,142
2020,4,A,골목상권,2110265,망우역 1번,3076,1829,1247,16,364,540,716,803,637,5,170,256,354,517,527,11,194,284,362,286,110
2020,4,A,골목상권,2110264,면목역 2번,2233,1223,1010,3,236,458,534,610,392,0,80,225,279,374,265,3,156,233,255,236,127
2020,4,A,골목상권,2110263,면목역 1번,2962,1753,1209,6,445,738,846,625,302,3,244,499,441,330,236,3,201,239,405,295,66
2020,4,A,골목상권,2110262,상봉역 3번,3221,1967,1254,8,450,790,948,652,373,4,252,530,510,366,305,4,198,260,438,286,68
2020,4,A,골목상권,2110261,사가정역 4번,3127,2086,1041,5,288,460,746,997,631,4,111,243,469,761,498,1,177,217,277,236,133
2020,4,A,골목상권,2110260,면목역 3번,2514,1442,1072,3,356,591,717,548,299,0,154,393,354,299,242,3,202,198,363,249,57
2020,4,A,골목상권,2110259,사가정역 1번,3127,1865,1262,6,337,678,872,745,489,3,144,363,490,495,370,3,193,315,382,250,119
2020,4,A,골목상권,2110258,면동초등학교,2037,1206,831,5,240,437,528,494,333,1,106,255,280,307,257,4,134,182,248,187,76
2020,4,A,골목상권,2110257,상봉역 7번,2452,1607,845,11,219,403,552,647,620,10,108,220,301,442,526,1,111,183,251,205,94
2020,4,A,골목상권,2110256,면목2동체육관,3547,2122,1425,5,446,738,941,853,564,1,202,481,507,484,447,4,244,257,434,369,117
2020,4,A,골목상권,2110255,상봉역 4번,4458,2784,1674,6,479,915,1219,1023,816,1,229,569,676,643,666,5,250,346,543,380,150
2020,4,A,골목상권,2110254,오거리공원,2416,1571,845,3,191,424,659,814,325,2,79,223,410,603,254,1,112,201,249,211,71
2020,4,A,골목상권,2110253,중곡초등학교,1855,1320,535,2,153,294,471,641,294,1,81,182,321,513,222,1,72,112,150,128,72
2020,4,A,골목상권,2110252,장안제일시장,1993,1261,732,2,203,364,494,505,425,1,97,223,245,330,365,1,106,141,249,175,60
2020,4,A,골목상권,2110251,장안중학교,2262,1349,913,0,231,428,502,567,534,0,89,190,253,357,460,0,142,238,249,210,74
2020,4,A,골목상권,2110250,화랑대역 7번,1509,739,770,5,140,332,409,398,225,1,49,156,183,195,155,4,91,176,226,203,70
2020,4,A,골목상권,2110249,중화역 1번,3063,1949,1114,1,402,709,752,735,464,1,223,405,433,507,380,0,179,304,319,228,84
2020,4,A,골목상권,2110248,먹골파출소,1263,628,635,3,134,298,352,301,175,0,45,145,171,147,120,3,89,153,181,154,55
2020,4,A,골목상권,2110247,먹골역 1번,2991,1922,1069,0,398,676,750,773,394,0,207,418,446,532,319,0,191,258,304,241,75
2020,4,A,골목상권,2110246,월드순복음교회,2145,1274,871,4,193,347,472,594,535,1,63,160,269,364,417,3,130,187,203,230,118
2020,4,A,골목상권,2110245,KB국민은행 중화동지점,2037,1261,776,3,166,345,495,514,514,1,63,179,281,323,414,2,103,166,214,191,100
2020,4,A,골목상권,2110244,중화역 4번,2398,1528,870,2,356,606,575,562,297,2,209,364,342,382,229,0,147,242,233,180,68
2020,4,A,골목상권,2110243,중랑노인종합복지관,1660,977,683,2,141,271,376,485,385,1,50,133,206,282,305,1,91,138,170,203,80
2020,4,A,골목상권,2110242,면목5동주민센터,1226,796,430,1,101,187,289,334,314,0,45,120,154,211,266,1,56,67,135,123,48
2020,4,A,골목상권,2110241,먹골역 5번,2531,1611,920,1,347,608,639,667,269,1,191,387,378,452,202,0,156,221,261,215,67
2020,4,A,골목상권,2110240,태릉시장 특화거리,1145,548,597,8,174,260,261,239,203,6,84,106,113,110,129,2,90,154,148,129,74
2020,4,A,골목상권,2110239,중랑역 2번,690,313,377,5,95,118,156,155,161,2,29,46,64,73,99,3,66,72,92,82,62
2020,4,A,골목상권,2110238,배꽃어린이공원,1473,1122,351,2,227,342,337,358,207,2,157,266,243,292,162,0,70,76,94,66,45
2020,4,A,골목상권,2110237,메가박스 상봉,3560,2363,1197,12,356,778,1051,1010,353,10,168,485,723,741,236,2,188,293,328,269,117
2020,4,A,골목상권,2110236,신묵초등학교,2471,1622,849,2,350,599,613,640,267,2,195,394,387,452,192,0,155,205,226,188,75
2020,4,A,골목상권,2110235,세화어린이공원,381,210,171,6,90,59,103,71,52,5,52,33,45,38,37,1,38,26,58,33,15
2020,4,A,골목상권,2110234,중랑역 4번,3174,2317,857,12,298,719,1010,858,277,10,155,484,757,704,207,2,143,235,253,154,70
2020,4,A,골목상권,2110233,중랑역 1번,3032,2188,844,17,357,651,916,814,277,14,188,439,671,673,203,3,169,212,245,141,74
2020,4,A,골목상권,2110232,동대부고,3028,1420,1608,3,381,593,816,786,449,1,123,264,333,381,318,2,258,329,483,405,131
2020,4,A,골목상권,2110231,장안교,1741,1065,676,6,143,324,461,478,329,4,59,155,249,315,283,2,84,169,212,163,46
2020,4,A,골목상권,2110230,장안현대홈타운1차아파트,5246,2850,2396,14,898,1262,1405,1131,536,10,473,718,698,598,353,4,425,544,707,533,183
2020,4,A,골목상권,2110229,장평중학교,5475,3447,2028,11,604,1021,1167,1234,1438,7,309,620,723,769,1019,4,295,401,444,465,419
2020,4,A,골목상권,2110228,장안근린공원,6839,3589,3250,54,2007,1290,1365,1326,797,32,1034,727,628,629,539,22,973,563,737,697,258
2020,4,A,골목상권,2110227,답십리공원,4470,2551,1919,49,1629,777,743,784,488,30,929,507,422,364,299,19,700,270,321,420,189
2020,4,A,골목상권,2110226,장안1동주민센터,6971,3871,3100,22,858,1351,1602,1672,1466,17,403,767,886,926,872,5,455,584,716,746,594
2020,4,A,골목상권,2110225,촬영소사거리,2931,1595,1336,12,223,386,587,760,963,9,107,227,365,390,497,3,116,159,222,370,466
2020,4,A,골목상권,2110224,외대앞역 2번,1398,804,594,3,138,261,402,359,235,1,53,146,243,245,116,2,85,115,159,114,119
2020,4,A,골목상권,2110223,군자초등학교,6674,4353,2321,43,1459,1676,1307,1058,1131,11,711,1129,908,704,890,32,748,547,399,354,241
2020,4,A,골목상권,2110222,회기역 2번,2392,1179,1213,2,403,501,609,625,252,0,104,257,343,339,136,2,299,244,266,286,116
2020,4,A,골목상권,2110221,의릉,1144,696,448,3,127,310,315,263,126,0,43,194,185,173,101,3,84,116,130,90,25
2020,4,A,골목상권,2110220,외대앞역 1번,3641,1571,2070,2,688,923,946,679,403,1,133,336,444,404,253,1,555,587,502,275,150
2020,4,A,골목상권,2110219,삼육보건대학교,4450,2371,2079,4,582,896,1094,1128,746,2,182,417,615,657,498,2,400,479,479,471,248
2020,4,A,골목상권,2110218,답십리사거리,1435,853,582,7,165,299,369,350,245,5,66,165,204,224,189,2,99,134,165,126,56
2020,4,A,골목상권,2110217,자동차부품상가,6813,4504,2309,26,1478,1623,1457,1223,1006,21,859,1143,968,768,745,5,619,480,489,455,261
2020,4,A,골목상권,2110216,전농중학교,2153,1119,1034,3,263,476,586,555,270,1,114,236,297,296,175,2,149,240,289,259,95
2020,4,A,골목상권,2110215,회기역 1번,2459,902,1557,4,638,776,558,322,161,1,126,278,223,148,126,3,512,498,335,174,35
2020,4,A,골목상권,2110214,경희대후문,3292,1434,1858,1,689,917,862,572,251,1,134,332,426,346,195,0,555,585,436,226,56
2020,4,A,골목상권,2110213,청량초등학교,2169,702,1467,0,592,722,494,250,111,0,101,237,187,96,81,0,491,485,307,154,30
2020,4,A,골목상권,2110212,답십리초등학교,6736,3585,3151,26,1187,1542,1846,1660,475,22,887,1141,773,457,305,4,300,401,1073,1203,170
2020,4,A,골목상권,2110211,전곡마을마당공원,2826,1580,1246,4,375,594,732,764,357,1,152,275,439,468,245,3,223,319,293,296,112
2020,4,A,골목상권,2110210,서울시립대,3076,1537,1539,7,419,611,663,709,667,4,126,242,352,377,436,3,293,369,311,332,231
2020,4,A,골목상권,2110209,답십리 장령당공원,4354,2000,2354,4,640,954,1230,1197,329,1,470,685,419,202,223,3,170,269,811,995,106
2020,4,A,골목상권,2110208,시조사삼거리,2384,1294,1090,4,388,710,460,463,359,3,155,452,245,252,187,1,233,258,215,211,172
2020,4,A,골목상권,2110207,시립대앞사거리,2645,1363,1282,3,363,557,634,682,406,1,117,229,344,396,276,2,246,328,290,286,130
2020,4,A,골목상권,2110206,텃골근린공원,1284,744,540,2,151,241,347,340,203,1,84,134,221,207,97,1,67,107,126,133,106
2020,4,A,골목상권,2110205,경희대삼거리,3822,2069,1753,6,701,1290,710,636,479,4,281,760,405,362,257,2,420,530,305,274,222
2020,4,A,골목상권,2110204,간데메공원,1794,1235,559,6,298,435,450,379,226,3,196,277,304,275,180,3,102,158,146,104,46
2020,4,A,골목상권,2110203,떡전교사거리,1943,858,1085,2,261,350,385,429,516,2,79,140,162,190,285,0,182,210,223,239,231
2020,4,A,골목상권,2110202,전농1동주민센터(전농시장),593,343,250,0,76,107,147,149,114,0,49,61,93,85,55,0,27,46,54,64,59
2020,4,A,골목상권,2110201,전농119안전센터,825,530,295,0,102,158,244,182,139,0,68,101,168,117,76,0,34,57,76,65,63
2020,4,A,골목상권,2110200,동대문경찰서,1083,572,511,0,119,177,222,305,260,0,60,86,111,138,177,0,59,91,111,167,83
2020,4,A,골목상권,2110199,홍릉시장,1158,621,537,0,99,193,238,354,274,0,46,95,119,165,196,0,53,98,119,189,78
2020,4,A,골목상권,2110198,동대문중앙새마을금고본점,688,361,327,0,52,89,135,214,198,0,23,47,72,99,120,0,29,42,63,115,78
2020,4,A,골목상권,2110197,세종대왕기념관교차로,2510,1548,962,3,426,731,600,539,211,2,154,376,417,419,180,1,272,355,183,120,31
2020,4,A,골목상권,2110196,홍릉근린공원,1047,653,394,1,93,198,337,285,133,1,37,93,216,188,118,0,56,105,121,97,15
2020,4,A,골목상권,2110195,동대문구청,4287,2125,2162,6,481,906,1023,1183,688,3,186,393,469,674,400,3,295,513,554,509,288
2020,4,A,골목상권,2110194,홍파초등학교,1798,1085,713,2,140,330,522,522,282,1,84,184,314,291,211,1,56,146,208,231,71
2020,4,A,골목상권,2110193,고려대역 4번,1232,835,397,1,79,208,403,369,172,1,35,113,259,283,144,0,44,95,144,86,28
2020,4,A,골목상권,2110192,동의보감타워,5324,3233,2091,17,756,1316,1285,1303,647,8,482,802,763,820,358,9,274,514,522,483,289
2020,4,A,골목상권,2110191,고려대역 6번,1157,702,455,2,78,202,355,318,202,1,38,103,203,201,156,1,40,99,152,117,46
2020,4,A,골목상권,2110190,고대앞사거리,3236,1724,1512,5,469,907,933,626,296,2,192,462,500,367,201,3,277,445,433,259,95
2020,4,A,골목상권,2110189,제기동역 1번,6727,4533,2194,21,1156,1875,1505,1131,1039,8,647,1270,1059,767,782,13,509,605,446,364,257
2020,4,A,골목상권,2110188,용두동신동아아파트,9251,6800,2451,57,1038,1991,2191,2660,1314,37,705,1428,1679,1971,980,20,333,563,512,689,334
2020,4,A,골목상권,2110187,제기동역 6번,7263,4732,2531,20,1249,2025,1616,1231,1122,8,662,1282,1102,844,834,12,587,743,514,387,288
2020,4,A,골목상권,2110186,종암초등학교,3678,2369,1309,3,481,1024,1038,724,408,0,199,624,702,506,338,3,282,400,336,218,70
2020,4,A,골목상권,2110185,용두초등학교,9216,4802,4414,9,826,2131,2857,2357,1036,3,373,1210,1418,1091,707,6,453,921,1439,1266,329
2020,4,A,골목상권,2110184,용두사거리,7078,2654,4424,6,1108,1663,1364,1642,1295,2,332,723,563,452,582,4,776,940,801,1190,713
2020,4,A,골목상권,2110183,한국의류시험연구원,6586,2490,4096,5,1038,1511,1273,1514,1245,1,321,694,532,384,558,4,717,817,741,1130,687
2020,4,A,골목상권,2110182,용두희망어린이공원,8150,3848,4302,10,1180,1780,1735,2093,1352,4,438,992,944,839,631,6,742,788,791,1254,721
2020,4,A,골목상권,2110181,신설동역 9번,13079,7138,5941,34,1192,2706,3581,3279,2287,18,594,1610,1908,1605,1403,16,598,1096,1673,1674,884
2020,4,A,골목상권,2110180,광진정보도서관,9548,6222,3326,19,2321,3104,2006,1368,730,5,1187,2103,1425,958,544,14,1134,1001,581,410,186
2020,4,A,골목상권,2110179,광나루역 1번,6574,3993,2581,161,2344,1211,1143,1171,544,51,1118,831,807,821,365,110,1226,380,336,350,179
2020,4,A,골목상권,2110178,장로회신학대학교,2969,2050,919,2,411,751,730,698,377,0,227,542,543,493,245,2,184,209,187,205,132
2020,4,A,골목상권,2110177,동의초등학교,1459,779,680,1,169,274,393,406,216,0,61,146,213,214,145,1,108,128,180,192,71
2020,4,A,골목상권,2110176,해오름공원,4046,2107,1939,5,730,888,1169,939,315,2,195,417,665,579,249,3,535,471,504,360,66
2020,4,A,골목상권,2110175,푸른동산공원,9538,5255,4283,11,988,1818,2356,2694,1671,5,574,1201,1457,1185,833,6,414,617,899,1509,838
2020,4,A,골목상권,2110174,아차산역 1번,3794,2279,1515,7,421,721,1109,1004,532,3,189,430,702,589,366,4,232,291,407,415,166
2020,4,A,골목상권,2110173,구남초등학교,11730,6787,4943,24,1163,2242,2831,3303,2167,9,628,1467,1814,1629,1240,15,535,775,1017,1674,927
2020,4,A,골목상권,2110172,광진초등학교,3672,2114,1558,57,568,731,843,922,551,25,284,392,475,537,401,32,284,339,368,385,150
2020,4,A,골목상권,2110171,중곡4동주민센터,3077,1296,1781,4,590,757,782,700,244,2,117,276,348,364,189,2,473,481,434,336,55
2020,4,A,골목상권,2110170,동대부여고,6257,3117,3140,5,456,1045,1777,2129,845,2,193,556,964,908,494,3,263,489,813,1221,351
2020,4,A,골목상권,2110169,성동초등학교,6765,4291,2474,18,675,1492,1785,1727,1068,4,365,915,1130,1071,806,14,310,577,655,656,262
2020,4,A,골목상권,2110168,대원고등학교,2238,1319,919,4,229,483,556,618,348,2,102,238,295,395,287,2,127,245,261,223,61
2020,4,A,골목상권,2110167,용마초등학교,4509,2630,1879,12,580,923,1177,1052,765,4,313,546,644,575,548,8,267,377,533,477,217
2020,4,A,골목상권,2110166,구의1동주민센터,15219,11430,3789,17,1059,2485,4251,5895,1512,12,537,1532,3205,4890,1254,5,522,953,1046,1005,258
2020,4,A,골목상권,2110165,국립정신건강센터,2585,1477,1108,3,244,534,684,699,421,0,94,256,352,434,341,3,150,278,332,265,80
2020,4,A,골목상권,2110164,아차산역 5번,2694,1609,1085,7,347,531,659,642,508,2,169,304,401,359,374,5,178,227,258,283,134
2020,4,A,골목상권,2110163,성자초등학교,3129,1834,1295,13,357,640,850,913,356,9,224,372,481,482,266,4,133,268,369,431,90
2020,4,A,골목상권,2110162,군자역 4번,3924,2332,1592,15,598,853,977,809,672,8,340,511,565,435,473,7,258,342,412,374,199
2020,4,A,골목상권,2110161,중곡역 3번,2364,1591,773,7,197,379,569,778,434,2,89,224,353,586,337,5,108,155,216,192,97
2020,4,A,골목상권,2110160,광진경찰서,2323,1406,917,4,347,648,636,516,172,1,194,397,354,334,126,3,153,251,282,182,46
2020,4,A,골목상권,2110159,구의역 4번,15886,11761,4125,20,1195,2502,4360,6044,1765,14,552,1526,3278,4933,1458,6,643,976,1082,1111,307
2020,4,A,골목상권,2110158,중곡3동주민센터,2903,2098,805,5,253,521,703,934,487,1,136,358,470,736,397,4,117,163,233,198,90
2020,4,A,골목상권,2110157,자양동우체국,2103,1420,683,14,451,461,501,450,226,10,346,329,303,259,173,4,105,132,198,191,53
2020,4,A,골목상권,2110156,군자역 5번,3797,2348,1449,10,541,828,936,817,665,6,297,488,572,478,507,4,244,340,364,339,158
2020,4,A,골목상권,2110155,광진구청,13911,10903,3008,14,1009,2223,3822,5359,1484,12,536,1458,2986,4650,1261,2,473,765,836,709,223
2020,4,A,골목상권,2110154,광진정말공원,2494,1436,1058,7,351,455,604,640,437,5,171,260,316,357,327,2,180,195,288,283,110
2020,4,A,골목상권,2110153,중곡1동주민센터,5211,2445,2766,82,1436,912,1081,1176,524,28,644,492,513,422,346,54,792,420,568,754,178
2020,4,A,골목상권,2110152,중곡어린이공원,2482,1526,956,49,471,549,517,545,351,6,194,337,328,368,293,43,277,212,189,177,58
2020,4,A,골목상권,2110151,자양한강도서관,2520,1817,703,15,490,505,614,608,288,11,373,369,422,418,224,4,117,136,192,190,64
2020,4,A,골목상권,2110150,중곡1동 마을마당,5928,2959,2969,84,1503,1158,1196,1359,628,30,654,632,616,572,455,54,849,526,580,787,173
2020,4,A,골목상권,2110149,세종대학교,1090,593,497,0,153,295,256,226,160,0,69,164,150,110,100,0,84,131,106,116,60
2020,4,A,골목상권,2110148,어린이대공원역 3번,1449,1013,436,2,138,200,381,498,230,0,66,128,264,363,192,2,72,72,117,135,38
2020,4,A,골목상권,2110147,능동우편취급국,5319,2666,2653,35,1292,1071,1074,1227,620,22,621,624,558,446,395,13,671,447,516,781,225
2020,4,A,골목상권,2110146,신자초등학교,3030,2209,821,8,345,709,894,809,265,3,232,532,652,588,202,5,113,177,242,221,63
2020,4,A,골목상권,2110145,장안초등학교,913,444,469,0,95,163,182,275,198,0,30,77,88,131,118,0,65,86,94,144,80
2020,4,A,골목상권,2110144,어린이대공원역 4번,1995,1266,729,2,200,302,497,650,344,0,76,165,320,437,268,2,124,137,177,213,76
2020,4,A,골목상권,2110143,뚝섬유원지역 1번,1854,1500,354,4,199,512,536,442,161,1,151,418,445,358,127,3,48,94,91,84,34
2020,4,A,골목상권,2110142,화양사거리,4124,2353,1771,5,665,1024,1057,859,514,2,309,600,651,427,364,3,356,424,406,432,150
2020,4,A,골목상권,2110141,건대입구역 1번,3299,2189,1110,13,442,738,841,702,563,6,231,484,570,459,439,7,211,254,271,243,124
2020,4,A,골목상권,2110140,건대입구역 6번,5095,3245,1850,28,632,1049,1230,1212,944,21,284,628,783,815,714,7,348,421,447,397,230
2020,4,A,골목상권,2110139,자양4동주민센터,3041,2288,753,62,487,732,735,671,354,28,320,558,574,520,288,34,167,174,161,151,66
2020,4,A,골목상권,2110138,송정체육공원,4312,2537,1775,2,725,1148,1094,805,538,0,350,692,688,425,382,2,375,456,406,380,156
2020,4,A,골목상권,2110137,성수초등학교,15849,10295,5554,64,2391,4011,4214,3217,1952,49,1240,2613,2806,2104,1483,15,1151,1398,1408,1113,469
2020,4,A,골목상권,2110136,경수초등학교,19912,12290,7622,134,4030,5003,4511,3778,2456,78,1986,3201,2930,2315,1780,56,2044,1802,1581,1463,676
2020,4,A,골목상권,2110135,성동세무서,7155,4565,2590,12,1071,1813,1835,1515,909,5,579,1158,1197,926,700,7,492,655,638,589,209
2020,4,A,골목상권,2110134,성수119안전센터,4792,3359,1433,79,805,1245,1218,959,486,39,481,883,888,682,386,40,324,362,330,277,100
2020,4,A,골목상권,2110133,서울교통공사,6588,4563,2025,50,1729,1852,1274,965,718,21,996,1339,950,679,578,29,733,513,324,286,140
2020,4,A,골목상권,2110132,성수2가3동주민센터,4528,2778,1750,14,563,1101,1102,1022,726,11,282,667,706,642,470,3,281,434,396,380,256
2020,4,A,골목상권,2110131,성수동카페거리,18863,11455,7408,84,3960,5083,4195,3250,2291,51,1964,3230,2724,1930,1556,33,1996,1853,1471,1320,735
2020,4,A,골목상권,2110130,답십리역 6번,5783,2708,3075,6,834,1254,1641,1495,553,2,564,856,606,323,357,4,270,398,1035,1172,196
2020,4,A,골목상권,2110129,성원어린이공원,5831,3754,2077,21,932,1339,1290,1152,1097,16,543,871,862,738,724,5,389,468,428,414,373
2020,4,A,골목상권,2110128,성원중학교,5913,4100,1813,24,740,1417,1504,1425,803,13,428,1018,1078,1009,554,11,312,399,426,416,249
2020,4,A,골목상권,2110127,성수1가1동주민센터,5851,3818,2033,21,1131,1850,1426,919,504,11,621,1230,924,626,406,10,510,620,502,293,98
2020,4,A,골목상권,2110126,서울숲역 1번,4957,3278,1679,19,954,1230,1086,892,776,12,568,830,689,609,570,7,386,400,397,283,206
2020,4,A,골목상권,2110125,사근동살곶이상점가,2512,1782,730,2,144,443,815,743,365,2,54,289,563,579,295,0,90,154,252,164,70
2020,4,A,골목상권,2110124,뚝섬역교차로,3140,2236,904,14,450,585,706,728,657,12,229,380,469,568,578,2,221,205,237,160,79
2020,4,A,골목상권,2110123,마장역 3번,1661,1034,627,1,198,311,408,441,302,1,95,185,241,285,227,0,103,126,167,156,75
2020,4,A,골목상권,2110122,마장역 2번,1517,1003,514,1,159,243,355,441,318,1,89,160,221,294,238,0,70,83,134,147,80
2020,4,A,골목상권,2110121,한양대역 4번,2434,1709,725,0,128,423,780,733,370,0,43,274,532,559,301,0,85,149,248,174,69
2020,4,A,골목상권,2110120,서울숲카페거리,1582,1046,536,5,184,292,370,390,341,4,93,172,212,275,290,1,91,120,158,115,51
2020,4,A,골목상권,2110119,마장지하차도,2657,987,1670,3,257,346,556,850,645,1,141,190,234,227,194,2,116,156,322,623,451
2020,4,A,골목상권,2110118,왕십리역 9번,2693,1327,1366,12,554,698,635,510,284,2,170,310,345,292,208,10,384,388,290,218,76
2020,4,A,골목상권,2110117,성동구보건소,3376,1242,2134,9,551,497,662,965,692,2,191,247,299,296,207,7,360,250,363,669,485
2020,4,A,골목상권,2110116,청계천박물관,8711,5833,2878,46,804,1715,2072,2820,1254,33,442,1069,1395,1994,900,13,362,646,677,826,354
2020,4,A,골목상권,2110115,상왕십리역 3번,5567,2521,3046,19,895,982,1144,1447,1080,4,303,543,630,605,436,15,592,439,514,842,644
2020,4,A,골목상권,2110114,왕십리파출소,2943,1055,1888,16,538,508,588,804,489,3,198,277,289,197,91,13,340,231,299,607,398
2020,4,A,골목상권,2110113,응봉산,2383,905,1478,16,296,761,960,256,94,0,90,252,389,108,66,16,206,509,571,148,28
2020,4,A,골목상권,2110112,행당역 2번,1515,781,734,1,187,321,403,404,199,0,71,141,204,221,144,1,116,180,199,183,55
2020,4,A,골목상권,2110111,대현산장미원,336,200,136,1,46,57,83,78,71,0,15,28,41,53,63,1,31,29,42,25,8
2020,4,A,골목상권,2110110,상왕십리역 6번,2892,1693,1199,14,435,651,657,653,482,5,147,368,443,432,298,9,288,283,214,221,184
2020,4,A,골목상권,2110109,금호삼성래미안아파트,2707,1162,1545,17,330,830,1057,350,123,1,119,302,464,178,98,16,211,528,593,172,25
2020,4,A,골목상권,2110108,성동구립금호도서관,272,128,144,0,32,55,72,79,34,0,14,29,30,29,26,0,18,26,42,50,8
2020,4,A,골목상권,2110107,금호사거리,2741,1185,1556,16,316,815,1029,373,192,1,105,276,444,211,148,15,211,539,585,162,44
2020,4,A,골목상권,2110106,금북초등학교,682,416,266,1,112,193,201,134,41,1,66,107,128,85,29,0,46,86,73,49,12
2020,4,A,골목상권,2110105,금동어린이공원,3124,1300,1824,16,371,929,1129,449,230,1,117,326,480,214,162,15,254,603,649,235,68
2020,4,A,골목상권,2110104,신금호역 4번,1550,885,665,2,200,375,389,317,267,2,69,194,228,192,200,0,131,181,161,125,67
2020,4,A,골목상권,2110103,옥수터널,652,341,311,1,61,162,188,182,58,0,22,73,103,102,41,1,39,89,85,80,17
2020,4,A,골목상권,2110102,옥수역 6번,4523,1702,2821,5,1162,1330,1014,721,291,0,285,464,469,333,151,5,877,866,545,388,140
2020,4,A,골목상권,2110101,옥정중학교,11800,7925,3875,10,1772,3747,3394,2453,424,5,571,2350,2657,2066,276,5,1201,1397,737,387,148
2020,4,A,골목상권,2110100,옥수동우편취급국,8356,6820,1536,8,785,2676,2652,2008,227,4,361,2018,2357,1893,187,4,424,658,295,115,40
2020,4,A,골목상권,2110099,유엔빌리지길,22417,18045,4372,50,2713,5729,6376,6735,814,38,1345,4185,5513,6284,680,12,1368,1544,863,451,134
2020,4,A,골목상권,2110098,서울독일학교,22179,18008,4171,40,2712,5547,6234,6685,961,31,1363,4085,5433,6273,823,9,1349,1462,801,412,138
2020,4,A,골목상권,2110097,한남초등학교,7826,5468,2358,14,1401,2935,1774,1222,480,7,711,1893,1374,1079,404,7,690,1042,400,143,76
2020,4,A,골목상권,2110096,한남힐사이드아파트,8734,5560,3174,9,1774,3226,2049,1383,293,6,757,1958,1477,1118,244,3,1017,1268,572,265,49
2020,4,A,골목상권,2110095,한강진역 3번,16261,10270,5991,51,3557,5623,3802,2391,837,29,1573,3350,2741,1953,624,22,1984,2273,1061,438,213
2020,4,A,골목상권,2110094,오산중학교,475,243,232,0,38,115,148,115,59,0,11,56,70,66,40,0,27,59,78,49,19
2020,4,A,골목상권,2110093,우사단길,9702,6097,3605,43,1853,3128,2442,1391,845,25,761,1853,1780,1071,607,18,1092,1275,662,320,238
2020,4,A,골목상권,2110092,NH농협은행 보광동지점,4109,2859,1250,31,584,1186,1179,823,306,21,305,795,876,631,231,10,279,391,303,192,75
2020,4,A,골목상권,2110091,리움미술관,7513,4522,2991,24,1801,2643,1844,904,297,15,749,1458,1336,748,216,9,1052,1185,508,156,81
2020,4,A,골목상권,2110090,한국폴리텍대학서울정수캠퍼스,8083,4908,3175,18,1242,2436,2730,1210,447,8,540,1218,1919,926,297,10,702,1218,811,284,150
2020,4,A,골목상권,2110089,서빙고동주민센터,2543,1491,1052,2,350,655,776,449,311,0,109,359,499,312,212,2,241,296,277,137,99
2020,4,A,골목상권,2110088,오산고등학교,10165,6137,4028,22,1462,3094,3318,1687,582,10,653,1517,2260,1276,421,12,809,1577,1058,411,161
2020,4,A,골목상권,2110087,이태원엔틱가구거리,6439,3688,2751,31,1233,1753,1633,1215,574,18,527,948,988,811,396,13,706,805,645,404,178
2020,4,A,골목상권,2110086,이태원역 북측,18101,8842,9259,50,4925,6856,3887,1818,565,27,1453,3140,2391,1403,428,23,3472,3716,1496,415,137
2020,4,A,골목상권,2110085,경리단길남측,13583,6464,7119,26,4020,5279,2796,1133,329,12,1128,2390,1742,930,262,14,2892,2889,1054,203,67
2020,4,A,골목상권,2110084,경리단길북측,2575,1428,1147,8,511,741,625,464,226,5,222,375,345,310,171,3,289,366,280,154,55
2020,4,A,골목상권,2110083,서빙고역 1번,7782,5014,2768,20,1542,2118,1985,1422,695,7,687,1379,1388,1051,502,13,855,739,597,371,193
2020,4,A,골목상권,2110082,용산구청,5502,3128,2374,31,1057,1491,1412,1063,448,18,466,777,844,718,305,13,591,714,568,345,143
2020,4,A,골목상권,2110081,해방촌 남동측,2277,1520,757,0,210,420,747,723,177,0,84,238,543,529,126,0,126,182,204,194,51
2020,4,A,골목상권,2110080,해방촌예술마을,2607,1687,920,3,326,485,828,763,202,3,119,277,599,550,139,0,207,208,229,213,63
2020,4,A,골목상권,2110079,후암동주민센터,26370,18974,7396,29,4638,9384,6904,3904,1511,17,2634,6434,5604,3182,1103,12,2004,2950,1300,722,408
2020,4,A,골목상권,2110078,이촌동점보아파트,4837,3011,1826,17,786,1296,1215,1059,464,3,411,785,813,678,321,14,375,511,402,381,143
2020,4,A,골목상권,2110077,삼광초등학교,10904,3587,7317,161,6225,1915,1250,982,371,16,681,930,949,744,267,145,5544,985,301,238,104
2020,4,A,골목상권,2110076,삼각지역 14번,6002,4060,1942,4,649,1637,1939,1419,354,4,356,1043,1439,994,224,0,293,594,500,425,130
2020,4,A,골목상권,2110075,숙대입구역 1번,16585,6297,10288,168,7307,3895,2570,1725,920,17,977,1713,1667,1230,693,151,6330,2182,903,495,227
2020,4,A,골목상권,2110074,서울역 12번,36080,21404,14676,180,11191,11602,7333,3938,1836,24,3411,7449,5868,3241,1411,156,7780,4153,1465,697,425
2020,4,A,골목상권,2110073,삼각지역 3번,24882,9347,15535,123,6255,8074,6887,2839,704,50,2240,2899,2427,1321,410,73,4015,5175,4460,1518,294
2020,4,A,골목상권,2110072,열정도,4551,3239,1312,28,750,1138,1119,932,584,11,409,807,866,718,428,17,341,331,253,214,156
2020,4,A,골목상권,2110071,한강미주맨션아파트,8064,4602,3462,40,1013,1799,2828,1862,522,31,446,1073,1552,1149,351,9,567,726,1276,713,171
2020,4,A,골목상권,2110070,용산세무서,7939,5013,2926,7,817,1787,2969,1915,444,0,510,1163,1775,1265,300,7,307,624,1194,650,144
2020,4,A,골목상권,2110069,숙대입구,8595,4893,3702,31,1607,2846,2045,1332,734,14,680,1474,1258,921,546,17,927,1372,787,411,188
2020,4,A,골목상권,2110068,남영역 1번,10534,7108,3426,48,1834,3359,2754,1651,888,21,965,2182,2055,1256,629,27,869,1177,699,395,259
2020,4,A,골목상권,2110067,배문고등학교,8614,4267,4347,14,1830,2555,1776,1409,1030,5,506,1119,947,892,798,9,1324,1436,829,517,232
2020,4,A,골목상권,2110066,서울역 15번,4687,2417,2270,10,918,1376,996,759,628,5,306,619,554,459,474,5,612,757,442,300,154
2020,4,A,골목상권,2110065,남정초등학교,3515,2475,1040,20,568,1031,937,561,398,16,362,771,668,380,278,4,206,260,269,181,120
2020,4,A,골목상권,2110064,효창공원앞역 2번,4350,2663,1687,18,593,1122,1112,971,534,16,308,706,691,592,350,2,285,416,421,379,184
2020,4,A,골목상권,2110063,효창공원앞역 5번,6102,4294,1808,25,915,1808,1707,985,662,18,553,1315,1239,686,483,7,362,493,468,299,179
2020,4,A,골목상권,2110062,한강로동땡땡거리(은행나무길),9571,5392,4179,16,1072,2335,3099,2183,866,8,465,1231,1677,1434,577,8,607,1104,1422,749,289
2020,4,A,골목상권,2110061,효창동주민센터,5974,4267,1707,8,974,1567,1609,1209,607,5,555,1149,1205,870,483,3,419,418,404,339,124
2020,4,A,골목상권,2110060,효창공원앞역 6번,7211,4881,2330,24,1280,1934,1960,1421,592,14,694,1365,1393,983,432,10,586,569,567,438,160
2020,4,A,골목상권,2110059,새남터성지,3196,2152,1044,11,491,853,906,661,274,4,251,549,683,496,169,7,240,304,223,165,105
2020,4,A,골목상권,2110058,성심여자고등학교,8454,6100,2354,32,1374,2650,2295,1464,639,15,784,1877,1770,1151,503,17,590,773,525,313,136
2020,4,A,골목상권,2110057,황학코아루아파트,2115,1166,949,5,348,575,548,400,239,4,168,319,277,224,174,1,180,256,271,176,65
2020,4,A,골목상권,2110056,신당역 3번,2900,1536,1364,6,461,783,704,555,391,6,194,381,370,312,273,0,267,402,334,243,118
2020,4,A,골목상권,2110055,황학동벼룩시장,3042,1645,1397,31,928,652,595,540,296,16,396,333,352,341,207,15,532,319,243,199,89
2020,4,A,골목상권,2110054,청구역 3번,6203,3266,2937,16,1195,1620,1307,1234,831,5,421,870,771,692,507,11,774,750,536,542,324
2020,4,A,골목상권,2110053,청구역 1번,5383,2899,2484,5,738,1322,1461,1441,416,3,252,661,814,897,272,2,486,661,647,544,144
2020,4,A,골목상권,2110052,장충초등학교,7627,3969,3658,11,1405,1921,1775,1673,842,5,467,944,1013,991,549,6,938,977,762,682,293
2020,4,A,골목상권,2110051,한양공고앞 교차로,2894,1689,1205,9,423,659,731,768,304,2,166,416,454,460,191,7,257,243,277,308,113
2020,4,A,골목상권,2110050,약수역 7번,2303,1220,1083,4,318,559,563,524,335,2,120,279,330,287,202,2,198,280,233,237,133
2020,4,A,골목상권,2110049,장충단 고개,9962,5298,4664,25,2025,2831,2379,1819,883,6,630,1517,1462,1121,562,19,1395,1314,917,698,321
2020,4,A,골목상권,2110048,장충동주민센터,12882,7150,5732,36,2260,3570,3462,2641,913,5,823,2090,2108,1542,582,31,1437,1480,1354,1099,331
2020,4,A,골목상권,2110047,다산성곽길,7406,4104,3302,14,1449,2072,1776,1474,621,5,541,1110,1076,922,450,9,908,962,700,552,171
2020,4,A,골목상권,2110046,버티고개,2995,2024,971,3,392,1047,775,588,190,0,206,761,566,361,130,3,186,286,209,227,60
2020,4,A,골목상권,2110045,동대문역사문화공원역 5번,45426,22509,22917,475,13488,12026,9657,7085,2695,195,6425,7176,5520,2395,798,280,7063,4850,4137,4690,1897
2020,4,A,골목상권,2110044,관성묘,36669,17055,19614,451,12150,9596,7053,5156,2263,190,5706,5492,3828,1296,543,261,6444,4104,3225,3860,1720
2020,4,A,골목상권,2110043,충무초등학교,9197,5407,3790,49,1867,2374,2374,1584,949,20,680,1347,1582,1097,681,29,1187,1027,792,487,268
2020,4,A,골목상권,2110042,남산골공원옆,4783,2763,2020,11,548,1077,1518,1120,509,6,247,608,805,744,353,5,301,469,713,376,156
2020,4,A,골목상권,2110041,남산케이블카,21568,10294,11274,69,3089,6767,7028,3730,885,11,993,2989,3094,2693,514,58,2096,3778,3934,1037,371
2020,4,A,골목상권,2110040,중구회현체육센터(정화예술대남산캠퍼스),20399,10001,10398,71,2999,6554,6631,3424,720,11,1015,3003,2933,2577,462,60,1984,3551,3698,847,258
2020,4,A,골목상권,2110039,회현역 1번,24398,12113,12285,135,4567,7678,7350,3971,697,40,1630,3709,3600,2764,370,95,2937,3969,3750,1207,327
2020,4,A,골목상권,2110038,경향신문사,15409,10083,5326,19,2255,4993,5034,2645,463,6,981,3062,3573,2121,340,13,1274,1931,1461,524,123
2020,4,A,골목상권,2110037,신설동역 12번,7347,2905,4442,9,755,1126,1345,1957,2155,0,225,508,614,556,1002,9,530,618,731,1401,1153
2020,4,A,골목상권,2110036,동묘앞역 3번,3249,1861,1388,19,475,515,668,726,846,17,215,271,402,447,509,2,260,244,266,279,337
2020,4,A,골목상권,2110035,동묘앞역 2번,4636,2328,2308,6,352,596,971,1056,1655,0,113,271,430,502,1012,6,239,325,541,554,643
2020,4,A,골목상권,2110034,창신1동주민센터,2610,1275,1335,10,415,553,683,590,359,8,137,246,296,337,251,2,278,307,387,253,108
2020,4,A,골목상권,2110033,창신역 4번,2086,1235,851,4,175,269,339,403,896,0,57,132,185,230,631,4,118,137,154,173,265
2020,4,A,골목상권,2110032,수족관거리,2064,916,1148,8,347,439,559,454,257,7,106,176,201,239,187,1,241,263,358,215,70
2020,4,A,골목상권,2110031,창신역 1번,554,273,281,2,68,132,136,143,73,0,19,63,68,75,48,2,49,69,68,68,25
2020,4,A,골목상권,2110030,동대문역 3번,1437,615,822,0,146,262,447,335,247,0,43,97,144,155,176,0,103,165,303,180,71
2020,4,A,골목상권,2110029,동대문역 1번,3350,1894,1456,6,441,722,813,826,542,1,200,416,458,485,334,5,241,306,355,341,208
2020,4,A,골목상권,2110028,이화달팽이길,4133,2258,1875,7,726,1068,988,821,523,3,249,525,580,528,373,4,477,543,408,293,150
2020,4,A,골목상권,2110027,혜화역 1번,3993,2014,1979,11,605,968,1059,834,516,5,166,385,563,521,374,6,439,583,496,313,142
2020,4,A,골목상권,2110026,종로5가역 4번,3517,2041,1476,9,541,863,909,740,455,2,244,478,511,470,336,7,297,385,398,270,119
2020,4,A,골목상권,2110025,충신시장옆,9964,6665,3299,17,1748,3097,2714,1736,652,3,767,1987,2027,1429,452,14,981,1110,687,307,200
2020,4,A,골목상권,2110024,혜회동주민센터,5949,2844,3105,28,785,1351,1599,1359,827,17,260,582,786,715,484,11,525,769,813,644,343
2020,4,A,골목상권,2110023,서울대병원,7046,4607,2439,14,1274,2467,1898,965,428,3,575,1567,1454,734,274,11,699,900,444,231,154
2020,4,A,골목상권,2110022,경신고등학교,6493,3007,3486,27,1025,1774,1632,1264,771,19,359,839,781,598,411,8,666,935,851,666,360
2020,4,A,골목상권,2110021,성균관대학교,2385,1261,1124,15,389,557,545,470,409,11,136,240,309,293,272,4,253,317,236,177,137
2020,4,A,골목상권,2110020,서울국제고등학교,4389,2090,2299,18,726,1142,1008,872,623,13,270,579,552,374,302,5,456,563,456,498,321
2020,4,A,골목상권,2110019,창덕궁,16561,12644,3917,19,2000,5478,4941,3044,1079,7,1164,4119,3999,2516,839,12,836,1359,942,528,240
2020,4,A,골목상권,2110018,중앙고등학교,16741,12521,4220,12,1870,5599,5144,3145,971,6,988,4073,4101,2594,759,6,882,1526,1043,551,212
2020,4,A,골목상권,2110017,정독도서관,10619,8299,2320,2,1386,2982,3397,2250,602,1,919,2227,2808,1858,486,1,467,755,589,392,116
2020,4,A,골목상권,2110016,평창동동측,13795,6588,7207,21,1223,3779,5325,2832,615,10,508,1634,2776,1313,347,11,715,2145,2549,1519,268
2020,4,A,골목상권,2110015,청와대사랑채,6739,4876,1863,37,1083,2014,2132,1170,303,0,655,1432,1686,873,230,37,428,582,446,297,73
2020,4,A,골목상권,2110014,경복고등학교,6312,4486,1826,39,965,1807,2046,1188,267,2,591,1278,1554,867,194,37,374,529,492,321,73
2020,4,A,골목상권,2110013,체부동홍종문가옥,4511,2162,2349,10,616,877,891,1177,940,2,339,523,470,400,428,8,277,354,421,777,512
2020,4,A,골목상권,2110012,성곡미술관,35398,22897,12501,54,4673,9851,10005,7082,3733,14,2168,6479,7283,4722,2231,40,2505,3372,2722,2360,1502
2020,4,A,골목상권,2110011,청운초등학교,1903,814,1089,13,319,483,443,349,296,2,65,197,199,163,188,11,254,286,244,186,108
2020,4,A,골목상권,2110010,평창동서측,10085,5515,4570,17,1111,2723,3664,1991,579,1,478,1204,2080,1353,399,16,633,1519,1584,638,180
2020,4,A,골목상권,2110009,자하문터널,3823,2257,1566,18,744,1226,968,640,227,8,294,697,639,463,156,10,450,529,329,177,71
2020,4,A,골목상권,2110008,배화여자대학교(박노수미술관),6438,3091,3347,46,996,1152,1240,1648,1356,2,446,594,631,700,718,44,550,558,609,948,638
2020,4,A,골목상권,2110007,사직공원(한국사회과학도서관),3909,1854,2055,7,607,1085,1147,738,325,5,194,468,547,412,228,2,413,617,600,326,97
2020,4,A,골목상권,2110006,부암동주민센터,2706,1329,1377,22,607,897,632,425,123,5,169,414,377,288,76,17,438,483,255,137,47
2020,4,A,골목상권,2110005,세검정,2723,1465,1258,9,347,715,720,623,309,3,150,361,399,341,211,6,197,354,321,282,98
2020,4,A,골목상권,2110004,대신고등학교,470,276,194,6,62,109,112,113,68,5,33,63,61,59,55,1,29,46,51,54,13
2020,4,A,골목상권,2110003,세검정초등학교,4837,2723,2114,16,618,1311,1222,1017,653,7,239,684,764,595,434,9,379,627,458,422,219
2020,4,A,골목상권,2110002,독립문역 1번,689,209,480,7,173,203,166,102,38,6,37,46,59,37,24,1,136,157,107,65,14
2020,4,A,골목상권,2110001,이북5도청사,5968,4230,1738,11,1084,1435,1383,1526,529,7,566,935,1087,1267,368,4,518,500,296,259,161
2020,3,A,골목상권,2111090,강일동주민센터,744,547,197,0,90,161,195,190,108,0,55,111,143,143,95,0,35,50,52,47,13
2020,3,A,골목상권,2111089,상일여고(상일초등학교),1080,716,364,0,123,216,260,297,184,0,58,146,184,192,136,0,65,70,76,105,48
2020,3,A,골목상권,2111088,고덕동성당,1187,964,223,0,40,92,230,464,361,0,10,55,178,388,333,0,30,37,52,76,28
2020,3,A,골목상권,2111087,고덕중학교(고덕2동주민센터),743,270,473,0,85,157,184,208,109,0,17,54,69,77,53,0,68,103,115,131,56
2020,3,A,골목상권,2111086,한영중고,862,441,421,1,73,196,209,284,99,1,32,75,97,157,79,0,41,121,112,127,20
2020,3,A,골목상권,2111085,묘곡초등학교(고덕아이파크아파트),1560,790,770,0,154,294,388,398,326,0,61,149,173,196,211,0,93,145,215,202,115
2020,3,A,골목상권,2111084,길동신동아아파트,1362,726,636,2,136,245,267,388,324,2,79,146,133,178,188,0,57,99,134,210,136
2020,3,A,골목상권,2111083,GS강동자이아파트,2403,1398,1005,4,274,421,473,661,570,3,157,263,263,330,382,1,117,158,210,331,188
2020,3,A,골목상권,2111082,중앙보훈병원,3359,1319,2040,1,743,904,629,688,394,0,187,326,270,308,228,1,556,578,359,380,166
2020,3,A,골목상권,2111081,둔촌푸르지오아파트,1104,672,432,2,139,198,218,280,267,1,73,121,129,149,199,1,66,77,89,131,68
2020,3,A,골목상권,2111080,굽은다리역 3번,1916,853,1063,2,204,357,453,489,411,0,72,184,206,194,197,2,132,173,247,295,214
2020,3,A,골목상권,2111079,둔촌고등학교(둔촌중학교),4407,1934,2473,5,873,1139,885,927,578,2,262,460,418,421,371,3,611,679,467,506,207
2020,3,A,골목상권,2111078,굽은다리역 4번,4203,2519,1684,9,398,735,962,1078,1021,5,210,458,553,637,656,4,188,277,409,441,365
2020,3,A,골목상권,2111077,길동주민센터(강동도서관),7382,3886,3496,18,774,1285,1701,1972,1632,11,369,733,911,873,989,7,405,552,790,1099,643
2020,3,A,골목상권,2111076,둔촌2동주민센터,2891,1678,1213,5,343,628,708,627,580,3,143,341,445,347,399,2,200,287,263,280,181
2020,3,A,골목상권,2111075,굽은다리역 2번,2664,1415,1249,4,325,517,647,666,505,2,142,299,313,346,313,2,183,218,334,320,192
2020,3,A,골목상권,2111074,명일역 1번,2753,1586,1167,6,360,639,696,662,390,3,186,384,382,384,247,3,174,255,314,278,143
2020,3,A,골목상권,2111073,둔촌동역 1번(한산중학교),7031,3540,3491,23,864,1431,1725,1807,1181,17,408,802,924,722,667,6,456,629,801,1085,514
2020,3,A,골목상권,2111072,굽은다리역 1번(십자성마을),3937,2371,1566,10,383,823,989,935,797,5,173,470,582,587,554,5,210,353,407,348,243
2020,3,A,골목상권,2111071,천동초등학교,2389,1343,1046,2,222,450,615,554,546,1,78,232,345,319,368,1,144,218,270,235,178
2020,3,A,골목상권,2111070,천호초등학교,1943,1134,809,6,159,424,513,540,301,1,60,208,282,348,235,5,99,216,231,192,66
2020,3,A,골목상권,2111069,천호1동주민센터,2681,1438,1243,8,249,538,670,683,533,3,87,245,351,385,367,5,162,293,319,298,166
2020,3,A,골목상권,2111068,강동성심병원,5278,2358,2920,14,977,1083,1209,1196,799,9,331,516,613,453,436,5,646,567,596,743,363
2020,3,A,골목상권,2111067,강동구립성내도서관,8062,3945,4117,26,1296,1623,1874,1847,1396,18,505,849,990,787,796,8,791,774,884,1060,600
2020,3,A,골목상권,2111066,암사동성당(효정하나플러스아파트),1961,1136,825,5,220,423,443,525,345,1,83,210,252,350,240,4,137,213,191,175,105
2020,3,A,골목상권,2111065,천일초등학교,1492,799,693,2,131,236,313,349,461,2,45,104,141,160,347,0,86,132,172,189,114
2020,3,A,골목상권,2111064,둔촌동역 4번,2951,1763,1188,10,355,587,666,719,614,8,178,353,397,419,408,2,177,234,269,300,206
2020,3,A,골목상권,2111063,강동구립 천호도서관,3759,2069,1690,9,344,581,681,729,1415,7,127,263,349,361,962,2,217,318,332,368,453
2020,3,A,골목상권,2111062,둔촌동역 3번(성내3동주민센터),4393,2785,1608,8,584,1064,1191,921,625,7,323,676,750,580,449,1,261,388,441,341,176
2020,3,A,골목상권,2111061,암사역 1번,4194,1874,2320,3,413,710,856,1012,1200,2,170,393,411,369,529,1,243,317,445,643,671
2020,3,A,골목상권,2111060,암사역 2번(서울강동초등학교),3573,1892,1681,10,392,741,923,871,636,5,141,348,473,483,442,5,251,393,450,388,194
2020,3,A,골목상권,2111059,강동역 4번(강풀만화거리),8028,4328,3700,18,1275,1454,1658,1571,2052,8,537,734,860,875,1314,10,738,720,798,696,738
2020,3,A,골목상권,2111058,성내중학교,2639,1612,1027,3,339,606,682,702,307,1,181,384,406,450,190,2,158,222,276,252,117
2020,3,A,골목상권,2111057,천호공원(해공체육문화센터),2118,1068,1050,2,216,311,437,508,644,2,76,120,175,230,465,0,140,191,262,278,179
2020,3,A,골목상권,2111056,천호태영아파트,2758,1458,1300,5,235,331,469,477,1241,1,89,126,195,239,808,4,146,205,274,238,433
2020,3,A,골목상권,2111055,선사초등학교,2553,999,1554,3,292,461,575,738,484,2,137,240,250,203,167,1,155,221,325,535,317
2020,3,A,골목상권,2111054,암사역 4번(삼성광나루아파트),3414,1360,2054,3,354,528,650,844,1035,2,146,268,280,241,423,1,208,260,370,603,612
2020,3,A,골목상권,2111053,성내천어린이공원(하니사랑길),23519,17241,6278,41,2641,6412,5666,5352,3407,17,1608,4669,4234,4068,2645,24,1033,1743,1432,1284,762
2020,3,A,골목상권,2111052,암사역 3번(천호동자전거거리),2457,1236,1221,3,262,428,525,464,775,2,92,220,265,243,414,1,170,208,260,221,361
2020,3,A,골목상권,2111051,천호역 6번,7112,4029,3083,12,975,1636,1725,1854,910,5,493,791,894,1177,669,7,482,845,831,677,241
2020,3,A,골목상권,2111050,강동구청(강동구청역 2번),7541,4687,2854,33,867,1785,1796,1858,1202,14,420,959,1100,1292,902,19,447,826,696,566,300
2020,3,A,골목상권,2111049,천호지구대(천호동자전거거리),2201,1197,1004,9,263,431,513,499,486,5,120,216,267,255,334,4,143,215,246,244,152
2020,3,A,골목상권,2111048,천호역 1번(천호문구완구거리),2003,1064,939,9,254,435,468,419,418,5,102,209,259,213,276,4,152,226,209,206,142
2020,3,A,골목상권,2111047,마천1치안센터,1261,723,538,1,123,268,342,314,213,1,61,146,181,168,166,0,62,122,161,146,47
2020,3,A,골목상권,2111046,마천역(마천초등학교),2822,1633,1189,5,296,604,772,740,405,1,151,347,410,407,317,4,145,257,362,333,88
2020,3,A,골목상권,2111045,개미어린이공원,2261,1195,1066,9,291,357,534,692,378,3,183,228,298,294,189,6,108,129,236,398,189
2020,3,A,골목상권,2111044,남천초등학교,1904,989,915,1,188,378,512,520,305,0,84,186,225,248,246,1,104,192,287,272,59
2020,3,A,골목상권,2111043,마천공원,2200,1378,822,9,268,499,540,524,360,8,156,311,303,321,279,1,112,188,237,203,81
2020,3,A,골목상권,2111042,거여역 1번(거여공원),5740,3468,2272,22,960,1303,1427,1224,804,16,539,869,864,669,511,6,421,434,563,555,293
2020,3,A,골목상권,2111041,거여역 8번,2503,1642,861,8,567,621,572,426,309,6,295,430,406,280,225,2,272,191,166,146,84
2020,3,A,골목상권,2111040,거여초등학교,2682,1704,978,10,328,670,682,619,373,9,189,450,435,362,259,1,139,220,247,257,114
2020,3,A,골목상권,2111039,벌말어린이공원,3276,2054,1222,10,363,791,844,785,483,9,205,519,543,462,316,1,158,272,301,323,167
2020,3,A,골목상권,2111038,보인중학교,3272,2119,1153,14,477,818,802,706,455,13,262,543,547,453,301,1,215,275,255,253,154
2020,3,A,골목상권,2111037,Sh수협은행 오금동금융센터(아랫말어린이공원),1946,1126,820,0,210,436,499,533,268,0,120,281,287,264,174,0,90,155,212,269,94
2020,3,A,골목상권,2111036,투구봉어린이공원,3333,2198,1135,17,531,892,840,726,327,13,342,626,575,425,217,4,189,266,265,301,110
2020,3,A,골목상권,2111035,오금공원(오주중학교),2705,1749,956,2,326,570,689,732,386,1,188,386,470,436,268,1,138,184,219,296,118
2020,3,A,골목상권,2111034,오동나무공원(송파레미니스1단지),4106,2722,1384,7,544,891,1006,1075,583,6,316,606,666,667,461,1,228,285,340,408,122
2020,3,A,골목상권,2111033,문정동성당,33212,26336,6876,13,2679,5820,9576,13087,2037,6,1671,4329,7557,11417,1356,7,1008,1491,2019,1670,681
2020,3,A,골목상권,2111032,방이역 1번,23949,17488,6461,28,3095,5765,6032,5516,3513,14,1835,3956,4600,4519,2564,14,1260,1809,1432,997,949
2020,3,A,골목상권,2111031,장지동주민센터(한림연예예술고교),35724,27914,7810,18,3116,6475,10247,13557,2311,8,1911,4740,7990,11684,1581,10,1205,1735,2257,1873,730
2020,3,A,골목상권,2111030,방이역 2번,21156,15625,5531,20,2708,5088,5454,5034,2852,7,1648,3533,4196,4249,1992,13,1060,1555,1258,785,860
2020,3,A,골목상권,2111029,오금역 4번,7833,5273,2560,14,1268,2371,1930,1379,871,8,740,1577,1338,911,699,6,528,794,592,468,172
2020,3,A,골목상권,2111028,문현중학교(장지역 1번),5636,3366,2270,14,804,1250,1392,1311,865,7,422,774,855,701,607,7,382,476,537,610,258
2020,3,A,골목상권,2111027,문정초등학교,39531,30313,9218,23,3409,6840,10716,14172,4371,9,2010,4917,8267,12013,3097,14,1399,1923,2449,2159,1274
2020,3,A,골목상권,2111026,문정역 2번,6153,3880,2273,10,919,1459,1548,1358,859,5,526,971,988,745,645,5,393,488,560,613,214
2020,3,A,골목상권,2111025,경찰병원역 3번,11774,6132,5642,55,1415,2152,2136,2128,3888,25,571,1173,1208,922,2233,30,844,979,928,1206,1655
2020,3,A,골목상권,2111024,경찰병원역 4번(건너말공원),17836,10455,7381,63,2463,3913,3833,3232,4332,31,1098,2309,2548,1846,2623,32,1365,1604,1285,1386,1709
2020,3,A,골목상권,2111023,문정역 1번,4682,2809,1873,8,724,962,1124,1079,785,2,348,579,724,600,556,6,376,383,400,479,229
2020,3,A,골목상권,2111022,석촌중학교(방이육교),11171,7061,4110,23,1357,2490,2437,2244,2620,9,716,1668,1619,1268,1781,14,641,822,818,976,839
2020,3,A,골목상권,2111021,방이역 4번,11935,8619,3316,39,1562,2502,3053,2900,1879,27,822,1638,2262,2278,1592,12,740,864,791,622,287
2020,3,A,골목상권,2111020,방이동고분군(방산고등학교),6318,3723,2595,19,898,1441,1494,1560,906,12,427,835,927,919,603,7,471,606,567,641,303
2020,3,A,골목상권,2111019,한성백제역 3번,17428,9415,8013,47,2799,3938,3794,4086,2764,34,1482,2587,2120,1689,1503,13,1317,1351,1674,2397,1261
2020,3,A,골목상권,2111018,풍납초등학교(풍납백제문화공원),1322,801,521,0,186,299,301,335,201,0,99,158,169,220,155,0,87,141,132,115,46
2020,3,A,골목상권,2111017,송파나루역 3번,7518,4240,3278,22,1335,1443,1570,1943,1205,16,636,929,992,985,682,6,699,514,578,958,523
2020,3,A,골목상권,2111016,송파역 2번,17063,11286,5777,65,2224,3744,4130,3798,3102,46,1099,2434,3059,2519,2129,19,1125,1310,1071,1279,973
2020,3,A,골목상권,2111015,석촌역 3번,12636,8115,4521,27,1865,3083,2891,2543,2227,11,946,2081,1944,1588,1545,16,919,1002,947,955,682
2020,3,A,골목상권,2111014,송파나루역 2번,14245,8390,5855,26,2077,3609,3332,3152,2049,12,1010,2234,2195,1757,1182,14,1067,1375,1137,1395,867
2020,3,A,골목상권,2111013,송파나루역 1번(송리단길),14226,8959,5267,26,2198,4197,3547,2563,1695,8,1070,2666,2388,1628,1199,18,1128,1531,1159,935,496
2020,3,A,골목상권,2111012,석촌역 6번,6180,3598,2582,11,624,1426,1478,1279,1362,5,303,977,873,617,823,6,321,449,605,662,539
2020,3,A,골목상권,2111011,잠실나루역,10263,8174,2089,42,1383,3190,3039,2132,477,18,976,2602,2477,1735,366,24,407,588,562,397,111
2020,3,A,골목상권,2111010,석촌역 7번,7908,5556,2352,11,859,1781,1872,1423,1962,8,472,1253,1268,916,1639,3,387,528,604,507,323
2020,3,A,골목상권,2111009,송파책박물관,2198,1590,608,5,244,436,453,548,512,3,191,328,324,352,392,2,53,108,129,196,120
2020,3,A,골목상권,2111008,석촌고분역 3번,5190,3263,1927,13,640,1032,1256,1260,989,11,345,636,773,761,737,2,295,396,483,499,252
2020,3,A,골목상권,2111007,석촌고분역 4번,6337,4182,2155,12,863,1398,1389,1437,1238,11,532,949,921,882,887,1,331,449,468,555,351
2020,3,A,골목상권,2111006,석촌고분역 1번,17571,11961,5610,44,2435,3821,4234,3746,3291,29,1307,2544,2976,2542,2563,15,1128,1277,1258,1204,728
2020,3,A,골목상권,2111005,삼전역 3번,6038,4006,2032,15,892,1505,1406,1233,987,5,513,1061,958,761,708,10,379,444,448,472,279
2020,3,A,골목상권,2111004,삼전역 1번,18500,12541,5959,63,2605,4069,4548,4156,3059,21,1379,2681,3191,2968,2301,42,1226,1388,1357,1188,758
2020,3,A,골목상권,2111003,삼전역 4번,5935,3890,2045,37,711,1296,1484,1127,1280,2,366,849,960,726,987,35,345,447,524,401,293
2020,3,A,골목상권,2111002,한국교통안전공단 강남자동차검사소,569,334,235,0,41,89,114,175,150,0,16,52,64,100,102,0,25,37,50,75,48
2020,3,A,골목상권,2111001,아래방죽마을공원(율현초등학교),290,157,133,1,14,42,49,102,82,0,8,28,30,53,38,1,6,14,19,49,44
2020,3,A,골목상권,2111000,대왕초등학교(세곡동사거리서남측),294,138,156,6,35,84,93,56,20,3,11,31,49,30,14,3,24,53,44,26,6
2020,3,A,골목상권,2110999,윗방죽마을공원,464,257,207,3,35,80,86,139,121,1,17,50,56,81,52,2,18,30,30,58,69
2020,3,A,골목상권,2110998,은곡마을(은곡마을공원),128,65,63,3,11,41,35,25,13,1,6,18,19,14,7,2,5,23,16,11,6
2020,3,A,골목상권,2110997,대청초등학교,12566,4876,7690,31,3480,3879,2620,1655,901,3,781,1456,1134,859,643,28,2699,2423,1486,796,258
2020,3,A,골목상권,2110996,대치2동주민센터,37900,18079,19821,265,7022,9437,8584,7750,4842,106,3263,5619,4641,2694,1756,159,3759,3818,3943,5056,3086
2020,3,A,골목상권,2110995,봉은사역 4번,80333,61317,19016,154,15900,21348,21569,17001,4361,88,10163,16112,17810,14553,2591,66,5737,5236,3759,2448,1770
2020,3,A,골목상권,2110994,개포고등학교,4640,2964,1676,57,889,1272,1058,857,507,24,514,821,664,537,404,33,375,451,394,320,103
2020,3,A,골목상권,2110993,개포지하차도 북측,493,214,279,3,70,105,147,115,53,0,16,44,60,58,36,3,54,61,87,57,17
2020,3,A,골목상권,2110992,도곡초등학교,12863,6859,6004,63,2365,3393,3003,2467,1572,35,940,1769,1666,1432,1017,28,1425,1624,1337,1035,555
2020,3,A,골목상권,2110991,삼성중앙역 5번,28503,15784,12719,115,5919,9500,6998,3927,2044,37,2281,5361,4631,2309,1165,78,3638,4139,2367,1618,879
2020,3,A,골목상권,2110990,청담역 12번,10376,6980,3396,39,1551,3276,3120,1867,523,23,669,2073,2406,1424,385,16,882,1203,714,443,138
2020,3,A,골목상권,2110989,대치동아우편취급국,29290,17968,11322,140,4768,8716,7970,4868,2828,17,2007,5273,5502,3456,1713,123,2761,3443,2468,1412,1115
2020,3,A,골목상권,2110988,청담역 3번,18899,9206,9693,73,3792,5684,5341,2877,1132,33,1221,2750,2769,1638,795,40,2571,2934,2572,1239,337
2020,3,A,골목상권,2110987,영동대교남단,8320,5539,2781,40,1422,2410,2185,1548,715,19,663,1584,1632,1125,516,21,759,826,553,423,199
2020,3,A,골목상권,2110986,삼성중앙역 7번,27479,17773,9706,52,3973,10061,7904,3716,1773,15,1757,6297,6233,2496,975,37,2216,3764,1671,1220,798
2020,3,A,골목상권,2110985,청담근린공원,13449,8818,4631,66,2379,3877,3557,2503,1067,35,1141,2595,2592,1729,726,31,1238,1282,965,774,341
2020,3,A,골목상권,2110984,포이초등학교(개포목련어린이공원),6964,4388,2576,20,1326,1965,1598,1256,799,13,815,1286,925,757,592,7,511,679,673,499,207
2020,3,A,골목상권,2110983,국립국악고등학교,3835,2457,1378,13,616,955,928,708,615,2,285,601,613,465,491,11,331,354,315,243,124
2020,3,A,골목상권,2110982,강남구보훈회관,6082,3566,2516,14,1266,1604,1400,963,835,6,513,1046,910,527,564,8,753,558,490,436,271
2020,3,A,골목상권,2110981,국악고교사거리,12357,8276,4081,26,1850,3425,3175,2214,1667,9,980,2320,2252,1450,1265,17,870,1105,923,764,402
2020,3,A,골목상권,2110980,개포지구대옆,25161,10281,14880,88,3951,5726,8389,5194,1813,42,1896,3243,2591,1405,1104,46,2055,2483,5798,3789,709
2020,3,A,골목상권,2110979,청담초등학교,18648,9066,9582,39,5067,6996,3688,1966,892,15,1632,3410,2200,1140,669,24,3435,3586,1488,826,223
2020,3,A,골목상권,2110978,도곡2동주민센터(대치중학교),12302,8363,3939,54,2526,3818,2860,1644,1400,37,1355,2740,2264,1161,806,17,1171,1078,596,483,594
2020,3,A,골목상권,2110977,논현로18길,10006,6917,3089,18,1546,3017,2690,1646,1089,7,822,2051,2060,1150,827,11,724,966,630,496,262
2020,3,A,골목상권,2110976,언북초등학교,11065,5295,5770,25,3211,3774,2056,1187,812,5,1083,1821,1178,701,507,20,2128,1953,878,486,305
2020,3,A,골목상권,2110975,매봉역 1번,22408,15346,7062,84,4644,5711,5884,4648,1437,54,2422,3673,4320,3677,1200,30,2222,2038,1564,971,237
2020,3,A,골목상권,2110974,언주중학교,10084,6627,3457,39,2227,3204,2129,1449,1036,25,1044,1971,1619,1140,828,14,1183,1233,510,309,208
2020,3,A,골목상권,2110973,강남구청역 4번,12597,7190,5407,54,2501,3373,2945,2285,1439,18,1044,2008,1846,1330,944,36,1457,1365,1099,955,495
2020,3,A,골목상권,2110972,강남세브란스병원미래의학연구센터,26073,14646,11427,216,7696,7646,5984,3332,1199,73,3194,4587,3952,1945,895,143,4502,3059,2032,1387,304
2020,3,A,골목상권,2110971,선정릉역 4번,73203,35861,37342,185,15399,20094,18092,15247,4186,90,8048,12361,8646,4171,2545,95,7351,7733,9446,11076,1641
2020,3,A,골목상권,2110970,학동초등학교,12139,7385,4754,45,2463,3692,2909,1837,1193,19,1064,2125,1996,1282,899,26,1399,1567,913,555,294
2020,3,A,골목상권,2110969,베르사이유1아파트,53929,36213,17716,90,9575,16368,14864,10164,2868,34,5089,11243,11284,6616,1947,56,4486,5125,3580,3548,921
2020,3,A,골목상권,2110968,강남구청역 2번,17810,11539,6271,53,3230,4729,4471,3306,2021,17,1463,2823,3248,2441,1547,36,1767,1906,1223,865,474
2020,3,A,골목상권,2110967,역삼역 8번,60702,36823,23879,115,10925,17002,16035,14106,2519,65,7128,12381,9947,5650,1652,50,3797,4621,6088,8456,867
2020,3,A,골목상권,2110966,논현2동주민센터,27417,17538,9879,65,4763,7772,7077,5016,2724,17,2089,4522,4968,3771,2171,48,2674,3250,2109,1245,553
2020,3,A,골목상권,2110965,언주역 6번,12536,6978,5558,32,2785,3988,2917,1723,1091,14,1028,2297,1924,985,730,18,1757,1691,993,738,361
2020,3,A,골목상권,2110964,싸리고개근린공원,16691,13249,3442,26,2072,3680,4901,4766,1246,12,1067,2741,4124,4292,1013,14,1005,939,777,474,233
2020,3,A,골목상권,2110963,역삼월드메르디앙아파트,26645,15919,10726,134,6368,7920,6420,3764,2039,38,2482,4698,4514,2587,1600,96,3886,3222,1906,1177,439
2020,3,A,골목상권,2110962,도산공원북측,7684,4139,3545,25,1867,2746,1614,996,436,9,732,1558,1047,545,248,16,1135,1188,567,451,188
2020,3,A,골목상권,2110961,언주역 3번,25850,16840,9010,70,5483,7931,5602,3658,3106,29,2478,5132,4147,2743,2311,41,3005,2799,1455,915,795
2020,3,A,골목상권,2110960,은광여고,25543,18368,7175,56,2951,5943,6854,7171,2568,40,1640,3961,5282,5652,1793,16,1311,1982,1572,1519,775
2020,3,A,골목상권,2110959,신구중학교,12478,6517,5961,139,2815,3808,2504,1783,1429,50,1173,2082,1655,873,684,89,1642,1726,849,910,745
2020,3,A,골목상권,2110958,역삼역 4번,42236,28666,13570,63,7659,13522,11576,6973,2443,22,3663,8770,8848,5673,1690,41,3996,4752,2728,1300,753
2020,3,A,골목상권,2110957,언북중학교,28690,17182,11508,72,5858,8514,6766,4137,3343,15,2276,4756,4609,3001,2525,57,3582,3758,2157,1136,818
2020,3,A,골목상권,2110956,언주역 8번,15614,9542,6072,57,3754,5177,3520,1901,1205,37,1723,3094,2486,1290,912,20,2031,2083,1034,611,293
2020,3,A,골목상권,2110955,논현초등학교,25381,16658,8723,83,5578,7705,5841,3882,2292,48,2817,5039,4258,2826,1670,35,2761,2666,1583,1056,622
2020,3,A,골목상권,2110954,국기원,23196,12840,10356,110,5238,7616,5998,2944,1290,31,1823,3964,3878,2178,966,79,3415,3652,2120,766,324
2020,3,A,골목상권,2110953,학동근린공원,26213,16160,10053,92,6774,8335,5664,3381,1967,28,2991,5202,4071,2370,1498,64,3783,3133,1593,1011,469
2020,3,A,골목상권,2110952,논현목련공원,10637,6885,3752,21,2104,3370,2518,1670,954,15,1135,2250,1740,1096,649,6,969,1120,778,574,305
2020,3,A,골목상권,2110951,신사은행나무공원,12925,7220,5705,52,3507,3777,2858,1670,1061,15,1315,2106,1920,1102,762,37,2192,1671,938,568,299
2020,3,A,골목상권,2110950,논현역 7번,19297,11636,7661,39,4250,6200,4538,2762,1508,17,1787,3758,3112,1836,1126,22,2463,2442,1426,926,382
2020,3,A,골목상권,2110949,한남IC,12160,7678,4482,41,2351,3690,3261,1910,907,23,1063,2371,2209,1313,699,18,1288,1319,1052,597,208
2020,3,A,골목상권,2110948,헌인가구단지,57,27,30,0,5,24,14,11,3,0,4,12,6,2,3,0,1,12,8,9,0
2020,3,A,골목상권,2110947,청계산입구역 2번(내곡동주민센터),326,172,154,0,38,55,98,76,59,0,17,30,68,33,24,0,21,25,30,43,35
2020,3,A,골목상권,2110946,청계산원터골,271,144,127,0,34,50,81,50,56,0,15,29,58,20,22,0,19,21,23,30,34
2020,3,A,골목상권,2110945,본마을노인복지센터(서초구립내곡도서관),383,240,143,3,62,91,87,89,51,3,25,53,59,64,36,0,37,38,28,25,15
2020,3,A,골목상권,2110944,서울나래학교(염곡어린이공원),20185,16768,3417,29,2090,4170,6159,6991,746,22,1509,3356,5018,6304,559,7,581,814,1141,687,187
2020,3,A,골목상권,2110943,법제교육센터(버들어린이공원),7684,4780,2904,20,1200,1903,1957,1484,1120,11,643,1190,1209,900,827,9,557,713,748,584,293
2020,3,A,골목상권,2110942,염곡동 구룡사(포이동성당),32043,24395,7648,74,4187,7325,9070,9280,2107,40,2598,5356,6923,7833,1645,34,1589,1969,2147,1447,462
2020,3,A,골목상권,2110941,언남고등학교,4779,3108,1671,28,739,1265,1190,966,591,17,414,816,783,644,434,11,325,449,407,322,157
2020,3,A,골목상권,2110940,양재근린공원(양재2동주민센터),8689,5762,2927,47,1434,2277,2149,1768,1014,26,766,1507,1483,1202,778,21,668,770,666,566,236
2020,3,A,골목상권,2110939,양재역 8번(양재동우체국),45731,23354,22377,508,9762,11110,12644,8019,3688,246,4819,6778,5503,3276,2732,262,4943,4332,7141,4743,956
2020,3,A,골목상권,2110938,바우뫼공원,11265,6894,4371,329,3630,2824,2266,1433,783,154,1891,1856,1564,870,559,175,1739,968,702,563,224
2020,3,A,골목상권,2110937,방아다리근린공원(횃불트리니티신학대학원대학교),17876,11487,6389,356,5244,5033,3649,2329,1265,166,2714,3411,2635,1557,1004,190,2530,1622,1014,772,261
2020,3,A,골목상권,2110936,더케이호텔(양재리본타워2단지아파트),3869,2981,888,16,803,1160,864,700,326,10,552,922,691,565,241,6,251,238,173,135,85
2020,3,A,골목상권,2110935,한전아트센터,20312,15954,4358,47,3699,7326,4955,3496,789,19,2201,5852,4154,3079,649,28,1498,1474,801,417,140
2020,3,A,골목상권,2110934,우면주공아파트,3248,1908,1340,6,549,981,879,631,202,5,199,529,564,460,151,1,350,452,315,171,51
2020,3,A,골목상권,2110933,한국상담대학원대학교,6457,3774,2683,19,1551,1930,1522,1006,429,6,610,1213,1030,624,291,13,941,717,492,382,138
2020,3,A,골목상권,2110932,서울시인재개발원,6066,3421,2645,20,1419,1827,1388,942,470,6,486,1071,936,597,325,14,933,756,452,345,145
2020,3,A,골목상권,2110931,삼성전자서울R&D(서울우면초등학교),1471,770,701,0,273,440,390,329,39,0,89,178,228,248,27,0,184,262,162,81,12
2020,3,A,골목상권,2110930,서초동성당,40185,22492,17693,64,7459,10413,9292,10954,2003,36,2906,5657,4975,7438,1480,28,4553,4756,4317,3516,523
2020,3,A,골목상권,2110929,남부터미널역 1번,40801,22975,17826,94,8567,10227,8785,10521,2607,29,2961,5530,5108,7404,1943,65,5606,4697,3677,3117,664
2020,3,A,골목상권,2110928,서초우방유쉘아파트,14636,8308,6328,79,2911,3987,3610,2696,1353,42,1209,2357,2220,1538,942,37,1702,1630,1390,1158,411
2020,3,A,골목상권,2110927,잠원역,5195,2975,2220,14,1049,1543,1215,847,527,5,440,957,806,467,300,9,609,586,409,380,227
2020,3,A,골목상권,2110926,신중초등학교,20711,15020,5691,29,2823,6720,5736,3692,1711,13,1488,4871,4651,2834,1163,16,1335,1849,1085,858,548
2020,3,A,골목상권,2110925,서초중학교,9296,5492,3804,52,1961,2662,2169,1374,1078,25,798,1591,1465,898,715,27,1163,1071,704,476,363
2020,3,A,골목상권,2110924,반포4동주민센터(몽마르뜨공원),83099,74961,8138,37,8203,17350,22275,32239,2995,19,6505,14740,20038,31075,2584,18,1698,2610,2237,1164,411
2020,3,A,골목상권,2110923,방배역 1번,8904,5663,3241,101,1440,2646,2283,1421,1013,32,731,1526,1586,1012,776,69,709,1120,697,409,237
2020,3,A,골목상권,2110922,내방역 1번,16882,11227,5655,77,3284,5206,4097,3133,1085,58,1557,3103,3051,2630,828,19,1727,2103,1046,503,257
2020,3,A,골목상권,2110921,서울프랑스학교,83562,76383,7179,44,8142,17368,22255,32750,3003,26,6585,15123,20344,31698,2607,18,1557,2245,1911,1052,396
2020,3,A,골목상권,2110920,방배역 2번(백석예술대학교),9972,5994,3978,105,1806,2901,2264,1609,1287,29,832,1640,1444,1069,980,76,974,1261,820,540,307
2020,3,A,골목상권,2110919,내방역 8번,23026,14891,8135,70,3979,7139,6333,3943,1562,37,1696,4093,4651,3200,1214,33,2283,3046,1682,743,348
2020,3,A,골목상권,2110918,방배역 3번,10816,7193,3623,65,2219,3056,2465,1686,1325,48,1253,2103,1744,1060,985,17,966,953,721,626,340
2020,3,A,골목상권,2110917,서초소방서,12422,9657,2765,29,1384,3372,3553,3049,1035,18,855,2598,2947,2472,767,11,529,774,606,577,268
2020,3,A,골목상권,2110916,내방역 4번,11774,7659,4115,75,2322,3382,2734,1833,1428,62,1295,2295,1844,1148,1015,13,1027,1087,890,685,413
2020,3,A,골목상권,2110915,서래초등학교,94789,82594,12195,60,11017,20797,25059,34620,3236,23,7412,16877,22213,33205,2864,37,3605,3920,2846,1415,372
2020,3,A,골목상권,2110914,내방역 6번,7659,4955,2704,25,1383,2047,1723,1397,1084,13,683,1314,1154,948,843,12,700,733,569,449,241
2020,3,A,골목상권,2110913,방현초등학교(방배119안전센터),13661,7814,5847,27,2260,4039,3860,2228,1247,6,966,2297,2227,1448,870,21,1294,1742,1633,780,377
2020,3,A,골목상권,2110912,방배동사이길,15348,9117,6231,40,3489,4414,3802,2689,914,11,1112,2520,2641,2084,749,29,2377,1894,1161,605,165
2020,3,A,골목상권,2110911,방배배수지체육공원,9356,5053,4303,21,1411,2855,2730,1512,827,7,554,1540,1393,987,572,14,857,1315,1337,525,255
2020,3,A,골목상권,2110910,내방역 5번,8226,4933,3293,29,1467,1910,1854,1558,1408,18,612,1121,1123,986,1073,11,855,789,731,572,335
2020,3,A,골목상권,2110909,남태령역(서울전자고등학교),980,650,330,3,37,95,211,424,210,3,11,56,137,285,158,0,26,39,74,139,52
2020,3,A,골목상권,2110908,구반포역,10206,5558,4648,82,1769,2563,2691,2291,810,77,764,1411,1582,1201,523,5,1005,1152,1109,1090,287
2020,3,A,골목상권,2110907,방배초등학교,9463,5322,4141,34,1449,1969,2194,2016,1801,18,591,1121,1241,1097,1254,16,858,848,953,919,547
2020,3,A,골목상권,2110906,서문여고,12830,5897,6933,22,2398,3237,3851,2269,1053,7,757,1390,1825,1223,695,15,1641,1847,2026,1046,358
2020,3,A,골목상권,2110905,방배노인종합복지관(이수중학교),7088,3248,3840,14,1430,1975,1825,1194,650,2,492,840,856,644,414,12,938,1135,969,550,236
2020,3,A,골목상권,2110904,이수역 5번,8769,3652,5117,28,1705,2258,2104,1550,1124,11,568,901,855,658,659,17,1137,1357,1249,892,465
2020,3,A,골목상권,2110903,방배아이파크아파트,17572,8950,8622,21,2787,4332,4867,3195,2370,8,911,1898,2409,1828,1896,13,1876,2434,2458,1367,474
2020,3,A,골목상권,2110902,사당역 4번,5046,3244,1802,7,832,1231,1323,951,702,5,434,787,876,621,521,2,398,444,447,330,181
2020,3,A,골목상권,2110901,인헌고등학교(인헌중학교),2102,1093,1009,7,323,545,600,405,222,4,150,278,296,187,178,3,173,267,304,218,44
2020,3,A,골목상권,2110900,낙성대역 1번(관악구민 종합체육센터),5205,3133,2072,15,1042,1513,1190,800,645,7,483,957,724,463,499,8,559,556,466,337,146
2020,3,A,골목상권,2110899,낙성대역 5번(관악중학교),4750,3171,1579,19,928,1383,1072,761,587,11,469,968,738,513,472,8,459,415,334,248,115
2020,3,A,골목상권,2110898,청림동주민센터(상도중학교),3450,1948,1502,3,505,1104,1104,537,197,2,228,621,634,318,145,1,277,483,470,219,52
2020,3,A,골목상권,2110897,서울대입구역 8번,3920,2161,1759,18,646,860,915,882,599,10,268,453,509,503,418,8,378,407,406,379,181
2020,3,A,골목상권,2110896,관악우성아파트,799,291,508,4,114,127,193,218,143,3,40,45,67,80,56,1,74,82,126,138,87
2020,3,A,골목상권,2110895,샤로수길,10222,6144,4078,27,1727,3006,2245,2098,1119,14,783,1749,1342,1397,859,13,944,1257,903,701,260
2020,3,A,골목상권,2110894,관악동부센트레빌아파트(은천로35라길),7336,2753,4583,54,1023,1249,1644,2245,1121,30,476,663,753,603,228,24,547,586,891,1642,893
2020,3,A,골목상권,2110893,관악소방서(문영여고),1875,1446,429,2,350,573,417,435,98,1,241,446,313,364,81,1,109,127,104,71,17
2020,3,A,골목상권,2110892,관악구 중앙길,4838,2402,2436,12,705,953,1155,1126,887,7,243,435,562,631,524,5,462,518,593,495,363
2020,3,A,골목상권,2110891,구암초등학교,1510,676,834,1,244,400,465,274,126,0,74,176,222,137,67,1,170,224,243,137,59
2020,3,A,골목상권,2110890,봉천역 1번(관악초등학교),2594,1111,1483,7,502,694,561,417,413,3,119,262,264,217,246,4,383,432,297,200,167
2020,3,A,골목상권,2110889,봉천역 6번,2545,1344,1201,2,320,470,540,632,581,1,129,231,296,373,314,1,191,239,244,259,267
2020,3,A,골목상권,2110888,청룡동주민센터,2099,907,1192,4,408,600,515,327,245,0,86,215,246,182,178,4,322,385,269,145,67
2020,3,A,골목상권,2110887,서울산업정보학교(서울삼성초등학교),1523,976,547,3,160,328,383,455,194,1,58,159,255,349,154,2,102,169,128,106,40
2020,3,A,골목상권,2110886,관악해태어린이공원,1665,1062,603,3,148,265,453,511,285,1,57,128,278,370,228,2,91,137,175,141,57
2020,3,A,골목상권,2110885,영락고등학교,1893,1032,861,8,261,357,479,409,379,2,125,180,245,234,246,6,136,177,234,175,133
2020,3,A,골목상권,2110884,봉천역 4번(봉천110안전센터),4024,1687,2337,16,619,799,866,1104,620,3,163,358,395,397,371,13,456,441,471,707,249
2020,3,A,골목상권,2110883,은천초등학교(은천교앞),3528,1525,2003,18,494,684,812,1011,509,3,133,308,387,360,334,15,361,376,425,651,175
2020,3,A,골목상권,2110882,신성초등학교,3420,2456,964,10,526,699,935,786,464,2,341,512,686,592,323,8,185,187,249,194,141
2020,3,A,골목상권,2110881,구립대학경로당(관악산샘말공원),3797,2632,1165,10,521,941,1074,882,369,3,294,607,786,658,284,7,227,334,288,224,85
2020,3,A,골목상권,2110880,신림역 1번,2278,911,1367,4,518,556,461,452,287,1,128,213,230,166,173,3,390,343,231,286,114
2020,3,A,골목상권,2110879,신림현대아파트,1503,793,710,7,249,266,356,320,305,1,112,137,184,178,181,6,137,129,172,142,124
2020,3,A,골목상권,2110878,미림여고,760,404,356,6,82,201,203,172,96,1,25,95,123,91,69,5,57,106,80,81,27
2020,3,A,골목상권,2110877,신림역 8번,3894,1878,2016,7,700,826,840,835,686,3,217,354,438,393,473,4,483,472,402,442,213
2020,3,A,골목상권,2110876,서원동주민센터(신관중학교),2115,996,1119,9,238,350,386,523,609,1,98,176,204,211,306,8,140,174,182,312,303
2020,3,A,골목상권,2110875,보라매동주민센터(당곡고등학교),1363,723,640,3,157,282,311,338,272,1,67,137,153,175,190,2,90,145,158,163,82
2020,3,A,골목상권,2110874,원신초등학교(구세군관악영문교회),1118,557,561,8,124,254,308,281,143,2,31,106,166,149,103,6,93,148,142,132,40
2020,3,A,골목상권,2110873,당곡중학교,3337,1850,1487,9,500,680,793,702,653,5,233,361,440,359,452,4,267,319,353,343,201
2020,3,A,골목상권,2110872,신림초등학교,930,502,428,5,122,218,227,219,139,3,61,122,131,115,70,2,61,96,96,104,69
2020,3,A,골목상권,2110871,신원동주민센터,1612,855,757,5,156,282,321,377,471,0,73,153,184,186,259,5,83,129,137,191,212
2020,3,A,골목상권,2110870,신림주공2단지(광신고등학교),1141,670,471,2,115,187,305,328,204,0,57,100,158,196,159,2,58,87,147,132,45
2020,3,A,골목상권,2110869,"신림역 5번(신림동주민센터, 신림동별빛거리)",4076,2363,1713,5,448,899,1044,811,869,3,183,488,584,482,623,2,265,411,460,329,246
2020,3,A,골목상권,2110868,남부초등학교,2177,1250,927,6,230,384,451,528,578,2,123,247,247,289,342,4,107,137,204,239,236
2020,3,A,골목상권,2110867,국제신학대학원대학교(남서울중학교),2153,1276,877,6,202,394,446,534,571,1,116,254,260,305,340,5,86,140,186,229,231
2020,3,A,골목상권,2110866,난우중학교,1349,680,669,0,156,268,351,372,202,0,54,119,161,198,148,0,102,149,190,174,54
2020,3,A,골목상권,2110865,남강고등학교(남강중학교),1484,757,727,10,165,277,355,427,250,7,75,151,179,198,147,3,90,126,176,229,103
2020,3,A,골목상권,2110864,신림우방아파트,3375,2463,912,2,520,914,1049,663,227,2,254,676,843,528,160,0,266,238,206,135,67
2020,3,A,골목상권,2110863,난우초등학교,1442,710,732,21,172,297,310,390,252,16,69,135,139,194,157,5,103,162,171,196,95
2020,3,A,골목상권,2110862,난곡초등학교(난곡동벽화마을),1010,522,488,6,119,185,246,257,197,4,51,89,116,122,140,2,68,96,130,135,57
2020,3,A,골목상권,2110861,관악구신사동주민센터,5342,3589,1753,7,791,1451,1510,1080,503,5,372,999,1127,747,339,2,419,452,383,333,164
2020,3,A,골목상권,2110860,호림박물관(성보고등학교),2271,1322,949,6,331,597,540,529,268,2,143,327,328,314,208,4,188,270,212,215,60
2020,3,A,골목상권,2110859,난향초등학교,670,335,335,1,62,132,182,148,145,0,6,55,76,79,119,1,56,77,106,69,26
2020,3,A,골목상권,2110858,신대방역 1번,2937,2211,726,0,458,834,956,538,151,0,224,640,808,434,105,0,234,194,148,104,46
2020,3,A,골목상권,2110857,미성동주민센터,1420,669,751,18,192,290,315,355,250,13,86,141,143,141,145,5,106,149,172,214,105
2020,3,A,골목상권,2110856,미성초등학교,5509,3786,1723,18,482,944,1029,1026,2010,13,244,557,635,596,1741,5,238,387,394,430,269
2020,3,A,골목상권,2110855,신대방역 2번,7238,5206,2032,7,1079,1599,1673,1188,1692,3,461,1082,1234,877,1549,4,618,517,439,311,143
2020,3,A,골목상권,2110854,조원동주민센터,4035,2937,1098,4,549,688,667,631,1496,2,252,444,407,434,1398,2,297,244,260,197,98
2020,3,A,골목상권,2110853,KT구로지사,3290,1991,1299,8,459,914,780,685,444,0,205,548,483,423,332,8,254,366,297,262,112
2020,3,A,골목상권,2110852,이수역 9번,3811,1920,1891,8,745,927,993,751,387,1,218,418,515,476,292,7,527,509,478,275,95
2020,3,A,골목상권,2110851,경문고등학교(동작동성당),4456,2067,2389,17,740,1150,1184,943,422,8,269,580,679,373,158,9,471,570,505,570,264
2020,3,A,골목상권,2110850,사당역 10번,10320,5639,4681,18,1880,2576,2671,1839,1336,7,705,1317,1483,1154,973,11,1175,1259,1188,685,363
2020,3,A,골목상권,2110849,이수역 10번,3768,1745,2023,10,433,701,854,817,953,3,153,309,390,345,545,7,280,392,464,472,408
2020,3,A,골목상권,2110848,양지어린이공원,3256,1724,1532,6,441,566,741,634,868,2,119,275,356,341,631,4,322,291,385,293,237
2020,3,A,골목상권,2110847,예술인마을,2530,1528,1002,4,338,589,673,515,411,3,154,331,385,307,348,1,184,258,288,208,63
2020,3,A,골목상권,2110846,남성역 1번,3630,1865,1765,7,330,623,941,836,893,4,126,281,402,423,629,3,204,342,539,413,264
2020,3,A,골목상권,2110845,사당종합체육관,2397,1431,966,1,354,627,650,552,213,0,148,356,441,330,156,1,206,271,209,222,57
2020,3,A,골목상권,2110844,흑석2치안센터,241,126,115,1,35,73,58,42,32,1,19,32,33,17,24,0,16,41,25,25,8
2020,3,A,골목상권,2110843,사당5동주민센터,1194,583,611,1,98,212,342,336,205,0,37,73,143,177,153,1,61,139,199,159,52
2020,3,A,골목상권,2110842,흑리단길,556,270,286,1,66,101,146,139,103,0,20,42,66,74,68,1,46,59,80,65,35
2020,3,A,골목상권,2110841,중대부중,674,354,320,1,103,154,161,163,92,0,51,94,81,73,55,1,52,60,80,90,37
2020,3,A,골목상권,2110840,중앙대학교,882,502,380,1,124,191,228,200,138,0,56,112,135,111,88,1,68,79,93,89,50
2020,3,A,골목상권,2110839,숭실대입구역 4번,3697,2231,1466,2,394,1053,1227,711,310,1,181,582,728,474,265,1,213,471,499,237,45
2020,3,A,골목상권,2110838,상도1동주민센터앞,1392,870,522,1,93,249,390,421,238,0,42,120,242,271,195,1,51,129,148,150,43
2020,3,A,골목상권,2110837,숭실대입구역 1번,8221,3493,4728,54,1030,1379,1902,2545,1311,29,523,747,944,810,440,25,507,632,958,1735,871
2020,3,A,골목상권,2110836,상도역 5번,5025,2807,2218,14,875,1350,1197,1030,559,3,367,761,710,615,351,11,508,589,487,415,208
2020,3,A,골목상권,2110835,상도역 1번,2038,1023,1015,7,367,582,498,390,194,2,128,317,279,178,119,5,239,265,219,212,75
2020,3,A,골목상권,2110834,동작구자원봉사센터,3162,1812,1350,14,353,723,846,740,486,11,174,415,515,413,284,3,179,308,331,327,202
2020,3,A,골목상권,2110833,상도역 2번,1715,864,851,7,261,455,433,361,198,2,97,247,248,166,104,5,164,208,185,195,94
2020,3,A,골목상권,2110832,노량진초등학교,5002,2714,2288,10,799,1411,1191,1071,520,2,412,703,650,640,307,8,387,708,541,431,213
2020,3,A,골목상권,2110831,상도4동주민센터,2239,1368,871,3,307,506,509,590,324,2,153,295,324,435,159,1,154,211,185,155,165
2020,3,A,골목상권,2110830,상도초등학교,1330,625,705,0,226,298,336,312,158,0,96,129,138,163,99,0,130,169,198,149,59
2020,3,A,골목상권,2110829,장승배기역 5번,2349,1304,1045,2,395,511,541,549,351,1,260,279,263,290,211,1,135,232,278,259,140
2020,3,A,골목상권,2110828,노량진역 6번,8869,5087,3782,23,1227,2717,2373,1773,756,5,584,1515,1420,1093,470,18,643,1202,953,680,286
2020,3,A,골목상권,2110827,NH농협은행 상도동지점,1462,630,832,2,132,273,365,370,320,1,43,127,154,151,154,1,89,146,211,219,166
2020,3,A,골목상권,2110826,장승배기역 4번,2029,905,1124,3,266,455,516,421,368,1,108,218,207,182,189,2,158,237,309,239,179
2020,3,A,골목상권,2110825,신대방삼거리역 1번,2536,1465,1071,4,276,526,686,635,409,2,138,298,391,351,285,2,138,228,295,284,124
2020,3,A,골목상권,2110824,대방역 3번,3761,1903,1858,11,679,1005,971,680,415,4,247,541,503,341,267,7,432,464,468,339,148
2020,3,A,골목상권,2110823,신대방삼거리역 3번,19702,12375,7327,54,3771,3849,3316,4703,4009,29,2894,3042,2093,2221,2096,25,877,807,1223,2482,1913
2020,3,A,골목상권,2110822,신대방삼거리역 4번(대림초등학교),21761,14425,7336,49,4293,4465,3481,5406,4067,25,3222,3610,2369,3027,2172,24,1071,855,1112,2379,1895
2020,3,A,골목상권,2110821,보라매역 2번,20232,12822,7410,53,3814,3970,3335,4772,4288,28,2871,3169,2141,2333,2280,25,943,801,1194,2439,2008
2020,3,A,골목상권,2110820,성남고등학교,5261,3799,1462,6,897,1096,1024,1672,566,4,555,782,724,1306,428,2,342,314,300,366,138
2020,3,A,골목상권,2110819,신대방역 4번,8413,4800,3613,22,1758,2323,2095,1432,783,15,703,1397,1279,875,531,7,1055,926,816,557,252
2020,3,A,골목상권,2110818,신대방역 3번,3077,1741,1336,5,647,827,709,528,361,3,245,488,428,333,244,2,402,339,281,195,117
2020,3,A,골목상권,2110817,대방역 4번,4185,2172,2013,10,770,1046,1050,736,573,4,304,573,566,365,360,6,466,473,484,371,213
2020,3,A,골목상권,2110816,대방역 6번,3962,2050,1912,10,759,1006,1000,663,524,4,298,549,535,333,331,6,461,457,465,330,193
2020,3,A,골목상권,2110815,공군호텔,4714,2349,2365,7,784,1077,1138,980,728,1,277,561,601,456,453,6,507,516,537,524,275
2020,3,A,골목상권,2110814,서울지방병무청,7603,4784,2819,9,1346,1680,1544,2153,871,3,693,1084,953,1469,582,6,653,596,591,684,289
2020,3,A,골목상권,2110813,보라매역 6번,6876,4830,2046,11,1220,1596,1384,1792,873,6,699,1147,989,1373,616,5,521,449,395,419,257
2020,3,A,골목상권,2110812,신길6동주민센터,4624,2863,1761,10,727,1148,1135,989,615,4,315,738,735,653,418,6,412,410,400,336,197
2020,3,A,골목상권,2110811,보라매역 4번,2766,1733,1033,6,446,755,710,512,337,4,184,499,472,333,241,2,262,256,238,179,96
2020,3,A,골목상권,2110810,영신초등학교,3517,1894,1623,3,458,736,791,799,730,0,206,397,450,391,450,3,252,339,341,408,280
2020,3,A,골목상권,2110809,장훈고등학교,1606,910,696,1,204,371,337,337,356,0,98,181,189,193,249,1,106,190,148,144,107
2020,3,A,골목상권,2110808,신길역 1번,1592,740,852,5,182,313,417,413,262,2,80,156,192,166,144,3,102,157,225,247,118
2020,3,A,골목상권,2110807,신길역 3번,1638,807,831,11,174,333,401,411,308,8,82,179,196,176,166,3,92,154,205,235,142
2020,3,A,골목상권,2110806,서울시립영등포장애인복지관,2387,1673,714,16,364,520,569,547,371,8,193,343,417,410,302,8,171,177,152,137,69
2020,3,A,골목상권,2110805,신길새마을금고신길4동지점,1216,700,516,1,199,271,315,295,135,0,101,161,180,161,97,1,98,110,135,134,38
2020,3,A,골목상권,2110804,신풍역 1번,2372,1166,1206,3,272,549,698,504,346,2,123,257,287,245,252,1,149,292,411,259,94
2020,3,A,골목상권,2110803,신길2동우편취급국,2509,1438,1071,6,234,521,553,547,648,3,108,251,286,304,486,3,126,270,267,243,162
2020,3,A,골목상권,2110802,신길동홍어거리,1971,1091,880,2,192,411,401,426,539,0,72,183,199,241,396,2,120,228,202,185,143
2020,3,A,골목상권,2110801,신풍역 6번(신길6동공영주차장),301,115,186,1,34,45,73,79,69,0,1,15,27,34,38,1,33,30,46,45,31
2020,3,A,골목상권,2110800,영등포동성당,5362,2916,2446,19,1329,1256,1139,983,636,8,431,652,702,637,486,11,898,604,437,346,150
2020,3,A,골목상권,2110799,영등포본동주민센터,3983,2135,1848,33,649,947,932,981,441,14,258,423,511,605,324,19,391,524,421,376,117
2020,3,A,골목상권,2110798,신풍역 2번,2122,1241,881,11,207,502,639,459,304,7,108,296,321,278,231,4,99,206,318,181,73
2020,3,A,골목상권,2110797,KT대방빌딩,3144,1496,1648,9,820,808,770,523,214,6,240,402,374,312,162,3,580,406,396,211,52
2020,3,A,골목상권,2110796,한림대학교한강성심병원,5632,3268,2364,8,1305,1322,1284,1015,698,0,411,703,861,726,567,8,894,619,423,289,131
2020,3,A,골목상권,2110795,도림초등학교,1828,1023,805,5,184,344,440,434,421,3,71,175,248,241,285,2,113,169,192,193,136
2020,3,A,골목상권,2110794,영동초등학교,8718,5133,3585,8,1743,2212,2176,1709,870,4,679,1371,1441,1029,609,4,1064,841,735,680,261
2020,3,A,골목상권,2110793,대림썬프라자,2818,1319,1499,8,768,694,688,474,186,5,217,345,325,283,144,3,551,349,363,191,42
2020,3,A,골목상권,2110792,영등포역 2번,5923,3190,2733,47,860,1497,1434,1376,709,16,347,682,787,863,495,31,513,815,647,513,214
2020,3,A,골목상권,2110791,신풍역 3번,1383,586,797,2,125,278,433,323,222,1,61,103,121,135,165,1,64,175,312,188,57
2020,3,A,골목상권,2110790,대림1동주민센터,2429,1435,994,10,228,503,715,574,399,6,126,305,368,341,289,4,102,198,347,233,110
2020,3,A,골목상권,2110789,대림성모병원,4450,2148,2302,2,1231,1263,925,658,371,2,390,671,514,343,228,0,841,592,411,315,143
2020,3,A,골목상권,2110788,영등포시장역 3번,1667,1051,616,4,180,309,409,385,380,2,99,204,272,245,229,2,81,105,137,140,151
2020,3,A,골목상권,2110787,신길3동주민센터,1222,699,523,4,115,241,343,317,202,4,48,124,193,184,146,0,67,117,150,133,56
2020,3,A,골목상권,2110786,당산역 8번,7825,5499,2326,20,1077,1908,2064,1786,970,6,520,1259,1536,1421,757,14,557,649,528,365,213
2020,3,A,골목상권,2110785,영등포푸르지오아파트,2451,1619,832,9,260,554,675,578,375,6,121,360,452,397,283,3,139,194,223,181,92
2020,3,A,골목상권,2110784,신대림초등학교,1107,505,602,0,169,239,283,265,151,0,37,90,140,139,99,0,132,149,143,126,52
2020,3,A,골목상권,2110783,영등포시장역 1번,4972,3155,1817,7,670,1173,1173,1290,659,4,428,837,769,737,380,3,242,336,404,553,279
2020,3,A,골목상권,2110782,영등포시장역 4번,2465,1324,1141,11,360,533,568,540,453,3,132,283,346,306,254,8,228,250,222,234,199
2020,3,A,골목상권,2110781,대림한신아파트,2334,1304,1030,3,330,410,531,592,468,0,115,225,289,336,339,3,215,185,242,256,129
2020,3,A,골목상권,2110780,신길대성유니드아파트,1455,969,486,1,140,290,376,383,265,1,90,176,235,250,217,0,50,114,141,133,48
2020,3,A,골목상권,2110779,대림갑을명가아파트,1069,666,403,1,100,175,270,315,208,0,50,111,168,188,149,1,50,64,102,127,59
2020,3,A,골목상권,2110778,구로디지털단지역 4번,17970,10395,7575,62,3849,6187,4533,2071,1268,25,1650,3691,2861,1304,864,37,2199,2496,1672,767,404
2020,3,A,골목상권,2110777,구로세무서,8769,5040,3729,42,1718,2576,2320,1425,688,12,658,1412,1465,941,552,30,1060,1164,855,484,136
2020,3,A,골목상권,2110776,도신초등학교,4733,3293,1440,15,581,1138,1372,1021,606,5,303,810,1017,693,465,10,278,328,355,328,141
2020,3,A,골목상권,2110775,대동초등학교,2459,1332,1127,3,269,325,473,553,836,2,89,164,242,302,533,1,180,161,231,251,303
2020,3,A,골목상권,2110774,당산반도유보라팰리스아파트,8457,4962,3495,26,1814,2431,1605,1556,1025,16,821,1362,1009,1027,727,10,993,1069,596,529,298
2020,3,A,골목상권,2110773,당산역 13번,2905,1950,955,5,412,582,610,614,682,2,235,382,388,415,528,3,177,200,222,199,154
2020,3,A,골목상권,2110772,신우어린이공원,2997,2132,865,12,429,826,887,541,302,4,220,608,699,381,220,8,209,218,188,160,82
2020,3,A,골목상권,2110771,대림역 11번,2948,1669,1279,6,319,411,591,693,928,2,109,223,321,410,604,4,210,188,270,283,324
2020,3,A,골목상권,2110770,영등포구청역 6번,4260,2620,1640,11,498,892,1114,882,863,8,216,483,672,580,661,3,282,409,442,302,202
2020,3,A,골목상권,2110769,대림차이나타운(대림역 12번),2722,1534,1188,6,326,457,574,598,761,4,134,255,332,345,464,2,192,202,242,253,297
2020,3,A,골목상권,2110768,도림2동유수지내체육시설,2354,1370,984,12,303,517,598,503,421,8,98,264,326,358,316,4,205,253,272,145,105
2020,3,A,골목상권,2110767,도림동주민센터,3182,1885,1297,15,390,687,802,650,638,9,145,362,448,425,496,6,245,325,354,225,142
2020,3,A,골목상권,2110766,대림역 5번,11181,7292,3889,23,1207,2226,2566,2591,2568,10,630,1648,1904,1582,1518,13,577,578,662,1009,1050
2020,3,A,골목상권,2110765,문래동사거리,7830,4633,3197,26,1429,2100,2107,1368,800,12,580,1203,1318,865,655,14,849,897,789,503,145
2020,3,A,골목상권,2110764,문래역 3번,4607,2577,2030,6,1067,1049,1088,744,653,3,348,575,673,486,492,3,719,474,415,258,161
2020,3,A,골목상권,2110763,영등포구청역 2번,8695,4343,4352,23,1697,2301,1702,1681,1291,12,718,1211,954,756,692,11,979,1090,748,925,599
2020,3,A,골목상권,2110762,선유도역 1번,13668,7921,5747,38,2474,3715,3705,2298,1438,14,1069,2259,2141,1374,1064,24,1405,1456,1564,924,374
2020,3,A,골목상권,2110761,문래동남성맨션,2530,1610,920,7,264,524,672,539,524,2,128,308,394,353,425,5,136,216,278,186,99
2020,3,A,골목상권,2110760,선유도역 6번,12817,7184,5633,36,2497,3665,3582,1995,1042,13,1072,2185,2010,1151,753,23,1425,1480,1572,844,289
2020,3,A,골목상권,2110759,문래예술촌(문래창작촌),66557,51492,15065,62,8833,22832,21900,9809,3121,32,5445,17498,18835,7910,1772,30,3388,5334,3065,1899,1349
2020,3,A,골목상권,2110758,문래소공원,15574,8153,7421,106,3451,3930,3390,3353,1344,31,1573,2867,1720,962,1000,75,1878,1063,1670,2391,344
2020,3,A,골목상권,2110757,양평역 2번,5127,3795,1332,16,638,1290,1232,1011,940,8,379,981,930,735,762,8,259,309,302,276,178
2020,3,A,골목상권,2110756,문래중학교,2728,1912,816,3,291,594,707,629,504,0,153,434,496,443,386,3,138,160,211,186,118
2020,3,A,골목상권,2110755,동일여자고등학교,2135,1066,1069,22,282,514,513,476,328,16,133,279,259,198,181,6,149,235,254,278,147
2020,3,A,골목상권,2110754,삼성산자연공원(서울금천초등학교),2472,1302,1170,24,320,567,623,566,372,17,150,318,341,253,223,7,170,249,282,313,149
2020,3,A,골목상권,2110753,시흥동 은행나무사거리,2070,1119,951,8,216,426,499,538,383,7,110,244,247,282,229,1,106,182,252,256,154
2020,3,A,골목상권,2110752,한울중학교,2508,1442,1066,13,371,511,631,654,328,10,227,286,332,344,243,3,144,225,299,310,85
2020,3,A,골목상권,2110751,난곡중학교,5213,3717,1496,5,380,874,998,1011,1945,4,227,511,612,622,1741,1,153,363,386,389,204
2020,3,A,골목상권,2110750,시흥4동주민센터(서울신흥초등학교),1282,735,547,10,177,238,364,328,165,8,95,148,212,156,116,2,82,90,152,172,49
2020,3,A,골목상권,2110749,금산초등학교(금천고등학교),7948,4687,3261,13,583,1162,1851,2068,2271,4,304,743,1058,1128,1450,9,279,419,793,940,821
2020,3,A,골목상권,2110748,백산초등학교,1856,1127,729,1,232,353,454,484,332,1,140,225,265,265,231,0,92,128,189,219,101
2020,3,A,골목상권,2110747,석수역 1번 출입구,1141,853,288,4,75,146,253,309,354,4,50,104,169,220,306,0,25,42,84,89,48
2020,3,A,골목상권,2110746,금천금빛공원(은행나무사거리서측),1310,613,697,2,128,213,354,362,251,1,50,94,162,172,134,1,78,119,192,190,117
2020,3,A,골목상권,2110745,독산동정훈단지,1707,938,769,1,199,309,343,477,378,0,110,127,144,259,298,1,89,182,199,218,80
2020,3,A,골목상권,2110744,독산동성당,2416,1405,1011,3,254,397,504,647,611,2,147,225,267,354,410,1,107,172,237,293,201
2020,3,A,골목상권,2110743,시흥초등학교(시흥1동우체국),2406,1098,1308,8,357,447,616,620,358,6,148,209,284,249,202,2,209,238,332,371,156
2020,3,A,골목상권,2110742,KT금천빌딩(금천구시설관리공단),6015,3720,2295,11,452,843,1212,1435,2062,3,293,570,765,848,1241,8,159,273,447,587,821
2020,3,A,골목상권,2110741,독산2동주민센터,2240,1186,1054,4,289,450,522,614,361,2,144,230,254,308,248,2,145,220,268,306,113
2020,3,A,골목상권,2110740,금천해태공원,3416,1807,1609,19,676,847,769,717,388,14,314,474,387,335,283,5,362,373,382,382,105
2020,3,A,골목상권,2110739,시흥3동 우편취급국,6352,3608,2744,12,450,863,1467,1666,1894,3,234,571,836,841,1123,9,216,292,631,825,771
2020,3,A,골목상권,2110738,문성초등학교,2977,1790,1187,13,415,599,717,708,525,4,242,374,447,400,323,9,173,225,270,308,202
2020,3,A,골목상권,2110737,금천세무서,2285,1396,889,11,291,455,570,573,385,2,149,254,326,364,301,9,142,201,244,209,84
2020,3,A,골목상권,2110736,독산119안전센터,3398,2048,1350,7,368,585,749,938,751,2,210,356,449,533,498,5,158,229,300,405,253
2020,3,A,골목상권,2110735,말미고개,3342,1951,1391,9,413,671,745,902,602,5,210,391,419,491,435,4,203,280,326,411,167
2020,3,A,골목상권,2110734,금천파출소,2086,924,1162,8,492,580,438,382,186,3,209,294,191,141,86,5,283,286,247,241,100
2020,3,A,골목상권,2110733,금천어울림복지센터,3444,1825,1619,7,384,863,854,918,418,7,139,357,436,581,305,0,245,506,418,337,113
2020,3,A,골목상권,2110732,가산초등학교(세일중학교),3569,2253,1316,15,480,731,846,865,632,5,267,437,485,565,494,10,213,294,361,300,138
2020,3,A,골목상권,2110731,금천구청역 1번 출입구,4713,2376,2337,15,717,1254,1089,1102,536,10,295,567,515,637,352,5,422,687,574,465,184
2020,3,A,골목상권,2110730,서울축산농협 독산역지점(독산파출소),8706,5284,3422,16,575,977,1154,1734,4250,13,301,608,665,989,2708,3,274,369,489,745,1542
2020,3,A,골목상권,2110729,가산동우체국,7733,4618,3115,35,1115,1778,1866,1386,1553,23,591,1099,1184,849,872,12,524,679,682,537,681
2020,3,A,골목상권,2110728,두산초등학교,18360,12147,6213,48,2128,4025,3814,3397,4948,34,1169,2673,2717,2302,3252,14,959,1352,1097,1095,1696
2020,3,A,골목상권,2110727,독산역 1번 출입구,17476,11439,6037,47,2095,3867,3580,3098,4789,35,1158,2571,2539,2068,3068,12,937,1296,1041,1030,1721
2020,3,A,골목상권,2110726,금천철쭉어린이공원(금하마을),1309,861,448,13,192,244,273,324,263,11,121,165,185,179,200,2,71,79,88,145,63
2020,3,A,골목상권,2110725,가산동주민센터,17959,10649,7310,54,3657,5220,4231,2774,2023,36,1832,3225,2688,1581,1287,18,1825,1995,1543,1193,736
2020,3,A,골목상권,2110724,금천구립가산도서관,16529,10406,6123,48,2688,4775,4093,3007,1918,31,1461,3038,2801,1938,1137,17,1227,1737,1292,1069,781
2020,3,A,골목상권,2110723,가산디지털단지역 1번 출입구,30711,20313,10398,125,6526,9665,7684,4343,2368,83,3343,6435,5555,3044,1853,42,3183,3230,2129,1299,515
2020,3,A,골목상권,2110722,G타워,30854,19064,11790,91,6081,10458,8099,3836,2289,44,2876,6665,5338,2458,1683,47,3205,3793,2761,1378,606
2020,3,A,골목상권,2110721,가리봉파출소,16201,10773,5428,61,3049,5067,4125,2440,1459,38,1654,3498,2950,1549,1084,23,1395,1569,1175,891,375
2020,3,A,골목상권,2110720,대림역 2번,3054,2008,1046,3,284,548,746,896,577,2,135,315,486,651,419,1,149,233,260,245,158
2020,3,A,골목상권,2110719,영서중학교,16106,11484,4622,81,3373,5212,3875,2184,1381,58,1839,3643,3031,1716,1197,23,1534,1569,844,468,184
2020,3,A,골목상권,2110718,한국SGI본부,11273,7495,3778,38,1568,2695,2863,2448,1661,30,912,1907,2037,1549,1060,8,656,788,826,899,601
2020,3,A,골목상권,2110717,남구로역 2번,32359,21997,10362,139,6433,10200,7892,4583,3112,93,3413,6993,5797,3191,2510,46,3020,3207,2095,1392,602
2020,3,A,골목상권,2110716,구로나눔길,5187,2873,2314,7,627,1401,1218,1332,602,3,283,752,655,825,355,4,344,649,563,507,247
2020,3,A,골목상권,2110715,구로구민회관,9631,5743,3888,10,1097,2247,2356,2343,1578,7,543,1415,1484,1362,932,3,554,832,872,981,646
2020,3,A,골목상권,2110714,구로4동주민센터,6726,4005,2721,16,736,1595,1535,1881,963,10,334,852,897,1259,653,6,402,743,638,622,310
2020,3,A,골목상권,2110713,구로보건소,8744,5422,3322,19,1294,2210,2371,1815,1035,12,670,1411,1510,1110,709,7,624,799,861,705,326
2020,3,A,골목상권,2110712,남구로역 5번,1744,993,751,8,222,353,399,367,395,5,113,205,206,195,269,3,109,148,193,172,126
2020,3,A,골목상권,2110711,구로초등학교,6650,3489,3161,18,1043,1686,1509,1570,824,6,423,836,776,935,513,12,620,850,733,635,311
2020,3,A,골목상권,2110710,남구로역 3번,23954,15662,8292,83,4830,7403,5886,3524,2228,55,2475,4912,4114,2389,1717,28,2355,2491,1772,1135,511
2020,3,A,골목상권,2110709,구로119안전센터,1617,786,831,4,193,275,354,466,325,2,81,147,192,183,181,2,112,128,162,283,144
2020,3,A,골목상권,2110708,화원어린이공원,2555,1302,1253,12,557,671,568,393,354,4,188,310,307,231,262,8,369,361,261,162,92
2020,3,A,골목상권,2110707,구로창업지원센터,7830,5732,2098,13,782,2138,2103,1720,1074,10,450,1587,1593,1259,833,3,332,551,510,461,241
2020,3,A,골목상권,2110706,그라운드 고척,3644,2363,1281,2,400,761,863,902,716,2,204,446,507,589,615,0,196,315,356,313,101
2020,3,A,골목상권,2110705,고산초등학교,3225,2124,1101,3,369,685,744,785,639,2,191,401,432,537,561,1,178,284,312,248,78
2020,3,A,골목상권,2110704,고척중학교,4524,2700,1824,4,515,986,1072,1090,857,3,263,536,545,647,706,1,252,450,527,443,151
2020,3,A,골목상권,2110703,개봉역,9690,5377,4313,42,1449,2320,2204,2355,1320,22,833,1480,1106,1120,816,20,616,840,1098,1235,504
2020,3,A,골목상권,2110702,개봉초등학교,1617,846,771,1,165,337,431,400,283,1,75,158,210,220,182,0,90,179,221,180,101
2020,3,A,골목상권,2110701,고척동성당,5140,3853,1287,8,508,1129,1442,1653,400,2,289,824,1107,1322,309,6,219,305,335,331,91
2020,3,A,골목상권,2110700,고척초등학교,6601,4680,1921,11,615,1436,1850,2027,662,8,337,1015,1342,1521,457,3,278,421,508,506,205
2020,3,A,골목상권,2110699,덕의초등학교,2600,1666,934,9,324,610,655,684,318,7,201,404,412,402,240,2,123,206,243,282,78
2020,3,A,골목상권,2110698,개웅초등학교(개웅중학교),2910,1311,1599,8,427,527,747,807,394,6,221,286,281,277,240,2,206,241,466,530,154
2020,3,A,골목상권,2110697,개봉3동주민센터,1428,921,507,1,203,343,360,295,226,1,94,230,241,189,166,0,109,113,119,106,60
2020,3,A,골목상권,2110696,오류동역 1번,4076,2551,1525,35,946,1200,792,628,475,18,525,831,467,354,356,17,421,369,325,274,119
2020,3,A,골목상권,2110695,개봉1동주민센터,2553,1495,1058,8,234,615,670,616,410,7,123,360,373,358,274,1,111,255,297,258,136
2020,3,A,골목상권,2110694,세곡초등학교,2298,1341,957,2,220,480,607,605,384,0,116,267,319,344,295,2,104,213,288,261,89
2020,3,A,골목상권,2110693,오류동역 4번,2869,1936,933,4,380,544,701,802,438,3,304,369,458,494,308,1,76,175,243,308,130
2020,3,A,골목상권,2110692,큰굴다리,3501,2336,1165,5,490,701,888,977,440,4,368,470,568,604,322,1,122,231,320,373,118
2020,3,A,골목상권,2110691,개봉중학교,2257,1344,913,6,255,488,536,603,369,1,144,293,301,330,275,5,111,195,235,273,94
2020,3,A,골목상권,2110690,오류2동버들시장,4817,3106,1711,4,590,1020,1245,1208,750,1,375,616,761,791,562,3,215,404,484,417,188
2020,3,A,골목상권,2110689,오류동역 3번,4967,3126,1841,15,602,944,1206,1425,775,8,423,612,737,822,524,7,179,332,469,603,251
2020,3,A,골목상권,2110688,오류지구대,2024,1180,844,6,171,361,499,605,382,5,78,189,275,344,289,1,93,172,224,261,93
2020,3,A,골목상권,2110687,"천왕역 3번(오류2동주민센터, 서울오류남초등학교)",981,590,391,3,93,218,282,256,129,1,38,109,165,171,106,2,55,109,117,85,23
2020,3,A,골목상권,2110686,수궁동주민센터,2464,1418,1046,9,230,424,607,718,476,7,102,232,349,412,316,2,128,192,258,306,160
2020,3,A,골목상권,2110685,금강수목원아파트,1251,894,357,2,77,226,345,363,238,1,41,140,228,277,207,1,36,86,117,86,31
2020,3,A,골목상권,2110684,서울공연예술고등학교,1390,797,593,5,149,304,373,389,170,2,71,177,213,231,103,3,78,127,160,158,67
2020,3,A,골목상권,2110683,오류고등학교,1310,758,552,5,143,298,351,350,163,2,69,173,204,211,99,3,74,125,147,139,64
2020,3,A,골목상권,2110682,온수역 8번,1099,772,327,1,51,177,251,337,282,1,28,91,144,242,266,0,23,86,107,95,16
2020,3,A,골목상권,2110681,온수역 1번,1119,839,280,1,41,153,236,373,315,1,21,91,147,294,285,0,20,62,89,79,30
2020,3,A,골목상권,2110680,온수역 5번(온수산업단지),1725,1445,280,18,178,273,326,494,436,18,140,217,249,416,405,0,38,56,77,78,31
2020,3,A,골목상권,2110679,염창역 2번,4141,2829,1312,6,438,939,1245,1003,510,4,219,585,882,757,382,2,219,354,363,246,128
2020,3,A,골목상권,2110678,염창무학아파트,2176,1462,714,4,268,527,551,487,339,3,117,349,371,348,274,1,151,178,180,139,65
2020,3,A,골목상권,2110677,등촌역 1번,7770,5001,2769,27,1180,1953,1864,1628,1118,19,526,1215,1243,1143,855,8,654,738,621,485,263
2020,3,A,골목상권,2110676,등촌역 7번,3083,1901,1182,14,465,677,769,692,466,7,196,414,463,448,373,7,269,263,306,244,93
2020,3,A,골목상권,2110675,화곡4동주민센터,3054,1392,1662,8,686,826,628,588,318,5,146,369,300,334,238,3,540,457,328,254,80
2020,3,A,골목상권,2110674,강서구청가양동별관,3250,2202,1048,13,534,769,882,693,359,8,370,541,605,447,231,5,164,228,277,246,128
2020,3,A,골목상권,2110673,뜸부기어린이공원,4546,2072,2474,4,892,1156,994,968,532,2,237,496,489,496,352,2,655,660,505,472,180
2020,3,A,골목상권,2110672,백석중학교,3508,1974,1534,2,408,673,852,913,660,1,179,335,522,544,393,1,229,338,330,369,267
2020,3,A,골목상권,2110671,등촌1동주민센터,14478,9017,5461,47,2628,3590,3369,2781,2063,27,1070,2281,2330,1868,1441,20,1558,1309,1039,913,622
2020,3,A,골목상권,2110670,신곡초등학교,2263,1214,1049,8,288,636,617,494,220,5,142,343,297,278,149,3,146,293,320,216,71
2020,3,A,골목상권,2110669,화곡보람2차아파트,4924,2907,2017,4,1178,1380,951,683,728,3,372,912,716,421,483,1,806,468,235,262,245
2020,3,A,골목상권,2110668,화곡2동주민센터,3376,1859,1517,11,462,856,918,735,394,8,213,465,475,424,274,3,249,391,443,311,120
2020,3,A,골목상권,2110667,가양역 10번,2692,1443,1249,14,455,539,644,615,425,3,213,291,370,318,248,11,242,248,274,297,177
2020,3,A,골목상권,2110666,KC대학교,4814,3125,1689,6,577,1404,1162,1205,460,3,293,836,712,876,405,3,284,568,450,329,55
2020,3,A,골목상권,2110665,곰달래도서관,3026,1676,1350,7,329,573,768,822,527,6,144,324,418,426,358,1,185,249,350,396,169
2020,3,A,골목상권,2110664,강서구청옆,5833,3456,2377,6,812,1721,1459,1348,487,4,363,992,861,906,330,2,449,729,598,442,157
2020,3,A,골목상권,2110663,우장산롯데캐슬아파트앞,11194,6470,4724,40,1626,2878,2757,2837,1056,12,751,1807,1727,1551,622,28,875,1071,1030,1286,434
2020,3,A,골목상권,2110662,까치산역 1번,4227,2462,1765,12,541,1010,1114,1000,550,9,263,585,586,634,385,3,278,425,528,366,165
2020,3,A,골목상권,2110661,강서새말어린이공원,5172,3080,2092,3,619,1428,1352,1332,438,1,266,767,797,928,321,2,353,661,555,404,117
2020,3,A,골목상권,2110660,등촌3동주민센터,11883,6282,5601,49,1613,2452,2671,2721,2377,18,736,1568,1579,1216,1165,31,877,884,1092,1505,1212
2020,3,A,골목상권,2110659,화곡역 4번,5367,2731,2636,20,801,1346,1458,1139,603,15,306,694,725,625,366,5,495,652,733,514,237
2020,3,A,골목상권,2110658,화곡초등학교,4197,2544,1653,2,869,872,820,854,780,0,284,497,482,613,668,2,585,375,338,241,112
2020,3,A,골목상권,2110657,양천향교역 5번,9781,5923,3858,24,1272,2402,2408,2189,1486,12,574,1336,1536,1311,1154,12,698,1066,872,878,332
2020,3,A,골목상권,2110656,까치산역 3번,3493,1986,1507,17,308,641,932,1073,522,15,157,392,539,568,315,2,151,249,393,505,207
2020,3,A,골목상권,2110655,발산역 5번,4383,2015,2368,5,446,729,861,918,1424,3,178,374,438,390,632,2,268,355,423,528,792
2020,3,A,골목상권,2110654,까치산역 4번,3795,2359,1436,18,343,671,982,1195,586,15,175,398,555,770,446,3,168,273,427,425,140
2020,3,A,골목상권,2110653,화곡역 2번,4351,2351,2000,5,944,910,870,876,746,2,268,477,473,554,577,3,676,433,397,322,169
2020,3,A,골목상권,2110652,양천향교역 2번,5710,3599,2111,14,619,1180,1278,1459,1160,8,317,748,781,891,854,6,302,432,497,568,306
2020,3,A,골목상권,2110651,화원중학교,3517,2196,1321,12,349,654,819,1010,673,8,180,416,488,671,433,4,169,238,331,339,240
2020,3,A,골목상권,2110650,우장산힐스테이트,2082,1180,902,4,212,365,470,571,460,3,113,222,268,291,283,1,99,143,202,280,177
2020,3,A,골목상권,2110649,우장산역 1번,2841,1561,1280,6,406,505,632,740,552,3,199,290,339,383,347,3,207,215,293,357,205
2020,3,A,골목상권,2110648,양천향교역 7번,4914,3190,1724,14,579,1057,1190,1108,966,10,283,660,797,661,779,4,296,397,393,447,187
2020,3,A,골목상권,2110647,화곡역 5번,3929,2063,1866,15,520,821,912,968,693,12,208,459,490,506,388,3,312,362,422,462,305
2020,3,A,골목상권,2110646,푸른들청소년도서관,7186,4303,2883,14,953,1663,1774,1762,1020,9,484,1051,1040,999,720,5,469,612,734,763,300
2020,3,A,골목상권,2110645,우장산역 4번,6461,3740,2721,11,778,1499,1702,1666,805,7,412,940,912,880,589,4,366,559,790,786,216
2020,3,A,골목상권,2110644,신광명마을,1529,957,572,8,107,211,408,465,330,5,46,108,229,298,271,3,61,103,179,167,59
2020,3,A,골목상권,2110643,강서구다솔마을,1476,921,555,1,151,323,422,380,199,0,75,205,270,236,135,1,76,118,152,144,64
2020,3,A,골목상권,2110642,정곡초등학교,920,727,193,4,48,120,202,265,281,3,32,78,138,222,254,1,16,42,64,43,27
2020,3,A,골목상권,2110641,공항고등학교,1775,1121,654,5,243,392,434,432,269,4,138,252,239,274,214,1,105,140,195,158,55
2020,3,A,골목상권,2110640,방화역 1번,4701,2998,1703,7,463,1055,1196,1214,766,5,234,553,729,849,628,2,229,502,467,365,138
2020,3,A,골목상권,2110639,신방화역 8번,3267,1552,1715,7,254,358,567,1049,1032,4,117,219,327,397,488,3,137,139,240,652,544
2020,3,A,골목상권,2110638,신방화역 2번,4189,2767,1422,12,450,721,1151,1168,687,9,229,441,775,780,533,3,221,280,376,388,154
2020,3,A,골목상권,2110637,송정역 2번,3090,1452,1638,8,222,392,558,896,1014,1,111,237,333,307,463,7,111,155,225,589,551
2020,3,A,골목상권,2110636,방화역 2번,4034,2575,1459,8,374,758,1201,1084,609,6,202,411,781,702,473,2,172,347,420,382,136
2020,3,A,골목상권,2110635,공항시장역 3번,4028,2022,2006,9,413,625,733,1111,1137,2,185,363,444,461,567,7,228,262,289,650,570
2020,3,A,골목상권,2110634,송정역 3번,2694,1672,1022,6,328,605,702,637,416,1,149,365,440,410,307,5,179,240,262,227,109
2020,3,A,골목상권,2110633,개화산역 1번,2304,1602,702,6,198,412,735,631,322,4,115,256,543,439,245,2,83,156,192,192,77
2020,3,A,골목상권,2110632,방화역 3번,7383,5811,1572,6,736,1634,1983,2247,777,4,551,1255,1531,1831,639,2,185,379,452,416,138
2020,3,A,골목상권,2110631,방화초등학교,2474,1525,949,5,328,491,565,615,470,5,177,298,321,361,363,0,151,193,244,254,107
2020,3,A,골목상권,2110630,공항시장역 1번,33522,17722,15800,6,5643,10995,9040,6314,1524,3,1318,4557,5278,5486,1080,3,4325,6438,3762,828,444
2020,3,A,골목상권,2110629,송정역 4번,31131,16295,14836,1,5401,10620,8646,5741,722,1,1218,4347,5017,5107,605,0,4183,6273,3629,634,117
2020,3,A,골목상권,2110628,신목동역,2970,1823,1147,5,409,809,809,620,318,3,200,461,521,428,210,2,209,348,288,192,108
2020,3,A,골목상권,2110627,신정롯데캐슬아파트,13152,7343,5809,66,2437,4215,3340,2376,718,31,964,2220,2044,1547,537,35,1473,1995,1296,829,181
2020,3,A,골목상권,2110626,양화초등학교,5376,3201,2175,7,707,1254,1523,1314,571,5,310,670,1001,828,387,2,397,584,522,486,184
2020,3,A,골목상권,2110625,신정2동주민센터,19093,11500,7593,116,3148,6062,4842,3763,1162,81,1491,3599,3053,2506,770,35,1657,2463,1789,1257,392
2020,3,A,골목상권,2110624,목동문화체육센터,2321,1175,1146,1,328,550,660,492,290,1,169,289,299,229,188,0,159,261,361,263,102
2020,3,A,골목상권,2110623,갈산공원,1938,1165,773,6,220,476,489,421,326,4,121,280,280,244,236,2,99,196,209,177,90
2020,3,A,골목상권,2110622,달마을공원,4416,2669,1747,3,560,997,1287,1119,450,2,275,579,819,688,306,1,285,418,468,431,144
2020,3,A,골목상권,2110621,목동역 5번,9489,5120,4369,21,1849,2483,2292,1693,1151,12,701,1376,1387,935,709,9,1148,1107,905,758,442
2020,3,A,골목상권,2110620,목동보건지소,4227,2213,2014,7,503,1016,1212,975,514,5,250,571,551,479,357,2,253,445,661,496,157
2020,3,A,골목상권,2110619,목4동주민센터,3721,1714,2007,6,823,1066,907,664,255,2,194,461,482,378,197,4,629,605,425,286,58
2020,3,A,골목상권,2110618,강서고등학교,4292,2255,2037,8,835,1131,1004,886,428,4,221,551,572,565,342,4,614,580,432,321,86
2020,3,A,골목상권,2110617,등촌역 4번,3438,1930,1508,2,451,781,858,856,490,0,208,454,481,453,334,2,243,327,377,403,156
2020,3,A,골목상권,2110616,양목초등학교,1799,899,900,5,181,390,400,460,363,2,68,196,194,233,206,3,113,194,206,227,157
2020,3,A,골목상권,2110615,신서초등학교,8009,4605,3404,28,1503,2016,1895,1652,915,24,525,1225,1134,1015,682,4,978,791,761,637,233
2020,3,A,골목상권,2110614,목동로데오거리,2729,1267,1462,3,368,601,686,671,400,2,129,258,320,327,231,1,239,343,366,344,169
2020,3,A,골목상권,2110613,신정네거리역 4번,662,330,332,1,82,146,146,151,136,1,28,65,62,82,92,0,54,81,84,69,44
2020,3,A,골목상권,2110612,신정역 5번,4880,2815,2065,12,941,776,869,924,1358,5,300,381,452,509,1168,7,641,395,417,415,190
2020,3,A,골목상권,2110611,신정역 1번,5571,3252,2319,20,1009,852,985,1191,1514,13,358,475,562,627,1217,7,651,377,423,564,297
2020,3,A,골목상권,2110610,계남근린공원,2806,1832,974,4,367,839,889,389,318,1,175,534,672,250,200,3,192,305,217,139,118
2020,3,A,골목상권,2110609,신정네거리역 2번,3335,2512,823,7,218,342,581,655,1532,2,101,191,310,462,1446,5,117,151,271,193,86
2020,3,A,골목상권,2110608,신월2동주민센터,3976,2139,1837,15,369,670,1059,1102,761,11,184,386,521,524,513,4,185,284,538,578,248
2020,3,A,골목상권,2110607,금빛새마을금고본점,2998,2422,576,7,172,293,469,558,1499,3,99,181,289,411,1439,4,73,112,180,147,60
2020,3,A,골목상권,2110606,신한은행 신월동지점,3615,2480,1135,3,177,372,789,1154,1120,1,78,207,430,795,969,2,99,165,359,359,151
2020,3,A,골목상권,2110605,목동센트럴아이파크앞,1754,989,765,2,116,242,435,576,383,0,50,131,215,314,279,2,66,111,220,262,104
2020,3,A,골목상권,2110604,신월4동주민센터,3244,2266,978,5,220,414,690,1030,885,2,102,228,416,732,786,3,118,186,274,298,99
2020,3,A,골목상권,2110603,지향초등학교,2592,1701,891,3,160,370,659,856,544,0,64,217,403,589,428,3,96,153,256,267,116
2020,3,A,골목상권,2110602,신월시영아파트중문,3451,2409,1042,4,231,412,798,1090,916,2,141,263,470,758,775,2,90,149,328,332,141
2020,3,A,골목상권,2110601,신월1동우편취급국,3018,1984,1034,9,310,532,728,944,495,4,169,341,467,618,385,5,141,191,261,326,110
2020,3,A,골목상권,2110600,신월7동주민센터,4589,3041,1548,5,349,562,844,1298,1531,3,190,349,550,894,1055,2,159,213,294,404,476
2020,3,A,골목상권,2110599,신월1파출소,1954,1183,771,4,189,357,509,638,257,2,104,206,281,401,189,2,85,151,228,237,68
2020,3,A,골목상권,2110598,신월문화체육센터,4415,2906,1509,4,469,723,911,1046,1262,3,347,549,598,639,770,1,122,174,313,407,492
2020,3,A,골목상권,2110597,신월1동주민센터,3247,1879,1368,5,328,631,701,902,680,2,149,350,364,551,463,3,179,281,337,351,217
2020,3,A,골목상권,2110596,서서울호수공원,2414,1520,894,5,296,458,530,682,443,2,143,270,315,430,360,3,153,188,215,252,83
2020,3,A,골목상권,2110595,메디힐병원,3307,1776,1531,2,345,697,733,878,652,1,148,334,364,502,427,1,197,363,369,376,225
2020,3,A,골목상권,2110594,신월중학교,1610,737,873,7,235,411,427,385,145,4,83,171,183,194,102,3,152,240,244,191,43
2020,3,A,골목상권,2110593,신월3동주민센터,1979,1072,907,1,214,366,444,532,422,0,79,159,206,310,318,1,135,207,238,222,104
2020,3,A,골목상권,2110592,서울금융고등학교,1788,1020,768,0,177,357,377,459,418,0,64,141,192,300,323,0,113,216,185,159,95
2020,3,A,골목상권,2110591,충정로역 6번,5404,3164,2240,0,955,1528,1449,912,560,0,477,884,839,590,374,0,478,644,610,322,186
2020,3,A,골목상권,2110590,만리재,1948,972,976,1,255,425,499,527,241,1,93,214,253,264,147,0,162,211,246,263,94
2020,3,A,골목상권,2110589,애오개역 3번,2670,1166,1504,0,463,870,876,364,97,0,172,429,389,118,58,0,291,441,487,246,39
2020,3,A,골목상권,2110588,한겨레신문사,2850,1529,1321,2,519,639,724,652,314,2,285,398,335,314,195,0,234,241,389,338,119
2020,3,A,골목상권,2110587,공덕동주민센터,6321,3515,2806,22,1145,1800,1749,1153,452,5,525,961,999,724,301,17,620,839,750,429,151
2020,3,A,골목상권,2110586,서울서부지방법원,19070,11193,7877,90,3888,5775,5319,3123,875,33,1607,3200,3429,2296,628,57,2281,2575,1890,827,247
2020,3,A,골목상권,2110585,마포경찰서,7079,4166,2913,8,1235,2487,2119,968,262,1,618,1463,1293,626,165,7,617,1024,826,342,97
2020,3,A,골목상권,2110584,아현역 4번,1593,827,766,2,374,498,331,224,164,1,138,271,180,129,108,1,236,227,151,95,56
2020,3,A,골목상권,2110583,공덕래미안3차아파트,10579,6407,4172,38,1986,3371,2915,1800,469,9,938,1908,1883,1348,321,29,1048,1463,1032,452,148
2020,3,A,골목상권,2110582,이대역 5번,996,382,614,2,125,209,275,242,143,1,27,57,87,121,89,1,98,152,188,121,54
2020,3,A,골목상권,2110581,염리초등학교,11991,6894,5097,24,1766,2851,3013,2599,1738,10,963,1752,1839,1304,1026,14,803,1099,1174,1295,712
2020,3,A,골목상권,2110580,양원초등학교,835,410,425,3,122,173,205,202,130,2,34,88,96,111,79,1,88,85,109,91,51
2020,3,A,골목상권,2110579,마포역 4번,6836,4344,2492,8,1268,1844,1726,1271,719,6,552,1114,1202,925,545,2,716,730,524,346,174
2020,3,A,골목상권,2110578,대흥역 2번,7403,4583,2820,89,1498,1733,1653,1512,918,34,738,1064,1090,1038,619,55,760,669,563,474,299
2020,3,A,골목상권,2110577,용강동주민센터,7757,4680,3077,78,1507,2186,1956,1205,825,29,743,1309,1275,779,545,49,764,877,681,426,280
2020,3,A,골목상권,2110576,대흥역 3번,5951,3670,2281,79,1016,1372,1330,1278,876,29,500,853,887,811,590,50,516,519,443,467,286
2020,3,A,골목상권,2110575,대흥동주민센터,4424,2010,2414,64,2141,1019,506,453,241,21,801,499,233,280,176,43,1340,520,273,173,65
2020,3,A,골목상권,2110574,서강대학교,1561,918,643,4,194,350,405,384,224,2,93,205,256,209,153,2,101,145,149,175,71
2020,3,A,골목상권,2110573,신촌역 6번,3966,1771,2195,61,2020,931,425,343,186,20,758,445,208,214,126,41,1262,486,217,129,60
2020,3,A,골목상권,2110572,서강대역 1번,9068,4445,4623,72,2764,2315,1724,1543,650,26,1022,1103,935,954,405,46,1742,1212,789,589,245
2020,3,A,골목상권,2110571,신수동주민센터,6299,3573,2726,14,776,1656,1652,1511,690,10,303,790,929,1038,503,4,473,866,723,473,187
2020,3,A,골목상권,2110570,KB국민은행 서강지점,1996,1235,761,10,256,489,549,383,309,9,126,290,317,252,241,1,130,199,232,131,68
2020,3,A,골목상권,2110569,홍대땡땡거리,4784,2362,2422,15,981,1209,1107,899,573,8,435,650,554,397,318,7,546,559,553,502,255
2020,3,A,골목상권,2110568,광흥창역 1번,2827,1531,1296,2,399,755,771,659,241,0,117,361,454,445,154,2,282,394,317,214,87
2020,3,A,골목상권,2110567,광흥창역 6번,2158,1187,971,2,280,488,570,500,318,0,88,208,312,318,261,2,192,280,258,182,57
2020,3,A,골목상권,2110566,경의선책거리,10071,5990,4081,33,1755,2290,2438,2032,1523,20,865,1338,1493,1197,1077,13,890,952,945,835,446
2020,3,A,골목상권,2110565,홍익대,4742,3246,1496,13,762,1139,1187,937,704,7,414,751,851,666,557,6,348,388,336,271,147
2020,3,A,골목상권,2110564,홍대입구역 3번,5143,2795,2348,17,919,1276,1149,1001,781,12,343,638,645,612,545,5,576,638,504,389,236
2020,3,A,골목상권,2110563,상수역 3번,1950,1182,768,20,422,582,432,300,194,14,197,341,286,205,139,6,225,241,146,95,55
2020,3,A,골목상권,2110562,연트럴파크(연남동주민센터),4252,2404,1848,9,682,1050,1057,868,586,8,291,605,590,495,415,1,391,445,467,373,171
2020,3,A,골목상권,2110561,상수역 4번,3164,1891,1273,31,678,957,732,501,265,20,308,561,479,325,198,11,370,396,253,176,67
2020,3,A,골목상권,2110560,마포FM,6502,3860,2642,16,982,1627,1454,1287,1136,10,407,959,988,793,703,6,575,668,466,494,433
2020,3,A,골목상권,2110559,성산중학교,5087,2952,2135,21,936,1483,1317,912,418,13,364,796,845,628,306,8,572,687,472,284,112
2020,3,A,골목상권,2110558,경성고등학교,5587,3527,2060,22,775,1348,1393,1232,817,18,394,800,884,814,617,4,381,548,509,418,200
2020,3,A,골목상권,2110557,홍대부속여중고앞,9427,5263,4164,23,1361,2238,2227,1745,1833,17,545,1184,1349,937,1231,6,816,1054,878,808,602
2020,3,A,골목상권,2110556,절두산순교성지,1684,1064,620,5,244,483,463,361,128,5,104,278,313,266,98,0,140,205,150,95,30
2020,3,A,골목상권,2110555,홍익지구대,4079,2137,1942,11,689,1073,1062,755,489,6,236,510,626,449,310,5,453,563,436,306,179
2020,3,A,골목상권,2110554,망원역 1번,7782,4228,3554,15,1168,1783,1913,1422,1481,10,461,862,1004,783,1108,5,707,921,909,639,373
2020,3,A,골목상권,2110553,가좌역 2번,2187,1399,788,4,204,388,539,613,439,2,92,207,352,431,315,2,112,181,187,182,124
2020,3,A,골목상권,2110552,성미산체육관,3504,2146,1358,9,471,801,906,820,497,5,221,455,546,576,343,4,250,346,360,244,154
2020,3,A,골목상권,2110551,성서초등학교,3701,2140,1561,4,377,635,877,713,1095,4,160,324,410,372,870,0,217,311,467,341,225
2020,3,A,골목상권,2110550,합정역 8번,6172,3370,2802,15,1101,1610,1524,1115,807,10,445,802,926,667,520,5,656,808,598,448,287
2020,3,A,골목상권,2110549,새터산,3175,1870,1305,8,386,657,845,821,458,5,193,379,479,513,301,3,193,278,366,308,157
2020,3,A,골목상권,2110548,마포구청역 4번,6841,4101,2740,18,906,1347,1531,1972,1067,10,478,942,1005,1003,663,8,428,405,526,969,404
2020,3,A,골목상권,2110547,KB국민은행 망원동지점,7219,4458,2761,19,879,1335,1493,1861,1632,11,452,900,987,934,1174,8,427,435,506,927,458
2020,3,A,골목상권,2110546,양화대교북단,2197,1293,904,3,397,587,543,403,264,3,182,321,363,255,169,0,215,266,180,148,95
2020,3,A,골목상권,2110545,마포구청역 1번,5795,3278,2517,19,697,1071,1239,1869,900,11,398,782,801,813,473,8,299,289,438,1056,427
2020,3,A,골목상권,2110544,망리단길,7556,4327,3229,18,1463,1819,1641,1152,1463,8,731,897,847,686,1158,10,732,922,794,466,305
2020,3,A,골목상권,2110543,중암중학교,833,554,279,1,60,103,162,253,254,0,22,52,83,160,237,1,38,51,79,93,17
2020,3,A,골목상권,2110542,마포구청역 7번,5884,3486,2398,20,759,1112,1284,1743,966,11,396,791,870,831,587,9,363,321,414,912,379
2020,3,A,골목상권,2110541,동교초등학교,2316,1291,1025,5,338,448,612,521,392,4,142,250,332,300,263,1,196,198,280,221,129
2020,3,A,골목상권,2110540,망원나들목체육관,2127,1225,902,8,673,639,396,264,147,1,405,345,203,164,107,7,268,294,193,100,40
2020,3,A,골목상권,2110539,미근동,14579,8531,6048,43,2341,4872,3956,2487,880,20,916,2720,2470,1715,690,23,1425,2152,1486,772,190
2020,3,A,골목상권,2110538,충정로역 3번,8936,5270,3666,3,1399,2608,2582,1705,639,2,713,1645,1547,938,425,1,686,963,1035,767,214
2020,3,A,골목상권,2110537,충정로현대아파트,9389,5851,3538,15,1288,2694,2554,1994,844,9,654,1734,1643,1241,570,6,634,960,911,753,274
2020,3,A,골목상권,2110536,돈의문센트레빌아파트입구,4662,2901,1761,17,762,1317,1072,1005,489,12,332,727,714,746,370,5,430,590,358,259,119
2020,3,A,골목상권,2110535,영천시장입구,2014,972,1042,4,231,383,512,581,303,2,70,167,254,298,181,2,161,216,258,283,122
2020,3,A,골목상권,2110534,경기대학교,4575,2795,1780,4,723,1180,1049,884,735,1,313,680,710,586,505,3,410,500,339,298,230
2020,3,A,골목상권,2110533,충정로역 7번,3621,2255,1366,1,528,952,988,704,448,0,271,584,646,462,292,1,257,368,342,242,156
2020,3,A,골목상권,2110532,아현역 2번,2100,1204,896,3,447,553,442,378,277,1,170,320,262,259,192,2,277,233,180,119,85
2020,3,A,골목상권,2110531,홍지문,1399,662,737,3,176,371,355,334,160,0,59,172,172,157,102,3,117,199,183,177,58
2020,3,A,골목상권,2110530,아현역 1번,1496,797,699,2,376,474,297,209,138,1,141,271,169,125,90,1,235,203,128,84,48
2020,3,A,골목상권,2110529,홍제3동주민센터,1380,676,704,4,168,199,285,330,394,1,54,91,126,173,231,3,114,108,159,157,163
2020,3,A,골목상권,2110528,서울여자간호대학교,7645,1571,6074,6,224,518,2027,3660,1210,1,77,161,357,465,510,5,147,357,1670,3195,700
2020,3,A,골목상권,2110527,홍제역 2번,1970,1012,958,5,240,306,504,602,313,1,71,168,245,337,190,4,169,138,259,265,123
2020,3,A,골목상권,2110526,봉원사,3964,2083,1881,1,506,1026,1032,955,444,1,183,424,540,636,299,0,323,602,492,319,145
2020,3,A,골목상권,2110525,홍은종합사회복지관,7540,1491,6049,3,208,498,1991,3642,1198,1,81,160,323,442,484,2,127,338,1668,3200,714
2020,3,A,골목상권,2110524,연희세브란스병원,2431,1469,962,0,349,692,566,565,259,0,160,328,325,444,212,0,189,364,241,121,47
2020,3,A,골목상권,2110523,홍제성원아파트,389,158,231,1,57,82,97,95,57,0,16,28,41,33,40,1,41,54,56,62,17
2020,3,A,골목상권,2110522,홍제역 3번,1382,744,638,3,145,201,379,465,189,1,40,103,201,269,130,2,105,98,178,196,59
2020,3,A,골목상권,2110521,홍제역 4번,1682,856,826,3,180,260,456,544,239,1,56,126,230,305,138,2,124,134,226,239,101
2020,3,A,골목상권,2110520,경의중앙 신촌역,3939,2209,1730,8,672,1067,897,861,434,5,268,503,474,619,340,3,404,564,423,242,94
2020,3,A,골목상권,2110519,서대문구보건소별관,1692,809,883,1,249,320,448,430,244,1,88,147,232,202,139,0,161,173,216,228,105
2020,3,A,골목상권,2110518,서대문구청,4288,2377,1911,12,606,1189,1202,1022,257,9,241,603,676,684,164,3,365,586,526,338,93
2020,3,A,골목상권,2110517,서대문소방서,3275,1935,1340,14,501,833,881,711,335,8,210,520,553,438,206,6,291,313,328,273,129
2020,3,A,골목상권,2110516,정원여중,1381,718,663,0,237,296,370,330,148,0,85,145,205,186,97,0,152,151,165,144,51
2020,3,A,골목상권,2110515,홍은중학교,1397,819,578,2,174,346,389,297,189,2,86,211,238,167,115,0,88,135,151,130,74
2020,3,A,골목상권,2110514,서대문우체국,8426,5862,2564,6,1198,1860,1691,2693,978,3,772,1174,1054,2110,749,3,426,686,637,583,229
2020,3,A,골목상권,2110513,연희파출소,4197,2605,1592,22,701,1052,930,956,536,9,309,668,619,625,375,13,392,384,311,331,161
2020,3,A,골목상권,2110512,연희지하차도,4882,2826,2056,19,663,1252,1324,1216,408,14,271,646,746,846,303,5,392,606,578,370,105
2020,3,A,골목상권,2110511,연희초등학교,8378,6001,2377,13,1131,2005,1738,2599,892,3,668,1322,1149,2137,722,10,463,683,589,462,170
2020,3,A,골목상권,2110510,홍연시장,3041,1987,1054,55,824,775,546,576,265,30,470,602,320,364,201,25,354,173,226,212,64
2020,3,A,골목상권,2110509,연희대우아파트앞,9280,6343,2937,12,1331,2148,1961,2829,999,8,717,1291,1263,2264,800,4,614,857,698,565,199
2020,3,A,골목상권,2110508,서연중학교,5090,3173,1917,65,1140,1333,940,1011,601,33,630,969,582,565,394,32,510,364,358,446,207
2020,3,A,골목상권,2110507,명지대학교,3504,2308,1196,30,563,997,832,765,317,27,345,664,531,490,251,3,218,333,301,275,66
2020,3,A,골목상권,2110506,연희임광아파트,1554,815,739,2,227,343,380,390,212,2,100,227,187,174,125,0,127,116,193,216,87
2020,3,A,골목상권,2110505,홍남교남측,2235,1498,737,50,708,612,370,328,167,27,409,504,235,198,125,23,299,108,135,130,42
2020,3,A,골목상권,2110504,명지전문대,965,467,498,1,90,171,253,281,169,0,34,71,117,147,98,1,56,100,136,134,71
2020,3,A,골목상권,2110503,명지대학교교회,3864,2524,1340,30,620,1117,971,783,343,26,367,778,642,473,238,4,253,339,329,310,105
2020,3,A,골목상권,2110502,남가좌파출소,1097,580,517,0,99,196,301,322,179,0,39,79,152,183,127,0,60,117,149,139,52
2020,3,A,골목상권,2110501,연희어린이공원,1540,875,665,10,217,360,378,360,215,8,103,242,206,176,140,2,114,118,172,184,75
2020,3,A,골목상권,2110500,남가좌동현대아파트,278,164,114,0,37,45,74,87,35,0,21,27,44,54,18,0,16,18,30,33,17
2020,3,A,골목상권,2110499,연가초등학교,1891,1022,869,0,178,382,499,526,306,0,73,217,266,255,211,0,105,165,233,271,95
2020,3,A,골목상권,2110498,증산역 1번,2906,1506,1400,8,440,635,651,682,490,3,148,355,341,338,321,5,292,280,310,344,169
2020,3,A,골목상권,2110497,가좌역 3번,3659,2225,1434,4,227,435,598,923,1472,2,157,292,399,499,876,2,70,143,199,424,596
2020,3,A,골목상권,2110496,모래내우체국,2367,1136,1231,7,310,507,560,577,406,4,94,247,294,279,218,3,216,260,266,298,188
2020,3,A,골목상권,2110495,북가좌2동주민센터,3902,2063,1839,9,568,954,896,849,626,5,186,536,522,443,371,4,382,418,374,406,255
2020,3,A,골목상권,2110494,증산3교남측,1780,1221,559,0,92,213,258,339,878,0,34,98,100,184,805,0,58,115,158,155,73
2020,3,A,골목상권,2110493,북가좌초등학교,1856,1392,464,0,60,148,223,379,1046,0,20,69,94,236,973,0,40,79,129,143,73
2020,3,A,골목상권,2110492,하나고등학교,578,273,305,1,22,107,147,171,130,0,7,76,108,56,26,1,15,31,39,115,104
2020,3,A,골목상권,2110491,불광중학교,579,216,363,1,45,99,156,186,92,1,13,42,53,58,49,0,32,57,103,128,43
2020,3,A,골목상권,2110490,녹번동근린공원,5262,2678,2584,13,663,1384,1395,1293,514,9,294,621,670,746,338,4,369,763,725,547,176
2020,3,A,골목상권,2110489,불광역 3번,1836,816,1020,7,273,558,474,348,176,6,92,204,220,175,119,1,181,354,254,173,57
2020,3,A,골목상권,2110488,우리은행응암동지점,3955,2113,1842,9,480,961,1013,1016,476,6,235,475,494,594,309,3,245,486,519,422,167
2020,3,A,골목상권,2110487,불광역 8번,1735,695,1040,1,239,499,452,361,183,1,77,188,182,154,93,0,162,311,270,207,90
2020,3,A,골목상권,2110486,은평구청,4169,2254,1915,8,461,993,1117,1108,482,5,227,494,557,645,326,3,234,499,560,463,156
2020,3,A,골목상권,2110485,연신내우체국,2361,1188,1173,2,126,245,348,438,1202,1,51,129,145,186,676,1,75,116,203,252,526
2020,3,A,골목상권,2110484,역촌역 3번,4601,2236,2365,13,523,1110,1233,1186,536,9,213,468,558,627,361,4,310,642,675,559,175
2020,3,A,골목상권,2110483,연천초등학교,2384,1178,1206,5,230,267,295,400,1187,1,94,133,119,166,665,4,136,134,176,234,522
2020,3,A,골목상권,2110482,연신초등학교,1850,991,859,0,81,162,205,312,1090,0,37,95,80,152,627,0,44,67,125,160,463
2020,3,A,골목상권,2110481,불광역 7번,1630,770,860,2,178,335,467,396,252,2,71,171,214,161,151,0,107,164,253,235,101
2020,3,A,골목상권,2110480,연신내역 3번,2030,889,1141,7,285,397,542,504,295,2,114,188,232,200,153,5,171,209,310,304,142
2020,3,A,골목상권,2110479,연신내역 2번,3690,1693,1997,6,426,539,641,723,1355,1,130,248,249,302,763,5,296,291,392,421,592
2020,3,A,골목상권,2110478,응암1동주민센터,4707,2474,2233,11,516,997,1136,1196,851,7,227,433,551,650,606,4,289,564,585,546,245
2020,3,A,골목상권,2110477,은평세무서,4870,2612,2258,11,464,976,1178,1295,946,5,201,440,572,727,667,6,263,536,606,568,279
2020,3,A,골목상권,2110476,역촌역 2번,1412,760,652,3,180,328,393,324,184,1,64,162,221,174,138,2,116,166,172,150,46
2020,3,A,골목상권,2110475,백련산해모로아파트,2427,1313,1114,3,275,436,520,560,633,2,122,211,271,274,433,1,153,225,249,286,200
2020,3,A,골목상권,2110474,세명컴퓨터고등학교,2172,1034,1138,6,329,533,548,467,289,5,120,275,242,204,188,1,209,258,306,263,101
2020,3,A,골목상권,2110473,구산역 1번,4113,2032,2081,11,518,794,1040,1015,735,5,204,414,507,425,477,6,314,380,533,590,258
2020,3,A,골목상권,2110472,연신내역 4번,2455,1251,1204,11,334,479,638,552,441,6,127,253,292,262,311,5,207,226,346,290,130
2020,3,A,골목상권,2110471,응암동우체국,1908,1001,907,2,228,332,461,530,355,1,96,145,211,287,261,1,132,187,250,243,94
2020,3,A,골목상권,2110470,신진과학기술고등학교,2093,1305,788,2,198,318,474,517,584,2,95,170,262,309,467,0,103,148,212,208,117
2020,3,A,골목상권,2110469,응암정보도서관,3141,1523,1618,2,316,577,809,898,539,0,113,270,378,427,335,2,203,307,431,471,204
2020,3,A,골목상권,2110468,응암역 3번,4875,2420,2455,6,465,813,1295,1325,971,1,170,377,615,633,624,5,295,436,680,692,347
2020,3,A,골목상권,2110467,은평요양병원,1671,867,804,7,217,398,414,360,275,6,97,221,214,162,167,1,120,177,200,198,108
2020,3,A,골목상권,2110466,구산역 2번,3312,1361,1951,12,538,687,831,818,426,3,172,280,347,320,239,9,366,407,484,498,187
2020,3,A,골목상권,2110465,연신내역 7번,2686,1136,1550,10,437,647,652,580,360,5,132,295,276,227,201,5,305,352,376,353,159
2020,3,A,골목상권,2110464,연신내역 5번,2541,1368,1173,8,266,525,663,583,496,5,105,271,308,312,367,3,161,254,355,271,129
2020,3,A,골목상권,2110463,응암3동주민센터,1096,480,616,2,113,200,291,307,183,1,42,69,109,143,116,1,71,131,182,164,67
2020,3,A,골목상권,2110462,갈현건영아파트,1895,1102,793,9,264,445,440,425,312,6,139,269,256,223,209,3,125,176,184,202,103
2020,3,A,골목상권,2110461,새절역 2번,1064,588,476,2,102,151,247,304,258,1,40,59,115,173,200,1,62,92,132,131,58
2020,3,A,골목상권,2110460,구산역 4번,4650,2629,2021,14,389,739,1103,1501,904,6,161,384,536,911,631,8,228,355,567,590,273
2020,3,A,골목상권,2110459,응암역 2번,3508,1670,1838,4,356,682,987,918,561,1,143,326,439,399,362,3,213,356,548,519,199
2020,3,A,골목상권,2110458,선일여고,2056,993,1063,9,309,535,480,491,232,5,138,283,226,197,144,4,171,252,254,294,88
2020,3,A,골목상권,2110457,예일여고,4039,2288,1751,11,383,599,859,1344,843,2,149,279,424,826,608,9,234,320,435,518,235
2020,3,A,골목상권,2110456,구산보건지소,3451,1673,1778,13,646,727,840,730,495,4,277,335,365,355,337,9,369,392,475,375,158
2020,3,A,골목상권,2110455,역촌노인복지관,3912,1926,1986,7,599,783,1036,909,578,3,258,380,472,412,401,4,341,403,564,497,177
2020,3,A,골목상권,2110454,선정중학교,3136,1975,1161,7,297,545,749,1025,513,3,138,284,381,749,420,4,159,261,368,276,93
2020,3,A,골목상권,2110453,신사1동주민센터,2866,1630,1236,3,295,597,767,684,520,3,160,297,422,377,371,0,135,300,345,307,149
2020,3,A,골목상권,2110452,새절역 3번,1444,869,575,3,116,220,343,416,346,3,59,102,181,239,285,0,57,118,162,177,61
2020,3,A,골목상권,2110451,증산역 4번,3034,2083,951,4,382,662,756,739,491,3,166,453,530,528,403,1,216,209,226,211,88
2020,3,A,골목상권,2110450,시립서북병원,4533,2159,2374,8,894,1069,1015,919,628,2,331,496,489,431,410,6,563,573,526,488,218
2020,3,A,골목상권,2110449,증산역 3번,3046,1961,1085,1,417,740,797,725,366,0,164,495,543,508,251,1,253,245,254,217,115
2020,3,A,골목상권,2110448,상신초등학교입구,1375,785,590,3,145,292,338,322,275,1,88,163,177,167,189,2,57,129,161,155,86
2020,3,A,골목상권,2110447,구산초등학교,1694,1213,481,2,100,239,363,721,269,0,46,110,217,608,232,2,54,129,146,113,37
2020,3,A,골목상권,2110446,내를건너서숲으로도서관,1148,777,371,0,135,243,292,279,199,0,95,161,174,174,173,0,40,82,118,105,26
2020,3,A,골목상권,2110445,덕산중학교,1312,649,663,5,274,319,252,247,215,0,87,169,142,108,143,5,187,150,110,139,72
2020,3,A,골목상권,2110444,수색성당,2661,1802,859,0,198,389,448,542,1084,0,77,194,209,332,990,0,121,195,239,210,94
2020,3,A,골목상권,2110443,수색역 1번,434,287,147,0,42,62,103,136,91,0,17,34,66,96,74,0,25,28,37,40,17
2020,3,A,골목상권,2110442,화랑대철도공원,1159,494,665,2,139,197,301,376,144,2,48,69,108,178,89,0,91,128,193,198,55
2020,3,A,골목상권,2110441,영신여고,1046,454,592,3,105,241,283,309,105,3,45,111,107,126,62,0,60,130,176,183,43
2020,3,A,골목상권,2110440,상계3동4동주민센터,231,87,144,1,38,35,61,53,43,0,13,11,23,19,21,1,25,24,38,34,22
2020,3,A,골목상권,2110439,당고개역 5번,1670,1328,342,1,65,111,343,684,466,0,20,60,265,575,408,1,45,51,78,109,58
2020,3,A,골목상권,2110438,경춘선숲길 우측,3326,1509,1817,2,552,854,911,715,292,1,156,360,411,369,212,1,396,494,500,346,80
2020,3,A,골목상권,2110437,당고개역 2번,2037,1506,531,1,104,171,467,791,503,0,40,88,309,634,435,1,64,83,158,157,68
2020,3,A,골목상권,2110436,상계제일중학교,2066,1047,1019,12,209,464,514,508,359,7,73,229,274,237,227,5,136,235,240,271,132
2020,3,A,골목상권,2110435,서울과학기술대,1792,1224,568,2,186,412,462,475,255,0,112,256,301,331,224,2,74,156,161,144,31
2020,3,A,골목상권,2110434,태릉입구역 4번,3300,1461,1839,4,314,539,764,908,771,2,129,312,364,332,322,2,185,227,400,576,449
2020,3,A,골목상권,2110433,공릉역 2번,4470,2428,2042,8,421,620,969,1270,1182,3,195,339,507,667,717,5,226,281,462,603,465
2020,3,A,골목상권,2110432,대진고등학교,3496,2336,1160,5,355,682,898,1023,533,2,168,399,577,774,416,3,187,283,321,249,117
2020,3,A,골목상권,2110431,상계역,1658,716,942,4,180,322,440,437,275,0,50,144,212,164,146,4,130,178,228,273,129
2020,3,A,골목상권,2110430,중계초등학교,1642,961,681,6,165,297,390,441,343,2,77,164,213,244,261,4,88,133,177,197,82
2020,3,A,골목상권,2110429,공릉동 국수거리,5223,2800,2423,7,523,744,1099,1485,1365,3,246,412,543,754,842,4,277,332,556,731,523
2020,3,A,골목상권,2110428,상계5동주민센터,2338,1163,1175,7,172,298,441,608,812,3,62,155,202,282,459,4,110,143,239,326,353
2020,3,A,골목상권,2110427,노원 을지대학교병원,2885,2027,858,3,300,579,725,832,446,0,149,351,505,667,355,3,151,228,220,165,91
2020,3,A,골목상권,2110426,상계2동주민센터,2834,1540,1294,16,401,546,733,694,444,11,153,300,370,386,320,5,248,246,363,308,124
2020,3,A,골목상권,2110425,계상초등학교,2572,1219,1353,6,228,345,564,659,770,4,90,195,248,280,402,2,138,150,316,379,368
2020,3,A,골목상권,2110424,상계초등학교,2079,864,1215,5,272,368,533,553,348,5,89,181,216,215,158,0,183,187,317,338,190
2020,3,A,골목상권,2110423,석계역 2번,1883,895,988,5,253,375,553,418,279,3,106,197,271,183,135,2,147,178,282,235,144
2020,3,A,골목상권,2110422,노원역 9번,1955,819,1136,3,268,390,499,508,287,1,81,196,208,195,138,2,187,194,291,313,149
2020,3,A,골목상권,2110421,석계역 1번,1716,845,871,4,186,278,426,473,349,2,71,119,191,230,232,2,115,159,235,243,117
2020,3,A,골목상권,2110420,광운대역 1번,1718,979,739,10,353,518,466,244,127,3,175,350,258,123,70,7,178,168,208,121,57
2020,3,A,골목상권,2110419,수락산디자인거리,4260,2771,1489,13,429,898,1053,1126,741,12,245,615,683,706,510,1,184,283,370,420,231
2020,3,A,골목상권,2110418,광운대학교 남단,2484,1345,1139,17,445,664,598,481,279,5,192,396,291,252,209,12,253,268,307,229,70
2020,3,A,골목상권,2110417,월계역 3번,441,184,257,2,62,77,94,122,84,2,23,41,37,47,34,0,39,36,57,75,50
2020,3,A,골목상권,2110416,노원초등학교,1385,669,716,8,135,266,331,352,293,6,53,138,153,171,148,2,82,128,178,181,145
2020,3,A,골목상권,2110415,수락산역 4번,3553,1980,1573,19,461,687,836,890,660,16,254,421,481,483,325,3,207,266,355,407,335
2020,3,A,골목상권,2110414,장석교회,752,511,241,5,70,109,166,205,197,3,38,57,98,139,176,2,32,52,68,66,21
2020,3,A,골목상권,2110413,누원고등학교,580,375,205,0,37,71,120,164,188,0,16,45,70,104,140,0,21,26,50,60,48
2020,3,A,골목상권,2110412,창동중학교,1521,1149,372,3,118,224,267,505,404,1,73,121,160,412,382,2,45,103,107,93,22
2020,3,A,골목상권,2110411,도봉역 3번,1802,1132,670,2,126,304,360,519,491,1,33,150,187,351,410,1,93,154,173,168,81
2020,3,A,골목상권,2110410,방학역 2번,5708,3428,2280,10,558,1304,1395,1507,934,9,280,756,767,936,680,1,278,548,628,571,254
2020,3,A,골목상권,2110409,창동역 2번,6649,4154,2495,6,756,1498,1635,1402,1352,4,385,1020,1098,743,904,2,371,478,537,659,448
2020,3,A,골목상권,2110408,가인초등학교,5577,3850,1727,5,581,1307,1343,1121,1220,3,343,986,1014,685,819,2,238,321,329,436,401
2020,3,A,골목상권,2110407,도봉역 2번,2678,1900,778,7,190,399,535,778,769,5,95,243,303,572,682,2,95,156,232,206,87
2020,3,A,골목상권,2110406,도봉산역 1번,1362,928,434,0,45,103,268,453,493,0,17,63,189,336,323,0,28,40,79,117,170
2020,3,A,골목상권,2110405,방학역 1번,2975,1622,1353,6,288,534,730,892,525,5,159,353,350,369,386,1,129,181,380,523,139
2020,3,A,골목상권,2110404,신창초등학교,2334,1247,1087,11,291,485,642,611,294,8,108,229,337,362,203,3,183,256,305,249,91
2020,3,A,골목상권,2110403,방학1동주민센터,3553,1965,1588,10,456,716,860,1052,459,6,261,473,457,498,270,4,195,243,403,554,189
2020,3,A,골목상권,2110402,도봉구 정병원,2172,1117,1055,5,296,450,517,579,325,4,109,246,277,283,198,1,187,204,240,296,127
2020,3,A,골목상권,2110401,도봉구민회관,5856,3856,2000,1,599,1299,1388,1267,1302,0,346,940,977,718,875,1,253,359,411,549,427
2020,3,A,골목상권,2110400,도봉구보건소,2134,1058,1076,4,298,390,510,558,374,3,99,190,250,278,238,1,199,200,260,280,136
2020,3,A,골목상권,2110399,창2동주민센터,1982,1088,894,10,245,463,553,465,246,9,128,273,295,219,164,1,117,190,258,246,82
2020,3,A,골목상권,2110398,쌍문2동우체국,2359,1255,1104,1,247,367,547,725,472,1,87,168,253,427,319,0,160,199,294,298,153
2020,3,A,골목상권,2110397,도봉산입구,1579,963,616,1,95,207,290,413,573,1,25,106,157,272,402,0,70,101,133,141,171
2020,3,A,골목상권,2110396,쌍문역1번(쌍리단길),1577,763,814,4,242,329,382,395,225,1,84,135,198,208,137,3,158,194,184,187,88
2020,3,A,골목상권,2110395,신한은행 방학동지점,1120,597,523,4,157,280,302,227,150,3,72,148,158,121,95,1,85,132,144,106,55
2020,3,A,골목상권,2110394,방학중학교,1435,629,806,1,142,279,358,336,319,1,52,119,150,152,155,0,90,160,208,184,164
2020,3,A,골목상권,2110393,국민은행방학지점,1001,461,540,3,124,275,252,240,107,2,39,137,120,96,67,1,85,138,132,144,40
2020,3,A,골목상권,2110392,발바닥공원,704,449,255,3,99,210,202,121,69,2,39,126,148,81,53,1,60,84,54,40,16
2020,3,A,골목상권,2110391,샘말어린이공원,1172,574,598,0,93,215,234,283,347,0,34,95,107,140,198,0,59,120,127,143,149
2020,3,A,골목상권,2110390,방학초등학교,1901,820,1081,3,194,445,458,515,286,2,59,201,209,188,161,1,135,244,249,327,125
2020,3,A,골목상권,2110389,한일병원,3050,1577,1473,1,573,707,741,679,349,1,171,353,410,396,246,0,402,354,331,283,103
2020,3,A,골목상권,2110388,도봉우체국,2071,923,1148,4,436,450,512,485,184,3,105,207,224,244,140,1,331,243,288,241,44
2020,3,A,골목상권,2110387,쌍문초등학교,1678,803,875,0,227,365,452,414,220,0,67,151,187,208,190,0,160,214,265,206,30
2020,3,A,골목상권,2110386,연산군묘,1120,668,452,0,136,219,227,306,232,0,61,122,131,158,196,0,75,97,96,148,36
2020,3,A,골목상권,2110385,효문고등학교,780,268,512,0,136,158,203,185,98,0,33,42,60,71,62,0,103,116,143,114,36
2020,3,A,골목상권,2110384,문이교,622,295,327,1,71,88,145,188,129,0,21,33,51,98,92,1,50,55,94,90,37
2020,3,A,골목상권,2110383,덕성여대시반거리,494,170,324,0,83,84,121,116,90,0,12,24,42,39,53,0,71,60,79,77,37
2020,3,A,골목상권,2110382,솔밭공원역 1번,967,418,549,1,145,169,222,256,174,0,31,52,83,123,129,1,114,117,139,133,45
2020,3,A,골목상권,2110381,번동주공2단지,1056,559,497,5,107,230,262,299,153,4,33,95,131,178,118,1,74,135,131,121,35
2020,3,A,골목상권,2110380,강북문화정보도서관,980,504,476,5,99,143,203,291,239,3,30,74,101,150,146,2,69,69,102,141,93
2020,3,A,골목상권,2110379,KT&G 북부지사,767,383,384,2,97,108,197,257,106,0,47,44,83,145,64,2,50,64,114,112,42
2020,3,A,골목상권,2110378,송중동주민센터,1170,548,622,8,119,172,339,287,245,6,52,74,144,126,146,2,67,98,195,161,99
2020,3,A,골목상권,2110377,미아사거리역 3번,1050,449,601,7,158,220,271,253,141,6,51,81,107,112,92,1,107,139,164,141,49
2020,3,A,골목상권,2110376,수송초등학교,4978,2722,2256,8,551,1213,1234,1264,708,6,230,624,673,782,407,2,321,589,561,482,301
2020,3,A,골목상권,2110375,서울북부고용노동지청,1301,632,669,2,141,171,335,392,260,0,58,78,134,204,158,2,83,93,201,188,102
2020,3,A,골목상권,2110374,송중초등학교,2009,977,1032,7,186,338,530,528,420,6,61,128,222,264,296,1,125,210,308,264,124
2020,3,A,골목상권,2110373,수유역 2번,4903,2639,2264,10,549,1094,1104,1278,868,8,214,534,563,814,506,2,335,560,541,464,362
2020,3,A,골목상권,2110372,강북중학교,1588,852,736,1,167,364,452,356,248,1,87,203,249,169,143,0,80,161,203,187,105
2020,3,A,골목상권,2110371,삼양입구사거리,1233,656,577,2,114,236,332,331,218,2,43,109,155,183,164,0,71,127,177,148,54
2020,3,A,골목상권,2110370,도봉세무서,1385,735,650,7,100,222,365,379,312,6,28,93,168,200,240,1,72,129,197,179,72
2020,3,A,골목상권,2110369,성신여대운정그린캠퍼스,4108,2368,1740,5,481,782,894,1069,877,1,210,445,512,655,545,4,271,337,382,414,332
2020,3,A,골목상권,2110368,송천초등학교,5342,2779,2563,416,2025,1339,744,507,311,177,905,732,414,294,257,239,1120,607,330,213,54
2020,3,A,골목상권,2110367,강북구청,5008,2534,2474,10,519,1028,1016,1220,1215,8,207,520,524,762,513,2,312,508,492,458,702
2020,3,A,골목상권,2110366,광산사거리,3568,1624,1944,6,321,730,793,840,878,4,125,324,383,466,322,2,196,406,410,374,556
2020,3,A,골목상권,2110365,미아역 5번,1610,747,863,3,136,224,389,402,456,3,45,85,163,219,232,0,91,139,226,183,224
2020,3,A,골목상권,2110364,미아역 8번,1852,961,891,3,226,366,513,491,253,1,85,173,274,268,160,2,141,193,239,223,93
2020,3,A,골목상권,2110363,송천동주민센터,819,499,320,2,54,138,220,209,196,1,23,71,116,131,157,1,31,67,104,78,39
2020,3,A,골목상권,2110362,우이천 계성교,2117,1320,797,2,227,296,541,686,365,0,74,153,330,480,283,2,153,143,211,206,82
2020,3,A,골목상권,2110361,삼양사거리역 1번,1111,550,561,3,66,131,213,280,418,2,24,58,105,156,205,1,42,73,108,124,213
2020,3,A,골목상권,2110360,수유초등학교,2635,1274,1361,5,299,387,567,782,595,1,79,163,238,375,418,4,220,224,329,407,177
2020,3,A,골목상권,2110359,수유시장옆,5157,2359,2798,6,450,898,1053,1316,1434,4,136,365,470,708,676,2,314,533,583,608,758
2020,3,A,골목상권,2110358,인수동 우편취급국,2810,1471,1339,2,265,403,554,783,803,0,80,179,255,417,540,2,185,224,299,366,263
2020,3,A,골목상권,2110357,가오리역 1번,2401,1556,845,1,127,166,397,647,1063,0,34,71,252,471,728,1,93,95,145,176,335
2020,3,A,골목상권,2110356,덕수교,2011,1093,918,0,145,214,368,345,939,0,37,85,163,165,643,0,108,129,205,180,296
2020,3,A,골목상권,2110355,삼양사거리역 2번,905,486,419,2,85,153,223,225,217,1,22,49,110,139,165,1,63,104,113,86,52
2020,3,A,골목상권,2110354,삼각산119안전센터,365,141,224,1,38,87,110,81,48,0,9,25,45,32,30,1,29,62,65,49,18
2020,3,A,골목상권,2110353,수유동우체국,2389,1550,839,0,129,158,408,615,1079,0,26,73,267,444,740,0,103,85,141,171,339
2020,3,A,골목상권,2110352,수유1동주민센터,1621,708,913,1,183,303,456,479,199,0,61,122,184,209,132,1,122,181,272,270,67
2020,3,A,골목상권,2110351,수유북부시장옆,1877,1274,603,0,96,227,484,737,333,0,36,133,349,484,272,0,60,94,135,253,61
2020,3,A,골목상권,2110350,가오리역 2번,2640,1559,1081,0,221,477,709,807,426,0,62,232,442,507,316,0,159,245,267,300,110
2020,3,A,골목상권,2110349,화계역 2번,1164,619,545,0,95,179,284,397,209,0,37,65,127,214,176,0,58,114,157,183,33
2020,3,A,골목상권,2110348,강북문화예술회관,3953,2554,1399,0,227,512,876,1129,1209,0,65,242,587,813,847,0,162,270,289,316,362
2020,3,A,골목상권,2110347,구세군강북종합사회복지관,443,186,257,0,54,96,140,85,68,0,10,34,63,36,43,0,44,62,77,49,25
2020,3,A,골목상권,2110346,4.19민주묘지역 2번,754,369,385,0,109,137,212,161,135,0,22,69,113,81,84,0,87,68,99,80,51
2020,3,A,골목상권,2110345,솔밭공원역 2번,1604,918,686,1,168,207,320,549,359,0,35,65,142,387,289,1,133,142,178,162,70
2020,3,A,골목상권,2110344,화계중학교,815,417,398,0,75,148,217,296,79,0,39,57,111,143,67,0,36,91,106,153,12
2020,3,A,골목상권,2110343,무너미어린이공원,2303,1336,967,0,149,297,429,446,982,0,49,177,246,213,651,0,100,120,183,233,331
2020,3,A,골목상권,2110342,국립재활원,2250,1364,886,1,194,476,644,645,290,0,66,242,426,420,210,1,128,234,218,225,80
2020,3,A,골목상권,2110341,북한산우이역 2번,860,529,331,0,44,68,132,304,312,0,14,31,72,258,154,0,30,37,60,46,158
2020,3,A,골목상권,2110340,인수중학교,1205,760,445,6,164,256,276,329,174,6,81,173,168,189,143,0,83,83,108,140,31
2020,3,A,골목상권,2110339,국립4.19민주묘지,1097,718,379,6,146,196,248,305,196,6,67,139,153,190,163,0,79,57,95,115,33
2020,3,A,골목상권,2110338,인수초등학교,1955,1067,888,6,266,494,469,470,250,6,111,260,248,248,194,0,155,234,221,222,56
2020,3,A,골목상권,2110337,아카데미하우스,1438,921,517,6,178,311,344,390,209,6,85,207,216,232,175,0,93,104,128,158,34
2020,3,A,골목상권,2110336,석관고등학교,1951,1389,562,1,128,204,257,338,1023,0,66,113,151,240,819,1,62,91,106,98,204
2020,3,A,골목상권,2110335,석계역 7번,2887,1837,1050,2,243,313,463,598,1268,0,99,147,243,370,978,2,144,166,220,228,290
2020,3,A,골목상권,2110334,석관중앙교회,1691,1099,592,3,192,394,413,449,240,0,95,241,244,324,195,3,97,153,169,125,45
2020,3,A,골목상권,2110333,돌곶이역 5번,2875,2051,824,4,237,375,414,553,1292,0,107,239,264,375,1066,4,130,136,150,178,226
2020,3,A,골목상권,2110332,돌곶이역 3번,2402,1642,760,6,189,237,310,429,1231,1,74,125,174,259,1009,5,115,112,136,170,222
2020,3,A,골목상권,2110331,돌곶이역 8번,1331,817,514,4,173,283,315,283,273,0,60,182,193,164,218,4,113,101,122,119,55
2020,3,A,골목상권,2110330,돌곶이역 1번,1199,626,573,1,137,217,277,273,294,0,40,102,128,127,229,1,97,115,149,146,65
2020,3,A,골목상권,2110329,우리은행체육관,1280,745,535,8,131,269,305,313,254,4,45,134,165,200,197,4,86,135,140,113,57
2020,3,A,골목상권,2110328,상월곡역 3번,966,544,422,4,142,252,268,208,92,1,59,142,158,118,66,3,83,110,110,90,26
2020,3,A,골목상권,2110327,상월곡역 2번,1998,1149,849,5,355,494,539,387,218,1,166,295,311,215,161,4,189,199,228,172,57
2020,3,A,골목상권,2110326,장위동성당,2029,1211,818,4,314,426,541,433,311,3,149,249,314,263,233,1,165,177,227,170,78
2020,3,A,골목상권,2110325,장곡초등학교,1638,957,681,8,198,313,438,380,301,6,100,176,257,221,197,2,98,137,181,159,104
2020,3,A,골목상권,2110324,월곡역 4번,3140,1982,1158,5,533,1043,730,527,302,1,265,704,453,335,224,4,268,339,277,192,78
2020,3,A,골목상권,2110323,상월곡역 1번,4067,2556,1511,5,678,1174,962,808,440,1,336,790,596,503,330,4,342,384,366,305,110
2020,3,A,골목상권,2110322,장위1동주민센터,1274,741,533,8,218,235,278,270,265,4,110,153,164,146,164,4,108,82,114,124,101
2020,3,A,골목상권,2110321,동덕여대,2313,1366,947,1,299,420,551,516,526,0,134,242,299,273,418,1,165,178,252,243,108
2020,3,A,골목상권,2110320,KB국민은행 종암동지점,1182,673,509,1,119,228,369,325,140,1,35,101,200,239,97,0,84,127,169,86,43
2020,3,A,골목상권,2110319,종암동주민센터,2766,1528,1238,6,392,614,672,775,307,1,178,373,362,458,156,5,214,241,310,317,151
2020,3,A,골목상권,2110318,KT월곡지사,4670,3051,1619,8,464,852,998,1077,1271,3,232,511,595,716,994,5,232,341,403,361,277
2020,3,A,골목상권,2110317,종암중학교,984,490,494,0,108,232,312,228,104,0,37,97,154,140,62,0,71,135,158,88,42
2020,3,A,골목상권,2110316,숭곡초등학교,3749,2252,1497,12,320,511,783,810,1313,11,132,241,383,471,1014,1,188,270,400,339,299
2020,3,A,골목상권,2110315,종암아이파크2차,19523,10008,9515,57,1546,5002,7164,5525,229,13,627,1664,3177,4378,149,44,919,3338,3987,1147,80
2020,3,A,골목상권,2110314,종암경찰서,22088,12093,9995,63,1812,5489,7636,6091,997,14,829,2083,3572,4842,753,49,983,3406,4064,1249,244
2020,3,A,골목상권,2110313,안암역 3번,4486,2929,1557,7,548,1055,1239,1027,610,3,263,654,815,721,473,4,285,401,424,306,137
2020,3,A,골목상권,2110312,안암역 2번,1666,856,810,1,199,457,563,337,109,0,70,198,309,204,75,1,129,259,254,133,34
2020,3,A,골목상권,2110311,종암아이파크2차후문,18419,9472,8947,55,1397,4775,6829,5279,84,12,583,1567,3015,4229,66,43,814,3208,3814,1050,18
2020,3,A,골목상권,2110310,길음역 10번,2304,969,1335,10,637,675,493,352,137,1,143,321,258,161,85,9,494,354,235,191,52
2020,3,A,골목상권,2110309,대광초등학교,3669,2531,1138,12,521,883,910,786,557,4,294,622,640,561,410,8,227,261,270,225,147
2020,3,A,골목상권,2110308,길음역 8번,7178,3463,3715,428,2655,1922,1125,688,360,177,1050,1021,613,334,268,251,1605,901,512,354,92
2020,3,A,골목상권,2110307,길음역 7번,2596,948,1648,10,718,682,547,427,212,0,146,268,216,179,139,10,572,414,331,248,73
2020,3,A,골목상권,2110306,미아초등학교,5376,2688,2688,419,2073,1365,788,449,282,176,923,736,412,220,221,243,1150,629,376,229,61
2020,3,A,골목상권,2110305,보문역 5번,6471,4952,1519,11,812,2114,1358,1346,830,5,488,1734,1085,1066,574,6,324,380,273,280,256
2020,3,A,골목상권,2110304,보문역 4번,5081,2911,2170,4,547,1204,1258,1332,736,3,248,624,733,863,440,1,299,580,525,469,296
2020,3,A,골목상권,2110303,성신여대입구역 1번,2302,983,1319,23,343,507,539,532,358,11,93,195,230,247,207,12,250,312,309,285,151
2020,3,A,골목상권,2110302,보문역 8번,6611,5075,1536,7,801,2204,1491,1413,695,2,445,1775,1209,1164,480,5,356,429,282,249,215
2020,3,A,골목상권,2110301,성신여대입구역 7번,2407,1250,1157,22,336,473,551,587,438,16,112,206,285,329,302,6,224,267,266,258,136
2020,3,A,골목상권,2110300,삼선동주민센터,7082,3275,3807,21,849,1747,2084,1699,682,12,261,673,916,1026,387,9,588,1074,1168,673,295
2020,3,A,골목상권,2110299,정릉역 1번,2389,1112,1277,6,327,495,591,580,390,1,79,200,234,301,297,5,248,295,357,279,93
2020,3,A,골목상권,2110298,솔숲어린이공원,1609,756,853,6,199,274,412,438,280,1,58,98,163,222,214,5,141,176,249,216,66
2020,3,A,골목상권,2110297,경동고등학교,9374,4825,4549,19,1150,2351,2816,2260,778,8,435,1116,1431,1392,443,11,715,1235,1385,868,335
2020,3,A,골목상권,2110296,성신여대입구역 4번,13044,7926,5118,60,2010,3119,4030,2350,1475,26,917,1816,2693,1739,735,34,1093,1303,1337,611,740
2020,3,A,골목상권,2110295,정릉우체국,2490,1166,1324,2,366,486,617,609,410,0,99,203,246,329,289,2,267,283,371,280,121
2020,3,A,골목상권,2110294,서경대학교,2549,1324,1225,1,378,447,634,629,460,0,105,193,305,381,340,1,273,254,329,248,120
2020,3,A,골목상권,2110293,삼선중학교,16035,9034,7001,63,2380,3897,5184,2868,1643,27,1059,2173,3103,1899,773,36,1321,1724,2081,969,870
2020,3,A,골목상권,2110292,정릉역 2번,1455,558,897,1,246,356,390,314,148,0,62,144,125,131,96,1,184,212,265,183,52
2020,3,A,골목상권,2110291,한성대입구역 3번,4682,2808,1874,4,513,944,1389,1258,574,2,184,541,891,836,354,2,329,403,498,422,220
2020,3,A,골목상권,2110290,북한산보국문역 1번,1034,535,499,2,104,127,218,313,270,0,28,65,110,176,156,2,76,62,108,137,114
2020,3,A,골목상권,2110289,북한산보국문역 2번,1888,951,937,0,291,395,491,441,270,0,88,179,225,255,204,0,203,216,266,186,66
2020,3,A,골목상권,2110288,동구여중,4250,2398,1852,23,496,930,1431,989,381,12,211,489,785,607,294,11,285,441,646,382,87
2020,3,A,골목상권,2110287,정릉3동주민센터,1637,1229,408,0,230,512,449,314,132,0,133,403,340,243,110,0,97,109,109,71,22
2020,3,A,골목상권,2110286,한성대입구역 5번,6385,3175,3210,20,806,1509,1805,1506,739,9,265,708,929,826,438,11,541,801,876,680,301
2020,3,A,골목상권,2110285,홍대부중,5373,2950,2423,12,1018,1547,1503,934,359,7,415,798,842,619,269,5,603,749,661,315,90
2020,3,A,골목상권,2110284,정릉북한산국립공원입구,1223,860,363,0,80,214,331,411,187,0,23,120,249,314,154,0,57,94,82,97,33
2020,3,A,골목상권,2110283,성북초등학교앞,4093,2342,1751,15,771,1263,1080,686,278,9,312,713,699,425,184,6,459,550,381,261,94
2020,3,A,골목상권,2110282,국민대학교앞,1943,1389,554,15,322,603,452,316,235,14,185,441,355,248,146,1,137,162,97,68,89
2020,3,A,골목상권,2110281,길상사,17018,13990,3028,25,2042,3972,4890,5544,545,4,1214,2904,4251,5231,386,21,828,1068,639,313,159
2020,3,A,골목상권,2110280,북정마을,14960,12846,2114,18,1405,3400,4437,5321,379,4,942,2610,3998,5030,262,14,463,790,439,291,117
2020,3,A,골목상권,2110279,신내역 2번,2047,735,1312,1,530,644,403,373,96,0,99,241,188,148,59,1,431,403,215,225,37
2020,3,A,골목상권,2110278,망우본동주민센터,2878,1577,1301,10,284,489,618,849,628,1,85,183,285,500,523,9,199,306,333,349,105
2020,3,A,골목상권,2110277,러스크서울병원,2130,1283,847,13,203,291,394,651,578,2,69,98,204,424,486,11,134,193,190,227,92
2020,3,A,골목상권,2110276,신내IC북측,607,375,232,0,44,112,142,253,56,0,25,88,107,124,31,0,19,24,35,129,25
2020,3,A,골목상권,2110275,하나은행 망우동지점,1686,1011,675,10,166,215,299,524,472,0,46,66,154,349,396,10,120,149,145,175,76
2020,3,A,골목상권,2110274,서일대학교,2030,1277,753,2,173,309,487,576,483,1,57,162,302,404,351,1,116,147,185,172,132
2020,3,A,골목상권,2110273,장스여성병원,1613,1000,613,9,132,209,298,500,465,1,34,80,150,339,396,8,98,129,148,161,69
2020,3,A,골목상권,2110272,신내1동주민센터,5843,3433,2410,7,756,1311,1295,1459,1015,6,386,660,668,911,802,1,370,651,627,548,213
2020,3,A,골목상권,2110271,신내역 1번,2658,1073,1585,5,607,752,539,616,139,1,134,318,283,257,80,4,473,434,256,359,59
2020,3,A,골목상권,2110270,혜원여고,1224,728,496,0,98,181,286,344,315,0,39,103,157,210,219,0,59,78,129,134,96
2020,3,A,골목상권,2110269,용마문화복지센터,1320,882,438,1,120,224,285,389,301,0,50,133,182,292,225,1,70,91,103,97,76
2020,3,A,골목상권,2110268,망우3동주민센터,1612,1031,581,3,203,323,368,411,304,3,130,207,213,250,228,0,73,116,155,161,76
2020,3,A,골목상권,2110267,망우역 2번,3855,2306,1549,17,545,783,816,902,792,13,310,445,442,506,590,4,235,338,374,396,202
2020,3,A,골목상권,2110266,면목동우체국,3102,1920,1182,7,322,539,733,852,649,2,104,264,432,611,507,5,218,275,301,241,142
2020,3,A,골목상권,2110265,망우역 1번,3076,1829,1247,16,364,540,716,803,637,5,170,256,354,517,527,11,194,284,362,286,110
2020,3,A,골목상권,2110264,면목역 2번,2233,1223,1010,3,236,458,534,610,392,0,80,225,279,374,265,3,156,233,255,236,127
2020,3,A,골목상권,2110263,면목역 1번,2962,1753,1209,6,445,738,846,625,302,3,244,499,441,330,236,3,201,239,405,295,66
2020,3,A,골목상권,2110262,상봉역 3번,3221,1967,1254,8,450,790,948,652,373,4,252,530,510,366,305,4,198,260,438,286,68
2020,3,A,골목상권,2110261,사가정역 4번,3127,2086,1041,5,288,460,746,997,631,4,111,243,469,761,498,1,177,217,277,236,133
2020,3,A,골목상권,2110260,면목역 3번,2514,1442,1072,3,356,591,717,548,299,0,154,393,354,299,242,3,202,198,363,249,57
2020,3,A,골목상권,2110259,사가정역 1번,3127,1865,1262,6,337,678,872,745,489,3,144,363,490,495,370,3,193,315,382,250,119
2020,3,A,골목상권,2110258,면동초등학교,2037,1206,831,5,240,437,528,494,333,1,106,255,280,307,257,4,134,182,248,187,76
2020,3,A,골목상권,2110257,상봉역 7번,2452,1607,845,11,219,403,552,647,620,10,108,220,301,442,526,1,111,183,251,205,94
2020,3,A,골목상권,2110256,면목2동체육관,3547,2122,1425,5,446,738,941,853,564,1,202,481,507,484,447,4,244,257,434,369,117
2020,3,A,골목상권,2110255,상봉역 4번,4458,2784,1674,6,479,915,1219,1023,816,1,229,569,676,643,666,5,250,346,543,380,150
2020,3,A,골목상권,2110254,오거리공원,2416,1571,845,3,191,424,659,814,325,2,79,223,410,603,254,1,112,201,249,211,71
2020,3,A,골목상권,2110253,중곡초등학교,1855,1320,535,2,153,294,471,641,294,1,81,182,321,513,222,1,72,112,150,128,72
2020,3,A,골목상권,2110252,장안제일시장,1993,1261,732,2,203,364,494,505,425,1,97,223,245,330,365,1,106,141,249,175,60
2020,3,A,골목상권,2110251,장안중학교,2262,1349,913,0,231,428,502,567,534,0,89,190,253,357,460,0,142,238,249,210,74
2020,3,A,골목상권,2110250,화랑대역 7번,1509,739,770,5,140,332,409,398,225,1,49,156,183,195,155,4,91,176,226,203,70
2020,3,A,골목상권,2110249,중화역 1번,3063,1949,1114,1,402,709,752,735,464,1,223,405,433,507,380,0,179,304,319,228,84
2020,3,A,골목상권,2110248,먹골파출소,1263,628,635,3,134,298,352,301,175,0,45,145,171,147,120,3,89,153,181,154,55
2020,3,A,골목상권,2110247,먹골역 1번,2991,1922,1069,0,398,676,750,773,394,0,207,418,446,532,319,0,191,258,304,241,75
2020,3,A,골목상권,2110246,월드순복음교회,2145,1274,871,4,193,347,472,594,535,1,63,160,269,364,417,3,130,187,203,230,118
2020,3,A,골목상권,2110245,KB국민은행 중화동지점,2037,1261,776,3,166,345,495,514,514,1,63,179,281,323,414,2,103,166,214,191,100
2020,3,A,골목상권,2110244,중화역 4번,2398,1528,870,2,356,606,575,562,297,2,209,364,342,382,229,0,147,242,233,180,68
2020,3,A,골목상권,2110243,중랑노인종합복지관,1660,977,683,2,141,271,376,485,385,1,50,133,206,282,305,1,91,138,170,203,80
2020,3,A,골목상권,2110242,면목5동주민센터,1226,796,430,1,101,187,289,334,314,0,45,120,154,211,266,1,56,67,135,123,48
2020,3,A,골목상권,2110241,먹골역 5번,2531,1611,920,1,347,608,639,667,269,1,191,387,378,452,202,0,156,221,261,215,67
2020,3,A,골목상권,2110240,태릉시장 특화거리,1145,548,597,8,174,260,261,239,203,6,84,106,113,110,129,2,90,154,148,129,74
2020,3,A,골목상권,2110239,중랑역 2번,690,313,377,5,95,118,156,155,161,2,29,46,64,73,99,3,66,72,92,82,62
2020,3,A,골목상권,2110238,배꽃어린이공원,1473,1122,351,2,227,342,337,358,207,2,157,266,243,292,162,0,70,76,94,66,45
2020,3,A,골목상권,2110237,메가박스 상봉,3560,2363,1197,12,356,778,1051,1010,353,10,168,485,723,741,236,2,188,293,328,269,117
2020,3,A,골목상권,2110236,신묵초등학교,2471,1622,849,2,350,599,613,640,267,2,195,394,387,452,192,0,155,205,226,188,75
2020,3,A,골목상권,2110235,세화어린이공원,381,210,171,6,90,59,103,71,52,5,52,33,45,38,37,1,38,26,58,33,15
2020,3,A,골목상권,2110234,중랑역 4번,3174,2317,857,12,298,719,1010,858,277,10,155,484,757,704,207,2,143,235,253,154,70
2020,3,A,골목상권,2110233,중랑역 1번,3032,2188,844,17,357,651,916,814,277,14,188,439,671,673,203,3,169,212,245,141,74
2020,3,A,골목상권,2110232,동대부고,3028,1420,1608,3,381,593,816,786,449,1,123,264,333,381,318,2,258,329,483,405,131
2020,3,A,골목상권,2110231,장안교,1741,1065,676,6,143,324,461,478,329,4,59,155,249,315,283,2,84,169,212,163,46
2020,3,A,골목상권,2110230,장안현대홈타운1차아파트,5246,2850,2396,14,898,1262,1405,1131,536,10,473,718,698,598,353,4,425,544,707,533,183
2020,3,A,골목상권,2110229,장평중학교,5475,3447,2028,11,604,1021,1167,1234,1438,7,309,620,723,769,1019,4,295,401,444,465,419
2020,3,A,골목상권,2110228,장안근린공원,6839,3589,3250,54,2007,1290,1365,1326,797,32,1034,727,628,629,539,22,973,563,737,697,258
2020,3,A,골목상권,2110227,답십리공원,4470,2551,1919,49,1629,777,743,784,488,30,929,507,422,364,299,19,700,270,321,420,189
2020,3,A,골목상권,2110226,장안1동주민센터,6971,3871,3100,22,858,1351,1602,1672,1466,17,403,767,886,926,872,5,455,584,716,746,594
2020,3,A,골목상권,2110225,촬영소사거리,2931,1595,1336,12,223,386,587,760,963,9,107,227,365,390,497,3,116,159,222,370,466
2020,3,A,골목상권,2110224,외대앞역 2번,1398,804,594,3,138,261,402,359,235,1,53,146,243,245,116,2,85,115,159,114,119
2020,3,A,골목상권,2110223,군자초등학교,6674,4353,2321,43,1459,1676,1307,1058,1131,11,711,1129,908,704,890,32,748,547,399,354,241
2020,3,A,골목상권,2110222,회기역 2번,2392,1179,1213,2,403,501,609,625,252,0,104,257,343,339,136,2,299,244,266,286,116
2020,3,A,골목상권,2110221,의릉,1144,696,448,3,127,310,315,263,126,0,43,194,185,173,101,3,84,116,130,90,25
2020,3,A,골목상권,2110220,외대앞역 1번,3641,1571,2070,2,688,923,946,679,403,1,133,336,444,404,253,1,555,587,502,275,150
2020,3,A,골목상권,2110219,삼육보건대학교,4450,2371,2079,4,582,896,1094,1128,746,2,182,417,615,657,498,2,400,479,479,471,248
2020,3,A,골목상권,2110218,답십리사거리,1435,853,582,7,165,299,369,350,245,5,66,165,204,224,189,2,99,134,165,126,56
2020,3,A,골목상권,2110217,자동차부품상가,6813,4504,2309,26,1478,1623,1457,1223,1006,21,859,1143,968,768,745,5,619,480,489,455,261
2020,3,A,골목상권,2110216,전농중학교,2153,1119,1034,3,263,476,586,555,270,1,114,236,297,296,175,2,149,240,289,259,95
2020,3,A,골목상권,2110215,회기역 1번,2459,902,1557,4,638,776,558,322,161,1,126,278,223,148,126,3,512,498,335,174,35
2020,3,A,골목상권,2110214,경희대후문,3292,1434,1858,1,689,917,862,572,251,1,134,332,426,346,195,0,555,585,436,226,56
2020,3,A,골목상권,2110213,청량초등학교,2169,702,1467,0,592,722,494,250,111,0,101,237,187,96,81,0,491,485,307,154,30
2020,3,A,골목상권,2110212,답십리초등학교,6736,3585,3151,26,1187,1542,1846,1660,475,22,887,1141,773,457,305,4,300,401,1073,1203,170
2020,3,A,골목상권,2110211,전곡마을마당공원,2826,1580,1246,4,375,594,732,764,357,1,152,275,439,468,245,3,223,319,293,296,112
2020,3,A,골목상권,2110210,서울시립대,3076,1537,1539,7,419,611,663,709,667,4,126,242,352,377,436,3,293,369,311,332,231
2020,3,A,골목상권,2110209,답십리 장령당공원,4354,2000,2354,4,640,954,1230,1197,329,1,470,685,419,202,223,3,170,269,811,995,106
2020,3,A,골목상권,2110208,시조사삼거리,2384,1294,1090,4,388,710,460,463,359,3,155,452,245,252,187,1,233,258,215,211,172
2020,3,A,골목상권,2110207,시립대앞사거리,2645,1363,1282,3,363,557,634,682,406,1,117,229,344,396,276,2,246,328,290,286,130
2020,3,A,골목상권,2110206,텃골근린공원,1284,744,540,2,151,241,347,340,203,1,84,134,221,207,97,1,67,107,126,133,106
2020,3,A,골목상권,2110205,경희대삼거리,3822,2069,1753,6,701,1290,710,636,479,4,281,760,405,362,257,2,420,530,305,274,222
2020,3,A,골목상권,2110204,간데메공원,1794,1235,559,6,298,435,450,379,226,3,196,277,304,275,180,3,102,158,146,104,46
2020,3,A,골목상권,2110203,떡전교사거리,1943,858,1085,2,261,350,385,429,516,2,79,140,162,190,285,0,182,210,223,239,231
2020,3,A,골목상권,2110202,전농1동주민센터(전농시장),593,343,250,0,76,107,147,149,114,0,49,61,93,85,55,0,27,46,54,64,59
2020,3,A,골목상권,2110201,전농119안전센터,825,530,295,0,102,158,244,182,139,0,68,101,168,117,76,0,34,57,76,65,63
2020,3,A,골목상권,2110200,동대문경찰서,1083,572,511,0,119,177,222,305,260,0,60,86,111,138,177,0,59,91,111,167,83
2020,3,A,골목상권,2110199,홍릉시장,1158,621,537,0,99,193,238,354,274,0,46,95,119,165,196,0,53,98,119,189,78
2020,3,A,골목상권,2110198,동대문중앙새마을금고본점,688,361,327,0,52,89,135,214,198,0,23,47,72,99,120,0,29,42,63,115,78
2020,3,A,골목상권,2110197,세종대왕기념관교차로,2510,1548,962,3,426,731,600,539,211,2,154,376,417,419,180,1,272,355,183,120,31
2020,3,A,골목상권,2110196,홍릉근린공원,1047,653,394,1,93,198,337,285,133,1,37,93,216,188,118,0,56,105,121,97,15
2020,3,A,골목상권,2110195,동대문구청,4287,2125,2162,6,481,906,1023,1183,688,3,186,393,469,674,400,3,295,513,554,509,288
2020,3,A,골목상권,2110194,홍파초등학교,1798,1085,713,2,140,330,522,522,282,1,84,184,314,291,211,1,56,146,208,231,71
2020,3,A,골목상권,2110193,고려대역 4번,1232,835,397,1,79,208,403,369,172,1,35,113,259,283,144,0,44,95,144,86,28
2020,3,A,골목상권,2110192,동의보감타워,5324,3233,2091,17,756,1316,1285,1303,647,8,482,802,763,820,358,9,274,514,522,483,289
2020,3,A,골목상권,2110191,고려대역 6번,1157,702,455,2,78,202,355,318,202,1,38,103,203,201,156,1,40,99,152,117,46
2020,3,A,골목상권,2110190,고대앞사거리,3236,1724,1512,5,469,907,933,626,296,2,192,462,500,367,201,3,277,445,433,259,95
2020,3,A,골목상권,2110189,제기동역 1번,6727,4533,2194,21,1156,1875,1505,1131,1039,8,647,1270,1059,767,782,13,509,605,446,364,257
2020,3,A,골목상권,2110188,용두동신동아아파트,9251,6800,2451,57,1038,1991,2191,2660,1314,37,705,1428,1679,1971,980,20,333,563,512,689,334
2020,3,A,골목상권,2110187,제기동역 6번,7263,4732,2531,20,1249,2025,1616,1231,1122,8,662,1282,1102,844,834,12,587,743,514,387,288
2020,3,A,골목상권,2110186,종암초등학교,3678,2369,1309,3,481,1024,1038,724,408,0,199,624,702,506,338,3,282,400,336,218,70
2020,3,A,골목상권,2110185,용두초등학교,9216,4802,4414,9,826,2131,2857,2357,1036,3,373,1210,1418,1091,707,6,453,921,1439,1266,329
2020,3,A,골목상권,2110184,용두사거리,7078,2654,4424,6,1108,1663,1364,1642,1295,2,332,723,563,452,582,4,776,940,801,1190,713
2020,3,A,골목상권,2110183,한국의류시험연구원,6586,2490,4096,5,1038,1511,1273,1514,1245,1,321,694,532,384,558,4,717,817,741,1130,687
2020,3,A,골목상권,2110182,용두희망어린이공원,8150,3848,4302,10,1180,1780,1735,2093,1352,4,438,992,944,839,631,6,742,788,791,1254,721
2020,3,A,골목상권,2110181,신설동역 9번,13079,7138,5941,34,1192,2706,3581,3279,2287,18,594,1610,1908,1605,1403,16,598,1096,1673,1674,884
2020,3,A,골목상권,2110180,광진정보도서관,9548,6222,3326,19,2321,3104,2006,1368,730,5,1187,2103,1425,958,544,14,1134,1001,581,410,186
2020,3,A,골목상권,2110179,광나루역 1번,6574,3993,2581,161,2344,1211,1143,1171,544,51,1118,831,807,821,365,110,1226,380,336,350,179
2020,3,A,골목상권,2110178,장로회신학대학교,2969,2050,919,2,411,751,730,698,377,0,227,542,543,493,245,2,184,209,187,205,132
2020,3,A,골목상권,2110177,동의초등학교,1459,779,680,1,169,274,393,406,216,0,61,146,213,214,145,1,108,128,180,192,71
2020,3,A,골목상권,2110176,해오름공원,4046,2107,1939,5,730,888,1169,939,315,2,195,417,665,579,249,3,535,471,504,360,66
2020,3,A,골목상권,2110175,푸른동산공원,9538,5255,4283,11,988,1818,2356,2694,1671,5,574,1201,1457,1185,833,6,414,617,899,1509,838
2020,3,A,골목상권,2110174,아차산역 1번,3794,2279,1515,7,421,721,1109,1004,532,3,189,430,702,589,366,4,232,291,407,415,166
2020,3,A,골목상권,2110173,구남초등학교,11730,6787,4943,24,1163,2242,2831,3303,2167,9,628,1467,1814,1629,1240,15,535,775,1017,1674,927
2020,3,A,골목상권,2110172,광진초등학교,3672,2114,1558,57,568,731,843,922,551,25,284,392,475,537,401,32,284,339,368,385,150
2020,3,A,골목상권,2110171,중곡4동주민센터,3077,1296,1781,4,590,757,782,700,244,2,117,276,348,364,189,2,473,481,434,336,55
2020,3,A,골목상권,2110170,동대부여고,6257,3117,3140,5,456,1045,1777,2129,845,2,193,556,964,908,494,3,263,489,813,1221,351
2020,3,A,골목상권,2110169,성동초등학교,6765,4291,2474,18,675,1492,1785,1727,1068,4,365,915,1130,1071,806,14,310,577,655,656,262
2020,3,A,골목상권,2110168,대원고등학교,2238,1319,919,4,229,483,556,618,348,2,102,238,295,395,287,2,127,245,261,223,61
2020,3,A,골목상권,2110167,용마초등학교,4509,2630,1879,12,580,923,1177,1052,765,4,313,546,644,575,548,8,267,377,533,477,217
2020,3,A,골목상권,2110166,구의1동주민센터,15219,11430,3789,17,1059,2485,4251,5895,1512,12,537,1532,3205,4890,1254,5,522,953,1046,1005,258
2020,3,A,골목상권,2110165,국립정신건강센터,2585,1477,1108,3,244,534,684,699,421,0,94,256,352,434,341,3,150,278,332,265,80
2020,3,A,골목상권,2110164,아차산역 5번,2694,1609,1085,7,347,531,659,642,508,2,169,304,401,359,374,5,178,227,258,283,134
2020,3,A,골목상권,2110163,성자초등학교,3129,1834,1295,13,357,640,850,913,356,9,224,372,481,482,266,4,133,268,369,431,90
2020,3,A,골목상권,2110162,군자역 4번,3924,2332,1592,15,598,853,977,809,672,8,340,511,565,435,473,7,258,342,412,374,199
2020,3,A,골목상권,2110161,중곡역 3번,2364,1591,773,7,197,379,569,778,434,2,89,224,353,586,337,5,108,155,216,192,97
2020,3,A,골목상권,2110160,광진경찰서,2323,1406,917,4,347,648,636,516,172,1,194,397,354,334,126,3,153,251,282,182,46
2020,3,A,골목상권,2110159,구의역 4번,15886,11761,4125,20,1195,2502,4360,6044,1765,14,552,1526,3278,4933,1458,6,643,976,1082,1111,307
2020,3,A,골목상권,2110158,중곡3동주민센터,2903,2098,805,5,253,521,703,934,487,1,136,358,470,736,397,4,117,163,233,198,90
2020,3,A,골목상권,2110157,자양동우체국,2103,1420,683,14,451,461,501,450,226,10,346,329,303,259,173,4,105,132,198,191,53
2020,3,A,골목상권,2110156,군자역 5번,3797,2348,1449,10,541,828,936,817,665,6,297,488,572,478,507,4,244,340,364,339,158
2020,3,A,골목상권,2110155,광진구청,13911,10903,3008,14,1009,2223,3822,5359,1484,12,536,1458,2986,4650,1261,2,473,765,836,709,223
2020,3,A,골목상권,2110154,광진정말공원,2494,1436,1058,7,351,455,604,640,437,5,171,260,316,357,327,2,180,195,288,283,110
2020,3,A,골목상권,2110153,중곡1동주민센터,5211,2445,2766,82,1436,912,1081,1176,524,28,644,492,513,422,346,54,792,420,568,754,178
2020,3,A,골목상권,2110152,중곡어린이공원,2482,1526,956,49,471,549,517,545,351,6,194,337,328,368,293,43,277,212,189,177,58
2020,3,A,골목상권,2110151,자양한강도서관,2520,1817,703,15,490,505,614,608,288,11,373,369,422,418,224,4,117,136,192,190,64
2020,3,A,골목상권,2110150,중곡1동 마을마당,5928,2959,2969,84,1503,1158,1196,1359,628,30,654,632,616,572,455,54,849,526,580,787,173
2020,3,A,골목상권,2110149,세종대학교,1090,593,497,0,153,295,256,226,160,0,69,164,150,110,100,0,84,131,106,116,60
2020,3,A,골목상권,2110148,어린이대공원역 3번,1449,1013,436,2,138,200,381,498,230,0,66,128,264,363,192,2,72,72,117,135,38
2020,3,A,골목상권,2110147,능동우편취급국,5319,2666,2653,35,1292,1071,1074,1227,620,22,621,624,558,446,395,13,671,447,516,781,225
2020,3,A,골목상권,2110146,신자초등학교,3030,2209,821,8,345,709,894,809,265,3,232,532,652,588,202,5,113,177,242,221,63
2020,3,A,골목상권,2110145,장안초등학교,913,444,469,0,95,163,182,275,198,0,30,77,88,131,118,0,65,86,94,144,80
2020,3,A,골목상권,2110144,어린이대공원역 4번,1995,1266,729,2,200,302,497,650,344,0,76,165,320,437,268,2,124,137,177,213,76
2020,3,A,골목상권,2110143,뚝섬유원지역 1번,1854,1500,354,4,199,512,536,442,161,1,151,418,445,358,127,3,48,94,91,84,34
2020,3,A,골목상권,2110142,화양사거리,4124,2353,1771,5,665,1024,1057,859,514,2,309,600,651,427,364,3,356,424,406,432,150
2020,3,A,골목상권,2110141,건대입구역 1번,3299,2189,1110,13,442,738,841,702,563,6,231,484,570,459,439,7,211,254,271,243,124
2020,3,A,골목상권,2110140,건대입구역 6번,5095,3245,1850,28,632,1049,1230,1212,944,21,284,628,783,815,714,7,348,421,447,397,230
2020,3,A,골목상권,2110139,자양4동주민센터,3041,2288,753,62,487,732,735,671,354,28,320,558,574,520,288,34,167,174,161,151,66
2020,3,A,골목상권,2110138,송정체육공원,4312,2537,1775,2,725,1148,1094,805,538,0,350,692,688,425,382,2,375,456,406,380,156
2020,3,A,골목상권,2110137,성수초등학교,15849,10295,5554,64,2391,4011,4214,3217,1952,49,1240,2613,2806,2104,1483,15,1151,1398,1408,1113,469
2020,3,A,골목상권,2110136,경수초등학교,19912,12290,7622,134,4030,5003,4511,3778,2456,78,1986,3201,2930,2315,1780,56,2044,1802,1581,1463,676
2020,3,A,골목상권,2110135,성동세무서,7155,4565,2590,12,1071,1813,1835,1515,909,5,579,1158,1197,926,700,7,492,655,638,589,209
2020,3,A,골목상권,2110134,성수119안전센터,4792,3359,1433,79,805,1245,1218,959,486,39,481,883,888,682,386,40,324,362,330,277,100
2020,3,A,골목상권,2110133,서울교통공사,6588,4563,2025,50,1729,1852,1274,965,718,21,996,1339,950,679,578,29,733,513,324,286,140
2020,3,A,골목상권,2110132,성수2가3동주민센터,4528,2778,1750,14,563,1101,1102,1022,726,11,282,667,706,642,470,3,281,434,396,380,256
2020,3,A,골목상권,2110131,성수동카페거리,18863,11455,7408,84,3960,5083,4195,3250,2291,51,1964,3230,2724,1930,1556,33,1996,1853,1471,1320,735
2020,3,A,골목상권,2110130,답십리역 6번,5783,2708,3075,6,834,1254,1641,1495,553,2,564,856,606,323,357,4,270,398,1035,1172,196
2020,3,A,골목상권,2110129,성원어린이공원,5831,3754,2077,21,932,1339,1290,1152,1097,16,543,871,862,738,724,5,389,468,428,414,373
2020,3,A,골목상권,2110128,성원중학교,5913,4100,1813,24,740,1417,1504,1425,803,13,428,1018,1078,1009,554,11,312,399,426,416,249
2020,3,A,골목상권,2110127,성수1가1동주민센터,5851,3818,2033,21,1131,1850,1426,919,504,11,621,1230,924,626,406,10,510,620,502,293,98
2020,3,A,골목상권,2110126,서울숲역 1번,4957,3278,1679,19,954,1230,1086,892,776,12,568,830,689,609,570,7,386,400,397,283,206
2020,3,A,골목상권,2110125,사근동살곶이상점가,2512,1782,730,2,144,443,815,743,365,2,54,289,563,579,295,0,90,154,252,164,70
2020,3,A,골목상권,2110124,뚝섬역교차로,3140,2236,904,14,450,585,706,728,657,12,229,380,469,568,578,2,221,205,237,160,79
2020,3,A,골목상권,2110123,마장역 3번,1661,1034,627,1,198,311,408,441,302,1,95,185,241,285,227,0,103,126,167,156,75
2020,3,A,골목상권,2110122,마장역 2번,1517,1003,514,1,159,243,355,441,318,1,89,160,221,294,238,0,70,83,134,147,80
2020,3,A,골목상권,2110121,한양대역 4번,2434,1709,725,0,128,423,780,733,370,0,43,274,532,559,301,0,85,149,248,174,69
2020,3,A,골목상권,2110120,서울숲카페거리,1582,1046,536,5,184,292,370,390,341,4,93,172,212,275,290,1,91,120,158,115,51
2020,3,A,골목상권,2110119,마장지하차도,2657,987,1670,3,257,346,556,850,645,1,141,190,234,227,194,2,116,156,322,623,451
2020,3,A,골목상권,2110118,왕십리역 9번,2693,1327,1366,12,554,698,635,510,284,2,170,310,345,292,208,10,384,388,290,218,76
2020,3,A,골목상권,2110117,성동구보건소,3376,1242,2134,9,551,497,662,965,692,2,191,247,299,296,207,7,360,250,363,669,485
2020,3,A,골목상권,2110116,청계천박물관,8711,5833,2878,46,804,1715,2072,2820,1254,33,442,1069,1395,1994,900,13,362,646,677,826,354
2020,3,A,골목상권,2110115,상왕십리역 3번,5567,2521,3046,19,895,982,1144,1447,1080,4,303,543,630,605,436,15,592,439,514,842,644
2020,3,A,골목상권,2110114,왕십리파출소,2943,1055,1888,16,538,508,588,804,489,3,198,277,289,197,91,13,340,231,299,607,398
2020,3,A,골목상권,2110113,응봉산,2383,905,1478,16,296,761,960,256,94,0,90,252,389,108,66,16,206,509,571,148,28
2020,3,A,골목상권,2110112,행당역 2번,1515,781,734,1,187,321,403,404,199,0,71,141,204,221,144,1,116,180,199,183,55
2020,3,A,골목상권,2110111,대현산장미원,336,200,136,1,46,57,83,78,71,0,15,28,41,53,63,1,31,29,42,25,8
2020,3,A,골목상권,2110110,상왕십리역 6번,2892,1693,1199,14,435,651,657,653,482,5,147,368,443,432,298,9,288,283,214,221,184
2020,3,A,골목상권,2110109,금호삼성래미안아파트,2707,1162,1545,17,330,830,1057,350,123,1,119,302,464,178,98,16,211,528,593,172,25
2020,3,A,골목상권,2110108,성동구립금호도서관,272,128,144,0,32,55,72,79,34,0,14,29,30,29,26,0,18,26,42,50,8
2020,3,A,골목상권,2110107,금호사거리,2741,1185,1556,16,316,815,1029,373,192,1,105,276,444,211,148,15,211,539,585,162,44
2020,3,A,골목상권,2110106,금북초등학교,682,416,266,1,112,193,201,134,41,1,66,107,128,85,29,0,46,86,73,49,12
2020,3,A,골목상권,2110105,금동어린이공원,3124,1300,1824,16,371,929,1129,449,230,1,117,326,480,214,162,15,254,603,649,235,68
2020,3,A,골목상권,2110104,신금호역 4번,1550,885,665,2,200,375,389,317,267,2,69,194,228,192,200,0,131,181,161,125,67
2020,3,A,골목상권,2110103,옥수터널,652,341,311,1,61,162,188,182,58,0,22,73,103,102,41,1,39,89,85,80,17
2020,3,A,골목상권,2110102,옥수역 6번,4523,1702,2821,5,1162,1330,1014,721,291,0,285,464,469,333,151,5,877,866,545,388,140
2020,3,A,골목상권,2110101,옥정중학교,11800,7925,3875,10,1772,3747,3394,2453,424,5,571,2350,2657,2066,276,5,1201,1397,737,387,148
2020,3,A,골목상권,2110100,옥수동우편취급국,8356,6820,1536,8,785,2676,2652,2008,227,4,361,2018,2357,1893,187,4,424,658,295,115,40
2020,3,A,골목상권,2110099,유엔빌리지길,22417,18045,4372,50,2713,5729,6376,6735,814,38,1345,4185,5513,6284,680,12,1368,1544,863,451,134
2020,3,A,골목상권,2110098,서울독일학교,22179,18008,4171,40,2712,5547,6234,6685,961,31,1363,4085,5433,6273,823,9,1349,1462,801,412,138
2020,3,A,골목상권,2110097,한남초등학교,7826,5468,2358,14,1401,2935,1774,1222,480,7,711,1893,1374,1079,404,7,690,1042,400,143,76
2020,3,A,골목상권,2110096,한남힐사이드아파트,8734,5560,3174,9,1774,3226,2049,1383,293,6,757,1958,1477,1118,244,3,1017,1268,572,265,49
2020,3,A,골목상권,2110095,한강진역 3번,16261,10270,5991,51,3557,5623,3802,2391,837,29,1573,3350,2741,1953,624,22,1984,2273,1061,438,213
2020,3,A,골목상권,2110094,오산중학교,475,243,232,0,38,115,148,115,59,0,11,56,70,66,40,0,27,59,78,49,19
2020,3,A,골목상권,2110093,우사단길,9702,6097,3605,43,1853,3128,2442,1391,845,25,761,1853,1780,1071,607,18,1092,1275,662,320,238
2020,3,A,골목상권,2110092,NH농협은행 보광동지점,4109,2859,1250,31,584,1186,1179,823,306,21,305,795,876,631,231,10,279,391,303,192,75
2020,3,A,골목상권,2110091,리움미술관,7513,4522,2991,24,1801,2643,1844,904,297,15,749,1458,1336,748,216,9,1052,1185,508,156,81
2020,3,A,골목상권,2110090,한국폴리텍대학서울정수캠퍼스,8083,4908,3175,18,1242,2436,2730,1210,447,8,540,1218,1919,926,297,10,702,1218,811,284,150
2020,3,A,골목상권,2110089,서빙고동주민센터,2543,1491,1052,2,350,655,776,449,311,0,109,359,499,312,212,2,241,296,277,137,99
2020,3,A,골목상권,2110088,오산고등학교,10165,6137,4028,22,1462,3094,3318,1687,582,10,653,1517,2260,1276,421,12,809,1577,1058,411,161
2020,3,A,골목상권,2110087,이태원엔틱가구거리,6439,3688,2751,31,1233,1753,1633,1215,574,18,527,948,988,811,396,13,706,805,645,404,178
2020,3,A,골목상권,2110086,이태원역 북측,18101,8842,9259,50,4925,6856,3887,1818,565,27,1453,3140,2391,1403,428,23,3472,3716,1496,415,137
2020,3,A,골목상권,2110085,경리단길남측,13583,6464,7119,26,4020,5279,2796,1133,329,12,1128,2390,1742,930,262,14,2892,2889,1054,203,67
2020,3,A,골목상권,2110084,경리단길북측,2575,1428,1147,8,511,741,625,464,226,5,222,375,345,310,171,3,289,366,280,154,55
2020,3,A,골목상권,2110083,서빙고역 1번,7782,5014,2768,20,1542,2118,1985,1422,695,7,687,1379,1388,1051,502,13,855,739,597,371,193
2020,3,A,골목상권,2110082,용산구청,5502,3128,2374,31,1057,1491,1412,1063,448,18,466,777,844,718,305,13,591,714,568,345,143
2020,3,A,골목상권,2110081,해방촌 남동측,2277,1520,757,0,210,420,747,723,177,0,84,238,543,529,126,0,126,182,204,194,51
2020,3,A,골목상권,2110080,해방촌예술마을,2607,1687,920,3,326,485,828,763,202,3,119,277,599,550,139,0,207,208,229,213,63
2020,3,A,골목상권,2110079,후암동주민센터,26370,18974,7396,29,4638,9384,6904,3904,1511,17,2634,6434,5604,3182,1103,12,2004,2950,1300,722,408
2020,3,A,골목상권,2110078,이촌동점보아파트,4837,3011,1826,17,786,1296,1215,1059,464,3,411,785,813,678,321,14,375,511,402,381,143
2020,3,A,골목상권,2110077,삼광초등학교,10904,3587,7317,161,6225,1915,1250,982,371,16,681,930,949,744,267,145,5544,985,301,238,104
2020,3,A,골목상권,2110076,삼각지역 14번,6002,4060,1942,4,649,1637,1939,1419,354,4,356,1043,1439,994,224,0,293,594,500,425,130
2020,3,A,골목상권,2110075,숙대입구역 1번,16585,6297,10288,168,7307,3895,2570,1725,920,17,977,1713,1667,1230,693,151,6330,2182,903,495,227
2020,3,A,골목상권,2110074,서울역 12번,36080,21404,14676,180,11191,11602,7333,3938,1836,24,3411,7449,5868,3241,1411,156,7780,4153,1465,697,425
2020,3,A,골목상권,2110073,삼각지역 3번,24882,9347,15535,123,6255,8074,6887,2839,704,50,2240,2899,2427,1321,410,73,4015,5175,4460,1518,294
2020,3,A,골목상권,2110072,열정도,4551,3239,1312,28,750,1138,1119,932,584,11,409,807,866,718,428,17,341,331,253,214,156
2020,3,A,골목상권,2110071,한강미주맨션아파트,8064,4602,3462,40,1013,1799,2828,1862,522,31,446,1073,1552,1149,351,9,567,726,1276,713,171
2020,3,A,골목상권,2110070,용산세무서,7939,5013,2926,7,817,1787,2969,1915,444,0,510,1163,1775,1265,300,7,307,624,1194,650,144
2020,3,A,골목상권,2110069,숙대입구,8595,4893,3702,31,1607,2846,2045,1332,734,14,680,1474,1258,921,546,17,927,1372,787,411,188
2020,3,A,골목상권,2110068,남영역 1번,10534,7108,3426,48,1834,3359,2754,1651,888,21,965,2182,2055,1256,629,27,869,1177,699,395,259
2020,3,A,골목상권,2110067,배문고등학교,8614,4267,4347,14,1830,2555,1776,1409,1030,5,506,1119,947,892,798,9,1324,1436,829,517,232
2020,3,A,골목상권,2110066,서울역 15번,4687,2417,2270,10,918,1376,996,759,628,5,306,619,554,459,474,5,612,757,442,300,154
2020,3,A,골목상권,2110065,남정초등학교,3515,2475,1040,20,568,1031,937,561,398,16,362,771,668,380,278,4,206,260,269,181,120
2020,3,A,골목상권,2110064,효창공원앞역 2번,4350,2663,1687,18,593,1122,1112,971,534,16,308,706,691,592,350,2,285,416,421,379,184
2020,3,A,골목상권,2110063,효창공원앞역 5번,6102,4294,1808,25,915,1808,1707,985,662,18,553,1315,1239,686,483,7,362,493,468,299,179
2020,3,A,골목상권,2110062,한강로동땡땡거리(은행나무길),9571,5392,4179,16,1072,2335,3099,2183,866,8,465,1231,1677,1434,577,8,607,1104,1422,749,289
2020,3,A,골목상권,2110061,효창동주민센터,5974,4267,1707,8,974,1567,1609,1209,607,5,555,1149,1205,870,483,3,419,418,404,339,124
2020,3,A,골목상권,2110060,효창공원앞역 6번,7211,4881,2330,24,1280,1934,1960,1421,592,14,694,1365,1393,983,432,10,586,569,567,438,160
2020,3,A,골목상권,2110059,새남터성지,3196,2152,1044,11,491,853,906,661,274,4,251,549,683,496,169,7,240,304,223,165,105
2020,3,A,골목상권,2110058,성심여자고등학교,8454,6100,2354,32,1374,2650,2295,1464,639,15,784,1877,1770,1151,503,17,590,773,525,313,136
2020,3,A,골목상권,2110057,황학코아루아파트,2115,1166,949,5,348,575,548,400,239,4,168,319,277,224,174,1,180,256,271,176,65
2020,3,A,골목상권,2110056,신당역 3번,2900,1536,1364,6,461,783,704,555,391,6,194,381,370,312,273,0,267,402,334,243,118
2020,3,A,골목상권,2110055,황학동벼룩시장,3042,1645,1397,31,928,652,595,540,296,16,396,333,352,341,207,15,532,319,243,199,89
2020,3,A,골목상권,2110054,청구역 3번,6203,3266,2937,16,1195,1620,1307,1234,831,5,421,870,771,692,507,11,774,750,536,542,324
2020,3,A,골목상권,2110053,청구역 1번,5383,2899,2484,5,738,1322,1461,1441,416,3,252,661,814,897,272,2,486,661,647,544,144
2020,3,A,골목상권,2110052,장충초등학교,7627,3969,3658,11,1405,1921,1775,1673,842,5,467,944,1013,991,549,6,938,977,762,682,293
2020,3,A,골목상권,2110051,한양공고앞 교차로,2894,1689,1205,9,423,659,731,768,304,2,166,416,454,460,191,7,257,243,277,308,113
2020,3,A,골목상권,2110050,약수역 7번,2303,1220,1083,4,318,559,563,524,335,2,120,279,330,287,202,2,198,280,233,237,133
2020,3,A,골목상권,2110049,장충단 고개,9962,5298,4664,25,2025,2831,2379,1819,883,6,630,1517,1462,1121,562,19,1395,1314,917,698,321
2020,3,A,골목상권,2110048,장충동주민센터,12882,7150,5732,36,2260,3570,3462,2641,913,5,823,2090,2108,1542,582,31,1437,1480,1354,1099,331
2020,3,A,골목상권,2110047,다산성곽길,7406,4104,3302,14,1449,2072,1776,1474,621,5,541,1110,1076,922,450,9,908,962,700,552,171
2020,3,A,골목상권,2110046,버티고개,2995,2024,971,3,392,1047,775,588,190,0,206,761,566,361,130,3,186,286,209,227,60
2020,3,A,골목상권,2110045,동대문역사문화공원역 5번,45426,22509,22917,475,13488,12026,9657,7085,2695,195,6425,7176,5520,2395,798,280,7063,4850,4137,4690,1897
2020,3,A,골목상권,2110044,관성묘,36669,17055,19614,451,12150,9596,7053,5156,2263,190,5706,5492,3828,1296,543,261,6444,4104,3225,3860,1720
2020,3,A,골목상권,2110043,충무초등학교,9197,5407,3790,49,1867,2374,2374,1584,949,20,680,1347,1582,1097,681,29,1187,1027,792,487,268
2020,3,A,골목상권,2110042,남산골공원옆,4783,2763,2020,11,548,1077,1518,1120,509,6,247,608,805,744,353,5,301,469,713,376,156
2020,3,A,골목상권,2110041,남산케이블카,21568,10294,11274,69,3089,6767,7028,3730,885,11,993,2989,3094,2693,514,58,2096,3778,3934,1037,371
2020,3,A,골목상권,2110040,중구회현체육센터(정화예술대남산캠퍼스),20399,10001,10398,71,2999,6554,6631,3424,720,11,1015,3003,2933,2577,462,60,1984,3551,3698,847,258
2020,3,A,골목상권,2110039,회현역 1번,24398,12113,12285,135,4567,7678,7350,3971,697,40,1630,3709,3600,2764,370,95,2937,3969,3750,1207,327
2020,3,A,골목상권,2110038,경향신문사,15409,10083,5326,19,2255,4993,5034,2645,463,6,981,3062,3573,2121,340,13,1274,1931,1461,524,123
2020,3,A,골목상권,2110037,신설동역 12번,7347,2905,4442,9,755,1126,1345,1957,2155,0,225,508,614,556,1002,9,530,618,731,1401,1153
2020,3,A,골목상권,2110036,동묘앞역 3번,3249,1861,1388,19,475,515,668,726,846,17,215,271,402,447,509,2,260,244,266,279,337
2020,3,A,골목상권,2110035,동묘앞역 2번,4636,2328,2308,6,352,596,971,1056,1655,0,113,271,430,502,1012,6,239,325,541,554,643
2020,3,A,골목상권,2110034,창신1동주민센터,2610,1275,1335,10,415,553,683,590,359,8,137,246,296,337,251,2,278,307,387,253,108
2020,3,A,골목상권,2110033,창신역 4번,2086,1235,851,4,175,269,339,403,896,0,57,132,185,230,631,4,118,137,154,173,265
2020,3,A,골목상권,2110032,수족관거리,2064,916,1148,8,347,439,559,454,257,7,106,176,201,239,187,1,241,263,358,215,70
2020,3,A,골목상권,2110031,창신역 1번,554,273,281,2,68,132,136,143,73,0,19,63,68,75,48,2,49,69,68,68,25
2020,3,A,골목상권,2110030,동대문역 3번,1437,615,822,0,146,262,447,335,247,0,43,97,144,155,176,0,103,165,303,180,71
2020,3,A,골목상권,2110029,동대문역 1번,3350,1894,1456,6,441,722,813,826,542,1,200,416,458,485,334,5,241,306,355,341,208
2020,3,A,골목상권,2110028,이화달팽이길,4133,2258,1875,7,726,1068,988,821,523,3,249,525,580,528,373,4,477,543,408,293,150
2020,3,A,골목상권,2110027,혜화역 1번,3993,2014,1979,11,605,968,1059,834,516,5,166,385,563,521,374,6,439,583,496,313,142
2020,3,A,골목상권,2110026,종로5가역 4번,3517,2041,1476,9,541,863,909,740,455,2,244,478,511,470,336,7,297,385,398,270,119
2020,3,A,골목상권,2110025,충신시장옆,9964,6665,3299,17,1748,3097,2714,1736,652,3,767,1987,2027,1429,452,14,981,1110,687,307,200
2020,3,A,골목상권,2110024,혜회동주민센터,5949,2844,3105,28,785,1351,1599,1359,827,17,260,582,786,715,484,11,525,769,813,644,343
2020,3,A,골목상권,2110023,서울대병원,7046,4607,2439,14,1274,2467,1898,965,428,3,575,1567,1454,734,274,11,699,900,444,231,154
2020,3,A,골목상권,2110022,경신고등학교,6493,3007,3486,27,1025,1774,1632,1264,771,19,359,839,781,598,411,8,666,935,851,666,360
2020,3,A,골목상권,2110021,성균관대학교,2385,1261,1124,15,389,557,545,470,409,11,136,240,309,293,272,4,253,317,236,177,137
2020,3,A,골목상권,2110020,서울국제고등학교,4389,2090,2299,18,726,1142,1008,872,623,13,270,579,552,374,302,5,456,563,456,498,321
2020,3,A,골목상권,2110019,창덕궁,16561,12644,3917,19,2000,5478,4941,3044,1079,7,1164,4119,3999,2516,839,12,836,1359,942,528,240
2020,3,A,골목상권,2110018,중앙고등학교,16741,12521,4220,12,1870,5599,5144,3145,971,6,988,4073,4101,2594,759,6,882,1526,1043,551,212
2020,3,A,골목상권,2110017,정독도서관,10619,8299,2320,2,1386,2982,3397,2250,602,1,919,2227,2808,1858,486,1,467,755,589,392,116
2020,3,A,골목상권,2110016,평창동동측,13795,6588,7207,21,1223,3779,5325,2832,615,10,508,1634,2776,1313,347,11,715,2145,2549,1519,268
2020,3,A,골목상권,2110015,청와대사랑채,6739,4876,1863,37,1083,2014,2132,1170,303,0,655,1432,1686,873,230,37,428,582,446,297,73
2020,3,A,골목상권,2110014,경복고등학교,6312,4486,1826,39,965,1807,2046,1188,267,2,591,1278,1554,867,194,37,374,529,492,321,73
2020,3,A,골목상권,2110013,체부동홍종문가옥,4511,2162,2349,10,616,877,891,1177,940,2,339,523,470,400,428,8,277,354,421,777,512
2020,3,A,골목상권,2110012,성곡미술관,35398,22897,12501,54,4673,9851,10005,7082,3733,14,2168,6479,7283,4722,2231,40,2505,3372,2722,2360,1502
2020,3,A,골목상권,2110011,청운초등학교,1903,814,1089,13,319,483,443,349,296,2,65,197,199,163,188,11,254,286,244,186,108
2020,3,A,골목상권,2110010,평창동서측,10085,5515,4570,17,1111,2723,3664,1991,579,1,478,1204,2080,1353,399,16,633,1519,1584,638,180
2020,3,A,골목상권,2110009,자하문터널,3823,2257,1566,18,744,1226,968,640,227,8,294,697,639,463,156,10,450,529,329,177,71
2020,3,A,골목상권,2110008,배화여자대학교(박노수미술관),6438,3091,3347,46,996,1152,1240,1648,1356,2,446,594,631,700,718,44,550,558,609,948,638
2020,3,A,골목상권,2110007,사직공원(한국사회과학도서관),3909,1854,2055,7,607,1085,1147,738,325,5,194,468,547,412,228,2,413,617,600,326,97
2020,3,A,골목상권,2110006,부암동주민센터,2706,1329,1377,22,607,897,632,425,123,5,169,414,377,288,76,17,438,483,255,137,47
2020,3,A,골목상권,2110005,세검정,2723,1465,1258,9,347,715,720,623,309,3,150,361,399,341,211,6,197,354,321,282,98
2020,3,A,골목상권,2110004,대신고등학교,470,276,194,6,62,109,112,113,68,5,33,63,61,59,55,1,29,46,51,54,13
2020,3,A,골목상권,2110003,세검정초등학교,4837,2723,2114,16,618,1311,1222,1017,653,7,239,684,764,595,434,9,379,627,458,422,219
2020,3,A,골목상권,2110002,독립문역 1번,689,209,480,7,173,203,166,102,38,6,37,46,59,37,24,1,136,157,107,65,14
2020,3,A,골목상권,2110001,이북5도청사,5968,4230,1738,11,1084,1435,1383,1526,529,7,566,935,1087,1267,368,4,518,500,296,259,161
2020,2,A,골목상권,2111090,강일동주민센터,744,547,197,0,90,161,195,190,108,0,55,111,143,143,95,0,35,50,52,47,13
2020,2,A,골목상권,2111089,상일여고(상일초등학교),1080,716,364,0,123,216,260,297,184,0,58,146,184,192,136,0,65,70,76,105,48
2020,2,A,골목상권,2111088,고덕동성당,1187,964,223,0,40,92,230,464,361,0,10,55,178,388,333,0,30,37,52,76,28
2020,2,A,골목상권,2111087,고덕중학교(고덕2동주민센터),743,270,473,0,85,157,184,208,109,0,17,54,69,77,53,0,68,103,115,131,56
2020,2,A,골목상권,2111086,한영중고,862,441,421,1,73,196,209,284,99,1,32,75,97,157,79,0,41,121,112,127,20
2020,2,A,골목상권,2111085,묘곡초등학교(고덕아이파크아파트),1560,790,770,0,154,294,388,398,326,0,61,149,173,196,211,0,93,145,215,202,115
2020,2,A,골목상권,2111084,길동신동아아파트,1362,726,636,2,136,245,267,388,324,2,79,146,133,178,188,0,57,99,134,210,136
2020,2,A,골목상권,2111083,GS강동자이아파트,2403,1398,1005,4,274,421,473,661,570,3,157,263,263,330,382,1,117,158,210,331,188
2020,2,A,골목상권,2111082,중앙보훈병원,3359,1319,2040,1,743,904,629,688,394,0,187,326,270,308,228,1,556,578,359,380,166
2020,2,A,골목상권,2111081,둔촌푸르지오아파트,1104,672,432,2,139,198,218,280,267,1,73,121,129,149,199,1,66,77,89,131,68
2020,2,A,골목상권,2111080,굽은다리역 3번,1916,853,1063,2,204,357,453,489,411,0,72,184,206,194,197,2,132,173,247,295,214
2020,2,A,골목상권,2111079,둔촌고등학교(둔촌중학교),4407,1934,2473,5,873,1139,885,927,578,2,262,460,418,421,371,3,611,679,467,506,207
2020,2,A,골목상권,2111078,굽은다리역 4번,4203,2519,1684,9,398,735,962,1078,1021,5,210,458,553,637,656,4,188,277,409,441,365
2020,2,A,골목상권,2111077,길동주민센터(강동도서관),7382,3886,3496,18,774,1285,1701,1972,1632,11,369,733,911,873,989,7,405,552,790,1099,643
2020,2,A,골목상권,2111076,둔촌2동주민센터,2891,1678,1213,5,343,628,708,627,580,3,143,341,445,347,399,2,200,287,263,280,181
2020,2,A,골목상권,2111075,굽은다리역 2번,2664,1415,1249,4,325,517,647,666,505,2,142,299,313,346,313,2,183,218,334,320,192
2020,2,A,골목상권,2111074,명일역 1번,2753,1586,1167,6,360,639,696,662,390,3,186,384,382,384,247,3,174,255,314,278,143
2020,2,A,골목상권,2111073,둔촌동역 1번(한산중학교),7031,3540,3491,23,864,1431,1725,1807,1181,17,408,802,924,722,667,6,456,629,801,1085,514
2020,2,A,골목상권,2111072,굽은다리역 1번(십자성마을),3937,2371,1566,10,383,823,989,935,797,5,173,470,582,587,554,5,210,353,407,348,243
2020,2,A,골목상권,2111071,천동초등학교,2389,1343,1046,2,222,450,615,554,546,1,78,232,345,319,368,1,144,218,270,235,178
2020,2,A,골목상권,2111070,천호초등학교,1943,1134,809,6,159,424,513,540,301,1,60,208,282,348,235,5,99,216,231,192,66
2020,2,A,골목상권,2111069,천호1동주민센터,2681,1438,1243,8,249,538,670,683,533,3,87,245,351,385,367,5,162,293,319,298,166
2020,2,A,골목상권,2111068,강동성심병원,5278,2358,2920,14,977,1083,1209,1196,799,9,331,516,613,453,436,5,646,567,596,743,363
2020,2,A,골목상권,2111067,강동구립성내도서관,8062,3945,4117,26,1296,1623,1874,1847,1396,18,505,849,990,787,796,8,791,774,884,1060,600
2020,2,A,골목상권,2111066,암사동성당(효정하나플러스아파트),1961,1136,825,5,220,423,443,525,345,1,83,210,252,350,240,4,137,213,191,175,105
2020,2,A,골목상권,2111065,천일초등학교,1492,799,693,2,131,236,313,349,461,2,45,104,141,160,347,0,86,132,172,189,114
2020,2,A,골목상권,2111064,둔촌동역 4번,2951,1763,1188,10,355,587,666,719,614,8,178,353,397,419,408,2,177,234,269,300,206
2020,2,A,골목상권,2111063,강동구립 천호도서관,3759,2069,1690,9,344,581,681,729,1415,7,127,263,349,361,962,2,217,318,332,368,453
2020,2,A,골목상권,2111062,둔촌동역 3번(성내3동주민센터),4393,2785,1608,8,584,1064,1191,921,625,7,323,676,750,580,449,1,261,388,441,341,176
2020,2,A,골목상권,2111061,암사역 1번,4194,1874,2320,3,413,710,856,1012,1200,2,170,393,411,369,529,1,243,317,445,643,671
2020,2,A,골목상권,2111060,암사역 2번(서울강동초등학교),3573,1892,1681,10,392,741,923,871,636,5,141,348,473,483,442,5,251,393,450,388,194
2020,2,A,골목상권,2111059,강동역 4번(강풀만화거리),8028,4328,3700,18,1275,1454,1658,1571,2052,8,537,734,860,875,1314,10,738,720,798,696,738
2020,2,A,골목상권,2111058,성내중학교,2639,1612,1027,3,339,606,682,702,307,1,181,384,406,450,190,2,158,222,276,252,117
2020,2,A,골목상권,2111057,천호공원(해공체육문화센터),2118,1068,1050,2,216,311,437,508,644,2,76,120,175,230,465,0,140,191,262,278,179
2020,2,A,골목상권,2111056,천호태영아파트,2758,1458,1300,5,235,331,469,477,1241,1,89,126,195,239,808,4,146,205,274,238,433
2020,2,A,골목상권,2111055,선사초등학교,2553,999,1554,3,292,461,575,738,484,2,137,240,250,203,167,1,155,221,325,535,317
2020,2,A,골목상권,2111054,암사역 4번(삼성광나루아파트),3414,1360,2054,3,354,528,650,844,1035,2,146,268,280,241,423,1,208,260,370,603,612
2020,2,A,골목상권,2111053,성내천어린이공원(하니사랑길),23519,17241,6278,41,2641,6412,5666,5352,3407,17,1608,4669,4234,4068,2645,24,1033,1743,1432,1284,762
2020,2,A,골목상권,2111052,암사역 3번(천호동자전거거리),2457,1236,1221,3,262,428,525,464,775,2,92,220,265,243,414,1,170,208,260,221,361
2020,2,A,골목상권,2111051,천호역 6번,7112,4029,3083,12,975,1636,1725,1854,910,5,493,791,894,1177,669,7,482,845,831,677,241
2020,2,A,골목상권,2111050,강동구청(강동구청역 2번),7541,4687,2854,33,867,1785,1796,1858,1202,14,420,959,1100,1292,902,19,447,826,696,566,300
2020,2,A,골목상권,2111049,천호지구대(천호동자전거거리),2201,1197,1004,9,263,431,513,499,486,5,120,216,267,255,334,4,143,215,246,244,152
2020,2,A,골목상권,2111048,천호역 1번(천호문구완구거리),2003,1064,939,9,254,435,468,419,418,5,102,209,259,213,276,4,152,226,209,206,142
2020,2,A,골목상권,2111047,마천1치안센터,1261,723,538,1,123,268,342,314,213,1,61,146,181,168,166,0,62,122,161,146,47
2020,2,A,골목상권,2111046,마천역(마천초등학교),2822,1633,1189,5,296,604,772,740,405,1,151,347,410,407,317,4,145,257,362,333,88
2020,2,A,골목상권,2111045,개미어린이공원,2261,1195,1066,9,291,357,534,692,378,3,183,228,298,294,189,6,108,129,236,398,189
2020,2,A,골목상권,2111044,남천초등학교,1904,989,915,1,188,378,512,520,305,0,84,186,225,248,246,1,104,192,287,272,59
2020,2,A,골목상권,2111043,마천공원,2200,1378,822,9,268,499,540,524,360,8,156,311,303,321,279,1,112,188,237,203,81
2020,2,A,골목상권,2111042,거여역 1번(거여공원),5740,3468,2272,22,960,1303,1427,1224,804,16,539,869,864,669,511,6,421,434,563,555,293
2020,2,A,골목상권,2111041,거여역 8번,2503,1642,861,8,567,621,572,426,309,6,295,430,406,280,225,2,272,191,166,146,84
2020,2,A,골목상권,2111040,거여초등학교,2682,1704,978,10,328,670,682,619,373,9,189,450,435,362,259,1,139,220,247,257,114
2020,2,A,골목상권,2111039,벌말어린이공원,3276,2054,1222,10,363,791,844,785,483,9,205,519,543,462,316,1,158,272,301,323,167
2020,2,A,골목상권,2111038,보인중학교,3272,2119,1153,14,477,818,802,706,455,13,262,543,547,453,301,1,215,275,255,253,154
2020,2,A,골목상권,2111037,Sh수협은행 오금동금융센터(아랫말어린이공원),1946,1126,820,0,210,436,499,533,268,0,120,281,287,264,174,0,90,155,212,269,94
2020,2,A,골목상권,2111036,투구봉어린이공원,3333,2198,1135,17,531,892,840,726,327,13,342,626,575,425,217,4,189,266,265,301,110
2020,2,A,골목상권,2111035,오금공원(오주중학교),2705,1749,956,2,326,570,689,732,386,1,188,386,470,436,268,1,138,184,219,296,118
2020,2,A,골목상권,2111034,오동나무공원(송파레미니스1단지),4106,2722,1384,7,544,891,1006,1075,583,6,316,606,666,667,461,1,228,285,340,408,122
2020,2,A,골목상권,2111033,문정동성당,33212,26336,6876,13,2679,5820,9576,13087,2037,6,1671,4329,7557,11417,1356,7,1008,1491,2019,1670,681
2020,2,A,골목상권,2111032,방이역 1번,23949,17488,6461,28,3095,5765,6032,5516,3513,14,1835,3956,4600,4519,2564,14,1260,1809,1432,997,949
2020,2,A,골목상권,2111031,장지동주민센터(한림연예예술고교),35724,27914,7810,18,3116,6475,10247,13557,2311,8,1911,4740,7990,11684,1581,10,1205,1735,2257,1873,730
2020,2,A,골목상권,2111030,방이역 2번,21156,15625,5531,20,2708,5088,5454,5034,2852,7,1648,3533,4196,4249,1992,13,1060,1555,1258,785,860
2020,2,A,골목상권,2111029,오금역 4번,7833,5273,2560,14,1268,2371,1930,1379,871,8,740,1577,1338,911,699,6,528,794,592,468,172
2020,2,A,골목상권,2111028,문현중학교(장지역 1번),5636,3366,2270,14,804,1250,1392,1311,865,7,422,774,855,701,607,7,382,476,537,610,258
2020,2,A,골목상권,2111027,문정초등학교,39531,30313,9218,23,3409,6840,10716,14172,4371,9,2010,4917,8267,12013,3097,14,1399,1923,2449,2159,1274
2020,2,A,골목상권,2111026,문정역 2번,6153,3880,2273,10,919,1459,1548,1358,859,5,526,971,988,745,645,5,393,488,560,613,214
2020,2,A,골목상권,2111025,경찰병원역 3번,11774,6132,5642,55,1415,2152,2136,2128,3888,25,571,1173,1208,922,2233,30,844,979,928,1206,1655
2020,2,A,골목상권,2111024,경찰병원역 4번(건너말공원),17836,10455,7381,63,2463,3913,3833,3232,4332,31,1098,2309,2548,1846,2623,32,1365,1604,1285,1386,1709
2020,2,A,골목상권,2111023,문정역 1번,4682,2809,1873,8,724,962,1124,1079,785,2,348,579,724,600,556,6,376,383,400,479,229
2020,2,A,골목상권,2111022,석촌중학교(방이육교),11171,7061,4110,23,1357,2490,2437,2244,2620,9,716,1668,1619,1268,1781,14,641,822,818,976,839
2020,2,A,골목상권,2111021,방이역 4번,11935,8619,3316,39,1562,2502,3053,2900,1879,27,822,1638,2262,2278,1592,12,740,864,791,622,287
2020,2,A,골목상권,2111020,방이동고분군(방산고등학교),6318,3723,2595,19,898,1441,1494,1560,906,12,427,835,927,919,603,7,471,606,567,641,303
2020,2,A,골목상권,2111019,한성백제역 3번,17428,9415,8013,47,2799,3938,3794,4086,2764,34,1482,2587,2120,1689,1503,13,1317,1351,1674,2397,1261
2020,2,A,골목상권,2111018,풍납초등학교(풍납백제문화공원),1322,801,521,0,186,299,301,335,201,0,99,158,169,220,155,0,87,141,132,115,46
2020,2,A,골목상권,2111017,송파나루역 3번,7518,4240,3278,22,1335,1443,1570,1943,1205,16,636,929,992,985,682,6,699,514,578,958,523
2020,2,A,골목상권,2111016,송파역 2번,17063,11286,5777,65,2224,3744,4130,3798,3102,46,1099,2434,3059,2519,2129,19,1125,1310,1071,1279,973
2020,2,A,골목상권,2111015,석촌역 3번,12636,8115,4521,27,1865,3083,2891,2543,2227,11,946,2081,1944,1588,1545,16,919,1002,947,955,682
2020,2,A,골목상권,2111014,송파나루역 2번,14245,8390,5855,26,2077,3609,3332,3152,2049,12,1010,2234,2195,1757,1182,14,1067,1375,1137,1395,867
2020,2,A,골목상권,2111013,송파나루역 1번(송리단길),14226,8959,5267,26,2198,4197,3547,2563,1695,8,1070,2666,2388,1628,1199,18,1128,1531,1159,935,496
2020,2,A,골목상권,2111012,석촌역 6번,6180,3598,2582,11,624,1426,1478,1279,1362,5,303,977,873,617,823,6,321,449,605,662,539
2020,2,A,골목상권,2111011,잠실나루역,10263,8174,2089,42,1383,3190,3039,2132,477,18,976,2602,2477,1735,366,24,407,588,562,397,111
2020,2,A,골목상권,2111010,석촌역 7번,7908,5556,2352,11,859,1781,1872,1423,1962,8,472,1253,1268,916,1639,3,387,528,604,507,323
2020,2,A,골목상권,2111009,송파책박물관,2198,1590,608,5,244,436,453,548,512,3,191,328,324,352,392,2,53,108,129,196,120
2020,2,A,골목상권,2111008,석촌고분역 3번,5190,3263,1927,13,640,1032,1256,1260,989,11,345,636,773,761,737,2,295,396,483,499,252
2020,2,A,골목상권,2111007,석촌고분역 4번,6337,4182,2155,12,863,1398,1389,1437,1238,11,532,949,921,882,887,1,331,449,468,555,351
2020,2,A,골목상권,2111006,석촌고분역 1번,17571,11961,5610,44,2435,3821,4234,3746,3291,29,1307,2544,2976,2542,2563,15,1128,1277,1258,1204,728
2020,2,A,골목상권,2111005,삼전역 3번,6038,4006,2032,15,892,1505,1406,1233,987,5,513,1061,958,761,708,10,379,444,448,472,279
2020,2,A,골목상권,2111004,삼전역 1번,18500,12541,5959,63,2605,4069,4548,4156,3059,21,1379,2681,3191,2968,2301,42,1226,1388,1357,1188,758
2020,2,A,골목상권,2111003,삼전역 4번,5935,3890,2045,37,711,1296,1484,1127,1280,2,366,849,960,726,987,35,345,447,524,401,293
2020,2,A,골목상권,2111002,한국교통안전공단 강남자동차검사소,569,334,235,0,41,89,114,175,150,0,16,52,64,100,102,0,25,37,50,75,48
2020,2,A,골목상권,2111001,아래방죽마을공원(율현초등학교),290,157,133,1,14,42,49,102,82,0,8,28,30,53,38,1,6,14,19,49,44
2020,2,A,골목상권,2111000,대왕초등학교(세곡동사거리서남측),294,138,156,6,35,84,93,56,20,3,11,31,49,30,14,3,24,53,44,26,6
2020,2,A,골목상권,2110999,윗방죽마을공원,464,257,207,3,35,80,86,139,121,1,17,50,56,81,52,2,18,30,30,58,69
2020,2,A,골목상권,2110998,은곡마을(은곡마을공원),128,65,63,3,11,41,35,25,13,1,6,18,19,14,7,2,5,23,16,11,6
2020,2,A,골목상권,2110997,대청초등학교,12566,4876,7690,31,3480,3879,2620,1655,901,3,781,1456,1134,859,643,28,2699,2423,1486,796,258
2020,2,A,골목상권,2110996,대치2동주민센터,37900,18079,19821,265,7022,9437,8584,7750,4842,106,3263,5619,4641,2694,1756,159,3759,3818,3943,5056,3086
2020,2,A,골목상권,2110995,봉은사역 4번,80333,61317,19016,154,15900,21348,21569,17001,4361,88,10163,16112,17810,14553,2591,66,5737,5236,3759,2448,1770
2020,2,A,골목상권,2110994,개포고등학교,4640,2964,1676,57,889,1272,1058,857,507,24,514,821,664,537,404,33,375,451,394,320,103
2020,2,A,골목상권,2110993,개포지하차도 북측,493,214,279,3,70,105,147,115,53,0,16,44,60,58,36,3,54,61,87,57,17
2020,2,A,골목상권,2110992,도곡초등학교,12863,6859,6004,63,2365,3393,3003,2467,1572,35,940,1769,1666,1432,1017,28,1425,1624,1337,1035,555
2020,2,A,골목상권,2110991,삼성중앙역 5번,28503,15784,12719,115,5919,9500,6998,3927,2044,37,2281,5361,4631,2309,1165,78,3638,4139,2367,1618,879
2020,2,A,골목상권,2110990,청담역 12번,10376,6980,3396,39,1551,3276,3120,1867,523,23,669,2073,2406,1424,385,16,882,1203,714,443,138
2020,2,A,골목상권,2110989,대치동아우편취급국,29290,17968,11322,140,4768,8716,7970,4868,2828,17,2007,5273,5502,3456,1713,123,2761,3443,2468,1412,1115
2020,2,A,골목상권,2110988,청담역 3번,18899,9206,9693,73,3792,5684,5341,2877,1132,33,1221,2750,2769,1638,795,40,2571,2934,2572,1239,337
2020,2,A,골목상권,2110987,영동대교남단,8320,5539,2781,40,1422,2410,2185,1548,715,19,663,1584,1632,1125,516,21,759,826,553,423,199
2020,2,A,골목상권,2110986,삼성중앙역 7번,27479,17773,9706,52,3973,10061,7904,3716,1773,15,1757,6297,6233,2496,975,37,2216,3764,1671,1220,798
2020,2,A,골목상권,2110985,청담근린공원,13449,8818,4631,66,2379,3877,3557,2503,1067,35,1141,2595,2592,1729,726,31,1238,1282,965,774,341
2020,2,A,골목상권,2110984,포이초등학교(개포목련어린이공원),6964,4388,2576,20,1326,1965,1598,1256,799,13,815,1286,925,757,592,7,511,679,673,499,207
2020,2,A,골목상권,2110983,국립국악고등학교,3835,2457,1378,13,616,955,928,708,615,2,285,601,613,465,491,11,331,354,315,243,124
2020,2,A,골목상권,2110982,강남구보훈회관,6082,3566,2516,14,1266,1604,1400,963,835,6,513,1046,910,527,564,8,753,558,490,436,271
2020,2,A,골목상권,2110981,국악고교사거리,12357,8276,4081,26,1850,3425,3175,2214,1667,9,980,2320,2252,1450,1265,17,870,1105,923,764,402
2020,2,A,골목상권,2110980,개포지구대옆,25161,10281,14880,88,3951,5726,8389,5194,1813,42,1896,3243,2591,1405,1104,46,2055,2483,5798,3789,709
2020,2,A,골목상권,2110979,청담초등학교,18648,9066,9582,39,5067,6996,3688,1966,892,15,1632,3410,2200,1140,669,24,3435,3586,1488,826,223
2020,2,A,골목상권,2110978,도곡2동주민센터(대치중학교),12302,8363,3939,54,2526,3818,2860,1644,1400,37,1355,2740,2264,1161,806,17,1171,1078,596,483,594
2020,2,A,골목상권,2110977,논현로18길,10006,6917,3089,18,1546,3017,2690,1646,1089,7,822,2051,2060,1150,827,11,724,966,630,496,262
2020,2,A,골목상권,2110976,언북초등학교,11065,5295,5770,25,3211,3774,2056,1187,812,5,1083,1821,1178,701,507,20,2128,1953,878,486,305
2020,2,A,골목상권,2110975,매봉역 1번,22408,15346,7062,84,4644,5711,5884,4648,1437,54,2422,3673,4320,3677,1200,30,2222,2038,1564,971,237
2020,2,A,골목상권,2110974,언주중학교,10084,6627,3457,39,2227,3204,2129,1449,1036,25,1044,1971,1619,1140,828,14,1183,1233,510,309,208
2020,2,A,골목상권,2110973,강남구청역 4번,12597,7190,5407,54,2501,3373,2945,2285,1439,18,1044,2008,1846,1330,944,36,1457,1365,1099,955,495
2020,2,A,골목상권,2110972,강남세브란스병원미래의학연구센터,26073,14646,11427,216,7696,7646,5984,3332,1199,73,3194,4587,3952,1945,895,143,4502,3059,2032,1387,304
2020,2,A,골목상권,2110971,선정릉역 4번,73203,35861,37342,185,15399,20094,18092,15247,4186,90,8048,12361,8646,4171,2545,95,7351,7733,9446,11076,1641
2020,2,A,골목상권,2110970,학동초등학교,12139,7385,4754,45,2463,3692,2909,1837,1193,19,1064,2125,1996,1282,899,26,1399,1567,913,555,294
2020,2,A,골목상권,2110969,베르사이유1아파트,53929,36213,17716,90,9575,16368,14864,10164,2868,34,5089,11243,11284,6616,1947,56,4486,5125,3580,3548,921
2020,2,A,골목상권,2110968,강남구청역 2번,17810,11539,6271,53,3230,4729,4471,3306,2021,17,1463,2823,3248,2441,1547,36,1767,1906,1223,865,474
2020,2,A,골목상권,2110967,역삼역 8번,60702,36823,23879,115,10925,17002,16035,14106,2519,65,7128,12381,9947,5650,1652,50,3797,4621,6088,8456,867
2020,2,A,골목상권,2110966,논현2동주민센터,27417,17538,9879,65,4763,7772,7077,5016,2724,17,2089,4522,4968,3771,2171,48,2674,3250,2109,1245,553
2020,2,A,골목상권,2110965,언주역 6번,12536,6978,5558,32,2785,3988,2917,1723,1091,14,1028,2297,1924,985,730,18,1757,1691,993,738,361
2020,2,A,골목상권,2110964,싸리고개근린공원,16691,13249,3442,26,2072,3680,4901,4766,1246,12,1067,2741,4124,4292,1013,14,1005,939,777,474,233
2020,2,A,골목상권,2110963,역삼월드메르디앙아파트,26645,15919,10726,134,6368,7920,6420,3764,2039,38,2482,4698,4514,2587,1600,96,3886,3222,1906,1177,439
2020,2,A,골목상권,2110962,도산공원북측,7684,4139,3545,25,1867,2746,1614,996,436,9,732,1558,1047,545,248,16,1135,1188,567,451,188
2020,2,A,골목상권,2110961,언주역 3번,25850,16840,9010,70,5483,7931,5602,3658,3106,29,2478,5132,4147,2743,2311,41,3005,2799,1455,915,795
2020,2,A,골목상권,2110960,은광여고,25543,18368,7175,56,2951,5943,6854,7171,2568,40,1640,3961,5282,5652,1793,16,1311,1982,1572,1519,775
2020,2,A,골목상권,2110959,신구중학교,12478,6517,5961,139,2815,3808,2504,1783,1429,50,1173,2082,1655,873,684,89,1642,1726,849,910,745
2020,2,A,골목상권,2110958,역삼역 4번,42236,28666,13570,63,7659,13522,11576,6973,2443,22,3663,8770,8848,5673,1690,41,3996,4752,2728,1300,753
2020,2,A,골목상권,2110957,언북중학교,28690,17182,11508,72,5858,8514,6766,4137,3343,15,2276,4756,4609,3001,2525,57,3582,3758,2157,1136,818
2020,2,A,골목상권,2110956,언주역 8번,15614,9542,6072,57,3754,5177,3520,1901,1205,37,1723,3094,2486,1290,912,20,2031,2083,1034,611,293
2020,2,A,골목상권,2110955,논현초등학교,25381,16658,8723,83,5578,7705,5841,3882,2292,48,2817,5039,4258,2826,1670,35,2761,2666,1583,1056,622
2020,2,A,골목상권,2110954,국기원,23196,12840,10356,110,5238,7616,5998,2944,1290,31,1823,3964,3878,2178,966,79,3415,3652,2120,766,324
2020,2,A,골목상권,2110953,학동근린공원,26213,16160,10053,92,6774,8335,5664,3381,1967,28,2991,5202,4071,2370,1498,64,3783,3133,1593,1011,469
2020,2,A,골목상권,2110952,논현목련공원,10637,6885,3752,21,2104,3370,2518,1670,954,15,1135,2250,1740,1096,649,6,969,1120,778,574,305
2020,2,A,골목상권,2110951,신사은행나무공원,12925,7220,5705,52,3507,3777,2858,1670,1061,15,1315,2106,1920,1102,762,37,2192,1671,938,568,299
2020,2,A,골목상권,2110950,논현역 7번,19297,11636,7661,39,4250,6200,4538,2762,1508,17,1787,3758,3112,1836,1126,22,2463,2442,1426,926,382
2020,2,A,골목상권,2110949,한남IC,12160,7678,4482,41,2351,3690,3261,1910,907,23,1063,2371,2209,1313,699,18,1288,1319,1052,597,208
2020,2,A,골목상권,2110948,헌인가구단지,57,27,30,0,5,24,14,11,3,0,4,12,6,2,3,0,1,12,8,9,0
2020,2,A,골목상권,2110947,청계산입구역 2번(내곡동주민센터),326,172,154,0,38,55,98,76,59,0,17,30,68,33,24,0,21,25,30,43,35
2020,2,A,골목상권,2110946,청계산원터골,271,144,127,0,34,50,81,50,56,0,15,29,58,20,22,0,19,21,23,30,34
2020,2,A,골목상권,2110945,본마을노인복지센터(서초구립내곡도서관),383,240,143,3,62,91,87,89,51,3,25,53,59,64,36,0,37,38,28,25,15
2020,2,A,골목상권,2110944,서울나래학교(염곡어린이공원),20185,16768,3417,29,2090,4170,6159,6991,746,22,1509,3356,5018,6304,559,7,581,814,1141,687,187
2020,2,A,골목상권,2110943,법제교육센터(버들어린이공원),7684,4780,2904,20,1200,1903,1957,1484,1120,11,643,1190,1209,900,827,9,557,713,748,584,293
2020,2,A,골목상권,2110942,염곡동 구룡사(포이동성당),32043,24395,7648,74,4187,7325,9070,9280,2107,40,2598,5356,6923,7833,1645,34,1589,1969,2147,1447,462
2020,2,A,골목상권,2110941,언남고등학교,4779,3108,1671,28,739,1265,1190,966,591,17,414,816,783,644,434,11,325,449,407,322,157
2020,2,A,골목상권,2110940,양재근린공원(양재2동주민센터),8689,5762,2927,47,1434,2277,2149,1768,1014,26,766,1507,1483,1202,778,21,668,770,666,566,236
2020,2,A,골목상권,2110939,양재역 8번(양재동우체국),45731,23354,22377,508,9762,11110,12644,8019,3688,246,4819,6778,5503,3276,2732,262,4943,4332,7141,4743,956
2020,2,A,골목상권,2110938,바우뫼공원,11265,6894,4371,329,3630,2824,2266,1433,783,154,1891,1856,1564,870,559,175,1739,968,702,563,224
2020,2,A,골목상권,2110937,방아다리근린공원(횃불트리니티신학대학원대학교),17876,11487,6389,356,5244,5033,3649,2329,1265,166,2714,3411,2635,1557,1004,190,2530,1622,1014,772,261
2020,2,A,골목상권,2110936,더케이호텔(양재리본타워2단지아파트),3869,2981,888,16,803,1160,864,700,326,10,552,922,691,565,241,6,251,238,173,135,85
2020,2,A,골목상권,2110935,한전아트센터,20312,15954,4358,47,3699,7326,4955,3496,789,19,2201,5852,4154,3079,649,28,1498,1474,801,417,140
2020,2,A,골목상권,2110934,우면주공아파트,3248,1908,1340,6,549,981,879,631,202,5,199,529,564,460,151,1,350,452,315,171,51
2020,2,A,골목상권,2110933,한국상담대학원대학교,6457,3774,2683,19,1551,1930,1522,1006,429,6,610,1213,1030,624,291,13,941,717,492,382,138
2020,2,A,골목상권,2110932,서울시인재개발원,6066,3421,2645,20,1419,1827,1388,942,470,6,486,1071,936,597,325,14,933,756,452,345,145
2020,2,A,골목상권,2110931,삼성전자서울R&D(서울우면초등학교),1471,770,701,0,273,440,390,329,39,0,89,178,228,248,27,0,184,262,162,81,12
2020,2,A,골목상권,2110930,서초동성당,40185,22492,17693,64,7459,10413,9292,10954,2003,36,2906,5657,4975,7438,1480,28,4553,4756,4317,3516,523
2020,2,A,골목상권,2110929,남부터미널역 1번,40801,22975,17826,94,8567,10227,8785,10521,2607,29,2961,5530,5108,7404,1943,65,5606,4697,3677,3117,664
2020,2,A,골목상권,2110928,서초우방유쉘아파트,14636,8308,6328,79,2911,3987,3610,2696,1353,42,1209,2357,2220,1538,942,37,1702,1630,1390,1158,411
2020,2,A,골목상권,2110927,잠원역,5195,2975,2220,14,1049,1543,1215,847,527,5,440,957,806,467,300,9,609,586,409,380,227
2020,2,A,골목상권,2110926,신중초등학교,20711,15020,5691,29,2823,6720,5736,3692,1711,13,1488,4871,4651,2834,1163,16,1335,1849,1085,858,548
2020,2,A,골목상권,2110925,서초중학교,9296,5492,3804,52,1961,2662,2169,1374,1078,25,798,1591,1465,898,715,27,1163,1071,704,476,363
2020,2,A,골목상권,2110924,반포4동주민센터(몽마르뜨공원),83099,74961,8138,37,8203,17350,22275,32239,2995,19,6505,14740,20038,31075,2584,18,1698,2610,2237,1164,411
2020,2,A,골목상권,2110923,방배역 1번,8904,5663,3241,101,1440,2646,2283,1421,1013,32,731,1526,1586,1012,776,69,709,1120,697,409,237
2020,2,A,골목상권,2110922,내방역 1번,16882,11227,5655,77,3284,5206,4097,3133,1085,58,1557,3103,3051,2630,828,19,1727,2103,1046,503,257
2020,2,A,골목상권,2110921,서울프랑스학교,83562,76383,7179,44,8142,17368,22255,32750,3003,26,6585,15123,20344,31698,2607,18,1557,2245,1911,1052,396
2020,2,A,골목상권,2110920,방배역 2번(백석예술대학교),9972,5994,3978,105,1806,2901,2264,1609,1287,29,832,1640,1444,1069,980,76,974,1261,820,540,307
2020,2,A,골목상권,2110919,내방역 8번,23026,14891,8135,70,3979,7139,6333,3943,1562,37,1696,4093,4651,3200,1214,33,2283,3046,1682,743,348
2020,2,A,골목상권,2110918,방배역 3번,10816,7193,3623,65,2219,3056,2465,1686,1325,48,1253,2103,1744,1060,985,17,966,953,721,626,340
2020,2,A,골목상권,2110917,서초소방서,12422,9657,2765,29,1384,3372,3553,3049,1035,18,855,2598,2947,2472,767,11,529,774,606,577,268
2020,2,A,골목상권,2110916,내방역 4번,11774,7659,4115,75,2322,3382,2734,1833,1428,62,1295,2295,1844,1148,1015,13,1027,1087,890,685,413
2020,2,A,골목상권,2110915,서래초등학교,94789,82594,12195,60,11017,20797,25059,34620,3236,23,7412,16877,22213,33205,2864,37,3605,3920,2846,1415,372
2020,2,A,골목상권,2110914,내방역 6번,7659,4955,2704,25,1383,2047,1723,1397,1084,13,683,1314,1154,948,843,12,700,733,569,449,241
2020,2,A,골목상권,2110913,방현초등학교(방배119안전센터),13661,7814,5847,27,2260,4039,3860,2228,1247,6,966,2297,2227,1448,870,21,1294,1742,1633,780,377
2020,2,A,골목상권,2110912,방배동사이길,15348,9117,6231,40,3489,4414,3802,2689,914,11,1112,2520,2641,2084,749,29,2377,1894,1161,605,165
2020,2,A,골목상권,2110911,방배배수지체육공원,9356,5053,4303,21,1411,2855,2730,1512,827,7,554,1540,1393,987,572,14,857,1315,1337,525,255
2020,2,A,골목상권,2110910,내방역 5번,8226,4933,3293,29,1467,1910,1854,1558,1408,18,612,1121,1123,986,1073,11,855,789,731,572,335
2020,2,A,골목상권,2110909,남태령역(서울전자고등학교),980,650,330,3,37,95,211,424,210,3,11,56,137,285,158,0,26,39,74,139,52
2020,2,A,골목상권,2110908,구반포역,10206,5558,4648,82,1769,2563,2691,2291,810,77,764,1411,1582,1201,523,5,1005,1152,1109,1090,287
2020,2,A,골목상권,2110907,방배초등학교,9463,5322,4141,34,1449,1969,2194,2016,1801,18,591,1121,1241,1097,1254,16,858,848,953,919,547
2020,2,A,골목상권,2110906,서문여고,12830,5897,6933,22,2398,3237,3851,2269,1053,7,757,1390,1825,1223,695,15,1641,1847,2026,1046,358
2020,2,A,골목상권,2110905,방배노인종합복지관(이수중학교),7088,3248,3840,14,1430,1975,1825,1194,650,2,492,840,856,644,414,12,938,1135,969,550,236
2020,2,A,골목상권,2110904,이수역 5번,8769,3652,5117,28,1705,2258,2104,1550,1124,11,568,901,855,658,659,17,1137,1357,1249,892,465
2020,2,A,골목상권,2110903,방배아이파크아파트,17572,8950,8622,21,2787,4332,4867,3195,2370,8,911,1898,2409,1828,1896,13,1876,2434,2458,1367,474
2020,2,A,골목상권,2110902,사당역 4번,5046,3244,1802,7,832,1231,1323,951,702,5,434,787,876,621,521,2,398,444,447,330,181
2020,2,A,골목상권,2110901,인헌고등학교(인헌중학교),2102,1093,1009,7,323,545,600,405,222,4,150,278,296,187,178,3,173,267,304,218,44
2020,2,A,골목상권,2110900,낙성대역 1번(관악구민 종합체육센터),5205,3133,2072,15,1042,1513,1190,800,645,7,483,957,724,463,499,8,559,556,466,337,146
2020,2,A,골목상권,2110899,낙성대역 5번(관악중학교),4750,3171,1579,19,928,1383,1072,761,587,11,469,968,738,513,472,8,459,415,334,248,115
2020,2,A,골목상권,2110898,청림동주민센터(상도중학교),3450,1948,1502,3,505,1104,1104,537,197,2,228,621,634,318,145,1,277,483,470,219,52
2020,2,A,골목상권,2110897,서울대입구역 8번,3920,2161,1759,18,646,860,915,882,599,10,268,453,509,503,418,8,378,407,406,379,181
2020,2,A,골목상권,2110896,관악우성아파트,799,291,508,4,114,127,193,218,143,3,40,45,67,80,56,1,74,82,126,138,87
2020,2,A,골목상권,2110895,샤로수길,10222,6144,4078,27,1727,3006,2245,2098,1119,14,783,1749,1342,1397,859,13,944,1257,903,701,260
2020,2,A,골목상권,2110894,관악동부센트레빌아파트(은천로35라길),7336,2753,4583,54,1023,1249,1644,2245,1121,30,476,663,753,603,228,24,547,586,891,1642,893
2020,2,A,골목상권,2110893,관악소방서(문영여고),1875,1446,429,2,350,573,417,435,98,1,241,446,313,364,81,1,109,127,104,71,17
2020,2,A,골목상권,2110892,관악구 중앙길,4838,2402,2436,12,705,953,1155,1126,887,7,243,435,562,631,524,5,462,518,593,495,363
2020,2,A,골목상권,2110891,구암초등학교,1510,676,834,1,244,400,465,274,126,0,74,176,222,137,67,1,170,224,243,137,59
2020,2,A,골목상권,2110890,봉천역 1번(관악초등학교),2594,1111,1483,7,502,694,561,417,413,3,119,262,264,217,246,4,383,432,297,200,167
2020,2,A,골목상권,2110889,봉천역 6번,2545,1344,1201,2,320,470,540,632,581,1,129,231,296,373,314,1,191,239,244,259,267
2020,2,A,골목상권,2110888,청룡동주민센터,2099,907,1192,4,408,600,515,327,245,0,86,215,246,182,178,4,322,385,269,145,67
2020,2,A,골목상권,2110887,서울산업정보학교(서울삼성초등학교),1523,976,547,3,160,328,383,455,194,1,58,159,255,349,154,2,102,169,128,106,40
2020,2,A,골목상권,2110886,관악해태어린이공원,1665,1062,603,3,148,265,453,511,285,1,57,128,278,370,228,2,91,137,175,141,57
2020,2,A,골목상권,2110885,영락고등학교,1893,1032,861,8,261,357,479,409,379,2,125,180,245,234,246,6,136,177,234,175,133
2020,2,A,골목상권,2110884,봉천역 4번(봉천110안전센터),4024,1687,2337,16,619,799,866,1104,620,3,163,358,395,397,371,13,456,441,471,707,249
2020,2,A,골목상권,2110883,은천초등학교(은천교앞),3528,1525,2003,18,494,684,812,1011,509,3,133,308,387,360,334,15,361,376,425,651,175
2020,2,A,골목상권,2110882,신성초등학교,3420,2456,964,10,526,699,935,786,464,2,341,512,686,592,323,8,185,187,249,194,141
2020,2,A,골목상권,2110881,구립대학경로당(관악산샘말공원),3797,2632,1165,10,521,941,1074,882,369,3,294,607,786,658,284,7,227,334,288,224,85
2020,2,A,골목상권,2110880,신림역 1번,2278,911,1367,4,518,556,461,452,287,1,128,213,230,166,173,3,390,343,231,286,114
2020,2,A,골목상권,2110879,신림현대아파트,1503,793,710,7,249,266,356,320,305,1,112,137,184,178,181,6,137,129,172,142,124
2020,2,A,골목상권,2110878,미림여고,760,404,356,6,82,201,203,172,96,1,25,95,123,91,69,5,57,106,80,81,27
2020,2,A,골목상권,2110877,신림역 8번,3894,1878,2016,7,700,826,840,835,686,3,217,354,438,393,473,4,483,472,402,442,213
2020,2,A,골목상권,2110876,서원동주민센터(신관중학교),2115,996,1119,9,238,350,386,523,609,1,98,176,204,211,306,8,140,174,182,312,303
2020,2,A,골목상권,2110875,보라매동주민센터(당곡고등학교),1363,723,640,3,157,282,311,338,272,1,67,137,153,175,190,2,90,145,158,163,82
2020,2,A,골목상권,2110874,원신초등학교(구세군관악영문교회),1118,557,561,8,124,254,308,281,143,2,31,106,166,149,103,6,93,148,142,132,40
2020,2,A,골목상권,2110873,당곡중학교,3337,1850,1487,9,500,680,793,702,653,5,233,361,440,359,452,4,267,319,353,343,201
2020,2,A,골목상권,2110872,신림초등학교,930,502,428,5,122,218,227,219,139,3,61,122,131,115,70,2,61,96,96,104,69
2020,2,A,골목상권,2110871,신원동주민센터,1612,855,757,5,156,282,321,377,471,0,73,153,184,186,259,5,83,129,137,191,212
2020,2,A,골목상권,2110870,신림주공2단지(광신고등학교),1141,670,471,2,115,187,305,328,204,0,57,100,158,196,159,2,58,87,147,132,45
2020,2,A,골목상권,2110869,"신림역 5번(신림동주민센터, 신림동별빛거리)",4076,2363,1713,5,448,899,1044,811,869,3,183,488,584,482,623,2,265,411,460,329,246
2020,2,A,골목상권,2110868,남부초등학교,2177,1250,927,6,230,384,451,528,578,2,123,247,247,289,342,4,107,137,204,239,236
2020,2,A,골목상권,2110867,국제신학대학원대학교(남서울중학교),2153,1276,877,6,202,394,446,534,571,1,116,254,260,305,340,5,86,140,186,229,231
2020,2,A,골목상권,2110866,난우중학교,1349,680,669,0,156,268,351,372,202,0,54,119,161,198,148,0,102,149,190,174,54
2020,2,A,골목상권,2110865,남강고등학교(남강중학교),1484,757,727,10,165,277,355,427,250,7,75,151,179,198,147,3,90,126,176,229,103
2020,2,A,골목상권,2110864,신림우방아파트,3375,2463,912,2,520,914,1049,663,227,2,254,676,843,528,160,0,266,238,206,135,67
2020,2,A,골목상권,2110863,난우초등학교,1442,710,732,21,172,297,310,390,252,16,69,135,139,194,157,5,103,162,171,196,95
2020,2,A,골목상권,2110862,난곡초등학교(난곡동벽화마을),1010,522,488,6,119,185,246,257,197,4,51,89,116,122,140,2,68,96,130,135,57
2020,2,A,골목상권,2110861,관악구신사동주민센터,5342,3589,1753,7,791,1451,1510,1080,503,5,372,999,1127,747,339,2,419,452,383,333,164
2020,2,A,골목상권,2110860,호림박물관(성보고등학교),2271,1322,949,6,331,597,540,529,268,2,143,327,328,314,208,4,188,270,212,215,60
2020,2,A,골목상권,2110859,난향초등학교,670,335,335,1,62,132,182,148,145,0,6,55,76,79,119,1,56,77,106,69,26
2020,2,A,골목상권,2110858,신대방역 1번,2937,2211,726,0,458,834,956,538,151,0,224,640,808,434,105,0,234,194,148,104,46
2020,2,A,골목상권,2110857,미성동주민센터,1420,669,751,18,192,290,315,355,250,13,86,141,143,141,145,5,106,149,172,214,105
2020,2,A,골목상권,2110856,미성초등학교,5509,3786,1723,18,482,944,1029,1026,2010,13,244,557,635,596,1741,5,238,387,394,430,269
2020,2,A,골목상권,2110855,신대방역 2번,7238,5206,2032,7,1079,1599,1673,1188,1692,3,461,1082,1234,877,1549,4,618,517,439,311,143
2020,2,A,골목상권,2110854,조원동주민센터,4035,2937,1098,4,549,688,667,631,1496,2,252,444,407,434,1398,2,297,244,260,197,98
2020,2,A,골목상권,2110853,KT구로지사,3290,1991,1299,8,459,914,780,685,444,0,205,548,483,423,332,8,254,366,297,262,112
2020,2,A,골목상권,2110852,이수역 9번,3811,1920,1891,8,745,927,993,751,387,1,218,418,515,476,292,7,527,509,478,275,95
2020,2,A,골목상권,2110851,경문고등학교(동작동성당),4456,2067,2389,17,740,1150,1184,943,422,8,269,580,679,373,158,9,471,570,505,570,264
2020,2,A,골목상권,2110850,사당역 10번,10320,5639,4681,18,1880,2576,2671,1839,1336,7,705,1317,1483,1154,973,11,1175,1259,1188,685,363
2020,2,A,골목상권,2110849,이수역 10번,3768,1745,2023,10,433,701,854,817,953,3,153,309,390,345,545,7,280,392,464,472,408
2020,2,A,골목상권,2110848,양지어린이공원,3256,1724,1532,6,441,566,741,634,868,2,119,275,356,341,631,4,322,291,385,293,237
2020,2,A,골목상권,2110847,예술인마을,2530,1528,1002,4,338,589,673,515,411,3,154,331,385,307,348,1,184,258,288,208,63
2020,2,A,골목상권,2110846,남성역 1번,3630,1865,1765,7,330,623,941,836,893,4,126,281,402,423,629,3,204,342,539,413,264
2020,2,A,골목상권,2110845,사당종합체육관,2397,1431,966,1,354,627,650,552,213,0,148,356,441,330,156,1,206,271,209,222,57
2020,2,A,골목상권,2110844,흑석2치안센터,241,126,115,1,35,73,58,42,32,1,19,32,33,17,24,0,16,41,25,25,8
2020,2,A,골목상권,2110843,사당5동주민센터,1194,583,611,1,98,212,342,336,205,0,37,73,143,177,153,1,61,139,199,159,52
2020,2,A,골목상권,2110842,흑리단길,556,270,286,1,66,101,146,139,103,0,20,42,66,74,68,1,46,59,80,65,35
2020,2,A,골목상권,2110841,중대부중,674,354,320,1,103,154,161,163,92,0,51,94,81,73,55,1,52,60,80,90,37
2020,2,A,골목상권,2110840,중앙대학교,882,502,380,1,124,191,228,200,138,0,56,112,135,111,88,1,68,79,93,89,50
2020,2,A,골목상권,2110839,숭실대입구역 4번,3697,2231,1466,2,394,1053,1227,711,310,1,181,582,728,474,265,1,213,471,499,237,45
2020,2,A,골목상권,2110838,상도1동주민센터앞,1392,870,522,1,93,249,390,421,238,0,42,120,242,271,195,1,51,129,148,150,43
2020,2,A,골목상권,2110837,숭실대입구역 1번,8221,3493,4728,54,1030,1379,1902,2545,1311,29,523,747,944,810,440,25,507,632,958,1735,871
2020,2,A,골목상권,2110836,상도역 5번,5025,2807,2218,14,875,1350,1197,1030,559,3,367,761,710,615,351,11,508,589,487,415,208
2020,2,A,골목상권,2110835,상도역 1번,2038,1023,1015,7,367,582,498,390,194,2,128,317,279,178,119,5,239,265,219,212,75
2020,2,A,골목상권,2110834,동작구자원봉사센터,3162,1812,1350,14,353,723,846,740,486,11,174,415,515,413,284,3,179,308,331,327,202
2020,2,A,골목상권,2110833,상도역 2번,1715,864,851,7,261,455,433,361,198,2,97,247,248,166,104,5,164,208,185,195,94
2020,2,A,골목상권,2110832,노량진초등학교,5002,2714,2288,10,799,1411,1191,1071,520,2,412,703,650,640,307,8,387,708,541,431,213
2020,2,A,골목상권,2110831,상도4동주민센터,2239,1368,871,3,307,506,509,590,324,2,153,295,324,435,159,1,154,211,185,155,165
2020,2,A,골목상권,2110830,상도초등학교,1330,625,705,0,226,298,336,312,158,0,96,129,138,163,99,0,130,169,198,149,59
2020,2,A,골목상권,2110829,장승배기역 5번,2349,1304,1045,2,395,511,541,549,351,1,260,279,263,290,211,1,135,232,278,259,140
2020,2,A,골목상권,2110828,노량진역 6번,8869,5087,3782,23,1227,2717,2373,1773,756,5,584,1515,1420,1093,470,18,643,1202,953,680,286
2020,2,A,골목상권,2110827,NH농협은행 상도동지점,1462,630,832,2,132,273,365,370,320,1,43,127,154,151,154,1,89,146,211,219,166
2020,2,A,골목상권,2110826,장승배기역 4번,2029,905,1124,3,266,455,516,421,368,1,108,218,207,182,189,2,158,237,309,239,179
2020,2,A,골목상권,2110825,신대방삼거리역 1번,2536,1465,1071,4,276,526,686,635,409,2,138,298,391,351,285,2,138,228,295,284,124
2020,2,A,골목상권,2110824,대방역 3번,3761,1903,1858,11,679,1005,971,680,415,4,247,541,503,341,267,7,432,464,468,339,148
2020,2,A,골목상권,2110823,신대방삼거리역 3번,19702,12375,7327,54,3771,3849,3316,4703,4009,29,2894,3042,2093,2221,2096,25,877,807,1223,2482,1913
2020,2,A,골목상권,2110822,신대방삼거리역 4번(대림초등학교),21761,14425,7336,49,4293,4465,3481,5406,4067,25,3222,3610,2369,3027,2172,24,1071,855,1112,2379,1895
2020,2,A,골목상권,2110821,보라매역 2번,20232,12822,7410,53,3814,3970,3335,4772,4288,28,2871,3169,2141,2333,2280,25,943,801,1194,2439,2008
2020,2,A,골목상권,2110820,성남고등학교,5261,3799,1462,6,897,1096,1024,1672,566,4,555,782,724,1306,428,2,342,314,300,366,138
2020,2,A,골목상권,2110819,신대방역 4번,8413,4800,3613,22,1758,2323,2095,1432,783,15,703,1397,1279,875,531,7,1055,926,816,557,252
2020,2,A,골목상권,2110818,신대방역 3번,3077,1741,1336,5,647,827,709,528,361,3,245,488,428,333,244,2,402,339,281,195,117
2020,2,A,골목상권,2110817,대방역 4번,4185,2172,2013,10,770,1046,1050,736,573,4,304,573,566,365,360,6,466,473,484,371,213
2020,2,A,골목상권,2110816,대방역 6번,3962,2050,1912,10,759,1006,1000,663,524,4,298,549,535,333,331,6,461,457,465,330,193
2020,2,A,골목상권,2110815,공군호텔,4714,2349,2365,7,784,1077,1138,980,728,1,277,561,601,456,453,6,507,516,537,524,275
2020,2,A,골목상권,2110814,서울지방병무청,7603,4784,2819,9,1346,1680,1544,2153,871,3,693,1084,953,1469,582,6,653,596,591,684,289
2020,2,A,골목상권,2110813,보라매역 6번,6876,4830,2046,11,1220,1596,1384,1792,873,6,699,1147,989,1373,616,5,521,449,395,419,257
2020,2,A,골목상권,2110812,신길6동주민센터,4624,2863,1761,10,727,1148,1135,989,615,4,315,738,735,653,418,6,412,410,400,336,197
2020,2,A,골목상권,2110811,보라매역 4번,2766,1733,1033,6,446,755,710,512,337,4,184,499,472,333,241,2,262,256,238,179,96
2020,2,A,골목상권,2110810,영신초등학교,3517,1894,1623,3,458,736,791,799,730,0,206,397,450,391,450,3,252,339,341,408,280
2020,2,A,골목상권,2110809,장훈고등학교,1606,910,696,1,204,371,337,337,356,0,98,181,189,193,249,1,106,190,148,144,107
2020,2,A,골목상권,2110808,신길역 1번,1592,740,852,5,182,313,417,413,262,2,80,156,192,166,144,3,102,157,225,247,118
2020,2,A,골목상권,2110807,신길역 3번,1638,807,831,11,174,333,401,411,308,8,82,179,196,176,166,3,92,154,205,235,142
2020,2,A,골목상권,2110806,서울시립영등포장애인복지관,2387,1673,714,16,364,520,569,547,371,8,193,343,417,410,302,8,171,177,152,137,69
2020,2,A,골목상권,2110805,신길새마을금고신길4동지점,1216,700,516,1,199,271,315,295,135,0,101,161,180,161,97,1,98,110,135,134,38
2020,2,A,골목상권,2110804,신풍역 1번,2372,1166,1206,3,272,549,698,504,346,2,123,257,287,245,252,1,149,292,411,259,94
2020,2,A,골목상권,2110803,신길2동우편취급국,2509,1438,1071,6,234,521,553,547,648,3,108,251,286,304,486,3,126,270,267,243,162
2020,2,A,골목상권,2110802,신길동홍어거리,1971,1091,880,2,192,411,401,426,539,0,72,183,199,241,396,2,120,228,202,185,143
2020,2,A,골목상권,2110801,신풍역 6번(신길6동공영주차장),301,115,186,1,34,45,73,79,69,0,1,15,27,34,38,1,33,30,46,45,31
2020,2,A,골목상권,2110800,영등포동성당,5362,2916,2446,19,1329,1256,1139,983,636,8,431,652,702,637,486,11,898,604,437,346,150
2020,2,A,골목상권,2110799,영등포본동주민센터,3983,2135,1848,33,649,947,932,981,441,14,258,423,511,605,324,19,391,524,421,376,117
2020,2,A,골목상권,2110798,신풍역 2번,2122,1241,881,11,207,502,639,459,304,7,108,296,321,278,231,4,99,206,318,181,73
2020,2,A,골목상권,2110797,KT대방빌딩,3144,1496,1648,9,820,808,770,523,214,6,240,402,374,312,162,3,580,406,396,211,52
2020,2,A,골목상권,2110796,한림대학교한강성심병원,5632,3268,2364,8,1305,1322,1284,1015,698,0,411,703,861,726,567,8,894,619,423,289,131
2020,2,A,골목상권,2110795,도림초등학교,1828,1023,805,5,184,344,440,434,421,3,71,175,248,241,285,2,113,169,192,193,136
2020,2,A,골목상권,2110794,영동초등학교,8718,5133,3585,8,1743,2212,2176,1709,870,4,679,1371,1441,1029,609,4,1064,841,735,680,261
2020,2,A,골목상권,2110793,대림썬프라자,2818,1319,1499,8,768,694,688,474,186,5,217,345,325,283,144,3,551,349,363,191,42
2020,2,A,골목상권,2110792,영등포역 2번,5923,3190,2733,47,860,1497,1434,1376,709,16,347,682,787,863,495,31,513,815,647,513,214
2020,2,A,골목상권,2110791,신풍역 3번,1383,586,797,2,125,278,433,323,222,1,61,103,121,135,165,1,64,175,312,188,57
2020,2,A,골목상권,2110790,대림1동주민센터,2429,1435,994,10,228,503,715,574,399,6,126,305,368,341,289,4,102,198,347,233,110
2020,2,A,골목상권,2110789,대림성모병원,4450,2148,2302,2,1231,1263,925,658,371,2,390,671,514,343,228,0,841,592,411,315,143
2020,2,A,골목상권,2110788,영등포시장역 3번,1667,1051,616,4,180,309,409,385,380,2,99,204,272,245,229,2,81,105,137,140,151
2020,2,A,골목상권,2110787,신길3동주민센터,1222,699,523,4,115,241,343,317,202,4,48,124,193,184,146,0,67,117,150,133,56
2020,2,A,골목상권,2110786,당산역 8번,7825,5499,2326,20,1077,1908,2064,1786,970,6,520,1259,1536,1421,757,14,557,649,528,365,213
2020,2,A,골목상권,2110785,영등포푸르지오아파트,2451,1619,832,9,260,554,675,578,375,6,121,360,452,397,283,3,139,194,223,181,92
2020,2,A,골목상권,2110784,신대림초등학교,1107,505,602,0,169,239,283,265,151,0,37,90,140,139,99,0,132,149,143,126,52
2020,2,A,골목상권,2110783,영등포시장역 1번,4972,3155,1817,7,670,1173,1173,1290,659,4,428,837,769,737,380,3,242,336,404,553,279
2020,2,A,골목상권,2110782,영등포시장역 4번,2465,1324,1141,11,360,533,568,540,453,3,132,283,346,306,254,8,228,250,222,234,199
2020,2,A,골목상권,2110781,대림한신아파트,2334,1304,1030,3,330,410,531,592,468,0,115,225,289,336,339,3,215,185,242,256,129
2020,2,A,골목상권,2110780,신길대성유니드아파트,1455,969,486,1,140,290,376,383,265,1,90,176,235,250,217,0,50,114,141,133,48
2020,2,A,골목상권,2110779,대림갑을명가아파트,1069,666,403,1,100,175,270,315,208,0,50,111,168,188,149,1,50,64,102,127,59
2020,2,A,골목상권,2110778,구로디지털단지역 4번,17970,10395,7575,62,3849,6187,4533,2071,1268,25,1650,3691,2861,1304,864,37,2199,2496,1672,767,404
2020,2,A,골목상권,2110777,구로세무서,8769,5040,3729,42,1718,2576,2320,1425,688,12,658,1412,1465,941,552,30,1060,1164,855,484,136
2020,2,A,골목상권,2110776,도신초등학교,4733,3293,1440,15,581,1138,1372,1021,606,5,303,810,1017,693,465,10,278,328,355,328,141
2020,2,A,골목상권,2110775,대동초등학교,2459,1332,1127,3,269,325,473,553,836,2,89,164,242,302,533,1,180,161,231,251,303
2020,2,A,골목상권,2110774,당산반도유보라팰리스아파트,8457,4962,3495,26,1814,2431,1605,1556,1025,16,821,1362,1009,1027,727,10,993,1069,596,529,298
2020,2,A,골목상권,2110773,당산역 13번,2905,1950,955,5,412,582,610,614,682,2,235,382,388,415,528,3,177,200,222,199,154
2020,2,A,골목상권,2110772,신우어린이공원,2997,2132,865,12,429,826,887,541,302,4,220,608,699,381,220,8,209,218,188,160,82
2020,2,A,골목상권,2110771,대림역 11번,2948,1669,1279,6,319,411,591,693,928,2,109,223,321,410,604,4,210,188,270,283,324
2020,2,A,골목상권,2110770,영등포구청역 6번,4260,2620,1640,11,498,892,1114,882,863,8,216,483,672,580,661,3,282,409,442,302,202
2020,2,A,골목상권,2110769,대림차이나타운(대림역 12번),2722,1534,1188,6,326,457,574,598,761,4,134,255,332,345,464,2,192,202,242,253,297
2020,2,A,골목상권,2110768,도림2동유수지내체육시설,2354,1370,984,12,303,517,598,503,421,8,98,264,326,358,316,4,205,253,272,145,105
2020,2,A,골목상권,2110767,도림동주민센터,3182,1885,1297,15,390,687,802,650,638,9,145,362,448,425,496,6,245,325,354,225,142
2020,2,A,골목상권,2110766,대림역 5번,11181,7292,3889,23,1207,2226,2566,2591,2568,10,630,1648,1904,1582,1518,13,577,578,662,1009,1050
2020,2,A,골목상권,2110765,문래동사거리,7830,4633,3197,26,1429,2100,2107,1368,800,12,580,1203,1318,865,655,14,849,897,789,503,145
2020,2,A,골목상권,2110764,문래역 3번,4607,2577,2030,6,1067,1049,1088,744,653,3,348,575,673,486,492,3,719,474,415,258,161
2020,2,A,골목상권,2110763,영등포구청역 2번,8695,4343,4352,23,1697,2301,1702,1681,1291,12,718,1211,954,756,692,11,979,1090,748,925,599
2020,2,A,골목상권,2110762,선유도역 1번,13668,7921,5747,38,2474,3715,3705,2298,1438,14,1069,2259,2141,1374,1064,24,1405,1456,1564,924,374
2020,2,A,골목상권,2110761,문래동남성맨션,2530,1610,920,7,264,524,672,539,524,2,128,308,394,353,425,5,136,216,278,186,99
2020,2,A,골목상권,2110760,선유도역 6번,12817,7184,5633,36,2497,3665,3582,1995,1042,13,1072,2185,2010,1151,753,23,1425,1480,1572,844,289
2020,2,A,골목상권,2110759,문래예술촌(문래창작촌),66557,51492,15065,62,8833,22832,21900,9809,3121,32,5445,17498,18835,7910,1772,30,3388,5334,3065,1899,1349
2020,2,A,골목상권,2110758,문래소공원,15574,8153,7421,106,3451,3930,3390,3353,1344,31,1573,2867,1720,962,1000,75,1878,1063,1670,2391,344
2020,2,A,골목상권,2110757,양평역 2번,5127,3795,1332,16,638,1290,1232,1011,940,8,379,981,930,735,762,8,259,309,302,276,178
2020,2,A,골목상권,2110756,문래중학교,2728,1912,816,3,291,594,707,629,504,0,153,434,496,443,386,3,138,160,211,186,118
2020,2,A,골목상권,2110755,동일여자고등학교,2135,1066,1069,22,282,514,513,476,328,16,133,279,259,198,181,6,149,235,254,278,147
2020,2,A,골목상권,2110754,삼성산자연공원(서울금천초등학교),2472,1302,1170,24,320,567,623,566,372,17,150,318,341,253,223,7,170,249,282,313,149
2020,2,A,골목상권,2110753,시흥동 은행나무사거리,2070,1119,951,8,216,426,499,538,383,7,110,244,247,282,229,1,106,182,252,256,154
2020,2,A,골목상권,2110752,한울중학교,2508,1442,1066,13,371,511,631,654,328,10,227,286,332,344,243,3,144,225,299,310,85
2020,2,A,골목상권,2110751,난곡중학교,5213,3717,1496,5,380,874,998,1011,1945,4,227,511,612,622,1741,1,153,363,386,389,204
2020,2,A,골목상권,2110750,시흥4동주민센터(서울신흥초등학교),1282,735,547,10,177,238,364,328,165,8,95,148,212,156,116,2,82,90,152,172,49
2020,2,A,골목상권,2110749,금산초등학교(금천고등학교),7948,4687,3261,13,583,1162,1851,2068,2271,4,304,743,1058,1128,1450,9,279,419,793,940,821
2020,2,A,골목상권,2110748,백산초등학교,1856,1127,729,1,232,353,454,484,332,1,140,225,265,265,231,0,92,128,189,219,101
2020,2,A,골목상권,2110747,석수역 1번 출입구,1141,853,288,4,75,146,253,309,354,4,50,104,169,220,306,0,25,42,84,89,48
2020,2,A,골목상권,2110746,금천금빛공원(은행나무사거리서측),1310,613,697,2,128,213,354,362,251,1,50,94,162,172,134,1,78,119,192,190,117
2020,2,A,골목상권,2110745,독산동정훈단지,1707,938,769,1,199,309,343,477,378,0,110,127,144,259,298,1,89,182,199,218,80
2020,2,A,골목상권,2110744,독산동성당,2416,1405,1011,3,254,397,504,647,611,2,147,225,267,354,410,1,107,172,237,293,201
2020,2,A,골목상권,2110743,시흥초등학교(시흥1동우체국),2406,1098,1308,8,357,447,616,620,358,6,148,209,284,249,202,2,209,238,332,371,156
2020,2,A,골목상권,2110742,KT금천빌딩(금천구시설관리공단),6015,3720,2295,11,452,843,1212,1435,2062,3,293,570,765,848,1241,8,159,273,447,587,821
2020,2,A,골목상권,2110741,독산2동주민센터,2240,1186,1054,4,289,450,522,614,361,2,144,230,254,308,248,2,145,220,268,306,113
2020,2,A,골목상권,2110740,금천해태공원,3416,1807,1609,19,676,847,769,717,388,14,314,474,387,335,283,5,362,373,382,382,105
2020,2,A,골목상권,2110739,시흥3동 우편취급국,6352,3608,2744,12,450,863,1467,1666,1894,3,234,571,836,841,1123,9,216,292,631,825,771
2020,2,A,골목상권,2110738,문성초등학교,2977,1790,1187,13,415,599,717,708,525,4,242,374,447,400,323,9,173,225,270,308,202
2020,2,A,골목상권,2110737,금천세무서,2285,1396,889,11,291,455,570,573,385,2,149,254,326,364,301,9,142,201,244,209,84
2020,2,A,골목상권,2110736,독산119안전센터,3398,2048,1350,7,368,585,749,938,751,2,210,356,449,533,498,5,158,229,300,405,253
2020,2,A,골목상권,2110735,말미고개,3342,1951,1391,9,413,671,745,902,602,5,210,391,419,491,435,4,203,280,326,411,167
2020,2,A,골목상권,2110734,금천파출소,2086,924,1162,8,492,580,438,382,186,3,209,294,191,141,86,5,283,286,247,241,100
2020,2,A,골목상권,2110733,금천어울림복지센터,3444,1825,1619,7,384,863,854,918,418,7,139,357,436,581,305,0,245,506,418,337,113
2020,2,A,골목상권,2110732,가산초등학교(세일중학교),3569,2253,1316,15,480,731,846,865,632,5,267,437,485,565,494,10,213,294,361,300,138
2020,2,A,골목상권,2110731,금천구청역 1번 출입구,4713,2376,2337,15,717,1254,1089,1102,536,10,295,567,515,637,352,5,422,687,574,465,184
2020,2,A,골목상권,2110730,서울축산농협 독산역지점(독산파출소),8706,5284,3422,16,575,977,1154,1734,4250,13,301,608,665,989,2708,3,274,369,489,745,1542
2020,2,A,골목상권,2110729,가산동우체국,7733,4618,3115,35,1115,1778,1866,1386,1553,23,591,1099,1184,849,872,12,524,679,682,537,681
2020,2,A,골목상권,2110728,두산초등학교,18360,12147,6213,48,2128,4025,3814,3397,4948,34,1169,2673,2717,2302,3252,14,959,1352,1097,1095,1696
2020,2,A,골목상권,2110727,독산역 1번 출입구,17476,11439,6037,47,2095,3867,3580,3098,4789,35,1158,2571,2539,2068,3068,12,937,1296,1041,1030,1721
2020,2,A,골목상권,2110726,금천철쭉어린이공원(금하마을),1309,861,448,13,192,244,273,324,263,11,121,165,185,179,200,2,71,79,88,145,63
2020,2,A,골목상권,2110725,가산동주민센터,17959,10649,7310,54,3657,5220,4231,2774,2023,36,1832,3225,2688,1581,1287,18,1825,1995,1543,1193,736
2020,2,A,골목상권,2110724,금천구립가산도서관,16529,10406,6123,48,2688,4775,4093,3007,1918,31,1461,3038,2801,1938,1137,17,1227,1737,1292,1069,781
2020,2,A,골목상권,2110723,가산디지털단지역 1번 출입구,30711,20313,10398,125,6526,9665,7684,4343,2368,83,3343,6435,5555,3044,1853,42,3183,3230,2129,1299,515
2020,2,A,골목상권,2110722,G타워,30854,19064,11790,91,6081,10458,8099,3836,2289,44,2876,6665,5338,2458,1683,47,3205,3793,2761,1378,606
2020,2,A,골목상권,2110721,가리봉파출소,16201,10773,5428,61,3049,5067,4125,2440,1459,38,1654,3498,2950,1549,1084,23,1395,1569,1175,891,375
2020,2,A,골목상권,2110720,대림역 2번,3054,2008,1046,3,284,548,746,896,577,2,135,315,486,651,419,1,149,233,260,245,158
2020,2,A,골목상권,2110719,영서중학교,16106,11484,4622,81,3373,5212,3875,2184,1381,58,1839,3643,3031,1716,1197,23,1534,1569,844,468,184
2020,2,A,골목상권,2110718,한국SGI본부,11273,7495,3778,38,1568,2695,2863,2448,1661,30,912,1907,2037,1549,1060,8,656,788,826,899,601
2020,2,A,골목상권,2110717,남구로역 2번,32359,21997,10362,139,6433,10200,7892,4583,3112,93,3413,6993,5797,3191,2510,46,3020,3207,2095,1392,602
2020,2,A,골목상권,2110716,구로나눔길,5187,2873,2314,7,627,1401,1218,1332,602,3,283,752,655,825,355,4,344,649,563,507,247
2020,2,A,골목상권,2110715,구로구민회관,9631,5743,3888,10,1097,2247,2356,2343,1578,7,543,1415,1484,1362,932,3,554,832,872,981,646
2020,2,A,골목상권,2110714,구로4동주민센터,6726,4005,2721,16,736,1595,1535,1881,963,10,334,852,897,1259,653,6,402,743,638,622,310
2020,2,A,골목상권,2110713,구로보건소,8744,5422,3322,19,1294,2210,2371,1815,1035,12,670,1411,1510,1110,709,7,624,799,861,705,326
2020,2,A,골목상권,2110712,남구로역 5번,1744,993,751,8,222,353,399,367,395,5,113,205,206,195,269,3,109,148,193,172,126
2020,2,A,골목상권,2110711,구로초등학교,6650,3489,3161,18,1043,1686,1509,1570,824,6,423,836,776,935,513,12,620,850,733,635,311
2020,2,A,골목상권,2110710,남구로역 3번,23954,15662,8292,83,4830,7403,5886,3524,2228,55,2475,4912,4114,2389,1717,28,2355,2491,1772,1135,511
2020,2,A,골목상권,2110709,구로119안전센터,1617,786,831,4,193,275,354,466,325,2,81,147,192,183,181,2,112,128,162,283,144
2020,2,A,골목상권,2110708,화원어린이공원,2555,1302,1253,12,557,671,568,393,354,4,188,310,307,231,262,8,369,361,261,162,92
2020,2,A,골목상권,2110707,구로창업지원센터,7830,5732,2098,13,782,2138,2103,1720,1074,10,450,1587,1593,1259,833,3,332,551,510,461,241
2020,2,A,골목상권,2110706,그라운드 고척,3644,2363,1281,2,400,761,863,902,716,2,204,446,507,589,615,0,196,315,356,313,101
2020,2,A,골목상권,2110705,고산초등학교,3225,2124,1101,3,369,685,744,785,639,2,191,401,432,537,561,1,178,284,312,248,78
2020,2,A,골목상권,2110704,고척중학교,4524,2700,1824,4,515,986,1072,1090,857,3,263,536,545,647,706,1,252,450,527,443,151
2020,2,A,골목상권,2110703,개봉역,9690,5377,4313,42,1449,2320,2204,2355,1320,22,833,1480,1106,1120,816,20,616,840,1098,1235,504
2020,2,A,골목상권,2110702,개봉초등학교,1617,846,771,1,165,337,431,400,283,1,75,158,210,220,182,0,90,179,221,180,101
2020,2,A,골목상권,2110701,고척동성당,5140,3853,1287,8,508,1129,1442,1653,400,2,289,824,1107,1322,309,6,219,305,335,331,91
2020,2,A,골목상권,2110700,고척초등학교,6601,4680,1921,11,615,1436,1850,2027,662,8,337,1015,1342,1521,457,3,278,421,508,506,205
2020,2,A,골목상권,2110699,덕의초등학교,2600,1666,934,9,324,610,655,684,318,7,201,404,412,402,240,2,123,206,243,282,78
2020,2,A,골목상권,2110698,개웅초등학교(개웅중학교),2910,1311,1599,8,427,527,747,807,394,6,221,286,281,277,240,2,206,241,466,530,154
2020,2,A,골목상권,2110697,개봉3동주민센터,1428,921,507,1,203,343,360,295,226,1,94,230,241,189,166,0,109,113,119,106,60
2020,2,A,골목상권,2110696,오류동역 1번,4076,2551,1525,35,946,1200,792,628,475,18,525,831,467,354,356,17,421,369,325,274,119
2020,2,A,골목상권,2110695,개봉1동주민센터,2553,1495,1058,8,234,615,670,616,410,7,123,360,373,358,274,1,111,255,297,258,136
2020,2,A,골목상권,2110694,세곡초등학교,2298,1341,957,2,220,480,607,605,384,0,116,267,319,344,295,2,104,213,288,261,89
2020,2,A,골목상권,2110693,오류동역 4번,2869,1936,933,4,380,544,701,802,438,3,304,369,458,494,308,1,76,175,243,308,130
2020,2,A,골목상권,2110692,큰굴다리,3501,2336,1165,5,490,701,888,977,440,4,368,470,568,604,322,1,122,231,320,373,118
2020,2,A,골목상권,2110691,개봉중학교,2257,1344,913,6,255,488,536,603,369,1,144,293,301,330,275,5,111,195,235,273,94
2020,2,A,골목상권,2110690,오류2동버들시장,4817,3106,1711,4,590,1020,1245,1208,750,1,375,616,761,791,562,3,215,404,484,417,188
2020,2,A,골목상권,2110689,오류동역 3번,4967,3126,1841,15,602,944,1206,1425,775,8,423,612,737,822,524,7,179,332,469,603,251
2020,2,A,골목상권,2110688,오류지구대,2024,1180,844,6,171,361,499,605,382,5,78,189,275,344,289,1,93,172,224,261,93
2020,2,A,골목상권,2110687,"천왕역 3번(오류2동주민센터, 서울오류남초등학교)",981,590,391,3,93,218,282,256,129,1,38,109,165,171,106,2,55,109,117,85,23
2020,2,A,골목상권,2110686,수궁동주민센터,2464,1418,1046,9,230,424,607,718,476,7,102,232,349,412,316,2,128,192,258,306,160
2020,2,A,골목상권,2110685,금강수목원아파트,1251,894,357,2,77,226,345,363,238,1,41,140,228,277,207,1,36,86,117,86,31
2020,2,A,골목상권,2110684,서울공연예술고등학교,1390,797,593,5,149,304,373,389,170,2,71,177,213,231,103,3,78,127,160,158,67
2020,2,A,골목상권,2110683,오류고등학교,1310,758,552,5,143,298,351,350,163,2,69,173,204,211,99,3,74,125,147,139,64
2020,2,A,골목상권,2110682,온수역 8번,1099,772,327,1,51,177,251,337,282,1,28,91,144,242,266,0,23,86,107,95,16
2020,2,A,골목상권,2110681,온수역 1번,1119,839,280,1,41,153,236,373,315,1,21,91,147,294,285,0,20,62,89,79,30
2020,2,A,골목상권,2110680,온수역 5번(온수산업단지),1725,1445,280,18,178,273,326,494,436,18,140,217,249,416,405,0,38,56,77,78,31
2020,2,A,골목상권,2110679,염창역 2번,4141,2829,1312,6,438,939,1245,1003,510,4,219,585,882,757,382,2,219,354,363,246,128
2020,2,A,골목상권,2110678,염창무학아파트,2176,1462,714,4,268,527,551,487,339,3,117,349,371,348,274,1,151,178,180,139,65
2020,2,A,골목상권,2110677,등촌역 1번,7770,5001,2769,27,1180,1953,1864,1628,1118,19,526,1215,1243,1143,855,8,654,738,621,485,263
2020,2,A,골목상권,2110676,등촌역 7번,3083,1901,1182,14,465,677,769,692,466,7,196,414,463,448,373,7,269,263,306,244,93
2020,2,A,골목상권,2110675,화곡4동주민센터,3054,1392,1662,8,686,826,628,588,318,5,146,369,300,334,238,3,540,457,328,254,80
2020,2,A,골목상권,2110674,강서구청가양동별관,3250,2202,1048,13,534,769,882,693,359,8,370,541,605,447,231,5,164,228,277,246,128
2020,2,A,골목상권,2110673,뜸부기어린이공원,4546,2072,2474,4,892,1156,994,968,532,2,237,496,489,496,352,2,655,660,505,472,180
2020,2,A,골목상권,2110672,백석중학교,3508,1974,1534,2,408,673,852,913,660,1,179,335,522,544,393,1,229,338,330,369,267
2020,2,A,골목상권,2110671,등촌1동주민센터,14478,9017,5461,47,2628,3590,3369,2781,2063,27,1070,2281,2330,1868,1441,20,1558,1309,1039,913,622
2020,2,A,골목상권,2110670,신곡초등학교,2263,1214,1049,8,288,636,617,494,220,5,142,343,297,278,149,3,146,293,320,216,71
2020,2,A,골목상권,2110669,화곡보람2차아파트,4924,2907,2017,4,1178,1380,951,683,728,3,372,912,716,421,483,1,806,468,235,262,245
2020,2,A,골목상권,2110668,화곡2동주민센터,3376,1859,1517,11,462,856,918,735,394,8,213,465,475,424,274,3,249,391,443,311,120
2020,2,A,골목상권,2110667,가양역 10번,2692,1443,1249,14,455,539,644,615,425,3,213,291,370,318,248,11,242,248,274,297,177
2020,2,A,골목상권,2110666,KC대학교,4814,3125,1689,6,577,1404,1162,1205,460,3,293,836,712,876,405,3,284,568,450,329,55
2020,2,A,골목상권,2110665,곰달래도서관,3026,1676,1350,7,329,573,768,822,527,6,144,324,418,426,358,1,185,249,350,396,169
2020,2,A,골목상권,2110664,강서구청옆,5833,3456,2377,6,812,1721,1459,1348,487,4,363,992,861,906,330,2,449,729,598,442,157
2020,2,A,골목상권,2110663,우장산롯데캐슬아파트앞,11194,6470,4724,40,1626,2878,2757,2837,1056,12,751,1807,1727,1551,622,28,875,1071,1030,1286,434
2020,2,A,골목상권,2110662,까치산역 1번,4227,2462,1765,12,541,1010,1114,1000,550,9,263,585,586,634,385,3,278,425,528,366,165
2020,2,A,골목상권,2110661,강서새말어린이공원,5172,3080,2092,3,619,1428,1352,1332,438,1,266,767,797,928,321,2,353,661,555,404,117
2020,2,A,골목상권,2110660,등촌3동주민센터,11883,6282,5601,49,1613,2452,2671,2721,2377,18,736,1568,1579,1216,1165,31,877,884,1092,1505,1212
2020,2,A,골목상권,2110659,화곡역 4번,5367,2731,2636,20,801,1346,1458,1139,603,15,306,694,725,625,366,5,495,652,733,514,237
2020,2,A,골목상권,2110658,화곡초등학교,4197,2544,1653,2,869,872,820,854,780,0,284,497,482,613,668,2,585,375,338,241,112
2020,2,A,골목상권,2110657,양천향교역 5번,9781,5923,3858,24,1272,2402,2408,2189,1486,12,574,1336,1536,1311,1154,12,698,1066,872,878,332
2020,2,A,골목상권,2110656,까치산역 3번,3493,1986,1507,17,308,641,932,1073,522,15,157,392,539,568,315,2,151,249,393,505,207
2020,2,A,골목상권,2110655,발산역 5번,4383,2015,2368,5,446,729,861,918,1424,3,178,374,438,390,632,2,268,355,423,528,792
2020,2,A,골목상권,2110654,까치산역 4번,3795,2359,1436,18,343,671,982,1195,586,15,175,398,555,770,446,3,168,273,427,425,140
2020,2,A,골목상권,2110653,화곡역 2번,4351,2351,2000,5,944,910,870,876,746,2,268,477,473,554,577,3,676,433,397,322,169
2020,2,A,골목상권,2110652,양천향교역 2번,5710,3599,2111,14,619,1180,1278,1459,1160,8,317,748,781,891,854,6,302,432,497,568,306
2020,2,A,골목상권,2110651,화원중학교,3517,2196,1321,12,349,654,819,1010,673,8,180,416,488,671,433,4,169,238,331,339,240
2020,2,A,골목상권,2110650,우장산힐스테이트,2082,1180,902,4,212,365,470,571,460,3,113,222,268,291,283,1,99,143,202,280,177
2020,2,A,골목상권,2110649,우장산역 1번,2841,1561,1280,6,406,505,632,740,552,3,199,290,339,383,347,3,207,215,293,357,205
2020,2,A,골목상권,2110648,양천향교역 7번,4914,3190,1724,14,579,1057,1190,1108,966,10,283,660,797,661,779,4,296,397,393,447,187
2020,2,A,골목상권,2110647,화곡역 5번,3929,2063,1866,15,520,821,912,968,693,12,208,459,490,506,388,3,312,362,422,462,305
2020,2,A,골목상권,2110646,푸른들청소년도서관,7186,4303,2883,14,953,1663,1774,1762,1020,9,484,1051,1040,999,720,5,469,612,734,763,300
2020,2,A,골목상권,2110645,우장산역 4번,6461,3740,2721,11,778,1499,1702,1666,805,7,412,940,912,880,589,4,366,559,790,786,216
2020,2,A,골목상권,2110644,신광명마을,1529,957,572,8,107,211,408,465,330,5,46,108,229,298,271,3,61,103,179,167,59
2020,2,A,골목상권,2110643,강서구다솔마을,1476,921,555,1,151,323,422,380,199,0,75,205,270,236,135,1,76,118,152,144,64
2020,2,A,골목상권,2110642,정곡초등학교,920,727,193,4,48,120,202,265,281,3,32,78,138,222,254,1,16,42,64,43,27
2020,2,A,골목상권,2110641,공항고등학교,1775,1121,654,5,243,392,434,432,269,4,138,252,239,274,214,1,105,140,195,158,55
2020,2,A,골목상권,2110640,방화역 1번,4701,2998,1703,7,463,1055,1196,1214,766,5,234,553,729,849,628,2,229,502,467,365,138
2020,2,A,골목상권,2110639,신방화역 8번,3267,1552,1715,7,254,358,567,1049,1032,4,117,219,327,397,488,3,137,139,240,652,544
2020,2,A,골목상권,2110638,신방화역 2번,4189,2767,1422,12,450,721,1151,1168,687,9,229,441,775,780,533,3,221,280,376,388,154
2020,2,A,골목상권,2110637,송정역 2번,3090,1452,1638,8,222,392,558,896,1014,1,111,237,333,307,463,7,111,155,225,589,551
2020,2,A,골목상권,2110636,방화역 2번,4034,2575,1459,8,374,758,1201,1084,609,6,202,411,781,702,473,2,172,347,420,382,136
2020,2,A,골목상권,2110635,공항시장역 3번,4028,2022,2006,9,413,625,733,1111,1137,2,185,363,444,461,567,7,228,262,289,650,570
2020,2,A,골목상권,2110634,송정역 3번,2694,1672,1022,6,328,605,702,637,416,1,149,365,440,410,307,5,179,240,262,227,109
2020,2,A,골목상권,2110633,개화산역 1번,2304,1602,702,6,198,412,735,631,322,4,115,256,543,439,245,2,83,156,192,192,77
2020,2,A,골목상권,2110632,방화역 3번,7383,5811,1572,6,736,1634,1983,2247,777,4,551,1255,1531,1831,639,2,185,379,452,416,138
2020,2,A,골목상권,2110631,방화초등학교,2474,1525,949,5,328,491,565,615,470,5,177,298,321,361,363,0,151,193,244,254,107
2020,2,A,골목상권,2110630,공항시장역 1번,33522,17722,15800,6,5643,10995,9040,6314,1524,3,1318,4557,5278,5486,1080,3,4325,6438,3762,828,444
2020,2,A,골목상권,2110629,송정역 4번,31131,16295,14836,1,5401,10620,8646,5741,722,1,1218,4347,5017,5107,605,0,4183,6273,3629,634,117
2020,2,A,골목상권,2110628,신목동역,2970,1823,1147,5,409,809,809,620,318,3,200,461,521,428,210,2,209,348,288,192,108
2020,2,A,골목상권,2110627,신정롯데캐슬아파트,13152,7343,5809,66,2437,4215,3340,2376,718,31,964,2220,2044,1547,537,35,1473,1995,1296,829,181
2020,2,A,골목상권,2110626,양화초등학교,5376,3201,2175,7,707,1254,1523,1314,571,5,310,670,1001,828,387,2,397,584,522,486,184
2020,2,A,골목상권,2110625,신정2동주민센터,19093,11500,7593,116,3148,6062,4842,3763,1162,81,1491,3599,3053,2506,770,35,1657,2463,1789,1257,392
2020,2,A,골목상권,2110624,목동문화체육센터,2321,1175,1146,1,328,550,660,492,290,1,169,289,299,229,188,0,159,261,361,263,102
2020,2,A,골목상권,2110623,갈산공원,1938,1165,773,6,220,476,489,421,326,4,121,280,280,244,236,2,99,196,209,177,90
2020,2,A,골목상권,2110622,달마을공원,4416,2669,1747,3,560,997,1287,1119,450,2,275,579,819,688,306,1,285,418,468,431,144
2020,2,A,골목상권,2110621,목동역 5번,9489,5120,4369,21,1849,2483,2292,1693,1151,12,701,1376,1387,935,709,9,1148,1107,905,758,442
2020,2,A,골목상권,2110620,목동보건지소,4227,2213,2014,7,503,1016,1212,975,514,5,250,571,551,479,357,2,253,445,661,496,157
2020,2,A,골목상권,2110619,목4동주민센터,3721,1714,2007,6,823,1066,907,664,255,2,194,461,482,378,197,4,629,605,425,286,58
2020,2,A,골목상권,2110618,강서고등학교,4292,2255,2037,8,835,1131,1004,886,428,4,221,551,572,565,342,4,614,580,432,321,86
2020,2,A,골목상권,2110617,등촌역 4번,3438,1930,1508,2,451,781,858,856,490,0,208,454,481,453,334,2,243,327,377,403,156
2020,2,A,골목상권,2110616,양목초등학교,1799,899,900,5,181,390,400,460,363,2,68,196,194,233,206,3,113,194,206,227,157
2020,2,A,골목상권,2110615,신서초등학교,8009,4605,3404,28,1503,2016,1895,1652,915,24,525,1225,1134,1015,682,4,978,791,761,637,233
2020,2,A,골목상권,2110614,목동로데오거리,2729,1267,1462,3,368,601,686,671,400,2,129,258,320,327,231,1,239,343,366,344,169
2020,2,A,골목상권,2110613,신정네거리역 4번,662,330,332,1,82,146,146,151,136,1,28,65,62,82,92,0,54,81,84,69,44
2020,2,A,골목상권,2110612,신정역 5번,4880,2815,2065,12,941,776,869,924,1358,5,300,381,452,509,1168,7,641,395,417,415,190
2020,2,A,골목상권,2110611,신정역 1번,5571,3252,2319,20,1009,852,985,1191,1514,13,358,475,562,627,1217,7,651,377,423,564,297
2020,2,A,골목상권,2110610,계남근린공원,2806,1832,974,4,367,839,889,389,318,1,175,534,672,250,200,3,192,305,217,139,118
2020,2,A,골목상권,2110609,신정네거리역 2번,3335,2512,823,7,218,342,581,655,1532,2,101,191,310,462,1446,5,117,151,271,193,86
2020,2,A,골목상권,2110608,신월2동주민센터,3976,2139,1837,15,369,670,1059,1102,761,11,184,386,521,524,513,4,185,284,538,578,248
2020,2,A,골목상권,2110607,금빛새마을금고본점,2998,2422,576,7,172,293,469,558,1499,3,99,181,289,411,1439,4,73,112,180,147,60
2020,2,A,골목상권,2110606,신한은행 신월동지점,3615,2480,1135,3,177,372,789,1154,1120,1,78,207,430,795,969,2,99,165,359,359,151
2020,2,A,골목상권,2110605,목동센트럴아이파크앞,1754,989,765,2,116,242,435,576,383,0,50,131,215,314,279,2,66,111,220,262,104
2020,2,A,골목상권,2110604,신월4동주민센터,3244,2266,978,5,220,414,690,1030,885,2,102,228,416,732,786,3,118,186,274,298,99
2020,2,A,골목상권,2110603,지향초등학교,2592,1701,891,3,160,370,659,856,544,0,64,217,403,589,428,3,96,153,256,267,116
2020,2,A,골목상권,2110602,신월시영아파트중문,3451,2409,1042,4,231,412,798,1090,916,2,141,263,470,758,775,2,90,149,328,332,141
2020,2,A,골목상권,2110601,신월1동우편취급국,3018,1984,1034,9,310,532,728,944,495,4,169,341,467,618,385,5,141,191,261,326,110
2020,2,A,골목상권,2110600,신월7동주민센터,4589,3041,1548,5,349,562,844,1298,1531,3,190,349,550,894,1055,2,159,213,294,404,476
2020,2,A,골목상권,2110599,신월1파출소,1954,1183,771,4,189,357,509,638,257,2,104,206,281,401,189,2,85,151,228,237,68
2020,2,A,골목상권,2110598,신월문화체육센터,4415,2906,1509,4,469,723,911,1046,1262,3,347,549,598,639,770,1,122,174,313,407,492
2020,2,A,골목상권,2110597,신월1동주민센터,3247,1879,1368,5,328,631,701,902,680,2,149,350,364,551,463,3,179,281,337,351,217
2020,2,A,골목상권,2110596,서서울호수공원,2414,1520,894,5,296,458,530,682,443,2,143,270,315,430,360,3,153,188,215,252,83
2020,2,A,골목상권,2110595,메디힐병원,3307,1776,1531,2,345,697,733,878,652,1,148,334,364,502,427,1,197,363,369,376,225
2020,2,A,골목상권,2110594,신월중학교,1610,737,873,7,235,411,427,385,145,4,83,171,183,194,102,3,152,240,244,191,43
2020,2,A,골목상권,2110593,신월3동주민센터,1979,1072,907,1,214,366,444,532,422,0,79,159,206,310,318,1,135,207,238,222,104
2020,2,A,골목상권,2110592,서울금융고등학교,1788,1020,768,0,177,357,377,459,418,0,64,141,192,300,323,0,113,216,185,159,95
2020,2,A,골목상권,2110591,충정로역 6번,5404,3164,2240,0,955,1528,1449,912,560,0,477,884,839,590,374,0,478,644,610,322,186
2020,2,A,골목상권,2110590,만리재,1948,972,976,1,255,425,499,527,241,1,93,214,253,264,147,0,162,211,246,263,94
2020,2,A,골목상권,2110589,애오개역 3번,2670,1166,1504,0,463,870,876,364,97,0,172,429,389,118,58,0,291,441,487,246,39
2020,2,A,골목상권,2110588,한겨레신문사,2850,1529,1321,2,519,639,724,652,314,2,285,398,335,314,195,0,234,241,389,338,119
2020,2,A,골목상권,2110587,공덕동주민센터,6321,3515,2806,22,1145,1800,1749,1153,452,5,525,961,999,724,301,17,620,839,750,429,151
2020,2,A,골목상권,2110586,서울서부지방법원,19070,11193,7877,90,3888,5775,5319,3123,875,33,1607,3200,3429,2296,628,57,2281,2575,1890,827,247
2020,2,A,골목상권,2110585,마포경찰서,7079,4166,2913,8,1235,2487,2119,968,262,1,618,1463,1293,626,165,7,617,1024,826,342,97
2020,2,A,골목상권,2110584,아현역 4번,1593,827,766,2,374,498,331,224,164,1,138,271,180,129,108,1,236,227,151,95,56
2020,2,A,골목상권,2110583,공덕래미안3차아파트,10579,6407,4172,38,1986,3371,2915,1800,469,9,938,1908,1883,1348,321,29,1048,1463,1032,452,148
2020,2,A,골목상권,2110582,이대역 5번,996,382,614,2,125,209,275,242,143,1,27,57,87,121,89,1,98,152,188,121,54
2020,2,A,골목상권,2110581,염리초등학교,11991,6894,5097,24,1766,2851,3013,2599,1738,10,963,1752,1839,1304,1026,14,803,1099,1174,1295,712
2020,2,A,골목상권,2110580,양원초등학교,835,410,425,3,122,173,205,202,130,2,34,88,96,111,79,1,88,85,109,91,51
2020,2,A,골목상권,2110579,마포역 4번,6836,4344,2492,8,1268,1844,1726,1271,719,6,552,1114,1202,925,545,2,716,730,524,346,174
2020,2,A,골목상권,2110578,대흥역 2번,7403,4583,2820,89,1498,1733,1653,1512,918,34,738,1064,1090,1038,619,55,760,669,563,474,299
2020,2,A,골목상권,2110577,용강동주민센터,7757,4680,3077,78,1507,2186,1956,1205,825,29,743,1309,1275,779,545,49,764,877,681,426,280
2020,2,A,골목상권,2110576,대흥역 3번,5951,3670,2281,79,1016,1372,1330,1278,876,29,500,853,887,811,590,50,516,519,443,467,286
2020,2,A,골목상권,2110575,대흥동주민센터,4424,2010,2414,64,2141,1019,506,453,241,21,801,499,233,280,176,43,1340,520,273,173,65
2020,2,A,골목상권,2110574,서강대학교,1561,918,643,4,194,350,405,384,224,2,93,205,256,209,153,2,101,145,149,175,71
2020,2,A,골목상권,2110573,신촌역 6번,3966,1771,2195,61,2020,931,425,343,186,20,758,445,208,214,126,41,1262,486,217,129,60
2020,2,A,골목상권,2110572,서강대역 1번,9068,4445,4623,72,2764,2315,1724,1543,650,26,1022,1103,935,954,405,46,1742,1212,789,589,245
2020,2,A,골목상권,2110571,신수동주민센터,6299,3573,2726,14,776,1656,1652,1511,690,10,303,790,929,1038,503,4,473,866,723,473,187
2020,2,A,골목상권,2110570,KB국민은행 서강지점,1996,1235,761,10,256,489,549,383,309,9,126,290,317,252,241,1,130,199,232,131,68
2020,2,A,골목상권,2110569,홍대땡땡거리,4784,2362,2422,15,981,1209,1107,899,573,8,435,650,554,397,318,7,546,559,553,502,255
2020,2,A,골목상권,2110568,광흥창역 1번,2827,1531,1296,2,399,755,771,659,241,0,117,361,454,445,154,2,282,394,317,214,87
2020,2,A,골목상권,2110567,광흥창역 6번,2158,1187,971,2,280,488,570,500,318,0,88,208,312,318,261,2,192,280,258,182,57
2020,2,A,골목상권,2110566,경의선책거리,10071,5990,4081,33,1755,2290,2438,2032,1523,20,865,1338,1493,1197,1077,13,890,952,945,835,446
2020,2,A,골목상권,2110565,홍익대,4742,3246,1496,13,762,1139,1187,937,704,7,414,751,851,666,557,6,348,388,336,271,147
2020,2,A,골목상권,2110564,홍대입구역 3번,5143,2795,2348,17,919,1276,1149,1001,781,12,343,638,645,612,545,5,576,638,504,389,236
2020,2,A,골목상권,2110563,상수역 3번,1950,1182,768,20,422,582,432,300,194,14,197,341,286,205,139,6,225,241,146,95,55
2020,2,A,골목상권,2110562,연트럴파크(연남동주민센터),4252,2404,1848,9,682,1050,1057,868,586,8,291,605,590,495,415,1,391,445,467,373,171
2020,2,A,골목상권,2110561,상수역 4번,3164,1891,1273,31,678,957,732,501,265,20,308,561,479,325,198,11,370,396,253,176,67
2020,2,A,골목상권,2110560,마포FM,6502,3860,2642,16,982,1627,1454,1287,1136,10,407,959,988,793,703,6,575,668,466,494,433
2020,2,A,골목상권,2110559,성산중학교,5087,2952,2135,21,936,1483,1317,912,418,13,364,796,845,628,306,8,572,687,472,284,112
2020,2,A,골목상권,2110558,경성고등학교,5587,3527,2060,22,775,1348,1393,1232,817,18,394,800,884,814,617,4,381,548,509,418,200
2020,2,A,골목상권,2110557,홍대부속여중고앞,9427,5263,4164,23,1361,2238,2227,1745,1833,17,545,1184,1349,937,1231,6,816,1054,878,808,602
2020,2,A,골목상권,2110556,절두산순교성지,1684,1064,620,5,244,483,463,361,128,5,104,278,313,266,98,0,140,205,150,95,30
2020,2,A,골목상권,2110555,홍익지구대,4079,2137,1942,11,689,1073,1062,755,489,6,236,510,626,449,310,5,453,563,436,306,179
2020,2,A,골목상권,2110554,망원역 1번,7782,4228,3554,15,1168,1783,1913,1422,1481,10,461,862,1004,783,1108,5,707,921,909,639,373
2020,2,A,골목상권,2110553,가좌역 2번,2187,1399,788,4,204,388,539,613,439,2,92,207,352,431,315,2,112,181,187,182,124
2020,2,A,골목상권,2110552,성미산체육관,3504,2146,1358,9,471,801,906,820,497,5,221,455,546,576,343,4,250,346,360,244,154
2020,2,A,골목상권,2110551,성서초등학교,3701,2140,1561,4,377,635,877,713,1095,4,160,324,410,372,870,0,217,311,467,341,225
2020,2,A,골목상권,2110550,합정역 8번,6172,3370,2802,15,1101,1610,1524,1115,807,10,445,802,926,667,520,5,656,808,598,448,287
2020,2,A,골목상권,2110549,새터산,3175,1870,1305,8,386,657,845,821,458,5,193,379,479,513,301,3,193,278,366,308,157
2020,2,A,골목상권,2110548,마포구청역 4번,6841,4101,2740,18,906,1347,1531,1972,1067,10,478,942,1005,1003,663,8,428,405,526,969,404
2020,2,A,골목상권,2110547,KB국민은행 망원동지점,7219,4458,2761,19,879,1335,1493,1861,1632,11,452,900,987,934,1174,8,427,435,506,927,458
2020,2,A,골목상권,2110546,양화대교북단,2197,1293,904,3,397,587,543,403,264,3,182,321,363,255,169,0,215,266,180,148,95
2020,2,A,골목상권,2110545,마포구청역 1번,5795,3278,2517,19,697,1071,1239,1869,900,11,398,782,801,813,473,8,299,289,438,1056,427
2020,2,A,골목상권,2110544,망리단길,7556,4327,3229,18,1463,1819,1641,1152,1463,8,731,897,847,686,1158,10,732,922,794,466,305
2020,2,A,골목상권,2110543,중암중학교,833,554,279,1,60,103,162,253,254,0,22,52,83,160,237,1,38,51,79,93,17
2020,2,A,골목상권,2110542,마포구청역 7번,5884,3486,2398,20,759,1112,1284,1743,966,11,396,791,870,831,587,9,363,321,414,912,379
2020,2,A,골목상권,2110541,동교초등학교,2316,1291,1025,5,338,448,612,521,392,4,142,250,332,300,263,1,196,198,280,221,129
2020,2,A,골목상권,2110540,망원나들목체육관,2127,1225,902,8,673,639,396,264,147,1,405,345,203,164,107,7,268,294,193,100,40
2020,2,A,골목상권,2110539,미근동,14579,8531,6048,43,2341,4872,3956,2487,880,20,916,2720,2470,1715,690,23,1425,2152,1486,772,190
2020,2,A,골목상권,2110538,충정로역 3번,8936,5270,3666,3,1399,2608,2582,1705,639,2,713,1645,1547,938,425,1,686,963,1035,767,214
2020,2,A,골목상권,2110537,충정로현대아파트,9389,5851,3538,15,1288,2694,2554,1994,844,9,654,1734,1643,1241,570,6,634,960,911,753,274
2020,2,A,골목상권,2110536,돈의문센트레빌아파트입구,4662,2901,1761,17,762,1317,1072,1005,489,12,332,727,714,746,370,5,430,590,358,259,119
2020,2,A,골목상권,2110535,영천시장입구,2014,972,1042,4,231,383,512,581,303,2,70,167,254,298,181,2,161,216,258,283,122
2020,2,A,골목상권,2110534,경기대학교,4575,2795,1780,4,723,1180,1049,884,735,1,313,680,710,586,505,3,410,500,339,298,230
2020,2,A,골목상권,2110533,충정로역 7번,3621,2255,1366,1,528,952,988,704,448,0,271,584,646,462,292,1,257,368,342,242,156
2020,2,A,골목상권,2110532,아현역 2번,2100,1204,896,3,447,553,442,378,277,1,170,320,262,259,192,2,277,233,180,119,85
2020,2,A,골목상권,2110531,홍지문,1399,662,737,3,176,371,355,334,160,0,59,172,172,157,102,3,117,199,183,177,58
2020,2,A,골목상권,2110530,아현역 1번,1496,797,699,2,376,474,297,209,138,1,141,271,169,125,90,1,235,203,128,84,48
2020,2,A,골목상권,2110529,홍제3동주민센터,1380,676,704,4,168,199,285,330,394,1,54,91,126,173,231,3,114,108,159,157,163
2020,2,A,골목상권,2110528,서울여자간호대학교,7645,1571,6074,6,224,518,2027,3660,1210,1,77,161,357,465,510,5,147,357,1670,3195,700
2020,2,A,골목상권,2110527,홍제역 2번,1970,1012,958,5,240,306,504,602,313,1,71,168,245,337,190,4,169,138,259,265,123
2020,2,A,골목상권,2110526,봉원사,3964,2083,1881,1,506,1026,1032,955,444,1,183,424,540,636,299,0,323,602,492,319,145
2020,2,A,골목상권,2110525,홍은종합사회복지관,7540,1491,6049,3,208,498,1991,3642,1198,1,81,160,323,442,484,2,127,338,1668,3200,714
2020,2,A,골목상권,2110524,연희세브란스병원,2431,1469,962,0,349,692,566,565,259,0,160,328,325,444,212,0,189,364,241,121,47
2020,2,A,골목상권,2110523,홍제성원아파트,389,158,231,1,57,82,97,95,57,0,16,28,41,33,40,1,41,54,56,62,17
2020,2,A,골목상권,2110522,홍제역 3번,1382,744,638,3,145,201,379,465,189,1,40,103,201,269,130,2,105,98,178,196,59
2020,2,A,골목상권,2110521,홍제역 4번,1682,856,826,3,180,260,456,544,239,1,56,126,230,305,138,2,124,134,226,239,101
2020,2,A,골목상권,2110520,경의중앙 신촌역,3939,2209,1730,8,672,1067,897,861,434,5,268,503,474,619,340,3,404,564,423,242,94
2020,2,A,골목상권,2110519,서대문구보건소별관,1692,809,883,1,249,320,448,430,244,1,88,147,232,202,139,0,161,173,216,228,105
2020,2,A,골목상권,2110518,서대문구청,4288,2377,1911,12,606,1189,1202,1022,257,9,241,603,676,684,164,3,365,586,526,338,93
2020,2,A,골목상권,2110517,서대문소방서,3275,1935,1340,14,501,833,881,711,335,8,210,520,553,438,206,6,291,313,328,273,129
2020,2,A,골목상권,2110516,정원여중,1381,718,663,0,237,296,370,330,148,0,85,145,205,186,97,0,152,151,165,144,51
2020,2,A,골목상권,2110515,홍은중학교,1397,819,578,2,174,346,389,297,189,2,86,211,238,167,115,0,88,135,151,130,74
2020,2,A,골목상권,2110514,서대문우체국,8426,5862,2564,6,1198,1860,1691,2693,978,3,772,1174,1054,2110,749,3,426,686,637,583,229
2020,2,A,골목상권,2110513,연희파출소,4197,2605,1592,22,701,1052,930,956,536,9,309,668,619,625,375,13,392,384,311,331,161
2020,2,A,골목상권,2110512,연희지하차도,4882,2826,2056,19,663,1252,1324,1216,408,14,271,646,746,846,303,5,392,606,578,370,105
2020,2,A,골목상권,2110511,연희초등학교,8378,6001,2377,13,1131,2005,1738,2599,892,3,668,1322,1149,2137,722,10,463,683,589,462,170
2020,2,A,골목상권,2110510,홍연시장,3041,1987,1054,55,824,775,546,576,265,30,470,602,320,364,201,25,354,173,226,212,64
2020,2,A,골목상권,2110509,연희대우아파트앞,9280,6343,2937,12,1331,2148,1961,2829,999,8,717,1291,1263,2264,800,4,614,857,698,565,199
2020,2,A,골목상권,2110508,서연중학교,5090,3173,1917,65,1140,1333,940,1011,601,33,630,969,582,565,394,32,510,364,358,446,207
2020,2,A,골목상권,2110507,명지대학교,3504,2308,1196,30,563,997,832,765,317,27,345,664,531,490,251,3,218,333,301,275,66
2020,2,A,골목상권,2110506,연희임광아파트,1554,815,739,2,227,343,380,390,212,2,100,227,187,174,125,0,127,116,193,216,87
2020,2,A,골목상권,2110505,홍남교남측,2235,1498,737,50,708,612,370,328,167,27,409,504,235,198,125,23,299,108,135,130,42
2020,2,A,골목상권,2110504,명지전문대,965,467,498,1,90,171,253,281,169,0,34,71,117,147,98,1,56,100,136,134,71
2020,2,A,골목상권,2110503,명지대학교교회,3864,2524,1340,30,620,1117,971,783,343,26,367,778,642,473,238,4,253,339,329,310,105
2020,2,A,골목상권,2110502,남가좌파출소,1097,580,517,0,99,196,301,322,179,0,39,79,152,183,127,0,60,117,149,139,52
2020,2,A,골목상권,2110501,연희어린이공원,1540,875,665,10,217,360,378,360,215,8,103,242,206,176,140,2,114,118,172,184,75
2020,2,A,골목상권,2110500,남가좌동현대아파트,278,164,114,0,37,45,74,87,35,0,21,27,44,54,18,0,16,18,30,33,17
2020,2,A,골목상권,2110499,연가초등학교,1891,1022,869,0,178,382,499,526,306,0,73,217,266,255,211,0,105,165,233,271,95
2020,2,A,골목상권,2110498,증산역 1번,2906,1506,1400,8,440,635,651,682,490,3,148,355,341,338,321,5,292,280,310,344,169
2020,2,A,골목상권,2110497,가좌역 3번,3659,2225,1434,4,227,435,598,923,1472,2,157,292,399,499,876,2,70,143,199,424,596
2020,2,A,골목상권,2110496,모래내우체국,2367,1136,1231,7,310,507,560,577,406,4,94,247,294,279,218,3,216,260,266,298,188
2020,2,A,골목상권,2110495,북가좌2동주민센터,3902,2063,1839,9,568,954,896,849,626,5,186,536,522,443,371,4,382,418,374,406,255
2020,2,A,골목상권,2110494,증산3교남측,1780,1221,559,0,92,213,258,339,878,0,34,98,100,184,805,0,58,115,158,155,73
2020,2,A,골목상권,2110493,북가좌초등학교,1856,1392,464,0,60,148,223,379,1046,0,20,69,94,236,973,0,40,79,129,143,73
2020,2,A,골목상권,2110492,하나고등학교,578,273,305,1,22,107,147,171,130,0,7,76,108,56,26,1,15,31,39,115,104
2020,2,A,골목상권,2110491,불광중학교,579,216,363,1,45,99,156,186,92,1,13,42,53,58,49,0,32,57,103,128,43
2020,2,A,골목상권,2110490,녹번동근린공원,5262,2678,2584,13,663,1384,1395,1293,514,9,294,621,670,746,338,4,369,763,725,547,176
2020,2,A,골목상권,2110489,불광역 3번,1836,816,1020,7,273,558,474,348,176,6,92,204,220,175,119,1,181,354,254,173,57
2020,2,A,골목상권,2110488,우리은행응암동지점,3955,2113,1842,9,480,961,1013,1016,476,6,235,475,494,594,309,3,245,486,519,422,167
2020,2,A,골목상권,2110487,불광역 8번,1735,695,1040,1,239,499,452,361,183,1,77,188,182,154,93,0,162,311,270,207,90
2020,2,A,골목상권,2110486,은평구청,4169,2254,1915,8,461,993,1117,1108,482,5,227,494,557,645,326,3,234,499,560,463,156
2020,2,A,골목상권,2110485,연신내우체국,2361,1188,1173,2,126,245,348,438,1202,1,51,129,145,186,676,1,75,116,203,252,526
2020,2,A,골목상권,2110484,역촌역 3번,4601,2236,2365,13,523,1110,1233,1186,536,9,213,468,558,627,361,4,310,642,675,559,175
2020,2,A,골목상권,2110483,연천초등학교,2384,1178,1206,5,230,267,295,400,1187,1,94,133,119,166,665,4,136,134,176,234,522
2020,2,A,골목상권,2110482,연신초등학교,1850,991,859,0,81,162,205,312,1090,0,37,95,80,152,627,0,44,67,125,160,463
2020,2,A,골목상권,2110481,불광역 7번,1630,770,860,2,178,335,467,396,252,2,71,171,214,161,151,0,107,164,253,235,101
2020,2,A,골목상권,2110480,연신내역 3번,2030,889,1141,7,285,397,542,504,295,2,114,188,232,200,153,5,171,209,310,304,142
2020,2,A,골목상권,2110479,연신내역 2번,3690,1693,1997,6,426,539,641,723,1355,1,130,248,249,302,763,5,296,291,392,421,592
2020,2,A,골목상권,2110478,응암1동주민센터,4707,2474,2233,11,516,997,1136,1196,851,7,227,433,551,650,606,4,289,564,585,546,245
2020,2,A,골목상권,2110477,은평세무서,4870,2612,2258,11,464,976,1178,1295,946,5,201,440,572,727,667,6,263,536,606,568,279
2020,2,A,골목상권,2110476,역촌역 2번,1412,760,652,3,180,328,393,324,184,1,64,162,221,174,138,2,116,166,172,150,46
2020,2,A,골목상권,2110475,백련산해모로아파트,2427,1313,1114,3,275,436,520,560,633,2,122,211,271,274,433,1,153,225,249,286,200
2020,2,A,골목상권,2110474,세명컴퓨터고등학교,2172,1034,1138,6,329,533,548,467,289,5,120,275,242,204,188,1,209,258,306,263,101
2020,2,A,골목상권,2110473,구산역 1번,4113,2032,2081,11,518,794,1040,1015,735,5,204,414,507,425,477,6,314,380,533,590,258
2020,2,A,골목상권,2110472,연신내역 4번,2455,1251,1204,11,334,479,638,552,441,6,127,253,292,262,311,5,207,226,346,290,130
2020,2,A,골목상권,2110471,응암동우체국,1908,1001,907,2,228,332,461,530,355,1,96,145,211,287,261,1,132,187,250,243,94
2020,2,A,골목상권,2110470,신진과학기술고등학교,2093,1305,788,2,198,318,474,517,584,2,95,170,262,309,467,0,103,148,212,208,117
2020,2,A,골목상권,2110469,응암정보도서관,3141,1523,1618,2,316,577,809,898,539,0,113,270,378,427,335,2,203,307,431,471,204
2020,2,A,골목상권,2110468,응암역 3번,4875,2420,2455,6,465,813,1295,1325,971,1,170,377,615,633,624,5,295,436,680,692,347
2020,2,A,골목상권,2110467,은평요양병원,1671,867,804,7,217,398,414,360,275,6,97,221,214,162,167,1,120,177,200,198,108
2020,2,A,골목상권,2110466,구산역 2번,3312,1361,1951,12,538,687,831,818,426,3,172,280,347,320,239,9,366,407,484,498,187
2020,2,A,골목상권,2110465,연신내역 7번,2686,1136,1550,10,437,647,652,580,360,5,132,295,276,227,201,5,305,352,376,353,159
2020,2,A,골목상권,2110464,연신내역 5번,2541,1368,1173,8,266,525,663,583,496,5,105,271,308,312,367,3,161,254,355,271,129
2020,2,A,골목상권,2110463,응암3동주민센터,1096,480,616,2,113,200,291,307,183,1,42,69,109,143,116,1,71,131,182,164,67
2020,2,A,골목상권,2110462,갈현건영아파트,1895,1102,793,9,264,445,440,425,312,6,139,269,256,223,209,3,125,176,184,202,103
2020,2,A,골목상권,2110461,새절역 2번,1064,588,476,2,102,151,247,304,258,1,40,59,115,173,200,1,62,92,132,131,58
2020,2,A,골목상권,2110460,구산역 4번,4650,2629,2021,14,389,739,1103,1501,904,6,161,384,536,911,631,8,228,355,567,590,273
2020,2,A,골목상권,2110459,응암역 2번,3508,1670,1838,4,356,682,987,918,561,1,143,326,439,399,362,3,213,356,548,519,199
2020,2,A,골목상권,2110458,선일여고,2056,993,1063,9,309,535,480,491,232,5,138,283,226,197,144,4,171,252,254,294,88
2020,2,A,골목상권,2110457,예일여고,4039,2288,1751,11,383,599,859,1344,843,2,149,279,424,826,608,9,234,320,435,518,235
2020,2,A,골목상권,2110456,구산보건지소,3451,1673,1778,13,646,727,840,730,495,4,277,335,365,355,337,9,369,392,475,375,158
2020,2,A,골목상권,2110455,역촌노인복지관,3912,1926,1986,7,599,783,1036,909,578,3,258,380,472,412,401,4,341,403,564,497,177
2020,2,A,골목상권,2110454,선정중학교,3136,1975,1161,7,297,545,749,1025,513,3,138,284,381,749,420,4,159,261,368,276,93
2020,2,A,골목상권,2110453,신사1동주민센터,2866,1630,1236,3,295,597,767,684,520,3,160,297,422,377,371,0,135,300,345,307,149
2020,2,A,골목상권,2110452,새절역 3번,1444,869,575,3,116,220,343,416,346,3,59,102,181,239,285,0,57,118,162,177,61
2020,2,A,골목상권,2110451,증산역 4번,3034,2083,951,4,382,662,756,739,491,3,166,453,530,528,403,1,216,209,226,211,88
2020,2,A,골목상권,2110450,시립서북병원,4533,2159,2374,8,894,1069,1015,919,628,2,331,496,489,431,410,6,563,573,526,488,218
2020,2,A,골목상권,2110449,증산역 3번,3046,1961,1085,1,417,740,797,725,366,0,164,495,543,508,251,1,253,245,254,217,115
2020,2,A,골목상권,2110448,상신초등학교입구,1375,785,590,3,145,292,338,322,275,1,88,163,177,167,189,2,57,129,161,155,86
2020,2,A,골목상권,2110447,구산초등학교,1694,1213,481,2,100,239,363,721,269,0,46,110,217,608,232,2,54,129,146,113,37
2020,2,A,골목상권,2110446,내를건너서숲으로도서관,1148,777,371,0,135,243,292,279,199,0,95,161,174,174,173,0,40,82,118,105,26
2020,2,A,골목상권,2110445,덕산중학교,1312,649,663,5,274,319,252,247,215,0,87,169,142,108,143,5,187,150,110,139,72
2020,2,A,골목상권,2110444,수색성당,2661,1802,859,0,198,389,448,542,1084,0,77,194,209,332,990,0,121,195,239,210,94
2020,2,A,골목상권,2110443,수색역 1번,434,287,147,0,42,62,103,136,91,0,17,34,66,96,74,0,25,28,37,40,17
2020,2,A,골목상권,2110442,화랑대철도공원,1159,494,665,2,139,197,301,376,144,2,48,69,108,178,89,0,91,128,193,198,55
2020,2,A,골목상권,2110441,영신여고,1046,454,592,3,105,241,283,309,105,3,45,111,107,126,62,0,60,130,176,183,43
2020,2,A,골목상권,2110440,상계3동4동주민센터,231,87,144,1,38,35,61,53,43,0,13,11,23,19,21,1,25,24,38,34,22
2020,2,A,골목상권,2110439,당고개역 5번,1670,1328,342,1,65,111,343,684,466,0,20,60,265,575,408,1,45,51,78,109,58
2020,2,A,골목상권,2110438,경춘선숲길 우측,3326,1509,1817,2,552,854,911,715,292,1,156,360,411,369,212,1,396,494,500,346,80
2020,2,A,골목상권,2110437,당고개역 2번,2037,1506,531,1,104,171,467,791,503,0,40,88,309,634,435,1,64,83,158,157,68
2020,2,A,골목상권,2110436,상계제일중학교,2066,1047,1019,12,209,464,514,508,359,7,73,229,274,237,227,5,136,235,240,271,132
2020,2,A,골목상권,2110435,서울과학기술대,1792,1224,568,2,186,412,462,475,255,0,112,256,301,331,224,2,74,156,161,144,31
2020,2,A,골목상권,2110434,태릉입구역 4번,3300,1461,1839,4,314,539,764,908,771,2,129,312,364,332,322,2,185,227,400,576,449
2020,2,A,골목상권,2110433,공릉역 2번,4470,2428,2042,8,421,620,969,1270,1182,3,195,339,507,667,717,5,226,281,462,603,465
2020,2,A,골목상권,2110432,대진고등학교,3496,2336,1160,5,355,682,898,1023,533,2,168,399,577,774,416,3,187,283,321,249,117
2020,2,A,골목상권,2110431,상계역,1658,716,942,4,180,322,440,437,275,0,50,144,212,164,146,4,130,178,228,273,129
2020,2,A,골목상권,2110430,중계초등학교,1642,961,681,6,165,297,390,441,343,2,77,164,213,244,261,4,88,133,177,197,82
2020,2,A,골목상권,2110429,공릉동 국수거리,5223,2800,2423,7,523,744,1099,1485,1365,3,246,412,543,754,842,4,277,332,556,731,523
2020,2,A,골목상권,2110428,상계5동주민센터,2338,1163,1175,7,172,298,441,608,812,3,62,155,202,282,459,4,110,143,239,326,353
2020,2,A,골목상권,2110427,노원 을지대학교병원,2885,2027,858,3,300,579,725,832,446,0,149,351,505,667,355,3,151,228,220,165,91
2020,2,A,골목상권,2110426,상계2동주민센터,2834,1540,1294,16,401,546,733,694,444,11,153,300,370,386,320,5,248,246,363,308,124
2020,2,A,골목상권,2110425,계상초등학교,2572,1219,1353,6,228,345,564,659,770,4,90,195,248,280,402,2,138,150,316,379,368
2020,2,A,골목상권,2110424,상계초등학교,2079,864,1215,5,272,368,533,553,348,5,89,181,216,215,158,0,183,187,317,338,190
2020,2,A,골목상권,2110423,석계역 2번,1883,895,988,5,253,375,553,418,279,3,106,197,271,183,135,2,147,178,282,235,144
2020,2,A,골목상권,2110422,노원역 9번,1955,819,1136,3,268,390,499,508,287,1,81,196,208,195,138,2,187,194,291,313,149
2020,2,A,골목상권,2110421,석계역 1번,1716,845,871,4,186,278,426,473,349,2,71,119,191,230,232,2,115,159,235,243,117
2020,2,A,골목상권,2110420,광운대역 1번,1718,979,739,10,353,518,466,244,127,3,175,350,258,123,70,7,178,168,208,121,57
2020,2,A,골목상권,2110419,수락산디자인거리,4260,2771,1489,13,429,898,1053,1126,741,12,245,615,683,706,510,1,184,283,370,420,231
2020,2,A,골목상권,2110418,광운대학교 남단,2484,1345,1139,17,445,664,598,481,279,5,192,396,291,252,209,12,253,268,307,229,70
2020,2,A,골목상권,2110417,월계역 3번,441,184,257,2,62,77,94,122,84,2,23,41,37,47,34,0,39,36,57,75,50
2020,2,A,골목상권,2110416,노원초등학교,1385,669,716,8,135,266,331,352,293,6,53,138,153,171,148,2,82,128,178,181,145
2020,2,A,골목상권,2110415,수락산역 4번,3553,1980,1573,19,461,687,836,890,660,16,254,421,481,483,325,3,207,266,355,407,335
2020,2,A,골목상권,2110414,장석교회,752,511,241,5,70,109,166,205,197,3,38,57,98,139,176,2,32,52,68,66,21
2020,2,A,골목상권,2110413,누원고등학교,580,375,205,0,37,71,120,164,188,0,16,45,70,104,140,0,21,26,50,60,48
2020,2,A,골목상권,2110412,창동중학교,1521,1149,372,3,118,224,267,505,404,1,73,121,160,412,382,2,45,103,107,93,22
2020,2,A,골목상권,2110411,도봉역 3번,1802,1132,670,2,126,304,360,519,491,1,33,150,187,351,410,1,93,154,173,168,81
2020,2,A,골목상권,2110410,방학역 2번,5708,3428,2280,10,558,1304,1395,1507,934,9,280,756,767,936,680,1,278,548,628,571,254
2020,2,A,골목상권,2110409,창동역 2번,6649,4154,2495,6,756,1498,1635,1402,1352,4,385,1020,1098,743,904,2,371,478,537,659,448
2020,2,A,골목상권,2110408,가인초등학교,5577,3850,1727,5,581,1307,1343,1121,1220,3,343,986,1014,685,819,2,238,321,329,436,401
2020,2,A,골목상권,2110407,도봉역 2번,2678,1900,778,7,190,399,535,778,769,5,95,243,303,572,682,2,95,156,232,206,87
2020,2,A,골목상권,2110406,도봉산역 1번,1362,928,434,0,45,103,268,453,493,0,17,63,189,336,323,0,28,40,79,117,170
2020,2,A,골목상권,2110405,방학역 1번,2975,1622,1353,6,288,534,730,892,525,5,159,353,350,369,386,1,129,181,380,523,139
2020,2,A,골목상권,2110404,신창초등학교,2334,1247,1087,11,291,485,642,611,294,8,108,229,337,362,203,3,183,256,305,249,91
2020,2,A,골목상권,2110403,방학1동주민센터,3553,1965,1588,10,456,716,860,1052,459,6,261,473,457,498,270,4,195,243,403,554,189
2020,2,A,골목상권,2110402,도봉구 정병원,2172,1117,1055,5,296,450,517,579,325,4,109,246,277,283,198,1,187,204,240,296,127
2020,2,A,골목상권,2110401,도봉구민회관,5856,3856,2000,1,599,1299,1388,1267,1302,0,346,940,977,718,875,1,253,359,411,549,427
2020,2,A,골목상권,2110400,도봉구보건소,2134,1058,1076,4,298,390,510,558,374,3,99,190,250,278,238,1,199,200,260,280,136
2020,2,A,골목상권,2110399,창2동주민센터,1982,1088,894,10,245,463,553,465,246,9,128,273,295,219,164,1,117,190,258,246,82
2020,2,A,골목상권,2110398,쌍문2동우체국,2359,1255,1104,1,247,367,547,725,472,1,87,168,253,427,319,0,160,199,294,298,153
2020,2,A,골목상권,2110397,도봉산입구,1579,963,616,1,95,207,290,413,573,1,25,106,157,272,402,0,70,101,133,141,171
2020,2,A,골목상권,2110396,쌍문역1번(쌍리단길),1577,763,814,4,242,329,382,395,225,1,84,135,198,208,137,3,158,194,184,187,88
2020,2,A,골목상권,2110395,신한은행 방학동지점,1120,597,523,4,157,280,302,227,150,3,72,148,158,121,95,1,85,132,144,106,55
2020,2,A,골목상권,2110394,방학중학교,1435,629,806,1,142,279,358,336,319,1,52,119,150,152,155,0,90,160,208,184,164
2020,2,A,골목상권,2110393,국민은행방학지점,1001,461,540,3,124,275,252,240,107,2,39,137,120,96,67,1,85,138,132,144,40
2020,2,A,골목상권,2110392,발바닥공원,704,449,255,3,99,210,202,121,69,2,39,126,148,81,53,1,60,84,54,40,16
2020,2,A,골목상권,2110391,샘말어린이공원,1172,574,598,0,93,215,234,283,347,0,34,95,107,140,198,0,59,120,127,143,149
2020,2,A,골목상권,2110390,방학초등학교,1901,820,1081,3,194,445,458,515,286,2,59,201,209,188,161,1,135,244,249,327,125
2020,2,A,골목상권,2110389,한일병원,3050,1577,1473,1,573,707,741,679,349,1,171,353,410,396,246,0,402,354,331,283,103
2020,2,A,골목상권,2110388,도봉우체국,2071,923,1148,4,436,450,512,485,184,3,105,207,224,244,140,1,331,243,288,241,44
2020,2,A,골목상권,2110387,쌍문초등학교,1678,803,875,0,227,365,452,414,220,0,67,151,187,208,190,0,160,214,265,206,30
2020,2,A,골목상권,2110386,연산군묘,1120,668,452,0,136,219,227,306,232,0,61,122,131,158,196,0,75,97,96,148,36
2020,2,A,골목상권,2110385,효문고등학교,780,268,512,0,136,158,203,185,98,0,33,42,60,71,62,0,103,116,143,114,36
2020,2,A,골목상권,2110384,문이교,622,295,327,1,71,88,145,188,129,0,21,33,51,98,92,1,50,55,94,90,37
2020,2,A,골목상권,2110383,덕성여대시반거리,494,170,324,0,83,84,121,116,90,0,12,24,42,39,53,0,71,60,79,77,37
2020,2,A,골목상권,2110382,솔밭공원역 1번,967,418,549,1,145,169,222,256,174,0,31,52,83,123,129,1,114,117,139,133,45
2020,2,A,골목상권,2110381,번동주공2단지,1056,559,497,5,107,230,262,299,153,4,33,95,131,178,118,1,74,135,131,121,35
2020,2,A,골목상권,2110380,강북문화정보도서관,980,504,476,5,99,143,203,291,239,3,30,74,101,150,146,2,69,69,102,141,93
2020,2,A,골목상권,2110379,KT&G 북부지사,767,383,384,2,97,108,197,257,106,0,47,44,83,145,64,2,50,64,114,112,42
2020,2,A,골목상권,2110378,송중동주민센터,1170,548,622,8,119,172,339,287,245,6,52,74,144,126,146,2,67,98,195,161,99
2020,2,A,골목상권,2110377,미아사거리역 3번,1050,449,601,7,158,220,271,253,141,6,51,81,107,112,92,1,107,139,164,141,49
2020,2,A,골목상권,2110376,수송초등학교,4978,2722,2256,8,551,1213,1234,1264,708,6,230,624,673,782,407,2,321,589,561,482,301
2020,2,A,골목상권,2110375,서울북부고용노동지청,1301,632,669,2,141,171,335,392,260,0,58,78,134,204,158,2,83,93,201,188,102
2020,2,A,골목상권,2110374,송중초등학교,2009,977,1032,7,186,338,530,528,420,6,61,128,222,264,296,1,125,210,308,264,124
2020,2,A,골목상권,2110373,수유역 2번,4903,2639,2264,10,549,1094,1104,1278,868,8,214,534,563,814,506,2,335,560,541,464,362
2020,2,A,골목상권,2110372,강북중학교,1588,852,736,1,167,364,452,356,248,1,87,203,249,169,143,0,80,161,203,187,105
2020,2,A,골목상권,2110371,삼양입구사거리,1233,656,577,2,114,236,332,331,218,2,43,109,155,183,164,0,71,127,177,148,54
2020,2,A,골목상권,2110370,도봉세무서,1385,735,650,7,100,222,365,379,312,6,28,93,168,200,240,1,72,129,197,179,72
2020,2,A,골목상권,2110369,성신여대운정그린캠퍼스,4108,2368,1740,5,481,782,894,1069,877,1,210,445,512,655,545,4,271,337,382,414,332
2020,2,A,골목상권,2110368,송천초등학교,5342,2779,2563,416,2025,1339,744,507,311,177,905,732,414,294,257,239,1120,607,330,213,54
2020,2,A,골목상권,2110367,강북구청,5008,2534,2474,10,519,1028,1016,1220,1215,8,207,520,524,762,513,2,312,508,492,458,702
2020,2,A,골목상권,2110366,광산사거리,3568,1624,1944,6,321,730,793,840,878,4,125,324,383,466,322,2,196,406,410,374,556
2020,2,A,골목상권,2110365,미아역 5번,1610,747,863,3,136,224,389,402,456,3,45,85,163,219,232,0,91,139,226,183,224
2020,2,A,골목상권,2110364,미아역 8번,1852,961,891,3,226,366,513,491,253,1,85,173,274,268,160,2,141,193,239,223,93
2020,2,A,골목상권,2110363,송천동주민센터,819,499,320,2,54,138,220,209,196,1,23,71,116,131,157,1,31,67,104,78,39
2020,2,A,골목상권,2110362,우이천 계성교,2117,1320,797,2,227,296,541,686,365,0,74,153,330,480,283,2,153,143,211,206,82
2020,2,A,골목상권,2110361,삼양사거리역 1번,1111,550,561,3,66,131,213,280,418,2,24,58,105,156,205,1,42,73,108,124,213
2020,2,A,골목상권,2110360,수유초등학교,2635,1274,1361,5,299,387,567,782,595,1,79,163,238,375,418,4,220,224,329,407,177
2020,2,A,골목상권,2110359,수유시장옆,5157,2359,2798,6,450,898,1053,1316,1434,4,136,365,470,708,676,2,314,533,583,608,758
2020,2,A,골목상권,2110358,인수동 우편취급국,2810,1471,1339,2,265,403,554,783,803,0,80,179,255,417,540,2,185,224,299,366,263
2020,2,A,골목상권,2110357,가오리역 1번,2401,1556,845,1,127,166,397,647,1063,0,34,71,252,471,728,1,93,95,145,176,335
2020,2,A,골목상권,2110356,덕수교,2011,1093,918,0,145,214,368,345,939,0,37,85,163,165,643,0,108,129,205,180,296
2020,2,A,골목상권,2110355,삼양사거리역 2번,905,486,419,2,85,153,223,225,217,1,22,49,110,139,165,1,63,104,113,86,52
2020,2,A,골목상권,2110354,삼각산119안전센터,365,141,224,1,38,87,110,81,48,0,9,25,45,32,30,1,29,62,65,49,18
2020,2,A,골목상권,2110353,수유동우체국,2389,1550,839,0,129,158,408,615,1079,0,26,73,267,444,740,0,103,85,141,171,339
2020,2,A,골목상권,2110352,수유1동주민센터,1621,708,913,1,183,303,456,479,199,0,61,122,184,209,132,1,122,181,272,270,67
2020,2,A,골목상권,2110351,수유북부시장옆,1877,1274,603,0,96,227,484,737,333,0,36,133,349,484,272,0,60,94,135,253,61
2020,2,A,골목상권,2110350,가오리역 2번,2640,1559,1081,0,221,477,709,807,426,0,62,232,442,507,316,0,159,245,267,300,110
2020,2,A,골목상권,2110349,화계역 2번,1164,619,545,0,95,179,284,397,209,0,37,65,127,214,176,0,58,114,157,183,33
2020,2,A,골목상권,2110348,강북문화예술회관,3953,2554,1399,0,227,512,876,1129,1209,0,65,242,587,813,847,0,162,270,289,316,362
2020,2,A,골목상권,2110347,구세군강북종합사회복지관,443,186,257,0,54,96,140,85,68,0,10,34,63,36,43,0,44,62,77,49,25
2020,2,A,골목상권,2110346,4.19민주묘지역 2번,754,369,385,0,109,137,212,161,135,0,22,69,113,81,84,0,87,68,99,80,51
2020,2,A,골목상권,2110345,솔밭공원역 2번,1604,918,686,1,168,207,320,549,359,0,35,65,142,387,289,1,133,142,178,162,70
2020,2,A,골목상권,2110344,화계중학교,815,417,398,0,75,148,217,296,79,0,39,57,111,143,67,0,36,91,106,153,12
2020,2,A,골목상권,2110343,무너미어린이공원,2303,1336,967,0,149,297,429,446,982,0,49,177,246,213,651,0,100,120,183,233,331
2020,2,A,골목상권,2110342,국립재활원,2250,1364,886,1,194,476,644,645,290,0,66,242,426,420,210,1,128,234,218,225,80
2020,2,A,골목상권,2110341,북한산우이역 2번,860,529,331,0,44,68,132,304,312,0,14,31,72,258,154,0,30,37,60,46,158
2020,2,A,골목상권,2110340,인수중학교,1205,760,445,6,164,256,276,329,174,6,81,173,168,189,143,0,83,83,108,140,31
2020,2,A,골목상권,2110339,국립4.19민주묘지,1097,718,379,6,146,196,248,305,196,6,67,139,153,190,163,0,79,57,95,115,33
2020,2,A,골목상권,2110338,인수초등학교,1955,1067,888,6,266,494,469,470,250,6,111,260,248,248,194,0,155,234,221,222,56
2020,2,A,골목상권,2110337,아카데미하우스,1438,921,517,6,178,311,344,390,209,6,85,207,216,232,175,0,93,104,128,158,34
2020,2,A,골목상권,2110336,석관고등학교,1951,1389,562,1,128,204,257,338,1023,0,66,113,151,240,819,1,62,91,106,98,204
2020,2,A,골목상권,2110335,석계역 7번,2887,1837,1050,2,243,313,463,598,1268,0,99,147,243,370,978,2,144,166,220,228,290
2020,2,A,골목상권,2110334,석관중앙교회,1691,1099,592,3,192,394,413,449,240,0,95,241,244,324,195,3,97,153,169,125,45
2020,2,A,골목상권,2110333,돌곶이역 5번,2875,2051,824,4,237,375,414,553,1292,0,107,239,264,375,1066,4,130,136,150,178,226
2020,2,A,골목상권,2110332,돌곶이역 3번,2402,1642,760,6,189,237,310,429,1231,1,74,125,174,259,1009,5,115,112,136,170,222
2020,2,A,골목상권,2110331,돌곶이역 8번,1331,817,514,4,173,283,315,283,273,0,60,182,193,164,218,4,113,101,122,119,55
2020,2,A,골목상권,2110330,돌곶이역 1번,1199,626,573,1,137,217,277,273,294,0,40,102,128,127,229,1,97,115,149,146,65
2020,2,A,골목상권,2110329,우리은행체육관,1280,745,535,8,131,269,305,313,254,4,45,134,165,200,197,4,86,135,140,113,57
2020,2,A,골목상권,2110328,상월곡역 3번,966,544,422,4,142,252,268,208,92,1,59,142,158,118,66,3,83,110,110,90,26
2020,2,A,골목상권,2110327,상월곡역 2번,1998,1149,849,5,355,494,539,387,218,1,166,295,311,215,161,4,189,199,228,172,57
2020,2,A,골목상권,2110326,장위동성당,2029,1211,818,4,314,426,541,433,311,3,149,249,314,263,233,1,165,177,227,170,78
2020,2,A,골목상권,2110325,장곡초등학교,1638,957,681,8,198,313,438,380,301,6,100,176,257,221,197,2,98,137,181,159,104
2020,2,A,골목상권,2110324,월곡역 4번,3140,1982,1158,5,533,1043,730,527,302,1,265,704,453,335,224,4,268,339,277,192,78
2020,2,A,골목상권,2110323,상월곡역 1번,4067,2556,1511,5,678,1174,962,808,440,1,336,790,596,503,330,4,342,384,366,305,110
2020,2,A,골목상권,2110322,장위1동주민센터,1274,741,533,8,218,235,278,270,265,4,110,153,164,146,164,4,108,82,114,124,101
2020,2,A,골목상권,2110321,동덕여대,2313,1366,947,1,299,420,551,516,526,0,134,242,299,273,418,1,165,178,252,243,108
2020,2,A,골목상권,2110320,KB국민은행 종암동지점,1182,673,509,1,119,228,369,325,140,1,35,101,200,239,97,0,84,127,169,86,43
2020,2,A,골목상권,2110319,종암동주민센터,2766,1528,1238,6,392,614,672,775,307,1,178,373,362,458,156,5,214,241,310,317,151
2020,2,A,골목상권,2110318,KT월곡지사,4670,3051,1619,8,464,852,998,1077,1271,3,232,511,595,716,994,5,232,341,403,361,277
2020,2,A,골목상권,2110317,종암중학교,984,490,494,0,108,232,312,228,104,0,37,97,154,140,62,0,71,135,158,88,42
2020,2,A,골목상권,2110316,숭곡초등학교,3749,2252,1497,12,320,511,783,810,1313,11,132,241,383,471,1014,1,188,270,400,339,299
2020,2,A,골목상권,2110315,종암아이파크2차,19523,10008,9515,57,1546,5002,7164,5525,229,13,627,1664,3177,4378,149,44,919,3338,3987,1147,80
2020,2,A,골목상권,2110314,종암경찰서,22088,12093,9995,63,1812,5489,7636,6091,997,14,829,2083,3572,4842,753,49,983,3406,4064,1249,244
2020,2,A,골목상권,2110313,안암역 3번,4486,2929,1557,7,548,1055,1239,1027,610,3,263,654,815,721,473,4,285,401,424,306,137
2020,2,A,골목상권,2110312,안암역 2번,1666,856,810,1,199,457,563,337,109,0,70,198,309,204,75,1,129,259,254,133,34
2020,2,A,골목상권,2110311,종암아이파크2차후문,18419,9472,8947,55,1397,4775,6829,5279,84,12,583,1567,3015,4229,66,43,814,3208,3814,1050,18
2020,2,A,골목상권,2110310,길음역 10번,2304,969,1335,10,637,675,493,352,137,1,143,321,258,161,85,9,494,354,235,191,52
2020,2,A,골목상권,2110309,대광초등학교,3669,2531,1138,12,521,883,910,786,557,4,294,622,640,561,410,8,227,261,270,225,147
2020,2,A,골목상권,2110308,길음역 8번,7178,3463,3715,428,2655,1922,1125,688,360,177,1050,1021,613,334,268,251,1605,901,512,354,92
2020,2,A,골목상권,2110307,길음역 7번,2596,948,1648,10,718,682,547,427,212,0,146,268,216,179,139,10,572,414,331,248,73
2020,2,A,골목상권,2110306,미아초등학교,5376,2688,2688,419,2073,1365,788,449,282,176,923,736,412,220,221,243,1150,629,376,229,61
2020,2,A,골목상권,2110305,보문역 5번,6471,4952,1519,11,812,2114,1358,1346,830,5,488,1734,1085,1066,574,6,324,380,273,280,256
2020,2,A,골목상권,2110304,보문역 4번,5081,2911,2170,4,547,1204,1258,1332,736,3,248,624,733,863,440,1,299,580,525,469,296
2020,2,A,골목상권,2110303,성신여대입구역 1번,2302,983,1319,23,343,507,539,532,358,11,93,195,230,247,207,12,250,312,309,285,151
2020,2,A,골목상권,2110302,보문역 8번,6611,5075,1536,7,801,2204,1491,1413,695,2,445,1775,1209,1164,480,5,356,429,282,249,215
2020,2,A,골목상권,2110301,성신여대입구역 7번,2407,1250,1157,22,336,473,551,587,438,16,112,206,285,329,302,6,224,267,266,258,136
2020,2,A,골목상권,2110300,삼선동주민센터,7082,3275,3807,21,849,1747,2084,1699,682,12,261,673,916,1026,387,9,588,1074,1168,673,295
2020,2,A,골목상권,2110299,정릉역 1번,2389,1112,1277,6,327,495,591,580,390,1,79,200,234,301,297,5,248,295,357,279,93
2020,2,A,골목상권,2110298,솔숲어린이공원,1609,756,853,6,199,274,412,438,280,1,58,98,163,222,214,5,141,176,249,216,66
2020,2,A,골목상권,2110297,경동고등학교,9374,4825,4549,19,1150,2351,2816,2260,778,8,435,1116,1431,1392,443,11,715,1235,1385,868,335
2020,2,A,골목상권,2110296,성신여대입구역 4번,13044,7926,5118,60,2010,3119,4030,2350,1475,26,917,1816,2693,1739,735,34,1093,1303,1337,611,740
2020,2,A,골목상권,2110295,정릉우체국,2490,1166,1324,2,366,486,617,609,410,0,99,203,246,329,289,2,267,283,371,280,121
2020,2,A,골목상권,2110294,서경대학교,2549,1324,1225,1,378,447,634,629,460,0,105,193,305,381,340,1,273,254,329,248,120
2020,2,A,골목상권,2110293,삼선중학교,16035,9034,7001,63,2380,3897,5184,2868,1643,27,1059,2173,3103,1899,773,36,1321,1724,2081,969,870
2020,2,A,골목상권,2110292,정릉역 2번,1455,558,897,1,246,356,390,314,148,0,62,144,125,131,96,1,184,212,265,183,52
2020,2,A,골목상권,2110291,한성대입구역 3번,4682,2808,1874,4,513,944,1389,1258,574,2,184,541,891,836,354,2,329,403,498,422,220
2020,2,A,골목상권,2110290,북한산보국문역 1번,1034,535,499,2,104,127,218,313,270,0,28,65,110,176,156,2,76,62,108,137,114
2020,2,A,골목상권,2110289,북한산보국문역 2번,1888,951,937,0,291,395,491,441,270,0,88,179,225,255,204,0,203,216,266,186,66
2020,2,A,골목상권,2110288,동구여중,4250,2398,1852,23,496,930,1431,989,381,12,211,489,785,607,294,11,285,441,646,382,87
2020,2,A,골목상권,2110287,정릉3동주민센터,1637,1229,408,0,230,512,449,314,132,0,133,403,340,243,110,0,97,109,109,71,22
2020,2,A,골목상권,2110286,한성대입구역 5번,6385,3175,3210,20,806,1509,1805,1506,739,9,265,708,929,826,438,11,541,801,876,680,301
2020,2,A,골목상권,2110285,홍대부중,5373,2950,2423,12,1018,1547,1503,934,359,7,415,798,842,619,269,5,603,749,661,315,90
2020,2,A,골목상권,2110284,정릉북한산국립공원입구,1223,860,363,0,80,214,331,411,187,0,23,120,249,314,154,0,57,94,82,97,33
2020,2,A,골목상권,2110283,성북초등학교앞,4093,2342,1751,15,771,1263,1080,686,278,9,312,713,699,425,184,6,459,550,381,261,94
2020,2,A,골목상권,2110282,국민대학교앞,1943,1389,554,15,322,603,452,316,235,14,185,441,355,248,146,1,137,162,97,68,89
2020,2,A,골목상권,2110281,길상사,17018,13990,3028,25,2042,3972,4890,5544,545,4,1214,2904,4251,5231,386,21,828,1068,639,313,159
2020,2,A,골목상권,2110280,북정마을,14960,12846,2114,18,1405,3400,4437,5321,379,4,942,2610,3998,5030,262,14,463,790,439,291,117
2020,2,A,골목상권,2110279,신내역 2번,2047,735,1312,1,530,644,403,373,96,0,99,241,188,148,59,1,431,403,215,225,37
2020,2,A,골목상권,2110278,망우본동주민센터,2878,1577,1301,10,284,489,618,849,628,1,85,183,285,500,523,9,199,306,333,349,105
2020,2,A,골목상권,2110277,러스크서울병원,2130,1283,847,13,203,291,394,651,578,2,69,98,204,424,486,11,134,193,190,227,92
2020,2,A,골목상권,2110276,신내IC북측,607,375,232,0,44,112,142,253,56,0,25,88,107,124,31,0,19,24,35,129,25
2020,2,A,골목상권,2110275,하나은행 망우동지점,1686,1011,675,10,166,215,299,524,472,0,46,66,154,349,396,10,120,149,145,175,76
2020,2,A,골목상권,2110274,서일대학교,2030,1277,753,2,173,309,487,576,483,1,57,162,302,404,351,1,116,147,185,172,132
2020,2,A,골목상권,2110273,장스여성병원,1613,1000,613,9,132,209,298,500,465,1,34,80,150,339,396,8,98,129,148,161,69
2020,2,A,골목상권,2110272,신내1동주민센터,5843,3433,2410,7,756,1311,1295,1459,1015,6,386,660,668,911,802,1,370,651,627,548,213
2020,2,A,골목상권,2110271,신내역 1번,2658,1073,1585,5,607,752,539,616,139,1,134,318,283,257,80,4,473,434,256,359,59
2020,2,A,골목상권,2110270,혜원여고,1224,728,496,0,98,181,286,344,315,0,39,103,157,210,219,0,59,78,129,134,96
2020,2,A,골목상권,2110269,용마문화복지센터,1320,882,438,1,120,224,285,389,301,0,50,133,182,292,225,1,70,91,103,97,76
2020,2,A,골목상권,2110268,망우3동주민센터,1612,1031,581,3,203,323,368,411,304,3,130,207,213,250,228,0,73,116,155,161,76
2020,2,A,골목상권,2110267,망우역 2번,3855,2306,1549,17,545,783,816,902,792,13,310,445,442,506,590,4,235,338,374,396,202
2020,2,A,골목상권,2110266,면목동우체국,3102,1920,1182,7,322,539,733,852,649,2,104,264,432,611,507,5,218,275,301,241,142
2020,2,A,골목상권,2110265,망우역 1번,3076,1829,1247,16,364,540,716,803,637,5,170,256,354,517,527,11,194,284,362,286,110
2020,2,A,골목상권,2110264,면목역 2번,2233,1223,1010,3,236,458,534,610,392,0,80,225,279,374,265,3,156,233,255,236,127
2020,2,A,골목상권,2110263,면목역 1번,2962,1753,1209,6,445,738,846,625,302,3,244,499,441,330,236,3,201,239,405,295,66
2020,2,A,골목상권,2110262,상봉역 3번,3221,1967,1254,8,450,790,948,652,373,4,252,530,510,366,305,4,198,260,438,286,68
2020,2,A,골목상권,2110261,사가정역 4번,3127,2086,1041,5,288,460,746,997,631,4,111,243,469,761,498,1,177,217,277,236,133
2020,2,A,골목상권,2110260,면목역 3번,2514,1442,1072,3,356,591,717,548,299,0,154,393,354,299,242,3,202,198,363,249,57
2020,2,A,골목상권,2110259,사가정역 1번,3127,1865,1262,6,337,678,872,745,489,3,144,363,490,495,370,3,193,315,382,250,119
2020,2,A,골목상권,2110258,면동초등학교,2037,1206,831,5,240,437,528,494,333,1,106,255,280,307,257,4,134,182,248,187,76
2020,2,A,골목상권,2110257,상봉역 7번,2452,1607,845,11,219,403,552,647,620,10,108,220,301,442,526,1,111,183,251,205,94
2020,2,A,골목상권,2110256,면목2동체육관,3547,2122,1425,5,446,738,941,853,564,1,202,481,507,484,447,4,244,257,434,369,117
2020,2,A,골목상권,2110255,상봉역 4번,4458,2784,1674,6,479,915,1219,1023,816,1,229,569,676,643,666,5,250,346,543,380,150
2020,2,A,골목상권,2110254,오거리공원,2416,1571,845,3,191,424,659,814,325,2,79,223,410,603,254,1,112,201,249,211,71
2020,2,A,골목상권,2110253,중곡초등학교,1855,1320,535,2,153,294,471,641,294,1,81,182,321,513,222,1,72,112,150,128,72
2020,2,A,골목상권,2110252,장안제일시장,1993,1261,732,2,203,364,494,505,425,1,97,223,245,330,365,1,106,141,249,175,60
2020,2,A,골목상권,2110251,장안중학교,2262,1349,913,0,231,428,502,567,534,0,89,190,253,357,460,0,142,238,249,210,74
2020,2,A,골목상권,2110250,화랑대역 7번,1509,739,770,5,140,332,409,398,225,1,49,156,183,195,155,4,91,176,226,203,70
2020,2,A,골목상권,2110249,중화역 1번,3063,1949,1114,1,402,709,752,735,464,1,223,405,433,507,380,0,179,304,319,228,84
2020,2,A,골목상권,2110248,먹골파출소,1263,628,635,3,134,298,352,301,175,0,45,145,171,147,120,3,89,153,181,154,55
2020,2,A,골목상권,2110247,먹골역 1번,2991,1922,1069,0,398,676,750,773,394,0,207,418,446,532,319,0,191,258,304,241,75
2020,2,A,골목상권,2110246,월드순복음교회,2145,1274,871,4,193,347,472,594,535,1,63,160,269,364,417,3,130,187,203,230,118
2020,2,A,골목상권,2110245,KB국민은행 중화동지점,2037,1261,776,3,166,345,495,514,514,1,63,179,281,323,414,2,103,166,214,191,100
2020,2,A,골목상권,2110244,중화역 4번,2398,1528,870,2,356,606,575,562,297,2,209,364,342,382,229,0,147,242,233,180,68
2020,2,A,골목상권,2110243,중랑노인종합복지관,1660,977,683,2,141,271,376,485,385,1,50,133,206,282,305,1,91,138,170,203,80
2020,2,A,골목상권,2110242,면목5동주민센터,1226,796,430,1,101,187,289,334,314,0,45,120,154,211,266,1,56,67,135,123,48
2020,2,A,골목상권,2110241,먹골역 5번,2531,1611,920,1,347,608,639,667,269,1,191,387,378,452,202,0,156,221,261,215,67
2020,2,A,골목상권,2110240,태릉시장 특화거리,1145,548,597,8,174,260,261,239,203,6,84,106,113,110,129,2,90,154,148,129,74
2020,2,A,골목상권,2110239,중랑역 2번,690,313,377,5,95,118,156,155,161,2,29,46,64,73,99,3,66,72,92,82,62
2020,2,A,골목상권,2110238,배꽃어린이공원,1473,1122,351,2,227,342,337,358,207,2,157,266,243,292,162,0,70,76,94,66,45
2020,2,A,골목상권,2110237,메가박스 상봉,3560,2363,1197,12,356,778,1051,1010,353,10,168,485,723,741,236,2,188,293,328,269,117
2020,2,A,골목상권,2110236,신묵초등학교,2471,1622,849,2,350,599,613,640,267,2,195,394,387,452,192,0,155,205,226,188,75
2020,2,A,골목상권,2110235,세화어린이공원,381,210,171,6,90,59,103,71,52,5,52,33,45,38,37,1,38,26,58,33,15
2020,2,A,골목상권,2110234,중랑역 4번,3174,2317,857,12,298,719,1010,858,277,10,155,484,757,704,207,2,143,235,253,154,70
2020,2,A,골목상권,2110233,중랑역 1번,3032,2188,844,17,357,651,916,814,277,14,188,439,671,673,203,3,169,212,245,141,74
2020,2,A,골목상권,2110232,동대부고,3028,1420,1608,3,381,593,816,786,449,1,123,264,333,381,318,2,258,329,483,405,131
2020,2,A,골목상권,2110231,장안교,1741,1065,676,6,143,324,461,478,329,4,59,155,249,315,283,2,84,169,212,163,46
2020,2,A,골목상권,2110230,장안현대홈타운1차아파트,5246,2850,2396,14,898,1262,1405,1131,536,10,473,718,698,598,353,4,425,544,707,533,183
2020,2,A,골목상권,2110229,장평중학교,5475,3447,2028,11,604,1021,1167,1234,1438,7,309,620,723,769,1019,4,295,401,444,465,419
2020,2,A,골목상권,2110228,장안근린공원,6839,3589,3250,54,2007,1290,1365,1326,797,32,1034,727,628,629,539,22,973,563,737,697,258
2020,2,A,골목상권,2110227,답십리공원,4470,2551,1919,49,1629,777,743,784,488,30,929,507,422,364,299,19,700,270,321,420,189
2020,2,A,골목상권,2110226,장안1동주민센터,6971,3871,3100,22,858,1351,1602,1672,1466,17,403,767,886,926,872,5,455,584,716,746,594
2020,2,A,골목상권,2110225,촬영소사거리,2931,1595,1336,12,223,386,587,760,963,9,107,227,365,390,497,3,116,159,222,370,466
2020,2,A,골목상권,2110224,외대앞역 2번,1398,804,594,3,138,261,402,359,235,1,53,146,243,245,116,2,85,115,159,114,119
2020,2,A,골목상권,2110223,군자초등학교,6674,4353,2321,43,1459,1676,1307,1058,1131,11,711,1129,908,704,890,32,748,547,399,354,241
2020,2,A,골목상권,2110222,회기역 2번,2392,1179,1213,2,403,501,609,625,252,0,104,257,343,339,136,2,299,244,266,286,116
2020,2,A,골목상권,2110221,의릉,1144,696,448,3,127,310,315,263,126,0,43,194,185,173,101,3,84,116,130,90,25
2020,2,A,골목상권,2110220,외대앞역 1번,3641,1571,2070,2,688,923,946,679,403,1,133,336,444,404,253,1,555,587,502,275,150
2020,2,A,골목상권,2110219,삼육보건대학교,4450,2371,2079,4,582,896,1094,1128,746,2,182,417,615,657,498,2,400,479,479,471,248
2020,2,A,골목상권,2110218,답십리사거리,1435,853,582,7,165,299,369,350,245,5,66,165,204,224,189,2,99,134,165,126,56
2020,2,A,골목상권,2110217,자동차부품상가,6813,4504,2309,26,1478,1623,1457,1223,1006,21,859,1143,968,768,745,5,619,480,489,455,261
2020,2,A,골목상권,2110216,전농중학교,2153,1119,1034,3,263,476,586,555,270,1,114,236,297,296,175,2,149,240,289,259,95
2020,2,A,골목상권,2110215,회기역 1번,2459,902,1557,4,638,776,558,322,161,1,126,278,223,148,126,3,512,498,335,174,35
2020,2,A,골목상권,2110214,경희대후문,3292,1434,1858,1,689,917,862,572,251,1,134,332,426,346,195,0,555,585,436,226,56
2020,2,A,골목상권,2110213,청량초등학교,2169,702,1467,0,592,722,494,250,111,0,101,237,187,96,81,0,491,485,307,154,30
2020,2,A,골목상권,2110212,답십리초등학교,6736,3585,3151,26,1187,1542,1846,1660,475,22,887,1141,773,457,305,4,300,401,1073,1203,170
2020,2,A,골목상권,2110211,전곡마을마당공원,2826,1580,1246,4,375,594,732,764,357,1,152,275,439,468,245,3,223,319,293,296,112
2020,2,A,골목상권,2110210,서울시립대,3076,1537,1539,7,419,611,663,709,667,4,126,242,352,377,436,3,293,369,311,332,231
2020,2,A,골목상권,2110209,답십리 장령당공원,4354,2000,2354,4,640,954,1230,1197,329,1,470,685,419,202,223,3,170,269,811,995,106
2020,2,A,골목상권,2110208,시조사삼거리,2384,1294,1090,4,388,710,460,463,359,3,155,452,245,252,187,1,233,258,215,211,172
2020,2,A,골목상권,2110207,시립대앞사거리,2645,1363,1282,3,363,557,634,682,406,1,117,229,344,396,276,2,246,328,290,286,130
2020,2,A,골목상권,2110206,텃골근린공원,1284,744,540,2,151,241,347,340,203,1,84,134,221,207,97,1,67,107,126,133,106
2020,2,A,골목상권,2110205,경희대삼거리,3822,2069,1753,6,701,1290,710,636,479,4,281,760,405,362,257,2,420,530,305,274,222
2020,2,A,골목상권,2110204,간데메공원,1794,1235,559,6,298,435,450,379,226,3,196,277,304,275,180,3,102,158,146,104,46
2020,2,A,골목상권,2110203,떡전교사거리,1943,858,1085,2,261,350,385,429,516,2,79,140,162,190,285,0,182,210,223,239,231
2020,2,A,골목상권,2110202,전농1동주민센터(전농시장),593,343,250,0,76,107,147,149,114,0,49,61,93,85,55,0,27,46,54,64,59
2020,2,A,골목상권,2110201,전농119안전센터,825,530,295,0,102,158,244,182,139,0,68,101,168,117,76,0,34,57,76,65,63
2020,2,A,골목상권,2110200,동대문경찰서,1083,572,511,0,119,177,222,305,260,0,60,86,111,138,177,0,59,91,111,167,83
2020,2,A,골목상권,2110199,홍릉시장,1158,621,537,0,99,193,238,354,274,0,46,95,119,165,196,0,53,98,119,189,78
2020,2,A,골목상권,2110198,동대문중앙새마을금고본점,688,361,327,0,52,89,135,214,198,0,23,47,72,99,120,0,29,42,63,115,78
2020,2,A,골목상권,2110197,세종대왕기념관교차로,2510,1548,962,3,426,731,600,539,211,2,154,376,417,419,180,1,272,355,183,120,31
2020,2,A,골목상권,2110196,홍릉근린공원,1047,653,394,1,93,198,337,285,133,1,37,93,216,188,118,0,56,105,121,97,15
2020,2,A,골목상권,2110195,동대문구청,4287,2125,2162,6,481,906,1023,1183,688,3,186,393,469,674,400,3,295,513,554,509,288
2020,2,A,골목상권,2110194,홍파초등학교,1798,1085,713,2,140,330,522,522,282,1,84,184,314,291,211,1,56,146,208,231,71
2020,2,A,골목상권,2110193,고려대역 4번,1232,835,397,1,79,208,403,369,172,1,35,113,259,283,144,0,44,95,144,86,28
2020,2,A,골목상권,2110192,동의보감타워,5324,3233,2091,17,756,1316,1285,1303,647,8,482,802,763,820,358,9,274,514,522,483,289
2020,2,A,골목상권,2110191,고려대역 6번,1157,702,455,2,78,202,355,318,202,1,38,103,203,201,156,1,40,99,152,117,46
2020,2,A,골목상권,2110190,고대앞사거리,3236,1724,1512,5,469,907,933,626,296,2,192,462,500,367,201,3,277,445,433,259,95
2020,2,A,골목상권,2110189,제기동역 1번,6727,4533,2194,21,1156,1875,1505,1131,1039,8,647,1270,1059,767,782,13,509,605,446,364,257
2020,2,A,골목상권,2110188,용두동신동아아파트,9251,6800,2451,57,1038,1991,2191,2660,1314,37,705,1428,1679,1971,980,20,333,563,512,689,334
2020,2,A,골목상권,2110187,제기동역 6번,7263,4732,2531,20,1249,2025,1616,1231,1122,8,662,1282,1102,844,834,12,587,743,514,387,288
2020,2,A,골목상권,2110186,종암초등학교,3678,2369,1309,3,481,1024,1038,724,408,0,199,624,702,506,338,3,282,400,336,218,70
2020,2,A,골목상권,2110185,용두초등학교,9216,4802,4414,9,826,2131,2857,2357,1036,3,373,1210,1418,1091,707,6,453,921,1439,1266,329
2020,2,A,골목상권,2110184,용두사거리,7078,2654,4424,6,1108,1663,1364,1642,1295,2,332,723,563,452,582,4,776,940,801,1190,713
2020,2,A,골목상권,2110183,한국의류시험연구원,6586,2490,4096,5,1038,1511,1273,1514,1245,1,321,694,532,384,558,4,717,817,741,1130,687
2020,2,A,골목상권,2110182,용두희망어린이공원,8150,3848,4302,10,1180,1780,1735,2093,1352,4,438,992,944,839,631,6,742,788,791,1254,721
2020,2,A,골목상권,2110181,신설동역 9번,13079,7138,5941,34,1192,2706,3581,3279,2287,18,594,1610,1908,1605,1403,16,598,1096,1673,1674,884
2020,2,A,골목상권,2110180,광진정보도서관,9548,6222,3326,19,2321,3104,2006,1368,730,5,1187,2103,1425,958,544,14,1134,1001,581,410,186
2020,2,A,골목상권,2110179,광나루역 1번,6574,3993,2581,161,2344,1211,1143,1171,544,51,1118,831,807,821,365,110,1226,380,336,350,179
2020,2,A,골목상권,2110178,장로회신학대학교,2969,2050,919,2,411,751,730,698,377,0,227,542,543,493,245,2,184,209,187,205,132
2020,2,A,골목상권,2110177,동의초등학교,1459,779,680,1,169,274,393,406,216,0,61,146,213,214,145,1,108,128,180,192,71
2020,2,A,골목상권,2110176,해오름공원,4046,2107,1939,5,730,888,1169,939,315,2,195,417,665,579,249,3,535,471,504,360,66
2020,2,A,골목상권,2110175,푸른동산공원,9538,5255,4283,11,988,1818,2356,2694,1671,5,574,1201,1457,1185,833,6,414,617,899,1509,838
2020,2,A,골목상권,2110174,아차산역 1번,3794,2279,1515,7,421,721,1109,1004,532,3,189,430,702,589,366,4,232,291,407,415,166
2020,2,A,골목상권,2110173,구남초등학교,11730,6787,4943,24,1163,2242,2831,3303,2167,9,628,1467,1814,1629,1240,15,535,775,1017,1674,927
2020,2,A,골목상권,2110172,광진초등학교,3672,2114,1558,57,568,731,843,922,551,25,284,392,475,537,401,32,284,339,368,385,150
2020,2,A,골목상권,2110171,중곡4동주민센터,3077,1296,1781,4,590,757,782,700,244,2,117,276,348,364,189,2,473,481,434,336,55
2020,2,A,골목상권,2110170,동대부여고,6257,3117,3140,5,456,1045,1777,2129,845,2,193,556,964,908,494,3,263,489,813,1221,351
2020,2,A,골목상권,2110169,성동초등학교,6765,4291,2474,18,675,1492,1785,1727,1068,4,365,915,1130,1071,806,14,310,577,655,656,262
2020,2,A,골목상권,2110168,대원고등학교,2238,1319,919,4,229,483,556,618,348,2,102,238,295,395,287,2,127,245,261,223,61
2020,2,A,골목상권,2110167,용마초등학교,4509,2630,1879,12,580,923,1177,1052,765,4,313,546,644,575,548,8,267,377,533,477,217
2020,2,A,골목상권,2110166,구의1동주민센터,15219,11430,3789,17,1059,2485,4251,5895,1512,12,537,1532,3205,4890,1254,5,522,953,1046,1005,258
2020,2,A,골목상권,2110165,국립정신건강센터,2585,1477,1108,3,244,534,684,699,421,0,94,256,352,434,341,3,150,278,332,265,80
2020,2,A,골목상권,2110164,아차산역 5번,2694,1609,1085,7,347,531,659,642,508,2,169,304,401,359,374,5,178,227,258,283,134
2020,2,A,골목상권,2110163,성자초등학교,3129,1834,1295,13,357,640,850,913,356,9,224,372,481,482,266,4,133,268,369,431,90
2020,2,A,골목상권,2110162,군자역 4번,3924,2332,1592,15,598,853,977,809,672,8,340,511,565,435,473,7,258,342,412,374,199
2020,2,A,골목상권,2110161,중곡역 3번,2364,1591,773,7,197,379,569,778,434,2,89,224,353,586,337,5,108,155,216,192,97
2020,2,A,골목상권,2110160,광진경찰서,2323,1406,917,4,347,648,636,516,172,1,194,397,354,334,126,3,153,251,282,182,46
2020,2,A,골목상권,2110159,구의역 4번,15886,11761,4125,20,1195,2502,4360,6044,1765,14,552,1526,3278,4933,1458,6,643,976,1082,1111,307
2020,2,A,골목상권,2110158,중곡3동주민센터,2903,2098,805,5,253,521,703,934,487,1,136,358,470,736,397,4,117,163,233,198,90
2020,2,A,골목상권,2110157,자양동우체국,2103,1420,683,14,451,461,501,450,226,10,346,329,303,259,173,4,105,132,198,191,53
2020,2,A,골목상권,2110156,군자역 5번,3797,2348,1449,10,541,828,936,817,665,6,297,488,572,478,507,4,244,340,364,339,158
2020,2,A,골목상권,2110155,광진구청,13911,10903,3008,14,1009,2223,3822,5359,1484,12,536,1458,2986,4650,1261,2,473,765,836,709,223
2020,2,A,골목상권,2110154,광진정말공원,2494,1436,1058,7,351,455,604,640,437,5,171,260,316,357,327,2,180,195,288,283,110
2020,2,A,골목상권,2110153,중곡1동주민센터,5211,2445,2766,82,1436,912,1081,1176,524,28,644,492,513,422,346,54,792,420,568,754,178
2020,2,A,골목상권,2110152,중곡어린이공원,2482,1526,956,49,471,549,517,545,351,6,194,337,328,368,293,43,277,212,189,177,58
2020,2,A,골목상권,2110151,자양한강도서관,2520,1817,703,15,490,505,614,608,288,11,373,369,422,418,224,4,117,136,192,190,64
2020,2,A,골목상권,2110150,중곡1동 마을마당,5928,2959,2969,84,1503,1158,1196,1359,628,30,654,632,616,572,455,54,849,526,580,787,173
2020,2,A,골목상권,2110149,세종대학교,1090,593,497,0,153,295,256,226,160,0,69,164,150,110,100,0,84,131,106,116,60
2020,2,A,골목상권,2110148,어린이대공원역 3번,1449,1013,436,2,138,200,381,498,230,0,66,128,264,363,192,2,72,72,117,135,38
2020,2,A,골목상권,2110147,능동우편취급국,5319,2666,2653,35,1292,1071,1074,1227,620,22,621,624,558,446,395,13,671,447,516,781,225
2020,2,A,골목상권,2110146,신자초등학교,3030,2209,821,8,345,709,894,809,265,3,232,532,652,588,202,5,113,177,242,221,63
2020,2,A,골목상권,2110145,장안초등학교,913,444,469,0,95,163,182,275,198,0,30,77,88,131,118,0,65,86,94,144,80
2020,2,A,골목상권,2110144,어린이대공원역 4번,1995,1266,729,2,200,302,497,650,344,0,76,165,320,437,268,2,124,137,177,213,76
2020,2,A,골목상권,2110143,뚝섬유원지역 1번,1854,1500,354,4,199,512,536,442,161,1,151,418,445,358,127,3,48,94,91,84,34
2020,2,A,골목상권,2110142,화양사거리,4124,2353,1771,5,665,1024,1057,859,514,2,309,600,651,427,364,3,356,424,406,432,150
2020,2,A,골목상권,2110141,건대입구역 1번,3299,2189,1110,13,442,738,841,702,563,6,231,484,570,459,439,7,211,254,271,243,124
2020,2,A,골목상권,2110140,건대입구역 6번,5095,3245,1850,28,632,1049,1230,1212,944,21,284,628,783,815,714,7,348,421,447,397,230
2020,2,A,골목상권,2110139,자양4동주민센터,3041,2288,753,62,487,732,735,671,354,28,320,558,574,520,288,34,167,174,161,151,66
2020,2,A,골목상권,2110138,송정체육공원,4312,2537,1775,2,725,1148,1094,805,538,0,350,692,688,425,382,2,375,456,406,380,156
2020,2,A,골목상권,2110137,성수초등학교,15849,10295,5554,64,2391,4011,4214,3217,1952,49,1240,2613,2806,2104,1483,15,1151,1398,1408,1113,469
2020,2,A,골목상권,2110136,경수초등학교,19912,12290,7622,134,4030,5003,4511,3778,2456,78,1986,3201,2930,2315,1780,56,2044,1802,1581,1463,676
2020,2,A,골목상권,2110135,성동세무서,7155,4565,2590,12,1071,1813,1835,1515,909,5,579,1158,1197,926,700,7,492,655,638,589,209
2020,2,A,골목상권,2110134,성수119안전센터,4792,3359,1433,79,805,1245,1218,959,486,39,481,883,888,682,386,40,324,362,330,277,100
2020,2,A,골목상권,2110133,서울교통공사,6588,4563,2025,50,1729,1852,1274,965,718,21,996,1339,950,679,578,29,733,513,324,286,140
2020,2,A,골목상권,2110132,성수2가3동주민센터,4528,2778,1750,14,563,1101,1102,1022,726,11,282,667,706,642,470,3,281,434,396,380,256
2020,2,A,골목상권,2110131,성수동카페거리,18863,11455,7408,84,3960,5083,4195,3250,2291,51,1964,3230,2724,1930,1556,33,1996,1853,1471,1320,735
2020,2,A,골목상권,2110130,답십리역 6번,5783,2708,3075,6,834,1254,1641,1495,553,2,564,856,606,323,357,4,270,398,1035,1172,196
2020,2,A,골목상권,2110129,성원어린이공원,5831,3754,2077,21,932,1339,1290,1152,1097,16,543,871,862,738,724,5,389,468,428,414,373
2020,2,A,골목상권,2110128,성원중학교,5913,4100,1813,24,740,1417,1504,1425,803,13,428,1018,1078,1009,554,11,312,399,426,416,249
2020,2,A,골목상권,2110127,성수1가1동주민센터,5851,3818,2033,21,1131,1850,1426,919,504,11,621,1230,924,626,406,10,510,620,502,293,98
2020,2,A,골목상권,2110126,서울숲역 1번,4957,3278,1679,19,954,1230,1086,892,776,12,568,830,689,609,570,7,386,400,397,283,206
2020,2,A,골목상권,2110125,사근동살곶이상점가,2512,1782,730,2,144,443,815,743,365,2,54,289,563,579,295,0,90,154,252,164,70
2020,2,A,골목상권,2110124,뚝섬역교차로,3140,2236,904,14,450,585,706,728,657,12,229,380,469,568,578,2,221,205,237,160,79
2020,2,A,골목상권,2110123,마장역 3번,1661,1034,627,1,198,311,408,441,302,1,95,185,241,285,227,0,103,126,167,156,75
2020,2,A,골목상권,2110122,마장역 2번,1517,1003,514,1,159,243,355,441,318,1,89,160,221,294,238,0,70,83,134,147,80
2020,2,A,골목상권,2110121,한양대역 4번,2434,1709,725,0,128,423,780,733,370,0,43,274,532,559,301,0,85,149,248,174,69
2020,2,A,골목상권,2110120,서울숲카페거리,1582,1046,536,5,184,292,370,390,341,4,93,172,212,275,290,1,91,120,158,115,51
2020,2,A,골목상권,2110119,마장지하차도,2657,987,1670,3,257,346,556,850,645,1,141,190,234,227,194,2,116,156,322,623,451
2020,2,A,골목상권,2110118,왕십리역 9번,2693,1327,1366,12,554,698,635,510,284,2,170,310,345,292,208,10,384,388,290,218,76
2020,2,A,골목상권,2110117,성동구보건소,3376,1242,2134,9,551,497,662,965,692,2,191,247,299,296,207,7,360,250,363,669,485
2020,2,A,골목상권,2110116,청계천박물관,8711,5833,2878,46,804,1715,2072,2820,1254,33,442,1069,1395,1994,900,13,362,646,677,826,354
2020,2,A,골목상권,2110115,상왕십리역 3번,5567,2521,3046,19,895,982,1144,1447,1080,4,303,543,630,605,436,15,592,439,514,842,644
2020,2,A,골목상권,2110114,왕십리파출소,2943,1055,1888,16,538,508,588,804,489,3,198,277,289,197,91,13,340,231,299,607,398
2020,2,A,골목상권,2110113,응봉산,2383,905,1478,16,296,761,960,256,94,0,90,252,389,108,66,16,206,509,571,148,28
2020,2,A,골목상권,2110112,행당역 2번,1515,781,734,1,187,321,403,404,199,0,71,141,204,221,144,1,116,180,199,183,55
2020,2,A,골목상권,2110111,대현산장미원,336,200,136,1,46,57,83,78,71,0,15,28,41,53,63,1,31,29,42,25,8
2020,2,A,골목상권,2110110,상왕십리역 6번,2892,1693,1199,14,435,651,657,653,482,5,147,368,443,432,298,9,288,283,214,221,184
2020,2,A,골목상권,2110109,금호삼성래미안아파트,2707,1162,1545,17,330,830,1057,350,123,1,119,302,464,178,98,16,211,528,593,172,25
2020,2,A,골목상권,2110108,성동구립금호도서관,272,128,144,0,32,55,72,79,34,0,14,29,30,29,26,0,18,26,42,50,8
2020,2,A,골목상권,2110107,금호사거리,2741,1185,1556,16,316,815,1029,373,192,1,105,276,444,211,148,15,211,539,585,162,44
2020,2,A,골목상권,2110106,금북초등학교,682,416,266,1,112,193,201,134,41,1,66,107,128,85,29,0,46,86,73,49,12
2020,2,A,골목상권,2110105,금동어린이공원,3124,1300,1824,16,371,929,1129,449,230,1,117,326,480,214,162,15,254,603,649,235,68
2020,2,A,골목상권,2110104,신금호역 4번,1550,885,665,2,200,375,389,317,267,2,69,194,228,192,200,0,131,181,161,125,67
2020,2,A,골목상권,2110103,옥수터널,652,341,311,1,61,162,188,182,58,0,22,73,103,102,41,1,39,89,85,80,17
2020,2,A,골목상권,2110102,옥수역 6번,4523,1702,2821,5,1162,1330,1014,721,291,0,285,464,469,333,151,5,877,866,545,388,140
2020,2,A,골목상권,2110101,옥정중학교,11800,7925,3875,10,1772,3747,3394,2453,424,5,571,2350,2657,2066,276,5,1201,1397,737,387,148
2020,2,A,골목상권,2110100,옥수동우편취급국,8356,6820,1536,8,785,2676,2652,2008,227,4,361,2018,2357,1893,187,4,424,658,295,115,40
2020,2,A,골목상권,2110099,유엔빌리지길,22417,18045,4372,50,2713,5729,6376,6735,814,38,1345,4185,5513,6284,680,12,1368,1544,863,451,134
2020,2,A,골목상권,2110098,서울독일학교,22179,18008,4171,40,2712,5547,6234,6685,961,31,1363,4085,5433,6273,823,9,1349,1462,801,412,138
2020,2,A,골목상권,2110097,한남초등학교,7826,5468,2358,14,1401,2935,1774,1222,480,7,711,1893,1374,1079,404,7,690,1042,400,143,76
2020,2,A,골목상권,2110096,한남힐사이드아파트,8734,5560,3174,9,1774,3226,2049,1383,293,6,757,1958,1477,1118,244,3,1017,1268,572,265,49
2020,2,A,골목상권,2110095,한강진역 3번,16261,10270,5991,51,3557,5623,3802,2391,837,29,1573,3350,2741,1953,624,22,1984,2273,1061,438,213
2020,2,A,골목상권,2110094,오산중학교,475,243,232,0,38,115,148,115,59,0,11,56,70,66,40,0,27,59,78,49,19
2020,2,A,골목상권,2110093,우사단길,9702,6097,3605,43,1853,3128,2442,1391,845,25,761,1853,1780,1071,607,18,1092,1275,662,320,238
2020,2,A,골목상권,2110092,NH농협은행 보광동지점,4109,2859,1250,31,584,1186,1179,823,306,21,305,795,876,631,231,10,279,391,303,192,75
2020,2,A,골목상권,2110091,리움미술관,7513,4522,2991,24,1801,2643,1844,904,297,15,749,1458,1336,748,216,9,1052,1185,508,156,81
2020,2,A,골목상권,2110090,한국폴리텍대학서울정수캠퍼스,8083,4908,3175,18,1242,2436,2730,1210,447,8,540,1218,1919,926,297,10,702,1218,811,284,150
2020,2,A,골목상권,2110089,서빙고동주민센터,2543,1491,1052,2,350,655,776,449,311,0,109,359,499,312,212,2,241,296,277,137,99
2020,2,A,골목상권,2110088,오산고등학교,10165,6137,4028,22,1462,3094,3318,1687,582,10,653,1517,2260,1276,421,12,809,1577,1058,411,161
2020,2,A,골목상권,2110087,이태원엔틱가구거리,6439,3688,2751,31,1233,1753,1633,1215,574,18,527,948,988,811,396,13,706,805,645,404,178
2020,2,A,골목상권,2110086,이태원역 북측,18101,8842,9259,50,4925,6856,3887,1818,565,27,1453,3140,2391,1403,428,23,3472,3716,1496,415,137
2020,2,A,골목상권,2110085,경리단길남측,13583,6464,7119,26,4020,5279,2796,1133,329,12,1128,2390,1742,930,262,14,2892,2889,1054,203,67
2020,2,A,골목상권,2110084,경리단길북측,2575,1428,1147,8,511,741,625,464,226,5,222,375,345,310,171,3,289,366,280,154,55
2020,2,A,골목상권,2110083,서빙고역 1번,7782,5014,2768,20,1542,2118,1985,1422,695,7,687,1379,1388,1051,502,13,855,739,597,371,193
2020,2,A,골목상권,2110082,용산구청,5502,3128,2374,31,1057,1491,1412,1063,448,18,466,777,844,718,305,13,591,714,568,345,143
2020,2,A,골목상권,2110081,해방촌 남동측,2277,1520,757,0,210,420,747,723,177,0,84,238,543,529,126,0,126,182,204,194,51
2020,2,A,골목상권,2110080,해방촌예술마을,2607,1687,920,3,326,485,828,763,202,3,119,277,599,550,139,0,207,208,229,213,63
2020,2,A,골목상권,2110079,후암동주민센터,26370,18974,7396,29,4638,9384,6904,3904,1511,17,2634,6434,5604,3182,1103,12,2004,2950,1300,722,408
2020,2,A,골목상권,2110078,이촌동점보아파트,4837,3011,1826,17,786,1296,1215,1059,464,3,411,785,813,678,321,14,375,511,402,381,143
2020,2,A,골목상권,2110077,삼광초등학교,10904,3587,7317,161,6225,1915,1250,982,371,16,681,930,949,744,267,145,5544,985,301,238,104
2020,2,A,골목상권,2110076,삼각지역 14번,6002,4060,1942,4,649,1637,1939,1419,354,4,356,1043,1439,994,224,0,293,594,500,425,130
2020,2,A,골목상권,2110075,숙대입구역 1번,16585,6297,10288,168,7307,3895,2570,1725,920,17,977,1713,1667,1230,693,151,6330,2182,903,495,227
2020,2,A,골목상권,2110074,서울역 12번,36080,21404,14676,180,11191,11602,7333,3938,1836,24,3411,7449,5868,3241,1411,156,7780,4153,1465,697,425
2020,2,A,골목상권,2110073,삼각지역 3번,24882,9347,15535,123,6255,8074,6887,2839,704,50,2240,2899,2427,1321,410,73,4015,5175,4460,1518,294
2020,2,A,골목상권,2110072,열정도,4551,3239,1312,28,750,1138,1119,932,584,11,409,807,866,718,428,17,341,331,253,214,156
2020,2,A,골목상권,2110071,한강미주맨션아파트,8064,4602,3462,40,1013,1799,2828,1862,522,31,446,1073,1552,1149,351,9,567,726,1276,713,171
2020,2,A,골목상권,2110070,용산세무서,7939,5013,2926,7,817,1787,2969,1915,444,0,510,1163,1775,1265,300,7,307,624,1194,650,144
2020,2,A,골목상권,2110069,숙대입구,8595,4893,3702,31,1607,2846,2045,1332,734,14,680,1474,1258,921,546,17,927,1372,787,411,188
2020,2,A,골목상권,2110068,남영역 1번,10534,7108,3426,48,1834,3359,2754,1651,888,21,965,2182,2055,1256,629,27,869,1177,699,395,259
2020,2,A,골목상권,2110067,배문고등학교,8614,4267,4347,14,1830,2555,1776,1409,1030,5,506,1119,947,892,798,9,1324,1436,829,517,232
2020,2,A,골목상권,2110066,서울역 15번,4687,2417,2270,10,918,1376,996,759,628,5,306,619,554,459,474,5,612,757,442,300,154
2020,2,A,골목상권,2110065,남정초등학교,3515,2475,1040,20,568,1031,937,561,398,16,362,771,668,380,278,4,206,260,269,181,120
2020,2,A,골목상권,2110064,효창공원앞역 2번,4350,2663,1687,18,593,1122,1112,971,534,16,308,706,691,592,350,2,285,416,421,379,184
2020,2,A,골목상권,2110063,효창공원앞역 5번,6102,4294,1808,25,915,1808,1707,985,662,18,553,1315,1239,686,483,7,362,493,468,299,179
2020,2,A,골목상권,2110062,한강로동땡땡거리(은행나무길),9571,5392,4179,16,1072,2335,3099,2183,866,8,465,1231,1677,1434,577,8,607,1104,1422,749,289
2020,2,A,골목상권,2110061,효창동주민센터,5974,4267,1707,8,974,1567,1609,1209,607,5,555,1149,1205,870,483,3,419,418,404,339,124
2020,2,A,골목상권,2110060,효창공원앞역 6번,7211,4881,2330,24,1280,1934,1960,1421,592,14,694,1365,1393,983,432,10,586,569,567,438,160
2020,2,A,골목상권,2110059,새남터성지,3196,2152,1044,11,491,853,906,661,274,4,251,549,683,496,169,7,240,304,223,165,105
2020,2,A,골목상권,2110058,성심여자고등학교,8454,6100,2354,32,1374,2650,2295,1464,639,15,784,1877,1770,1151,503,17,590,773,525,313,136
2020,2,A,골목상권,2110057,황학코아루아파트,2115,1166,949,5,348,575,548,400,239,4,168,319,277,224,174,1,180,256,271,176,65
2020,2,A,골목상권,2110056,신당역 3번,2900,1536,1364,6,461,783,704,555,391,6,194,381,370,312,273,0,267,402,334,243,118
2020,2,A,골목상권,2110055,황학동벼룩시장,3042,1645,1397,31,928,652,595,540,296,16,396,333,352,341,207,15,532,319,243,199,89
2020,2,A,골목상권,2110054,청구역 3번,6203,3266,2937,16,1195,1620,1307,1234,831,5,421,870,771,692,507,11,774,750,536,542,324
2020,2,A,골목상권,2110053,청구역 1번,5383,2899,2484,5,738,1322,1461,1441,416,3,252,661,814,897,272,2,486,661,647,544,144
2020,2,A,골목상권,2110052,장충초등학교,7627,3969,3658,11,1405,1921,1775,1673,842,5,467,944,1013,991,549,6,938,977,762,682,293
2020,2,A,골목상권,2110051,한양공고앞 교차로,2894,1689,1205,9,423,659,731,768,304,2,166,416,454,460,191,7,257,243,277,308,113
2020,2,A,골목상권,2110050,약수역 7번,2303,1220,1083,4,318,559,563,524,335,2,120,279,330,287,202,2,198,280,233,237,133
2020,2,A,골목상권,2110049,장충단 고개,9962,5298,4664,25,2025,2831,2379,1819,883,6,630,1517,1462,1121,562,19,1395,1314,917,698,321
2020,2,A,골목상권,2110048,장충동주민센터,12882,7150,5732,36,2260,3570,3462,2641,913,5,823,2090,2108,1542,582,31,1437,1480,1354,1099,331
2020,2,A,골목상권,2110047,다산성곽길,7406,4104,3302,14,1449,2072,1776,1474,621,5,541,1110,1076,922,450,9,908,962,700,552,171
2020,2,A,골목상권,2110046,버티고개,2995,2024,971,3,392,1047,775,588,190,0,206,761,566,361,130,3,186,286,209,227,60
2020,2,A,골목상권,2110045,동대문역사문화공원역 5번,45426,22509,22917,475,13488,12026,9657,7085,2695,195,6425,7176,5520,2395,798,280,7063,4850,4137,4690,1897
2020,2,A,골목상권,2110044,관성묘,36669,17055,19614,451,12150,9596,7053,5156,2263,190,5706,5492,3828,1296,543,261,6444,4104,3225,3860,1720
2020,2,A,골목상권,2110043,충무초등학교,9197,5407,3790,49,1867,2374,2374,1584,949,20,680,1347,1582,1097,681,29,1187,1027,792,487,268
2020,2,A,골목상권,2110042,남산골공원옆,4783,2763,2020,11,548,1077,1518,1120,509,6,247,608,805,744,353,5,301,469,713,376,156
2020,2,A,골목상권,2110041,남산케이블카,21568,10294,11274,69,3089,6767,7028,3730,885,11,993,2989,3094,2693,514,58,2096,3778,3934,1037,371
2020,2,A,골목상권,2110040,중구회현체육센터(정화예술대남산캠퍼스),20399,10001,10398,71,2999,6554,6631,3424,720,11,1015,3003,2933,2577,462,60,1984,3551,3698,847,258
2020,2,A,골목상권,2110039,회현역 1번,24398,12113,12285,135,4567,7678,7350,3971,697,40,1630,3709,3600,2764,370,95,2937,3969,3750,1207,327
2020,2,A,골목상권,2110038,경향신문사,15409,10083,5326,19,2255,4993,5034,2645,463,6,981,3062,3573,2121,340,13,1274,1931,1461,524,123
2020,2,A,골목상권,2110037,신설동역 12번,7347,2905,4442,9,755,1126,1345,1957,2155,0,225,508,614,556,1002,9,530,618,731,1401,1153
2020,2,A,골목상권,2110036,동묘앞역 3번,3249,1861,1388,19,475,515,668,726,846,17,215,271,402,447,509,2,260,244,266,279,337
2020,2,A,골목상권,2110035,동묘앞역 2번,4636,2328,2308,6,352,596,971,1056,1655,0,113,271,430,502,1012,6,239,325,541,554,643
2020,2,A,골목상권,2110034,창신1동주민센터,2610,1275,1335,10,415,553,683,590,359,8,137,246,296,337,251,2,278,307,387,253,108
2020,2,A,골목상권,2110033,창신역 4번,2086,1235,851,4,175,269,339,403,896,0,57,132,185,230,631,4,118,137,154,173,265
2020,2,A,골목상권,2110032,수족관거리,2064,916,1148,8,347,439,559,454,257,7,106,176,201,239,187,1,241,263,358,215,70
2020,2,A,골목상권,2110031,창신역 1번,554,273,281,2,68,132,136,143,73,0,19,63,68,75,48,2,49,69,68,68,25
2020,2,A,골목상권,2110030,동대문역 3번,1437,615,822,0,146,262,447,335,247,0,43,97,144,155,176,0,103,165,303,180,71
2020,2,A,골목상권,2110029,동대문역 1번,3350,1894,1456,6,441,722,813,826,542,1,200,416,458,485,334,5,241,306,355,341,208
2020,2,A,골목상권,2110028,이화달팽이길,4133,2258,1875,7,726,1068,988,821,523,3,249,525,580,528,373,4,477,543,408,293,150
2020,2,A,골목상권,2110027,혜화역 1번,3993,2014,1979,11,605,968,1059,834,516,5,166,385,563,521,374,6,439,583,496,313,142
2020,2,A,골목상권,2110026,종로5가역 4번,3517,2041,1476,9,541,863,909,740,455,2,244,478,511,470,336,7,297,385,398,270,119
2020,2,A,골목상권,2110025,충신시장옆,9964,6665,3299,17,1748,3097,2714,1736,652,3,767,1987,2027,1429,452,14,981,1110,687,307,200
2020,2,A,골목상권,2110024,혜회동주민센터,5949,2844,3105,28,785,1351,1599,1359,827,17,260,582,786,715,484,11,525,769,813,644,343
2020,2,A,골목상권,2110023,서울대병원,7046,4607,2439,14,1274,2467,1898,965,428,3,575,1567,1454,734,274,11,699,900,444,231,154
2020,2,A,골목상권,2110022,경신고등학교,6493,3007,3486,27,1025,1774,1632,1264,771,19,359,839,781,598,411,8,666,935,851,666,360
2020,2,A,골목상권,2110021,성균관대학교,2385,1261,1124,15,389,557,545,470,409,11,136,240,309,293,272,4,253,317,236,177,137
2020,2,A,골목상권,2110020,서울국제고등학교,4389,2090,2299,18,726,1142,1008,872,623,13,270,579,552,374,302,5,456,563,456,498,321
2020,2,A,골목상권,2110019,창덕궁,16561,12644,3917,19,2000,5478,4941,3044,1079,7,1164,4119,3999,2516,839,12,836,1359,942,528,240
2020,2,A,골목상권,2110018,중앙고등학교,16741,12521,4220,12,1870,5599,5144,3145,971,6,988,4073,4101,2594,759,6,882,1526,1043,551,212
2020,2,A,골목상권,2110017,정독도서관,10619,8299,2320,2,1386,2982,3397,2250,602,1,919,2227,2808,1858,486,1,467,755,589,392,116
2020,2,A,골목상권,2110016,평창동동측,13795,6588,7207,21,1223,3779,5325,2832,615,10,508,1634,2776,1313,347,11,715,2145,2549,1519,268
2020,2,A,골목상권,2110015,청와대사랑채,6739,4876,1863,37,1083,2014,2132,1170,303,0,655,1432,1686,873,230,37,428,582,446,297,73
2020,2,A,골목상권,2110014,경복고등학교,6312,4486,1826,39,965,1807,2046,1188,267,2,591,1278,1554,867,194,37,374,529,492,321,73
2020,2,A,골목상권,2110013,체부동홍종문가옥,4511,2162,2349,10,616,877,891,1177,940,2,339,523,470,400,428,8,277,354,421,777,512
2020,2,A,골목상권,2110012,성곡미술관,35398,22897,12501,54,4673,9851,10005,7082,3733,14,2168,6479,7283,4722,2231,40,2505,3372,2722,2360,1502
2020,2,A,골목상권,2110011,청운초등학교,1903,814,1089,13,319,483,443,349,296,2,65,197,199,163,188,11,254,286,244,186,108
2020,2,A,골목상권,2110010,평창동서측,10085,5515,4570,17,1111,2723,3664,1991,579,1,478,1204,2080,1353,399,16,633,1519,1584,638,180
2020,2,A,골목상권,2110009,자하문터널,3823,2257,1566,18,744,1226,968,640,227,8,294,697,639,463,156,10,450,529,329,177,71
2020,2,A,골목상권,2110008,배화여자대학교(박노수미술관),6438,3091,3347,46,996,1152,1240,1648,1356,2,446,594,631,700,718,44,550,558,609,948,638
2020,2,A,골목상권,2110007,사직공원(한국사회과학도서관),3909,1854,2055,7,607,1085,1147,738,325,5,194,468,547,412,228,2,413,617,600,326,97
2020,2,A,골목상권,2110006,부암동주민센터,2706,1329,1377,22,607,897,632,425,123,5,169,414,377,288,76,17,438,483,255,137,47
2020,2,A,골목상권,2110005,세검정,2723,1465,1258,9,347,715,720,623,309,3,150,361,399,341,211,6,197,354,321,282,98
2020,2,A,골목상권,2110004,대신고등학교,470,276,194,6,62,109,112,113,68,5,33,63,61,59,55,1,29,46,51,54,13
2020,2,A,골목상권,2110003,세검정초등학교,4837,2723,2114,16,618,1311,1222,1017,653,7,239,684,764,595,434,9,379,627,458,422,219
2020,2,A,골목상권,2110002,독립문역 1번,689,209,480,7,173,203,166,102,38,6,37,46,59,37,24,1,136,157,107,65,14
2020,2,A,골목상권,2110001,이북5도청사,5968,4230,1738,11,1084,1435,1383,1526,529,7,566,935,1087,1267,368,4,518,500,296,259,161
2020,1,A,골목상권,2111090,강일동주민센터,744,547,197,0,90,161,195,190,108,0,55,111,143,143,95,0,35,50,52,47,13
2020,1,A,골목상권,2111089,상일여고(상일초등학교),1080,716,364,0,123,216,260,297,184,0,58,146,184,192,136,0,65,70,76,105,48
2020,1,A,골목상권,2111088,고덕동성당,1187,964,223,0,40,92,230,464,361,0,10,55,178,388,333,0,30,37,52,76,28
2020,1,A,골목상권,2111087,고덕중학교(고덕2동주민센터),743,270,473,0,85,157,184,208,109,0,17,54,69,77,53,0,68,103,115,131,56
2020,1,A,골목상권,2111086,한영중고,862,441,421,1,73,196,209,284,99,1,32,75,97,157,79,0,41,121,112,127,20
2020,1,A,골목상권,2111085,묘곡초등학교(고덕아이파크아파트),1560,790,770,0,154,294,388,398,326,0,61,149,173,196,211,0,93,145,215,202,115
2020,1,A,골목상권,2111084,길동신동아아파트,1362,726,636,2,136,245,267,388,324,2,79,146,133,178,188,0,57,99,134,210,136
2020,1,A,골목상권,2111083,GS강동자이아파트,2403,1398,1005,4,274,421,473,661,570,3,157,263,263,330,382,1,117,158,210,331,188
2020,1,A,골목상권,2111082,중앙보훈병원,3359,1319,2040,1,743,904,629,688,394,0,187,326,270,308,228,1,556,578,359,380,166
2020,1,A,골목상권,2111081,둔촌푸르지오아파트,1104,672,432,2,139,198,218,280,267,1,73,121,129,149,199,1,66,77,89,131,68
2020,1,A,골목상권,2111080,굽은다리역 3번,1916,853,1063,2,204,357,453,489,411,0,72,184,206,194,197,2,132,173,247,295,214
2020,1,A,골목상권,2111079,둔촌고등학교(둔촌중학교),4407,1934,2473,5,873,1139,885,927,578,2,262,460,418,421,371,3,611,679,467,506,207
2020,1,A,골목상권,2111078,굽은다리역 4번,4203,2519,1684,9,398,735,962,1078,1021,5,210,458,553,637,656,4,188,277,409,441,365
2020,1,A,골목상권,2111077,길동주민센터(강동도서관),7382,3886,3496,18,774,1285,1701,1972,1632,11,369,733,911,873,989,7,405,552,790,1099,643
2020,1,A,골목상권,2111076,둔촌2동주민센터,2891,1678,1213,5,343,628,708,627,580,3,143,341,445,347,399,2,200,287,263,280,181
2020,1,A,골목상권,2111075,굽은다리역 2번,2664,1415,1249,4,325,517,647,666,505,2,142,299,313,346,313,2,183,218,334,320,192
2020,1,A,골목상권,2111074,명일역 1번,2753,1586,1167,6,360,639,696,662,390,3,186,384,382,384,247,3,174,255,314,278,143
2020,1,A,골목상권,2111073,둔촌동역 1번(한산중학교),7031,3540,3491,23,864,1431,1725,1807,1181,17,408,802,924,722,667,6,456,629,801,1085,514
2020,1,A,골목상권,2111072,굽은다리역 1번(십자성마을),3937,2371,1566,10,383,823,989,935,797,5,173,470,582,587,554,5,210,353,407,348,243
2020,1,A,골목상권,2111071,천동초등학교,2389,1343,1046,2,222,450,615,554,546,1,78,232,345,319,368,1,144,218,270,235,178
2020,1,A,골목상권,2111070,천호초등학교,1943,1134,809,6,159,424,513,540,301,1,60,208,282,348,235,5,99,216,231,192,66
2020,1,A,골목상권,2111069,천호1동주민센터,2681,1438,1243,8,249,538,670,683,533,3,87,245,351,385,367,5,162,293,319,298,166
2020,1,A,골목상권,2111068,강동성심병원,5278,2358,2920,14,977,1083,1209,1196,799,9,331,516,613,453,436,5,646,567,596,743,363
2020,1,A,골목상권,2111067,강동구립성내도서관,8062,3945,4117,26,1296,1623,1874,1847,1396,18,505,849,990,787,796,8,791,774,884,1060,600
2020,1,A,골목상권,2111066,암사동성당(효정하나플러스아파트),1961,1136,825,5,220,423,443,525,345,1,83,210,252,350,240,4,137,213,191,175,105
2020,1,A,골목상권,2111065,천일초등학교,1492,799,693,2,131,236,313,349,461,2,45,104,141,160,347,0,86,132,172,189,114
2020,1,A,골목상권,2111064,둔촌동역 4번,2951,1763,1188,10,355,587,666,719,614,8,178,353,397,419,408,2,177,234,269,300,206
2020,1,A,골목상권,2111063,강동구립 천호도서관,3759,2069,1690,9,344,581,681,729,1415,7,127,263,349,361,962,2,217,318,332,368,453
2020,1,A,골목상권,2111062,둔촌동역 3번(성내3동주민센터),4393,2785,1608,8,584,1064,1191,921,625,7,323,676,750,580,449,1,261,388,441,341,176
2020,1,A,골목상권,2111061,암사역 1번,4194,1874,2320,3,413,710,856,1012,1200,2,170,393,411,369,529,1,243,317,445,643,671
2020,1,A,골목상권,2111060,암사역 2번(서울강동초등학교),3573,1892,1681,10,392,741,923,871,636,5,141,348,473,483,442,5,251,393,450,388,194
2020,1,A,골목상권,2111059,강동역 4번(강풀만화거리),8028,4328,3700,18,1275,1454,1658,1571,2052,8,537,734,860,875,1314,10,738,720,798,696,738
2020,1,A,골목상권,2111058,성내중학교,2639,1612,1027,3,339,606,682,702,307,1,181,384,406,450,190,2,158,222,276,252,117
2020,1,A,골목상권,2111057,천호공원(해공체육문화센터),2118,1068,1050,2,216,311,437,508,644,2,76,120,175,230,465,0,140,191,262,278,179
2020,1,A,골목상권,2111056,천호태영아파트,2758,1458,1300,5,235,331,469,477,1241,1,89,126,195,239,808,4,146,205,274,238,433
2020,1,A,골목상권,2111055,선사초등학교,2553,999,1554,3,292,461,575,738,484,2,137,240,250,203,167,1,155,221,325,535,317
2020,1,A,골목상권,2111054,암사역 4번(삼성광나루아파트),3414,1360,2054,3,354,528,650,844,1035,2,146,268,280,241,423,1,208,260,370,603,612
2020,1,A,골목상권,2111053,성내천어린이공원(하니사랑길),23519,17241,6278,41,2641,6412,5666,5352,3407,17,1608,4669,4234,4068,2645,24,1033,1743,1432,1284,762
2020,1,A,골목상권,2111052,암사역 3번(천호동자전거거리),2457,1236,1221,3,262,428,525,464,775,2,92,220,265,243,414,1,170,208,260,221,361
2020,1,A,골목상권,2111051,천호역 6번,7112,4029,3083,12,975,1636,1725,1854,910,5,493,791,894,1177,669,7,482,845,831,677,241
2020,1,A,골목상권,2111050,강동구청(강동구청역 2번),7541,4687,2854,33,867,1785,1796,1858,1202,14,420,959,1100,1292,902,19,447,826,696,566,300
2020,1,A,골목상권,2111049,천호지구대(천호동자전거거리),2201,1197,1004,9,263,431,513,499,486,5,120,216,267,255,334,4,143,215,246,244,152
2020,1,A,골목상권,2111048,천호역 1번(천호문구완구거리),2003,1064,939,9,254,435,468,419,418,5,102,209,259,213,276,4,152,226,209,206,142
2020,1,A,골목상권,2111047,마천1치안센터,1261,723,538,1,123,268,342,314,213,1,61,146,181,168,166,0,62,122,161,146,47
2020,1,A,골목상권,2111046,마천역(마천초등학교),2822,1633,1189,5,296,604,772,740,405,1,151,347,410,407,317,4,145,257,362,333,88
2020,1,A,골목상권,2111045,개미어린이공원,2261,1195,1066,9,291,357,534,692,378,3,183,228,298,294,189,6,108,129,236,398,189
2020,1,A,골목상권,2111044,남천초등학교,1904,989,915,1,188,378,512,520,305,0,84,186,225,248,246,1,104,192,287,272,59
2020,1,A,골목상권,2111043,마천공원,2200,1378,822,9,268,499,540,524,360,8,156,311,303,321,279,1,112,188,237,203,81
2020,1,A,골목상권,2111042,거여역 1번(거여공원),5740,3468,2272,22,960,1303,1427,1224,804,16,539,869,864,669,511,6,421,434,563,555,293
2020,1,A,골목상권,2111041,거여역 8번,2503,1642,861,8,567,621,572,426,309,6,295,430,406,280,225,2,272,191,166,146,84
2020,1,A,골목상권,2111040,거여초등학교,2682,1704,978,10,328,670,682,619,373,9,189,450,435,362,259,1,139,220,247,257,114
2020,1,A,골목상권,2111039,벌말어린이공원,3276,2054,1222,10,363,791,844,785,483,9,205,519,543,462,316,1,158,272,301,323,167
2020,1,A,골목상권,2111038,보인중학교,3272,2119,1153,14,477,818,802,706,455,13,262,543,547,453,301,1,215,275,255,253,154
2020,1,A,골목상권,2111037,Sh수협은행 오금동금융센터(아랫말어린이공원),1946,1126,820,0,210,436,499,533,268,0,120,281,287,264,174,0,90,155,212,269,94
2020,1,A,골목상권,2111036,투구봉어린이공원,3333,2198,1135,17,531,892,840,726,327,13,342,626,575,425,217,4,189,266,265,301,110
2020,1,A,골목상권,2111035,오금공원(오주중학교),2705,1749,956,2,326,570,689,732,386,1,188,386,470,436,268,1,138,184,219,296,118
2020,1,A,골목상권,2111034,오동나무공원(송파레미니스1단지),4106,2722,1384,7,544,891,1006,1075,583,6,316,606,666,667,461,1,228,285,340,408,122
2020,1,A,골목상권,2111033,문정동성당,33212,26336,6876,13,2679,5820,9576,13087,2037,6,1671,4329,7557,11417,1356,7,1008,1491,2019,1670,681
2020,1,A,골목상권,2111032,방이역 1번,23949,17488,6461,28,3095,5765,6032,5516,3513,14,1835,3956,4600,4519,2564,14,1260,1809,1432,997,949
2020,1,A,골목상권,2111031,장지동주민센터(한림연예예술고교),35724,27914,7810,18,3116,6475,10247,13557,2311,8,1911,4740,7990,11684,1581,10,1205,1735,2257,1873,730
2020,1,A,골목상권,2111030,방이역 2번,21156,15625,5531,20,2708,5088,5454,5034,2852,7,1648,3533,4196,4249,1992,13,1060,1555,1258,785,860
2020,1,A,골목상권,2111029,오금역 4번,7833,5273,2560,14,1268,2371,1930,1379,871,8,740,1577,1338,911,699,6,528,794,592,468,172
2020,1,A,골목상권,2111028,문현중학교(장지역 1번),5636,3366,2270,14,804,1250,1392,1311,865,7,422,774,855,701,607,7,382,476,537,610,258
2020,1,A,골목상권,2111027,문정초등학교,39531,30313,9218,23,3409,6840,10716,14172,4371,9,2010,4917,8267,12013,3097,14,1399,1923,2449,2159,1274
2020,1,A,골목상권,2111026,문정역 2번,6153,3880,2273,10,919,1459,1548,1358,859,5,526,971,988,745,645,5,393,488,560,613,214
2020,1,A,골목상권,2111025,경찰병원역 3번,11774,6132,5642,55,1415,2152,2136,2128,3888,25,571,1173,1208,922,2233,30,844,979,928,1206,1655
2020,1,A,골목상권,2111024,경찰병원역 4번(건너말공원),17836,10455,7381,63,2463,3913,3833,3232,4332,31,1098,2309,2548,1846,2623,32,1365,1604,1285,1386,1709
2020,1,A,골목상권,2111023,문정역 1번,4682,2809,1873,8,724,962,1124,1079,785,2,348,579,724,600,556,6,376,383,400,479,229
2020,1,A,골목상권,2111022,석촌중학교(방이육교),11171,7061,4110,23,1357,2490,2437,2244,2620,9,716,1668,1619,1268,1781,14,641,822,818,976,839
2020,1,A,골목상권,2111021,방이역 4번,11935,8619,3316,39,1562,2502,3053,2900,1879,27,822,1638,2262,2278,1592,12,740,864,791,622,287
2020,1,A,골목상권,2111020,방이동고분군(방산고등학교),6318,3723,2595,19,898,1441,1494,1560,906,12,427,835,927,919,603,7,471,606,567,641,303
2020,1,A,골목상권,2111019,한성백제역 3번,17428,9415,8013,47,2799,3938,3794,4086,2764,34,1482,2587,2120,1689,1503,13,1317,1351,1674,2397,1261
2020,1,A,골목상권,2111018,풍납초등학교(풍납백제문화공원),1322,801,521,0,186,299,301,335,201,0,99,158,169,220,155,0,87,141,132,115,46
2020,1,A,골목상권,2111017,송파나루역 3번,7518,4240,3278,22,1335,1443,1570,1943,1205,16,636,929,992,985,682,6,699,514,578,958,523
2020,1,A,골목상권,2111016,송파역 2번,17063,11286,5777,65,2224,3744,4130,3798,3102,46,1099,2434,3059,2519,2129,19,1125,1310,1071,1279,973
2020,1,A,골목상권,2111015,석촌역 3번,12636,8115,4521,27,1865,3083,2891,2543,2227,11,946,2081,1944,1588,1545,16,919,1002,947,955,682
2020,1,A,골목상권,2111014,송파나루역 2번,14245,8390,5855,26,2077,3609,3332,3152,2049,12,1010,2234,2195,1757,1182,14,1067,1375,1137,1395,867
2020,1,A,골목상권,2111013,송파나루역 1번(송리단길),14226,8959,5267,26,2198,4197,3547,2563,1695,8,1070,2666,2388,1628,1199,18,1128,1531,1159,935,496
2020,1,A,골목상권,2111012,석촌역 6번,6180,3598,2582,11,624,1426,1478,1279,1362,5,303,977,873,617,823,6,321,449,605,662,539
2020,1,A,골목상권,2111011,잠실나루역,10263,8174,2089,42,1383,3190,3039,2132,477,18,976,2602,2477,1735,366,24,407,588,562,397,111
2020,1,A,골목상권,2111010,석촌역 7번,7908,5556,2352,11,859,1781,1872,1423,1962,8,472,1253,1268,916,1639,3,387,528,604,507,323
2020,1,A,골목상권,2111009,송파책박물관,2198,1590,608,5,244,436,453,548,512,3,191,328,324,352,392,2,53,108,129,196,120
2020,1,A,골목상권,2111008,석촌고분역 3번,5190,3263,1927,13,640,1032,1256,1260,989,11,345,636,773,761,737,2,295,396,483,499,252
2020,1,A,골목상권,2111007,석촌고분역 4번,6337,4182,2155,12,863,1398,1389,1437,1238,11,532,949,921,882,887,1,331,449,468,555,351
2020,1,A,골목상권,2111006,석촌고분역 1번,17571,11961,5610,44,2435,3821,4234,3746,3291,29,1307,2544,2976,2542,2563,15,1128,1277,1258,1204,728
2020,1,A,골목상권,2111005,삼전역 3번,6038,4006,2032,15,892,1505,1406,1233,987,5,513,1061,958,761,708,10,379,444,448,472,279
2020,1,A,골목상권,2111004,삼전역 1번,18500,12541,5959,63,2605,4069,4548,4156,3059,21,1379,2681,3191,2968,2301,42,1226,1388,1357,1188,758
2020,1,A,골목상권,2111003,삼전역 4번,5935,3890,2045,37,711,1296,1484,1127,1280,2,366,849,960,726,987,35,345,447,524,401,293
2020,1,A,골목상권,2111002,한국교통안전공단 강남자동차검사소,569,334,235,0,41,89,114,175,150,0,16,52,64,100,102,0,25,37,50,75,48
2020,1,A,골목상권,2111001,아래방죽마을공원(율현초등학교),290,157,133,1,14,42,49,102,82,0,8,28,30,53,38,1,6,14,19,49,44
2020,1,A,골목상권,2111000,대왕초등학교(세곡동사거리서남측),294,138,156,6,35,84,93,56,20,3,11,31,49,30,14,3,24,53,44,26,6
2020,1,A,골목상권,2110999,윗방죽마을공원,464,257,207,3,35,80,86,139,121,1,17,50,56,81,52,2,18,30,30,58,69
2020,1,A,골목상권,2110998,은곡마을(은곡마을공원),128,65,63,3,11,41,35,25,13,1,6,18,19,14,7,2,5,23,16,11,6
2020,1,A,골목상권,2110997,대청초등학교,12566,4876,7690,31,3480,3879,2620,1655,901,3,781,1456,1134,859,643,28,2699,2423,1486,796,258
2020,1,A,골목상권,2110996,대치2동주민센터,37900,18079,19821,265,7022,9437,8584,7750,4842,106,3263,5619,4641,2694,1756,159,3759,3818,3943,5056,3086
2020,1,A,골목상권,2110995,봉은사역 4번,80333,61317,19016,154,15900,21348,21569,17001,4361,88,10163,16112,17810,14553,2591,66,5737,5236,3759,2448,1770
2020,1,A,골목상권,2110994,개포고등학교,4640,2964,1676,57,889,1272,1058,857,507,24,514,821,664,537,404,33,375,451,394,320,103
2020,1,A,골목상권,2110993,개포지하차도 북측,493,214,279,3,70,105,147,115,53,0,16,44,60,58,36,3,54,61,87,57,17
2020,1,A,골목상권,2110992,도곡초등학교,12863,6859,6004,63,2365,3393,3003,2467,1572,35,940,1769,1666,1432,1017,28,1425,1624,1337,1035,555
2020,1,A,골목상권,2110991,삼성중앙역 5번,28503,15784,12719,115,5919,9500,6998,3927,2044,37,2281,5361,4631,2309,1165,78,3638,4139,2367,1618,879
2020,1,A,골목상권,2110990,청담역 12번,10376,6980,3396,39,1551,3276,3120,1867,523,23,669,2073,2406,1424,385,16,882,1203,714,443,138
2020,1,A,골목상권,2110989,대치동아우편취급국,29290,17968,11322,140,4768,8716,7970,4868,2828,17,2007,5273,5502,3456,1713,123,2761,3443,2468,1412,1115
2020,1,A,골목상권,2110988,청담역 3번,18899,9206,9693,73,3792,5684,5341,2877,1132,33,1221,2750,2769,1638,795,40,2571,2934,2572,1239,337
2020,1,A,골목상권,2110987,영동대교남단,8320,5539,2781,40,1422,2410,2185,1548,715,19,663,1584,1632,1125,516,21,759,826,553,423,199
2020,1,A,골목상권,2110986,삼성중앙역 7번,27479,17773,9706,52,3973,10061,7904,3716,1773,15,1757,6297,6233,2496,975,37,2216,3764,1671,1220,798
2020,1,A,골목상권,2110985,청담근린공원,13449,8818,4631,66,2379,3877,3557,2503,1067,35,1141,2595,2592,1729,726,31,1238,1282,965,774,341
2020,1,A,골목상권,2110984,포이초등학교(개포목련어린이공원),6964,4388,2576,20,1326,1965,1598,1256,799,13,815,1286,925,757,592,7,511,679,673,499,207
2020,1,A,골목상권,2110983,국립국악고등학교,3835,2457,1378,13,616,955,928,708,615,2,285,601,613,465,491,11,331,354,315,243,124
2020,1,A,골목상권,2110982,강남구보훈회관,6082,3566,2516,14,1266,1604,1400,963,835,6,513,1046,910,527,564,8,753,558,490,436,271
2020,1,A,골목상권,2110981,국악고교사거리,12357,8276,4081,26,1850,3425,3175,2214,1667,9,980,2320,2252,1450,1265,17,870,1105,923,764,402
2020,1,A,골목상권,2110980,개포지구대옆,25161,10281,14880,88,3951,5726,8389,5194,1813,42,1896,3243,2591,1405,1104,46,2055,2483,5798,3789,709
2020,1,A,골목상권,2110979,청담초등학교,18648,9066,9582,39,5067,6996,3688,1966,892,15,1632,3410,2200,1140,669,24,3435,3586,1488,826,223
2020,1,A,골목상권,2110978,도곡2동주민센터(대치중학교),12302,8363,3939,54,2526,3818,2860,1644,1400,37,1355,2740,2264,1161,806,17,1171,1078,596,483,594
2020,1,A,골목상권,2110977,논현로18길,10006,6917,3089,18,1546,3017,2690,1646,1089,7,822,2051,2060,1150,827,11,724,966,630,496,262
2020,1,A,골목상권,2110976,언북초등학교,11065,5295,5770,25,3211,3774,2056,1187,812,5,1083,1821,1178,701,507,20,2128,1953,878,486,305
2020,1,A,골목상권,2110975,매봉역 1번,22408,15346,7062,84,4644,5711,5884,4648,1437,54,2422,3673,4320,3677,1200,30,2222,2038,1564,971,237
2020,1,A,골목상권,2110974,언주중학교,10084,6627,3457,39,2227,3204,2129,1449,1036,25,1044,1971,1619,1140,828,14,1183,1233,510,309,208
2020,1,A,골목상권,2110973,강남구청역 4번,12597,7190,5407,54,2501,3373,2945,2285,1439,18,1044,2008,1846,1330,944,36,1457,1365,1099,955,495
2020,1,A,골목상권,2110972,강남세브란스병원미래의학연구센터,26073,14646,11427,216,7696,7646,5984,3332,1199,73,3194,4587,3952,1945,895,143,4502,3059,2032,1387,304
2020,1,A,골목상권,2110971,선정릉역 4번,73203,35861,37342,185,15399,20094,18092,15247,4186,90,8048,12361,8646,4171,2545,95,7351,7733,9446,11076,1641
2020,1,A,골목상권,2110970,학동초등학교,12139,7385,4754,45,2463,3692,2909,1837,1193,19,1064,2125,1996,1282,899,26,1399,1567,913,555,294
2020,1,A,골목상권,2110969,베르사이유1아파트,53929,36213,17716,90,9575,16368,14864,10164,2868,34,5089,11243,11284,6616,1947,56,4486,5125,3580,3548,921
2020,1,A,골목상권,2110968,강남구청역 2번,17810,11539,6271,53,3230,4729,4471,3306,2021,17,1463,2823,3248,2441,1547,36,1767,1906,1223,865,474
2020,1,A,골목상권,2110967,역삼역 8번,60702,36823,23879,115,10925,17002,16035,14106,2519,65,7128,12381,9947,5650,1652,50,3797,4621,6088,8456,867
2020,1,A,골목상권,2110966,논현2동주민센터,27417,17538,9879,65,4763,7772,7077,5016,2724,17,2089,4522,4968,3771,2171,48,2674,3250,2109,1245,553
2020,1,A,골목상권,2110965,언주역 6번,12536,6978,5558,32,2785,3988,2917,1723,1091,14,1028,2297,1924,985,730,18,1757,1691,993,738,361
2020,1,A,골목상권,2110964,싸리고개근린공원,16691,13249,3442,26,2072,3680,4901,4766,1246,12,1067,2741,4124,4292,1013,14,1005,939,777,474,233
2020,1,A,골목상권,2110963,역삼월드메르디앙아파트,26645,15919,10726,134,6368,7920,6420,3764,2039,38,2482,4698,4514,2587,1600,96,3886,3222,1906,1177,439
2020,1,A,골목상권,2110962,도산공원북측,7684,4139,3545,25,1867,2746,1614,996,436,9,732,1558,1047,545,248,16,1135,1188,567,451,188
2020,1,A,골목상권,2110961,언주역 3번,25850,16840,9010,70,5483,7931,5602,3658,3106,29,2478,5132,4147,2743,2311,41,3005,2799,1455,915,795
2020,1,A,골목상권,2110960,은광여고,25543,18368,7175,56,2951,5943,6854,7171,2568,40,1640,3961,5282,5652,1793,16,1311,1982,1572,1519,775
2020,1,A,골목상권,2110959,신구중학교,12478,6517,5961,139,2815,3808,2504,1783,1429,50,1173,2082,1655,873,684,89,1642,1726,849,910,745
2020,1,A,골목상권,2110958,역삼역 4번,42236,28666,13570,63,7659,13522,11576,6973,2443,22,3663,8770,8848,5673,1690,41,3996,4752,2728,1300,753
2020,1,A,골목상권,2110957,언북중학교,28690,17182,11508,72,5858,8514,6766,4137,3343,15,2276,4756,4609,3001,2525,57,3582,3758,2157,1136,818
2020,1,A,골목상권,2110956,언주역 8번,15614,9542,6072,57,3754,5177,3520,1901,1205,37,1723,3094,2486,1290,912,20,2031,2083,1034,611,293
2020,1,A,골목상권,2110955,논현초등학교,25381,16658,8723,83,5578,7705,5841,3882,2292,48,2817,5039,4258,2826,1670,35,2761,2666,1583,1056,622
2020,1,A,골목상권,2110954,국기원,23196,12840,10356,110,5238,7616,5998,2944,1290,31,1823,3964,3878,2178,966,79,3415,3652,2120,766,324
2020,1,A,골목상권,2110953,학동근린공원,26213,16160,10053,92,6774,8335,5664,3381,1967,28,2991,5202,4071,2370,1498,64,3783,3133,1593,1011,469
2020,1,A,골목상권,2110952,논현목련공원,10637,6885,3752,21,2104,3370,2518,1670,954,15,1135,2250,1740,1096,649,6,969,1120,778,574,305
2020,1,A,골목상권,2110951,신사은행나무공원,12925,7220,5705,52,3507,3777,2858,1670,1061,15,1315,2106,1920,1102,762,37,2192,1671,938,568,299
2020,1,A,골목상권,2110950,논현역 7번,19297,11636,7661,39,4250,6200,4538,2762,1508,17,1787,3758,3112,1836,1126,22,2463,2442,1426,926,382
2020,1,A,골목상권,2110949,한남IC,12160,7678,4482,41,2351,3690,3261,1910,907,23,1063,2371,2209,1313,699,18,1288,1319,1052,597,208
2020,1,A,골목상권,2110948,헌인가구단지,57,27,30,0,5,24,14,11,3,0,4,12,6,2,3,0,1,12,8,9,0
2020,1,A,골목상권,2110947,청계산입구역 2번(내곡동주민센터),326,172,154,0,38,55,98,76,59,0,17,30,68,33,24,0,21,25,30,43,35
2020,1,A,골목상권,2110946,청계산원터골,271,144,127,0,34,50,81,50,56,0,15,29,58,20,22,0,19,21,23,30,34
2020,1,A,골목상권,2110945,본마을노인복지센터(서초구립내곡도서관),383,240,143,3,62,91,87,89,51,3,25,53,59,64,36,0,37,38,28,25,15
2020,1,A,골목상권,2110944,서울나래학교(염곡어린이공원),20185,16768,3417,29,2090,4170,6159,6991,746,22,1509,3356,5018,6304,559,7,581,814,1141,687,187
2020,1,A,골목상권,2110943,법제교육센터(버들어린이공원),7684,4780,2904,20,1200,1903,1957,1484,1120,11,643,1190,1209,900,827,9,557,713,748,584,293
2020,1,A,골목상권,2110942,염곡동 구룡사(포이동성당),32043,24395,7648,74,4187,7325,9070,9280,2107,40,2598,5356,6923,7833,1645,34,1589,1969,2147,1447,462
2020,1,A,골목상권,2110941,언남고등학교,4779,3108,1671,28,739,1265,1190,966,591,17,414,816,783,644,434,11,325,449,407,322,157
2020,1,A,골목상권,2110940,양재근린공원(양재2동주민센터),8689,5762,2927,47,1434,2277,2149,1768,1014,26,766,1507,1483,1202,778,21,668,770,666,566,236
2020,1,A,골목상권,2110939,양재역 8번(양재동우체국),45731,23354,22377,508,9762,11110,12644,8019,3688,246,4819,6778,5503,3276,2732,262,4943,4332,7141,4743,956
2020,1,A,골목상권,2110938,바우뫼공원,11265,6894,4371,329,3630,2824,2266,1433,783,154,1891,1856,1564,870,559,175,1739,968,702,563,224
2020,1,A,골목상권,2110937,방아다리근린공원(횃불트리니티신학대학원대학교),17876,11487,6389,356,5244,5033,3649,2329,1265,166,2714,3411,2635,1557,1004,190,2530,1622,1014,772,261
2020,1,A,골목상권,2110936,더케이호텔(양재리본타워2단지아파트),3869,2981,888,16,803,1160,864,700,326,10,552,922,691,565,241,6,251,238,173,135,85
2020,1,A,골목상권,2110935,한전아트센터,20312,15954,4358,47,3699,7326,4955,3496,789,19,2201,5852,4154,3079,649,28,1498,1474,801,417,140
2020,1,A,골목상권,2110934,우면주공아파트,3248,1908,1340,6,549,981,879,631,202,5,199,529,564,460,151,1,350,452,315,171,51
2020,1,A,골목상권,2110933,한국상담대학원대학교,6457,3774,2683,19,1551,1930,1522,1006,429,6,610,1213,1030,624,291,13,941,717,492,382,138
2020,1,A,골목상권,2110932,서울시인재개발원,6066,3421,2645,20,1419,1827,1388,942,470,6,486,1071,936,597,325,14,933,756,452,345,145
2020,1,A,골목상권,2110931,삼성전자서울R&D(서울우면초등학교),1471,770,701,0,273,440,390,329,39,0,89,178,228,248,27,0,184,262,162,81,12
2020,1,A,골목상권,2110930,서초동성당,40185,22492,17693,64,7459,10413,9292,10954,2003,36,2906,5657,4975,7438,1480,28,4553,4756,4317,3516,523
2020,1,A,골목상권,2110929,남부터미널역 1번,40801,22975,17826,94,8567,10227,8785,10521,2607,29,2961,5530,5108,7404,1943,65,5606,4697,3677,3117,664
2020,1,A,골목상권,2110928,서초우방유쉘아파트,14636,8308,6328,79,2911,3987,3610,2696,1353,42,1209,2357,2220,1538,942,37,1702,1630,1390,1158,411
2020,1,A,골목상권,2110927,잠원역,5195,2975,2220,14,1049,1543,1215,847,527,5,440,957,806,467,300,9,609,586,409,380,227
2020,1,A,골목상권,2110926,신중초등학교,20711,15020,5691,29,2823,6720,5736,3692,1711,13,1488,4871,4651,2834,1163,16,1335,1849,1085,858,548
2020,1,A,골목상권,2110925,서초중학교,9296,5492,3804,52,1961,2662,2169,1374,1078,25,798,1591,1465,898,715,27,1163,1071,704,476,363
2020,1,A,골목상권,2110924,반포4동주민센터(몽마르뜨공원),83099,74961,8138,37,8203,17350,22275,32239,2995,19,6505,14740,20038,31075,2584,18,1698,2610,2237,1164,411
2020,1,A,골목상권,2110923,방배역 1번,8904,5663,3241,101,1440,2646,2283,1421,1013,32,731,1526,1586,1012,776,69,709,1120,697,409,237
2020,1,A,골목상권,2110922,내방역 1번,16882,11227,5655,77,3284,5206,4097,3133,1085,58,1557,3103,3051,2630,828,19,1727,2103,1046,503,257
2020,1,A,골목상권,2110921,서울프랑스학교,83562,76383,7179,44,8142,17368,22255,32750,3003,26,6585,15123,20344,31698,2607,18,1557,2245,1911,1052,396
2020,1,A,골목상권,2110920,방배역 2번(백석예술대학교),9972,5994,3978,105,1806,2901,2264,1609,1287,29,832,1640,1444,1069,980,76,974,1261,820,540,307
2020,1,A,골목상권,2110919,내방역 8번,23026,14891,8135,70,3979,7139,6333,3943,1562,37,1696,4093,4651,3200,1214,33,2283,3046,1682,743,348
2020,1,A,골목상권,2110918,방배역 3번,10816,7193,3623,65,2219,3056,2465,1686,1325,48,1253,2103,1744,1060,985,17,966,953,721,626,340
2020,1,A,골목상권,2110917,서초소방서,12422,9657,2765,29,1384,3372,3553,3049,1035,18,855,2598,2947,2472,767,11,529,774,606,577,268
2020,1,A,골목상권,2110916,내방역 4번,11774,7659,4115,75,2322,3382,2734,1833,1428,62,1295,2295,1844,1148,1015,13,1027,1087,890,685,413
2020,1,A,골목상권,2110915,서래초등학교,94789,82594,12195,60,11017,20797,25059,34620,3236,23,7412,16877,22213,33205,2864,37,3605,3920,2846,1415,372
2020,1,A,골목상권,2110914,내방역 6번,7659,4955,2704,25,1383,2047,1723,1397,1084,13,683,1314,1154,948,843,12,700,733,569,449,241
2020,1,A,골목상권,2110913,방현초등학교(방배119안전센터),13661,7814,5847,27,2260,4039,3860,2228,1247,6,966,2297,2227,1448,870,21,1294,1742,1633,780,377
2020,1,A,골목상권,2110912,방배동사이길,15348,9117,6231,40,3489,4414,3802,2689,914,11,1112,2520,2641,2084,749,29,2377,1894,1161,605,165
2020,1,A,골목상권,2110911,방배배수지체육공원,9356,5053,4303,21,1411,2855,2730,1512,827,7,554,1540,1393,987,572,14,857,1315,1337,525,255
2020,1,A,골목상권,2110910,내방역 5번,8226,4933,3293,29,1467,1910,1854,1558,1408,18,612,1121,1123,986,1073,11,855,789,731,572,335
2020,1,A,골목상권,2110909,남태령역(서울전자고등학교),980,650,330,3,37,95,211,424,210,3,11,56,137,285,158,0,26,39,74,139,52
2020,1,A,골목상권,2110908,구반포역,10206,5558,4648,82,1769,2563,2691,2291,810,77,764,1411,1582,1201,523,5,1005,1152,1109,1090,287
2020,1,A,골목상권,2110907,방배초등학교,9463,5322,4141,34,1449,1969,2194,2016,1801,18,591,1121,1241,1097,1254,16,858,848,953,919,547
2020,1,A,골목상권,2110906,서문여고,12830,5897,6933,22,2398,3237,3851,2269,1053,7,757,1390,1825,1223,695,15,1641,1847,2026,1046,358
2020,1,A,골목상권,2110905,방배노인종합복지관(이수중학교),7088,3248,3840,14,1430,1975,1825,1194,650,2,492,840,856,644,414,12,938,1135,969,550,236
2020,1,A,골목상권,2110904,이수역 5번,8769,3652,5117,28,1705,2258,2104,1550,1124,11,568,901,855,658,659,17,1137,1357,1249,892,465
2020,1,A,골목상권,2110903,방배아이파크아파트,17572,8950,8622,21,2787,4332,4867,3195,2370,8,911,1898,2409,1828,1896,13,1876,2434,2458,1367,474
2020,1,A,골목상권,2110902,사당역 4번,5046,3244,1802,7,832,1231,1323,951,702,5,434,787,876,621,521,2,398,444,447,330,181
2020,1,A,골목상권,2110901,인헌고등학교(인헌중학교),2102,1093,1009,7,323,545,600,405,222,4,150,278,296,187,178,3,173,267,304,218,44
2020,1,A,골목상권,2110900,낙성대역 1번(관악구민 종합체육센터),5205,3133,2072,15,1042,1513,1190,800,645,7,483,957,724,463,499,8,559,556,466,337,146
2020,1,A,골목상권,2110899,낙성대역 5번(관악중학교),4750,3171,1579,19,928,1383,1072,761,587,11,469,968,738,513,472,8,459,415,334,248,115
2020,1,A,골목상권,2110898,청림동주민센터(상도중학교),3450,1948,1502,3,505,1104,1104,537,197,2,228,621,634,318,145,1,277,483,470,219,52
2020,1,A,골목상권,2110897,서울대입구역 8번,3920,2161,1759,18,646,860,915,882,599,10,268,453,509,503,418,8,378,407,406,379,181
2020,1,A,골목상권,2110896,관악우성아파트,799,291,508,4,114,127,193,218,143,3,40,45,67,80,56,1,74,82,126,138,87
2020,1,A,골목상권,2110895,샤로수길,10222,6144,4078,27,1727,3006,2245,2098,1119,14,783,1749,1342,1397,859,13,944,1257,903,701,260
2020,1,A,골목상권,2110894,관악동부센트레빌아파트(은천로35라길),7336,2753,4583,54,1023,1249,1644,2245,1121,30,476,663,753,603,228,24,547,586,891,1642,893
2020,1,A,골목상권,2110893,관악소방서(문영여고),1875,1446,429,2,350,573,417,435,98,1,241,446,313,364,81,1,109,127,104,71,17
2020,1,A,골목상권,2110892,관악구 중앙길,4838,2402,2436,12,705,953,1155,1126,887,7,243,435,562,631,524,5,462,518,593,495,363
2020,1,A,골목상권,2110891,구암초등학교,1510,676,834,1,244,400,465,274,126,0,74,176,222,137,67,1,170,224,243,137,59
2020,1,A,골목상권,2110890,봉천역 1번(관악초등학교),2594,1111,1483,7,502,694,561,417,413,3,119,262,264,217,246,4,383,432,297,200,167
2020,1,A,골목상권,2110889,봉천역 6번,2545,1344,1201,2,320,470,540,632,581,1,129,231,296,373,314,1,191,239,244,259,267
2020,1,A,골목상권,2110888,청룡동주민센터,2099,907,1192,4,408,600,515,327,245,0,86,215,246,182,178,4,322,385,269,145,67
2020,1,A,골목상권,2110887,서울산업정보학교(서울삼성초등학교),1523,976,547,3,160,328,383,455,194,1,58,159,255,349,154,2,102,169,128,106,40
2020,1,A,골목상권,2110886,관악해태어린이공원,1665,1062,603,3,148,265,453,511,285,1,57,128,278,370,228,2,91,137,175,141,57
2020,1,A,골목상권,2110885,영락고등학교,1893,1032,861,8,261,357,479,409,379,2,125,180,245,234,246,6,136,177,234,175,133
2020,1,A,골목상권,2110884,봉천역 4번(봉천110안전센터),4024,1687,2337,16,619,799,866,1104,620,3,163,358,395,397,371,13,456,441,471,707,249
2020,1,A,골목상권,2110883,은천초등학교(은천교앞),3528,1525,2003,18,494,684,812,1011,509,3,133,308,387,360,334,15,361,376,425,651,175
2020,1,A,골목상권,2110882,신성초등학교,3420,2456,964,10,526,699,935,786,464,2,341,512,686,592,323,8,185,187,249,194,141
2020,1,A,골목상권,2110881,구립대학경로당(관악산샘말공원),3797,2632,1165,10,521,941,1074,882,369,3,294,607,786,658,284,7,227,334,288,224,85
2020,1,A,골목상권,2110880,신림역 1번,2278,911,1367,4,518,556,461,452,287,1,128,213,230,166,173,3,390,343,231,286,114
2020,1,A,골목상권,2110879,신림현대아파트,1503,793,710,7,249,266,356,320,305,1,112,137,184,178,181,6,137,129,172,142,124
2020,1,A,골목상권,2110878,미림여고,760,404,356,6,82,201,203,172,96,1,25,95,123,91,69,5,57,106,80,81,27
2020,1,A,골목상권,2110877,신림역 8번,3894,1878,2016,7,700,826,840,835,686,3,217,354,438,393,473,4,483,472,402,442,213
2020,1,A,골목상권,2110876,서원동주민센터(신관중학교),2115,996,1119,9,238,350,386,523,609,1,98,176,204,211,306,8,140,174,182,312,303
2020,1,A,골목상권,2110875,보라매동주민센터(당곡고등학교),1363,723,640,3,157,282,311,338,272,1,67,137,153,175,190,2,90,145,158,163,82
2020,1,A,골목상권,2110874,원신초등학교(구세군관악영문교회),1118,557,561,8,124,254,308,281,143,2,31,106,166,149,103,6,93,148,142,132,40
2020,1,A,골목상권,2110873,당곡중학교,3337,1850,1487,9,500,680,793,702,653,5,233,361,440,359,452,4,267,319,353,343,201
2020,1,A,골목상권,2110872,신림초등학교,930,502,428,5,122,218,227,219,139,3,61,122,131,115,70,2,61,96,96,104,69
2020,1,A,골목상권,2110871,신원동주민센터,1612,855,757,5,156,282,321,377,471,0,73,153,184,186,259,5,83,129,137,191,212
2020,1,A,골목상권,2110870,신림주공2단지(광신고등학교),1141,670,471,2,115,187,305,328,204,0,57,100,158,196,159,2,58,87,147,132,45
2020,1,A,골목상권,2110869,"신림역 5번(신림동주민센터, 신림동별빛거리)",4076,2363,1713,5,448,899,1044,811,869,3,183,488,584,482,623,2,265,411,460,329,246
2020,1,A,골목상권,2110868,남부초등학교,2177,1250,927,6,230,384,451,528,578,2,123,247,247,289,342,4,107,137,204,239,236
2020,1,A,골목상권,2110867,국제신학대학원대학교(남서울중학교),2153,1276,877,6,202,394,446,534,571,1,116,254,260,305,340,5,86,140,186,229,231
2020,1,A,골목상권,2110866,난우중학교,1349,680,669,0,156,268,351,372,202,0,54,119,161,198,148,0,102,149,190,174,54
2020,1,A,골목상권,2110865,남강고등학교(남강중학교),1484,757,727,10,165,277,355,427,250,7,75,151,179,198,147,3,90,126,176,229,103
2020,1,A,골목상권,2110864,신림우방아파트,3375,2463,912,2,520,914,1049,663,227,2,254,676,843,528,160,0,266,238,206,135,67
2020,1,A,골목상권,2110863,난우초등학교,1442,710,732,21,172,297,310,390,252,16,69,135,139,194,157,5,103,162,171,196,95
2020,1,A,골목상권,2110862,난곡초등학교(난곡동벽화마을),1010,522,488,6,119,185,246,257,197,4,51,89,116,122,140,2,68,96,130,135,57
2020,1,A,골목상권,2110861,관악구신사동주민센터,5342,3589,1753,7,791,1451,1510,1080,503,5,372,999,1127,747,339,2,419,452,383,333,164
2020,1,A,골목상권,2110860,호림박물관(성보고등학교),2271,1322,949,6,331,597,540,529,268,2,143,327,328,314,208,4,188,270,212,215,60
2020,1,A,골목상권,2110859,난향초등학교,670,335,335,1,62,132,182,148,145,0,6,55,76,79,119,1,56,77,106,69,26
2020,1,A,골목상권,2110858,신대방역 1번,2937,2211,726,0,458,834,956,538,151,0,224,640,808,434,105,0,234,194,148,104,46
2020,1,A,골목상권,2110857,미성동주민센터,1420,669,751,18,192,290,315,355,250,13,86,141,143,141,145,5,106,149,172,214,105
2020,1,A,골목상권,2110856,미성초등학교,5509,3786,1723,18,482,944,1029,1026,2010,13,244,557,635,596,1741,5,238,387,394,430,269
2020,1,A,골목상권,2110855,신대방역 2번,7238,5206,2032,7,1079,1599,1673,1188,1692,3,461,1082,1234,877,1549,4,618,517,439,311,143
2020,1,A,골목상권,2110854,조원동주민센터,4035,2937,1098,4,549,688,667,631,1496,2,252,444,407,434,1398,2,297,244,260,197,98
2020,1,A,골목상권,2110853,KT구로지사,3290,1991,1299,8,459,914,780,685,444,0,205,548,483,423,332,8,254,366,297,262,112
2020,1,A,골목상권,2110852,이수역 9번,3811,1920,1891,8,745,927,993,751,387,1,218,418,515,476,292,7,527,509,478,275,95
2020,1,A,골목상권,2110851,경문고등학교(동작동성당),4456,2067,2389,17,740,1150,1184,943,422,8,269,580,679,373,158,9,471,570,505,570,264
2020,1,A,골목상권,2110850,사당역 10번,10320,5639,4681,18,1880,2576,2671,1839,1336,7,705,1317,1483,1154,973,11,1175,1259,1188,685,363
2020,1,A,골목상권,2110849,이수역 10번,3768,1745,2023,10,433,701,854,817,953,3,153,309,390,345,545,7,280,392,464,472,408
2020,1,A,골목상권,2110848,양지어린이공원,3256,1724,1532,6,441,566,741,634,868,2,119,275,356,341,631,4,322,291,385,293,237
2020,1,A,골목상권,2110847,예술인마을,2530,1528,1002,4,338,589,673,515,411,3,154,331,385,307,348,1,184,258,288,208,63
2020,1,A,골목상권,2110846,남성역 1번,3630,1865,1765,7,330,623,941,836,893,4,126,281,402,423,629,3,204,342,539,413,264
2020,1,A,골목상권,2110845,사당종합체육관,2397,1431,966,1,354,627,650,552,213,0,148,356,441,330,156,1,206,271,209,222,57
2020,1,A,골목상권,2110844,흑석2치안센터,241,126,115,1,35,73,58,42,32,1,19,32,33,17,24,0,16,41,25,25,8
2020,1,A,골목상권,2110843,사당5동주민센터,1194,583,611,1,98,212,342,336,205,0,37,73,143,177,153,1,61,139,199,159,52
2020,1,A,골목상권,2110842,흑리단길,556,270,286,1,66,101,146,139,103,0,20,42,66,74,68,1,46,59,80,65,35
2020,1,A,골목상권,2110841,중대부중,674,354,320,1,103,154,161,163,92,0,51,94,81,73,55,1,52,60,80,90,37
2020,1,A,골목상권,2110840,중앙대학교,882,502,380,1,124,191,228,200,138,0,56,112,135,111,88,1,68,79,93,89,50
2020,1,A,골목상권,2110839,숭실대입구역 4번,3697,2231,1466,2,394,1053,1227,711,310,1,181,582,728,474,265,1,213,471,499,237,45
2020,1,A,골목상권,2110838,상도1동주민센터앞,1392,870,522,1,93,249,390,421,238,0,42,120,242,271,195,1,51,129,148,150,43
2020,1,A,골목상권,2110837,숭실대입구역 1번,8221,3493,4728,54,1030,1379,1902,2545,1311,29,523,747,944,810,440,25,507,632,958,1735,871
2020,1,A,골목상권,2110836,상도역 5번,5025,2807,2218,14,875,1350,1197,1030,559,3,367,761,710,615,351,11,508,589,487,415,208
2020,1,A,골목상권,2110835,상도역 1번,2038,1023,1015,7,367,582,498,390,194,2,128,317,279,178,119,5,239,265,219,212,75
2020,1,A,골목상권,2110834,동작구자원봉사센터,3162,1812,1350,14,353,723,846,740,486,11,174,415,515,413,284,3,179,308,331,327,202
2020,1,A,골목상권,2110833,상도역 2번,1715,864,851,7,261,455,433,361,198,2,97,247,248,166,104,5,164,208,185,195,94
2020,1,A,골목상권,2110832,노량진초등학교,5002,2714,2288,10,799,1411,1191,1071,520,2,412,703,650,640,307,8,387,708,541,431,213
2020,1,A,골목상권,2110831,상도4동주민센터,2239,1368,871,3,307,506,509,590,324,2,153,295,324,435,159,1,154,211,185,155,165
2020,1,A,골목상권,2110830,상도초등학교,1330,625,705,0,226,298,336,312,158,0,96,129,138,163,99,0,130,169,198,149,59
2020,1,A,골목상권,2110829,장승배기역 5번,2349,1304,1045,2,395,511,541,549,351,1,260,279,263,290,211,1,135,232,278,259,140
2020,1,A,골목상권,2110828,노량진역 6번,8869,5087,3782,23,1227,2717,2373,1773,756,5,584,1515,1420,1093,470,18,643,1202,953,680,286
2020,1,A,골목상권,2110827,NH농협은행 상도동지점,1462,630,832,2,132,273,365,370,320,1,43,127,154,151,154,1,89,146,211,219,166
2020,1,A,골목상권,2110826,장승배기역 4번,2029,905,1124,3,266,455,516,421,368,1,108,218,207,182,189,2,158,237,309,239,179
2020,1,A,골목상권,2110825,신대방삼거리역 1번,2536,1465,1071,4,276,526,686,635,409,2,138,298,391,351,285,2,138,228,295,284,124
2020,1,A,골목상권,2110824,대방역 3번,3761,1903,1858,11,679,1005,971,680,415,4,247,541,503,341,267,7,432,464,468,339,148
2020,1,A,골목상권,2110823,신대방삼거리역 3번,19702,12375,7327,54,3771,3849,3316,4703,4009,29,2894,3042,2093,2221,2096,25,877,807,1223,2482,1913
2020,1,A,골목상권,2110822,신대방삼거리역 4번(대림초등학교),21761,14425,7336,49,4293,4465,3481,5406,4067,25,3222,3610,2369,3027,2172,24,1071,855,1112,2379,1895
2020,1,A,골목상권,2110821,보라매역 2번,20232,12822,7410,53,3814,3970,3335,4772,4288,28,2871,3169,2141,2333,2280,25,943,801,1194,2439,2008
2020,1,A,골목상권,2110820,성남고등학교,5261,3799,1462,6,897,1096,1024,1672,566,4,555,782,724,1306,428,2,342,314,300,366,138
2020,1,A,골목상권,2110819,신대방역 4번,8413,4800,3613,22,1758,2323,2095,1432,783,15,703,1397,1279,875,531,7,1055,926,816,557,252
2020,1,A,골목상권,2110818,신대방역 3번,3077,1741,1336,5,647,827,709,528,361,3,245,488,428,333,244,2,402,339,281,195,117
2020,1,A,골목상권,2110817,대방역 4번,4185,2172,2013,10,770,1046,1050,736,573,4,304,573,566,365,360,6,466,473,484,371,213
2020,1,A,골목상권,2110816,대방역 6번,3962,2050,1912,10,759,1006,1000,663,524,4,298,549,535,333,331,6,461,457,465,330,193
2020,1,A,골목상권,2110815,공군호텔,4714,2349,2365,7,784,1077,1138,980,728,1,277,561,601,456,453,6,507,516,537,524,275
2020,1,A,골목상권,2110814,서울지방병무청,7603,4784,2819,9,1346,1680,1544,2153,871,3,693,1084,953,1469,582,6,653,596,591,684,289
2020,1,A,골목상권,2110813,보라매역 6번,6876,4830,2046,11,1220,1596,1384,1792,873,6,699,1147,989,1373,616,5,521,449,395,419,257
2020,1,A,골목상권,2110812,신길6동주민센터,4624,2863,1761,10,727,1148,1135,989,615,4,315,738,735,653,418,6,412,410,400,336,197
2020,1,A,골목상권,2110811,보라매역 4번,2766,1733,1033,6,446,755,710,512,337,4,184,499,472,333,241,2,262,256,238,179,96
2020,1,A,골목상권,2110810,영신초등학교,3517,1894,1623,3,458,736,791,799,730,0,206,397,450,391,450,3,252,339,341,408,280
2020,1,A,골목상권,2110809,장훈고등학교,1606,910,696,1,204,371,337,337,356,0,98,181,189,193,249,1,106,190,148,144,107
2020,1,A,골목상권,2110808,신길역 1번,1592,740,852,5,182,313,417,413,262,2,80,156,192,166,144,3,102,157,225,247,118
2020,1,A,골목상권,2110807,신길역 3번,1638,807,831,11,174,333,401,411,308,8,82,179,196,176,166,3,92,154,205,235,142
2020,1,A,골목상권,2110806,서울시립영등포장애인복지관,2387,1673,714,16,364,520,569,547,371,8,193,343,417,410,302,8,171,177,152,137,69
2020,1,A,골목상권,2110805,신길새마을금고신길4동지점,1216,700,516,1,199,271,315,295,135,0,101,161,180,161,97,1,98,110,135,134,38
2020,1,A,골목상권,2110804,신풍역 1번,2372,1166,1206,3,272,549,698,504,346,2,123,257,287,245,252,1,149,292,411,259,94
2020,1,A,골목상권,2110803,신길2동우편취급국,2509,1438,1071,6,234,521,553,547,648,3,108,251,286,304,486,3,126,270,267,243,162
2020,1,A,골목상권,2110802,신길동홍어거리,1971,1091,880,2,192,411,401,426,539,0,72,183,199,241,396,2,120,228,202,185,143
2020,1,A,골목상권,2110801,신풍역 6번(신길6동공영주차장),301,115,186,1,34,45,73,79,69,0,1,15,27,34,38,1,33,30,46,45,31
2020,1,A,골목상권,2110800,영등포동성당,5362,2916,2446,19,1329,1256,1139,983,636,8,431,652,702,637,486,11,898,604,437,346,150
2020,1,A,골목상권,2110799,영등포본동주민센터,3983,2135,1848,33,649,947,932,981,441,14,258,423,511,605,324,19,391,524,421,376,117
2020,1,A,골목상권,2110798,신풍역 2번,2122,1241,881,11,207,502,639,459,304,7,108,296,321,278,231,4,99,206,318,181,73
2020,1,A,골목상권,2110797,KT대방빌딩,3144,1496,1648,9,820,808,770,523,214,6,240,402,374,312,162,3,580,406,396,211,52
2020,1,A,골목상권,2110796,한림대학교한강성심병원,5632,3268,2364,8,1305,1322,1284,1015,698,0,411,703,861,726,567,8,894,619,423,289,131
2020,1,A,골목상권,2110795,도림초등학교,1828,1023,805,5,184,344,440,434,421,3,71,175,248,241,285,2,113,169,192,193,136
2020,1,A,골목상권,2110794,영동초등학교,8718,5133,3585,8,1743,2212,2176,1709,870,4,679,1371,1441,1029,609,4,1064,841,735,680,261
2020,1,A,골목상권,2110793,대림썬프라자,2818,1319,1499,8,768,694,688,474,186,5,217,345,325,283,144,3,551,349,363,191,42
2020,1,A,골목상권,2110792,영등포역 2번,5923,3190,2733,47,860,1497,1434,1376,709,16,347,682,787,863,495,31,513,815,647,513,214
2020,1,A,골목상권,2110791,신풍역 3번,1383,586,797,2,125,278,433,323,222,1,61,103,121,135,165,1,64,175,312,188,57
2020,1,A,골목상권,2110790,대림1동주민센터,2429,1435,994,10,228,503,715,574,399,6,126,305,368,341,289,4,102,198,347,233,110
2020,1,A,골목상권,2110789,대림성모병원,4450,2148,2302,2,1231,1263,925,658,371,2,390,671,514,343,228,0,841,592,411,315,143
2020,1,A,골목상권,2110788,영등포시장역 3번,1667,1051,616,4,180,309,409,385,380,2,99,204,272,245,229,2,81,105,137,140,151
2020,1,A,골목상권,2110787,신길3동주민센터,1222,699,523,4,115,241,343,317,202,4,48,124,193,184,146,0,67,117,150,133,56
2020,1,A,골목상권,2110786,당산역 8번,7825,5499,2326,20,1077,1908,2064,1786,970,6,520,1259,1536,1421,757,14,557,649,528,365,213
2020,1,A,골목상권,2110785,영등포푸르지오아파트,2451,1619,832,9,260,554,675,578,375,6,121,360,452,397,283,3,139,194,223,181,92
2020,1,A,골목상권,2110784,신대림초등학교,1107,505,602,0,169,239,283,265,151,0,37,90,140,139,99,0,132,149,143,126,52
2020,1,A,골목상권,2110783,영등포시장역 1번,4972,3155,1817,7,670,1173,1173,1290,659,4,428,837,769,737,380,3,242,336,404,553,279
2020,1,A,골목상권,2110782,영등포시장역 4번,2465,1324,1141,11,360,533,568,540,453,3,132,283,346,306,254,8,228,250,222,234,199
2020,1,A,골목상권,2110781,대림한신아파트,2334,1304,1030,3,330,410,531,592,468,0,115,225,289,336,339,3,215,185,242,256,129
2020,1,A,골목상권,2110780,신길대성유니드아파트,1455,969,486,1,140,290,376,383,265,1,90,176,235,250,217,0,50,114,141,133,48
2020,1,A,골목상권,2110779,대림갑을명가아파트,1069,666,403,1,100,175,270,315,208,0,50,111,168,188,149,1,50,64,102,127,59
2020,1,A,골목상권,2110778,구로디지털단지역 4번,17970,10395,7575,62,3849,6187,4533,2071,1268,25,1650,3691,2861,1304,864,37,2199,2496,1672,767,404
2020,1,A,골목상권,2110777,구로세무서,8769,5040,3729,42,1718,2576,2320,1425,688,12,658,1412,1465,941,552,30,1060,1164,855,484,136
2020,1,A,골목상권,2110776,도신초등학교,4733,3293,1440,15,581,1138,1372,1021,606,5,303,810,1017,693,465,10,278,328,355,328,141
2020,1,A,골목상권,2110775,대동초등학교,2459,1332,1127,3,269,325,473,553,836,2,89,164,242,302,533,1,180,161,231,251,303
2020,1,A,골목상권,2110774,당산반도유보라팰리스아파트,8457,4962,3495,26,1814,2431,1605,1556,1025,16,821,1362,1009,1027,727,10,993,1069,596,529,298
2020,1,A,골목상권,2110773,당산역 13번,2905,1950,955,5,412,582,610,614,682,2,235,382,388,415,528,3,177,200,222,199,154
2020,1,A,골목상권,2110772,신우어린이공원,2997,2132,865,12,429,826,887,541,302,4,220,608,699,381,220,8,209,218,188,160,82
2020,1,A,골목상권,2110771,대림역 11번,2948,1669,1279,6,319,411,591,693,928,2,109,223,321,410,604,4,210,188,270,283,324
2020,1,A,골목상권,2110770,영등포구청역 6번,4260,2620,1640,11,498,892,1114,882,863,8,216,483,672,580,661,3,282,409,442,302,202
2020,1,A,골목상권,2110769,대림차이나타운(대림역 12번),2722,1534,1188,6,326,457,574,598,761,4,134,255,332,345,464,2,192,202,242,253,297
2020,1,A,골목상권,2110768,도림2동유수지내체육시설,2354,1370,984,12,303,517,598,503,421,8,98,264,326,358,316,4,205,253,272,145,105
2020,1,A,골목상권,2110767,도림동주민센터,3182,1885,1297,15,390,687,802,650,638,9,145,362,448,425,496,6,245,325,354,225,142
2020,1,A,골목상권,2110766,대림역 5번,11181,7292,3889,23,1207,2226,2566,2591,2568,10,630,1648,1904,1582,1518,13,577,578,662,1009,1050
2020,1,A,골목상권,2110765,문래동사거리,7830,4633,3197,26,1429,2100,2107,1368,800,12,580,1203,1318,865,655,14,849,897,789,503,145
2020,1,A,골목상권,2110764,문래역 3번,4607,2577,2030,6,1067,1049,1088,744,653,3,348,575,673,486,492,3,719,474,415,258,161
2020,1,A,골목상권,2110763,영등포구청역 2번,8695,4343,4352,23,1697,2301,1702,1681,1291,12,718,1211,954,756,692,11,979,1090,748,925,599
2020,1,A,골목상권,2110762,선유도역 1번,13668,7921,5747,38,2474,3715,3705,2298,1438,14,1069,2259,2141,1374,1064,24,1405,1456,1564,924,374
2020,1,A,골목상권,2110761,문래동남성맨션,2530,1610,920,7,264,524,672,539,524,2,128,308,394,353,425,5,136,216,278,186,99
2020,1,A,골목상권,2110760,선유도역 6번,12817,7184,5633,36,2497,3665,3582,1995,1042,13,1072,2185,2010,1151,753,23,1425,1480,1572,844,289
2020,1,A,골목상권,2110759,문래예술촌(문래창작촌),66557,51492,15065,62,8833,22832,21900,9809,3121,32,5445,17498,18835,7910,1772,30,3388,5334,3065,1899,1349
2020,1,A,골목상권,2110758,문래소공원,15574,8153,7421,106,3451,3930,3390,3353,1344,31,1573,2867,1720,962,1000,75,1878,1063,1670,2391,344
2020,1,A,골목상권,2110757,양평역 2번,5127,3795,1332,16,638,1290,1232,1011,940,8,379,981,930,735,762,8,259,309,302,276,178
2020,1,A,골목상권,2110756,문래중학교,2728,1912,816,3,291,594,707,629,504,0,153,434,496,443,386,3,138,160,211,186,118
2020,1,A,골목상권,2110755,동일여자고등학교,2135,1066,1069,22,282,514,513,476,328,16,133,279,259,198,181,6,149,235,254,278,147
2020,1,A,골목상권,2110754,삼성산자연공원(서울금천초등학교),2472,1302,1170,24,320,567,623,566,372,17,150,318,341,253,223,7,170,249,282,313,149
2020,1,A,골목상권,2110753,시흥동 은행나무사거리,2070,1119,951,8,216,426,499,538,383,7,110,244,247,282,229,1,106,182,252,256,154
2020,1,A,골목상권,2110752,한울중학교,2508,1442,1066,13,371,511,631,654,328,10,227,286,332,344,243,3,144,225,299,310,85
2020,1,A,골목상권,2110751,난곡중학교,5213,3717,1496,5,380,874,998,1011,1945,4,227,511,612,622,1741,1,153,363,386,389,204
2020,1,A,골목상권,2110750,시흥4동주민센터(서울신흥초등학교),1282,735,547,10,177,238,364,328,165,8,95,148,212,156,116,2,82,90,152,172,49
2020,1,A,골목상권,2110749,금산초등학교(금천고등학교),7948,4687,3261,13,583,1162,1851,2068,2271,4,304,743,1058,1128,1450,9,279,419,793,940,821
2020,1,A,골목상권,2110748,백산초등학교,1856,1127,729,1,232,353,454,484,332,1,140,225,265,265,231,0,92,128,189,219,101
2020,1,A,골목상권,2110747,석수역 1번 출입구,1141,853,288,4,75,146,253,309,354,4,50,104,169,220,306,0,25,42,84,89,48
2020,1,A,골목상권,2110746,금천금빛공원(은행나무사거리서측),1310,613,697,2,128,213,354,362,251,1,50,94,162,172,134,1,78,119,192,190,117
2020,1,A,골목상권,2110745,독산동정훈단지,1707,938,769,1,199,309,343,477,378,0,110,127,144,259,298,1,89,182,199,218,80
2020,1,A,골목상권,2110744,독산동성당,2416,1405,1011,3,254,397,504,647,611,2,147,225,267,354,410,1,107,172,237,293,201
2020,1,A,골목상권,2110743,시흥초등학교(시흥1동우체국),2406,1098,1308,8,357,447,616,620,358,6,148,209,284,249,202,2,209,238,332,371,156
2020,1,A,골목상권,2110742,KT금천빌딩(금천구시설관리공단),6015,3720,2295,11,452,843,1212,1435,2062,3,293,570,765,848,1241,8,159,273,447,587,821
2020,1,A,골목상권,2110741,독산2동주민센터,2240,1186,1054,4,289,450,522,614,361,2,144,230,254,308,248,2,145,220,268,306,113
2020,1,A,골목상권,2110740,금천해태공원,3416,1807,1609,19,676,847,769,717,388,14,314,474,387,335,283,5,362,373,382,382,105
2020,1,A,골목상권,2110739,시흥3동 우편취급국,6352,3608,2744,12,450,863,1467,1666,1894,3,234,571,836,841,1123,9,216,292,631,825,771
2020,1,A,골목상권,2110738,문성초등학교,2977,1790,1187,13,415,599,717,708,525,4,242,374,447,400,323,9,173,225,270,308,202
2020,1,A,골목상권,2110737,금천세무서,2285,1396,889,11,291,455,570,573,385,2,149,254,326,364,301,9,142,201,244,209,84
2020,1,A,골목상권,2110736,독산119안전센터,3398,2048,1350,7,368,585,749,938,751,2,210,356,449,533,498,5,158,229,300,405,253
2020,1,A,골목상권,2110735,말미고개,3342,1951,1391,9,413,671,745,902,602,5,210,391,419,491,435,4,203,280,326,411,167
2020,1,A,골목상권,2110734,금천파출소,2086,924,1162,8,492,580,438,382,186,3,209,294,191,141,86,5,283,286,247,241,100
2020,1,A,골목상권,2110733,금천어울림복지센터,3444,1825,1619,7,384,863,854,918,418,7,139,357,436,581,305,0,245,506,418,337,113
2020,1,A,골목상권,2110732,가산초등학교(세일중학교),3569,2253,1316,15,480,731,846,865,632,5,267,437,485,565,494,10,213,294,361,300,138
2020,1,A,골목상권,2110731,금천구청역 1번 출입구,4713,2376,2337,15,717,1254,1089,1102,536,10,295,567,515,637,352,5,422,687,574,465,184
2020,1,A,골목상권,2110730,서울축산농협 독산역지점(독산파출소),8706,5284,3422,16,575,977,1154,1734,4250,13,301,608,665,989,2708,3,274,369,489,745,1542
2020,1,A,골목상권,2110729,가산동우체국,7733,4618,3115,35,1115,1778,1866,1386,1553,23,591,1099,1184,849,872,12,524,679,682,537,681
2020,1,A,골목상권,2110728,두산초등학교,18360,12147,6213,48,2128,4025,3814,3397,4948,34,1169,2673,2717,2302,3252,14,959,1352,1097,1095,1696
2020,1,A,골목상권,2110727,독산역 1번 출입구,17476,11439,6037,47,2095,3867,3580,3098,4789,35,1158,2571,2539,2068,3068,12,937,1296,1041,1030,1721
2020,1,A,골목상권,2110726,금천철쭉어린이공원(금하마을),1309,861,448,13,192,244,273,324,263,11,121,165,185,179,200,2,71,79,88,145,63
2020,1,A,골목상권,2110725,가산동주민센터,17959,10649,7310,54,3657,5220,4231,2774,2023,36,1832,3225,2688,1581,1287,18,1825,1995,1543,1193,736
2020,1,A,골목상권,2110724,금천구립가산도서관,16529,10406,6123,48,2688,4775,4093,3007,1918,31,1461,3038,2801,1938,1137,17,1227,1737,1292,1069,781
2020,1,A,골목상권,2110723,가산디지털단지역 1번 출입구,30711,20313,10398,125,6526,9665,7684,4343,2368,83,3343,6435,5555,3044,1853,42,3183,3230,2129,1299,515
2020,1,A,골목상권,2110722,G타워,30854,19064,11790,91,6081,10458,8099,3836,2289,44,2876,6665,5338,2458,1683,47,3205,3793,2761,1378,606
2020,1,A,골목상권,2110721,가리봉파출소,16201,10773,5428,61,3049,5067,4125,2440,1459,38,1654,3498,2950,1549,1084,23,1395,1569,1175,891,375
2020,1,A,골목상권,2110720,대림역 2번,3054,2008,1046,3,284,548,746,896,577,2,135,315,486,651,419,1,149,233,260,245,158
2020,1,A,골목상권,2110719,영서중학교,16106,11484,4622,81,3373,5212,3875,2184,1381,58,1839,3643,3031,1716,1197,23,1534,1569,844,468,184
2020,1,A,골목상권,2110718,한국SGI본부,11273,7495,3778,38,1568,2695,2863,2448,1661,30,912,1907,2037,1549,1060,8,656,788,826,899,601
2020,1,A,골목상권,2110717,남구로역 2번,32359,21997,10362,139,6433,10200,7892,4583,3112,93,3413,6993,5797,3191,2510,46,3020,3207,2095,1392,602
2020,1,A,골목상권,2110716,구로나눔길,5187,2873,2314,7,627,1401,1218,1332,602,3,283,752,655,825,355,4,344,649,563,507,247
2020,1,A,골목상권,2110715,구로구민회관,9631,5743,3888,10,1097,2247,2356,2343,1578,7,543,1415,1484,1362,932,3,554,832,872,981,646
2020,1,A,골목상권,2110714,구로4동주민센터,6726,4005,2721,16,736,1595,1535,1881,963,10,334,852,897,1259,653,6,402,743,638,622,310
2020,1,A,골목상권,2110713,구로보건소,8744,5422,3322,19,1294,2210,2371,1815,1035,12,670,1411,1510,1110,709,7,624,799,861,705,326
2020,1,A,골목상권,2110712,남구로역 5번,1744,993,751,8,222,353,399,367,395,5,113,205,206,195,269,3,109,148,193,172,126
2020,1,A,골목상권,2110711,구로초등학교,6650,3489,3161,18,1043,1686,1509,1570,824,6,423,836,776,935,513,12,620,850,733,635,311
2020,1,A,골목상권,2110710,남구로역 3번,23954,15662,8292,83,4830,7403,5886,3524,2228,55,2475,4912,4114,2389,1717,28,2355,2491,1772,1135,511
2020,1,A,골목상권,2110709,구로119안전센터,1617,786,831,4,193,275,354,466,325,2,81,147,192,183,181,2,112,128,162,283,144
2020,1,A,골목상권,2110708,화원어린이공원,2555,1302,1253,12,557,671,568,393,354,4,188,310,307,231,262,8,369,361,261,162,92
2020,1,A,골목상권,2110707,구로창업지원센터,7830,5732,2098,13,782,2138,2103,1720,1074,10,450,1587,1593,1259,833,3,332,551,510,461,241
2020,1,A,골목상권,2110706,그라운드 고척,3644,2363,1281,2,400,761,863,902,716,2,204,446,507,589,615,0,196,315,356,313,101
2020,1,A,골목상권,2110705,고산초등학교,3225,2124,1101,3,369,685,744,785,639,2,191,401,432,537,561,1,178,284,312,248,78
2020,1,A,골목상권,2110704,고척중학교,4524,2700,1824,4,515,986,1072,1090,857,3,263,536,545,647,706,1,252,450,527,443,151
2020,1,A,골목상권,2110703,개봉역,9690,5377,4313,42,1449,2320,2204,2355,1320,22,833,1480,1106,1120,816,20,616,840,1098,1235,504
2020,1,A,골목상권,2110702,개봉초등학교,1617,846,771,1,165,337,431,400,283,1,75,158,210,220,182,0,90,179,221,180,101
2020,1,A,골목상권,2110701,고척동성당,5140,3853,1287,8,508,1129,1442,1653,400,2,289,824,1107,1322,309,6,219,305,335,331,91
2020,1,A,골목상권,2110700,고척초등학교,6601,4680,1921,11,615,1436,1850,2027,662,8,337,1015,1342,1521,457,3,278,421,508,506,205
2020,1,A,골목상권,2110699,덕의초등학교,2600,1666,934,9,324,610,655,684,318,7,201,404,412,402,240,2,123,206,243,282,78
2020,1,A,골목상권,2110698,개웅초등학교(개웅중학교),2910,1311,1599,8,427,527,747,807,394,6,221,286,281,277,240,2,206,241,466,530,154
2020,1,A,골목상권,2110697,개봉3동주민센터,1428,921,507,1,203,343,360,295,226,1,94,230,241,189,166,0,109,113,119,106,60
2020,1,A,골목상권,2110696,오류동역 1번,4076,2551,1525,35,946,1200,792,628,475,18,525,831,467,354,356,17,421,369,325,274,119
2020,1,A,골목상권,2110695,개봉1동주민센터,2553,1495,1058,8,234,615,670,616,410,7,123,360,373,358,274,1,111,255,297,258,136
2020,1,A,골목상권,2110694,세곡초등학교,2298,1341,957,2,220,480,607,605,384,0,116,267,319,344,295,2,104,213,288,261,89
2020,1,A,골목상권,2110693,오류동역 4번,2869,1936,933,4,380,544,701,802,438,3,304,369,458,494,308,1,76,175,243,308,130
2020,1,A,골목상권,2110692,큰굴다리,3501,2336,1165,5,490,701,888,977,440,4,368,470,568,604,322,1,122,231,320,373,118
2020,1,A,골목상권,2110691,개봉중학교,2257,1344,913,6,255,488,536,603,369,1,144,293,301,330,275,5,111,195,235,273,94
2020,1,A,골목상권,2110690,오류2동버들시장,4817,3106,1711,4,590,1020,1245,1208,750,1,375,616,761,791,562,3,215,404,484,417,188
2020,1,A,골목상권,2110689,오류동역 3번,4967,3126,1841,15,602,944,1206,1425,775,8,423,612,737,822,524,7,179,332,469,603,251
2020,1,A,골목상권,2110688,오류지구대,2024,1180,844,6,171,361,499,605,382,5,78,189,275,344,289,1,93,172,224,261,93
2020,1,A,골목상권,2110687,"천왕역 3번(오류2동주민센터, 서울오류남초등학교)",981,590,391,3,93,218,282,256,129,1,38,109,165,171,106,2,55,109,117,85,23
2020,1,A,골목상권,2110686,수궁동주민센터,2464,1418,1046,9,230,424,607,718,476,7,102,232,349,412,316,2,128,192,258,306,160
2020,1,A,골목상권,2110685,금강수목원아파트,1251,894,357,2,77,226,345,363,238,1,41,140,228,277,207,1,36,86,117,86,31
2020,1,A,골목상권,2110684,서울공연예술고등학교,1390,797,593,5,149,304,373,389,170,2,71,177,213,231,103,3,78,127,160,158,67
2020,1,A,골목상권,2110683,오류고등학교,1310,758,552,5,143,298,351,350,163,2,69,173,204,211,99,3,74,125,147,139,64
2020,1,A,골목상권,2110682,온수역 8번,1099,772,327,1,51,177,251,337,282,1,28,91,144,242,266,0,23,86,107,95,16
2020,1,A,골목상권,2110681,온수역 1번,1119,839,280,1,41,153,236,373,315,1,21,91,147,294,285,0,20,62,89,79,30
2020,1,A,골목상권,2110680,온수역 5번(온수산업단지),1725,1445,280,18,178,273,326,494,436,18,140,217,249,416,405,0,38,56,77,78,31
2020,1,A,골목상권,2110679,염창역 2번,4141,2829,1312,6,438,939,1245,1003,510,4,219,585,882,757,382,2,219,354,363,246,128
2020,1,A,골목상권,2110678,염창무학아파트,2176,1462,714,4,268,527,551,487,339,3,117,349,371,348,274,1,151,178,180,139,65
2020,1,A,골목상권,2110677,등촌역 1번,7770,5001,2769,27,1180,1953,1864,1628,1118,19,526,1215,1243,1143,855,8,654,738,621,485,263
2020,1,A,골목상권,2110676,등촌역 7번,3083,1901,1182,14,465,677,769,692,466,7,196,414,463,448,373,7,269,263,306,244,93
2020,1,A,골목상권,2110675,화곡4동주민센터,3054,1392,1662,8,686,826,628,588,318,5,146,369,300,334,238,3,540,457,328,254,80
2020,1,A,골목상권,2110674,강서구청가양동별관,3250,2202,1048,13,534,769,882,693,359,8,370,541,605,447,231,5,164,228,277,246,128
2020,1,A,골목상권,2110673,뜸부기어린이공원,4546,2072,2474,4,892,1156,994,968,532,2,237,496,489,496,352,2,655,660,505,472,180
2020,1,A,골목상권,2110672,백석중학교,3508,1974,1534,2,408,673,852,913,660,1,179,335,522,544,393,1,229,338,330,369,267
2020,1,A,골목상권,2110671,등촌1동주민센터,14478,9017,5461,47,2628,3590,3369,2781,2063,27,1070,2281,2330,1868,1441,20,1558,1309,1039,913,622
2020,1,A,골목상권,2110670,신곡초등학교,2263,1214,1049,8,288,636,617,494,220,5,142,343,297,278,149,3,146,293,320,216,71
2020,1,A,골목상권,2110669,화곡보람2차아파트,4924,2907,2017,4,1178,1380,951,683,728,3,372,912,716,421,483,1,806,468,235,262,245
2020,1,A,골목상권,2110668,화곡2동주민센터,3376,1859,1517,11,462,856,918,735,394,8,213,465,475,424,274,3,249,391,443,311,120
2020,1,A,골목상권,2110667,가양역 10번,2692,1443,1249,14,455,539,644,615,425,3,213,291,370,318,248,11,242,248,274,297,177
2020,1,A,골목상권,2110666,KC대학교,4814,3125,1689,6,577,1404,1162,1205,460,3,293,836,712,876,405,3,284,568,450,329,55
2020,1,A,골목상권,2110665,곰달래도서관,3026,1676,1350,7,329,573,768,822,527,6,144,324,418,426,358,1,185,249,350,396,169
2020,1,A,골목상권,2110664,강서구청옆,5833,3456,2377,6,812,1721,1459,1348,487,4,363,992,861,906,330,2,449,729,598,442,157
2020,1,A,골목상권,2110663,우장산롯데캐슬아파트앞,11194,6470,4724,40,1626,2878,2757,2837,1056,12,751,1807,1727,1551,622,28,875,1071,1030,1286,434
2020,1,A,골목상권,2110662,까치산역 1번,4227,2462,1765,12,541,1010,1114,1000,550,9,263,585,586,634,385,3,278,425,528,366,165
2020,1,A,골목상권,2110661,강서새말어린이공원,5172,3080,2092,3,619,1428,1352,1332,438,1,266,767,797,928,321,2,353,661,555,404,117
2020,1,A,골목상권,2110660,등촌3동주민센터,11883,6282,5601,49,1613,2452,2671,2721,2377,18,736,1568,1579,1216,1165,31,877,884,1092,1505,1212
2020,1,A,골목상권,2110659,화곡역 4번,5367,2731,2636,20,801,1346,1458,1139,603,15,306,694,725,625,366,5,495,652,733,514,237
2020,1,A,골목상권,2110658,화곡초등학교,4197,2544,1653,2,869,872,820,854,780,0,284,497,482,613,668,2,585,375,338,241,112
2020,1,A,골목상권,2110657,양천향교역 5번,9781,5923,3858,24,1272,2402,2408,2189,1486,12,574,1336,1536,1311,1154,12,698,1066,872,878,332
2020,1,A,골목상권,2110656,까치산역 3번,3493,1986,1507,17,308,641,932,1073,522,15,157,392,539,568,315,2,151,249,393,505,207
2020,1,A,골목상권,2110655,발산역 5번,4383,2015,2368,5,446,729,861,918,1424,3,178,374,438,390,632,2,268,355,423,528,792
2020,1,A,골목상권,2110654,까치산역 4번,3795,2359,1436,18,343,671,982,1195,586,15,175,398,555,770,446,3,168,273,427,425,140
2020,1,A,골목상권,2110653,화곡역 2번,4351,2351,2000,5,944,910,870,876,746,2,268,477,473,554,577,3,676,433,397,322,169
2020,1,A,골목상권,2110652,양천향교역 2번,5710,3599,2111,14,619,1180,1278,1459,1160,8,317,748,781,891,854,6,302,432,497,568,306
2020,1,A,골목상권,2110651,화원중학교,3517,2196,1321,12,349,654,819,1010,673,8,180,416,488,671,433,4,169,238,331,339,240
2020,1,A,골목상권,2110650,우장산힐스테이트,2082,1180,902,4,212,365,470,571,460,3,113,222,268,291,283,1,99,143,202,280,177
2020,1,A,골목상권,2110649,우장산역 1번,2841,1561,1280,6,406,505,632,740,552,3,199,290,339,383,347,3,207,215,293,357,205
2020,1,A,골목상권,2110648,양천향교역 7번,4914,3190,1724,14,579,1057,1190,1108,966,10,283,660,797,661,779,4,296,397,393,447,187
2020,1,A,골목상권,2110647,화곡역 5번,3929,2063,1866,15,520,821,912,968,693,12,208,459,490,506,388,3,312,362,422,462,305
2020,1,A,골목상권,2110646,푸른들청소년도서관,7186,4303,2883,14,953,1663,1774,1762,1020,9,484,1051,1040,999,720,5,469,612,734,763,300
2020,1,A,골목상권,2110645,우장산역 4번,6461,3740,2721,11,778,1499,1702,1666,805,7,412,940,912,880,589,4,366,559,790,786,216
2020,1,A,골목상권,2110644,신광명마을,1529,957,572,8,107,211,408,465,330,5,46,108,229,298,271,3,61,103,179,167,59
2020,1,A,골목상권,2110643,강서구다솔마을,1476,921,555,1,151,323,422,380,199,0,75,205,270,236,135,1,76,118,152,144,64
2020,1,A,골목상권,2110642,정곡초등학교,920,727,193,4,48,120,202,265,281,3,32,78,138,222,254,1,16,42,64,43,27
2020,1,A,골목상권,2110641,공항고등학교,1775,1121,654,5,243,392,434,432,269,4,138,252,239,274,214,1,105,140,195,158,55
2020,1,A,골목상권,2110640,방화역 1번,4701,2998,1703,7,463,1055,1196,1214,766,5,234,553,729,849,628,2,229,502,467,365,138
2020,1,A,골목상권,2110639,신방화역 8번,3267,1552,1715,7,254,358,567,1049,1032,4,117,219,327,397,488,3,137,139,240,652,544
2020,1,A,골목상권,2110638,신방화역 2번,4189,2767,1422,12,450,721,1151,1168,687,9,229,441,775,780,533,3,221,280,376,388,154
2020,1,A,골목상권,2110637,송정역 2번,3090,1452,1638,8,222,392,558,896,1014,1,111,237,333,307,463,7,111,155,225,589,551
2020,1,A,골목상권,2110636,방화역 2번,4034,2575,1459,8,374,758,1201,1084,609,6,202,411,781,702,473,2,172,347,420,382,136
2020,1,A,골목상권,2110635,공항시장역 3번,4028,2022,2006,9,413,625,733,1111,1137,2,185,363,444,461,567,7,228,262,289,650,570
2020,1,A,골목상권,2110634,송정역 3번,2694,1672,1022,6,328,605,702,637,416,1,149,365,440,410,307,5,179,240,262,227,109
2020,1,A,골목상권,2110633,개화산역 1번,2304,1602,702,6,198,412,735,631,322,4,115,256,543,439,245,2,83,156,192,192,77
2020,1,A,골목상권,2110632,방화역 3번,7383,5811,1572,6,736,1634,1983,2247,777,4,551,1255,1531,1831,639,2,185,379,452,416,138
2020,1,A,골목상권,2110631,방화초등학교,2474,1525,949,5,328,491,565,615,470,5,177,298,321,361,363,0,151,193,244,254,107
2020,1,A,골목상권,2110630,공항시장역 1번,33522,17722,15800,6,5643,10995,9040,6314,1524,3,1318,4557,5278,5486,1080,3,4325,6438,3762,828,444
2020,1,A,골목상권,2110629,송정역 4번,31131,16295,14836,1,5401,10620,8646,5741,722,1,1218,4347,5017,5107,605,0,4183,6273,3629,634,117
2020,1,A,골목상권,2110628,신목동역,2970,1823,1147,5,409,809,809,620,318,3,200,461,521,428,210,2,209,348,288,192,108
2020,1,A,골목상권,2110627,신정롯데캐슬아파트,13152,7343,5809,66,2437,4215,3340,2376,718,31,964,2220,2044,1547,537,35,1473,1995,1296,829,181
2020,1,A,골목상권,2110626,양화초등학교,5376,3201,2175,7,707,1254,1523,1314,571,5,310,670,1001,828,387,2,397,584,522,486,184
2020,1,A,골목상권,2110625,신정2동주민센터,19093,11500,7593,116,3148,6062,4842,3763,1162,81,1491,3599,3053,2506,770,35,1657,2463,1789,1257,392
2020,1,A,골목상권,2110624,목동문화체육센터,2321,1175,1146,1,328,550,660,492,290,1,169,289,299,229,188,0,159,261,361,263,102
2020,1,A,골목상권,2110623,갈산공원,1938,1165,773,6,220,476,489,421,326,4,121,280,280,244,236,2,99,196,209,177,90
2020,1,A,골목상권,2110622,달마을공원,4416,2669,1747,3,560,997,1287,1119,450,2,275,579,819,688,306,1,285,418,468,431,144
2020,1,A,골목상권,2110621,목동역 5번,9489,5120,4369,21,1849,2483,2292,1693,1151,12,701,1376,1387,935,709,9,1148,1107,905,758,442
2020,1,A,골목상권,2110620,목동보건지소,4227,2213,2014,7,503,1016,1212,975,514,5,250,571,551,479,357,2,253,445,661,496,157
2020,1,A,골목상권,2110619,목4동주민센터,3721,1714,2007,6,823,1066,907,664,255,2,194,461,482,378,197,4,629,605,425,286,58
2020,1,A,골목상권,2110618,강서고등학교,4292,2255,2037,8,835,1131,1004,886,428,4,221,551,572,565,342,4,614,580,432,321,86
2020,1,A,골목상권,2110617,등촌역 4번,3438,1930,1508,2,451,781,858,856,490,0,208,454,481,453,334,2,243,327,377,403,156
2020,1,A,골목상권,2110616,양목초등학교,1799,899,900,5,181,390,400,460,363,2,68,196,194,233,206,3,113,194,206,227,157
2020,1,A,골목상권,2110615,신서초등학교,8009,4605,3404,28,1503,2016,1895,1652,915,24,525,1225,1134,1015,682,4,978,791,761,637,233
2020,1,A,골목상권,2110614,목동로데오거리,2729,1267,1462,3,368,601,686,671,400,2,129,258,320,327,231,1,239,343,366,344,169
2020,1,A,골목상권,2110613,신정네거리역 4번,662,330,332,1,82,146,146,151,136,1,28,65,62,82,92,0,54,81,84,69,44
2020,1,A,골목상권,2110612,신정역 5번,4880,2815,2065,12,941,776,869,924,1358,5,300,381,452,509,1168,7,641,395,417,415,190
2020,1,A,골목상권,2110611,신정역 1번,5571,3252,2319,20,1009,852,985,1191,1514,13,358,475,562,627,1217,7,651,377,423,564,297
2020,1,A,골목상권,2110610,계남근린공원,2806,1832,974,4,367,839,889,389,318,1,175,534,672,250,200,3,192,305,217,139,118
2020,1,A,골목상권,2110609,신정네거리역 2번,3335,2512,823,7,218,342,581,655,1532,2,101,191,310,462,1446,5,117,151,271,193,86
2020,1,A,골목상권,2110608,신월2동주민센터,3976,2139,1837,15,369,670,1059,1102,761,11,184,386,521,524,513,4,185,284,538,578,248
2020,1,A,골목상권,2110607,금빛새마을금고본점,2998,2422,576,7,172,293,469,558,1499,3,99,181,289,411,1439,4,73,112,180,147,60
2020,1,A,골목상권,2110606,신한은행 신월동지점,3615,2480,1135,3,177,372,789,1154,1120,1,78,207,430,795,969,2,99,165,359,359,151
2020,1,A,골목상권,2110605,목동센트럴아이파크앞,1754,989,765,2,116,242,435,576,383,0,50,131,215,314,279,2,66,111,220,262,104
2020,1,A,골목상권,2110604,신월4동주민센터,3244,2266,978,5,220,414,690,1030,885,2,102,228,416,732,786,3,118,186,274,298,99
2020,1,A,골목상권,2110603,지향초등학교,2592,1701,891,3,160,370,659,856,544,0,64,217,403,589,428,3,96,153,256,267,116
2020,1,A,골목상권,2110602,신월시영아파트중문,3451,2409,1042,4,231,412,798,1090,916,2,141,263,470,758,775,2,90,149,328,332,141
2020,1,A,골목상권,2110601,신월1동우편취급국,3018,1984,1034,9,310,532,728,944,495,4,169,341,467,618,385,5,141,191,261,326,110
2020,1,A,골목상권,2110600,신월7동주민센터,4589,3041,1548,5,349,562,844,1298,1531,3,190,349,550,894,1055,2,159,213,294,404,476
2020,1,A,골목상권,2110599,신월1파출소,1954,1183,771,4,189,357,509,638,257,2,104,206,281,401,189,2,85,151,228,237,68
2020,1,A,골목상권,2110598,신월문화체육센터,4415,2906,1509,4,469,723,911,1046,1262,3,347,549,598,639,770,1,122,174,313,407,492
2020,1,A,골목상권,2110597,신월1동주민센터,3247,1879,1368,5,328,631,701,902,680,2,149,350,364,551,463,3,179,281,337,351,217
2020,1,A,골목상권,2110596,서서울호수공원,2414,1520,894,5,296,458,530,682,443,2,143,270,315,430,360,3,153,188,215,252,83
2020,1,A,골목상권,2110595,메디힐병원,3307,1776,1531,2,345,697,733,878,652,1,148,334,364,502,427,1,197,363,369,376,225
2020,1,A,골목상권,2110594,신월중학교,1610,737,873,7,235,411,427,385,145,4,83,171,183,194,102,3,152,240,244,191,43
2020,1,A,골목상권,2110593,신월3동주민센터,1979,1072,907,1,214,366,444,532,422,0,79,159,206,310,318,1,135,207,238,222,104
2020,1,A,골목상권,2110592,서울금융고등학교,1788,1020,768,0,177,357,377,459,418,0,64,141,192,300,323,0,113,216,185,159,95
2020,1,A,골목상권,2110591,충정로역 6번,5404,3164,2240,0,955,1528,1449,912,560,0,477,884,839,590,374,0,478,644,610,322,186
2020,1,A,골목상권,2110590,만리재,1948,972,976,1,255,425,499,527,241,1,93,214,253,264,147,0,162,211,246,263,94
2020,1,A,골목상권,2110589,애오개역 3번,2670,1166,1504,0,463,870,876,364,97,0,172,429,389,118,58,0,291,441,487,246,39
2020,1,A,골목상권,2110588,한겨레신문사,2850,1529,1321,2,519,639,724,652,314,2,285,398,335,314,195,0,234,241,389,338,119
2020,1,A,골목상권,2110587,공덕동주민센터,6321,3515,2806,22,1145,1800,1749,1153,452,5,525,961,999,724,301,17,620,839,750,429,151
2020,1,A,골목상권,2110586,서울서부지방법원,19070,11193,7877,90,3888,5775,5319,3123,875,33,1607,3200,3429,2296,628,57,2281,2575,1890,827,247
2020,1,A,골목상권,2110585,마포경찰서,7079,4166,2913,8,1235,2487,2119,968,262,1,618,1463,1293,626,165,7,617,1024,826,342,97
2020,1,A,골목상권,2110584,아현역 4번,1593,827,766,2,374,498,331,224,164,1,138,271,180,129,108,1,236,227,151,95,56
2020,1,A,골목상권,2110583,공덕래미안3차아파트,10579,6407,4172,38,1986,3371,2915,1800,469,9,938,1908,1883,1348,321,29,1048,1463,1032,452,148
2020,1,A,골목상권,2110582,이대역 5번,996,382,614,2,125,209,275,242,143,1,27,57,87,121,89,1,98,152,188,121,54
2020,1,A,골목상권,2110581,염리초등학교,11991,6894,5097,24,1766,2851,3013,2599,1738,10,963,1752,1839,1304,1026,14,803,1099,1174,1295,712
2020,1,A,골목상권,2110580,양원초등학교,835,410,425,3,122,173,205,202,130,2,34,88,96,111,79,1,88,85,109,91,51
2020,1,A,골목상권,2110579,마포역 4번,6836,4344,2492,8,1268,1844,1726,1271,719,6,552,1114,1202,925,545,2,716,730,524,346,174
2020,1,A,골목상권,2110578,대흥역 2번,7403,4583,2820,89,1498,1733,1653,1512,918,34,738,1064,1090,1038,619,55,760,669,563,474,299
2020,1,A,골목상권,2110577,용강동주민센터,7757,4680,3077,78,1507,2186,1956,1205,825,29,743,1309,1275,779,545,49,764,877,681,426,280
2020,1,A,골목상권,2110576,대흥역 3번,5951,3670,2281,79,1016,1372,1330,1278,876,29,500,853,887,811,590,50,516,519,443,467,286
2020,1,A,골목상권,2110575,대흥동주민센터,4424,2010,2414,64,2141,1019,506,453,241,21,801,499,233,280,176,43,1340,520,273,173,65
2020,1,A,골목상권,2110574,서강대학교,1561,918,643,4,194,350,405,384,224,2,93,205,256,209,153,2,101,145,149,175,71
2020,1,A,골목상권,2110573,신촌역 6번,3966,1771,2195,61,2020,931,425,343,186,20,758,445,208,214,126,41,1262,486,217,129,60
2020,1,A,골목상권,2110572,서강대역 1번,9068,4445,4623,72,2764,2315,1724,1543,650,26,1022,1103,935,954,405,46,1742,1212,789,589,245
2020,1,A,골목상권,2110571,신수동주민센터,6299,3573,2726,14,776,1656,1652,1511,690,10,303,790,929,1038,503,4,473,866,723,473,187
2020,1,A,골목상권,2110570,KB국민은행 서강지점,1996,1235,761,10,256,489,549,383,309,9,126,290,317,252,241,1,130,199,232,131,68
2020,1,A,골목상권,2110569,홍대땡땡거리,4784,2362,2422,15,981,1209,1107,899,573,8,435,650,554,397,318,7,546,559,553,502,255
2020,1,A,골목상권,2110568,광흥창역 1번,2827,1531,1296,2,399,755,771,659,241,0,117,361,454,445,154,2,282,394,317,214,87
2020,1,A,골목상권,2110567,광흥창역 6번,2158,1187,971,2,280,488,570,500,318,0,88,208,312,318,261,2,192,280,258,182,57
2020,1,A,골목상권,2110566,경의선책거리,10071,5990,4081,33,1755,2290,2438,2032,1523,20,865,1338,1493,1197,1077,13,890,952,945,835,446
2020,1,A,골목상권,2110565,홍익대,4742,3246,1496,13,762,1139,1187,937,704,7,414,751,851,666,557,6,348,388,336,271,147
2020,1,A,골목상권,2110564,홍대입구역 3번,5143,2795,2348,17,919,1276,1149,1001,781,12,343,638,645,612,545,5,576,638,504,389,236
2020,1,A,골목상권,2110563,상수역 3번,1950,1182,768,20,422,582,432,300,194,14,197,341,286,205,139,6,225,241,146,95,55
2020,1,A,골목상권,2110562,연트럴파크(연남동주민센터),4252,2404,1848,9,682,1050,1057,868,586,8,291,605,590,495,415,1,391,445,467,373,171
2020,1,A,골목상권,2110561,상수역 4번,3164,1891,1273,31,678,957,732,501,265,20,308,561,479,325,198,11,370,396,253,176,67
2020,1,A,골목상권,2110560,마포FM,6502,3860,2642,16,982,1627,1454,1287,1136,10,407,959,988,793,703,6,575,668,466,494,433
2020,1,A,골목상권,2110559,성산중학교,5087,2952,2135,21,936,1483,1317,912,418,13,364,796,845,628,306,8,572,687,472,284,112
2020,1,A,골목상권,2110558,경성고등학교,5587,3527,2060,22,775,1348,1393,1232,817,18,394,800,884,814,617,4,381,548,509,418,200
2020,1,A,골목상권,2110557,홍대부속여중고앞,9427,5263,4164,23,1361,2238,2227,1745,1833,17,545,1184,1349,937,1231,6,816,1054,878,808,602
2020,1,A,골목상권,2110556,절두산순교성지,1684,1064,620,5,244,483,463,361,128,5,104,278,313,266,98,0,140,205,150,95,30
2020,1,A,골목상권,2110555,홍익지구대,4079,2137,1942,11,689,1073,1062,755,489,6,236,510,626,449,310,5,453,563,436,306,179
2020,1,A,골목상권,2110554,망원역 1번,7782,4228,3554,15,1168,1783,1913,1422,1481,10,461,862,1004,783,1108,5,707,921,909,639,373
2020,1,A,골목상권,2110553,가좌역 2번,2187,1399,788,4,204,388,539,613,439,2,92,207,352,431,315,2,112,181,187,182,124
2020,1,A,골목상권,2110552,성미산체육관,3504,2146,1358,9,471,801,906,820,497,5,221,455,546,576,343,4,250,346,360,244,154
2020,1,A,골목상권,2110551,성서초등학교,3701,2140,1561,4,377,635,877,713,1095,4,160,324,410,372,870,0,217,311,467,341,225
2020,1,A,골목상권,2110550,합정역 8번,6172,3370,2802,15,1101,1610,1524,1115,807,10,445,802,926,667,520,5,656,808,598,448,287
2020,1,A,골목상권,2110549,새터산,3175,1870,1305,8,386,657,845,821,458,5,193,379,479,513,301,3,193,278,366,308,157
2020,1,A,골목상권,2110548,마포구청역 4번,6841,4101,2740,18,906,1347,1531,1972,1067,10,478,942,1005,1003,663,8,428,405,526,969,404
2020,1,A,골목상권,2110547,KB국민은행 망원동지점,7219,4458,2761,19,879,1335,1493,1861,1632,11,452,900,987,934,1174,8,427,435,506,927,458
2020,1,A,골목상권,2110546,양화대교북단,2197,1293,904,3,397,587,543,403,264,3,182,321,363,255,169,0,215,266,180,148,95
2020,1,A,골목상권,2110545,마포구청역 1번,5795,3278,2517,19,697,1071,1239,1869,900,11,398,782,801,813,473,8,299,289,438,1056,427
2020,1,A,골목상권,2110544,망리단길,7556,4327,3229,18,1463,1819,1641,1152,1463,8,731,897,847,686,1158,10,732,922,794,466,305
2020,1,A,골목상권,2110543,중암중학교,833,554,279,1,60,103,162,253,254,0,22,52,83,160,237,1,38,51,79,93,17
2020,1,A,골목상권,2110542,마포구청역 7번,5884,3486,2398,20,759,1112,1284,1743,966,11,396,791,870,831,587,9,363,321,414,912,379
2020,1,A,골목상권,2110541,동교초등학교,2316,1291,1025,5,338,448,612,521,392,4,142,250,332,300,263,1,196,198,280,221,129
2020,1,A,골목상권,2110540,망원나들목체육관,2127,1225,902,8,673,639,396,264,147,1,405,345,203,164,107,7,268,294,193,100,40
2020,1,A,골목상권,2110539,미근동,14579,8531,6048,43,2341,4872,3956,2487,880,20,916,2720,2470,1715,690,23,1425,2152,1486,772,190
2020,1,A,골목상권,2110538,충정로역 3번,8936,5270,3666,3,1399,2608,2582,1705,639,2,713,1645,1547,938,425,1,686,963,1035,767,214
2020,1,A,골목상권,2110537,충정로현대아파트,9389,5851,3538,15,1288,2694,2554,1994,844,9,654,1734,1643,1241,570,6,634,960,911,753,274
2020,1,A,골목상권,2110536,돈의문센트레빌아파트입구,4662,2901,1761,17,762,1317,1072,1005,489,12,332,727,714,746,370,5,430,590,358,259,119
2020,1,A,골목상권,2110535,영천시장입구,2014,972,1042,4,231,383,512,581,303,2,70,167,254,298,181,2,161,216,258,283,122
2020,1,A,골목상권,2110534,경기대학교,4575,2795,1780,4,723,1180,1049,884,735,1,313,680,710,586,505,3,410,500,339,298,230
2020,1,A,골목상권,2110533,충정로역 7번,3621,2255,1366,1,528,952,988,704,448,0,271,584,646,462,292,1,257,368,342,242,156
2020,1,A,골목상권,2110532,아현역 2번,2100,1204,896,3,447,553,442,378,277,1,170,320,262,259,192,2,277,233,180,119,85
2020,1,A,골목상권,2110531,홍지문,1399,662,737,3,176,371,355,334,160,0,59,172,172,157,102,3,117,199,183,177,58
2020,1,A,골목상권,2110530,아현역 1번,1496,797,699,2,376,474,297,209,138,1,141,271,169,125,90,1,235,203,128,84,48
2020,1,A,골목상권,2110529,홍제3동주민센터,1380,676,704,4,168,199,285,330,394,1,54,91,126,173,231,3,114,108,159,157,163
2020,1,A,골목상권,2110528,서울여자간호대학교,7645,1571,6074,6,224,518,2027,3660,1210,1,77,161,357,465,510,5,147,357,1670,3195,700
2020,1,A,골목상권,2110527,홍제역 2번,1970,1012,958,5,240,306,504,602,313,1,71,168,245,337,190,4,169,138,259,265,123
2020,1,A,골목상권,2110526,봉원사,3964,2083,1881,1,506,1026,1032,955,444,1,183,424,540,636,299,0,323,602,492,319,145
2020,1,A,골목상권,2110525,홍은종합사회복지관,7540,1491,6049,3,208,498,1991,3642,1198,1,81,160,323,442,484,2,127,338,1668,3200,714
2020,1,A,골목상권,2110524,연희세브란스병원,2431,1469,962,0,349,692,566,565,259,0,160,328,325,444,212,0,189,364,241,121,47
2020,1,A,골목상권,2110523,홍제성원아파트,389,158,231,1,57,82,97,95,57,0,16,28,41,33,40,1,41,54,56,62,17
2020,1,A,골목상권,2110522,홍제역 3번,1382,744,638,3,145,201,379,465,189,1,40,103,201,269,130,2,105,98,178,196,59
2020,1,A,골목상권,2110521,홍제역 4번,1682,856,826,3,180,260,456,544,239,1,56,126,230,305,138,2,124,134,226,239,101
2020,1,A,골목상권,2110520,경의중앙 신촌역,3939,2209,1730,8,672,1067,897,861,434,5,268,503,474,619,340,3,404,564,423,242,94
2020,1,A,골목상권,2110519,서대문구보건소별관,1692,809,883,1,249,320,448,430,244,1,88,147,232,202,139,0,161,173,216,228,105
2020,1,A,골목상권,2110518,서대문구청,4288,2377,1911,12,606,1189,1202,1022,257,9,241,603,676,684,164,3,365,586,526,338,93
2020,1,A,골목상권,2110517,서대문소방서,3275,1935,1340,14,501,833,881,711,335,8,210,520,553,438,206,6,291,313,328,273,129
2020,1,A,골목상권,2110516,정원여중,1381,718,663,0,237,296,370,330,148,0,85,145,205,186,97,0,152,151,165,144,51
2020,1,A,골목상권,2110515,홍은중학교,1397,819,578,2,174,346,389,297,189,2,86,211,238,167,115,0,88,135,151,130,74
2020,1,A,골목상권,2110514,서대문우체국,8426,5862,2564,6,1198,1860,1691,2693,978,3,772,1174,1054,2110,749,3,426,686,637,583,229
2020,1,A,골목상권,2110513,연희파출소,4197,2605,1592,22,701,1052,930,956,536,9,309,668,619,625,375,13,392,384,311,331,161
2020,1,A,골목상권,2110512,연희지하차도,4882,2826,2056,19,663,1252,1324,1216,408,14,271,646,746,846,303,5,392,606,578,370,105
2020,1,A,골목상권,2110511,연희초등학교,8378,6001,2377,13,1131,2005,1738,2599,892,3,668,1322,1149,2137,722,10,463,683,589,462,170
2020,1,A,골목상권,2110510,홍연시장,3041,1987,1054,55,824,775,546,576,265,30,470,602,320,364,201,25,354,173,226,212,64
2020,1,A,골목상권,2110509,연희대우아파트앞,9280,6343,2937,12,1331,2148,1961,2829,999,8,717,1291,1263,2264,800,4,614,857,698,565,199
2020,1,A,골목상권,2110508,서연중학교,5090,3173,1917,65,1140,1333,940,1011,601,33,630,969,582,565,394,32,510,364,358,446,207
2020,1,A,골목상권,2110507,명지대학교,3504,2308,1196,30,563,997,832,765,317,27,345,664,531,490,251,3,218,333,301,275,66
2020,1,A,골목상권,2110506,연희임광아파트,1554,815,739,2,227,343,380,390,212,2,100,227,187,174,125,0,127,116,193,216,87
2020,1,A,골목상권,2110505,홍남교남측,2235,1498,737,50,708,612,370,328,167,27,409,504,235,198,125,23,299,108,135,130,42
2020,1,A,골목상권,2110504,명지전문대,965,467,498,1,90,171,253,281,169,0,34,71,117,147,98,1,56,100,136,134,71
2020,1,A,골목상권,2110503,명지대학교교회,3864,2524,1340,30,620,1117,971,783,343,26,367,778,642,473,238,4,253,339,329,310,105
2020,1,A,골목상권,2110502,남가좌파출소,1097,580,517,0,99,196,301,322,179,0,39,79,152,183,127,0,60,117,149,139,52
2020,1,A,골목상권,2110501,연희어린이공원,1540,875,665,10,217,360,378,360,215,8,103,242,206,176,140,2,114,118,172,184,75
2020,1,A,골목상권,2110500,남가좌동현대아파트,278,164,114,0,37,45,74,87,35,0,21,27,44,54,18,0,16,18,30,33,17
2020,1,A,골목상권,2110499,연가초등학교,1891,1022,869,0,178,382,499,526,306,0,73,217,266,255,211,0,105,165,233,271,95
2020,1,A,골목상권,2110498,증산역 1번,2906,1506,1400,8,440,635,651,682,490,3,148,355,341,338,321,5,292,280,310,344,169
2020,1,A,골목상권,2110497,가좌역 3번,3659,2225,1434,4,227,435,598,923,1472,2,157,292,399,499,876,2,70,143,199,424,596
2020,1,A,골목상권,2110496,모래내우체국,2367,1136,1231,7,310,507,560,577,406,4,94,247,294,279,218,3,216,260,266,298,188
2020,1,A,골목상권,2110495,북가좌2동주민센터,3902,2063,1839,9,568,954,896,849,626,5,186,536,522,443,371,4,382,418,374,406,255
2020,1,A,골목상권,2110494,증산3교남측,1780,1221,559,0,92,213,258,339,878,0,34,98,100,184,805,0,58,115,158,155,73
2020,1,A,골목상권,2110493,북가좌초등학교,1856,1392,464,0,60,148,223,379,1046,0,20,69,94,236,973,0,40,79,129,143,73
2020,1,A,골목상권,2110492,하나고등학교,578,273,305,1,22,107,147,171,130,0,7,76,108,56,26,1,15,31,39,115,104
2020,1,A,골목상권,2110491,불광중학교,579,216,363,1,45,99,156,186,92,1,13,42,53,58,49,0,32,57,103,128,43
2020,1,A,골목상권,2110490,녹번동근린공원,5262,2678,2584,13,663,1384,1395,1293,514,9,294,621,670,746,338,4,369,763,725,547,176
2020,1,A,골목상권,2110489,불광역 3번,1836,816,1020,7,273,558,474,348,176,6,92,204,220,175,119,1,181,354,254,173,57
2020,1,A,골목상권,2110488,우리은행응암동지점,3955,2113,1842,9,480,961,1013,1016,476,6,235,475,494,594,309,3,245,486,519,422,167
2020,1,A,골목상권,2110487,불광역 8번,1735,695,1040,1,239,499,452,361,183,1,77,188,182,154,93,0,162,311,270,207,90
2020,1,A,골목상권,2110486,은평구청,4169,2254,1915,8,461,993,1117,1108,482,5,227,494,557,645,326,3,234,499,560,463,156
2020,1,A,골목상권,2110485,연신내우체국,2361,1188,1173,2,126,245,348,438,1202,1,51,129,145,186,676,1,75,116,203,252,526
2020,1,A,골목상권,2110484,역촌역 3번,4601,2236,2365,13,523,1110,1233,1186,536,9,213,468,558,627,361,4,310,642,675,559,175
2020,1,A,골목상권,2110483,연천초등학교,2384,1178,1206,5,230,267,295,400,1187,1,94,133,119,166,665,4,136,134,176,234,522
2020,1,A,골목상권,2110482,연신초등학교,1850,991,859,0,81,162,205,312,1090,0,37,95,80,152,627,0,44,67,125,160,463
2020,1,A,골목상권,2110481,불광역 7번,1630,770,860,2,178,335,467,396,252,2,71,171,214,161,151,0,107,164,253,235,101
2020,1,A,골목상권,2110480,연신내역 3번,2030,889,1141,7,285,397,542,504,295,2,114,188,232,200,153,5,171,209,310,304,142
2020,1,A,골목상권,2110479,연신내역 2번,3690,1693,1997,6,426,539,641,723,1355,1,130,248,249,302,763,5,296,291,392,421,592
2020,1,A,골목상권,2110478,응암1동주민센터,4707,2474,2233,11,516,997,1136,1196,851,7,227,433,551,650,606,4,289,564,585,546,245
2020,1,A,골목상권,2110477,은평세무서,4870,2612,2258,11,464,976,1178,1295,946,5,201,440,572,727,667,6,263,536,606,568,279
2020,1,A,골목상권,2110476,역촌역 2번,1412,760,652,3,180,328,393,324,184,1,64,162,221,174,138,2,116,166,172,150,46
2020,1,A,골목상권,2110475,백련산해모로아파트,2427,1313,1114,3,275,436,520,560,633,2,122,211,271,274,433,1,153,225,249,286,200
2020,1,A,골목상권,2110474,세명컴퓨터고등학교,2172,1034,1138,6,329,533,548,467,289,5,120,275,242,204,188,1,209,258,306,263,101
2020,1,A,골목상권,2110473,구산역 1번,4113,2032,2081,11,518,794,1040,1015,735,5,204,414,507,425,477,6,314,380,533,590,258
2020,1,A,골목상권,2110472,연신내역 4번,2455,1251,1204,11,334,479,638,552,441,6,127,253,292,262,311,5,207,226,346,290,130
2020,1,A,골목상권,2110471,응암동우체국,1908,1001,907,2,228,332,461,530,355,1,96,145,211,287,261,1,132,187,250,243,94
2020,1,A,골목상권,2110470,신진과학기술고등학교,2093,1305,788,2,198,318,474,517,584,2,95,170,262,309,467,0,103,148,212,208,117
2020,1,A,골목상권,2110469,응암정보도서관,3141,1523,1618,2,316,577,809,898,539,0,113,270,378,427,335,2,203,307,431,471,204
2020,1,A,골목상권,2110468,응암역 3번,4875,2420,2455,6,465,813,1295,1325,971,1,170,377,615,633,624,5,295,436,680,692,347
2020,1,A,골목상권,2110467,은평요양병원,1671,867,804,7,217,398,414,360,275,6,97,221,214,162,167,1,120,177,200,198,108
2020,1,A,골목상권,2110466,구산역 2번,3312,1361,1951,12,538,687,831,818,426,3,172,280,347,320,239,9,366,407,484,498,187
2020,1,A,골목상권,2110465,연신내역 7번,2686,1136,1550,10,437,647,652,580,360,5,132,295,276,227,201,5,305,352,376,353,159
2020,1,A,골목상권,2110464,연신내역 5번,2541,1368,1173,8,266,525,663,583,496,5,105,271,308,312,367,3,161,254,355,271,129
2020,1,A,골목상권,2110463,응암3동주민센터,1096,480,616,2,113,200,291,307,183,1,42,69,109,143,116,1,71,131,182,164,67
2020,1,A,골목상권,2110462,갈현건영아파트,1895,1102,793,9,264,445,440,425,312,6,139,269,256,223,209,3,125,176,184,202,103
2020,1,A,골목상권,2110461,새절역 2번,1064,588,476,2,102,151,247,304,258,1,40,59,115,173,200,1,62,92,132,131,58
2020,1,A,골목상권,2110460,구산역 4번,4650,2629,2021,14,389,739,1103,1501,904,6,161,384,536,911,631,8,228,355,567,590,273
2020,1,A,골목상권,2110459,응암역 2번,3508,1670,1838,4,356,682,987,918,561,1,143,326,439,399,362,3,213,356,548,519,199
2020,1,A,골목상권,2110458,선일여고,2056,993,1063,9,309,535,480,491,232,5,138,283,226,197,144,4,171,252,254,294,88
2020,1,A,골목상권,2110457,예일여고,4039,2288,1751,11,383,599,859,1344,843,2,149,279,424,826,608,9,234,320,435,518,235
2020,1,A,골목상권,2110456,구산보건지소,3451,1673,1778,13,646,727,840,730,495,4,277,335,365,355,337,9,369,392,475,375,158
2020,1,A,골목상권,2110455,역촌노인복지관,3912,1926,1986,7,599,783,1036,909,578,3,258,380,472,412,401,4,341,403,564,497,177
2020,1,A,골목상권,2110454,선정중학교,3136,1975,1161,7,297,545,749,1025,513,3,138,284,381,749,420,4,159,261,368,276,93
2020,1,A,골목상권,2110453,신사1동주민센터,2866,1630,1236,3,295,597,767,684,520,3,160,297,422,377,371,0,135,300,345,307,149
2020,1,A,골목상권,2110452,새절역 3번,1444,869,575,3,116,220,343,416,346,3,59,102,181,239,285,0,57,118,162,177,61
2020,1,A,골목상권,2110451,증산역 4번,3034,2083,951,4,382,662,756,739,491,3,166,453,530,528,403,1,216,209,226,211,88
2020,1,A,골목상권,2110450,시립서북병원,4533,2159,2374,8,894,1069,1015,919,628,2,331,496,489,431,410,6,563,573,526,488,218
2020,1,A,골목상권,2110449,증산역 3번,3046,1961,1085,1,417,740,797,725,366,0,164,495,543,508,251,1,253,245,254,217,115
2020,1,A,골목상권,2110448,상신초등학교입구,1375,785,590,3,145,292,338,322,275,1,88,163,177,167,189,2,57,129,161,155,86
2020,1,A,골목상권,2110447,구산초등학교,1694,1213,481,2,100,239,363,721,269,0,46,110,217,608,232,2,54,129,146,113,37
2020,1,A,골목상권,2110446,내를건너서숲으로도서관,1148,777,371,0,135,243,292,279,199,0,95,161,174,174,173,0,40,82,118,105,26
2020,1,A,골목상권,2110445,덕산중학교,1312,649,663,5,274,319,252,247,215,0,87,169,142,108,143,5,187,150,110,139,72
2020,1,A,골목상권,2110444,수색성당,2661,1802,859,0,198,389,448,542,1084,0,77,194,209,332,990,0,121,195,239,210,94
2020,1,A,골목상권,2110443,수색역 1번,434,287,147,0,42,62,103,136,91,0,17,34,66,96,74,0,25,28,37,40,17
2020,1,A,골목상권,2110442,화랑대철도공원,1159,494,665,2,139,197,301,376,144,2,48,69,108,178,89,0,91,128,193,198,55
2020,1,A,골목상권,2110441,영신여고,1046,454,592,3,105,241,283,309,105,3,45,111,107,126,62,0,60,130,176,183,43
2020,1,A,골목상권,2110440,상계3동4동주민센터,231,87,144,1,38,35,61,53,43,0,13,11,23,19,21,1,25,24,38,34,22
2020,1,A,골목상권,2110439,당고개역 5번,1670,1328,342,1,65,111,343,684,466,0,20,60,265,575,408,1,45,51,78,109,58
2020,1,A,골목상권,2110438,경춘선숲길 우측,3326,1509,1817,2,552,854,911,715,292,1,156,360,411,369,212,1,396,494,500,346,80
2020,1,A,골목상권,2110437,당고개역 2번,2037,1506,531,1,104,171,467,791,503,0,40,88,309,634,435,1,64,83,158,157,68
2020,1,A,골목상권,2110436,상계제일중학교,2066,1047,1019,12,209,464,514,508,359,7,73,229,274,237,227,5,136,235,240,271,132
2020,1,A,골목상권,2110435,서울과학기술대,1792,1224,568,2,186,412,462,475,255,0,112,256,301,331,224,2,74,156,161,144,31
2020,1,A,골목상권,2110434,태릉입구역 4번,3300,1461,1839,4,314,539,764,908,771,2,129,312,364,332,322,2,185,227,400,576,449
2020,1,A,골목상권,2110433,공릉역 2번,4470,2428,2042,8,421,620,969,1270,1182,3,195,339,507,667,717,5,226,281,462,603,465
2020,1,A,골목상권,2110432,대진고등학교,3496,2336,1160,5,355,682,898,1023,533,2,168,399,577,774,416,3,187,283,321,249,117
2020,1,A,골목상권,2110431,상계역,1658,716,942,4,180,322,440,437,275,0,50,144,212,164,146,4,130,178,228,273,129
2020,1,A,골목상권,2110430,중계초등학교,1642,961,681,6,165,297,390,441,343,2,77,164,213,244,261,4,88,133,177,197,82
2020,1,A,골목상권,2110429,공릉동 국수거리,5223,2800,2423,7,523,744,1099,1485,1365,3,246,412,543,754,842,4,277,332,556,731,523
2020,1,A,골목상권,2110428,상계5동주민센터,2338,1163,1175,7,172,298,441,608,812,3,62,155,202,282,459,4,110,143,239,326,353
2020,1,A,골목상권,2110427,노원 을지대학교병원,2885,2027,858,3,300,579,725,832,446,0,149,351,505,667,355,3,151,228,220,165,91
2020,1,A,골목상권,2110426,상계2동주민센터,2834,1540,1294,16,401,546,733,694,444,11,153,300,370,386,320,5,248,246,363,308,124
2020,1,A,골목상권,2110425,계상초등학교,2572,1219,1353,6,228,345,564,659,770,4,90,195,248,280,402,2,138,150,316,379,368
2020,1,A,골목상권,2110424,상계초등학교,2079,864,1215,5,272,368,533,553,348,5,89,181,216,215,158,0,183,187,317,338,190
2020,1,A,골목상권,2110423,석계역 2번,1883,895,988,5,253,375,553,418,279,3,106,197,271,183,135,2,147,178,282,235,144
2020,1,A,골목상권,2110422,노원역 9번,1955,819,1136,3,268,390,499,508,287,1,81,196,208,195,138,2,187,194,291,313,149
2020,1,A,골목상권,2110421,석계역 1번,1716,845,871,4,186,278,426,473,349,2,71,119,191,230,232,2,115,159,235,243,117
2020,1,A,골목상권,2110420,광운대역 1번,1718,979,739,10,353,518,466,244,127,3,175,350,258,123,70,7,178,168,208,121,57
2020,1,A,골목상권,2110419,수락산디자인거리,4260,2771,1489,13,429,898,1053,1126,741,12,245,615,683,706,510,1,184,283,370,420,231
2020,1,A,골목상권,2110418,광운대학교 남단,2484,1345,1139,17,445,664,598,481,279,5,192,396,291,252,209,12,253,268,307,229,70
2020,1,A,골목상권,2110417,월계역 3번,441,184,257,2,62,77,94,122,84,2,23,41,37,47,34,0,39,36,57,75,50
2020,1,A,골목상권,2110416,노원초등학교,1385,669,716,8,135,266,331,352,293,6,53,138,153,171,148,2,82,128,178,181,145
2020,1,A,골목상권,2110415,수락산역 4번,3553,1980,1573,19,461,687,836,890,660,16,254,421,481,483,325,3,207,266,355,407,335
2020,1,A,골목상권,2110414,장석교회,752,511,241,5,70,109,166,205,197,3,38,57,98,139,176,2,32,52,68,66,21
2020,1,A,골목상권,2110413,누원고등학교,580,375,205,0,37,71,120,164,188,0,16,45,70,104,140,0,21,26,50,60,48
2020,1,A,골목상권,2110412,창동중학교,1521,1149,372,3,118,224,267,505,404,1,73,121,160,412,382,2,45,103,107,93,22
2020,1,A,골목상권,2110411,도봉역 3번,1802,1132,670,2,126,304,360,519,491,1,33,150,187,351,410,1,93,154,173,168,81
2020,1,A,골목상권,2110410,방학역 2번,5708,3428,2280,10,558,1304,1395,1507,934,9,280,756,767,936,680,1,278,548,628,571,254
2020,1,A,골목상권,2110409,창동역 2번,6649,4154,2495,6,756,1498,1635,1402,1352,4,385,1020,1098,743,904,2,371,478,537,659,448
2020,1,A,골목상권,2110408,가인초등학교,5577,3850,1727,5,581,1307,1343,1121,1220,3,343,986,1014,685,819,2,238,321,329,436,401
2020,1,A,골목상권,2110407,도봉역 2번,2678,1900,778,7,190,399,535,778,769,5,95,243,303,572,682,2,95,156,232,206,87
2020,1,A,골목상권,2110406,도봉산역 1번,1362,928,434,0,45,103,268,453,493,0,17,63,189,336,323,0,28,40,79,117,170
2020,1,A,골목상권,2110405,방학역 1번,2975,1622,1353,6,288,534,730,892,525,5,159,353,350,369,386,1,129,181,380,523,139
2020,1,A,골목상권,2110404,신창초등학교,2334,1247,1087,11,291,485,642,611,294,8,108,229,337,362,203,3,183,256,305,249,91
2020,1,A,골목상권,2110403,방학1동주민센터,3553,1965,1588,10,456,716,860,1052,459,6,261,473,457,498,270,4,195,243,403,554,189
2020,1,A,골목상권,2110402,도봉구 정병원,2172,1117,1055,5,296,450,517,579,325,4,109,246,277,283,198,1,187,204,240,296,127
2020,1,A,골목상권,2110401,도봉구민회관,5856,3856,2000,1,599,1299,1388,1267,1302,0,346,940,977,718,875,1,253,359,411,549,427
2020,1,A,골목상권,2110400,도봉구보건소,2134,1058,1076,4,298,390,510,558,374,3,99,190,250,278,238,1,199,200,260,280,136
2020,1,A,골목상권,2110399,창2동주민센터,1982,1088,894,10,245,463,553,465,246,9,128,273,295,219,164,1,117,190,258,246,82
2020,1,A,골목상권,2110398,쌍문2동우체국,2359,1255,1104,1,247,367,547,725,472,1,87,168,253,427,319,0,160,199,294,298,153
2020,1,A,골목상권,2110397,도봉산입구,1579,963,616,1,95,207,290,413,573,1,25,106,157,272,402,0,70,101,133,141,171
2020,1,A,골목상권,2110396,쌍문역1번(쌍리단길),1577,763,814,4,242,329,382,395,225,1,84,135,198,208,137,3,158,194,184,187,88
2020,1,A,골목상권,2110395,신한은행 방학동지점,1120,597,523,4,157,280,302,227,150,3,72,148,158,121,95,1,85,132,144,106,55
2020,1,A,골목상권,2110394,방학중학교,1435,629,806,1,142,279,358,336,319,1,52,119,150,152,155,0,90,160,208,184,164
2020,1,A,골목상권,2110393,국민은행방학지점,1001,461,540,3,124,275,252,240,107,2,39,137,120,96,67,1,85,138,132,144,40
2020,1,A,골목상권,2110392,발바닥공원,704,449,255,3,99,210,202,121,69,2,39,126,148,81,53,1,60,84,54,40,16
2020,1,A,골목상권,2110391,샘말어린이공원,1172,574,598,0,93,215,234,283,347,0,34,95,107,140,198,0,59,120,127,143,149
2020,1,A,골목상권,2110390,방학초등학교,1901,820,1081,3,194,445,458,515,286,2,59,201,209,188,161,1,135,244,249,327,125
2020,1,A,골목상권,2110389,한일병원,3050,1577,1473,1,573,707,741,679,349,1,171,353,410,396,246,0,402,354,331,283,103
2020,1,A,골목상권,2110388,도봉우체국,2071,923,1148,4,436,450,512,485,184,3,105,207,224,244,140,1,331,243,288,241,44
2020,1,A,골목상권,2110387,쌍문초등학교,1678,803,875,0,227,365,452,414,220,0,67,151,187,208,190,0,160,214,265,206,30
2020,1,A,골목상권,2110386,연산군묘,1120,668,452,0,136,219,227,306,232,0,61,122,131,158,196,0,75,97,96,148,36
2020,1,A,골목상권,2110385,효문고등학교,780,268,512,0,136,158,203,185,98,0,33,42,60,71,62,0,103,116,143,114,36
2020,1,A,골목상권,2110384,문이교,622,295,327,1,71,88,145,188,129,0,21,33,51,98,92,1,50,55,94,90,37
2020,1,A,골목상권,2110383,덕성여대시반거리,494,170,324,0,83,84,121,116,90,0,12,24,42,39,53,0,71,60,79,77,37
2020,1,A,골목상권,2110382,솔밭공원역 1번,967,418,549,1,145,169,222,256,174,0,31,52,83,123,129,1,114,117,139,133,45
2020,1,A,골목상권,2110381,번동주공2단지,1056,559,497,5,107,230,262,299,153,4,33,95,131,178,118,1,74,135,131,121,35
2020,1,A,골목상권,2110380,강북문화정보도서관,980,504,476,5,99,143,203,291,239,3,30,74,101,150,146,2,69,69,102,141,93
2020,1,A,골목상권,2110379,KT&G 북부지사,767,383,384,2,97,108,197,257,106,0,47,44,83,145,64,2,50,64,114,112,42
2020,1,A,골목상권,2110378,송중동주민센터,1170,548,622,8,119,172,339,287,245,6,52,74,144,126,146,2,67,98,195,161,99
2020,1,A,골목상권,2110377,미아사거리역 3번,1050,449,601,7,158,220,271,253,141,6,51,81,107,112,92,1,107,139,164,141,49
2020,1,A,골목상권,2110376,수송초등학교,4978,2722,2256,8,551,1213,1234,1264,708,6,230,624,673,782,407,2,321,589,561,482,301
2020,1,A,골목상권,2110375,서울북부고용노동지청,1301,632,669,2,141,171,335,392,260,0,58,78,134,204,158,2,83,93,201,188,102
2020,1,A,골목상권,2110374,송중초등학교,2009,977,1032,7,186,338,530,528,420,6,61,128,222,264,296,1,125,210,308,264,124
2020,1,A,골목상권,2110373,수유역 2번,4903,2639,2264,10,549,1094,1104,1278,868,8,214,534,563,814,506,2,335,560,541,464,362
2020,1,A,골목상권,2110372,강북중학교,1588,852,736,1,167,364,452,356,248,1,87,203,249,169,143,0,80,161,203,187,105
2020,1,A,골목상권,2110371,삼양입구사거리,1233,656,577,2,114,236,332,331,218,2,43,109,155,183,164,0,71,127,177,148,54
2020,1,A,골목상권,2110370,도봉세무서,1385,735,650,7,100,222,365,379,312,6,28,93,168,200,240,1,72,129,197,179,72
2020,1,A,골목상권,2110369,성신여대운정그린캠퍼스,4108,2368,1740,5,481,782,894,1069,877,1,210,445,512,655,545,4,271,337,382,414,332
2020,1,A,골목상권,2110368,송천초등학교,5342,2779,2563,416,2025,1339,744,507,311,177,905,732,414,294,257,239,1120,607,330,213,54
2020,1,A,골목상권,2110367,강북구청,5008,2534,2474,10,519,1028,1016,1220,1215,8,207,520,524,762,513,2,312,508,492,458,702
2020,1,A,골목상권,2110366,광산사거리,3568,1624,1944,6,321,730,793,840,878,4,125,324,383,466,322,2,196,406,410,374,556
2020,1,A,골목상권,2110365,미아역 5번,1610,747,863,3,136,224,389,402,456,3,45,85,163,219,232,0,91,139,226,183,224
2020,1,A,골목상권,2110364,미아역 8번,1852,961,891,3,226,366,513,491,253,1,85,173,274,268,160,2,141,193,239,223,93
2020,1,A,골목상권,2110363,송천동주민센터,819,499,320,2,54,138,220,209,196,1,23,71,116,131,157,1,31,67,104,78,39
2020,1,A,골목상권,2110362,우이천 계성교,2117,1320,797,2,227,296,541,686,365,0,74,153,330,480,283,2,153,143,211,206,82
2020,1,A,골목상권,2110361,삼양사거리역 1번,1111,550,561,3,66,131,213,280,418,2,24,58,105,156,205,1,42,73,108,124,213
2020,1,A,골목상권,2110360,수유초등학교,2635,1274,1361,5,299,387,567,782,595,1,79,163,238,375,418,4,220,224,329,407,177
2020,1,A,골목상권,2110359,수유시장옆,5157,2359,2798,6,450,898,1053,1316,1434,4,136,365,470,708,676,2,314,533,583,608,758
2020,1,A,골목상권,2110358,인수동 우편취급국,2810,1471,1339,2,265,403,554,783,803,0,80,179,255,417,540,2,185,224,299,366,263
2020,1,A,골목상권,2110357,가오리역 1번,2401,1556,845,1,127,166,397,647,1063,0,34,71,252,471,728,1,93,95,145,176,335
2020,1,A,골목상권,2110356,덕수교,2011,1093,918,0,145,214,368,345,939,0,37,85,163,165,643,0,108,129,205,180,296
2020,1,A,골목상권,2110355,삼양사거리역 2번,905,486,419,2,85,153,223,225,217,1,22,49,110,139,165,1,63,104,113,86,52
2020,1,A,골목상권,2110354,삼각산119안전센터,365,141,224,1,38,87,110,81,48,0,9,25,45,32,30,1,29,62,65,49,18
2020,1,A,골목상권,2110353,수유동우체국,2389,1550,839,0,129,158,408,615,1079,0,26,73,267,444,740,0,103,85,141,171,339
2020,1,A,골목상권,2110352,수유1동주민센터,1621,708,913,1,183,303,456,479,199,0,61,122,184,209,132,1,122,181,272,270,67
2020,1,A,골목상권,2110351,수유북부시장옆,1877,1274,603,0,96,227,484,737,333,0,36,133,349,484,272,0,60,94,135,253,61
2020,1,A,골목상권,2110350,가오리역 2번,2640,1559,1081,0,221,477,709,807,426,0,62,232,442,507,316,0,159,245,267,300,110
2020,1,A,골목상권,2110349,화계역 2번,1164,619,545,0,95,179,284,397,209,0,37,65,127,214,176,0,58,114,157,183,33
2020,1,A,골목상권,2110348,강북문화예술회관,3953,2554,1399,0,227,512,876,1129,1209,0,65,242,587,813,847,0,162,270,289,316,362
2020,1,A,골목상권,2110347,구세군강북종합사회복지관,443,186,257,0,54,96,140,85,68,0,10,34,63,36,43,0,44,62,77,49,25
2020,1,A,골목상권,2110346,4.19민주묘지역 2번,754,369,385,0,109,137,212,161,135,0,22,69,113,81,84,0,87,68,99,80,51
2020,1,A,골목상권,2110345,솔밭공원역 2번,1604,918,686,1,168,207,320,549,359,0,35,65,142,387,289,1,133,142,178,162,70
2020,1,A,골목상권,2110344,화계중학교,815,417,398,0,75,148,217,296,79,0,39,57,111,143,67,0,36,91,106,153,12
2020,1,A,골목상권,2110343,무너미어린이공원,2303,1336,967,0,149,297,429,446,982,0,49,177,246,213,651,0,100,120,183,233,331
2020,1,A,골목상권,2110342,국립재활원,2250,1364,886,1,194,476,644,645,290,0,66,242,426,420,210,1,128,234,218,225,80
2020,1,A,골목상권,2110341,북한산우이역 2번,860,529,331,0,44,68,132,304,312,0,14,31,72,258,154,0,30,37,60,46,158
2020,1,A,골목상권,2110340,인수중학교,1205,760,445,6,164,256,276,329,174,6,81,173,168,189,143,0,83,83,108,140,31
2020,1,A,골목상권,2110339,국립4.19민주묘지,1097,718,379,6,146,196,248,305,196,6,67,139,153,190,163,0,79,57,95,115,33
2020,1,A,골목상권,2110338,인수초등학교,1955,1067,888,6,266,494,469,470,250,6,111,260,248,248,194,0,155,234,221,222,56
2020,1,A,골목상권,2110337,아카데미하우스,1438,921,517,6,178,311,344,390,209,6,85,207,216,232,175,0,93,104,128,158,34
2020,1,A,골목상권,2110336,석관고등학교,1951,1389,562,1,128,204,257,338,1023,0,66,113,151,240,819,1,62,91,106,98,204
2020,1,A,골목상권,2110335,석계역 7번,2887,1837,1050,2,243,313,463,598,1268,0,99,147,243,370,978,2,144,166,220,228,290
2020,1,A,골목상권,2110334,석관중앙교회,1691,1099,592,3,192,394,413,449,240,0,95,241,244,324,195,3,97,153,169,125,45
2020,1,A,골목상권,2110333,돌곶이역 5번,2875,2051,824,4,237,375,414,553,1292,0,107,239,264,375,1066,4,130,136,150,178,226
2020,1,A,골목상권,2110332,돌곶이역 3번,2402,1642,760,6,189,237,310,429,1231,1,74,125,174,259,1009,5,115,112,136,170,222
2020,1,A,골목상권,2110331,돌곶이역 8번,1331,817,514,4,173,283,315,283,273,0,60,182,193,164,218,4,113,101,122,119,55
2020,1,A,골목상권,2110330,돌곶이역 1번,1199,626,573,1,137,217,277,273,294,0,40,102,128,127,229,1,97,115,149,146,65
2020,1,A,골목상권,2110329,우리은행체육관,1280,745,535,8,131,269,305,313,254,4,45,134,165,200,197,4,86,135,140,113,57
2020,1,A,골목상권,2110328,상월곡역 3번,966,544,422,4,142,252,268,208,92,1,59,142,158,118,66,3,83,110,110,90,26
2020,1,A,골목상권,2110327,상월곡역 2번,1998,1149,849,5,355,494,539,387,218,1,166,295,311,215,161,4,189,199,228,172,57
2020,1,A,골목상권,2110326,장위동성당,2029,1211,818,4,314,426,541,433,311,3,149,249,314,263,233,1,165,177,227,170,78
2020,1,A,골목상권,2110325,장곡초등학교,1638,957,681,8,198,313,438,380,301,6,100,176,257,221,197,2,98,137,181,159,104
2020,1,A,골목상권,2110324,월곡역 4번,3140,1982,1158,5,533,1043,730,527,302,1,265,704,453,335,224,4,268,339,277,192,78
2020,1,A,골목상권,2110323,상월곡역 1번,4067,2556,1511,5,678,1174,962,808,440,1,336,790,596,503,330,4,342,384,366,305,110
2020,1,A,골목상권,2110322,장위1동주민센터,1274,741,533,8,218,235,278,270,265,4,110,153,164,146,164,4,108,82,114,124,101
2020,1,A,골목상권,2110321,동덕여대,2313,1366,947,1,299,420,551,516,526,0,134,242,299,273,418,1,165,178,252,243,108
2020,1,A,골목상권,2110320,KB국민은행 종암동지점,1182,673,509,1,119,228,369,325,140,1,35,101,200,239,97,0,84,127,169,86,43
2020,1,A,골목상권,2110319,종암동주민센터,2766,1528,1238,6,392,614,672,775,307,1,178,373,362,458,156,5,214,241,310,317,151
2020,1,A,골목상권,2110318,KT월곡지사,4670,3051,1619,8,464,852,998,1077,1271,3,232,511,595,716,994,5,232,341,403,361,277
2020,1,A,골목상권,2110317,종암중학교,984,490,494,0,108,232,312,228,104,0,37,97,154,140,62,0,71,135,158,88,42
2020,1,A,골목상권,2110316,숭곡초등학교,3749,2252,1497,12,320,511,783,810,1313,11,132,241,383,471,1014,1,188,270,400,339,299
2020,1,A,골목상권,2110315,종암아이파크2차,19523,10008,9515,57,1546,5002,7164,5525,229,13,627,1664,3177,4378,149,44,919,3338,3987,1147,80
2020,1,A,골목상권,2110314,종암경찰서,22088,12093,9995,63,1812,5489,7636,6091,997,14,829,2083,3572,4842,753,49,983,3406,4064,1249,244
2020,1,A,골목상권,2110313,안암역 3번,4486,2929,1557,7,548,1055,1239,1027,610,3,263,654,815,721,473,4,285,401,424,306,137
2020,1,A,골목상권,2110312,안암역 2번,1666,856,810,1,199,457,563,337,109,0,70,198,309,204,75,1,129,259,254,133,34
2020,1,A,골목상권,2110311,종암아이파크2차후문,18419,9472,8947,55,1397,4775,6829,5279,84,12,583,1567,3015,4229,66,43,814,3208,3814,1050,18
2020,1,A,골목상권,2110310,길음역 10번,2304,969,1335,10,637,675,493,352,137,1,143,321,258,161,85,9,494,354,235,191,52
2020,1,A,골목상권,2110309,대광초등학교,3669,2531,1138,12,521,883,910,786,557,4,294,622,640,561,410,8,227,261,270,225,147
2020,1,A,골목상권,2110308,길음역 8번,7178,3463,3715,428,2655,1922,1125,688,360,177,1050,1021,613,334,268,251,1605,901,512,354,92
2020,1,A,골목상권,2110307,길음역 7번,2596,948,1648,10,718,682,547,427,212,0,146,268,216,179,139,10,572,414,331,248,73
2020,1,A,골목상권,2110306,미아초등학교,5376,2688,2688,419,2073,1365,788,449,282,176,923,736,412,220,221,243,1150,629,376,229,61
2020,1,A,골목상권,2110305,보문역 5번,6471,4952,1519,11,812,2114,1358,1346,830,5,488,1734,1085,1066,574,6,324,380,273,280,256
2020,1,A,골목상권,2110304,보문역 4번,5081,2911,2170,4,547,1204,1258,1332,736,3,248,624,733,863,440,1,299,580,525,469,296
2020,1,A,골목상권,2110303,성신여대입구역 1번,2302,983,1319,23,343,507,539,532,358,11,93,195,230,247,207,12,250,312,309,285,151
2020,1,A,골목상권,2110302,보문역 8번,6611,5075,1536,7,801,2204,1491,1413,695,2,445,1775,1209,1164,480,5,356,429,282,249,215
2020,1,A,골목상권,2110301,성신여대입구역 7번,2407,1250,1157,22,336,473,551,587,438,16,112,206,285,329,302,6,224,267,266,258,136
2020,1,A,골목상권,2110300,삼선동주민센터,7082,3275,3807,21,849,1747,2084,1699,682,12,261,673,916,1026,387,9,588,1074,1168,673,295
2020,1,A,골목상권,2110299,정릉역 1번,2389,1112,1277,6,327,495,591,580,390,1,79,200,234,301,297,5,248,295,357,279,93
2020,1,A,골목상권,2110298,솔숲어린이공원,1609,756,853,6,199,274,412,438,280,1,58,98,163,222,214,5,141,176,249,216,66
2020,1,A,골목상권,2110297,경동고등학교,9374,4825,4549,19,1150,2351,2816,2260,778,8,435,1116,1431,1392,443,11,715,1235,1385,868,335
2020,1,A,골목상권,2110296,성신여대입구역 4번,13044,7926,5118,60,2010,3119,4030,2350,1475,26,917,1816,2693,1739,735,34,1093,1303,1337,611,740
2020,1,A,골목상권,2110295,정릉우체국,2490,1166,1324,2,366,486,617,609,410,0,99,203,246,329,289,2,267,283,371,280,121
2020,1,A,골목상권,2110294,서경대학교,2549,1324,1225,1,378,447,634,629,460,0,105,193,305,381,340,1,273,254,329,248,120
2020,1,A,골목상권,2110293,삼선중학교,16035,9034,7001,63,2380,3897,5184,2868,1643,27,1059,2173,3103,1899,773,36,1321,1724,2081,969,870
2020,1,A,골목상권,2110292,정릉역 2번,1455,558,897,1,246,356,390,314,148,0,62,144,125,131,96,1,184,212,265,183,52
2020,1,A,골목상권,2110291,한성대입구역 3번,4682,2808,1874,4,513,944,1389,1258,574,2,184,541,891,836,354,2,329,403,498,422,220
2020,1,A,골목상권,2110290,북한산보국문역 1번,1034,535,499,2,104,127,218,313,270,0,28,65,110,176,156,2,76,62,108,137,114
2020,1,A,골목상권,2110289,북한산보국문역 2번,1888,951,937,0,291,395,491,441,270,0,88,179,225,255,204,0,203,216,266,186,66
2020,1,A,골목상권,2110288,동구여중,4250,2398,1852,23,496,930,1431,989,381,12,211,489,785,607,294,11,285,441,646,382,87
2020,1,A,골목상권,2110287,정릉3동주민센터,1637,1229,408,0,230,512,449,314,132,0,133,403,340,243,110,0,97,109,109,71,22
2020,1,A,골목상권,2110286,한성대입구역 5번,6385,3175,3210,20,806,1509,1805,1506,739,9,265,708,929,826,438,11,541,801,876,680,301
2020,1,A,골목상권,2110285,홍대부중,5373,2950,2423,12,1018,1547,1503,934,359,7,415,798,842,619,269,5,603,749,661,315,90
2020,1,A,골목상권,2110284,정릉북한산국립공원입구,1223,860,363,0,80,214,331,411,187,0,23,120,249,314,154,0,57,94,82,97,33
2020,1,A,골목상권,2110283,성북초등학교앞,4093,2342,1751,15,771,1263,1080,686,278,9,312,713,699,425,184,6,459,550,381,261,94
2020,1,A,골목상권,2110282,국민대학교앞,1943,1389,554,15,322,603,452,316,235,14,185,441,355,248,146,1,137,162,97,68,89
2020,1,A,골목상권,2110281,길상사,17018,13990,3028,25,2042,3972,4890,5544,545,4,1214,2904,4251,5231,386,21,828,1068,639,313,159
2020,1,A,골목상권,2110280,북정마을,14960,12846,2114,18,1405,3400,4437,5321,379,4,942,2610,3998,5030,262,14,463,790,439,291,117
2020,1,A,골목상권,2110279,신내역 2번,2047,735,1312,1,530,644,403,373,96,0,99,241,188,148,59,1,431,403,215,225,37
2020,1,A,골목상권,2110278,망우본동주민센터,2878,1577,1301,10,284,489,618,849,628,1,85,183,285,500,523,9,199,306,333,349,105
2020,1,A,골목상권,2110277,러스크서울병원,2130,1283,847,13,203,291,394,651,578,2,69,98,204,424,486,11,134,193,190,227,92
2020,1,A,골목상권,2110276,신내IC북측,607,375,232,0,44,112,142,253,56,0,25,88,107,124,31,0,19,24,35,129,25
2020,1,A,골목상권,2110275,하나은행 망우동지점,1686,1011,675,10,166,215,299,524,472,0,46,66,154,349,396,10,120,149,145,175,76
2020,1,A,골목상권,2110274,서일대학교,2030,1277,753,2,173,309,487,576,483,1,57,162,302,404,351,1,116,147,185,172,132
2020,1,A,골목상권,2110273,장스여성병원,1613,1000,613,9,132,209,298,500,465,1,34,80,150,339,396,8,98,129,148,161,69
2020,1,A,골목상권,2110272,신내1동주민센터,5843,3433,2410,7,756,1311,1295,1459,1015,6,386,660,668,911,802,1,370,651,627,548,213
2020,1,A,골목상권,2110271,신내역 1번,2658,1073,1585,5,607,752,539,616,139,1,134,318,283,257,80,4,473,434,256,359,59
2020,1,A,골목상권,2110270,혜원여고,1224,728,496,0,98,181,286,344,315,0,39,103,157,210,219,0,59,78,129,134,96
2020,1,A,골목상권,2110269,용마문화복지센터,1320,882,438,1,120,224,285,389,301,0,50,133,182,292,225,1,70,91,103,97,76
2020,1,A,골목상권,2110268,망우3동주민센터,1612,1031,581,3,203,323,368,411,304,3,130,207,213,250,228,0,73,116,155,161,76
2020,1,A,골목상권,2110267,망우역 2번,3855,2306,1549,17,545,783,816,902,792,13,310,445,442,506,590,4,235,338,374,396,202
2020,1,A,골목상권,2110266,면목동우체국,3102,1920,1182,7,322,539,733,852,649,2,104,264,432,611,507,5,218,275,301,241,142
2020,1,A,골목상권,2110265,망우역 1번,3076,1829,1247,16,364,540,716,803,637,5,170,256,354,517,527,11,194,284,362,286,110
2020,1,A,골목상권,2110264,면목역 2번,2233,1223,1010,3,236,458,534,610,392,0,80,225,279,374,265,3,156,233,255,236,127
2020,1,A,골목상권,2110263,면목역 1번,2962,1753,1209,6,445,738,846,625,302,3,244,499,441,330,236,3,201,239,405,295,66
2020,1,A,골목상권,2110262,상봉역 3번,3221,1967,1254,8,450,790,948,652,373,4,252,530,510,366,305,4,198,260,438,286,68
2020,1,A,골목상권,2110261,사가정역 4번,3127,2086,1041,5,288,460,746,997,631,4,111,243,469,761,498,1,177,217,277,236,133
2020,1,A,골목상권,2110260,면목역 3번,2514,1442,1072,3,356,591,717,548,299,0,154,393,354,299,242,3,202,198,363,249,57
2020,1,A,골목상권,2110259,사가정역 1번,3127,1865,1262,6,337,678,872,745,489,3,144,363,490,495,370,3,193,315,382,250,119
2020,1,A,골목상권,2110258,면동초등학교,2037,1206,831,5,240,437,528,494,333,1,106,255,280,307,257,4,134,182,248,187,76
2020,1,A,골목상권,2110257,상봉역 7번,2452,1607,845,11,219,403,552,647,620,10,108,220,301,442,526,1,111,183,251,205,94
2020,1,A,골목상권,2110256,면목2동체육관,3547,2122,1425,5,446,738,941,853,564,1,202,481,507,484,447,4,244,257,434,369,117
2020,1,A,골목상권,2110255,상봉역 4번,4458,2784,1674,6,479,915,1219,1023,816,1,229,569,676,643,666,5,250,346,543,380,150
2020,1,A,골목상권,2110254,오거리공원,2416,1571,845,3,191,424,659,814,325,2,79,223,410,603,254,1,112,201,249,211,71
2020,1,A,골목상권,2110253,중곡초등학교,1855,1320,535,2,153,294,471,641,294,1,81,182,321,513,222,1,72,112,150,128,72
2020,1,A,골목상권,2110252,장안제일시장,1993,1261,732,2,203,364,494,505,425,1,97,223,245,330,365,1,106,141,249,175,60
2020,1,A,골목상권,2110251,장안중학교,2262,1349,913,0,231,428,502,567,534,0,89,190,253,357,460,0,142,238,249,210,74
2020,1,A,골목상권,2110250,화랑대역 7번,1509,739,770,5,140,332,409,398,225,1,49,156,183,195,155,4,91,176,226,203,70
2020,1,A,골목상권,2110249,중화역 1번,3063,1949,1114,1,402,709,752,735,464,1,223,405,433,507,380,0,179,304,319,228,84
2020,1,A,골목상권,2110248,먹골파출소,1263,628,635,3,134,298,352,301,175,0,45,145,171,147,120,3,89,153,181,154,55
2020,1,A,골목상권,2110247,먹골역 1번,2991,1922,1069,0,398,676,750,773,394,0,207,418,446,532,319,0,191,258,304,241,75
2020,1,A,골목상권,2110246,월드순복음교회,2145,1274,871,4,193,347,472,594,535,1,63,160,269,364,417,3,130,187,203,230,118
2020,1,A,골목상권,2110245,KB국민은행 중화동지점,2037,1261,776,3,166,345,495,514,514,1,63,179,281,323,414,2,103,166,214,191,100
2020,1,A,골목상권,2110244,중화역 4번,2398,1528,870,2,356,606,575,562,297,2,209,364,342,382,229,0,147,242,233,180,68
2020,1,A,골목상권,2110243,중랑노인종합복지관,1660,977,683,2,141,271,376,485,385,1,50,133,206,282,305,1,91,138,170,203,80
2020,1,A,골목상권,2110242,면목5동주민센터,1226,796,430,1,101,187,289,334,314,0,45,120,154,211,266,1,56,67,135,123,48
2020,1,A,골목상권,2110241,먹골역 5번,2531,1611,920,1,347,608,639,667,269,1,191,387,378,452,202,0,156,221,261,215,67
2020,1,A,골목상권,2110240,태릉시장 특화거리,1145,548,597,8,174,260,261,239,203,6,84,106,113,110,129,2,90,154,148,129,74
2020,1,A,골목상권,2110239,중랑역 2번,690,313,377,5,95,118,156,155,161,2,29,46,64,73,99,3,66,72,92,82,62
2020,1,A,골목상권,2110238,배꽃어린이공원,1473,1122,351,2,227,342,337,358,207,2,157,266,243,292,162,0,70,76,94,66,45
2020,1,A,골목상권,2110237,메가박스 상봉,3560,2363,1197,12,356,778,1051,1010,353,10,168,485,723,741,236,2,188,293,328,269,117
2020,1,A,골목상권,2110236,신묵초등학교,2471,1622,849,2,350,599,613,640,267,2,195,394,387,452,192,0,155,205,226,188,75
2020,1,A,골목상권,2110235,세화어린이공원,381,210,171,6,90,59,103,71,52,5,52,33,45,38,37,1,38,26,58,33,15
2020,1,A,골목상권,2110234,중랑역 4번,3174,2317,857,12,298,719,1010,858,277,10,155,484,757,704,207,2,143,235,253,154,70
2020,1,A,골목상권,2110233,중랑역 1번,3032,2188,844,17,357,651,916,814,277,14,188,439,671,673,203,3,169,212,245,141,74
2020,1,A,골목상권,2110232,동대부고,3028,1420,1608,3,381,593,816,786,449,1,123,264,333,381,318,2,258,329,483,405,131
2020,1,A,골목상권,2110231,장안교,1741,1065,676,6,143,324,461,478,329,4,59,155,249,315,283,2,84,169,212,163,46
2020,1,A,골목상권,2110230,장안현대홈타운1차아파트,5246,2850,2396,14,898,1262,1405,1131,536,10,473,718,698,598,353,4,425,544,707,533,183
2020,1,A,골목상권,2110229,장평중학교,5475,3447,2028,11,604,1021,1167,1234,1438,7,309,620,723,769,1019,4,295,401,444,465,419
2020,1,A,골목상권,2110228,장안근린공원,6839,3589,3250,54,2007,1290,1365,1326,797,32,1034,727,628,629,539,22,973,563,737,697,258
2020,1,A,골목상권,2110227,답십리공원,4470,2551,1919,49,1629,777,743,784,488,30,929,507,422,364,299,19,700,270,321,420,189
2020,1,A,골목상권,2110226,장안1동주민센터,6971,3871,3100,22,858,1351,1602,1672,1466,17,403,767,886,926,872,5,455,584,716,746,594
2020,1,A,골목상권,2110225,촬영소사거리,2931,1595,1336,12,223,386,587,760,963,9,107,227,365,390,497,3,116,159,222,370,466
2020,1,A,골목상권,2110224,외대앞역 2번,1398,804,594,3,138,261,402,359,235,1,53,146,243,245,116,2,85,115,159,114,119
2020,1,A,골목상권,2110223,군자초등학교,6674,4353,2321,43,1459,1676,1307,1058,1131,11,711,1129,908,704,890,32,748,547,399,354,241
2020,1,A,골목상권,2110222,회기역 2번,2392,1179,1213,2,403,501,609,625,252,0,104,257,343,339,136,2,299,244,266,286,116
2020,1,A,골목상권,2110221,의릉,1144,696,448,3,127,310,315,263,126,0,43,194,185,173,101,3,84,116,130,90,25
2020,1,A,골목상권,2110220,외대앞역 1번,3641,1571,2070,2,688,923,946,679,403,1,133,336,444,404,253,1,555,587,502,275,150
2020,1,A,골목상권,2110219,삼육보건대학교,4450,2371,2079,4,582,896,1094,1128,746,2,182,417,615,657,498,2,400,479,479,471,248
2020,1,A,골목상권,2110218,답십리사거리,1435,853,582,7,165,299,369,350,245,5,66,165,204,224,189,2,99,134,165,126,56
2020,1,A,골목상권,2110217,자동차부품상가,6813,4504,2309,26,1478,1623,1457,1223,1006,21,859,1143,968,768,745,5,619,480,489,455,261
2020,1,A,골목상권,2110216,전농중학교,2153,1119,1034,3,263,476,586,555,270,1,114,236,297,296,175,2,149,240,289,259,95
2020,1,A,골목상권,2110215,회기역 1번,2459,902,1557,4,638,776,558,322,161,1,126,278,223,148,126,3,512,498,335,174,35
2020,1,A,골목상권,2110214,경희대후문,3292,1434,1858,1,689,917,862,572,251,1,134,332,426,346,195,0,555,585,436,226,56
2020,1,A,골목상권,2110213,청량초등학교,2169,702,1467,0,592,722,494,250,111,0,101,237,187,96,81,0,491,485,307,154,30
2020,1,A,골목상권,2110212,답십리초등학교,6736,3585,3151,26,1187,1542,1846,1660,475,22,887,1141,773,457,305,4,300,401,1073,1203,170
2020,1,A,골목상권,2110211,전곡마을마당공원,2826,1580,1246,4,375,594,732,764,357,1,152,275,439,468,245,3,223,319,293,296,112
2020,1,A,골목상권,2110210,서울시립대,3076,1537,1539,7,419,611,663,709,667,4,126,242,352,377,436,3,293,369,311,332,231
2020,1,A,골목상권,2110209,답십리 장령당공원,4354,2000,2354,4,640,954,1230,1197,329,1,470,685,419,202,223,3,170,269,811,995,106
2020,1,A,골목상권,2110208,시조사삼거리,2384,1294,1090,4,388,710,460,463,359,3,155,452,245,252,187,1,233,258,215,211,172
2020,1,A,골목상권,2110207,시립대앞사거리,2645,1363,1282,3,363,557,634,682,406,1,117,229,344,396,276,2,246,328,290,286,130
2020,1,A,골목상권,2110206,텃골근린공원,1284,744,540,2,151,241,347,340,203,1,84,134,221,207,97,1,67,107,126,133,106
2020,1,A,골목상권,2110205,경희대삼거리,3822,2069,1753,6,701,1290,710,636,479,4,281,760,405,362,257,2,420,530,305,274,222
2020,1,A,골목상권,2110204,간데메공원,1794,1235,559,6,298,435,450,379,226,3,196,277,304,275,180,3,102,158,146,104,46
2020,1,A,골목상권,2110203,떡전교사거리,1943,858,1085,2,261,350,385,429,516,2,79,140,162,190,285,0,182,210,223,239,231
2020,1,A,골목상권,2110202,전농1동주민센터(전농시장),593,343,250,0,76,107,147,149,114,0,49,61,93,85,55,0,27,46,54,64,59
2020,1,A,골목상권,2110201,전농119안전센터,825,530,295,0,102,158,244,182,139,0,68,101,168,117,76,0,34,57,76,65,63
2020,1,A,골목상권,2110200,동대문경찰서,1083,572,511,0,119,177,222,305,260,0,60,86,111,138,177,0,59,91,111,167,83
2020,1,A,골목상권,2110199,홍릉시장,1158,621,537,0,99,193,238,354,274,0,46,95,119,165,196,0,53,98,119,189,78
2020,1,A,골목상권,2110198,동대문중앙새마을금고본점,688,361,327,0,52,89,135,214,198,0,23,47,72,99,120,0,29,42,63,115,78
2020,1,A,골목상권,2110197,세종대왕기념관교차로,2510,1548,962,3,426,731,600,539,211,2,154,376,417,419,180,1,272,355,183,120,31
2020,1,A,골목상권,2110196,홍릉근린공원,1047,653,394,1,93,198,337,285,133,1,37,93,216,188,118,0,56,105,121,97,15
2020,1,A,골목상권,2110195,동대문구청,4287,2125,2162,6,481,906,1023,1183,688,3,186,393,469,674,400,3,295,513,554,509,288
2020,1,A,골목상권,2110194,홍파초등학교,1798,1085,713,2,140,330,522,522,282,1,84,184,314,291,211,1,56,146,208,231,71
2020,1,A,골목상권,2110193,고려대역 4번,1232,835,397,1,79,208,403,369,172,1,35,113,259,283,144,0,44,95,144,86,28
2020,1,A,골목상권,2110192,동의보감타워,5324,3233,2091,17,756,1316,1285,1303,647,8,482,802,763,820,358,9,274,514,522,483,289
2020,1,A,골목상권,2110191,고려대역 6번,1157,702,455,2,78,202,355,318,202,1,38,103,203,201,156,1,40,99,152,117,46
2020,1,A,골목상권,2110190,고대앞사거리,3236,1724,1512,5,469,907,933,626,296,2,192,462,500,367,201,3,277,445,433,259,95
2020,1,A,골목상권,2110189,제기동역 1번,6727,4533,2194,21,1156,1875,1505,1131,1039,8,647,1270,1059,767,782,13,509,605,446,364,257
2020,1,A,골목상권,2110188,용두동신동아아파트,9251,6800,2451,57,1038,1991,2191,2660,1314,37,705,1428,1679,1971,980,20,333,563,512,689,334
2020,1,A,골목상권,2110187,제기동역 6번,7263,4732,2531,20,1249,2025,1616,1231,1122,8,662,1282,1102,844,834,12,587,743,514,387,288
2020,1,A,골목상권,2110186,종암초등학교,3678,2369,1309,3,481,1024,1038,724,408,0,199,624,702,506,338,3,282,400,336,218,70
2020,1,A,골목상권,2110185,용두초등학교,9216,4802,4414,9,826,2131,2857,2357,1036,3,373,1210,1418,1091,707,6,453,921,1439,1266,329
2020,1,A,골목상권,2110184,용두사거리,7078,2654,4424,6,1108,1663,1364,1642,1295,2,332,723,563,452,582,4,776,940,801,1190,713
2020,1,A,골목상권,2110183,한국의류시험연구원,6586,2490,4096,5,1038,1511,1273,1514,1245,1,321,694,532,384,558,4,717,817,741,1130,687
2020,1,A,골목상권,2110182,용두희망어린이공원,8150,3848,4302,10,1180,1780,1735,2093,1352,4,438,992,944,839,631,6,742,788,791,1254,721
2020,1,A,골목상권,2110181,신설동역 9번,13079,7138,5941,34,1192,2706,3581,3279,2287,18,594,1610,1908,1605,1403,16,598,1096,1673,1674,884
2020,1,A,골목상권,2110180,광진정보도서관,9548,6222,3326,19,2321,3104,2006,1368,730,5,1187,2103,1425,958,544,14,1134,1001,581,410,186
2020,1,A,골목상권,2110179,광나루역 1번,6574,3993,2581,161,2344,1211,1143,1171,544,51,1118,831,807,821,365,110,1226,380,336,350,179
2020,1,A,골목상권,2110178,장로회신학대학교,2969,2050,919,2,411,751,730,698,377,0,227,542,543,493,245,2,184,209,187,205,132
2020,1,A,골목상권,2110177,동의초등학교,1459,779,680,1,169,274,393,406,216,0,61,146,213,214,145,1,108,128,180,192,71
2020,1,A,골목상권,2110176,해오름공원,4046,2107,1939,5,730,888,1169,939,315,2,195,417,665,579,249,3,535,471,504,360,66
2020,1,A,골목상권,2110175,푸른동산공원,9538,5255,4283,11,988,1818,2356,2694,1671,5,574,1201,1457,1185,833,6,414,617,899,1509,838
2020,1,A,골목상권,2110174,아차산역 1번,3794,2279,1515,7,421,721,1109,1004,532,3,189,430,702,589,366,4,232,291,407,415,166
2020,1,A,골목상권,2110173,구남초등학교,11730,6787,4943,24,1163,2242,2831,3303,2167,9,628,1467,1814,1629,1240,15,535,775,1017,1674,927
2020,1,A,골목상권,2110172,광진초등학교,3672,2114,1558,57,568,731,843,922,551,25,284,392,475,537,401,32,284,339,368,385,150
2020,1,A,골목상권,2110171,중곡4동주민센터,3077,1296,1781,4,590,757,782,700,244,2,117,276,348,364,189,2,473,481,434,336,55
2020,1,A,골목상권,2110170,동대부여고,6257,3117,3140,5,456,1045,1777,2129,845,2,193,556,964,908,494,3,263,489,813,1221,351
2020,1,A,골목상권,2110169,성동초등학교,6765,4291,2474,18,675,1492,1785,1727,1068,4,365,915,1130,1071,806,14,310,577,655,656,262
2020,1,A,골목상권,2110168,대원고등학교,2238,1319,919,4,229,483,556,618,348,2,102,238,295,395,287,2,127,245,261,223,61
2020,1,A,골목상권,2110167,용마초등학교,4509,2630,1879,12,580,923,1177,1052,765,4,313,546,644,575,548,8,267,377,533,477,217
2020,1,A,골목상권,2110166,구의1동주민센터,15219,11430,3789,17,1059,2485,4251,5895,1512,12,537,1532,3205,4890,1254,5,522,953,1046,1005,258
2020,1,A,골목상권,2110165,국립정신건강센터,2585,1477,1108,3,244,534,684,699,421,0,94,256,352,434,341,3,150,278,332,265,80
2020,1,A,골목상권,2110164,아차산역 5번,2694,1609,1085,7,347,531,659,642,508,2,169,304,401,359,374,5,178,227,258,283,134
2020,1,A,골목상권,2110163,성자초등학교,3129,1834,1295,13,357,640,850,913,356,9,224,372,481,482,266,4,133,268,369,431,90
2020,1,A,골목상권,2110162,군자역 4번,3924,2332,1592,15,598,853,977,809,672,8,340,511,565,435,473,7,258,342,412,374,199
2020,1,A,골목상권,2110161,중곡역 3번,2364,1591,773,7,197,379,569,778,434,2,89,224,353,586,337,5,108,155,216,192,97
2020,1,A,골목상권,2110160,광진경찰서,2323,1406,917,4,347,648,636,516,172,1,194,397,354,334,126,3,153,251,282,182,46
2020,1,A,골목상권,2110159,구의역 4번,15886,11761,4125,20,1195,2502,4360,6044,1765,14,552,1526,3278,4933,1458,6,643,976,1082,1111,307
2020,1,A,골목상권,2110158,중곡3동주민센터,2903,2098,805,5,253,521,703,934,487,1,136,358,470,736,397,4,117,163,233,198,90
2020,1,A,골목상권,2110157,자양동우체국,2103,1420,683,14,451,461,501,450,226,10,346,329,303,259,173,4,105,132,198,191,53
2020,1,A,골목상권,2110156,군자역 5번,3797,2348,1449,10,541,828,936,817,665,6,297,488,572,478,507,4,244,340,364,339,158
2020,1,A,골목상권,2110155,광진구청,13911,10903,3008,14,1009,2223,3822,5359,1484,12,536,1458,2986,4650,1261,2,473,765,836,709,223
2020,1,A,골목상권,2110154,광진정말공원,2494,1436,1058,7,351,455,604,640,437,5,171,260,316,357,327,2,180,195,288,283,110
2020,1,A,골목상권,2110153,중곡1동주민센터,5211,2445,2766,82,1436,912,1081,1176,524,28,644,492,513,422,346,54,792,420,568,754,178
2020,1,A,골목상권,2110152,중곡어린이공원,2482,1526,956,49,471,549,517,545,351,6,194,337,328,368,293,43,277,212,189,177,58
2020,1,A,골목상권,2110151,자양한강도서관,2520,1817,703,15,490,505,614,608,288,11,373,369,422,418,224,4,117,136,192,190,64
2020,1,A,골목상권,2110150,중곡1동 마을마당,5928,2959,2969,84,1503,1158,1196,1359,628,30,654,632,616,572,455,54,849,526,580,787,173
2020,1,A,골목상권,2110149,세종대학교,1090,593,497,0,153,295,256,226,160,0,69,164,150,110,100,0,84,131,106,116,60
2020,1,A,골목상권,2110148,어린이대공원역 3번,1449,1013,436,2,138,200,381,498,230,0,66,128,264,363,192,2,72,72,117,135,38
2020,1,A,골목상권,2110147,능동우편취급국,5319,2666,2653,35,1292,1071,1074,1227,620,22,621,624,558,446,395,13,671,447,516,781,225
2020,1,A,골목상권,2110146,신자초등학교,3030,2209,821,8,345,709,894,809,265,3,232,532,652,588,202,5,113,177,242,221,63
2020,1,A,골목상권,2110145,장안초등학교,913,444,469,0,95,163,182,275,198,0,30,77,88,131,118,0,65,86,94,144,80
2020,1,A,골목상권,2110144,어린이대공원역 4번,1995,1266,729,2,200,302,497,650,344,0,76,165,320,437,268,2,124,137,177,213,76
2020,1,A,골목상권,2110143,뚝섬유원지역 1번,1854,1500,354,4,199,512,536,442,161,1,151,418,445,358,127,3,48,94,91,84,34
2020,1,A,골목상권,2110142,화양사거리,4124,2353,1771,5,665,1024,1057,859,514,2,309,600,651,427,364,3,356,424,406,432,150
2020,1,A,골목상권,2110141,건대입구역 1번,3299,2189,1110,13,442,738,841,702,563,6,231,484,570,459,439,7,211,254,271,243,124
2020,1,A,골목상권,2110140,건대입구역 6번,5095,3245,1850,28,632,1049,1230,1212,944,21,284,628,783,815,714,7,348,421,447,397,230
2020,1,A,골목상권,2110139,자양4동주민센터,3041,2288,753,62,487,732,735,671,354,28,320,558,574,520,288,34,167,174,161,151,66
2020,1,A,골목상권,2110138,송정체육공원,4312,2537,1775,2,725,1148,1094,805,538,0,350,692,688,425,382,2,375,456,406,380,156
2020,1,A,골목상권,2110137,성수초등학교,15849,10295,5554,64,2391,4011,4214,3217,1952,49,1240,2613,2806,2104,1483,15,1151,1398,1408,1113,469
2020,1,A,골목상권,2110136,경수초등학교,19912,12290,7622,134,4030,5003,4511,3778,2456,78,1986,3201,2930,2315,1780,56,2044,1802,1581,1463,676
2020,1,A,골목상권,2110135,성동세무서,7155,4565,2590,12,1071,1813,1835,1515,909,5,579,1158,1197,926,700,7,492,655,638,589,209
2020,1,A,골목상권,2110134,성수119안전센터,4792,3359,1433,79,805,1245,1218,959,486,39,481,883,888,682,386,40,324,362,330,277,100
2020,1,A,골목상권,2110133,서울교통공사,6588,4563,2025,50,1729,1852,1274,965,718,21,996,1339,950,679,578,29,733,513,324,286,140
2020,1,A,골목상권,2110132,성수2가3동주민센터,4528,2778,1750,14,563,1101,1102,1022,726,11,282,667,706,642,470,3,281,434,396,380,256
2020,1,A,골목상권,2110131,성수동카페거리,18863,11455,7408,84,3960,5083,4195,3250,2291,51,1964,3230,2724,1930,1556,33,1996,1853,1471,1320,735
2020,1,A,골목상권,2110130,답십리역 6번,5783,2708,3075,6,834,1254,1641,1495,553,2,564,856,606,323,357,4,270,398,1035,1172,196
2020,1,A,골목상권,2110129,성원어린이공원,5831,3754,2077,21,932,1339,1290,1152,1097,16,543,871,862,738,724,5,389,468,428,414,373
2020,1,A,골목상권,2110128,성원중학교,5913,4100,1813,24,740,1417,1504,1425,803,13,428,1018,1078,1009,554,11,312,399,426,416,249
2020,1,A,골목상권,2110127,성수1가1동주민센터,5851,3818,2033,21,1131,1850,1426,919,504,11,621,1230,924,626,406,10,510,620,502,293,98
2020,1,A,골목상권,2110126,서울숲역 1번,4957,3278,1679,19,954,1230,1086,892,776,12,568,830,689,609,570,7,386,400,397,283,206
2020,1,A,골목상권,2110125,사근동살곶이상점가,2512,1782,730,2,144,443,815,743,365,2,54,289,563,579,295,0,90,154,252,164,70
2020,1,A,골목상권,2110124,뚝섬역교차로,3140,2236,904,14,450,585,706,728,657,12,229,380,469,568,578,2,221,205,237,160,79
2020,1,A,골목상권,2110123,마장역 3번,1661,1034,627,1,198,311,408,441,302,1,95,185,241,285,227,0,103,126,167,156,75
2020,1,A,골목상권,2110122,마장역 2번,1517,1003,514,1,159,243,355,441,318,1,89,160,221,294,238,0,70,83,134,147,80
2020,1,A,골목상권,2110121,한양대역 4번,2434,1709,725,0,128,423,780,733,370,0,43,274,532,559,301,0,85,149,248,174,69
2020,1,A,골목상권,2110120,서울숲카페거리,1582,1046,536,5,184,292,370,390,341,4,93,172,212,275,290,1,91,120,158,115,51
2020,1,A,골목상권,2110119,마장지하차도,2657,987,1670,3,257,346,556,850,645,1,141,190,234,227,194,2,116,156,322,623,451
2020,1,A,골목상권,2110118,왕십리역 9번,2693,1327,1366,12,554,698,635,510,284,2,170,310,345,292,208,10,384,388,290,218,76
2020,1,A,골목상권,2110117,성동구보건소,3376,1242,2134,9,551,497,662,965,692,2,191,247,299,296,207,7,360,250,363,669,485
2020,1,A,골목상권,2110116,청계천박물관,8711,5833,2878,46,804,1715,2072,2820,1254,33,442,1069,1395,1994,900,13,362,646,677,826,354
2020,1,A,골목상권,2110115,상왕십리역 3번,5567,2521,3046,19,895,982,1144,1447,1080,4,303,543,630,605,436,15,592,439,514,842,644
2020,1,A,골목상권,2110114,왕십리파출소,2943,1055,1888,16,538,508,588,804,489,3,198,277,289,197,91,13,340,231,299,607,398
2020,1,A,골목상권,2110113,응봉산,2383,905,1478,16,296,761,960,256,94,0,90,252,389,108,66,16,206,509,571,148,28
2020,1,A,골목상권,2110112,행당역 2번,1515,781,734,1,187,321,403,404,199,0,71,141,204,221,144,1,116,180,199,183,55
2020,1,A,골목상권,2110111,대현산장미원,336,200,136,1,46,57,83,78,71,0,15,28,41,53,63,1,31,29,42,25,8
2020,1,A,골목상권,2110110,상왕십리역 6번,2892,1693,1199,14,435,651,657,653,482,5,147,368,443,432,298,9,288,283,214,221,184
2020,1,A,골목상권,2110109,금호삼성래미안아파트,2707,1162,1545,17,330,830,1057,350,123,1,119,302,464,178,98,16,211,528,593,172,25
2020,1,A,골목상권,2110108,성동구립금호도서관,272,128,144,0,32,55,72,79,34,0,14,29,30,29,26,0,18,26,42,50,8
2020,1,A,골목상권,2110107,금호사거리,2741,1185,1556,16,316,815,1029,373,192,1,105,276,444,211,148,15,211,539,585,162,44
2020,1,A,골목상권,2110106,금북초등학교,682,416,266,1,112,193,201,134,41,1,66,107,128,85,29,0,46,86,73,49,12
2020,1,A,골목상권,2110105,금동어린이공원,3124,1300,1824,16,371,929,1129,449,230,1,117,326,480,214,162,15,254,603,649,235,68
2020,1,A,골목상권,2110104,신금호역 4번,1550,885,665,2,200,375,389,317,267,2,69,194,228,192,200,0,131,181,161,125,67
2020,1,A,골목상권,2110103,옥수터널,652,341,311,1,61,162,188,182,58,0,22,73,103,102,41,1,39,89,85,80,17
2020,1,A,골목상권,2110102,옥수역 6번,4523,1702,2821,5,1162,1330,1014,721,291,0,285,464,469,333,151,5,877,866,545,388,140
2020,1,A,골목상권,2110101,옥정중학교,11800,7925,3875,10,1772,3747,3394,2453,424,5,571,2350,2657,2066,276,5,1201,1397,737,387,148
2020,1,A,골목상권,2110100,옥수동우편취급국,8356,6820,1536,8,785,2676,2652,2008,227,4,361,2018,2357,1893,187,4,424,658,295,115,40
2020,1,A,골목상권,2110099,유엔빌리지길,22417,18045,4372,50,2713,5729,6376,6735,814,38,1345,4185,5513,6284,680,12,1368,1544,863,451,134
2020,1,A,골목상권,2110098,서울독일학교,22179,18008,4171,40,2712,5547,6234,6685,961,31,1363,4085,5433,6273,823,9,1349,1462,801,412,138
2020,1,A,골목상권,2110097,한남초등학교,7826,5468,2358,14,1401,2935,1774,1222,480,7,711,1893,1374,1079,404,7,690,1042,400,143,76
2020,1,A,골목상권,2110096,한남힐사이드아파트,8734,5560,3174,9,1774,3226,2049,1383,293,6,757,1958,1477,1118,244,3,1017,1268,572,265,49
2020,1,A,골목상권,2110095,한강진역 3번,16261,10270,5991,51,3557,5623,3802,2391,837,29,1573,3350,2741,1953,624,22,1984,2273,1061,438,213
2020,1,A,골목상권,2110094,오산중학교,475,243,232,0,38,115,148,115,59,0,11,56,70,66,40,0,27,59,78,49,19
2020,1,A,골목상권,2110093,우사단길,9702,6097,3605,43,1853,3128,2442,1391,845,25,761,1853,1780,1071,607,18,1092,1275,662,320,238
2020,1,A,골목상권,2110092,NH농협은행 보광동지점,4109,2859,1250,31,584,1186,1179,823,306,21,305,795,876,631,231,10,279,391,303,192,75
2020,1,A,골목상권,2110091,리움미술관,7513,4522,2991,24,1801,2643,1844,904,297,15,749,1458,1336,748,216,9,1052,1185,508,156,81
2020,1,A,골목상권,2110090,한국폴리텍대학서울정수캠퍼스,8083,4908,3175,18,1242,2436,2730,1210,447,8,540,1218,1919,926,297,10,702,1218,811,284,150
2020,1,A,골목상권,2110089,서빙고동주민센터,2543,1491,1052,2,350,655,776,449,311,0,109,359,499,312,212,2,241,296,277,137,99
2020,1,A,골목상권,2110088,오산고등학교,10165,6137,4028,22,1462,3094,3318,1687,582,10,653,1517,2260,1276,421,12,809,1577,1058,411,161
2020,1,A,골목상권,2110087,이태원엔틱가구거리,6439,3688,2751,31,1233,1753,1633,1215,574,18,527,948,988,811,396,13,706,805,645,404,178
2020,1,A,골목상권,2110086,이태원역 북측,18101,8842,9259,50,4925,6856,3887,1818,565,27,1453,3140,2391,1403,428,23,3472,3716,1496,415,137
2020,1,A,골목상권,2110085,경리단길남측,13583,6464,7119,26,4020,5279,2796,1133,329,12,1128,2390,1742,930,262,14,2892,2889,1054,203,67
2020,1,A,골목상권,2110084,경리단길북측,2575,1428,1147,8,511,741,625,464,226,5,222,375,345,310,171,3,289,366,280,154,55
2020,1,A,골목상권,2110083,서빙고역 1번,7782,5014,2768,20,1542,2118,1985,1422,695,7,687,1379,1388,1051,502,13,855,739,597,371,193
2020,1,A,골목상권,2110082,용산구청,5502,3128,2374,31,1057,1491,1412,1063,448,18,466,777,844,718,305,13,591,714,568,345,143
2020,1,A,골목상권,2110081,해방촌 남동측,2277,1520,757,0,210,420,747,723,177,0,84,238,543,529,126,0,126,182,204,194,51
2020,1,A,골목상권,2110080,해방촌예술마을,2607,1687,920,3,326,485,828,763,202,3,119,277,599,550,139,0,207,208,229,213,63
2020,1,A,골목상권,2110079,후암동주민센터,26370,18974,7396,29,4638,9384,6904,3904,1511,17,2634,6434,5604,3182,1103,12,2004,2950,1300,722,408
2020,1,A,골목상권,2110078,이촌동점보아파트,4837,3011,1826,17,786,1296,1215,1059,464,3,411,785,813,678,321,14,375,511,402,381,143
2020,1,A,골목상권,2110077,삼광초등학교,10904,3587,7317,161,6225,1915,1250,982,371,16,681,930,949,744,267,145,5544,985,301,238,104
2020,1,A,골목상권,2110076,삼각지역 14번,6002,4060,1942,4,649,1637,1939,1419,354,4,356,1043,1439,994,224,0,293,594,500,425,130
2020,1,A,골목상권,2110075,숙대입구역 1번,16585,6297,10288,168,7307,3895,2570,1725,920,17,977,1713,1667,1230,693,151,6330,2182,903,495,227
2020,1,A,골목상권,2110074,서울역 12번,36080,21404,14676,180,11191,11602,7333,3938,1836,24,3411,7449,5868,3241,1411,156,7780,4153,1465,697,425
2020,1,A,골목상권,2110073,삼각지역 3번,24882,9347,15535,123,6255,8074,6887,2839,704,50,2240,2899,2427,1321,410,73,4015,5175,4460,1518,294
2020,1,A,골목상권,2110072,열정도,4551,3239,1312,28,750,1138,1119,932,584,11,409,807,866,718,428,17,341,331,253,214,156
2020,1,A,골목상권,2110071,한강미주맨션아파트,8064,4602,3462,40,1013,1799,2828,1862,522,31,446,1073,1552,1149,351,9,567,726,1276,713,171
2020,1,A,골목상권,2110070,용산세무서,7939,5013,2926,7,817,1787,2969,1915,444,0,510,1163,1775,1265,300,7,307,624,1194,650,144
2020,1,A,골목상권,2110069,숙대입구,8595,4893,3702,31,1607,2846,2045,1332,734,14,680,1474,1258,921,546,17,927,1372,787,411,188
2020,1,A,골목상권,2110068,남영역 1번,10534,7108,3426,48,1834,3359,2754,1651,888,21,965,2182,2055,1256,629,27,869,1177,699,395,259
2020,1,A,골목상권,2110067,배문고등학교,8614,4267,4347,14,1830,2555,1776,1409,1030,5,506,1119,947,892,798,9,1324,1436,829,517,232
2020,1,A,골목상권,2110066,서울역 15번,4687,2417,2270,10,918,1376,996,759,628,5,306,619,554,459,474,5,612,757,442,300,154
2020,1,A,골목상권,2110065,남정초등학교,3515,2475,1040,20,568,1031,937,561,398,16,362,771,668,380,278,4,206,260,269,181,120
2020,1,A,골목상권,2110064,효창공원앞역 2번,4350,2663,1687,18,593,1122,1112,971,534,16,308,706,691,592,350,2,285,416,421,379,184
2020,1,A,골목상권,2110063,효창공원앞역 5번,6102,4294,1808,25,915,1808,1707,985,662,18,553,1315,1239,686,483,7,362,493,468,299,179
2020,1,A,골목상권,2110062,한강로동땡땡거리(은행나무길),9571,5392,4179,16,1072,2335,3099,2183,866,8,465,1231,1677,1434,577,8,607,1104,1422,749,289
2020,1,A,골목상권,2110061,효창동주민센터,5974,4267,1707,8,974,1567,1609,1209,607,5,555,1149,1205,870,483,3,419,418,404,339,124
2020,1,A,골목상권,2110060,효창공원앞역 6번,7211,4881,2330,24,1280,1934,1960,1421,592,14,694,1365,1393,983,432,10,586,569,567,438,160
2020,1,A,골목상권,2110059,새남터성지,3196,2152,1044,11,491,853,906,661,274,4,251,549,683,496,169,7,240,304,223,165,105
2020,1,A,골목상권,2110058,성심여자고등학교,8454,6100,2354,32,1374,2650,2295,1464,639,15,784,1877,1770,1151,503,17,590,773,525,313,136
2020,1,A,골목상권,2110057,황학코아루아파트,2115,1166,949,5,348,575,548,400,239,4,168,319,277,224,174,1,180,256,271,176,65
2020,1,A,골목상권,2110056,신당역 3번,2900,1536,1364,6,461,783,704,555,391,6,194,381,370,312,273,0,267,402,334,243,118
2020,1,A,골목상권,2110055,황학동벼룩시장,3042,1645,1397,31,928,652,595,540,296,16,396,333,352,341,207,15,532,319,243,199,89
2020,1,A,골목상권,2110054,청구역 3번,6203,3266,2937,16,1195,1620,1307,1234,831,5,421,870,771,692,507,11,774,750,536,542,324
2020,1,A,골목상권,2110053,청구역 1번,5383,2899,2484,5,738,1322,1461,1441,416,3,252,661,814,897,272,2,486,661,647,544,144
2020,1,A,골목상권,2110052,장충초등학교,7627,3969,3658,11,1405,1921,1775,1673,842,5,467,944,1013,991,549,6,938,977,762,682,293
2020,1,A,골목상권,2110051,한양공고앞 교차로,2894,1689,1205,9,423,659,731,768,304,2,166,416,454,460,191,7,257,243,277,308,113
2020,1,A,골목상권,2110050,약수역 7번,2303,1220,1083,4,318,559,563,524,335,2,120,279,330,287,202,2,198,280,233,237,133
2020,1,A,골목상권,2110049,장충단 고개,9962,5298,4664,25,2025,2831,2379,1819,883,6,630,1517,1462,1121,562,19,1395,1314,917,698,321
2020,1,A,골목상권,2110048,장충동주민센터,12882,7150,5732,36,2260,3570,3462,2641,913,5,823,2090,2108,1542,582,31,1437,1480,1354,1099,331
2020,1,A,골목상권,2110047,다산성곽길,7406,4104,3302,14,1449,2072,1776,1474,621,5,541,1110,1076,922,450,9,908,962,700,552,171
2020,1,A,골목상권,2110046,버티고개,2995,2024,971,3,392,1047,775,588,190,0,206,761,566,361,130,3,186,286,209,227,60
2020,1,A,골목상권,2110045,동대문역사문화공원역 5번,45426,22509,22917,475,13488,12026,9657,7085,2695,195,6425,7176,5520,2395,798,280,7063,4850,4137,4690,1897
2020,1,A,골목상권,2110044,관성묘,36669,17055,19614,451,12150,9596,7053,5156,2263,190,5706,5492,3828,1296,543,261,6444,4104,3225,3860,1720
2020,1,A,골목상권,2110043,충무초등학교,9197,5407,3790,49,1867,2374,2374,1584,949,20,680,1347,1582,1097,681,29,1187,1027,792,487,268
2020,1,A,골목상권,2110042,남산골공원옆,4783,2763,2020,11,548,1077,1518,1120,509,6,247,608,805,744,353,5,301,469,713,376,156
2020,1,A,골목상권,2110041,남산케이블카,21568,10294,11274,69,3089,6767,7028,3730,885,11,993,2989,3094,2693,514,58,2096,3778,3934,1037,371
2020,1,A,골목상권,2110040,중구회현체육센터(정화예술대남산캠퍼스),20399,10001,10398,71,2999,6554,6631,3424,720,11,1015,3003,2933,2577,462,60,1984,3551,3698,847,258
2020,1,A,골목상권,2110039,회현역 1번,24398,12113,12285,135,4567,7678,7350,3971,697,40,1630,3709,3600,2764,370,95,2937,3969,3750,1207,327
2020,1,A,골목상권,2110038,경향신문사,15409,10083,5326,19,2255,4993,5034,2645,463,6,981,3062,3573,2121,340,13,1274,1931,1461,524,123
2020,1,A,골목상권,2110037,신설동역 12번,7347,2905,4442,9,755,1126,1345,1957,2155,0,225,508,614,556,1002,9,530,618,731,1401,1153
2020,1,A,골목상권,2110036,동묘앞역 3번,3249,1861,1388,19,475,515,668,726,846,17,215,271,402,447,509,2,260,244,266,279,337
2020,1,A,골목상권,2110035,동묘앞역 2번,4636,2328,2308,6,352,596,971,1056,1655,0,113,271,430,502,1012,6,239,325,541,554,643
2020,1,A,골목상권,2110034,창신1동주민센터,2610,1275,1335,10,415,553,683,590,359,8,137,246,296,337,251,2,278,307,387,253,108
2020,1,A,골목상권,2110033,창신역 4번,2086,1235,851,4,175,269,339,403,896,0,57,132,185,230,631,4,118,137,154,173,265
2020,1,A,골목상권,2110032,수족관거리,2064,916,1148,8,347,439,559,454,257,7,106,176,201,239,187,1,241,263,358,215,70
2020,1,A,골목상권,2110031,창신역 1번,554,273,281,2,68,132,136,143,73,0,19,63,68,75,48,2,49,69,68,68,25
2020,1,A,골목상권,2110030,동대문역 3번,1437,615,822,0,146,262,447,335,247,0,43,97,144,155,176,0,103,165,303,180,71
2020,1,A,골목상권,2110029,동대문역 1번,3350,1894,1456,6,441,722,813,826,542,1,200,416,458,485,334,5,241,306,355,341,208
2020,1,A,골목상권,2110028,이화달팽이길,4133,2258,1875,7,726,1068,988,821,523,3,249,525,580,528,373,4,477,543,408,293,150
2020,1,A,골목상권,2110027,혜화역 1번,3993,2014,1979,11,605,968,1059,834,516,5,166,385,563,521,374,6,439,583,496,313,142
2020,1,A,골목상권,2110026,종로5가역 4번,3517,2041,1476,9,541,863,909,740,455,2,244,478,511,470,336,7,297,385,398,270,119
2020,1,A,골목상권,2110025,충신시장옆,9964,6665,3299,17,1748,3097,2714,1736,652,3,767,1987,2027,1429,452,14,981,1110,687,307,200
2020,1,A,골목상권,2110024,혜회동주민센터,5949,2844,3105,28,785,1351,1599,1359,827,17,260,582,786,715,484,11,525,769,813,644,343
2020,1,A,골목상권,2110023,서울대병원,7046,4607,2439,14,1274,2467,1898,965,428,3,575,1567,1454,734,274,11,699,900,444,231,154
2020,1,A,골목상권,2110022,경신고등학교,6493,3007,3486,27,1025,1774,1632,1264,771,19,359,839,781,598,411,8,666,935,851,666,360
2020,1,A,골목상권,2110021,성균관대학교,2385,1261,1124,15,389,557,545,470,409,11,136,240,309,293,272,4,253,317,236,177,137
2020,1,A,골목상권,2110020,서울국제고등학교,4389,2090,2299,18,726,1142,1008,872,623,13,270,579,552,374,302,5,456,563,456,498,321
2020,1,A,골목상권,2110019,창덕궁,16561,12644,3917,19,2000,5478,4941,3044,1079,7,1164,4119,3999,2516,839,12,836,1359,942,528,240
2020,1,A,골목상권,2110018,중앙고등학교,16741,12521,4220,12,1870,5599,5144,3145,971,6,988,4073,4101,2594,759,6,882,1526,1043,551,212
2020,1,A,골목상권,2110017,정독도서관,10619,8299,2320,2,1386,2982,3397,2250,602,1,919,2227,2808,1858,486,1,467,755,589,392,116
2020,1,A,골목상권,2110016,평창동동측,13795,6588,7207,21,1223,3779,5325,2832,615,10,508,1634,2776,1313,347,11,715,2145,2549,1519,268
2020,1,A,골목상권,2110015,청와대사랑채,6739,4876,1863,37,1083,2014,2132,1170,303,0,655,1432,1686,873,230,37,428,582,446,297,73
2020,1,A,골목상권,2110014,경복고등학교,6312,4486,1826,39,965,1807,2046,1188,267,2,591,1278,1554,867,194,37,374,529,492,321,73
2020,1,A,골목상권,2110013,체부동홍종문가옥,4511,2162,2349,10,616,877,891,1177,940,2,339,523,470,400,428,8,277,354,421,777,512
2020,1,A,골목상권,2110012,성곡미술관,35398,22897,12501,54,4673,9851,10005,7082,3733,14,2168,6479,7283,4722,2231,40,2505,3372,2722,2360,1502
2020,1,A,골목상권,2110011,청운초등학교,1903,814,1089,13,319,483,443,349,296,2,65,197,199,163,188,11,254,286,244,186,108
2020,1,A,골목상권,2110010,평창동서측,10085,5515,4570,17,1111,2723,3664,1991,579,1,478,1204,2080,1353,399,16,633,1519,1584,638,180
2020,1,A,골목상권,2110009,자하문터널,3823,2257,1566,18,744,1226,968,640,227,8,294,697,639,463,156,10,450,529,329,177,71
2020,1,A,골목상권,2110008,배화여자대학교(박노수미술관),6438,3091,3347,46,996,1152,1240,1648,1356,2,446,594,631,700,718,44,550,558,609,948,638
2020,1,A,골목상권,2110007,사직공원(한국사회과학도서관),3909,1854,2055,7,607,1085,1147,738,325,5,194,468,547,412,228,2,413,617,600,326,97
2020,1,A,골목상권,2110006,부암동주민센터,2706,1329,1377,22,607,897,632,425,123,5,169,414,377,288,76,17,438,483,255,137,47
2020,1,A,골목상권,2110005,세검정,2723,1465,1258,9,347,715,720,623,309,3,150,361,399,341,211,6,197,354,321,282,98
2020,1,A,골목상권,2110004,대신고등학교,470,276,194,6,62,109,112,113,68,5,33,63,61,59,55,1,29,46,51,54,13
2020,1,A,골목상권,2110003,세검정초등학교,4837,2723,2114,16,618,1311,1222,1017,653,7,239,684,764,595,434,9,379,627,458,422,219
2020,1,A,골목상권,2110002,독립문역 1번,689,209,480,7,173,203,166,102,38,6,37,46,59,37,24,1,136,157,107,65,14
2020,1,A,골목상권,2110001,이북5도청사,5968,4230,1738,11,1084,1435,1383,1526,529,7,566,935,1087,1267,368,4,518,500,296,259,161
2019,4,A,골목상권,2111090,강일동주민센터,744,547,197,0,90,161,195,190,108,0,55,111,143,143,95,0,35,50,52,47,13
2019,4,A,골목상권,2111089,상일여고(상일초등학교),1080,716,364,0,123,216,260,297,184,0,58,146,184,192,136,0,65,70,76,105,48
2019,4,A,골목상권,2111088,고덕동성당,1187,964,223,0,40,92,230,464,361,0,10,55,178,388,333,0,30,37,52,76,28
2019,4,A,골목상권,2111087,고덕중학교(고덕2동주민센터),743,270,473,0,85,157,184,208,109,0,17,54,69,77,53,0,68,103,115,131,56
2019,4,A,골목상권,2111086,한영중고,862,441,421,1,73,196,209,284,99,1,32,75,97,157,79,0,41,121,112,127,20
2019,4,A,골목상권,2111085,묘곡초등학교(고덕아이파크아파트),1560,790,770,0,154,294,388,398,326,0,61,149,173,196,211,0,93,145,215,202,115
2019,4,A,골목상권,2111084,길동신동아아파트,1362,726,636,2,136,245,267,388,324,2,79,146,133,178,188,0,57,99,134,210,136
2019,4,A,골목상권,2111083,GS강동자이아파트,2403,1398,1005,4,274,421,473,661,570,3,157,263,263,330,382,1,117,158,210,331,188
2019,4,A,골목상권,2111082,중앙보훈병원,3359,1319,2040,1,743,904,629,688,394,0,187,326,270,308,228,1,556,578,359,380,166
2019,4,A,골목상권,2111081,둔촌푸르지오아파트,1104,672,432,2,139,198,218,280,267,1,73,121,129,149,199,1,66,77,89,131,68
2019,4,A,골목상권,2111080,굽은다리역 3번,1916,853,1063,2,204,357,453,489,411,0,72,184,206,194,197,2,132,173,247,295,214
2019,4,A,골목상권,2111079,둔촌고등학교(둔촌중학교),4407,1934,2473,5,873,1139,885,927,578,2,262,460,418,421,371,3,611,679,467,506,207
2019,4,A,골목상권,2111078,굽은다리역 4번,4203,2519,1684,9,398,735,962,1078,1021,5,210,458,553,637,656,4,188,277,409,441,365
2019,4,A,골목상권,2111077,길동주민센터(강동도서관),7382,3886,3496,18,774,1285,1701,1972,1632,11,369,733,911,873,989,7,405,552,790,1099,643
2019,4,A,골목상권,2111076,둔촌2동주민센터,2891,1678,1213,5,343,628,708,627,580,3,143,341,445,347,399,2,200,287,263,280,181
2019,4,A,골목상권,2111075,굽은다리역 2번,2664,1415,1249,4,325,517,647,666,505,2,142,299,313,346,313,2,183,218,334,320,192
2019,4,A,골목상권,2111074,명일역 1번,2753,1586,1167,6,360,639,696,662,390,3,186,384,382,384,247,3,174,255,314,278,143
2019,4,A,골목상권,2111073,둔촌동역 1번(한산중학교),7031,3540,3491,23,864,1431,1725,1807,1181,17,408,802,924,722,667,6,456,629,801,1085,514
2019,4,A,골목상권,2111072,굽은다리역 1번(십자성마을),3937,2371,1566,10,383,823,989,935,797,5,173,470,582,587,554,5,210,353,407,348,243
2019,4,A,골목상권,2111071,천동초등학교,2389,1343,1046,2,222,450,615,554,546,1,78,232,345,319,368,1,144,218,270,235,178
2019,4,A,골목상권,2111070,천호초등학교,1943,1134,809,6,159,424,513,540,301,1,60,208,282,348,235,5,99,216,231,192,66
2019,4,A,골목상권,2111069,천호1동주민센터,2681,1438,1243,8,249,538,670,683,533,3,87,245,351,385,367,5,162,293,319,298,166
2019,4,A,골목상권,2111068,강동성심병원,5278,2358,2920,14,977,1083,1209,1196,799,9,331,516,613,453,436,5,646,567,596,743,363
2019,4,A,골목상권,2111067,강동구립성내도서관,8062,3945,4117,26,1296,1623,1874,1847,1396,18,505,849,990,787,796,8,791,774,884,1060,600
2019,4,A,골목상권,2111066,암사동성당(효정하나플러스아파트),1961,1136,825,5,220,423,443,525,345,1,83,210,252,350,240,4,137,213,191,175,105
2019,4,A,골목상권,2111065,천일초등학교,1492,799,693,2,131,236,313,349,461,2,45,104,141,160,347,0,86,132,172,189,114
2019,4,A,골목상권,2111064,둔촌동역 4번,2951,1763,1188,10,355,587,666,719,614,8,178,353,397,419,408,2,177,234,269,300,206
2019,4,A,골목상권,2111063,강동구립 천호도서관,3759,2069,1690,9,344,581,681,729,1415,7,127,263,349,361,962,2,217,318,332,368,453
2019,4,A,골목상권,2111062,둔촌동역 3번(성내3동주민센터),4393,2785,1608,8,584,1064,1191,921,625,7,323,676,750,580,449,1,261,388,441,341,176
2019,4,A,골목상권,2111061,암사역 1번,4194,1874,2320,3,413,710,856,1012,1200,2,170,393,411,369,529,1,243,317,445,643,671
2019,4,A,골목상권,2111060,암사역 2번(서울강동초등학교),3573,1892,1681,10,392,741,923,871,636,5,141,348,473,483,442,5,251,393,450,388,194
2019,4,A,골목상권,2111059,강동역 4번(강풀만화거리),8028,4328,3700,18,1275,1454,1658,1571,2052,8,537,734,860,875,1314,10,738,720,798,696,738
2019,4,A,골목상권,2111058,성내중학교,2639,1612,1027,3,339,606,682,702,307,1,181,384,406,450,190,2,158,222,276,252,117
2019,4,A,골목상권,2111057,천호공원(해공체육문화센터),2118,1068,1050,2,216,311,437,508,644,2,76,120,175,230,465,0,140,191,262,278,179
2019,4,A,골목상권,2111056,천호태영아파트,2758,1458,1300,5,235,331,469,477,1241,1,89,126,195,239,808,4,146,205,274,238,433
2019,4,A,골목상권,2111055,선사초등학교,2553,999,1554,3,292,461,575,738,484,2,137,240,250,203,167,1,155,221,325,535,317
2019,4,A,골목상권,2111054,암사역 4번(삼성광나루아파트),3414,1360,2054,3,354,528,650,844,1035,2,146,268,280,241,423,1,208,260,370,603,612
2019,4,A,골목상권,2111053,성내천어린이공원(하니사랑길),23519,17241,6278,41,2641,6412,5666,5352,3407,17,1608,4669,4234,4068,2645,24,1033,1743,1432,1284,762
2019,4,A,골목상권,2111052,암사역 3번(천호동자전거거리),2457,1236,1221,3,262,428,525,464,775,2,92,220,265,243,414,1,170,208,260,221,361
2019,4,A,골목상권,2111051,천호역 6번,7112,4029,3083,12,975,1636,1725,1854,910,5,493,791,894,1177,669,7,482,845,831,677,241
2019,4,A,골목상권,2111050,강동구청(강동구청역 2번),7541,4687,2854,33,867,1785,1796,1858,1202,14,420,959,1100,1292,902,19,447,826,696,566,300
2019,4,A,골목상권,2111049,천호지구대(천호동자전거거리),2201,1197,1004,9,263,431,513,499,486,5,120,216,267,255,334,4,143,215,246,244,152
2019,4,A,골목상권,2111048,천호역 1번(천호문구완구거리),2003,1064,939,9,254,435,468,419,418,5,102,209,259,213,276,4,152,226,209,206,142
2019,4,A,골목상권,2111047,마천1치안센터,1261,723,538,1,123,268,342,314,213,1,61,146,181,168,166,0,62,122,161,146,47
2019,4,A,골목상권,2111046,마천역(마천초등학교),2822,1633,1189,5,296,604,772,740,405,1,151,347,410,407,317,4,145,257,362,333,88
2019,4,A,골목상권,2111045,개미어린이공원,2261,1195,1066,9,291,357,534,692,378,3,183,228,298,294,189,6,108,129,236,398,189
2019,4,A,골목상권,2111044,남천초등학교,1904,989,915,1,188,378,512,520,305,0,84,186,225,248,246,1,104,192,287,272,59
2019,4,A,골목상권,2111043,마천공원,2200,1378,822,9,268,499,540,524,360,8,156,311,303,321,279,1,112,188,237,203,81
2019,4,A,골목상권,2111042,거여역 1번(거여공원),5740,3468,2272,22,960,1303,1427,1224,804,16,539,869,864,669,511,6,421,434,563,555,293
2019,4,A,골목상권,2111041,거여역 8번,2503,1642,861,8,567,621,572,426,309,6,295,430,406,280,225,2,272,191,166,146,84
2019,4,A,골목상권,2111040,거여초등학교,2682,1704,978,10,328,670,682,619,373,9,189,450,435,362,259,1,139,220,247,257,114
2019,4,A,골목상권,2111039,벌말어린이공원,3276,2054,1222,10,363,791,844,785,483,9,205,519,543,462,316,1,158,272,301,323,167
2019,4,A,골목상권,2111038,보인중학교,3272,2119,1153,14,477,818,802,706,455,13,262,543,547,453,301,1,215,275,255,253,154
2019,4,A,골목상권,2111037,Sh수협은행 오금동금융센터(아랫말어린이공원),1946,1126,820,0,210,436,499,533,268,0,120,281,287,264,174,0,90,155,212,269,94
2019,4,A,골목상권,2111036,투구봉어린이공원,3333,2198,1135,17,531,892,840,726,327,13,342,626,575,425,217,4,189,266,265,301,110
2019,4,A,골목상권,2111035,오금공원(오주중학교),2705,1749,956,2,326,570,689,732,386,1,188,386,470,436,268,1,138,184,219,296,118
2019,4,A,골목상권,2111034,오동나무공원(송파레미니스1단지),4106,2722,1384,7,544,891,1006,1075,583,6,316,606,666,667,461,1,228,285,340,408,122
2019,4,A,골목상권,2111033,문정동성당,33212,26336,6876,13,2679,5820,9576,13087,2037,6,1671,4329,7557,11417,1356,7,1008,1491,2019,1670,681
2019,4,A,골목상권,2111032,방이역 1번,23949,17488,6461,28,3095,5765,6032,5516,3513,14,1835,3956,4600,4519,2564,14,1260,1809,1432,997,949
2019,4,A,골목상권,2111031,장지동주민센터(한림연예예술고교),35724,27914,7810,18,3116,6475,10247,13557,2311,8,1911,4740,7990,11684,1581,10,1205,1735,2257,1873,730
2019,4,A,골목상권,2111030,방이역 2번,21156,15625,5531,20,2708,5088,5454,5034,2852,7,1648,3533,4196,4249,1992,13,1060,1555,1258,785,860
2019,4,A,골목상권,2111029,오금역 4번,7833,5273,2560,14,1268,2371,1930,1379,871,8,740,1577,1338,911,699,6,528,794,592,468,172
2019,4,A,골목상권,2111028,문현중학교(장지역 1번),5636,3366,2270,14,804,1250,1392,1311,865,7,422,774,855,701,607,7,382,476,537,610,258
2019,4,A,골목상권,2111027,문정초등학교,39531,30313,9218,23,3409,6840,10716,14172,4371,9,2010,4917,8267,12013,3097,14,1399,1923,2449,2159,1274
2019,4,A,골목상권,2111026,문정역 2번,6153,3880,2273,10,919,1459,1548,1358,859,5,526,971,988,745,645,5,393,488,560,613,214
2019,4,A,골목상권,2111025,경찰병원역 3번,11774,6132,5642,55,1415,2152,2136,2128,3888,25,571,1173,1208,922,2233,30,844,979,928,1206,1655
2019,4,A,골목상권,2111024,경찰병원역 4번(건너말공원),17836,10455,7381,63,2463,3913,3833,3232,4332,31,1098,2309,2548,1846,2623,32,1365,1604,1285,1386,1709
2019,4,A,골목상권,2111023,문정역 1번,4682,2809,1873,8,724,962,1124,1079,785,2,348,579,724,600,556,6,376,383,400,479,229
2019,4,A,골목상권,2111022,석촌중학교(방이육교),11171,7061,4110,23,1357,2490,2437,2244,2620,9,716,1668,1619,1268,1781,14,641,822,818,976,839
2019,4,A,골목상권,2111021,방이역 4번,11935,8619,3316,39,1562,2502,3053,2900,1879,27,822,1638,2262,2278,1592,12,740,864,791,622,287
2019,4,A,골목상권,2111020,방이동고분군(방산고등학교),6318,3723,2595,19,898,1441,1494,1560,906,12,427,835,927,919,603,7,471,606,567,641,303
2019,4,A,골목상권,2111019,한성백제역 3번,17428,9415,8013,47,2799,3938,3794,4086,2764,34,1482,2587,2120,1689,1503,13,1317,1351,1674,2397,1261
2019,4,A,골목상권,2111018,풍납초등학교(풍납백제문화공원),1322,801,521,0,186,299,301,335,201,0,99,158,169,220,155,0,87,141,132,115,46
2019,4,A,골목상권,2111017,송파나루역 3번,7518,4240,3278,22,1335,1443,1570,1943,1205,16,636,929,992,985,682,6,699,514,578,958,523
2019,4,A,골목상권,2111016,송파역 2번,17063,11286,5777,65,2224,3744,4130,3798,3102,46,1099,2434,3059,2519,2129,19,1125,1310,1071,1279,973
2019,4,A,골목상권,2111015,석촌역 3번,12636,8115,4521,27,1865,3083,2891,2543,2227,11,946,2081,1944,1588,1545,16,919,1002,947,955,682
2019,4,A,골목상권,2111014,송파나루역 2번,14245,8390,5855,26,2077,3609,3332,3152,2049,12,1010,2234,2195,1757,1182,14,1067,1375,1137,1395,867
2019,4,A,골목상권,2111013,송파나루역 1번(송리단길),14226,8959,5267,26,2198,4197,3547,2563,1695,8,1070,2666,2388,1628,1199,18,1128,1531,1159,935,496
2019,4,A,골목상권,2111012,석촌역 6번,6180,3598,2582,11,624,1426,1478,1279,1362,5,303,977,873,617,823,6,321,449,605,662,539
2019,4,A,골목상권,2111011,잠실나루역,10263,8174,2089,42,1383,3190,3039,2132,477,18,976,2602,2477,1735,366,24,407,588,562,397,111
2019,4,A,골목상권,2111010,석촌역 7번,7908,5556,2352,11,859,1781,1872,1423,1962,8,472,1253,1268,916,1639,3,387,528,604,507,323
2019,4,A,골목상권,2111009,송파책박물관,2198,1590,608,5,244,436,453,548,512,3,191,328,324,352,392,2,53,108,129,196,120
2019,4,A,골목상권,2111008,석촌고분역 3번,5190,3263,1927,13,640,1032,1256,1260,989,11,345,636,773,761,737,2,295,396,483,499,252
2019,4,A,골목상권,2111007,석촌고분역 4번,6337,4182,2155,12,863,1398,1389,1437,1238,11,532,949,921,882,887,1,331,449,468,555,351
2019,4,A,골목상권,2111006,석촌고분역 1번,17571,11961,5610,44,2435,3821,4234,3746,3291,29,1307,2544,2976,2542,2563,15,1128,1277,1258,1204,728
2019,4,A,골목상권,2111005,삼전역 3번,6038,4006,2032,15,892,1505,1406,1233,987,5,513,1061,958,761,708,10,379,444,448,472,279
2019,4,A,골목상권,2111004,삼전역 1번,18500,12541,5959,63,2605,4069,4548,4156,3059,21,1379,2681,3191,2968,2301,42,1226,1388,1357,1188,758
2019,4,A,골목상권,2111003,삼전역 4번,5935,3890,2045,37,711,1296,1484,1127,1280,2,366,849,960,726,987,35,345,447,524,401,293
2019,4,A,골목상권,2111002,한국교통안전공단 강남자동차검사소,569,334,235,0,41,89,114,175,150,0,16,52,64,100,102,0,25,37,50,75,48
2019,4,A,골목상권,2111001,아래방죽마을공원(율현초등학교),290,157,133,1,14,42,49,102,82,0,8,28,30,53,38,1,6,14,19,49,44
2019,4,A,골목상권,2111000,대왕초등학교(세곡동사거리서남측),294,138,156,6,35,84,93,56,20,3,11,31,49,30,14,3,24,53,44,26,6
2019,4,A,골목상권,2110999,윗방죽마을공원,464,257,207,3,35,80,86,139,121,1,17,50,56,81,52,2,18,30,30,58,69
2019,4,A,골목상권,2110998,은곡마을(은곡마을공원),128,65,63,3,11,41,35,25,13,1,6,18,19,14,7,2,5,23,16,11,6
2019,4,A,골목상권,2110997,대청초등학교,12566,4876,7690,31,3480,3879,2620,1655,901,3,781,1456,1134,859,643,28,2699,2423,1486,796,258
2019,4,A,골목상권,2110996,대치2동주민센터,37900,18079,19821,265,7022,9437,8584,7750,4842,106,3263,5619,4641,2694,1756,159,3759,3818,3943,5056,3086
2019,4,A,골목상권,2110995,봉은사역 4번,80333,61317,19016,154,15900,21348,21569,17001,4361,88,10163,16112,17810,14553,2591,66,5737,5236,3759,2448,1770
2019,4,A,골목상권,2110994,개포고등학교,4640,2964,1676,57,889,1272,1058,857,507,24,514,821,664,537,404,33,375,451,394,320,103
2019,4,A,골목상권,2110993,개포지하차도 북측,493,214,279,3,70,105,147,115,53,0,16,44,60,58,36,3,54,61,87,57,17
2019,4,A,골목상권,2110992,도곡초등학교,12863,6859,6004,63,2365,3393,3003,2467,1572,35,940,1769,1666,1432,1017,28,1425,1624,1337,1035,555
2019,4,A,골목상권,2110991,삼성중앙역 5번,28503,15784,12719,115,5919,9500,6998,3927,2044,37,2281,5361,4631,2309,1165,78,3638,4139,2367,1618,879
2019,4,A,골목상권,2110990,청담역 12번,10376,6980,3396,39,1551,3276,3120,1867,523,23,669,2073,2406,1424,385,16,882,1203,714,443,138
2019,4,A,골목상권,2110989,대치동아우편취급국,29290,17968,11322,140,4768,8716,7970,4868,2828,17,2007,5273,5502,3456,1713,123,2761,3443,2468,1412,1115
2019,4,A,골목상권,2110988,청담역 3번,18899,9206,9693,73,3792,5684,5341,2877,1132,33,1221,2750,2769,1638,795,40,2571,2934,2572,1239,337
2019,4,A,골목상권,2110987,영동대교남단,8320,5539,2781,40,1422,2410,2185,1548,715,19,663,1584,1632,1125,516,21,759,826,553,423,199
2019,4,A,골목상권,2110986,삼성중앙역 7번,27479,17773,9706,52,3973,10061,7904,3716,1773,15,1757,6297,6233,2496,975,37,2216,3764,1671,1220,798
2019,4,A,골목상권,2110985,청담근린공원,13449,8818,4631,66,2379,3877,3557,2503,1067,35,1141,2595,2592,1729,726,31,1238,1282,965,774,341
2019,4,A,골목상권,2110984,포이초등학교(개포목련어린이공원),6964,4388,2576,20,1326,1965,1598,1256,799,13,815,1286,925,757,592,7,511,679,673,499,207
2019,4,A,골목상권,2110983,국립국악고등학교,3835,2457,1378,13,616,955,928,708,615,2,285,601,613,465,491,11,331,354,315,243,124
2019,4,A,골목상권,2110982,강남구보훈회관,6082,3566,2516,14,1266,1604,1400,963,835,6,513,1046,910,527,564,8,753,558,490,436,271
2019,4,A,골목상권,2110981,국악고교사거리,12357,8276,4081,26,1850,3425,3175,2214,1667,9,980,2320,2252,1450,1265,17,870,1105,923,764,402
2019,4,A,골목상권,2110980,개포지구대옆,25161,10281,14880,88,3951,5726,8389,5194,1813,42,1896,3243,2591,1405,1104,46,2055,2483,5798,3789,709
2019,4,A,골목상권,2110979,청담초등학교,18648,9066,9582,39,5067,6996,3688,1966,892,15,1632,3410,2200,1140,669,24,3435,3586,1488,826,223
2019,4,A,골목상권,2110978,도곡2동주민센터(대치중학교),12302,8363,3939,54,2526,3818,2860,1644,1400,37,1355,2740,2264,1161,806,17,1171,1078,596,483,594
2019,4,A,골목상권,2110977,논현로18길,10006,6917,3089,18,1546,3017,2690,1646,1089,7,822,2051,2060,1150,827,11,724,966,630,496,262
2019,4,A,골목상권,2110976,언북초등학교,11065,5295,5770,25,3211,3774,2056,1187,812,5,1083,1821,1178,701,507,20,2128,1953,878,486,305
2019,4,A,골목상권,2110975,매봉역 1번,22408,15346,7062,84,4644,5711,5884,4648,1437,54,2422,3673,4320,3677,1200,30,2222,2038,1564,971,237
2019,4,A,골목상권,2110974,언주중학교,10084,6627,3457,39,2227,3204,2129,1449,1036,25,1044,1971,1619,1140,828,14,1183,1233,510,309,208
2019,4,A,골목상권,2110973,강남구청역 4번,12597,7190,5407,54,2501,3373,2945,2285,1439,18,1044,2008,1846,1330,944,36,1457,1365,1099,955,495
2019,4,A,골목상권,2110972,강남세브란스병원미래의학연구센터,26073,14646,11427,216,7696,7646,5984,3332,1199,73,3194,4587,3952,1945,895,143,4502,3059,2032,1387,304
2019,4,A,골목상권,2110971,선정릉역 4번,73203,35861,37342,185,15399,20094,18092,15247,4186,90,8048,12361,8646,4171,2545,95,7351,7733,9446,11076,1641
2019,4,A,골목상권,2110970,학동초등학교,12139,7385,4754,45,2463,3692,2909,1837,1193,19,1064,2125,1996,1282,899,26,1399,1567,913,555,294
2019,4,A,골목상권,2110969,베르사이유1아파트,53929,36213,17716,90,9575,16368,14864,10164,2868,34,5089,11243,11284,6616,1947,56,4486,5125,3580,3548,921
2019,4,A,골목상권,2110968,강남구청역 2번,17810,11539,6271,53,3230,4729,4471,3306,2021,17,1463,2823,3248,2441,1547,36,1767,1906,1223,865,474
2019,4,A,골목상권,2110967,역삼역 8번,60702,36823,23879,115,10925,17002,16035,14106,2519,65,7128,12381,9947,5650,1652,50,3797,4621,6088,8456,867
2019,4,A,골목상권,2110966,논현2동주민센터,27417,17538,9879,65,4763,7772,7077,5016,2724,17,2089,4522,4968,3771,2171,48,2674,3250,2109,1245,553
2019,4,A,골목상권,2110965,언주역 6번,12536,6978,5558,32,2785,3988,2917,1723,1091,14,1028,2297,1924,985,730,18,1757,1691,993,738,361
2019,4,A,골목상권,2110964,싸리고개근린공원,16691,13249,3442,26,2072,3680,4901,4766,1246,12,1067,2741,4124,4292,1013,14,1005,939,777,474,233
2019,4,A,골목상권,2110963,역삼월드메르디앙아파트,26645,15919,10726,134,6368,7920,6420,3764,2039,38,2482,4698,4514,2587,1600,96,3886,3222,1906,1177,439
2019,4,A,골목상권,2110962,도산공원북측,7684,4139,3545,25,1867,2746,1614,996,436,9,732,1558,1047,545,248,16,1135,1188,567,451,188
2019,4,A,골목상권,2110961,언주역 3번,25850,16840,9010,70,5483,7931,5602,3658,3106,29,2478,5132,4147,2743,2311,41,3005,2799,1455,915,795
2019,4,A,골목상권,2110960,은광여고,25543,18368,7175,56,2951,5943,6854,7171,2568,40,1640,3961,5282,5652,1793,16,1311,1982,1572,1519,775
2019,4,A,골목상권,2110959,신구중학교,12478,6517,5961,139,2815,3808,2504,1783,1429,50,1173,2082,1655,873,684,89,1642,1726,849,910,745
2019,4,A,골목상권,2110958,역삼역 4번,42236,28666,13570,63,7659,13522,11576,6973,2443,22,3663,8770,8848,5673,1690,41,3996,4752,2728,1300,753
2019,4,A,골목상권,2110957,언북중학교,28690,17182,11508,72,5858,8514,6766,4137,3343,15,2276,4756,4609,3001,2525,57,3582,3758,2157,1136,818
2019,4,A,골목상권,2110956,언주역 8번,15614,9542,6072,57,3754,5177,3520,1901,1205,37,1723,3094,2486,1290,912,20,2031,2083,1034,611,293
2019,4,A,골목상권,2110955,논현초등학교,25381,16658,8723,83,5578,7705,5841,3882,2292,48,2817,5039,4258,2826,1670,35,2761,2666,1583,1056,622
2019,4,A,골목상권,2110954,국기원,23196,12840,10356,110,5238,7616,5998,2944,1290,31,1823,3964,3878,2178,966,79,3415,3652,2120,766,324
2019,4,A,골목상권,2110953,학동근린공원,26213,16160,10053,92,6774,8335,5664,3381,1967,28,2991,5202,4071,2370,1498,64,3783,3133,1593,1011,469
2019,4,A,골목상권,2110952,논현목련공원,10637,6885,3752,21,2104,3370,2518,1670,954,15,1135,2250,1740,1096,649,6,969,1120,778,574,305
2019,4,A,골목상권,2110951,신사은행나무공원,12925,7220,5705,52,3507,3777,2858,1670,1061,15,1315,2106,1920,1102,762,37,2192,1671,938,568,299
2019,4,A,골목상권,2110950,논현역 7번,19297,11636,7661,39,4250,6200,4538,2762,1508,17,1787,3758,3112,1836,1126,22,2463,2442,1426,926,382
2019,4,A,골목상권,2110949,한남IC,12160,7678,4482,41,2351,3690,3261,1910,907,23,1063,2371,2209,1313,699,18,1288,1319,1052,597,208
2019,4,A,골목상권,2110948,헌인가구단지,57,27,30,0,5,24,14,11,3,0,4,12,6,2,3,0,1,12,8,9,0
2019,4,A,골목상권,2110947,청계산입구역 2번(내곡동주민센터),326,172,154,0,38,55,98,76,59,0,17,30,68,33,24,0,21,25,30,43,35
2019,4,A,골목상권,2110946,청계산원터골,271,144,127,0,34,50,81,50,56,0,15,29,58,20,22,0,19,21,23,30,34
2019,4,A,골목상권,2110945,본마을노인복지센터(서초구립내곡도서관),383,240,143,3,62,91,87,89,51,3,25,53,59,64,36,0,37,38,28,25,15
2019,4,A,골목상권,2110944,서울나래학교(염곡어린이공원),20185,16768,3417,29,2090,4170,6159,6991,746,22,1509,3356,5018,6304,559,7,581,814,1141,687,187
2019,4,A,골목상권,2110943,법제교육센터(버들어린이공원),7684,4780,2904,20,1200,1903,1957,1484,1120,11,643,1190,1209,900,827,9,557,713,748,584,293
2019,4,A,골목상권,2110942,염곡동 구룡사(포이동성당),32043,24395,7648,74,4187,7325,9070,9280,2107,40,2598,5356,6923,7833,1645,34,1589,1969,2147,1447,462
2019,4,A,골목상권,2110941,언남고등학교,4779,3108,1671,28,739,1265,1190,966,591,17,414,816,783,644,434,11,325,449,407,322,157
2019,4,A,골목상권,2110940,양재근린공원(양재2동주민센터),8689,5762,2927,47,1434,2277,2149,1768,1014,26,766,1507,1483,1202,778,21,668,770,666,566,236
2019,4,A,골목상권,2110939,양재역 8번(양재동우체국),45731,23354,22377,508,9762,11110,12644,8019,3688,246,4819,6778,5503,3276,2732,262,4943,4332,7141,4743,956
2019,4,A,골목상권,2110938,바우뫼공원,11265,6894,4371,329,3630,2824,2266,1433,783,154,1891,1856,1564,870,559,175,1739,968,702,563,224
2019,4,A,골목상권,2110937,방아다리근린공원(횃불트리니티신학대학원대학교),17876,11487,6389,356,5244,5033,3649,2329,1265,166,2714,3411,2635,1557,1004,190,2530,1622,1014,772,261
2019,4,A,골목상권,2110936,더케이호텔(양재리본타워2단지아파트),3869,2981,888,16,803,1160,864,700,326,10,552,922,691,565,241,6,251,238,173,135,85
2019,4,A,골목상권,2110935,한전아트센터,20312,15954,4358,47,3699,7326,4955,3496,789,19,2201,5852,4154,3079,649,28,1498,1474,801,417,140
2019,4,A,골목상권,2110934,우면주공아파트,3248,1908,1340,6,549,981,879,631,202,5,199,529,564,460,151,1,350,452,315,171,51
2019,4,A,골목상권,2110933,한국상담대학원대학교,6457,3774,2683,19,1551,1930,1522,1006,429,6,610,1213,1030,624,291,13,941,717,492,382,138
2019,4,A,골목상권,2110932,서울시인재개발원,6066,3421,2645,20,1419,1827,1388,942,470,6,486,1071,936,597,325,14,933,756,452,345,145
2019,4,A,골목상권,2110931,삼성전자서울R&D(서울우면초등학교),1471,770,701,0,273,440,390,329,39,0,89,178,228,248,27,0,184,262,162,81,12
2019,4,A,골목상권,2110930,서초동성당,40185,22492,17693,64,7459,10413,9292,10954,2003,36,2906,5657,4975,7438,1480,28,4553,4756,4317,3516,523
2019,4,A,골목상권,2110929,남부터미널역 1번,40801,22975,17826,94,8567,10227,8785,10521,2607,29,2961,5530,5108,7404,1943,65,5606,4697,3677,3117,664
2019,4,A,골목상권,2110928,서초우방유쉘아파트,14636,8308,6328,79,2911,3987,3610,2696,1353,42,1209,2357,2220,1538,942,37,1702,1630,1390,1158,411
2019,4,A,골목상권,2110927,잠원역,5195,2975,2220,14,1049,1543,1215,847,527,5,440,957,806,467,300,9,609,586,409,380,227
2019,4,A,골목상권,2110926,신중초등학교,20711,15020,5691,29,2823,6720,5736,3692,1711,13,1488,4871,4651,2834,1163,16,1335,1849,1085,858,548
2019,4,A,골목상권,2110925,서초중학교,9296,5492,3804,52,1961,2662,2169,1374,1078,25,798,1591,1465,898,715,27,1163,1071,704,476,363
2019,4,A,골목상권,2110924,반포4동주민센터(몽마르뜨공원),83099,74961,8138,37,8203,17350,22275,32239,2995,19,6505,14740,20038,31075,2584,18,1698,2610,2237,1164,411
2019,4,A,골목상권,2110923,방배역 1번,8904,5663,3241,101,1440,2646,2283,1421,1013,32,731,1526,1586,1012,776,69,709,1120,697,409,237
2019,4,A,골목상권,2110922,내방역 1번,16882,11227,5655,77,3284,5206,4097,3133,1085,58,1557,3103,3051,2630,828,19,1727,2103,1046,503,257
2019,4,A,골목상권,2110921,서울프랑스학교,83562,76383,7179,44,8142,17368,22255,32750,3003,26,6585,15123,20344,31698,2607,18,1557,2245,1911,1052,396
2019,4,A,골목상권,2110920,방배역 2번(백석예술대학교),9972,5994,3978,105,1806,2901,2264,1609,1287,29,832,1640,1444,1069,980,76,974,1261,820,540,307
2019,4,A,골목상권,2110919,내방역 8번,23026,14891,8135,70,3979,7139,6333,3943,1562,37,1696,4093,4651,3200,1214,33,2283,3046,1682,743,348
2019,4,A,골목상권,2110918,방배역 3번,10816,7193,3623,65,2219,3056,2465,1686,1325,48,1253,2103,1744,1060,985,17,966,953,721,626,340
2019,4,A,골목상권,2110917,서초소방서,12422,9657,2765,29,1384,3372,3553,3049,1035,18,855,2598,2947,2472,767,11,529,774,606,577,268
2019,4,A,골목상권,2110916,내방역 4번,11774,7659,4115,75,2322,3382,2734,1833,1428,62,1295,2295,1844,1148,1015,13,1027,1087,890,685,413
2019,4,A,골목상권,2110915,서래초등학교,94789,82594,12195,60,11017,20797,25059,34620,3236,23,7412,16877,22213,33205,2864,37,3605,3920,2846,1415,372
2019,4,A,골목상권,2110914,내방역 6번,7659,4955,2704,25,1383,2047,1723,1397,1084,13,683,1314,1154,948,843,12,700,733,569,449,241
2019,4,A,골목상권,2110913,방현초등학교(방배119안전센터),13661,7814,5847,27,2260,4039,3860,2228,1247,6,966,2297,2227,1448,870,21,1294,1742,1633,780,377
2019,4,A,골목상권,2110912,방배동사이길,15348,9117,6231,40,3489,4414,3802,2689,914,11,1112,2520,2641,2084,749,29,2377,1894,1161,605,165
2019,4,A,골목상권,2110911,방배배수지체육공원,9356,5053,4303,21,1411,2855,2730,1512,827,7,554,1540,1393,987,572,14,857,1315,1337,525,255
2019,4,A,골목상권,2110910,내방역 5번,8226,4933,3293,29,1467,1910,1854,1558,1408,18,612,1121,1123,986,1073,11,855,789,731,572,335
2019,4,A,골목상권,2110909,남태령역(서울전자고등학교),980,650,330,3,37,95,211,424,210,3,11,56,137,285,158,0,26,39,74,139,52
2019,4,A,골목상권,2110908,구반포역,10206,5558,4648,82,1769,2563,2691,2291,810,77,764,1411,1582,1201,523,5,1005,1152,1109,1090,287
2019,4,A,골목상권,2110907,방배초등학교,9463,5322,4141,34,1449,1969,2194,2016,1801,18,591,1121,1241,1097,1254,16,858,848,953,919,547
2019,4,A,골목상권,2110906,서문여고,12830,5897,6933,22,2398,3237,3851,2269,1053,7,757,1390,1825,1223,695,15,1641,1847,2026,1046,358
2019,4,A,골목상권,2110905,방배노인종합복지관(이수중학교),7088,3248,3840,14,1430,1975,1825,1194,650,2,492,840,856,644,414,12,938,1135,969,550,236
2019,4,A,골목상권,2110904,이수역 5번,8769,3652,5117,28,1705,2258,2104,1550,1124,11,568,901,855,658,659,17,1137,1357,1249,892,465
2019,4,A,골목상권,2110903,방배아이파크아파트,17572,8950,8622,21,2787,4332,4867,3195,2370,8,911,1898,2409,1828,1896,13,1876,2434,2458,1367,474
2019,4,A,골목상권,2110902,사당역 4번,5046,3244,1802,7,832,1231,1323,951,702,5,434,787,876,621,521,2,398,444,447,330,181
2019,4,A,골목상권,2110901,인헌고등학교(인헌중학교),2102,1093,1009,7,323,545,600,405,222,4,150,278,296,187,178,3,173,267,304,218,44
2019,4,A,골목상권,2110900,낙성대역 1번(관악구민 종합체육센터),5205,3133,2072,15,1042,1513,1190,800,645,7,483,957,724,463,499,8,559,556,466,337,146
2019,4,A,골목상권,2110899,낙성대역 5번(관악중학교),4750,3171,1579,19,928,1383,1072,761,587,11,469,968,738,513,472,8,459,415,334,248,115
2019,4,A,골목상권,2110898,청림동주민센터(상도중학교),3450,1948,1502,3,505,1104,1104,537,197,2,228,621,634,318,145,1,277,483,470,219,52
2019,4,A,골목상권,2110897,서울대입구역 8번,3920,2161,1759,18,646,860,915,882,599,10,268,453,509,503,418,8,378,407,406,379,181
2019,4,A,골목상권,2110896,관악우성아파트,799,291,508,4,114,127,193,218,143,3,40,45,67,80,56,1,74,82,126,138,87
2019,4,A,골목상권,2110895,샤로수길,10222,6144,4078,27,1727,3006,2245,2098,1119,14,783,1749,1342,1397,859,13,944,1257,903,701,260
2019,4,A,골목상권,2110894,관악동부센트레빌아파트(은천로35라길),7336,2753,4583,54,1023,1249,1644,2245,1121,30,476,663,753,603,228,24,547,586,891,1642,893
2019,4,A,골목상권,2110893,관악소방서(문영여고),1875,1446,429,2,350,573,417,435,98,1,241,446,313,364,81,1,109,127,104,71,17
2019,4,A,골목상권,2110892,관악구 중앙길,4838,2402,2436,12,705,953,1155,1126,887,7,243,435,562,631,524,5,462,518,593,495,363
2019,4,A,골목상권,2110891,구암초등학교,1510,676,834,1,244,400,465,274,126,0,74,176,222,137,67,1,170,224,243,137,59
2019,4,A,골목상권,2110890,봉천역 1번(관악초등학교),2594,1111,1483,7,502,694,561,417,413,3,119,262,264,217,246,4,383,432,297,200,167
2019,4,A,골목상권,2110889,봉천역 6번,2545,1344,1201,2,320,470,540,632,581,1,129,231,296,373,314,1,191,239,244,259,267
2019,4,A,골목상권,2110888,청룡동주민센터,2099,907,1192,4,408,600,515,327,245,0,86,215,246,182,178,4,322,385,269,145,67
2019,4,A,골목상권,2110887,서울산업정보학교(서울삼성초등학교),1523,976,547,3,160,328,383,455,194,1,58,159,255,349,154,2,102,169,128,106,40
2019,4,A,골목상권,2110886,관악해태어린이공원,1665,1062,603,3,148,265,453,511,285,1,57,128,278,370,228,2,91,137,175,141,57
2019,4,A,골목상권,2110885,영락고등학교,1893,1032,861,8,261,357,479,409,379,2,125,180,245,234,246,6,136,177,234,175,133
2019,4,A,골목상권,2110884,봉천역 4번(봉천110안전센터),4024,1687,2337,16,619,799,866,1104,620,3,163,358,395,397,371,13,456,441,471,707,249
2019,4,A,골목상권,2110883,은천초등학교(은천교앞),3528,1525,2003,18,494,684,812,1011,509,3,133,308,387,360,334,15,361,376,425,651,175
2019,4,A,골목상권,2110882,신성초등학교,3420,2456,964,10,526,699,935,786,464,2,341,512,686,592,323,8,185,187,249,194,141
2019,4,A,골목상권,2110881,구립대학경로당(관악산샘말공원),3797,2632,1165,10,521,941,1074,882,369,3,294,607,786,658,284,7,227,334,288,224,85
2019,4,A,골목상권,2110880,신림역 1번,2278,911,1367,4,518,556,461,452,287,1,128,213,230,166,173,3,390,343,231,286,114
2019,4,A,골목상권,2110879,신림현대아파트,1503,793,710,7,249,266,356,320,305,1,112,137,184,178,181,6,137,129,172,142,124
2019,4,A,골목상권,2110878,미림여고,760,404,356,6,82,201,203,172,96,1,25,95,123,91,69,5,57,106,80,81,27
2019,4,A,골목상권,2110877,신림역 8번,3894,1878,2016,7,700,826,840,835,686,3,217,354,438,393,473,4,483,472,402,442,213
2019,4,A,골목상권,2110876,서원동주민센터(신관중학교),2115,996,1119,9,238,350,386,523,609,1,98,176,204,211,306,8,140,174,182,312,303
2019,4,A,골목상권,2110875,보라매동주민센터(당곡고등학교),1363,723,640,3,157,282,311,338,272,1,67,137,153,175,190,2,90,145,158,163,82
2019,4,A,골목상권,2110874,원신초등학교(구세군관악영문교회),1118,557,561,8,124,254,308,281,143,2,31,106,166,149,103,6,93,148,142,132,40
2019,4,A,골목상권,2110873,당곡중학교,3337,1850,1487,9,500,680,793,702,653,5,233,361,440,359,452,4,267,319,353,343,201
2019,4,A,골목상권,2110872,신림초등학교,930,502,428,5,122,218,227,219,139,3,61,122,131,115,70,2,61,96,96,104,69
2019,4,A,골목상권,2110871,신원동주민센터,1612,855,757,5,156,282,321,377,471,0,73,153,184,186,259,5,83,129,137,191,212
2019,4,A,골목상권,2110870,신림주공2단지(광신고등학교),1141,670,471,2,115,187,305,328,204,0,57,100,158,196,159,2,58,87,147,132,45
2019,4,A,골목상권,2110869,"신림역 5번(신림동주민센터, 신림동별빛거리)",4076,2363,1713,5,448,899,1044,811,869,3,183,488,584,482,623,2,265,411,460,329,246
2019,4,A,골목상권,2110868,남부초등학교,2177,1250,927,6,230,384,451,528,578,2,123,247,247,289,342,4,107,137,204,239,236
2019,4,A,골목상권,2110867,국제신학대학원대학교(남서울중학교),2153,1276,877,6,202,394,446,534,571,1,116,254,260,305,340,5,86,140,186,229,231
2019,4,A,골목상권,2110866,난우중학교,1349,680,669,0,156,268,351,372,202,0,54,119,161,198,148,0,102,149,190,174,54
2019,4,A,골목상권,2110865,남강고등학교(남강중학교),1484,757,727,10,165,277,355,427,250,7,75,151,179,198,147,3,90,126,176,229,103
2019,4,A,골목상권,2110864,신림우방아파트,3375,2463,912,2,520,914,1049,663,227,2,254,676,843,528,160,0,266,238,206,135,67
2019,4,A,골목상권,2110863,난우초등학교,1442,710,732,21,172,297,310,390,252,16,69,135,139,194,157,5,103,162,171,196,95
2019,4,A,골목상권,2110862,난곡초등학교(난곡동벽화마을),1010,522,488,6,119,185,246,257,197,4,51,89,116,122,140,2,68,96,130,135,57
2019,4,A,골목상권,2110861,관악구신사동주민센터,5342,3589,1753,7,791,1451,1510,1080,503,5,372,999,1127,747,339,2,419,452,383,333,164
2019,4,A,골목상권,2110860,호림박물관(성보고등학교),2271,1322,949,6,331,597,540,529,268,2,143,327,328,314,208,4,188,270,212,215,60
2019,4,A,골목상권,2110859,난향초등학교,670,335,335,1,62,132,182,148,145,0,6,55,76,79,119,1,56,77,106,69,26
2019,4,A,골목상권,2110858,신대방역 1번,2937,2211,726,0,458,834,956,538,151,0,224,640,808,434,105,0,234,194,148,104,46
2019,4,A,골목상권,2110857,미성동주민센터,1420,669,751,18,192,290,315,355,250,13,86,141,143,141,145,5,106,149,172,214,105
2019,4,A,골목상권,2110856,미성초등학교,5509,3786,1723,18,482,944,1029,1026,2010,13,244,557,635,596,1741,5,238,387,394,430,269
2019,4,A,골목상권,2110855,신대방역 2번,7238,5206,2032,7,1079,1599,1673,1188,1692,3,461,1082,1234,877,1549,4,618,517,439,311,143
2019,4,A,골목상권,2110854,조원동주민센터,4035,2937,1098,4,549,688,667,631,1496,2,252,444,407,434,1398,2,297,244,260,197,98
2019,4,A,골목상권,2110853,KT구로지사,3290,1991,1299,8,459,914,780,685,444,0,205,548,483,423,332,8,254,366,297,262,112
2019,4,A,골목상권,2110852,이수역 9번,3811,1920,1891,8,745,927,993,751,387,1,218,418,515,476,292,7,527,509,478,275,95
2019,4,A,골목상권,2110851,경문고등학교(동작동성당),4456,2067,2389,17,740,1150,1184,943,422,8,269,580,679,373,158,9,471,570,505,570,264
2019,4,A,골목상권,2110850,사당역 10번,10320,5639,4681,18,1880,2576,2671,1839,1336,7,705,1317,1483,1154,973,11,1175,1259,1188,685,363
2019,4,A,골목상권,2110849,이수역 10번,3768,1745,2023,10,433,701,854,817,953,3,153,309,390,345,545,7,280,392,464,472,408
2019,4,A,골목상권,2110848,양지어린이공원,3256,1724,1532,6,441,566,741,634,868,2,119,275,356,341,631,4,322,291,385,293,237
2019,4,A,골목상권,2110847,예술인마을,2530,1528,1002,4,338,589,673,515,411,3,154,331,385,307,348,1,184,258,288,208,63
2019,4,A,골목상권,2110846,남성역 1번,3630,1865,1765,7,330,623,941,836,893,4,126,281,402,423,629,3,204,342,539,413,264
2019,4,A,골목상권,2110845,사당종합체육관,2397,1431,966,1,354,627,650,552,213,0,148,356,441,330,156,1,206,271,209,222,57
2019,4,A,골목상권,2110844,흑석2치안센터,241,126,115,1,35,73,58,42,32,1,19,32,33,17,24,0,16,41,25,25,8
2019,4,A,골목상권,2110843,사당5동주민센터,1194,583,611,1,98,212,342,336,205,0,37,73,143,177,153,1,61,139,199,159,52
2019,4,A,골목상권,2110842,흑리단길,556,270,286,1,66,101,146,139,103,0,20,42,66,74,68,1,46,59,80,65,35
2019,4,A,골목상권,2110841,중대부중,674,354,320,1,103,154,161,163,92,0,51,94,81,73,55,1,52,60,80,90,37
2019,4,A,골목상권,2110840,중앙대학교,882,502,380,1,124,191,228,200,138,0,56,112,135,111,88,1,68,79,93,89,50
2019,4,A,골목상권,2110839,숭실대입구역 4번,3697,2231,1466,2,394,1053,1227,711,310,1,181,582,728,474,265,1,213,471,499,237,45
2019,4,A,골목상권,2110838,상도1동주민센터앞,1392,870,522,1,93,249,390,421,238,0,42,120,242,271,195,1,51,129,148,150,43
2019,4,A,골목상권,2110837,숭실대입구역 1번,8221,3493,4728,54,1030,1379,1902,2545,1311,29,523,747,944,810,440,25,507,632,958,1735,871
2019,4,A,골목상권,2110836,상도역 5번,5025,2807,2218,14,875,1350,1197,1030,559,3,367,761,710,615,351,11,508,589,487,415,208
2019,4,A,골목상권,2110835,상도역 1번,2038,1023,1015,7,367,582,498,390,194,2,128,317,279,178,119,5,239,265,219,212,75
2019,4,A,골목상권,2110834,동작구자원봉사센터,3162,1812,1350,14,353,723,846,740,486,11,174,415,515,413,284,3,179,308,331,327,202
2019,4,A,골목상권,2110833,상도역 2번,1715,864,851,7,261,455,433,361,198,2,97,247,248,166,104,5,164,208,185,195,94
2019,4,A,골목상권,2110832,노량진초등학교,5002,2714,2288,10,799,1411,1191,1071,520,2,412,703,650,640,307,8,387,708,541,431,213
2019,4,A,골목상권,2110831,상도4동주민센터,2239,1368,871,3,307,506,509,590,324,2,153,295,324,435,159,1,154,211,185,155,165
2019,4,A,골목상권,2110830,상도초등학교,1330,625,705,0,226,298,336,312,158,0,96,129,138,163,99,0,130,169,198,149,59
2019,4,A,골목상권,2110829,장승배기역 5번,2349,1304,1045,2,395,511,541,549,351,1,260,279,263,290,211,1,135,232,278,259,140
2019,4,A,골목상권,2110828,노량진역 6번,8869,5087,3782,23,1227,2717,2373,1773,756,5,584,1515,1420,1093,470,18,643,1202,953,680,286
2019,4,A,골목상권,2110827,NH농협은행 상도동지점,1462,630,832,2,132,273,365,370,320,1,43,127,154,151,154,1,89,146,211,219,166
2019,4,A,골목상권,2110826,장승배기역 4번,2029,905,1124,3,266,455,516,421,368,1,108,218,207,182,189,2,158,237,309,239,179
2019,4,A,골목상권,2110825,신대방삼거리역 1번,2536,1465,1071,4,276,526,686,635,409,2,138,298,391,351,285,2,138,228,295,284,124
2019,4,A,골목상권,2110824,대방역 3번,3761,1903,1858,11,679,1005,971,680,415,4,247,541,503,341,267,7,432,464,468,339,148
2019,4,A,골목상권,2110823,신대방삼거리역 3번,19702,12375,7327,54,3771,3849,3316,4703,4009,29,2894,3042,2093,2221,2096,25,877,807,1223,2482,1913
2019,4,A,골목상권,2110822,신대방삼거리역 4번(대림초등학교),21761,14425,7336,49,4293,4465,3481,5406,4067,25,3222,3610,2369,3027,2172,24,1071,855,1112,2379,1895
2019,4,A,골목상권,2110821,보라매역 2번,20232,12822,7410,53,3814,3970,3335,4772,4288,28,2871,3169,2141,2333,2280,25,943,801,1194,2439,2008
2019,4,A,골목상권,2110820,성남고등학교,5261,3799,1462,6,897,1096,1024,1672,566,4,555,782,724,1306,428,2,342,314,300,366,138
2019,4,A,골목상권,2110819,신대방역 4번,8413,4800,3613,22,1758,2323,2095,1432,783,15,703,1397,1279,875,531,7,1055,926,816,557,252
2019,4,A,골목상권,2110818,신대방역 3번,3077,1741,1336,5,647,827,709,528,361,3,245,488,428,333,244,2,402,339,281,195,117
2019,4,A,골목상권,2110817,대방역 4번,4185,2172,2013,10,770,1046,1050,736,573,4,304,573,566,365,360,6,466,473,484,371,213
2019,4,A,골목상권,2110816,대방역 6번,3962,2050,1912,10,759,1006,1000,663,524,4,298,549,535,333,331,6,461,457,465,330,193
2019,4,A,골목상권,2110815,공군호텔,4714,2349,2365,7,784,1077,1138,980,728,1,277,561,601,456,453,6,507,516,537,524,275
2019,4,A,골목상권,2110814,서울지방병무청,7603,4784,2819,9,1346,1680,1544,2153,871,3,693,1084,953,1469,582,6,653,596,591,684,289
2019,4,A,골목상권,2110813,보라매역 6번,6876,4830,2046,11,1220,1596,1384,1792,873,6,699,1147,989,1373,616,5,521,449,395,419,257
2019,4,A,골목상권,2110812,신길6동주민센터,4624,2863,1761,10,727,1148,1135,989,615,4,315,738,735,653,418,6,412,410,400,336,197
2019,4,A,골목상권,2110811,보라매역 4번,2766,1733,1033,6,446,755,710,512,337,4,184,499,472,333,241,2,262,256,238,179,96
2019,4,A,골목상권,2110810,영신초등학교,3517,1894,1623,3,458,736,791,799,730,0,206,397,450,391,450,3,252,339,341,408,280
2019,4,A,골목상권,2110809,장훈고등학교,1606,910,696,1,204,371,337,337,356,0,98,181,189,193,249,1,106,190,148,144,107
2019,4,A,골목상권,2110808,신길역 1번,1592,740,852,5,182,313,417,413,262,2,80,156,192,166,144,3,102,157,225,247,118
2019,4,A,골목상권,2110807,신길역 3번,1638,807,831,11,174,333,401,411,308,8,82,179,196,176,166,3,92,154,205,235,142
2019,4,A,골목상권,2110806,서울시립영등포장애인복지관,2387,1673,714,16,364,520,569,547,371,8,193,343,417,410,302,8,171,177,152,137,69
2019,4,A,골목상권,2110805,신길새마을금고신길4동지점,1216,700,516,1,199,271,315,295,135,0,101,161,180,161,97,1,98,110,135,134,38
2019,4,A,골목상권,2110804,신풍역 1번,2372,1166,1206,3,272,549,698,504,346,2,123,257,287,245,252,1,149,292,411,259,94
2019,4,A,골목상권,2110803,신길2동우편취급국,2509,1438,1071,6,234,521,553,547,648,3,108,251,286,304,486,3,126,270,267,243,162
2019,4,A,골목상권,2110802,신길동홍어거리,1971,1091,880,2,192,411,401,426,539,0,72,183,199,241,396,2,120,228,202,185,143
2019,4,A,골목상권,2110801,신풍역 6번(신길6동공영주차장),301,115,186,1,34,45,73,79,69,0,1,15,27,34,38,1,33,30,46,45,31
2019,4,A,골목상권,2110800,영등포동성당,5362,2916,2446,19,1329,1256,1139,983,636,8,431,652,702,637,486,11,898,604,437,346,150
2019,4,A,골목상권,2110799,영등포본동주민센터,3983,2135,1848,33,649,947,932,981,441,14,258,423,511,605,324,19,391,524,421,376,117
2019,4,A,골목상권,2110798,신풍역 2번,2122,1241,881,11,207,502,639,459,304,7,108,296,321,278,231,4,99,206,318,181,73
2019,4,A,골목상권,2110797,KT대방빌딩,3144,1496,1648,9,820,808,770,523,214,6,240,402,374,312,162,3,580,406,396,211,52
2019,4,A,골목상권,2110796,한림대학교한강성심병원,5632,3268,2364,8,1305,1322,1284,1015,698,0,411,703,861,726,567,8,894,619,423,289,131
2019,4,A,골목상권,2110795,도림초등학교,1828,1023,805,5,184,344,440,434,421,3,71,175,248,241,285,2,113,169,192,193,136
2019,4,A,골목상권,2110794,영동초등학교,8718,5133,3585,8,1743,2212,2176,1709,870,4,679,1371,1441,1029,609,4,1064,841,735,680,261
2019,4,A,골목상권,2110793,대림썬프라자,2818,1319,1499,8,768,694,688,474,186,5,217,345,325,283,144,3,551,349,363,191,42
2019,4,A,골목상권,2110792,영등포역 2번,5923,3190,2733,47,860,1497,1434,1376,709,16,347,682,787,863,495,31,513,815,647,513,214
2019,4,A,골목상권,2110791,신풍역 3번,1383,586,797,2,125,278,433,323,222,1,61,103,121,135,165,1,64,175,312,188,57
2019,4,A,골목상권,2110790,대림1동주민센터,2429,1435,994,10,228,503,715,574,399,6,126,305,368,341,289,4,102,198,347,233,110
2019,4,A,골목상권,2110789,대림성모병원,4450,2148,2302,2,1231,1263,925,658,371,2,390,671,514,343,228,0,841,592,411,315,143
2019,4,A,골목상권,2110788,영등포시장역 3번,1667,1051,616,4,180,309,409,385,380,2,99,204,272,245,229,2,81,105,137,140,151
2019,4,A,골목상권,2110787,신길3동주민센터,1222,699,523,4,115,241,343,317,202,4,48,124,193,184,146,0,67,117,150,133,56
2019,4,A,골목상권,2110786,당산역 8번,7825,5499,2326,20,1077,1908,2064,1786,970,6,520,1259,1536,1421,757,14,557,649,528,365,213
2019,4,A,골목상권,2110785,영등포푸르지오아파트,2451,1619,832,9,260,554,675,578,375,6,121,360,452,397,283,3,139,194,223,181,92
2019,4,A,골목상권,2110784,신대림초등학교,1107,505,602,0,169,239,283,265,151,0,37,90,140,139,99,0,132,149,143,126,52
2019,4,A,골목상권,2110783,영등포시장역 1번,4972,3155,1817,7,670,1173,1173,1290,659,4,428,837,769,737,380,3,242,336,404,553,279
2019,4,A,골목상권,2110782,영등포시장역 4번,2465,1324,1141,11,360,533,568,540,453,3,132,283,346,306,254,8,228,250,222,234,199
2019,4,A,골목상권,2110781,대림한신아파트,2334,1304,1030,3,330,410,531,592,468,0,115,225,289,336,339,3,215,185,242,256,129
2019,4,A,골목상권,2110780,신길대성유니드아파트,1455,969,486,1,140,290,376,383,265,1,90,176,235,250,217,0,50,114,141,133,48
2019,4,A,골목상권,2110779,대림갑을명가아파트,1069,666,403,1,100,175,270,315,208,0,50,111,168,188,149,1,50,64,102,127,59
2019,4,A,골목상권,2110778,구로디지털단지역 4번,17970,10395,7575,62,3849,6187,4533,2071,1268,25,1650,3691,2861,1304,864,37,2199,2496,1672,767,404
2019,4,A,골목상권,2110777,구로세무서,8769,5040,3729,42,1718,2576,2320,1425,688,12,658,1412,1465,941,552,30,1060,1164,855,484,136
2019,4,A,골목상권,2110776,도신초등학교,4733,3293,1440,15,581,1138,1372,1021,606,5,303,810,1017,693,465,10,278,328,355,328,141
2019,4,A,골목상권,2110775,대동초등학교,2459,1332,1127,3,269,325,473,553,836,2,89,164,242,302,533,1,180,161,231,251,303
2019,4,A,골목상권,2110774,당산반도유보라팰리스아파트,8457,4962,3495,26,1814,2431,1605,1556,1025,16,821,1362,1009,1027,727,10,993,1069,596,529,298
2019,4,A,골목상권,2110773,당산역 13번,2905,1950,955,5,412,582,610,614,682,2,235,382,388,415,528,3,177,200,222,199,154
2019,4,A,골목상권,2110772,신우어린이공원,2997,2132,865,12,429,826,887,541,302,4,220,608,699,381,220,8,209,218,188,160,82
2019,4,A,골목상권,2110771,대림역 11번,2948,1669,1279,6,319,411,591,693,928,2,109,223,321,410,604,4,210,188,270,283,324
2019,4,A,골목상권,2110770,영등포구청역 6번,4260,2620,1640,11,498,892,1114,882,863,8,216,483,672,580,661,3,282,409,442,302,202
2019,4,A,골목상권,2110769,대림차이나타운(대림역 12번),2722,1534,1188,6,326,457,574,598,761,4,134,255,332,345,464,2,192,202,242,253,297
2019,4,A,골목상권,2110768,도림2동유수지내체육시설,2354,1370,984,12,303,517,598,503,421,8,98,264,326,358,316,4,205,253,272,145,105
2019,4,A,골목상권,2110767,도림동주민센터,3182,1885,1297,15,390,687,802,650,638,9,145,362,448,425,496,6,245,325,354,225,142
2019,4,A,골목상권,2110766,대림역 5번,11181,7292,3889,23,1207,2226,2566,2591,2568,10,630,1648,1904,1582,1518,13,577,578,662,1009,1050
2019,4,A,골목상권,2110765,문래동사거리,7830,4633,3197,26,1429,2100,2107,1368,800,12,580,1203,1318,865,655,14,849,897,789,503,145
2019,4,A,골목상권,2110764,문래역 3번,4607,2577,2030,6,1067,1049,1088,744,653,3,348,575,673,486,492,3,719,474,415,258,161
2019,4,A,골목상권,2110763,영등포구청역 2번,8695,4343,4352,23,1697,2301,1702,1681,1291,12,718,1211,954,756,692,11,979,1090,748,925,599
2019,4,A,골목상권,2110762,선유도역 1번,13668,7921,5747,38,2474,3715,3705,2298,1438,14,1069,2259,2141,1374,1064,24,1405,1456,1564,924,374
2019,4,A,골목상권,2110761,문래동남성맨션,2530,1610,920,7,264,524,672,539,524,2,128,308,394,353,425,5,136,216,278,186,99
2019,4,A,골목상권,2110760,선유도역 6번,12817,7184,5633,36,2497,3665,3582,1995,1042,13,1072,2185,2010,1151,753,23,1425,1480,1572,844,289
2019,4,A,골목상권,2110759,문래예술촌(문래창작촌),66557,51492,15065,62,8833,22832,21900,9809,3121,32,5445,17498,18835,7910,1772,30,3388,5334,3065,1899,1349
2019,4,A,골목상권,2110758,문래소공원,15574,8153,7421,106,3451,3930,3390,3353,1344,31,1573,2867,1720,962,1000,75,1878,1063,1670,2391,344
2019,4,A,골목상권,2110757,양평역 2번,5127,3795,1332,16,638,1290,1232,1011,940,8,379,981,930,735,762,8,259,309,302,276,178
2019,4,A,골목상권,2110756,문래중학교,2728,1912,816,3,291,594,707,629,504,0,153,434,496,443,386,3,138,160,211,186,118
2019,4,A,골목상권,2110755,동일여자고등학교,2135,1066,1069,22,282,514,513,476,328,16,133,279,259,198,181,6,149,235,254,278,147
2019,4,A,골목상권,2110754,삼성산자연공원(서울금천초등학교),2472,1302,1170,24,320,567,623,566,372,17,150,318,341,253,223,7,170,249,282,313,149
2019,4,A,골목상권,2110753,시흥동 은행나무사거리,2070,1119,951,8,216,426,499,538,383,7,110,244,247,282,229,1,106,182,252,256,154
2019,4,A,골목상권,2110752,한울중학교,2508,1442,1066,13,371,511,631,654,328,10,227,286,332,344,243,3,144,225,299,310,85
2019,4,A,골목상권,2110751,난곡중학교,5213,3717,1496,5,380,874,998,1011,1945,4,227,511,612,622,1741,1,153,363,386,389,204
2019,4,A,골목상권,2110750,시흥4동주민센터(서울신흥초등학교),1282,735,547,10,177,238,364,328,165,8,95,148,212,156,116,2,82,90,152,172,49
2019,4,A,골목상권,2110749,금산초등학교(금천고등학교),7948,4687,3261,13,583,1162,1851,2068,2271,4,304,743,1058,1128,1450,9,279,419,793,940,821
2019,4,A,골목상권,2110748,백산초등학교,1856,1127,729,1,232,353,454,484,332,1,140,225,265,265,231,0,92,128,189,219,101
2019,4,A,골목상권,2110747,석수역 1번 출입구,1141,853,288,4,75,146,253,309,354,4,50,104,169,220,306,0,25,42,84,89,48
2019,4,A,골목상권,2110746,금천금빛공원(은행나무사거리서측),1310,613,697,2,128,213,354,362,251,1,50,94,162,172,134,1,78,119,192,190,117
2019,4,A,골목상권,2110745,독산동정훈단지,1707,938,769,1,199,309,343,477,378,0,110,127,144,259,298,1,89,182,199,218,80
2019,4,A,골목상권,2110744,독산동성당,2416,1405,1011,3,254,397,504,647,611,2,147,225,267,354,410,1,107,172,237,293,201
2019,4,A,골목상권,2110743,시흥초등학교(시흥1동우체국),2406,1098,1308,8,357,447,616,620,358,6,148,209,284,249,202,2,209,238,332,371,156
2019,4,A,골목상권,2110742,KT금천빌딩(금천구시설관리공단),6015,3720,2295,11,452,843,1212,1435,2062,3,293,570,765,848,1241,8,159,273,447,587,821
2019,4,A,골목상권,2110741,독산2동주민센터,2240,1186,1054,4,289,450,522,614,361,2,144,230,254,308,248,2,145,220,268,306,113
2019,4,A,골목상권,2110740,금천해태공원,3416,1807,1609,19,676,847,769,717,388,14,314,474,387,335,283,5,362,373,382,382,105
2019,4,A,골목상권,2110739,시흥3동 우편취급국,6352,3608,2744,12,450,863,1467,1666,1894,3,234,571,836,841,1123,9,216,292,631,825,771
2019,4,A,골목상권,2110738,문성초등학교,2977,1790,1187,13,415,599,717,708,525,4,242,374,447,400,323,9,173,225,270,308,202
2019,4,A,골목상권,2110737,금천세무서,2285,1396,889,11,291,455,570,573,385,2,149,254,326,364,301,9,142,201,244,209,84
2019,4,A,골목상권,2110736,독산119안전센터,3398,2048,1350,7,368,585,749,938,751,2,210,356,449,533,498,5,158,229,300,405,253
2019,4,A,골목상권,2110735,말미고개,3342,1951,1391,9,413,671,745,902,602,5,210,391,419,491,435,4,203,280,326,411,167
2019,4,A,골목상권,2110734,금천파출소,2086,924,1162,8,492,580,438,382,186,3,209,294,191,141,86,5,283,286,247,241,100
2019,4,A,골목상권,2110733,금천어울림복지센터,3444,1825,1619,7,384,863,854,918,418,7,139,357,436,581,305,0,245,506,418,337,113
2019,4,A,골목상권,2110732,가산초등학교(세일중학교),3569,2253,1316,15,480,731,846,865,632,5,267,437,485,565,494,10,213,294,361,300,138
2019,4,A,골목상권,2110731,금천구청역 1번 출입구,4713,2376,2337,15,717,1254,1089,1102,536,10,295,567,515,637,352,5,422,687,574,465,184
2019,4,A,골목상권,2110730,서울축산농협 독산역지점(독산파출소),8706,5284,3422,16,575,977,1154,1734,4250,13,301,608,665,989,2708,3,274,369,489,745,1542
2019,4,A,골목상권,2110729,가산동우체국,7733,4618,3115,35,1115,1778,1866,1386,1553,23,591,1099,1184,849,872,12,524,679,682,537,681
2019,4,A,골목상권,2110728,두산초등학교,18360,12147,6213,48,2128,4025,3814,3397,4948,34,1169,2673,2717,2302,3252,14,959,1352,1097,1095,1696
2019,4,A,골목상권,2110727,독산역 1번 출입구,17476,11439,6037,47,2095,3867,3580,3098,4789,35,1158,2571,2539,2068,3068,12,937,1296,1041,1030,1721
2019,4,A,골목상권,2110726,금천철쭉어린이공원(금하마을),1309,861,448,13,192,244,273,324,263,11,121,165,185,179,200,2,71,79,88,145,63
2019,4,A,골목상권,2110725,가산동주민센터,17959,10649,7310,54,3657,5220,4231,2774,2023,36,1832,3225,2688,1581,1287,18,1825,1995,1543,1193,736
2019,4,A,골목상권,2110724,금천구립가산도서관,16529,10406,6123,48,2688,4775,4093,3007,1918,31,1461,3038,2801,1938,1137,17,1227,1737,1292,1069,781
2019,4,A,골목상권,2110723,가산디지털단지역 1번 출입구,30711,20313,10398,125,6526,9665,7684,4343,2368,83,3343,6435,5555,3044,1853,42,3183,3230,2129,1299,515
2019,4,A,골목상권,2110722,G타워,30854,19064,11790,91,6081,10458,8099,3836,2289,44,2876,6665,5338,2458,1683,47,3205,3793,2761,1378,606
2019,4,A,골목상권,2110721,가리봉파출소,16201,10773,5428,61,3049,5067,4125,2440,1459,38,1654,3498,2950,1549,1084,23,1395,1569,1175,891,375
2019,4,A,골목상권,2110720,대림역 2번,3054,2008,1046,3,284,548,746,896,577,2,135,315,486,651,419,1,149,233,260,245,158
2019,4,A,골목상권,2110719,영서중학교,16106,11484,4622,81,3373,5212,3875,2184,1381,58,1839,3643,3031,1716,1197,23,1534,1569,844,468,184
2019,4,A,골목상권,2110718,한국SGI본부,11273,7495,3778,38,1568,2695,2863,2448,1661,30,912,1907,2037,1549,1060,8,656,788,826,899,601
2019,4,A,골목상권,2110717,남구로역 2번,32359,21997,10362,139,6433,10200,7892,4583,3112,93,3413,6993,5797,3191,2510,46,3020,3207,2095,1392,602
2019,4,A,골목상권,2110716,구로나눔길,5187,2873,2314,7,627,1401,1218,1332,602,3,283,752,655,825,355,4,344,649,563,507,247
2019,4,A,골목상권,2110715,구로구민회관,9631,5743,3888,10,1097,2247,2356,2343,1578,7,543,1415,1484,1362,932,3,554,832,872,981,646
2019,4,A,골목상권,2110714,구로4동주민센터,6726,4005,2721,16,736,1595,1535,1881,963,10,334,852,897,1259,653,6,402,743,638,622,310
2019,4,A,골목상권,2110713,구로보건소,8744,5422,3322,19,1294,2210,2371,1815,1035,12,670,1411,1510,1110,709,7,624,799,861,705,326
2019,4,A,골목상권,2110712,남구로역 5번,1744,993,751,8,222,353,399,367,395,5,113,205,206,195,269,3,109,148,193,172,126
2019,4,A,골목상권,2110711,구로초등학교,6650,3489,3161,18,1043,1686,1509,1570,824,6,423,836,776,935,513,12,620,850,733,635,311
2019,4,A,골목상권,2110710,남구로역 3번,23954,15662,8292,83,4830,7403,5886,3524,2228,55,2475,4912,4114,2389,1717,28,2355,2491,1772,1135,511
2019,4,A,골목상권,2110709,구로119안전센터,1617,786,831,4,193,275,354,466,325,2,81,147,192,183,181,2,112,128,162,283,144
2019,4,A,골목상권,2110708,화원어린이공원,2555,1302,1253,12,557,671,568,393,354,4,188,310,307,231,262,8,369,361,261,162,92
2019,4,A,골목상권,2110707,구로창업지원센터,7830,5732,2098,13,782,2138,2103,1720,1074,10,450,1587,1593,1259,833,3,332,551,510,461,241
2019,4,A,골목상권,2110706,그라운드 고척,3644,2363,1281,2,400,761,863,902,716,2,204,446,507,589,615,0,196,315,356,313,101
2019,4,A,골목상권,2110705,고산초등학교,3225,2124,1101,3,369,685,744,785,639,2,191,401,432,537,561,1,178,284,312,248,78
2019,4,A,골목상권,2110704,고척중학교,4524,2700,1824,4,515,986,1072,1090,857,3,263,536,545,647,706,1,252,450,527,443,151
2019,4,A,골목상권,2110703,개봉역,9690,5377,4313,42,1449,2320,2204,2355,1320,22,833,1480,1106,1120,816,20,616,840,1098,1235,504
2019,4,A,골목상권,2110702,개봉초등학교,1617,846,771,1,165,337,431,400,283,1,75,158,210,220,182,0,90,179,221,180,101
2019,4,A,골목상권,2110701,고척동성당,5140,3853,1287,8,508,1129,1442,1653,400,2,289,824,1107,1322,309,6,219,305,335,331,91
2019,4,A,골목상권,2110700,고척초등학교,6601,4680,1921,11,615,1436,1850,2027,662,8,337,1015,1342,1521,457,3,278,421,508,506,205
2019,4,A,골목상권,2110699,덕의초등학교,2600,1666,934,9,324,610,655,684,318,7,201,404,412,402,240,2,123,206,243,282,78
2019,4,A,골목상권,2110698,개웅초등학교(개웅중학교),2910,1311,1599,8,427,527,747,807,394,6,221,286,281,277,240,2,206,241,466,530,154
2019,4,A,골목상권,2110697,개봉3동주민센터,1428,921,507,1,203,343,360,295,226,1,94,230,241,189,166,0,109,113,119,106,60
2019,4,A,골목상권,2110696,오류동역 1번,4076,2551,1525,35,946,1200,792,628,475,18,525,831,467,354,356,17,421,369,325,274,119
2019,4,A,골목상권,2110695,개봉1동주민센터,2553,1495,1058,8,234,615,670,616,410,7,123,360,373,358,274,1,111,255,297,258,136
2019,4,A,골목상권,2110694,세곡초등학교,2298,1341,957,2,220,480,607,605,384,0,116,267,319,344,295,2,104,213,288,261,89
2019,4,A,골목상권,2110693,오류동역 4번,2869,1936,933,4,380,544,701,802,438,3,304,369,458,494,308,1,76,175,243,308,130
2019,4,A,골목상권,2110692,큰굴다리,3501,2336,1165,5,490,701,888,977,440,4,368,470,568,604,322,1,122,231,320,373,118
2019,4,A,골목상권,2110691,개봉중학교,2257,1344,913,6,255,488,536,603,369,1,144,293,301,330,275,5,111,195,235,273,94
2019,4,A,골목상권,2110690,오류2동버들시장,4817,3106,1711,4,590,1020,1245,1208,750,1,375,616,761,791,562,3,215,404,484,417,188
2019,4,A,골목상권,2110689,오류동역 3번,4967,3126,1841,15,602,944,1206,1425,775,8,423,612,737,822,524,7,179,332,469,603,251
2019,4,A,골목상권,2110688,오류지구대,2024,1180,844,6,171,361,499,605,382,5,78,189,275,344,289,1,93,172,224,261,93
2019,4,A,골목상권,2110687,"천왕역 3번(오류2동주민센터, 서울오류남초등학교)",981,590,391,3,93,218,282,256,129,1,38,109,165,171,106,2,55,109,117,85,23
2019,4,A,골목상권,2110686,수궁동주민센터,2464,1418,1046,9,230,424,607,718,476,7,102,232,349,412,316,2,128,192,258,306,160
2019,4,A,골목상권,2110685,금강수목원아파트,1251,894,357,2,77,226,345,363,238,1,41,140,228,277,207,1,36,86,117,86,31
2019,4,A,골목상권,2110684,서울공연예술고등학교,1390,797,593,5,149,304,373,389,170,2,71,177,213,231,103,3,78,127,160,158,67
2019,4,A,골목상권,2110683,오류고등학교,1310,758,552,5,143,298,351,350,163,2,69,173,204,211,99,3,74,125,147,139,64
2019,4,A,골목상권,2110682,온수역 8번,1099,772,327,1,51,177,251,337,282,1,28,91,144,242,266,0,23,86,107,95,16
2019,4,A,골목상권,2110681,온수역 1번,1119,839,280,1,41,153,236,373,315,1,21,91,147,294,285,0,20,62,89,79,30
2019,4,A,골목상권,2110680,온수역 5번(온수산업단지),1725,1445,280,18,178,273,326,494,436,18,140,217,249,416,405,0,38,56,77,78,31
2019,4,A,골목상권,2110679,염창역 2번,4141,2829,1312,6,438,939,1245,1003,510,4,219,585,882,757,382,2,219,354,363,246,128
2019,4,A,골목상권,2110678,염창무학아파트,2176,1462,714,4,268,527,551,487,339,3,117,349,371,348,274,1,151,178,180,139,65
2019,4,A,골목상권,2110677,등촌역 1번,7770,5001,2769,27,1180,1953,1864,1628,1118,19,526,1215,1243,1143,855,8,654,738,621,485,263
2019,4,A,골목상권,2110676,등촌역 7번,3083,1901,1182,14,465,677,769,692,466,7,196,414,463,448,373,7,269,263,306,244,93
2019,4,A,골목상권,2110675,화곡4동주민센터,3054,1392,1662,8,686,826,628,588,318,5,146,369,300,334,238,3,540,457,328,254,80
2019,4,A,골목상권,2110674,강서구청가양동별관,3250,2202,1048,13,534,769,882,693,359,8,370,541,605,447,231,5,164,228,277,246,128
2019,4,A,골목상권,2110673,뜸부기어린이공원,4546,2072,2474,4,892,1156,994,968,532,2,237,496,489,496,352,2,655,660,505,472,180
2019,4,A,골목상권,2110672,백석중학교,3508,1974,1534,2,408,673,852,913,660,1,179,335,522,544,393,1,229,338,330,369,267
2019,4,A,골목상권,2110671,등촌1동주민센터,14478,9017,5461,47,2628,3590,3369,2781,2063,27,1070,2281,2330,1868,1441,20,1558,1309,1039,913,622
2019,4,A,골목상권,2110670,신곡초등학교,2263,1214,1049,8,288,636,617,494,220,5,142,343,297,278,149,3,146,293,320,216,71
2019,4,A,골목상권,2110669,화곡보람2차아파트,4924,2907,2017,4,1178,1380,951,683,728,3,372,912,716,421,483,1,806,468,235,262,245
2019,4,A,골목상권,2110668,화곡2동주민센터,3376,1859,1517,11,462,856,918,735,394,8,213,465,475,424,274,3,249,391,443,311,120
2019,4,A,골목상권,2110667,가양역 10번,2692,1443,1249,14,455,539,644,615,425,3,213,291,370,318,248,11,242,248,274,297,177
2019,4,A,골목상권,2110666,KC대학교,4814,3125,1689,6,577,1404,1162,1205,460,3,293,836,712,876,405,3,284,568,450,329,55
2019,4,A,골목상권,2110665,곰달래도서관,3026,1676,1350,7,329,573,768,822,527,6,144,324,418,426,358,1,185,249,350,396,169
2019,4,A,골목상권,2110664,강서구청옆,5833,3456,2377,6,812,1721,1459,1348,487,4,363,992,861,906,330,2,449,729,598,442,157
2019,4,A,골목상권,2110663,우장산롯데캐슬아파트앞,11194,6470,4724,40,1626,2878,2757,2837,1056,12,751,1807,1727,1551,622,28,875,1071,1030,1286,434
2019,4,A,골목상권,2110662,까치산역 1번,4227,2462,1765,12,541,1010,1114,1000,550,9,263,585,586,634,385,3,278,425,528,366,165
2019,4,A,골목상권,2110661,강서새말어린이공원,5172,3080,2092,3,619,1428,1352,1332,438,1,266,767,797,928,321,2,353,661,555,404,117
2019,4,A,골목상권,2110660,등촌3동주민센터,11883,6282,5601,49,1613,2452,2671,2721,2377,18,736,1568,1579,1216,1165,31,877,884,1092,1505,1212
2019,4,A,골목상권,2110659,화곡역 4번,5367,2731,2636,20,801,1346,1458,1139,603,15,306,694,725,625,366,5,495,652,733,514,237
2019,4,A,골목상권,2110658,화곡초등학교,4197,2544,1653,2,869,872,820,854,780,0,284,497,482,613,668,2,585,375,338,241,112
2019,4,A,골목상권,2110657,양천향교역 5번,9781,5923,3858,24,1272,2402,2408,2189,1486,12,574,1336,1536,1311,1154,12,698,1066,872,878,332
2019,4,A,골목상권,2110656,까치산역 3번,3493,1986,1507,17,308,641,932,1073,522,15,157,392,539,568,315,2,151,249,393,505,207
2019,4,A,골목상권,2110655,발산역 5번,4383,2015,2368,5,446,729,861,918,1424,3,178,374,438,390,632,2,268,355,423,528,792
2019,4,A,골목상권,2110654,까치산역 4번,3795,2359,1436,18,343,671,982,1195,586,15,175,398,555,770,446,3,168,273,427,425,140
2019,4,A,골목상권,2110653,화곡역 2번,4351,2351,2000,5,944,910,870,876,746,2,268,477,473,554,577,3,676,433,397,322,169
2019,4,A,골목상권,2110652,양천향교역 2번,5710,3599,2111,14,619,1180,1278,1459,1160,8,317,748,781,891,854,6,302,432,497,568,306
2019,4,A,골목상권,2110651,화원중학교,3517,2196,1321,12,349,654,819,1010,673,8,180,416,488,671,433,4,169,238,331,339,240
2019,4,A,골목상권,2110650,우장산힐스테이트,2082,1180,902,4,212,365,470,571,460,3,113,222,268,291,283,1,99,143,202,280,177
2019,4,A,골목상권,2110649,우장산역 1번,2841,1561,1280,6,406,505,632,740,552,3,199,290,339,383,347,3,207,215,293,357,205
2019,4,A,골목상권,2110648,양천향교역 7번,4914,3190,1724,14,579,1057,1190,1108,966,10,283,660,797,661,779,4,296,397,393,447,187
2019,4,A,골목상권,2110647,화곡역 5번,3929,2063,1866,15,520,821,912,968,693,12,208,459,490,506,388,3,312,362,422,462,305
2019,4,A,골목상권,2110646,푸른들청소년도서관,7186,4303,2883,14,953,1663,1774,1762,1020,9,484,1051,1040,999,720,5,469,612,734,763,300
2019,4,A,골목상권,2110645,우장산역 4번,6461,3740,2721,11,778,1499,1702,1666,805,7,412,940,912,880,589,4,366,559,790,786,216
2019,4,A,골목상권,2110644,신광명마을,1529,957,572,8,107,211,408,465,330,5,46,108,229,298,271,3,61,103,179,167,59
2019,4,A,골목상권,2110643,강서구다솔마을,1476,921,555,1,151,323,422,380,199,0,75,205,270,236,135,1,76,118,152,144,64
2019,4,A,골목상권,2110642,정곡초등학교,920,727,193,4,48,120,202,265,281,3,32,78,138,222,254,1,16,42,64,43,27
2019,4,A,골목상권,2110641,공항고등학교,1775,1121,654,5,243,392,434,432,269,4,138,252,239,274,214,1,105,140,195,158,55
2019,4,A,골목상권,2110640,방화역 1번,4701,2998,1703,7,463,1055,1196,1214,766,5,234,553,729,849,628,2,229,502,467,365,138
2019,4,A,골목상권,2110639,신방화역 8번,3267,1552,1715,7,254,358,567,1049,1032,4,117,219,327,397,488,3,137,139,240,652,544
2019,4,A,골목상권,2110638,신방화역 2번,4189,2767,1422,12,450,721,1151,1168,687,9,229,441,775,780,533,3,221,280,376,388,154
2019,4,A,골목상권,2110637,송정역 2번,3090,1452,1638,8,222,392,558,896,1014,1,111,237,333,307,463,7,111,155,225,589,551
2019,4,A,골목상권,2110636,방화역 2번,4034,2575,1459,8,374,758,1201,1084,609,6,202,411,781,702,473,2,172,347,420,382,136
2019,4,A,골목상권,2110635,공항시장역 3번,4028,2022,2006,9,413,625,733,1111,1137,2,185,363,444,461,567,7,228,262,289,650,570
2019,4,A,골목상권,2110634,송정역 3번,2694,1672,1022,6,328,605,702,637,416,1,149,365,440,410,307,5,179,240,262,227,109
2019,4,A,골목상권,2110633,개화산역 1번,2304,1602,702,6,198,412,735,631,322,4,115,256,543,439,245,2,83,156,192,192,77
2019,4,A,골목상권,2110632,방화역 3번,7383,5811,1572,6,736,1634,1983,2247,777,4,551,1255,1531,1831,639,2,185,379,452,416,138
2019,4,A,골목상권,2110631,방화초등학교,2474,1525,949,5,328,491,565,615,470,5,177,298,321,361,363,0,151,193,244,254,107
2019,4,A,골목상권,2110630,공항시장역 1번,33522,17722,15800,6,5643,10995,9040,6314,1524,3,1318,4557,5278,5486,1080,3,4325,6438,3762,828,444
2019,4,A,골목상권,2110629,송정역 4번,31131,16295,14836,1,5401,10620,8646,5741,722,1,1218,4347,5017,5107,605,0,4183,6273,3629,634,117
2019,4,A,골목상권,2110628,신목동역,2970,1823,1147,5,409,809,809,620,318,3,200,461,521,428,210,2,209,348,288,192,108
2019,4,A,골목상권,2110627,신정롯데캐슬아파트,13152,7343,5809,66,2437,4215,3340,2376,718,31,964,2220,2044,1547,537,35,1473,1995,1296,829,181
2019,4,A,골목상권,2110626,양화초등학교,5376,3201,2175,7,707,1254,1523,1314,571,5,310,670,1001,828,387,2,397,584,522,486,184
2019,4,A,골목상권,2110625,신정2동주민센터,19093,11500,7593,116,3148,6062,4842,3763,1162,81,1491,3599,3053,2506,770,35,1657,2463,1789,1257,392
2019,4,A,골목상권,2110624,목동문화체육센터,2321,1175,1146,1,328,550,660,492,290,1,169,289,299,229,188,0,159,261,361,263,102
2019,4,A,골목상권,2110623,갈산공원,1938,1165,773,6,220,476,489,421,326,4,121,280,280,244,236,2,99,196,209,177,90
2019,4,A,골목상권,2110622,달마을공원,4416,2669,1747,3,560,997,1287,1119,450,2,275,579,819,688,306,1,285,418,468,431,144
2019,4,A,골목상권,2110621,목동역 5번,9489,5120,4369,21,1849,2483,2292,1693,1151,12,701,1376,1387,935,709,9,1148,1107,905,758,442
2019,4,A,골목상권,2110620,목동보건지소,4227,2213,2014,7,503,1016,1212,975,514,5,250,571,551,479,357,2,253,445,661,496,157
2019,4,A,골목상권,2110619,목4동주민센터,3721,1714,2007,6,823,1066,907,664,255,2,194,461,482,378,197,4,629,605,425,286,58
2019,4,A,골목상권,2110618,강서고등학교,4292,2255,2037,8,835,1131,1004,886,428,4,221,551,572,565,342,4,614,580,432,321,86
2019,4,A,골목상권,2110617,등촌역 4번,3438,1930,1508,2,451,781,858,856,490,0,208,454,481,453,334,2,243,327,377,403,156
2019,4,A,골목상권,2110616,양목초등학교,1799,899,900,5,181,390,400,460,363,2,68,196,194,233,206,3,113,194,206,227,157
2019,4,A,골목상권,2110615,신서초등학교,8009,4605,3404,28,1503,2016,1895,1652,915,24,525,1225,1134,1015,682,4,978,791,761,637,233
2019,4,A,골목상권,2110614,목동로데오거리,2729,1267,1462,3,368,601,686,671,400,2,129,258,320,327,231,1,239,343,366,344,169
2019,4,A,골목상권,2110613,신정네거리역 4번,662,330,332,1,82,146,146,151,136,1,28,65,62,82,92,0,54,81,84,69,44
2019,4,A,골목상권,2110612,신정역 5번,4880,2815,2065,12,941,776,869,924,1358,5,300,381,452,509,1168,7,641,395,417,415,190
2019,4,A,골목상권,2110611,신정역 1번,5571,3252,2319,20,1009,852,985,1191,1514,13,358,475,562,627,1217,7,651,377,423,564,297
2019,4,A,골목상권,2110610,계남근린공원,2806,1832,974,4,367,839,889,389,318,1,175,534,672,250,200,3,192,305,217,139,118
2019,4,A,골목상권,2110609,신정네거리역 2번,3335,2512,823,7,218,342,581,655,1532,2,101,191,310,462,1446,5,117,151,271,193,86
2019,4,A,골목상권,2110608,신월2동주민센터,3976,2139,1837,15,369,670,1059,1102,761,11,184,386,521,524,513,4,185,284,538,578,248
2019,4,A,골목상권,2110607,금빛새마을금고본점,2998,2422,576,7,172,293,469,558,1499,3,99,181,289,411,1439,4,73,112,180,147,60
2019,4,A,골목상권,2110606,신한은행 신월동지점,3615,2480,1135,3,177,372,789,1154,1120,1,78,207,430,795,969,2,99,165,359,359,151
2019,4,A,골목상권,2110605,목동센트럴아이파크앞,1754,989,765,2,116,242,435,576,383,0,50,131,215,314,279,2,66,111,220,262,104
2019,4,A,골목상권,2110604,신월4동주민센터,3244,2266,978,5,220,414,690,1030,885,2,102,228,416,732,786,3,118,186,274,298,99
2019,4,A,골목상권,2110603,지향초등학교,2592,1701,891,3,160,370,659,856,544,0,64,217,403,589,428,3,96,153,256,267,116
2019,4,A,골목상권,2110602,신월시영아파트중문,3451,2409,1042,4,231,412,798,1090,916,2,141,263,470,758,775,2,90,149,328,332,141
2019,4,A,골목상권,2110601,신월1동우편취급국,3018,1984,1034,9,310,532,728,944,495,4,169,341,467,618,385,5,141,191,261,326,110
2019,4,A,골목상권,2110600,신월7동주민센터,4589,3041,1548,5,349,562,844,1298,1531,3,190,349,550,894,1055,2,159,213,294,404,476
2019,4,A,골목상권,2110599,신월1파출소,1954,1183,771,4,189,357,509,638,257,2,104,206,281,401,189,2,85,151,228,237,68
2019,4,A,골목상권,2110598,신월문화체육센터,4415,2906,1509,4,469,723,911,1046,1262,3,347,549,598,639,770,1,122,174,313,407,492
2019,4,A,골목상권,2110597,신월1동주민센터,3247,1879,1368,5,328,631,701,902,680,2,149,350,364,551,463,3,179,281,337,351,217
2019,4,A,골목상권,2110596,서서울호수공원,2414,1520,894,5,296,458,530,682,443,2,143,270,315,430,360,3,153,188,215,252,83
2019,4,A,골목상권,2110595,메디힐병원,3307,1776,1531,2,345,697,733,878,652,1,148,334,364,502,427,1,197,363,369,376,225
2019,4,A,골목상권,2110594,신월중학교,1610,737,873,7,235,411,427,385,145,4,83,171,183,194,102,3,152,240,244,191,43
2019,4,A,골목상권,2110593,신월3동주민센터,1979,1072,907,1,214,366,444,532,422,0,79,159,206,310,318,1,135,207,238,222,104
2019,4,A,골목상권,2110592,서울금융고등학교,1788,1020,768,0,177,357,377,459,418,0,64,141,192,300,323,0,113,216,185,159,95
2019,4,A,골목상권,2110591,충정로역 6번,5404,3164,2240,0,955,1528,1449,912,560,0,477,884,839,590,374,0,478,644,610,322,186
2019,4,A,골목상권,2110590,만리재,1948,972,976,1,255,425,499,527,241,1,93,214,253,264,147,0,162,211,246,263,94
2019,4,A,골목상권,2110589,애오개역 3번,2670,1166,1504,0,463,870,876,364,97,0,172,429,389,118,58,0,291,441,487,246,39
2019,4,A,골목상권,2110588,한겨레신문사,2850,1529,1321,2,519,639,724,652,314,2,285,398,335,314,195,0,234,241,389,338,119
2019,4,A,골목상권,2110587,공덕동주민센터,6321,3515,2806,22,1145,1800,1749,1153,452,5,525,961,999,724,301,17,620,839,750,429,151
2019,4,A,골목상권,2110586,서울서부지방법원,19070,11193,7877,90,3888,5775,5319,3123,875,33,1607,3200,3429,2296,628,57,2281,2575,1890,827,247
2019,4,A,골목상권,2110585,마포경찰서,7079,4166,2913,8,1235,2487,2119,968,262,1,618,1463,1293,626,165,7,617,1024,826,342,97
2019,4,A,골목상권,2110584,아현역 4번,1593,827,766,2,374,498,331,224,164,1,138,271,180,129,108,1,236,227,151,95,56
2019,4,A,골목상권,2110583,공덕래미안3차아파트,10579,6407,4172,38,1986,3371,2915,1800,469,9,938,1908,1883,1348,321,29,1048,1463,1032,452,148
2019,4,A,골목상권,2110582,이대역 5번,996,382,614,2,125,209,275,242,143,1,27,57,87,121,89,1,98,152,188,121,54
2019,4,A,골목상권,2110581,염리초등학교,11991,6894,5097,24,1766,2851,3013,2599,1738,10,963,1752,1839,1304,1026,14,803,1099,1174,1295,712
2019,4,A,골목상권,2110580,양원초등학교,835,410,425,3,122,173,205,202,130,2,34,88,96,111,79,1,88,85,109,91,51
2019,4,A,골목상권,2110579,마포역 4번,6836,4344,2492,8,1268,1844,1726,1271,719,6,552,1114,1202,925,545,2,716,730,524,346,174
2019,4,A,골목상권,2110578,대흥역 2번,7403,4583,2820,89,1498,1733,1653,1512,918,34,738,1064,1090,1038,619,55,760,669,563,474,299
2019,4,A,골목상권,2110577,용강동주민센터,7757,4680,3077,78,1507,2186,1956,1205,825,29,743,1309,1275,779,545,49,764,877,681,426,280
2019,4,A,골목상권,2110576,대흥역 3번,5951,3670,2281,79,1016,1372,1330,1278,876,29,500,853,887,811,590,50,516,519,443,467,286
2019,4,A,골목상권,2110575,대흥동주민센터,4424,2010,2414,64,2141,1019,506,453,241,21,801,499,233,280,176,43,1340,520,273,173,65
2019,4,A,골목상권,2110574,서강대학교,1561,918,643,4,194,350,405,384,224,2,93,205,256,209,153,2,101,145,149,175,71
2019,4,A,골목상권,2110573,신촌역 6번,3966,1771,2195,61,2020,931,425,343,186,20,758,445,208,214,126,41,1262,486,217,129,60
2019,4,A,골목상권,2110572,서강대역 1번,9068,4445,4623,72,2764,2315,1724,1543,650,26,1022,1103,935,954,405,46,1742,1212,789,589,245
2019,4,A,골목상권,2110571,신수동주민센터,6299,3573,2726,14,776,1656,1652,1511,690,10,303,790,929,1038,503,4,473,866,723,473,187
2019,4,A,골목상권,2110570,KB국민은행 서강지점,1996,1235,761,10,256,489,549,383,309,9,126,290,317,252,241,1,130,199,232,131,68
2019,4,A,골목상권,2110569,홍대땡땡거리,4784,2362,2422,15,981,1209,1107,899,573,8,435,650,554,397,318,7,546,559,553,502,255
2019,4,A,골목상권,2110568,광흥창역 1번,2827,1531,1296,2,399,755,771,659,241,0,117,361,454,445,154,2,282,394,317,214,87
2019,4,A,골목상권,2110567,광흥창역 6번,2158,1187,971,2,280,488,570,500,318,0,88,208,312,318,261,2,192,280,258,182,57
2019,4,A,골목상권,2110566,경의선책거리,10071,5990,4081,33,1755,2290,2438,2032,1523,20,865,1338,1493,1197,1077,13,890,952,945,835,446
2019,4,A,골목상권,2110565,홍익대,4742,3246,1496,13,762,1139,1187,937,704,7,414,751,851,666,557,6,348,388,336,271,147
2019,4,A,골목상권,2110564,홍대입구역 3번,5143,2795,2348,17,919,1276,1149,1001,781,12,343,638,645,612,545,5,576,638,504,389,236
2019,4,A,골목상권,2110563,상수역 3번,1950,1182,768,20,422,582,432,300,194,14,197,341,286,205,139,6,225,241,146,95,55
2019,4,A,골목상권,2110562,연트럴파크(연남동주민센터),4252,2404,1848,9,682,1050,1057,868,586,8,291,605,590,495,415,1,391,445,467,373,171
2019,4,A,골목상권,2110561,상수역 4번,3164,1891,1273,31,678,957,732,501,265,20,308,561,479,325,198,11,370,396,253,176,67
2019,4,A,골목상권,2110560,마포FM,6502,3860,2642,16,982,1627,1454,1287,1136,10,407,959,988,793,703,6,575,668,466,494,433
2019,4,A,골목상권,2110559,성산중학교,5087,2952,2135,21,936,1483,1317,912,418,13,364,796,845,628,306,8,572,687,472,284,112
2019,4,A,골목상권,2110558,경성고등학교,5587,3527,2060,22,775,1348,1393,1232,817,18,394,800,884,814,617,4,381,548,509,418,200
2019,4,A,골목상권,2110557,홍대부속여중고앞,9427,5263,4164,23,1361,2238,2227,1745,1833,17,545,1184,1349,937,1231,6,816,1054,878,808,602
2019,4,A,골목상권,2110556,절두산순교성지,1684,1064,620,5,244,483,463,361,128,5,104,278,313,266,98,0,140,205,150,95,30
2019,4,A,골목상권,2110555,홍익지구대,4079,2137,1942,11,689,1073,1062,755,489,6,236,510,626,449,310,5,453,563,436,306,179
2019,4,A,골목상권,2110554,망원역 1번,7782,4228,3554,15,1168,1783,1913,1422,1481,10,461,862,1004,783,1108,5,707,921,909,639,373
2019,4,A,골목상권,2110553,가좌역 2번,2187,1399,788,4,204,388,539,613,439,2,92,207,352,431,315,2,112,181,187,182,124
2019,4,A,골목상권,2110552,성미산체육관,3504,2146,1358,9,471,801,906,820,497,5,221,455,546,576,343,4,250,346,360,244,154
2019,4,A,골목상권,2110551,성서초등학교,3701,2140,1561,4,377,635,877,713,1095,4,160,324,410,372,870,0,217,311,467,341,225
2019,4,A,골목상권,2110550,합정역 8번,6172,3370,2802,15,1101,1610,1524,1115,807,10,445,802,926,667,520,5,656,808,598,448,287
2019,4,A,골목상권,2110549,새터산,3175,1870,1305,8,386,657,845,821,458,5,193,379,479,513,301,3,193,278,366,308,157
2019,4,A,골목상권,2110548,마포구청역 4번,6841,4101,2740,18,906,1347,1531,1972,1067,10,478,942,1005,1003,663,8,428,405,526,969,404
2019,4,A,골목상권,2110547,KB국민은행 망원동지점,7219,4458,2761,19,879,1335,1493,1861,1632,11,452,900,987,934,1174,8,427,435,506,927,458
2019,4,A,골목상권,2110546,양화대교북단,2197,1293,904,3,397,587,543,403,264,3,182,321,363,255,169,0,215,266,180,148,95
2019,4,A,골목상권,2110545,마포구청역 1번,5795,3278,2517,19,697,1071,1239,1869,900,11,398,782,801,813,473,8,299,289,438,1056,427
2019,4,A,골목상권,2110544,망리단길,7556,4327,3229,18,1463,1819,1641,1152,1463,8,731,897,847,686,1158,10,732,922,794,466,305
2019,4,A,골목상권,2110543,중암중학교,833,554,279,1,60,103,162,253,254,0,22,52,83,160,237,1,38,51,79,93,17
2019,4,A,골목상권,2110542,마포구청역 7번,5884,3486,2398,20,759,1112,1284,1743,966,11,396,791,870,831,587,9,363,321,414,912,379
2019,4,A,골목상권,2110541,동교초등학교,2316,1291,1025,5,338,448,612,521,392,4,142,250,332,300,263,1,196,198,280,221,129
2019,4,A,골목상권,2110540,망원나들목체육관,2127,1225,902,8,673,639,396,264,147,1,405,345,203,164,107,7,268,294,193,100,40
2019,4,A,골목상권,2110539,미근동,14579,8531,6048,43,2341,4872,3956,2487,880,20,916,2720,2470,1715,690,23,1425,2152,1486,772,190
2019,4,A,골목상권,2110538,충정로역 3번,8936,5270,3666,3,1399,2608,2582,1705,639,2,713,1645,1547,938,425,1,686,963,1035,767,214
2019,4,A,골목상권,2110537,충정로현대아파트,9389,5851,3538,15,1288,2694,2554,1994,844,9,654,1734,1643,1241,570,6,634,960,911,753,274
2019,4,A,골목상권,2110536,돈의문센트레빌아파트입구,4662,2901,1761,17,762,1317,1072,1005,489,12,332,727,714,746,370,5,430,590,358,259,119
2019,4,A,골목상권,2110535,영천시장입구,2014,972,1042,4,231,383,512,581,303,2,70,167,254,298,181,2,161,216,258,283,122
2019,4,A,골목상권,2110534,경기대학교,4575,2795,1780,4,723,1180,1049,884,735,1,313,680,710,586,505,3,410,500,339,298,230
2019,4,A,골목상권,2110533,충정로역 7번,3621,2255,1366,1,528,952,988,704,448,0,271,584,646,462,292,1,257,368,342,242,156
2019,4,A,골목상권,2110532,아현역 2번,2100,1204,896,3,447,553,442,378,277,1,170,320,262,259,192,2,277,233,180,119,85
2019,4,A,골목상권,2110531,홍지문,1399,662,737,3,176,371,355,334,160,0,59,172,172,157,102,3,117,199,183,177,58
2019,4,A,골목상권,2110530,아현역 1번,1496,797,699,2,376,474,297,209,138,1,141,271,169,125,90,1,235,203,128,84,48
2019,4,A,골목상권,2110529,홍제3동주민센터,1380,676,704,4,168,199,285,330,394,1,54,91,126,173,231,3,114,108,159,157,163
2019,4,A,골목상권,2110528,서울여자간호대학교,7645,1571,6074,6,224,518,2027,3660,1210,1,77,161,357,465,510,5,147,357,1670,3195,700
2019,4,A,골목상권,2110527,홍제역 2번,1970,1012,958,5,240,306,504,602,313,1,71,168,245,337,190,4,169,138,259,265,123
2019,4,A,골목상권,2110526,봉원사,3964,2083,1881,1,506,1026,1032,955,444,1,183,424,540,636,299,0,323,602,492,319,145
2019,4,A,골목상권,2110525,홍은종합사회복지관,7540,1491,6049,3,208,498,1991,3642,1198,1,81,160,323,442,484,2,127,338,1668,3200,714
2019,4,A,골목상권,2110524,연희세브란스병원,2431,1469,962,0,349,692,566,565,259,0,160,328,325,444,212,0,189,364,241,121,47
2019,4,A,골목상권,2110523,홍제성원아파트,389,158,231,1,57,82,97,95,57,0,16,28,41,33,40,1,41,54,56,62,17
2019,4,A,골목상권,2110522,홍제역 3번,1382,744,638,3,145,201,379,465,189,1,40,103,201,269,130,2,105,98,178,196,59
2019,4,A,골목상권,2110521,홍제역 4번,1682,856,826,3,180,260,456,544,239,1,56,126,230,305,138,2,124,134,226,239,101
2019,4,A,골목상권,2110520,경의중앙 신촌역,3939,2209,1730,8,672,1067,897,861,434,5,268,503,474,619,340,3,404,564,423,242,94
2019,4,A,골목상권,2110519,서대문구보건소별관,1692,809,883,1,249,320,448,430,244,1,88,147,232,202,139,0,161,173,216,228,105
2019,4,A,골목상권,2110518,서대문구청,4288,2377,1911,12,606,1189,1202,1022,257,9,241,603,676,684,164,3,365,586,526,338,93
2019,4,A,골목상권,2110517,서대문소방서,3275,1935,1340,14,501,833,881,711,335,8,210,520,553,438,206,6,291,313,328,273,129
2019,4,A,골목상권,2110516,정원여중,1381,718,663,0,237,296,370,330,148,0,85,145,205,186,97,0,152,151,165,144,51
2019,4,A,골목상권,2110515,홍은중학교,1397,819,578,2,174,346,389,297,189,2,86,211,238,167,115,0,88,135,151,130,74
2019,4,A,골목상권,2110514,서대문우체국,8426,5862,2564,6,1198,1860,1691,2693,978,3,772,1174,1054,2110,749,3,426,686,637,583,229
2019,4,A,골목상권,2110513,연희파출소,4197,2605,1592,22,701,1052,930,956,536,9,309,668,619,625,375,13,392,384,311,331,161
2019,4,A,골목상권,2110512,연희지하차도,4882,2826,2056,19,663,1252,1324,1216,408,14,271,646,746,846,303,5,392,606,578,370,105
2019,4,A,골목상권,2110511,연희초등학교,8378,6001,2377,13,1131,2005,1738,2599,892,3,668,1322,1149,2137,722,10,463,683,589,462,170
2019,4,A,골목상권,2110510,홍연시장,3041,1987,1054,55,824,775,546,576,265,30,470,602,320,364,201,25,354,173,226,212,64
2019,4,A,골목상권,2110509,연희대우아파트앞,9280,6343,2937,12,1331,2148,1961,2829,999,8,717,1291,1263,2264,800,4,614,857,698,565,199
2019,4,A,골목상권,2110508,서연중학교,5090,3173,1917,65,1140,1333,940,1011,601,33,630,969,582,565,394,32,510,364,358,446,207
2019,4,A,골목상권,2110507,명지대학교,3504,2308,1196,30,563,997,832,765,317,27,345,664,531,490,251,3,218,333,301,275,66
2019,4,A,골목상권,2110506,연희임광아파트,1554,815,739,2,227,343,380,390,212,2,100,227,187,174,125,0,127,116,193,216,87
2019,4,A,골목상권,2110505,홍남교남측,2235,1498,737,50,708,612,370,328,167,27,409,504,235,198,125,23,299,108,135,130,42
2019,4,A,골목상권,2110504,명지전문대,965,467,498,1,90,171,253,281,169,0,34,71,117,147,98,1,56,100,136,134,71
2019,4,A,골목상권,2110503,명지대학교교회,3864,2524,1340,30,620,1117,971,783,343,26,367,778,642,473,238,4,253,339,329,310,105
2019,4,A,골목상권,2110502,남가좌파출소,1097,580,517,0,99,196,301,322,179,0,39,79,152,183,127,0,60,117,149,139,52
2019,4,A,골목상권,2110501,연희어린이공원,1540,875,665,10,217,360,378,360,215,8,103,242,206,176,140,2,114,118,172,184,75
2019,4,A,골목상권,2110500,남가좌동현대아파트,278,164,114,0,37,45,74,87,35,0,21,27,44,54,18,0,16,18,30,33,17
2019,4,A,골목상권,2110499,연가초등학교,1891,1022,869,0,178,382,499,526,306,0,73,217,266,255,211,0,105,165,233,271,95
2019,4,A,골목상권,2110498,증산역 1번,2906,1506,1400,8,440,635,651,682,490,3,148,355,341,338,321,5,292,280,310,344,169
2019,4,A,골목상권,2110497,가좌역 3번,3659,2225,1434,4,227,435,598,923,1472,2,157,292,399,499,876,2,70,143,199,424,596
2019,4,A,골목상권,2110496,모래내우체국,2367,1136,1231,7,310,507,560,577,406,4,94,247,294,279,218,3,216,260,266,298,188
2019,4,A,골목상권,2110495,북가좌2동주민센터,3902,2063,1839,9,568,954,896,849,626,5,186,536,522,443,371,4,382,418,374,406,255
2019,4,A,골목상권,2110494,증산3교남측,1780,1221,559,0,92,213,258,339,878,0,34,98,100,184,805,0,58,115,158,155,73
2019,4,A,골목상권,2110493,북가좌초등학교,1856,1392,464,0,60,148,223,379,1046,0,20,69,94,236,973,0,40,79,129,143,73
2019,4,A,골목상권,2110492,하나고등학교,578,273,305,1,22,107,147,171,130,0,7,76,108,56,26,1,15,31,39,115,104
2019,4,A,골목상권,2110491,불광중학교,579,216,363,1,45,99,156,186,92,1,13,42,53,58,49,0,32,57,103,128,43
2019,4,A,골목상권,2110490,녹번동근린공원,5262,2678,2584,13,663,1384,1395,1293,514,9,294,621,670,746,338,4,369,763,725,547,176
2019,4,A,골목상권,2110489,불광역 3번,1836,816,1020,7,273,558,474,348,176,6,92,204,220,175,119,1,181,354,254,173,57
2019,4,A,골목상권,2110488,우리은행응암동지점,3955,2113,1842,9,480,961,1013,1016,476,6,235,475,494,594,309,3,245,486,519,422,167
2019,4,A,골목상권,2110487,불광역 8번,1735,695,1040,1,239,499,452,361,183,1,77,188,182,154,93,0,162,311,270,207,90
2019,4,A,골목상권,2110486,은평구청,4169,2254,1915,8,461,993,1117,1108,482,5,227,494,557,645,326,3,234,499,560,463,156
2019,4,A,골목상권,2110485,연신내우체국,2361,1188,1173,2,126,245,348,438,1202,1,51,129,145,186,676,1,75,116,203,252,526
2019,4,A,골목상권,2110484,역촌역 3번,4601,2236,2365,13,523,1110,1233,1186,536,9,213,468,558,627,361,4,310,642,675,559,175
2019,4,A,골목상권,2110483,연천초등학교,2384,1178,1206,5,230,267,295,400,1187,1,94,133,119,166,665,4,136,134,176,234,522
2019,4,A,골목상권,2110482,연신초등학교,1850,991,859,0,81,162,205,312,1090,0,37,95,80,152,627,0,44,67,125,160,463
2019,4,A,골목상권,2110481,불광역 7번,1630,770,860,2,178,335,467,396,252,2,71,171,214,161,151,0,107,164,253,235,101
2019,4,A,골목상권,2110480,연신내역 3번,2030,889,1141,7,285,397,542,504,295,2,114,188,232,200,153,5,171,209,310,304,142
2019,4,A,골목상권,2110479,연신내역 2번,3690,1693,1997,6,426,539,641,723,1355,1,130,248,249,302,763,5,296,291,392,421,592
2019,4,A,골목상권,2110478,응암1동주민센터,4707,2474,2233,11,516,997,1136,1196,851,7,227,433,551,650,606,4,289,564,585,546,245
2019,4,A,골목상권,2110477,은평세무서,4870,2612,2258,11,464,976,1178,1295,946,5,201,440,572,727,667,6,263,536,606,568,279
2019,4,A,골목상권,2110476,역촌역 2번,1412,760,652,3,180,328,393,324,184,1,64,162,221,174,138,2,116,166,172,150,46
2019,4,A,골목상권,2110475,백련산해모로아파트,2427,1313,1114,3,275,436,520,560,633,2,122,211,271,274,433,1,153,225,249,286,200
2019,4,A,골목상권,2110474,세명컴퓨터고등학교,2172,1034,1138,6,329,533,548,467,289,5,120,275,242,204,188,1,209,258,306,263,101
2019,4,A,골목상권,2110473,구산역 1번,4113,2032,2081,11,518,794,1040,1015,735,5,204,414,507,425,477,6,314,380,533,590,258
2019,4,A,골목상권,2110472,연신내역 4번,2455,1251,1204,11,334,479,638,552,441,6,127,253,292,262,311,5,207,226,346,290,130
2019,4,A,골목상권,2110471,응암동우체국,1908,1001,907,2,228,332,461,530,355,1,96,145,211,287,261,1,132,187,250,243,94
2019,4,A,골목상권,2110470,신진과학기술고등학교,2093,1305,788,2,198,318,474,517,584,2,95,170,262,309,467,0,103,148,212,208,117
2019,4,A,골목상권,2110469,응암정보도서관,3141,1523,1618,2,316,577,809,898,539,0,113,270,378,427,335,2,203,307,431,471,204
2019,4,A,골목상권,2110468,응암역 3번,4875,2420,2455,6,465,813,1295,1325,971,1,170,377,615,633,624,5,295,436,680,692,347
2019,4,A,골목상권,2110467,은평요양병원,1671,867,804,7,217,398,414,360,275,6,97,221,214,162,167,1,120,177,200,198,108
2019,4,A,골목상권,2110466,구산역 2번,3312,1361,1951,12,538,687,831,818,426,3,172,280,347,320,239,9,366,407,484,498,187
2019,4,A,골목상권,2110465,연신내역 7번,2686,1136,1550,10,437,647,652,580,360,5,132,295,276,227,201,5,305,352,376,353,159
2019,4,A,골목상권,2110464,연신내역 5번,2541,1368,1173,8,266,525,663,583,496,5,105,271,308,312,367,3,161,254,355,271,129
2019,4,A,골목상권,2110463,응암3동주민센터,1096,480,616,2,113,200,291,307,183,1,42,69,109,143,116,1,71,131,182,164,67
2019,4,A,골목상권,2110462,갈현건영아파트,1895,1102,793,9,264,445,440,425,312,6,139,269,256,223,209,3,125,176,184,202,103
2019,4,A,골목상권,2110461,새절역 2번,1064,588,476,2,102,151,247,304,258,1,40,59,115,173,200,1,62,92,132,131,58
2019,4,A,골목상권,2110460,구산역 4번,4650,2629,2021,14,389,739,1103,1501,904,6,161,384,536,911,631,8,228,355,567,590,273
2019,4,A,골목상권,2110459,응암역 2번,3508,1670,1838,4,356,682,987,918,561,1,143,326,439,399,362,3,213,356,548,519,199
2019,4,A,골목상권,2110458,선일여고,2056,993,1063,9,309,535,480,491,232,5,138,283,226,197,144,4,171,252,254,294,88
2019,4,A,골목상권,2110457,예일여고,4039,2288,1751,11,383,599,859,1344,843,2,149,279,424,826,608,9,234,320,435,518,235
2019,4,A,골목상권,2110456,구산보건지소,3451,1673,1778,13,646,727,840,730,495,4,277,335,365,355,337,9,369,392,475,375,158
2019,4,A,골목상권,2110455,역촌노인복지관,3912,1926,1986,7,599,783,1036,909,578,3,258,380,472,412,401,4,341,403,564,497,177
2019,4,A,골목상권,2110454,선정중학교,3136,1975,1161,7,297,545,749,1025,513,3,138,284,381,749,420,4,159,261,368,276,93
2019,4,A,골목상권,2110453,신사1동주민센터,2866,1630,1236,3,295,597,767,684,520,3,160,297,422,377,371,0,135,300,345,307,149
2019,4,A,골목상권,2110452,새절역 3번,1444,869,575,3,116,220,343,416,346,3,59,102,181,239,285,0,57,118,162,177,61
2019,4,A,골목상권,2110451,증산역 4번,3034,2083,951,4,382,662,756,739,491,3,166,453,530,528,403,1,216,209,226,211,88
2019,4,A,골목상권,2110450,시립서북병원,4533,2159,2374,8,894,1069,1015,919,628,2,331,496,489,431,410,6,563,573,526,488,218
2019,4,A,골목상권,2110449,증산역 3번,3046,1961,1085,1,417,740,797,725,366,0,164,495,543,508,251,1,253,245,254,217,115
2019,4,A,골목상권,2110448,상신초등학교입구,1375,785,590,3,145,292,338,322,275,1,88,163,177,167,189,2,57,129,161,155,86
2019,4,A,골목상권,2110447,구산초등학교,1694,1213,481,2,100,239,363,721,269,0,46,110,217,608,232,2,54,129,146,113,37
2019,4,A,골목상권,2110446,내를건너서숲으로도서관,1148,777,371,0,135,243,292,279,199,0,95,161,174,174,173,0,40,82,118,105,26
2019,4,A,골목상권,2110445,덕산중학교,1312,649,663,5,274,319,252,247,215,0,87,169,142,108,143,5,187,150,110,139,72
2019,4,A,골목상권,2110444,수색성당,2661,1802,859,0,198,389,448,542,1084,0,77,194,209,332,990,0,121,195,239,210,94
2019,4,A,골목상권,2110443,수색역 1번,434,287,147,0,42,62,103,136,91,0,17,34,66,96,74,0,25,28,37,40,17
2019,4,A,골목상권,2110442,화랑대철도공원,1159,494,665,2,139,197,301,376,144,2,48,69,108,178,89,0,91,128,193,198,55
2019,4,A,골목상권,2110441,영신여고,1046,454,592,3,105,241,283,309,105,3,45,111,107,126,62,0,60,130,176,183,43
2019,4,A,골목상권,2110440,상계3동4동주민센터,231,87,144,1,38,35,61,53,43,0,13,11,23,19,21,1,25,24,38,34,22
2019,4,A,골목상권,2110439,당고개역 5번,1670,1328,342,1,65,111,343,684,466,0,20,60,265,575,408,1,45,51,78,109,58
2019,4,A,골목상권,2110438,경춘선숲길 우측,3326,1509,1817,2,552,854,911,715,292,1,156,360,411,369,212,1,396,494,500,346,80
2019,4,A,골목상권,2110437,당고개역 2번,2037,1506,531,1,104,171,467,791,503,0,40,88,309,634,435,1,64,83,158,157,68
2019,4,A,골목상권,2110436,상계제일중학교,2066,1047,1019,12,209,464,514,508,359,7,73,229,274,237,227,5,136,235,240,271,132
2019,4,A,골목상권,2110435,서울과학기술대,1792,1224,568,2,186,412,462,475,255,0,112,256,301,331,224,2,74,156,161,144,31
2019,4,A,골목상권,2110434,태릉입구역 4번,3300,1461,1839,4,314,539,764,908,771,2,129,312,364,332,322,2,185,227,400,576,449
2019,4,A,골목상권,2110433,공릉역 2번,4470,2428,2042,8,421,620,969,1270,1182,3,195,339,507,667,717,5,226,281,462,603,465
2019,4,A,골목상권,2110432,대진고등학교,3496,2336,1160,5,355,682,898,1023,533,2,168,399,577,774,416,3,187,283,321,249,117
2019,4,A,골목상권,2110431,상계역,1658,716,942,4,180,322,440,437,275,0,50,144,212,164,146,4,130,178,228,273,129
2019,4,A,골목상권,2110430,중계초등학교,1642,961,681,6,165,297,390,441,343,2,77,164,213,244,261,4,88,133,177,197,82
2019,4,A,골목상권,2110429,공릉동 국수거리,5223,2800,2423,7,523,744,1099,1485,1365,3,246,412,543,754,842,4,277,332,556,731,523
2019,4,A,골목상권,2110428,상계5동주민센터,2338,1163,1175,7,172,298,441,608,812,3,62,155,202,282,459,4,110,143,239,326,353
2019,4,A,골목상권,2110427,노원 을지대학교병원,2885,2027,858,3,300,579,725,832,446,0,149,351,505,667,355,3,151,228,220,165,91
2019,4,A,골목상권,2110426,상계2동주민센터,2834,1540,1294,16,401,546,733,694,444,11,153,300,370,386,320,5,248,246,363,308,124
2019,4,A,골목상권,2110425,계상초등학교,2572,1219,1353,6,228,345,564,659,770,4,90,195,248,280,402,2,138,150,316,379,368
2019,4,A,골목상권,2110424,상계초등학교,2079,864,1215,5,272,368,533,553,348,5,89,181,216,215,158,0,183,187,317,338,190
2019,4,A,골목상권,2110423,석계역 2번,1883,895,988,5,253,375,553,418,279,3,106,197,271,183,135,2,147,178,282,235,144
2019,4,A,골목상권,2110422,노원역 9번,1955,819,1136,3,268,390,499,508,287,1,81,196,208,195,138,2,187,194,291,313,149
2019,4,A,골목상권,2110421,석계역 1번,1716,845,871,4,186,278,426,473,349,2,71,119,191,230,232,2,115,159,235,243,117
2019,4,A,골목상권,2110420,광운대역 1번,1718,979,739,10,353,518,466,244,127,3,175,350,258,123,70,7,178,168,208,121,57
2019,4,A,골목상권,2110419,수락산디자인거리,4260,2771,1489,13,429,898,1053,1126,741,12,245,615,683,706,510,1,184,283,370,420,231
2019,4,A,골목상권,2110418,광운대학교 남단,2484,1345,1139,17,445,664,598,481,279,5,192,396,291,252,209,12,253,268,307,229,70
2019,4,A,골목상권,2110417,월계역 3번,441,184,257,2,62,77,94,122,84,2,23,41,37,47,34,0,39,36,57,75,50
2019,4,A,골목상권,2110416,노원초등학교,1385,669,716,8,135,266,331,352,293,6,53,138,153,171,148,2,82,128,178,181,145
2019,4,A,골목상권,2110415,수락산역 4번,3553,1980,1573,19,461,687,836,890,660,16,254,421,481,483,325,3,207,266,355,407,335
2019,4,A,골목상권,2110414,장석교회,752,511,241,5,70,109,166,205,197,3,38,57,98,139,176,2,32,52,68,66,21
2019,4,A,골목상권,2110413,누원고등학교,580,375,205,0,37,71,120,164,188,0,16,45,70,104,140,0,21,26,50,60,48
2019,4,A,골목상권,2110412,창동중학교,1521,1149,372,3,118,224,267,505,404,1,73,121,160,412,382,2,45,103,107,93,22
2019,4,A,골목상권,2110411,도봉역 3번,1802,1132,670,2,126,304,360,519,491,1,33,150,187,351,410,1,93,154,173,168,81
2019,4,A,골목상권,2110410,방학역 2번,5708,3428,2280,10,558,1304,1395,1507,934,9,280,756,767,936,680,1,278,548,628,571,254
2019,4,A,골목상권,2110409,창동역 2번,6649,4154,2495,6,756,1498,1635,1402,1352,4,385,1020,1098,743,904,2,371,478,537,659,448
2019,4,A,골목상권,2110408,가인초등학교,5577,3850,1727,5,581,1307,1343,1121,1220,3,343,986,1014,685,819,2,238,321,329,436,401
2019,4,A,골목상권,2110407,도봉역 2번,2678,1900,778,7,190,399,535,778,769,5,95,243,303,572,682,2,95,156,232,206,87
2019,4,A,골목상권,2110406,도봉산역 1번,1362,928,434,0,45,103,268,453,493,0,17,63,189,336,323,0,28,40,79,117,170
2019,4,A,골목상권,2110405,방학역 1번,2975,1622,1353,6,288,534,730,892,525,5,159,353,350,369,386,1,129,181,380,523,139
2019,4,A,골목상권,2110404,신창초등학교,2334,1247,1087,11,291,485,642,611,294,8,108,229,337,362,203,3,183,256,305,249,91
2019,4,A,골목상권,2110403,방학1동주민센터,3553,1965,1588,10,456,716,860,1052,459,6,261,473,457,498,270,4,195,243,403,554,189
2019,4,A,골목상권,2110402,도봉구 정병원,2172,1117,1055,5,296,450,517,579,325,4,109,246,277,283,198,1,187,204,240,296,127
2019,4,A,골목상권,2110401,도봉구민회관,5856,3856,2000,1,599,1299,1388,1267,1302,0,346,940,977,718,875,1,253,359,411,549,427
2019,4,A,골목상권,2110400,도봉구보건소,2134,1058,1076,4,298,390,510,558,374,3,99,190,250,278,238,1,199,200,260,280,136
2019,4,A,골목상권,2110399,창2동주민센터,1982,1088,894,10,245,463,553,465,246,9,128,273,295,219,164,1,117,190,258,246,82
2019,4,A,골목상권,2110398,쌍문2동우체국,2359,1255,1104,1,247,367,547,725,472,1,87,168,253,427,319,0,160,199,294,298,153
2019,4,A,골목상권,2110397,도봉산입구,1579,963,616,1,95,207,290,413,573,1,25,106,157,272,402,0,70,101,133,141,171
2019,4,A,골목상권,2110396,쌍문역1번(쌍리단길),1577,763,814,4,242,329,382,395,225,1,84,135,198,208,137,3,158,194,184,187,88
2019,4,A,골목상권,2110395,신한은행 방학동지점,1120,597,523,4,157,280,302,227,150,3,72,148,158,121,95,1,85,132,144,106,55
2019,4,A,골목상권,2110394,방학중학교,1435,629,806,1,142,279,358,336,319,1,52,119,150,152,155,0,90,160,208,184,164
2019,4,A,골목상권,2110393,국민은행방학지점,1001,461,540,3,124,275,252,240,107,2,39,137,120,96,67,1,85,138,132,144,40
2019,4,A,골목상권,2110392,발바닥공원,704,449,255,3,99,210,202,121,69,2,39,126,148,81,53,1,60,84,54,40,16
2019,4,A,골목상권,2110391,샘말어린이공원,1172,574,598,0,93,215,234,283,347,0,34,95,107,140,198,0,59,120,127,143,149
2019,4,A,골목상권,2110390,방학초등학교,1901,820,1081,3,194,445,458,515,286,2,59,201,209,188,161,1,135,244,249,327,125
2019,4,A,골목상권,2110389,한일병원,3050,1577,1473,1,573,707,741,679,349,1,171,353,410,396,246,0,402,354,331,283,103
2019,4,A,골목상권,2110388,도봉우체국,2071,923,1148,4,436,450,512,485,184,3,105,207,224,244,140,1,331,243,288,241,44
2019,4,A,골목상권,2110387,쌍문초등학교,1678,803,875,0,227,365,452,414,220,0,67,151,187,208,190,0,160,214,265,206,30
2019,4,A,골목상권,2110386,연산군묘,1120,668,452,0,136,219,227,306,232,0,61,122,131,158,196,0,75,97,96,148,36
2019,4,A,골목상권,2110385,효문고등학교,780,268,512,0,136,158,203,185,98,0,33,42,60,71,62,0,103,116,143,114,36
2019,4,A,골목상권,2110384,문이교,622,295,327,1,71,88,145,188,129,0,21,33,51,98,92,1,50,55,94,90,37
2019,4,A,골목상권,2110383,덕성여대시반거리,494,170,324,0,83,84,121,116,90,0,12,24,42,39,53,0,71,60,79,77,37
2019,4,A,골목상권,2110382,솔밭공원역 1번,967,418,549,1,145,169,222,256,174,0,31,52,83,123,129,1,114,117,139,133,45
2019,4,A,골목상권,2110381,번동주공2단지,1056,559,497,5,107,230,262,299,153,4,33,95,131,178,118,1,74,135,131,121,35
2019,4,A,골목상권,2110380,강북문화정보도서관,980,504,476,5,99,143,203,291,239,3,30,74,101,150,146,2,69,69,102,141,93
2019,4,A,골목상권,2110379,KT&G 북부지사,767,383,384,2,97,108,197,257,106,0,47,44,83,145,64,2,50,64,114,112,42
2019,4,A,골목상권,2110378,송중동주민센터,1170,548,622,8,119,172,339,287,245,6,52,74,144,126,146,2,67,98,195,161,99
2019,4,A,골목상권,2110377,미아사거리역 3번,1050,449,601,7,158,220,271,253,141,6,51,81,107,112,92,1,107,139,164,141,49
2019,4,A,골목상권,2110376,수송초등학교,4978,2722,2256,8,551,1213,1234,1264,708,6,230,624,673,782,407,2,321,589,561,482,301
2019,4,A,골목상권,2110375,서울북부고용노동지청,1301,632,669,2,141,171,335,392,260,0,58,78,134,204,158,2,83,93,201,188,102
2019,4,A,골목상권,2110374,송중초등학교,2009,977,1032,7,186,338,530,528,420,6,61,128,222,264,296,1,125,210,308,264,124
2019,4,A,골목상권,2110373,수유역 2번,4903,2639,2264,10,549,1094,1104,1278,868,8,214,534,563,814,506,2,335,560,541,464,362
2019,4,A,골목상권,2110372,강북중학교,1588,852,736,1,167,364,452,356,248,1,87,203,249,169,143,0,80,161,203,187,105
2019,4,A,골목상권,2110371,삼양입구사거리,1233,656,577,2,114,236,332,331,218,2,43,109,155,183,164,0,71,127,177,148,54
2019,4,A,골목상권,2110370,도봉세무서,1385,735,650,7,100,222,365,379,312,6,28,93,168,200,240,1,72,129,197,179,72
2019,4,A,골목상권,2110369,성신여대운정그린캠퍼스,4108,2368,1740,5,481,782,894,1069,877,1,210,445,512,655,545,4,271,337,382,414,332
2019,4,A,골목상권,2110368,송천초등학교,5342,2779,2563,416,2025,1339,744,507,311,177,905,732,414,294,257,239,1120,607,330,213,54
2019,4,A,골목상권,2110367,강북구청,5008,2534,2474,10,519,1028,1016,1220,1215,8,207,520,524,762,513,2,312,508,492,458,702
2019,4,A,골목상권,2110366,광산사거리,3568,1624,1944,6,321,730,793,840,878,4,125,324,383,466,322,2,196,406,410,374,556
2019,4,A,골목상권,2110365,미아역 5번,1610,747,863,3,136,224,389,402,456,3,45,85,163,219,232,0,91,139,226,183,224
2019,4,A,골목상권,2110364,미아역 8번,1852,961,891,3,226,366,513,491,253,1,85,173,274,268,160,2,141,193,239,223,93
2019,4,A,골목상권,2110363,송천동주민센터,819,499,320,2,54,138,220,209,196,1,23,71,116,131,157,1,31,67,104,78,39
2019,4,A,골목상권,2110362,우이천 계성교,2117,1320,797,2,227,296,541,686,365,0,74,153,330,480,283,2,153,143,211,206,82
2019,4,A,골목상권,2110361,삼양사거리역 1번,1111,550,561,3,66,131,213,280,418,2,24,58,105,156,205,1,42,73,108,124,213
2019,4,A,골목상권,2110360,수유초등학교,2635,1274,1361,5,299,387,567,782,595,1,79,163,238,375,418,4,220,224,329,407,177
2019,4,A,골목상권,2110359,수유시장옆,5157,2359,2798,6,450,898,1053,1316,1434,4,136,365,470,708,676,2,314,533,583,608,758
2019,4,A,골목상권,2110358,인수동 우편취급국,2810,1471,1339,2,265,403,554,783,803,0,80,179,255,417,540,2,185,224,299,366,263
2019,4,A,골목상권,2110357,가오리역 1번,2401,1556,845,1,127,166,397,647,1063,0,34,71,252,471,728,1,93,95,145,176,335
2019,4,A,골목상권,2110356,덕수교,2011,1093,918,0,145,214,368,345,939,0,37,85,163,165,643,0,108,129,205,180,296
2019,4,A,골목상권,2110355,삼양사거리역 2번,905,486,419,2,85,153,223,225,217,1,22,49,110,139,165,1,63,104,113,86,52
2019,4,A,골목상권,2110354,삼각산119안전센터,365,141,224,1,38,87,110,81,48,0,9,25,45,32,30,1,29,62,65,49,18
2019,4,A,골목상권,2110353,수유동우체국,2389,1550,839,0,129,158,408,615,1079,0,26,73,267,444,740,0,103,85,141,171,339
2019,4,A,골목상권,2110352,수유1동주민센터,1621,708,913,1,183,303,456,479,199,0,61,122,184,209,132,1,122,181,272,270,67
2019,4,A,골목상권,2110351,수유북부시장옆,1877,1274,603,0,96,227,484,737,333,0,36,133,349,484,272,0,60,94,135,253,61
2019,4,A,골목상권,2110350,가오리역 2번,2640,1559,1081,0,221,477,709,807,426,0,62,232,442,507,316,0,159,245,267,300,110
2019,4,A,골목상권,2110349,화계역 2번,1164,619,545,0,95,179,284,397,209,0,37,65,127,214,176,0,58,114,157,183,33
2019,4,A,골목상권,2110348,강북문화예술회관,3953,2554,1399,0,227,512,876,1129,1209,0,65,242,587,813,847,0,162,270,289,316,362
2019,4,A,골목상권,2110347,구세군강북종합사회복지관,443,186,257,0,54,96,140,85,68,0,10,34,63,36,43,0,44,62,77,49,25
2019,4,A,골목상권,2110346,4.19민주묘지역 2번,754,369,385,0,109,137,212,161,135,0,22,69,113,81,84,0,87,68,99,80,51
2019,4,A,골목상권,2110345,솔밭공원역 2번,1604,918,686,1,168,207,320,549,359,0,35,65,142,387,289,1,133,142,178,162,70
2019,4,A,골목상권,2110344,화계중학교,815,417,398,0,75,148,217,296,79,0,39,57,111,143,67,0,36,91,106,153,12
2019,4,A,골목상권,2110343,무너미어린이공원,2303,1336,967,0,149,297,429,446,982,0,49,177,246,213,651,0,100,120,183,233,331
2019,4,A,골목상권,2110342,국립재활원,2250,1364,886,1,194,476,644,645,290,0,66,242,426,420,210,1,128,234,218,225,80
2019,4,A,골목상권,2110341,북한산우이역 2번,860,529,331,0,44,68,132,304,312,0,14,31,72,258,154,0,30,37,60,46,158
2019,4,A,골목상권,2110340,인수중학교,1205,760,445,6,164,256,276,329,174,6,81,173,168,189,143,0,83,83,108,140,31
2019,4,A,골목상권,2110339,국립4.19민주묘지,1097,718,379,6,146,196,248,305,196,6,67,139,153,190,163,0,79,57,95,115,33
2019,4,A,골목상권,2110338,인수초등학교,1955,1067,888,6,266,494,469,470,250,6,111,260,248,248,194,0,155,234,221,222,56
2019,4,A,골목상권,2110337,아카데미하우스,1438,921,517,6,178,311,344,390,209,6,85,207,216,232,175,0,93,104,128,158,34
2019,4,A,골목상권,2110336,석관고등학교,1951,1389,562,1,128,204,257,338,1023,0,66,113,151,240,819,1,62,91,106,98,204
2019,4,A,골목상권,2110335,석계역 7번,2887,1837,1050,2,243,313,463,598,1268,0,99,147,243,370,978,2,144,166,220,228,290
2019,4,A,골목상권,2110334,석관중앙교회,1691,1099,592,3,192,394,413,449,240,0,95,241,244,324,195,3,97,153,169,125,45
2019,4,A,골목상권,2110333,돌곶이역 5번,2875,2051,824,4,237,375,414,553,1292,0,107,239,264,375,1066,4,130,136,150,178,226
2019,4,A,골목상권,2110332,돌곶이역 3번,2402,1642,760,6,189,237,310,429,1231,1,74,125,174,259,1009,5,115,112,136,170,222
2019,4,A,골목상권,2110331,돌곶이역 8번,1331,817,514,4,173,283,315,283,273,0,60,182,193,164,218,4,113,101,122,119,55
2019,4,A,골목상권,2110330,돌곶이역 1번,1199,626,573,1,137,217,277,273,294,0,40,102,128,127,229,1,97,115,149,146,65
2019,4,A,골목상권,2110329,우리은행체육관,1280,745,535,8,131,269,305,313,254,4,45,134,165,200,197,4,86,135,140,113,57
2019,4,A,골목상권,2110328,상월곡역 3번,966,544,422,4,142,252,268,208,92,1,59,142,158,118,66,3,83,110,110,90,26
2019,4,A,골목상권,2110327,상월곡역 2번,1998,1149,849,5,355,494,539,387,218,1,166,295,311,215,161,4,189,199,228,172,57
2019,4,A,골목상권,2110326,장위동성당,2029,1211,818,4,314,426,541,433,311,3,149,249,314,263,233,1,165,177,227,170,78
2019,4,A,골목상권,2110325,장곡초등학교,1638,957,681,8,198,313,438,380,301,6,100,176,257,221,197,2,98,137,181,159,104
2019,4,A,골목상권,2110324,월곡역 4번,3140,1982,1158,5,533,1043,730,527,302,1,265,704,453,335,224,4,268,339,277,192,78
2019,4,A,골목상권,2110323,상월곡역 1번,4067,2556,1511,5,678,1174,962,808,440,1,336,790,596,503,330,4,342,384,366,305,110
2019,4,A,골목상권,2110322,장위1동주민센터,1274,741,533,8,218,235,278,270,265,4,110,153,164,146,164,4,108,82,114,124,101
2019,4,A,골목상권,2110321,동덕여대,2313,1366,947,1,299,420,551,516,526,0,134,242,299,273,418,1,165,178,252,243,108
2019,4,A,골목상권,2110320,KB국민은행 종암동지점,1182,673,509,1,119,228,369,325,140,1,35,101,200,239,97,0,84,127,169,86,43
2019,4,A,골목상권,2110319,종암동주민센터,2766,1528,1238,6,392,614,672,775,307,1,178,373,362,458,156,5,214,241,310,317,151
2019,4,A,골목상권,2110318,KT월곡지사,4670,3051,1619,8,464,852,998,1077,1271,3,232,511,595,716,994,5,232,341,403,361,277
2019,4,A,골목상권,2110317,종암중학교,984,490,494,0,108,232,312,228,104,0,37,97,154,140,62,0,71,135,158,88,42
2019,4,A,골목상권,2110316,숭곡초등학교,3749,2252,1497,12,320,511,783,810,1313,11,132,241,383,471,1014,1,188,270,400,339,299
2019,4,A,골목상권,2110315,종암아이파크2차,19523,10008,9515,57,1546,5002,7164,5525,229,13,627,1664,3177,4378,149,44,919,3338,3987,1147,80
2019,4,A,골목상권,2110314,종암경찰서,22088,12093,9995,63,1812,5489,7636,6091,997,14,829,2083,3572,4842,753,49,983,3406,4064,1249,244
2019,4,A,골목상권,2110313,안암역 3번,4486,2929,1557,7,548,1055,1239,1027,610,3,263,654,815,721,473,4,285,401,424,306,137
2019,4,A,골목상권,2110312,안암역 2번,1666,856,810,1,199,457,563,337,109,0,70,198,309,204,75,1,129,259,254,133,34
2019,4,A,골목상권,2110311,종암아이파크2차후문,18419,9472,8947,55,1397,4775,6829,5279,84,12,583,1567,3015,4229,66,43,814,3208,3814,1050,18
2019,4,A,골목상권,2110310,길음역 10번,2304,969,1335,10,637,675,493,352,137,1,143,321,258,161,85,9,494,354,235,191,52
2019,4,A,골목상권,2110309,대광초등학교,3669,2531,1138,12,521,883,910,786,557,4,294,622,640,561,410,8,227,261,270,225,147
2019,4,A,골목상권,2110308,길음역 8번,7178,3463,3715,428,2655,1922,1125,688,360,177,1050,1021,613,334,268,251,1605,901,512,354,92
2019,4,A,골목상권,2110307,길음역 7번,2596,948,1648,10,718,682,547,427,212,0,146,268,216,179,139,10,572,414,331,248,73
2019,4,A,골목상권,2110306,미아초등학교,5376,2688,2688,419,2073,1365,788,449,282,176,923,736,412,220,221,243,1150,629,376,229,61
2019,4,A,골목상권,2110305,보문역 5번,6471,4952,1519,11,812,2114,1358,1346,830,5,488,1734,1085,1066,574,6,324,380,273,280,256
2019,4,A,골목상권,2110304,보문역 4번,5081,2911,2170,4,547,1204,1258,1332,736,3,248,624,733,863,440,1,299,580,525,469,296
2019,4,A,골목상권,2110303,성신여대입구역 1번,2302,983,1319,23,343,507,539,532,358,11,93,195,230,247,207,12,250,312,309,285,151
2019,4,A,골목상권,2110302,보문역 8번,6611,5075,1536,7,801,2204,1491,1413,695,2,445,1775,1209,1164,480,5,356,429,282,249,215
2019,4,A,골목상권,2110301,성신여대입구역 7번,2407,1250,1157,22,336,473,551,587,438,16,112,206,285,329,302,6,224,267,266,258,136
2019,4,A,골목상권,2110300,삼선동주민센터,7082,3275,3807,21,849,1747,2084,1699,682,12,261,673,916,1026,387,9,588,1074,1168,673,295
2019,4,A,골목상권,2110299,정릉역 1번,2389,1112,1277,6,327,495,591,580,390,1,79,200,234,301,297,5,248,295,357,279,93
2019,4,A,골목상권,2110298,솔숲어린이공원,1609,756,853,6,199,274,412,438,280,1,58,98,163,222,214,5,141,176,249,216,66
2019,4,A,골목상권,2110297,경동고등학교,9374,4825,4549,19,1150,2351,2816,2260,778,8,435,1116,1431,1392,443,11,715,1235,1385,868,335
2019,4,A,골목상권,2110296,성신여대입구역 4번,13044,7926,5118,60,2010,3119,4030,2350,1475,26,917,1816,2693,1739,735,34,1093,1303,1337,611,740
2019,4,A,골목상권,2110295,정릉우체국,2490,1166,1324,2,366,486,617,609,410,0,99,203,246,329,289,2,267,283,371,280,121
2019,4,A,골목상권,2110294,서경대학교,2549,1324,1225,1,378,447,634,629,460,0,105,193,305,381,340,1,273,254,329,248,120
2019,4,A,골목상권,2110293,삼선중학교,16035,9034,7001,63,2380,3897,5184,2868,1643,27,1059,2173,3103,1899,773,36,1321,1724,2081,969,870
2019,4,A,골목상권,2110292,정릉역 2번,1455,558,897,1,246,356,390,314,148,0,62,144,125,131,96,1,184,212,265,183,52
2019,4,A,골목상권,2110291,한성대입구역 3번,4682,2808,1874,4,513,944,1389,1258,574,2,184,541,891,836,354,2,329,403,498,422,220
2019,4,A,골목상권,2110290,북한산보국문역 1번,1034,535,499,2,104,127,218,313,270,0,28,65,110,176,156,2,76,62,108,137,114
2019,4,A,골목상권,2110289,북한산보국문역 2번,1888,951,937,0,291,395,491,441,270,0,88,179,225,255,204,0,203,216,266,186,66
2019,4,A,골목상권,2110288,동구여중,4250,2398,1852,23,496,930,1431,989,381,12,211,489,785,607,294,11,285,441,646,382,87
2019,4,A,골목상권,2110287,정릉3동주민센터,1637,1229,408,0,230,512,449,314,132,0,133,403,340,243,110,0,97,109,109,71,22
2019,4,A,골목상권,2110286,한성대입구역 5번,6385,3175,3210,20,806,1509,1805,1506,739,9,265,708,929,826,438,11,541,801,876,680,301
2019,4,A,골목상권,2110285,홍대부중,5373,2950,2423,12,1018,1547,1503,934,359,7,415,798,842,619,269,5,603,749,661,315,90
2019,4,A,골목상권,2110284,정릉북한산국립공원입구,1223,860,363,0,80,214,331,411,187,0,23,120,249,314,154,0,57,94,82,97,33
2019,4,A,골목상권,2110283,성북초등학교앞,4093,2342,1751,15,771,1263,1080,686,278,9,312,713,699,425,184,6,459,550,381,261,94
2019,4,A,골목상권,2110282,국민대학교앞,1943,1389,554,15,322,603,452,316,235,14,185,441,355,248,146,1,137,162,97,68,89
2019,4,A,골목상권,2110281,길상사,17018,13990,3028,25,2042,3972,4890,5544,545,4,1214,2904,4251,5231,386,21,828,1068,639,313,159
2019,4,A,골목상권,2110280,북정마을,14960,12846,2114,18,1405,3400,4437,5321,379,4,942,2610,3998,5030,262,14,463,790,439,291,117
2019,4,A,골목상권,2110279,신내역 2번,2047,735,1312,1,530,644,403,373,96,0,99,241,188,148,59,1,431,403,215,225,37
2019,4,A,골목상권,2110278,망우본동주민센터,2878,1577,1301,10,284,489,618,849,628,1,85,183,285,500,523,9,199,306,333,349,105
2019,4,A,골목상권,2110277,러스크서울병원,2130,1283,847,13,203,291,394,651,578,2,69,98,204,424,486,11,134,193,190,227,92
2019,4,A,골목상권,2110276,신내IC북측,607,375,232,0,44,112,142,253,56,0,25,88,107,124,31,0,19,24,35,129,25
2019,4,A,골목상권,2110275,하나은행 망우동지점,1686,1011,675,10,166,215,299,524,472,0,46,66,154,349,396,10,120,149,145,175,76
2019,4,A,골목상권,2110274,서일대학교,2030,1277,753,2,173,309,487,576,483,1,57,162,302,404,351,1,116,147,185,172,132
2019,4,A,골목상권,2110273,장스여성병원,1613,1000,613,9,132,209,298,500,465,1,34,80,150,339,396,8,98,129,148,161,69
2019,4,A,골목상권,2110272,신내1동주민센터,5843,3433,2410,7,756,1311,1295,1459,1015,6,386,660,668,911,802,1,370,651,627,548,213
2019,4,A,골목상권,2110271,신내역 1번,2658,1073,1585,5,607,752,539,616,139,1,134,318,283,257,80,4,473,434,256,359,59
2019,4,A,골목상권,2110270,혜원여고,1224,728,496,0,98,181,286,344,315,0,39,103,157,210,219,0,59,78,129,134,96
2019,4,A,골목상권,2110269,용마문화복지센터,1320,882,438,1,120,224,285,389,301,0,50,133,182,292,225,1,70,91,103,97,76
2019,4,A,골목상권,2110268,망우3동주민센터,1612,1031,581,3,203,323,368,411,304,3,130,207,213,250,228,0,73,116,155,161,76
2019,4,A,골목상권,2110267,망우역 2번,3855,2306,1549,17,545,783,816,902,792,13,310,445,442,506,590,4,235,338,374,396,202
2019,4,A,골목상권,2110266,면목동우체국,3102,1920,1182,7,322,539,733,852,649,2,104,264,432,611,507,5,218,275,301,241,142
2019,4,A,골목상권,2110265,망우역 1번,3076,1829,1247,16,364,540,716,803,637,5,170,256,354,517,527,11,194,284,362,286,110
2019,4,A,골목상권,2110264,면목역 2번,2233,1223,1010,3,236,458,534,610,392,0,80,225,279,374,265,3,156,233,255,236,127
2019,4,A,골목상권,2110263,면목역 1번,2962,1753,1209,6,445,738,846,625,302,3,244,499,441,330,236,3,201,239,405,295,66
2019,4,A,골목상권,2110262,상봉역 3번,3221,1967,1254,8,450,790,948,652,373,4,252,530,510,366,305,4,198,260,438,286,68
2019,4,A,골목상권,2110261,사가정역 4번,3127,2086,1041,5,288,460,746,997,631,4,111,243,469,761,498,1,177,217,277,236,133
2019,4,A,골목상권,2110260,면목역 3번,2514,1442,1072,3,356,591,717,548,299,0,154,393,354,299,242,3,202,198,363,249,57
2019,4,A,골목상권,2110259,사가정역 1번,3127,1865,1262,6,337,678,872,745,489,3,144,363,490,495,370,3,193,315,382,250,119
2019,4,A,골목상권,2110258,면동초등학교,2037,1206,831,5,240,437,528,494,333,1,106,255,280,307,257,4,134,182,248,187,76
2019,4,A,골목상권,2110257,상봉역 7번,2452,1607,845,11,219,403,552,647,620,10,108,220,301,442,526,1,111,183,251,205,94
2019,4,A,골목상권,2110256,면목2동체육관,3547,2122,1425,5,446,738,941,853,564,1,202,481,507,484,447,4,244,257,434,369,117
2019,4,A,골목상권,2110255,상봉역 4번,4458,2784,1674,6,479,915,1219,1023,816,1,229,569,676,643,666,5,250,346,543,380,150
2019,4,A,골목상권,2110254,오거리공원,2416,1571,845,3,191,424,659,814,325,2,79,223,410,603,254,1,112,201,249,211,71
2019,4,A,골목상권,2110253,중곡초등학교,1855,1320,535,2,153,294,471,641,294,1,81,182,321,513,222,1,72,112,150,128,72
2019,4,A,골목상권,2110252,장안제일시장,1993,1261,732,2,203,364,494,505,425,1,97,223,245,330,365,1,106,141,249,175,60
2019,4,A,골목상권,2110251,장안중학교,2262,1349,913,0,231,428,502,567,534,0,89,190,253,357,460,0,142,238,249,210,74
2019,4,A,골목상권,2110250,화랑대역 7번,1509,739,770,5,140,332,409,398,225,1,49,156,183,195,155,4,91,176,226,203,70
2019,4,A,골목상권,2110249,중화역 1번,3063,1949,1114,1,402,709,752,735,464,1,223,405,433,507,380,0,179,304,319,228,84
2019,4,A,골목상권,2110248,먹골파출소,1263,628,635,3,134,298,352,301,175,0,45,145,171,147,120,3,89,153,181,154,55
2019,4,A,골목상권,2110247,먹골역 1번,2991,1922,1069,0,398,676,750,773,394,0,207,418,446,532,319,0,191,258,304,241,75
2019,4,A,골목상권,2110246,월드순복음교회,2145,1274,871,4,193,347,472,594,535,1,63,160,269,364,417,3,130,187,203,230,118
2019,4,A,골목상권,2110245,KB국민은행 중화동지점,2037,1261,776,3,166,345,495,514,514,1,63,179,281,323,414,2,103,166,214,191,100
2019,4,A,골목상권,2110244,중화역 4번,2398,1528,870,2,356,606,575,562,297,2,209,364,342,382,229,0,147,242,233,180,68
2019,4,A,골목상권,2110243,중랑노인종합복지관,1660,977,683,2,141,271,376,485,385,1,50,133,206,282,305,1,91,138,170,203,80
2019,4,A,골목상권,2110242,면목5동주민센터,1226,796,430,1,101,187,289,334,314,0,45,120,154,211,266,1,56,67,135,123,48
2019,4,A,골목상권,2110241,먹골역 5번,2531,1611,920,1,347,608,639,667,269,1,191,387,378,452,202,0,156,221,261,215,67
2019,4,A,골목상권,2110240,태릉시장 특화거리,1145,548,597,8,174,260,261,239,203,6,84,106,113,110,129,2,90,154,148,129,74
2019,4,A,골목상권,2110239,중랑역 2번,690,313,377,5,95,118,156,155,161,2,29,46,64,73,99,3,66,72,92,82,62
2019,4,A,골목상권,2110238,배꽃어린이공원,1473,1122,351,2,227,342,337,358,207,2,157,266,243,292,162,0,70,76,94,66,45
2019,4,A,골목상권,2110237,메가박스 상봉,3560,2363,1197,12,356,778,1051,1010,353,10,168,485,723,741,236,2,188,293,328,269,117
2019,4,A,골목상권,2110236,신묵초등학교,2471,1622,849,2,350,599,613,640,267,2,195,394,387,452,192,0,155,205,226,188,75
2019,4,A,골목상권,2110235,세화어린이공원,381,210,171,6,90,59,103,71,52,5,52,33,45,38,37,1,38,26,58,33,15
2019,4,A,골목상권,2110234,중랑역 4번,3174,2317,857,12,298,719,1010,858,277,10,155,484,757,704,207,2,143,235,253,154,70
2019,4,A,골목상권,2110233,중랑역 1번,3032,2188,844,17,357,651,916,814,277,14,188,439,671,673,203,3,169,212,245,141,74
2019,4,A,골목상권,2110232,동대부고,3028,1420,1608,3,381,593,816,786,449,1,123,264,333,381,318,2,258,329,483,405,131
2019,4,A,골목상권,2110231,장안교,1741,1065,676,6,143,324,461,478,329,4,59,155,249,315,283,2,84,169,212,163,46
2019,4,A,골목상권,2110230,장안현대홈타운1차아파트,5246,2850,2396,14,898,1262,1405,1131,536,10,473,718,698,598,353,4,425,544,707,533,183
2019,4,A,골목상권,2110229,장평중학교,5475,3447,2028,11,604,1021,1167,1234,1438,7,309,620,723,769,1019,4,295,401,444,465,419
2019,4,A,골목상권,2110228,장안근린공원,6839,3589,3250,54,2007,1290,1365,1326,797,32,1034,727,628,629,539,22,973,563,737,697,258
2019,4,A,골목상권,2110227,답십리공원,4470,2551,1919,49,1629,777,743,784,488,30,929,507,422,364,299,19,700,270,321,420,189
2019,4,A,골목상권,2110226,장안1동주민센터,6971,3871,3100,22,858,1351,1602,1672,1466,17,403,767,886,926,872,5,455,584,716,746,594
2019,4,A,골목상권,2110225,촬영소사거리,2931,1595,1336,12,223,386,587,760,963,9,107,227,365,390,497,3,116,159,222,370,466
2019,4,A,골목상권,2110224,외대앞역 2번,1398,804,594,3,138,261,402,359,235,1,53,146,243,245,116,2,85,115,159,114,119
2019,4,A,골목상권,2110223,군자초등학교,6674,4353,2321,43,1459,1676,1307,1058,1131,11,711,1129,908,704,890,32,748,547,399,354,241
2019,4,A,골목상권,2110222,회기역 2번,2392,1179,1213,2,403,501,609,625,252,0,104,257,343,339,136,2,299,244,266,286,116
2019,4,A,골목상권,2110221,의릉,1144,696,448,3,127,310,315,263,126,0,43,194,185,173,101,3,84,116,130,90,25
2019,4,A,골목상권,2110220,외대앞역 1번,3641,1571,2070,2,688,923,946,679,403,1,133,336,444,404,253,1,555,587,502,275,150
2019,4,A,골목상권,2110219,삼육보건대학교,4450,2371,2079,4,582,896,1094,1128,746,2,182,417,615,657,498,2,400,479,479,471,248
2019,4,A,골목상권,2110218,답십리사거리,1435,853,582,7,165,299,369,350,245,5,66,165,204,224,189,2,99,134,165,126,56
2019,4,A,골목상권,2110217,자동차부품상가,6813,4504,2309,26,1478,1623,1457,1223,1006,21,859,1143,968,768,745,5,619,480,489,455,261
2019,4,A,골목상권,2110216,전농중학교,2153,1119,1034,3,263,476,586,555,270,1,114,236,297,296,175,2,149,240,289,259,95
2019,4,A,골목상권,2110215,회기역 1번,2459,902,1557,4,638,776,558,322,161,1,126,278,223,148,126,3,512,498,335,174,35
2019,4,A,골목상권,2110214,경희대후문,3292,1434,1858,1,689,917,862,572,251,1,134,332,426,346,195,0,555,585,436,226,56
2019,4,A,골목상권,2110213,청량초등학교,2169,702,1467,0,592,722,494,250,111,0,101,237,187,96,81,0,491,485,307,154,30
2019,4,A,골목상권,2110212,답십리초등학교,6736,3585,3151,26,1187,1542,1846,1660,475,22,887,1141,773,457,305,4,300,401,1073,1203,170
2019,4,A,골목상권,2110211,전곡마을마당공원,2826,1580,1246,4,375,594,732,764,357,1,152,275,439,468,245,3,223,319,293,296,112
2019,4,A,골목상권,2110210,서울시립대,3076,1537,1539,7,419,611,663,709,667,4,126,242,352,377,436,3,293,369,311,332,231
2019,4,A,골목상권,2110209,답십리 장령당공원,4354,2000,2354,4,640,954,1230,1197,329,1,470,685,419,202,223,3,170,269,811,995,106
2019,4,A,골목상권,2110208,시조사삼거리,2384,1294,1090,4,388,710,460,463,359,3,155,452,245,252,187,1,233,258,215,211,172
2019,4,A,골목상권,2110207,시립대앞사거리,2645,1363,1282,3,363,557,634,682,406,1,117,229,344,396,276,2,246,328,290,286,130
2019,4,A,골목상권,2110206,텃골근린공원,1284,744,540,2,151,241,347,340,203,1,84,134,221,207,97,1,67,107,126,133,106
2019,4,A,골목상권,2110205,경희대삼거리,3822,2069,1753,6,701,1290,710,636,479,4,281,760,405,362,257,2,420,530,305,274,222
2019,4,A,골목상권,2110204,간데메공원,1794,1235,559,6,298,435,450,379,226,3,196,277,304,275,180,3,102,158,146,104,46
2019,4,A,골목상권,2110203,떡전교사거리,1943,858,1085,2,261,350,385,429,516,2,79,140,162,190,285,0,182,210,223,239,231
2019,4,A,골목상권,2110202,전농1동주민센터(전농시장),593,343,250,0,76,107,147,149,114,0,49,61,93,85,55,0,27,46,54,64,59
2019,4,A,골목상권,2110201,전농119안전센터,825,530,295,0,102,158,244,182,139,0,68,101,168,117,76,0,34,57,76,65,63
2019,4,A,골목상권,2110200,동대문경찰서,1083,572,511,0,119,177,222,305,260,0,60,86,111,138,177,0,59,91,111,167,83
2019,4,A,골목상권,2110199,홍릉시장,1158,621,537,0,99,193,238,354,274,0,46,95,119,165,196,0,53,98,119,189,78
2019,4,A,골목상권,2110198,동대문중앙새마을금고본점,688,361,327,0,52,89,135,214,198,0,23,47,72,99,120,0,29,42,63,115,78
2019,4,A,골목상권,2110197,세종대왕기념관교차로,2510,1548,962,3,426,731,600,539,211,2,154,376,417,419,180,1,272,355,183,120,31
2019,4,A,골목상권,2110196,홍릉근린공원,1047,653,394,1,93,198,337,285,133,1,37,93,216,188,118,0,56,105,121,97,15
2019,4,A,골목상권,2110195,동대문구청,4287,2125,2162,6,481,906,1023,1183,688,3,186,393,469,674,400,3,295,513,554,509,288
2019,4,A,골목상권,2110194,홍파초등학교,1798,1085,713,2,140,330,522,522,282,1,84,184,314,291,211,1,56,146,208,231,71
2019,4,A,골목상권,2110193,고려대역 4번,1232,835,397,1,79,208,403,369,172,1,35,113,259,283,144,0,44,95,144,86,28
2019,4,A,골목상권,2110192,동의보감타워,5324,3233,2091,17,756,1316,1285,1303,647,8,482,802,763,820,358,9,274,514,522,483,289
2019,4,A,골목상권,2110191,고려대역 6번,1157,702,455,2,78,202,355,318,202,1,38,103,203,201,156,1,40,99,152,117,46
2019,4,A,골목상권,2110190,고대앞사거리,3236,1724,1512,5,469,907,933,626,296,2,192,462,500,367,201,3,277,445,433,259,95
2019,4,A,골목상권,2110189,제기동역 1번,6727,4533,2194,21,1156,1875,1505,1131,1039,8,647,1270,1059,767,782,13,509,605,446,364,257
2019,4,A,골목상권,2110188,용두동신동아아파트,9251,6800,2451,57,1038,1991,2191,2660,1314,37,705,1428,1679,1971,980,20,333,563,512,689,334
2019,4,A,골목상권,2110187,제기동역 6번,7263,4732,2531,20,1249,2025,1616,1231,1122,8,662,1282,1102,844,834,12,587,743,514,387,288
2019,4,A,골목상권,2110186,종암초등학교,3678,2369,1309,3,481,1024,1038,724,408,0,199,624,702,506,338,3,282,400,336,218,70
2019,4,A,골목상권,2110185,용두초등학교,9216,4802,4414,9,826,2131,2857,2357,1036,3,373,1210,1418,1091,707,6,453,921,1439,1266,329
2019,4,A,골목상권,2110184,용두사거리,7078,2654,4424,6,1108,1663,1364,1642,1295,2,332,723,563,452,582,4,776,940,801,1190,713
2019,4,A,골목상권,2110183,한국의류시험연구원,6586,2490,4096,5,1038,1511,1273,1514,1245,1,321,694,532,384,558,4,717,817,741,1130,687
2019,4,A,골목상권,2110182,용두희망어린이공원,8150,3848,4302,10,1180,1780,1735,2093,1352,4,438,992,944,839,631,6,742,788,791,1254,721
2019,4,A,골목상권,2110181,신설동역 9번,13079,7138,5941,34,1192,2706,3581,3279,2287,18,594,1610,1908,1605,1403,16,598,1096,1673,1674,884
2019,4,A,골목상권,2110180,광진정보도서관,9548,6222,3326,19,2321,3104,2006,1368,730,5,1187,2103,1425,958,544,14,1134,1001,581,410,186
2019,4,A,골목상권,2110179,광나루역 1번,6574,3993,2581,161,2344,1211,1143,1171,544,51,1118,831,807,821,365,110,1226,380,336,350,179
2019,4,A,골목상권,2110178,장로회신학대학교,2969,2050,919,2,411,751,730,698,377,0,227,542,543,493,245,2,184,209,187,205,132
2019,4,A,골목상권,2110177,동의초등학교,1459,779,680,1,169,274,393,406,216,0,61,146,213,214,145,1,108,128,180,192,71
2019,4,A,골목상권,2110176,해오름공원,4046,2107,1939,5,730,888,1169,939,315,2,195,417,665,579,249,3,535,471,504,360,66
2019,4,A,골목상권,2110175,푸른동산공원,9538,5255,4283,11,988,1818,2356,2694,1671,5,574,1201,1457,1185,833,6,414,617,899,1509,838
2019,4,A,골목상권,2110174,아차산역 1번,3794,2279,1515,7,421,721,1109,1004,532,3,189,430,702,589,366,4,232,291,407,415,166
2019,4,A,골목상권,2110173,구남초등학교,11730,6787,4943,24,1163,2242,2831,3303,2167,9,628,1467,1814,1629,1240,15,535,775,1017,1674,927
2019,4,A,골목상권,2110172,광진초등학교,3672,2114,1558,57,568,731,843,922,551,25,284,392,475,537,401,32,284,339,368,385,150
2019,4,A,골목상권,2110171,중곡4동주민센터,3077,1296,1781,4,590,757,782,700,244,2,117,276,348,364,189,2,473,481,434,336,55
2019,4,A,골목상권,2110170,동대부여고,6257,3117,3140,5,456,1045,1777,2129,845,2,193,556,964,908,494,3,263,489,813,1221,351
2019,4,A,골목상권,2110169,성동초등학교,6765,4291,2474,18,675,1492,1785,1727,1068,4,365,915,1130,1071,806,14,310,577,655,656,262
2019,4,A,골목상권,2110168,대원고등학교,2238,1319,919,4,229,483,556,618,348,2,102,238,295,395,287,2,127,245,261,223,61
2019,4,A,골목상권,2110167,용마초등학교,4509,2630,1879,12,580,923,1177,1052,765,4,313,546,644,575,548,8,267,377,533,477,217
2019,4,A,골목상권,2110166,구의1동주민센터,15219,11430,3789,17,1059,2485,4251,5895,1512,12,537,1532,3205,4890,1254,5,522,953,1046,1005,258
2019,4,A,골목상권,2110165,국립정신건강센터,2585,1477,1108,3,244,534,684,699,421,0,94,256,352,434,341,3,150,278,332,265,80
2019,4,A,골목상권,2110164,아차산역 5번,2694,1609,1085,7,347,531,659,642,508,2,169,304,401,359,374,5,178,227,258,283,134
2019,4,A,골목상권,2110163,성자초등학교,3129,1834,1295,13,357,640,850,913,356,9,224,372,481,482,266,4,133,268,369,431,90
2019,4,A,골목상권,2110162,군자역 4번,3924,2332,1592,15,598,853,977,809,672,8,340,511,565,435,473,7,258,342,412,374,199
2019,4,A,골목상권,2110161,중곡역 3번,2364,1591,773,7,197,379,569,778,434,2,89,224,353,586,337,5,108,155,216,192,97
2019,4,A,골목상권,2110160,광진경찰서,2323,1406,917,4,347,648,636,516,172,1,194,397,354,334,126,3,153,251,282,182,46
2019,4,A,골목상권,2110159,구의역 4번,15886,11761,4125,20,1195,2502,4360,6044,1765,14,552,1526,3278,4933,1458,6,643,976,1082,1111,307
2019,4,A,골목상권,2110158,중곡3동주민센터,2903,2098,805,5,253,521,703,934,487,1,136,358,470,736,397,4,117,163,233,198,90
2019,4,A,골목상권,2110157,자양동우체국,2103,1420,683,14,451,461,501,450,226,10,346,329,303,259,173,4,105,132,198,191,53
2019,4,A,골목상권,2110156,군자역 5번,3797,2348,1449,10,541,828,936,817,665,6,297,488,572,478,507,4,244,340,364,339,158
2019,4,A,골목상권,2110155,광진구청,13911,10903,3008,14,1009,2223,3822,5359,1484,12,536,1458,2986,4650,1261,2,473,765,836,709,223
2019,4,A,골목상권,2110154,광진정말공원,2494,1436,1058,7,351,455,604,640,437,5,171,260,316,357,327,2,180,195,288,283,110
2019,4,A,골목상권,2110153,중곡1동주민센터,5211,2445,2766,82,1436,912,1081,1176,524,28,644,492,513,422,346,54,792,420,568,754,178
2019,4,A,골목상권,2110152,중곡어린이공원,2482,1526,956,49,471,549,517,545,351,6,194,337,328,368,293,43,277,212,189,177,58
2019,4,A,골목상권,2110151,자양한강도서관,2520,1817,703,15,490,505,614,608,288,11,373,369,422,418,224,4,117,136,192,190,64
2019,4,A,골목상권,2110150,중곡1동 마을마당,5928,2959,2969,84,1503,1158,1196,1359,628,30,654,632,616,572,455,54,849,526,580,787,173
2019,4,A,골목상권,2110149,세종대학교,1090,593,497,0,153,295,256,226,160,0,69,164,150,110,100,0,84,131,106,116,60
2019,4,A,골목상권,2110148,어린이대공원역 3번,1449,1013,436,2,138,200,381,498,230,0,66,128,264,363,192,2,72,72,117,135,38
2019,4,A,골목상권,2110147,능동우편취급국,5319,2666,2653,35,1292,1071,1074,1227,620,22,621,624,558,446,395,13,671,447,516,781,225
2019,4,A,골목상권,2110146,신자초등학교,3030,2209,821,8,345,709,894,809,265,3,232,532,652,588,202,5,113,177,242,221,63
2019,4,A,골목상권,2110145,장안초등학교,913,444,469,0,95,163,182,275,198,0,30,77,88,131,118,0,65,86,94,144,80
2019,4,A,골목상권,2110144,어린이대공원역 4번,1995,1266,729,2,200,302,497,650,344,0,76,165,320,437,268,2,124,137,177,213,76
2019,4,A,골목상권,2110143,뚝섬유원지역 1번,1854,1500,354,4,199,512,536,442,161,1,151,418,445,358,127,3,48,94,91,84,34
2019,4,A,골목상권,2110142,화양사거리,4124,2353,1771,5,665,1024,1057,859,514,2,309,600,651,427,364,3,356,424,406,432,150
2019,4,A,골목상권,2110141,건대입구역 1번,3299,2189,1110,13,442,738,841,702,563,6,231,484,570,459,439,7,211,254,271,243,124
2019,4,A,골목상권,2110140,건대입구역 6번,5095,3245,1850,28,632,1049,1230,1212,944,21,284,628,783,815,714,7,348,421,447,397,230
2019,4,A,골목상권,2110139,자양4동주민센터,3041,2288,753,62,487,732,735,671,354,28,320,558,574,520,288,34,167,174,161,151,66
2019,4,A,골목상권,2110138,송정체육공원,4312,2537,1775,2,725,1148,1094,805,538,0,350,692,688,425,382,2,375,456,406,380,156
2019,4,A,골목상권,2110137,성수초등학교,15849,10295,5554,64,2391,4011,4214,3217,1952,49,1240,2613,2806,2104,1483,15,1151,1398,1408,1113,469
2019,4,A,골목상권,2110136,경수초등학교,19912,12290,7622,134,4030,5003,4511,3778,2456,78,1986,3201,2930,2315,1780,56,2044,1802,1581,1463,676
2019,4,A,골목상권,2110135,성동세무서,7155,4565,2590,12,1071,1813,1835,1515,909,5,579,1158,1197,926,700,7,492,655,638,589,209
2019,4,A,골목상권,2110134,성수119안전센터,4792,3359,1433,79,805,1245,1218,959,486,39,481,883,888,682,386,40,324,362,330,277,100
2019,4,A,골목상권,2110133,서울교통공사,6588,4563,2025,50,1729,1852,1274,965,718,21,996,1339,950,679,578,29,733,513,324,286,140
2019,4,A,골목상권,2110132,성수2가3동주민센터,4528,2778,1750,14,563,1101,1102,1022,726,11,282,667,706,642,470,3,281,434,396,380,256
2019,4,A,골목상권,2110131,성수동카페거리,18863,11455,7408,84,3960,5083,4195,3250,2291,51,1964,3230,2724,1930,1556,33,1996,1853,1471,1320,735
2019,4,A,골목상권,2110130,답십리역 6번,5783,2708,3075,6,834,1254,1641,1495,553,2,564,856,606,323,357,4,270,398,1035,1172,196
2019,4,A,골목상권,2110129,성원어린이공원,5831,3754,2077,21,932,1339,1290,1152,1097,16,543,871,862,738,724,5,389,468,428,414,373
2019,4,A,골목상권,2110128,성원중학교,5913,4100,1813,24,740,1417,1504,1425,803,13,428,1018,1078,1009,554,11,312,399,426,416,249
2019,4,A,골목상권,2110127,성수1가1동주민센터,5851,3818,2033,21,1131,1850,1426,919,504,11,621,1230,924,626,406,10,510,620,502,293,98
2019,4,A,골목상권,2110126,서울숲역 1번,4957,3278,1679,19,954,1230,1086,892,776,12,568,830,689,609,570,7,386,400,397,283,206
2019,4,A,골목상권,2110125,사근동살곶이상점가,2512,1782,730,2,144,443,815,743,365,2,54,289,563,579,295,0,90,154,252,164,70
2019,4,A,골목상권,2110124,뚝섬역교차로,3140,2236,904,14,450,585,706,728,657,12,229,380,469,568,578,2,221,205,237,160,79
2019,4,A,골목상권,2110123,마장역 3번,1661,1034,627,1,198,311,408,441,302,1,95,185,241,285,227,0,103,126,167,156,75
2019,4,A,골목상권,2110122,마장역 2번,1517,1003,514,1,159,243,355,441,318,1,89,160,221,294,238,0,70,83,134,147,80
2019,4,A,골목상권,2110121,한양대역 4번,2434,1709,725,0,128,423,780,733,370,0,43,274,532,559,301,0,85,149,248,174,69
2019,4,A,골목상권,2110120,서울숲카페거리,1582,1046,536,5,184,292,370,390,341,4,93,172,212,275,290,1,91,120,158,115,51
2019,4,A,골목상권,2110119,마장지하차도,2657,987,1670,3,257,346,556,850,645,1,141,190,234,227,194,2,116,156,322,623,451
2019,4,A,골목상권,2110118,왕십리역 9번,2693,1327,1366,12,554,698,635,510,284,2,170,310,345,292,208,10,384,388,290,218,76
2019,4,A,골목상권,2110117,성동구보건소,3376,1242,2134,9,551,497,662,965,692,2,191,247,299,296,207,7,360,250,363,669,485
2019,4,A,골목상권,2110116,청계천박물관,8711,5833,2878,46,804,1715,2072,2820,1254,33,442,1069,1395,1994,900,13,362,646,677,826,354
2019,4,A,골목상권,2110115,상왕십리역 3번,5567,2521,3046,19,895,982,1144,1447,1080,4,303,543,630,605,436,15,592,439,514,842,644
2019,4,A,골목상권,2110114,왕십리파출소,2943,1055,1888,16,538,508,588,804,489,3,198,277,289,197,91,13,340,231,299,607,398
2019,4,A,골목상권,2110113,응봉산,2383,905,1478,16,296,761,960,256,94,0,90,252,389,108,66,16,206,509,571,148,28
2019,4,A,골목상권,2110112,행당역 2번,1515,781,734,1,187,321,403,404,199,0,71,141,204,221,144,1,116,180,199,183,55
2019,4,A,골목상권,2110111,대현산장미원,336,200,136,1,46,57,83,78,71,0,15,28,41,53,63,1,31,29,42,25,8
2019,4,A,골목상권,2110110,상왕십리역 6번,2892,1693,1199,14,435,651,657,653,482,5,147,368,443,432,298,9,288,283,214,221,184
2019,4,A,골목상권,2110109,금호삼성래미안아파트,2707,1162,1545,17,330,830,1057,350,123,1,119,302,464,178,98,16,211,528,593,172,25
2019,4,A,골목상권,2110108,성동구립금호도서관,272,128,144,0,32,55,72,79,34,0,14,29,30,29,26,0,18,26,42,50,8
2019,4,A,골목상권,2110107,금호사거리,2741,1185,1556,16,316,815,1029,373,192,1,105,276,444,211,148,15,211,539,585,162,44
2019,4,A,골목상권,2110106,금북초등학교,682,416,266,1,112,193,201,134,41,1,66,107,128,85,29,0,46,86,73,49,12
2019,4,A,골목상권,2110105,금동어린이공원,3124,1300,1824,16,371,929,1129,449,230,1,117,326,480,214,162,15,254,603,649,235,68
2019,4,A,골목상권,2110104,신금호역 4번,1550,885,665,2,200,375,389,317,267,2,69,194,228,192,200,0,131,181,161,125,67
2019,4,A,골목상권,2110103,옥수터널,652,341,311,1,61,162,188,182,58,0,22,73,103,102,41,1,39,89,85,80,17
2019,4,A,골목상권,2110102,옥수역 6번,4523,1702,2821,5,1162,1330,1014,721,291,0,285,464,469,333,151,5,877,866,545,388,140
2019,4,A,골목상권,2110101,옥정중학교,11800,7925,3875,10,1772,3747,3394,2453,424,5,571,2350,2657,2066,276,5,1201,1397,737,387,148
2019,4,A,골목상권,2110100,옥수동우편취급국,8356,6820,1536,8,785,2676,2652,2008,227,4,361,2018,2357,1893,187,4,424,658,295,115,40
2019,4,A,골목상권,2110099,유엔빌리지길,22417,18045,4372,50,2713,5729,6376,6735,814,38,1345,4185,5513,6284,680,12,1368,1544,863,451,134
2019,4,A,골목상권,2110098,서울독일학교,22179,18008,4171,40,2712,5547,6234,6685,961,31,1363,4085,5433,6273,823,9,1349,1462,801,412,138
2019,4,A,골목상권,2110097,한남초등학교,7826,5468,2358,14,1401,2935,1774,1222,480,7,711,1893,1374,1079,404,7,690,1042,400,143,76
2019,4,A,골목상권,2110096,한남힐사이드아파트,8734,5560,3174,9,1774,3226,2049,1383,293,6,757,1958,1477,1118,244,3,1017,1268,572,265,49
2019,4,A,골목상권,2110095,한강진역 3번,16261,10270,5991,51,3557,5623,3802,2391,837,29,1573,3350,2741,1953,624,22,1984,2273,1061,438,213
2019,4,A,골목상권,2110094,오산중학교,475,243,232,0,38,115,148,115,59,0,11,56,70,66,40,0,27,59,78,49,19
2019,4,A,골목상권,2110093,우사단길,9702,6097,3605,43,1853,3128,2442,1391,845,25,761,1853,1780,1071,607,18,1092,1275,662,320,238
2019,4,A,골목상권,2110092,NH농협은행 보광동지점,4109,2859,1250,31,584,1186,1179,823,306,21,305,795,876,631,231,10,279,391,303,192,75
2019,4,A,골목상권,2110091,리움미술관,7513,4522,2991,24,1801,2643,1844,904,297,15,749,1458,1336,748,216,9,1052,1185,508,156,81
2019,4,A,골목상권,2110090,한국폴리텍대학서울정수캠퍼스,8083,4908,3175,18,1242,2436,2730,1210,447,8,540,1218,1919,926,297,10,702,1218,811,284,150
2019,4,A,골목상권,2110089,서빙고동주민센터,2543,1491,1052,2,350,655,776,449,311,0,109,359,499,312,212,2,241,296,277,137,99
2019,4,A,골목상권,2110088,오산고등학교,10165,6137,4028,22,1462,3094,3318,1687,582,10,653,1517,2260,1276,421,12,809,1577,1058,411,161
2019,4,A,골목상권,2110087,이태원엔틱가구거리,6439,3688,2751,31,1233,1753,1633,1215,574,18,527,948,988,811,396,13,706,805,645,404,178
2019,4,A,골목상권,2110086,이태원역 북측,18101,8842,9259,50,4925,6856,3887,1818,565,27,1453,3140,2391,1403,428,23,3472,3716,1496,415,137
2019,4,A,골목상권,2110085,경리단길남측,13583,6464,7119,26,4020,5279,2796,1133,329,12,1128,2390,1742,930,262,14,2892,2889,1054,203,67
2019,4,A,골목상권,2110084,경리단길북측,2575,1428,1147,8,511,741,625,464,226,5,222,375,345,310,171,3,289,366,280,154,55
2019,4,A,골목상권,2110083,서빙고역 1번,7782,5014,2768,20,1542,2118,1985,1422,695,7,687,1379,1388,1051,502,13,855,739,597,371,193
2019,4,A,골목상권,2110082,용산구청,5502,3128,2374,31,1057,1491,1412,1063,448,18,466,777,844,718,305,13,591,714,568,345,143
2019,4,A,골목상권,2110081,해방촌 남동측,2277,1520,757,0,210,420,747,723,177,0,84,238,543,529,126,0,126,182,204,194,51
2019,4,A,골목상권,2110080,해방촌예술마을,2607,1687,920,3,326,485,828,763,202,3,119,277,599,550,139,0,207,208,229,213,63
2019,4,A,골목상권,2110079,후암동주민센터,26370,18974,7396,29,4638,9384,6904,3904,1511,17,2634,6434,5604,3182,1103,12,2004,2950,1300,722,408
2019,4,A,골목상권,2110078,이촌동점보아파트,4837,3011,1826,17,786,1296,1215,1059,464,3,411,785,813,678,321,14,375,511,402,381,143
2019,4,A,골목상권,2110077,삼광초등학교,10904,3587,7317,161,6225,1915,1250,982,371,16,681,930,949,744,267,145,5544,985,301,238,104
2019,4,A,골목상권,2110076,삼각지역 14번,6002,4060,1942,4,649,1637,1939,1419,354,4,356,1043,1439,994,224,0,293,594,500,425,130
2019,4,A,골목상권,2110075,숙대입구역 1번,16585,6297,10288,168,7307,3895,2570,1725,920,17,977,1713,1667,1230,693,151,6330,2182,903,495,227
2019,4,A,골목상권,2110074,서울역 12번,36080,21404,14676,180,11191,11602,7333,3938,1836,24,3411,7449,5868,3241,1411,156,7780,4153,1465,697,425
2019,4,A,골목상권,2110073,삼각지역 3번,24882,9347,15535,123,6255,8074,6887,2839,704,50,2240,2899,2427,1321,410,73,4015,5175,4460,1518,294
2019,4,A,골목상권,2110072,열정도,4551,3239,1312,28,750,1138,1119,932,584,11,409,807,866,718,428,17,341,331,253,214,156
2019,4,A,골목상권,2110071,한강미주맨션아파트,8064,4602,3462,40,1013,1799,2828,1862,522,31,446,1073,1552,1149,351,9,567,726,1276,713,171
2019,4,A,골목상권,2110070,용산세무서,7939,5013,2926,7,817,1787,2969,1915,444,0,510,1163,1775,1265,300,7,307,624,1194,650,144
2019,4,A,골목상권,2110069,숙대입구,8595,4893,3702,31,1607,2846,2045,1332,734,14,680,1474,1258,921,546,17,927,1372,787,411,188
2019,4,A,골목상권,2110068,남영역 1번,10534,7108,3426,48,1834,3359,2754,1651,888,21,965,2182,2055,1256,629,27,869,1177,699,395,259
2019,4,A,골목상권,2110067,배문고등학교,8614,4267,4347,14,1830,2555,1776,1409,1030,5,506,1119,947,892,798,9,1324,1436,829,517,232
2019,4,A,골목상권,2110066,서울역 15번,4687,2417,2270,10,918,1376,996,759,628,5,306,619,554,459,474,5,612,757,442,300,154
2019,4,A,골목상권,2110065,남정초등학교,3515,2475,1040,20,568,1031,937,561,398,16,362,771,668,380,278,4,206,260,269,181,120
2019,4,A,골목상권,2110064,효창공원앞역 2번,4350,2663,1687,18,593,1122,1112,971,534,16,308,706,691,592,350,2,285,416,421,379,184
2019,4,A,골목상권,2110063,효창공원앞역 5번,6102,4294,1808,25,915,1808,1707,985,662,18,553,1315,1239,686,483,7,362,493,468,299,179
2019,4,A,골목상권,2110062,한강로동땡땡거리(은행나무길),9571,5392,4179,16,1072,2335,3099,2183,866,8,465,1231,1677,1434,577,8,607,1104,1422,749,289
2019,4,A,골목상권,2110061,효창동주민센터,5974,4267,1707,8,974,1567,1609,1209,607,5,555,1149,1205,870,483,3,419,418,404,339,124
2019,4,A,골목상권,2110060,효창공원앞역 6번,7211,4881,2330,24,1280,1934,1960,1421,592,14,694,1365,1393,983,432,10,586,569,567,438,160
2019,4,A,골목상권,2110059,새남터성지,3196,2152,1044,11,491,853,906,661,274,4,251,549,683,496,169,7,240,304,223,165,105
2019,4,A,골목상권,2110058,성심여자고등학교,8454,6100,2354,32,1374,2650,2295,1464,639,15,784,1877,1770,1151,503,17,590,773,525,313,136
2019,4,A,골목상권,2110057,황학코아루아파트,2115,1166,949,5,348,575,548,400,239,4,168,319,277,224,174,1,180,256,271,176,65
2019,4,A,골목상권,2110056,신당역 3번,2900,1536,1364,6,461,783,704,555,391,6,194,381,370,312,273,0,267,402,334,243,118
2019,4,A,골목상권,2110055,황학동벼룩시장,3042,1645,1397,31,928,652,595,540,296,16,396,333,352,341,207,15,532,319,243,199,89
2019,4,A,골목상권,2110054,청구역 3번,6203,3266,2937,16,1195,1620,1307,1234,831,5,421,870,771,692,507,11,774,750,536,542,324
2019,4,A,골목상권,2110053,청구역 1번,5383,2899,2484,5,738,1322,1461,1441,416,3,252,661,814,897,272,2,486,661,647,544,144
2019,4,A,골목상권,2110052,장충초등학교,7627,3969,3658,11,1405,1921,1775,1673,842,5,467,944,1013,991,549,6,938,977,762,682,293
2019,4,A,골목상권,2110051,한양공고앞 교차로,2894,1689,1205,9,423,659,731,768,304,2,166,416,454,460,191,7,257,243,277,308,113
2019,4,A,골목상권,2110050,약수역 7번,2303,1220,1083,4,318,559,563,524,335,2,120,279,330,287,202,2,198,280,233,237,133
2019,4,A,골목상권,2110049,장충단 고개,9962,5298,4664,25,2025,2831,2379,1819,883,6,630,1517,1462,1121,562,19,1395,1314,917,698,321
2019,4,A,골목상권,2110048,장충동주민센터,12882,7150,5732,36,2260,3570,3462,2641,913,5,823,2090,2108,1542,582,31,1437,1480,1354,1099,331
2019,4,A,골목상권,2110047,다산성곽길,7406,4104,3302,14,1449,2072,1776,1474,621,5,541,1110,1076,922,450,9,908,962,700,552,171
2019,4,A,골목상권,2110046,버티고개,2995,2024,971,3,392,1047,775,588,190,0,206,761,566,361,130,3,186,286,209,227,60
2019,4,A,골목상권,2110045,동대문역사문화공원역 5번,45426,22509,22917,475,13488,12026,9657,7085,2695,195,6425,7176,5520,2395,798,280,7063,4850,4137,4690,1897
2019,4,A,골목상권,2110044,관성묘,36669,17055,19614,451,12150,9596,7053,5156,2263,190,5706,5492,3828,1296,543,261,6444,4104,3225,3860,1720
2019,4,A,골목상권,2110043,충무초등학교,9197,5407,3790,49,1867,2374,2374,1584,949,20,680,1347,1582,1097,681,29,1187,1027,792,487,268
2019,4,A,골목상권,2110042,남산골공원옆,4783,2763,2020,11,548,1077,1518,1120,509,6,247,608,805,744,353,5,301,469,713,376,156
2019,4,A,골목상권,2110041,남산케이블카,21568,10294,11274,69,3089,6767,7028,3730,885,11,993,2989,3094,2693,514,58,2096,3778,3934,1037,371
2019,4,A,골목상권,2110040,중구회현체육센터(정화예술대남산캠퍼스),20399,10001,10398,71,2999,6554,6631,3424,720,11,1015,3003,2933,2577,462,60,1984,3551,3698,847,258
2019,4,A,골목상권,2110039,회현역 1번,24398,12113,12285,135,4567,7678,7350,3971,697,40,1630,3709,3600,2764,370,95,2937,3969,3750,1207,327
2019,4,A,골목상권,2110038,경향신문사,15409,10083,5326,19,2255,4993,5034,2645,463,6,981,3062,3573,2121,340,13,1274,1931,1461,524,123
2019,4,A,골목상권,2110037,신설동역 12번,7347,2905,4442,9,755,1126,1345,1957,2155,0,225,508,614,556,1002,9,530,618,731,1401,1153
2019,4,A,골목상권,2110036,동묘앞역 3번,3249,1861,1388,19,475,515,668,726,846,17,215,271,402,447,509,2,260,244,266,279,337
2019,4,A,골목상권,2110035,동묘앞역 2번,4636,2328,2308,6,352,596,971,1056,1655,0,113,271,430,502,1012,6,239,325,541,554,643
2019,4,A,골목상권,2110034,창신1동주민센터,2610,1275,1335,10,415,553,683,590,359,8,137,246,296,337,251,2,278,307,387,253,108
2019,4,A,골목상권,2110033,창신역 4번,2086,1235,851,4,175,269,339,403,896,0,57,132,185,230,631,4,118,137,154,173,265
2019,4,A,골목상권,2110032,수족관거리,2064,916,1148,8,347,439,559,454,257,7,106,176,201,239,187,1,241,263,358,215,70
2019,4,A,골목상권,2110031,창신역 1번,554,273,281,2,68,132,136,143,73,0,19,63,68,75,48,2,49,69,68,68,25
2019,4,A,골목상권,2110030,동대문역 3번,1437,615,822,0,146,262,447,335,247,0,43,97,144,155,176,0,103,165,303,180,71
2019,4,A,골목상권,2110029,동대문역 1번,3350,1894,1456,6,441,722,813,826,542,1,200,416,458,485,334,5,241,306,355,341,208
2019,4,A,골목상권,2110028,이화달팽이길,4133,2258,1875,7,726,1068,988,821,523,3,249,525,580,528,373,4,477,543,408,293,150
2019,4,A,골목상권,2110027,혜화역 1번,3993,2014,1979,11,605,968,1059,834,516,5,166,385,563,521,374,6,439,583,496,313,142
2019,4,A,골목상권,2110026,종로5가역 4번,3517,2041,1476,9,541,863,909,740,455,2,244,478,511,470,336,7,297,385,398,270,119
2019,4,A,골목상권,2110025,충신시장옆,9964,6665,3299,17,1748,3097,2714,1736,652,3,767,1987,2027,1429,452,14,981,1110,687,307,200
2019,4,A,골목상권,2110024,혜회동주민센터,5949,2844,3105,28,785,1351,1599,1359,827,17,260,582,786,715,484,11,525,769,813,644,343
2019,4,A,골목상권,2110023,서울대병원,7046,4607,2439,14,1274,2467,1898,965,428,3,575,1567,1454,734,274,11,699,900,444,231,154
2019,4,A,골목상권,2110022,경신고등학교,6493,3007,3486,27,1025,1774,1632,1264,771,19,359,839,781,598,411,8,666,935,851,666,360
2019,4,A,골목상권,2110021,성균관대학교,2385,1261,1124,15,389,557,545,470,409,11,136,240,309,293,272,4,253,317,236,177,137
2019,4,A,골목상권,2110020,서울국제고등학교,4389,2090,2299,18,726,1142,1008,872,623,13,270,579,552,374,302,5,456,563,456,498,321
2019,4,A,골목상권,2110019,창덕궁,16561,12644,3917,19,2000,5478,4941,3044,1079,7,1164,4119,3999,2516,839,12,836,1359,942,528,240
2019,4,A,골목상권,2110018,중앙고등학교,16741,12521,4220,12,1870,5599,5144,3145,971,6,988,4073,4101,2594,759,6,882,1526,1043,551,212
2019,4,A,골목상권,2110017,정독도서관,10619,8299,2320,2,1386,2982,3397,2250,602,1,919,2227,2808,1858,486,1,467,755,589,392,116
2019,4,A,골목상권,2110016,평창동동측,13795,6588,7207,21,1223,3779,5325,2832,615,10,508,1634,2776,1313,347,11,715,2145,2549,1519,268
2019,4,A,골목상권,2110015,청와대사랑채,6739,4876,1863,37,1083,2014,2132,1170,303,0,655,1432,1686,873,230,37,428,582,446,297,73
2019,4,A,골목상권,2110014,경복고등학교,6312,4486,1826,39,965,1807,2046,1188,267,2,591,1278,1554,867,194,37,374,529,492,321,73
2019,4,A,골목상권,2110013,체부동홍종문가옥,4511,2162,2349,10,616,877,891,1177,940,2,339,523,470,400,428,8,277,354,421,777,512
2019,4,A,골목상권,2110012,성곡미술관,35398,22897,12501,54,4673,9851,10005,7082,3733,14,2168,6479,7283,4722,2231,40,2505,3372,2722,2360,1502
2019,4,A,골목상권,2110011,청운초등학교,1903,814,1089,13,319,483,443,349,296,2,65,197,199,163,188,11,254,286,244,186,108
2019,4,A,골목상권,2110010,평창동서측,10085,5515,4570,17,1111,2723,3664,1991,579,1,478,1204,2080,1353,399,16,633,1519,1584,638,180
2019,4,A,골목상권,2110009,자하문터널,3823,2257,1566,18,744,1226,968,640,227,8,294,697,639,463,156,10,450,529,329,177,71
2019,4,A,골목상권,2110008,배화여자대학교(박노수미술관),6438,3091,3347,46,996,1152,1240,1648,1356,2,446,594,631,700,718,44,550,558,609,948,638
2019,4,A,골목상권,2110007,사직공원(한국사회과학도서관),3909,1854,2055,7,607,1085,1147,738,325,5,194,468,547,412,228,2,413,617,600,326,97
2019,4,A,골목상권,2110006,부암동주민센터,2706,1329,1377,22,607,897,632,425,123,5,169,414,377,288,76,17,438,483,255,137,47
2019,4,A,골목상권,2110005,세검정,2723,1465,1258,9,347,715,720,623,309,3,150,361,399,341,211,6,197,354,321,282,98
2019,4,A,골목상권,2110004,대신고등학교,470,276,194,6,62,109,112,113,68,5,33,63,61,59,55,1,29,46,51,54,13
2019,4,A,골목상권,2110003,세검정초등학교,4837,2723,2114,16,618,1311,1222,1017,653,7,239,684,764,595,434,9,379,627,458,422,219
2019,4,A,골목상권,2110002,독립문역 1번,689,209,480,7,173,203,166,102,38,6,37,46,59,37,24,1,136,157,107,65,14
2019,4,A,골목상권,2110001,이북5도청사,5968,4230,1738,11,1084,1435,1383,1526,529,7,566,935,1087,1267,368,4,518,500,296,259,161
2019,3,A,골목상권,2111090,강일동주민센터,746,548,198,0,81,153,205,197,110,0,56,107,145,144,96,0,25,46,60,53,14
2019,3,A,골목상권,2111089,상일여고(상일초등학교),1258,871,387,0,146,212,336,359,205,0,80,143,251,246,151,0,66,69,85,113,54
2019,3,A,골목상권,2111088,고덕동성당,1316,1090,226,0,43,93,239,493,448,0,13,58,187,413,419,0,30,35,52,80,29
2019,3,A,골목상권,2111087,고덕중학교(고덕2동주민센터),656,263,393,0,70,128,136,206,116,0,17,49,58,83,56,0,53,79,78,123,60
2019,3,A,골목상권,2111086,한영중고,997,494,503,6,106,204,221,321,139,2,45,77,101,170,99,4,61,127,120,151,40
2019,3,A,골목상권,2111085,묘곡초등학교(고덕아이파크아파트),1213,636,577,0,147,298,320,320,128,0,61,155,149,189,82,0,86,143,171,131,46
2019,3,A,골목상권,2111084,길동신동아아파트,1085,546,539,0,140,259,266,267,153,0,58,143,131,119,95,0,82,116,135,148,58
2019,3,A,골목상권,2111083,GS강동자이아파트,2270,1316,954,2,224,423,516,559,546,1,99,261,280,258,417,1,125,162,236,301,129
2019,3,A,골목상권,2111082,중앙보훈병원,5364,2758,2606,1,571,1340,2041,1097,314,0,145,714,1006,703,190,1,426,626,1035,394,124
2019,3,A,골목상권,2111081,둔촌푸르지오아파트,1371,833,538,2,100,219,302,327,421,1,42,143,169,156,322,1,58,76,133,171,99
2019,3,A,골목상권,2111080,굽은다리역 3번,2284,1015,1269,1,251,439,532,576,485,1,85,235,252,224,218,0,166,204,280,352,267
2019,3,A,골목상권,2111079,둔촌고등학교(둔촌중학교),6503,3432,3071,4,738,1613,2275,1337,536,3,221,874,1151,843,340,1,517,739,1124,494,196
2019,3,A,골목상권,2111078,굽은다리역 4번,4343,2581,1762,6,407,786,1021,1005,1118,1,180,463,586,594,757,5,227,323,435,411,361
2019,3,A,골목상권,2111077,길동주민센터(강동도서관),8537,4510,4027,13,1010,1758,1954,1968,1834,6,406,981,1070,870,1177,7,604,777,884,1098,657
2019,3,A,골목상권,2111076,둔촌2동주민센터,8732,4676,4056,3,1093,2341,2832,1620,843,2,320,1259,1508,994,593,1,773,1082,1324,626,250
2019,3,A,골목상권,2111075,굽은다리역 2번,2970,1575,1395,5,344,576,717,758,570,4,152,332,372,378,337,1,192,244,345,380,233
2019,3,A,골목상권,2111074,명일역 1번,3172,1816,1356,7,406,719,792,783,465,6,196,422,453,448,291,1,210,297,339,335,174
2019,3,A,골목상권,2111073,둔촌동역 1번(한산중학교),8709,4492,4217,16,1128,2007,1998,2075,1485,13,492,1126,1127,878,856,3,636,881,871,1197,629
2019,3,A,골목상권,2111072,굽은다리역 1번(십자성마을),4716,2817,1899,13,404,862,1104,1123,1210,5,172,481,636,677,846,8,232,381,468,446,364
2019,3,A,골목상권,2111071,천동초등학교,2495,1429,1066,3,198,424,625,621,624,1,65,205,343,356,459,2,133,219,282,265,165
2019,3,A,골목상권,2111070,천호초등학교,2213,1248,965,5,186,467,561,634,360,1,70,234,299,391,253,4,116,233,262,243,107
2019,3,A,골목상권,2111069,천호1동주민센터,2917,1503,1414,11,275,564,727,755,585,5,95,254,366,404,379,6,180,310,361,351,206
2019,3,A,골목상권,2111068,강동성심병원,5442,2532,2910,9,961,1151,1273,1203,845,6,309,536,658,508,515,3,652,615,615,695,330
2019,3,A,골목상권,2111067,강동구립성내도서관,9652,4806,4846,17,1566,2220,2137,2086,1626,12,608,1157,1164,925,940,5,958,1063,973,1161,686
2019,3,A,골목상권,2111066,암사동성당(효정하나플러스아파트),2084,1217,867,5,272,458,477,548,324,2,107,233,255,374,246,3,165,225,222,174,78
2019,3,A,골목상권,2111065,천일초등학교,1619,890,729,5,149,246,370,399,450,3,51,110,183,199,344,2,98,136,187,200,106
2019,3,A,골목상권,2111064,둔촌동역 4번,2853,1676,1177,10,319,609,663,707,545,8,169,368,402,388,341,2,150,241,261,319,204
2019,3,A,골목상권,2111063,강동구립 천호도서관,4856,2922,1934,9,478,950,1018,919,1482,5,208,570,620,512,1007,4,270,380,398,407,475
2019,3,A,골목상권,2111062,둔촌동역 3번(성내3동주민센터),4321,2679,1642,11,532,1094,1225,870,589,7,277,674,771,534,416,4,255,420,454,336,173
2019,3,A,골목상권,2111061,암사역 1번,4279,2025,2254,6,467,769,919,1052,1066,5,204,431,451,395,539,1,263,338,468,657,527
2019,3,A,골목상권,2111060,암사역 2번(서울강동초등학교),3609,1940,1669,7,391,753,959,847,652,4,151,357,496,482,450,3,240,396,463,365,202
2019,3,A,골목상권,2111059,강동역 4번(강풀만화거리),16156,8854,7302,89,3393,4222,4192,2143,2117,9,1362,2222,2564,1313,1384,80,2031,2000,1628,830,733
2019,3,A,골목상권,2111058,성내중학교,2682,1590,1092,3,319,620,667,713,360,2,172,392,392,426,206,1,147,228,275,287,154
2019,3,A,골목상권,2111057,천호공원(해공체육문화센터),2008,994,1014,0,212,324,473,492,507,0,76,141,204,226,347,0,136,183,269,266,160
2019,3,A,골목상권,2111056,천호태영아파트,10805,5976,4829,80,2365,2974,2961,1050,1375,3,940,1575,1884,679,895,77,1425,1399,1077,371,480
2019,3,A,골목상권,2111055,선사초등학교,2480,1052,1428,5,245,465,600,783,382,4,119,252,285,215,177,1,126,213,315,568,205
2019,3,A,골목상권,2111054,암사역 4번(삼성광나루아파트),3359,1441,1918,5,314,546,686,885,923,4,137,288,323,258,431,1,177,258,363,627,492
2019,3,A,골목상권,2111053,성내천어린이공원(하니사랑길),14866,9311,5555,45,1690,3661,3850,3710,1910,16,776,2130,2425,2584,1380,29,914,1531,1425,1126,530
2019,3,A,골목상권,2111052,암사역 3번(천호동자전거거리),2529,1316,1213,2,259,441,561,468,798,2,99,230,298,253,434,0,160,211,263,215,364
2019,3,A,골목상권,2111051,천호역 6번,8352,4674,3678,9,1354,2179,1977,1904,929,4,549,1114,1091,1222,694,5,805,1065,886,682,235
2019,3,A,골목상권,2111050,강동구청(강동구청역 2번),8713,5359,3354,41,1020,2092,2148,2038,1374,14,436,1147,1343,1414,1005,27,584,945,805,624,369
2019,3,A,골목상권,2111049,천호지구대(천호동자전거거리),2413,1261,1152,5,275,459,593,559,522,1,114,219,294,295,338,4,161,240,299,264,184
2019,3,A,골목상권,2111048,천호역 1번(천호문구완구거리),2209,1104,1105,5,268,457,529,472,478,1,93,205,265,236,304,4,175,252,264,236,174
2019,3,A,골목상권,2111047,마천1치안센터,1439,881,558,0,110,228,365,396,340,0,53,128,210,227,263,0,57,100,155,169,77
2019,3,A,골목상권,2111046,마천역(마천초등학교),3021,1798,1223,0,290,585,800,814,532,0,145,335,447,457,414,0,145,250,353,357,118
2019,3,A,골목상권,2111045,개미어린이공원,1936,1241,695,6,209,357,441,489,434,3,138,215,284,293,308,3,71,142,157,196,126
2019,3,A,골목상권,2111044,남천초등학교,1958,949,1009,1,196,392,534,553,282,1,86,200,234,237,191,0,110,192,300,316,91
2019,3,A,골목상권,2111043,마천공원,2794,1460,1334,9,486,743,635,581,340,9,170,380,346,333,222,0,316,363,289,248,118
2019,3,A,골목상권,2111042,거여역 1번(거여공원),6106,3677,2429,30,1116,1528,1493,1136,803,23,515,909,933,734,563,7,601,619,560,402,240
2019,3,A,골목상권,2111041,거여역 8번,2489,1614,875,13,527,590,602,455,302,11,267,398,410,303,225,2,260,192,192,152,77
2019,3,A,골목상권,2111040,거여초등학교,2934,1923,1011,10,343,755,769,639,418,9,197,505,520,395,297,1,146,250,249,244,121
2019,3,A,골목상권,2111039,벌말어린이공원,4130,2403,1727,10,593,1113,1024,853,537,9,227,626,664,522,355,1,366,487,360,331,182
2019,3,A,골목상권,2111038,보인중학교,5117,2948,2169,21,954,1503,1201,908,530,19,369,803,814,592,351,2,585,700,387,316,179
2019,3,A,골목상권,2111037,Sh수협은행 오금동금융센터(아랫말어린이공원),2589,1689,900,0,251,569,710,686,373,0,140,361,484,434,270,0,111,208,226,252,103
2019,3,A,골목상권,2111036,투구봉어린이공원,3761,2385,1376,44,698,854,899,832,434,22,393,582,601,484,303,22,305,272,298,348,131
2019,3,A,골목상권,2111035,오금공원(오주중학교),3447,2367,1080,2,390,722,919,909,505,1,228,483,678,606,371,1,162,239,241,303,134
2019,3,A,골목상권,2111034,오동나무공원(송파레미니스1단지),4377,2890,1487,3,527,996,1140,1114,597,2,292,656,780,692,468,1,235,340,360,422,129
2019,3,A,골목상권,2111033,문정동성당,30777,24355,6422,5,1970,4987,9173,12761,1881,2,1064,3514,7182,11231,1362,3,906,1473,1991,1530,519
2019,3,A,골목상권,2111032,방이역 1번,22070,14816,7254,20,2778,5576,6310,5176,2210,6,1376,3504,4182,3961,1787,14,1402,2072,2128,1215,423
2019,3,A,골목상권,2111031,장지동주민센터(한림연예예술고교),32913,25689,7224,10,2238,5474,9792,13223,2176,5,1217,3824,7554,11499,1590,5,1021,1650,2238,1724,586
2019,3,A,골목상권,2111030,방이역 2번,18791,12408,6383,17,2450,4876,5576,4551,1321,3,1212,3055,3601,3508,1029,14,1238,1821,1975,1043,292
2019,3,A,골목상권,2111029,오금역 4번,7827,5130,2697,15,1203,2310,1963,1423,913,11,698,1500,1324,887,710,4,505,810,639,536,203
2019,3,A,골목상권,2111028,문현중학교(장지역 1번),5897,3429,2468,10,772,1268,1545,1357,945,4,400,772,924,684,645,6,372,496,621,673,300
2019,3,A,골목상권,2111027,문정초등학교,35434,26970,8464,13,2719,6015,10296,13647,2744,4,1376,4118,7862,11692,1918,9,1343,1897,2434,1955,826
2019,3,A,골목상권,2111026,문정역 2번,6300,3906,2394,10,806,1409,1660,1464,951,5,432,946,1049,794,680,5,374,463,611,670,271
2019,3,A,골목상권,2111025,경찰병원역 3번,9529,5231,4298,42,1266,2481,2336,1873,1531,18,575,1464,1392,874,908,24,691,1017,944,999,623
2019,3,A,골목상권,2111024,경찰병원역 4번(건너말공원),14947,9114,5833,50,2095,3807,3935,3012,2048,19,958,2367,2647,1792,1331,31,1137,1440,1288,1220,717
2019,3,A,골목상권,2111023,문정역 1번,5192,3085,2107,8,836,1113,1292,1125,818,4,367,691,845,619,559,4,469,422,447,506,259
2019,3,A,골목상권,2111022,석촌중학교(방이육교),14536,9097,5439,26,1423,2788,2617,2488,5194,17,747,1885,1750,1362,3336,9,676,903,867,1126,1858
2019,3,A,골목상권,2111021,방이역 4번,12785,8572,4213,24,1854,2800,3245,2848,2014,14,857,1678,2177,2184,1662,10,997,1122,1068,664,352
2019,3,A,골목상권,2111020,방이동고분군(방산고등학교),5700,3637,2063,11,773,1318,1503,1353,742,7,349,764,997,925,595,4,424,554,506,428,147
2019,3,A,골목상권,2111019,한성백제역 3번,12352,7584,4768,23,2230,3187,2763,2550,1599,15,1206,2143,1853,1405,962,8,1024,1044,910,1145,637
2019,3,A,골목상권,2111018,풍납초등학교(풍납백제문화공원),1397,836,561,2,184,308,326,366,211,1,91,162,186,223,173,1,93,146,140,143,38
2019,3,A,골목상권,2111017,송파나루역 3번,7040,3951,3089,11,1250,1313,1484,1834,1148,7,624,832,933,938,617,4,626,481,551,896,531
2019,3,A,골목상권,2111016,송파역 2번,20097,13027,7070,64,2210,3782,4197,4144,5700,49,1063,2447,3149,2637,3682,15,1147,1335,1048,1507,2018
2019,3,A,골목상권,2111015,석촌역 3번,12990,8444,4546,15,1877,3286,3104,2509,2199,8,985,2220,2151,1570,1510,7,892,1066,953,939,689
2019,3,A,골목상권,2111014,송파나루역 2번,18417,10373,8044,66,3625,4955,4161,3567,2043,30,1624,3034,2744,1797,1144,36,2001,1921,1417,1770,899
2019,3,A,골목상권,2111013,송파나루역 1번(송리단길),19411,11507,7904,68,3876,5909,4556,3159,1843,30,1697,3703,3063,1783,1231,38,2179,2206,1493,1376,612
2019,3,A,골목상권,2111012,석촌역 6번,6774,4004,2770,12,758,1667,1678,1338,1321,6,379,1150,1013,658,798,6,379,517,665,680,523
2019,3,A,골목상권,2111011,잠실나루역,10262,8103,2159,10,1293,3168,3077,2215,499,8,898,2543,2488,1780,386,2,395,625,589,435,113
2019,3,A,골목상권,2111010,석촌역 7번,9973,6990,2983,14,1232,2642,2337,1724,2024,8,660,1870,1623,1125,1704,6,572,772,714,599,320
2019,3,A,골목상권,2111009,송파책박물관,2420,1618,802,4,284,510,525,603,494,2,177,340,354,377,368,2,107,170,171,226,126
2019,3,A,골목상권,2111008,석촌고분역 3번,5827,3681,2146,13,724,1201,1402,1410,1077,9,367,712,876,901,816,4,357,489,526,509,261
2019,3,A,골목상권,2111007,석촌고분역 4번,6543,4287,2256,10,751,1355,1485,1575,1367,8,389,876,999,1009,1006,2,362,479,486,566,361
2019,3,A,골목상권,2111006,석촌고분역 1번,14799,9692,5107,17,2046,3480,3387,3275,2594,8,945,2190,2276,2170,2103,9,1101,1290,1111,1105,491
2019,3,A,골목상권,2111005,삼전역 3번,5483,3535,1948,10,666,1176,1308,1267,1056,4,311,801,872,775,772,6,355,375,436,492,284
2019,3,A,골목상권,2111004,삼전역 1번,14606,9340,5266,27,2091,3511,3496,3112,2369,8,1003,2158,2297,2089,1785,19,1088,1353,1199,1023,584
2019,3,A,골목상권,2111003,삼전역 4번,6571,4276,2295,16,692,1311,1566,1357,1629,4,354,836,1004,853,1225,12,338,475,562,504,404
2019,3,A,골목상권,2111002,한국교통안전공단 강남자동차검사소,538,347,191,0,20,61,100,167,190,0,9,37,47,110,144,0,11,24,53,57,46
2019,3,A,골목상권,2111001,아래방죽마을공원(율현초등학교),325,167,158,1,17,45,60,113,89,0,10,27,39,54,37,1,7,18,21,59,52
2019,3,A,골목상권,2111000,대왕초등학교(세곡동사거리서남측),192,122,70,8,17,34,65,47,21,5,8,20,47,31,11,3,9,14,18,16,10
2019,3,A,골목상권,2110999,윗방죽마을공원,515,284,231,1,48,91,111,141,123,0,22,55,73,81,53,1,26,36,38,60,70
2019,3,A,골목상권,2110998,은곡마을(은곡마을공원),254,126,128,1,24,71,76,56,26,0,14,35,42,21,14,1,10,36,34,35,12
2019,3,A,골목상권,2110997,대청초등학교,12608,5020,7588,20,3308,3940,2717,1710,913,5,776,1461,1230,933,615,15,2532,2479,1487,777,298
2019,3,A,골목상권,2110996,대치2동주민센터,29027,16873,12154,57,5087,8071,7635,5168,3009,26,2404,5168,4722,2739,1814,31,2683,2903,2913,2429,1195
2019,3,A,골목상권,2110995,봉은사역 4번,63139,48002,15137,58,10238,18013,15953,12577,6300,31,6208,13564,13581,10461,4157,27,4030,4449,2372,2116,2143
2019,3,A,골목상권,2110994,개포고등학교,4510,2913,1597,78,812,1156,1055,864,545,29,496,775,670,524,419,49,316,381,385,340,126
2019,3,A,골목상권,2110993,개포지하차도 북측,506,227,279,0,78,112,154,109,53,0,28,47,60,53,39,0,50,65,94,56,14
2019,3,A,골목상권,2110992,도곡초등학교,13308,7205,6103,47,2163,3539,3233,2632,1694,25,883,1872,1808,1501,1116,22,1280,1667,1425,1131,578
2019,3,A,골목상권,2110991,삼성중앙역 5번,34356,18066,16290,100,8544,11181,7811,4530,2190,34,2998,6203,5061,2566,1204,66,5546,4978,2750,1964,986
2019,3,A,골목상권,2110990,청담역 12번,30011,20188,9823,103,6320,10744,7920,3982,942,45,2907,7159,6290,3060,727,58,3413,3585,1630,922,215
2019,3,A,골목상권,2110989,대치동아우편취급국,32271,19877,12394,108,5193,9928,8789,5268,2985,13,2070,5924,6160,3815,1895,95,3123,4004,2629,1453,1090
2019,3,A,골목상권,2110988,청담역 3번,37306,21788,15518,115,8187,12799,10030,4829,1346,50,3387,7790,6637,3040,884,65,4800,5009,3393,1789,462
2019,3,A,골목상권,2110987,영동대교남단,19991,9214,10777,53,4464,7256,4717,2733,768,16,1400,3115,2571,1562,550,37,3064,4141,2146,1171,218
2019,3,A,골목상권,2110986,삼성중앙역 7번,20631,11041,9590,54,4462,6252,4526,3316,2021,19,1959,3822,2759,1378,1104,35,2503,2430,1767,1938,917
2019,3,A,골목상권,2110985,청담근린공원,23837,14078,9759,126,5484,7451,5820,3687,1269,49,2139,4489,4091,2402,908,77,3345,2962,1729,1285,361
2019,3,A,골목상권,2110984,포이초등학교(개포목련어린이공원),7258,4475,2783,25,1208,2123,1680,1356,866,21,709,1380,958,794,613,4,499,743,722,562,253
2019,3,A,골목상권,2110983,국립국악고등학교,4996,3097,1899,15,864,1392,1149,874,702,7,432,853,704,548,553,8,432,539,445,326,149
2019,3,A,골목상권,2110982,강남구보훈회관,6622,3912,2710,11,1217,1801,1621,1085,887,8,495,1193,1067,574,575,3,722,608,554,511,312
2019,3,A,골목상권,2110981,국악고교사거리,17291,9986,7305,30,2338,4727,4561,3615,2020,11,1196,3004,2613,1749,1413,19,1142,1723,1948,1866,607
2019,3,A,골목상권,2110980,개포지구대옆,28324,11309,17015,106,4299,6466,9046,6315,2092,48,2097,3554,2792,1594,1224,58,2202,2912,6254,4721,868
2019,3,A,골목상권,2110979,청담초등학교,36343,19954,16389,52,7505,10976,9137,7499,1174,13,2512,4936,5789,5824,880,39,4993,6040,3348,1675,294
2019,3,A,골목상권,2110978,도곡2동주민센터(대치중학교),14048,9230,4818,57,2779,4351,3350,1995,1516,38,1316,2947,2603,1446,880,19,1463,1404,747,549,636
2019,3,A,골목상권,2110977,논현로18길,14742,8449,6293,26,2112,4281,4011,2930,1382,10,1079,2707,2348,1352,953,16,1033,1574,1663,1578,429
2019,3,A,골목상권,2110976,언북초등학교,12352,5838,6514,33,3287,4158,2433,1448,993,8,1111,1918,1333,826,642,25,2176,2240,1100,622,351
2019,3,A,골목상권,2110975,매봉역 1번,45595,33304,12291,167,8889,10822,13128,10868,1721,111,5307,7405,9907,9163,1411,56,3582,3417,3221,1705,310
2019,3,A,골목상권,2110974,언주중학교,10803,7138,3665,37,2253,3632,2435,1509,937,23,1046,2209,1880,1208,772,14,1207,1423,555,301,165
2019,3,A,골목상권,2110973,강남구청역 4번,12935,7647,5288,45,1989,3555,3212,2504,1630,20,848,2116,2083,1492,1088,25,1141,1439,1129,1012,542
2019,3,A,골목상권,2110972,강남세브란스병원미래의학연구센터,19187,10699,8488,93,4977,5702,4486,2748,1181,32,2060,3262,2841,1652,852,61,2917,2440,1645,1096,329
2019,3,A,골목상권,2110971,선정릉역 4번,71053,36095,34958,125,14161,20473,17281,14677,4336,57,7418,13006,8845,4122,2647,68,6743,7467,8436,10555,1689
2019,3,A,골목상권,2110970,학동초등학교,14239,8776,5463,40,2840,4547,3573,2030,1209,16,1215,2638,2510,1464,933,24,1625,1909,1063,566,276
2019,3,A,골목상권,2110969,베르사이유1아파트,53923,36302,17621,65,8707,16486,15126,10588,2951,29,4549,11192,11350,7088,2094,36,4158,5294,3776,3500,857
2019,3,A,골목상권,2110968,강남구청역 2번,16996,11056,5940,35,2859,4707,4196,3235,1964,13,1263,2749,3051,2445,1535,22,1596,1958,1145,790,429
2019,3,A,골목상권,2110967,역삼역 8번,60720,36794,23926,91,10241,17148,16073,14394,2773,38,6623,12505,9963,5866,1799,53,3618,4643,6110,8528,974
2019,3,A,골목상권,2110966,논현2동주민센터,27870,17732,10138,49,4107,8032,7259,5564,2859,19,1738,4638,4995,4071,2271,30,2369,3394,2264,1493,588
2019,3,A,골목상권,2110965,언주역 6번,13566,7584,5982,33,2913,4369,3128,1836,1287,10,1010,2521,2097,1084,862,23,1903,1848,1031,752,425
2019,3,A,골목상권,2110964,싸리고개근린공원,17468,14080,3388,17,1630,4097,5320,5121,1283,8,961,2985,4446,4619,1061,9,669,1112,874,502,222
2019,3,A,골목상권,2110963,역삼월드메르디앙아파트,21914,14559,7355,38,3386,6760,5933,3692,2105,12,1545,4143,4341,2848,1670,26,1841,2617,1592,844,435
2019,3,A,골목상권,2110962,도산공원북측,9890,4992,4898,45,2446,3645,2084,1106,564,15,835,1949,1312,600,281,30,1611,1696,772,506,283
2019,3,A,골목상권,2110961,언주역 3번,26561,16968,9593,63,5846,7744,5652,3904,3352,29,2461,4895,4115,2954,2514,34,3385,2849,1537,950,838
2019,3,A,골목상권,2110960,은광여고,25801,18472,7329,37,2976,6388,7043,7014,2343,24,1634,4350,5435,5469,1560,13,1342,2038,1608,1545,783
2019,3,A,골목상권,2110959,신구중학교,14568,7497,7071,273,3640,4253,2810,1922,1670,101,1497,2347,1851,932,769,172,2143,1906,959,990,901
2019,3,A,골목상권,2110958,역삼역 4번,44640,30338,14302,68,7618,14410,12355,7559,2630,20,3586,9353,9422,6150,1807,48,4032,5057,2933,1409,823
2019,3,A,골목상권,2110957,언북중학교,29483,17133,12350,66,5842,8887,6818,4434,3436,16,2101,4898,4517,3053,2548,50,3741,3989,2301,1381,888
2019,3,A,골목상권,2110956,언주역 8번,13413,7864,5549,67,3148,4275,3066,1684,1173,35,1402,2433,2040,1084,870,32,1746,1842,1026,600,303
2019,3,A,골목상권,2110955,논현초등학교,24576,15991,8585,85,5280,7295,5675,3872,2369,52,2567,4742,4109,2824,1697,33,2713,2553,1566,1048,672
2019,3,A,골목상권,2110954,국기원,23600,12815,10785,105,4945,7899,6141,3149,1361,27,1681,4151,3870,2152,934,78,3264,3748,2271,997,427
2019,3,A,골목상권,2110953,학동근린공원,26091,15735,10356,61,6487,8703,5758,3188,1894,20,2659,5288,4074,2249,1445,41,3828,3415,1684,939,449
2019,3,A,골목상권,2110952,논현목련공원,11242,7305,3937,23,2112,3651,2693,1685,1078,18,1121,2418,1878,1134,736,5,991,1233,815,551,342
2019,3,A,골목상권,2110951,신사은행나무공원,13613,7312,6301,20,3573,4191,3001,1692,1136,6,1209,2254,1943,1095,805,14,2364,1937,1058,597,331
2019,3,A,골목상권,2110950,논현역 7번,24663,13633,11030,43,6250,8283,5442,3027,1618,19,2104,4637,3701,2011,1161,24,4146,3646,1741,1016,457
2019,3,A,골목상권,2110949,한남IC,14155,9191,4964,37,2582,4323,3909,2362,942,17,1178,2845,2793,1651,707,20,1404,1478,1116,711,235
2019,3,A,골목상권,2110948,헌인가구단지,107,45,62,0,7,34,29,31,6,0,5,16,15,6,3,0,2,18,14,25,3
2019,3,A,골목상권,2110947,청계산입구역 2번(내곡동주민센터),252,159,93,0,26,59,73,59,35,0,11,32,52,37,27,0,15,27,21,22,8
2019,3,A,골목상권,2110946,청계산원터골,250,157,93,0,26,59,72,59,34,0,11,32,51,37,26,0,15,27,21,22,8
2019,3,A,골목상권,2110945,본마을노인복지센터(서초구립내곡도서관),325,202,123,2,48,80,67,75,53,2,15,47,46,54,38,0,33,33,21,21,15
2019,3,A,골목상권,2110944,서울나래학교(염곡어린이공원),77735,71726,6009,31,6956,15445,20765,32124,2414,25,5898,13623,18927,31051,2202,6,1058,1822,1838,1073,212
2019,3,A,골목상권,2110943,법제교육센터(버들어린이공원),8615,5026,3589,26,1134,1994,2252,1969,1240,20,549,1232,1304,1039,882,6,585,762,948,930,358
2019,3,A,골목상권,2110942,염곡동 구룡사(포이동성당),89633,79626,10007,66,8743,18557,23684,34586,3997,46,6857,15685,20925,32712,3401,20,1886,2872,2759,1874,596
2019,3,A,골목상권,2110941,언남고등학교,4996,3357,1639,12,722,1360,1272,997,633,10,410,907,858,692,480,2,312,453,414,305,153
2019,3,A,골목상권,2110940,양재근린공원(양재2동주민센터),8532,5746,2786,18,1305,2336,2138,1726,1009,10,698,1554,1506,1194,784,8,607,782,632,532,225
2019,3,A,골목상권,2110939,양재역 8번(양재동우체국),49315,24770,24545,356,10721,12308,12970,8710,4250,174,4842,7345,6018,3484,2907,182,5879,4963,6952,5226,1343
2019,3,A,골목상권,2110938,바우뫼공원,12099,7676,4423,200,3390,3186,2493,1698,1132,102,1793,2143,1836,1070,732,98,1597,1043,657,628,400
2019,3,A,골목상권,2110937,방아다리근린공원(횃불트리니티신학대학원대학교),18951,11932,7019,223,5144,5704,3944,2463,1473,112,2570,3765,2890,1566,1029,111,2574,1939,1054,897,444
2019,3,A,골목상권,2110936,더케이호텔(양재리본타워2단지아파트),4559,3488,1071,13,885,1375,1102,847,337,7,577,1084,891,683,246,6,308,291,211,164,91
2019,3,A,골목상권,2110935,한전아트센터,23304,18306,4998,65,4112,8160,6164,3906,897,32,2401,6494,5235,3428,716,33,1711,1666,929,478,181
2019,3,A,골목상권,2110934,우면주공아파트,3794,2190,1604,2,558,1108,1076,798,252,1,185,565,687,569,183,1,373,543,389,229,69
2019,3,A,골목상권,2110933,한국상담대학원대학교,9746,6495,3251,30,2087,2863,2802,1449,515,10,957,1939,2199,1031,359,20,1130,924,603,418,156
2019,3,A,골목상권,2110932,서울시인재개발원,10760,6378,4382,34,2079,2952,2934,1868,893,10,906,1908,2164,996,394,24,1173,1044,770,872,499
2019,3,A,골목상권,2110931,삼성전자서울R&D(서울우면초등학교),1707,897,810,0,301,523,449,373,61,0,70,228,269,282,48,0,231,295,180,91,13
2019,3,A,골목상권,2110930,서초동성당,22662,14021,8641,34,3810,7152,6169,4227,1270,22,1950,4550,3956,2633,910,12,1860,2602,2213,1594,360
2019,3,A,골목상권,2110929,남부터미널역 1번,24564,15343,9221,72,4731,7255,6185,4243,2078,18,2002,4581,4351,2869,1522,54,2729,2674,1834,1374,556
2019,3,A,골목상권,2110928,서초우방유쉘아파트,15501,8715,6786,72,3050,4252,3776,2909,1442,36,1128,2469,2355,1727,1000,36,1922,1783,1421,1182,442
2019,3,A,골목상권,2110927,잠원역,4478,2759,1719,15,683,1478,1077,742,483,6,382,966,692,418,295,9,301,512,385,324,188
2019,3,A,골목상권,2110926,신중초등학교,20358,14518,5840,22,2524,6664,5686,3646,1816,13,1268,4736,4545,2780,1176,9,1256,1928,1141,866,640
2019,3,A,골목상권,2110925,서초중학교,9482,5340,4142,41,1972,2697,2268,1389,1115,17,644,1535,1515,879,750,24,1328,1162,753,510,365
2019,3,A,골목상권,2110924,반포4동주민센터(몽마르뜨공원),16476,11002,5474,21,1948,4658,4855,3471,1523,11,900,2916,3513,2576,1086,10,1048,1742,1342,895,437
2019,3,A,골목상권,2110923,방배역 1번,8186,5200,2986,15,1040,2585,2154,1370,1022,5,501,1482,1469,963,780,10,539,1103,685,407,242
2019,3,A,골목상권,2110922,내방역 1번,13771,9946,3825,45,2479,3929,3380,2834,1104,34,1369,2683,2667,2359,834,11,1110,1246,713,475,270
2019,3,A,골목상권,2110921,서울프랑스학교,14685,10964,3721,32,1660,4212,4061,3322,1398,21,928,3043,3285,2695,992,11,732,1169,776,627,406
2019,3,A,골목상권,2110920,방배역 2번(백석예술대학교),10198,6168,4030,22,1621,3108,2430,1686,1331,5,709,1747,1557,1130,1020,17,912,1361,873,556,311
2019,3,A,골목상권,2110919,내방역 8번,18122,12281,5841,46,3029,5367,4739,3252,1689,25,1408,3330,3610,2582,1326,21,1621,2037,1129,670,363
2019,3,A,골목상권,2110918,방배역 3번,11506,7650,3856,48,2268,3197,2690,1827,1476,37,1258,2151,1924,1188,1092,11,1010,1046,766,639,384
2019,3,A,골목상권,2110917,서초소방서,11751,9016,2735,23,1211,3178,3221,2971,1147,16,753,2412,2632,2365,838,7,458,766,589,606,309
2019,3,A,골목상권,2110916,내방역 4번,11808,7741,4067,58,2236,3440,2794,1827,1453,49,1226,2291,1931,1208,1036,9,1010,1149,863,619,417
2019,3,A,골목상권,2110915,서래초등학교,23289,15603,7686,49,4029,6833,5908,4750,1720,16,1573,4372,4502,3801,1339,33,2456,2461,1406,949,381
2019,3,A,골목상권,2110914,내방역 6번,8440,5623,2817,28,1349,2171,1919,1684,1289,15,646,1357,1333,1221,1051,13,703,814,586,463,238
2019,3,A,골목상권,2110913,방현초등학교(방배119안전센터),14102,8085,6017,31,2390,3979,4062,2433,1207,15,997,2183,2348,1623,919,16,1393,1796,1714,810,288
2019,3,A,골목상권,2110912,방배동사이길,12699,7519,5180,31,2925,3691,2883,2153,1016,4,918,2155,2002,1624,816,27,2007,1536,881,529,200
2019,3,A,골목상권,2110911,방배배수지체육공원,8886,4783,4103,26,1322,2563,2696,1567,712,16,508,1286,1344,1063,566,10,814,1277,1352,504,146
2019,3,A,골목상권,2110910,내방역 5번,7816,4790,3026,31,1255,1898,1797,1480,1355,18,538,1083,1117,989,1045,13,717,815,680,491,310
2019,3,A,골목상권,2110909,남태령역(서울전자고등학교),918,699,219,2,53,95,189,360,219,2,17,54,140,292,194,0,36,41,49,68,25
2019,3,A,골목상권,2110908,구반포역,7452,3556,3896,51,1385,1893,1829,1662,632,47,604,968,928,648,361,4,781,925,901,1014,271
2019,3,A,골목상권,2110907,방배초등학교,9333,5372,3961,33,1213,1971,2263,2012,1841,17,512,1084,1335,1132,1292,16,701,887,928,880,549
2019,3,A,골목상권,2110906,서문여고,12773,5984,6789,24,2037,3216,3886,2382,1228,10,644,1375,1865,1288,802,14,1393,1841,2021,1094,426
2019,3,A,골목상권,2110905,방배노인종합복지관(이수중학교),7746,3421,4325,5,1482,2076,2012,1443,728,1,485,856,890,703,486,4,997,1220,1122,740,242
2019,3,A,골목상권,2110904,이수역 5번,9731,4164,5567,18,1771,2455,2435,1796,1256,10,589,1023,1042,745,755,8,1182,1432,1393,1051,501
2019,3,A,골목상권,2110903,방배아이파크아파트,14083,6363,7720,16,2216,3661,4232,2741,1217,7,712,1555,1998,1356,735,9,1504,2106,2234,1385,482
2019,3,A,골목상권,2110902,사당역 4번,6665,4274,2391,11,1151,1659,1744,1220,880,7,541,1037,1204,819,666,4,610,622,540,401,214
2019,3,A,골목상권,2110901,인헌고등학교(인헌중학교),2509,1324,1185,3,384,631,720,489,282,2,174,332,373,233,210,1,210,299,347,256,72
2019,3,A,골목상권,2110900,낙성대역 1번(관악구민 종합체육센터),4781,2714,2067,7,762,1237,1151,845,779,5,333,722,661,448,545,2,429,515,490,397,234
2019,3,A,골목상권,2110899,낙성대역 5번(관악중학교),4219,2676,1543,6,584,1056,1002,801,770,3,276,675,641,499,582,3,308,381,361,302,188
2019,3,A,골목상권,2110898,청림동주민센터(상도중학교),3164,1786,1378,8,439,948,1023,530,216,7,208,562,579,272,158,1,231,386,444,258,58
2019,3,A,골목상권,2110897,서울대입구역 8번,3974,2200,1774,12,547,828,993,927,667,4,212,434,556,529,465,8,335,394,437,398,202
2019,3,A,골목상권,2110896,관악우성아파트,807,264,543,1,101,128,188,231,158,0,16,39,67,77,65,1,85,89,121,154,93
2019,3,A,골목상권,2110895,샤로수길,9715,5491,4224,26,1515,2552,2264,2144,1214,7,620,1328,1284,1392,860,19,895,1224,980,752,354
2019,3,A,골목상권,2110894,관악동부센트레빌아파트(은천로35라길),6168,2131,4037,26,809,907,1260,2039,1127,20,392,524,523,438,234,6,417,383,737,1601,893
2019,3,A,골목상권,2110893,관악소방서(문영여고),1905,1426,479,2,315,613,427,440,108,1,202,469,306,361,87,1,113,144,121,79,21
2019,3,A,골목상권,2110892,관악구 중앙길,4129,2046,2083,15,537,772,998,939,868,9,170,379,511,495,482,6,367,393,487,444,386
2019,3,A,골목상권,2110891,구암초등학교,909,402,507,0,107,189,276,211,126,0,39,83,118,94,68,0,68,106,158,117,58
2019,3,A,골목상권,2110890,봉천역 1번(관악초등학교),2846,1257,1589,12,524,778,611,445,476,5,127,311,295,247,272,7,397,467,316,198,204
2019,3,A,골목상권,2110889,봉천역 6번,2587,1296,1291,3,305,479,586,561,653,3,117,257,322,289,308,0,188,222,264,272,345
2019,3,A,골목상권,2110888,청룡동주민센터,2093,871,1222,6,417,662,511,292,205,0,79,243,237,167,145,6,338,419,274,125,60
2019,3,A,골목상권,2110887,서울산업정보학교(서울삼성초등학교),1345,719,626,2,162,367,325,284,205,1,57,175,177,163,146,1,105,192,148,121,59
2019,3,A,골목상권,2110886,관악해태어린이공원,1558,937,621,2,161,287,392,371,345,1,65,152,211,240,268,1,96,135,181,131,77
2019,3,A,골목상권,2110885,영락고등학교,1784,1065,719,1,160,328,469,438,388,1,70,166,252,281,295,0,90,162,217,157,93
2019,3,A,골목상권,2110884,봉천역 4번(봉천110안전센터),6502,2623,3879,10,1078,1585,1383,1552,894,1,238,627,621,628,508,9,840,958,762,924,386
2019,3,A,골목상권,2110883,은천초등학교(은천교앞),5992,2423,3569,12,1005,1469,1304,1447,755,3,230,565,602,573,450,9,775,904,702,874,305
2019,3,A,골목상권,2110882,신성초등학교,3022,2146,876,4,412,687,842,629,448,2,264,501,611,447,321,2,148,186,231,182,127
2019,3,A,골목상권,2110881,구립대학경로당(관악산샘말공원),3533,2307,1226,4,501,986,1002,664,376,1,266,620,706,444,270,3,235,366,296,220,106
2019,3,A,골목상권,2110880,신림역 1번,1492,790,702,3,196,315,339,315,324,0,84,164,173,139,230,3,112,151,166,176,94
2019,3,A,골목상권,2110879,신림현대아파트,1471,853,618,2,167,253,359,376,314,1,69,124,201,232,226,1,98,129,158,144,88
2019,3,A,골목상권,2110878,미림여고,697,374,323,1,72,197,195,138,94,0,19,99,127,66,63,1,53,98,68,72,31
2019,3,A,골목상권,2110877,신림역 8번,3065,1647,1418,8,335,568,716,701,737,3,144,294,365,361,480,5,191,274,351,340,257
2019,3,A,골목상권,2110876,서원동주민센터(신관중학교),1645,855,790,5,223,317,337,377,386,1,103,157,184,171,239,4,120,160,153,206,147
2019,3,A,골목상권,2110875,보라매동주민센터(당곡고등학교),1494,723,771,6,130,284,341,414,319,3,52,138,149,184,197,3,78,146,192,230,122
2019,3,A,골목상권,2110874,원신초등학교(구세군관악영문교회),1080,552,528,5,110,248,305,260,152,2,26,108,180,136,100,3,84,140,125,124,52
2019,3,A,골목상권,2110873,당곡중학교,3140,1738,1402,7,359,702,844,674,554,5,145,390,484,342,372,2,214,312,360,332,182
2019,3,A,골목상권,2110872,신림초등학교,868,462,406,5,109,172,208,229,145,4,56,82,120,124,76,1,53,90,88,105,69
2019,3,A,골목상권,2110871,신원동주민센터,2278,966,1312,8,538,522,432,437,341,3,185,212,221,184,161,5,353,310,211,253,180
2019,3,A,골목상권,2110870,신림주공2단지(광신고등학교),1294,807,487,3,135,228,347,370,211,1,82,135,194,231,164,2,53,93,153,139,47
2019,3,A,골목상권,2110869,"신림역 5번(신림동주민센터, 신림동별빛거리)",5234,2770,2464,6,868,1266,1257,930,907,4,276,647,707,524,612,2,592,619,550,406,295
2019,3,A,골목상권,2110868,남부초등학교,3389,1663,1726,10,716,790,677,709,487,5,273,419,369,336,261,5,443,371,308,373,226
2019,3,A,골목상권,2110867,국제신학대학원대학교(남서울중학교),2428,1407,1021,11,306,518,555,597,441,5,179,330,330,319,244,6,127,188,225,278,197
2019,3,A,골목상권,2110866,난우중학교,1436,737,699,0,164,275,361,394,242,0,54,118,167,218,180,0,110,157,194,176,62
2019,3,A,골목상권,2110865,남강고등학교(남강중학교),1660,877,783,7,171,308,377,487,310,5,75,174,199,239,185,2,96,134,178,248,125
2019,3,A,골목상권,2110864,신림우방아파트,4016,2660,1356,3,643,1030,1200,807,333,3,285,713,893,551,215,0,358,317,307,256,118
2019,3,A,골목상권,2110863,난우초등학교,1463,717,746,20,177,301,321,383,261,17,64,141,152,186,157,3,113,160,169,197,104
2019,3,A,골목상권,2110862,난곡초등학교(난곡동벽화마을),1272,682,590,6,142,219,295,322,288,4,55,110,147,160,206,2,87,109,148,162,82
2019,3,A,골목상권,2110861,관악구신사동주민센터,5551,3742,1809,8,710,1432,1573,1226,602,4,339,1014,1185,813,387,4,371,418,388,413,215
2019,3,A,골목상권,2110860,호림박물관(성보고등학교),2380,1366,1014,8,299,536,571,642,324,4,143,309,324,359,227,4,156,227,247,283,97
2019,3,A,골목상권,2110859,난향초등학교,1224,598,626,1,345,314,199,158,207,0,84,154,95,83,182,1,261,160,104,75,25
2019,3,A,골목상권,2110858,신대방역 1번,4219,3399,820,7,635,1255,1374,711,237,5,405,1039,1209,583,158,2,230,216,165,128,79
2019,3,A,골목상권,2110857,미성동주민센터,1554,743,811,20,188,295,347,385,319,17,77,145,159,154,191,3,111,150,188,231,128
2019,3,A,골목상권,2110856,미성초등학교,5405,3726,1679,20,408,867,959,1077,2074,17,216,518,564,626,1785,3,192,349,395,451,289
2019,3,A,골목상권,2110855,신대방역 2번,8278,6384,1894,12,964,1938,2098,1417,1849,7,545,1461,1650,1065,1656,5,419,477,448,352,193
2019,3,A,골목상권,2110854,조원동주민센터,3748,2876,872,1,268,636,601,647,1595,1,144,435,381,433,1482,0,124,201,220,214,113
2019,3,A,골목상권,2110853,KT구로지사,3703,2192,1511,6,444,982,946,791,534,1,206,567,584,450,384,5,238,415,362,341,150
2019,3,A,골목상권,2110852,이수역 9번,3931,2272,1659,3,570,1012,1057,794,495,0,186,499,666,547,374,3,384,513,391,247,121
2019,3,A,골목상권,2110851,경문고등학교(동작동성당),4879,2202,2677,10,793,1279,1323,1015,459,5,262,627,719,406,183,5,531,652,604,609,276
2019,3,A,골목상권,2110850,사당역 10번,11427,6485,4942,11,1960,2877,2873,2044,1662,6,739,1499,1708,1330,1203,5,1221,1378,1165,714,459
2019,3,A,골목상권,2110849,이수역 10번,4130,2068,2062,4,476,796,943,841,1070,1,154,370,493,425,625,3,322,426,450,416,445
2019,3,A,골목상권,2110848,양지어린이공원,3430,2115,1315,1,350,619,817,676,967,0,135,355,494,420,711,1,215,264,323,256,256
2019,3,A,골목상권,2110847,예술인마을,3342,2090,1252,5,496,836,909,631,465,2,246,504,581,371,386,3,250,332,328,260,79
2019,3,A,골목상권,2110846,남성역 1번,4390,2678,1712,1,453,907,1039,931,1059,0,232,566,566,545,769,1,221,341,473,386,290
2019,3,A,골목상권,2110845,사당종합체육관,12940,4327,8613,0,3468,4230,3106,1737,399,0,656,1282,1052,1031,306,0,2812,2948,2054,706,93
2019,3,A,골목상권,2110844,흑석2치안센터,248,162,86,0,36,72,67,40,33,0,23,45,43,28,23,0,13,27,24,12,10
2019,3,A,골목상권,2110843,사당5동주민센터,2076,1382,694,0,213,543,466,490,364,0,117,373,296,318,278,0,96,170,170,172,86
2019,3,A,골목상권,2110842,흑리단길,780,428,352,1,88,155,211,171,154,1,34,85,109,90,109,0,54,70,102,81,45
2019,3,A,골목상권,2110841,중대부중,708,388,320,1,98,157,169,174,109,1,47,103,90,85,62,0,51,54,79,89,47
2019,3,A,골목상권,2110840,중앙대학교,949,522,427,0,134,180,231,223,181,0,59,98,131,113,121,0,75,82,100,110,60
2019,3,A,골목상권,2110839,숭실대입구역 4번,3185,1684,1501,2,516,920,937,562,248,1,199,521,534,263,166,1,317,399,403,299,82
2019,3,A,골목상권,2110838,상도1동주민센터앞,1239,641,598,1,286,324,238,245,145,0,93,167,150,130,101,1,193,157,88,115,44
2019,3,A,골목상권,2110837,숭실대입구역 1번,7680,2940,4740,27,1103,1313,1585,2345,1307,20,507,735,743,576,359,7,596,578,842,1769,948
2019,3,A,골목상권,2110836,상도역 5번,3709,1813,1896,9,518,968,945,802,467,2,202,498,481,367,263,7,316,470,464,435,204
2019,3,A,골목상권,2110835,상도역 1번,1727,863,864,7,260,455,417,385,203,2,91,254,223,175,118,5,169,201,194,210,85
2019,3,A,골목상권,2110834,동작구자원봉사센터,3944,2502,1442,14,531,832,1029,990,548,6,319,547,676,624,330,8,212,285,353,366,218
2019,3,A,골목상권,2110833,상도역 2번,1478,755,723,7,238,382,370,312,169,2,82,216,208,154,93,5,156,166,162,158,76
2019,3,A,골목상권,2110832,노량진초등학교,4768,2394,2374,12,580,1315,1192,1091,578,4,224,587,612,619,348,8,356,728,580,472,230
2019,3,A,골목상권,2110831,상도4동주민센터,1976,1299,677,3,232,487,513,570,171,2,115,306,338,419,119,1,117,181,175,151,52
2019,3,A,골목상권,2110830,상도초등학교,1340,620,720,0,189,294,355,317,185,0,79,128,161,144,108,0,110,166,194,173,77
2019,3,A,골목상권,2110829,장승배기역 5번,1878,982,896,2,184,396,476,503,317,1,84,194,234,275,194,1,100,202,242,228,123
2019,3,A,골목상권,2110828,노량진역 6번,8832,5139,3693,20,1140,2731,2371,1732,838,7,562,1524,1412,1094,540,13,578,1207,959,638,298
2019,3,A,골목상권,2110827,NH농협은행 상도동지점,1601,707,894,0,148,305,393,392,363,0,56,143,186,153,169,0,92,162,207,239,194
2019,3,A,골목상권,2110826,장승배기역 4번,2095,962,1133,1,296,428,508,451,411,0,126,202,227,202,205,1,170,226,281,249,206
2019,3,A,골목상권,2110825,신대방삼거리역 1번,2750,1613,1137,1,294,645,728,673,409,1,140,388,442,356,286,0,154,257,286,317,123
2019,3,A,골목상권,2110824,대방역 3번,4632,2389,2243,9,904,1342,1058,762,557,3,325,769,589,398,305,6,579,573,469,364,252
2019,3,A,골목상권,2110823,신대방삼거리역 3번,18868,12010,6858,29,3563,3959,3263,4206,3848,16,2697,3123,2125,2026,2023,13,866,836,1138,2180,1825
2019,3,A,골목상권,2110822,신대방삼거리역 4번(대림초등학교),20733,13807,6926,32,4061,4461,3410,4995,3774,16,3013,3578,2335,2854,2011,16,1048,883,1075,2141,1763
2019,3,A,골목상권,2110821,보라매역 2번,19345,12262,7083,38,3672,3972,3254,4338,4071,18,2717,3145,2106,2163,2113,20,955,827,1148,2175,1958
2019,3,A,골목상권,2110820,성남고등학교,5392,3876,1516,4,842,1099,1030,1731,686,2,525,780,720,1337,512,2,317,319,310,394,174
2019,3,A,골목상권,2110819,신대방역 4번,9846,6175,3671,25,1930,2824,2546,1652,869,18,904,1854,1712,1073,614,7,1026,970,834,579,255
2019,3,A,골목상권,2110818,신대방역 3번,4491,3115,1376,13,721,1367,1209,750,431,10,419,975,903,517,291,3,302,392,306,233,140
2019,3,A,골목상권,2110817,대방역 4번,5028,2671,2357,9,995,1387,1164,798,675,3,375,811,673,420,389,6,620,576,491,378,286
2019,3,A,골목상권,2110816,대방역 6번,4738,2502,2236,9,954,1321,1091,722,641,3,360,769,621,382,367,6,594,552,470,340,274
2019,3,A,골목상권,2110815,공군호텔,5592,2837,2755,6,987,1449,1269,1081,800,1,324,798,711,540,463,5,663,651,558,541,337
2019,3,A,골목상권,2110814,서울지방병무청,7699,4850,2849,7,1263,1710,1577,2219,923,2,629,1092,979,1523,625,5,634,618,598,696,298
2019,3,A,골목상권,2110813,보라매역 6번,6439,4495,1944,15,1054,1463,1365,1795,747,7,581,1040,934,1375,558,8,473,423,431,420,189
2019,3,A,골목상권,2110812,신길6동주민센터,4573,2694,1879,17,611,1007,1133,1018,787,6,236,634,691,666,461,11,375,373,442,352,326
2019,3,A,골목상권,2110811,보라매역 4번,2855,1637,1218,12,399,665,707,570,502,6,140,415,425,363,288,6,259,250,282,207,214
2019,3,A,골목상권,2110810,영신초등학교,3597,2024,1573,2,437,830,837,833,658,0,204,466,491,432,431,2,233,364,346,401,227
2019,3,A,골목상권,2110809,장훈고등학교,1748,1028,720,1,216,417,388,358,368,0,102,210,227,215,274,1,114,207,161,143,94
2019,3,A,골목상권,2110808,신길역 1번,1748,854,894,0,161,307,480,507,293,0,61,141,235,239,178,0,100,166,245,268,115
2019,3,A,골목상권,2110807,신길역 3번,1777,924,853,8,153,339,475,482,320,8,62,187,249,233,185,0,91,152,226,249,135
2019,3,A,골목상권,2110806,서울시립영등포장애인복지관,2580,1824,756,12,320,570,657,616,405,8,165,376,484,467,324,4,155,194,173,149,81
2019,3,A,골목상권,2110805,신길새마을금고신길4동지점,1395,808,587,0,196,323,345,341,190,0,107,205,209,173,114,0,89,118,136,168,76
2019,3,A,골목상권,2110804,신풍역 1번,2372,1068,1304,2,218,466,693,560,433,1,88,199,238,249,293,1,130,267,455,311,140
2019,3,A,골목상권,2110803,신길2동우편취급국,2646,1573,1073,4,241,542,578,601,680,1,113,256,315,356,532,3,128,286,263,245,148
2019,3,A,골목상권,2110802,신길동홍어거리,2115,1246,869,1,190,454,436,464,570,0,81,222,230,275,438,1,109,232,206,189,132
2019,3,A,골목상권,2110801,신풍역 6번(신길6동공영주차장),333,131,202,1,43,58,75,86,70,0,6,25,25,37,38,1,37,33,50,49,32
2019,3,A,골목상권,2110800,영등포동성당,5378,2996,2382,13,1232,1236,1161,1038,698,8,388,652,732,689,527,5,844,584,429,349,171
2019,3,A,골목상권,2110799,영등포본동주민센터,2188,1292,896,23,503,416,437,437,372,9,214,250,284,260,275,14,289,166,153,177,97
2019,3,A,골목상권,2110798,신풍역 2번,2237,1239,998,11,196,474,673,519,364,7,101,284,328,274,245,4,95,190,345,245,119
2019,3,A,골목상권,2110797,KT대방빌딩,2995,1448,1547,10,677,762,778,530,238,7,195,383,376,317,170,3,482,379,402,213,68
2019,3,A,골목상권,2110796,한림대학교한강성심병원,5822,3446,2376,5,1273,1397,1327,1041,779,0,399,758,904,752,633,5,874,639,423,289,146
2019,3,A,골목상권,2110795,도림초등학교,2036,1207,829,3,183,415,470,498,467,2,84,239,274,278,330,1,99,176,196,220,137
2019,3,A,골목상권,2110794,영동초등학교,8059,4829,3230,6,1654,2202,2005,1377,815,4,591,1352,1339,903,640,2,1063,850,666,474,175
2019,3,A,골목상권,2110793,대림썬프라자,2887,1326,1561,9,661,722,725,533,237,6,176,350,341,294,159,3,485,372,384,239,78
2019,3,A,골목상권,2110792,영등포역 2번,4183,2418,1765,45,687,969,964,843,675,14,287,531,578,532,476,31,400,438,386,311,199
2019,3,A,골목상권,2110791,신풍역 3번,1545,646,899,1,137,295,455,374,283,0,69,118,134,139,186,1,68,177,321,235,97
2019,3,A,골목상권,2110790,대림1동주민센터,2700,1501,1199,17,291,558,767,624,443,8,137,329,387,337,303,9,154,229,380,287,140
2019,3,A,골목상권,2110789,대림성모병원,4604,2272,2332,5,1164,1332,959,708,436,5,382,712,534,370,269,0,782,620,425,338,167
2019,3,A,골목상권,2110788,영등포시장역 3번,1837,1165,672,3,199,340,451,420,424,1,107,222,297,272,266,2,92,118,154,148,158
2019,3,A,골목상권,2110787,신길3동주민센터,1289,754,535,2,111,281,352,336,207,2,48,159,201,193,151,0,63,122,151,143,56
2019,3,A,골목상권,2110786,당산역 8번,10126,6830,3296,19,1171,2339,2764,2621,1212,9,571,1587,2008,1827,828,10,600,752,756,794,384
2019,3,A,골목상권,2110785,영등포푸르지오아파트,2700,1828,872,4,278,604,702,602,510,2,121,402,489,425,389,2,157,202,213,177,121
2019,3,A,골목상권,2110784,신대림초등학교,1206,559,647,0,177,257,297,286,189,0,43,99,144,152,121,0,134,158,153,134,68
2019,3,A,골목상권,2110783,영등포시장역 1번,4832,3057,1775,5,576,1167,1083,1163,838,2,324,784,700,740,507,3,252,383,383,423,331
2019,3,A,골목상권,2110782,영등포시장역 4번,2758,1451,1307,10,381,596,624,550,597,1,133,321,381,307,308,9,248,275,243,243,289
2019,3,A,골목상권,2110781,대림한신아파트,2729,1429,1300,10,494,537,578,601,509,3,165,272,297,334,358,7,329,265,281,267,151
2019,3,A,골목상권,2110780,신길대성유니드아파트,1457,982,475,0,146,314,351,378,268,0,98,190,228,249,217,0,48,124,123,129,51
2019,3,A,골목상권,2110779,대림갑을명가아파트,1263,769,494,8,176,242,295,313,229,2,71,149,183,193,171,6,105,93,112,120,58
2019,3,A,골목상권,2110778,구로디지털단지역 4번,18442,10711,7731,47,3852,6574,4649,2056,1264,22,1604,3929,2980,1297,879,25,2248,2645,1669,759,385
2019,3,A,골목상권,2110777,구로세무서,8753,5467,3286,38,1728,2584,2299,1369,735,8,714,1507,1595,1047,596,30,1014,1077,704,322,139
2019,3,A,골목상권,2110776,도신초등학교,4615,3254,1361,20,543,1162,1265,958,667,7,302,821,951,661,512,13,241,341,314,297,155
2019,3,A,골목상권,2110775,대동초등학교,1849,893,956,3,358,379,385,405,319,2,108,180,184,205,214,1,250,199,201,200,105
2019,3,A,골목상권,2110774,당산반도유보라팰리스아파트,8090,4937,3153,12,1388,2426,1775,1562,927,6,571,1431,1182,1040,707,6,817,995,593,522,220
2019,3,A,골목상권,2110773,당산역 13번,3034,1847,1187,9,346,582,627,683,787,3,175,339,372,406,552,6,171,243,255,277,235
2019,3,A,골목상권,2110772,신우어린이공원,2764,2049,715,10,313,766,823,543,309,4,190,567,655,395,238,6,123,199,168,148,71
2019,3,A,골목상권,2110771,대림역 11번,2290,1142,1148,6,383,433,513,541,414,3,115,212,257,292,263,3,268,221,256,249,151
2019,3,A,골목상권,2110770,영등포구청역 6번,8533,4891,3642,32,1174,2087,2076,1827,1337,21,521,1024,1197,1174,954,11,653,1063,879,653,383
2019,3,A,골목상권,2110769,대림차이나타운(대림역 12번),2125,1077,1048,3,422,494,498,478,230,2,157,258,276,249,135,1,265,236,222,229,95
2019,3,A,골목상권,2110768,도림2동유수지내체육시설,2748,1788,960,5,395,495,614,603,636,3,200,307,332,427,519,2,195,188,282,176,117
2019,3,A,골목상권,2110767,도림동주민센터,3253,2075,1178,6,453,605,760,702,727,4,222,370,426,482,571,2,231,235,334,220,156
2019,3,A,골목상권,2110766,대림역 5번,12824,8683,4141,22,1660,3107,2900,2658,2477,10,1057,2442,2210,1578,1386,12,603,665,690,1080,1091
2019,3,A,골목상권,2110765,문래동사거리,8149,5218,2931,15,1497,2268,2140,1343,886,6,631,1364,1491,1006,720,9,866,904,649,337,166
2019,3,A,골목상권,2110764,문래역 3번,6094,3306,2788,22,1586,1582,1390,854,660,13,578,860,839,532,484,9,1008,722,551,322,176
2019,3,A,골목상권,2110763,영등포구청역 2번,14709,7961,6748,37,2456,3464,2935,3320,2497,12,1111,1869,1719,1794,1456,25,1345,1595,1216,1526,1041
2019,3,A,골목상권,2110762,선유도역 1번,13918,7795,6123,37,2398,3825,3823,2351,1484,16,947,2263,2147,1327,1095,21,1451,1562,1676,1024,389
2019,3,A,골목상권,2110761,문래동남성맨션,2420,1521,899,6,268,508,689,547,402,2,116,307,419,366,311,4,152,201,270,181,91
2019,3,A,골목상권,2110760,선유도역 6번,13687,7697,5990,34,2480,4001,3833,2162,1177,15,1034,2432,2162,1223,831,19,1446,1569,1671,939,346
2019,3,A,골목상권,2110759,문래예술촌(문래창작촌),61990,47982,14008,42,8242,22113,20626,9031,1936,20,4933,16425,17745,7448,1411,22,3309,5688,2881,1583,525
2019,3,A,골목상권,2110758,문래소공원,16108,8445,7663,71,3444,4091,3522,3505,1475,24,1595,2964,1804,989,1069,47,1849,1127,1718,2516,406
2019,3,A,골목상권,2110757,양평역 2번,5331,3982,1349,17,611,1292,1280,1056,1075,11,371,981,979,768,872,6,240,311,301,288,203
2019,3,A,골목상권,2110756,문래중학교,2888,2017,871,4,269,608,736,647,624,2,139,427,520,454,475,2,130,181,216,193,149
2019,3,A,골목상권,2110755,동일여자고등학교,2353,1217,1136,31,315,535,539,518,415,23,156,292,267,218,261,8,159,243,272,300,154
2019,3,A,골목상권,2110754,삼성산자연공원(서울금천초등학교),2812,1474,1338,31,368,607,659,625,522,23,173,346,343,263,326,8,195,261,316,362,196
2019,3,A,골목상권,2110753,시흥동 은행나무사거리,2352,1272,1080,13,266,461,560,583,469,13,134,261,267,294,303,0,132,200,293,289,166
2019,3,A,골목상권,2110752,한울중학교,2732,1626,1106,10,363,553,692,713,401,8,222,315,375,400,306,2,141,238,317,313,95
2019,3,A,골목상권,2110751,난곡중학교,5379,3794,1585,3,338,966,989,1060,2023,3,194,567,606,642,1782,0,144,399,383,418,241
2019,3,A,골목상권,2110750,시흥4동주민센터(서울신흥초등학교),1321,739,582,7,177,270,357,320,190,7,93,165,205,141,128,0,84,105,152,179,62
2019,3,A,골목상권,2110749,금산초등학교(금천고등학교),8443,5072,3371,8,601,1255,2001,2257,2321,2,300,809,1159,1281,1521,6,301,446,842,976,800
2019,3,A,골목상권,2110748,백산초등학교,2044,1249,795,0,247,389,513,520,375,0,148,250,297,292,262,0,99,139,216,228,113
2019,3,A,골목상권,2110747,석수역 1번 출입구,1246,921,325,4,80,175,272,313,402,4,49,121,182,220,345,0,31,54,90,93,57
2019,3,A,골목상권,2110746,금천금빛공원(은행나무사거리서측),1497,698,799,0,130,252,379,403,333,0,37,114,176,189,182,0,93,138,203,214,151
2019,3,A,골목상권,2110745,독산동정훈단지,1752,1001,751,1,185,311,371,512,372,0,103,129,171,302,296,1,82,182,200,210,76
2019,3,A,골목상권,2110744,독산동성당,2623,1676,947,3,313,570,606,644,487,2,191,366,363,384,370,1,122,204,243,260,117
2019,3,A,골목상권,2110743,시흥초등학교(시흥1동우체국),2580,1195,1385,5,373,484,629,644,445,5,143,241,290,260,256,0,230,243,339,384,189
2019,3,A,골목상권,2110742,KT금천빌딩(금천구시설관리공단),6223,3901,2322,6,452,901,1325,1542,1997,2,300,611,842,939,1207,4,152,290,483,603,790
2019,3,A,골목상권,2110741,독산2동주민센터,2289,1313,976,5,270,454,544,623,393,3,143,234,284,353,296,2,127,220,260,270,97
2019,3,A,골목상권,2110740,금천해태공원,4562,2602,1960,17,994,1138,821,722,870,11,459,627,403,349,753,6,535,511,418,373,117
2019,3,A,골목상권,2110739,시흥3동 우편취급국,6761,3933,2828,8,477,969,1603,1825,1879,2,236,642,927,987,1139,6,241,327,676,838,740
2019,3,A,골목상권,2110738,문성초등학교,3252,2041,1211,8,451,736,836,749,472,4,260,478,528,432,339,4,191,258,308,317,133
2019,3,A,골목상권,2110737,금천세무서,2761,1644,1117,4,303,633,724,667,430,0,154,344,435,395,316,4,149,289,289,272,114
2019,3,A,골목상권,2110736,독산119안전센터,3673,2416,1257,10,406,723,866,965,703,6,228,456,564,609,553,4,178,267,302,356,150
2019,3,A,골목상권,2110735,말미고개,3760,2433,1327,11,395,697,744,894,1019,7,212,399,430,515,870,4,183,298,314,379,149
2019,3,A,골목상권,2110734,금천파출소,2914,1336,1578,8,823,868,514,428,273,2,360,453,219,171,131,6,463,415,295,257,142
2019,3,A,골목상권,2110733,금천어울림복지센터,3924,2277,1647,5,375,853,868,936,887,5,131,354,434,586,767,0,244,499,434,350,120
2019,3,A,골목상권,2110732,가산초등학교(세일중학교),3759,2325,1434,13,484,830,971,870,591,8,258,508,584,519,448,5,226,322,387,351,143
2019,3,A,골목상권,2110731,금천구청역 1번 출입구,5404,2682,2722,13,1012,1519,1156,1137,567,7,427,700,528,646,374,6,585,819,628,491,193
2019,3,A,골목상권,2110730,서울축산농협 독산역지점(독산파출소),8993,5537,3456,15,588,1165,1328,1787,4110,12,304,711,789,1040,2681,3,284,454,539,747,1429
2019,3,A,골목상권,2110729,가산동우체국,7878,4797,3081,45,1242,2053,1972,1259,1307,31,623,1305,1314,801,723,14,619,748,658,458,584
2019,3,A,골목상권,2110728,두산초등학교,18813,12290,6523,53,2158,4316,4053,3363,4870,37,1141,2802,2826,2233,3251,16,1017,1514,1227,1130,1619
2019,3,A,골목상권,2110727,독산역 1번 출입구,17617,11426,6191,45,2056,4066,3720,3070,4660,31,1074,2647,2599,2024,3051,14,982,1419,1121,1046,1609
2019,3,A,골목상권,2110726,금천철쭉어린이공원(금하마을),1380,874,506,12,216,300,294,303,255,11,130,188,203,157,185,1,86,112,91,146,70
2019,3,A,골목상권,2110725,가산동주민센터,19469,11307,8162,75,3986,5978,4781,2774,1875,52,1829,3633,3035,1567,1191,23,2157,2345,1746,1207,684
2019,3,A,골목상권,2110724,금천구립가산도서관,16827,10150,6677,58,2755,5011,4276,2823,1904,36,1414,3059,2833,1730,1078,22,1341,1952,1443,1093,826
2019,3,A,골목상권,2110723,가산디지털단지역 1번 출입구,35785,23667,12118,157,7089,11356,9044,5055,3084,113,3523,7551,6612,3524,2344,44,3566,3805,2432,1531,740
2019,3,A,골목상권,2110722,G타워,32914,19970,12944,87,6281,11553,8734,4034,2225,48,2811,7179,5742,2516,1674,39,3470,4374,2992,1518,551
2019,3,A,골목상권,2110721,가리봉파출소,17775,12056,5719,63,3247,5970,4648,2519,1328,44,1700,4174,3448,1651,1039,19,1547,1796,1200,868,289
2019,3,A,골목상권,2110720,대림역 2번,3017,1775,1242,2,277,547,799,859,533,0,133,297,440,534,371,2,144,250,359,325,162
2019,3,A,골목상권,2110719,영서중학교,16680,11800,4880,69,3459,5757,4091,2093,1211,43,1882,4064,3218,1603,990,26,1577,1693,873,490,221
2019,3,A,골목상권,2110718,한국SGI본부,18418,11137,7281,43,2230,4064,4378,4378,3325,33,1441,2929,2748,2113,1873,10,789,1135,1630,2265,1452
2019,3,A,골목상권,2110717,남구로역 2번,35694,24085,11609,129,6974,11970,8890,4789,2942,87,3590,8256,6603,3264,2285,42,3384,3714,2287,1525,657
2019,3,A,골목상권,2110716,구로나눔길,4824,2726,2098,3,514,1325,1180,1192,610,1,228,703,651,795,348,2,286,622,529,397,262
2019,3,A,골목상권,2110715,구로구민회관,12842,8452,4390,10,1616,3437,2995,2816,1968,6,1035,2480,2061,1738,1132,4,581,957,934,1078,836
2019,3,A,골목상권,2110714,구로4동주민센터,6227,3626,2601,12,660,1578,1485,1601,891,6,289,805,839,1098,589,6,371,773,646,503,302
2019,3,A,골목상권,2110713,구로보건소,8515,5102,3413,18,1052,2073,2311,1882,1179,9,459,1271,1452,1126,785,9,593,802,859,756,394
2019,3,A,골목상권,2110712,남구로역 5번,1737,921,816,9,199,299,404,408,418,6,87,152,185,218,273,3,112,147,219,190,145
2019,3,A,골목상권,2110711,구로초등학교,6561,3421,3140,7,920,1709,1546,1502,877,1,316,811,798,960,535,6,604,898,748,542,342
2019,3,A,골목상권,2110710,남구로역 3번,28029,18201,9828,109,5255,8509,6994,4224,2938,85,2572,5593,4963,2807,2181,24,2683,2916,2031,1417,757
2019,3,A,골목상권,2110709,구로119안전센터,1447,732,715,0,149,241,330,387,340,0,65,102,181,192,192,0,84,139,149,195,148
2019,3,A,골목상권,2110708,화원어린이공원,2642,1353,1289,4,501,719,630,436,352,1,133,323,343,276,277,3,368,396,287,160,75
2019,3,A,골목상권,2110707,구로창업지원센터,8113,5855,2258,10,814,2235,2182,1736,1136,7,483,1638,1629,1239,859,3,331,597,553,497,277
2019,3,A,골목상권,2110706,그라운드 고척,3463,2253,1210,3,384,737,795,831,713,3,192,445,461,537,615,0,192,292,334,294,98
2019,3,A,골목상권,2110705,고산초등학교,2986,1984,1002,3,350,652,685,687,609,3,185,389,399,462,546,0,165,263,286,225,63
2019,3,A,골목상권,2110704,고척중학교,4152,2466,1686,3,459,877,979,1011,823,3,239,470,485,582,687,0,220,407,494,429,136
2019,3,A,골목상권,2110703,개봉역,9180,5043,4137,29,1309,2146,2113,2266,1317,18,727,1315,1042,1082,859,11,582,831,1071,1184,458
2019,3,A,골목상권,2110702,개봉초등학교,1817,982,835,3,179,387,487,435,326,3,93,191,248,249,198,0,86,196,239,186,128
2019,3,A,골목상권,2110701,고척동성당,5095,3815,1280,10,439,1136,1445,1673,392,4,236,830,1108,1343,294,6,203,306,337,330,98
2019,3,A,골목상권,2110700,고척초등학교,6708,4740,1968,14,555,1478,1913,2116,632,11,288,1039,1376,1575,451,3,267,439,537,541,181
2019,3,A,골목상권,2110699,덕의초등학교,2653,1732,921,10,298,613,671,722,339,8,172,415,436,434,267,2,126,198,235,288,72
2019,3,A,골목상권,2110698,개웅초등학교(개웅중학교),2957,1326,1631,11,409,550,704,835,448,10,208,289,263,286,270,1,201,261,441,549,178
2019,3,A,골목상권,2110697,개봉3동주민센터,1302,762,540,2,178,275,309,283,255,2,78,158,173,169,182,0,100,117,136,114,73
2019,3,A,골목상권,2110696,오류동역 1번,3925,2482,1443,18,855,1199,768,600,485,13,475,824,463,345,362,5,380,375,305,255,123
2019,3,A,골목상권,2110695,개봉1동주민센터,2611,1567,1044,8,244,622,705,648,384,7,123,376,405,367,289,1,121,246,300,281,95
2019,3,A,골목상권,2110694,세곡초등학교,2322,1374,948,1,230,494,604,632,361,0,109,281,338,363,283,1,121,213,266,269,78
2019,3,A,골목상권,2110693,오류동역 4번,2421,1568,853,2,252,458,650,782,277,0,184,292,433,468,191,2,68,166,217,314,86
2019,3,A,골목상권,2110692,큰굴다리,3543,2286,1257,3,376,624,880,1036,624,1,253,398,557,621,456,2,123,226,323,415,168
2019,3,A,골목상권,2110691,개봉중학교,2547,1546,1001,5,274,505,566,654,543,4,138,297,339,363,405,1,136,208,227,291,138
2019,3,A,골목상권,2110690,오류2동버들시장,4367,2759,1608,3,478,941,1214,1163,568,0,269,544,771,751,424,3,209,397,443,412,144
2019,3,A,골목상권,2110689,오류동역 3번,4655,2832,1823,14,482,828,1133,1420,778,8,291,502,704,797,530,6,191,326,429,623,248
2019,3,A,골목상권,2110688,오류지구대,1961,1157,804,7,156,345,488,596,369,4,78,187,281,334,273,3,78,158,207,262,96
2019,3,A,골목상권,2110687,"천왕역 3번(오류2동주민센터, 서울오류남초등학교)",1014,630,384,0,95,223,290,252,154,0,41,119,183,164,123,0,54,104,107,88,31
2019,3,A,골목상권,2110686,수궁동주민센터,2582,1514,1068,4,256,474,644,745,459,4,122,275,374,435,304,0,134,199,270,310,155
2019,3,A,골목상권,2110685,금강수목원아파트,1264,895,369,1,76,251,343,377,216,0,47,163,225,275,185,1,29,88,118,102,31
2019,3,A,골목상권,2110684,서울공연예술고등학교,1357,819,538,0,175,299,362,345,176,0,85,181,213,231,109,0,90,118,149,114,67
2019,3,A,골목상권,2110683,오류고등학교,1303,787,516,0,165,295,342,329,172,0,79,179,203,219,107,0,86,116,139,110,65
2019,3,A,골목상권,2110682,온수역 8번,1455,1121,334,1,61,224,331,459,379,1,36,141,224,361,358,0,25,83,107,98,21
2019,3,A,골목상권,2110681,온수역 1번,1561,1234,327,1,67,222,347,506,418,1,40,145,250,415,383,0,27,77,97,91,35
2019,3,A,골목상권,2110680,온수역 5번(온수산업단지),2347,1717,630,22,212,430,533,674,476,22,143,283,364,498,407,0,69,147,169,176,69
2019,3,A,골목상권,2110679,염창역 2번,4365,2937,1428,6,593,993,1190,991,592,4,364,626,809,704,430,2,229,367,381,287,162
2019,3,A,골목상권,2110678,염창무학아파트,2567,1798,769,5,414,581,572,570,425,3,279,406,374,403,333,2,135,175,198,167,92
2019,3,A,골목상권,2110677,등촌역 1번,9191,6287,2904,29,1215,2298,2118,1725,1806,21,535,1444,1421,1262,1604,8,680,854,697,463,202
2019,3,A,골목상권,2110676,등촌역 7번,3064,1917,1147,12,382,688,763,731,488,9,159,416,472,491,370,3,223,272,291,240,118
2019,3,A,골목상권,2110675,화곡4동주민센터,3048,1366,1682,5,667,824,677,554,321,1,130,381,334,296,224,4,537,443,343,258,97
2019,3,A,골목상권,2110674,강서구청가양동별관,3849,2519,1330,12,554,870,997,786,630,9,380,606,693,506,325,3,174,264,304,280,305
2019,3,A,골목상권,2110673,뜸부기어린이공원,5002,2382,2620,3,943,1240,1138,1077,601,1,272,559,592,555,403,2,671,681,546,522,198
2019,3,A,골목상권,2110672,백석중학교,3665,1998,1667,4,437,744,899,964,617,3,198,363,531,571,332,1,239,381,368,393,285
2019,3,A,골목상권,2110671,등촌1동주민센터,14779,9352,5427,43,2713,3912,3549,2677,1885,23,1130,2494,2480,1856,1369,20,1583,1418,1069,821,516
2019,3,A,골목상권,2110670,신곡초등학교,2260,1180,1080,4,230,632,672,488,234,2,108,326,318,274,152,2,122,306,354,214,82
2019,3,A,골목상권,2110669,화곡보람2차아파트,4932,2963,1969,4,1139,1423,1006,672,688,3,357,943,770,432,458,1,782,480,236,240,230
2019,3,A,골목상권,2110668,화곡2동주민센터,3332,1845,1487,6,371,850,961,737,407,4,172,440,496,433,300,2,199,410,465,304,107
2019,3,A,골목상권,2110667,가양역 10번,2692,1499,1193,11,416,532,646,639,448,1,201,308,386,340,263,10,215,224,260,299,185
2019,3,A,골목상권,2110666,KC대학교,4991,3177,1814,4,544,1471,1224,1203,545,3,257,883,757,861,416,1,287,588,467,342,129
2019,3,A,골목상권,2110665,곰달래도서관,3527,2057,1470,7,409,749,901,913,548,6,225,447,514,476,389,1,184,302,387,437,159
2019,3,A,골목상권,2110664,강서구청옆,6512,3915,2597,6,729,1812,1623,1560,782,4,331,1073,984,1022,501,2,398,739,639,538,281
2019,3,A,골목상권,2110663,우장산롯데캐슬아파트앞,13003,7760,5243,24,1557,3335,3187,3349,1551,7,743,2144,2057,1861,948,17,814,1191,1130,1488,603
2019,3,A,골목상권,2110662,까치산역 1번,4550,2756,1794,6,476,1142,1221,1114,591,4,250,656,678,735,433,2,226,486,543,379,158
2019,3,A,골목상권,2110661,강서새말어린이공원,6077,3792,2285,2,551,1556,1555,1602,811,1,255,890,956,1096,594,1,296,666,599,506,217
2019,3,A,골목상권,2110660,등촌3동주민센터,12489,7127,5362,30,1610,2897,2963,2981,2008,12,759,1955,1895,1424,1082,18,851,942,1068,1557,926
2019,3,A,골목상권,2110659,화곡역 4번,5984,3115,2869,20,826,1521,1629,1295,693,14,328,798,832,735,408,6,498,723,797,560,285
2019,3,A,골목상권,2110658,화곡초등학교,4394,2572,1822,4,923,972,919,876,700,3,291,555,557,594,572,1,632,417,362,282,128
2019,3,A,골목상권,2110657,양천향교역 5번,10250,6179,4071,17,1248,2476,2487,2321,1701,15,609,1469,1628,1239,1219,2,639,1007,859,1082,482
2019,3,A,골목상권,2110656,까치산역 3번,3301,2002,1299,15,339,640,880,966,461,13,193,372,524,562,338,2,146,268,356,404,123
2019,3,A,골목상권,2110655,발산역 5번,4429,2218,2211,17,978,888,806,819,921,8,328,439,479,408,556,9,650,449,327,411,365
2019,3,A,골목상권,2110654,까치산역 4번,4530,2838,1692,14,388,834,1205,1389,700,13,218,501,721,901,484,1,170,333,484,488,216
2019,3,A,골목상권,2110653,화곡역 2번,4290,2250,2040,6,912,926,907,840,699,3,251,472,495,515,514,3,661,454,412,325,185
2019,3,A,골목상권,2110652,양천향교역 2번,6378,3772,2606,11,702,1492,1472,1591,1110,10,350,930,948,801,733,1,352,562,524,790,377
2019,3,A,골목상권,2110651,화원중학교,4052,2494,1558,11,410,831,994,1090,716,9,223,523,611,722,406,2,187,308,383,368,310
2019,3,A,골목상권,2110650,우장산힐스테이트,2843,1416,1427,12,755,576,525,578,397,4,258,272,289,310,283,8,497,304,236,268,114
2019,3,A,골목상권,2110649,우장산역 1번,3440,1651,1789,14,809,675,708,793,441,4,273,326,346,384,318,10,536,349,362,409,123
2019,3,A,골목상권,2110648,양천향교역 7번,6209,3769,2440,11,678,1352,1451,1463,1254,11,339,822,966,731,900,0,339,530,485,732,354
2019,3,A,골목상권,2110647,화곡역 5번,4276,2179,2097,17,558,966,1036,964,735,14,239,534,551,494,347,3,319,432,485,470,388
2019,3,A,골목상권,2110646,푸른들청소년도서관,7627,4439,3188,15,879,1685,1876,1925,1247,8,439,1064,1049,1034,845,7,440,621,827,891,402
2019,3,A,골목상권,2110645,우장산역 4번,6613,3798,2815,13,703,1394,1710,1812,981,7,350,857,901,974,709,6,353,537,809,838,272
2019,3,A,골목상권,2110644,신광명마을,1548,1024,524,9,109,222,390,458,360,6,51,120,250,303,294,3,58,102,140,155,66
2019,3,A,골목상권,2110643,강서구다솔마을,1662,1051,611,0,165,390,480,416,211,0,94,248,322,251,136,0,71,142,158,165,75
2019,3,A,골목상권,2110642,정곡초등학교,1054,838,216,1,69,163,229,291,301,0,40,106,165,251,276,1,29,57,64,40,25
2019,3,A,골목상권,2110641,공항고등학교,2719,1530,1189,7,560,717,557,522,356,1,218,395,333,315,268,6,342,322,224,207,88
2019,3,A,골목상권,2110640,방화역 1번,4890,3153,1737,6,481,1071,1227,1277,828,4,272,585,738,882,672,2,209,486,489,395,156
2019,3,A,골목상권,2110639,신방화역 8번,2017,1008,1009,2,211,314,440,498,552,2,79,178,277,252,220,0,132,136,163,246,332
2019,3,A,골목상권,2110638,신방화역 2번,4176,2662,1514,8,463,841,1155,1082,627,3,238,502,784,679,456,5,225,339,371,403,171
2019,3,A,골목상권,2110637,송정역 2번,2553,1564,989,9,207,369,554,613,801,4,93,216,376,412,463,5,114,153,178,201,338
2019,3,A,골목상권,2110636,방화역 2번,4302,2640,1662,6,394,857,1239,1135,671,2,211,449,774,702,502,4,183,408,465,433,169
2019,3,A,골목상권,2110635,공항시장역 3번,2692,1480,1212,10,341,541,615,537,648,5,148,319,393,309,306,5,193,222,222,228,342
2019,3,A,골목상권,2110634,송정역 3번,3058,1994,1064,9,336,656,772,755,530,3,170,394,487,512,428,6,166,262,285,243,102
2019,3,A,골목상권,2110633,개화산역 1번,2426,1674,752,5,216,479,739,655,332,1,120,292,551,457,253,4,96,187,188,198,79
2019,3,A,골목상권,2110632,방화역 3번,7606,5793,1813,5,693,1735,2021,2318,834,1,480,1289,1515,1843,665,4,213,446,506,475,169
2019,3,A,골목상권,2110631,방화초등학교,2530,1477,1053,4,357,555,584,582,448,3,181,321,318,331,323,1,176,234,266,251,125
2019,3,A,골목상권,2110630,공항시장역 1번,33053,17260,15793,5,5309,11094,9105,6183,1357,5,1151,4535,5293,5359,917,0,4158,6559,3812,824,440
2019,3,A,골목상권,2110629,송정역 4번,31231,16356,14875,2,5110,10825,8774,5800,720,1,1075,4401,5107,5168,604,1,4035,6424,3667,632,116
2019,3,A,골목상권,2110628,신목동역,2462,1460,1002,5,333,690,664,490,280,3,143,384,416,330,184,2,190,306,248,160,96
2019,3,A,골목상권,2110627,신정롯데캐슬아파트,7258,4229,3029,27,1032,1924,1842,1729,704,18,481,1159,1113,958,500,9,551,765,729,771,204
2019,3,A,골목상권,2110626,양화초등학교,5621,3343,2278,7,876,1418,1496,1275,549,4,442,754,962,794,387,3,434,664,534,481,162
2019,3,A,골목상권,2110625,신정2동주민센터,14288,9267,5021,67,1766,3944,3509,3376,1626,52,979,2646,2286,2135,1169,15,787,1298,1223,1241,457
2019,3,A,골목상권,2110624,목동문화체육센터,2569,1218,1351,0,382,653,732,539,263,0,183,307,318,239,171,0,199,346,414,300,92
2019,3,A,골목상권,2110623,갈산공원,1996,1226,770,3,231,476,492,448,346,2,121,294,288,267,254,1,110,182,204,181,92
2019,3,A,골목상권,2110622,달마을공원,4640,2830,1810,6,620,1129,1323,1101,461,3,301,648,845,707,326,3,319,481,478,394,135
2019,3,A,골목상권,2110621,목동역 5번,11540,6112,5428,25,2083,3232,3039,1887,1274,16,771,1760,1718,1038,809,9,1312,1472,1321,849,465
2019,3,A,골목상권,2110620,목동보건지소,4383,2284,2099,6,515,1077,1254,962,569,2,259,607,580,457,379,4,256,470,674,505,190
2019,3,A,골목상권,2110619,목4동주민센터,4264,2062,2202,4,852,1184,1069,850,305,2,195,529,608,496,232,2,657,655,461,354,73
2019,3,A,골목상권,2110618,강서고등학교,4664,2487,2177,4,882,1223,1100,988,467,1,239,614,653,614,366,3,643,609,447,374,101
2019,3,A,골목상권,2110617,등촌역 4번,3588,2002,1586,7,488,855,864,880,494,4,212,480,482,492,332,3,276,375,382,388,162
2019,3,A,골목상권,2110616,양목초등학교,1736,893,843,3,174,389,402,431,337,2,77,196,205,230,183,1,97,193,197,201,154
2019,3,A,골목상권,2110615,신서초등학교,9656,5570,4086,21,1664,2749,2563,1808,851,16,594,1649,1582,1143,586,5,1070,1100,981,665,265
2019,3,A,골목상권,2110614,목동로데오거리,3339,1695,1644,8,463,772,874,760,462,6,172,381,457,388,291,2,291,391,417,372,171
2019,3,A,골목상권,2110613,신정네거리역 4번,700,342,358,2,68,111,160,191,168,1,28,53,76,89,95,1,40,58,84,102,73
2019,3,A,골목상권,2110612,신정역 5번,4117,1891,2226,7,836,806,889,879,700,5,253,370,447,413,403,2,583,436,442,466,297
2019,3,A,골목상권,2110611,신정역 1번,5132,2655,2477,16,1004,1027,1092,1155,838,14,397,589,632,548,475,2,607,438,460,607,363
2019,3,A,골목상권,2110610,계남근린공원,2603,1714,889,2,344,778,844,371,264,1,158,481,648,239,187,1,186,297,196,132,77
2019,3,A,골목상권,2110609,신정네거리역 2번,3592,2649,943,4,247,426,639,647,1629,1,116,228,339,439,1526,3,131,198,300,208,103
2019,3,A,골목상권,2110608,신월2동주민센터,4221,2380,1841,15,446,818,1104,1064,774,12,229,470,552,533,584,3,217,348,552,531,190
2019,3,A,골목상권,2110607,금빛새마을금고본점,3218,2541,677,6,213,358,484,558,1599,2,118,210,292,400,1519,4,95,148,192,158,80
2019,3,A,골목상권,2110606,신한은행 신월동지점,3769,2665,1104,2,208,398,744,1141,1276,1,103,237,412,807,1105,1,105,161,332,334,171
2019,3,A,골목상권,2110605,목동센트럴아이파크앞,1959,1111,848,1,144,289,447,598,480,0,68,160,221,330,332,1,76,129,226,268,148
2019,3,A,골목상권,2110604,신월4동주민센터,3150,2154,996,4,227,420,643,975,881,2,120,246,355,674,757,2,107,174,288,301,124
2019,3,A,골목상권,2110603,지향초등학교,3105,1995,1110,2,318,588,771,854,572,0,216,394,468,509,408,2,102,194,303,345,164
2019,3,A,골목상권,2110602,신월시영아파트중문,3409,2407,1002,4,261,398,699,1085,962,2,159,258,418,753,817,2,102,140,281,332,145
2019,3,A,골목상권,2110601,신월1동우편취급국,2793,1795,998,12,327,516,666,845,427,8,195,333,405,539,315,4,132,183,261,306,112
2019,3,A,골목상권,2110600,신월7동주민센터,4387,2891,1496,3,347,495,748,1258,1536,2,196,319,494,853,1027,1,151,176,254,405,509
2019,3,A,골목상권,2110599,신월1파출소,2186,1235,951,4,202,383,598,715,284,3,126,219,290,395,202,1,76,164,308,320,82
2019,3,A,골목상권,2110598,신월문화체육센터,3703,2206,1497,3,275,416,643,1042,1324,2,150,251,369,638,796,1,125,165,274,404,528
2019,3,A,골목상권,2110597,신월1동주민센터,3246,1846,1400,9,301,608,763,908,657,8,174,360,387,507,410,1,127,248,376,401,247
2019,3,A,골목상권,2110596,서서울호수공원,2277,1297,980,5,293,428,553,645,353,3,156,254,281,340,263,2,137,174,272,305,90
2019,3,A,골목상권,2110595,메디힐병원,3018,1709,1309,8,277,608,690,832,603,8,154,331,379,476,361,0,123,277,311,356,242
2019,3,A,골목상권,2110594,신월중학교,1251,643,608,9,141,289,336,336,140,6,68,140,172,167,90,3,73,149,164,169,50
2019,3,A,골목상권,2110593,신월3동주민센터,1785,1080,705,5,152,300,392,483,453,5,72,158,207,297,341,0,80,142,185,186,112
2019,3,A,골목상권,2110592,서울금융고등학교,1539,1010,529,5,116,254,309,420,435,5,56,130,187,298,334,0,60,124,122,122,101
2019,3,A,골목상권,2110591,충정로역 6번,6233,3512,2721,6,1206,1916,1580,935,590,1,537,1058,916,590,410,5,669,858,664,345,180
2019,3,A,골목상권,2110590,만리재,1628,841,787,2,143,275,441,504,263,2,55,151,212,264,157,0,88,124,229,240,106
2019,3,A,골목상권,2110589,애오개역 3번,2288,997,1291,0,344,672,781,383,108,0,128,333,344,119,73,0,216,339,437,264,35
2019,3,A,골목상권,2110588,한겨레신문사,3913,2012,1901,8,744,905,1024,877,355,5,323,474,493,497,220,3,421,431,531,380,135
2019,3,A,골목상권,2110587,공덕동주민센터,9284,5451,3833,28,1416,2569,2710,1985,576,9,595,1456,1621,1378,392,19,821,1113,1089,607,184
2019,3,A,골목상권,2110586,서울서부지방법원,22401,13134,9267,67,3921,6764,6543,4057,1049,24,1511,3695,4183,2987,734,43,2410,3069,2360,1070,315
2019,3,A,골목상권,2110585,마포경찰서,7770,4482,3288,14,1324,2561,2340,1167,364,3,604,1490,1421,723,241,11,720,1071,919,444,123
2019,3,A,골목상권,2110584,아현역 4번,1680,871,809,5,395,509,340,256,175,1,152,271,178,151,118,4,243,238,162,105,57
2019,3,A,골목상권,2110583,공덕래미안3차아파트,11686,7319,4367,40,1783,3639,3432,2205,587,12,793,2206,2265,1632,411,28,990,1433,1167,573,176
2019,3,A,골목상권,2110582,이대역 5번,1135,454,681,3,159,252,290,272,159,2,39,85,99,136,93,1,120,167,191,136,66
2019,3,A,골목상권,2110581,염리초등학교,31914,18095,13819,36,4244,6909,6534,10636,3555,16,1594,3545,3580,7094,2266,20,2650,3364,2954,3542,1289
2019,3,A,골목상권,2110580,양원초등학교,1142,579,563,20,244,256,241,234,147,8,89,132,124,137,89,12,155,124,117,97,58
2019,3,A,골목상권,2110579,마포역 4번,8472,5421,3051,15,1238,2156,2026,1752,1285,8,601,1275,1387,1211,939,7,637,881,639,541,346
2019,3,A,골목상권,2110578,대흥역 2번,22799,12779,10020,98,3453,4754,4285,8016,2193,37,1102,2134,2014,5811,1681,61,2351,2620,2271,2205,512
2019,3,A,골목상권,2110577,용강동주민센터,24739,13847,10892,86,3694,5611,5130,8380,1838,32,1207,2608,2523,6079,1398,54,2487,3003,2607,2301,440
2019,3,A,골목상권,2110576,대흥역 3번,24544,13815,10729,89,3392,5062,4836,8751,2414,36,1049,2269,2319,6330,1812,53,2343,2793,2517,2421,602
2019,3,A,골목상권,2110575,대흥동주민센터,2275,1101,1174,27,525,566,441,438,278,12,173,251,212,251,202,15,352,315,229,187,76
2019,3,A,골목상권,2110574,서강대학교,2060,1165,895,18,363,449,486,442,302,6,148,243,309,254,205,12,215,206,177,188,97
2019,3,A,골목상권,2110573,신촌역 6번,1663,778,885,24,392,410,340,303,194,11,108,160,172,180,147,13,284,250,168,123,47
2019,3,A,골목상권,2110572,서강대역 1번,7242,3799,3443,35,1208,1955,1741,1520,783,19,409,909,984,958,520,16,799,1046,757,562,263
2019,3,A,골목상권,2110571,신수동주민센터,5989,3435,2554,16,721,1639,1531,1379,703,13,299,818,878,915,512,3,422,821,653,464,191
2019,3,A,골목상권,2110570,KB국민은행 서강지점,1709,1003,706,11,225,479,461,346,187,9,113,266,251,217,147,2,112,213,210,129,40
2019,3,A,골목상권,2110569,홍대땡땡거리,3719,1888,1831,9,743,1106,877,612,372,6,237,573,488,361,223,3,506,533,389,251,149
2019,3,A,골목상권,2110568,광흥창역 1번,2208,1192,1016,3,339,646,526,470,224,1,105,335,333,288,130,2,234,311,193,182,94
2019,3,A,골목상권,2110567,광흥창역 6번,2114,1206,908,2,257,498,544,505,308,1,75,227,325,329,249,1,182,271,219,176,59
2019,3,A,골목상권,2110566,경의선책거리,10243,5841,4402,22,1711,2520,2568,1938,1484,13,693,1411,1544,1145,1035,9,1018,1109,1024,793,449
2019,3,A,골목상권,2110565,홍익대,4784,3257,1527,8,779,1195,1182,921,699,4,423,790,831,661,548,4,356,405,351,260,151
2019,3,A,골목상권,2110564,홍대입구역 3번,6256,3134,3122,23,1014,1603,1560,1158,898,11,334,815,839,583,552,12,680,788,721,575,346
2019,3,A,골목상권,2110563,상수역 3번,3507,2180,1327,32,1095,1141,628,409,202,16,555,810,411,245,143,16,540,331,217,164,59
2019,3,A,골목상권,2110562,연트럴파크(연남동주민센터),4762,2687,2075,15,656,1191,1178,1037,685,11,259,693,681,563,480,4,397,498,497,474,205
2019,3,A,골목상권,2110561,상수역 4번,4952,3086,1866,45,1391,1585,976,668,287,24,686,1098,657,409,212,21,705,487,319,259,75
2019,3,A,골목상권,2110560,마포FM,6857,3862,2995,20,1069,1874,1642,1272,980,11,411,1082,1109,730,519,9,658,792,533,542,461
2019,3,A,골목상권,2110559,성산중학교,7050,4230,2820,38,1678,2172,1593,1079,490,20,760,1362,1025,707,356,18,918,810,568,372,134
2019,3,A,골목상권,2110558,경성고등학교,5815,3598,2217,12,792,1432,1437,1322,820,9,364,865,891,853,616,3,428,567,546,469,204
2019,3,A,골목상권,2110557,홍대부속여중고앞,9695,5664,4031,21,1547,2569,2370,1642,1546,14,580,1388,1486,1037,1159,7,967,1181,884,605,387
2019,3,A,골목상권,2110556,절두산순교성지,1762,1115,647,5,264,495,482,367,149,5,112,298,320,267,113,0,152,197,162,100,36
2019,3,A,골목상권,2110555,홍익지구대,5458,2805,2653,16,1018,1636,1292,862,634,8,333,768,783,502,411,8,685,868,509,360,223
2019,3,A,골목상권,2110554,망원역 1번,14113,8190,5923,48,1643,2933,2997,3183,3309,36,620,1626,1929,2058,1921,12,1023,1307,1068,1125,1388
2019,3,A,골목상권,2110553,가좌역 2번,2212,1406,806,2,191,356,536,641,486,1,82,190,345,440,348,1,109,166,191,201,138
2019,3,A,골목상권,2110552,성미산체육관,3795,2273,1522,17,593,874,891,908,512,6,250,520,555,597,345,11,343,354,336,311,167
2019,3,A,골목상권,2110551,성서초등학교,7596,5276,2320,37,610,1271,1719,2263,1696,32,303,861,1190,1580,1310,5,307,410,529,683,386
2019,3,A,골목상권,2110550,합정역 8번,7117,3982,3135,14,1262,1943,1662,1236,1000,10,526,1024,1023,742,657,4,736,919,639,494,343
2019,3,A,골목상권,2110549,새터산,3535,2051,1484,14,491,731,853,924,522,5,220,429,513,553,331,9,271,302,340,371,191
2019,3,A,골목상권,2110548,마포구청역 4번,8286,5569,2717,47,935,1579,1954,2522,1249,34,447,1047,1365,1771,905,13,488,532,589,751,344
2019,3,A,골목상권,2110547,KB국민은행 망원동지점,8572,5841,2731,46,921,1543,1945,2399,1718,33,412,997,1351,1700,1348,13,509,546,594,699,370
2019,3,A,골목상권,2110546,양화대교북단,2646,1610,1036,2,486,724,618,458,358,2,221,414,414,312,247,0,265,310,204,146,111
2019,3,A,골목상권,2110545,마포구청역 1번,3420,1808,1612,14,490,671,801,943,501,5,207,391,443,480,282,9,283,280,358,463,219
2019,3,A,골목상권,2110544,망리단길,12137,7743,4394,40,1718,2686,2740,2833,2120,32,864,1549,1716,1927,1655,8,854,1137,1024,906,465
2019,3,A,골목상권,2110543,중암중학교,820,550,270,0,58,102,169,233,258,0,20,50,89,153,238,0,38,52,80,80,20
2019,3,A,골목상권,2110542,마포구청역 7번,3591,2062,1529,16,595,756,873,791,560,6,235,439,519,480,383,10,360,317,354,311,177
2019,3,A,골목상권,2110541,동교초등학교,2637,1500,1137,5,355,554,740,587,396,4,156,318,421,334,267,1,199,236,319,253,129
2019,3,A,골목상권,2110540,망원나들목체육관,2492,1455,1037,7,696,763,516,336,174,2,414,437,279,200,123,5,282,326,237,136,51
2019,3,A,골목상권,2110539,미근동,15762,9376,6386,31,2380,5278,4297,2787,989,12,985,2911,2731,1971,766,19,1395,2367,1566,816,223
2019,3,A,골목상권,2110538,충정로역 3번,11063,6557,4506,9,1887,3412,3015,1970,770,1,946,2082,1872,1146,510,8,941,1330,1143,824,260
2019,3,A,골목상권,2110537,충정로현대아파트,9676,5943,3733,15,1357,2764,2624,2097,819,8,673,1738,1669,1304,551,7,684,1026,955,793,268
2019,3,A,골목상권,2110536,돈의문센트레빌아파트입구,3863,2513,1350,17,450,959,959,1000,478,12,193,552,643,742,371,5,257,407,316,258,107
2019,3,A,골목상권,2110535,영천시장입구,2395,1260,1135,6,269,585,604,620,311,3,85,319,326,326,201,3,184,266,278,294,110
2019,3,A,골목상권,2110534,경기대학교,4979,2933,2046,4,795,1366,1142,901,771,1,322,746,745,587,532,3,473,620,397,314,239
2019,3,A,골목상권,2110533,충정로역 7번,4489,2562,1927,5,791,1418,1158,703,414,0,341,791,740,447,243,5,450,627,418,256,171
2019,3,A,골목상권,2110532,아현역 2번,2020,1125,895,6,432,577,439,360,206,2,172,336,254,241,120,4,260,241,185,119,86
2019,3,A,골목상권,2110531,홍지문,1335,639,696,1,154,362,348,295,175,0,51,153,172,150,113,1,103,209,176,145,62
2019,3,A,골목상권,2110530,아현역 1번,1519,802,717,5,382,469,295,225,143,1,146,263,160,136,96,4,236,206,135,89,47
2019,3,A,골목상권,2110529,홍제3동주민센터,1667,712,955,1,223,307,414,477,245,1,70,130,165,201,145,0,153,177,249,276,100
2019,3,A,골목상권,2110528,서울여자간호대학교,1348,708,640,1,154,241,328,312,312,1,53,120,161,179,194,0,101,121,167,133,118
2019,3,A,골목상권,2110527,홍제역 2번,2557,1198,1359,3,283,395,665,862,349,2,102,218,303,392,181,1,181,177,362,470,168
2019,3,A,골목상권,2110526,봉원사,2747,1521,1226,0,287,831,733,633,263,0,98,325,417,479,202,0,189,506,316,154,61
2019,3,A,골목상권,2110525,홍은종합사회복지관,1350,614,736,1,113,203,329,407,297,1,54,112,136,155,156,0,59,91,193,252,141
2019,3,A,골목상권,2110524,연희세브란스병원,2146,1317,829,0,202,592,560,558,234,0,84,268,331,440,194,0,118,324,229,118,40
2019,3,A,골목상권,2110523,홍제성원아파트,558,225,333,0,89,138,133,119,79,0,22,53,64,39,47,0,67,85,69,80,32
2019,3,A,골목상권,2110522,홍제역 3번,1504,805,699,1,167,246,396,511,183,0,48,127,216,292,122,1,119,119,180,219,61
2019,3,A,골목상권,2110521,홍제역 4번,2097,996,1101,1,221,333,536,742,264,0,78,167,262,348,141,1,143,166,274,394,123
2019,3,A,골목상권,2110520,경의중앙 신촌역,3910,2196,1714,10,556,1035,918,909,482,5,205,479,494,637,376,5,351,556,424,272,106
2019,3,A,골목상권,2110519,서대문구보건소별관,1659,953,706,1,263,459,444,321,171,0,96,245,274,218,120,1,167,214,170,103,51
2019,3,A,골목상권,2110518,서대문구청,4730,2659,2071,18,639,1326,1274,1141,332,15,273,698,718,748,207,3,366,628,556,393,125
2019,3,A,골목상권,2110517,서대문소방서,3913,2314,1599,17,522,1123,1077,781,393,13,236,669,693,475,228,4,286,454,384,306,165
2019,3,A,골목상권,2110516,정원여중,1608,953,655,1,277,456,426,299,149,0,105,254,272,214,108,1,172,202,154,85,41
2019,3,A,골목상권,2110515,홍은중학교,1347,802,545,1,255,434,324,209,124,1,84,264,220,144,89,0,171,170,104,65,35
2019,3,A,골목상권,2110514,서대문우체국,7189,5298,1891,5,885,1631,1436,2386,846,1,514,1023,995,2059,706,4,371,608,441,327,140
2019,3,A,골목상권,2110513,연희파출소,4616,2890,1726,19,658,1252,1113,997,577,11,313,755,746,661,404,8,345,497,367,336,173
2019,3,A,골목상권,2110512,연희지하차도,5210,2970,2240,24,663,1345,1383,1327,468,20,279,688,772,889,322,4,384,657,611,438,146
2019,3,A,골목상권,2110511,연희초등학교,8463,6197,2266,6,941,1939,1795,2685,1097,2,578,1280,1192,2226,919,4,363,659,603,459,178
2019,3,A,골목상권,2110510,홍연시장,1707,1030,677,9,167,308,412,514,297,8,77,199,214,319,213,1,90,109,198,195,84
2019,3,A,골목상권,2110509,연희대우아파트앞,9903,6535,3368,14,1344,2234,2146,2983,1182,7,646,1312,1304,2319,947,7,698,922,842,664,235
2019,3,A,골목상권,2110508,서연중학교,4073,2540,1533,18,511,909,870,1009,756,14,254,578,531,621,542,4,257,331,339,388,214
2019,3,A,골목상권,2110507,명지대학교,2390,1424,966,1,216,502,663,692,316,1,108,299,344,424,248,0,108,203,319,268,68
2019,3,A,골목상권,2110506,연희임광아파트,2209,1234,975,7,309,483,473,550,387,7,121,294,242,291,279,0,188,189,231,259,108
2019,3,A,골목상권,2110505,홍남교남측,594,361,233,0,45,102,186,178,83,0,16,58,106,123,58,0,29,44,80,55,25
2019,3,A,골목상권,2110504,명지전문대,1058,561,497,1,80,175,246,312,244,0,24,68,106,183,180,1,56,107,140,129,64
2019,3,A,골목상권,2110503,명지대학교교회,2738,1601,1137,1,233,510,742,805,447,0,127,301,372,463,338,1,106,209,370,342,109
2019,3,A,골목상권,2110502,남가좌파출소,971,460,511,0,96,187,304,278,106,0,31,86,139,135,69,0,65,101,165,143,37
2019,3,A,골목상권,2110501,연희어린이공원,1882,1073,809,8,237,428,444,457,308,6,92,268,239,248,220,2,145,160,205,209,88
2019,3,A,골목상권,2110500,남가좌동현대아파트,359,159,200,0,28,59,105,132,35,0,9,22,41,65,22,0,19,37,64,67,13
2019,3,A,골목상권,2110499,연가초등학교,1713,846,867,0,127,284,437,529,336,0,55,137,191,242,221,0,72,147,246,287,115
2019,3,A,골목상권,2110498,증산역 1번,2769,1510,1259,4,310,596,634,629,596,2,121,345,319,324,399,2,189,251,315,305,197
2019,3,A,골목상권,2110497,가좌역 3번,3791,2298,1493,3,251,413,643,955,1526,2,154,275,416,528,923,1,97,138,227,427,603
2019,3,A,골목상권,2110496,모래내우체국,2325,1137,1188,6,272,510,575,596,366,3,89,255,297,297,196,3,183,255,278,299,170
2019,3,A,골목상권,2110495,북가좌2동주민센터,3731,2065,1666,6,432,929,897,855,612,4,161,534,524,455,387,2,271,395,373,400,225
2019,3,A,골목상권,2110494,증산3교남측,3190,2503,687,0,112,280,289,478,2031,0,48,167,133,293,1862,0,64,113,156,185,169
2019,3,A,골목상권,2110493,북가좌초등학교,3241,2692,549,0,73,213,248,491,2216,0,28,136,133,344,2051,0,45,77,115,147,165
2019,3,A,골목상권,2110492,하나고등학교,461,88,373,1,16,52,100,160,132,0,3,16,22,21,26,1,13,36,78,139,106
2019,3,A,골목상권,2110491,불광중학교,654,288,366,1,60,121,175,186,111,1,24,64,75,68,56,0,36,57,100,118,55
2019,3,A,골목상권,2110490,녹번동근린공원,5290,2738,2552,11,583,1374,1404,1298,620,7,233,617,700,770,411,4,350,757,704,528,209
2019,3,A,골목상권,2110489,불광역 3번,1933,893,1040,3,271,603,501,363,192,3,93,238,257,185,117,0,178,365,244,178,75
2019,3,A,골목상권,2110488,우리은행응암동지점,4033,2231,1802,10,420,948,1050,1053,552,7,189,481,535,647,372,3,231,467,515,406,180
2019,3,A,골목상권,2110487,불광역 8번,1813,755,1058,1,209,552,485,365,201,0,59,191,224,172,109,1,150,361,261,193,92
2019,3,A,골목상권,2110486,은평구청,4303,2379,1924,10,416,991,1155,1132,599,7,178,496,609,690,399,3,238,495,546,442,200
2019,3,A,골목상권,2110485,연신내우체국,2439,1165,1274,1,155,298,394,450,1141,1,63,160,155,178,608,0,92,138,239,272,533
2019,3,A,골목상권,2110484,역촌역 3번,4966,2475,2491,11,522,1159,1298,1280,696,6,210,528,620,679,432,5,312,631,678,601,264
2019,3,A,골목상권,2110483,연천초등학교,2284,1070,1214,1,197,277,297,400,1112,1,74,138,114,149,594,0,123,139,183,251,518
2019,3,A,골목상권,2110482,연신초등학교,1949,971,978,0,108,211,262,336,1032,0,46,122,98,143,562,0,62,89,164,193,470
2019,3,A,골목상권,2110481,불광역 7번,1817,901,916,2,189,375,526,434,291,1,82,189,268,190,171,1,107,186,258,244,120
2019,3,A,골목상권,2110480,연신내역 3번,2104,971,1133,2,255,451,570,510,316,1,102,220,270,213,165,1,153,231,300,297,151
2019,3,A,골목상권,2110479,연신내역 2번,3696,1618,2078,3,407,549,674,742,1321,2,115,252,249,293,707,1,292,297,425,449,614
2019,3,A,골목상권,2110478,응암1동주민센터,4761,2581,2180,13,451,987,1143,1258,909,8,193,446,572,705,657,5,258,541,571,553,252
2019,3,A,골목상권,2110477,은평세무서,5096,2762,2334,14,458,1016,1228,1371,1009,7,201,469,607,763,715,7,257,547,621,608,294
2019,3,A,골목상권,2110476,역촌역 2번,1470,794,676,3,159,338,386,349,235,1,57,158,216,188,174,2,102,180,170,161,61
2019,3,A,골목상권,2110475,백련산해모로아파트,2171,1260,911,4,211,363,472,544,577,2,102,196,259,279,422,2,109,167,213,265,155
2019,3,A,골목상권,2110474,세명컴퓨터고등학교,1981,873,1108,5,281,432,492,474,297,4,91,200,196,197,185,1,190,232,296,277,112
2019,3,A,골목상권,2110473,구산역 1번,4268,1808,2460,8,561,870,1138,1059,632,4,194,391,476,385,358,4,367,479,662,674,274
2019,3,A,골목상권,2110472,연신내역 4번,2409,1025,1384,13,378,490,678,544,306,9,150,227,239,208,192,4,228,263,439,336,114
2019,3,A,골목상권,2110471,응암동우체국,2294,1168,1126,3,265,382,497,646,501,2,136,184,227,305,314,1,129,198,270,341,187
2019,3,A,골목상권,2110470,신진과학기술고등학교,2195,1392,803,3,218,347,506,525,596,2,107,192,288,321,482,1,111,155,218,204,114
2019,3,A,골목상권,2110469,응암정보도서관,3226,1563,1663,2,295,527,778,935,689,0,128,214,311,456,454,2,167,313,467,479,235
2019,3,A,골목상권,2110468,응암역 3번,4797,2556,2241,5,464,810,1233,1263,1022,1,194,411,650,629,671,4,270,399,583,634,351
2019,3,A,골목상권,2110467,은평요양병원,1428,731,697,4,160,299,344,343,278,3,70,148,171,168,171,1,90,151,173,175,107
2019,3,A,골목상권,2110466,구산역 2번,3286,1421,1865,11,547,724,776,783,445,4,172,310,366,326,243,7,375,414,410,457,202
2019,3,A,골목상권,2110465,연신내역 7번,2496,1019,1477,10,368,539,615,580,384,4,95,220,236,244,220,6,273,319,379,336,164
2019,3,A,골목상권,2110464,연신내역 5번,2177,1082,1095,14,281,461,575,500,346,9,121,215,238,253,246,5,160,246,337,247,100
2019,3,A,골목상권,2110463,응암3동주민센터,1314,567,747,2,149,222,301,347,293,1,71,97,116,138,144,1,78,125,185,209,149
2019,3,A,골목상권,2110462,갈현건영아파트,1635,931,704,6,206,330,366,414,313,2,108,181,202,225,213,4,98,149,164,189,100
2019,3,A,골목상권,2110461,새절역 2번,1360,690,670,2,144,186,263,339,426,1,72,87,112,167,251,1,72,99,151,172,175
2019,3,A,골목상권,2110460,구산역 4번,5130,2645,2485,18,534,879,1231,1572,896,9,239,423,532,884,558,9,295,456,699,688,338
2019,3,A,골목상권,2110459,응암역 2번,3203,1616,1587,5,334,654,881,807,522,2,126,344,440,373,331,3,208,310,441,434,191
2019,3,A,골목상권,2110458,선일여고,1777,830,947,5,201,401,420,492,258,1,74,183,183,219,170,4,127,218,237,273,88
2019,3,A,골목상권,2110457,예일여고,4599,2400,2199,13,476,777,1023,1468,842,3,205,375,454,832,531,10,271,402,569,636,311
2019,3,A,골목상권,2110456,구산보건지소,3416,1795,1621,10,635,756,785,711,519,4,296,407,385,362,341,6,339,349,400,349,178
2019,3,A,골목상권,2110455,역촌노인복지관,3679,1896,1783,6,566,783,933,850,541,5,248,414,465,402,362,1,318,369,468,448,179
2019,3,A,골목상권,2110454,선정중학교,3200,1904,1296,7,232,451,769,1112,629,3,93,204,359,768,477,4,139,247,410,344,152
2019,3,A,골목상권,2110453,신사1동주민센터,3146,1765,1381,4,355,715,865,716,491,2,162,388,482,386,345,2,193,327,383,330,146
2019,3,A,골목상권,2110452,새절역 3번,1616,957,659,3,174,268,361,411,399,2,95,136,184,235,305,1,79,132,177,176,94
2019,3,A,골목상권,2110451,증산역 4번,2973,2132,841,2,286,637,748,720,580,2,144,440,540,534,472,0,142,197,208,186,108
2019,3,A,골목상권,2110450,시립서북병원,4658,2247,2411,9,864,1138,1060,977,610,5,332,550,515,467,378,4,532,588,545,510,232
2019,3,A,골목상권,2110449,증산역 3번,3060,2030,1030,0,337,746,819,757,401,0,149,490,564,532,295,0,188,256,255,225,106
2019,3,A,골목상권,2110448,상신초등학교입구,1870,1103,767,2,192,426,485,407,358,2,94,258,280,216,253,0,98,168,205,191,105
2019,3,A,골목상권,2110447,구산초등학교,1893,1258,635,2,98,265,382,757,389,0,39,121,230,611,257,2,59,144,152,146,132
2019,3,A,골목상권,2110446,내를건너서숲으로도서관,1442,917,525,2,219,341,358,304,218,0,116,221,213,186,181,2,103,120,145,118,37
2019,3,A,골목상권,2110445,덕산중학교,1250,652,598,4,228,280,256,253,229,2,77,151,148,121,153,2,151,129,108,132,76
2019,3,A,골목상권,2110444,수색성당,4617,3333,1284,3,359,533,554,842,2326,2,190,306,284,474,2077,1,169,227,270,368,249
2019,3,A,골목상권,2110443,수색역 1번,565,345,220,0,34,83,141,208,99,0,18,50,93,106,78,0,16,33,48,102,21
2019,3,A,골목상권,2110442,화랑대철도공원,2239,1147,1092,8,272,300,427,588,644,8,157,147,182,293,360,0,115,153,245,295,284
2019,3,A,골목상권,2110441,영신여고,1099,494,605,1,91,250,304,335,118,1,37,114,124,142,76,0,54,136,180,193,42
2019,3,A,골목상권,2110440,상계3동4동주민센터,258,106,152,1,45,39,64,66,43,0,14,12,30,28,22,1,31,27,34,38,21
2019,3,A,골목상권,2110439,당고개역 5번,1685,1328,357,1,76,108,335,669,496,1,24,53,255,564,431,0,52,55,80,105,65
2019,3,A,골목상권,2110438,경춘선숲길 우측,3385,1524,1861,1,513,890,926,744,311,0,124,376,410,382,232,1,389,514,516,362,79
2019,3,A,골목상권,2110437,당고개역 2번,2338,1686,652,4,131,203,509,881,610,3,45,93,321,696,528,1,86,110,188,185,82
2019,3,A,골목상권,2110436,상계제일중학교,1917,1060,857,8,207,425,464,447,366,4,74,207,255,251,269,4,133,218,209,196,97
2019,3,A,골목상권,2110435,서울과학기술대,1789,1210,579,1,190,431,434,471,262,0,123,256,281,322,228,1,67,175,153,149,34
2019,3,A,골목상권,2110434,태릉입구역 4번,3416,1549,1867,2,343,555,730,969,817,1,131,306,340,396,375,1,212,249,390,573,442
2019,3,A,골목상권,2110433,공릉역 2번,5010,2892,2118,12,463,711,1039,1396,1389,7,203,399,572,785,926,5,260,312,467,611,463
2019,3,A,골목상권,2110432,대진고등학교,3619,2366,1253,3,367,724,867,1047,611,2,178,406,559,779,442,1,189,318,308,268,169
2019,3,A,골목상권,2110431,상계역,1747,906,841,3,204,322,426,459,333,0,64,150,212,245,235,3,140,172,214,214,98
2019,3,A,골목상권,2110430,중계초등학교,1311,738,573,2,168,284,361,305,191,1,81,161,196,163,136,1,87,123,165,142,55
2019,3,A,골목상권,2110429,공릉동 국수거리,5929,3322,2607,12,565,787,1164,1614,1787,8,256,448,604,882,1124,4,309,339,560,732,663
2019,3,A,골목상권,2110428,상계5동주민센터,2491,1367,1124,10,218,333,497,623,810,4,81,177,243,326,536,6,137,156,254,297,274
2019,3,A,골목상권,2110427,노원 을지대학교병원,3039,2057,982,1,423,617,701,836,461,0,186,358,488,665,360,1,237,259,213,171,101
2019,3,A,골목상권,2110426,상계2동주민센터,2735,1325,1410,5,356,551,731,691,401,3,136,295,333,312,246,2,220,256,398,379,155
2019,3,A,골목상권,2110425,계상초등학교,2633,1291,1342,4,250,380,609,643,747,3,101,223,263,267,434,1,149,157,346,376,313
2019,3,A,골목상권,2110424,상계초등학교,2145,938,1207,4,243,381,566,583,368,3,95,199,231,234,176,1,148,182,335,349,192
2019,3,A,골목상권,2110423,석계역 2번,2015,987,1028,6,274,419,590,451,275,4,106,219,294,219,145,2,168,200,296,232,130
2019,3,A,골목상권,2110422,노원역 9번,1772,772,1000,2,228,354,459,470,259,0,77,175,200,182,138,2,151,179,259,288,121
2019,3,A,골목상권,2110421,석계역 1번,1863,960,903,3,214,323,473,505,345,2,76,143,224,261,254,1,138,180,249,244,91
2019,3,A,골목상권,2110420,광운대역 1번,1768,1009,759,12,337,531,475,253,160,4,160,356,261,136,92,8,177,175,214,117,68
2019,3,A,골목상권,2110419,수락산디자인거리,4934,3234,1700,9,425,959,1178,1298,1065,9,231,638,759,806,791,0,194,321,419,492,274
2019,3,A,골목상권,2110418,광운대학교 남단,2582,1428,1154,20,446,655,626,519,316,8,203,395,311,272,239,12,243,260,315,247,77
2019,3,A,골목상권,2110417,월계역 3번,629,337,292,0,82,103,131,176,137,0,33,66,66,90,82,0,49,37,65,86,55
2019,3,A,골목상권,2110416,노원초등학교,1880,1008,872,8,188,317,415,457,495,6,79,172,212,227,312,2,109,145,203,230,183
2019,3,A,골목상권,2110415,수락산역 4번,4174,2164,2010,12,434,733,944,1030,1021,12,232,445,549,531,395,0,202,288,395,499,626
2019,3,A,골목상권,2110414,장석교회,851,570,281,5,84,120,212,221,209,3,44,62,125,155,181,2,40,58,87,66,28
2019,3,A,골목상권,2110413,누원고등학교,718,466,252,0,46,79,141,196,256,0,21,54,83,118,190,0,25,25,58,78,66
2019,3,A,골목상권,2110412,창동중학교,1650,1270,380,3,102,226,279,567,473,1,62,118,167,466,456,2,40,108,112,101,17
2019,3,A,골목상권,2110411,도봉역 3번,2024,1241,783,1,122,276,399,548,678,1,44,135,207,358,496,0,78,141,192,190,182
2019,3,A,골목상권,2110410,방학역 2번,6091,3710,2381,8,531,1298,1409,1690,1155,8,257,727,782,1084,852,0,274,571,627,606,303
2019,3,A,골목상권,2110409,창동역 2번,5770,3309,2461,7,595,1158,1395,1318,1297,3,235,692,875,667,837,4,360,466,520,651,460
2019,3,A,골목상권,2110408,가인초등학교,5118,3291,1827,4,441,1000,1178,1180,1315,1,197,654,816,715,908,3,244,346,362,465,407
2019,3,A,골목상권,2110407,도봉역 2번,2516,1842,674,2,149,318,458,749,840,2,67,191,273,576,733,0,82,127,185,173,107
2019,3,A,골목상권,2110406,도봉산역 1번,1807,763,1044,0,63,122,199,314,1109,0,24,75,91,104,469,0,39,47,108,210,640
2019,3,A,골목상권,2110405,방학역 1번,2605,1864,741,3,246,452,533,695,676,3,135,316,347,502,561,0,111,136,186,193,115
2019,3,A,골목상권,2110404,신창초등학교,2414,1270,1144,11,271,489,640,651,352,8,103,239,328,366,226,3,168,250,312,285,126
2019,3,A,골목상권,2110403,방학1동주민센터,2808,1764,1044,5,323,596,660,744,480,2,176,398,419,474,295,3,147,198,241,270,185
2019,3,A,골목상권,2110402,도봉구 정병원,2449,1303,1146,2,291,457,582,654,463,1,104,251,303,333,311,1,187,206,279,321,152
2019,3,A,골목상권,2110401,도봉구민회관,5045,3023,2022,2,444,969,1193,1193,1244,0,198,605,774,627,819,2,246,364,419,566,425
2019,3,A,골목상권,2110400,도봉구보건소,2230,1146,1084,3,285,387,537,586,432,1,89,181,256,312,307,2,196,206,281,274,125
2019,3,A,골목상권,2110399,창2동주민센터,2172,1241,931,10,277,518,572,525,270,10,149,317,317,264,184,0,128,201,255,261,86
2019,3,A,골목상권,2110398,쌍문2동우체국,2337,1220,1117,3,233,385,569,714,433,2,75,164,261,414,304,1,158,221,308,300,129
2019,3,A,골목상권,2110397,도봉산입구,2516,1272,1244,0,84,186,298,545,1403,0,28,98,146,285,715,0,56,88,152,260,688
2019,3,A,골목상권,2110396,쌍문역1번(쌍리단길),1388,702,686,4,148,232,335,417,252,4,49,115,167,218,149,0,99,117,168,199,103
2019,3,A,골목상권,2110395,신한은행 방학동지점,1237,645,592,3,138,291,327,266,212,1,56,156,171,133,128,2,82,135,156,133,84
2019,3,A,골목상권,2110394,방학중학교,1432,667,765,0,125,289,390,341,287,0,44,133,181,152,157,0,81,156,209,189,130
2019,3,A,골목상권,2110393,국민은행방학지점,983,449,534,3,106,263,254,235,122,1,30,124,123,92,79,2,76,139,131,143,43
2019,3,A,골목상권,2110392,발바닥공원,770,494,276,3,89,224,232,140,82,1,32,136,168,91,66,2,57,88,64,49,16
2019,3,A,골목상권,2110391,샘말어린이공원,1122,609,513,0,81,218,247,280,296,0,32,110,131,145,191,0,49,108,116,135,105
2019,3,A,골목상권,2110390,방학초등학교,2127,956,1171,3,368,490,510,477,279,1,72,245,272,187,179,2,296,245,238,290,100
2019,3,A,골목상권,2110389,한일병원,2743,1508,1235,1,459,633,680,650,320,0,132,321,391,412,252,1,327,312,289,238,68
2019,3,A,골목상권,2110388,도봉우체국,2012,885,1127,6,408,441,479,482,196,5,90,197,209,248,136,1,318,244,270,234,60
2019,3,A,골목상권,2110387,쌍문초등학교,1928,986,942,3,278,388,480,473,306,3,65,161,229,262,266,0,213,227,251,211,40
2019,3,A,골목상권,2110386,연산군묘,1000,618,382,0,112,176,202,287,223,0,55,104,121,153,185,0,57,72,81,134,38
2019,3,A,골목상권,2110385,효문고등학교,1003,347,656,0,209,212,248,223,111,0,35,62,94,83,73,0,174,150,154,140,38
2019,3,A,골목상권,2110384,문이교,665,321,344,3,72,97,155,190,148,1,21,41,59,96,103,2,51,56,96,94,45
2019,3,A,골목상권,2110383,덕성여대시반거리,728,208,520,0,165,143,176,166,78,0,14,37,53,58,46,0,151,106,123,108,32
2019,3,A,골목상권,2110382,솔밭공원역 1번,1200,478,722,3,224,231,255,295,192,1,32,71,98,136,140,2,192,160,157,159,52
2019,3,A,골목상권,2110381,번동주공2단지,1229,645,584,6,131,252,307,331,202,5,47,103,151,192,147,1,84,149,156,139,55
2019,3,A,골목상권,2110380,강북문화정보도서관,857,403,454,8,106,149,205,237,152,5,23,81,102,117,75,3,83,68,103,120,77
2019,3,A,골목상권,2110379,KT&G 북부지사,966,383,583,2,69,115,273,361,146,0,31,47,91,152,62,2,38,68,182,209,84
2019,3,A,골목상권,2110378,송중동주민센터,1202,555,647,1,101,206,338,303,253,1,33,100,144,130,147,0,68,106,194,173,106
2019,3,A,골목상권,2110377,미아사거리역 3번,1258,578,680,1,191,289,332,275,170,1,69,136,144,117,111,0,122,153,188,158,59
2019,3,A,골목상권,2110376,수송초등학교,5208,2792,2416,5,484,1257,1287,1405,770,2,180,652,681,836,441,3,304,605,606,569,329
2019,3,A,골목상권,2110375,서울북부고용노동지청,1455,615,840,0,116,178,416,474,271,0,43,80,154,201,137,0,73,98,262,273,134
2019,3,A,골목상권,2110374,송중초등학교,2147,1008,1139,4,195,400,527,561,460,4,56,169,228,249,302,0,139,231,299,312,158
2019,3,A,골목상권,2110373,수유역 2번,5058,2638,2420,4,516,1161,1176,1353,848,2,188,563,569,830,486,2,328,598,607,523,362
2019,3,A,골목상권,2110372,강북중학교,1702,978,724,0,184,396,454,409,259,0,80,228,267,219,184,0,104,168,187,190,75
2019,3,A,골목상권,2110371,삼양입구사거리,1354,738,616,3,112,255,352,358,274,3,46,132,167,196,194,0,66,123,185,162,80
2019,3,A,골목상권,2110370,도봉세무서,1591,826,765,5,127,280,404,399,376,5,34,127,189,199,272,0,93,153,215,200,104
2019,3,A,골목상권,2110369,성신여대운정그린캠퍼스,4005,2361,1644,6,423,852,889,1023,812,3,182,501,524,643,508,3,241,351,365,380,304
2019,3,A,골목상권,2110368,송천초등학교,1548,901,647,1,152,317,386,394,298,1,57,160,198,241,244,0,95,157,188,153,54
2019,3,A,골목상권,2110367,강북구청,4955,2663,2292,4,506,1101,1063,1276,1005,2,189,564,557,843,508,2,317,537,506,433,497
2019,3,A,골목상권,2110366,광산사거리,3366,1650,1716,2,318,713,767,867,699,1,119,307,374,519,330,1,199,406,393,348,369
2019,3,A,골목상권,2110365,미아역 5번,1559,714,845,1,132,231,300,399,496,1,37,90,127,206,253,0,95,141,173,193,243
2019,3,A,골목상권,2110364,미아역 8번,1789,1003,786,2,196,365,487,453,286,2,74,184,267,269,207,0,122,181,220,184,79
2019,3,A,골목상권,2110363,송천동주민센터,901,535,366,2,77,160,239,228,195,1,29,84,127,140,154,1,48,76,112,88,41
2019,3,A,골목상권,2110362,우이천 계성교,2446,1445,1001,1,299,342,596,782,426,0,72,155,346,546,326,1,227,187,250,236,100
2019,3,A,골목상권,2110361,삼양사거리역 1번,1159,565,594,2,88,146,212,274,437,1,30,68,99,156,211,1,58,78,113,118,226
2019,3,A,골목상권,2110360,수유초등학교,2565,1257,1308,5,286,407,537,713,617,2,88,173,233,343,418,3,198,234,304,370,199
2019,3,A,골목상권,2110359,수유시장옆,4934,2401,2533,3,461,941,1058,1279,1192,2,147,381,481,734,656,1,314,560,577,545,536
2019,3,A,골목상권,2110358,인수동 우편취급국,2709,1380,1329,3,260,464,568,699,715,1,82,206,259,361,471,2,178,258,309,338,244
2019,3,A,골목상권,2110357,가오리역 1번,2693,1740,953,0,132,180,437,701,1243,0,42,72,267,505,854,0,90,108,170,196,389
2019,3,A,골목상권,2110356,덕수교,2264,1201,1063,0,211,251,411,386,1005,0,40,93,182,190,696,0,171,158,229,196,309
2019,3,A,골목상권,2110355,삼양사거리역 2번,1003,504,499,1,106,174,250,243,229,0,23,61,116,143,161,1,83,113,134,100,68
2019,3,A,골목상권,2110354,삼각산119안전센터,396,146,250,1,49,98,128,76,44,0,10,30,54,27,25,1,39,68,74,49,19
2019,3,A,골목상권,2110353,수유동우체국,2682,1648,1034,0,208,208,470,663,1133,0,34,82,278,472,782,0,174,126,192,191,351
2019,3,A,골목상권,2110352,수유1동주민센터,2232,1270,962,1,195,382,658,686,310,1,61,179,397,417,215,0,134,203,261,269,95
2019,3,A,골목상권,2110351,수유북부시장옆,1741,1203,538,0,86,226,432,674,323,0,26,133,318,458,268,0,60,93,114,216,55
2019,3,A,골목상권,2110350,가오리역 2번,2262,1094,1168,0,212,411,533,609,497,0,58,169,252,279,336,0,154,242,281,330,161
2019,3,A,골목상권,2110349,화계역 2번,1678,1139,539,1,106,232,452,606,281,1,31,119,317,437,234,0,75,113,135,169,47
2019,3,A,골목상권,2110348,강북문화예술회관,3636,2119,1517,0,218,442,703,931,1342,0,63,178,394,580,904,0,155,264,309,351,438
2019,3,A,골목상권,2110347,구세군강북종합사회복지관,564,239,325,0,66,117,182,115,84,0,18,40,86,49,46,0,48,77,96,66,38
2019,3,A,골목상권,2110346,4.19민주묘지역 2번,997,425,572,0,190,197,267,219,124,0,25,86,128,106,80,0,165,111,139,113,44
2019,3,A,골목상권,2110345,솔밭공원역 2번,1850,976,874,3,250,269,361,585,382,1,39,85,150,395,306,2,211,184,211,190,76
2019,3,A,골목상권,2110344,화계중학교,1205,862,343,0,66,181,356,471,131,0,20,100,278,348,116,0,46,81,78,123,15
2019,3,A,골목상권,2110343,무너미어린이공원,2665,1506,1159,0,147,306,443,481,1288,0,50,188,254,229,785,0,97,118,189,252,503
2019,3,A,골목상권,2110342,국립재활원,2387,1437,950,0,183,464,622,671,447,0,55,231,412,434,305,0,128,233,210,237,142
2019,3,A,골목상권,2110341,북한산우이역 2번,880,541,339,1,42,70,128,312,327,0,14,33,65,256,173,1,28,37,63,56,154
2019,3,A,골목상권,2110340,인수중학교,1358,807,551,3,164,278,261,325,327,3,89,191,160,189,175,0,75,87,101,136,152
2019,3,A,골목상권,2110339,국립4.19민주묘지,1263,756,507,3,141,205,261,323,330,3,76,142,156,195,184,0,65,63,105,128,146
2019,3,A,골목상권,2110338,인수초등학교,2016,1121,895,3,264,517,479,466,287,3,119,274,257,250,218,0,145,243,222,216,69
2019,3,A,골목상권,2110337,아카데미하우스,1573,959,614,3,175,323,329,385,358,3,93,217,209,232,205,0,82,106,120,153,153
2019,3,A,골목상권,2110336,석관고등학교,2183,1586,597,2,134,246,332,397,1072,0,67,142,223,293,861,2,67,104,109,104,211
2019,3,A,골목상권,2110335,석계역 7번,3297,2136,1161,3,271,395,612,691,1325,0,97,180,350,452,1057,3,174,215,262,239,268
2019,3,A,골목상권,2110334,석관중앙교회,1921,1269,652,4,193,451,513,508,252,1,99,279,315,370,205,3,94,172,198,138,47
2019,3,A,골목상권,2110333,돌곶이역 5번,3131,2170,961,3,276,444,519,563,1326,0,120,265,317,373,1095,3,156,179,202,190,231
2019,3,A,골목상권,2110332,돌곶이역 3번,2698,1809,889,8,226,291,408,477,1288,4,84,147,224,287,1063,4,142,144,184,190,225
2019,3,A,골목상권,2110331,돌곶이역 8번,1426,861,565,3,186,328,363,276,270,0,66,200,221,166,208,3,120,128,142,110,62
2019,3,A,골목상권,2110330,돌곶이역 1번,1348,720,628,0,151,255,356,292,294,0,53,117,175,151,224,0,98,138,181,141,70
2019,3,A,골목상권,2110329,우리은행체육관,1527,1007,520,10,119,235,320,449,394,6,47,123,183,316,332,4,72,112,137,133,62
2019,3,A,골목상권,2110328,상월곡역 3번,1294,759,535,4,166,315,358,273,178,3,75,176,212,161,132,1,91,139,146,112,46
2019,3,A,골목상권,2110327,상월곡역 2번,2011,1160,851,4,346,477,551,396,237,3,171,282,312,223,169,1,175,195,239,173,68
2019,3,A,골목상권,2110326,장위동성당,2367,1520,847,5,311,499,566,546,440,5,143,289,336,384,363,0,168,210,230,162,77
2019,3,A,골목상권,2110325,장곡초등학교,1971,1249,722,13,216,396,436,492,418,10,98,230,259,337,315,3,118,166,177,155,103
2019,3,A,골목상권,2110324,월곡역 4번,3410,2095,1315,4,528,1063,813,620,382,3,261,693,488,364,286,1,267,370,325,256,96
2019,3,A,골목상권,2110323,상월곡역 1번,3952,2407,1545,5,643,1139,979,785,401,3,318,751,584,453,298,2,325,388,395,332,103
2019,3,A,골목상권,2110322,장위1동주민센터,1314,793,521,15,213,251,270,282,283,11,105,160,163,164,190,4,108,91,107,118,93
2019,3,A,골목상권,2110321,동덕여대,1977,1137,840,2,254,346,485,445,445,1,116,204,249,209,358,1,138,142,236,236,87
2019,3,A,골목상권,2110320,KB국민은행 종암동지점,1428,831,597,1,158,283,438,367,181,1,62,138,244,264,122,0,96,145,194,103,59
2019,3,A,골목상권,2110319,종암동주민센터,3023,1672,1351,9,399,682,745,807,381,3,170,402,401,498,198,6,229,280,344,309,183
2019,3,A,골목상권,2110318,KT월곡지사,4598,2955,1643,12,533,883,984,1048,1138,4,249,530,579,709,884,8,284,353,405,339,254
2019,3,A,골목상권,2110317,종암중학교,1017,537,480,0,111,245,323,226,112,0,50,116,162,143,66,0,61,129,161,83,46
2019,3,A,골목상권,2110316,숭곡초등학교,4001,2359,1642,14,504,680,876,780,1147,11,229,367,444,437,871,3,275,313,432,343,276
2019,3,A,골목상권,2110315,종암아이파크2차,3810,2123,1687,3,425,1002,1085,1002,293,1,162,453,612,710,185,2,263,549,473,292,108
2019,3,A,골목상권,2110314,종암경찰서,6157,3948,2209,11,637,1494,1527,1518,970,3,321,858,965,1109,692,8,316,636,562,409,278
2019,3,A,골목상권,2110313,안암역 3번,5735,3529,2206,10,717,1362,1643,1344,659,3,303,785,1063,889,486,7,414,577,580,455,173
2019,3,A,골목상권,2110312,안암역 2번,2736,1433,1303,2,360,692,884,586,212,0,118,302,507,351,155,2,242,390,377,235,57
2019,3,A,골목상권,2110311,종암아이파크2차후문,2561,1501,1060,2,255,758,712,703,131,1,105,348,427,522,98,1,150,410,285,181,33
2019,3,A,골목상권,2110310,길음역 10번,2374,959,1415,10,691,701,479,342,151,2,132,315,250,174,86,8,559,386,229,168,65
2019,3,A,골목상권,2110309,대광초등학교,3671,2369,1302,11,466,812,922,868,592,4,204,520,619,590,432,7,262,292,303,278,160
2019,3,A,골목상권,2110308,길음역 8번,3399,1521,1878,13,831,919,759,531,346,3,161,422,388,283,264,10,670,497,371,248,82
2019,3,A,골목상권,2110307,길음역 7번,3054,1100,1954,9,777,711,611,509,437,1,122,259,228,218,272,8,655,452,383,291,165
2019,3,A,골목상권,2110306,미아초등학교,1678,828,850,4,223,356,482,334,279,2,52,152,221,176,225,2,171,204,261,158,54
2019,3,A,골목상권,2110305,보문역 5번,7288,5248,2040,7,843,2164,1615,1673,986,4,429,1680,1217,1243,675,3,414,484,398,430,311
2019,3,A,골목상권,2110304,보문역 4번,4289,2503,1786,7,494,803,1066,1126,793,2,178,463,685,691,484,5,316,340,381,435,309
2019,3,A,골목상권,2110303,성신여대입구역 1번,3904,1749,2155,12,708,812,962,896,514,7,184,321,466,461,310,5,524,491,496,435,204
2019,3,A,골목상권,2110302,보문역 8번,6221,4774,1447,4,641,1945,1410,1461,760,3,336,1596,1131,1183,525,1,305,349,279,278,235
2019,3,A,골목상권,2110301,성신여대입구역 7번,2628,1281,1347,15,542,512,552,561,446,10,162,232,279,299,299,5,380,280,273,262,147
2019,3,A,골목상권,2110300,삼선동주민센터,6926,3304,3622,16,899,1502,2094,1627,788,7,271,643,972,954,457,9,628,859,1122,673,331
2019,3,A,골목상권,2110299,정릉역 1번,4539,2363,2176,4,490,675,755,832,1783,1,167,325,350,412,1108,3,323,350,405,420,675
2019,3,A,골목상권,2110298,솔숲어린이공원,1920,826,1094,3,285,326,429,458,419,1,74,125,163,200,263,2,211,201,266,258,156
2019,3,A,골목상권,2110297,경동고등학교,7790,4105,3685,14,918,1793,2415,1862,788,6,353,964,1236,1114,432,8,565,829,1179,748,356
2019,3,A,골목상권,2110296,성신여대입구역 4번,11639,5713,5926,307,1976,2584,3119,2079,1574,113,660,1217,1625,1321,777,194,1316,1367,1494,758,797
2019,3,A,골목상권,2110295,정릉우체국,4739,2566,2173,4,542,643,761,869,1920,1,185,314,350,490,1226,3,357,329,411,379,694
2019,3,A,골목상권,2110294,서경대학교,2545,1352,1193,2,368,446,599,603,527,1,111,190,281,365,404,1,257,256,318,238,123
2019,3,A,골목상권,2110293,삼선중학교,14660,6844,7816,311,2303,3354,4279,2681,1732,115,792,1565,2019,1544,809,196,1511,1789,2260,1137,923
2019,3,A,골목상권,2110292,정릉역 2번,3532,1868,1664,1,368,467,516,562,1618,0,138,230,223,284,993,1,230,237,293,278,625
2019,3,A,골목상권,2110291,한성대입구역 3번,3995,2379,1616,3,475,942,1091,990,494,2,196,584,690,629,278,1,279,358,401,361,216
2019,3,A,골목상권,2110290,북한산보국문역 1번,1057,655,402,0,101,138,234,317,267,0,34,72,143,215,191,0,67,66,91,102,76
2019,3,A,골목상권,2110289,북한산보국문역 2번,2157,1167,990,1,313,443,535,523,342,0,98,210,268,324,267,1,215,233,267,199,75
2019,3,A,골목상권,2110288,동구여중,3128,1675,1453,22,559,759,881,649,258,11,265,426,457,335,181,11,294,333,424,314,77
2019,3,A,골목상권,2110287,정릉3동주민센터,1714,1328,386,0,185,493,481,394,161,0,105,402,376,317,128,0,80,91,105,77,33
2019,3,A,골목상권,2110286,한성대입구역 5번,4584,2405,2179,20,754,1175,1056,980,599,9,313,632,591,528,332,11,441,543,465,452,267
2019,3,A,골목상권,2110285,홍대부중,4866,2728,2138,12,909,1399,1317,891,338,9,383,738,784,576,238,3,526,661,533,315,100
2019,3,A,골목상권,2110284,정릉북한산국립공원입구,1002,695,307,1,57,162,281,325,176,0,14,94,198,244,145,1,43,68,83,81,31
2019,3,A,골목상권,2110283,성북초등학교앞,4261,2444,1817,16,768,1346,1117,708,306,11,315,746,720,446,206,5,453,600,397,262,100
2019,3,A,골목상권,2110282,국민대학교앞,1884,1374,510,5,340,580,437,323,199,4,195,429,353,264,129,1,145,151,84,59,70
2019,3,A,골목상권,2110281,길상사,16544,13741,2803,22,1571,3742,4907,5719,583,3,947,2812,4221,5333,425,19,624,930,686,386,158
2019,3,A,골목상권,2110280,북정마을,15076,12891,2185,16,1262,3353,4499,5532,414,2,840,2611,3982,5159,297,14,422,742,517,373,117
2019,3,A,골목상권,2110279,신내역 2번,2090,783,1307,2,522,642,418,382,124,1,103,243,198,157,81,1,419,399,220,225,43
2019,3,A,골목상권,2110278,망우본동주민센터,3191,1699,1492,7,318,541,707,919,699,0,97,213,311,522,556,7,221,328,396,397,143
2019,3,A,골목상권,2110277,러스크서울병원,2430,1414,1016,9,244,347,475,718,637,1,84,136,236,450,507,8,160,211,239,268,130
2019,3,A,골목상권,2110276,신내IC북측,654,403,251,0,43,121,154,269,67,0,22,95,114,131,41,0,21,26,40,138,26
2019,3,A,골목상권,2110275,하나은행 망우동지점,1814,1065,749,8,192,251,336,538,489,0,52,91,166,349,407,8,140,160,170,189,82
2019,3,A,골목상권,2110274,서일대학교,1972,1183,789,0,168,309,507,546,442,0,57,151,301,366,308,0,111,158,206,180,134
2019,3,A,골목상권,2110273,장스여성병원,1806,1058,748,7,158,266,357,528,490,0,32,103,168,341,414,7,126,163,189,187,76
2019,3,A,골목상권,2110272,신내1동주민센터,5705,3405,2300,2,659,1232,1266,1459,1087,1,332,636,646,928,862,1,327,596,620,531,225
2019,3,A,골목상권,2110271,신내역 1번,2768,1156,1612,5,588,774,581,647,173,1,133,339,309,274,100,4,455,435,272,373,73
2019,3,A,골목상권,2110270,혜원여고,1331,758,573,0,115,207,334,351,324,0,44,108,176,212,218,0,71,99,158,139,106
2019,3,A,골목상권,2110269,용마문화복지센터,1325,862,463,1,109,208,286,405,316,0,43,108,171,300,240,1,66,100,115,105,76
2019,3,A,골목상권,2110268,망우3동주민센터,1676,1047,629,1,130,242,390,457,456,0,64,128,214,286,355,1,66,114,176,171,101
2019,3,A,골목상권,2110267,망우역 2번,3545,2184,1361,9,464,668,765,828,811,7,278,415,420,462,602,2,186,253,345,366,209
2019,3,A,골목상권,2110266,면목동우체국,3793,2261,1532,0,284,476,636,962,1435,0,93,219,345,632,972,0,191,257,291,330,463
2019,3,A,골목상권,2110265,망우역 1번,3194,1764,1430,8,398,509,736,852,691,1,132,211,339,526,555,7,266,298,397,326,136
2019,3,A,골목상권,2110264,면목역 2번,2458,1309,1149,1,233,480,571,697,476,0,78,228,294,408,301,1,155,252,277,289,175
2019,3,A,골목상권,2110263,면목역 1번,3281,1951,1330,2,390,727,901,740,521,0,182,469,501,394,405,2,208,258,400,346,116
2019,3,A,골목상권,2110262,상봉역 3번,3587,2168,1419,1,464,818,996,762,546,0,217,524,564,419,444,1,247,294,432,343,102
2019,3,A,골목상권,2110261,사가정역 4번,3739,2422,1317,0,250,374,646,1059,1410,0,100,197,387,767,971,0,150,177,259,292,439
2019,3,A,골목상권,2110260,면목역 3번,2791,1633,1158,1,339,642,781,633,395,0,152,429,424,334,294,1,187,213,357,299,101
2019,3,A,골목상권,2110259,사가정역 1번,3689,2137,1552,1,279,586,777,793,1253,1,117,310,412,490,807,0,162,276,365,303,446
2019,3,A,골목상권,2110258,면동초등학교,2292,1391,901,1,238,472,597,558,426,1,120,297,333,334,306,0,118,175,264,224,120
2019,3,A,골목상권,2110257,상봉역 7번,2583,1614,969,7,283,452,571,683,587,7,131,238,298,448,492,0,152,214,273,235,95
2019,3,A,골목상권,2110256,면목2동체육관,3769,2359,1410,3,434,805,1014,906,607,2,212,532,597,542,474,1,222,273,417,364,133
2019,3,A,골목상권,2110255,상봉역 4번,4787,2936,1851,4,555,1030,1257,1118,823,1,256,631,713,686,649,3,299,399,544,432,174
2019,3,A,골목상권,2110254,오거리공원,2202,1411,791,0,170,357,626,721,328,0,81,186,395,518,231,0,89,171,231,203,97
2019,3,A,골목상권,2110253,중곡초등학교,1732,1179,553,1,125,266,452,591,297,0,54,150,296,452,227,1,71,116,156,139,70
2019,3,A,골목상권,2110252,장안제일시장,2148,1414,734,1,229,380,508,552,478,1,128,250,269,365,401,0,101,130,239,187,77
2019,3,A,골목상권,2110251,장안중학교,2030,1239,791,0,190,336,446,558,500,0,85,168,220,344,422,0,105,168,226,214,78
2019,3,A,골목상권,2110250,화랑대역 7번,1739,825,914,4,151,361,457,467,299,0,53,167,201,218,186,4,98,194,256,249,113
2019,3,A,골목상권,2110249,중화역 1번,2837,1776,1061,1,350,655,733,698,400,0,190,388,437,451,310,1,160,267,296,247,90
2019,3,A,골목상권,2110248,먹골파출소,1468,712,756,3,175,312,391,373,214,0,67,153,188,163,141,3,108,159,203,210,73
2019,3,A,골목상권,2110247,먹골역 1번,3173,2007,1166,3,461,773,756,803,377,2,233,516,461,514,281,1,228,257,295,289,96
2019,3,A,골목상권,2110246,월드순복음교회,2077,1275,802,4,187,359,440,563,524,2,73,165,258,375,402,2,114,194,182,188,122
2019,3,A,골목상권,2110245,KB국민은행 중화동지점,2020,1222,798,2,174,350,455,542,497,0,78,187,242,334,381,2,96,163,213,208,116
2019,3,A,골목상권,2110244,중화역 4번,2381,1510,871,0,314,550,592,605,320,0,172,349,357,391,241,0,142,201,235,214,79
2019,3,A,골목상권,2110243,중랑노인종합복지관,1900,1221,679,2,179,311,441,531,436,2,84,171,256,354,354,0,95,140,185,177,82
2019,3,A,골목상권,2110242,면목5동주민센터,1372,979,393,1,139,216,300,363,353,1,79,153,177,263,306,0,60,63,123,100,47
2019,3,A,골목상권,2110241,먹골역 5번,2737,1712,1025,0,355,653,672,736,321,0,178,413,408,481,232,0,177,240,264,255,89
2019,3,A,골목상권,2110240,태릉시장 특화거리,1004,449,555,5,154,190,213,229,213,3,74,87,82,89,114,2,80,103,131,140,99
2019,3,A,골목상권,2110239,중랑역 2번,628,283,345,2,79,127,123,132,165,0,27,55,44,63,94,2,52,72,79,69,71
2019,3,A,골목상권,2110238,배꽃어린이공원,1506,1140,366,0,207,360,358,377,204,0,137,272,259,310,162,0,70,88,99,67,42
2019,3,A,골목상권,2110237,메가박스 상봉,3690,2459,1231,5,362,816,1070,1021,416,3,184,492,745,774,261,2,178,324,325,247,155
2019,3,A,골목상권,2110236,신묵초등학교,2676,1745,931,0,347,637,644,715,333,0,178,428,412,490,237,0,169,209,232,225,96
2019,3,A,골목상권,2110235,세화어린이공원,403,185,218,3,85,59,113,93,50,3,49,29,43,37,24,0,36,30,70,56,26
2019,3,A,골목상권,2110234,중랑역 4번,3218,2284,934,4,298,744,986,868,318,2,162,483,734,698,205,2,136,261,252,170,113
2019,3,A,골목상권,2110233,중랑역 1번,3031,2125,906,6,342,675,893,805,310,4,185,439,656,650,191,2,157,236,237,155,119
2019,3,A,골목상권,2110232,동대부고,3281,1597,1684,3,417,681,825,845,510,1,141,332,348,419,356,2,276,349,477,426,154
2019,3,A,골목상권,2110231,장안교,2039,1260,779,4,127,353,491,625,439,2,57,179,272,387,363,2,70,174,219,238,76
2019,3,A,골목상권,2110230,장안현대홈타운1차아파트,6008,3189,2819,19,993,1497,1545,1324,630,13,502,817,786,678,393,6,491,680,759,646,237
2019,3,A,골목상권,2110229,장평중학교,5921,3621,2300,5,650,1111,1321,1457,1377,2,287,645,801,853,1033,3,363,466,520,604,344
2019,3,A,골목상권,2110228,장안근린공원,7206,3797,3409,22,2075,1493,1421,1369,826,14,1023,828,671,680,581,8,1052,665,750,689,245
2019,3,A,골목상권,2110227,답십리공원,4885,2664,2221,19,1689,905,826,872,574,13,922,573,439,382,335,6,767,332,387,490,239
2019,3,A,골목상권,2110226,장안1동주민센터,8047,4310,3737,26,1020,1614,1813,1912,1662,19,437,854,984,1026,990,7,583,760,829,886,672
2019,3,A,골목상권,2110225,촬영소사거리,3004,1647,1357,12,273,424,584,742,969,8,134,236,355,399,515,4,139,188,229,343,454
2019,3,A,골목상권,2110224,외대앞역 2번,1464,831,633,4,138,268,421,381,252,2,58,156,254,241,120,2,80,112,167,140,132
2019,3,A,골목상권,2110223,군자초등학교,7093,4482,2611,34,1472,1767,1397,1217,1206,1,670,1156,954,763,938,33,802,611,443,454,268
2019,3,A,골목상권,2110222,회기역 2번,2429,1204,1225,3,388,500,622,639,277,0,97,254,352,354,147,3,291,246,270,285,130
2019,3,A,골목상권,2110221,의릉,1083,674,409,4,115,311,297,238,118,1,44,206,177,153,93,3,71,105,120,85,25
2019,3,A,골목상권,2110220,외대앞역 1번,3730,1557,2173,2,648,929,958,710,483,1,120,339,435,392,270,1,528,590,523,318,213
2019,3,A,골목상권,2110219,삼육보건대학교,4711,2478,2233,4,604,961,1161,1179,802,1,181,427,652,688,529,3,423,534,509,491,273
2019,3,A,골목상권,2110218,답십리사거리,1524,924,600,7,152,292,371,392,310,1,62,158,207,242,254,6,90,134,164,150,56
2019,3,A,골목상권,2110217,자동차부품상가,6317,3853,2464,13,1141,1354,1441,1326,1042,4,513,833,904,822,777,9,628,521,537,504,265
2019,3,A,골목상권,2110216,전농중학교,2473,1292,1181,2,272,619,676,616,288,1,114,290,351,338,198,1,158,329,325,278,90
2019,3,A,골목상권,2110215,회기역 1번,2506,889,1617,2,595,777,561,365,206,0,112,271,211,158,137,2,483,506,350,207,69
2019,3,A,골목상권,2110214,경희대후문,3146,1370,1776,2,644,902,815,532,251,2,133,330,392,318,195,0,511,572,423,214,56
2019,3,A,골목상권,2110213,청량초등학교,2127,678,1449,1,546,717,485,269,109,0,88,237,177,101,75,1,458,480,308,168,34
2019,3,A,골목상권,2110212,답십리초등학교,6350,3015,3335,16,841,1271,1820,1763,639,4,531,838,728,508,406,12,310,433,1092,1255,233
2019,3,A,골목상권,2110211,전곡마을마당공원,3269,1793,1476,3,386,686,864,896,434,2,157,315,519,531,269,1,229,371,345,365,165
2019,3,A,골목상권,2110210,서울시립대,3499,1690,1809,5,481,667,758,841,747,2,147,251,393,425,472,3,334,416,365,416,275
2019,3,A,골목상권,2110209,답십리 장령당공원,4568,2108,2460,3,629,981,1268,1251,436,0,455,702,468,218,265,3,174,279,800,1033,171
2019,3,A,골목상권,2110208,시조사삼거리,1920,851,1069,2,264,383,432,454,385,0,53,149,220,236,193,2,211,234,212,218,192
2019,3,A,골목상권,2110207,시립대앞사거리,3000,1513,1487,3,429,626,716,762,464,1,144,265,393,423,287,2,285,361,323,339,177
2019,3,A,골목상권,2110206,텃골근린공원,1541,896,645,2,176,300,427,409,227,2,95,168,274,248,109,0,81,132,153,161,118
2019,3,A,골목상권,2110205,경희대삼거리,3464,1758,1706,5,554,1020,755,647,483,2,182,522,425,373,254,3,372,498,330,274,229
2019,3,A,골목상권,2110204,간데메공원,1883,1261,622,8,300,450,463,401,261,4,188,285,311,278,195,4,112,165,152,123,66
2019,3,A,골목상권,2110203,떡전교사거리,2991,1637,1354,1,424,686,639,689,552,0,184,423,374,374,282,1,240,263,265,315,270
2019,3,A,골목상권,2110202,전농1동주민센터(전농시장),618,347,271,1,78,107,155,157,120,1,40,61,97,88,60,0,38,46,58,69,60
2019,3,A,골목상권,2110201,전농119안전센터,846,532,314,1,104,158,248,194,141,1,60,99,170,123,79,0,44,59,78,71,62
2019,3,A,골목상권,2110200,동대문경찰서,2032,1293,739,0,238,484,458,531,321,0,138,345,309,317,184,0,100,139,149,214,137
2019,3,A,골목상권,2110199,홍릉시장,2161,1381,780,0,230,506,502,583,340,0,132,354,343,350,202,0,98,152,159,233,138
2019,3,A,골목상권,2110198,동대문중앙새마을금고본점,658,359,299,0,65,92,139,208,154,0,29,43,84,104,99,0,36,49,55,104,55
2019,3,A,골목상권,2110197,세종대왕기념관교차로,2565,1622,943,2,377,756,641,582,207,1,140,417,437,448,179,1,237,339,204,134,28
2019,3,A,골목상권,2110196,홍릉근린공원,1129,677,452,0,91,218,342,289,189,0,34,111,213,190,129,0,57,107,129,99,60
2019,3,A,골목상권,2110195,동대문구청,3718,2025,1693,4,385,859,995,1020,455,3,152,394,510,671,295,1,233,465,485,349,160
2019,3,A,골목상권,2110194,홍파초등학교,2003,1195,808,1,154,347,564,581,356,0,89,193,348,327,238,1,65,154,216,254,118
2019,3,A,골목상권,2110193,고려대역 4번,1421,920,501,0,98,253,444,415,211,0,51,147,275,294,153,0,47,106,169,121,58
2019,3,A,골목상권,2110192,동의보감타워,5183,3348,1835,12,737,1417,1357,1205,455,6,449,913,854,849,277,6,288,504,503,356,178
2019,3,A,골목상권,2110191,고려대역 6번,1332,780,552,1,103,244,403,347,234,0,54,138,233,205,150,1,49,106,170,142,84
2019,3,A,골목상권,2110190,고대앞사거리,3378,1778,1600,4,472,909,983,658,352,1,185,455,547,369,221,3,287,454,436,289,131
2019,3,A,골목상권,2110189,제기동역 1번,8403,5053,3350,17,1934,2475,1798,1266,913,5,753,1586,1200,837,672,12,1181,889,598,429,241
2019,3,A,골목상권,2110188,용두동신동아아파트,5931,4028,1903,16,880,1581,1426,1181,847,7,552,1067,1016,823,563,9,328,514,410,358,284
2019,3,A,골목상권,2110187,제기동역 6번,8775,5242,3533,20,2008,2549,1883,1366,949,8,783,1586,1237,934,694,12,1225,963,646,432,255
2019,3,A,골목상권,2110186,종암초등학교,3918,2537,1381,7,491,1090,1142,818,370,2,209,681,782,568,295,5,282,409,360,250,75
2019,3,A,골목상권,2110185,용두초등학교,9370,4106,5264,8,867,2278,2874,2383,960,1,296,1173,1182,894,560,7,571,1105,1692,1489,400
2019,3,A,골목상권,2110184,용두사거리,9453,3346,6107,9,1977,2311,1831,1987,1338,5,462,978,744,572,585,4,1515,1333,1087,1415,753
2019,3,A,골목상권,2110183,한국의류시험연구원,8246,3096,5150,9,1783,1928,1484,1752,1290,6,437,906,667,510,570,3,1346,1022,817,1242,720
2019,3,A,골목상권,2110182,용두희망어린이공원,8645,3976,4669,13,1265,1912,1848,2291,1316,7,439,1034,1018,922,556,6,826,878,830,1369,760
2019,3,A,골목상권,2110181,신설동역 9번,11591,5540,6051,12,1140,2717,3387,2864,1471,2,434,1461,1534,1214,895,10,706,1256,1853,1650,576
2019,3,A,골목상권,2110180,광진정보도서관,5971,3531,2440,12,1051,1704,1359,1132,713,9,451,925,896,738,512,3,600,779,463,394,201
2019,3,A,골목상권,2110179,광나루역 1번,6674,3830,2844,68,2175,1394,1071,1258,708,23,981,789,756,827,454,45,1194,605,315,431,254
2019,3,A,골목상권,2110178,장로회신학대학교,3002,1712,1290,7,452,897,684,574,388,6,183,441,480,358,244,1,269,456,204,216,144
2019,3,A,골목상권,2110177,동의초등학교,1456,803,653,0,179,262,379,401,235,0,86,143,207,212,155,0,93,119,172,189,80
2019,3,A,골목상권,2110176,해오름공원,4006,2156,1850,2,714,818,1141,961,370,1,192,395,653,615,300,1,522,423,488,346,70
2019,3,A,골목상권,2110175,푸른동산공원,10231,5833,4398,16,1053,2046,2587,2778,1751,10,611,1375,1639,1286,912,6,442,671,948,1492,839
2019,3,A,골목상권,2110174,아차산역 1번,3822,2354,1468,2,428,660,1119,1039,574,1,213,411,682,638,409,1,215,249,437,401,165
2019,3,A,골목상권,2110173,구남초등학교,12578,7584,4994,19,1169,2420,3167,3469,2334,10,635,1603,2115,1847,1374,9,534,817,1052,1622,960
2019,3,A,골목상권,2110172,광진초등학교,3463,1918,1545,10,368,699,818,961,607,7,152,367,427,538,427,3,216,332,391,423,180
2019,3,A,골목상권,2110171,중곡4동주민센터,3121,1339,1782,1,607,772,792,682,267,1,123,296,374,347,198,0,484,476,418,335,69
2019,3,A,골목상권,2110170,동대부여고,7010,3563,3447,11,567,1270,1944,2274,944,8,251,718,1074,972,540,3,316,552,870,1302,404
2019,3,A,골목상권,2110169,성동초등학교,6922,4288,2634,12,742,1605,1808,1713,1042,5,371,960,1130,1061,761,7,371,645,678,652,281
2019,3,A,골목상권,2110168,대원고등학교,2064,1180,884,4,197,444,540,574,305,2,91,213,297,340,237,2,106,231,243,234,68
2019,3,A,골목상권,2110167,용마초등학교,4705,2714,1991,9,535,922,1258,1123,858,3,284,573,667,603,584,6,251,349,591,520,274
2019,3,A,골목상권,2110166,구의1동주민센터,14827,10952,3875,25,971,2485,4006,5687,1653,18,462,1524,2993,4642,1313,7,509,961,1013,1045,340
2019,3,A,골목상권,2110165,국립정신건강센터,2539,1370,1169,1,243,519,689,679,408,0,90,238,359,389,294,1,153,281,330,290,114
2019,3,A,골목상권,2110164,아차산역 5번,3117,1919,1198,7,344,566,760,736,704,2,168,347,459,428,515,5,176,219,301,308,189
2019,3,A,골목상권,2110163,성자초등학교,3387,1986,1401,11,397,747,896,940,396,7,239,429,508,510,293,4,158,318,388,430,103
2019,3,A,골목상권,2110162,군자역 4번,4295,2539,1756,9,601,900,1080,911,794,3,337,558,608,490,543,6,264,342,472,421,251
2019,3,A,골목상권,2110161,중곡역 3번,2365,1542,823,7,196,386,595,757,424,2,77,216,378,557,312,5,119,170,217,200,112
2019,3,A,골목상권,2110160,광진경찰서,2265,1356,909,8,296,644,592,519,206,4,157,407,324,328,136,4,139,237,268,191,70
2019,3,A,골목상권,2110159,구의역 4번,16085,11599,4486,29,1261,2574,4269,5957,1995,16,572,1550,3161,4733,1567,13,689,1024,1108,1224,428
2019,3,A,골목상권,2110158,중곡3동주민센터,2984,2091,893,6,251,563,738,908,518,1,112,363,493,705,417,5,139,200,245,203,101
2019,3,A,골목상권,2110157,자양동우체국,2350,1571,779,9,475,566,560,478,262,5,359,389,338,281,199,4,116,177,222,197,63
2019,3,A,골목상권,2110156,군자역 5번,4399,2748,1651,7,557,912,1104,951,868,2,301,556,674,566,649,5,256,356,430,385,219
2019,3,A,골목상권,2110155,광진구청,13768,10557,3211,25,987,2246,3650,5193,1667,12,498,1463,2832,4418,1334,13,489,783,818,775,333
2019,3,A,골목상권,2110154,광진정말공원,2992,1658,1334,14,432,551,708,738,549,6,208,307,364,378,395,8,224,244,344,360,154
2019,3,A,골목상권,2110153,중곡1동주민센터,3390,2107,1283,16,573,741,882,699,479,14,295,454,549,443,352,2,278,287,333,256,127
2019,3,A,골목상권,2110152,중곡어린이공원,2203,1515,688,2,239,531,486,533,412,1,114,334,335,386,345,1,125,197,151,147,67
2019,3,A,골목상권,2110151,자양한강도서관,2511,1680,831,11,513,517,602,544,324,6,381,377,372,301,243,5,132,140,230,243,81
2019,3,A,골목상권,2110150,중곡1동 마을마당,4135,2614,1521,22,620,1026,973,875,619,17,283,604,632,587,491,5,337,422,341,288,128
2019,3,A,골목상권,2110149,세종대학교,1154,616,538,1,157,309,285,241,161,1,64,166,163,120,102,0,93,143,122,121,59
2019,3,A,골목상권,2110148,어린이대공원역 3번,1586,1096,490,5,169,237,403,521,251,1,92,158,272,368,205,4,77,79,131,153,46
2019,3,A,골목상권,2110147,능동우편취급국,3926,2368,1558,18,617,1040,933,772,546,13,307,638,582,455,373,5,310,402,351,317,173
2019,3,A,골목상권,2110146,신자초등학교,2971,2021,950,6,368,700,849,751,297,2,234,520,594,460,211,4,134,180,255,291,86
2019,3,A,골목상권,2110145,장안초등학교,993,476,517,0,94,177,208,290,224,0,24,89,99,134,130,0,70,88,109,156,94
2019,3,A,골목상권,2110144,어린이대공원역 4번,2160,1360,800,5,239,354,525,673,364,1,106,203,333,440,277,4,133,151,192,233,87
2019,3,A,골목상권,2110143,뚝섬유원지역 1번,1908,1526,382,3,214,527,560,443,161,2,156,428,463,356,121,1,58,99,97,87,40
2019,3,A,골목상권,2110142,화양사거리,4252,2553,1699,7,661,1101,1100,830,553,5,331,684,701,431,401,2,330,417,399,399,152
2019,3,A,골목상권,2110141,건대입구역 1번,3806,2481,1325,16,546,852,949,790,653,9,283,549,644,502,494,7,263,303,305,288,159
2019,3,A,골목상권,2110140,건대입구역 6번,5997,3722,2275,31,811,1321,1441,1386,1007,20,364,792,925,894,727,11,447,529,516,492,280
2019,3,A,골목상권,2110139,자양4동주민센터,3086,2322,764,47,534,745,763,672,325,28,346,571,595,520,262,19,188,174,168,152,63
2019,3,A,골목상권,2110138,송정체육공원,4604,2816,1788,5,742,1302,1265,791,499,2,368,822,833,437,354,3,374,480,432,354,145
2019,3,A,골목상권,2110137,성수초등학교,16439,10840,5599,71,2323,4279,4300,3210,2256,50,1215,2796,2926,2137,1716,21,1108,1483,1374,1073,540
2019,3,A,골목상권,2110136,경수초등학교,18223,11395,6828,108,3004,4447,4293,3747,2624,68,1550,2806,2786,2326,1859,40,1454,1641,1507,1421,765
2019,3,A,골목상권,2110135,성동세무서,7931,5191,2740,18,1175,2207,2065,1537,929,5,634,1436,1393,974,749,13,541,771,672,563,180
2019,3,A,골목상권,2110134,성수119안전센터,5544,3842,1702,68,922,1478,1440,1092,544,40,526,1041,1017,783,435,28,396,437,423,309,109
2019,3,A,골목상권,2110133,서울교통공사,6069,3863,2206,40,1371,1608,1279,1043,728,2,629,1035,910,712,575,38,742,573,369,331,153
2019,3,A,골목상권,2110132,성수2가3동주민센터,4625,2786,1839,13,578,1153,1120,996,765,7,292,676,699,613,499,6,286,477,421,383,266
2019,3,A,골목상권,2110131,성수동카페거리,17910,10869,7041,60,3057,4705,4237,3433,2418,35,1523,2901,2724,2087,1599,25,1534,1804,1513,1346,819
2019,3,A,골목상권,2110130,답십리역 6번,6252,2846,3406,30,958,1346,1717,1567,634,5,579,890,644,345,383,25,379,456,1073,1222,251
2019,3,A,골목상권,2110129,성원어린이공원,6333,3886,2447,15,955,1589,1461,1211,1102,8,522,991,924,732,709,7,433,598,537,479,393
2019,3,A,골목상권,2110128,성원중학교,6569,4592,1977,25,827,1693,1727,1543,754,14,458,1195,1212,1116,597,11,369,498,515,427,157
2019,3,A,골목상권,2110127,성수1가1동주민센터,5434,3514,1920,18,941,1650,1366,955,504,9,521,1055,882,657,390,9,420,595,484,298,114
2019,3,A,골목상권,2110126,서울숲역 1번,6002,3861,2141,16,980,1489,1440,1213,864,9,573,959,895,795,630,7,407,530,545,418,234
2019,3,A,골목상권,2110125,사근동살곶이상점가,2736,1879,857,1,201,548,850,749,387,1,72,324,584,584,314,0,129,224,266,165,73
2019,3,A,골목상권,2110124,뚝섬역교차로,3046,2044,1002,8,422,625,737,696,558,6,214,400,446,512,466,2,208,225,291,184,92
2019,3,A,골목상권,2110123,마장역 3번,1936,1202,734,2,240,388,499,479,328,1,113,228,297,320,243,1,127,160,202,159,85
2019,3,A,골목상권,2110122,마장역 2번,1764,1139,625,1,174,315,442,482,350,0,88,192,272,329,258,1,86,123,170,153,92
2019,3,A,골목상권,2110121,한양대역 4번,2635,1803,832,0,158,507,834,749,387,0,52,302,562,570,317,0,106,205,272,179,70
2019,3,A,골목상권,2110120,서울숲카페거리,1803,1135,668,5,234,388,441,440,295,4,130,224,258,290,229,1,104,164,183,150,66
2019,3,A,골목상권,2110119,마장지하차도,1764,1056,708,4,213,324,450,409,364,1,115,198,274,250,218,3,98,126,176,159,146
2019,3,A,골목상권,2110118,왕십리역 9번,9227,3227,6000,15,881,1548,2649,3599,535,12,515,1068,927,442,263,3,366,480,1722,3157,272
2019,3,A,골목상권,2110117,성동구보건소,2505,1302,1203,4,511,496,534,535,425,1,189,259,322,306,225,3,322,237,212,229,200
2019,3,A,골목상권,2110116,청계천박물관,4802,2801,2001,5,542,1211,1238,1217,589,4,252,606,725,817,397,1,290,605,513,400,192
2019,3,A,골목상권,2110115,상왕십리역 3번,4201,2209,1992,12,801,826,808,883,871,4,267,418,491,509,520,8,534,408,317,374,351
2019,3,A,골목상권,2110114,왕십리파출소,1783,930,853,2,437,437,392,327,188,0,157,229,269,179,96,2,280,208,123,148,92
2019,3,A,골목상권,2110113,응봉산,2465,962,1503,19,292,797,986,271,100,0,103,263,403,122,71,19,189,534,583,149,29
2019,3,A,골목상권,2110112,행당역 2번,8417,2655,5762,11,693,1334,2479,3459,441,9,422,906,788,342,188,2,271,428,1691,3117,253
2019,3,A,골목상권,2110111,대현산장미원,362,232,130,0,37,70,92,82,81,0,11,41,54,55,71,0,26,29,38,27,10
2019,3,A,골목상권,2110110,상왕십리역 6번,2524,1199,1325,7,342,566,483,570,556,2,87,261,260,286,303,5,255,305,223,284,253
2019,3,A,골목상권,2110109,금호삼성래미안아파트,2963,1304,1659,19,343,889,1111,401,200,0,138,317,493,208,148,19,205,572,618,193,52
2019,3,A,골목상권,2110108,성동구립금호도서관,461,221,240,0,50,74,106,122,109,0,19,34,47,47,74,0,31,40,59,75,35
2019,3,A,골목상권,2110107,금호사거리,2837,1218,1619,19,310,867,1063,384,194,0,116,284,454,217,147,19,194,583,609,167,47
2019,3,A,골목상권,2110106,금북초등학교,606,349,257,1,100,159,156,129,61,0,53,84,93,74,45,1,47,75,63,55,16
2019,3,A,골목상권,2110105,금동어린이공원,3410,1438,1972,19,402,1015,1217,510,247,0,134,349,528,250,177,19,268,666,689,260,70
2019,3,A,골목상권,2110104,신금호역 4번,1732,947,785,1,232,378,423,359,339,0,77,182,238,203,247,1,155,196,185,156,92
2019,3,A,골목상권,2110103,옥수터널,638,331,307,3,65,156,179,177,58,1,30,68,99,91,42,2,35,88,80,86,16
2019,3,A,골목상권,2110102,옥수역 6번,4513,1880,2633,5,975,1337,1016,717,463,1,246,479,492,372,290,4,729,858,524,345,173
2019,3,A,골목상권,2110101,옥정중학교,12039,8156,3883,4,1686,4065,3508,2417,359,4,529,2503,2744,2091,285,0,1157,1562,764,326,74
2019,3,A,골목상권,2110100,옥수동우편취급국,8995,7119,1876,4,895,2995,2804,2061,236,4,371,2178,2447,1924,195,0,524,817,357,137,41
2019,3,A,골목상권,2110099,유엔빌리지길,23960,18990,4970,76,3010,6402,6713,6836,923,38,1462,4614,5764,6359,753,38,1548,1788,949,477,170
2019,3,A,골목상권,2110098,서울독일학교,23379,18776,4603,71,2929,6190,6479,6712,998,35,1455,4503,5629,6312,842,36,1474,1687,850,400,156
2019,3,A,골목상권,2110097,한남초등학교,7848,5504,2344,22,1336,2995,1790,1215,490,13,673,1942,1400,1076,400,9,663,1053,390,139,90
2019,3,A,골목상권,2110096,한남힐사이드아파트,8599,5446,3153,13,1727,3173,2018,1367,301,8,723,1917,1453,1101,244,5,1004,1256,565,266,57
2019,3,A,골목상권,2110095,한강진역 3번,17821,10977,6844,42,3566,6403,4412,2515,883,21,1540,3648,3080,2028,660,21,2026,2755,1332,487,223
2019,3,A,골목상권,2110094,오산중학교,1897,1010,887,1,155,492,531,580,138,1,41,163,278,422,105,0,114,329,253,158,33
2019,3,A,골목상권,2110093,우사단길,10351,6160,4191,36,1713,3387,2741,1506,968,19,720,1805,1829,1103,684,17,993,1582,912,403,284
2019,3,A,골목상권,2110092,NH농협은행 보광동지점,4826,2987,1839,38,694,1374,1320,959,441,25,312,747,883,710,310,13,382,627,437,249,131
2019,3,A,골목상권,2110091,리움미술관,9154,5560,3594,13,1825,3110,2399,1250,557,5,801,1690,1686,983,395,8,1024,1420,713,267,162
2019,3,A,골목상권,2110090,한국폴리텍대학서울정수캠퍼스,7671,4709,2962,12,1160,2206,2600,1221,472,6,512,1083,1840,947,321,6,648,1123,760,274,151
2019,3,A,골목상권,2110089,서빙고동주민센터,2489,1473,1016,1,273,665,789,463,298,0,84,344,514,324,207,1,189,321,275,139,91
2019,3,A,골목상권,2110088,오산고등학교,8864,5509,3355,11,1259,2544,2914,1420,716,5,598,1289,2058,1086,473,6,661,1255,856,334,243
2019,3,A,골목상권,2110087,이태원엔틱가구거리,5858,3600,2258,27,1076,1510,1495,1000,750,16,553,982,977,626,446,11,523,528,518,374,304
2019,3,A,골목상권,2110086,이태원역 북측,18761,9355,9406,29,4792,6973,4170,1909,888,15,1465,3204,2616,1443,612,14,3327,3769,1554,466,276
2019,3,A,골목상권,2110085,경리단길남측,15889,7606,8283,9,4177,6113,3458,1538,594,1,1235,2780,2037,1129,424,8,2942,3333,1421,409,170
2019,3,A,골목상권,2110084,경리단길북측,4620,2394,2226,4,832,1532,1237,710,305,0,377,769,640,388,220,4,455,763,597,322,85
2019,3,A,골목상권,2110083,서빙고역 1번,7563,4864,2699,23,1422,2116,1921,1369,712,8,652,1354,1326,1003,521,15,770,762,595,366,191
2019,3,A,골목상권,2110082,용산구청,4692,2830,1862,25,882,1118,1170,857,640,15,489,698,735,532,361,10,393,420,435,325,279
2019,3,A,골목상권,2110081,해방촌 남동측,2341,1579,762,1,215,434,780,716,195,1,96,238,575,535,134,0,119,196,205,181,61
2019,3,A,골목상권,2110080,해방촌예술마을,2814,1792,1022,5,313,503,843,842,308,5,115,270,600,597,205,0,198,233,243,245,103
2019,3,A,골목상권,2110079,후암동주민센터,15590,10525,5065,17,2614,4783,4245,2806,1125,10,1232,2980,3358,2185,760,7,1382,1803,887,621,365
2019,3,A,골목상권,2110078,이촌동점보아파트,5981,3640,2341,17,1037,1783,1450,1156,538,4,511,1022,964,766,373,13,526,761,486,390,165
2019,3,A,골목상권,2110077,삼광초등학교,11352,3766,7586,66,6578,2066,1301,949,392,8,759,1027,970,722,280,58,5819,1039,331,227,112
2019,3,A,골목상권,2110076,삼각지역 14번,5706,4079,1627,6,566,1521,1873,1374,366,4,318,1017,1434,1053,253,2,248,504,439,321,113
2019,3,A,골목상권,2110075,숙대입구역 1번,16482,6918,9564,72,7356,3763,2429,1565,1297,10,1032,1827,1768,1198,1083,62,6324,1936,661,367,214
2019,3,A,골목상권,2110074,서울역 12번,25672,13622,12050,76,9245,7063,4697,2689,1902,13,2037,4154,3767,2142,1509,63,7208,2909,930,547,393
2019,3,A,골목상권,2110073,삼각지역 3번,24010,8855,15155,61,5952,7761,6832,2750,654,20,2128,2680,2347,1300,380,41,3824,5081,4485,1450,274
2019,3,A,골목상권,2110072,열정도,6902,3983,2919,249,2330,2007,1168,723,425,113,1131,1217,779,457,286,136,1199,790,389,266,139
2019,3,A,골목상권,2110071,한강미주맨션아파트,8010,4836,3174,30,1050,1796,2661,1913,560,25,512,1167,1545,1207,380,5,538,629,1116,706,180
2019,3,A,골목상권,2110070,용산세무서,8959,6267,2692,2,785,2215,3256,2279,422,0,519,1606,2191,1656,295,2,266,609,1065,623,127
2019,3,A,골목상권,2110069,숙대입구,12291,7161,5130,268,3312,4075,2355,1482,799,114,1549,2345,1562,1002,589,154,1763,1730,793,480,210
2019,3,A,골목상권,2110068,남영역 1번,12851,7735,5116,287,3428,4128,2692,1516,800,125,1667,2523,1852,1031,537,162,1761,1605,840,485,263
2019,3,A,골목상권,2110067,배문고등학교,8171,4730,3441,7,1509,2340,1562,1298,1455,2,477,1155,1020,867,1209,5,1032,1185,542,431,246
2019,3,A,골목상권,2110066,서울역 15번,4157,2600,1557,13,570,1040,798,683,1053,9,218,503,522,451,897,4,352,537,276,232,156
2019,3,A,골목상권,2110065,남정초등학교,4143,2956,1187,34,745,1281,1119,605,359,24,484,982,807,411,248,10,261,299,312,194,111
2019,3,A,골목상권,2110064,효창공원앞역 2번,4713,2888,1825,14,569,1224,1220,1060,626,12,285,784,772,647,388,2,284,440,448,413,238
2019,3,A,골목상권,2110063,효창공원앞역 5번,7218,5110,2108,39,1153,2183,2037,1120,686,27,704,1613,1490,785,491,12,449,570,547,335,195
2019,3,A,골목상권,2110062,한강로동땡땡거리(은행나무길),9525,5561,3964,11,977,2292,2971,2302,972,7,451,1264,1676,1514,649,4,526,1028,1295,788,323
2019,3,A,골목상권,2110061,효창동주민센터,4384,2810,1574,5,647,1121,1153,968,490,3,300,723,809,636,339,2,347,398,344,332,151
2019,3,A,골목상권,2110060,효창공원앞역 6번,5617,3450,2167,13,861,1408,1491,1268,576,10,402,877,962,813,386,3,459,531,529,455,190
2019,3,A,골목상권,2110059,새남터성지,2373,1466,907,3,388,653,585,496,248,2,199,402,383,331,149,1,189,251,202,165,99
2019,3,A,골목상권,2110058,성심여자고등학교,8983,6254,2729,24,1284,2698,2420,1371,1186,13,727,1882,1820,970,842,11,557,816,600,401,344
2019,3,A,골목상권,2110057,황학코아루아파트,2793,1352,1441,4,403,706,712,658,310,3,191,397,333,253,175,1,212,309,379,405,135
2019,3,A,골목상권,2110056,신당역 3번,3176,1671,1505,3,461,867,755,641,449,3,189,445,414,347,273,0,272,422,341,294,176
2019,3,A,골목상권,2110055,황학동벼룩시장,3097,1659,1438,17,854,752,649,548,277,8,367,388,373,339,184,9,487,364,276,209,93
2019,3,A,골목상권,2110054,청구역 3번,6878,3314,3564,12,1492,1883,1435,1248,808,2,426,907,795,681,503,10,1066,976,640,567,305
2019,3,A,골목상권,2110053,청구역 1번,5467,2863,2604,4,764,1332,1466,1464,437,2,269,627,771,890,304,2,495,705,695,574,133
2019,3,A,골목상권,2110052,장충초등학교,8351,3922,4429,12,1736,2201,1909,1691,802,5,488,944,997,967,521,7,1248,1257,912,724,281
2019,3,A,골목상권,2110051,한양공고앞 교차로,2780,1583,1197,2,383,617,686,786,306,0,171,369,392,453,198,2,212,248,294,333,108
2019,3,A,골목상권,2110050,약수역 7번,1929,1057,872,1,285,470,469,401,303,1,112,226,276,238,204,0,173,244,193,163,99
2019,3,A,골목상권,2110049,장충단 고개,10090,4821,5269,20,2286,2894,2305,1767,818,5,590,1373,1311,1031,511,15,1696,1521,994,736,307
2019,3,A,골목상권,2110048,장충동주민센터,13331,7041,6290,19,2419,3722,3539,2654,978,5,824,2077,2066,1477,592,14,1595,1645,1473,1177,386
2019,3,A,골목상권,2110047,다산성곽길,7447,3645,3802,14,1608,2085,1671,1415,654,5,499,953,899,831,458,9,1109,1132,772,584,196
2019,3,A,골목상권,2110046,버티고개,3106,2156,950,2,377,1116,808,580,223,1,216,805,600,373,161,1,161,311,208,207,62
2019,3,A,골목상권,2110045,동대문역사문화공원역 5번,46051,22704,23347,312,13825,12085,9634,7345,2850,120,6534,7223,5478,2520,829,192,7291,4862,4156,4825,2021
2019,3,A,골목상권,2110044,관성묘,37087,17205,19882,300,12474,9694,7031,5295,2293,117,5791,5591,3826,1379,501,183,6683,4103,3205,3916,1792
2019,3,A,골목상권,2110043,충무초등학교,9987,5868,4119,44,1957,2707,2631,1727,921,22,672,1559,1771,1189,655,22,1285,1148,860,538,266
2019,3,A,골목상권,2110042,남산골공원옆,5710,3555,2155,16,662,1454,1801,1206,571,8,352,941,1049,809,396,8,310,513,752,397,175
2019,3,A,골목상권,2110041,남산케이블카,14628,9199,5429,13,1833,4486,5055,2295,946,6,851,2495,3644,1659,544,7,982,1991,1411,636,402
2019,3,A,골목상권,2110040,중구회현체육센터(정화예술대남산캠퍼스),13667,8856,4811,12,1713,4252,4706,2126,858,5,852,2507,3461,1555,476,7,861,1745,1245,571,382
2019,3,A,골목상권,2110039,회현역 1번,15576,9421,6155,7,2116,4706,5119,2842,786,4,991,2745,3617,1674,390,3,1125,1961,1502,1168,396
2019,3,A,골목상권,2110038,경향신문사,16689,9815,6874,23,2909,6045,4893,2386,433,6,1045,3212,3305,1931,316,17,1864,2833,1588,455,117
2019,3,A,골목상권,2110037,신설동역 12번,6899,2617,4282,4,819,1192,1298,1794,1792,1,218,519,580,476,823,3,601,673,718,1318,969
2019,3,A,골목상권,2110036,동묘앞역 3번,2616,1453,1163,5,457,599,592,568,395,3,155,292,355,364,284,2,302,307,237,204,111
2019,3,A,골목상권,2110035,동묘앞역 2번,4241,2158,2083,5,398,677,986,875,1300,1,111,293,440,454,859,4,287,384,546,421,441
2019,3,A,골목상권,2110034,창신1동주민센터,2822,1379,1443,9,414,705,763,587,344,6,157,314,334,333,235,3,257,391,429,254,109
2019,3,A,골목상권,2110033,창신역 4번,2712,1835,877,3,258,495,505,461,990,2,175,379,336,278,665,1,83,116,169,183,325
2019,3,A,골목상권,2110032,수족관거리,2213,942,1271,9,348,567,623,447,219,6,105,222,229,226,154,3,243,345,394,221,65
2019,3,A,골목상권,2110031,창신역 1번,505,232,273,1,71,110,122,132,69,1,16,47,53,67,48,0,55,63,69,65,21
2019,3,A,골목상권,2110030,동대문역 3번,2119,1244,875,3,244,562,634,421,255,2,160,382,315,218,167,1,84,180,319,203,88
2019,3,A,골목상권,2110029,동대문역 1번,4153,2666,1487,6,514,1066,1049,941,577,4,325,751,665,570,351,2,189,315,384,371,226
2019,3,A,골목상권,2110028,이화달팽이길,4766,2629,2137,5,793,1324,1162,916,566,2,275,664,704,600,384,3,518,660,458,316,182
2019,3,A,골목상권,2110027,혜화역 1번,3131,1523,1608,5,521,939,735,514,417,2,157,397,373,297,297,3,364,542,362,217,120
2019,3,A,골목상권,2110026,종로5가역 4번,3604,2190,1414,9,472,884,954,806,479,4,243,528,554,513,348,5,229,356,400,293,131
2019,3,A,골목상권,2110025,충신시장옆,8891,5605,3286,14,1455,2508,2354,1836,724,3,541,1393,1663,1502,503,11,914,1115,691,334,221
2019,3,A,골목상권,2110024,혜회동주민센터,3989,2028,1961,23,673,943,821,817,712,14,271,486,444,412,401,9,402,457,377,405,311
2019,3,A,골목상권,2110023,서울대병원,4849,2934,1915,8,805,1578,1289,765,404,2,286,828,957,595,266,6,519,750,332,170,138
2019,3,A,골목상권,2110022,경신고등학교,5520,2889,2631,24,931,1483,1227,1085,770,16,380,787,699,584,423,8,551,696,528,501,347
2019,3,A,골목상권,2110021,성균관대학교,1980,1171,809,13,238,367,470,447,445,9,103,172,293,295,299,4,135,195,177,152,146
2019,3,A,골목상권,2110020,서울국제고등학교,4354,2160,2194,14,657,1172,1014,867,630,11,247,603,569,407,323,3,410,569,445,460,307
2019,3,A,골목상권,2110019,창덕궁,8293,5434,2859,15,1152,2468,2409,1512,737,2,534,1487,1731,1117,563,13,618,981,678,395,174
2019,3,A,골목상권,2110018,중앙고등학교,10747,7156,3591,8,1420,3494,3394,1881,550,3,638,2185,2495,1416,419,5,782,1309,899,465,131
2019,3,A,골목상권,2110017,정독도서관,10394,8219,2175,2,1190,2948,3365,2328,561,1,769,2237,2808,1942,462,1,421,711,557,386,99
2019,3,A,골목상권,2110016,평창동동측,9526,5506,4020,14,912,2595,3622,1860,523,8,441,1198,2107,1362,390,6,471,1397,1515,498,133
2019,3,A,골목상권,2110015,청와대사랑채,7506,5549,1957,23,1016,2235,2365,1419,448,1,622,1639,1880,1087,320,22,394,596,485,332,128
2019,3,A,골목상권,2110014,경복고등학교,6682,4900,1782,25,869,1941,2164,1358,325,3,535,1433,1668,1021,240,22,334,508,496,337,85
2019,3,A,골목상권,2110013,체부동홍종문가옥,3252,1935,1317,1,383,922,881,589,476,0,206,534,535,340,320,1,177,388,346,249,156
2019,3,A,골목상권,2110012,성곡미술관,39315,24594,14721,53,5587,12503,10863,6777,3532,21,2169,7134,7777,5085,2408,32,3418,5369,3086,1692,1124
2019,3,A,골목상권,2110011,청운초등학교,3025,2001,1024,9,508,915,812,461,320,3,260,655,578,296,209,6,248,260,234,165,111
2019,3,A,골목상권,2110010,평창동서측,10054,5530,4524,20,986,2756,3610,1933,749,7,422,1232,2048,1298,523,13,564,1524,1562,635,226
2019,3,A,골목상권,2110009,자하문터널,3155,1807,1348,4,617,978,793,523,240,0,245,580,494,327,161,4,372,398,299,196,79
2019,3,A,골목상권,2110008,배화여자대학교(박노수미술관),4314,2276,2038,21,616,1012,1063,884,718,0,241,507,552,483,493,21,375,505,511,401,225
2019,3,A,골목상권,2110007,사직공원(한국사회과학도서관),5075,2788,2287,8,678,1485,1429,999,476,5,256,752,795,611,369,3,422,733,634,388,107
2019,3,A,골목상권,2110006,부암동주민센터,2836,1709,1127,8,620,975,716,378,139,0,269,640,492,218,90,8,351,335,224,160,49
2019,3,A,골목상권,2110005,세검정,2977,1703,1274,3,336,800,805,625,408,0,153,429,488,363,270,3,183,371,317,262,138
2019,3,A,골목상권,2110004,대신고등학교,825,532,293,8,132,290,172,146,77,5,56,205,118,86,62,3,76,85,54,60,15
2019,3,A,골목상권,2110003,세검정초등학교,5129,2891,2238,9,612,1373,1267,1110,758,5,224,708,802,653,499,4,388,665,465,457,259
2019,3,A,골목상권,2110002,독립문역 1번,653,194,459,6,149,200,160,93,45,5,32,44,60,27,26,1,117,156,100,66,19
2019,3,A,골목상권,2110001,이북5도청사,6266,4394,1872,6,1123,1524,1398,1611,604,4,545,998,1103,1319,425,2,578,526,295,292,179
2019,2,A,골목상권,2111090,강일동주민센터,746,548,198,0,81,153,205,197,110,0,56,107,145,144,96,0,25,46,60,53,14
2019,2,A,골목상권,2111089,상일여고(상일초등학교),1258,871,387,0,146,212,336,359,205,0,80,143,251,246,151,0,66,69,85,113,54
2019,2,A,골목상권,2111088,고덕동성당,1316,1090,226,0,43,93,239,493,448,0,13,58,187,413,419,0,30,35,52,80,29
2019,2,A,골목상권,2111087,고덕중학교(고덕2동주민센터),656,263,393,0,70,128,136,206,116,0,17,49,58,83,56,0,53,79,78,123,60
2019,2,A,골목상권,2111086,한영중고,997,494,503,6,106,204,221,321,139,2,45,77,101,170,99,4,61,127,120,151,40
2019,2,A,골목상권,2111085,묘곡초등학교(고덕아이파크아파트),1213,636,577,0,147,298,320,320,128,0,61,155,149,189,82,0,86,143,171,131,46
2019,2,A,골목상권,2111084,길동신동아아파트,1085,546,539,0,140,259,266,267,153,0,58,143,131,119,95,0,82,116,135,148,58
2019,2,A,골목상권,2111083,GS강동자이아파트,2270,1316,954,2,224,423,516,559,546,1,99,261,280,258,417,1,125,162,236,301,129
2019,2,A,골목상권,2111082,중앙보훈병원,5364,2758,2606,1,571,1340,2041,1097,314,0,145,714,1006,703,190,1,426,626,1035,394,124
2019,2,A,골목상권,2111081,둔촌푸르지오아파트,1371,833,538,2,100,219,302,327,421,1,42,143,169,156,322,1,58,76,133,171,99
2019,2,A,골목상권,2111080,굽은다리역 3번,2284,1015,1269,1,251,439,532,576,485,1,85,235,252,224,218,0,166,204,280,352,267
2019,2,A,골목상권,2111079,둔촌고등학교(둔촌중학교),6503,3432,3071,4,738,1613,2275,1337,536,3,221,874,1151,843,340,1,517,739,1124,494,196
2019,2,A,골목상권,2111078,굽은다리역 4번,4343,2581,1762,6,407,786,1021,1005,1118,1,180,463,586,594,757,5,227,323,435,411,361
2019,2,A,골목상권,2111077,길동주민센터(강동도서관),8537,4510,4027,13,1010,1758,1954,1968,1834,6,406,981,1070,870,1177,7,604,777,884,1098,657
2019,2,A,골목상권,2111076,둔촌2동주민센터,8732,4676,4056,3,1093,2341,2832,1620,843,2,320,1259,1508,994,593,1,773,1082,1324,626,250
2019,2,A,골목상권,2111075,굽은다리역 2번,2970,1575,1395,5,344,576,717,758,570,4,152,332,372,378,337,1,192,244,345,380,233
2019,2,A,골목상권,2111074,명일역 1번,3172,1816,1356,7,406,719,792,783,465,6,196,422,453,448,291,1,210,297,339,335,174
2019,2,A,골목상권,2111073,둔촌동역 1번(한산중학교),8709,4492,4217,16,1128,2007,1998,2075,1485,13,492,1126,1127,878,856,3,636,881,871,1197,629
2019,2,A,골목상권,2111072,굽은다리역 1번(십자성마을),4716,2817,1899,13,404,862,1104,1123,1210,5,172,481,636,677,846,8,232,381,468,446,364
2019,2,A,골목상권,2111071,천동초등학교,2495,1429,1066,3,198,424,625,621,624,1,65,205,343,356,459,2,133,219,282,265,165
2019,2,A,골목상권,2111070,천호초등학교,2213,1248,965,5,186,467,561,634,360,1,70,234,299,391,253,4,116,233,262,243,107
2019,2,A,골목상권,2111069,천호1동주민센터,2917,1503,1414,11,275,564,727,755,585,5,95,254,366,404,379,6,180,310,361,351,206
2019,2,A,골목상권,2111068,강동성심병원,5442,2532,2910,9,961,1151,1273,1203,845,6,309,536,658,508,515,3,652,615,615,695,330
2019,2,A,골목상권,2111067,강동구립성내도서관,9652,4806,4846,17,1566,2220,2137,2086,1626,12,608,1157,1164,925,940,5,958,1063,973,1161,686
2019,2,A,골목상권,2111066,암사동성당(효정하나플러스아파트),2084,1217,867,5,272,458,477,548,324,2,107,233,255,374,246,3,165,225,222,174,78
2019,2,A,골목상권,2111065,천일초등학교,1619,890,729,5,149,246,370,399,450,3,51,110,183,199,344,2,98,136,187,200,106
2019,2,A,골목상권,2111064,둔촌동역 4번,2853,1676,1177,10,319,609,663,707,545,8,169,368,402,388,341,2,150,241,261,319,204
2019,2,A,골목상권,2111063,강동구립 천호도서관,4856,2922,1934,9,478,950,1018,919,1482,5,208,570,620,512,1007,4,270,380,398,407,475
2019,2,A,골목상권,2111062,둔촌동역 3번(성내3동주민센터),4321,2679,1642,11,532,1094,1225,870,589,7,277,674,771,534,416,4,255,420,454,336,173
2019,2,A,골목상권,2111061,암사역 1번,4279,2025,2254,6,467,769,919,1052,1066,5,204,431,451,395,539,1,263,338,468,657,527
2019,2,A,골목상권,2111060,암사역 2번(서울강동초등학교),3609,1940,1669,7,391,753,959,847,652,4,151,357,496,482,450,3,240,396,463,365,202
2019,2,A,골목상권,2111059,강동역 4번(강풀만화거리),16156,8854,7302,89,3393,4222,4192,2143,2117,9,1362,2222,2564,1313,1384,80,2031,2000,1628,830,733
2019,2,A,골목상권,2111058,성내중학교,2682,1590,1092,3,319,620,667,713,360,2,172,392,392,426,206,1,147,228,275,287,154
2019,2,A,골목상권,2111057,천호공원(해공체육문화센터),2008,994,1014,0,212,324,473,492,507,0,76,141,204,226,347,0,136,183,269,266,160
2019,2,A,골목상권,2111056,천호태영아파트,10805,5976,4829,80,2365,2974,2961,1050,1375,3,940,1575,1884,679,895,77,1425,1399,1077,371,480
2019,2,A,골목상권,2111055,선사초등학교,2480,1052,1428,5,245,465,600,783,382,4,119,252,285,215,177,1,126,213,315,568,205
2019,2,A,골목상권,2111054,암사역 4번(삼성광나루아파트),3359,1441,1918,5,314,546,686,885,923,4,137,288,323,258,431,1,177,258,363,627,492
2019,2,A,골목상권,2111053,성내천어린이공원(하니사랑길),14866,9311,5555,45,1690,3661,3850,3710,1910,16,776,2130,2425,2584,1380,29,914,1531,1425,1126,530
2019,2,A,골목상권,2111052,암사역 3번(천호동자전거거리),2529,1316,1213,2,259,441,561,468,798,2,99,230,298,253,434,0,160,211,263,215,364
2019,2,A,골목상권,2111051,천호역 6번,8352,4674,3678,9,1354,2179,1977,1904,929,4,549,1114,1091,1222,694,5,805,1065,886,682,235
2019,2,A,골목상권,2111050,강동구청(강동구청역 2번),8713,5359,3354,41,1020,2092,2148,2038,1374,14,436,1147,1343,1414,1005,27,584,945,805,624,369
2019,2,A,골목상권,2111049,천호지구대(천호동자전거거리),2413,1261,1152,5,275,459,593,559,522,1,114,219,294,295,338,4,161,240,299,264,184
2019,2,A,골목상권,2111048,천호역 1번(천호문구완구거리),2209,1104,1105,5,268,457,529,472,478,1,93,205,265,236,304,4,175,252,264,236,174
2019,2,A,골목상권,2111047,마천1치안센터,1439,881,558,0,110,228,365,396,340,0,53,128,210,227,263,0,57,100,155,169,77
2019,2,A,골목상권,2111046,마천역(마천초등학교),3021,1798,1223,0,290,585,800,814,532,0,145,335,447,457,414,0,145,250,353,357,118
2019,2,A,골목상권,2111045,개미어린이공원,1936,1241,695,6,209,357,441,489,434,3,138,215,284,293,308,3,71,142,157,196,126
2019,2,A,골목상권,2111044,남천초등학교,1958,949,1009,1,196,392,534,553,282,1,86,200,234,237,191,0,110,192,300,316,91
2019,2,A,골목상권,2111043,마천공원,2794,1460,1334,9,486,743,635,581,340,9,170,380,346,333,222,0,316,363,289,248,118
2019,2,A,골목상권,2111042,거여역 1번(거여공원),6106,3677,2429,30,1116,1528,1493,1136,803,23,515,909,933,734,563,7,601,619,560,402,240
2019,2,A,골목상권,2111041,거여역 8번,2489,1614,875,13,527,590,602,455,302,11,267,398,410,303,225,2,260,192,192,152,77
2019,2,A,골목상권,2111040,거여초등학교,2934,1923,1011,10,343,755,769,639,418,9,197,505,520,395,297,1,146,250,249,244,121
2019,2,A,골목상권,2111039,벌말어린이공원,4130,2403,1727,10,593,1113,1024,853,537,9,227,626,664,522,355,1,366,487,360,331,182
2019,2,A,골목상권,2111038,보인중학교,5117,2948,2169,21,954,1503,1201,908,530,19,369,803,814,592,351,2,585,700,387,316,179
2019,2,A,골목상권,2111037,Sh수협은행 오금동금융센터(아랫말어린이공원),2589,1689,900,0,251,569,710,686,373,0,140,361,484,434,270,0,111,208,226,252,103
2019,2,A,골목상권,2111036,투구봉어린이공원,3761,2385,1376,44,698,854,899,832,434,22,393,582,601,484,303,22,305,272,298,348,131
2019,2,A,골목상권,2111035,오금공원(오주중학교),3447,2367,1080,2,390,722,919,909,505,1,228,483,678,606,371,1,162,239,241,303,134
2019,2,A,골목상권,2111034,오동나무공원(송파레미니스1단지),4377,2890,1487,3,527,996,1140,1114,597,2,292,656,780,692,468,1,235,340,360,422,129
2019,2,A,골목상권,2111033,문정동성당,30777,24355,6422,5,1970,4987,9173,12761,1881,2,1064,3514,7182,11231,1362,3,906,1473,1991,1530,519
2019,2,A,골목상권,2111032,방이역 1번,22070,14816,7254,20,2778,5576,6310,5176,2210,6,1376,3504,4182,3961,1787,14,1402,2072,2128,1215,423
2019,2,A,골목상권,2111031,장지동주민센터(한림연예예술고교),32913,25689,7224,10,2238,5474,9792,13223,2176,5,1217,3824,7554,11499,1590,5,1021,1650,2238,1724,586
2019,2,A,골목상권,2111030,방이역 2번,18791,12408,6383,17,2450,4876,5576,4551,1321,3,1212,3055,3601,3508,1029,14,1238,1821,1975,1043,292
2019,2,A,골목상권,2111029,오금역 4번,7827,5130,2697,15,1203,2310,1963,1423,913,11,698,1500,1324,887,710,4,505,810,639,536,203
2019,2,A,골목상권,2111028,문현중학교(장지역 1번),5897,3429,2468,10,772,1268,1545,1357,945,4,400,772,924,684,645,6,372,496,621,673,300
2019,2,A,골목상권,2111027,문정초등학교,35434,26970,8464,13,2719,6015,10296,13647,2744,4,1376,4118,7862,11692,1918,9,1343,1897,2434,1955,826
2019,2,A,골목상권,2111026,문정역 2번,6300,3906,2394,10,806,1409,1660,1464,951,5,432,946,1049,794,680,5,374,463,611,670,271
2019,2,A,골목상권,2111025,경찰병원역 3번,9529,5231,4298,42,1266,2481,2336,1873,1531,18,575,1464,1392,874,908,24,691,1017,944,999,623
2019,2,A,골목상권,2111024,경찰병원역 4번(건너말공원),14947,9114,5833,50,2095,3807,3935,3012,2048,19,958,2367,2647,1792,1331,31,1137,1440,1288,1220,717
2019,2,A,골목상권,2111023,문정역 1번,5192,3085,2107,8,836,1113,1292,1125,818,4,367,691,845,619,559,4,469,422,447,506,259
2019,2,A,골목상권,2111022,석촌중학교(방이육교),14536,9097,5439,26,1423,2788,2617,2488,5194,17,747,1885,1750,1362,3336,9,676,903,867,1126,1858
2019,2,A,골목상권,2111021,방이역 4번,12785,8572,4213,24,1854,2800,3245,2848,2014,14,857,1678,2177,2184,1662,10,997,1122,1068,664,352
2019,2,A,골목상권,2111020,방이동고분군(방산고등학교),5700,3637,2063,11,773,1318,1503,1353,742,7,349,764,997,925,595,4,424,554,506,428,147
2019,2,A,골목상권,2111019,한성백제역 3번,12352,7584,4768,23,2230,3187,2763,2550,1599,15,1206,2143,1853,1405,962,8,1024,1044,910,1145,637
2019,2,A,골목상권,2111018,풍납초등학교(풍납백제문화공원),1397,836,561,2,184,308,326,366,211,1,91,162,186,223,173,1,93,146,140,143,38
2019,2,A,골목상권,2111017,송파나루역 3번,7040,3951,3089,11,1250,1313,1484,1834,1148,7,624,832,933,938,617,4,626,481,551,896,531
2019,2,A,골목상권,2111016,송파역 2번,20097,13027,7070,64,2210,3782,4197,4144,5700,49,1063,2447,3149,2637,3682,15,1147,1335,1048,1507,2018
2019,2,A,골목상권,2111015,석촌역 3번,12990,8444,4546,15,1877,3286,3104,2509,2199,8,985,2220,2151,1570,1510,7,892,1066,953,939,689
2019,2,A,골목상권,2111014,송파나루역 2번,18417,10373,8044,66,3625,4955,4161,3567,2043,30,1624,3034,2744,1797,1144,36,2001,1921,1417,1770,899
2019,2,A,골목상권,2111013,송파나루역 1번(송리단길),19411,11507,7904,68,3876,5909,4556,3159,1843,30,1697,3703,3063,1783,1231,38,2179,2206,1493,1376,612
2019,2,A,골목상권,2111012,석촌역 6번,6774,4004,2770,12,758,1667,1678,1338,1321,6,379,1150,1013,658,798,6,379,517,665,680,523
2019,2,A,골목상권,2111011,잠실나루역,10262,8103,2159,10,1293,3168,3077,2215,499,8,898,2543,2488,1780,386,2,395,625,589,435,113
2019,2,A,골목상권,2111010,석촌역 7번,9973,6990,2983,14,1232,2642,2337,1724,2024,8,660,1870,1623,1125,1704,6,572,772,714,599,320
2019,2,A,골목상권,2111009,송파책박물관,2420,1618,802,4,284,510,525,603,494,2,177,340,354,377,368,2,107,170,171,226,126
2019,2,A,골목상권,2111008,석촌고분역 3번,5827,3681,2146,13,724,1201,1402,1410,1077,9,367,712,876,901,816,4,357,489,526,509,261
2019,2,A,골목상권,2111007,석촌고분역 4번,6543,4287,2256,10,751,1355,1485,1575,1367,8,389,876,999,1009,1006,2,362,479,486,566,361
2019,2,A,골목상권,2111006,석촌고분역 1번,14799,9692,5107,17,2046,3480,3387,3275,2594,8,945,2190,2276,2170,2103,9,1101,1290,1111,1105,491
2019,2,A,골목상권,2111005,삼전역 3번,5483,3535,1948,10,666,1176,1308,1267,1056,4,311,801,872,775,772,6,355,375,436,492,284
2019,2,A,골목상권,2111004,삼전역 1번,14606,9340,5266,27,2091,3511,3496,3112,2369,8,1003,2158,2297,2089,1785,19,1088,1353,1199,1023,584
2019,2,A,골목상권,2111003,삼전역 4번,6571,4276,2295,16,692,1311,1566,1357,1629,4,354,836,1004,853,1225,12,338,475,562,504,404
2019,2,A,골목상권,2111002,한국교통안전공단 강남자동차검사소,538,347,191,0,20,61,100,167,190,0,9,37,47,110,144,0,11,24,53,57,46
2019,2,A,골목상권,2111001,아래방죽마을공원(율현초등학교),325,167,158,1,17,45,60,113,89,0,10,27,39,54,37,1,7,18,21,59,52
2019,2,A,골목상권,2111000,대왕초등학교(세곡동사거리서남측),192,122,70,8,17,34,65,47,21,5,8,20,47,31,11,3,9,14,18,16,10
2019,2,A,골목상권,2110999,윗방죽마을공원,515,284,231,1,48,91,111,141,123,0,22,55,73,81,53,1,26,36,38,60,70
2019,2,A,골목상권,2110998,은곡마을(은곡마을공원),254,126,128,1,24,71,76,56,26,0,14,35,42,21,14,1,10,36,34,35,12
2019,2,A,골목상권,2110997,대청초등학교,12608,5020,7588,20,3308,3940,2717,1710,913,5,776,1461,1230,933,615,15,2532,2479,1487,777,298
2019,2,A,골목상권,2110996,대치2동주민센터,29027,16873,12154,57,5087,8071,7635,5168,3009,26,2404,5168,4722,2739,1814,31,2683,2903,2913,2429,1195
2019,2,A,골목상권,2110995,봉은사역 4번,63139,48002,15137,58,10238,18013,15953,12577,6300,31,6208,13564,13581,10461,4157,27,4030,4449,2372,2116,2143
2019,2,A,골목상권,2110994,개포고등학교,4510,2913,1597,78,812,1156,1055,864,545,29,496,775,670,524,419,49,316,381,385,340,126
2019,2,A,골목상권,2110993,개포지하차도 북측,506,227,279,0,78,112,154,109,53,0,28,47,60,53,39,0,50,65,94,56,14
2019,2,A,골목상권,2110992,도곡초등학교,13308,7205,6103,47,2163,3539,3233,2632,1694,25,883,1872,1808,1501,1116,22,1280,1667,1425,1131,578
2019,2,A,골목상권,2110991,삼성중앙역 5번,34356,18066,16290,100,8544,11181,7811,4530,2190,34,2998,6203,5061,2566,1204,66,5546,4978,2750,1964,986
2019,2,A,골목상권,2110990,청담역 12번,30011,20188,9823,103,6320,10744,7920,3982,942,45,2907,7159,6290,3060,727,58,3413,3585,1630,922,215
2019,2,A,골목상권,2110989,대치동아우편취급국,32271,19877,12394,108,5193,9928,8789,5268,2985,13,2070,5924,6160,3815,1895,95,3123,4004,2629,1453,1090
2019,2,A,골목상권,2110988,청담역 3번,37306,21788,15518,115,8187,12799,10030,4829,1346,50,3387,7790,6637,3040,884,65,4800,5009,3393,1789,462
2019,2,A,골목상권,2110987,영동대교남단,19991,9214,10777,53,4464,7256,4717,2733,768,16,1400,3115,2571,1562,550,37,3064,4141,2146,1171,218
2019,2,A,골목상권,2110986,삼성중앙역 7번,20631,11041,9590,54,4462,6252,4526,3316,2021,19,1959,3822,2759,1378,1104,35,2503,2430,1767,1938,917
2019,2,A,골목상권,2110985,청담근린공원,23837,14078,9759,126,5484,7451,5820,3687,1269,49,2139,4489,4091,2402,908,77,3345,2962,1729,1285,361
2019,2,A,골목상권,2110984,포이초등학교(개포목련어린이공원),7258,4475,2783,25,1208,2123,1680,1356,866,21,709,1380,958,794,613,4,499,743,722,562,253
2019,2,A,골목상권,2110983,국립국악고등학교,4996,3097,1899,15,864,1392,1149,874,702,7,432,853,704,548,553,8,432,539,445,326,149
2019,2,A,골목상권,2110982,강남구보훈회관,6622,3912,2710,11,1217,1801,1621,1085,887,8,495,1193,1067,574,575,3,722,608,554,511,312
2019,2,A,골목상권,2110981,국악고교사거리,17291,9986,7305,30,2338,4727,4561,3615,2020,11,1196,3004,2613,1749,1413,19,1142,1723,1948,1866,607
2019,2,A,골목상권,2110980,개포지구대옆,28324,11309,17015,106,4299,6466,9046,6315,2092,48,2097,3554,2792,1594,1224,58,2202,2912,6254,4721,868
2019,2,A,골목상권,2110979,청담초등학교,36343,19954,16389,52,7505,10976,9137,7499,1174,13,2512,4936,5789,5824,880,39,4993,6040,3348,1675,294
2019,2,A,골목상권,2110978,도곡2동주민센터(대치중학교),14048,9230,4818,57,2779,4351,3350,1995,1516,38,1316,2947,2603,1446,880,19,1463,1404,747,549,636
2019,2,A,골목상권,2110977,논현로18길,14742,8449,6293,26,2112,4281,4011,2930,1382,10,1079,2707,2348,1352,953,16,1033,1574,1663,1578,429
2019,2,A,골목상권,2110976,언북초등학교,12352,5838,6514,33,3287,4158,2433,1448,993,8,1111,1918,1333,826,642,25,2176,2240,1100,622,351
2019,2,A,골목상권,2110975,매봉역 1번,45595,33304,12291,167,8889,10822,13128,10868,1721,111,5307,7405,9907,9163,1411,56,3582,3417,3221,1705,310
2019,2,A,골목상권,2110974,언주중학교,10803,7138,3665,37,2253,3632,2435,1509,937,23,1046,2209,1880,1208,772,14,1207,1423,555,301,165
2019,2,A,골목상권,2110973,강남구청역 4번,12935,7647,5288,45,1989,3555,3212,2504,1630,20,848,2116,2083,1492,1088,25,1141,1439,1129,1012,542
2019,2,A,골목상권,2110972,강남세브란스병원미래의학연구센터,19187,10699,8488,93,4977,5702,4486,2748,1181,32,2060,3262,2841,1652,852,61,2917,2440,1645,1096,329
2019,2,A,골목상권,2110971,선정릉역 4번,71053,36095,34958,125,14161,20473,17281,14677,4336,57,7418,13006,8845,4122,2647,68,6743,7467,8436,10555,1689
2019,2,A,골목상권,2110970,학동초등학교,14239,8776,5463,40,2840,4547,3573,2030,1209,16,1215,2638,2510,1464,933,24,1625,1909,1063,566,276
2019,2,A,골목상권,2110969,베르사이유1아파트,53923,36302,17621,65,8707,16486,15126,10588,2951,29,4549,11192,11350,7088,2094,36,4158,5294,3776,3500,857
2019,2,A,골목상권,2110968,강남구청역 2번,16996,11056,5940,35,2859,4707,4196,3235,1964,13,1263,2749,3051,2445,1535,22,1596,1958,1145,790,429
2019,2,A,골목상권,2110967,역삼역 8번,60720,36794,23926,91,10241,17148,16073,14394,2773,38,6623,12505,9963,5866,1799,53,3618,4643,6110,8528,974
2019,2,A,골목상권,2110966,논현2동주민센터,27870,17732,10138,49,4107,8032,7259,5564,2859,19,1738,4638,4995,4071,2271,30,2369,3394,2264,1493,588
2019,2,A,골목상권,2110965,언주역 6번,13566,7584,5982,33,2913,4369,3128,1836,1287,10,1010,2521,2097,1084,862,23,1903,1848,1031,752,425
2019,2,A,골목상권,2110964,싸리고개근린공원,17468,14080,3388,17,1630,4097,5320,5121,1283,8,961,2985,4446,4619,1061,9,669,1112,874,502,222
2019,2,A,골목상권,2110963,역삼월드메르디앙아파트,21914,14559,7355,38,3386,6760,5933,3692,2105,12,1545,4143,4341,2848,1670,26,1841,2617,1592,844,435
2019,2,A,골목상권,2110962,도산공원북측,9890,4992,4898,45,2446,3645,2084,1106,564,15,835,1949,1312,600,281,30,1611,1696,772,506,283
2019,2,A,골목상권,2110961,언주역 3번,26561,16968,9593,63,5846,7744,5652,3904,3352,29,2461,4895,4115,2954,2514,34,3385,2849,1537,950,838
2019,2,A,골목상권,2110960,은광여고,25801,18472,7329,37,2976,6388,7043,7014,2343,24,1634,4350,5435,5469,1560,13,1342,2038,1608,1545,783
2019,2,A,골목상권,2110959,신구중학교,14568,7497,7071,273,3640,4253,2810,1922,1670,101,1497,2347,1851,932,769,172,2143,1906,959,990,901
2019,2,A,골목상권,2110958,역삼역 4번,44640,30338,14302,68,7618,14410,12355,7559,2630,20,3586,9353,9422,6150,1807,48,4032,5057,2933,1409,823
2019,2,A,골목상권,2110957,언북중학교,29483,17133,12350,66,5842,8887,6818,4434,3436,16,2101,4898,4517,3053,2548,50,3741,3989,2301,1381,888
2019,2,A,골목상권,2110956,언주역 8번,13413,7864,5549,67,3148,4275,3066,1684,1173,35,1402,2433,2040,1084,870,32,1746,1842,1026,600,303
2019,2,A,골목상권,2110955,논현초등학교,24576,15991,8585,85,5280,7295,5675,3872,2369,52,2567,4742,4109,2824,1697,33,2713,2553,1566,1048,672
2019,2,A,골목상권,2110954,국기원,23600,12815,10785,105,4945,7899,6141,3149,1361,27,1681,4151,3870,2152,934,78,3264,3748,2271,997,427
2019,2,A,골목상권,2110953,학동근린공원,26091,15735,10356,61,6487,8703,5758,3188,1894,20,2659,5288,4074,2249,1445,41,3828,3415,1684,939,449
2019,2,A,골목상권,2110952,논현목련공원,11242,7305,3937,23,2112,3651,2693,1685,1078,18,1121,2418,1878,1134,736,5,991,1233,815,551,342
2019,2,A,골목상권,2110951,신사은행나무공원,13613,7312,6301,20,3573,4191,3001,1692,1136,6,1209,2254,1943,1095,805,14,2364,1937,1058,597,331
2019,2,A,골목상권,2110950,논현역 7번,24663,13633,11030,43,6250,8283,5442,3027,1618,19,2104,4637,3701,2011,1161,24,4146,3646,1741,1016,457
2019,2,A,골목상권,2110949,한남IC,14155,9191,4964,37,2582,4323,3909,2362,942,17,1178,2845,2793,1651,707,20,1404,1478,1116,711,235
2019,2,A,골목상권,2110948,헌인가구단지,107,45,62,0,7,34,29,31,6,0,5,16,15,6,3,0,2,18,14,25,3
2019,2,A,골목상권,2110947,청계산입구역 2번(내곡동주민센터),252,159,93,0,26,59,73,59,35,0,11,32,52,37,27,0,15,27,21,22,8
2019,2,A,골목상권,2110946,청계산원터골,250,157,93,0,26,59,72,59,34,0,11,32,51,37,26,0,15,27,21,22,8
2019,2,A,골목상권,2110945,본마을노인복지센터(서초구립내곡도서관),325,202,123,2,48,80,67,75,53,2,15,47,46,54,38,0,33,33,21,21,15
2019,2,A,골목상권,2110944,서울나래학교(염곡어린이공원),77735,71726,6009,31,6956,15445,20765,32124,2414,25,5898,13623,18927,31051,2202,6,1058,1822,1838,1073,212
2019,2,A,골목상권,2110943,법제교육센터(버들어린이공원),8615,5026,3589,26,1134,1994,2252,1969,1240,20,549,1232,1304,1039,882,6,585,762,948,930,358
2019,2,A,골목상권,2110942,염곡동 구룡사(포이동성당),89633,79626,10007,66,8743,18557,23684,34586,3997,46,6857,15685,20925,32712,3401,20,1886,2872,2759,1874,596
2019,2,A,골목상권,2110941,언남고등학교,4996,3357,1639,12,722,1360,1272,997,633,10,410,907,858,692,480,2,312,453,414,305,153
2019,2,A,골목상권,2110940,양재근린공원(양재2동주민센터),8532,5746,2786,18,1305,2336,2138,1726,1009,10,698,1554,1506,1194,784,8,607,782,632,532,225
2019,2,A,골목상권,2110939,양재역 8번(양재동우체국),49315,24770,24545,356,10721,12308,12970,8710,4250,174,4842,7345,6018,3484,2907,182,5879,4963,6952,5226,1343
2019,2,A,골목상권,2110938,바우뫼공원,12099,7676,4423,200,3390,3186,2493,1698,1132,102,1793,2143,1836,1070,732,98,1597,1043,657,628,400
2019,2,A,골목상권,2110937,방아다리근린공원(횃불트리니티신학대학원대학교),18951,11932,7019,223,5144,5704,3944,2463,1473,112,2570,3765,2890,1566,1029,111,2574,1939,1054,897,444
2019,2,A,골목상권,2110936,더케이호텔(양재리본타워2단지아파트),4559,3488,1071,13,885,1375,1102,847,337,7,577,1084,891,683,246,6,308,291,211,164,91
2019,2,A,골목상권,2110935,한전아트센터,23304,18306,4998,65,4112,8160,6164,3906,897,32,2401,6494,5235,3428,716,33,1711,1666,929,478,181
2019,2,A,골목상권,2110934,우면주공아파트,3794,2190,1604,2,558,1108,1076,798,252,1,185,565,687,569,183,1,373,543,389,229,69
2019,2,A,골목상권,2110933,한국상담대학원대학교,9746,6495,3251,30,2087,2863,2802,1449,515,10,957,1939,2199,1031,359,20,1130,924,603,418,156
2019,2,A,골목상권,2110932,서울시인재개발원,10760,6378,4382,34,2079,2952,2934,1868,893,10,906,1908,2164,996,394,24,1173,1044,770,872,499
2019,2,A,골목상권,2110931,삼성전자서울R&D(서울우면초등학교),1707,897,810,0,301,523,449,373,61,0,70,228,269,282,48,0,231,295,180,91,13
2019,2,A,골목상권,2110930,서초동성당,22662,14021,8641,34,3810,7152,6169,4227,1270,22,1950,4550,3956,2633,910,12,1860,2602,2213,1594,360
2019,2,A,골목상권,2110929,남부터미널역 1번,24564,15343,9221,72,4731,7255,6185,4243,2078,18,2002,4581,4351,2869,1522,54,2729,2674,1834,1374,556
2019,2,A,골목상권,2110928,서초우방유쉘아파트,15501,8715,6786,72,3050,4252,3776,2909,1442,36,1128,2469,2355,1727,1000,36,1922,1783,1421,1182,442
2019,2,A,골목상권,2110927,잠원역,4478,2759,1719,15,683,1478,1077,742,483,6,382,966,692,418,295,9,301,512,385,324,188
2019,2,A,골목상권,2110926,신중초등학교,20358,14518,5840,22,2524,6664,5686,3646,1816,13,1268,4736,4545,2780,1176,9,1256,1928,1141,866,640
2019,2,A,골목상권,2110925,서초중학교,9482,5340,4142,41,1972,2697,2268,1389,1115,17,644,1535,1515,879,750,24,1328,1162,753,510,365
2019,2,A,골목상권,2110924,반포4동주민센터(몽마르뜨공원),16476,11002,5474,21,1948,4658,4855,3471,1523,11,900,2916,3513,2576,1086,10,1048,1742,1342,895,437
2019,2,A,골목상권,2110923,방배역 1번,8186,5200,2986,15,1040,2585,2154,1370,1022,5,501,1482,1469,963,780,10,539,1103,685,407,242
2019,2,A,골목상권,2110922,내방역 1번,13771,9946,3825,45,2479,3929,3380,2834,1104,34,1369,2683,2667,2359,834,11,1110,1246,713,475,270
2019,2,A,골목상권,2110921,서울프랑스학교,14685,10964,3721,32,1660,4212,4061,3322,1398,21,928,3043,3285,2695,992,11,732,1169,776,627,406
2019,2,A,골목상권,2110920,방배역 2번(백석예술대학교),10198,6168,4030,22,1621,3108,2430,1686,1331,5,709,1747,1557,1130,1020,17,912,1361,873,556,311
2019,2,A,골목상권,2110919,내방역 8번,18122,12281,5841,46,3029,5367,4739,3252,1689,25,1408,3330,3610,2582,1326,21,1621,2037,1129,670,363
2019,2,A,골목상권,2110918,방배역 3번,11506,7650,3856,48,2268,3197,2690,1827,1476,37,1258,2151,1924,1188,1092,11,1010,1046,766,639,384
2019,2,A,골목상권,2110917,서초소방서,11751,9016,2735,23,1211,3178,3221,2971,1147,16,753,2412,2632,2365,838,7,458,766,589,606,309
2019,2,A,골목상권,2110916,내방역 4번,11808,7741,4067,58,2236,3440,2794,1827,1453,49,1226,2291,1931,1208,1036,9,1010,1149,863,619,417
2019,2,A,골목상권,2110915,서래초등학교,23289,15603,7686,49,4029,6833,5908,4750,1720,16,1573,4372,4502,3801,1339,33,2456,2461,1406,949,381
2019,2,A,골목상권,2110914,내방역 6번,8440,5623,2817,28,1349,2171,1919,1684,1289,15,646,1357,1333,1221,1051,13,703,814,586,463,238
2019,2,A,골목상권,2110913,방현초등학교(방배119안전센터),14102,8085,6017,31,2390,3979,4062,2433,1207,15,997,2183,2348,1623,919,16,1393,1796,1714,810,288
2019,2,A,골목상권,2110912,방배동사이길,12699,7519,5180,31,2925,3691,2883,2153,1016,4,918,2155,2002,1624,816,27,2007,1536,881,529,200
2019,2,A,골목상권,2110911,방배배수지체육공원,8886,4783,4103,26,1322,2563,2696,1567,712,16,508,1286,1344,1063,566,10,814,1277,1352,504,146
2019,2,A,골목상권,2110910,내방역 5번,7816,4790,3026,31,1255,1898,1797,1480,1355,18,538,1083,1117,989,1045,13,717,815,680,491,310
2019,2,A,골목상권,2110909,남태령역(서울전자고등학교),918,699,219,2,53,95,189,360,219,2,17,54,140,292,194,0,36,41,49,68,25
2019,2,A,골목상권,2110908,구반포역,7452,3556,3896,51,1385,1893,1829,1662,632,47,604,968,928,648,361,4,781,925,901,1014,271
2019,2,A,골목상권,2110907,방배초등학교,9333,5372,3961,33,1213,1971,2263,2012,1841,17,512,1084,1335,1132,1292,16,701,887,928,880,549
2019,2,A,골목상권,2110906,서문여고,12773,5984,6789,24,2037,3216,3886,2382,1228,10,644,1375,1865,1288,802,14,1393,1841,2021,1094,426
2019,2,A,골목상권,2110905,방배노인종합복지관(이수중학교),7746,3421,4325,5,1482,2076,2012,1443,728,1,485,856,890,703,486,4,997,1220,1122,740,242
2019,2,A,골목상권,2110904,이수역 5번,9731,4164,5567,18,1771,2455,2435,1796,1256,10,589,1023,1042,745,755,8,1182,1432,1393,1051,501
2019,2,A,골목상권,2110903,방배아이파크아파트,14083,6363,7720,16,2216,3661,4232,2741,1217,7,712,1555,1998,1356,735,9,1504,2106,2234,1385,482
2019,2,A,골목상권,2110902,사당역 4번,6665,4274,2391,11,1151,1659,1744,1220,880,7,541,1037,1204,819,666,4,610,622,540,401,214
2019,2,A,골목상권,2110901,인헌고등학교(인헌중학교),2509,1324,1185,3,384,631,720,489,282,2,174,332,373,233,210,1,210,299,347,256,72
2019,2,A,골목상권,2110900,낙성대역 1번(관악구민 종합체육센터),4781,2714,2067,7,762,1237,1151,845,779,5,333,722,661,448,545,2,429,515,490,397,234
2019,2,A,골목상권,2110899,낙성대역 5번(관악중학교),4219,2676,1543,6,584,1056,1002,801,770,3,276,675,641,499,582,3,308,381,361,302,188
2019,2,A,골목상권,2110898,청림동주민센터(상도중학교),3164,1786,1378,8,439,948,1023,530,216,7,208,562,579,272,158,1,231,386,444,258,58
2019,2,A,골목상권,2110897,서울대입구역 8번,3974,2200,1774,12,547,828,993,927,667,4,212,434,556,529,465,8,335,394,437,398,202
2019,2,A,골목상권,2110896,관악우성아파트,807,264,543,1,101,128,188,231,158,0,16,39,67,77,65,1,85,89,121,154,93
2019,2,A,골목상권,2110895,샤로수길,9715,5491,4224,26,1515,2552,2264,2144,1214,7,620,1328,1284,1392,860,19,895,1224,980,752,354
2019,2,A,골목상권,2110894,관악동부센트레빌아파트(은천로35라길),6168,2131,4037,26,809,907,1260,2039,1127,20,392,524,523,438,234,6,417,383,737,1601,893
2019,2,A,골목상권,2110893,관악소방서(문영여고),1905,1426,479,2,315,613,427,440,108,1,202,469,306,361,87,1,113,144,121,79,21
2019,2,A,골목상권,2110892,관악구 중앙길,4129,2046,2083,15,537,772,998,939,868,9,170,379,511,495,482,6,367,393,487,444,386
2019,2,A,골목상권,2110891,구암초등학교,909,402,507,0,107,189,276,211,126,0,39,83,118,94,68,0,68,106,158,117,58
2019,2,A,골목상권,2110890,봉천역 1번(관악초등학교),2846,1257,1589,12,524,778,611,445,476,5,127,311,295,247,272,7,397,467,316,198,204
2019,2,A,골목상권,2110889,봉천역 6번,2587,1296,1291,3,305,479,586,561,653,3,117,257,322,289,308,0,188,222,264,272,345
2019,2,A,골목상권,2110888,청룡동주민센터,2093,871,1222,6,417,662,511,292,205,0,79,243,237,167,145,6,338,419,274,125,60
2019,2,A,골목상권,2110887,서울산업정보학교(서울삼성초등학교),1345,719,626,2,162,367,325,284,205,1,57,175,177,163,146,1,105,192,148,121,59
2019,2,A,골목상권,2110886,관악해태어린이공원,1558,937,621,2,161,287,392,371,345,1,65,152,211,240,268,1,96,135,181,131,77
2019,2,A,골목상권,2110885,영락고등학교,1784,1065,719,1,160,328,469,438,388,1,70,166,252,281,295,0,90,162,217,157,93
2019,2,A,골목상권,2110884,봉천역 4번(봉천110안전센터),6502,2623,3879,10,1078,1585,1383,1552,894,1,238,627,621,628,508,9,840,958,762,924,386
2019,2,A,골목상권,2110883,은천초등학교(은천교앞),5992,2423,3569,12,1005,1469,1304,1447,755,3,230,565,602,573,450,9,775,904,702,874,305
2019,2,A,골목상권,2110882,신성초등학교,3022,2146,876,4,412,687,842,629,448,2,264,501,611,447,321,2,148,186,231,182,127
2019,2,A,골목상권,2110881,구립대학경로당(관악산샘말공원),3533,2307,1226,4,501,986,1002,664,376,1,266,620,706,444,270,3,235,366,296,220,106
2019,2,A,골목상권,2110880,신림역 1번,1492,790,702,3,196,315,339,315,324,0,84,164,173,139,230,3,112,151,166,176,94
2019,2,A,골목상권,2110879,신림현대아파트,1471,853,618,2,167,253,359,376,314,1,69,124,201,232,226,1,98,129,158,144,88
2019,2,A,골목상권,2110878,미림여고,697,374,323,1,72,197,195,138,94,0,19,99,127,66,63,1,53,98,68,72,31
2019,2,A,골목상권,2110877,신림역 8번,3065,1647,1418,8,335,568,716,701,737,3,144,294,365,361,480,5,191,274,351,340,257
2019,2,A,골목상권,2110876,서원동주민센터(신관중학교),1645,855,790,5,223,317,337,377,386,1,103,157,184,171,239,4,120,160,153,206,147
2019,2,A,골목상권,2110875,보라매동주민센터(당곡고등학교),1494,723,771,6,130,284,341,414,319,3,52,138,149,184,197,3,78,146,192,230,122
2019,2,A,골목상권,2110874,원신초등학교(구세군관악영문교회),1080,552,528,5,110,248,305,260,152,2,26,108,180,136,100,3,84,140,125,124,52
2019,2,A,골목상권,2110873,당곡중학교,3140,1738,1402,7,359,702,844,674,554,5,145,390,484,342,372,2,214,312,360,332,182
2019,2,A,골목상권,2110872,신림초등학교,868,462,406,5,109,172,208,229,145,4,56,82,120,124,76,1,53,90,88,105,69
2019,2,A,골목상권,2110871,신원동주민센터,2278,966,1312,8,538,522,432,437,341,3,185,212,221,184,161,5,353,310,211,253,180
2019,2,A,골목상권,2110870,신림주공2단지(광신고등학교),1294,807,487,3,135,228,347,370,211,1,82,135,194,231,164,2,53,93,153,139,47
2019,2,A,골목상권,2110869,"신림역 5번(신림동주민센터, 신림동별빛거리)",5234,2770,2464,6,868,1266,1257,930,907,4,276,647,707,524,612,2,592,619,550,406,295
2019,2,A,골목상권,2110868,남부초등학교,3389,1663,1726,10,716,790,677,709,487,5,273,419,369,336,261,5,443,371,308,373,226
2019,2,A,골목상권,2110867,국제신학대학원대학교(남서울중학교),2428,1407,1021,11,306,518,555,597,441,5,179,330,330,319,244,6,127,188,225,278,197
2019,2,A,골목상권,2110866,난우중학교,1436,737,699,0,164,275,361,394,242,0,54,118,167,218,180,0,110,157,194,176,62
2019,2,A,골목상권,2110865,남강고등학교(남강중학교),1660,877,783,7,171,308,377,487,310,5,75,174,199,239,185,2,96,134,178,248,125
2019,2,A,골목상권,2110864,신림우방아파트,4016,2660,1356,3,643,1030,1200,807,333,3,285,713,893,551,215,0,358,317,307,256,118
2019,2,A,골목상권,2110863,난우초등학교,1463,717,746,20,177,301,321,383,261,17,64,141,152,186,157,3,113,160,169,197,104
2019,2,A,골목상권,2110862,난곡초등학교(난곡동벽화마을),1272,682,590,6,142,219,295,322,288,4,55,110,147,160,206,2,87,109,148,162,82
2019,2,A,골목상권,2110861,관악구신사동주민센터,5551,3742,1809,8,710,1432,1573,1226,602,4,339,1014,1185,813,387,4,371,418,388,413,215
2019,2,A,골목상권,2110860,호림박물관(성보고등학교),2380,1366,1014,8,299,536,571,642,324,4,143,309,324,359,227,4,156,227,247,283,97
2019,2,A,골목상권,2110859,난향초등학교,1224,598,626,1,345,314,199,158,207,0,84,154,95,83,182,1,261,160,104,75,25
2019,2,A,골목상권,2110858,신대방역 1번,4219,3399,820,7,635,1255,1374,711,237,5,405,1039,1209,583,158,2,230,216,165,128,79
2019,2,A,골목상권,2110857,미성동주민센터,1554,743,811,20,188,295,347,385,319,17,77,145,159,154,191,3,111,150,188,231,128
2019,2,A,골목상권,2110856,미성초등학교,5405,3726,1679,20,408,867,959,1077,2074,17,216,518,564,626,1785,3,192,349,395,451,289
2019,2,A,골목상권,2110855,신대방역 2번,8278,6384,1894,12,964,1938,2098,1417,1849,7,545,1461,1650,1065,1656,5,419,477,448,352,193
2019,2,A,골목상권,2110854,조원동주민센터,3748,2876,872,1,268,636,601,647,1595,1,144,435,381,433,1482,0,124,201,220,214,113
2019,2,A,골목상권,2110853,KT구로지사,3703,2192,1511,6,444,982,946,791,534,1,206,567,584,450,384,5,238,415,362,341,150
2019,2,A,골목상권,2110852,이수역 9번,3931,2272,1659,3,570,1012,1057,794,495,0,186,499,666,547,374,3,384,513,391,247,121
2019,2,A,골목상권,2110851,경문고등학교(동작동성당),4879,2202,2677,10,793,1279,1323,1015,459,5,262,627,719,406,183,5,531,652,604,609,276
2019,2,A,골목상권,2110850,사당역 10번,11427,6485,4942,11,1960,2877,2873,2044,1662,6,739,1499,1708,1330,1203,5,1221,1378,1165,714,459
2019,2,A,골목상권,2110849,이수역 10번,4130,2068,2062,4,476,796,943,841,1070,1,154,370,493,425,625,3,322,426,450,416,445
2019,2,A,골목상권,2110848,양지어린이공원,3430,2115,1315,1,350,619,817,676,967,0,135,355,494,420,711,1,215,264,323,256,256
2019,2,A,골목상권,2110847,예술인마을,3342,2090,1252,5,496,836,909,631,465,2,246,504,581,371,386,3,250,332,328,260,79
2019,2,A,골목상권,2110846,남성역 1번,4390,2678,1712,1,453,907,1039,931,1059,0,232,566,566,545,769,1,221,341,473,386,290
2019,2,A,골목상권,2110845,사당종합체육관,12940,4327,8613,0,3468,4230,3106,1737,399,0,656,1282,1052,1031,306,0,2812,2948,2054,706,93
2019,2,A,골목상권,2110844,흑석2치안센터,248,162,86,0,36,72,67,40,33,0,23,45,43,28,23,0,13,27,24,12,10
2019,2,A,골목상권,2110843,사당5동주민센터,2076,1382,694,0,213,543,466,490,364,0,117,373,296,318,278,0,96,170,170,172,86
2019,2,A,골목상권,2110842,흑리단길,780,428,352,1,88,155,211,171,154,1,34,85,109,90,109,0,54,70,102,81,45
2019,2,A,골목상권,2110841,중대부중,708,388,320,1,98,157,169,174,109,1,47,103,90,85,62,0,51,54,79,89,47
2019,2,A,골목상권,2110840,중앙대학교,949,522,427,0,134,180,231,223,181,0,59,98,131,113,121,0,75,82,100,110,60
2019,2,A,골목상권,2110839,숭실대입구역 4번,3185,1684,1501,2,516,920,937,562,248,1,199,521,534,263,166,1,317,399,403,299,82
2019,2,A,골목상권,2110838,상도1동주민센터앞,1239,641,598,1,286,324,238,245,145,0,93,167,150,130,101,1,193,157,88,115,44
2019,2,A,골목상권,2110837,숭실대입구역 1번,7680,2940,4740,27,1103,1313,1585,2345,1307,20,507,735,743,576,359,7,596,578,842,1769,948
2019,2,A,골목상권,2110836,상도역 5번,3709,1813,1896,9,518,968,945,802,467,2,202,498,481,367,263,7,316,470,464,435,204
2019,2,A,골목상권,2110835,상도역 1번,1727,863,864,7,260,455,417,385,203,2,91,254,223,175,118,5,169,201,194,210,85
2019,2,A,골목상권,2110834,동작구자원봉사센터,3944,2502,1442,14,531,832,1029,990,548,6,319,547,676,624,330,8,212,285,353,366,218
2019,2,A,골목상권,2110833,상도역 2번,1478,755,723,7,238,382,370,312,169,2,82,216,208,154,93,5,156,166,162,158,76
2019,2,A,골목상권,2110832,노량진초등학교,4768,2394,2374,12,580,1315,1192,1091,578,4,224,587,612,619,348,8,356,728,580,472,230
2019,2,A,골목상권,2110831,상도4동주민센터,1976,1299,677,3,232,487,513,570,171,2,115,306,338,419,119,1,117,181,175,151,52
2019,2,A,골목상권,2110830,상도초등학교,1340,620,720,0,189,294,355,317,185,0,79,128,161,144,108,0,110,166,194,173,77
2019,2,A,골목상권,2110829,장승배기역 5번,1878,982,896,2,184,396,476,503,317,1,84,194,234,275,194,1,100,202,242,228,123
2019,2,A,골목상권,2110828,노량진역 6번,8832,5139,3693,20,1140,2731,2371,1732,838,7,562,1524,1412,1094,540,13,578,1207,959,638,298
2019,2,A,골목상권,2110827,NH농협은행 상도동지점,1601,707,894,0,148,305,393,392,363,0,56,143,186,153,169,0,92,162,207,239,194
2019,2,A,골목상권,2110826,장승배기역 4번,2095,962,1133,1,296,428,508,451,411,0,126,202,227,202,205,1,170,226,281,249,206
2019,2,A,골목상권,2110825,신대방삼거리역 1번,2750,1613,1137,1,294,645,728,673,409,1,140,388,442,356,286,0,154,257,286,317,123
2019,2,A,골목상권,2110824,대방역 3번,4632,2389,2243,9,904,1342,1058,762,557,3,325,769,589,398,305,6,579,573,469,364,252
2019,2,A,골목상권,2110823,신대방삼거리역 3번,18868,12010,6858,29,3563,3959,3263,4206,3848,16,2697,3123,2125,2026,2023,13,866,836,1138,2180,1825
2019,2,A,골목상권,2110822,신대방삼거리역 4번(대림초등학교),20733,13807,6926,32,4061,4461,3410,4995,3774,16,3013,3578,2335,2854,2011,16,1048,883,1075,2141,1763
2019,2,A,골목상권,2110821,보라매역 2번,19345,12262,7083,38,3672,3972,3254,4338,4071,18,2717,3145,2106,2163,2113,20,955,827,1148,2175,1958
2019,2,A,골목상권,2110820,성남고등학교,5392,3876,1516,4,842,1099,1030,1731,686,2,525,780,720,1337,512,2,317,319,310,394,174
2019,2,A,골목상권,2110819,신대방역 4번,9846,6175,3671,25,1930,2824,2546,1652,869,18,904,1854,1712,1073,614,7,1026,970,834,579,255
2019,2,A,골목상권,2110818,신대방역 3번,4491,3115,1376,13,721,1367,1209,750,431,10,419,975,903,517,291,3,302,392,306,233,140
2019,2,A,골목상권,2110817,대방역 4번,5028,2671,2357,9,995,1387,1164,798,675,3,375,811,673,420,389,6,620,576,491,378,286
2019,2,A,골목상권,2110816,대방역 6번,4738,2502,2236,9,954,1321,1091,722,641,3,360,769,621,382,367,6,594,552,470,340,274
2019,2,A,골목상권,2110815,공군호텔,5592,2837,2755,6,987,1449,1269,1081,800,1,324,798,711,540,463,5,663,651,558,541,337
2019,2,A,골목상권,2110814,서울지방병무청,7699,4850,2849,7,1263,1710,1577,2219,923,2,629,1092,979,1523,625,5,634,618,598,696,298
2019,2,A,골목상권,2110813,보라매역 6번,6439,4495,1944,15,1054,1463,1365,1795,747,7,581,1040,934,1375,558,8,473,423,431,420,189
2019,2,A,골목상권,2110812,신길6동주민센터,4573,2694,1879,17,611,1007,1133,1018,787,6,236,634,691,666,461,11,375,373,442,352,326
2019,2,A,골목상권,2110811,보라매역 4번,2855,1637,1218,12,399,665,707,570,502,6,140,415,425,363,288,6,259,250,282,207,214
2019,2,A,골목상권,2110810,영신초등학교,3597,2024,1573,2,437,830,837,833,658,0,204,466,491,432,431,2,233,364,346,401,227
2019,2,A,골목상권,2110809,장훈고등학교,1748,1028,720,1,216,417,388,358,368,0,102,210,227,215,274,1,114,207,161,143,94
2019,2,A,골목상권,2110808,신길역 1번,1748,854,894,0,161,307,480,507,293,0,61,141,235,239,178,0,100,166,245,268,115
2019,2,A,골목상권,2110807,신길역 3번,1777,924,853,8,153,339,475,482,320,8,62,187,249,233,185,0,91,152,226,249,135
2019,2,A,골목상권,2110806,서울시립영등포장애인복지관,2580,1824,756,12,320,570,657,616,405,8,165,376,484,467,324,4,155,194,173,149,81
2019,2,A,골목상권,2110805,신길새마을금고신길4동지점,1395,808,587,0,196,323,345,341,190,0,107,205,209,173,114,0,89,118,136,168,76
2019,2,A,골목상권,2110804,신풍역 1번,2372,1068,1304,2,218,466,693,560,433,1,88,199,238,249,293,1,130,267,455,311,140
2019,2,A,골목상권,2110803,신길2동우편취급국,2646,1573,1073,4,241,542,578,601,680,1,113,256,315,356,532,3,128,286,263,245,148
2019,2,A,골목상권,2110802,신길동홍어거리,2115,1246,869,1,190,454,436,464,570,0,81,222,230,275,438,1,109,232,206,189,132
2019,2,A,골목상권,2110801,신풍역 6번(신길6동공영주차장),333,131,202,1,43,58,75,86,70,0,6,25,25,37,38,1,37,33,50,49,32
2019,2,A,골목상권,2110800,영등포동성당,5378,2996,2382,13,1232,1236,1161,1038,698,8,388,652,732,689,527,5,844,584,429,349,171
2019,2,A,골목상권,2110799,영등포본동주민센터,2188,1292,896,23,503,416,437,437,372,9,214,250,284,260,275,14,289,166,153,177,97
2019,2,A,골목상권,2110798,신풍역 2번,2237,1239,998,11,196,474,673,519,364,7,101,284,328,274,245,4,95,190,345,245,119
2019,2,A,골목상권,2110797,KT대방빌딩,2995,1448,1547,10,677,762,778,530,238,7,195,383,376,317,170,3,482,379,402,213,68
2019,2,A,골목상권,2110796,한림대학교한강성심병원,5822,3446,2376,5,1273,1397,1327,1041,779,0,399,758,904,752,633,5,874,639,423,289,146
2019,2,A,골목상권,2110795,도림초등학교,2036,1207,829,3,183,415,470,498,467,2,84,239,274,278,330,1,99,176,196,220,137
2019,2,A,골목상권,2110794,영동초등학교,8059,4829,3230,6,1654,2202,2005,1377,815,4,591,1352,1339,903,640,2,1063,850,666,474,175
2019,2,A,골목상권,2110793,대림썬프라자,2887,1326,1561,9,661,722,725,533,237,6,176,350,341,294,159,3,485,372,384,239,78
2019,2,A,골목상권,2110792,영등포역 2번,4183,2418,1765,45,687,969,964,843,675,14,287,531,578,532,476,31,400,438,386,311,199
2019,2,A,골목상권,2110791,신풍역 3번,1545,646,899,1,137,295,455,374,283,0,69,118,134,139,186,1,68,177,321,235,97
2019,2,A,골목상권,2110790,대림1동주민센터,2700,1501,1199,17,291,558,767,624,443,8,137,329,387,337,303,9,154,229,380,287,140
2019,2,A,골목상권,2110789,대림성모병원,4604,2272,2332,5,1164,1332,959,708,436,5,382,712,534,370,269,0,782,620,425,338,167
2019,2,A,골목상권,2110788,영등포시장역 3번,1837,1165,672,3,199,340,451,420,424,1,107,222,297,272,266,2,92,118,154,148,158
2019,2,A,골목상권,2110787,신길3동주민센터,1289,754,535,2,111,281,352,336,207,2,48,159,201,193,151,0,63,122,151,143,56
2019,2,A,골목상권,2110786,당산역 8번,10126,6830,3296,19,1171,2339,2764,2621,1212,9,571,1587,2008,1827,828,10,600,752,756,794,384
2019,2,A,골목상권,2110785,영등포푸르지오아파트,2700,1828,872,4,278,604,702,602,510,2,121,402,489,425,389,2,157,202,213,177,121
2019,2,A,골목상권,2110784,신대림초등학교,1206,559,647,0,177,257,297,286,189,0,43,99,144,152,121,0,134,158,153,134,68
2019,2,A,골목상권,2110783,영등포시장역 1번,4832,3057,1775,5,576,1167,1083,1163,838,2,324,784,700,740,507,3,252,383,383,423,331
2019,2,A,골목상권,2110782,영등포시장역 4번,2758,1451,1307,10,381,596,624,550,597,1,133,321,381,307,308,9,248,275,243,243,289
2019,2,A,골목상권,2110781,대림한신아파트,2729,1429,1300,10,494,537,578,601,509,3,165,272,297,334,358,7,329,265,281,267,151
2019,2,A,골목상권,2110780,신길대성유니드아파트,1457,982,475,0,146,314,351,378,268,0,98,190,228,249,217,0,48,124,123,129,51
2019,2,A,골목상권,2110779,대림갑을명가아파트,1263,769,494,8,176,242,295,313,229,2,71,149,183,193,171,6,105,93,112,120,58
2019,2,A,골목상권,2110778,구로디지털단지역 4번,18442,10711,7731,47,3852,6574,4649,2056,1264,22,1604,3929,2980,1297,879,25,2248,2645,1669,759,385
2019,2,A,골목상권,2110777,구로세무서,8753,5467,3286,38,1728,2584,2299,1369,735,8,714,1507,1595,1047,596,30,1014,1077,704,322,139
2019,2,A,골목상권,2110776,도신초등학교,4615,3254,1361,20,543,1162,1265,958,667,7,302,821,951,661,512,13,241,341,314,297,155
2019,2,A,골목상권,2110775,대동초등학교,1849,893,956,3,358,379,385,405,319,2,108,180,184,205,214,1,250,199,201,200,105
2019,2,A,골목상권,2110774,당산반도유보라팰리스아파트,8090,4937,3153,12,1388,2426,1775,1562,927,6,571,1431,1182,1040,707,6,817,995,593,522,220
2019,2,A,골목상권,2110773,당산역 13번,3034,1847,1187,9,346,582,627,683,787,3,175,339,372,406,552,6,171,243,255,277,235
2019,2,A,골목상권,2110772,신우어린이공원,2764,2049,715,10,313,766,823,543,309,4,190,567,655,395,238,6,123,199,168,148,71
2019,2,A,골목상권,2110771,대림역 11번,2290,1142,1148,6,383,433,513,541,414,3,115,212,257,292,263,3,268,221,256,249,151
2019,2,A,골목상권,2110770,영등포구청역 6번,8533,4891,3642,32,1174,2087,2076,1827,1337,21,521,1024,1197,1174,954,11,653,1063,879,653,383
2019,2,A,골목상권,2110769,대림차이나타운(대림역 12번),2125,1077,1048,3,422,494,498,478,230,2,157,258,276,249,135,1,265,236,222,229,95
2019,2,A,골목상권,2110768,도림2동유수지내체육시설,2748,1788,960,5,395,495,614,603,636,3,200,307,332,427,519,2,195,188,282,176,117
2019,2,A,골목상권,2110767,도림동주민센터,3253,2075,1178,6,453,605,760,702,727,4,222,370,426,482,571,2,231,235,334,220,156
2019,2,A,골목상권,2110766,대림역 5번,12824,8683,4141,22,1660,3107,2900,2658,2477,10,1057,2442,2210,1578,1386,12,603,665,690,1080,1091
2019,2,A,골목상권,2110765,문래동사거리,8149,5218,2931,15,1497,2268,2140,1343,886,6,631,1364,1491,1006,720,9,866,904,649,337,166
2019,2,A,골목상권,2110764,문래역 3번,6094,3306,2788,22,1586,1582,1390,854,660,13,578,860,839,532,484,9,1008,722,551,322,176
2019,2,A,골목상권,2110763,영등포구청역 2번,14709,7961,6748,37,2456,3464,2935,3320,2497,12,1111,1869,1719,1794,1456,25,1345,1595,1216,1526,1041
2019,2,A,골목상권,2110762,선유도역 1번,13918,7795,6123,37,2398,3825,3823,2351,1484,16,947,2263,2147,1327,1095,21,1451,1562,1676,1024,389
2019,2,A,골목상권,2110761,문래동남성맨션,2420,1521,899,6,268,508,689,547,402,2,116,307,419,366,311,4,152,201,270,181,91
2019,2,A,골목상권,2110760,선유도역 6번,13687,7697,5990,34,2480,4001,3833,2162,1177,15,1034,2432,2162,1223,831,19,1446,1569,1671,939,346
2019,2,A,골목상권,2110759,문래예술촌(문래창작촌),61990,47982,14008,42,8242,22113,20626,9031,1936,20,4933,16425,17745,7448,1411,22,3309,5688,2881,1583,525
2019,2,A,골목상권,2110758,문래소공원,16108,8445,7663,71,3444,4091,3522,3505,1475,24,1595,2964,1804,989,1069,47,1849,1127,1718,2516,406
2019,2,A,골목상권,2110757,양평역 2번,5331,3982,1349,17,611,1292,1280,1056,1075,11,371,981,979,768,872,6,240,311,301,288,203
2019,2,A,골목상권,2110756,문래중학교,2888,2017,871,4,269,608,736,647,624,2,139,427,520,454,475,2,130,181,216,193,149
2019,2,A,골목상권,2110755,동일여자고등학교,2353,1217,1136,31,315,535,539,518,415,23,156,292,267,218,261,8,159,243,272,300,154
2019,2,A,골목상권,2110754,삼성산자연공원(서울금천초등학교),2812,1474,1338,31,368,607,659,625,522,23,173,346,343,263,326,8,195,261,316,362,196
2019,2,A,골목상권,2110753,시흥동 은행나무사거리,2352,1272,1080,13,266,461,560,583,469,13,134,261,267,294,303,0,132,200,293,289,166
2019,2,A,골목상권,2110752,한울중학교,2732,1626,1106,10,363,553,692,713,401,8,222,315,375,400,306,2,141,238,317,313,95
2019,2,A,골목상권,2110751,난곡중학교,5379,3794,1585,3,338,966,989,1060,2023,3,194,567,606,642,1782,0,144,399,383,418,241
2019,2,A,골목상권,2110750,시흥4동주민센터(서울신흥초등학교),1321,739,582,7,177,270,357,320,190,7,93,165,205,141,128,0,84,105,152,179,62
2019,2,A,골목상권,2110749,금산초등학교(금천고등학교),8443,5072,3371,8,601,1255,2001,2257,2321,2,300,809,1159,1281,1521,6,301,446,842,976,800
2019,2,A,골목상권,2110748,백산초등학교,2044,1249,795,0,247,389,513,520,375,0,148,250,297,292,262,0,99,139,216,228,113
2019,2,A,골목상권,2110747,석수역 1번 출입구,1246,921,325,4,80,175,272,313,402,4,49,121,182,220,345,0,31,54,90,93,57
2019,2,A,골목상권,2110746,금천금빛공원(은행나무사거리서측),1497,698,799,0,130,252,379,403,333,0,37,114,176,189,182,0,93,138,203,214,151
2019,2,A,골목상권,2110745,독산동정훈단지,1752,1001,751,1,185,311,371,512,372,0,103,129,171,302,296,1,82,182,200,210,76
2019,2,A,골목상권,2110744,독산동성당,2623,1676,947,3,313,570,606,644,487,2,191,366,363,384,370,1,122,204,243,260,117
2019,2,A,골목상권,2110743,시흥초등학교(시흥1동우체국),2580,1195,1385,5,373,484,629,644,445,5,143,241,290,260,256,0,230,243,339,384,189
2019,2,A,골목상권,2110742,KT금천빌딩(금천구시설관리공단),6223,3901,2322,6,452,901,1325,1542,1997,2,300,611,842,939,1207,4,152,290,483,603,790
2019,2,A,골목상권,2110741,독산2동주민센터,2289,1313,976,5,270,454,544,623,393,3,143,234,284,353,296,2,127,220,260,270,97
2019,2,A,골목상권,2110740,금천해태공원,4562,2602,1960,17,994,1138,821,722,870,11,459,627,403,349,753,6,535,511,418,373,117
2019,2,A,골목상권,2110739,시흥3동 우편취급국,6761,3933,2828,8,477,969,1603,1825,1879,2,236,642,927,987,1139,6,241,327,676,838,740
2019,2,A,골목상권,2110738,문성초등학교,3252,2041,1211,8,451,736,836,749,472,4,260,478,528,432,339,4,191,258,308,317,133
2019,2,A,골목상권,2110737,금천세무서,2761,1644,1117,4,303,633,724,667,430,0,154,344,435,395,316,4,149,289,289,272,114
2019,2,A,골목상권,2110736,독산119안전센터,3673,2416,1257,10,406,723,866,965,703,6,228,456,564,609,553,4,178,267,302,356,150
2019,2,A,골목상권,2110735,말미고개,3760,2433,1327,11,395,697,744,894,1019,7,212,399,430,515,870,4,183,298,314,379,149
2019,2,A,골목상권,2110734,금천파출소,2914,1336,1578,8,823,868,514,428,273,2,360,453,219,171,131,6,463,415,295,257,142
2019,2,A,골목상권,2110733,금천어울림복지센터,3924,2277,1647,5,375,853,868,936,887,5,131,354,434,586,767,0,244,499,434,350,120
2019,2,A,골목상권,2110732,가산초등학교(세일중학교),3759,2325,1434,13,484,830,971,870,591,8,258,508,584,519,448,5,226,322,387,351,143
2019,2,A,골목상권,2110731,금천구청역 1번 출입구,5404,2682,2722,13,1012,1519,1156,1137,567,7,427,700,528,646,374,6,585,819,628,491,193
2019,2,A,골목상권,2110730,서울축산농협 독산역지점(독산파출소),8993,5537,3456,15,588,1165,1328,1787,4110,12,304,711,789,1040,2681,3,284,454,539,747,1429
2019,2,A,골목상권,2110729,가산동우체국,7878,4797,3081,45,1242,2053,1972,1259,1307,31,623,1305,1314,801,723,14,619,748,658,458,584
2019,2,A,골목상권,2110728,두산초등학교,18813,12290,6523,53,2158,4316,4053,3363,4870,37,1141,2802,2826,2233,3251,16,1017,1514,1227,1130,1619
2019,2,A,골목상권,2110727,독산역 1번 출입구,17617,11426,6191,45,2056,4066,3720,3070,4660,31,1074,2647,2599,2024,3051,14,982,1419,1121,1046,1609
2019,2,A,골목상권,2110726,금천철쭉어린이공원(금하마을),1380,874,506,12,216,300,294,303,255,11,130,188,203,157,185,1,86,112,91,146,70
2019,2,A,골목상권,2110725,가산동주민센터,19469,11307,8162,75,3986,5978,4781,2774,1875,52,1829,3633,3035,1567,1191,23,2157,2345,1746,1207,684
2019,2,A,골목상권,2110724,금천구립가산도서관,16827,10150,6677,58,2755,5011,4276,2823,1904,36,1414,3059,2833,1730,1078,22,1341,1952,1443,1093,826
2019,2,A,골목상권,2110723,가산디지털단지역 1번 출입구,35785,23667,12118,157,7089,11356,9044,5055,3084,113,3523,7551,6612,3524,2344,44,3566,3805,2432,1531,740
2019,2,A,골목상권,2110722,G타워,32914,19970,12944,87,6281,11553,8734,4034,2225,48,2811,7179,5742,2516,1674,39,3470,4374,2992,1518,551
2019,2,A,골목상권,2110721,가리봉파출소,17775,12056,5719,63,3247,5970,4648,2519,1328,44,1700,4174,3448,1651,1039,19,1547,1796,1200,868,289
2019,2,A,골목상권,2110720,대림역 2번,3017,1775,1242,2,277,547,799,859,533,0,133,297,440,534,371,2,144,250,359,325,162
2019,2,A,골목상권,2110719,영서중학교,16680,11800,4880,69,3459,5757,4091,2093,1211,43,1882,4064,3218,1603,990,26,1577,1693,873,490,221
2019,2,A,골목상권,2110718,한국SGI본부,18418,11137,7281,43,2230,4064,4378,4378,3325,33,1441,2929,2748,2113,1873,10,789,1135,1630,2265,1452
2019,2,A,골목상권,2110717,남구로역 2번,35694,24085,11609,129,6974,11970,8890,4789,2942,87,3590,8256,6603,3264,2285,42,3384,3714,2287,1525,657
2019,2,A,골목상권,2110716,구로나눔길,4824,2726,2098,3,514,1325,1180,1192,610,1,228,703,651,795,348,2,286,622,529,397,262
2019,2,A,골목상권,2110715,구로구민회관,12842,8452,4390,10,1616,3437,2995,2816,1968,6,1035,2480,2061,1738,1132,4,581,957,934,1078,836
2019,2,A,골목상권,2110714,구로4동주민센터,6227,3626,2601,12,660,1578,1485,1601,891,6,289,805,839,1098,589,6,371,773,646,503,302
2019,2,A,골목상권,2110713,구로보건소,8515,5102,3413,18,1052,2073,2311,1882,1179,9,459,1271,1452,1126,785,9,593,802,859,756,394
2019,2,A,골목상권,2110712,남구로역 5번,1737,921,816,9,199,299,404,408,418,6,87,152,185,218,273,3,112,147,219,190,145
2019,2,A,골목상권,2110711,구로초등학교,6561,3421,3140,7,920,1709,1546,1502,877,1,316,811,798,960,535,6,604,898,748,542,342
2019,2,A,골목상권,2110710,남구로역 3번,28029,18201,9828,109,5255,8509,6994,4224,2938,85,2572,5593,4963,2807,2181,24,2683,2916,2031,1417,757
2019,2,A,골목상권,2110709,구로119안전센터,1447,732,715,0,149,241,330,387,340,0,65,102,181,192,192,0,84,139,149,195,148
2019,2,A,골목상권,2110708,화원어린이공원,2642,1353,1289,4,501,719,630,436,352,1,133,323,343,276,277,3,368,396,287,160,75
2019,2,A,골목상권,2110707,구로창업지원센터,8113,5855,2258,10,814,2235,2182,1736,1136,7,483,1638,1629,1239,859,3,331,597,553,497,277
2019,2,A,골목상권,2110706,그라운드 고척,3463,2253,1210,3,384,737,795,831,713,3,192,445,461,537,615,0,192,292,334,294,98
2019,2,A,골목상권,2110705,고산초등학교,2986,1984,1002,3,350,652,685,687,609,3,185,389,399,462,546,0,165,263,286,225,63
2019,2,A,골목상권,2110704,고척중학교,4152,2466,1686,3,459,877,979,1011,823,3,239,470,485,582,687,0,220,407,494,429,136
2019,2,A,골목상권,2110703,개봉역,9180,5043,4137,29,1309,2146,2113,2266,1317,18,727,1315,1042,1082,859,11,582,831,1071,1184,458
2019,2,A,골목상권,2110702,개봉초등학교,1817,982,835,3,179,387,487,435,326,3,93,191,248,249,198,0,86,196,239,186,128
2019,2,A,골목상권,2110701,고척동성당,5095,3815,1280,10,439,1136,1445,1673,392,4,236,830,1108,1343,294,6,203,306,337,330,98
2019,2,A,골목상권,2110700,고척초등학교,6708,4740,1968,14,555,1478,1913,2116,632,11,288,1039,1376,1575,451,3,267,439,537,541,181
2019,2,A,골목상권,2110699,덕의초등학교,2653,1732,921,10,298,613,671,722,339,8,172,415,436,434,267,2,126,198,235,288,72
2019,2,A,골목상권,2110698,개웅초등학교(개웅중학교),2957,1326,1631,11,409,550,704,835,448,10,208,289,263,286,270,1,201,261,441,549,178
2019,2,A,골목상권,2110697,개봉3동주민센터,1302,762,540,2,178,275,309,283,255,2,78,158,173,169,182,0,100,117,136,114,73
2019,2,A,골목상권,2110696,오류동역 1번,3925,2482,1443,18,855,1199,768,600,485,13,475,824,463,345,362,5,380,375,305,255,123
2019,2,A,골목상권,2110695,개봉1동주민센터,2611,1567,1044,8,244,622,705,648,384,7,123,376,405,367,289,1,121,246,300,281,95
2019,2,A,골목상권,2110694,세곡초등학교,2322,1374,948,1,230,494,604,632,361,0,109,281,338,363,283,1,121,213,266,269,78
2019,2,A,골목상권,2110693,오류동역 4번,2421,1568,853,2,252,458,650,782,277,0,184,292,433,468,191,2,68,166,217,314,86
2019,2,A,골목상권,2110692,큰굴다리,3543,2286,1257,3,376,624,880,1036,624,1,253,398,557,621,456,2,123,226,323,415,168
2019,2,A,골목상권,2110691,개봉중학교,2547,1546,1001,5,274,505,566,654,543,4,138,297,339,363,405,1,136,208,227,291,138
2019,2,A,골목상권,2110690,오류2동버들시장,4367,2759,1608,3,478,941,1214,1163,568,0,269,544,771,751,424,3,209,397,443,412,144
2019,2,A,골목상권,2110689,오류동역 3번,4655,2832,1823,14,482,828,1133,1420,778,8,291,502,704,797,530,6,191,326,429,623,248
2019,2,A,골목상권,2110688,오류지구대,1961,1157,804,7,156,345,488,596,369,4,78,187,281,334,273,3,78,158,207,262,96
2019,2,A,골목상권,2110687,"천왕역 3번(오류2동주민센터, 서울오류남초등학교)",1014,630,384,0,95,223,290,252,154,0,41,119,183,164,123,0,54,104,107,88,31
2019,2,A,골목상권,2110686,수궁동주민센터,2582,1514,1068,4,256,474,644,745,459,4,122,275,374,435,304,0,134,199,270,310,155
2019,2,A,골목상권,2110685,금강수목원아파트,1264,895,369,1,76,251,343,377,216,0,47,163,225,275,185,1,29,88,118,102,31
2019,2,A,골목상권,2110684,서울공연예술고등학교,1357,819,538,0,175,299,362,345,176,0,85,181,213,231,109,0,90,118,149,114,67
2019,2,A,골목상권,2110683,오류고등학교,1303,787,516,0,165,295,342,329,172,0,79,179,203,219,107,0,86,116,139,110,65
2019,2,A,골목상권,2110682,온수역 8번,1455,1121,334,1,61,224,331,459,379,1,36,141,224,361,358,0,25,83,107,98,21
2019,2,A,골목상권,2110681,온수역 1번,1561,1234,327,1,67,222,347,506,418,1,40,145,250,415,383,0,27,77,97,91,35
2019,2,A,골목상권,2110680,온수역 5번(온수산업단지),2347,1717,630,22,212,430,533,674,476,22,143,283,364,498,407,0,69,147,169,176,69
2019,2,A,골목상권,2110679,염창역 2번,4365,2937,1428,6,593,993,1190,991,592,4,364,626,809,704,430,2,229,367,381,287,162
2019,2,A,골목상권,2110678,염창무학아파트,2567,1798,769,5,414,581,572,570,425,3,279,406,374,403,333,2,135,175,198,167,92
2019,2,A,골목상권,2110677,등촌역 1번,9191,6287,2904,29,1215,2298,2118,1725,1806,21,535,1444,1421,1262,1604,8,680,854,697,463,202
2019,2,A,골목상권,2110676,등촌역 7번,3064,1917,1147,12,382,688,763,731,488,9,159,416,472,491,370,3,223,272,291,240,118
2019,2,A,골목상권,2110675,화곡4동주민센터,3048,1366,1682,5,667,824,677,554,321,1,130,381,334,296,224,4,537,443,343,258,97
2019,2,A,골목상권,2110674,강서구청가양동별관,3849,2519,1330,12,554,870,997,786,630,9,380,606,693,506,325,3,174,264,304,280,305
2019,2,A,골목상권,2110673,뜸부기어린이공원,5002,2382,2620,3,943,1240,1138,1077,601,1,272,559,592,555,403,2,671,681,546,522,198
2019,2,A,골목상권,2110672,백석중학교,3665,1998,1667,4,437,744,899,964,617,3,198,363,531,571,332,1,239,381,368,393,285
2019,2,A,골목상권,2110671,등촌1동주민센터,14779,9352,5427,43,2713,3912,3549,2677,1885,23,1130,2494,2480,1856,1369,20,1583,1418,1069,821,516
2019,2,A,골목상권,2110670,신곡초등학교,2260,1180,1080,4,230,632,672,488,234,2,108,326,318,274,152,2,122,306,354,214,82
2019,2,A,골목상권,2110669,화곡보람2차아파트,4932,2963,1969,4,1139,1423,1006,672,688,3,357,943,770,432,458,1,782,480,236,240,230
2019,2,A,골목상권,2110668,화곡2동주민센터,3332,1845,1487,6,371,850,961,737,407,4,172,440,496,433,300,2,199,410,465,304,107
2019,2,A,골목상권,2110667,가양역 10번,2692,1499,1193,11,416,532,646,639,448,1,201,308,386,340,263,10,215,224,260,299,185
2019,2,A,골목상권,2110666,KC대학교,4991,3177,1814,4,544,1471,1224,1203,545,3,257,883,757,861,416,1,287,588,467,342,129
2019,2,A,골목상권,2110665,곰달래도서관,3527,2057,1470,7,409,749,901,913,548,6,225,447,514,476,389,1,184,302,387,437,159
2019,2,A,골목상권,2110664,강서구청옆,6512,3915,2597,6,729,1812,1623,1560,782,4,331,1073,984,1022,501,2,398,739,639,538,281
2019,2,A,골목상권,2110663,우장산롯데캐슬아파트앞,13003,7760,5243,24,1557,3335,3187,3349,1551,7,743,2144,2057,1861,948,17,814,1191,1130,1488,603
2019,2,A,골목상권,2110662,까치산역 1번,4550,2756,1794,6,476,1142,1221,1114,591,4,250,656,678,735,433,2,226,486,543,379,158
2019,2,A,골목상권,2110661,강서새말어린이공원,6077,3792,2285,2,551,1556,1555,1602,811,1,255,890,956,1096,594,1,296,666,599,506,217
2019,2,A,골목상권,2110660,등촌3동주민센터,12489,7127,5362,30,1610,2897,2963,2981,2008,12,759,1955,1895,1424,1082,18,851,942,1068,1557,926
2019,2,A,골목상권,2110659,화곡역 4번,5984,3115,2869,20,826,1521,1629,1295,693,14,328,798,832,735,408,6,498,723,797,560,285
2019,2,A,골목상권,2110658,화곡초등학교,4394,2572,1822,4,923,972,919,876,700,3,291,555,557,594,572,1,632,417,362,282,128
2019,2,A,골목상권,2110657,양천향교역 5번,10250,6179,4071,17,1248,2476,2487,2321,1701,15,609,1469,1628,1239,1219,2,639,1007,859,1082,482
2019,2,A,골목상권,2110656,까치산역 3번,3301,2002,1299,15,339,640,880,966,461,13,193,372,524,562,338,2,146,268,356,404,123
2019,2,A,골목상권,2110655,발산역 5번,4429,2218,2211,17,978,888,806,819,921,8,328,439,479,408,556,9,650,449,327,411,365
2019,2,A,골목상권,2110654,까치산역 4번,4530,2838,1692,14,388,834,1205,1389,700,13,218,501,721,901,484,1,170,333,484,488,216
2019,2,A,골목상권,2110653,화곡역 2번,4290,2250,2040,6,912,926,907,840,699,3,251,472,495,515,514,3,661,454,412,325,185
2019,2,A,골목상권,2110652,양천향교역 2번,6378,3772,2606,11,702,1492,1472,1591,1110,10,350,930,948,801,733,1,352,562,524,790,377
2019,2,A,골목상권,2110651,화원중학교,4052,2494,1558,11,410,831,994,1090,716,9,223,523,611,722,406,2,187,308,383,368,310
2019,2,A,골목상권,2110650,우장산힐스테이트,2843,1416,1427,12,755,576,525,578,397,4,258,272,289,310,283,8,497,304,236,268,114
2019,2,A,골목상권,2110649,우장산역 1번,3440,1651,1789,14,809,675,708,793,441,4,273,326,346,384,318,10,536,349,362,409,123
2019,2,A,골목상권,2110648,양천향교역 7번,6209,3769,2440,11,678,1352,1451,1463,1254,11,339,822,966,731,900,0,339,530,485,732,354
2019,2,A,골목상권,2110647,화곡역 5번,4276,2179,2097,17,558,966,1036,964,735,14,239,534,551,494,347,3,319,432,485,470,388
2019,2,A,골목상권,2110646,푸른들청소년도서관,7627,4439,3188,15,879,1685,1876,1925,1247,8,439,1064,1049,1034,845,7,440,621,827,891,402
2019,2,A,골목상권,2110645,우장산역 4번,6613,3798,2815,13,703,1394,1710,1812,981,7,350,857,901,974,709,6,353,537,809,838,272
2019,2,A,골목상권,2110644,신광명마을,1548,1024,524,9,109,222,390,458,360,6,51,120,250,303,294,3,58,102,140,155,66
2019,2,A,골목상권,2110643,강서구다솔마을,1662,1051,611,0,165,390,480,416,211,0,94,248,322,251,136,0,71,142,158,165,75
2019,2,A,골목상권,2110642,정곡초등학교,1054,838,216,1,69,163,229,291,301,0,40,106,165,251,276,1,29,57,64,40,25
2019,2,A,골목상권,2110641,공항고등학교,2719,1530,1189,7,560,717,557,522,356,1,218,395,333,315,268,6,342,322,224,207,88
2019,2,A,골목상권,2110640,방화역 1번,4890,3153,1737,6,481,1071,1227,1277,828,4,272,585,738,882,672,2,209,486,489,395,156
2019,2,A,골목상권,2110639,신방화역 8번,2017,1008,1009,2,211,314,440,498,552,2,79,178,277,252,220,0,132,136,163,246,332
2019,2,A,골목상권,2110638,신방화역 2번,4176,2662,1514,8,463,841,1155,1082,627,3,238,502,784,679,456,5,225,339,371,403,171
2019,2,A,골목상권,2110637,송정역 2번,2553,1564,989,9,207,369,554,613,801,4,93,216,376,412,463,5,114,153,178,201,338
2019,2,A,골목상권,2110636,방화역 2번,4302,2640,1662,6,394,857,1239,1135,671,2,211,449,774,702,502,4,183,408,465,433,169
2019,2,A,골목상권,2110635,공항시장역 3번,2692,1480,1212,10,341,541,615,537,648,5,148,319,393,309,306,5,193,222,222,228,342
2019,2,A,골목상권,2110634,송정역 3번,3058,1994,1064,9,336,656,772,755,530,3,170,394,487,512,428,6,166,262,285,243,102
2019,2,A,골목상권,2110633,개화산역 1번,2426,1674,752,5,216,479,739,655,332,1,120,292,551,457,253,4,96,187,188,198,79
2019,2,A,골목상권,2110632,방화역 3번,7606,5793,1813,5,693,1735,2021,2318,834,1,480,1289,1515,1843,665,4,213,446,506,475,169
2019,2,A,골목상권,2110631,방화초등학교,2530,1477,1053,4,357,555,584,582,448,3,181,321,318,331,323,1,176,234,266,251,125
2019,2,A,골목상권,2110630,공항시장역 1번,33053,17260,15793,5,5309,11094,9105,6183,1357,5,1151,4535,5293,5359,917,0,4158,6559,3812,824,440
2019,2,A,골목상권,2110629,송정역 4번,31231,16356,14875,2,5110,10825,8774,5800,720,1,1075,4401,5107,5168,604,1,4035,6424,3667,632,116
2019,2,A,골목상권,2110628,신목동역,2462,1460,1002,5,333,690,664,490,280,3,143,384,416,330,184,2,190,306,248,160,96
2019,2,A,골목상권,2110627,신정롯데캐슬아파트,7258,4229,3029,27,1032,1924,1842,1729,704,18,481,1159,1113,958,500,9,551,765,729,771,204
2019,2,A,골목상권,2110626,양화초등학교,5621,3343,2278,7,876,1418,1496,1275,549,4,442,754,962,794,387,3,434,664,534,481,162
2019,2,A,골목상권,2110625,신정2동주민센터,14288,9267,5021,67,1766,3944,3509,3376,1626,52,979,2646,2286,2135,1169,15,787,1298,1223,1241,457
2019,2,A,골목상권,2110624,목동문화체육센터,2569,1218,1351,0,382,653,732,539,263,0,183,307,318,239,171,0,199,346,414,300,92
2019,2,A,골목상권,2110623,갈산공원,1996,1226,770,3,231,476,492,448,346,2,121,294,288,267,254,1,110,182,204,181,92
2019,2,A,골목상권,2110622,달마을공원,4640,2830,1810,6,620,1129,1323,1101,461,3,301,648,845,707,326,3,319,481,478,394,135
2019,2,A,골목상권,2110621,목동역 5번,11540,6112,5428,25,2083,3232,3039,1887,1274,16,771,1760,1718,1038,809,9,1312,1472,1321,849,465
2019,2,A,골목상권,2110620,목동보건지소,4383,2284,2099,6,515,1077,1254,962,569,2,259,607,580,457,379,4,256,470,674,505,190
2019,2,A,골목상권,2110619,목4동주민센터,4264,2062,2202,4,852,1184,1069,850,305,2,195,529,608,496,232,2,657,655,461,354,73
2019,2,A,골목상권,2110618,강서고등학교,4664,2487,2177,4,882,1223,1100,988,467,1,239,614,653,614,366,3,643,609,447,374,101
2019,2,A,골목상권,2110617,등촌역 4번,3588,2002,1586,7,488,855,864,880,494,4,212,480,482,492,332,3,276,375,382,388,162
2019,2,A,골목상권,2110616,양목초등학교,1736,893,843,3,174,389,402,431,337,2,77,196,205,230,183,1,97,193,197,201,154
2019,2,A,골목상권,2110615,신서초등학교,9656,5570,4086,21,1664,2749,2563,1808,851,16,594,1649,1582,1143,586,5,1070,1100,981,665,265
2019,2,A,골목상권,2110614,목동로데오거리,3339,1695,1644,8,463,772,874,760,462,6,172,381,457,388,291,2,291,391,417,372,171
2019,2,A,골목상권,2110613,신정네거리역 4번,700,342,358,2,68,111,160,191,168,1,28,53,76,89,95,1,40,58,84,102,73
2019,2,A,골목상권,2110612,신정역 5번,4117,1891,2226,7,836,806,889,879,700,5,253,370,447,413,403,2,583,436,442,466,297
2019,2,A,골목상권,2110611,신정역 1번,5132,2655,2477,16,1004,1027,1092,1155,838,14,397,589,632,548,475,2,607,438,460,607,363
2019,2,A,골목상권,2110610,계남근린공원,2603,1714,889,2,344,778,844,371,264,1,158,481,648,239,187,1,186,297,196,132,77
2019,2,A,골목상권,2110609,신정네거리역 2번,3592,2649,943,4,247,426,639,647,1629,1,116,228,339,439,1526,3,131,198,300,208,103
2019,2,A,골목상권,2110608,신월2동주민센터,4221,2380,1841,15,446,818,1104,1064,774,12,229,470,552,533,584,3,217,348,552,531,190
2019,2,A,골목상권,2110607,금빛새마을금고본점,3218,2541,677,6,213,358,484,558,1599,2,118,210,292,400,1519,4,95,148,192,158,80
2019,2,A,골목상권,2110606,신한은행 신월동지점,3769,2665,1104,2,208,398,744,1141,1276,1,103,237,412,807,1105,1,105,161,332,334,171
2019,2,A,골목상권,2110605,목동센트럴아이파크앞,1959,1111,848,1,144,289,447,598,480,0,68,160,221,330,332,1,76,129,226,268,148
2019,2,A,골목상권,2110604,신월4동주민센터,3150,2154,996,4,227,420,643,975,881,2,120,246,355,674,757,2,107,174,288,301,124
2019,2,A,골목상권,2110603,지향초등학교,3105,1995,1110,2,318,588,771,854,572,0,216,394,468,509,408,2,102,194,303,345,164
2019,2,A,골목상권,2110602,신월시영아파트중문,3409,2407,1002,4,261,398,699,1085,962,2,159,258,418,753,817,2,102,140,281,332,145
2019,2,A,골목상권,2110601,신월1동우편취급국,2793,1795,998,12,327,516,666,845,427,8,195,333,405,539,315,4,132,183,261,306,112
2019,2,A,골목상권,2110600,신월7동주민센터,4387,2891,1496,3,347,495,748,1258,1536,2,196,319,494,853,1027,1,151,176,254,405,509
2019,2,A,골목상권,2110599,신월1파출소,2186,1235,951,4,202,383,598,715,284,3,126,219,290,395,202,1,76,164,308,320,82
2019,2,A,골목상권,2110598,신월문화체육센터,3703,2206,1497,3,275,416,643,1042,1324,2,150,251,369,638,796,1,125,165,274,404,528
2019,2,A,골목상권,2110597,신월1동주민센터,3246,1846,1400,9,301,608,763,908,657,8,174,360,387,507,410,1,127,248,376,401,247
2019,2,A,골목상권,2110596,서서울호수공원,2277,1297,980,5,293,428,553,645,353,3,156,254,281,340,263,2,137,174,272,305,90
2019,2,A,골목상권,2110595,메디힐병원,3018,1709,1309,8,277,608,690,832,603,8,154,331,379,476,361,0,123,277,311,356,242
2019,2,A,골목상권,2110594,신월중학교,1251,643,608,9,141,289,336,336,140,6,68,140,172,167,90,3,73,149,164,169,50
2019,2,A,골목상권,2110593,신월3동주민센터,1785,1080,705,5,152,300,392,483,453,5,72,158,207,297,341,0,80,142,185,186,112
2019,2,A,골목상권,2110592,서울금융고등학교,1539,1010,529,5,116,254,309,420,435,5,56,130,187,298,334,0,60,124,122,122,101
2019,2,A,골목상권,2110591,충정로역 6번,6233,3512,2721,6,1206,1916,1580,935,590,1,537,1058,916,590,410,5,669,858,664,345,180
2019,2,A,골목상권,2110590,만리재,1628,841,787,2,143,275,441,504,263,2,55,151,212,264,157,0,88,124,229,240,106
2019,2,A,골목상권,2110589,애오개역 3번,2288,997,1291,0,344,672,781,383,108,0,128,333,344,119,73,0,216,339,437,264,35
2019,2,A,골목상권,2110588,한겨레신문사,3913,2012,1901,8,744,905,1024,877,355,5,323,474,493,497,220,3,421,431,531,380,135
2019,2,A,골목상권,2110587,공덕동주민센터,9284,5451,3833,28,1416,2569,2710,1985,576,9,595,1456,1621,1378,392,19,821,1113,1089,607,184
2019,2,A,골목상권,2110586,서울서부지방법원,22401,13134,9267,67,3921,6764,6543,4057,1049,24,1511,3695,4183,2987,734,43,2410,3069,2360,1070,315
2019,2,A,골목상권,2110585,마포경찰서,7770,4482,3288,14,1324,2561,2340,1167,364,3,604,1490,1421,723,241,11,720,1071,919,444,123
2019,2,A,골목상권,2110584,아현역 4번,1680,871,809,5,395,509,340,256,175,1,152,271,178,151,118,4,243,238,162,105,57
2019,2,A,골목상권,2110583,공덕래미안3차아파트,11686,7319,4367,40,1783,3639,3432,2205,587,12,793,2206,2265,1632,411,28,990,1433,1167,573,176
2019,2,A,골목상권,2110582,이대역 5번,1135,454,681,3,159,252,290,272,159,2,39,85,99,136,93,1,120,167,191,136,66
2019,2,A,골목상권,2110581,염리초등학교,31914,18095,13819,36,4244,6909,6534,10636,3555,16,1594,3545,3580,7094,2266,20,2650,3364,2954,3542,1289
2019,2,A,골목상권,2110580,양원초등학교,1142,579,563,20,244,256,241,234,147,8,89,132,124,137,89,12,155,124,117,97,58
2019,2,A,골목상권,2110579,마포역 4번,8472,5421,3051,15,1238,2156,2026,1752,1285,8,601,1275,1387,1211,939,7,637,881,639,541,346
2019,2,A,골목상권,2110578,대흥역 2번,22799,12779,10020,98,3453,4754,4285,8016,2193,37,1102,2134,2014,5811,1681,61,2351,2620,2271,2205,512
2019,2,A,골목상권,2110577,용강동주민센터,24739,13847,10892,86,3694,5611,5130,8380,1838,32,1207,2608,2523,6079,1398,54,2487,3003,2607,2301,440
2019,2,A,골목상권,2110576,대흥역 3번,24544,13815,10729,89,3392,5062,4836,8751,2414,36,1049,2269,2319,6330,1812,53,2343,2793,2517,2421,602
2019,2,A,골목상권,2110575,대흥동주민센터,2275,1101,1174,27,525,566,441,438,278,12,173,251,212,251,202,15,352,315,229,187,76
2019,2,A,골목상권,2110574,서강대학교,2060,1165,895,18,363,449,486,442,302,6,148,243,309,254,205,12,215,206,177,188,97
2019,2,A,골목상권,2110573,신촌역 6번,1663,778,885,24,392,410,340,303,194,11,108,160,172,180,147,13,284,250,168,123,47
2019,2,A,골목상권,2110572,서강대역 1번,7242,3799,3443,35,1208,1955,1741,1520,783,19,409,909,984,958,520,16,799,1046,757,562,263
2019,2,A,골목상권,2110571,신수동주민센터,5989,3435,2554,16,721,1639,1531,1379,703,13,299,818,878,915,512,3,422,821,653,464,191
2019,2,A,골목상권,2110570,KB국민은행 서강지점,1709,1003,706,11,225,479,461,346,187,9,113,266,251,217,147,2,112,213,210,129,40
2019,2,A,골목상권,2110569,홍대땡땡거리,3719,1888,1831,9,743,1106,877,612,372,6,237,573,488,361,223,3,506,533,389,251,149
2019,2,A,골목상권,2110568,광흥창역 1번,2208,1192,1016,3,339,646,526,470,224,1,105,335,333,288,130,2,234,311,193,182,94
2019,2,A,골목상권,2110567,광흥창역 6번,2114,1206,908,2,257,498,544,505,308,1,75,227,325,329,249,1,182,271,219,176,59
2019,2,A,골목상권,2110566,경의선책거리,10243,5841,4402,22,1711,2520,2568,1938,1484,13,693,1411,1544,1145,1035,9,1018,1109,1024,793,449
2019,2,A,골목상권,2110565,홍익대,4784,3257,1527,8,779,1195,1182,921,699,4,423,790,831,661,548,4,356,405,351,260,151
2019,2,A,골목상권,2110564,홍대입구역 3번,6256,3134,3122,23,1014,1603,1560,1158,898,11,334,815,839,583,552,12,680,788,721,575,346
2019,2,A,골목상권,2110563,상수역 3번,3507,2180,1327,32,1095,1141,628,409,202,16,555,810,411,245,143,16,540,331,217,164,59
2019,2,A,골목상권,2110562,연트럴파크(연남동주민센터),4762,2687,2075,15,656,1191,1178,1037,685,11,259,693,681,563,480,4,397,498,497,474,205
2019,2,A,골목상권,2110561,상수역 4번,4952,3086,1866,45,1391,1585,976,668,287,24,686,1098,657,409,212,21,705,487,319,259,75
2019,2,A,골목상권,2110560,마포FM,6857,3862,2995,20,1069,1874,1642,1272,980,11,411,1082,1109,730,519,9,658,792,533,542,461
2019,2,A,골목상권,2110559,성산중학교,7050,4230,2820,38,1678,2172,1593,1079,490,20,760,1362,1025,707,356,18,918,810,568,372,134
2019,2,A,골목상권,2110558,경성고등학교,5815,3598,2217,12,792,1432,1437,1322,820,9,364,865,891,853,616,3,428,567,546,469,204
2019,2,A,골목상권,2110557,홍대부속여중고앞,9695,5664,4031,21,1547,2569,2370,1642,1546,14,580,1388,1486,1037,1159,7,967,1181,884,605,387
2019,2,A,골목상권,2110556,절두산순교성지,1762,1115,647,5,264,495,482,367,149,5,112,298,320,267,113,0,152,197,162,100,36
2019,2,A,골목상권,2110555,홍익지구대,5458,2805,2653,16,1018,1636,1292,862,634,8,333,768,783,502,411,8,685,868,509,360,223
2019,2,A,골목상권,2110554,망원역 1번,14113,8190,5923,48,1643,2933,2997,3183,3309,36,620,1626,1929,2058,1921,12,1023,1307,1068,1125,1388
2019,2,A,골목상권,2110553,가좌역 2번,2212,1406,806,2,191,356,536,641,486,1,82,190,345,440,348,1,109,166,191,201,138
2019,2,A,골목상권,2110552,성미산체육관,3795,2273,1522,17,593,874,891,908,512,6,250,520,555,597,345,11,343,354,336,311,167
2019,2,A,골목상권,2110551,성서초등학교,7596,5276,2320,37,610,1271,1719,2263,1696,32,303,861,1190,1580,1310,5,307,410,529,683,386
2019,2,A,골목상권,2110550,합정역 8번,7117,3982,3135,14,1262,1943,1662,1236,1000,10,526,1024,1023,742,657,4,736,919,639,494,343
2019,2,A,골목상권,2110549,새터산,3535,2051,1484,14,491,731,853,924,522,5,220,429,513,553,331,9,271,302,340,371,191
2019,2,A,골목상권,2110548,마포구청역 4번,8286,5569,2717,47,935,1579,1954,2522,1249,34,447,1047,1365,1771,905,13,488,532,589,751,344
2019,2,A,골목상권,2110547,KB국민은행 망원동지점,8572,5841,2731,46,921,1543,1945,2399,1718,33,412,997,1351,1700,1348,13,509,546,594,699,370
2019,2,A,골목상권,2110546,양화대교북단,2646,1610,1036,2,486,724,618,458,358,2,221,414,414,312,247,0,265,310,204,146,111
2019,2,A,골목상권,2110545,마포구청역 1번,3420,1808,1612,14,490,671,801,943,501,5,207,391,443,480,282,9,283,280,358,463,219
2019,2,A,골목상권,2110544,망리단길,12137,7743,4394,40,1718,2686,2740,2833,2120,32,864,1549,1716,1927,1655,8,854,1137,1024,906,465
2019,2,A,골목상권,2110543,중암중학교,820,550,270,0,58,102,169,233,258,0,20,50,89,153,238,0,38,52,80,80,20
2019,2,A,골목상권,2110542,마포구청역 7번,3591,2062,1529,16,595,756,873,791,560,6,235,439,519,480,383,10,360,317,354,311,177
2019,2,A,골목상권,2110541,동교초등학교,2637,1500,1137,5,355,554,740,587,396,4,156,318,421,334,267,1,199,236,319,253,129
2019,2,A,골목상권,2110540,망원나들목체육관,2492,1455,1037,7,696,763,516,336,174,2,414,437,279,200,123,5,282,326,237,136,51
2019,2,A,골목상권,2110539,미근동,15762,9376,6386,31,2380,5278,4297,2787,989,12,985,2911,2731,1971,766,19,1395,2367,1566,816,223
2019,2,A,골목상권,2110538,충정로역 3번,11063,6557,4506,9,1887,3412,3015,1970,770,1,946,2082,1872,1146,510,8,941,1330,1143,824,260
2019,2,A,골목상권,2110537,충정로현대아파트,9676,5943,3733,15,1357,2764,2624,2097,819,8,673,1738,1669,1304,551,7,684,1026,955,793,268
2019,2,A,골목상권,2110536,돈의문센트레빌아파트입구,3863,2513,1350,17,450,959,959,1000,478,12,193,552,643,742,371,5,257,407,316,258,107
2019,2,A,골목상권,2110535,영천시장입구,2395,1260,1135,6,269,585,604,620,311,3,85,319,326,326,201,3,184,266,278,294,110
2019,2,A,골목상권,2110534,경기대학교,4979,2933,2046,4,795,1366,1142,901,771,1,322,746,745,587,532,3,473,620,397,314,239
2019,2,A,골목상권,2110533,충정로역 7번,4489,2562,1927,5,791,1418,1158,703,414,0,341,791,740,447,243,5,450,627,418,256,171
2019,2,A,골목상권,2110532,아현역 2번,2020,1125,895,6,432,577,439,360,206,2,172,336,254,241,120,4,260,241,185,119,86
2019,2,A,골목상권,2110531,홍지문,1335,639,696,1,154,362,348,295,175,0,51,153,172,150,113,1,103,209,176,145,62
2019,2,A,골목상권,2110530,아현역 1번,1519,802,717,5,382,469,295,225,143,1,146,263,160,136,96,4,236,206,135,89,47
2019,2,A,골목상권,2110529,홍제3동주민센터,1667,712,955,1,223,307,414,477,245,1,70,130,165,201,145,0,153,177,249,276,100
2019,2,A,골목상권,2110528,서울여자간호대학교,1348,708,640,1,154,241,328,312,312,1,53,120,161,179,194,0,101,121,167,133,118
2019,2,A,골목상권,2110527,홍제역 2번,2557,1198,1359,3,283,395,665,862,349,2,102,218,303,392,181,1,181,177,362,470,168
2019,2,A,골목상권,2110526,봉원사,2747,1521,1226,0,287,831,733,633,263,0,98,325,417,479,202,0,189,506,316,154,61
2019,2,A,골목상권,2110525,홍은종합사회복지관,1350,614,736,1,113,203,329,407,297,1,54,112,136,155,156,0,59,91,193,252,141
2019,2,A,골목상권,2110524,연희세브란스병원,2146,1317,829,0,202,592,560,558,234,0,84,268,331,440,194,0,118,324,229,118,40
2019,2,A,골목상권,2110523,홍제성원아파트,558,225,333,0,89,138,133,119,79,0,22,53,64,39,47,0,67,85,69,80,32
2019,2,A,골목상권,2110522,홍제역 3번,1504,805,699,1,167,246,396,511,183,0,48,127,216,292,122,1,119,119,180,219,61
2019,2,A,골목상권,2110521,홍제역 4번,2097,996,1101,1,221,333,536,742,264,0,78,167,262,348,141,1,143,166,274,394,123
2019,2,A,골목상권,2110520,경의중앙 신촌역,3910,2196,1714,10,556,1035,918,909,482,5,205,479,494,637,376,5,351,556,424,272,106
2019,2,A,골목상권,2110519,서대문구보건소별관,1659,953,706,1,263,459,444,321,171,0,96,245,274,218,120,1,167,214,170,103,51
2019,2,A,골목상권,2110518,서대문구청,4730,2659,2071,18,639,1326,1274,1141,332,15,273,698,718,748,207,3,366,628,556,393,125
2019,2,A,골목상권,2110517,서대문소방서,3913,2314,1599,17,522,1123,1077,781,393,13,236,669,693,475,228,4,286,454,384,306,165
2019,2,A,골목상권,2110516,정원여중,1608,953,655,1,277,456,426,299,149,0,105,254,272,214,108,1,172,202,154,85,41
2019,2,A,골목상권,2110515,홍은중학교,1347,802,545,1,255,434,324,209,124,1,84,264,220,144,89,0,171,170,104,65,35
2019,2,A,골목상권,2110514,서대문우체국,7189,5298,1891,5,885,1631,1436,2386,846,1,514,1023,995,2059,706,4,371,608,441,327,140
2019,2,A,골목상권,2110513,연희파출소,4616,2890,1726,19,658,1252,1113,997,577,11,313,755,746,661,404,8,345,497,367,336,173
2019,2,A,골목상권,2110512,연희지하차도,5210,2970,2240,24,663,1345,1383,1327,468,20,279,688,772,889,322,4,384,657,611,438,146
2019,2,A,골목상권,2110511,연희초등학교,8463,6197,2266,6,941,1939,1795,2685,1097,2,578,1280,1192,2226,919,4,363,659,603,459,178
2019,2,A,골목상권,2110510,홍연시장,1707,1030,677,9,167,308,412,514,297,8,77,199,214,319,213,1,90,109,198,195,84
2019,2,A,골목상권,2110509,연희대우아파트앞,9903,6535,3368,14,1344,2234,2146,2983,1182,7,646,1312,1304,2319,947,7,698,922,842,664,235
2019,2,A,골목상권,2110508,서연중학교,4073,2540,1533,18,511,909,870,1009,756,14,254,578,531,621,542,4,257,331,339,388,214
2019,2,A,골목상권,2110507,명지대학교,2390,1424,966,1,216,502,663,692,316,1,108,299,344,424,248,0,108,203,319,268,68
2019,2,A,골목상권,2110506,연희임광아파트,2209,1234,975,7,309,483,473,550,387,7,121,294,242,291,279,0,188,189,231,259,108
2019,2,A,골목상권,2110505,홍남교남측,594,361,233,0,45,102,186,178,83,0,16,58,106,123,58,0,29,44,80,55,25
2019,2,A,골목상권,2110504,명지전문대,1058,561,497,1,80,175,246,312,244,0,24,68,106,183,180,1,56,107,140,129,64
2019,2,A,골목상권,2110503,명지대학교교회,2738,1601,1137,1,233,510,742,805,447,0,127,301,372,463,338,1,106,209,370,342,109
2019,2,A,골목상권,2110502,남가좌파출소,971,460,511,0,96,187,304,278,106,0,31,86,139,135,69,0,65,101,165,143,37
2019,2,A,골목상권,2110501,연희어린이공원,1882,1073,809,8,237,428,444,457,308,6,92,268,239,248,220,2,145,160,205,209,88
2019,2,A,골목상권,2110500,남가좌동현대아파트,359,159,200,0,28,59,105,132,35,0,9,22,41,65,22,0,19,37,64,67,13
2019,2,A,골목상권,2110499,연가초등학교,1713,846,867,0,127,284,437,529,336,0,55,137,191,242,221,0,72,147,246,287,115
2019,2,A,골목상권,2110498,증산역 1번,2769,1510,1259,4,310,596,634,629,596,2,121,345,319,324,399,2,189,251,315,305,197
2019,2,A,골목상권,2110497,가좌역 3번,3791,2298,1493,3,251,413,643,955,1526,2,154,275,416,528,923,1,97,138,227,427,603
2019,2,A,골목상권,2110496,모래내우체국,2325,1137,1188,6,272,510,575,596,366,3,89,255,297,297,196,3,183,255,278,299,170
2019,2,A,골목상권,2110495,북가좌2동주민센터,3731,2065,1666,6,432,929,897,855,612,4,161,534,524,455,387,2,271,395,373,400,225
2019,2,A,골목상권,2110494,증산3교남측,3190,2503,687,0,112,280,289,478,2031,0,48,167,133,293,1862,0,64,113,156,185,169
2019,2,A,골목상권,2110493,북가좌초등학교,3241,2692,549,0,73,213,248,491,2216,0,28,136,133,344,2051,0,45,77,115,147,165
2019,2,A,골목상권,2110492,하나고등학교,461,88,373,1,16,52,100,160,132,0,3,16,22,21,26,1,13,36,78,139,106
2019,2,A,골목상권,2110491,불광중학교,654,288,366,1,60,121,175,186,111,1,24,64,75,68,56,0,36,57,100,118,55
2019,2,A,골목상권,2110490,녹번동근린공원,5290,2738,2552,11,583,1374,1404,1298,620,7,233,617,700,770,411,4,350,757,704,528,209
2019,2,A,골목상권,2110489,불광역 3번,1933,893,1040,3,271,603,501,363,192,3,93,238,257,185,117,0,178,365,244,178,75
2019,2,A,골목상권,2110488,우리은행응암동지점,4033,2231,1802,10,420,948,1050,1053,552,7,189,481,535,647,372,3,231,467,515,406,180
2019,2,A,골목상권,2110487,불광역 8번,1813,755,1058,1,209,552,485,365,201,0,59,191,224,172,109,1,150,361,261,193,92
2019,2,A,골목상권,2110486,은평구청,4303,2379,1924,10,416,991,1155,1132,599,7,178,496,609,690,399,3,238,495,546,442,200
2019,2,A,골목상권,2110485,연신내우체국,2439,1165,1274,1,155,298,394,450,1141,1,63,160,155,178,608,0,92,138,239,272,533
2019,2,A,골목상권,2110484,역촌역 3번,4966,2475,2491,11,522,1159,1298,1280,696,6,210,528,620,679,432,5,312,631,678,601,264
2019,2,A,골목상권,2110483,연천초등학교,2284,1070,1214,1,197,277,297,400,1112,1,74,138,114,149,594,0,123,139,183,251,518
2019,2,A,골목상권,2110482,연신초등학교,1949,971,978,0,108,211,262,336,1032,0,46,122,98,143,562,0,62,89,164,193,470
2019,2,A,골목상권,2110481,불광역 7번,1817,901,916,2,189,375,526,434,291,1,82,189,268,190,171,1,107,186,258,244,120
2019,2,A,골목상권,2110480,연신내역 3번,2104,971,1133,2,255,451,570,510,316,1,102,220,270,213,165,1,153,231,300,297,151
2019,2,A,골목상권,2110479,연신내역 2번,3696,1618,2078,3,407,549,674,742,1321,2,115,252,249,293,707,1,292,297,425,449,614
2019,2,A,골목상권,2110478,응암1동주민센터,4761,2581,2180,13,451,987,1143,1258,909,8,193,446,572,705,657,5,258,541,571,553,252
2019,2,A,골목상권,2110477,은평세무서,5096,2762,2334,14,458,1016,1228,1371,1009,7,201,469,607,763,715,7,257,547,621,608,294
2019,2,A,골목상권,2110476,역촌역 2번,1470,794,676,3,159,338,386,349,235,1,57,158,216,188,174,2,102,180,170,161,61
2019,2,A,골목상권,2110475,백련산해모로아파트,2171,1260,911,4,211,363,472,544,577,2,102,196,259,279,422,2,109,167,213,265,155
2019,2,A,골목상권,2110474,세명컴퓨터고등학교,1981,873,1108,5,281,432,492,474,297,4,91,200,196,197,185,1,190,232,296,277,112
2019,2,A,골목상권,2110473,구산역 1번,4268,1808,2460,8,561,870,1138,1059,632,4,194,391,476,385,358,4,367,479,662,674,274
2019,2,A,골목상권,2110472,연신내역 4번,2409,1025,1384,13,378,490,678,544,306,9,150,227,239,208,192,4,228,263,439,336,114
2019,2,A,골목상권,2110471,응암동우체국,2294,1168,1126,3,265,382,497,646,501,2,136,184,227,305,314,1,129,198,270,341,187
2019,2,A,골목상권,2110470,신진과학기술고등학교,2195,1392,803,3,218,347,506,525,596,2,107,192,288,321,482,1,111,155,218,204,114
2019,2,A,골목상권,2110469,응암정보도서관,3226,1563,1663,2,295,527,778,935,689,0,128,214,311,456,454,2,167,313,467,479,235
2019,2,A,골목상권,2110468,응암역 3번,4797,2556,2241,5,464,810,1233,1263,1022,1,194,411,650,629,671,4,270,399,583,634,351
2019,2,A,골목상권,2110467,은평요양병원,1428,731,697,4,160,299,344,343,278,3,70,148,171,168,171,1,90,151,173,175,107
2019,2,A,골목상권,2110466,구산역 2번,3286,1421,1865,11,547,724,776,783,445,4,172,310,366,326,243,7,375,414,410,457,202
2019,2,A,골목상권,2110465,연신내역 7번,2496,1019,1477,10,368,539,615,580,384,4,95,220,236,244,220,6,273,319,379,336,164
2019,2,A,골목상권,2110464,연신내역 5번,2177,1082,1095,14,281,461,575,500,346,9,121,215,238,253,246,5,160,246,337,247,100
2019,2,A,골목상권,2110463,응암3동주민센터,1314,567,747,2,149,222,301,347,293,1,71,97,116,138,144,1,78,125,185,209,149
2019,2,A,골목상권,2110462,갈현건영아파트,1635,931,704,6,206,330,366,414,313,2,108,181,202,225,213,4,98,149,164,189,100
2019,2,A,골목상권,2110461,새절역 2번,1360,690,670,2,144,186,263,339,426,1,72,87,112,167,251,1,72,99,151,172,175
2019,2,A,골목상권,2110460,구산역 4번,5130,2645,2485,18,534,879,1231,1572,896,9,239,423,532,884,558,9,295,456,699,688,338
2019,2,A,골목상권,2110459,응암역 2번,3203,1616,1587,5,334,654,881,807,522,2,126,344,440,373,331,3,208,310,441,434,191
2019,2,A,골목상권,2110458,선일여고,1777,830,947,5,201,401,420,492,258,1,74,183,183,219,170,4,127,218,237,273,88
2019,2,A,골목상권,2110457,예일여고,4599,2400,2199,13,476,777,1023,1468,842,3,205,375,454,832,531,10,271,402,569,636,311
2019,2,A,골목상권,2110456,구산보건지소,3416,1795,1621,10,635,756,785,711,519,4,296,407,385,362,341,6,339,349,400,349,178
2019,2,A,골목상권,2110455,역촌노인복지관,3679,1896,1783,6,566,783,933,850,541,5,248,414,465,402,362,1,318,369,468,448,179
2019,2,A,골목상권,2110454,선정중학교,3200,1904,1296,7,232,451,769,1112,629,3,93,204,359,768,477,4,139,247,410,344,152
2019,2,A,골목상권,2110453,신사1동주민센터,3146,1765,1381,4,355,715,865,716,491,2,162,388,482,386,345,2,193,327,383,330,146
2019,2,A,골목상권,2110452,새절역 3번,1616,957,659,3,174,268,361,411,399,2,95,136,184,235,305,1,79,132,177,176,94
2019,2,A,골목상권,2110451,증산역 4번,2973,2132,841,2,286,637,748,720,580,2,144,440,540,534,472,0,142,197,208,186,108
2019,2,A,골목상권,2110450,시립서북병원,4658,2247,2411,9,864,1138,1060,977,610,5,332,550,515,467,378,4,532,588,545,510,232
2019,2,A,골목상권,2110449,증산역 3번,3060,2030,1030,0,337,746,819,757,401,0,149,490,564,532,295,0,188,256,255,225,106
2019,2,A,골목상권,2110448,상신초등학교입구,1870,1103,767,2,192,426,485,407,358,2,94,258,280,216,253,0,98,168,205,191,105
2019,2,A,골목상권,2110447,구산초등학교,1893,1258,635,2,98,265,382,757,389,0,39,121,230,611,257,2,59,144,152,146,132
2019,2,A,골목상권,2110446,내를건너서숲으로도서관,1442,917,525,2,219,341,358,304,218,0,116,221,213,186,181,2,103,120,145,118,37
2019,2,A,골목상권,2110445,덕산중학교,1250,652,598,4,228,280,256,253,229,2,77,151,148,121,153,2,151,129,108,132,76
2019,2,A,골목상권,2110444,수색성당,4617,3333,1284,3,359,533,554,842,2326,2,190,306,284,474,2077,1,169,227,270,368,249
2019,2,A,골목상권,2110443,수색역 1번,565,345,220,0,34,83,141,208,99,0,18,50,93,106,78,0,16,33,48,102,21
2019,2,A,골목상권,2110442,화랑대철도공원,2239,1147,1092,8,272,300,427,588,644,8,157,147,182,293,360,0,115,153,245,295,284
2019,2,A,골목상권,2110441,영신여고,1099,494,605,1,91,250,304,335,118,1,37,114,124,142,76,0,54,136,180,193,42
2019,2,A,골목상권,2110440,상계3동4동주민센터,258,106,152,1,45,39,64,66,43,0,14,12,30,28,22,1,31,27,34,38,21
2019,2,A,골목상권,2110439,당고개역 5번,1685,1328,357,1,76,108,335,669,496,1,24,53,255,564,431,0,52,55,80,105,65
2019,2,A,골목상권,2110438,경춘선숲길 우측,3385,1524,1861,1,513,890,926,744,311,0,124,376,410,382,232,1,389,514,516,362,79
2019,2,A,골목상권,2110437,당고개역 2번,2338,1686,652,4,131,203,509,881,610,3,45,93,321,696,528,1,86,110,188,185,82
2019,2,A,골목상권,2110436,상계제일중학교,1917,1060,857,8,207,425,464,447,366,4,74,207,255,251,269,4,133,218,209,196,97
2019,2,A,골목상권,2110435,서울과학기술대,1789,1210,579,1,190,431,434,471,262,0,123,256,281,322,228,1,67,175,153,149,34
2019,2,A,골목상권,2110434,태릉입구역 4번,3416,1549,1867,2,343,555,730,969,817,1,131,306,340,396,375,1,212,249,390,573,442
2019,2,A,골목상권,2110433,공릉역 2번,5010,2892,2118,12,463,711,1039,1396,1389,7,203,399,572,785,926,5,260,312,467,611,463
2019,2,A,골목상권,2110432,대진고등학교,3619,2366,1253,3,367,724,867,1047,611,2,178,406,559,779,442,1,189,318,308,268,169
2019,2,A,골목상권,2110431,상계역,1747,906,841,3,204,322,426,459,333,0,64,150,212,245,235,3,140,172,214,214,98
2019,2,A,골목상권,2110430,중계초등학교,1311,738,573,2,168,284,361,305,191,1,81,161,196,163,136,1,87,123,165,142,55
2019,2,A,골목상권,2110429,공릉동 국수거리,5929,3322,2607,12,565,787,1164,1614,1787,8,256,448,604,882,1124,4,309,339,560,732,663
2019,2,A,골목상권,2110428,상계5동주민센터,2491,1367,1124,10,218,333,497,623,810,4,81,177,243,326,536,6,137,156,254,297,274
2019,2,A,골목상권,2110427,노원 을지대학교병원,3039,2057,982,1,423,617,701,836,461,0,186,358,488,665,360,1,237,259,213,171,101
2019,2,A,골목상권,2110426,상계2동주민센터,2735,1325,1410,5,356,551,731,691,401,3,136,295,333,312,246,2,220,256,398,379,155
2019,2,A,골목상권,2110425,계상초등학교,2633,1291,1342,4,250,380,609,643,747,3,101,223,263,267,434,1,149,157,346,376,313
2019,2,A,골목상권,2110424,상계초등학교,2145,938,1207,4,243,381,566,583,368,3,95,199,231,234,176,1,148,182,335,349,192
2019,2,A,골목상권,2110423,석계역 2번,2015,987,1028,6,274,419,590,451,275,4,106,219,294,219,145,2,168,200,296,232,130
2019,2,A,골목상권,2110422,노원역 9번,1772,772,1000,2,228,354,459,470,259,0,77,175,200,182,138,2,151,179,259,288,121
2019,2,A,골목상권,2110421,석계역 1번,1863,960,903,3,214,323,473,505,345,2,76,143,224,261,254,1,138,180,249,244,91
2019,2,A,골목상권,2110420,광운대역 1번,1768,1009,759,12,337,531,475,253,160,4,160,356,261,136,92,8,177,175,214,117,68
2019,2,A,골목상권,2110419,수락산디자인거리,4934,3234,1700,9,425,959,1178,1298,1065,9,231,638,759,806,791,0,194,321,419,492,274
2019,2,A,골목상권,2110418,광운대학교 남단,2582,1428,1154,20,446,655,626,519,316,8,203,395,311,272,239,12,243,260,315,247,77
2019,2,A,골목상권,2110417,월계역 3번,629,337,292,0,82,103,131,176,137,0,33,66,66,90,82,0,49,37,65,86,55
2019,2,A,골목상권,2110416,노원초등학교,1880,1008,872,8,188,317,415,457,495,6,79,172,212,227,312,2,109,145,203,230,183
2019,2,A,골목상권,2110415,수락산역 4번,4174,2164,2010,12,434,733,944,1030,1021,12,232,445,549,531,395,0,202,288,395,499,626
2019,2,A,골목상권,2110414,장석교회,851,570,281,5,84,120,212,221,209,3,44,62,125,155,181,2,40,58,87,66,28
2019,2,A,골목상권,2110413,누원고등학교,718,466,252,0,46,79,141,196,256,0,21,54,83,118,190,0,25,25,58,78,66
2019,2,A,골목상권,2110412,창동중학교,1650,1270,380,3,102,226,279,567,473,1,62,118,167,466,456,2,40,108,112,101,17
2019,2,A,골목상권,2110411,도봉역 3번,2024,1241,783,1,122,276,399,548,678,1,44,135,207,358,496,0,78,141,192,190,182
2019,2,A,골목상권,2110410,방학역 2번,6091,3710,2381,8,531,1298,1409,1690,1155,8,257,727,782,1084,852,0,274,571,627,606,303
2019,2,A,골목상권,2110409,창동역 2번,5770,3309,2461,7,595,1158,1395,1318,1297,3,235,692,875,667,837,4,360,466,520,651,460
2019,2,A,골목상권,2110408,가인초등학교,5118,3291,1827,4,441,1000,1178,1180,1315,1,197,654,816,715,908,3,244,346,362,465,407
2019,2,A,골목상권,2110407,도봉역 2번,2516,1842,674,2,149,318,458,749,840,2,67,191,273,576,733,0,82,127,185,173,107
2019,2,A,골목상권,2110406,도봉산역 1번,1807,763,1044,0,63,122,199,314,1109,0,24,75,91,104,469,0,39,47,108,210,640
2019,2,A,골목상권,2110405,방학역 1번,2605,1864,741,3,246,452,533,695,676,3,135,316,347,502,561,0,111,136,186,193,115
2019,2,A,골목상권,2110404,신창초등학교,2414,1270,1144,11,271,489,640,651,352,8,103,239,328,366,226,3,168,250,312,285,126
2019,2,A,골목상권,2110403,방학1동주민센터,2808,1764,1044,5,323,596,660,744,480,2,176,398,419,474,295,3,147,198,241,270,185
2019,2,A,골목상권,2110402,도봉구 정병원,2449,1303,1146,2,291,457,582,654,463,1,104,251,303,333,311,1,187,206,279,321,152
2019,2,A,골목상권,2110401,도봉구민회관,5045,3023,2022,2,444,969,1193,1193,1244,0,198,605,774,627,819,2,246,364,419,566,425
2019,2,A,골목상권,2110400,도봉구보건소,2230,1146,1084,3,285,387,537,586,432,1,89,181,256,312,307,2,196,206,281,274,125
2019,2,A,골목상권,2110399,창2동주민센터,2172,1241,931,10,277,518,572,525,270,10,149,317,317,264,184,0,128,201,255,261,86
2019,2,A,골목상권,2110398,쌍문2동우체국,2337,1220,1117,3,233,385,569,714,433,2,75,164,261,414,304,1,158,221,308,300,129
2019,2,A,골목상권,2110397,도봉산입구,2516,1272,1244,0,84,186,298,545,1403,0,28,98,146,285,715,0,56,88,152,260,688
2019,2,A,골목상권,2110396,쌍문역1번(쌍리단길),1388,702,686,4,148,232,335,417,252,4,49,115,167,218,149,0,99,117,168,199,103
2019,2,A,골목상권,2110395,신한은행 방학동지점,1237,645,592,3,138,291,327,266,212,1,56,156,171,133,128,2,82,135,156,133,84
2019,2,A,골목상권,2110394,방학중학교,1432,667,765,0,125,289,390,341,287,0,44,133,181,152,157,0,81,156,209,189,130
2019,2,A,골목상권,2110393,국민은행방학지점,983,449,534,3,106,263,254,235,122,1,30,124,123,92,79,2,76,139,131,143,43
2019,2,A,골목상권,2110392,발바닥공원,770,494,276,3,89,224,232,140,82,1,32,136,168,91,66,2,57,88,64,49,16
2019,2,A,골목상권,2110391,샘말어린이공원,1122,609,513,0,81,218,247,280,296,0,32,110,131,145,191,0,49,108,116,135,105
2019,2,A,골목상권,2110390,방학초등학교,2127,956,1171,3,368,490,510,477,279,1,72,245,272,187,179,2,296,245,238,290,100
2019,2,A,골목상권,2110389,한일병원,2743,1508,1235,1,459,633,680,650,320,0,132,321,391,412,252,1,327,312,289,238,68
2019,2,A,골목상권,2110388,도봉우체국,2012,885,1127,6,408,441,479,482,196,5,90,197,209,248,136,1,318,244,270,234,60
2019,2,A,골목상권,2110387,쌍문초등학교,1928,986,942,3,278,388,480,473,306,3,65,161,229,262,266,0,213,227,251,211,40
2019,2,A,골목상권,2110386,연산군묘,1000,618,382,0,112,176,202,287,223,0,55,104,121,153,185,0,57,72,81,134,38
2019,2,A,골목상권,2110385,효문고등학교,1003,347,656,0,209,212,248,223,111,0,35,62,94,83,73,0,174,150,154,140,38
2019,2,A,골목상권,2110384,문이교,665,321,344,3,72,97,155,190,148,1,21,41,59,96,103,2,51,56,96,94,45
2019,2,A,골목상권,2110383,덕성여대시반거리,728,208,520,0,165,143,176,166,78,0,14,37,53,58,46,0,151,106,123,108,32
2019,2,A,골목상권,2110382,솔밭공원역 1번,1200,478,722,3,224,231,255,295,192,1,32,71,98,136,140,2,192,160,157,159,52
2019,2,A,골목상권,2110381,번동주공2단지,1229,645,584,6,131,252,307,331,202,5,47,103,151,192,147,1,84,149,156,139,55
2019,2,A,골목상권,2110380,강북문화정보도서관,857,403,454,8,106,149,205,237,152,5,23,81,102,117,75,3,83,68,103,120,77
2019,2,A,골목상권,2110379,KT&G 북부지사,966,383,583,2,69,115,273,361,146,0,31,47,91,152,62,2,38,68,182,209,84
2019,2,A,골목상권,2110378,송중동주민센터,1202,555,647,1,101,206,338,303,253,1,33,100,144,130,147,0,68,106,194,173,106
2019,2,A,골목상권,2110377,미아사거리역 3번,1258,578,680,1,191,289,332,275,170,1,69,136,144,117,111,0,122,153,188,158,59
2019,2,A,골목상권,2110376,수송초등학교,5208,2792,2416,5,484,1257,1287,1405,770,2,180,652,681,836,441,3,304,605,606,569,329
2019,2,A,골목상권,2110375,서울북부고용노동지청,1455,615,840,0,116,178,416,474,271,0,43,80,154,201,137,0,73,98,262,273,134
2019,2,A,골목상권,2110374,송중초등학교,2147,1008,1139,4,195,400,527,561,460,4,56,169,228,249,302,0,139,231,299,312,158
2019,2,A,골목상권,2110373,수유역 2번,5058,2638,2420,4,516,1161,1176,1353,848,2,188,563,569,830,486,2,328,598,607,523,362
2019,2,A,골목상권,2110372,강북중학교,1702,978,724,0,184,396,454,409,259,0,80,228,267,219,184,0,104,168,187,190,75
2019,2,A,골목상권,2110371,삼양입구사거리,1354,738,616,3,112,255,352,358,274,3,46,132,167,196,194,0,66,123,185,162,80
2019,2,A,골목상권,2110370,도봉세무서,1591,826,765,5,127,280,404,399,376,5,34,127,189,199,272,0,93,153,215,200,104
2019,2,A,골목상권,2110369,성신여대운정그린캠퍼스,4005,2361,1644,6,423,852,889,1023,812,3,182,501,524,643,508,3,241,351,365,380,304
2019,2,A,골목상권,2110368,송천초등학교,1548,901,647,1,152,317,386,394,298,1,57,160,198,241,244,0,95,157,188,153,54
2019,2,A,골목상권,2110367,강북구청,4955,2663,2292,4,506,1101,1063,1276,1005,2,189,564,557,843,508,2,317,537,506,433,497
2019,2,A,골목상권,2110366,광산사거리,3366,1650,1716,2,318,713,767,867,699,1,119,307,374,519,330,1,199,406,393,348,369
2019,2,A,골목상권,2110365,미아역 5번,1559,714,845,1,132,231,300,399,496,1,37,90,127,206,253,0,95,141,173,193,243
2019,2,A,골목상권,2110364,미아역 8번,1789,1003,786,2,196,365,487,453,286,2,74,184,267,269,207,0,122,181,220,184,79
2019,2,A,골목상권,2110363,송천동주민센터,901,535,366,2,77,160,239,228,195,1,29,84,127,140,154,1,48,76,112,88,41
2019,2,A,골목상권,2110362,우이천 계성교,2446,1445,1001,1,299,342,596,782,426,0,72,155,346,546,326,1,227,187,250,236,100
2019,2,A,골목상권,2110361,삼양사거리역 1번,1159,565,594,2,88,146,212,274,437,1,30,68,99,156,211,1,58,78,113,118,226
2019,2,A,골목상권,2110360,수유초등학교,2565,1257,1308,5,286,407,537,713,617,2,88,173,233,343,418,3,198,234,304,370,199
2019,2,A,골목상권,2110359,수유시장옆,4934,2401,2533,3,461,941,1058,1279,1192,2,147,381,481,734,656,1,314,560,577,545,536
2019,2,A,골목상권,2110358,인수동 우편취급국,2709,1380,1329,3,260,464,568,699,715,1,82,206,259,361,471,2,178,258,309,338,244
2019,2,A,골목상권,2110357,가오리역 1번,2693,1740,953,0,132,180,437,701,1243,0,42,72,267,505,854,0,90,108,170,196,389
2019,2,A,골목상권,2110356,덕수교,2264,1201,1063,0,211,251,411,386,1005,0,40,93,182,190,696,0,171,158,229,196,309
2019,2,A,골목상권,2110355,삼양사거리역 2번,1003,504,499,1,106,174,250,243,229,0,23,61,116,143,161,1,83,113,134,100,68
2019,2,A,골목상권,2110354,삼각산119안전센터,396,146,250,1,49,98,128,76,44,0,10,30,54,27,25,1,39,68,74,49,19
2019,2,A,골목상권,2110353,수유동우체국,2682,1648,1034,0,208,208,470,663,1133,0,34,82,278,472,782,0,174,126,192,191,351
2019,2,A,골목상권,2110352,수유1동주민센터,2232,1270,962,1,195,382,658,686,310,1,61,179,397,417,215,0,134,203,261,269,95
2019,2,A,골목상권,2110351,수유북부시장옆,1741,1203,538,0,86,226,432,674,323,0,26,133,318,458,268,0,60,93,114,216,55
2019,2,A,골목상권,2110350,가오리역 2번,2262,1094,1168,0,212,411,533,609,497,0,58,169,252,279,336,0,154,242,281,330,161
2019,2,A,골목상권,2110349,화계역 2번,1678,1139,539,1,106,232,452,606,281,1,31,119,317,437,234,0,75,113,135,169,47
2019,2,A,골목상권,2110348,강북문화예술회관,3636,2119,1517,0,218,442,703,931,1342,0,63,178,394,580,904,0,155,264,309,351,438
2019,2,A,골목상권,2110347,구세군강북종합사회복지관,564,239,325,0,66,117,182,115,84,0,18,40,86,49,46,0,48,77,96,66,38
2019,2,A,골목상권,2110346,4.19민주묘지역 2번,997,425,572,0,190,197,267,219,124,0,25,86,128,106,80,0,165,111,139,113,44
2019,2,A,골목상권,2110345,솔밭공원역 2번,1850,976,874,3,250,269,361,585,382,1,39,85,150,395,306,2,211,184,211,190,76
2019,2,A,골목상권,2110344,화계중학교,1205,862,343,0,66,181,356,471,131,0,20,100,278,348,116,0,46,81,78,123,15
2019,2,A,골목상권,2110343,무너미어린이공원,2665,1506,1159,0,147,306,443,481,1288,0,50,188,254,229,785,0,97,118,189,252,503
2019,2,A,골목상권,2110342,국립재활원,2387,1437,950,0,183,464,622,671,447,0,55,231,412,434,305,0,128,233,210,237,142
2019,2,A,골목상권,2110341,북한산우이역 2번,880,541,339,1,42,70,128,312,327,0,14,33,65,256,173,1,28,37,63,56,154
2019,2,A,골목상권,2110340,인수중학교,1358,807,551,3,164,278,261,325,327,3,89,191,160,189,175,0,75,87,101,136,152
2019,2,A,골목상권,2110339,국립4.19민주묘지,1263,756,507,3,141,205,261,323,330,3,76,142,156,195,184,0,65,63,105,128,146
2019,2,A,골목상권,2110338,인수초등학교,2016,1121,895,3,264,517,479,466,287,3,119,274,257,250,218,0,145,243,222,216,69
2019,2,A,골목상권,2110337,아카데미하우스,1573,959,614,3,175,323,329,385,358,3,93,217,209,232,205,0,82,106,120,153,153
2019,2,A,골목상권,2110336,석관고등학교,2183,1586,597,2,134,246,332,397,1072,0,67,142,223,293,861,2,67,104,109,104,211
2019,2,A,골목상권,2110335,석계역 7번,3297,2136,1161,3,271,395,612,691,1325,0,97,180,350,452,1057,3,174,215,262,239,268
2019,2,A,골목상권,2110334,석관중앙교회,1921,1269,652,4,193,451,513,508,252,1,99,279,315,370,205,3,94,172,198,138,47
2019,2,A,골목상권,2110333,돌곶이역 5번,3131,2170,961,3,276,444,519,563,1326,0,120,265,317,373,1095,3,156,179,202,190,231
2019,2,A,골목상권,2110332,돌곶이역 3번,2698,1809,889,8,226,291,408,477,1288,4,84,147,224,287,1063,4,142,144,184,190,225
2019,2,A,골목상권,2110331,돌곶이역 8번,1426,861,565,3,186,328,363,276,270,0,66,200,221,166,208,3,120,128,142,110,62
2019,2,A,골목상권,2110330,돌곶이역 1번,1348,720,628,0,151,255,356,292,294,0,53,117,175,151,224,0,98,138,181,141,70
2019,2,A,골목상권,2110329,우리은행체육관,1527,1007,520,10,119,235,320,449,394,6,47,123,183,316,332,4,72,112,137,133,62
2019,2,A,골목상권,2110328,상월곡역 3번,1294,759,535,4,166,315,358,273,178,3,75,176,212,161,132,1,91,139,146,112,46
2019,2,A,골목상권,2110327,상월곡역 2번,2011,1160,851,4,346,477,551,396,237,3,171,282,312,223,169,1,175,195,239,173,68
2019,2,A,골목상권,2110326,장위동성당,2367,1520,847,5,311,499,566,546,440,5,143,289,336,384,363,0,168,210,230,162,77
2019,2,A,골목상권,2110325,장곡초등학교,1971,1249,722,13,216,396,436,492,418,10,98,230,259,337,315,3,118,166,177,155,103
2019,2,A,골목상권,2110324,월곡역 4번,3410,2095,1315,4,528,1063,813,620,382,3,261,693,488,364,286,1,267,370,325,256,96
2019,2,A,골목상권,2110323,상월곡역 1번,3952,2407,1545,5,643,1139,979,785,401,3,318,751,584,453,298,2,325,388,395,332,103
2019,2,A,골목상권,2110322,장위1동주민센터,1314,793,521,15,213,251,270,282,283,11,105,160,163,164,190,4,108,91,107,118,93
2019,2,A,골목상권,2110321,동덕여대,1977,1137,840,2,254,346,485,445,445,1,116,204,249,209,358,1,138,142,236,236,87
2019,2,A,골목상권,2110320,KB국민은행 종암동지점,1428,831,597,1,158,283,438,367,181,1,62,138,244,264,122,0,96,145,194,103,59
2019,2,A,골목상권,2110319,종암동주민센터,3023,1672,1351,9,399,682,745,807,381,3,170,402,401,498,198,6,229,280,344,309,183
2019,2,A,골목상권,2110318,KT월곡지사,4598,2955,1643,12,533,883,984,1048,1138,4,249,530,579,709,884,8,284,353,405,339,254
2019,2,A,골목상권,2110317,종암중학교,1017,537,480,0,111,245,323,226,112,0,50,116,162,143,66,0,61,129,161,83,46
2019,2,A,골목상권,2110316,숭곡초등학교,4001,2359,1642,14,504,680,876,780,1147,11,229,367,444,437,871,3,275,313,432,343,276
2019,2,A,골목상권,2110315,종암아이파크2차,3810,2123,1687,3,425,1002,1085,1002,293,1,162,453,612,710,185,2,263,549,473,292,108
2019,2,A,골목상권,2110314,종암경찰서,6157,3948,2209,11,637,1494,1527,1518,970,3,321,858,965,1109,692,8,316,636,562,409,278
2019,2,A,골목상권,2110313,안암역 3번,5735,3529,2206,10,717,1362,1643,1344,659,3,303,785,1063,889,486,7,414,577,580,455,173
2019,2,A,골목상권,2110312,안암역 2번,2736,1433,1303,2,360,692,884,586,212,0,118,302,507,351,155,2,242,390,377,235,57
2019,2,A,골목상권,2110311,종암아이파크2차후문,2561,1501,1060,2,255,758,712,703,131,1,105,348,427,522,98,1,150,410,285,181,33
2019,2,A,골목상권,2110310,길음역 10번,2374,959,1415,10,691,701,479,342,151,2,132,315,250,174,86,8,559,386,229,168,65
2019,2,A,골목상권,2110309,대광초등학교,3671,2369,1302,11,466,812,922,868,592,4,204,520,619,590,432,7,262,292,303,278,160
2019,2,A,골목상권,2110308,길음역 8번,3399,1521,1878,13,831,919,759,531,346,3,161,422,388,283,264,10,670,497,371,248,82
2019,2,A,골목상권,2110307,길음역 7번,3054,1100,1954,9,777,711,611,509,437,1,122,259,228,218,272,8,655,452,383,291,165
2019,2,A,골목상권,2110306,미아초등학교,1678,828,850,4,223,356,482,334,279,2,52,152,221,176,225,2,171,204,261,158,54
2019,2,A,골목상권,2110305,보문역 5번,7288,5248,2040,7,843,2164,1615,1673,986,4,429,1680,1217,1243,675,3,414,484,398,430,311
2019,2,A,골목상권,2110304,보문역 4번,4289,2503,1786,7,494,803,1066,1126,793,2,178,463,685,691,484,5,316,340,381,435,309
2019,2,A,골목상권,2110303,성신여대입구역 1번,3904,1749,2155,12,708,812,962,896,514,7,184,321,466,461,310,5,524,491,496,435,204
2019,2,A,골목상권,2110302,보문역 8번,6221,4774,1447,4,641,1945,1410,1461,760,3,336,1596,1131,1183,525,1,305,349,279,278,235
2019,2,A,골목상권,2110301,성신여대입구역 7번,2628,1281,1347,15,542,512,552,561,446,10,162,232,279,299,299,5,380,280,273,262,147
2019,2,A,골목상권,2110300,삼선동주민센터,6926,3304,3622,16,899,1502,2094,1627,788,7,271,643,972,954,457,9,628,859,1122,673,331
2019,2,A,골목상권,2110299,정릉역 1번,4539,2363,2176,4,490,675,755,832,1783,1,167,325,350,412,1108,3,323,350,405,420,675
2019,2,A,골목상권,2110298,솔숲어린이공원,1920,826,1094,3,285,326,429,458,419,1,74,125,163,200,263,2,211,201,266,258,156
2019,2,A,골목상권,2110297,경동고등학교,7790,4105,3685,14,918,1793,2415,1862,788,6,353,964,1236,1114,432,8,565,829,1179,748,356
2019,2,A,골목상권,2110296,성신여대입구역 4번,11639,5713,5926,307,1976,2584,3119,2079,1574,113,660,1217,1625,1321,777,194,1316,1367,1494,758,797
2019,2,A,골목상권,2110295,정릉우체국,4739,2566,2173,4,542,643,761,869,1920,1,185,314,350,490,1226,3,357,329,411,379,694
2019,2,A,골목상권,2110294,서경대학교,2545,1352,1193,2,368,446,599,603,527,1,111,190,281,365,404,1,257,256,318,238,123
2019,2,A,골목상권,2110293,삼선중학교,14660,6844,7816,311,2303,3354,4279,2681,1732,115,792,1565,2019,1544,809,196,1511,1789,2260,1137,923
2019,2,A,골목상권,2110292,정릉역 2번,3532,1868,1664,1,368,467,516,562,1618,0,138,230,223,284,993,1,230,237,293,278,625
2019,2,A,골목상권,2110291,한성대입구역 3번,3995,2379,1616,3,475,942,1091,990,494,2,196,584,690,629,278,1,279,358,401,361,216
2019,2,A,골목상권,2110290,북한산보국문역 1번,1057,655,402,0,101,138,234,317,267,0,34,72,143,215,191,0,67,66,91,102,76
2019,2,A,골목상권,2110289,북한산보국문역 2번,2157,1167,990,1,313,443,535,523,342,0,98,210,268,324,267,1,215,233,267,199,75
2019,2,A,골목상권,2110288,동구여중,3128,1675,1453,22,559,759,881,649,258,11,265,426,457,335,181,11,294,333,424,314,77
2019,2,A,골목상권,2110287,정릉3동주민센터,1714,1328,386,0,185,493,481,394,161,0,105,402,376,317,128,0,80,91,105,77,33
2019,2,A,골목상권,2110286,한성대입구역 5번,4584,2405,2179,20,754,1175,1056,980,599,9,313,632,591,528,332,11,441,543,465,452,267
2019,2,A,골목상권,2110285,홍대부중,4866,2728,2138,12,909,1399,1317,891,338,9,383,738,784,576,238,3,526,661,533,315,100
2019,2,A,골목상권,2110284,정릉북한산국립공원입구,1002,695,307,1,57,162,281,325,176,0,14,94,198,244,145,1,43,68,83,81,31
2019,2,A,골목상권,2110283,성북초등학교앞,4261,2444,1817,16,768,1346,1117,708,306,11,315,746,720,446,206,5,453,600,397,262,100
2019,2,A,골목상권,2110282,국민대학교앞,1884,1374,510,5,340,580,437,323,199,4,195,429,353,264,129,1,145,151,84,59,70
2019,2,A,골목상권,2110281,길상사,16544,13741,2803,22,1571,3742,4907,5719,583,3,947,2812,4221,5333,425,19,624,930,686,386,158
2019,2,A,골목상권,2110280,북정마을,15076,12891,2185,16,1262,3353,4499,5532,414,2,840,2611,3982,5159,297,14,422,742,517,373,117
2019,2,A,골목상권,2110279,신내역 2번,2090,783,1307,2,522,642,418,382,124,1,103,243,198,157,81,1,419,399,220,225,43
2019,2,A,골목상권,2110278,망우본동주민센터,3191,1699,1492,7,318,541,707,919,699,0,97,213,311,522,556,7,221,328,396,397,143
2019,2,A,골목상권,2110277,러스크서울병원,2430,1414,1016,9,244,347,475,718,637,1,84,136,236,450,507,8,160,211,239,268,130
2019,2,A,골목상권,2110276,신내IC북측,654,403,251,0,43,121,154,269,67,0,22,95,114,131,41,0,21,26,40,138,26
2019,2,A,골목상권,2110275,하나은행 망우동지점,1814,1065,749,8,192,251,336,538,489,0,52,91,166,349,407,8,140,160,170,189,82
2019,2,A,골목상권,2110274,서일대학교,1972,1183,789,0,168,309,507,546,442,0,57,151,301,366,308,0,111,158,206,180,134
2019,2,A,골목상권,2110273,장스여성병원,1806,1058,748,7,158,266,357,528,490,0,32,103,168,341,414,7,126,163,189,187,76
2019,2,A,골목상권,2110272,신내1동주민센터,5705,3405,2300,2,659,1232,1266,1459,1087,1,332,636,646,928,862,1,327,596,620,531,225
2019,2,A,골목상권,2110271,신내역 1번,2768,1156,1612,5,588,774,581,647,173,1,133,339,309,274,100,4,455,435,272,373,73
2019,2,A,골목상권,2110270,혜원여고,1331,758,573,0,115,207,334,351,324,0,44,108,176,212,218,0,71,99,158,139,106
2019,2,A,골목상권,2110269,용마문화복지센터,1325,862,463,1,109,208,286,405,316,0,43,108,171,300,240,1,66,100,115,105,76
2019,2,A,골목상권,2110268,망우3동주민센터,1676,1047,629,1,130,242,390,457,456,0,64,128,214,286,355,1,66,114,176,171,101
2019,2,A,골목상권,2110267,망우역 2번,3545,2184,1361,9,464,668,765,828,811,7,278,415,420,462,602,2,186,253,345,366,209
2019,2,A,골목상권,2110266,면목동우체국,3793,2261,1532,0,284,476,636,962,1435,0,93,219,345,632,972,0,191,257,291,330,463
2019,2,A,골목상권,2110265,망우역 1번,3194,1764,1430,8,398,509,736,852,691,1,132,211,339,526,555,7,266,298,397,326,136
2019,2,A,골목상권,2110264,면목역 2번,2458,1309,1149,1,233,480,571,697,476,0,78,228,294,408,301,1,155,252,277,289,175
2019,2,A,골목상권,2110263,면목역 1번,3281,1951,1330,2,390,727,901,740,521,0,182,469,501,394,405,2,208,258,400,346,116
2019,2,A,골목상권,2110262,상봉역 3번,3587,2168,1419,1,464,818,996,762,546,0,217,524,564,419,444,1,247,294,432,343,102
2019,2,A,골목상권,2110261,사가정역 4번,3739,2422,1317,0,250,374,646,1059,1410,0,100,197,387,767,971,0,150,177,259,292,439
2019,2,A,골목상권,2110260,면목역 3번,2791,1633,1158,1,339,642,781,633,395,0,152,429,424,334,294,1,187,213,357,299,101
2019,2,A,골목상권,2110259,사가정역 1번,3689,2137,1552,1,279,586,777,793,1253,1,117,310,412,490,807,0,162,276,365,303,446
2019,2,A,골목상권,2110258,면동초등학교,2292,1391,901,1,238,472,597,558,426,1,120,297,333,334,306,0,118,175,264,224,120
2019,2,A,골목상권,2110257,상봉역 7번,2583,1614,969,7,283,452,571,683,587,7,131,238,298,448,492,0,152,214,273,235,95
2019,2,A,골목상권,2110256,면목2동체육관,3769,2359,1410,3,434,805,1014,906,607,2,212,532,597,542,474,1,222,273,417,364,133
2019,2,A,골목상권,2110255,상봉역 4번,4787,2936,1851,4,555,1030,1257,1118,823,1,256,631,713,686,649,3,299,399,544,432,174
2019,2,A,골목상권,2110254,오거리공원,2202,1411,791,0,170,357,626,721,328,0,81,186,395,518,231,0,89,171,231,203,97
2019,2,A,골목상권,2110253,중곡초등학교,1732,1179,553,1,125,266,452,591,297,0,54,150,296,452,227,1,71,116,156,139,70
2019,2,A,골목상권,2110252,장안제일시장,2148,1414,734,1,229,380,508,552,478,1,128,250,269,365,401,0,101,130,239,187,77
2019,2,A,골목상권,2110251,장안중학교,2030,1239,791,0,190,336,446,558,500,0,85,168,220,344,422,0,105,168,226,214,78
2019,2,A,골목상권,2110250,화랑대역 7번,1739,825,914,4,151,361,457,467,299,0,53,167,201,218,186,4,98,194,256,249,113
2019,2,A,골목상권,2110249,중화역 1번,2837,1776,1061,1,350,655,733,698,400,0,190,388,437,451,310,1,160,267,296,247,90
2019,2,A,골목상권,2110248,먹골파출소,1468,712,756,3,175,312,391,373,214,0,67,153,188,163,141,3,108,159,203,210,73
2019,2,A,골목상권,2110247,먹골역 1번,3173,2007,1166,3,461,773,756,803,377,2,233,516,461,514,281,1,228,257,295,289,96
2019,2,A,골목상권,2110246,월드순복음교회,2077,1275,802,4,187,359,440,563,524,2,73,165,258,375,402,2,114,194,182,188,122
2019,2,A,골목상권,2110245,KB국민은행 중화동지점,2020,1222,798,2,174,350,455,542,497,0,78,187,242,334,381,2,96,163,213,208,116
2019,2,A,골목상권,2110244,중화역 4번,2381,1510,871,0,314,550,592,605,320,0,172,349,357,391,241,0,142,201,235,214,79
2019,2,A,골목상권,2110243,중랑노인종합복지관,1900,1221,679,2,179,311,441,531,436,2,84,171,256,354,354,0,95,140,185,177,82
2019,2,A,골목상권,2110242,면목5동주민센터,1372,979,393,1,139,216,300,363,353,1,79,153,177,263,306,0,60,63,123,100,47
2019,2,A,골목상권,2110241,먹골역 5번,2737,1712,1025,0,355,653,672,736,321,0,178,413,408,481,232,0,177,240,264,255,89
2019,2,A,골목상권,2110240,태릉시장 특화거리,1004,449,555,5,154,190,213,229,213,3,74,87,82,89,114,2,80,103,131,140,99
2019,2,A,골목상권,2110239,중랑역 2번,628,283,345,2,79,127,123,132,165,0,27,55,44,63,94,2,52,72,79,69,71
2019,2,A,골목상권,2110238,배꽃어린이공원,1506,1140,366,0,207,360,358,377,204,0,137,272,259,310,162,0,70,88,99,67,42
2019,2,A,골목상권,2110237,메가박스 상봉,3690,2459,1231,5,362,816,1070,1021,416,3,184,492,745,774,261,2,178,324,325,247,155
2019,2,A,골목상권,2110236,신묵초등학교,2676,1745,931,0,347,637,644,715,333,0,178,428,412,490,237,0,169,209,232,225,96
2019,2,A,골목상권,2110235,세화어린이공원,403,185,218,3,85,59,113,93,50,3,49,29,43,37,24,0,36,30,70,56,26
2019,2,A,골목상권,2110234,중랑역 4번,3218,2284,934,4,298,744,986,868,318,2,162,483,734,698,205,2,136,261,252,170,113
2019,2,A,골목상권,2110233,중랑역 1번,3031,2125,906,6,342,675,893,805,310,4,185,439,656,650,191,2,157,236,237,155,119
2019,2,A,골목상권,2110232,동대부고,3281,1597,1684,3,417,681,825,845,510,1,141,332,348,419,356,2,276,349,477,426,154
2019,2,A,골목상권,2110231,장안교,2039,1260,779,4,127,353,491,625,439,2,57,179,272,387,363,2,70,174,219,238,76
2019,2,A,골목상권,2110230,장안현대홈타운1차아파트,6008,3189,2819,19,993,1497,1545,1324,630,13,502,817,786,678,393,6,491,680,759,646,237
2019,2,A,골목상권,2110229,장평중학교,5921,3621,2300,5,650,1111,1321,1457,1377,2,287,645,801,853,1033,3,363,466,520,604,344
2019,2,A,골목상권,2110228,장안근린공원,7206,3797,3409,22,2075,1493,1421,1369,826,14,1023,828,671,680,581,8,1052,665,750,689,245
2019,2,A,골목상권,2110227,답십리공원,4885,2664,2221,19,1689,905,826,872,574,13,922,573,439,382,335,6,767,332,387,490,239
2019,2,A,골목상권,2110226,장안1동주민센터,8047,4310,3737,26,1020,1614,1813,1912,1662,19,437,854,984,1026,990,7,583,760,829,886,672
2019,2,A,골목상권,2110225,촬영소사거리,3004,1647,1357,12,273,424,584,742,969,8,134,236,355,399,515,4,139,188,229,343,454
2019,2,A,골목상권,2110224,외대앞역 2번,1464,831,633,4,138,268,421,381,252,2,58,156,254,241,120,2,80,112,167,140,132
2019,2,A,골목상권,2110223,군자초등학교,7093,4482,2611,34,1472,1767,1397,1217,1206,1,670,1156,954,763,938,33,802,611,443,454,268
2019,2,A,골목상권,2110222,회기역 2번,2429,1204,1225,3,388,500,622,639,277,0,97,254,352,354,147,3,291,246,270,285,130
2019,2,A,골목상권,2110221,의릉,1083,674,409,4,115,311,297,238,118,1,44,206,177,153,93,3,71,105,120,85,25
2019,2,A,골목상권,2110220,외대앞역 1번,3730,1557,2173,2,648,929,958,710,483,1,120,339,435,392,270,1,528,590,523,318,213
2019,2,A,골목상권,2110219,삼육보건대학교,4711,2478,2233,4,604,961,1161,1179,802,1,181,427,652,688,529,3,423,534,509,491,273
2019,2,A,골목상권,2110218,답십리사거리,1524,924,600,7,152,292,371,392,310,1,62,158,207,242,254,6,90,134,164,150,56
2019,2,A,골목상권,2110217,자동차부품상가,6317,3853,2464,13,1141,1354,1441,1326,1042,4,513,833,904,822,777,9,628,521,537,504,265
2019,2,A,골목상권,2110216,전농중학교,2473,1292,1181,2,272,619,676,616,288,1,114,290,351,338,198,1,158,329,325,278,90
2019,2,A,골목상권,2110215,회기역 1번,2506,889,1617,2,595,777,561,365,206,0,112,271,211,158,137,2,483,506,350,207,69
2019,2,A,골목상권,2110214,경희대후문,3146,1370,1776,2,644,902,815,532,251,2,133,330,392,318,195,0,511,572,423,214,56
2019,2,A,골목상권,2110213,청량초등학교,2127,678,1449,1,546,717,485,269,109,0,88,237,177,101,75,1,458,480,308,168,34
2019,2,A,골목상권,2110212,답십리초등학교,6350,3015,3335,16,841,1271,1820,1763,639,4,531,838,728,508,406,12,310,433,1092,1255,233
2019,2,A,골목상권,2110211,전곡마을마당공원,3269,1793,1476,3,386,686,864,896,434,2,157,315,519,531,269,1,229,371,345,365,165
2019,2,A,골목상권,2110210,서울시립대,3499,1690,1809,5,481,667,758,841,747,2,147,251,393,425,472,3,334,416,365,416,275
2019,2,A,골목상권,2110209,답십리 장령당공원,4568,2108,2460,3,629,981,1268,1251,436,0,455,702,468,218,265,3,174,279,800,1033,171
2019,2,A,골목상권,2110208,시조사삼거리,1920,851,1069,2,264,383,432,454,385,0,53,149,220,236,193,2,211,234,212,218,192
2019,2,A,골목상권,2110207,시립대앞사거리,3000,1513,1487,3,429,626,716,762,464,1,144,265,393,423,287,2,285,361,323,339,177
2019,2,A,골목상권,2110206,텃골근린공원,1541,896,645,2,176,300,427,409,227,2,95,168,274,248,109,0,81,132,153,161,118
2019,2,A,골목상권,2110205,경희대삼거리,3464,1758,1706,5,554,1020,755,647,483,2,182,522,425,373,254,3,372,498,330,274,229
2019,2,A,골목상권,2110204,간데메공원,1883,1261,622,8,300,450,463,401,261,4,188,285,311,278,195,4,112,165,152,123,66
2019,2,A,골목상권,2110203,떡전교사거리,2991,1637,1354,1,424,686,639,689,552,0,184,423,374,374,282,1,240,263,265,315,270
2019,2,A,골목상권,2110202,전농1동주민센터(전농시장),618,347,271,1,78,107,155,157,120,1,40,61,97,88,60,0,38,46,58,69,60
2019,2,A,골목상권,2110201,전농119안전센터,846,532,314,1,104,158,248,194,141,1,60,99,170,123,79,0,44,59,78,71,62
2019,2,A,골목상권,2110200,동대문경찰서,2032,1293,739,0,238,484,458,531,321,0,138,345,309,317,184,0,100,139,149,214,137
2019,2,A,골목상권,2110199,홍릉시장,2161,1381,780,0,230,506,502,583,340,0,132,354,343,350,202,0,98,152,159,233,138
2019,2,A,골목상권,2110198,동대문중앙새마을금고본점,658,359,299,0,65,92,139,208,154,0,29,43,84,104,99,0,36,49,55,104,55
2019,2,A,골목상권,2110197,세종대왕기념관교차로,2565,1622,943,2,377,756,641,582,207,1,140,417,437,448,179,1,237,339,204,134,28
2019,2,A,골목상권,2110196,홍릉근린공원,1129,677,452,0,91,218,342,289,189,0,34,111,213,190,129,0,57,107,129,99,60
2019,2,A,골목상권,2110195,동대문구청,3718,2025,1693,4,385,859,995,1020,455,3,152,394,510,671,295,1,233,465,485,349,160
2019,2,A,골목상권,2110194,홍파초등학교,2003,1195,808,1,154,347,564,581,356,0,89,193,348,327,238,1,65,154,216,254,118
2019,2,A,골목상권,2110193,고려대역 4번,1421,920,501,0,98,253,444,415,211,0,51,147,275,294,153,0,47,106,169,121,58
2019,2,A,골목상권,2110192,동의보감타워,5183,3348,1835,12,737,1417,1357,1205,455,6,449,913,854,849,277,6,288,504,503,356,178
2019,2,A,골목상권,2110191,고려대역 6번,1332,780,552,1,103,244,403,347,234,0,54,138,233,205,150,1,49,106,170,142,84
2019,2,A,골목상권,2110190,고대앞사거리,3378,1778,1600,4,472,909,983,658,352,1,185,455,547,369,221,3,287,454,436,289,131
2019,2,A,골목상권,2110189,제기동역 1번,8403,5053,3350,17,1934,2475,1798,1266,913,5,753,1586,1200,837,672,12,1181,889,598,429,241
2019,2,A,골목상권,2110188,용두동신동아아파트,5931,4028,1903,16,880,1581,1426,1181,847,7,552,1067,1016,823,563,9,328,514,410,358,284
2019,2,A,골목상권,2110187,제기동역 6번,8775,5242,3533,20,2008,2549,1883,1366,949,8,783,1586,1237,934,694,12,1225,963,646,432,255
2019,2,A,골목상권,2110186,종암초등학교,3918,2537,1381,7,491,1090,1142,818,370,2,209,681,782,568,295,5,282,409,360,250,75
2019,2,A,골목상권,2110185,용두초등학교,9370,4106,5264,8,867,2278,2874,2383,960,1,296,1173,1182,894,560,7,571,1105,1692,1489,400
2019,2,A,골목상권,2110184,용두사거리,9453,3346,6107,9,1977,2311,1831,1987,1338,5,462,978,744,572,585,4,1515,1333,1087,1415,753
2019,2,A,골목상권,2110183,한국의류시험연구원,8246,3096,5150,9,1783,1928,1484,1752,1290,6,437,906,667,510,570,3,1346,1022,817,1242,720
2019,2,A,골목상권,2110182,용두희망어린이공원,8645,3976,4669,13,1265,1912,1848,2291,1316,7,439,1034,1018,922,556,6,826,878,830,1369,760
2019,2,A,골목상권,2110181,신설동역 9번,11591,5540,6051,12,1140,2717,3387,2864,1471,2,434,1461,1534,1214,895,10,706,1256,1853,1650,576
2019,2,A,골목상권,2110180,광진정보도서관,5971,3531,2440,12,1051,1704,1359,1132,713,9,451,925,896,738,512,3,600,779,463,394,201
2019,2,A,골목상권,2110179,광나루역 1번,6674,3830,2844,68,2175,1394,1071,1258,708,23,981,789,756,827,454,45,1194,605,315,431,254
2019,2,A,골목상권,2110178,장로회신학대학교,3002,1712,1290,7,452,897,684,574,388,6,183,441,480,358,244,1,269,456,204,216,144
2019,2,A,골목상권,2110177,동의초등학교,1456,803,653,0,179,262,379,401,235,0,86,143,207,212,155,0,93,119,172,189,80
2019,2,A,골목상권,2110176,해오름공원,4006,2156,1850,2,714,818,1141,961,370,1,192,395,653,615,300,1,522,423,488,346,70
2019,2,A,골목상권,2110175,푸른동산공원,10231,5833,4398,16,1053,2046,2587,2778,1751,10,611,1375,1639,1286,912,6,442,671,948,1492,839
2019,2,A,골목상권,2110174,아차산역 1번,3822,2354,1468,2,428,660,1119,1039,574,1,213,411,682,638,409,1,215,249,437,401,165
2019,2,A,골목상권,2110173,구남초등학교,12578,7584,4994,19,1169,2420,3167,3469,2334,10,635,1603,2115,1847,1374,9,534,817,1052,1622,960
2019,2,A,골목상권,2110172,광진초등학교,3463,1918,1545,10,368,699,818,961,607,7,152,367,427,538,427,3,216,332,391,423,180
2019,2,A,골목상권,2110171,중곡4동주민센터,3121,1339,1782,1,607,772,792,682,267,1,123,296,374,347,198,0,484,476,418,335,69
2019,2,A,골목상권,2110170,동대부여고,7010,3563,3447,11,567,1270,1944,2274,944,8,251,718,1074,972,540,3,316,552,870,1302,404
2019,2,A,골목상권,2110169,성동초등학교,6922,4288,2634,12,742,1605,1808,1713,1042,5,371,960,1130,1061,761,7,371,645,678,652,281
2019,2,A,골목상권,2110168,대원고등학교,2064,1180,884,4,197,444,540,574,305,2,91,213,297,340,237,2,106,231,243,234,68
2019,2,A,골목상권,2110167,용마초등학교,4705,2714,1991,9,535,922,1258,1123,858,3,284,573,667,603,584,6,251,349,591,520,274
2019,2,A,골목상권,2110166,구의1동주민센터,14827,10952,3875,25,971,2485,4006,5687,1653,18,462,1524,2993,4642,1313,7,509,961,1013,1045,340
2019,2,A,골목상권,2110165,국립정신건강센터,2539,1370,1169,1,243,519,689,679,408,0,90,238,359,389,294,1,153,281,330,290,114
2019,2,A,골목상권,2110164,아차산역 5번,3117,1919,1198,7,344,566,760,736,704,2,168,347,459,428,515,5,176,219,301,308,189
2019,2,A,골목상권,2110163,성자초등학교,3387,1986,1401,11,397,747,896,940,396,7,239,429,508,510,293,4,158,318,388,430,103
2019,2,A,골목상권,2110162,군자역 4번,4295,2539,1756,9,601,900,1080,911,794,3,337,558,608,490,543,6,264,342,472,421,251
2019,2,A,골목상권,2110161,중곡역 3번,2365,1542,823,7,196,386,595,757,424,2,77,216,378,557,312,5,119,170,217,200,112
2019,2,A,골목상권,2110160,광진경찰서,2265,1356,909,8,296,644,592,519,206,4,157,407,324,328,136,4,139,237,268,191,70
2019,2,A,골목상권,2110159,구의역 4번,16085,11599,4486,29,1261,2574,4269,5957,1995,16,572,1550,3161,4733,1567,13,689,1024,1108,1224,428
2019,2,A,골목상권,2110158,중곡3동주민센터,2984,2091,893,6,251,563,738,908,518,1,112,363,493,705,417,5,139,200,245,203,101
2019,2,A,골목상권,2110157,자양동우체국,2350,1571,779,9,475,566,560,478,262,5,359,389,338,281,199,4,116,177,222,197,63
2019,2,A,골목상권,2110156,군자역 5번,4399,2748,1651,7,557,912,1104,951,868,2,301,556,674,566,649,5,256,356,430,385,219
2019,2,A,골목상권,2110155,광진구청,13768,10557,3211,25,987,2246,3650,5193,1667,12,498,1463,2832,4418,1334,13,489,783,818,775,333
2019,2,A,골목상권,2110154,광진정말공원,2992,1658,1334,14,432,551,708,738,549,6,208,307,364,378,395,8,224,244,344,360,154
2019,2,A,골목상권,2110153,중곡1동주민센터,3390,2107,1283,16,573,741,882,699,479,14,295,454,549,443,352,2,278,287,333,256,127
2019,2,A,골목상권,2110152,중곡어린이공원,2203,1515,688,2,239,531,486,533,412,1,114,334,335,386,345,1,125,197,151,147,67
2019,2,A,골목상권,2110151,자양한강도서관,2511,1680,831,11,513,517,602,544,324,6,381,377,372,301,243,5,132,140,230,243,81
2019,2,A,골목상권,2110150,중곡1동 마을마당,4135,2614,1521,22,620,1026,973,875,619,17,283,604,632,587,491,5,337,422,341,288,128
2019,2,A,골목상권,2110149,세종대학교,1154,616,538,1,157,309,285,241,161,1,64,166,163,120,102,0,93,143,122,121,59
2019,2,A,골목상권,2110148,어린이대공원역 3번,1586,1096,490,5,169,237,403,521,251,1,92,158,272,368,205,4,77,79,131,153,46
2019,2,A,골목상권,2110147,능동우편취급국,3926,2368,1558,18,617,1040,933,772,546,13,307,638,582,455,373,5,310,402,351,317,173
2019,2,A,골목상권,2110146,신자초등학교,2971,2021,950,6,368,700,849,751,297,2,234,520,594,460,211,4,134,180,255,291,86
2019,2,A,골목상권,2110145,장안초등학교,993,476,517,0,94,177,208,290,224,0,24,89,99,134,130,0,70,88,109,156,94
2019,2,A,골목상권,2110144,어린이대공원역 4번,2160,1360,800,5,239,354,525,673,364,1,106,203,333,440,277,4,133,151,192,233,87
2019,2,A,골목상권,2110143,뚝섬유원지역 1번,1908,1526,382,3,214,527,560,443,161,2,156,428,463,356,121,1,58,99,97,87,40
2019,2,A,골목상권,2110142,화양사거리,4252,2553,1699,7,661,1101,1100,830,553,5,331,684,701,431,401,2,330,417,399,399,152
2019,2,A,골목상권,2110141,건대입구역 1번,3806,2481,1325,16,546,852,949,790,653,9,283,549,644,502,494,7,263,303,305,288,159
2019,2,A,골목상권,2110140,건대입구역 6번,5997,3722,2275,31,811,1321,1441,1386,1007,20,364,792,925,894,727,11,447,529,516,492,280
2019,2,A,골목상권,2110139,자양4동주민센터,3086,2322,764,47,534,745,763,672,325,28,346,571,595,520,262,19,188,174,168,152,63
2019,2,A,골목상권,2110138,송정체육공원,4604,2816,1788,5,742,1302,1265,791,499,2,368,822,833,437,354,3,374,480,432,354,145
2019,2,A,골목상권,2110137,성수초등학교,16439,10840,5599,71,2323,4279,4300,3210,2256,50,1215,2796,2926,2137,1716,21,1108,1483,1374,1073,540
2019,2,A,골목상권,2110136,경수초등학교,18223,11395,6828,108,3004,4447,4293,3747,2624,68,1550,2806,2786,2326,1859,40,1454,1641,1507,1421,765
2019,2,A,골목상권,2110135,성동세무서,7931,5191,2740,18,1175,2207,2065,1537,929,5,634,1436,1393,974,749,13,541,771,672,563,180
2019,2,A,골목상권,2110134,성수119안전센터,5544,3842,1702,68,922,1478,1440,1092,544,40,526,1041,1017,783,435,28,396,437,423,309,109
2019,2,A,골목상권,2110133,서울교통공사,6069,3863,2206,40,1371,1608,1279,1043,728,2,629,1035,910,712,575,38,742,573,369,331,153
2019,2,A,골목상권,2110132,성수2가3동주민센터,4625,2786,1839,13,578,1153,1120,996,765,7,292,676,699,613,499,6,286,477,421,383,266
2019,2,A,골목상권,2110131,성수동카페거리,17910,10869,7041,60,3057,4705,4237,3433,2418,35,1523,2901,2724,2087,1599,25,1534,1804,1513,1346,819
2019,2,A,골목상권,2110130,답십리역 6번,6252,2846,3406,30,958,1346,1717,1567,634,5,579,890,644,345,383,25,379,456,1073,1222,251
2019,2,A,골목상권,2110129,성원어린이공원,6333,3886,2447,15,955,1589,1461,1211,1102,8,522,991,924,732,709,7,433,598,537,479,393
2019,2,A,골목상권,2110128,성원중학교,6569,4592,1977,25,827,1693,1727,1543,754,14,458,1195,1212,1116,597,11,369,498,515,427,157
2019,2,A,골목상권,2110127,성수1가1동주민센터,5434,3514,1920,18,941,1650,1366,955,504,9,521,1055,882,657,390,9,420,595,484,298,114
2019,2,A,골목상권,2110126,서울숲역 1번,6002,3861,2141,16,980,1489,1440,1213,864,9,573,959,895,795,630,7,407,530,545,418,234
2019,2,A,골목상권,2110125,사근동살곶이상점가,2736,1879,857,1,201,548,850,749,387,1,72,324,584,584,314,0,129,224,266,165,73
2019,2,A,골목상권,2110124,뚝섬역교차로,3046,2044,1002,8,422,625,737,696,558,6,214,400,446,512,466,2,208,225,291,184,92
2019,2,A,골목상권,2110123,마장역 3번,1936,1202,734,2,240,388,499,479,328,1,113,228,297,320,243,1,127,160,202,159,85
2019,2,A,골목상권,2110122,마장역 2번,1764,1139,625,1,174,315,442,482,350,0,88,192,272,329,258,1,86,123,170,153,92
2019,2,A,골목상권,2110121,한양대역 4번,2635,1803,832,0,158,507,834,749,387,0,52,302,562,570,317,0,106,205,272,179,70
2019,2,A,골목상권,2110120,서울숲카페거리,1803,1135,668,5,234,388,441,440,295,4,130,224,258,290,229,1,104,164,183,150,66
2019,2,A,골목상권,2110119,마장지하차도,1764,1056,708,4,213,324,450,409,364,1,115,198,274,250,218,3,98,126,176,159,146
2019,2,A,골목상권,2110118,왕십리역 9번,9227,3227,6000,15,881,1548,2649,3599,535,12,515,1068,927,442,263,3,366,480,1722,3157,272
2019,2,A,골목상권,2110117,성동구보건소,2505,1302,1203,4,511,496,534,535,425,1,189,259,322,306,225,3,322,237,212,229,200
2019,2,A,골목상권,2110116,청계천박물관,4802,2801,2001,5,542,1211,1238,1217,589,4,252,606,725,817,397,1,290,605,513,400,192
2019,2,A,골목상권,2110115,상왕십리역 3번,4201,2209,1992,12,801,826,808,883,871,4,267,418,491,509,520,8,534,408,317,374,351
2019,2,A,골목상권,2110114,왕십리파출소,1783,930,853,2,437,437,392,327,188,0,157,229,269,179,96,2,280,208,123,148,92
2019,2,A,골목상권,2110113,응봉산,2465,962,1503,19,292,797,986,271,100,0,103,263,403,122,71,19,189,534,583,149,29
2019,2,A,골목상권,2110112,행당역 2번,8417,2655,5762,11,693,1334,2479,3459,441,9,422,906,788,342,188,2,271,428,1691,3117,253
2019,2,A,골목상권,2110111,대현산장미원,362,232,130,0,37,70,92,82,81,0,11,41,54,55,71,0,26,29,38,27,10
2019,2,A,골목상권,2110110,상왕십리역 6번,2524,1199,1325,7,342,566,483,570,556,2,87,261,260,286,303,5,255,305,223,284,253
2019,2,A,골목상권,2110109,금호삼성래미안아파트,2963,1304,1659,19,343,889,1111,401,200,0,138,317,493,208,148,19,205,572,618,193,52
2019,2,A,골목상권,2110108,성동구립금호도서관,461,221,240,0,50,74,106,122,109,0,19,34,47,47,74,0,31,40,59,75,35
2019,2,A,골목상권,2110107,금호사거리,2837,1218,1619,19,310,867,1063,384,194,0,116,284,454,217,147,19,194,583,609,167,47
2019,2,A,골목상권,2110106,금북초등학교,606,349,257,1,100,159,156,129,61,0,53,84,93,74,45,1,47,75,63,55,16
2019,2,A,골목상권,2110105,금동어린이공원,3410,1438,1972,19,402,1015,1217,510,247,0,134,349,528,250,177,19,268,666,689,260,70
2019,2,A,골목상권,2110104,신금호역 4번,1732,947,785,1,232,378,423,359,339,0,77,182,238,203,247,1,155,196,185,156,92
2019,2,A,골목상권,2110103,옥수터널,638,331,307,3,65,156,179,177,58,1,30,68,99,91,42,2,35,88,80,86,16
2019,2,A,골목상권,2110102,옥수역 6번,4513,1880,2633,5,975,1337,1016,717,463,1,246,479,492,372,290,4,729,858,524,345,173
2019,2,A,골목상권,2110101,옥정중학교,12039,8156,3883,4,1686,4065,3508,2417,359,4,529,2503,2744,2091,285,0,1157,1562,764,326,74
2019,2,A,골목상권,2110100,옥수동우편취급국,8995,7119,1876,4,895,2995,2804,2061,236,4,371,2178,2447,1924,195,0,524,817,357,137,41
2019,2,A,골목상권,2110099,유엔빌리지길,23960,18990,4970,76,3010,6402,6713,6836,923,38,1462,4614,5764,6359,753,38,1548,1788,949,477,170
2019,2,A,골목상권,2110098,서울독일학교,23379,18776,4603,71,2929,6190,6479,6712,998,35,1455,4503,5629,6312,842,36,1474,1687,850,400,156
2019,2,A,골목상권,2110097,한남초등학교,7848,5504,2344,22,1336,2995,1790,1215,490,13,673,1942,1400,1076,400,9,663,1053,390,139,90
2019,2,A,골목상권,2110096,한남힐사이드아파트,8599,5446,3153,13,1727,3173,2018,1367,301,8,723,1917,1453,1101,244,5,1004,1256,565,266,57
2019,2,A,골목상권,2110095,한강진역 3번,17821,10977,6844,42,3566,6403,4412,2515,883,21,1540,3648,3080,2028,660,21,2026,2755,1332,487,223
2019,2,A,골목상권,2110094,오산중학교,1897,1010,887,1,155,492,531,580,138,1,41,163,278,422,105,0,114,329,253,158,33
2019,2,A,골목상권,2110093,우사단길,10351,6160,4191,36,1713,3387,2741,1506,968,19,720,1805,1829,1103,684,17,993,1582,912,403,284
2019,2,A,골목상권,2110092,NH농협은행 보광동지점,4826,2987,1839,38,694,1374,1320,959,441,25,312,747,883,710,310,13,382,627,437,249,131
2019,2,A,골목상권,2110091,리움미술관,9154,5560,3594,13,1825,3110,2399,1250,557,5,801,1690,1686,983,395,8,1024,1420,713,267,162
2019,2,A,골목상권,2110090,한국폴리텍대학서울정수캠퍼스,7671,4709,2962,12,1160,2206,2600,1221,472,6,512,1083,1840,947,321,6,648,1123,760,274,151
2019,2,A,골목상권,2110089,서빙고동주민센터,2489,1473,1016,1,273,665,789,463,298,0,84,344,514,324,207,1,189,321,275,139,91
2019,2,A,골목상권,2110088,오산고등학교,8864,5509,3355,11,1259,2544,2914,1420,716,5,598,1289,2058,1086,473,6,661,1255,856,334,243
2019,2,A,골목상권,2110087,이태원엔틱가구거리,5858,3600,2258,27,1076,1510,1495,1000,750,16,553,982,977,626,446,11,523,528,518,374,304
2019,2,A,골목상권,2110086,이태원역 북측,18761,9355,9406,29,4792,6973,4170,1909,888,15,1465,3204,2616,1443,612,14,3327,3769,1554,466,276
2019,2,A,골목상권,2110085,경리단길남측,15889,7606,8283,9,4177,6113,3458,1538,594,1,1235,2780,2037,1129,424,8,2942,3333,1421,409,170
2019,2,A,골목상권,2110084,경리단길북측,4620,2394,2226,4,832,1532,1237,710,305,0,377,769,640,388,220,4,455,763,597,322,85
2019,2,A,골목상권,2110083,서빙고역 1번,7563,4864,2699,23,1422,2116,1921,1369,712,8,652,1354,1326,1003,521,15,770,762,595,366,191
2019,2,A,골목상권,2110082,용산구청,4692,2830,1862,25,882,1118,1170,857,640,15,489,698,735,532,361,10,393,420,435,325,279
2019,2,A,골목상권,2110081,해방촌 남동측,2341,1579,762,1,215,434,780,716,195,1,96,238,575,535,134,0,119,196,205,181,61
2019,2,A,골목상권,2110080,해방촌예술마을,2814,1792,1022,5,313,503,843,842,308,5,115,270,600,597,205,0,198,233,243,245,103
2019,2,A,골목상권,2110079,후암동주민센터,15590,10525,5065,17,2614,4783,4245,2806,1125,10,1232,2980,3358,2185,760,7,1382,1803,887,621,365
2019,2,A,골목상권,2110078,이촌동점보아파트,5981,3640,2341,17,1037,1783,1450,1156,538,4,511,1022,964,766,373,13,526,761,486,390,165
2019,2,A,골목상권,2110077,삼광초등학교,11352,3766,7586,66,6578,2066,1301,949,392,8,759,1027,970,722,280,58,5819,1039,331,227,112
2019,2,A,골목상권,2110076,삼각지역 14번,5706,4079,1627,6,566,1521,1873,1374,366,4,318,1017,1434,1053,253,2,248,504,439,321,113
2019,2,A,골목상권,2110075,숙대입구역 1번,16482,6918,9564,72,7356,3763,2429,1565,1297,10,1032,1827,1768,1198,1083,62,6324,1936,661,367,214
2019,2,A,골목상권,2110074,서울역 12번,25672,13622,12050,76,9245,7063,4697,2689,1902,13,2037,4154,3767,2142,1509,63,7208,2909,930,547,393
2019,2,A,골목상권,2110073,삼각지역 3번,24010,8855,15155,61,5952,7761,6832,2750,654,20,2128,2680,2347,1300,380,41,3824,5081,4485,1450,274
2019,2,A,골목상권,2110072,열정도,6902,3983,2919,249,2330,2007,1168,723,425,113,1131,1217,779,457,286,136,1199,790,389,266,139
2019,2,A,골목상권,2110071,한강미주맨션아파트,8010,4836,3174,30,1050,1796,2661,1913,560,25,512,1167,1545,1207,380,5,538,629,1116,706,180
2019,2,A,골목상권,2110070,용산세무서,8959,6267,2692,2,785,2215,3256,2279,422,0,519,1606,2191,1656,295,2,266,609,1065,623,127
2019,2,A,골목상권,2110069,숙대입구,12291,7161,5130,268,3312,4075,2355,1482,799,114,1549,2345,1562,1002,589,154,1763,1730,793,480,210
2019,2,A,골목상권,2110068,남영역 1번,12851,7735,5116,287,3428,4128,2692,1516,800,125,1667,2523,1852,1031,537,162,1761,1605,840,485,263
2019,2,A,골목상권,2110067,배문고등학교,8171,4730,3441,7,1509,2340,1562,1298,1455,2,477,1155,1020,867,1209,5,1032,1185,542,431,246
2019,2,A,골목상권,2110066,서울역 15번,4157,2600,1557,13,570,1040,798,683,1053,9,218,503,522,451,897,4,352,537,276,232,156
2019,2,A,골목상권,2110065,남정초등학교,4143,2956,1187,34,745,1281,1119,605,359,24,484,982,807,411,248,10,261,299,312,194,111
2019,2,A,골목상권,2110064,효창공원앞역 2번,4713,2888,1825,14,569,1224,1220,1060,626,12,285,784,772,647,388,2,284,440,448,413,238
2019,2,A,골목상권,2110063,효창공원앞역 5번,7218,5110,2108,39,1153,2183,2037,1120,686,27,704,1613,1490,785,491,12,449,570,547,335,195
2019,2,A,골목상권,2110062,한강로동땡땡거리(은행나무길),9525,5561,3964,11,977,2292,2971,2302,972,7,451,1264,1676,1514,649,4,526,1028,1295,788,323
2019,2,A,골목상권,2110061,효창동주민센터,4384,2810,1574,5,647,1121,1153,968,490,3,300,723,809,636,339,2,347,398,344,332,151
2019,2,A,골목상권,2110060,효창공원앞역 6번,5617,3450,2167,13,861,1408,1491,1268,576,10,402,877,962,813,386,3,459,531,529,455,190
2019,2,A,골목상권,2110059,새남터성지,2373,1466,907,3,388,653,585,496,248,2,199,402,383,331,149,1,189,251,202,165,99
2019,2,A,골목상권,2110058,성심여자고등학교,8983,6254,2729,24,1284,2698,2420,1371,1186,13,727,1882,1820,970,842,11,557,816,600,401,344
2019,2,A,골목상권,2110057,황학코아루아파트,2793,1352,1441,4,403,706,712,658,310,3,191,397,333,253,175,1,212,309,379,405,135
2019,2,A,골목상권,2110056,신당역 3번,3176,1671,1505,3,461,867,755,641,449,3,189,445,414,347,273,0,272,422,341,294,176
2019,2,A,골목상권,2110055,황학동벼룩시장,3097,1659,1438,17,854,752,649,548,277,8,367,388,373,339,184,9,487,364,276,209,93
2019,2,A,골목상권,2110054,청구역 3번,6878,3314,3564,12,1492,1883,1435,1248,808,2,426,907,795,681,503,10,1066,976,640,567,305
2019,2,A,골목상권,2110053,청구역 1번,5467,2863,2604,4,764,1332,1466,1464,437,2,269,627,771,890,304,2,495,705,695,574,133
2019,2,A,골목상권,2110052,장충초등학교,8351,3922,4429,12,1736,2201,1909,1691,802,5,488,944,997,967,521,7,1248,1257,912,724,281
2019,2,A,골목상권,2110051,한양공고앞 교차로,2780,1583,1197,2,383,617,686,786,306,0,171,369,392,453,198,2,212,248,294,333,108
2019,2,A,골목상권,2110050,약수역 7번,1929,1057,872,1,285,470,469,401,303,1,112,226,276,238,204,0,173,244,193,163,99
2019,2,A,골목상권,2110049,장충단 고개,10090,4821,5269,20,2286,2894,2305,1767,818,5,590,1373,1311,1031,511,15,1696,1521,994,736,307
2019,2,A,골목상권,2110048,장충동주민센터,13331,7041,6290,19,2419,3722,3539,2654,978,5,824,2077,2066,1477,592,14,1595,1645,1473,1177,386
2019,2,A,골목상권,2110047,다산성곽길,7447,3645,3802,14,1608,2085,1671,1415,654,5,499,953,899,831,458,9,1109,1132,772,584,196
2019,2,A,골목상권,2110046,버티고개,3106,2156,950,2,377,1116,808,580,223,1,216,805,600,373,161,1,161,311,208,207,62
2019,2,A,골목상권,2110045,동대문역사문화공원역 5번,46051,22704,23347,312,13825,12085,9634,7345,2850,120,6534,7223,5478,2520,829,192,7291,4862,4156,4825,2021
2019,2,A,골목상권,2110044,관성묘,37087,17205,19882,300,12474,9694,7031,5295,2293,117,5791,5591,3826,1379,501,183,6683,4103,3205,3916,1792
2019,2,A,골목상권,2110043,충무초등학교,9987,5868,4119,44,1957,2707,2631,1727,921,22,672,1559,1771,1189,655,22,1285,1148,860,538,266
2019,2,A,골목상권,2110042,남산골공원옆,5710,3555,2155,16,662,1454,1801,1206,571,8,352,941,1049,809,396,8,310,513,752,397,175
2019,2,A,골목상권,2110041,남산케이블카,14628,9199,5429,13,1833,4486,5055,2295,946,6,851,2495,3644,1659,544,7,982,1991,1411,636,402
2019,2,A,골목상권,2110040,중구회현체육센터(정화예술대남산캠퍼스),13667,8856,4811,12,1713,4252,4706,2126,858,5,852,2507,3461,1555,476,7,861,1745,1245,571,382
2019,2,A,골목상권,2110039,회현역 1번,15576,9421,6155,7,2116,4706,5119,2842,786,4,991,2745,3617,1674,390,3,1125,1961,1502,1168,396
2019,2,A,골목상권,2110038,경향신문사,16689,9815,6874,23,2909,6045,4893,2386,433,6,1045,3212,3305,1931,316,17,1864,2833,1588,455,117
2019,2,A,골목상권,2110037,신설동역 12번,6899,2617,4282,4,819,1192,1298,1794,1792,1,218,519,580,476,823,3,601,673,718,1318,969
2019,2,A,골목상권,2110036,동묘앞역 3번,2616,1453,1163,5,457,599,592,568,395,3,155,292,355,364,284,2,302,307,237,204,111
2019,2,A,골목상권,2110035,동묘앞역 2번,4241,2158,2083,5,398,677,986,875,1300,1,111,293,440,454,859,4,287,384,546,421,441
2019,2,A,골목상권,2110034,창신1동주민센터,2822,1379,1443,9,414,705,763,587,344,6,157,314,334,333,235,3,257,391,429,254,109
2019,2,A,골목상권,2110033,창신역 4번,2712,1835,877,3,258,495,505,461,990,2,175,379,336,278,665,1,83,116,169,183,325
2019,2,A,골목상권,2110032,수족관거리,2213,942,1271,9,348,567,623,447,219,6,105,222,229,226,154,3,243,345,394,221,65
2019,2,A,골목상권,2110031,창신역 1번,505,232,273,1,71,110,122,132,69,1,16,47,53,67,48,0,55,63,69,65,21
2019,2,A,골목상권,2110030,동대문역 3번,2119,1244,875,3,244,562,634,421,255,2,160,382,315,218,167,1,84,180,319,203,88
2019,2,A,골목상권,2110029,동대문역 1번,4153,2666,1487,6,514,1066,1049,941,577,4,325,751,665,570,351,2,189,315,384,371,226
2019,2,A,골목상권,2110028,이화달팽이길,4766,2629,2137,5,793,1324,1162,916,566,2,275,664,704,600,384,3,518,660,458,316,182
2019,2,A,골목상권,2110027,혜화역 1번,3131,1523,1608,5,521,939,735,514,417,2,157,397,373,297,297,3,364,542,362,217,120
2019,2,A,골목상권,2110026,종로5가역 4번,3604,2190,1414,9,472,884,954,806,479,4,243,528,554,513,348,5,229,356,400,293,131
2019,2,A,골목상권,2110025,충신시장옆,8891,5605,3286,14,1455,2508,2354,1836,724,3,541,1393,1663,1502,503,11,914,1115,691,334,221
2019,2,A,골목상권,2110024,혜회동주민센터,3989,2028,1961,23,673,943,821,817,712,14,271,486,444,412,401,9,402,457,377,405,311
2019,2,A,골목상권,2110023,서울대병원,4849,2934,1915,8,805,1578,1289,765,404,2,286,828,957,595,266,6,519,750,332,170,138
2019,2,A,골목상권,2110022,경신고등학교,5520,2889,2631,24,931,1483,1227,1085,770,16,380,787,699,584,423,8,551,696,528,501,347
2019,2,A,골목상권,2110021,성균관대학교,1980,1171,809,13,238,367,470,447,445,9,103,172,293,295,299,4,135,195,177,152,146
2019,2,A,골목상권,2110020,서울국제고등학교,4354,2160,2194,14,657,1172,1014,867,630,11,247,603,569,407,323,3,410,569,445,460,307
2019,2,A,골목상권,2110019,창덕궁,8293,5434,2859,15,1152,2468,2409,1512,737,2,534,1487,1731,1117,563,13,618,981,678,395,174
2019,2,A,골목상권,2110018,중앙고등학교,10747,7156,3591,8,1420,3494,3394,1881,550,3,638,2185,2495,1416,419,5,782,1309,899,465,131
2019,2,A,골목상권,2110017,정독도서관,10394,8219,2175,2,1190,2948,3365,2328,561,1,769,2237,2808,1942,462,1,421,711,557,386,99
2019,2,A,골목상권,2110016,평창동동측,9526,5506,4020,14,912,2595,3622,1860,523,8,441,1198,2107,1362,390,6,471,1397,1515,498,133
2019,2,A,골목상권,2110015,청와대사랑채,7506,5549,1957,23,1016,2235,2365,1419,448,1,622,1639,1880,1087,320,22,394,596,485,332,128
2019,2,A,골목상권,2110014,경복고등학교,6682,4900,1782,25,869,1941,2164,1358,325,3,535,1433,1668,1021,240,22,334,508,496,337,85
2019,2,A,골목상권,2110013,체부동홍종문가옥,3252,1935,1317,1,383,922,881,589,476,0,206,534,535,340,320,1,177,388,346,249,156
2019,2,A,골목상권,2110012,성곡미술관,39315,24594,14721,53,5587,12503,10863,6777,3532,21,2169,7134,7777,5085,2408,32,3418,5369,3086,1692,1124
2019,2,A,골목상권,2110011,청운초등학교,3025,2001,1024,9,508,915,812,461,320,3,260,655,578,296,209,6,248,260,234,165,111
2019,2,A,골목상권,2110010,평창동서측,10054,5530,4524,20,986,2756,3610,1933,749,7,422,1232,2048,1298,523,13,564,1524,1562,635,226
2019,2,A,골목상권,2110009,자하문터널,3155,1807,1348,4,617,978,793,523,240,0,245,580,494,327,161,4,372,398,299,196,79
2019,2,A,골목상권,2110008,배화여자대학교(박노수미술관),4314,2276,2038,21,616,1012,1063,884,718,0,241,507,552,483,493,21,375,505,511,401,225
2019,2,A,골목상권,2110007,사직공원(한국사회과학도서관),5075,2788,2287,8,678,1485,1429,999,476,5,256,752,795,611,369,3,422,733,634,388,107
2019,2,A,골목상권,2110006,부암동주민센터,2836,1709,1127,8,620,975,716,378,139,0,269,640,492,218,90,8,351,335,224,160,49
2019,2,A,골목상권,2110005,세검정,2977,1703,1274,3,336,800,805,625,408,0,153,429,488,363,270,3,183,371,317,262,138
2019,2,A,골목상권,2110004,대신고등학교,825,532,293,8,132,290,172,146,77,5,56,205,118,86,62,3,76,85,54,60,15
2019,2,A,골목상권,2110003,세검정초등학교,5129,2891,2238,9,612,1373,1267,1110,758,5,224,708,802,653,499,4,388,665,465,457,259
2019,2,A,골목상권,2110002,독립문역 1번,653,194,459,6,149,200,160,93,45,5,32,44,60,27,26,1,117,156,100,66,19
2019,2,A,골목상권,2110001,이북5도청사,6266,4394,1872,6,1123,1524,1398,1611,604,4,545,998,1103,1319,425,2,578,526,295,292,179
2019,1,A,골목상권,2111090,강일동주민센터,1971,1332,639,8,184,356,509,626,288,5,81,203,332,473,238,3,103,153,177,153,50
2019,1,A,골목상권,2111089,상일여고(상일초등학교),19601,15766,3835,9,2158,8165,5274,3084,911,6,1310,6588,4624,2717,521,3,848,1577,650,367,390
2019,1,A,골목상권,2111088,고덕동성당,749,328,421,1,64,107,169,214,194,0,25,61,72,100,70,1,39,46,97,114,124
2019,1,A,골목상권,2111087,고덕중학교(고덕2동주민센터),805,434,371,0,62,130,186,300,127,0,26,59,96,173,80,0,36,71,90,127,47
2019,1,A,골목상권,2111086,한영중고,1564,844,720,3,130,312,385,513,221,1,57,143,195,310,138,2,73,169,190,203,83
2019,1,A,골목상권,2111085,묘곡초등학교(고덕아이파크아파트),1152,569,583,0,102,193,270,341,246,0,36,90,133,183,127,0,66,103,137,158,119
2019,1,A,골목상권,2111084,길동신동아아파트,1072,550,522,0,82,222,218,233,317,0,31,108,93,103,215,0,51,114,125,130,102
2019,1,A,골목상권,2111083,GS강동자이아파트,2794,1572,1222,4,279,620,691,614,586,3,137,378,366,307,381,1,142,242,325,307,205
2019,1,A,골목상권,2111082,중앙보훈병원,4011,1607,2404,7,841,1108,860,859,336,4,221,447,382,394,159,3,620,661,478,465,177
2019,1,A,골목상권,2111081,둔촌푸르지오아파트,1694,1021,673,5,204,377,446,382,280,4,113,267,270,206,161,1,91,110,176,176,119
2019,1,A,골목상권,2111080,굽은다리역 3번,4274,1876,2398,15,434,711,929,1175,1010,11,157,347,446,456,459,4,277,364,483,719,551
2019,1,A,골목상권,2111079,둔촌고등학교(둔촌중학교),5705,2646,3059,6,937,1358,1246,1351,807,3,280,596,601,670,496,3,657,762,645,681,311
2019,1,A,골목상권,2111078,굽은다리역 4번,5144,2596,2548,20,542,962,1167,1188,1265,10,195,505,580,550,756,10,347,457,587,638,509
2019,1,A,골목상권,2111077,길동주민센터(강동도서관),10734,5330,5404,23,1432,2320,2380,2459,2120,12,587,1251,1239,1013,1228,11,845,1069,1141,1446,892
2019,1,A,골목상권,2111076,둔촌2동주민센터,4938,2686,2252,7,781,1246,1053,1033,818,3,307,660,612,564,540,4,474,586,441,469,278
2019,1,A,골목상권,2111075,굽은다리역 2번,3390,1536,1854,13,390,633,774,816,764,9,138,286,344,340,419,4,252,347,430,476,345
2019,1,A,골목상권,2111074,명일역 1번,2281,952,1329,4,242,396,526,637,476,3,77,166,209,246,251,1,165,230,317,391,225
2019,1,A,골목상권,2111073,둔촌동역 1번(한산중학교),9116,4675,4441,17,1241,1880,1846,2048,2084,10,528,967,966,871,1333,7,713,913,880,1177,751
2019,1,A,골목상권,2111072,굽은다리역 1번(십자성마을),4766,2501,2265,24,506,980,1110,1129,1017,10,162,489,559,599,682,14,344,491,551,530,335
2019,1,A,골목상권,2111071,천동초등학교,3973,2223,1750,15,441,807,909,875,926,4,139,395,500,526,659,11,302,412,409,349,267
2019,1,A,골목상권,2111070,천호초등학교,1986,964,1022,8,188,451,496,521,322,6,64,216,205,284,189,2,124,235,291,237,133
2019,1,A,골목상권,2111069,천호1동주민센터,2296,979,1317,6,234,555,623,579,299,6,80,233,257,254,149,0,154,322,366,325,150
2019,1,A,골목상권,2111068,강동성심병원,6529,2975,3554,24,1242,1526,1410,1419,908,14,444,722,721,554,520,10,798,804,689,865,388
2019,1,A,골목상권,2111067,강동구립성내도서관,12034,5909,6125,25,2009,2708,2514,2421,2357,15,736,1327,1317,1034,1480,10,1273,1381,1197,1387,877
2019,1,A,골목상권,2111066,암사동성당(효정하나플러스아파트),1929,961,968,5,173,413,479,529,330,5,65,200,225,280,186,0,108,213,254,249,144
2019,1,A,골목상권,2111065,천일초등학교,1335,615,720,8,126,264,332,348,257,3,33,99,135,157,188,5,93,165,197,191,69
2019,1,A,골목상권,2111064,둔촌동역 4번,5000,2916,2084,9,431,861,1006,1145,1548,3,196,476,557,615,1069,6,235,385,449,530,479
2019,1,A,골목상권,2111063,강동구립 천호도서관,5441,2947,2494,31,730,1341,1370,1160,809,12,277,740,783,615,520,19,453,601,587,545,289
2019,1,A,골목상권,2111062,둔촌동역 3번(성내3동주민센터),9072,5230,3842,29,1287,2331,2089,1935,1401,12,646,1317,1275,1131,849,17,641,1014,814,804,552
2019,1,A,골목상권,2111061,암사역 1번,4939,2113,2826,8,519,915,1233,1393,871,4,202,459,535,433,480,4,317,456,698,960,391
2019,1,A,골목상권,2111060,암사역 2번(서울강동초등학교),4898,2126,2772,12,594,1028,1265,1237,762,8,243,477,544,461,393,4,351,551,721,776,369
2019,1,A,골목상권,2111059,강동역 4번(강풀만화거리),11126,5445,5681,35,2247,2938,2629,1955,1322,12,755,1520,1403,943,812,23,1492,1418,1226,1012,510
2019,1,A,골목상권,2111058,성내중학교,3915,2419,1496,7,399,890,1068,1115,436,5,175,559,656,739,285,2,224,331,412,376,151
2019,1,A,골목상권,2111057,천호공원(해공체육문화센터),3020,1305,1715,7,445,572,753,779,464,3,163,254,317,290,278,4,282,318,436,489,186
2019,1,A,골목상권,2111056,천호태영아파트,5308,2756,2552,23,1124,1430,1271,850,610,6,404,842,741,416,347,17,720,588,530,434,263
2019,1,A,골목상권,2111055,선사초등학교,1996,762,1234,3,145,327,475,656,390,2,46,140,163,168,243,1,99,187,312,488,147
2019,1,A,골목상권,2111054,암사역 4번(삼성광나루아파트),2868,1134,1734,6,293,484,637,852,596,3,96,206,232,244,353,3,197,278,405,608,243
2019,1,A,골목상권,2111053,성내천어린이공원(하니사랑길),22566,12593,9973,66,2795,5060,5306,5435,3904,45,1385,2870,2885,2936,2472,21,1410,2190,2421,2499,1432
2019,1,A,골목상권,2111052,암사역 3번(천호동자전거거리),3133,1431,1702,7,416,619,795,769,527,2,171,302,366,295,295,5,245,317,429,474,232
2019,1,A,골목상권,2111051,천호역 6번,10578,4900,5678,46,1954,2645,2379,2075,1479,18,657,1195,1054,1030,946,28,1297,1450,1325,1045,533
2019,1,A,골목상권,2111050,강동구청(강동구청역 2번),13882,7097,6785,42,1493,2760,3258,3580,2749,34,720,1450,1514,1668,1711,8,773,1310,1744,1912,1038
2019,1,A,골목상권,2111049,천호지구대(천호동자전거거리),4130,2049,2081,10,581,828,970,932,809,3,210,409,481,436,510,7,371,419,489,496,299
2019,1,A,골목상권,2111048,천호역 1번(천호문구완구거리),3471,1694,1777,13,522,731,809,738,658,4,165,359,404,344,418,9,357,372,405,394,240
2019,1,A,골목상권,2111047,마천1치안센터,1146,598,548,0,91,178,284,329,264,0,27,74,112,179,206,0,64,104,172,150,58
2019,1,A,골목상권,2111046,마천역(마천초등학교),3051,1546,1505,7,331,561,826,860,466,3,130,283,380,425,325,4,201,278,446,435,141
2019,1,A,골목상권,2111045,개미어린이공원,1601,691,910,2,157,269,383,510,280,0,58,124,177,180,152,2,99,145,206,330,128
2019,1,A,골목상권,2111044,남천초등학교,2869,1614,1255,10,282,456,691,868,562,5,123,244,354,486,402,5,159,212,337,382,160
2019,1,A,골목상권,2111043,마천공원,2901,1778,1123,10,346,533,679,848,485,8,184,342,389,515,340,2,162,191,290,333,145
2019,1,A,골목상권,2111042,거여역 1번(거여공원),6485,3486,2999,17,709,1263,1495,1673,1328,10,339,783,812,800,742,7,370,480,683,873,586
2019,1,A,골목상권,2111041,거여역 8번,2697,1564,1133,6,211,498,521,636,825,4,119,321,326,307,487,2,92,177,195,329,338
2019,1,A,골목상권,2111040,거여초등학교,2865,1720,1145,12,369,688,731,733,332,7,198,463,434,420,198,5,171,225,297,313,134
2019,1,A,골목상권,2111039,벌말어린이공원,4072,2317,1755,9,475,893,1052,1115,528,3,235,574,593,623,289,6,240,319,459,492,239
2019,1,A,골목상권,2111038,보인중학교,3735,2074,1661,9,450,808,930,1034,504,3,216,489,513,576,277,6,234,319,417,458,227
2019,1,A,골목상권,2111037,Sh수협은행 오금동금융센터(아랫말어린이공원),2433,1425,1008,3,248,458,657,714,353,0,111,299,408,405,202,3,137,159,249,309,151
2019,1,A,골목상권,2111036,투구봉어린이공원,2515,1363,1152,2,375,569,595,547,427,0,157,301,317,295,293,2,218,268,278,252,134
2019,1,A,골목상권,2111035,오금공원(오주중학교),3449,1954,1495,8,334,649,920,1023,515,1,141,414,543,564,291,7,193,235,377,459,224
2019,1,A,골목상권,2111034,오동나무공원(송파레미니스1단지),6678,4273,2405,12,578,1172,1248,1327,2341,2,273,751,780,699,1768,10,305,421,468,628,573
2019,1,A,골목상권,2111033,문정동성당,3921,2326,1595,8,347,568,825,1017,1156,3,190,350,476,614,693,5,157,218,349,403,463
2019,1,A,골목상권,2111032,방이역 1번,12053,7610,4443,17,833,1595,1694,1859,6055,7,354,946,1038,1005,4260,10,479,649,656,854,1795
2019,1,A,골목상권,2111031,장지동주민센터(한림연예예술고교),6036,3481,2555,14,551,1070,1403,1539,1459,5,277,640,760,877,922,9,274,430,643,662,537
2019,1,A,골목상권,2111030,방이역 2번,9600,5949,3651,10,597,1126,1180,1326,5361,4,260,698,685,661,3641,6,337,428,495,665,1720
2019,1,A,골목상권,2111029,오금역 4번,7157,4140,3017,18,1032,1930,1825,1481,871,12,528,1155,1048,817,580,6,504,775,777,664,291
2019,1,A,골목상권,2111028,문현중학교(장지역 1번),15771,9380,6391,71,2562,3965,4133,3240,1800,29,1133,2404,2506,1959,1349,42,1429,1561,1627,1281,451
2019,1,A,골목상권,2111027,문정초등학교,8774,5148,3626,28,1016,1688,2110,1997,1935,16,508,1028,1253,1138,1205,12,508,660,857,859,730
2019,1,A,골목상권,2111026,문정역 2번,24850,15179,9671,84,4647,6971,6435,4326,2387,24,2116,4383,4182,2653,1821,60,2531,2588,2253,1673,566
2019,1,A,골목상권,2111025,경찰병원역 3번,11594,5814,5780,30,1959,2821,2643,2609,1532,12,785,1559,1479,1177,802,18,1174,1262,1164,1432,730
2019,1,A,골목상권,2111024,경찰병원역 4번(건너말공원),17953,10347,7606,54,2690,4233,4420,4096,2460,29,1182,2488,2779,2363,1506,25,1508,1745,1641,1733,954
2019,1,A,골목상권,2111023,문정역 1번,23631,14597,9034,82,4531,6660,6119,4003,2236,26,2084,4221,4083,2486,1697,56,2447,2439,2036,1517,539
2019,1,A,골목상권,2111022,석촌중학교(방이육교),8139,4818,3321,9,1241,2129,1931,1676,1153,3,571,1338,1209,972,725,6,670,791,722,704,428
2019,1,A,골목상권,2111021,방이역 4번,11715,7102,4613,49,1621,2535,2527,2383,2600,23,745,1436,1500,1484,1914,26,876,1099,1027,899,686
2019,1,A,골목상권,2111020,방이동고분군(방산고등학교),2140,1258,882,0,193,356,529,513,549,0,92,179,299,278,410,0,101,177,230,235,139
2019,1,A,골목상권,2111019,한성백제역 3번,10089,5916,4173,29,1365,2359,2333,2303,1700,18,656,1382,1396,1373,1091,11,709,977,937,930,609
2019,1,A,골목상권,2111018,풍납초등학교(풍납백제문화공원),912,474,438,2,84,157,215,269,185,2,32,65,100,140,135,0,52,92,115,129,50
2019,1,A,골목상권,2111017,송파나루역 3번,4374,2545,1829,9,610,950,1074,946,785,5,276,556,633,514,561,4,334,394,441,432,224
2019,1,A,골목상권,2111016,송파역 2번,6532,2863,3669,22,1453,1647,1458,1274,678,8,443,779,748,481,404,14,1010,868,710,793,274
2019,1,A,골목상권,2111015,석촌역 3번,10426,5709,4717,30,1452,2254,2337,2280,2073,12,599,1276,1315,1174,1333,18,853,978,1022,1106,740
2019,1,A,골목상권,2111014,송파나루역 2번,9245,5418,3827,36,1426,2311,2224,1993,1255,21,680,1440,1400,1035,842,15,746,871,824,958,413
2019,1,A,골목상권,2111013,송파나루역 1번(송리단길),10986,6345,4641,31,1746,2695,2498,2263,1753,16,809,1665,1514,1149,1192,15,937,1030,984,1114,561
2019,1,A,골목상권,2111012,석촌역 6번,6568,3422,3146,21,930,1368,1422,1353,1474,7,314,749,782,672,898,14,616,619,640,681,576
2019,1,A,골목상권,2111011,잠실나루역,1131,533,598,1,132,223,315,252,208,0,44,83,124,120,162,1,88,140,191,132,46
2019,1,A,골목상권,2111010,석촌역 7번,9303,5334,3969,45,1578,2040,1958,1671,2011,14,622,1207,1115,822,1554,31,956,833,843,849,457
2019,1,A,골목상권,2111009,송파책박물관,2290,1381,909,8,276,474,570,606,356,4,108,279,374,382,234,4,168,195,196,224,122
2019,1,A,골목상권,2111008,석촌고분역 3번,5224,3041,2183,12,708,1177,1326,1212,789,7,303,698,859,665,509,5,405,479,467,547,280
2019,1,A,골목상권,2111007,석촌고분역 4번,5301,3018,2283,16,718,1188,1255,1279,845,7,373,741,780,615,502,9,345,447,475,664,343
2019,1,A,골목상권,2111006,석촌고분역 1번,9536,5106,4430,40,1528,1953,1985,1946,2084,12,567,1042,1056,859,1570,28,961,911,929,1087,514
2019,1,A,골목상권,2111005,삼전역 3번,5202,2994,2208,17,667,1055,1085,1246,1132,5,290,638,638,659,764,12,377,417,447,587,368
2019,1,A,골목상권,2111004,삼전역 1번,12315,7309,5006,90,1843,2855,2857,2520,2150,58,812,1641,1808,1539,1451,32,1031,1214,1049,981,699
2019,1,A,골목상권,2111003,삼전역 4번,6857,4023,2834,69,788,1470,1510,1390,1630,51,338,850,906,778,1100,18,450,620,604,612,530
2019,1,A,골목상권,2111002,한국교통안전공단 강남자동차검사소,948,624,324,0,50,167,258,254,219,0,24,102,162,175,161,0,26,65,96,79,58
2019,1,A,골목상권,2111001,아래방죽마을공원(율현초등학교),954,485,469,1,87,186,240,235,205,1,22,71,108,141,142,0,65,115,132,94,63
2019,1,A,골목상권,2111000,대왕초등학교(세곡동사거리서남측),882,300,582,3,155,190,203,197,134,3,53,57,53,63,71,0,102,133,150,134,63
2019,1,A,골목상권,2110999,윗방죽마을공원,2668,1511,1157,5,401,645,664,528,425,4,167,330,355,320,335,1,234,315,309,208,90
2019,1,A,골목상권,2110998,은곡마을(은곡마을공원),1379,728,651,1,238,339,298,272,231,0,88,162,138,145,195,1,150,177,160,127,36
2019,1,A,골목상권,2110997,대청초등학교,11235,3887,7348,9,2880,3305,2340,1696,1005,6,590,1066,896,764,565,3,2290,2239,1444,932,440
2019,1,A,골목상권,2110996,대치2동주민센터,11736,6692,5044,32,1973,3567,3076,1903,1185,9,746,2060,2009,1110,758,23,1227,1507,1067,793,427
2019,1,A,골목상권,2110995,봉은사역 4번,30937,19780,11157,65,6324,8115,5766,5603,5064,26,3412,5768,4143,3303,3128,39,2912,2347,1623,2300,1936
2019,1,A,골목상권,2110994,개포고등학교,1237,664,573,14,158,261,300,329,175,10,72,131,171,175,105,4,86,130,129,154,70
2019,1,A,골목상권,2110993,개포지하차도 북측,326,208,118,0,38,54,80,95,59,0,20,29,48,68,43,0,18,25,32,27,16
2019,1,A,골목상권,2110992,도곡초등학교,9439,4406,5033,40,1870,2667,2278,1615,969,15,564,1225,1158,811,633,25,1306,1442,1120,804,336
2019,1,A,골목상권,2110991,삼성중앙역 5번,44619,24383,20236,248,12405,15033,10296,4923,1714,100,4427,8067,7216,3441,1132,148,7978,6966,3080,1482,582
2019,1,A,골목상권,2110990,청담역 12번,10324,6239,4085,30,1841,3152,2631,1443,1227,13,697,1855,1955,939,780,17,1144,1297,676,504,447
2019,1,A,골목상권,2110989,대치동아우편취급국,25534,14803,10731,146,5241,9218,6638,2995,1296,21,2279,5556,4185,1888,874,125,2962,3662,2453,1107,422
2019,1,A,골목상권,2110988,청담역 3번,10704,6262,4442,59,1863,3146,2761,1676,1199,29,672,1865,1971,1013,712,30,1191,1281,790,663,487
2019,1,A,골목상권,2110987,영동대교남단,9553,5267,4286,68,2251,3149,2074,1320,691,14,823,1759,1381,796,494,54,1428,1390,693,524,197
2019,1,A,골목상권,2110986,삼성중앙역 7번,14310,8304,6006,48,3508,5181,3185,1602,786,15,1487,3203,2183,921,495,33,2021,1978,1002,681,291
2019,1,A,골목상권,2110985,청담근린공원,11541,6124,5417,81,2829,3784,2519,1526,802,17,977,2063,1614,898,555,64,1852,1721,905,628,247
2019,1,A,골목상권,2110984,포이초등학교(개포목련어린이공원),10371,6708,3663,26,1358,2665,2723,2165,1434,16,681,1747,1809,1464,991,10,677,918,914,701,443
2019,1,A,골목상권,2110983,국립국악고등학교,6156,3546,2610,11,697,1319,1683,1433,1013,3,303,789,937,774,740,8,394,530,746,659,273
2019,1,A,골목상권,2110982,강남구보훈회관,8717,4265,4452,39,1525,3056,1887,1389,821,21,593,1391,951,790,519,18,932,1665,936,599,302
2019,1,A,골목상권,2110981,국악고교사거리,23687,13482,10205,67,3254,6037,6317,5207,2805,29,1486,3816,3690,2651,1810,38,1768,2221,2627,2556,995
2019,1,A,골목상권,2110980,개포지구대옆,21476,12172,9304,55,3056,5680,5133,4320,3232,18,1456,3741,3077,2167,1713,37,1600,1939,2056,2153,1519
2019,1,A,골목상권,2110979,청담초등학교,14249,4660,9589,83,5045,5394,2325,951,451,15,1157,1860,936,408,284,68,3888,3534,1389,543,167
2019,1,A,골목상권,2110978,도곡2동주민센터(대치중학교),19728,6183,13545,152,3549,3765,6343,4005,1914,70,1481,1665,1261,831,875,82,2068,2100,5082,3174,1039
2019,1,A,골목상권,2110977,논현로18길,20040,11028,9012,59,2835,5192,5455,4448,2051,23,1242,3200,3108,2139,1316,36,1593,1992,2347,2309,735
2019,1,A,골목상권,2110976,언북초등학교,15006,5569,9437,76,4927,5436,2657,1194,716,10,1238,2082,1175,621,443,66,3689,3354,1482,573,273
2019,1,A,골목상권,2110975,매봉역 1번,16839,4987,11852,139,3274,3428,6004,3457,537,65,1366,1493,1087,585,391,74,1908,1935,4917,2872,146
2019,1,A,골목상권,2110974,언주중학교,10176,5034,5142,43,2814,3400,2170,1092,657,22,961,1673,1305,649,424,21,1853,1727,865,443,233
2019,1,A,골목상권,2110973,강남구청역 4번,15261,7586,7675,46,2652,4262,3752,2936,1613,16,839,2096,2025,1586,1024,30,1813,2166,1727,1350,589
2019,1,A,골목상권,2110972,강남세브란스병원미래의학연구센터,18030,9352,8678,118,4763,5405,4062,2312,1370,36,1755,2806,2440,1369,946,82,3008,2599,1622,943,424
2019,1,A,골목상권,2110971,선정릉역 4번,64179,32834,31345,277,16596,18357,13988,9109,5852,113,6339,10312,8149,4616,3305,164,10257,8045,5839,4493,2547
2019,1,A,골목상권,2110970,학동초등학교,15409,7907,7502,83,3912,5177,3634,1723,880,34,1349,2740,2182,1038,564,49,2563,2437,1452,685,316
2019,1,A,골목상권,2110969,베르사이유1아파트,69576,41282,28294,312,16082,21983,16881,10570,3748,108,7064,14209,11589,6128,2184,204,9018,7774,5292,4442,1564
2019,1,A,골목상권,2110968,강남구청역 2번,20480,10775,9705,73,4699,6385,4757,2915,1651,34,1671,3370,3020,1627,1053,39,3028,3015,1737,1288,598
2019,1,A,골목상권,2110967,역삼역 8번,56245,35377,20868,256,11824,16746,13562,9746,4111,103,5710,11473,9827,5853,2411,153,6114,5273,3735,3893,1700
2019,1,A,골목상권,2110966,논현2동주민센터,35963,19992,15971,122,7306,10973,8490,5643,3429,25,2602,6019,5537,3597,2212,97,4704,4954,2953,2046,1217
2019,1,A,골목상권,2110965,언주역 6번,26918,15339,11579,96,5913,7311,5924,4261,3413,42,2436,4362,4121,2389,1989,54,3477,2949,1803,1872,1424
2019,1,A,골목상권,2110964,싸리고개근린공원,6558,3671,2887,16,1300,1826,1639,1025,752,6,461,991,1067,607,539,10,839,835,572,418,213
2019,1,A,골목상권,2110963,역삼월드메르디앙아파트,18613,10427,8186,62,3737,5683,4507,2628,1996,16,1267,3023,3019,1711,1391,46,2470,2660,1488,917,605
2019,1,A,골목상권,2110962,도산공원북측,9929,4572,5357,62,3092,3427,1745,948,655,18,1105,1819,977,356,297,44,1987,1608,768,592,358
2019,1,A,골목상권,2110961,언주역 3번,28976,14626,14350,132,7518,8479,5893,3370,3584,52,2434,4453,3555,1726,2406,80,5084,4026,2338,1644,1178
2019,1,A,골목상권,2110960,은광여고,20676,12249,8427,88,3863,6217,4946,3122,2440,43,1685,3584,3239,2025,1673,45,2178,2633,1707,1097,767
2019,1,A,골목상권,2110959,신구중학교,13490,6206,7284,154,3697,3797,2438,1801,1603,52,1419,1947,1384,686,718,102,2278,1850,1054,1115,885
2019,1,A,골목상권,2110958,역삼역 4번,65552,40227,25325,295,14616,21196,16387,10023,3035,116,6561,13729,11613,6247,1961,179,8055,7467,4774,3776,1074
2019,1,A,골목상권,2110957,언북중학교,35548,19035,16513,140,8340,11368,8284,4147,3269,35,2690,6172,5251,2644,2243,105,5650,5196,3033,1503,1026
2019,1,A,골목상권,2110956,언주역 8번,19541,10805,8736,111,5068,5600,4238,2783,1741,46,2044,3063,2876,1631,1145,65,3024,2537,1362,1152,596
2019,1,A,골목상권,2110955,논현초등학교,23709,13031,10678,95,6039,7084,5188,2905,2398,33,2265,3995,3399,1753,1586,62,3774,3089,1789,1152,812
2019,1,A,골목상권,2110954,국기원,28293,13995,14298,184,8223,9274,6007,2914,1691,50,2536,4742,3793,1831,1043,134,5687,4532,2214,1083,648
2019,1,A,골목상권,2110953,학동근린공원,28204,14468,13736,138,8438,9413,6011,2596,1608,49,2770,5052,3817,1608,1172,89,5668,4361,2194,988,436
2019,1,A,골목상권,2110952,논현목련공원,9717,5407,4310,27,2011,3133,2566,1218,762,9,816,1814,1566,681,521,18,1195,1319,1000,537,241
2019,1,A,골목상권,2110951,신사은행나무공원,17757,8574,9183,121,5803,5490,3462,1718,1163,49,1852,2738,2107,1007,821,72,3951,2752,1355,711,342
2019,1,A,골목상권,2110950,논현역 7번,23887,12897,10990,70,5679,8260,5874,2654,1350,20,1975,4706,3711,1602,883,50,3704,3554,2163,1052,467
2019,1,A,골목상권,2110949,한남IC,10793,5332,5461,62,3039,3506,2339,1147,700,26,987,1878,1373,613,455,36,2052,1628,966,534,245
2019,1,A,골목상권,2110948,헌인가구단지,300,161,139,0,30,71,92,83,24,0,6,39,56,40,20,0,24,32,36,43,4
2019,1,A,골목상권,2110947,청계산입구역 2번(내곡동주민센터),943,507,436,3,160,238,241,180,121,2,60,141,139,93,72,1,100,97,102,87,49
2019,1,A,골목상권,2110946,청계산원터골,804,458,346,3,133,205,209,154,100,2,52,129,133,84,58,1,81,76,76,70,42
2019,1,A,골목상권,2110945,본마을노인복지센터(서초구립내곡도서관),513,268,245,0,47,121,147,116,82,0,18,63,66,59,62,0,29,58,81,57,20
2019,1,A,골목상권,2110944,서울나래학교(염곡어린이공원),84511,78255,6256,15,7290,17031,24658,33860,1657,10,6027,15177,22492,32970,1579,5,1263,1854,2166,890,78
2019,1,A,골목상권,2110943,법제교육센터(버들어린이공원),12648,6837,5811,41,1668,2837,3402,2820,1880,27,730,1704,1909,1362,1105,14,938,1133,1493,1458,775
2019,1,A,골목상권,2110942,염곡동 구룡사(포이동성당),99076,86675,12401,53,9216,20542,28340,36923,4002,25,6945,17347,24724,34594,3040,28,2271,3195,3616,2329,962
2019,1,A,골목상권,2110941,언남고등학교,6613,4014,2599,31,1092,1720,1813,1242,715,8,525,1077,1156,754,494,23,567,643,657,488,221
2019,1,A,골목상권,2110940,양재근린공원(양재2동주민센터),10987,6307,4680,321,3047,2536,2184,1700,1199,129,1492,1447,1340,1001,898,192,1555,1089,844,699,301
2019,1,A,골목상권,2110939,양재역 8번(양재동우체국),36089,20743,15346,160,6920,9883,7813,6061,5252,62,3007,6143,4948,3471,3112,98,3913,3740,2865,2590,2140
2019,1,A,골목상권,2110938,바우뫼공원,12284,7451,4833,334,3551,3312,2455,1579,1053,145,1768,2123,1751,985,679,189,1783,1189,704,594,374
2019,1,A,골목상권,2110937,방아다리근린공원(횃불트리니티신학대학원대학교),12749,8046,4703,46,2131,3767,3061,2242,1502,20,998,2441,2168,1497,922,26,1133,1326,893,745,580
2019,1,A,골목상권,2110936,더케이호텔(양재리본타워2단지아파트),9104,6115,2989,302,3009,2608,1808,983,394,127,1690,1818,1427,752,301,175,1319,790,381,231,93
2019,1,A,골목상권,2110935,한전아트센터,8919,5866,3053,20,1697,2587,2264,1433,918,8,852,1746,1630,955,675,12,845,841,634,478,243
2019,1,A,골목상권,2110934,우면주공아파트,4414,3065,1349,8,555,806,890,1251,904,3,272,541,659,897,693,5,283,265,231,354,211
2019,1,A,골목상권,2110933,한국상담대학원대학교,6373,4293,2080,18,1181,2080,1661,925,508,11,596,1415,1233,663,375,7,585,665,428,262,133
2019,1,A,골목상권,2110932,서울시인재개발원,17624,9054,8570,117,4486,4797,3981,3031,1212,75,2140,3017,2138,1065,619,42,2346,1780,1843,1966,593
2019,1,A,골목상권,2110931,삼성전자서울R&D(서울우면초등학교),736,286,450,4,79,104,114,180,255,4,23,28,49,81,101,0,56,76,65,99,154
2019,1,A,골목상권,2110930,서초동성당,15695,8680,7015,26,3120,4795,4252,2357,1145,9,1491,2711,2263,1415,791,17,1629,2084,1989,942,354
2019,1,A,골목상권,2110929,남부터미널역 1번,25754,15593,10161,87,5071,7735,6512,3882,2467,30,2059,4748,4502,2485,1769,57,3012,2987,2010,1397,698
2019,1,A,골목상권,2110928,서초우방유쉘아파트,23711,13608,10103,128,5109,6853,5672,3814,2135,41,2091,4137,3602,2243,1494,87,3018,2716,2070,1571,641
2019,1,A,골목상권,2110927,잠원역,1104,500,604,2,142,239,208,238,275,0,30,88,82,96,204,2,112,151,126,142,71
2019,1,A,골목상권,2110926,신중초등학교,14062,8717,5345,40,2667,4499,3696,1955,1205,14,1093,2868,2713,1287,742,26,1574,1631,983,668,463
2019,1,A,골목상권,2110925,서초중학교,11135,6687,4448,76,2678,3297,2383,1416,1285,34,1160,2071,1631,921,870,42,1518,1226,752,495,415
2019,1,A,골목상권,2110924,반포4동주민센터(몽마르뜨공원),25561,9787,15774,60,7092,8312,5999,3278,820,23,1462,3262,2773,1817,450,37,5630,5050,3226,1461,370
2019,1,A,골목상권,2110923,방배역 1번,5292,2965,2327,57,1104,1298,1058,884,891,8,431,745,676,456,649,49,673,553,382,428,242
2019,1,A,골목상권,2110922,내방역 1번,11131,5442,5689,30,2112,3012,2868,1932,1177,11,752,1526,1465,932,756,19,1360,1486,1403,1000,421
2019,1,A,골목상권,2110921,서울프랑스학교,5379,3173,2206,53,1167,1515,1335,845,464,17,527,945,854,565,265,36,640,570,481,280,199
2019,1,A,골목상권,2110920,방배역 2번(백석예술대학교),5552,3207,2345,57,1198,1355,1138,914,890,8,457,811,742,523,666,49,741,544,396,391,224
2019,1,A,골목상권,2110919,내방역 8번,8123,4134,3989,25,1582,2314,2049,1402,751,11,564,1201,1170,703,485,14,1018,1113,879,699,266
2019,1,A,골목상권,2110918,방배역 3번,7890,4175,3715,17,1395,1875,2008,1389,1206,5,458,912,1081,825,894,12,937,963,927,564,312
2019,1,A,골목상권,2110917,서초소방서,2857,1871,986,5,437,840,782,526,267,1,205,564,543,372,186,4,232,276,239,154,81
2019,1,A,골목상권,2110916,내방역 4번,13626,6770,6856,41,2456,3432,3710,2477,1510,21,975,1819,1808,1132,1015,20,1481,1613,1902,1345,495
2019,1,A,골목상권,2110915,서래초등학교,4980,3267,1713,11,761,1621,1260,740,587,5,326,1121,873,519,423,6,435,500,387,221,164
2019,1,A,골목상권,2110914,내방역 6번,8851,4648,4203,35,1537,2208,2350,1777,944,14,652,1268,1239,808,667,21,885,940,1111,969,277
2019,1,A,골목상권,2110913,방현초등학교(방배119안전센터),10221,4667,5554,34,1558,2181,2128,2596,1724,14,563,1221,1165,913,791,20,995,960,963,1683,933
2019,1,A,골목상권,2110912,방배동사이길,4414,2818,1596,10,672,1311,1038,699,684,4,260,865,692,484,513,6,412,446,346,215,171
2019,1,A,골목상권,2110911,방배배수지체육공원,11654,5102,6552,26,2100,3295,2337,2398,1498,14,646,1723,1325,782,612,12,1454,1572,1012,1616,886
2019,1,A,골목상권,2110910,내방역 5번,9980,5336,4644,34,1616,2355,2665,2023,1287,19,674,1321,1411,987,924,15,942,1034,1254,1036,363
2019,1,A,골목상권,2110909,남태령역(서울전자고등학교),4911,2848,2063,5,1192,1865,1044,600,205,0,333,993,811,533,178,5,859,872,233,67,27
2019,1,A,골목상권,2110908,구반포역,1967,1227,740,2,329,549,529,337,221,0,175,346,341,227,138,2,154,203,188,110,83
2019,1,A,골목상권,2110907,방배초등학교,10812,5897,4915,39,1886,2541,2838,2029,1479,18,828,1439,1485,1070,1057,21,1058,1102,1353,959,422
2019,1,A,골목상권,2110906,서문여고,4615,2786,1829,20,764,1058,1112,872,789,11,297,612,715,565,586,9,467,446,397,307,203
2019,1,A,골목상권,2110905,방배노인종합복지관(이수중학교),4443,2823,1620,6,608,1144,1145,951,589,4,316,744,802,618,339,2,292,400,343,333,250
2019,1,A,골목상권,2110904,이수역 5번,7063,3879,3184,16,1277,1782,1719,1248,1021,7,541,986,993,706,646,9,736,796,726,542,375
2019,1,A,골목상권,2110903,방배아이파크아파트,6172,3289,2883,15,834,1412,1460,1368,1083,9,340,833,851,647,609,6,494,579,609,721,474
2019,1,A,골목상권,2110902,사당역 4번,7156,4073,3083,33,1494,1702,1700,1445,782,22,664,978,1059,818,532,11,830,724,641,627,250
2019,1,A,골목상권,2110901,인헌고등학교(인헌중학교),1613,695,918,6,217,384,436,375,195,2,57,186,181,156,113,4,160,198,255,219,82
2019,1,A,골목상권,2110900,낙성대역 1번(관악구민 종합체육센터),4013,2195,1818,19,629,935,868,764,798,9,223,489,432,429,613,10,406,446,436,335,185
2019,1,A,골목상권,2110899,낙성대역 5번(관악중학교),3558,2067,1491,19,641,951,787,617,543,9,264,587,483,330,394,10,377,364,304,287,149
2019,1,A,골목상권,2110898,청림동주민센터(상도중학교),1269,535,734,2,171,268,354,292,182,0,51,123,140,108,113,2,120,145,214,184,69
2019,1,A,골목상권,2110897,서울대입구역 8번,5585,2777,2808,29,988,1231,1282,1107,948,9,391,644,662,526,545,20,597,587,620,581,403
2019,1,A,골목상권,2110896,관악우성아파트,2071,958,1113,7,316,431,488,429,400,2,119,227,251,188,171,5,197,204,237,241,229
2019,1,A,골목상권,2110895,샤로수길,11341,6429,4912,46,1730,2601,2533,2561,1870,14,759,1447,1394,1531,1284,32,971,1154,1139,1030,586
2019,1,A,골목상권,2110894,관악동부센트레빌아파트(은천로35라길),1454,730,724,5,193,318,362,305,271,2,85,176,177,150,140,3,108,142,185,155,131
2019,1,A,골목상권,2110893,관악소방서(문영여고),2160,1593,567,1,303,674,499,489,194,0,194,511,368,383,137,1,109,163,131,106,57
2019,1,A,골목상권,2110892,관악구 중앙길,6329,2775,3554,27,1036,1374,1541,1239,1112,6,330,613,723,546,557,21,706,761,818,693,555
2019,1,A,골목상권,2110891,구암초등학교,1277,435,842,5,179,269,343,293,188,2,50,103,100,100,80,3,129,166,243,193,108
2019,1,A,골목상권,2110890,봉천역 1번(관악초등학교),2559,1333,1226,3,393,531,646,514,472,0,156,284,357,249,287,3,237,247,289,265,185
2019,1,A,골목상권,2110889,봉천역 6번,2868,1022,1846,2,391,582,714,641,538,1,90,230,294,200,207,1,301,352,420,441,331
2019,1,A,골목상권,2110888,청룡동주민센터,1517,815,702,2,177,320,409,343,266,0,82,164,201,185,183,2,95,156,208,158,83
2019,1,A,골목상권,2110887,서울산업정보학교(서울삼성초등학교),1749,1031,718,7,172,336,457,541,236,2,64,174,262,353,176,5,108,162,195,188,60
2019,1,A,골목상권,2110886,관악해태어린이공원,2006,1181,825,9,239,380,542,567,269,4,104,213,308,370,182,5,135,167,234,197,87
2019,1,A,골목상권,2110885,영락고등학교,1477,740,737,3,126,240,383,413,312,2,46,119,179,197,197,1,80,121,204,216,115
2019,1,A,골목상권,2110884,봉천역 4번(봉천110안전센터),4006,1798,2208,3,569,798,931,1014,691,3,167,373,418,434,403,0,402,425,513,580,288
2019,1,A,골목상권,2110883,은천초등학교(은천교앞),3076,1523,1553,8,426,623,733,803,483,5,150,308,357,376,327,3,276,315,376,427,156
2019,1,A,골목상권,2110882,신성초등학교,3163,1849,1314,11,307,496,813,913,623,6,142,292,471,538,400,5,165,204,342,375,223
2019,1,A,골목상권,2110881,구립대학경로당(관악산샘말공원),3549,1945,1604,12,412,689,886,955,595,5,166,354,463,552,405,7,246,335,423,403,190
2019,1,A,골목상권,2110880,신림역 1번,3252,1326,1926,15,802,738,691,622,384,6,232,309,313,242,224,9,570,429,378,380,160
2019,1,A,골목상권,2110879,신림현대아파트,1916,985,931,6,213,271,455,531,440,4,88,141,234,249,269,2,125,130,221,282,171
2019,1,A,골목상권,2110878,미림여고,675,306,369,1,81,157,141,164,131,0,19,68,64,70,85,1,62,89,77,94,46
2019,1,A,골목상권,2110877,신림역 8번,5515,2525,2990,29,1110,1215,1245,1148,768,14,377,552,605,514,463,15,733,663,640,634,305
2019,1,A,골목상권,2110876,서원동주민센터(신관중학교),2322,1086,1236,9,372,370,442,538,591,3,132,175,211,218,347,6,240,195,231,320,244
2019,1,A,골목상권,2110875,보라매동주민센터(당곡고등학교),2178,1133,1045,13,302,470,525,503,365,6,141,233,267,252,234,7,161,237,258,251,131
2019,1,A,골목상권,2110874,원신초등학교(구세군관악영문교회),1944,955,989,5,212,382,465,489,391,3,60,167,222,233,270,2,152,215,243,256,121
2019,1,A,골목상권,2110873,당곡중학교,10129,4651,5478,35,1744,3176,2930,1620,624,12,556,1366,1348,961,408,23,1188,1810,1582,659,216
2019,1,A,골목상권,2110872,신림초등학교,759,281,478,1,121,177,181,159,120,1,51,69,67,45,48,0,70,108,114,114,72
2019,1,A,골목상권,2110871,신원동주민센터,2682,1193,1489,15,462,447,532,584,642,7,198,216,247,214,311,8,264,231,285,370,331
2019,1,A,골목상권,2110870,신림주공2단지(광신고등학교),380,166,214,3,35,73,92,105,72,2,6,25,39,56,38,1,29,48,53,49,34
2019,1,A,골목상권,2110869,"신림역 5번(신림동주민센터, 신림동별빛거리)",10212,5410,4802,45,1712,2465,2905,1931,1154,20,719,1199,1542,1205,725,25,993,1266,1363,726,429
2019,1,A,골목상권,2110868,남부초등학교,3472,1620,1852,13,499,580,727,895,758,4,219,303,348,370,376,9,280,277,379,525,382
2019,1,A,골목상권,2110867,국제신학대학원대학교(남서울중학교),3281,1537,1744,11,383,555,723,863,746,1,163,280,347,376,370,10,220,275,376,487,376
2019,1,A,골목상권,2110866,난우중학교,1338,505,833,1,188,305,349,343,152,0,44,94,144,145,78,1,144,211,205,198,74
2019,1,A,골목상권,2110865,남강고등학교(남강중학교),1743,663,1080,7,226,347,453,440,270,3,59,138,191,170,102,4,167,209,262,270,168
2019,1,A,골목상권,2110864,신림우방아파트,1414,715,699,1,170,286,369,388,200,1,63,146,181,189,135,0,107,140,188,199,65
2019,1,A,골목상권,2110863,난우초등학교,1914,820,1094,8,244,380,471,485,326,3,67,163,221,212,154,5,177,217,250,273,172
2019,1,A,골목상권,2110862,난곡초등학교(난곡동벽화마을),1395,547,848,5,206,278,358,330,218,1,52,112,154,124,104,4,154,166,204,206,114
2019,1,A,골목상권,2110861,관악구신사동주민센터,4126,2070,2056,7,457,812,980,1075,795,0,153,441,478,515,483,7,304,371,502,560,312
2019,1,A,골목상권,2110860,호림박물관(성보고등학교),3038,1536,1502,5,330,562,713,850,578,0,111,282,356,437,350,5,219,280,357,413,228
2019,1,A,골목상권,2110859,난향초등학교,804,309,495,0,71,149,201,225,158,0,11,46,82,79,91,0,60,103,119,146,67
2019,1,A,골목상권,2110858,신대방역 1번,2388,1719,669,7,407,700,644,420,210,6,285,559,470,258,141,1,122,141,174,162,69
2019,1,A,골목상권,2110857,미성동주민센터,1995,826,1169,8,222,392,508,518,347,3,67,156,214,207,179,5,155,236,294,311,168
2019,1,A,골목상권,2110856,미성초등학교,5138,3366,1772,6,425,826,939,1062,1880,3,181,462,517,613,1590,3,244,364,422,449,290
2019,1,A,골목상권,2110855,신대방역 2번,6869,4856,2013,8,785,1371,1402,1290,2013,6,449,960,910,825,1706,2,336,411,492,465,307
2019,1,A,골목상권,2110854,조원동주민센터,4260,3017,1243,7,354,660,737,896,1606,2,182,413,440,540,1440,5,172,247,297,356,166
2019,1,A,골목상권,2110853,KT구로지사,4915,2514,2401,15,684,1017,1154,1190,855,6,243,522,602,576,565,9,441,495,552,614,290
2019,1,A,골목상권,2110852,이수역 9번,5376,3037,2339,12,818,1363,1522,1046,615,4,341,771,911,607,403,8,477,592,611,439,212
2019,1,A,골목상권,2110851,경문고등학교(동작동성당),3728,1593,2135,19,450,790,932,1030,507,11,149,423,415,357,238,8,301,367,517,673,269
2019,1,A,골목상권,2110850,사당역 10번,11626,6573,5053,44,2105,2662,2800,2422,1593,26,926,1543,1711,1359,1008,18,1179,1119,1089,1063,585
2019,1,A,골목상권,2110849,이수역 10번,5336,2470,2866,26,773,1100,1250,1160,1027,12,255,521,588,522,572,14,518,579,662,638,455
2019,1,A,골목상권,2110848,양지어린이공원,4530,2301,2229,6,533,852,1112,900,1127,2,200,436,570,414,679,4,333,416,542,486,448
2019,1,A,골목상권,2110847,예술인마을,3012,1646,1366,1,595,726,698,642,350,0,240,416,414,337,239,1,355,310,284,305,111
2019,1,A,골목상권,2110846,남성역 1번,3539,1769,1770,4,360,621,767,753,1034,2,142,275,346,351,653,2,218,346,421,402,381
2019,1,A,골목상권,2110845,사당종합체육관,757,438,319,0,76,111,166,226,178,0,19,60,88,143,128,0,57,51,78,83,50
2019,1,A,골목상권,2110844,흑석2치안센터,735,409,326,2,86,116,160,211,160,0,38,69,81,111,110,2,48,47,79,100,50
2019,1,A,골목상권,2110843,사당5동주민센터,1391,679,712,4,192,298,348,364,185,2,71,120,162,192,132,2,121,178,186,172,53
2019,1,A,골목상권,2110842,흑리단길,2924,923,2001,2,750,851,644,462,215,1,159,240,223,186,114,1,591,611,421,276,101
2019,1,A,골목상권,2110841,중대부중,5319,2425,2894,4,1072,1446,1263,1081,453,1,267,537,653,653,314,3,805,909,610,428,139
2019,1,A,골목상권,2110840,중앙대학교,5350,2381,2969,6,1117,1458,1256,1061,452,3,282,546,642,619,289,3,835,912,614,442,163
2019,1,A,골목상권,2110839,숭실대입구역 4번,2666,1309,1357,10,358,644,708,625,321,4,129,277,324,350,225,6,229,367,384,275,96
2019,1,A,골목상권,2110838,상도1동주민센터앞,2459,1277,1182,13,298,594,673,578,303,4,114,260,331,354,214,9,184,334,342,224,89
2019,1,A,골목상권,2110837,숭실대입구역 1번,3667,1751,1916,14,459,859,996,847,492,5,171,367,450,450,308,9,288,492,546,397,184
2019,1,A,골목상권,2110836,상도역 5번,5061,2735,2326,12,789,1174,1313,1122,651,3,315,573,740,695,409,9,474,601,573,427,242
2019,1,A,골목상권,2110835,상도역 1번,2066,948,1118,7,406,464,507,440,242,2,171,214,231,207,123,5,235,250,276,233,119
2019,1,A,골목상권,2110834,동작구자원봉사센터,1423,630,793,11,184,274,335,364,255,4,77,155,154,140,100,7,107,119,181,224,155
2019,1,A,골목상권,2110833,상도역 2번,2585,1135,1450,7,434,551,674,644,275,2,164,230,294,310,135,5,270,321,380,334,140
2019,1,A,골목상권,2110832,노량진초등학교,7303,4145,3158,33,993,1765,1751,1803,958,12,510,930,1017,1102,574,21,483,835,734,701,384
2019,1,A,골목상권,2110831,상도4동주민센터,1404,589,815,0,172,302,384,372,174,0,59,114,158,157,101,0,113,188,226,215,73
2019,1,A,골목상권,2110830,상도초등학교,2020,718,1302,0,269,396,567,473,315,0,79,128,200,158,153,0,190,268,367,315,162
2019,1,A,골목상권,2110829,장승배기역 5번,3105,1531,1574,1,450,618,718,827,491,0,245,306,342,395,243,1,205,312,376,432,248
2019,1,A,골목상권,2110828,노량진역 6번,9354,5202,4152,27,1167,2735,2386,1990,1049,10,517,1457,1382,1158,678,17,650,1278,1004,832,371
2019,1,A,골목상권,2110827,NH농협은행 상도동지점,2409,902,1507,16,346,482,600,571,394,6,107,198,239,190,162,10,239,284,361,381,232
2019,1,A,골목상권,2110826,장승배기역 4번,3274,1282,1992,16,479,633,781,773,592,6,174,286,295,275,246,10,305,347,486,498,346
2019,1,A,골목상권,2110825,신대방삼거리역 1번,3421,1384,2037,17,464,717,836,816,571,6,141,300,367,298,272,11,323,417,469,518,299
2019,1,A,골목상권,2110824,대방역 3번,3947,1924,2023,8,719,1007,947,766,500,0,268,525,478,359,294,8,451,482,469,407,206
2019,1,A,골목상권,2110823,신대방삼거리역 3번,13298,6315,6983,34,2174,4155,3849,2185,901,9,689,1925,1943,1241,508,25,1485,2230,1906,944,393
2019,1,A,골목상권,2110822,신대방삼거리역 4번(대림초등학교),4622,2500,2122,45,548,1014,1041,1106,868,5,208,567,559,620,541,40,340,447,482,486,327
2019,1,A,골목상권,2110821,보라매역 2번,10985,5682,5303,88,1500,2591,2831,2504,1471,17,670,1474,1381,1294,846,71,830,1117,1450,1210,625
2019,1,A,골목상권,2110820,성남고등학교,2374,1172,1202,5,246,495,574,690,364,4,100,229,254,350,235,1,146,266,320,340,129
2019,1,A,골목상권,2110819,신대방역 4번,6579,3475,3104,11,1328,1637,1683,1257,663,8,463,899,955,736,414,3,865,738,728,521,249
2019,1,A,골목상권,2110818,신대방역 3번,3153,2050,1103,9,506,774,831,600,433,7,310,554,547,356,276,2,196,220,284,244,157
2019,1,A,골목상권,2110817,대방역 4번,4697,2309,2388,9,779,1048,1098,956,807,2,275,509,569,456,498,7,504,539,529,500,309
2019,1,A,골목상권,2110816,대방역 6번,4159,2104,2055,6,701,895,955,852,750,1,254,444,525,419,461,5,447,451,430,433,289
2019,1,A,골목상권,2110815,공군호텔,5925,3019,2906,17,920,1379,1420,1282,907,7,300,685,764,669,594,10,620,694,656,613,313
2019,1,A,골목상권,2110814,서울지방병무청,4560,2304,2256,17,604,929,1000,1195,815,8,218,475,494,597,512,9,386,454,506,598,303
2019,1,A,골목상권,2110813,보라매역 6번,5470,3061,2409,47,722,1094,1186,1294,1127,10,282,634,660,714,761,37,440,460,526,580,366
2019,1,A,골목상권,2110812,신길6동주민센터,9560,4918,4642,83,1312,2352,2547,2141,1125,16,583,1336,1229,1100,654,67,729,1016,1318,1041,471
2019,1,A,골목상권,2110811,보라매역 4번,8683,4500,4183,83,1184,2149,2305,1945,1017,16,550,1220,1098,1017,599,67,634,929,1207,928,418
2019,1,A,골목상권,2110810,영신초등학교,4126,2077,2049,4,434,820,1005,1048,815,4,141,400,523,520,489,0,293,420,482,528,326
2019,1,A,골목상권,2110809,장훈고등학교,1769,768,1001,4,224,408,459,429,245,3,74,190,207,181,113,1,150,218,252,248,132
2019,1,A,골목상권,2110808,신길역 1번,2738,1407,1331,26,503,580,530,567,532,14,225,315,257,261,335,12,278,265,273,306,197
2019,1,A,골목상권,2110807,신길역 3번,3279,1715,1564,26,624,815,631,599,584,14,245,424,352,303,377,12,379,391,279,296,207
2019,1,A,골목상권,2110806,서울시립영등포장애인복지관,3754,2533,1221,3,423,804,911,912,701,2,186,480,662,676,527,1,237,324,249,236,174
2019,1,A,골목상권,2110805,신길새마을금고신길4동지점,1300,682,618,1,200,281,331,283,204,1,107,160,179,129,106,0,93,121,152,154,98
2019,1,A,골목상권,2110804,신풍역 1번,2974,1428,1546,7,339,590,712,715,611,3,142,291,322,316,354,4,197,299,390,399,257
2019,1,A,골목상권,2110803,신길2동우편취급국,2292,993,1299,3,233,469,539,589,459,1,77,215,217,261,222,2,156,254,322,328,237
2019,1,A,골목상권,2110802,신길동홍어거리,1720,696,1024,2,172,349,401,437,359,1,52,162,174,181,126,1,120,187,227,256,233
2019,1,A,골목상권,2110801,신풍역 6번(신길6동공영주차장),656,264,392,2,85,134,165,158,112,0,25,57,53,63,66,2,60,77,112,95,46
2019,1,A,골목상권,2110800,영등포동성당,7205,4586,2619,7,941,1542,1690,1648,1377,4,388,931,1155,1168,940,3,553,611,535,480,437
2019,1,A,골목상권,2110799,영등포본동주민센터,1828,953,875,14,268,324,426,425,371,6,113,181,217,231,205,8,155,143,209,194,166
2019,1,A,골목상권,2110798,신풍역 2번,1459,552,907,4,163,251,355,375,311,0,49,104,124,135,140,4,114,147,231,240,171
2019,1,A,골목상권,2110797,KT대방빌딩,1846,615,1231,2,601,444,386,285,128,0,109,169,120,126,91,2,492,275,266,159,37
2019,1,A,골목상권,2110796,한림대학교한강성심병원,8433,5979,2454,10,894,1407,1728,1752,2642,7,419,889,1182,1278,2204,3,475,518,546,474,438
2019,1,A,골목상권,2110795,도림초등학교,2344,1077,1267,3,244,534,580,565,418,1,73,256,301,252,194,2,171,278,279,313,224
2019,1,A,골목상권,2110794,영동초등학교,13620,9321,4299,37,1950,3294,3024,2386,2929,19,1038,2228,2100,1556,2380,18,912,1066,924,830,549
2019,1,A,골목상권,2110793,대림썬프라자,1861,651,1210,2,607,453,386,279,134,0,115,173,138,129,96,2,492,280,248,150,38
2019,1,A,골목상권,2110792,영등포역 2번,4523,2217,2306,20,505,964,1033,1142,859,6,186,454,534,549,488,14,319,510,499,593,371
2019,1,A,골목상권,2110791,신풍역 3번,1446,584,862,2,158,306,340,394,246,0,77,124,123,146,114,2,81,182,217,248,132
2019,1,A,골목상권,2110790,대림1동주민센터,1995,893,1102,9,258,359,494,504,371,4,100,172,204,214,199,5,158,187,290,290,172
2019,1,A,골목상권,2110789,대림성모병원,3499,1305,2194,2,828,783,750,702,434,1,159,306,314,313,212,1,669,477,436,389,222
2019,1,A,골목상권,2110788,영등포시장역 3번,3470,1871,1599,6,446,777,875,749,617,0,183,394,491,419,384,6,263,383,384,330,233
2019,1,A,골목상권,2110787,신길3동주민센터,1917,902,1015,2,171,415,503,512,314,1,56,171,243,227,204,1,115,244,260,285,110
2019,1,A,골목상권,2110786,당산역 8번,10128,6228,3900,55,1244,1754,2234,2445,2396,22,685,1210,1428,1376,1507,33,559,544,806,1069,889
2019,1,A,골목상권,2110785,영등포푸르지오아파트,1909,940,969,5,216,408,485,466,329,3,52,178,258,234,215,2,164,230,227,232,114
2019,1,A,골목상권,2110784,신대림초등학교,1549,613,936,0,197,303,370,414,265,0,41,122,151,176,123,0,156,181,219,238,142
2019,1,A,골목상권,2110783,영등포시장역 1번,12935,8201,4734,77,2382,3584,3015,2499,1378,40,1220,2332,2083,1619,907,37,1162,1252,932,880,471
2019,1,A,골목상권,2110782,영등포시장역 4번,4732,2320,2412,17,795,1140,1163,922,695,3,257,540,623,483,414,14,538,600,540,439,281
2019,1,A,골목상권,2110781,대림한신아파트,2187,1039,1148,7,228,412,578,567,395,5,74,189,277,277,217,2,154,223,301,290,178
2019,1,A,골목상권,2110780,신길대성유니드아파트,1864,938,926,4,200,384,456,509,311,1,102,196,235,234,170,3,98,188,221,275,141
2019,1,A,골목상권,2110779,대림갑을명가아파트,1089,567,522,7,137,214,298,256,177,5,47,114,159,130,112,2,90,100,139,126,65
2019,1,A,골목상권,2110778,구로디지털단지역 4번,19511,11588,7923,66,4742,7235,4089,2016,1363,36,1935,4802,2732,1208,875,30,2807,2433,1357,808,488
2019,1,A,골목상권,2110777,구로세무서,19803,9847,9956,170,4167,5461,4930,3024,2051,61,1646,2781,2499,1562,1298,109,2521,2680,2431,1462,753
2019,1,A,골목상권,2110776,도신초등학교,5752,3473,2279,28,804,1411,1584,1217,708,15,389,926,1014,683,446,13,415,485,570,534,262
2019,1,A,골목상권,2110775,대동초등학교,1535,745,790,1,122,294,387,388,343,1,43,136,184,183,198,0,79,158,203,205,145
2019,1,A,골목상권,2110774,당산반도유보라팰리스아파트,22333,11617,10716,138,5402,6453,5070,3284,1986,51,1960,3392,2657,2058,1499,87,3442,3061,2413,1226,487
2019,1,A,골목상권,2110773,당산역 13번,11929,7863,4066,58,1961,3181,2707,1898,2124,16,1004,2388,1950,1105,1400,42,957,793,757,793,724
2019,1,A,골목상권,2110772,신우어린이공원,3676,2371,1305,23,570,1028,1013,708,334,11,295,714,709,428,214,12,275,314,304,280,120
2019,1,A,골목상권,2110771,대림역 11번,1981,991,990,1,209,416,544,503,308,1,68,204,267,271,180,0,141,212,277,232,128
2019,1,A,골목상권,2110770,영등포구청역 6번,10092,5012,5080,23,1220,2245,2466,2294,1844,9,456,1074,1246,1214,1013,14,764,1171,1220,1080,831
2019,1,A,골목상권,2110769,대림차이나타운(대림역 12번),1586,780,806,0,180,354,461,399,192,0,63,151,218,219,129,0,117,203,243,180,63
2019,1,A,골목상권,2110768,도림2동유수지내체육시설,4882,1924,2958,18,954,1777,1007,660,466,9,227,486,494,386,322,9,727,1291,513,274,144
2019,1,A,골목상권,2110767,도림동주민센터,7106,3409,3697,31,1280,2241,1520,1230,804,11,419,778,826,783,592,20,861,1463,694,447,212
2019,1,A,골목상권,2110766,대림역 5번,14797,9679,5118,31,2015,3581,3564,3241,2365,18,1332,2720,2497,1798,1314,13,683,861,1067,1443,1051
2019,1,A,골목상권,2110765,문래동사거리,21627,10617,11010,119,4433,6298,5289,3289,2199,47,1642,2826,2741,1888,1473,72,2791,3472,2548,1401,726
2019,1,A,골목상권,2110764,문래역 3번,6765,3661,3104,15,998,1742,1566,1172,1272,5,505,1065,788,621,677,10,493,677,778,551,595
2019,1,A,골목상권,2110763,영등포구청역 2번,18007,8641,9366,56,3221,4254,3535,3682,3259,26,1123,1991,1716,1769,2016,30,2098,2263,1819,1913,1243
2019,1,A,골목상권,2110762,선유도역 1번,32825,17502,15323,146,5908,10741,9888,4526,1616,62,2513,5829,5223,2693,1182,84,3395,4912,4665,1833,434
2019,1,A,골목상권,2110761,문래동남성맨션,6841,3366,3475,21,1204,2171,1380,1256,809,7,400,760,792,833,574,14,804,1411,588,423,235
2019,1,A,골목상권,2110760,선유도역 6번,32517,17341,15176,129,5972,11131,9751,4259,1275,48,2680,6205,5093,2432,883,81,3292,4926,4658,1827,392
2019,1,A,골목상권,2110759,문래예술촌(문래창작촌),32162,18290,13872,147,6262,8407,7919,5408,4019,56,2723,4736,4518,3252,3005,91,3539,3671,3401,2156,1014
2019,1,A,골목상권,2110758,문래소공원,15257,9816,5441,37,2898,3643,3355,2528,2796,15,1546,2350,2080,1624,2201,22,1352,1293,1275,904,595
2019,1,A,골목상권,2110757,양평역 2번,8186,5138,3048,37,1181,2081,2042,1581,1264,21,621,1417,1244,892,943,16,560,664,798,689,321
2019,1,A,골목상권,2110756,문래중학교,7316,4695,2621,17,1014,1706,1691,1278,1610,12,521,1062,957,786,1357,5,493,644,734,492,253
2019,1,A,골목상권,2110755,동일여자고등학교,2589,1154,1435,7,230,434,648,837,433,3,54,144,307,401,245,4,176,290,341,436,188
2019,1,A,골목상권,2110754,삼성산자연공원(서울금천초등학교),3113,1361,1752,7,254,497,774,1020,561,5,63,185,371,452,285,2,191,312,403,568,276
2019,1,A,골목상권,2110753,시흥동 은행나무사거리,3091,1441,1650,10,276,523,823,977,482,4,79,206,380,493,279,6,197,317,443,484,203
2019,1,A,골목상권,2110752,한울중학교,1662,650,1012,1,143,279,436,506,297,1,43,102,143,189,172,0,100,177,293,317,125
2019,1,A,골목상권,2110751,난곡중학교,5015,3293,1722,3,410,888,937,1081,1696,2,195,489,519,602,1486,1,215,399,418,479,210
2019,1,A,골목상권,2110750,시흥4동주민센터(서울신흥초등학교),1411,465,946,1,148,240,364,448,210,1,37,86,128,135,78,0,111,154,236,313,132
2019,1,A,골목상권,2110749,금산초등학교(금천고등학교),8894,5481,3413,8,730,1523,2699,2658,1276,1,385,948,1549,1600,998,7,345,575,1150,1058,278
2019,1,A,골목상권,2110748,백산초등학교,2309,1169,1140,5,263,486,635,611,309,2,121,274,313,288,171,3,142,212,322,323,138
2019,1,A,골목상권,2110747,석수역 1번 출입구,1280,903,377,6,94,212,359,391,218,1,59,139,238,285,181,5,35,73,121,106,37
2019,1,A,골목상권,2110746,금천금빛공원(은행나무사거리서측),2866,1240,1626,8,381,525,710,777,465,5,141,257,340,293,204,3,240,268,370,484,261
2019,1,A,골목상권,2110745,독산동정훈단지,1612,591,1021,3,158,252,450,463,286,1,37,90,138,164,161,2,121,162,312,299,125
2019,1,A,골목상권,2110744,독산동성당,2428,983,1445,3,231,378,660,717,439,1,74,146,225,274,263,2,157,232,435,443,176
2019,1,A,골목상권,2110743,시흥초등학교(시흥1동우체국),4037,1295,2742,6,507,589,790,995,1150,4,139,237,288,272,355,2,368,352,502,723,795
2019,1,A,골목상권,2110742,KT금천빌딩(금천구시설관리공단),6555,4206,2349,5,538,1139,1911,1938,1024,1,323,717,1165,1244,756,4,215,422,746,694,268
2019,1,A,골목상권,2110741,독산2동주민센터,2659,1370,1289,6,264,493,675,769,452,3,115,261,327,377,287,3,149,232,348,392,165
2019,1,A,골목상권,2110740,금천해태공원,6036,2547,3489,36,1222,1450,1172,1040,1116,14,539,745,451,366,432,22,683,705,721,674,684
2019,1,A,골목상권,2110739,시흥3동 우편취급국,7064,4355,2709,5,594,1171,2192,2099,1003,0,322,751,1271,1236,775,5,272,420,921,863,228
2019,1,A,골목상권,2110738,문성초등학교,4163,2156,2007,17,558,829,1044,1077,638,7,217,412,538,559,423,10,341,417,506,518,215
2019,1,A,골목상권,2110737,금천세무서,3390,1933,1457,5,348,675,859,915,588,3,136,370,487,520,417,2,212,305,372,395,171
2019,1,A,골목상권,2110736,독산119안전센터,5558,3073,2485,29,679,1030,1371,1498,951,13,324,589,743,774,630,16,355,441,628,724,321
2019,1,A,골목상권,2110735,말미고개,4613,2674,1939,22,553,887,1174,1223,754,12,301,538,661,654,508,10,252,349,513,569,246
2019,1,A,골목상권,2110734,금천파출소,3884,1770,2114,33,1075,1174,698,539,365,13,467,623,276,196,195,20,608,551,422,343,170
2019,1,A,골목상권,2110733,금천어울림복지센터,5092,2275,2817,11,529,1045,1104,1223,1180,5,198,441,481,640,510,6,331,604,623,583,670
2019,1,A,골목상권,2110732,가산초등학교(세일중학교),6126,3620,2506,11,812,1253,1428,1616,1006,7,416,785,830,906,676,4,396,468,598,710,330
2019,1,A,골목상권,2110731,금천구청역 1번 출입구,7799,3451,4348,41,1388,1963,1518,1531,1358,15,581,921,612,727,595,26,807,1042,906,804,763
2019,1,A,골목상권,2110730,서울축산농협 독산역지점(독산파출소),10249,6329,3920,39,1385,2543,2700,2401,1181,16,706,1681,1679,1430,817,23,679,862,1021,971,364
2019,1,A,골목상권,2110729,가산동우체국,12472,7488,4984,43,2354,3399,3137,2190,1349,23,1147,2151,2031,1257,879,20,1207,1248,1106,933,470
2019,1,A,골목상권,2110728,두산초등학교,26776,17393,9383,151,4640,7491,7166,4871,2457,85,2408,5114,4879,3139,1768,66,2232,2377,2287,1732,689
2019,1,A,골목상권,2110727,독산역 1번 출입구,22116,14228,7888,128,3907,6224,5945,3927,1985,74,2013,4255,3998,2495,1393,54,1894,1969,1947,1432,592
2019,1,A,골목상권,2110726,금천철쭉어린이공원(금하마을),418,194,224,1,43,66,119,100,89,0,18,33,52,45,46,1,25,33,67,55,43
2019,1,A,골목상권,2110725,가산동주민센터,32979,20205,12774,117,7111,10600,8463,4667,2021,54,3751,6931,5421,2607,1441,63,3360,3669,3042,2060,580
2019,1,A,골목상권,2110724,금천구립가산도서관,26985,17899,9086,108,5240,8290,7171,4279,1897,58,3035,5734,4892,2784,1396,50,2205,2556,2279,1495,501
2019,1,A,골목상권,2110723,가산디지털단지역 1번 출입구,54681,34838,19843,235,12099,17646,13948,7534,3219,125,5981,11705,9800,4874,2353,110,6118,5941,4148,2660,866
2019,1,A,골목상권,2110722,G타워,46653,28772,17881,157,10432,16599,11114,5225,3126,89,4763,11004,7459,3219,2238,68,5669,5595,3655,2006,888
2019,1,A,골목상권,2110721,가리봉파출소,26761,16788,9973,98,5467,8140,6575,4095,2386,53,2628,5521,4546,2422,1618,45,2839,2619,2029,1673,768
2019,1,A,골목상권,2110720,대림역 2번,3618,1954,1664,5,377,671,984,997,584,4,119,276,494,641,420,1,258,395,490,356,164
2019,1,A,골목상권,2110719,영서중학교,28065,16193,11872,195,5856,7862,6433,4895,2824,116,2860,5026,4250,2348,1593,79,2996,2836,2183,2547,1231
2019,1,A,골목상권,2110718,한국SGI본부,16779,9959,6820,33,2749,4772,3756,3296,2173,12,1461,2805,2467,1895,1319,21,1288,1967,1289,1401,854
2019,1,A,골목상권,2110717,남구로역 2번,54583,32906,21677,318,11399,15802,12972,8925,5167,194,5519,10491,8738,4722,3242,124,5880,5311,4234,4203,1925
2019,1,A,골목상권,2110716,구로나눔길,8146,3667,4479,12,1507,2248,1778,1789,812,10,398,951,836,1033,439,2,1109,1297,942,756,373
2019,1,A,골목상권,2110715,구로구민회관,13037,8233,4804,22,1758,3252,3006,3017,1982,16,1125,2251,1935,1761,1145,6,633,1001,1071,1256,837
2019,1,A,골목상권,2110714,구로4동주민센터,9829,4477,5352,10,1685,2474,2213,2317,1130,6,422,981,1001,1363,704,4,1263,1493,1212,954,426
2019,1,A,골목상권,2110713,구로보건소,8831,4945,3886,37,1234,2015,2274,2039,1232,21,532,1184,1312,1118,778,16,702,831,962,921,454
2019,1,A,골목상권,2110712,남구로역 5번,2053,827,1226,4,250,399,540,500,360,3,71,175,204,190,184,1,179,224,336,310,176
2019,1,A,골목상권,2110711,구로초등학교,9547,4390,5157,30,1808,2551,2033,2052,1073,25,556,1124,961,1137,587,5,1252,1427,1072,915,486
2019,1,A,골목상권,2110710,남구로역 3번,45253,27252,18001,161,10171,14283,11144,6478,3016,83,4747,9039,7407,3844,2132,78,5424,5244,3737,2634,884
2019,1,A,골목상권,2110709,구로119안전센터,3885,1174,2711,1,1072,1125,717,636,334,0,200,362,257,197,158,1,872,763,460,439,176
2019,1,A,골목상권,2110708,화원어린이공원,2626,1441,1185,22,411,523,623,577,470,20,204,292,325,315,285,2,207,231,298,262,185
2019,1,A,골목상권,2110707,구로창업지원센터,6846,4457,2389,16,664,1367,1744,1820,1235,13,386,846,1084,1213,915,3,278,521,660,607,320
2019,1,A,골목상권,2110706,그라운드 고척,4608,2738,1870,7,530,843,1088,1109,1031,3,222,483,647,638,745,4,308,360,441,471,286
2019,1,A,골목상권,2110705,고산초등학교,4542,2713,1829,8,534,852,1093,1173,882,2,238,487,640,671,675,6,296,365,453,502,207
2019,1,A,골목상권,2110704,고척중학교,4335,2489,1846,11,517,804,1038,1092,873,5,224,447,574,576,663,6,293,357,464,516,210
2019,1,A,골목상권,2110703,개봉역,4998,2773,2225,15,559,968,1369,1349,738,9,254,536,723,761,490,6,305,432,646,588,248
2019,1,A,골목상권,2110702,개봉초등학교,4884,2583,2301,3,183,327,488,742,3141,0,52,125,194,305,1907,3,131,202,294,437,1234
2019,1,A,골목상권,2110701,고척동성당,2408,1268,1140,7,221,384,569,584,643,0,86,204,283,309,386,7,135,180,286,275,257
2019,1,A,골목상권,2110700,고척초등학교,4226,2296,1930,4,380,702,1090,1118,932,0,174,391,567,605,559,4,206,311,523,513,373
2019,1,A,골목상권,2110699,덕의초등학교,1508,733,775,3,158,263,385,406,293,0,69,130,158,197,179,3,89,133,227,209,114
2019,1,A,골목상권,2110698,개웅초등학교(개웅중학교),5071,2651,2420,4,205,344,501,829,3188,1,54,135,183,339,1939,3,151,209,318,490,1249
2019,1,A,골목상권,2110697,개봉3동주민센터,4504,2606,1898,2,121,295,393,630,3063,1,46,173,186,298,1902,1,75,122,207,332,1161
2019,1,A,골목상권,2110696,오류동역 1번,2024,952,1072,8,276,340,511,530,359,4,87,124,228,274,235,4,189,216,283,256,124
2019,1,A,골목상권,2110695,개봉1동주민센터,2210,983,1227,4,188,340,611,634,433,4,71,162,256,260,230,0,117,178,355,374,203
2019,1,A,골목상권,2110694,세곡초등학교,1609,670,939,4,156,295,447,504,203,4,56,126,154,219,111,0,100,169,293,285,92
2019,1,A,골목상권,2110693,오류동역 4번,1982,1040,942,16,249,294,428,534,461,10,137,162,176,226,329,6,112,132,252,308,132
2019,1,A,골목상권,2110692,큰굴다리,1651,786,865,11,254,300,377,426,283,7,131,162,151,173,162,4,123,138,226,253,121
2019,1,A,골목상권,2110691,개봉중학교,1485,514,971,3,191,255,358,446,232,2,52,108,106,140,106,1,139,147,252,306,126
2019,1,A,골목상권,2110690,오류2동버들시장,5157,2502,2655,19,549,935,1251,1401,1002,10,199,425,545,638,685,9,350,510,706,763,317
2019,1,A,골목상권,2110689,오류동역 3번,3369,1577,1792,20,451,568,761,903,666,12,196,296,302,342,429,8,255,272,459,561,237
2019,1,A,골목상권,2110688,오류지구대,2420,1400,1020,5,284,432,592,644,463,3,115,219,337,374,352,2,169,213,255,270,111
2019,1,A,골목상권,2110687,"천왕역 3번(오류2동주민센터, 서울오류남초등학교)",1669,875,794,4,171,365,435,448,246,2,73,176,215,241,168,2,98,189,220,207,78
2019,1,A,골목상권,2110686,수궁동주민센터,2880,1750,1130,3,290,537,723,784,543,1,125,298,452,479,395,2,165,239,271,305,148
2019,1,A,골목상권,2110685,금강수목원아파트,1479,992,487,0,142,231,365,434,307,0,65,139,233,297,258,0,77,92,132,137,49
2019,1,A,골목상권,2110684,서울공연예술고등학교,1340,662,678,2,112,295,367,397,167,1,36,151,197,194,83,1,76,144,170,203,84
2019,1,A,골목상권,2110683,오류고등학교,1223,628,595,1,104,282,348,346,142,0,35,143,191,178,81,1,69,139,157,168,61
2019,1,A,골목상권,2110682,온수역 8번,1860,1130,730,0,192,404,434,505,325,0,70,209,240,319,292,0,122,195,194,186,33
2019,1,A,골목상권,2110681,온수역 1번,2156,1420,736,3,235,441,479,609,389,3,99,263,289,428,338,0,136,178,190,181,51
2019,1,A,골목상권,2110680,온수역 5번(온수산업단지),2175,1578,597,7,251,438,453,596,430,7,139,296,302,441,393,0,112,142,151,155,37
2019,1,A,골목상권,2110679,염창역 2번,5227,3477,1750,18,669,1385,1432,1047,676,13,329,918,1020,695,502,5,340,467,412,352,174
2019,1,A,골목상권,2110678,염창무학아파트,3367,2292,1075,15,459,886,770,665,572,12,248,624,543,437,428,3,211,262,227,228,144
2019,1,A,골목상권,2110677,등촌역 1번,9772,5627,4145,36,1717,2674,2401,1664,1280,20,654,1545,1524,1056,828,16,1063,1129,877,608,452
2019,1,A,골목상권,2110676,등촌역 7번,4609,2402,2207,13,655,1060,1101,986,794,8,230,569,619,517,459,5,425,491,482,469,335
2019,1,A,골목상권,2110675,화곡4동주민센터,2634,1105,1529,2,293,552,696,720,371,2,94,246,270,288,205,0,199,306,426,432,166
2019,1,A,골목상권,2110674,강서구청가양동별관,6215,3906,2309,57,1229,1705,1660,1089,475,34,674,1097,1070,700,331,23,555,608,590,389,144
2019,1,A,골목상권,2110673,뜸부기어린이공원,4377,2038,2339,10,557,938,1077,1080,715,6,194,469,535,444,390,4,363,469,542,636,325
2019,1,A,골목상권,2110672,백석중학교,1624,691,933,7,193,329,465,435,195,5,49,131,203,186,117,2,144,198,262,249,78
2019,1,A,골목상권,2110671,등촌1동주민센터,40229,18062,22167,251,5838,9946,11875,10196,2123,146,2824,6124,5104,2472,1392,105,3014,3822,6771,7724,731
2019,1,A,골목상권,2110670,신곡초등학교,1471,576,895,1,170,319,421,410,150,1,41,135,146,155,98,0,129,184,275,255,52
2019,1,A,골목상권,2110669,화곡보람2차아파트,4638,2716,1922,5,1110,1248,1067,759,449,2,343,787,784,485,315,3,767,461,283,274,134
2019,1,A,골목상권,2110668,화곡2동주민센터,3436,1356,2080,13,447,698,851,900,527,9,147,332,343,282,243,4,300,366,508,618,284
2019,1,A,골목상권,2110667,가양역 10번,22750,7556,15194,146,2129,4853,7464,7368,790,79,1281,3026,2128,502,540,67,848,1827,5336,6866,250
2019,1,A,골목상권,2110666,KC대학교,5152,3107,2045,5,527,1248,1252,1429,691,2,238,676,726,967,498,3,289,572,526,462,193
2019,1,A,골목상권,2110665,곰달래도서관,4805,2430,2375,17,646,1077,1130,1186,749,9,275,598,570,543,435,8,371,479,560,643,314
2019,1,A,골목상권,2110664,강서구청옆,6991,3944,3047,11,832,1722,1838,1790,798,5,362,907,1059,1111,500,6,470,815,779,679,298
2019,1,A,골목상권,2110663,우장산롯데캐슬아파트앞,14154,8089,6065,49,1951,2957,3144,4001,2052,31,1097,1850,1958,2045,1108,18,854,1107,1186,1956,944
2019,1,A,골목상권,2110662,까치산역 1번,3125,1140,1985,13,390,604,779,805,534,7,125,259,294,218,237,6,265,345,485,587,297
2019,1,A,골목상권,2110661,강서새말어린이공원,6130,3481,2649,8,740,1527,1586,1592,677,5,315,812,901,1016,432,3,425,715,685,576,245
2019,1,A,골목상권,2110660,등촌3동주민센터,33994,13435,20559,187,3726,7054,9866,10586,2575,107,2210,4441,3605,1864,1208,80,1516,2613,6261,8722,1367
2019,1,A,골목상권,2110659,화곡역 4번,3673,1317,2356,11,555,871,946,766,524,3,121,332,354,265,242,8,434,539,592,501,282
2019,1,A,골목상권,2110658,화곡초등학교,3124,1664,1460,3,283,572,752,808,706,1,97,279,395,446,446,2,186,293,357,362,260
2019,1,A,골목상권,2110657,양천향교역 5번,22773,14086,8687,72,3449,6501,6748,4084,1919,30,1576,4023,4850,2342,1265,42,1873,2478,1898,1742,654
2019,1,A,골목상권,2110656,까치산역 3번,4409,2299,2110,13,503,827,1002,1265,799,8,231,458,553,613,436,5,272,369,449,652,363
2019,1,A,골목상권,2110655,발산역 5번,8119,4008,4111,71,1375,1711,1762,1661,1539,33,602,951,972,716,734,38,773,760,790,945,805
2019,1,A,골목상권,2110654,까치산역 4번,4112,1840,2272,20,451,754,1005,1137,745,11,159,347,468,480,375,9,292,407,537,657,370
2019,1,A,골목상권,2110653,화곡역 2번,3982,1575,2407,11,677,871,944,840,639,3,158,374,387,335,318,8,519,497,557,505,321
2019,1,A,골목상권,2110652,양천향교역 2번,6966,3821,3145,26,802,1465,1647,1953,1073,14,410,824,979,895,699,12,392,641,668,1058,374
2019,1,A,골목상권,2110651,화원중학교,2748,1259,1489,10,285,543,714,714,482,6,101,251,317,320,264,4,184,292,397,394,218
2019,1,A,골목상권,2110650,우장산힐스테이트,2379,1142,1237,40,369,395,549,594,432,20,154,198,249,261,260,20,215,197,300,333,172
2019,1,A,골목상권,2110649,우장산역 1번,3418,1357,2061,11,480,682,839,874,532,7,111,270,310,343,316,4,369,412,529,531,216
2019,1,A,골목상권,2110648,양천향교역 7번,21220,14118,7102,61,3161,6269,6683,3566,1480,32,1548,4056,5211,2257,1014,29,1613,2213,1472,1309,466
2019,1,A,골목상권,2110647,화곡역 5번,4834,2138,2696,21,686,1028,1248,1124,727,10,178,470,584,491,405,11,508,558,664,633,322
2019,1,A,골목상권,2110646,푸른들청소년도서관,4775,1896,2879,21,761,958,1135,1176,724,6,193,402,461,457,377,15,568,556,674,719,347
2019,1,A,골목상권,2110645,우장산역 4번,4189,1517,2672,11,583,926,1031,1102,536,6,132,338,349,418,274,5,451,588,682,684,262
2019,1,A,골목상권,2110644,신광명마을,3409,2304,1105,9,203,590,918,1021,668,4,118,382,586,680,534,5,85,208,332,341,134
2019,1,A,골목상권,2110643,강서구다솔마을,4123,2496,1627,9,482,967,1264,922,479,2,208,605,804,549,328,7,274,362,460,373,151
2019,1,A,골목상권,2110642,정곡초등학교,964,658,306,2,57,127,234,313,231,0,27,51,144,235,201,2,30,76,90,78,30
2019,1,A,골목상권,2110641,공항고등학교,2149,856,1293,8,188,368,498,541,546,5,70,163,215,216,187,3,118,205,283,325,359
2019,1,A,골목상권,2110640,방화역 1번,2891,1629,1262,2,251,545,712,844,537,0,68,186,390,589,396,2,183,359,322,255,141
2019,1,A,골목상권,2110639,신방화역 8번,3074,1502,1572,8,440,764,786,682,394,1,138,369,410,340,244,7,302,395,376,342,150
2019,1,A,골목상권,2110638,신방화역 2번,5529,2583,2946,13,744,1247,1380,1282,863,3,269,633,696,542,440,10,475,614,684,740,423
2019,1,A,골목상권,2110637,송정역 2번,2846,1774,1072,5,287,501,691,758,604,0,126,270,409,492,477,5,161,231,282,266,127
2019,1,A,골목상권,2110636,방화역 2번,3646,1655,1991,6,399,732,933,928,648,1,154,341,462,383,314,5,245,391,471,545,334
2019,1,A,골목상권,2110635,공항시장역 3번,2735,1423,1312,7,369,592,703,630,434,0,121,274,384,341,303,7,248,318,319,289,131
2019,1,A,골목상권,2110634,송정역 3번,4258,2600,1658,10,455,846,1127,1074,746,1,194,474,700,672,559,9,261,372,427,402,187
2019,1,A,골목상권,2110633,개화산역 1번,2944,1411,1533,7,347,609,740,743,498,0,158,335,389,293,236,7,189,274,351,450,262
2019,1,A,골목상권,2110632,방화역 3번,6794,4600,2194,6,754,1579,1746,1968,741,0,491,1143,1193,1340,433,6,263,436,553,628,308
2019,1,A,골목상권,2110631,방화초등학교,2964,1669,1295,4,323,531,704,715,687,0,126,284,371,392,496,4,197,247,333,323,191
2019,1,A,골목상권,2110630,공항시장역 1번,40939,23471,17468,34,7961,12988,11107,7295,1554,15,2362,6052,7302,6395,1345,19,5599,6936,3805,900,209
2019,1,A,골목상권,2110629,송정역 4번,39721,22737,16984,36,7852,12788,10842,6955,1248,16,2340,5982,7172,6154,1073,20,5512,6806,3670,801,175
2019,1,A,골목상권,2110628,신목동역,3244,2149,1095,13,518,1057,808,450,398,9,270,736,546,300,288,4,248,321,262,150,110
2019,1,A,골목상권,2110627,신정롯데캐슬아파트,3327,1448,1879,12,427,703,856,848,481,6,139,284,357,382,280,6,288,419,499,466,201
2019,1,A,골목상권,2110626,양화초등학교,4831,3052,1779,16,649,1352,1388,900,526,10,313,876,948,561,344,6,336,476,440,339,182
2019,1,A,골목상권,2110625,신정2동주민센터,6830,3566,3264,38,944,1656,1671,1821,700,32,461,805,810,1033,425,6,483,851,861,788,275
2019,1,A,골목상권,2110624,목동문화체육센터,721,323,398,2,53,121,233,188,124,2,24,51,84,91,71,0,29,70,149,97,53
2019,1,A,골목상권,2110623,갈산공원,927,497,430,6,111,215,229,228,138,4,48,124,107,121,93,2,63,91,122,107,45
2019,1,A,골목상권,2110622,달마을공원,3376,1802,1574,6,379,750,994,797,450,1,124,352,608,440,277,5,255,398,386,357,173
2019,1,A,골목상권,2110621,목동역 5번,5190,2420,2770,21,1044,1454,1203,865,603,11,311,656,649,443,350,10,733,798,554,422,253
2019,1,A,골목상권,2110620,목동보건지소,2573,1041,1532,4,268,542,711,689,359,3,107,213,241,259,218,1,161,329,470,430,141
2019,1,A,골목상권,2110619,목4동주민센터,2139,926,1213,6,295,437,501,476,424,4,86,177,221,192,246,2,209,260,280,284,178
2019,1,A,골목상권,2110618,강서고등학교,3058,1447,1611,5,338,589,745,786,595,4,141,274,332,346,350,1,197,315,413,440,245
2019,1,A,골목상권,2110617,등촌역 4번,3052,1431,1621,12,478,739,752,696,375,6,155,349,383,317,221,6,323,390,369,379,154
2019,1,A,골목상권,2110616,양목초등학교,3847,1823,2024,11,462,817,1014,941,602,1,169,381,524,422,326,10,293,436,490,519,276
2019,1,A,골목상권,2110615,신서초등학교,3901,1968,1933,12,432,807,1032,938,680,1,162,393,533,467,412,11,270,414,499,471,268
2019,1,A,골목상권,2110614,목동로데오거리,4724,2071,2653,16,743,972,1137,1066,790,9,227,442,551,427,415,7,516,530,586,639,375
2019,1,A,골목상권,2110613,신정네거리역 4번,1985,853,1132,8,289,362,466,478,382,1,116,190,201,185,160,7,173,172,265,293,222
2019,1,A,골목상권,2110612,신정역 5번,5349,2417,2932,20,633,1029,1269,1395,1003,9,242,506,572,588,500,11,391,523,697,807,503
2019,1,A,골목상권,2110611,신정역 1번,4877,2490,2387,16,594,936,1089,1312,930,8,278,540,575,596,493,8,316,396,514,716,437
2019,1,A,골목상권,2110610,계남근린공원,1795,794,1001,4,191,362,477,493,268,2,84,184,211,170,143,2,107,178,266,323,125
2019,1,A,골목상권,2110609,신정네거리역 2번,2146,901,1245,5,259,403,581,551,347,2,83,169,232,237,178,3,176,234,349,314,169
2019,1,A,골목상권,2110608,신월2동주민센터,3580,1708,1872,4,352,675,864,1049,636,1,165,354,372,454,362,3,187,321,492,595,274
2019,1,A,골목상권,2110607,금빛새마을금고본점,1610,746,864,2,184,285,433,422,284,2,67,134,176,191,176,0,117,151,257,231,108
2019,1,A,골목상권,2110606,신한은행 신월동지점,3936,2302,1634,10,292,523,888,1228,995,7,118,281,407,732,757,3,174,242,481,496,238
2019,1,A,골목상권,2110605,목동센트럴아이파크앞,2532,1445,1087,7,216,341,556,613,799,5,78,183,239,284,656,2,138,158,317,329,143
2019,1,A,골목상권,2110604,신월4동주민센터,3894,2442,1452,7,276,559,857,1250,945,4,143,316,443,796,740,3,133,243,414,454,205
2019,1,A,골목상권,2110603,지향초등학교,3855,2570,1285,7,236,511,865,1229,1007,2,93,272,513,819,871,5,143,239,352,410,136
2019,1,A,골목상권,2110602,신월시영아파트중문,3118,1929,1189,9,237,380,698,974,820,6,88,220,352,624,639,3,149,160,346,350,181
2019,1,A,골목상권,2110601,신월1동우편취급국,3518,2022,1496,6,323,568,868,1084,669,4,159,331,489,622,417,2,164,237,379,462,252
2019,1,A,골목상권,2110600,신월7동주민센터,3467,2357,1110,6,203,366,741,1201,950,5,83,213,424,866,766,1,120,153,317,335,184
2019,1,A,골목상권,2110599,신월1파출소,2690,1344,1346,4,210,433,723,832,488,2,93,209,351,428,261,2,117,224,372,404,227
2019,1,A,골목상권,2110598,신월문화체육센터,3560,2351,1209,6,341,524,850,1066,773,4,223,344,495,687,598,2,118,180,355,379,175
2019,1,A,골목상권,2110597,신월1동주민센터,4377,2411,1966,5,371,691,967,1006,1337,4,127,306,411,469,1094,1,244,385,556,537,243
2019,1,A,골목상권,2110596,서서울호수공원,2823,1653,1170,3,192,394,700,957,577,2,82,208,381,589,391,1,110,186,319,368,186
2019,1,A,골목상권,2110595,메디힐병원,4332,2332,2000,6,416,716,949,988,1257,4,137,308,390,437,1056,2,279,408,559,551,201
2019,1,A,골목상권,2110594,신월중학교,1504,506,998,0,201,323,431,397,152,0,49,95,128,145,89,0,152,228,303,252,63
2019,1,A,골목상권,2110593,신월3동주민센터,3613,2226,1387,1,238,465,705,821,1383,0,76,193,327,456,1174,1,162,272,378,365,209
2019,1,A,골목상권,2110592,서울금융고등학교,3296,2112,1184,1,204,414,590,773,1314,0,58,168,280,455,1151,1,146,246,310,318,163
2019,1,A,골목상권,2110591,충정로역 6번,12743,7527,5216,15,2659,4486,2903,1611,1069,4,1246,2523,1884,1065,805,11,1413,1963,1019,546,264
2019,1,A,골목상권,2110590,만리재,2895,1136,1759,2,412,721,803,690,267,1,58,234,345,344,154,1,354,487,458,346,113
2019,1,A,골목상권,2110589,애오개역 3번,3697,1643,2054,4,652,1195,1081,585,180,1,252,525,510,237,118,3,400,670,571,348,62
2019,1,A,골목상권,2110588,한겨레신문사,4787,2194,2593,19,933,1145,1276,989,425,5,312,496,579,542,260,14,621,649,697,447,165
2019,1,A,골목상권,2110587,공덕동주민센터,8622,4110,4512,20,1533,2308,2413,1662,686,5,526,1042,1158,946,433,15,1007,1266,1255,716,253
2019,1,A,골목상권,2110586,서울서부지방법원,24189,13043,11146,98,4508,6823,6035,4780,1945,31,1835,3893,3575,2600,1109,67,2673,2930,2460,2180,836
2019,1,A,골목상권,2110585,마포경찰서,12417,6926,5491,45,2190,3512,2842,2622,1206,11,1057,2124,1742,1347,645,34,1133,1388,1100,1275,561
2019,1,A,골목상권,2110584,아현역 4번,1864,746,1118,10,297,490,489,334,244,1,67,157,199,153,169,9,230,333,290,181,75
2019,1,A,골목상권,2110583,공덕래미안3차아파트,15378,8173,7205,60,2841,4274,3635,3382,1186,21,1148,2381,2123,1781,719,39,1693,1893,1512,1601,467
2019,1,A,골목상권,2110582,이대역 5번,1839,736,1103,19,353,493,427,321,226,3,95,183,178,150,127,16,258,310,249,171,99
2019,1,A,골목상권,2110581,염리초등학교,17955,10110,7845,122,3245,4785,4315,3334,2154,49,1470,2958,2769,1613,1251,73,1775,1827,1546,1721,903
2019,1,A,골목상권,2110580,양원초등학교,2591,1304,1287,4,378,684,643,575,307,1,119,289,357,350,188,3,259,395,286,225,119
2019,1,A,골목상권,2110579,마포역 4번,9932,6122,3810,12,1665,2631,2414,1844,1366,2,754,1570,1647,1203,946,10,911,1061,767,641,420
2019,1,A,골목상권,2110578,대흥역 2번,12314,7837,4477,105,2023,3438,3171,2250,1327,42,1115,2175,2216,1384,905,63,908,1263,955,866,422
2019,1,A,골목상권,2110577,용강동주민센터,10845,6493,4352,107,2072,3247,2874,1650,895,42,888,1957,1960,1038,608,65,1184,1290,914,612,287
2019,1,A,골목상권,2110576,대흥역 3번,10864,6929,3935,95,1845,2985,2741,1934,1264,36,1013,1958,1941,1139,842,59,832,1027,800,795,422
2019,1,A,골목상권,2110575,대흥동주민센터,4449,2271,2178,15,734,1181,1021,973,525,5,239,576,569,568,314,10,495,605,452,405,211
2019,1,A,골목상권,2110574,서강대학교,3530,1936,1594,7,421,919,968,797,418,1,157,419,555,506,298,6,264,500,413,291,120
2019,1,A,골목상권,2110573,신촌역 6번,3889,1998,1891,20,715,1115,922,709,408,9,228,520,533,438,270,11,487,595,389,271,138
2019,1,A,골목상권,2110572,서강대역 1번,8497,4377,4120,41,1431,2178,2100,1675,1072,16,474,1066,1203,959,659,25,957,1112,897,716,413
2019,1,A,골목상권,2110571,신수동주민센터,5336,3021,2315,18,759,1416,1463,998,682,3,309,786,860,595,468,15,450,630,603,403,214
2019,1,A,골목상권,2110570,KB국민은행 서강지점,2760,1536,1224,15,362,741,770,470,402,4,150,409,440,270,263,11,212,332,330,200,139
2019,1,A,골목상권,2110569,홍대땡땡거리,10639,5493,5146,55,2436,2667,2595,1915,971,27,1152,1573,1378,851,512,28,1284,1094,1217,1064,459
2019,1,A,골목상권,2110568,광흥창역 1번,2679,1333,1346,12,489,676,631,493,378,3,141,312,360,288,229,9,348,364,271,205,149
2019,1,A,골목상권,2110567,광흥창역 6번,4356,1994,2362,12,708,854,854,783,1145,2,182,344,488,436,542,10,526,510,366,347,603
2019,1,A,골목상권,2110566,경의선책거리,22029,11605,10424,141,5446,5605,5200,3696,1941,64,2297,3239,2957,1789,1259,77,3149,2366,2243,1907,682
2019,1,A,골목상권,2110565,홍익대,7078,4378,2700,31,1764,1868,1492,1095,828,13,801,1196,1043,750,575,18,963,672,449,345,253
2019,1,A,골목상권,2110564,홍대입구역 3번,12135,5864,6271,89,3286,3340,2664,1733,1023,41,1198,1772,1457,748,648,48,2088,1568,1207,985,375
2019,1,A,골목상권,2110563,상수역 3번,3978,2034,1944,22,859,999,670,460,968,17,400,600,438,207,372,5,459,399,232,253,596
2019,1,A,골목상권,2110562,연트럴파크(연남동주민센터),7098,4008,3090,36,1777,2094,1532,947,712,17,822,1224,957,526,462,19,955,870,575,421,250
2019,1,A,골목상권,2110561,상수역 4번,6414,3700,2714,44,2006,1965,1280,732,387,32,875,1193,845,501,254,12,1131,772,435,231,133
2019,1,A,골목상권,2110560,마포FM,11927,6754,5173,42,2341,3039,2455,1955,2095,18,844,1658,1578,1145,1511,24,1497,1381,877,810,584
2019,1,A,골목상권,2110559,성산중학교,8926,4865,4061,51,2525,2695,1922,1141,592,25,980,1530,1200,746,384,26,1545,1165,722,395,208
2019,1,A,골목상권,2110558,경성고등학교,9371,5945,3426,24,1318,1957,1874,1600,2598,12,534,1052,1106,971,2270,12,784,905,768,629,328
2019,1,A,골목상권,2110557,홍대부속여중고앞,14315,8504,5811,47,2734,3755,3156,2136,2487,20,993,2020,2008,1384,2079,27,1741,1735,1148,752,408
2019,1,A,골목상권,2110556,절두산순교성지,2682,1699,983,2,562,793,626,520,179,1,247,489,436,390,136,1,315,304,190,130,43
2019,1,A,골목상권,2110555,홍익지구대,7614,4165,3449,48,1935,2471,1772,887,501,16,803,1390,1161,492,303,32,1132,1081,611,395,198
2019,1,A,골목상권,2110554,망원역 1번,14344,7145,7199,67,2887,3545,2998,2172,2675,32,1216,1864,1707,978,1348,35,1671,1681,1291,1194,1327
2019,1,A,골목상권,2110553,가좌역 2번,4020,2507,1513,10,428,637,843,894,1208,5,136,322,472,545,1027,5,292,315,371,349,181
2019,1,A,골목상권,2110552,성미산체육관,6962,4656,2306,13,800,1204,1257,1244,2444,7,301,646,763,778,2161,6,499,558,494,466,283
2019,1,A,골목상권,2110551,성서초등학교,6486,3466,3020,37,1105,1372,1495,1280,1197,26,504,717,761,568,890,11,601,655,734,712,307
2019,1,A,골목상권,2110550,합정역 8번,12747,6766,5981,50,2911,4325,3211,1481,769,13,1039,2312,2034,892,476,37,1872,2013,1177,589,293
2019,1,A,골목상권,2110549,새터산,5409,3325,2084,6,681,904,1195,1113,1510,2,254,486,710,636,1237,4,427,418,485,477,273
2019,1,A,골목상권,2110548,마포구청역 4번,7176,3389,3787,20,826,1183,1446,1932,1769,13,327,642,894,769,744,7,499,541,552,1163,1025
2019,1,A,골목상권,2110547,KB국민은행 망원동지점,7391,4020,3371,41,1357,1536,1663,1491,1303,28,580,824,899,726,963,13,777,712,764,765,340
2019,1,A,골목상권,2110546,양화대교북단,5940,3023,2917,21,1292,2128,1621,606,272,4,369,1063,1024,397,166,17,923,1065,597,209,106
2019,1,A,골목상권,2110545,마포구청역 1번,8634,3840,4794,13,815,1406,1667,2605,2128,6,303,625,900,1110,896,7,512,781,767,1495,1232
2019,1,A,골목상권,2110544,망리단길,10351,5687,4664,47,1954,2464,2437,1882,1567,25,863,1354,1416,904,1125,22,1091,1110,1021,978,442
2019,1,A,골목상권,2110543,중암중학교,2149,1411,738,2,173,227,348,594,805,2,62,103,164,372,708,0,111,124,184,222,97
2019,1,A,골목상권,2110542,마포구청역 7번,6708,3169,3539,17,679,971,1231,1905,1905,11,278,541,743,751,845,6,401,430,488,1154,1060
2019,1,A,골목상권,2110541,동교초등학교,2551,1358,1193,0,374,611,682,555,329,0,180,339,363,262,214,0,194,272,319,293,115
2019,1,A,골목상권,2110540,망원나들목체육관,1161,724,437,0,160,264,300,266,171,0,79,171,205,144,125,0,81,93,95,122,46
2019,1,A,골목상권,2110539,미근동,48343,27069,21274,123,7980,15169,14025,9194,1852,43,2834,7935,8061,6928,1268,80,5146,7234,5964,2266,584
2019,1,A,골목상권,2110538,충정로역 3번,19537,11586,7951,26,3362,6179,4942,3290,1738,11,1557,3634,3183,2011,1190,15,1805,2545,1759,1279,548
2019,1,A,골목상권,2110537,충정로현대아파트,37079,21015,16064,102,6167,12031,10302,6840,1637,39,2396,6556,5799,5061,1164,63,3771,5475,4503,1779,473
2019,1,A,골목상권,2110536,돈의문센트레빌아파트입구,25263,13226,12037,92,4317,7900,7261,5039,654,33,1362,3854,3654,3865,458,59,2955,4046,3607,1174,196
2019,1,A,골목상권,2110535,영천시장입구,1759,776,983,6,225,337,460,488,243,3,86,126,183,227,151,3,139,211,277,261,92
2019,1,A,골목상권,2110534,경기대학교,8279,5029,3250,7,1324,2754,2122,1222,850,3,575,1530,1393,862,666,4,749,1224,729,360,184
2019,1,A,골목상권,2110533,충정로역 7번,10541,6513,4028,11,1980,3717,2436,1421,976,3,1023,2211,1665,911,700,8,957,1506,771,510,276
2019,1,A,골목상권,2110532,아현역 2번,3134,1690,1444,4,347,547,671,808,757,0,98,212,367,460,553,4,249,335,304,348,204
2019,1,A,골목상권,2110531,홍지문,1780,784,996,2,324,437,468,393,156,2,84,185,242,184,87,0,240,252,226,209,69
2019,1,A,골목상권,2110530,아현역 1번,1521,616,905,3,238,373,407,302,198,0,51,115,168,141,141,3,187,258,239,161,57
2019,1,A,골목상권,2110529,홍제3동주민센터,2368,926,1442,8,326,496,578,533,427,4,100,166,190,218,248,4,226,330,388,315,179
2019,1,A,골목상권,2110528,서울여자간호대학교,1489,642,847,4,147,253,386,357,342,2,52,90,132,147,219,2,95,163,254,210,123
2019,1,A,골목상권,2110527,홍제역 2번,2756,1043,1713,12,397,534,710,661,442,7,117,193,244,251,231,5,280,341,466,410,211
2019,1,A,골목상권,2110526,봉원사,16036,5955,10081,8,3988,5113,3809,2466,652,4,945,1642,1479,1440,445,4,3043,3471,2330,1026,207
2019,1,A,골목상권,2110525,홍은종합사회복지관,1695,717,978,8,200,328,403,376,380,4,74,123,131,162,223,4,126,205,272,214,157
2019,1,A,골목상권,2110524,연희세브란스병원,13340,5094,8246,11,3593,4392,3041,1868,435,6,904,1476,1214,1155,339,5,2689,2916,1827,713,96
2019,1,A,골목상권,2110523,홍제성원아파트,718,285,433,1,99,175,178,168,97,1,19,71,65,61,68,0,80,104,113,107,29
2019,1,A,골목상권,2110522,홍제역 3번,1727,677,1050,3,256,381,447,401,239,2,65,144,168,155,143,1,191,237,279,246,96
2019,1,A,골목상권,2110521,홍제역 4번,2173,771,1402,10,345,500,563,459,296,5,102,181,184,173,126,5,243,319,379,286,170
2019,1,A,골목상권,2110520,경의중앙 신촌역,17451,6893,10558,38,4945,5373,3678,2516,901,17,1353,1983,1537,1439,564,21,3592,3390,2141,1077,337
2019,1,A,골목상권,2110519,서대문구보건소별관,1471,679,792,1,236,325,383,379,147,0,65,138,188,187,101,1,171,187,195,192,46
2019,1,A,골목상권,2110518,서대문구청,3968,1856,2112,3,506,990,995,1035,439,2,175,386,419,614,260,1,331,604,576,421,179
2019,1,A,골목상권,2110517,서대문소방서,1945,1042,903,2,278,495,465,447,258,1,117,300,244,244,136,1,161,195,221,203,122
2019,1,A,골목상권,2110516,정원여중,1313,643,670,0,227,290,347,324,125,0,66,137,182,173,85,0,161,153,165,151,40
2019,1,A,골목상권,2110515,홍은중학교,639,393,246,1,86,166,183,141,62,0,29,97,122,97,48,1,57,69,61,44,14
2019,1,A,골목상권,2110514,서대문우체국,19738,8431,11307,45,4947,5720,4774,3284,968,25,1701,2315,2081,1709,600,20,3246,3405,2693,1575,368
2019,1,A,골목상권,2110513,연희파출소,2716,1486,1230,2,487,708,636,525,358,1,210,404,351,291,229,1,277,304,285,234,129
2019,1,A,골목상권,2110512,연희지하차도,4755,2369,2386,3,552,1103,1176,1290,631,2,195,446,524,792,410,1,357,657,652,498,221
2019,1,A,골목상권,2110511,연희초등학교,15763,6367,9396,11,3977,4848,3601,2404,922,4,1048,1714,1505,1418,678,7,2929,3134,2096,986,244
2019,1,A,골목상권,2110510,홍연시장,1600,825,775,0,130,235,380,516,339,0,46,121,189,276,193,0,84,114,191,240,146
2019,1,A,골목상권,2110509,연희대우아파트앞,19361,8384,10977,39,4964,6055,4567,2796,940,10,1518,2420,2103,1644,689,29,3446,3635,2464,1152,251
2019,1,A,골목상권,2110508,서연중학교,3647,2087,1560,9,662,865,825,708,578,1,292,516,473,393,412,8,370,349,352,315,166
2019,1,A,골목상권,2110507,명지대학교,2563,1299,1264,4,304,535,632,710,378,2,108,257,319,367,246,2,196,278,313,343,132
2019,1,A,골목상권,2110506,연희임광아파트,3211,1801,1410,15,704,830,680,560,422,4,318,503,393,292,291,11,386,327,287,268,131
2019,1,A,골목상권,2110505,홍남교남측,1142,671,471,1,129,211,305,296,200,0,42,102,181,195,151,1,87,109,124,101,49
2019,1,A,골목상권,2110504,명지전문대,1626,864,762,2,202,336,392,453,241,2,74,136,199,274,179,0,128,200,193,179,62
2019,1,A,골목상권,2110503,명지대학교교회,2530,1319,1211,8,380,534,591,666,351,4,147,251,291,374,252,4,233,283,300,292,99
2019,1,A,골목상권,2110502,남가좌파출소,1793,875,918,3,240,371,480,442,257,1,70,156,237,227,184,2,170,215,243,215,73
2019,1,A,골목상권,2110501,연희어린이공원,2632,1473,1159,12,566,763,600,399,292,2,244,454,358,218,197,10,322,309,242,181,95
2019,1,A,골목상권,2110500,남가좌동현대아파트,764,336,428,2,120,173,210,164,95,0,37,69,95,75,60,2,83,104,115,89,35
2019,1,A,골목상권,2110499,연가초등학교,2020,897,1123,6,183,344,512,610,365,3,51,126,203,280,234,3,132,218,309,330,131
2019,1,A,골목상권,2110498,증산역 1번,3409,1666,1743,9,364,577,805,902,752,4,143,268,374,425,452,5,221,309,431,477,300
2019,1,A,골목상권,2110497,가좌역 3번,1750,918,832,11,291,362,440,414,232,5,85,151,249,271,157,6,206,211,191,143,75
2019,1,A,골목상권,2110496,모래내우체국,2321,967,1354,9,254,423,621,615,399,3,86,174,254,256,194,6,168,249,367,359,205
2019,1,A,골목상권,2110495,북가좌2동주민센터,3430,1778,1652,11,360,610,875,930,644,5,140,306,447,483,397,6,220,304,428,447,247
2019,1,A,골목상권,2110494,증산3교남측,1314,812,502,4,104,219,315,368,304,2,49,117,166,221,257,2,55,102,149,147,47
2019,1,A,골목상권,2110493,북가좌초등학교,2331,1591,740,4,147,267,408,626,879,4,45,122,221,428,771,0,102,145,187,198,108
2019,1,A,골목상권,2110492,하나고등학교,724,353,371,0,61,101,157,248,157,0,29,61,96,107,60,0,32,40,61,141,97
2019,1,A,골목상권,2110491,불광중학교,607,195,412,0,57,126,172,178,74,0,19,35,44,54,43,0,38,91,128,124,31
2019,1,A,골목상권,2110490,녹번동근린공원,7434,3571,3863,16,1016,1899,1919,1692,892,6,350,794,922,952,547,10,666,1105,997,740,345
2019,1,A,골목상권,2110489,불광역 3번,3548,1538,2010,9,630,1003,878,681,347,4,209,410,437,307,171,5,421,593,441,374,176
2019,1,A,골목상권,2110488,우리은행응암동지점,5603,2562,3041,14,586,1160,1483,1464,896,6,208,432,618,737,561,8,378,728,865,727,335
2019,1,A,골목상권,2110487,불광역 8번,3138,1282,1856,8,526,831,769,629,375,3,177,343,346,239,174,5,349,488,423,390,201
2019,1,A,골목상권,2110486,은평구청,5610,2586,3024,14,573,1136,1492,1459,936,6,205,433,638,740,564,8,368,703,854,719,372
2019,1,A,골목상권,2110485,연신내우체국,1193,413,780,2,117,250,346,327,151,1,35,95,110,103,69,1,82,155,236,224,82
2019,1,A,골목상권,2110484,역촌역 3번,7950,3694,4256,22,880,1657,2047,2077,1267,11,327,672,916,1036,732,11,553,985,1131,1041,535
2019,1,A,골목상권,2110483,연천초등학교,1481,556,925,9,238,282,361,350,241,4,70,110,128,127,117,5,168,172,233,223,124
2019,1,A,골목상권,2110482,연신초등학교,1411,783,628,2,155,352,434,361,107,1,73,221,229,200,59,1,82,131,205,161,48
2019,1,A,골목상권,2110481,불광역 7번,3084,1200,1884,12,351,574,807,803,537,3,133,240,325,262,237,9,218,334,482,541,300
2019,1,A,골목상권,2110480,연신내역 3번,2146,860,1286,15,322,400,537,488,384,6,89,158,215,194,198,9,233,242,322,294,186
2019,1,A,골목상권,2110479,연신내역 2번,2904,1009,1895,14,526,564,759,618,423,8,134,202,256,210,199,6,392,362,503,408,224
2019,1,A,골목상권,2110478,응암1동주민센터,6341,2925,3416,25,680,1289,1629,1664,1054,10,240,520,716,812,627,15,440,769,913,852,427
2019,1,A,골목상권,2110477,은평세무서,7106,3377,3729,27,755,1395,1841,1858,1230,11,274,601,846,932,713,16,481,794,995,926,517
2019,1,A,골목상권,2110476,역촌역 2번,1213,509,704,4,131,213,333,346,186,4,50,93,138,124,100,0,81,120,195,222,86
2019,1,A,골목상권,2110475,백련산해모로아파트,2524,1039,1485,14,366,553,646,578,367,6,123,244,273,211,182,8,243,309,373,367,185
2019,1,A,골목상권,2110474,세명컴퓨터고등학교,2279,1086,1193,9,370,514,593,541,252,5,151,257,240,274,159,4,219,257,353,267,93
2019,1,A,골목상권,2110473,구산역 1번,4232,1548,2684,24,591,815,1086,1077,639,10,170,330,435,337,266,14,421,485,651,740,373
2019,1,A,골목상권,2110472,연신내역 4번,3478,1377,2101,29,615,720,869,745,500,14,183,319,357,275,229,15,432,401,512,470,271
2019,1,A,골목상권,2110471,응암동우체국,2720,1174,1546,4,346,518,710,700,442,2,132,196,276,317,251,2,214,322,434,383,191
2019,1,A,골목상권,2110470,신진과학기술고등학교,2500,1100,1400,15,407,540,623,542,373,8,150,263,280,202,197,7,257,277,343,340,176
2019,1,A,골목상권,2110469,응암정보도서관,4153,1976,2177,9,487,682,1010,1202,763,4,176,276,447,592,481,5,311,406,563,610,282
2019,1,A,골목상권,2110468,응암역 3번,5427,2554,2873,16,669,1049,1314,1330,1049,8,232,521,650,576,567,8,437,528,664,754,482
2019,1,A,골목상권,2110467,은평요양병원,1638,897,741,8,221,350,401,426,232,3,125,204,196,235,134,5,96,146,205,191,98
2019,1,A,골목상권,2110466,구산역 2번,3076,1218,1858,12,401,586,777,785,515,6,113,233,331,258,277,6,288,353,446,527,238
2019,1,A,골목상권,2110465,연신내역 7번,3305,1304,2001,19,584,732,799,726,445,8,192,331,279,278,216,11,392,401,520,448,229
2019,1,A,골목상권,2110464,연신내역 5번,2775,1065,1710,15,456,616,692,616,380,9,135,283,256,221,161,6,321,333,436,395,219
2019,1,A,골목상권,2110463,응암3동주민센터,2036,824,1212,6,297,437,490,484,322,5,118,185,192,174,150,1,179,252,298,310,172
2019,1,A,골목상권,2110462,갈현건영아파트,1479,835,644,8,190,314,354,411,202,3,121,194,173,217,127,5,69,120,181,194,75
2019,1,A,골목상권,2110461,새절역 2번,1923,962,961,4,271,377,425,472,374,2,112,182,208,226,232,2,159,195,217,246,142
2019,1,A,골목상권,2110460,구산역 4번,4462,2008,2454,12,456,716,1115,1427,736,5,123,302,487,735,356,7,333,414,628,692,380
2019,1,A,골목상권,2110459,응암역 2번,3624,1663,1961,7,489,747,870,885,626,5,164,376,395,386,337,2,325,371,475,499,289
2019,1,A,골목상권,2110458,선일여고,1903,801,1102,5,235,480,466,458,259,0,99,239,170,157,136,5,136,241,296,301,123
2019,1,A,골목상권,2110457,예일여고,3906,1793,2113,11,373,602,940,1341,639,4,98,249,410,709,323,7,275,353,530,632,316
2019,1,A,골목상권,2110456,구산보건지소,2600,1100,1500,11,328,513,638,677,433,4,116,216,274,249,241,7,212,297,364,428,192
2019,1,A,골목상권,2110455,역촌노인복지관,3178,1534,1644,7,347,573,762,809,680,3,132,281,365,361,392,4,215,292,397,448,288
2019,1,A,골목상권,2110454,선정중학교,2758,1548,1210,2,228,461,641,1001,425,0,68,205,318,674,283,2,160,256,323,327,142
2019,1,A,골목상권,2110453,신사1동주민센터,3071,1342,1729,7,428,642,744,757,493,6,159,294,319,319,245,1,269,348,425,438,248
2019,1,A,골목상권,2110452,새절역 3번,2364,1112,1252,5,269,406,512,594,578,2,109,192,244,269,296,3,160,214,268,325,282
2019,1,A,골목상권,2110451,증산역 4번,2871,1616,1255,3,230,384,603,779,872,1,97,179,329,470,540,2,133,205,274,309,332
2019,1,A,골목상권,2110450,시립서북병원,3603,1300,2303,4,484,766,919,978,452,1,157,287,347,309,199,3,327,479,572,669,253
2019,1,A,골목상권,2110449,증산역 3번,2185,1232,953,5,207,385,558,606,424,3,86,191,305,355,292,2,121,194,253,251,132
2019,1,A,골목상권,2110448,상신초등학교입구,1013,457,556,1,94,202,312,231,173,0,29,102,137,102,87,1,65,100,175,129,86
2019,1,A,골목상권,2110447,구산초등학교,1576,1063,513,2,60,114,300,687,413,0,22,40,178,551,272,2,38,74,122,136,141
2019,1,A,골목상권,2110446,내를건너서숲으로도서관,986,481,505,1,73,135,241,246,290,0,32,68,116,131,134,1,41,67,125,115,156
2019,1,A,골목상권,2110445,덕산중학교,934,347,587,1,117,211,265,219,121,0,28,72,109,77,61,1,89,139,156,142,60
2019,1,A,골목상권,2110444,수색성당,3238,2068,1170,13,345,517,580,779,1004,6,80,216,322,536,908,7,265,301,258,243,96
2019,1,A,골목상권,2110443,수색역 1번,1425,733,692,7,208,242,245,266,457,3,36,76,125,139,354,4,172,166,120,127,103
2019,1,A,골목상권,2110442,화랑대철도공원,1237,412,825,2,186,257,358,325,109,2,34,64,120,135,57,0,152,193,238,190,52
2019,1,A,골목상권,2110441,영신여고,1154,453,701,2,98,246,308,312,188,2,27,76,115,118,115,0,71,170,193,194,73
2019,1,A,골목상권,2110440,상계3동4동주민센터,511,211,300,1,61,100,160,127,62,0,19,55,64,43,30,1,42,45,96,84,32
2019,1,A,골목상권,2110439,당고개역 5번,2073,1377,696,3,106,205,499,761,499,2,34,113,308,546,374,1,72,92,191,215,125
2019,1,A,골목상권,2110438,경춘선숲길 우측,3492,1546,1946,5,508,907,942,794,336,5,154,409,402,362,214,0,354,498,540,432,122
2019,1,A,골목상권,2110437,당고개역 2번,2462,1556,906,4,149,252,588,889,580,2,47,132,345,615,415,2,102,120,243,274,165
2019,1,A,골목상권,2110436,상계제일중학교,2332,930,1402,10,221,442,559,643,457,3,72,203,228,241,183,7,149,239,331,402,274
2019,1,A,골목상권,2110435,서울과학기술대,2909,1742,1167,10,499,742,624,700,334,8,258,397,380,446,253,2,241,345,244,254,81
2019,1,A,골목상권,2110434,태릉입구역 4번,5108,2213,2895,10,592,928,1259,1454,865,4,232,483,567,533,394,6,360,445,692,921,471
2019,1,A,골목상권,2110433,공릉역 2번,6812,3547,3265,23,704,1117,1500,1706,1762,13,320,695,822,758,939,10,384,422,678,948,823
2019,1,A,골목상권,2110432,대진고등학교,5386,2750,2636,17,1064,1363,1185,1200,557,13,398,645,630,706,358,4,666,718,555,494,199
2019,1,A,골목상권,2110431,상계역,2457,898,1559,6,271,421,593,688,478,1,92,190,228,218,169,5,179,231,365,470,309
2019,1,A,골목상권,2110430,중계초등학교,1719,641,1078,5,192,297,419,500,306,0,61,132,147,168,133,5,131,165,272,332,173
2019,1,A,골목상권,2110429,공릉동 국수거리,8723,4409,4314,28,955,1487,1853,2129,2271,14,419,887,998,960,1131,14,536,600,855,1169,1140
2019,1,A,골목상권,2110428,상계5동주민센터,3589,1670,1919,8,352,499,785,950,995,1,148,272,347,401,501,7,204,227,438,549,494
2019,1,A,골목상권,2110427,노원 을지대학교병원,4314,2145,2169,17,949,1116,942,885,405,13,338,501,488,529,276,4,611,615,454,356,129
2019,1,A,골목상권,2110426,상계2동주민센터,3816,1519,2297,9,482,708,928,1063,626,5,155,292,351,395,321,4,327,416,577,668,305
2019,1,A,골목상권,2110425,계상초등학교,3897,1623,2274,11,424,607,913,1024,918,3,153,291,359,369,448,8,271,316,554,655,470
2019,1,A,골목상권,2110424,상계초등학교,3862,1442,2420,15,520,695,948,1055,629,9,179,306,356,336,256,6,341,389,592,719,373
2019,1,A,골목상권,2110423,석계역 2번,2489,1170,1319,12,378,525,696,519,359,4,117,240,336,260,213,8,261,285,360,259,146
2019,1,A,골목상권,2110422,노원역 9번,2906,1052,1854,19,475,538,713,763,398,9,146,209,251,254,183,10,329,329,462,509,215
2019,1,A,골목상권,2110421,석계역 1번,2220,1194,1026,9,293,337,553,589,439,2,111,168,287,321,305,7,182,169,266,268,134
2019,1,A,골목상권,2110420,광운대역 1번,1633,897,736,5,222,377,472,379,178,4,78,179,287,240,109,1,144,198,185,139,69
2019,1,A,골목상권,2110419,수락산디자인거리,5008,2903,2105,16,398,740,1163,1215,1476,9,170,408,577,648,1091,7,228,332,586,567,385
2019,1,A,골목상권,2110418,광운대학교 남단,2057,1134,923,5,261,381,516,549,345,3,96,174,281,327,253,2,165,207,235,222,92
2019,1,A,골목상권,2110417,월계역 3번,1491,752,739,5,170,216,388,465,247,5,73,119,190,238,127,0,97,97,198,227,120
2019,1,A,골목상권,2110416,노원초등학교,3223,1871,1352,15,254,435,697,746,1076,8,121,256,317,380,789,7,133,179,380,366,287
2019,1,A,골목상권,2110415,수락산역 4번,4759,2304,2455,10,443,871,1215,1166,1054,5,196,492,580,531,500,5,247,379,635,635,554
2019,1,A,골목상권,2110414,장석교회,1170,723,447,11,105,175,265,336,278,6,41,82,143,213,238,5,64,93,122,123,40
2019,1,A,골목상권,2110413,누원고등학교,1418,676,742,4,115,212,331,394,362,1,44,95,132,180,224,3,71,117,199,214,138
2019,1,A,골목상권,2110412,창동중학교,1871,1367,504,3,107,190,333,648,590,0,38,77,194,501,557,3,69,113,139,147,33
2019,1,A,골목상권,2110411,도봉역 3번,3562,1953,1609,3,294,682,862,893,828,1,126,311,456,525,534,2,168,371,406,368,294
2019,1,A,골목상권,2110410,방학역 2번,6045,3143,2902,26,671,950,1175,1378,1845,11,281,458,540,683,1170,15,390,492,635,695,675
2019,1,A,골목상권,2110409,창동역 2번,4999,2366,2633,14,660,1271,1288,1248,518,9,203,595,618,656,285,5,457,676,670,592,233
2019,1,A,골목상권,2110408,가인초등학교,3639,1934,1705,13,455,701,865,948,657,7,167,405,459,512,384,6,288,296,406,436,273
2019,1,A,골목상권,2110407,도봉역 2번,4361,2444,1917,12,376,786,994,1213,980,9,132,349,510,741,703,3,244,437,484,472,277
2019,1,A,골목상권,2110406,도봉산역 1번,1893,1272,621,4,114,228,487,672,388,2,49,136,300,501,284,2,65,92,187,171,104
2019,1,A,골목상권,2110405,방학역 1번,3438,1796,1642,22,430,590,797,913,686,11,188,299,395,473,430,11,242,291,402,440,256
2019,1,A,골목상권,2110404,신창초등학교,2866,1360,1506,11,292,503,741,888,431,6,98,192,311,459,294,5,194,311,430,429,137
2019,1,A,골목상권,2110403,방학1동주민센터,3688,1833,1855,15,494,693,860,996,630,7,210,394,440,475,307,8,284,299,420,521,323
2019,1,A,골목상권,2110402,도봉구 정병원,3546,1624,1922,14,468,609,841,978,636,7,168,323,393,423,310,7,300,286,448,555,326
2019,1,A,골목상권,2110401,도봉구민회관,3358,1723,1635,17,367,613,732,796,833,10,139,320,345,356,553,7,228,293,387,440,280
2019,1,A,골목상권,2110400,도봉구보건소,3985,1878,2107,16,539,738,974,1020,698,9,192,382,463,465,367,7,347,356,511,555,331
2019,1,A,골목상권,2110399,창2동주민센터,2223,1039,1184,9,245,401,641,606,321,3,101,175,270,278,212,6,144,226,371,328,109
2019,1,A,골목상권,2110398,쌍문2동우체국,3754,1864,1890,14,401,685,828,945,881,8,145,336,369,441,565,6,256,349,459,504,316
2019,1,A,골목상권,2110397,도봉산입구,2400,1318,1082,4,192,362,582,743,517,1,73,172,280,444,348,3,119,190,302,299,169
2019,1,A,골목상권,2110396,쌍문역1번(쌍리단길),2367,1026,1341,11,432,529,565,565,265,7,141,224,250,251,153,4,291,305,315,314,112
2019,1,A,골목상권,2110395,신한은행 방학동지점,1555,644,911,5,177,256,370,400,347,4,61,120,152,146,161,1,116,136,218,254,186
2019,1,A,골목상권,2110394,방학중학교,1998,800,1198,3,226,352,513,517,387,3,78,151,214,174,180,0,148,201,299,343,207
2019,1,A,골목상권,2110393,국민은행방학지점,1301,473,828,5,126,210,331,337,292,5,32,73,128,107,128,0,94,137,203,230,164
2019,1,A,골목상권,2110392,발바닥공원,740,255,485,3,86,134,189,166,162,2,18,42,53,54,86,1,68,92,136,112,76
2019,1,A,골목상권,2110391,샘말어린이공원,1117,538,579,0,103,216,269,318,211,0,41,96,119,137,145,0,62,120,150,181,66
2019,1,A,골목상권,2110390,방학초등학교,2178,761,1417,3,211,361,543,642,418,3,65,139,202,180,172,0,146,222,341,462,246
2019,1,A,골목상권,2110389,한일병원,2638,1260,1378,6,545,544,583,647,313,4,161,262,286,350,197,2,384,282,297,297,116
2019,1,A,골목상권,2110388,도봉우체국,2149,885,1264,4,525,490,498,458,174,2,145,219,194,212,113,2,380,271,304,246,61
2019,1,A,골목상권,2110387,쌍문초등학교,1992,837,1155,3,365,454,500,444,226,0,90,185,229,187,146,3,275,269,271,257,80
2019,1,A,골목상권,2110386,연산군묘,684,410,274,0,39,60,132,244,209,0,11,24,67,129,179,0,28,36,65,115,30
2019,1,A,골목상권,2110385,효문고등학교,1393,506,887,2,260,245,337,371,178,1,29,70,135,147,124,1,231,175,202,224,54
2019,1,A,골목상권,2110384,문이교,856,404,452,0,90,128,208,254,176,0,30,63,98,101,112,0,60,65,110,153,64
2019,1,A,골목상권,2110383,덕성여대시반거리,1221,397,824,5,244,228,308,296,140,1,28,77,119,103,69,4,216,151,189,193,71
2019,1,A,골목상권,2110382,솔밭공원역 1번,1737,632,1105,2,301,291,410,484,249,1,37,108,161,169,156,1,264,183,249,315,93
2019,1,A,골목상권,2110381,번동주공2단지,1708,796,912,9,212,346,402,455,284,4,74,127,178,227,186,5,138,219,224,228,98
2019,1,A,골목상권,2110380,강북문화정보도서관,1101,504,597,5,152,178,270,292,204,4,50,83,115,135,117,1,102,95,155,157,87
2019,1,A,골목상권,2110379,KT&G 북부지사,1941,1350,591,5,155,255,454,753,319,4,91,131,287,578,259,1,64,124,167,175,60
2019,1,A,골목상권,2110378,송중동주민센터,1636,745,891,5,191,363,466,343,268,2,76,181,200,136,150,3,115,182,266,207,118
2019,1,A,골목상권,2110377,미아사거리역 3번,3275,1323,1952,18,598,818,794,670,377,7,194,352,323,253,194,11,404,466,471,417,183
2019,1,A,골목상권,2110376,수송초등학교,7139,3927,3212,18,706,1506,1752,2149,1008,10,267,794,923,1321,612,8,439,712,829,828,396
2019,1,A,골목상권,2110375,서울북부고용노동지청,2577,1589,988,6,231,342,605,898,495,5,116,175,352,611,330,1,115,167,253,287,165
2019,1,A,골목상권,2110374,송중초등학교,3871,1656,2215,15,391,634,859,902,1070,9,127,252,371,409,488,6,264,382,488,493,582
2019,1,A,골목상권,2110373,수유역 2번,7531,3892,3639,27,965,1625,1730,1955,1229,15,346,841,881,1121,688,12,619,784,849,834,541
2019,1,A,골목상권,2110372,강북중학교,1969,930,1039,5,224,382,499,534,325,3,76,190,232,238,191,2,148,192,267,296,134
2019,1,A,골목상권,2110371,삼양입구사거리,2303,994,1309,8,307,435,600,567,386,3,82,167,243,265,234,5,225,268,357,302,152
2019,1,A,골목상권,2110370,도봉세무서,3358,1450,1908,12,338,525,738,757,988,7,124,218,331,336,434,5,214,307,407,421,554
2019,1,A,골목상권,2110369,성신여대운정그린캠퍼스,5843,3127,2716,6,734,1157,1307,1437,1202,2,259,649,722,813,682,4,475,508,585,624,520
2019,1,A,골목상권,2110368,송천초등학교,2016,768,1248,8,318,432,559,485,214,3,75,149,206,204,131,5,243,283,353,281,83
2019,1,A,골목상권,2110367,강북구청,7783,4047,3736,32,1018,1749,1775,1866,1343,17,382,921,939,1078,710,15,636,828,836,788,633
2019,1,A,골목상권,2110366,광산사거리,4374,2190,2184,11,429,948,1027,1158,801,6,148,440,531,661,404,5,281,508,496,497,397
2019,1,A,골목상권,2110365,미아역 5번,2886,1261,1625,11,378,567,649,729,552,9,130,238,261,297,326,2,248,329,388,432,226
2019,1,A,골목상권,2110364,미아역 8번,2844,1281,1563,6,380,558,675,687,538,4,121,224,311,306,315,2,259,334,364,381,223
2019,1,A,골목상권,2110363,송천동주민센터,1449,577,872,6,192,324,429,305,193,4,59,134,167,118,95,2,133,190,262,187,98
2019,1,A,골목상권,2110362,우이천 계성교,2793,1242,1551,8,472,535,673,705,400,3,129,263,331,304,212,5,343,272,342,401,188
2019,1,A,골목상권,2110361,삼양사거리역 1번,1466,652,814,6,164,274,378,363,281,4,54,134,160,163,137,2,110,140,218,200,144
2019,1,A,골목상권,2110360,수유초등학교,3991,1821,2170,7,500,680,909,1038,857,3,167,339,390,444,478,4,333,341,519,594,379
2019,1,A,골목상권,2110359,수유시장옆,7096,3516,3580,21,810,1389,1598,1776,1502,11,288,651,782,951,833,10,522,738,816,825,669
2019,1,A,골목상권,2110358,인수동 우편취급국,4614,2279,2335,8,549,752,986,1223,1096,1,176,397,478,582,645,7,373,355,508,641,451
2019,1,A,골목상권,2110357,가오리역 1번,1990,881,1109,10,247,374,491,513,355,5,79,174,229,223,171,5,168,200,262,290,184
2019,1,A,골목상권,2110356,덕수교,2032,840,1192,11,335,388,524,504,270,4,78,174,237,202,145,7,257,214,287,302,125
2019,1,A,골목상권,2110355,삼양사거리역 2번,1941,762,1179,6,243,392,515,465,320,4,61,156,198,187,156,2,182,236,317,278,164
2019,1,A,골목상권,2110354,삼각산119안전센터,1001,332,669,2,138,218,304,209,130,0,28,79,92,71,62,2,110,139,212,138,68
2019,1,A,골목상권,2110353,수유동우체국,2118,827,1291,11,333,364,525,538,347,5,68,166,229,201,158,6,265,198,296,337,189
2019,1,A,골목상권,2110352,수유1동주민센터,2340,1166,1174,2,240,445,719,664,270,0,61,191,355,379,180,2,179,254,364,285,90
2019,1,A,골목상권,2110351,수유북부시장옆,2216,1223,993,2,160,290,559,782,423,0,53,165,332,428,245,2,107,125,227,354,178
2019,1,A,골목상권,2110350,가오리역 2번,2305,988,1317,4,248,477,569,624,383,3,65,206,241,247,226,1,183,271,328,377,157
2019,1,A,골목상권,2110349,화계역 2번,1690,1056,634,2,138,273,491,538,248,0,34,129,295,393,205,2,104,144,196,145,43
2019,1,A,골목상권,2110348,강북문화예술회관,2551,1001,1550,8,292,558,690,633,370,5,79,224,277,235,181,3,213,334,413,398,189
2019,1,A,골목상권,2110347,구세군강북종합사회복지관,747,264,483,0,102,200,209,159,77,0,26,63,74,56,45,0,76,137,135,103,32
2019,1,A,골목상권,2110346,4.19민주묘지역 2번,1500,585,915,5,285,286,365,369,190,1,51,126,171,139,97,4,234,160,194,230,93
2019,1,A,골목상권,2110345,솔밭공원역 2번,2307,1063,1244,4,320,330,496,769,388,1,44,129,212,415,262,3,276,201,284,354,126
2019,1,A,골목상권,2110344,화계중학교,1064,700,364,0,67,192,353,358,94,0,8,87,245,278,82,0,59,105,108,80,12
2019,1,A,골목상권,2110343,무너미어린이공원,1918,827,1091,11,199,335,458,485,430,5,65,165,214,191,187,6,134,170,244,294,243
2019,1,A,골목상권,2110342,국립재활원,2016,1153,863,0,192,432,588,577,227,0,52,215,370,374,142,0,140,217,218,203,85
2019,1,A,골목상권,2110341,북한산우이역 2번,933,722,211,2,64,95,139,350,283,0,42,66,90,287,237,2,22,29,49,63,46
2019,1,A,골목상권,2110340,인수중학교,1390,686,704,2,142,186,293,374,393,1,49,81,149,209,197,1,93,105,144,165,196
2019,1,A,골목상권,2110339,국립4.19민주묘지,1234,659,575,3,143,153,235,335,365,1,47,85,145,201,180,2,96,68,90,134,185
2019,1,A,골목상권,2110338,인수초등학교,1787,830,957,4,227,388,443,438,287,3,61,144,198,243,181,1,166,244,245,195,106
2019,1,A,골목상권,2110337,아카데미하우스,1495,746,749,2,161,211,321,399,401,1,54,93,170,228,200,1,107,118,151,171,201
2019,1,A,골목상권,2110336,석관고등학교,2778,1943,835,2,143,297,461,640,1235,1,67,159,282,443,991,1,76,138,179,197,244
2019,1,A,골목상권,2110335,석계역 7번,4062,2430,1632,9,364,513,813,925,1438,2,128,244,415,526,1115,7,236,269,398,399,323
2019,1,A,골목상권,2110334,석관중앙교회,2631,1476,1155,5,231,498,699,719,479,3,69,207,385,478,334,2,162,291,314,241,145
2019,1,A,골목상권,2110333,돌곶이역 5번,3723,2247,1476,6,359,506,689,781,1382,1,139,253,352,438,1064,5,220,253,337,343,318
2019,1,A,골목상권,2110332,돌곶이역 3번,3389,2148,1241,4,310,421,583,726,1345,0,121,218,315,425,1069,4,189,203,268,301,276
2019,1,A,골목상권,2110331,돌곶이역 8번,2623,1220,1403,11,333,570,719,617,373,3,101,245,356,295,220,8,232,325,363,322,153
2019,1,A,골목상권,2110330,돌곶이역 1번,2507,1186,1321,7,300,553,665,612,370,0,97,243,328,284,234,7,203,310,337,328,136
2019,1,A,골목상권,2110329,우리은행체육관,1198,580,618,3,98,194,299,347,257,1,32,95,133,170,149,2,66,99,166,177,108
2019,1,A,골목상권,2110328,상월곡역 3번,2315,1197,1118,6,289,532,648,535,305,1,102,244,369,278,203,5,187,288,279,257,102
2019,1,A,골목상권,2110327,상월곡역 2번,1694,808,886,5,216,351,495,414,213,1,84,164,228,187,144,4,132,187,267,227,69
2019,1,A,골목상권,2110326,장위동성당,1092,505,587,1,101,204,312,270,204,0,27,94,128,127,129,1,74,110,184,143,75
2019,1,A,골목상권,2110325,장곡초등학교,1366,629,737,7,156,221,359,350,273,5,50,111,155,162,146,2,106,110,204,188,127
2019,1,A,골목상권,2110324,월곡역 4번,4552,2662,1890,8,1069,1324,957,760,434,2,525,837,599,428,271,6,544,487,358,332,163
2019,1,A,골목상권,2110323,상월곡역 1번,4735,2686,2049,8,1126,1256,955,899,491,2,509,785,554,522,314,6,617,471,401,377,177
2019,1,A,골목상권,2110322,장위1동주민센터,1059,515,544,4,119,146,235,292,263,4,47,84,112,122,146,0,72,62,123,170,117
2019,1,A,골목상권,2110321,동덕여대,2172,906,1266,3,336,389,530,559,355,1,80,158,232,250,185,2,256,231,298,309,170
2019,1,A,골목상권,2110320,KB국민은행 종암동지점,5093,2826,2267,5,683,1454,1337,1114,500,1,239,690,780,754,362,4,444,764,557,360,138
2019,1,A,골목상권,2110319,종암동주민센터,3129,1535,1594,11,450,695,790,788,395,3,159,379,420,398,176,8,291,316,370,390,219
2019,1,A,골목상권,2110318,KT월곡지사,4738,2480,2258,21,766,1103,1246,1080,522,4,283,609,694,611,279,17,483,494,552,469,243
2019,1,A,골목상권,2110317,종암중학교,5064,2831,2233,4,731,1450,1312,1095,472,1,268,683,768,762,349,3,463,767,544,333,123
2019,1,A,골목상권,2110316,숭곡초등학교,5497,2543,2954,32,918,1287,1409,1152,699,9,335,618,673,529,379,23,583,669,736,623,320
2019,1,A,골목상권,2110315,종암아이파크2차,1907,710,1197,6,287,346,480,479,309,2,97,131,187,164,129,4,190,215,293,315,180
2019,1,A,골목상권,2110314,종암경찰서,3195,1585,1610,14,423,652,838,813,455,4,160,372,447,418,184,10,263,280,391,395,271
2019,1,A,골목상권,2110313,안암역 3번,10183,5187,4996,17,1835,3034,2606,1819,872,2,559,1328,1491,1193,614,15,1276,1706,1115,626,258
2019,1,A,골목상권,2110312,안암역 2번,8378,4126,4252,14,1612,2659,2086,1461,546,3,444,1121,1170,988,400,11,1168,1538,916,473,146
2019,1,A,골목상권,2110311,종암아이파크2차후문,462,107,355,0,42,78,118,125,99,0,12,20,34,19,22,0,30,58,84,106,77
2019,1,A,골목상권,2110310,길음역 10번,1891,674,1217,12,222,342,480,447,388,4,45,145,174,124,182,8,177,197,306,323,206
2019,1,A,골목상권,2110309,대광초등학교,3906,2164,1742,12,556,914,995,808,621,1,219,513,595,460,376,11,337,401,400,348,245
2019,1,A,골목상권,2110308,길음역 8번,2824,1019,1805,19,388,559,730,662,466,8,87,241,236,217,230,11,301,318,494,445,236
2019,1,A,골목상권,2110307,길음역 7번,2368,891,1477,17,311,409,583,608,440,7,80,190,216,194,204,10,231,219,367,414,236
2019,1,A,골목상권,2110306,미아초등학교,1444,537,907,12,222,349,420,288,153,5,58,152,129,110,83,7,164,197,291,178,70
2019,1,A,골목상권,2110305,보문역 5번,6546,2819,3727,16,1408,1833,1512,1163,614,4,349,703,765,619,379,12,1059,1130,747,544,235
2019,1,A,골목상권,2110304,보문역 4번,9199,4229,4970,17,1667,2580,2256,1948,731,9,439,986,1140,1195,460,8,1228,1594,1116,753,271
2019,1,A,골목상권,2110303,성신여대입구역 1번,7944,3077,4867,18,1893,2213,1792,1343,685,4,414,819,840,638,362,14,1479,1394,952,705,323
2019,1,A,골목상권,2110302,보문역 8번,2661,1312,1349,7,390,553,628,611,472,1,129,280,316,305,281,6,261,273,312,306,191
2019,1,A,골목상권,2110301,성신여대입구역 7번,3851,1692,2159,15,684,844,857,814,637,2,210,374,415,360,331,13,474,470,442,454,306
2019,1,A,골목상권,2110300,삼선동주민센터,12832,5803,7029,42,2531,3303,2998,2654,1304,12,667,1357,1520,1521,726,30,1864,1946,1478,1133,578
2019,1,A,골목상권,2110299,정릉역 1번,2661,1060,1601,10,407,613,670,614,347,6,118,228,252,251,205,4,289,385,418,363,142
2019,1,A,골목상권,2110298,솔숲어린이공원,1252,519,733,5,169,251,353,315,159,3,50,100,114,143,109,2,119,151,239,172,50
2019,1,A,골목상권,2110297,경동고등학교,8510,4182,4328,31,1125,1879,2104,2155,1216,15,396,868,1067,1207,629,16,729,1011,1037,948,587
2019,1,A,골목상권,2110296,성신여대입구역 4번,5592,2359,3233,19,848,1011,1036,1046,1632,3,229,445,498,465,719,16,619,566,538,581,913
2019,1,A,골목상권,2110295,정릉우체국,2262,1171,1091,7,282,369,552,622,430,3,102,166,243,362,295,4,180,203,309,260,135
2019,1,A,골목상권,2110294,서경대학교,2880,1591,1289,6,359,485,692,815,523,1,111,221,365,506,387,5,248,264,327,309,136
2019,1,A,골목상권,2110293,삼선중학교,6599,2728,3871,36,896,1259,1424,1267,1717,13,238,579,623,553,722,23,658,680,801,714,995
2019,1,A,골목상권,2110292,정릉역 2번,1153,478,675,7,165,248,310,275,148,3,68,103,106,110,88,4,97,145,204,165,60
2019,1,A,골목상권,2110291,한성대입구역 3번,3590,1684,1906,20,571,759,915,839,486,10,208,358,431,426,251,10,363,401,484,413,235
2019,1,A,골목상권,2110290,북한산보국문역 1번,1781,920,861,4,219,301,458,487,312,2,61,132,242,288,195,2,158,169,216,199,117
2019,1,A,골목상권,2110289,북한산보국문역 2번,1995,1038,957,6,248,353,520,539,329,2,96,151,262,305,222,4,152,202,258,234,107
2019,1,A,골목상권,2110288,동구여중,2973,1308,1665,31,488,778,827,555,294,14,147,339,359,288,161,17,341,439,468,267,133
2019,1,A,골목상권,2110287,정릉3동주민센터,1084,663,421,1,85,190,333,335,140,1,26,86,214,234,102,0,59,104,119,101,38
2019,1,A,골목상권,2110286,한성대입구역 5번,3825,1864,1961,35,577,936,1038,801,438,16,175,413,491,483,286,19,402,523,547,318,152
2019,1,A,골목상권,2110285,홍대부중,2511,1136,1375,11,377,677,762,445,239,5,125,278,340,237,151,6,252,399,422,208,88
2019,1,A,골목상권,2110284,정릉북한산국립공원입구,956,747,209,1,33,101,277,376,168,0,7,72,229,300,139,1,26,29,48,76,29
2019,1,A,골목상권,2110283,성북초등학교앞,1963,946,1017,6,323,473,539,391,231,2,105,206,274,214,145,4,218,267,265,177,86
2019,1,A,골목상권,2110282,국민대학교앞,2521,1544,977,0,377,488,730,655,271,0,135,238,467,485,219,0,242,250,263,170,52
2019,1,A,골목상권,2110281,길상사,1034,572,462,5,207,302,231,177,112,0,87,179,139,97,70,5,120,123,92,80,42
2019,1,A,골목상권,2110280,북정마을,2127,1101,1026,6,346,650,517,415,193,0,124,325,285,232,135,6,222,325,232,183,58
2019,1,A,골목상권,2110279,신내역 2번,4103,2200,1903,2,825,1115,945,862,354,1,275,600,537,529,258,1,550,515,408,333,96
2019,1,A,골목상권,2110278,망우본동주민센터,3989,1876,2113,12,546,752,959,1009,711,2,142,287,393,542,510,10,404,465,566,467,201
2019,1,A,골목상권,2110277,러스크서울병원,3909,1872,2037,15,501,679,899,1027,788,3,136,280,408,533,512,12,365,399,491,494,276
2019,1,A,골목상권,2110276,신내IC북측,2142,1601,541,0,240,500,526,604,272,0,173,405,393,428,202,0,67,95,133,176,70
2019,1,A,골목상권,2110275,하나은행 망우동지점,2994,1529,1465,15,351,471,621,836,700,3,91,195,297,454,489,12,260,276,324,382,211
2019,1,A,골목상권,2110274,서일대학교,3079,1585,1494,7,341,487,774,892,578,2,116,204,405,497,361,5,225,283,369,395,217
2019,1,A,골목상권,2110273,장스여성병원,3139,1609,1530,9,378,516,682,848,706,2,97,197,302,481,530,7,281,319,380,367,176
2019,1,A,골목상권,2110272,신내1동주민센터,5985,2961,3024,14,598,1241,1506,1666,960,9,197,527,672,929,627,5,401,714,834,737,333
2019,1,A,골목상권,2110271,신내역 1번,4797,2678,2119,5,877,1200,1087,1144,484,1,321,688,655,684,329,4,556,512,432,460,155
2019,1,A,골목상권,2110270,혜원여고,1776,848,928,6,171,287,427,496,389,2,44,130,207,247,218,4,127,157,220,249,171
2019,1,A,골목상권,2110269,용마문화복지센터,2356,1303,1053,1,264,366,571,718,436,0,105,161,323,417,297,1,159,205,248,301,139
2019,1,A,골목상권,2110268,망우3동주민센터,2327,1326,1001,3,174,330,520,650,650,1,63,166,289,344,463,2,111,164,231,306,187
2019,1,A,골목상권,2110267,망우역 2번,4112,1825,2287,15,519,724,954,1132,768,9,163,291,406,503,453,6,356,433,548,629,315
2019,1,A,골목상권,2110266,면목동우체국,2904,1529,1375,7,331,482,745,895,444,1,102,201,400,521,304,6,229,281,345,374,140
2019,1,A,골목상권,2110265,망우역 1번,5272,2690,2582,22,712,903,1093,1385,1157,8,218,369,527,758,810,14,494,534,566,627,347
2019,1,A,골목상권,2110264,면목역 2번,3484,1559,1925,7,429,601,931,1007,509,3,151,262,447,437,259,4,278,339,484,570,250
2019,1,A,골목상권,2110263,면목역 1번,4817,2591,2226,14,564,1034,1319,1100,786,2,251,653,658,502,525,12,313,381,661,598,261
2019,1,A,골목상권,2110262,상봉역 3번,5079,2865,2214,17,662,1109,1322,1134,835,5,278,695,686,602,599,12,384,414,636,532,236
2019,1,A,골목상권,2110261,사가정역 4번,3392,1968,1424,7,421,553,806,1133,472,1,133,238,475,758,363,6,288,315,331,375,109
2019,1,A,골목상권,2110260,면목역 3번,3935,2104,1831,13,513,931,1150,878,450,3,223,590,552,427,309,10,290,341,598,451,141
2019,1,A,골목상권,2110259,사가정역 1번,3078,1417,1661,10,473,639,770,801,385,2,123,256,396,411,229,8,350,383,374,390,156
2019,1,A,골목상권,2110258,면동초등학교,2662,1202,1460,9,370,531,641,709,402,3,86,233,280,332,268,6,284,298,361,377,134
2019,1,A,골목상권,2110257,상봉역 7번,3398,1811,1587,16,436,553,707,990,696,12,138,249,340,573,499,4,298,304,367,417,197
2019,1,A,골목상권,2110256,면목2동체육관,5379,2894,2485,14,651,1211,1538,1261,704,7,278,731,775,634,469,7,373,480,763,627,235
2019,1,A,골목상권,2110255,상봉역 4번,6256,3339,2917,23,884,1368,1687,1422,872,13,343,793,834,763,593,10,541,575,853,659,279
2019,1,A,골목상권,2110254,오거리공원,2526,1437,1089,3,275,440,660,816,332,1,104,204,364,533,231,2,171,236,296,283,101
2019,1,A,골목상권,2110253,중곡초등학교,2123,1251,872,2,234,344,536,686,321,0,91,161,312,475,212,2,143,183,224,211,109
2019,1,A,골목상권,2110252,장안제일시장,2633,1389,1244,4,327,531,633,686,452,2,86,240,328,389,344,2,241,291,305,297,108
2019,1,A,골목상권,2110251,장안중학교,2665,1295,1370,5,277,424,657,790,512,3,87,170,276,395,364,2,190,254,381,395,148
2019,1,A,골목상권,2110250,화랑대역 7번,2157,950,1207,7,242,474,546,564,324,5,100,228,212,221,184,2,142,246,334,343,140
2019,1,A,골목상권,2110249,중화역 1번,3887,1858,2029,7,398,667,911,928,976,2,143,273,433,377,630,5,255,394,478,551,346
2019,1,A,골목상권,2110248,먹골파출소,1580,739,841,8,254,346,395,372,205,5,104,179,161,154,136,3,150,167,234,218,69
2019,1,A,골목상권,2110247,먹골역 1번,2879,1382,1497,7,439,642,731,665,395,2,151,312,347,334,236,5,288,330,384,331,159
2019,1,A,골목상권,2110246,월드순복음교회,2986,1533,1453,12,412,544,693,775,550,10,140,247,337,425,374,2,272,297,356,350,176
2019,1,A,골목상권,2110245,KB국민은행 중화동지점,2317,1224,1093,4,271,378,552,653,459,3,99,170,245,367,340,1,172,208,307,286,119
2019,1,A,골목상권,2110244,중화역 4번,3297,1631,1666,9,316,544,750,798,880,5,116,237,362,333,578,4,200,307,388,465,302
2019,1,A,골목상권,2110243,중랑노인종합복지관,2721,1395,1326,5,283,496,684,756,497,3,97,223,336,396,340,2,186,273,348,360,157
2019,1,A,골목상권,2110242,면목5동주민센터,1624,983,641,4,127,268,371,509,345,2,57,141,214,308,261,2,70,127,157,201,84
2019,1,A,골목상권,2110241,먹골역 5번,3498,1772,1726,10,387,658,806,785,852,3,132,303,389,378,567,7,255,355,417,407,285
2019,1,A,골목상권,2110240,태릉시장 특화거리,1785,823,962,3,211,339,508,492,232,2,78,171,241,198,133,1,133,168,267,294,99
2019,1,A,골목상권,2110239,중랑역 2번,930,442,488,2,161,185,223,219,140,1,56,88,106,104,87,1,105,97,117,115,53
2019,1,A,골목상권,2110238,배꽃어린이공원,1762,1009,753,5,157,235,317,349,699,4,60,115,176,174,480,1,97,120,141,175,219
2019,1,A,골목상권,2110237,메가박스 상봉,5218,3221,1997,21,746,1129,1409,1364,549,12,338,667,901,943,360,9,408,462,508,421,189
2019,1,A,골목상권,2110236,신묵초등학교,3561,1861,1700,7,421,687,806,770,870,3,153,334,411,390,570,4,268,353,395,380,300
2019,1,A,골목상권,2110235,세화어린이공원,696,311,385,0,67,114,204,210,101,0,29,69,92,70,51,0,38,45,112,140,50
2019,1,A,골목상권,2110234,중랑역 4번,4305,2950,1355,23,598,960,1176,1106,442,14,306,627,827,870,306,9,292,333,349,236,136
2019,1,A,골목상권,2110233,중랑역 1번,4208,2810,1398,20,613,948,1172,1078,377,11,304,622,806,821,246,9,309,326,366,257,131
2019,1,A,골목상권,2110232,동대부고,4461,2266,2195,14,687,954,1118,1060,628,6,304,483,573,528,372,8,383,471,545,532,256
2019,1,A,골목상권,2110231,장안교,2172,1282,890,2,315,466,589,494,306,1,185,272,337,283,204,1,130,194,252,211,102
2019,1,A,골목상권,2110230,장안현대홈타운1차아파트,5469,2548,2921,35,806,1276,1443,1165,744,11,261,599,715,535,427,24,545,677,728,630,317
2019,1,A,골목상권,2110229,장평중학교,10478,6256,4222,35,1494,2480,2457,2086,1926,15,669,1505,1478,1202,1387,20,825,975,979,884,539
2019,1,A,골목상권,2110228,장안근린공원,7466,3631,3835,33,1128,1567,1924,1775,1039,10,475,801,951,824,570,23,653,766,973,951,469
2019,1,A,골목상권,2110227,답십리공원,3079,1426,1653,5,395,616,805,831,427,1,166,321,368,365,205,4,229,295,437,466,222
2019,1,A,골목상권,2110226,장안1동주민센터,11367,6232,5135,54,1620,2400,2659,2465,2169,21,675,1319,1534,1324,1359,33,945,1081,1125,1141,810
2019,1,A,골목상권,2110225,촬영소사거리,3578,2148,1430,5,455,762,928,840,588,2,257,465,574,474,376,3,198,297,354,366,212
2019,1,A,골목상권,2110224,외대앞역 2번,997,436,561,5,151,191,247,199,204,4,61,100,111,81,79,1,90,91,136,118,125
2019,1,A,골목상권,2110223,군자초등학교,12399,7532,4867,67,2226,2734,2490,2308,2574,21,1047,1755,1608,1364,1737,46,1179,979,882,944,837
2019,1,A,골목상권,2110222,회기역 2번,1380,641,739,17,256,280,282,219,326,4,72,129,141,97,198,13,184,151,141,122,128
2019,1,A,골목상권,2110221,의릉,1434,696,738,4,174,310,399,335,212,2,48,116,215,181,134,2,126,194,184,154,78
2019,1,A,골목상권,2110220,외대앞역 1번,5863,3031,2832,10,695,1383,1730,1357,688,4,207,590,911,856,463,6,488,793,819,501,225
2019,1,A,골목상권,2110219,삼육보건대학교,5291,2425,2866,26,924,1241,1186,1148,766,13,259,544,591,557,461,13,665,697,595,591,305
2019,1,A,골목상권,2110218,답십리사거리,2140,1107,1033,9,283,448,536,520,344,8,118,234,288,252,207,1,165,214,248,268,137
2019,1,A,골목상권,2110217,자동차부품상가,27361,21745,5616,60,3249,4745,8273,8671,2363,41,1975,3544,6900,7469,1816,19,1274,1201,1373,1202,547
2019,1,A,골목상권,2110216,전농중학교,1892,766,1126,2,253,469,499,449,220,1,66,176,200,182,141,1,187,293,299,267,79
2019,1,A,골목상권,2110215,회기역 1번,4515,2337,2178,10,624,1089,1226,936,630,3,192,463,644,563,472,7,432,626,582,373,158
2019,1,A,골목상권,2110214,경희대후문,8289,3871,4418,8,1392,2301,2177,1737,674,3,357,931,1067,1009,504,5,1035,1370,1110,728,170
2019,1,A,골목상권,2110213,청량초등학교,6526,2791,3735,7,1282,1879,1643,1244,471,1,333,769,733,621,334,6,949,1110,910,623,137
2019,1,A,골목상권,2110212,답십리초등학교,4989,2525,2464,20,824,1142,1258,1035,710,13,375,638,611,470,418,7,449,504,647,565,292
2019,1,A,골목상권,2110211,전곡마을마당공원,3479,1795,1684,4,414,862,923,858,418,3,159,374,511,480,268,1,255,488,412,378,150
2019,1,A,골목상권,2110210,서울시립대,4160,2092,2068,20,597,1049,1019,1003,472,11,210,454,552,545,320,9,387,595,467,458,152
2019,1,A,골목상권,2110209,답십리 장령당공원,1800,1024,776,2,206,370,481,452,289,0,95,212,274,242,201,2,111,158,207,210,88
2019,1,A,골목상권,2110208,시조사삼거리,2426,1156,1270,13,370,574,592,578,299,6,116,286,304,272,172,7,254,288,288,306,127
2019,1,A,골목상권,2110207,시립대앞사거리,3852,2008,1844,41,722,943,871,816,459,21,317,409,472,463,326,20,405,534,399,353,133
2019,1,A,골목상권,2110206,텃골근린공원,1867,858,1009,6,269,385,517,457,233,2,112,181,258,202,103,4,157,204,259,255,130
2019,1,A,골목상권,2110205,경희대삼거리,8849,3980,4869,15,1670,2474,2119,1769,802,5,497,1083,1004,897,494,10,1173,1391,1115,872,308
2019,1,A,골목상권,2110204,간데메공원,2573,1393,1180,2,380,547,665,582,397,0,173,309,353,310,248,2,207,238,312,272,149
2019,1,A,골목상권,2110203,떡전교사거리,3879,2058,1821,41,766,909,826,830,507,20,368,518,458,411,283,21,398,391,368,419,224
2019,1,A,골목상권,2110202,전농1동주민센터(전농시장),948,479,469,4,139,171,240,227,167,1,66,88,125,118,81,3,73,83,115,109,86
2019,1,A,골목상권,2110201,전농119안전센터,1231,653,578,1,188,251,328,266,197,0,91,141,180,136,105,1,97,110,148,130,92
2019,1,A,골목상권,2110200,동대문경찰서,2627,1488,1139,3,280,566,605,708,465,2,155,380,367,363,221,1,125,186,238,345,244
2019,1,A,골목상권,2110199,홍릉시장,3037,1782,1255,6,320,650,730,788,543,5,184,436,454,414,289,1,136,214,276,374,254
2019,1,A,골목상권,2110198,동대문중앙새마을금고본점,1324,799,525,5,136,239,294,331,319,5,64,146,189,177,218,0,72,93,105,154,101
2019,1,A,골목상권,2110197,세종대왕기념관교차로,1842,1146,696,2,323,599,368,377,173,2,154,369,239,263,119,0,169,230,129,114,54
2019,1,A,골목상권,2110196,홍릉근린공원,1046,403,643,0,91,172,253,308,222,0,29,82,109,92,91,0,62,90,144,216,131
2019,1,A,골목상권,2110195,동대문구청,7044,3841,3203,4,864,1511,1727,1807,1131,3,380,803,881,1039,735,1,484,708,846,768,396
2019,1,A,골목상권,2110194,홍파초등학교,2795,1596,1199,8,245,492,740,783,527,6,130,293,440,411,316,2,115,199,300,372,211
2019,1,A,골목상권,2110193,고려대역 4번,5621,3288,2333,3,713,1632,1450,1262,561,1,273,843,881,891,399,2,440,789,569,371,162
2019,1,A,골목상권,2110192,동의보감타워,5795,3165,2630,3,705,1212,1428,1530,917,3,290,626,729,918,599,0,415,586,699,612,318
2019,1,A,골목상권,2110191,고려대역 6번,5344,3129,2215,4,605,1412,1477,1240,606,1,238,720,890,855,425,3,367,692,587,385,181
2019,1,A,골목상권,2110190,고대앞사거리,6747,3812,2935,19,983,1824,1817,1428,676,4,398,924,1059,958,469,15,585,900,758,470,207
2019,1,A,골목상권,2110189,제기동역 1번,5712,3294,2418,13,926,1294,1284,1142,1053,4,371,717,705,704,793,9,555,577,579,438,260
2019,1,A,골목상권,2110188,용두동신동아아파트,12873,8497,4376,32,1723,3088,3226,3195,1609,15,858,2000,2362,2216,1046,17,865,1088,864,979,563
2019,1,A,골목상권,2110187,제기동역 6번,9509,5703,3806,21,1754,2714,2254,1573,1193,3,732,1603,1483,1047,835,18,1022,1111,771,526,358
2019,1,A,골목상권,2110186,종암초등학교,1773,945,828,7,290,358,486,353,279,0,127,175,271,189,183,7,163,183,215,164,96
2019,1,A,골목상권,2110185,용두초등학교,13654,6718,6936,35,1969,3781,4174,2691,1004,7,760,2156,2059,1180,556,28,1209,1625,2115,1511,448
2019,1,A,골목상권,2110184,용두사거리,9620,5330,4290,43,1944,2827,2310,1452,1044,8,696,1577,1430,909,710,35,1248,1250,880,543,334
2019,1,A,골목상권,2110183,한국의류시험연구원,5337,2856,2481,30,1061,1374,1143,855,874,8,366,697,622,516,647,22,695,677,521,339,227
2019,1,A,골목상권,2110182,용두희망어린이공원,5379,2752,2627,33,1113,1371,1262,915,685,7,400,695,724,502,424,26,713,676,538,413,261
2019,1,A,골목상권,2110181,신설동역 9번,19164,9851,9313,71,2564,4630,5239,4029,2631,46,1113,2670,2699,1874,1449,25,1451,1960,2540,2155,1182
2019,1,A,골목상권,2110180,광진정보도서관,6138,3472,2666,62,1377,1678,1458,1015,548,35,557,928,986,606,360,27,820,750,472,409,188
2019,1,A,골목상권,2110179,광나루역 1번,2178,1066,1112,9,296,601,521,422,329,8,95,246,283,201,233,1,201,355,238,221,96
2019,1,A,골목상권,2110178,장로회신학대학교,2585,1290,1295,12,475,566,589,545,398,10,134,304,350,261,231,2,341,262,239,284,167
2019,1,A,골목상권,2110177,동의초등학교,890,346,544,2,107,176,249,225,131,2,34,65,101,82,62,0,73,111,148,143,69
2019,1,A,골목상권,2110176,해오름공원,1639,774,865,3,179,286,449,434,288,2,50,136,198,212,176,1,129,150,251,222,112
2019,1,A,골목상권,2110175,푸른동산공원,10258,5690,4568,28,900,1668,2690,3324,1648,16,420,1008,1656,1711,879,12,480,660,1034,1613,769
2019,1,A,골목상권,2110174,아차산역 1번,3931,1853,2078,13,475,759,978,1015,691,5,179,350,450,454,415,8,296,409,528,561,276
2019,1,A,골목상권,2110173,구남초등학교,14426,8912,5514,57,1511,2644,3832,4101,2281,35,814,1759,2578,2355,1371,22,697,885,1254,1746,910
2019,1,A,골목상권,2110172,광진초등학교,3822,1987,1835,28,475,767,891,1008,653,11,171,375,487,541,402,17,304,392,404,467,251
2019,1,A,골목상권,2110171,중곡4동주민센터,1901,1005,896,3,196,371,494,540,297,2,61,193,248,295,206,1,135,178,246,245,91
2019,1,A,골목상권,2110170,동대부여고,8566,4946,3620,6,656,1433,2508,2961,1002,4,306,903,1590,1572,571,2,350,530,918,1389,431
2019,1,A,골목상권,2110169,성동초등학교,8468,5641,2827,34,803,1614,2435,2341,1241,16,434,1002,1707,1575,907,18,369,612,728,766,334
2019,1,A,골목상권,2110168,대원고등학교,2358,1207,1151,2,241,566,589,636,324,1,83,247,304,339,233,1,158,319,285,297,91
2019,1,A,골목상권,2110167,용마초등학교,5250,2710,2540,10,624,1070,1330,1278,938,3,251,560,686,639,571,7,373,510,644,639,367
2019,1,A,골목상권,2110166,구의1동주민센터,13901,8120,5781,31,1805,3258,3697,3616,1494,13,614,1658,2380,2469,986,18,1191,1600,1317,1147,508
2019,1,A,골목상권,2110165,국립정신건강센터,3851,1734,2117,5,368,796,979,1060,643,3,112,352,473,477,317,2,256,444,506,583,326
2019,1,A,골목상권,2110164,아차산역 5번,4127,2068,2059,21,584,910,934,952,726,7,240,441,467,457,456,14,344,469,467,495,270
2019,1,A,골목상권,2110163,성자초등학교,4580,3064,1516,8,348,785,1323,1507,609,3,184,494,967,1003,413,5,164,291,356,504,196
2019,1,A,골목상권,2110162,군자역 4번,4970,2539,2431,10,715,1113,1275,1084,773,4,290,553,667,552,473,6,425,560,608,532,300
2019,1,A,골목상권,2110161,중곡역 3번,3707,1954,1753,11,428,755,902,1074,537,2,146,341,465,652,348,9,282,414,437,422,189
2019,1,A,골목상권,2110160,광진경찰서,5002,2266,2736,15,1009,1627,1167,832,352,7,293,745,591,442,188,8,716,882,576,390,164
2019,1,A,골목상권,2110159,구의역 4번,17624,9940,7684,42,2508,4034,4364,4424,2252,16,837,1864,2661,2910,1652,26,1671,2170,1703,1514,600
2019,1,A,골목상권,2110158,중곡3동주민센터,3666,1913,1753,9,370,611,879,1120,677,3,134,321,448,648,359,6,236,290,431,472,318
2019,1,A,골목상권,2110157,자양동우체국,2083,972,1111,6,312,456,485,477,347,2,119,216,220,212,203,4,193,240,265,265,144
2019,1,A,골목상권,2110156,군자역 5번,8617,4404,4213,30,1659,1997,2067,1862,1002,12,722,1081,1150,867,572,18,937,916,917,995,430
2019,1,A,골목상권,2110155,광진구청,13253,7410,5843,38,2171,3457,3142,2859,1586,18,753,1616,1858,1977,1188,20,1418,1841,1284,882,398
2019,1,A,골목상권,2110154,광진정말공원,4027,1977,2050,16,588,850,947,936,690,6,240,409,430,449,443,10,348,441,517,487,247
2019,1,A,골목상권,2110153,중곡1동주민센터,5807,3185,2622,9,725,1186,1450,1407,1030,4,308,708,877,747,541,5,417,478,573,660,489
2019,1,A,골목상권,2110152,중곡어린이공원,2444,1215,1229,9,239,461,559,642,534,3,79,268,274,299,292,6,160,193,285,343,242
2019,1,A,골목상권,2110151,자양한강도서관,2401,1086,1315,6,303,488,615,584,405,3,110,225,256,255,237,3,193,263,359,329,168
2019,1,A,골목상권,2110150,중곡1동 마을마당,5564,3155,2409,13,635,1180,1363,1329,1044,7,269,735,846,725,573,6,366,445,517,604,471
2019,1,A,골목상권,2110149,세종대학교,4456,1988,2468,21,997,949,1008,1037,444,8,402,441,511,404,222,13,595,508,497,633,222
2019,1,A,골목상권,2110148,어린이대공원역 3번,4652,2010,2642,22,1170,1422,1031,728,279,8,339,564,531,379,189,14,831,858,500,349,90
2019,1,A,골목상권,2110147,능동우편취급국,8176,4293,3883,21,1480,1860,2027,1829,959,10,661,1055,1159,907,501,11,819,805,868,922,458
2019,1,A,골목상권,2110146,신자초등학교,2198,959,1239,4,221,434,609,562,368,3,70,182,254,225,225,1,151,252,355,337,143
2019,1,A,골목상권,2110145,장안초등학교,2943,1634,1309,14,528,636,729,690,346,5,212,331,460,392,234,9,316,305,269,298,112
2019,1,A,골목상권,2110144,어린이대공원역 4번,5616,2562,3054,25,1300,1598,1256,971,466,10,402,665,659,496,330,15,898,933,597,475,136
2019,1,A,골목상권,2110143,뚝섬유원지역 1번,1136,567,569,6,148,226,299,258,199,2,51,110,146,124,134,4,97,116,153,134,65
2019,1,A,골목상권,2110142,화양사거리,7662,4533,3129,56,1706,1982,1719,1351,848,29,853,1325,1036,705,585,27,853,657,683,646,263
2019,1,A,골목상권,2110141,건대입구역 1번,7644,4815,2829,49,1667,1957,1665,1376,930,27,967,1362,1092,748,619,22,700,595,573,628,311
2019,1,A,골목상권,2110140,건대입구역 6번,10484,6460,4024,62,2125,2636,2409,2013,1239,38,1137,1740,1517,1184,844,24,988,896,892,829,395
2019,1,A,골목상권,2110139,자양4동주민센터,2395,1380,1015,7,320,462,587,579,440,2,123,273,331,335,316,5,197,189,256,244,124
2019,1,A,골목상권,2110138,송정체육공원,8353,5034,3319,51,1899,2269,1808,1402,924,27,939,1524,1079,784,681,24,960,745,729,618,243
2019,1,A,골목상권,2110137,성수초등학교,31107,19230,11877,166,6217,8084,7497,5776,3367,96,3138,5249,4780,3520,2447,70,3079,2835,2717,2256,920
2019,1,A,골목상권,2110136,경수초등학교,58976,28785,30191,217,10053,14334,16367,14608,3397,145,5925,9969,7126,3510,2110,72,4128,4365,9241,11098,1287
2019,1,A,골목상권,2110135,성동세무서,15279,9699,5580,96,2919,4115,3766,2863,1520,49,1420,2681,2430,1914,1205,47,1499,1434,1336,949,315
2019,1,A,골목상권,2110134,성수119안전센터,37418,15719,21699,144,5760,8639,11381,10622,872,105,3648,6196,3891,1305,574,39,2112,2443,7490,9317,298
2019,1,A,골목상권,2110133,서울교통공사,27889,22408,5481,92,3605,5002,8375,8626,2189,43,2164,3741,7150,7562,1748,49,1441,1261,1225,1064,441
2019,1,A,골목상권,2110132,성수2가3동주민센터,13142,7705,5437,58,2557,3695,3445,2208,1179,20,1067,2216,2093,1436,873,38,1490,1479,1352,772,306
2019,1,A,골목상권,2110131,성수동카페거리,70095,33439,36656,363,14476,18905,18497,15166,2688,203,7661,12579,8214,3246,1536,160,6815,6326,10283,11920,1152
2019,1,A,골목상권,2110130,답십리역 6번,4508,2349,2159,14,737,1101,1090,912,654,6,349,611,557,414,412,8,388,490,533,498,242
2019,1,A,골목상권,2110129,성원어린이공원,14115,8268,5847,60,2855,4184,3649,2121,1246,22,1157,2585,2286,1378,840,38,1698,1599,1363,743,406
2019,1,A,골목상권,2110128,성원중학교,38530,16382,22148,170,5901,8816,11598,11046,999,120,3683,6272,3997,1629,681,50,2218,2544,7601,9417,318
2019,1,A,골목상권,2110127,성수1가1동주민센터,52787,23335,29452,274,10448,13929,14486,12591,1059,166,5917,9439,5461,1682,670,108,4531,4490,9025,10909,389
2019,1,A,골목상권,2110126,서울숲역 1번,22444,11771,10673,129,5803,7275,5024,3205,1008,58,2636,4406,2883,1199,589,71,3167,2869,2141,2006,419
2019,1,A,골목상권,2110125,사근동살곶이상점가,7534,3665,3869,7,1650,1753,2027,1519,578,6,484,781,1003,943,448,1,1166,972,1024,576,130
2019,1,A,골목상권,2110124,뚝섬역교차로,12036,7029,5007,38,2863,3998,2497,1652,988,13,1074,2354,1651,1132,805,25,1789,1644,846,520,183
2019,1,A,골목상권,2110123,마장역 3번,2674,1574,1100,4,256,575,699,726,414,2,121,321,410,408,312,2,135,254,289,318,102
2019,1,A,골목상권,2110122,마장역 2번,3128,2021,1107,4,301,673,838,816,496,2,178,430,541,508,362,2,123,243,297,308,134
2019,1,A,골목상권,2110121,한양대역 4번,7943,3976,3967,21,1749,1834,2104,1605,630,9,533,851,1087,1008,488,12,1216,983,1017,597,142
2019,1,A,골목상권,2110120,서울숲카페거리,2927,1780,1147,19,489,611,614,702,492,8,206,335,368,459,404,11,283,276,246,243,88
2019,1,A,골목상권,2110119,마장지하차도,5641,3236,2405,28,681,1337,1524,1362,709,13,313,718,859,873,460,15,368,619,665,489,249
2019,1,A,골목상권,2110118,왕십리역 9번,3217,1552,1665,28,613,677,741,699,459,12,247,312,356,326,299,16,366,365,385,373,160
2019,1,A,골목상권,2110117,성동구보건소,7127,3792,3335,28,896,1669,1824,1792,918,13,394,880,1018,985,502,15,502,789,806,807,416
2019,1,A,골목상권,2110116,청계천박물관,12871,7989,4882,17,1352,2795,3146,3802,1759,15,679,1709,2015,2445,1126,2,673,1086,1131,1357,633
2019,1,A,골목상권,2110115,상왕십리역 3번,9801,4965,4836,28,1609,2308,2364,2190,1302,15,556,1118,1267,1271,738,13,1053,1190,1097,919,564
2019,1,A,골목상권,2110114,왕십리파출소,2824,1350,1474,0,389,656,659,746,374,0,159,365,380,289,157,0,230,291,279,457,217
2019,1,A,골목상권,2110113,응봉산,393,161,232,1,48,82,94,92,76,1,14,28,22,35,61,0,34,54,72,57,15
2019,1,A,골목상권,2110112,행당역 2번,3018,1250,1768,13,521,660,765,708,351,7,162,246,305,320,210,6,359,414,460,388,141
2019,1,A,골목상권,2110111,대현산장미원,184,88,96,0,29,40,54,39,22,0,9,21,19,19,20,0,20,19,35,20,2
2019,1,A,골목상권,2110110,상왕십리역 6번,4433,2157,2276,10,678,1005,973,998,769,2,221,500,550,497,387,8,457,505,423,501,382
2019,1,A,골목상권,2110109,금호삼성래미안아파트,1047,428,619,2,143,216,267,230,189,1,41,93,99,81,113,1,102,123,168,149,76
2019,1,A,골목상권,2110108,성동구립금호도서관,1031,374,657,0,122,255,291,211,152,0,27,84,96,78,89,0,95,171,195,133,63
2019,1,A,골목상권,2110107,금호사거리,974,386,588,5,139,208,210,223,189,2,42,84,91,77,90,3,97,124,119,146,99
2019,1,A,골목상권,2110106,금북초등학교,675,237,438,0,73,164,199,152,87,0,16,44,66,55,56,0,57,120,133,97,31
2019,1,A,골목상권,2110105,금동어린이공원,1751,675,1076,7,259,421,406,368,290,2,70,173,155,122,153,5,189,248,251,246,137
2019,1,A,골목상권,2110104,신금호역 4번,1600,607,993,5,229,336,370,388,272,1,59,125,131,151,140,4,170,211,239,237,132
2019,1,A,골목상권,2110103,옥수터널,964,415,549,7,196,248,212,186,115,1,66,109,97,76,66,6,130,139,115,110,49
2019,1,A,골목상권,2110102,옥수역 6번,1505,633,872,7,286,346,366,314,186,2,101,141,142,133,114,5,185,205,224,181,72
2019,1,A,골목상권,2110101,옥정중학교,1376,559,817,5,316,345,319,241,150,1,109,130,120,103,96,4,207,215,199,138,54
2019,1,A,골목상권,2110100,옥수동우편취급국,1178,503,675,5,288,298,253,193,141,1,96,122,107,87,90,4,192,176,146,106,51
2019,1,A,골목상권,2110099,유엔빌리지길,4555,2347,2208,19,1074,1289,954,717,502,10,415,670,541,412,299,9,659,619,413,305,203
2019,1,A,골목상권,2110098,서울독일학교,3239,1606,1633,13,836,985,684,419,302,9,309,490,392,236,170,4,527,495,292,183,132
2019,1,A,골목상권,2110097,한남초등학교,5956,3039,2917,20,1728,1961,1289,668,290,10,617,1086,745,397,184,10,1111,875,544,271,106
2019,1,A,골목상권,2110096,한남힐사이드아파트,3092,1759,1333,16,885,1251,608,220,112,10,366,780,412,118,73,6,519,471,196,102,39
2019,1,A,골목상권,2110095,한강진역 3번,11682,6045,5637,50,3242,4104,2447,1243,596,26,1233,2222,1510,735,319,24,2009,1882,937,508,277
2019,1,A,골목상권,2110094,오산중학교,541,271,270,0,42,104,175,130,90,0,12,50,96,55,58,0,30,54,79,75,32
2019,1,A,골목상권,2110093,우사단길,9464,4973,4491,33,2256,3083,2078,1280,734,15,921,1690,1212,729,406,18,1335,1393,866,551,328
2019,1,A,골목상권,2110092,NH농협은행 보광동지점,1440,762,678,1,195,309,391,320,224,0,84,165,207,163,143,1,111,144,184,157,81
2019,1,A,골목상권,2110091,리움미술관,7067,3809,3258,34,1960,2516,1390,695,472,13,879,1368,893,412,244,21,1081,1148,497,283,228
2019,1,A,골목상권,2110090,한국폴리텍대학서울정수캠퍼스,3482,1823,1659,12,711,910,875,649,325,0,234,409,522,423,235,12,477,501,353,226,90
2019,1,A,골목상권,2110089,서빙고동주민센터,3018,1660,1358,6,464,893,918,544,193,0,141,426,566,373,154,6,323,467,352,171,39
2019,1,A,골목상권,2110088,오산고등학교,6596,3514,3082,18,1093,1827,1680,1350,628,5,382,836,927,914,450,13,711,991,753,436,178
2019,1,A,골목상권,2110087,이태원엔틱가구거리,6720,3701,3019,28,1299,1891,1582,1297,623,12,563,952,896,879,399,16,736,939,686,418,224
2019,1,A,골목상권,2110086,이태원역 북측,13644,7333,6311,61,2635,3704,3349,2480,1415,28,1292,2010,1686,1496,821,33,1343,1694,1663,984,594
2019,1,A,골목상권,2110085,경리단길남측,7425,3903,3522,35,1374,1544,1960,1542,970,15,689,855,878,877,589,20,685,689,1082,665,381
2019,1,A,골목상권,2110084,경리단길북측,6006,3126,2880,24,858,1174,1773,1397,780,12,395,632,786,816,485,12,463,542,987,581,295
2019,1,A,골목상권,2110083,서빙고역 1번,2905,1609,1296,4,453,858,865,499,226,0,137,406,534,342,190,4,316,452,331,157,36
2019,1,A,골목상권,2110082,용산구청,9441,5008,4433,37,1729,2300,2648,2028,699,13,838,1200,1262,1279,416,24,891,1100,1386,749,283
2019,1,A,골목상권,2110081,해방촌 남동측,4344,2152,2192,15,435,783,1594,1143,374,7,207,401,683,634,220,8,228,382,911,509,154
2019,1,A,골목상권,2110080,해방촌예술마을,5261,2529,2732,10,488,889,1798,1610,466,4,183,448,821,824,249,6,305,441,977,786,217
2019,1,A,골목상권,2110079,후암동주민센터,41284,25877,15407,182,8367,14607,12599,4540,989,91,4508,9115,8591,2930,642,91,3859,5492,4008,1610,347
2019,1,A,골목상권,2110078,이촌동점보아파트,1063,437,626,3,137,202,257,233,231,1,40,63,73,96,164,2,97,139,184,137,67
2019,1,A,골목상권,2110077,삼광초등학교,16337,5988,10349,153,6598,3023,3012,2531,1020,13,1011,1769,1639,1079,477,140,5587,1254,1373,1452,543
2019,1,A,골목상권,2110076,삼각지역 14번,7133,4917,2216,6,496,1735,2461,1864,571,3,252,1080,1843,1351,388,3,244,655,618,513,183
2019,1,A,골목상권,2110075,숙대입구역 1번,22644,9400,13244,217,8017,4779,4225,3401,2005,48,1524,2583,2336,1608,1301,169,6493,2196,1889,1793,704
2019,1,A,골목상권,2110074,서울역 12번,54856,30738,24118,414,15714,17907,13234,5225,2362,122,5602,10927,9337,3139,1611,292,10112,6980,3897,2086,751
2019,1,A,골목상권,2110073,삼각지역 3번,21300,10101,11199,135,4248,6016,6279,3393,1229,54,1575,2535,3015,2116,806,81,2673,3481,3264,1277,423
2019,1,A,골목상권,2110072,열정도,20586,9240,11346,711,6647,6343,4223,1857,805,296,2828,2829,1869,960,458,415,3819,3514,2354,897,347
2019,1,A,골목상권,2110071,한강미주맨션아파트,974,498,476,0,143,253,263,165,150,0,31,120,142,95,110,0,112,133,121,70,40
2019,1,A,골목상권,2110070,용산세무서,5097,3756,1341,0,326,1274,1953,1322,222,0,175,835,1539,1054,153,0,151,439,414,268,69
2019,1,A,골목상권,2110069,숙대입구,15504,8162,7342,699,5330,4191,2620,1775,889,297,2387,2347,1470,1045,616,402,2943,1844,1150,730,273
2019,1,A,골목상권,2110068,남영역 1번,28811,14158,14653,790,8752,9089,6026,2812,1342,317,3818,4664,3039,1531,789,473,4934,4425,2987,1281,553
2019,1,A,골목상권,2110067,배문고등학교,11812,5799,6013,37,1810,2818,2554,2720,1873,22,607,1366,1391,1181,1232,15,1203,1452,1163,1539,641
2019,1,A,골목상권,2110066,서울역 15번,7764,4365,3399,31,1036,1735,1468,1736,1758,15,385,830,835,931,1369,16,651,905,633,805,389
2019,1,A,골목상권,2110065,남정초등학교,6618,4522,2096,52,963,2160,1843,920,680,35,604,1618,1284,577,404,17,359,542,559,343,276
2019,1,A,골목상권,2110064,효창공원앞역 2번,6257,3383,2874,9,876,1655,1666,1342,709,1,342,897,962,758,423,8,534,758,704,584,286
2019,1,A,골목상권,2110063,효창공원앞역 5번,10862,7277,3585,82,1591,3387,3035,1631,1136,52,938,2426,2113,1045,703,30,653,961,922,586,433
2019,1,A,골목상권,2110062,한강로동땡땡거리(은행나무길),24784,16003,8781,182,8034,7784,5071,2410,1303,61,3750,5270,4158,1859,905,121,4284,2514,913,551,398
2019,1,A,골목상권,2110061,효창동주민센터,3330,1906,1424,7,473,804,949,711,386,2,164,445,592,421,282,5,309,359,357,290,104
2019,1,A,골목상권,2110060,효창공원앞역 6번,2768,1410,1358,6,299,613,764,572,514,0,106,306,430,273,295,6,193,307,334,299,219
2019,1,A,골목상권,2110059,새남터성지,9065,4864,4201,157,4612,1992,1301,612,391,53,1941,1190,1042,466,172,104,2671,802,259,146,219
2019,1,A,골목상권,2110058,성심여자고등학교,17879,11044,6835,206,5843,4741,3734,1919,1436,92,2667,3176,2816,1367,926,114,3176,1565,918,552,510
2019,1,A,골목상권,2110057,황학코아루아파트,4093,2006,2087,13,778,1062,851,860,529,4,328,558,451,394,271,9,450,504,400,466,258
2019,1,A,골목상권,2110056,신당역 3번,5095,2469,2626,17,907,1288,1154,1069,660,4,372,663,586,479,365,13,535,625,568,590,295
2019,1,A,골목상권,2110055,황학동벼룩시장,7870,4264,3606,13,1890,2631,1779,1009,548,8,975,1391,1024,538,328,5,915,1240,755,471,220
2019,1,A,골목상권,2110054,청구역 3번,8536,4261,4275,54,2155,2276,1750,1406,895,22,830,1272,976,660,501,32,1325,1004,774,746,394
2019,1,A,골목상권,2110053,청구역 1번,6274,3091,3183,17,1202,1550,1503,1349,653,8,429,827,791,680,356,9,773,723,712,669,297
2019,1,A,골목상권,2110052,장충초등학교,11783,6026,5757,37,3545,3326,2362,1684,829,16,1320,1838,1456,902,494,21,2225,1488,906,782,335
2019,1,A,골목상권,2110051,한양공고앞 교차로,6395,3060,3335,26,1225,1937,1601,1073,533,6,469,914,816,566,289,20,756,1023,785,507,244
2019,1,A,골목상권,2110050,약수역 7번,4083,1817,2266,25,851,1033,934,711,529,12,273,446,450,326,310,13,578,587,484,385,219
2019,1,A,골목상권,2110049,장충단 고개,13621,7146,6475,82,3966,3945,2753,1843,1032,37,1530,2232,1766,990,591,45,2436,1713,987,853,441
2019,1,A,골목상권,2110048,장충동주민센터,13996,7907,6089,36,3519,4197,3145,2077,1022,9,1351,2389,2148,1351,659,27,2168,1808,997,726,363
2019,1,A,골목상권,2110047,다산성곽길,12163,5787,6376,80,3685,3319,2386,1720,973,37,1352,1578,1323,918,579,43,2333,1741,1063,802,394
2019,1,A,골목상권,2110046,버티고개,6628,3073,3555,32,2120,1882,1382,818,394,16,780,844,721,474,238,16,1340,1038,661,344,156
2019,1,A,골목상권,2110045,동대문역사문화공원역 5번,29377,14607,14770,131,6667,7932,6840,5606,2201,39,3441,4873,3741,1786,727,92,3226,3059,3099,3820,1474
2019,1,A,골목상권,2110044,관성묘,28812,14012,14800,126,7355,7826,6455,5146,1904,41,3679,4713,3516,1513,550,85,3676,3113,2939,3633,1354
2019,1,A,골목상권,2110043,충무초등학교,16954,9849,7105,60,3280,4639,4359,3045,1571,28,1256,2533,2833,2100,1099,32,2024,2106,1526,945,472
2019,1,A,골목상권,2110042,남산골공원옆,8149,4845,3304,42,1306,1961,2223,1823,794,19,628,1155,1435,1075,533,23,678,806,788,748,261
2019,1,A,골목상권,2110041,남산케이블카,27445,13218,14227,60,4351,9755,8012,4248,1019,13,1298,4371,3939,2991,606,47,3053,5384,4073,1257,413
2019,1,A,골목상권,2110040,중구회현체육센터(정화예술대남산캠퍼스),24773,11880,12893,67,3982,9064,7388,3660,612,15,1212,4058,3558,2681,356,52,2770,5006,3830,979,256
2019,1,A,골목상권,2110039,회현역 1번,30118,14271,15847,114,5306,10531,8678,4700,789,52,1822,4815,4148,2975,459,62,3484,5716,4530,1725,330
2019,1,A,골목상권,2110038,경향신문사,45719,25176,20543,121,8974,15208,12786,7857,773,39,2816,7753,7618,6365,585,82,6158,7455,5168,1492,188
2019,1,A,골목상권,2110037,신설동역 12번,5393,2684,2709,31,666,907,1011,1069,1709,8,229,472,511,477,987,23,437,435,500,592,722
2019,1,A,골목상권,2110036,동묘앞역 3번,4766,2576,2190,51,690,864,992,1032,1137,42,338,486,542,520,648,9,352,378,450,512,489
2019,1,A,골목상권,2110035,동묘앞역 2번,6918,3262,3656,19,809,1248,1512,1418,1912,7,293,570,633,622,1137,12,516,678,879,796,775
2019,1,A,골목상권,2110034,창신1동주민센터,9262,4856,4406,22,2123,3051,2177,1159,730,11,1095,1581,1142,587,440,11,1028,1470,1035,572,290
2019,1,A,골목상권,2110033,창신역 4번,2488,1339,1149,7,225,390,502,462,902,2,84,167,228,221,637,5,141,223,274,241,265
2019,1,A,골목상권,2110032,수족관거리,8651,4478,4173,21,1976,2904,2035,1071,644,10,1039,1502,1032,511,384,11,937,1402,1003,560,260
2019,1,A,골목상권,2110031,창신역 1번,982,430,552,2,110,218,261,257,134,0,26,78,111,117,98,2,84,140,150,140,36
2019,1,A,골목상권,2110030,동대문역 3번,3098,1257,1841,11,482,716,849,603,437,5,153,284,304,246,265,6,329,432,545,357,172
2019,1,A,골목상권,2110029,동대문역 1번,8660,5107,3553,18,1333,2343,2265,1764,937,7,699,1528,1311,988,574,11,634,815,954,776,363
2019,1,A,골목상권,2110028,이화달팽이길,8097,4263,3834,36,1371,2190,2027,1603,870,16,477,1044,1172,972,582,20,894,1146,855,631,288
2019,1,A,골목상권,2110027,혜화역 1번,15786,5514,10272,33,3953,5429,3284,2277,810,11,950,1673,1319,1081,480,22,3003,3756,1965,1196,330
2019,1,A,골목상권,2110026,종로5가역 4번,8955,5509,3446,25,1382,2454,2412,1751,931,16,748,1651,1392,1060,642,9,634,803,1020,691,289
2019,1,A,골목상권,2110025,충신시장옆,12266,7255,5011,46,2022,3569,3289,2359,981,18,745,1872,2159,1755,706,28,1277,1697,1130,604,275
2019,1,A,골목상권,2110024,혜회동주민센터,2501,1282,1219,18,404,550,615,561,353,9,128,250,315,331,249,9,276,300,300,230,104
2019,1,A,골목상권,2110023,서울대병원,18244,7321,10923,40,4237,6342,4024,2642,959,9,1068,2219,1967,1439,619,31,3169,4123,2057,1203,340
2019,1,A,골목상권,2110022,경신고등학교,4171,2194,1977,14,723,993,1038,906,497,7,238,457,593,550,349,7,485,536,445,356,148
2019,1,A,골목상권,2110021,성균관대학교,14723,5223,9500,21,3625,5071,3062,2103,841,10,910,1569,1191,1003,540,11,2715,3502,1871,1100,301
2019,1,A,골목상권,2110020,서울국제고등학교,3226,1654,1572,7,451,786,829,708,445,3,147,323,438,414,329,4,304,463,391,294,116
2019,1,A,골목상권,2110019,창덕궁,27797,21030,6767,55,4814,9528,7017,4818,1565,16,2354,7481,5820,4162,1197,39,2460,2047,1197,656,368
2019,1,A,골목상권,2110018,중앙고등학교,28268,21580,6688,68,4844,10083,7320,4819,1134,26,2384,7879,6153,4238,900,42,2460,2204,1167,581,234
2019,1,A,골목상권,2110017,정독도서관,6988,4243,2745,5,1233,2147,1828,1291,484,5,654,1254,1177,850,303,0,579,893,651,441,181
2019,1,A,골목상권,2110016,평창동동측,969,426,543,2,157,248,215,169,178,1,42,111,118,65,89,1,115,137,97,104,89
2019,1,A,골목상권,2110015,청와대사랑채,6594,4343,2251,6,1449,2094,1448,1257,340,1,852,1365,982,933,210,5,597,729,466,324,130
2019,1,A,골목상권,2110014,경복고등학교,5027,3347,1680,2,975,1484,1124,1173,269,1,637,946,732,862,169,1,338,538,392,311,100
2019,1,A,골목상권,2110013,체부동홍종문가옥,8013,3704,4309,23,1261,1639,1505,1862,1723,8,604,931,788,640,733,15,657,708,717,1222,990
2019,1,A,골목상권,2110012,성곡미술관,50743,29709,21034,96,7972,14916,13193,9043,5523,45,3067,8642,8987,5802,3166,51,4905,6274,4206,3241,2357
2019,1,A,골목상권,2110011,청운초등학교,1132,437,695,1,178,317,276,258,102,1,55,108,109,101,63,0,123,209,167,157,39
2019,1,A,골목상권,2110010,평창동서측,1388,609,779,4,202,277,293,338,274,3,76,125,136,131,138,1,126,152,157,207,136
2019,1,A,골목상권,2110009,자하문터널,1729,947,782,5,357,539,435,256,137,5,102,292,296,162,90,0,255,247,139,94,47
2019,1,A,골목상권,2110008,배화여자대학교(박노수미술관),8466,4165,4301,26,1177,1551,1563,2390,1759,10,622,874,796,1103,760,16,555,677,767,1287,999
2019,1,A,골목상권,2110007,사직공원(한국사회과학도서관),4096,2064,2032,3,592,1153,1129,819,400,0,187,534,586,465,292,3,405,619,543,354,108
2019,1,A,골목상권,2110006,부암동주민센터,496,179,317,2,88,137,99,101,69,2,20,42,35,41,39,0,68,95,64,60,30
2019,1,A,골목상권,2110005,세검정,2330,1074,1256,4,372,516,593,552,293,4,108,236,314,261,151,0,264,280,279,291,142
2019,1,A,골목상권,2110004,대신고등학교,1009,463,546,2,115,199,216,270,207,1,31,66,103,125,137,1,84,133,113,145,70
2019,1,A,골목상권,2110003,세검정초등학교,2280,1071,1209,3,343,477,586,532,339,2,108,213,303,263,182,1,235,264,283,269,157
2019,1,A,골목상권,2110002,독립문역 1번,996,294,702,0,210,230,228,201,127,0,31,61,67,56,79,0,179,169,161,145,48
2019,1,A,골목상권,2110001,이북5도청사,627,317,310,1,45,92,159,186,144,0,20,44,77,90,86,1,25,48,82,96,58
2018,4,A,골목상권,2111090,강일동주민센터,1971,1332,639,8,184,356,509,626,288,5,81,203,332,473,238,3,103,153,177,153,50
2018,4,A,골목상권,2111089,상일여고(상일초등학교),19601,15766,3835,9,2158,8165,5274,3084,911,6,1310,6588,4624,2717,521,3,848,1577,650,367,390
2018,4,A,골목상권,2111088,고덕동성당,749,328,421,1,64,107,169,214,194,0,25,61,72,100,70,1,39,46,97,114,124
2018,4,A,골목상권,2111087,고덕중학교(고덕2동주민센터),805,434,371,0,62,130,186,300,127,0,26,59,96,173,80,0,36,71,90,127,47
2018,4,A,골목상권,2111086,한영중고,1564,844,720,3,130,312,385,513,221,1,57,143,195,310,138,2,73,169,190,203,83
2018,4,A,골목상권,2111085,묘곡초등학교(고덕아이파크아파트),1152,569,583,0,102,193,270,341,246,0,36,90,133,183,127,0,66,103,137,158,119
2018,4,A,골목상권,2111084,길동신동아아파트,1072,550,522,0,82,222,218,233,317,0,31,108,93,103,215,0,51,114,125,130,102
2018,4,A,골목상권,2111083,GS강동자이아파트,2794,1572,1222,4,279,620,691,614,586,3,137,378,366,307,381,1,142,242,325,307,205
2018,4,A,골목상권,2111082,중앙보훈병원,4011,1607,2404,7,841,1108,860,859,336,4,221,447,382,394,159,3,620,661,478,465,177
2018,4,A,골목상권,2111081,둔촌푸르지오아파트,1694,1021,673,5,204,377,446,382,280,4,113,267,270,206,161,1,91,110,176,176,119
2018,4,A,골목상권,2111080,굽은다리역 3번,4274,1876,2398,15,434,711,929,1175,1010,11,157,347,446,456,459,4,277,364,483,719,551
2018,4,A,골목상권,2111079,둔촌고등학교(둔촌중학교),5705,2646,3059,6,937,1358,1246,1351,807,3,280,596,601,670,496,3,657,762,645,681,311
2018,4,A,골목상권,2111078,굽은다리역 4번,5144,2596,2548,20,542,962,1167,1188,1265,10,195,505,580,550,756,10,347,457,587,638,509
2018,4,A,골목상권,2111077,길동주민센터(강동도서관),10734,5330,5404,23,1432,2320,2380,2459,2120,12,587,1251,1239,1013,1228,11,845,1069,1141,1446,892
2018,4,A,골목상권,2111076,둔촌2동주민센터,4938,2686,2252,7,781,1246,1053,1033,818,3,307,660,612,564,540,4,474,586,441,469,278
2018,4,A,골목상권,2111075,굽은다리역 2번,3390,1536,1854,13,390,633,774,816,764,9,138,286,344,340,419,4,252,347,430,476,345
2018,4,A,골목상권,2111074,명일역 1번,2281,952,1329,4,242,396,526,637,476,3,77,166,209,246,251,1,165,230,317,391,225
2018,4,A,골목상권,2111073,둔촌동역 1번(한산중학교),9116,4675,4441,17,1241,1880,1846,2048,2084,10,528,967,966,871,1333,7,713,913,880,1177,751
2018,4,A,골목상권,2111072,굽은다리역 1번(십자성마을),4766,2501,2265,24,506,980,1110,1129,1017,10,162,489,559,599,682,14,344,491,551,530,335
2018,4,A,골목상권,2111071,천동초등학교,3973,2223,1750,15,441,807,909,875,926,4,139,395,500,526,659,11,302,412,409,349,267
2018,4,A,골목상권,2111070,천호초등학교,1986,964,1022,8,188,451,496,521,322,6,64,216,205,284,189,2,124,235,291,237,133
2018,4,A,골목상권,2111069,천호1동주민센터,2296,979,1317,6,234,555,623,579,299,6,80,233,257,254,149,0,154,322,366,325,150
2018,4,A,골목상권,2111068,강동성심병원,6529,2975,3554,24,1242,1526,1410,1419,908,14,444,722,721,554,520,10,798,804,689,865,388
2018,4,A,골목상권,2111067,강동구립성내도서관,12034,5909,6125,25,2009,2708,2514,2421,2357,15,736,1327,1317,1034,1480,10,1273,1381,1197,1387,877
2018,4,A,골목상권,2111066,암사동성당(효정하나플러스아파트),1929,961,968,5,173,413,479,529,330,5,65,200,225,280,186,0,108,213,254,249,144
2018,4,A,골목상권,2111065,천일초등학교,1335,615,720,8,126,264,332,348,257,3,33,99,135,157,188,5,93,165,197,191,69
2018,4,A,골목상권,2111064,둔촌동역 4번,5000,2916,2084,9,431,861,1006,1145,1548,3,196,476,557,615,1069,6,235,385,449,530,479
2018,4,A,골목상권,2111063,강동구립 천호도서관,5441,2947,2494,31,730,1341,1370,1160,809,12,277,740,783,615,520,19,453,601,587,545,289
2018,4,A,골목상권,2111062,둔촌동역 3번(성내3동주민센터),9072,5230,3842,29,1287,2331,2089,1935,1401,12,646,1317,1275,1131,849,17,641,1014,814,804,552
2018,4,A,골목상권,2111061,암사역 1번,4939,2113,2826,8,519,915,1233,1393,871,4,202,459,535,433,480,4,317,456,698,960,391
2018,4,A,골목상권,2111060,암사역 2번(서울강동초등학교),4898,2126,2772,12,594,1028,1265,1237,762,8,243,477,544,461,393,4,351,551,721,776,369
2018,4,A,골목상권,2111059,강동역 4번(강풀만화거리),11126,5445,5681,35,2247,2938,2629,1955,1322,12,755,1520,1403,943,812,23,1492,1418,1226,1012,510
2018,4,A,골목상권,2111058,성내중학교,3915,2419,1496,7,399,890,1068,1115,436,5,175,559,656,739,285,2,224,331,412,376,151
2018,4,A,골목상권,2111057,천호공원(해공체육문화센터),3020,1305,1715,7,445,572,753,779,464,3,163,254,317,290,278,4,282,318,436,489,186
2018,4,A,골목상권,2111056,천호태영아파트,5308,2756,2552,23,1124,1430,1271,850,610,6,404,842,741,416,347,17,720,588,530,434,263
2018,4,A,골목상권,2111055,선사초등학교,1996,762,1234,3,145,327,475,656,390,2,46,140,163,168,243,1,99,187,312,488,147
2018,4,A,골목상권,2111054,암사역 4번(삼성광나루아파트),2868,1134,1734,6,293,484,637,852,596,3,96,206,232,244,353,3,197,278,405,608,243
2018,4,A,골목상권,2111053,성내천어린이공원(하니사랑길),22566,12593,9973,66,2795,5060,5306,5435,3904,45,1385,2870,2885,2936,2472,21,1410,2190,2421,2499,1432
2018,4,A,골목상권,2111052,암사역 3번(천호동자전거거리),3133,1431,1702,7,416,619,795,769,527,2,171,302,366,295,295,5,245,317,429,474,232
2018,4,A,골목상권,2111051,천호역 6번,10578,4900,5678,46,1954,2645,2379,2075,1479,18,657,1195,1054,1030,946,28,1297,1450,1325,1045,533
2018,4,A,골목상권,2111050,강동구청(강동구청역 2번),13882,7097,6785,42,1493,2760,3258,3580,2749,34,720,1450,1514,1668,1711,8,773,1310,1744,1912,1038
2018,4,A,골목상권,2111049,천호지구대(천호동자전거거리),4130,2049,2081,10,581,828,970,932,809,3,210,409,481,436,510,7,371,419,489,496,299
2018,4,A,골목상권,2111048,천호역 1번(천호문구완구거리),3471,1694,1777,13,522,731,809,738,658,4,165,359,404,344,418,9,357,372,405,394,240
2018,4,A,골목상권,2111047,마천1치안센터,1146,598,548,0,91,178,284,329,264,0,27,74,112,179,206,0,64,104,172,150,58
2018,4,A,골목상권,2111046,마천역(마천초등학교),3051,1546,1505,7,331,561,826,860,466,3,130,283,380,425,325,4,201,278,446,435,141
2018,4,A,골목상권,2111045,개미어린이공원,1601,691,910,2,157,269,383,510,280,0,58,124,177,180,152,2,99,145,206,330,128
2018,4,A,골목상권,2111044,남천초등학교,2869,1614,1255,10,282,456,691,868,562,5,123,244,354,486,402,5,159,212,337,382,160
2018,4,A,골목상권,2111043,마천공원,2901,1778,1123,10,346,533,679,848,485,8,184,342,389,515,340,2,162,191,290,333,145
2018,4,A,골목상권,2111042,거여역 1번(거여공원),6485,3486,2999,17,709,1263,1495,1673,1328,10,339,783,812,800,742,7,370,480,683,873,586
2018,4,A,골목상권,2111041,거여역 8번,2697,1564,1133,6,211,498,521,636,825,4,119,321,326,307,487,2,92,177,195,329,338
2018,4,A,골목상권,2111040,거여초등학교,2865,1720,1145,12,369,688,731,733,332,7,198,463,434,420,198,5,171,225,297,313,134
2018,4,A,골목상권,2111039,벌말어린이공원,4072,2317,1755,9,475,893,1052,1115,528,3,235,574,593,623,289,6,240,319,459,492,239
2018,4,A,골목상권,2111038,보인중학교,3735,2074,1661,9,450,808,930,1034,504,3,216,489,513,576,277,6,234,319,417,458,227
2018,4,A,골목상권,2111037,Sh수협은행 오금동금융센터(아랫말어린이공원),2433,1425,1008,3,248,458,657,714,353,0,111,299,408,405,202,3,137,159,249,309,151
2018,4,A,골목상권,2111036,투구봉어린이공원,2515,1363,1152,2,375,569,595,547,427,0,157,301,317,295,293,2,218,268,278,252,134
2018,4,A,골목상권,2111035,오금공원(오주중학교),3449,1954,1495,8,334,649,920,1023,515,1,141,414,543,564,291,7,193,235,377,459,224
2018,4,A,골목상권,2111034,오동나무공원(송파레미니스1단지),6678,4273,2405,12,578,1172,1248,1327,2341,2,273,751,780,699,1768,10,305,421,468,628,573
2018,4,A,골목상권,2111033,문정동성당,3921,2326,1595,8,347,568,825,1017,1156,3,190,350,476,614,693,5,157,218,349,403,463
2018,4,A,골목상권,2111032,방이역 1번,12053,7610,4443,17,833,1595,1694,1859,6055,7,354,946,1038,1005,4260,10,479,649,656,854,1795
2018,4,A,골목상권,2111031,장지동주민센터(한림연예예술고교),6036,3481,2555,14,551,1070,1403,1539,1459,5,277,640,760,877,922,9,274,430,643,662,537
2018,4,A,골목상권,2111030,방이역 2번,9600,5949,3651,10,597,1126,1180,1326,5361,4,260,698,685,661,3641,6,337,428,495,665,1720
2018,4,A,골목상권,2111029,오금역 4번,7157,4140,3017,18,1032,1930,1825,1481,871,12,528,1155,1048,817,580,6,504,775,777,664,291
2018,4,A,골목상권,2111028,문현중학교(장지역 1번),15771,9380,6391,71,2562,3965,4133,3240,1800,29,1133,2404,2506,1959,1349,42,1429,1561,1627,1281,451
2018,4,A,골목상권,2111027,문정초등학교,8774,5148,3626,28,1016,1688,2110,1997,1935,16,508,1028,1253,1138,1205,12,508,660,857,859,730
2018,4,A,골목상권,2111026,문정역 2번,24850,15179,9671,84,4647,6971,6435,4326,2387,24,2116,4383,4182,2653,1821,60,2531,2588,2253,1673,566
2018,4,A,골목상권,2111025,경찰병원역 3번,11594,5814,5780,30,1959,2821,2643,2609,1532,12,785,1559,1479,1177,802,18,1174,1262,1164,1432,730
2018,4,A,골목상권,2111024,경찰병원역 4번(건너말공원),17953,10347,7606,54,2690,4233,4420,4096,2460,29,1182,2488,2779,2363,1506,25,1508,1745,1641,1733,954
2018,4,A,골목상권,2111023,문정역 1번,23631,14597,9034,82,4531,6660,6119,4003,2236,26,2084,4221,4083,2486,1697,56,2447,2439,2036,1517,539
2018,4,A,골목상권,2111022,석촌중학교(방이육교),8139,4818,3321,9,1241,2129,1931,1676,1153,3,571,1338,1209,972,725,6,670,791,722,704,428
2018,4,A,골목상권,2111021,방이역 4번,11715,7102,4613,49,1621,2535,2527,2383,2600,23,745,1436,1500,1484,1914,26,876,1099,1027,899,686
2018,4,A,골목상권,2111020,방이동고분군(방산고등학교),2140,1258,882,0,193,356,529,513,549,0,92,179,299,278,410,0,101,177,230,235,139
2018,4,A,골목상권,2111019,한성백제역 3번,10089,5916,4173,29,1365,2359,2333,2303,1700,18,656,1382,1396,1373,1091,11,709,977,937,930,609
2018,4,A,골목상권,2111018,풍납초등학교(풍납백제문화공원),912,474,438,2,84,157,215,269,185,2,32,65,100,140,135,0,52,92,115,129,50
2018,4,A,골목상권,2111017,송파나루역 3번,4374,2545,1829,9,610,950,1074,946,785,5,276,556,633,514,561,4,334,394,441,432,224
2018,4,A,골목상권,2111016,송파역 2번,6532,2863,3669,22,1453,1647,1458,1274,678,8,443,779,748,481,404,14,1010,868,710,793,274
2018,4,A,골목상권,2111015,석촌역 3번,10426,5709,4717,30,1452,2254,2337,2280,2073,12,599,1276,1315,1174,1333,18,853,978,1022,1106,740
2018,4,A,골목상권,2111014,송파나루역 2번,9245,5418,3827,36,1426,2311,2224,1993,1255,21,680,1440,1400,1035,842,15,746,871,824,958,413
2018,4,A,골목상권,2111013,송파나루역 1번(송리단길),10986,6345,4641,31,1746,2695,2498,2263,1753,16,809,1665,1514,1149,1192,15,937,1030,984,1114,561
2018,4,A,골목상권,2111012,석촌역 6번,6568,3422,3146,21,930,1368,1422,1353,1474,7,314,749,782,672,898,14,616,619,640,681,576
2018,4,A,골목상권,2111011,잠실나루역,1131,533,598,1,132,223,315,252,208,0,44,83,124,120,162,1,88,140,191,132,46
2018,4,A,골목상권,2111010,석촌역 7번,9303,5334,3969,45,1578,2040,1958,1671,2011,14,622,1207,1115,822,1554,31,956,833,843,849,457
2018,4,A,골목상권,2111009,송파책박물관,2290,1381,909,8,276,474,570,606,356,4,108,279,374,382,234,4,168,195,196,224,122
2018,4,A,골목상권,2111008,석촌고분역 3번,5224,3041,2183,12,708,1177,1326,1212,789,7,303,698,859,665,509,5,405,479,467,547,280
2018,4,A,골목상권,2111007,석촌고분역 4번,5301,3018,2283,16,718,1188,1255,1279,845,7,373,741,780,615,502,9,345,447,475,664,343
2018,4,A,골목상권,2111006,석촌고분역 1번,9536,5106,4430,40,1528,1953,1985,1946,2084,12,567,1042,1056,859,1570,28,961,911,929,1087,514
2018,4,A,골목상권,2111005,삼전역 3번,5202,2994,2208,17,667,1055,1085,1246,1132,5,290,638,638,659,764,12,377,417,447,587,368
2018,4,A,골목상권,2111004,삼전역 1번,12315,7309,5006,90,1843,2855,2857,2520,2150,58,812,1641,1808,1539,1451,32,1031,1214,1049,981,699
2018,4,A,골목상권,2111003,삼전역 4번,6857,4023,2834,69,788,1470,1510,1390,1630,51,338,850,906,778,1100,18,450,620,604,612,530
2018,4,A,골목상권,2111002,한국교통안전공단 강남자동차검사소,948,624,324,0,50,167,258,254,219,0,24,102,162,175,161,0,26,65,96,79,58
2018,4,A,골목상권,2111001,아래방죽마을공원(율현초등학교),954,485,469,1,87,186,240,235,205,1,22,71,108,141,142,0,65,115,132,94,63
2018,4,A,골목상권,2111000,대왕초등학교(세곡동사거리서남측),882,300,582,3,155,190,203,197,134,3,53,57,53,63,71,0,102,133,150,134,63
2018,4,A,골목상권,2110999,윗방죽마을공원,2668,1511,1157,5,401,645,664,528,425,4,167,330,355,320,335,1,234,315,309,208,90
2018,4,A,골목상권,2110998,은곡마을(은곡마을공원),1379,728,651,1,238,339,298,272,231,0,88,162,138,145,195,1,150,177,160,127,36
2018,4,A,골목상권,2110997,대청초등학교,11235,3887,7348,9,2880,3305,2340,1696,1005,6,590,1066,896,764,565,3,2290,2239,1444,932,440
2018,4,A,골목상권,2110996,대치2동주민센터,11736,6692,5044,32,1973,3567,3076,1903,1185,9,746,2060,2009,1110,758,23,1227,1507,1067,793,427
2018,4,A,골목상권,2110995,봉은사역 4번,30937,19780,11157,65,6324,8115,5766,5603,5064,26,3412,5768,4143,3303,3128,39,2912,2347,1623,2300,1936
2018,4,A,골목상권,2110994,개포고등학교,1237,664,573,14,158,261,300,329,175,10,72,131,171,175,105,4,86,130,129,154,70
2018,4,A,골목상권,2110993,개포지하차도 북측,326,208,118,0,38,54,80,95,59,0,20,29,48,68,43,0,18,25,32,27,16
2018,4,A,골목상권,2110992,도곡초등학교,9439,4406,5033,40,1870,2667,2278,1615,969,15,564,1225,1158,811,633,25,1306,1442,1120,804,336
2018,4,A,골목상권,2110991,삼성중앙역 5번,44619,24383,20236,248,12405,15033,10296,4923,1714,100,4427,8067,7216,3441,1132,148,7978,6966,3080,1482,582
2018,4,A,골목상권,2110990,청담역 12번,10324,6239,4085,30,1841,3152,2631,1443,1227,13,697,1855,1955,939,780,17,1144,1297,676,504,447
2018,4,A,골목상권,2110989,대치동아우편취급국,25534,14803,10731,146,5241,9218,6638,2995,1296,21,2279,5556,4185,1888,874,125,2962,3662,2453,1107,422
2018,4,A,골목상권,2110988,청담역 3번,10704,6262,4442,59,1863,3146,2761,1676,1199,29,672,1865,1971,1013,712,30,1191,1281,790,663,487
2018,4,A,골목상권,2110987,영동대교남단,9553,5267,4286,68,2251,3149,2074,1320,691,14,823,1759,1381,796,494,54,1428,1390,693,524,197
2018,4,A,골목상권,2110986,삼성중앙역 7번,14310,8304,6006,48,3508,5181,3185,1602,786,15,1487,3203,2183,921,495,33,2021,1978,1002,681,291
2018,4,A,골목상권,2110985,청담근린공원,11541,6124,5417,81,2829,3784,2519,1526,802,17,977,2063,1614,898,555,64,1852,1721,905,628,247
2018,4,A,골목상권,2110984,포이초등학교(개포목련어린이공원),10371,6708,3663,26,1358,2665,2723,2165,1434,16,681,1747,1809,1464,991,10,677,918,914,701,443
2018,4,A,골목상권,2110983,국립국악고등학교,6156,3546,2610,11,697,1319,1683,1433,1013,3,303,789,937,774,740,8,394,530,746,659,273
2018,4,A,골목상권,2110982,강남구보훈회관,8717,4265,4452,39,1525,3056,1887,1389,821,21,593,1391,951,790,519,18,932,1665,936,599,302
2018,4,A,골목상권,2110981,국악고교사거리,23687,13482,10205,67,3254,6037,6317,5207,2805,29,1486,3816,3690,2651,1810,38,1768,2221,2627,2556,995
2018,4,A,골목상권,2110980,개포지구대옆,21476,12172,9304,55,3056,5680,5133,4320,3232,18,1456,3741,3077,2167,1713,37,1600,1939,2056,2153,1519
2018,4,A,골목상권,2110979,청담초등학교,14249,4660,9589,83,5045,5394,2325,951,451,15,1157,1860,936,408,284,68,3888,3534,1389,543,167
2018,4,A,골목상권,2110978,도곡2동주민센터(대치중학교),19728,6183,13545,152,3549,3765,6343,4005,1914,70,1481,1665,1261,831,875,82,2068,2100,5082,3174,1039
2018,4,A,골목상권,2110977,논현로18길,20040,11028,9012,59,2835,5192,5455,4448,2051,23,1242,3200,3108,2139,1316,36,1593,1992,2347,2309,735
2018,4,A,골목상권,2110976,언북초등학교,15006,5569,9437,76,4927,5436,2657,1194,716,10,1238,2082,1175,621,443,66,3689,3354,1482,573,273
2018,4,A,골목상권,2110975,매봉역 1번,16839,4987,11852,139,3274,3428,6004,3457,537,65,1366,1493,1087,585,391,74,1908,1935,4917,2872,146
2018,4,A,골목상권,2110974,언주중학교,10176,5034,5142,43,2814,3400,2170,1092,657,22,961,1673,1305,649,424,21,1853,1727,865,443,233
2018,4,A,골목상권,2110973,강남구청역 4번,15261,7586,7675,46,2652,4262,3752,2936,1613,16,839,2096,2025,1586,1024,30,1813,2166,1727,1350,589
2018,4,A,골목상권,2110972,강남세브란스병원미래의학연구센터,18030,9352,8678,118,4763,5405,4062,2312,1370,36,1755,2806,2440,1369,946,82,3008,2599,1622,943,424
2018,4,A,골목상권,2110971,선정릉역 4번,64179,32834,31345,277,16596,18357,13988,9109,5852,113,6339,10312,8149,4616,3305,164,10257,8045,5839,4493,2547
2018,4,A,골목상권,2110970,학동초등학교,15409,7907,7502,83,3912,5177,3634,1723,880,34,1349,2740,2182,1038,564,49,2563,2437,1452,685,316
2018,4,A,골목상권,2110969,베르사이유1아파트,69576,41282,28294,312,16082,21983,16881,10570,3748,108,7064,14209,11589,6128,2184,204,9018,7774,5292,4442,1564
2018,4,A,골목상권,2110968,강남구청역 2번,20480,10775,9705,73,4699,6385,4757,2915,1651,34,1671,3370,3020,1627,1053,39,3028,3015,1737,1288,598
2018,4,A,골목상권,2110967,역삼역 8번,56245,35377,20868,256,11824,16746,13562,9746,4111,103,5710,11473,9827,5853,2411,153,6114,5273,3735,3893,1700
2018,4,A,골목상권,2110966,논현2동주민센터,35963,19992,15971,122,7306,10973,8490,5643,3429,25,2602,6019,5537,3597,2212,97,4704,4954,2953,2046,1217
2018,4,A,골목상권,2110965,언주역 6번,26918,15339,11579,96,5913,7311,5924,4261,3413,42,2436,4362,4121,2389,1989,54,3477,2949,1803,1872,1424
2018,4,A,골목상권,2110964,싸리고개근린공원,6558,3671,2887,16,1300,1826,1639,1025,752,6,461,991,1067,607,539,10,839,835,572,418,213
2018,4,A,골목상권,2110963,역삼월드메르디앙아파트,18613,10427,8186,62,3737,5683,4507,2628,1996,16,1267,3023,3019,1711,1391,46,2470,2660,1488,917,605
2018,4,A,골목상권,2110962,도산공원북측,9929,4572,5357,62,3092,3427,1745,948,655,18,1105,1819,977,356,297,44,1987,1608,768,592,358
2018,4,A,골목상권,2110961,언주역 3번,28976,14626,14350,132,7518,8479,5893,3370,3584,52,2434,4453,3555,1726,2406,80,5084,4026,2338,1644,1178
2018,4,A,골목상권,2110960,은광여고,20676,12249,8427,88,3863,6217,4946,3122,2440,43,1685,3584,3239,2025,1673,45,2178,2633,1707,1097,767
2018,4,A,골목상권,2110959,신구중학교,13490,6206,7284,154,3697,3797,2438,1801,1603,52,1419,1947,1384,686,718,102,2278,1850,1054,1115,885
2018,4,A,골목상권,2110958,역삼역 4번,65552,40227,25325,295,14616,21196,16387,10023,3035,116,6561,13729,11613,6247,1961,179,8055,7467,4774,3776,1074
2018,4,A,골목상권,2110957,언북중학교,35548,19035,16513,140,8340,11368,8284,4147,3269,35,2690,6172,5251,2644,2243,105,5650,5196,3033,1503,1026
2018,4,A,골목상권,2110956,언주역 8번,19541,10805,8736,111,5068,5600,4238,2783,1741,46,2044,3063,2876,1631,1145,65,3024,2537,1362,1152,596
2018,4,A,골목상권,2110955,논현초등학교,23709,13031,10678,95,6039,7084,5188,2905,2398,33,2265,3995,3399,1753,1586,62,3774,3089,1789,1152,812
2018,4,A,골목상권,2110954,국기원,28293,13995,14298,184,8223,9274,6007,2914,1691,50,2536,4742,3793,1831,1043,134,5687,4532,2214,1083,648
2018,4,A,골목상권,2110953,학동근린공원,28204,14468,13736,138,8438,9413,6011,2596,1608,49,2770,5052,3817,1608,1172,89,5668,4361,2194,988,436
2018,4,A,골목상권,2110952,논현목련공원,9717,5407,4310,27,2011,3133,2566,1218,762,9,816,1814,1566,681,521,18,1195,1319,1000,537,241
2018,4,A,골목상권,2110951,신사은행나무공원,17757,8574,9183,121,5803,5490,3462,1718,1163,49,1852,2738,2107,1007,821,72,3951,2752,1355,711,342
2018,4,A,골목상권,2110950,논현역 7번,23887,12897,10990,70,5679,8260,5874,2654,1350,20,1975,4706,3711,1602,883,50,3704,3554,2163,1052,467
2018,4,A,골목상권,2110949,한남IC,10793,5332,5461,62,3039,3506,2339,1147,700,26,987,1878,1373,613,455,36,2052,1628,966,534,245
2018,4,A,골목상권,2110948,헌인가구단지,300,161,139,0,30,71,92,83,24,0,6,39,56,40,20,0,24,32,36,43,4
2018,4,A,골목상권,2110947,청계산입구역 2번(내곡동주민센터),943,507,436,3,160,238,241,180,121,2,60,141,139,93,72,1,100,97,102,87,49
2018,4,A,골목상권,2110946,청계산원터골,804,458,346,3,133,205,209,154,100,2,52,129,133,84,58,1,81,76,76,70,42
2018,4,A,골목상권,2110945,본마을노인복지센터(서초구립내곡도서관),513,268,245,0,47,121,147,116,82,0,18,63,66,59,62,0,29,58,81,57,20
2018,4,A,골목상권,2110944,서울나래학교(염곡어린이공원),84511,78255,6256,15,7290,17031,24658,33860,1657,10,6027,15177,22492,32970,1579,5,1263,1854,2166,890,78
2018,4,A,골목상권,2110943,법제교육센터(버들어린이공원),12648,6837,5811,41,1668,2837,3402,2820,1880,27,730,1704,1909,1362,1105,14,938,1133,1493,1458,775
2018,4,A,골목상권,2110942,염곡동 구룡사(포이동성당),99076,86675,12401,53,9216,20542,28340,36923,4002,25,6945,17347,24724,34594,3040,28,2271,3195,3616,2329,962
2018,4,A,골목상권,2110941,언남고등학교,6613,4014,2599,31,1092,1720,1813,1242,715,8,525,1077,1156,754,494,23,567,643,657,488,221
2018,4,A,골목상권,2110940,양재근린공원(양재2동주민센터),10987,6307,4680,321,3047,2536,2184,1700,1199,129,1492,1447,1340,1001,898,192,1555,1089,844,699,301
2018,4,A,골목상권,2110939,양재역 8번(양재동우체국),36089,20743,15346,160,6920,9883,7813,6061,5252,62,3007,6143,4948,3471,3112,98,3913,3740,2865,2590,2140
2018,4,A,골목상권,2110938,바우뫼공원,12284,7451,4833,334,3551,3312,2455,1579,1053,145,1768,2123,1751,985,679,189,1783,1189,704,594,374
2018,4,A,골목상권,2110937,방아다리근린공원(횃불트리니티신학대학원대학교),12749,8046,4703,46,2131,3767,3061,2242,1502,20,998,2441,2168,1497,922,26,1133,1326,893,745,580
2018,4,A,골목상권,2110936,더케이호텔(양재리본타워2단지아파트),9104,6115,2989,302,3009,2608,1808,983,394,127,1690,1818,1427,752,301,175,1319,790,381,231,93
2018,4,A,골목상권,2110935,한전아트센터,8919,5866,3053,20,1697,2587,2264,1433,918,8,852,1746,1630,955,675,12,845,841,634,478,243
2018,4,A,골목상권,2110934,우면주공아파트,4414,3065,1349,8,555,806,890,1251,904,3,272,541,659,897,693,5,283,265,231,354,211
2018,4,A,골목상권,2110933,한국상담대학원대학교,6373,4293,2080,18,1181,2080,1661,925,508,11,596,1415,1233,663,375,7,585,665,428,262,133
2018,4,A,골목상권,2110932,서울시인재개발원,17624,9054,8570,117,4486,4797,3981,3031,1212,75,2140,3017,2138,1065,619,42,2346,1780,1843,1966,593
2018,4,A,골목상권,2110931,삼성전자서울R&D(서울우면초등학교),736,286,450,4,79,104,114,180,255,4,23,28,49,81,101,0,56,76,65,99,154
2018,4,A,골목상권,2110930,서초동성당,15695,8680,7015,26,3120,4795,4252,2357,1145,9,1491,2711,2263,1415,791,17,1629,2084,1989,942,354
2018,4,A,골목상권,2110929,남부터미널역 1번,25754,15593,10161,87,5071,7735,6512,3882,2467,30,2059,4748,4502,2485,1769,57,3012,2987,2010,1397,698
2018,4,A,골목상권,2110928,서초우방유쉘아파트,23711,13608,10103,128,5109,6853,5672,3814,2135,41,2091,4137,3602,2243,1494,87,3018,2716,2070,1571,641
2018,4,A,골목상권,2110927,잠원역,1104,500,604,2,142,239,208,238,275,0,30,88,82,96,204,2,112,151,126,142,71
2018,4,A,골목상권,2110926,신중초등학교,14062,8717,5345,40,2667,4499,3696,1955,1205,14,1093,2868,2713,1287,742,26,1574,1631,983,668,463
2018,4,A,골목상권,2110925,서초중학교,11135,6687,4448,76,2678,3297,2383,1416,1285,34,1160,2071,1631,921,870,42,1518,1226,752,495,415
2018,4,A,골목상권,2110924,반포4동주민센터(몽마르뜨공원),25561,9787,15774,60,7092,8312,5999,3278,820,23,1462,3262,2773,1817,450,37,5630,5050,3226,1461,370
2018,4,A,골목상권,2110923,방배역 1번,5292,2965,2327,57,1104,1298,1058,884,891,8,431,745,676,456,649,49,673,553,382,428,242
2018,4,A,골목상권,2110922,내방역 1번,11131,5442,5689,30,2112,3012,2868,1932,1177,11,752,1526,1465,932,756,19,1360,1486,1403,1000,421
2018,4,A,골목상권,2110921,서울프랑스학교,5379,3173,2206,53,1167,1515,1335,845,464,17,527,945,854,565,265,36,640,570,481,280,199
2018,4,A,골목상권,2110920,방배역 2번(백석예술대학교),5552,3207,2345,57,1198,1355,1138,914,890,8,457,811,742,523,666,49,741,544,396,391,224
2018,4,A,골목상권,2110919,내방역 8번,8123,4134,3989,25,1582,2314,2049,1402,751,11,564,1201,1170,703,485,14,1018,1113,879,699,266
2018,4,A,골목상권,2110918,방배역 3번,7890,4175,3715,17,1395,1875,2008,1389,1206,5,458,912,1081,825,894,12,937,963,927,564,312
2018,4,A,골목상권,2110917,서초소방서,2857,1871,986,5,437,840,782,526,267,1,205,564,543,372,186,4,232,276,239,154,81
2018,4,A,골목상권,2110916,내방역 4번,13626,6770,6856,41,2456,3432,3710,2477,1510,21,975,1819,1808,1132,1015,20,1481,1613,1902,1345,495
2018,4,A,골목상권,2110915,서래초등학교,4980,3267,1713,11,761,1621,1260,740,587,5,326,1121,873,519,423,6,435,500,387,221,164
2018,4,A,골목상권,2110914,내방역 6번,8851,4648,4203,35,1537,2208,2350,1777,944,14,652,1268,1239,808,667,21,885,940,1111,969,277
2018,4,A,골목상권,2110913,방현초등학교(방배119안전센터),10221,4667,5554,34,1558,2181,2128,2596,1724,14,563,1221,1165,913,791,20,995,960,963,1683,933
2018,4,A,골목상권,2110912,방배동사이길,4414,2818,1596,10,672,1311,1038,699,684,4,260,865,692,484,513,6,412,446,346,215,171
2018,4,A,골목상권,2110911,방배배수지체육공원,11654,5102,6552,26,2100,3295,2337,2398,1498,14,646,1723,1325,782,612,12,1454,1572,1012,1616,886
2018,4,A,골목상권,2110910,내방역 5번,9980,5336,4644,34,1616,2355,2665,2023,1287,19,674,1321,1411,987,924,15,942,1034,1254,1036,363
2018,4,A,골목상권,2110909,남태령역(서울전자고등학교),4911,2848,2063,5,1192,1865,1044,600,205,0,333,993,811,533,178,5,859,872,233,67,27
2018,4,A,골목상권,2110908,구반포역,1967,1227,740,2,329,549,529,337,221,0,175,346,341,227,138,2,154,203,188,110,83
2018,4,A,골목상권,2110907,방배초등학교,10812,5897,4915,39,1886,2541,2838,2029,1479,18,828,1439,1485,1070,1057,21,1058,1102,1353,959,422
2018,4,A,골목상권,2110906,서문여고,4615,2786,1829,20,764,1058,1112,872,789,11,297,612,715,565,586,9,467,446,397,307,203
2018,4,A,골목상권,2110905,방배노인종합복지관(이수중학교),4443,2823,1620,6,608,1144,1145,951,589,4,316,744,802,618,339,2,292,400,343,333,250
2018,4,A,골목상권,2110904,이수역 5번,7063,3879,3184,16,1277,1782,1719,1248,1021,7,541,986,993,706,646,9,736,796,726,542,375
2018,4,A,골목상권,2110903,방배아이파크아파트,6172,3289,2883,15,834,1412,1460,1368,1083,9,340,833,851,647,609,6,494,579,609,721,474
2018,4,A,골목상권,2110902,사당역 4번,7156,4073,3083,33,1494,1702,1700,1445,782,22,664,978,1059,818,532,11,830,724,641,627,250
2018,4,A,골목상권,2110901,인헌고등학교(인헌중학교),1613,695,918,6,217,384,436,375,195,2,57,186,181,156,113,4,160,198,255,219,82
2018,4,A,골목상권,2110900,낙성대역 1번(관악구민 종합체육센터),4013,2195,1818,19,629,935,868,764,798,9,223,489,432,429,613,10,406,446,436,335,185
2018,4,A,골목상권,2110899,낙성대역 5번(관악중학교),3558,2067,1491,19,641,951,787,617,543,9,264,587,483,330,394,10,377,364,304,287,149
2018,4,A,골목상권,2110898,청림동주민센터(상도중학교),1269,535,734,2,171,268,354,292,182,0,51,123,140,108,113,2,120,145,214,184,69
2018,4,A,골목상권,2110897,서울대입구역 8번,5585,2777,2808,29,988,1231,1282,1107,948,9,391,644,662,526,545,20,597,587,620,581,403
2018,4,A,골목상권,2110896,관악우성아파트,2071,958,1113,7,316,431,488,429,400,2,119,227,251,188,171,5,197,204,237,241,229
2018,4,A,골목상권,2110895,샤로수길,11341,6429,4912,46,1730,2601,2533,2561,1870,14,759,1447,1394,1531,1284,32,971,1154,1139,1030,586
2018,4,A,골목상권,2110894,관악동부센트레빌아파트(은천로35라길),1454,730,724,5,193,318,362,305,271,2,85,176,177,150,140,3,108,142,185,155,131
2018,4,A,골목상권,2110893,관악소방서(문영여고),2160,1593,567,1,303,674,499,489,194,0,194,511,368,383,137,1,109,163,131,106,57
2018,4,A,골목상권,2110892,관악구 중앙길,6329,2775,3554,27,1036,1374,1541,1239,1112,6,330,613,723,546,557,21,706,761,818,693,555
2018,4,A,골목상권,2110891,구암초등학교,1277,435,842,5,179,269,343,293,188,2,50,103,100,100,80,3,129,166,243,193,108
2018,4,A,골목상권,2110890,봉천역 1번(관악초등학교),2559,1333,1226,3,393,531,646,514,472,0,156,284,357,249,287,3,237,247,289,265,185
2018,4,A,골목상권,2110889,봉천역 6번,2868,1022,1846,2,391,582,714,641,538,1,90,230,294,200,207,1,301,352,420,441,331
2018,4,A,골목상권,2110888,청룡동주민센터,1517,815,702,2,177,320,409,343,266,0,82,164,201,185,183,2,95,156,208,158,83
2018,4,A,골목상권,2110887,서울산업정보학교(서울삼성초등학교),1749,1031,718,7,172,336,457,541,236,2,64,174,262,353,176,5,108,162,195,188,60
2018,4,A,골목상권,2110886,관악해태어린이공원,2006,1181,825,9,239,380,542,567,269,4,104,213,308,370,182,5,135,167,234,197,87
2018,4,A,골목상권,2110885,영락고등학교,1477,740,737,3,126,240,383,413,312,2,46,119,179,197,197,1,80,121,204,216,115
2018,4,A,골목상권,2110884,봉천역 4번(봉천110안전센터),4006,1798,2208,3,569,798,931,1014,691,3,167,373,418,434,403,0,402,425,513,580,288
2018,4,A,골목상권,2110883,은천초등학교(은천교앞),3076,1523,1553,8,426,623,733,803,483,5,150,308,357,376,327,3,276,315,376,427,156
2018,4,A,골목상권,2110882,신성초등학교,3163,1849,1314,11,307,496,813,913,623,6,142,292,471,538,400,5,165,204,342,375,223
2018,4,A,골목상권,2110881,구립대학경로당(관악산샘말공원),3549,1945,1604,12,412,689,886,955,595,5,166,354,463,552,405,7,246,335,423,403,190
2018,4,A,골목상권,2110880,신림역 1번,3252,1326,1926,15,802,738,691,622,384,6,232,309,313,242,224,9,570,429,378,380,160
2018,4,A,골목상권,2110879,신림현대아파트,1916,985,931,6,213,271,455,531,440,4,88,141,234,249,269,2,125,130,221,282,171
2018,4,A,골목상권,2110878,미림여고,675,306,369,1,81,157,141,164,131,0,19,68,64,70,85,1,62,89,77,94,46
2018,4,A,골목상권,2110877,신림역 8번,5515,2525,2990,29,1110,1215,1245,1148,768,14,377,552,605,514,463,15,733,663,640,634,305
2018,4,A,골목상권,2110876,서원동주민센터(신관중학교),2322,1086,1236,9,372,370,442,538,591,3,132,175,211,218,347,6,240,195,231,320,244
2018,4,A,골목상권,2110875,보라매동주민센터(당곡고등학교),2178,1133,1045,13,302,470,525,503,365,6,141,233,267,252,234,7,161,237,258,251,131
2018,4,A,골목상권,2110874,원신초등학교(구세군관악영문교회),1944,955,989,5,212,382,465,489,391,3,60,167,222,233,270,2,152,215,243,256,121
2018,4,A,골목상권,2110873,당곡중학교,10129,4651,5478,35,1744,3176,2930,1620,624,12,556,1366,1348,961,408,23,1188,1810,1582,659,216
2018,4,A,골목상권,2110872,신림초등학교,759,281,478,1,121,177,181,159,120,1,51,69,67,45,48,0,70,108,114,114,72
2018,4,A,골목상권,2110871,신원동주민센터,2682,1193,1489,15,462,447,532,584,642,7,198,216,247,214,311,8,264,231,285,370,331
2018,4,A,골목상권,2110870,신림주공2단지(광신고등학교),380,166,214,3,35,73,92,105,72,2,6,25,39,56,38,1,29,48,53,49,34
2018,4,A,골목상권,2110869,"신림역 5번(신림동주민센터, 신림동별빛거리)",10212,5410,4802,45,1712,2465,2905,1931,1154,20,719,1199,1542,1205,725,25,993,1266,1363,726,429
2018,4,A,골목상권,2110868,남부초등학교,3472,1620,1852,13,499,580,727,895,758,4,219,303,348,370,376,9,280,277,379,525,382
2018,4,A,골목상권,2110867,국제신학대학원대학교(남서울중학교),3281,1537,1744,11,383,555,723,863,746,1,163,280,347,376,370,10,220,275,376,487,376
2018,4,A,골목상권,2110866,난우중학교,1338,505,833,1,188,305,349,343,152,0,44,94,144,145,78,1,144,211,205,198,74
2018,4,A,골목상권,2110865,남강고등학교(남강중학교),1743,663,1080,7,226,347,453,440,270,3,59,138,191,170,102,4,167,209,262,270,168
2018,4,A,골목상권,2110864,신림우방아파트,1414,715,699,1,170,286,369,388,200,1,63,146,181,189,135,0,107,140,188,199,65
2018,4,A,골목상권,2110863,난우초등학교,1914,820,1094,8,244,380,471,485,326,3,67,163,221,212,154,5,177,217,250,273,172
2018,4,A,골목상권,2110862,난곡초등학교(난곡동벽화마을),1395,547,848,5,206,278,358,330,218,1,52,112,154,124,104,4,154,166,204,206,114
2018,4,A,골목상권,2110861,관악구신사동주민센터,4126,2070,2056,7,457,812,980,1075,795,0,153,441,478,515,483,7,304,371,502,560,312
2018,4,A,골목상권,2110860,호림박물관(성보고등학교),3038,1536,1502,5,330,562,713,850,578,0,111,282,356,437,350,5,219,280,357,413,228
2018,4,A,골목상권,2110859,난향초등학교,804,309,495,0,71,149,201,225,158,0,11,46,82,79,91,0,60,103,119,146,67
2018,4,A,골목상권,2110858,신대방역 1번,2388,1719,669,7,407,700,644,420,210,6,285,559,470,258,141,1,122,141,174,162,69
2018,4,A,골목상권,2110857,미성동주민센터,1995,826,1169,8,222,392,508,518,347,3,67,156,214,207,179,5,155,236,294,311,168
2018,4,A,골목상권,2110856,미성초등학교,5138,3366,1772,6,425,826,939,1062,1880,3,181,462,517,613,1590,3,244,364,422,449,290
2018,4,A,골목상권,2110855,신대방역 2번,6869,4856,2013,8,785,1371,1402,1290,2013,6,449,960,910,825,1706,2,336,411,492,465,307
2018,4,A,골목상권,2110854,조원동주민센터,4260,3017,1243,7,354,660,737,896,1606,2,182,413,440,540,1440,5,172,247,297,356,166
2018,4,A,골목상권,2110853,KT구로지사,4915,2514,2401,15,684,1017,1154,1190,855,6,243,522,602,576,565,9,441,495,552,614,290
2018,4,A,골목상권,2110852,이수역 9번,5376,3037,2339,12,818,1363,1522,1046,615,4,341,771,911,607,403,8,477,592,611,439,212
2018,4,A,골목상권,2110851,경문고등학교(동작동성당),3728,1593,2135,19,450,790,932,1030,507,11,149,423,415,357,238,8,301,367,517,673,269
2018,4,A,골목상권,2110850,사당역 10번,11626,6573,5053,44,2105,2662,2800,2422,1593,26,926,1543,1711,1359,1008,18,1179,1119,1089,1063,585
2018,4,A,골목상권,2110849,이수역 10번,5336,2470,2866,26,773,1100,1250,1160,1027,12,255,521,588,522,572,14,518,579,662,638,455
2018,4,A,골목상권,2110848,양지어린이공원,4530,2301,2229,6,533,852,1112,900,1127,2,200,436,570,414,679,4,333,416,542,486,448
2018,4,A,골목상권,2110847,예술인마을,3012,1646,1366,1,595,726,698,642,350,0,240,416,414,337,239,1,355,310,284,305,111
2018,4,A,골목상권,2110846,남성역 1번,3539,1769,1770,4,360,621,767,753,1034,2,142,275,346,351,653,2,218,346,421,402,381
2018,4,A,골목상권,2110845,사당종합체육관,757,438,319,0,76,111,166,226,178,0,19,60,88,143,128,0,57,51,78,83,50
2018,4,A,골목상권,2110844,흑석2치안센터,735,409,326,2,86,116,160,211,160,0,38,69,81,111,110,2,48,47,79,100,50
2018,4,A,골목상권,2110843,사당5동주민센터,1391,679,712,4,192,298,348,364,185,2,71,120,162,192,132,2,121,178,186,172,53
2018,4,A,골목상권,2110842,흑리단길,2924,923,2001,2,750,851,644,462,215,1,159,240,223,186,114,1,591,611,421,276,101
2018,4,A,골목상권,2110841,중대부중,5319,2425,2894,4,1072,1446,1263,1081,453,1,267,537,653,653,314,3,805,909,610,428,139
2018,4,A,골목상권,2110840,중앙대학교,5350,2381,2969,6,1117,1458,1256,1061,452,3,282,546,642,619,289,3,835,912,614,442,163
2018,4,A,골목상권,2110839,숭실대입구역 4번,2666,1309,1357,10,358,644,708,625,321,4,129,277,324,350,225,6,229,367,384,275,96
2018,4,A,골목상권,2110838,상도1동주민센터앞,2459,1277,1182,13,298,594,673,578,303,4,114,260,331,354,214,9,184,334,342,224,89
2018,4,A,골목상권,2110837,숭실대입구역 1번,3667,1751,1916,14,459,859,996,847,492,5,171,367,450,450,308,9,288,492,546,397,184
2018,4,A,골목상권,2110836,상도역 5번,5061,2735,2326,12,789,1174,1313,1122,651,3,315,573,740,695,409,9,474,601,573,427,242
2018,4,A,골목상권,2110835,상도역 1번,2066,948,1118,7,406,464,507,440,242,2,171,214,231,207,123,5,235,250,276,233,119
2018,4,A,골목상권,2110834,동작구자원봉사센터,1423,630,793,11,184,274,335,364,255,4,77,155,154,140,100,7,107,119,181,224,155
2018,4,A,골목상권,2110833,상도역 2번,2585,1135,1450,7,434,551,674,644,275,2,164,230,294,310,135,5,270,321,380,334,140
2018,4,A,골목상권,2110832,노량진초등학교,7303,4145,3158,33,993,1765,1751,1803,958,12,510,930,1017,1102,574,21,483,835,734,701,384
2018,4,A,골목상권,2110831,상도4동주민센터,1404,589,815,0,172,302,384,372,174,0,59,114,158,157,101,0,113,188,226,215,73
2018,4,A,골목상권,2110830,상도초등학교,2020,718,1302,0,269,396,567,473,315,0,79,128,200,158,153,0,190,268,367,315,162
2018,4,A,골목상권,2110829,장승배기역 5번,3105,1531,1574,1,450,618,718,827,491,0,245,306,342,395,243,1,205,312,376,432,248
2018,4,A,골목상권,2110828,노량진역 6번,9354,5202,4152,27,1167,2735,2386,1990,1049,10,517,1457,1382,1158,678,17,650,1278,1004,832,371
2018,4,A,골목상권,2110827,NH농협은행 상도동지점,2409,902,1507,16,346,482,600,571,394,6,107,198,239,190,162,10,239,284,361,381,232
2018,4,A,골목상권,2110826,장승배기역 4번,3274,1282,1992,16,479,633,781,773,592,6,174,286,295,275,246,10,305,347,486,498,346
2018,4,A,골목상권,2110825,신대방삼거리역 1번,3421,1384,2037,17,464,717,836,816,571,6,141,300,367,298,272,11,323,417,469,518,299
2018,4,A,골목상권,2110824,대방역 3번,3947,1924,2023,8,719,1007,947,766,500,0,268,525,478,359,294,8,451,482,469,407,206
2018,4,A,골목상권,2110823,신대방삼거리역 3번,13298,6315,6983,34,2174,4155,3849,2185,901,9,689,1925,1943,1241,508,25,1485,2230,1906,944,393
2018,4,A,골목상권,2110822,신대방삼거리역 4번(대림초등학교),4622,2500,2122,45,548,1014,1041,1106,868,5,208,567,559,620,541,40,340,447,482,486,327
2018,4,A,골목상권,2110821,보라매역 2번,10985,5682,5303,88,1500,2591,2831,2504,1471,17,670,1474,1381,1294,846,71,830,1117,1450,1210,625
2018,4,A,골목상권,2110820,성남고등학교,2374,1172,1202,5,246,495,574,690,364,4,100,229,254,350,235,1,146,266,320,340,129
2018,4,A,골목상권,2110819,신대방역 4번,6579,3475,3104,11,1328,1637,1683,1257,663,8,463,899,955,736,414,3,865,738,728,521,249
2018,4,A,골목상권,2110818,신대방역 3번,3153,2050,1103,9,506,774,831,600,433,7,310,554,547,356,276,2,196,220,284,244,157
2018,4,A,골목상권,2110817,대방역 4번,4697,2309,2388,9,779,1048,1098,956,807,2,275,509,569,456,498,7,504,539,529,500,309
2018,4,A,골목상권,2110816,대방역 6번,4159,2104,2055,6,701,895,955,852,750,1,254,444,525,419,461,5,447,451,430,433,289
2018,4,A,골목상권,2110815,공군호텔,5925,3019,2906,17,920,1379,1420,1282,907,7,300,685,764,669,594,10,620,694,656,613,313
2018,4,A,골목상권,2110814,서울지방병무청,4560,2304,2256,17,604,929,1000,1195,815,8,218,475,494,597,512,9,386,454,506,598,303
2018,4,A,골목상권,2110813,보라매역 6번,5470,3061,2409,47,722,1094,1186,1294,1127,10,282,634,660,714,761,37,440,460,526,580,366
2018,4,A,골목상권,2110812,신길6동주민센터,9560,4918,4642,83,1312,2352,2547,2141,1125,16,583,1336,1229,1100,654,67,729,1016,1318,1041,471
2018,4,A,골목상권,2110811,보라매역 4번,8683,4500,4183,83,1184,2149,2305,1945,1017,16,550,1220,1098,1017,599,67,634,929,1207,928,418
2018,4,A,골목상권,2110810,영신초등학교,4126,2077,2049,4,434,820,1005,1048,815,4,141,400,523,520,489,0,293,420,482,528,326
2018,4,A,골목상권,2110809,장훈고등학교,1769,768,1001,4,224,408,459,429,245,3,74,190,207,181,113,1,150,218,252,248,132
2018,4,A,골목상권,2110808,신길역 1번,2738,1407,1331,26,503,580,530,567,532,14,225,315,257,261,335,12,278,265,273,306,197
2018,4,A,골목상권,2110807,신길역 3번,3279,1715,1564,26,624,815,631,599,584,14,245,424,352,303,377,12,379,391,279,296,207
2018,4,A,골목상권,2110806,서울시립영등포장애인복지관,3754,2533,1221,3,423,804,911,912,701,2,186,480,662,676,527,1,237,324,249,236,174
2018,4,A,골목상권,2110805,신길새마을금고신길4동지점,1300,682,618,1,200,281,331,283,204,1,107,160,179,129,106,0,93,121,152,154,98
2018,4,A,골목상권,2110804,신풍역 1번,2974,1428,1546,7,339,590,712,715,611,3,142,291,322,316,354,4,197,299,390,399,257
2018,4,A,골목상권,2110803,신길2동우편취급국,2292,993,1299,3,233,469,539,589,459,1,77,215,217,261,222,2,156,254,322,328,237
2018,4,A,골목상권,2110802,신길동홍어거리,1720,696,1024,2,172,349,401,437,359,1,52,162,174,181,126,1,120,187,227,256,233
2018,4,A,골목상권,2110801,신풍역 6번(신길6동공영주차장),656,264,392,2,85,134,165,158,112,0,25,57,53,63,66,2,60,77,112,95,46
2018,4,A,골목상권,2110800,영등포동성당,7205,4586,2619,7,941,1542,1690,1648,1377,4,388,931,1155,1168,940,3,553,611,535,480,437
2018,4,A,골목상권,2110799,영등포본동주민센터,1828,953,875,14,268,324,426,425,371,6,113,181,217,231,205,8,155,143,209,194,166
2018,4,A,골목상권,2110798,신풍역 2번,1459,552,907,4,163,251,355,375,311,0,49,104,124,135,140,4,114,147,231,240,171
2018,4,A,골목상권,2110797,KT대방빌딩,1846,615,1231,2,601,444,386,285,128,0,109,169,120,126,91,2,492,275,266,159,37
2018,4,A,골목상권,2110796,한림대학교한강성심병원,8433,5979,2454,10,894,1407,1728,1752,2642,7,419,889,1182,1278,2204,3,475,518,546,474,438
2018,4,A,골목상권,2110795,도림초등학교,2344,1077,1267,3,244,534,580,565,418,1,73,256,301,252,194,2,171,278,279,313,224
2018,4,A,골목상권,2110794,영동초등학교,13620,9321,4299,37,1950,3294,3024,2386,2929,19,1038,2228,2100,1556,2380,18,912,1066,924,830,549
2018,4,A,골목상권,2110793,대림썬프라자,1861,651,1210,2,607,453,386,279,134,0,115,173,138,129,96,2,492,280,248,150,38
2018,4,A,골목상권,2110792,영등포역 2번,4523,2217,2306,20,505,964,1033,1142,859,6,186,454,534,549,488,14,319,510,499,593,371
2018,4,A,골목상권,2110791,신풍역 3번,1446,584,862,2,158,306,340,394,246,0,77,124,123,146,114,2,81,182,217,248,132
2018,4,A,골목상권,2110790,대림1동주민센터,1995,893,1102,9,258,359,494,504,371,4,100,172,204,214,199,5,158,187,290,290,172
2018,4,A,골목상권,2110789,대림성모병원,3499,1305,2194,2,828,783,750,702,434,1,159,306,314,313,212,1,669,477,436,389,222
2018,4,A,골목상권,2110788,영등포시장역 3번,3470,1871,1599,6,446,777,875,749,617,0,183,394,491,419,384,6,263,383,384,330,233
2018,4,A,골목상권,2110787,신길3동주민센터,1917,902,1015,2,171,415,503,512,314,1,56,171,243,227,204,1,115,244,260,285,110
2018,4,A,골목상권,2110786,당산역 8번,10128,6228,3900,55,1244,1754,2234,2445,2396,22,685,1210,1428,1376,1507,33,559,544,806,1069,889
2018,4,A,골목상권,2110785,영등포푸르지오아파트,1909,940,969,5,216,408,485,466,329,3,52,178,258,234,215,2,164,230,227,232,114
2018,4,A,골목상권,2110784,신대림초등학교,1549,613,936,0,197,303,370,414,265,0,41,122,151,176,123,0,156,181,219,238,142
2018,4,A,골목상권,2110783,영등포시장역 1번,12935,8201,4734,77,2382,3584,3015,2499,1378,40,1220,2332,2083,1619,907,37,1162,1252,932,880,471
2018,4,A,골목상권,2110782,영등포시장역 4번,4732,2320,2412,17,795,1140,1163,922,695,3,257,540,623,483,414,14,538,600,540,439,281
2018,4,A,골목상권,2110781,대림한신아파트,2187,1039,1148,7,228,412,578,567,395,5,74,189,277,277,217,2,154,223,301,290,178
2018,4,A,골목상권,2110780,신길대성유니드아파트,1864,938,926,4,200,384,456,509,311,1,102,196,235,234,170,3,98,188,221,275,141
2018,4,A,골목상권,2110779,대림갑을명가아파트,1089,567,522,7,137,214,298,256,177,5,47,114,159,130,112,2,90,100,139,126,65
2018,4,A,골목상권,2110778,구로디지털단지역 4번,19511,11588,7923,66,4742,7235,4089,2016,1363,36,1935,4802,2732,1208,875,30,2807,2433,1357,808,488
2018,4,A,골목상권,2110777,구로세무서,19803,9847,9956,170,4167,5461,4930,3024,2051,61,1646,2781,2499,1562,1298,109,2521,2680,2431,1462,753
2018,4,A,골목상권,2110776,도신초등학교,5752,3473,2279,28,804,1411,1584,1217,708,15,389,926,1014,683,446,13,415,485,570,534,262
2018,4,A,골목상권,2110775,대동초등학교,1535,745,790,1,122,294,387,388,343,1,43,136,184,183,198,0,79,158,203,205,145
2018,4,A,골목상권,2110774,당산반도유보라팰리스아파트,22333,11617,10716,138,5402,6453,5070,3284,1986,51,1960,3392,2657,2058,1499,87,3442,3061,2413,1226,487
2018,4,A,골목상권,2110773,당산역 13번,11929,7863,4066,58,1961,3181,2707,1898,2124,16,1004,2388,1950,1105,1400,42,957,793,757,793,724
2018,4,A,골목상권,2110772,신우어린이공원,3676,2371,1305,23,570,1028,1013,708,334,11,295,714,709,428,214,12,275,314,304,280,120
2018,4,A,골목상권,2110771,대림역 11번,1981,991,990,1,209,416,544,503,308,1,68,204,267,271,180,0,141,212,277,232,128
2018,4,A,골목상권,2110770,영등포구청역 6번,10092,5012,5080,23,1220,2245,2466,2294,1844,9,456,1074,1246,1214,1013,14,764,1171,1220,1080,831
2018,4,A,골목상권,2110769,대림차이나타운(대림역 12번),1586,780,806,0,180,354,461,399,192,0,63,151,218,219,129,0,117,203,243,180,63
2018,4,A,골목상권,2110768,도림2동유수지내체육시설,4882,1924,2958,18,954,1777,1007,660,466,9,227,486,494,386,322,9,727,1291,513,274,144
2018,4,A,골목상권,2110767,도림동주민센터,7106,3409,3697,31,1280,2241,1520,1230,804,11,419,778,826,783,592,20,861,1463,694,447,212
2018,4,A,골목상권,2110766,대림역 5번,14797,9679,5118,31,2015,3581,3564,3241,2365,18,1332,2720,2497,1798,1314,13,683,861,1067,1443,1051
2018,4,A,골목상권,2110765,문래동사거리,21627,10617,11010,119,4433,6298,5289,3289,2199,47,1642,2826,2741,1888,1473,72,2791,3472,2548,1401,726
2018,4,A,골목상권,2110764,문래역 3번,6765,3661,3104,15,998,1742,1566,1172,1272,5,505,1065,788,621,677,10,493,677,778,551,595
2018,4,A,골목상권,2110763,영등포구청역 2번,18007,8641,9366,56,3221,4254,3535,3682,3259,26,1123,1991,1716,1769,2016,30,2098,2263,1819,1913,1243
2018,4,A,골목상권,2110762,선유도역 1번,32825,17502,15323,146,5908,10741,9888,4526,1616,62,2513,5829,5223,2693,1182,84,3395,4912,4665,1833,434
2018,4,A,골목상권,2110761,문래동남성맨션,6841,3366,3475,21,1204,2171,1380,1256,809,7,400,760,792,833,574,14,804,1411,588,423,235
2018,4,A,골목상권,2110760,선유도역 6번,32517,17341,15176,129,5972,11131,9751,4259,1275,48,2680,6205,5093,2432,883,81,3292,4926,4658,1827,392
2018,4,A,골목상권,2110759,문래예술촌(문래창작촌),32162,18290,13872,147,6262,8407,7919,5408,4019,56,2723,4736,4518,3252,3005,91,3539,3671,3401,2156,1014
2018,4,A,골목상권,2110758,문래소공원,15257,9816,5441,37,2898,3643,3355,2528,2796,15,1546,2350,2080,1624,2201,22,1352,1293,1275,904,595
2018,4,A,골목상권,2110757,양평역 2번,8186,5138,3048,37,1181,2081,2042,1581,1264,21,621,1417,1244,892,943,16,560,664,798,689,321
2018,4,A,골목상권,2110756,문래중학교,7316,4695,2621,17,1014,1706,1691,1278,1610,12,521,1062,957,786,1357,5,493,644,734,492,253
2018,4,A,골목상권,2110755,동일여자고등학교,2589,1154,1435,7,230,434,648,837,433,3,54,144,307,401,245,4,176,290,341,436,188
2018,4,A,골목상권,2110754,삼성산자연공원(서울금천초등학교),3113,1361,1752,7,254,497,774,1020,561,5,63,185,371,452,285,2,191,312,403,568,276
2018,4,A,골목상권,2110753,시흥동 은행나무사거리,3091,1441,1650,10,276,523,823,977,482,4,79,206,380,493,279,6,197,317,443,484,203
2018,4,A,골목상권,2110752,한울중학교,1662,650,1012,1,143,279,436,506,297,1,43,102,143,189,172,0,100,177,293,317,125
2018,4,A,골목상권,2110751,난곡중학교,5015,3293,1722,3,410,888,937,1081,1696,2,195,489,519,602,1486,1,215,399,418,479,210
2018,4,A,골목상권,2110750,시흥4동주민센터(서울신흥초등학교),1411,465,946,1,148,240,364,448,210,1,37,86,128,135,78,0,111,154,236,313,132
2018,4,A,골목상권,2110749,금산초등학교(금천고등학교),8894,5481,3413,8,730,1523,2699,2658,1276,1,385,948,1549,1600,998,7,345,575,1150,1058,278
2018,4,A,골목상권,2110748,백산초등학교,2309,1169,1140,5,263,486,635,611,309,2,121,274,313,288,171,3,142,212,322,323,138
2018,4,A,골목상권,2110747,석수역 1번 출입구,1280,903,377,6,94,212,359,391,218,1,59,139,238,285,181,5,35,73,121,106,37
2018,4,A,골목상권,2110746,금천금빛공원(은행나무사거리서측),2866,1240,1626,8,381,525,710,777,465,5,141,257,340,293,204,3,240,268,370,484,261
2018,4,A,골목상권,2110745,독산동정훈단지,1612,591,1021,3,158,252,450,463,286,1,37,90,138,164,161,2,121,162,312,299,125
2018,4,A,골목상권,2110744,독산동성당,2428,983,1445,3,231,378,660,717,439,1,74,146,225,274,263,2,157,232,435,443,176
2018,4,A,골목상권,2110743,시흥초등학교(시흥1동우체국),4037,1295,2742,6,507,589,790,995,1150,4,139,237,288,272,355,2,368,352,502,723,795
2018,4,A,골목상권,2110742,KT금천빌딩(금천구시설관리공단),6555,4206,2349,5,538,1139,1911,1938,1024,1,323,717,1165,1244,756,4,215,422,746,694,268
2018,4,A,골목상권,2110741,독산2동주민센터,2659,1370,1289,6,264,493,675,769,452,3,115,261,327,377,287,3,149,232,348,392,165
2018,4,A,골목상권,2110740,금천해태공원,6036,2547,3489,36,1222,1450,1172,1040,1116,14,539,745,451,366,432,22,683,705,721,674,684
2018,4,A,골목상권,2110739,시흥3동 우편취급국,7064,4355,2709,5,594,1171,2192,2099,1003,0,322,751,1271,1236,775,5,272,420,921,863,228
2018,4,A,골목상권,2110738,문성초등학교,4163,2156,2007,17,558,829,1044,1077,638,7,217,412,538,559,423,10,341,417,506,518,215
2018,4,A,골목상권,2110737,금천세무서,3390,1933,1457,5,348,675,859,915,588,3,136,370,487,520,417,2,212,305,372,395,171
2018,4,A,골목상권,2110736,독산119안전센터,5558,3073,2485,29,679,1030,1371,1498,951,13,324,589,743,774,630,16,355,441,628,724,321
2018,4,A,골목상권,2110735,말미고개,4613,2674,1939,22,553,887,1174,1223,754,12,301,538,661,654,508,10,252,349,513,569,246
2018,4,A,골목상권,2110734,금천파출소,3884,1770,2114,33,1075,1174,698,539,365,13,467,623,276,196,195,20,608,551,422,343,170
2018,4,A,골목상권,2110733,금천어울림복지센터,5092,2275,2817,11,529,1045,1104,1223,1180,5,198,441,481,640,510,6,331,604,623,583,670
2018,4,A,골목상권,2110732,가산초등학교(세일중학교),6126,3620,2506,11,812,1253,1428,1616,1006,7,416,785,830,906,676,4,396,468,598,710,330
2018,4,A,골목상권,2110731,금천구청역 1번 출입구,7799,3451,4348,41,1388,1963,1518,1531,1358,15,581,921,612,727,595,26,807,1042,906,804,763
2018,4,A,골목상권,2110730,서울축산농협 독산역지점(독산파출소),10249,6329,3920,39,1385,2543,2700,2401,1181,16,706,1681,1679,1430,817,23,679,862,1021,971,364
2018,4,A,골목상권,2110729,가산동우체국,12472,7488,4984,43,2354,3399,3137,2190,1349,23,1147,2151,2031,1257,879,20,1207,1248,1106,933,470
2018,4,A,골목상권,2110728,두산초등학교,26776,17393,9383,151,4640,7491,7166,4871,2457,85,2408,5114,4879,3139,1768,66,2232,2377,2287,1732,689
2018,4,A,골목상권,2110727,독산역 1번 출입구,22116,14228,7888,128,3907,6224,5945,3927,1985,74,2013,4255,3998,2495,1393,54,1894,1969,1947,1432,592
2018,4,A,골목상권,2110726,금천철쭉어린이공원(금하마을),418,194,224,1,43,66,119,100,89,0,18,33,52,45,46,1,25,33,67,55,43
2018,4,A,골목상권,2110725,가산동주민센터,32979,20205,12774,117,7111,10600,8463,4667,2021,54,3751,6931,5421,2607,1441,63,3360,3669,3042,2060,580
2018,4,A,골목상권,2110724,금천구립가산도서관,26985,17899,9086,108,5240,8290,7171,4279,1897,58,3035,5734,4892,2784,1396,50,2205,2556,2279,1495,501
2018,4,A,골목상권,2110723,가산디지털단지역 1번 출입구,54681,34838,19843,235,12099,17646,13948,7534,3219,125,5981,11705,9800,4874,2353,110,6118,5941,4148,2660,866
2018,4,A,골목상권,2110722,G타워,46653,28772,17881,157,10432,16599,11114,5225,3126,89,4763,11004,7459,3219,2238,68,5669,5595,3655,2006,888
2018,4,A,골목상권,2110721,가리봉파출소,26761,16788,9973,98,5467,8140,6575,4095,2386,53,2628,5521,4546,2422,1618,45,2839,2619,2029,1673,768
2018,4,A,골목상권,2110720,대림역 2번,3618,1954,1664,5,377,671,984,997,584,4,119,276,494,641,420,1,258,395,490,356,164
2018,4,A,골목상권,2110719,영서중학교,28065,16193,11872,195,5856,7862,6433,4895,2824,116,2860,5026,4250,2348,1593,79,2996,2836,2183,2547,1231
2018,4,A,골목상권,2110718,한국SGI본부,16779,9959,6820,33,2749,4772,3756,3296,2173,12,1461,2805,2467,1895,1319,21,1288,1967,1289,1401,854
2018,4,A,골목상권,2110717,남구로역 2번,54583,32906,21677,318,11399,15802,12972,8925,5167,194,5519,10491,8738,4722,3242,124,5880,5311,4234,4203,1925
2018,4,A,골목상권,2110716,구로나눔길,8146,3667,4479,12,1507,2248,1778,1789,812,10,398,951,836,1033,439,2,1109,1297,942,756,373
2018,4,A,골목상권,2110715,구로구민회관,13037,8233,4804,22,1758,3252,3006,3017,1982,16,1125,2251,1935,1761,1145,6,633,1001,1071,1256,837
2018,4,A,골목상권,2110714,구로4동주민센터,9829,4477,5352,10,1685,2474,2213,2317,1130,6,422,981,1001,1363,704,4,1263,1493,1212,954,426
2018,4,A,골목상권,2110713,구로보건소,8831,4945,3886,37,1234,2015,2274,2039,1232,21,532,1184,1312,1118,778,16,702,831,962,921,454
2018,4,A,골목상권,2110712,남구로역 5번,2053,827,1226,4,250,399,540,500,360,3,71,175,204,190,184,1,179,224,336,310,176
2018,4,A,골목상권,2110711,구로초등학교,9547,4390,5157,30,1808,2551,2033,2052,1073,25,556,1124,961,1137,587,5,1252,1427,1072,915,486
2018,4,A,골목상권,2110710,남구로역 3번,45253,27252,18001,161,10171,14283,11144,6478,3016,83,4747,9039,7407,3844,2132,78,5424,5244,3737,2634,884
2018,4,A,골목상권,2110709,구로119안전센터,3885,1174,2711,1,1072,1125,717,636,334,0,200,362,257,197,158,1,872,763,460,439,176
2018,4,A,골목상권,2110708,화원어린이공원,2626,1441,1185,22,411,523,623,577,470,20,204,292,325,315,285,2,207,231,298,262,185
2018,4,A,골목상권,2110707,구로창업지원센터,6846,4457,2389,16,664,1367,1744,1820,1235,13,386,846,1084,1213,915,3,278,521,660,607,320
2018,4,A,골목상권,2110706,그라운드 고척,4608,2738,1870,7,530,843,1088,1109,1031,3,222,483,647,638,745,4,308,360,441,471,286
2018,4,A,골목상권,2110705,고산초등학교,4542,2713,1829,8,534,852,1093,1173,882,2,238,487,640,671,675,6,296,365,453,502,207
2018,4,A,골목상권,2110704,고척중학교,4335,2489,1846,11,517,804,1038,1092,873,5,224,447,574,576,663,6,293,357,464,516,210
2018,4,A,골목상권,2110703,개봉역,4998,2773,2225,15,559,968,1369,1349,738,9,254,536,723,761,490,6,305,432,646,588,248
2018,4,A,골목상권,2110702,개봉초등학교,4884,2583,2301,3,183,327,488,742,3141,0,52,125,194,305,1907,3,131,202,294,437,1234
2018,4,A,골목상권,2110701,고척동성당,2408,1268,1140,7,221,384,569,584,643,0,86,204,283,309,386,7,135,180,286,275,257
2018,4,A,골목상권,2110700,고척초등학교,4226,2296,1930,4,380,702,1090,1118,932,0,174,391,567,605,559,4,206,311,523,513,373
2018,4,A,골목상권,2110699,덕의초등학교,1508,733,775,3,158,263,385,406,293,0,69,130,158,197,179,3,89,133,227,209,114
2018,4,A,골목상권,2110698,개웅초등학교(개웅중학교),5071,2651,2420,4,205,344,501,829,3188,1,54,135,183,339,1939,3,151,209,318,490,1249
2018,4,A,골목상권,2110697,개봉3동주민센터,4504,2606,1898,2,121,295,393,630,3063,1,46,173,186,298,1902,1,75,122,207,332,1161
2018,4,A,골목상권,2110696,오류동역 1번,2024,952,1072,8,276,340,511,530,359,4,87,124,228,274,235,4,189,216,283,256,124
2018,4,A,골목상권,2110695,개봉1동주민센터,2210,983,1227,4,188,340,611,634,433,4,71,162,256,260,230,0,117,178,355,374,203
2018,4,A,골목상권,2110694,세곡초등학교,1609,670,939,4,156,295,447,504,203,4,56,126,154,219,111,0,100,169,293,285,92
2018,4,A,골목상권,2110693,오류동역 4번,1982,1040,942,16,249,294,428,534,461,10,137,162,176,226,329,6,112,132,252,308,132
2018,4,A,골목상권,2110692,큰굴다리,1651,786,865,11,254,300,377,426,283,7,131,162,151,173,162,4,123,138,226,253,121
2018,4,A,골목상권,2110691,개봉중학교,1485,514,971,3,191,255,358,446,232,2,52,108,106,140,106,1,139,147,252,306,126
2018,4,A,골목상권,2110690,오류2동버들시장,5157,2502,2655,19,549,935,1251,1401,1002,10,199,425,545,638,685,9,350,510,706,763,317
2018,4,A,골목상권,2110689,오류동역 3번,3369,1577,1792,20,451,568,761,903,666,12,196,296,302,342,429,8,255,272,459,561,237
2018,4,A,골목상권,2110688,오류지구대,2420,1400,1020,5,284,432,592,644,463,3,115,219,337,374,352,2,169,213,255,270,111
2018,4,A,골목상권,2110687,"천왕역 3번(오류2동주민센터, 서울오류남초등학교)",1669,875,794,4,171,365,435,448,246,2,73,176,215,241,168,2,98,189,220,207,78
2018,4,A,골목상권,2110686,수궁동주민센터,2880,1750,1130,3,290,537,723,784,543,1,125,298,452,479,395,2,165,239,271,305,148
2018,4,A,골목상권,2110685,금강수목원아파트,1479,992,487,0,142,231,365,434,307,0,65,139,233,297,258,0,77,92,132,137,49
2018,4,A,골목상권,2110684,서울공연예술고등학교,1340,662,678,2,112,295,367,397,167,1,36,151,197,194,83,1,76,144,170,203,84
2018,4,A,골목상권,2110683,오류고등학교,1223,628,595,1,104,282,348,346,142,0,35,143,191,178,81,1,69,139,157,168,61
2018,4,A,골목상권,2110682,온수역 8번,1860,1130,730,0,192,404,434,505,325,0,70,209,240,319,292,0,122,195,194,186,33
2018,4,A,골목상권,2110681,온수역 1번,2156,1420,736,3,235,441,479,609,389,3,99,263,289,428,338,0,136,178,190,181,51
2018,4,A,골목상권,2110680,온수역 5번(온수산업단지),2175,1578,597,7,251,438,453,596,430,7,139,296,302,441,393,0,112,142,151,155,37
2018,4,A,골목상권,2110679,염창역 2번,5227,3477,1750,18,669,1385,1432,1047,676,13,329,918,1020,695,502,5,340,467,412,352,174
2018,4,A,골목상권,2110678,염창무학아파트,3367,2292,1075,15,459,886,770,665,572,12,248,624,543,437,428,3,211,262,227,228,144
2018,4,A,골목상권,2110677,등촌역 1번,9772,5627,4145,36,1717,2674,2401,1664,1280,20,654,1545,1524,1056,828,16,1063,1129,877,608,452
2018,4,A,골목상권,2110676,등촌역 7번,4609,2402,2207,13,655,1060,1101,986,794,8,230,569,619,517,459,5,425,491,482,469,335
2018,4,A,골목상권,2110675,화곡4동주민센터,2634,1105,1529,2,293,552,696,720,371,2,94,246,270,288,205,0,199,306,426,432,166
2018,4,A,골목상권,2110674,강서구청가양동별관,6215,3906,2309,57,1229,1705,1660,1089,475,34,674,1097,1070,700,331,23,555,608,590,389,144
2018,4,A,골목상권,2110673,뜸부기어린이공원,4377,2038,2339,10,557,938,1077,1080,715,6,194,469,535,444,390,4,363,469,542,636,325
2018,4,A,골목상권,2110672,백석중학교,1624,691,933,7,193,329,465,435,195,5,49,131,203,186,117,2,144,198,262,249,78
2018,4,A,골목상권,2110671,등촌1동주민센터,40229,18062,22167,251,5838,9946,11875,10196,2123,146,2824,6124,5104,2472,1392,105,3014,3822,6771,7724,731
2018,4,A,골목상권,2110670,신곡초등학교,1471,576,895,1,170,319,421,410,150,1,41,135,146,155,98,0,129,184,275,255,52
2018,4,A,골목상권,2110669,화곡보람2차아파트,4638,2716,1922,5,1110,1248,1067,759,449,2,343,787,784,485,315,3,767,461,283,274,134
2018,4,A,골목상권,2110668,화곡2동주민센터,3436,1356,2080,13,447,698,851,900,527,9,147,332,343,282,243,4,300,366,508,618,284
2018,4,A,골목상권,2110667,가양역 10번,22750,7556,15194,146,2129,4853,7464,7368,790,79,1281,3026,2128,502,540,67,848,1827,5336,6866,250
2018,4,A,골목상권,2110666,KC대학교,5152,3107,2045,5,527,1248,1252,1429,691,2,238,676,726,967,498,3,289,572,526,462,193
2018,4,A,골목상권,2110665,곰달래도서관,4805,2430,2375,17,646,1077,1130,1186,749,9,275,598,570,543,435,8,371,479,560,643,314
2018,4,A,골목상권,2110664,강서구청옆,6991,3944,3047,11,832,1722,1838,1790,798,5,362,907,1059,1111,500,6,470,815,779,679,298
2018,4,A,골목상권,2110663,우장산롯데캐슬아파트앞,14154,8089,6065,49,1951,2957,3144,4001,2052,31,1097,1850,1958,2045,1108,18,854,1107,1186,1956,944
2018,4,A,골목상권,2110662,까치산역 1번,3125,1140,1985,13,390,604,779,805,534,7,125,259,294,218,237,6,265,345,485,587,297
2018,4,A,골목상권,2110661,강서새말어린이공원,6130,3481,2649,8,740,1527,1586,1592,677,5,315,812,901,1016,432,3,425,715,685,576,245
2018,4,A,골목상권,2110660,등촌3동주민센터,33994,13435,20559,187,3726,7054,9866,10586,2575,107,2210,4441,3605,1864,1208,80,1516,2613,6261,8722,1367
2018,4,A,골목상권,2110659,화곡역 4번,3673,1317,2356,11,555,871,946,766,524,3,121,332,354,265,242,8,434,539,592,501,282
2018,4,A,골목상권,2110658,화곡초등학교,3124,1664,1460,3,283,572,752,808,706,1,97,279,395,446,446,2,186,293,357,362,260
2018,4,A,골목상권,2110657,양천향교역 5번,22773,14086,8687,72,3449,6501,6748,4084,1919,30,1576,4023,4850,2342,1265,42,1873,2478,1898,1742,654
2018,4,A,골목상권,2110656,까치산역 3번,4409,2299,2110,13,503,827,1002,1265,799,8,231,458,553,613,436,5,272,369,449,652,363
2018,4,A,골목상권,2110655,발산역 5번,8119,4008,4111,71,1375,1711,1762,1661,1539,33,602,951,972,716,734,38,773,760,790,945,805
2018,4,A,골목상권,2110654,까치산역 4번,4112,1840,2272,20,451,754,1005,1137,745,11,159,347,468,480,375,9,292,407,537,657,370
2018,4,A,골목상권,2110653,화곡역 2번,3982,1575,2407,11,677,871,944,840,639,3,158,374,387,335,318,8,519,497,557,505,321
2018,4,A,골목상권,2110652,양천향교역 2번,6966,3821,3145,26,802,1465,1647,1953,1073,14,410,824,979,895,699,12,392,641,668,1058,374
2018,4,A,골목상권,2110651,화원중학교,2748,1259,1489,10,285,543,714,714,482,6,101,251,317,320,264,4,184,292,397,394,218
2018,4,A,골목상권,2110650,우장산힐스테이트,2379,1142,1237,40,369,395,549,594,432,20,154,198,249,261,260,20,215,197,300,333,172
2018,4,A,골목상권,2110649,우장산역 1번,3418,1357,2061,11,480,682,839,874,532,7,111,270,310,343,316,4,369,412,529,531,216
2018,4,A,골목상권,2110648,양천향교역 7번,21220,14118,7102,61,3161,6269,6683,3566,1480,32,1548,4056,5211,2257,1014,29,1613,2213,1472,1309,466
2018,4,A,골목상권,2110647,화곡역 5번,4834,2138,2696,21,686,1028,1248,1124,727,10,178,470,584,491,405,11,508,558,664,633,322
2018,4,A,골목상권,2110646,푸른들청소년도서관,4775,1896,2879,21,761,958,1135,1176,724,6,193,402,461,457,377,15,568,556,674,719,347
2018,4,A,골목상권,2110645,우장산역 4번,4189,1517,2672,11,583,926,1031,1102,536,6,132,338,349,418,274,5,451,588,682,684,262
2018,4,A,골목상권,2110644,신광명마을,3409,2304,1105,9,203,590,918,1021,668,4,118,382,586,680,534,5,85,208,332,341,134
2018,4,A,골목상권,2110643,강서구다솔마을,4123,2496,1627,9,482,967,1264,922,479,2,208,605,804,549,328,7,274,362,460,373,151
2018,4,A,골목상권,2110642,정곡초등학교,964,658,306,2,57,127,234,313,231,0,27,51,144,235,201,2,30,76,90,78,30
2018,4,A,골목상권,2110641,공항고등학교,2149,856,1293,8,188,368,498,541,546,5,70,163,215,216,187,3,118,205,283,325,359
2018,4,A,골목상권,2110640,방화역 1번,2891,1629,1262,2,251,545,712,844,537,0,68,186,390,589,396,2,183,359,322,255,141
2018,4,A,골목상권,2110639,신방화역 8번,3074,1502,1572,8,440,764,786,682,394,1,138,369,410,340,244,7,302,395,376,342,150
2018,4,A,골목상권,2110638,신방화역 2번,5529,2583,2946,13,744,1247,1380,1282,863,3,269,633,696,542,440,10,475,614,684,740,423
2018,4,A,골목상권,2110637,송정역 2번,2846,1774,1072,5,287,501,691,758,604,0,126,270,409,492,477,5,161,231,282,266,127
2018,4,A,골목상권,2110636,방화역 2번,3646,1655,1991,6,399,732,933,928,648,1,154,341,462,383,314,5,245,391,471,545,334
2018,4,A,골목상권,2110635,공항시장역 3번,2735,1423,1312,7,369,592,703,630,434,0,121,274,384,341,303,7,248,318,319,289,131
2018,4,A,골목상권,2110634,송정역 3번,4258,2600,1658,10,455,846,1127,1074,746,1,194,474,700,672,559,9,261,372,427,402,187
2018,4,A,골목상권,2110633,개화산역 1번,2944,1411,1533,7,347,609,740,743,498,0,158,335,389,293,236,7,189,274,351,450,262
2018,4,A,골목상권,2110632,방화역 3번,6794,4600,2194,6,754,1579,1746,1968,741,0,491,1143,1193,1340,433,6,263,436,553,628,308
2018,4,A,골목상권,2110631,방화초등학교,2964,1669,1295,4,323,531,704,715,687,0,126,284,371,392,496,4,197,247,333,323,191
2018,4,A,골목상권,2110630,공항시장역 1번,40939,23471,17468,34,7961,12988,11107,7295,1554,15,2362,6052,7302,6395,1345,19,5599,6936,3805,900,209
2018,4,A,골목상권,2110629,송정역 4번,39721,22737,16984,36,7852,12788,10842,6955,1248,16,2340,5982,7172,6154,1073,20,5512,6806,3670,801,175
2018,4,A,골목상권,2110628,신목동역,3244,2149,1095,13,518,1057,808,450,398,9,270,736,546,300,288,4,248,321,262,150,110
2018,4,A,골목상권,2110627,신정롯데캐슬아파트,3327,1448,1879,12,427,703,856,848,481,6,139,284,357,382,280,6,288,419,499,466,201
2018,4,A,골목상권,2110626,양화초등학교,4831,3052,1779,16,649,1352,1388,900,526,10,313,876,948,561,344,6,336,476,440,339,182
2018,4,A,골목상권,2110625,신정2동주민센터,6830,3566,3264,38,944,1656,1671,1821,700,32,461,805,810,1033,425,6,483,851,861,788,275
2018,4,A,골목상권,2110624,목동문화체육센터,721,323,398,2,53,121,233,188,124,2,24,51,84,91,71,0,29,70,149,97,53
2018,4,A,골목상권,2110623,갈산공원,927,497,430,6,111,215,229,228,138,4,48,124,107,121,93,2,63,91,122,107,45
2018,4,A,골목상권,2110622,달마을공원,3376,1802,1574,6,379,750,994,797,450,1,124,352,608,440,277,5,255,398,386,357,173
2018,4,A,골목상권,2110621,목동역 5번,5190,2420,2770,21,1044,1454,1203,865,603,11,311,656,649,443,350,10,733,798,554,422,253
2018,4,A,골목상권,2110620,목동보건지소,2573,1041,1532,4,268,542,711,689,359,3,107,213,241,259,218,1,161,329,470,430,141
2018,4,A,골목상권,2110619,목4동주민센터,2139,926,1213,6,295,437,501,476,424,4,86,177,221,192,246,2,209,260,280,284,178
2018,4,A,골목상권,2110618,강서고등학교,3058,1447,1611,5,338,589,745,786,595,4,141,274,332,346,350,1,197,315,413,440,245
2018,4,A,골목상권,2110617,등촌역 4번,3052,1431,1621,12,478,739,752,696,375,6,155,349,383,317,221,6,323,390,369,379,154
2018,4,A,골목상권,2110616,양목초등학교,3847,1823,2024,11,462,817,1014,941,602,1,169,381,524,422,326,10,293,436,490,519,276
2018,4,A,골목상권,2110615,신서초등학교,3901,1968,1933,12,432,807,1032,938,680,1,162,393,533,467,412,11,270,414,499,471,268
2018,4,A,골목상권,2110614,목동로데오거리,4724,2071,2653,16,743,972,1137,1066,790,9,227,442,551,427,415,7,516,530,586,639,375
2018,4,A,골목상권,2110613,신정네거리역 4번,1985,853,1132,8,289,362,466,478,382,1,116,190,201,185,160,7,173,172,265,293,222
2018,4,A,골목상권,2110612,신정역 5번,5349,2417,2932,20,633,1029,1269,1395,1003,9,242,506,572,588,500,11,391,523,697,807,503
2018,4,A,골목상권,2110611,신정역 1번,4877,2490,2387,16,594,936,1089,1312,930,8,278,540,575,596,493,8,316,396,514,716,437
2018,4,A,골목상권,2110610,계남근린공원,1795,794,1001,4,191,362,477,493,268,2,84,184,211,170,143,2,107,178,266,323,125
2018,4,A,골목상권,2110609,신정네거리역 2번,2146,901,1245,5,259,403,581,551,347,2,83,169,232,237,178,3,176,234,349,314,169
2018,4,A,골목상권,2110608,신월2동주민센터,3580,1708,1872,4,352,675,864,1049,636,1,165,354,372,454,362,3,187,321,492,595,274
2018,4,A,골목상권,2110607,금빛새마을금고본점,1610,746,864,2,184,285,433,422,284,2,67,134,176,191,176,0,117,151,257,231,108
2018,4,A,골목상권,2110606,신한은행 신월동지점,3936,2302,1634,10,292,523,888,1228,995,7,118,281,407,732,757,3,174,242,481,496,238
2018,4,A,골목상권,2110605,목동센트럴아이파크앞,2532,1445,1087,7,216,341,556,613,799,5,78,183,239,284,656,2,138,158,317,329,143
2018,4,A,골목상권,2110604,신월4동주민센터,3894,2442,1452,7,276,559,857,1250,945,4,143,316,443,796,740,3,133,243,414,454,205
2018,4,A,골목상권,2110603,지향초등학교,3855,2570,1285,7,236,511,865,1229,1007,2,93,272,513,819,871,5,143,239,352,410,136
2018,4,A,골목상권,2110602,신월시영아파트중문,3118,1929,1189,9,237,380,698,974,820,6,88,220,352,624,639,3,149,160,346,350,181
2018,4,A,골목상권,2110601,신월1동우편취급국,3518,2022,1496,6,323,568,868,1084,669,4,159,331,489,622,417,2,164,237,379,462,252
2018,4,A,골목상권,2110600,신월7동주민센터,3467,2357,1110,6,203,366,741,1201,950,5,83,213,424,866,766,1,120,153,317,335,184
2018,4,A,골목상권,2110599,신월1파출소,2690,1344,1346,4,210,433,723,832,488,2,93,209,351,428,261,2,117,224,372,404,227
2018,4,A,골목상권,2110598,신월문화체육센터,3560,2351,1209,6,341,524,850,1066,773,4,223,344,495,687,598,2,118,180,355,379,175
2018,4,A,골목상권,2110597,신월1동주민센터,4377,2411,1966,5,371,691,967,1006,1337,4,127,306,411,469,1094,1,244,385,556,537,243
2018,4,A,골목상권,2110596,서서울호수공원,2823,1653,1170,3,192,394,700,957,577,2,82,208,381,589,391,1,110,186,319,368,186
2018,4,A,골목상권,2110595,메디힐병원,4332,2332,2000,6,416,716,949,988,1257,4,137,308,390,437,1056,2,279,408,559,551,201
2018,4,A,골목상권,2110594,신월중학교,1504,506,998,0,201,323,431,397,152,0,49,95,128,145,89,0,152,228,303,252,63
2018,4,A,골목상권,2110593,신월3동주민센터,3613,2226,1387,1,238,465,705,821,1383,0,76,193,327,456,1174,1,162,272,378,365,209
2018,4,A,골목상권,2110592,서울금융고등학교,3296,2112,1184,1,204,414,590,773,1314,0,58,168,280,455,1151,1,146,246,310,318,163
2018,4,A,골목상권,2110591,충정로역 6번,12743,7527,5216,15,2659,4486,2903,1611,1069,4,1246,2523,1884,1065,805,11,1413,1963,1019,546,264
2018,4,A,골목상권,2110590,만리재,2895,1136,1759,2,412,721,803,690,267,1,58,234,345,344,154,1,354,487,458,346,113
2018,4,A,골목상권,2110589,애오개역 3번,3697,1643,2054,4,652,1195,1081,585,180,1,252,525,510,237,118,3,400,670,571,348,62
2018,4,A,골목상권,2110588,한겨레신문사,4787,2194,2593,19,933,1145,1276,989,425,5,312,496,579,542,260,14,621,649,697,447,165
2018,4,A,골목상권,2110587,공덕동주민센터,8622,4110,4512,20,1533,2308,2413,1662,686,5,526,1042,1158,946,433,15,1007,1266,1255,716,253
2018,4,A,골목상권,2110586,서울서부지방법원,24189,13043,11146,98,4508,6823,6035,4780,1945,31,1835,3893,3575,2600,1109,67,2673,2930,2460,2180,836
2018,4,A,골목상권,2110585,마포경찰서,12417,6926,5491,45,2190,3512,2842,2622,1206,11,1057,2124,1742,1347,645,34,1133,1388,1100,1275,561
2018,4,A,골목상권,2110584,아현역 4번,1864,746,1118,10,297,490,489,334,244,1,67,157,199,153,169,9,230,333,290,181,75
2018,4,A,골목상권,2110583,공덕래미안3차아파트,15378,8173,7205,60,2841,4274,3635,3382,1186,21,1148,2381,2123,1781,719,39,1693,1893,1512,1601,467
2018,4,A,골목상권,2110582,이대역 5번,1839,736,1103,19,353,493,427,321,226,3,95,183,178,150,127,16,258,310,249,171,99
2018,4,A,골목상권,2110581,염리초등학교,17955,10110,7845,122,3245,4785,4315,3334,2154,49,1470,2958,2769,1613,1251,73,1775,1827,1546,1721,903
2018,4,A,골목상권,2110580,양원초등학교,2591,1304,1287,4,378,684,643,575,307,1,119,289,357,350,188,3,259,395,286,225,119
2018,4,A,골목상권,2110579,마포역 4번,9932,6122,3810,12,1665,2631,2414,1844,1366,2,754,1570,1647,1203,946,10,911,1061,767,641,420
2018,4,A,골목상권,2110578,대흥역 2번,12314,7837,4477,105,2023,3438,3171,2250,1327,42,1115,2175,2216,1384,905,63,908,1263,955,866,422
2018,4,A,골목상권,2110577,용강동주민센터,10845,6493,4352,107,2072,3247,2874,1650,895,42,888,1957,1960,1038,608,65,1184,1290,914,612,287
2018,4,A,골목상권,2110576,대흥역 3번,10864,6929,3935,95,1845,2985,2741,1934,1264,36,1013,1958,1941,1139,842,59,832,1027,800,795,422
2018,4,A,골목상권,2110575,대흥동주민센터,4449,2271,2178,15,734,1181,1021,973,525,5,239,576,569,568,314,10,495,605,452,405,211
2018,4,A,골목상권,2110574,서강대학교,3530,1936,1594,7,421,919,968,797,418,1,157,419,555,506,298,6,264,500,413,291,120
2018,4,A,골목상권,2110573,신촌역 6번,3889,1998,1891,20,715,1115,922,709,408,9,228,520,533,438,270,11,487,595,389,271,138
2018,4,A,골목상권,2110572,서강대역 1번,8497,4377,4120,41,1431,2178,2100,1675,1072,16,474,1066,1203,959,659,25,957,1112,897,716,413
2018,4,A,골목상권,2110571,신수동주민센터,5336,3021,2315,18,759,1416,1463,998,682,3,309,786,860,595,468,15,450,630,603,403,214
2018,4,A,골목상권,2110570,KB국민은행 서강지점,2760,1536,1224,15,362,741,770,470,402,4,150,409,440,270,263,11,212,332,330,200,139
2018,4,A,골목상권,2110569,홍대땡땡거리,10639,5493,5146,55,2436,2667,2595,1915,971,27,1152,1573,1378,851,512,28,1284,1094,1217,1064,459
2018,4,A,골목상권,2110568,광흥창역 1번,2679,1333,1346,12,489,676,631,493,378,3,141,312,360,288,229,9,348,364,271,205,149
2018,4,A,골목상권,2110567,광흥창역 6번,4356,1994,2362,12,708,854,854,783,1145,2,182,344,488,436,542,10,526,510,366,347,603
2018,4,A,골목상권,2110566,경의선책거리,22029,11605,10424,141,5446,5605,5200,3696,1941,64,2297,3239,2957,1789,1259,77,3149,2366,2243,1907,682
2018,4,A,골목상권,2110565,홍익대,7078,4378,2700,31,1764,1868,1492,1095,828,13,801,1196,1043,750,575,18,963,672,449,345,253
2018,4,A,골목상권,2110564,홍대입구역 3번,12135,5864,6271,89,3286,3340,2664,1733,1023,41,1198,1772,1457,748,648,48,2088,1568,1207,985,375
2018,4,A,골목상권,2110563,상수역 3번,3978,2034,1944,22,859,999,670,460,968,17,400,600,438,207,372,5,459,399,232,253,596
2018,4,A,골목상권,2110562,연트럴파크(연남동주민센터),7098,4008,3090,36,1777,2094,1532,947,712,17,822,1224,957,526,462,19,955,870,575,421,250
2018,4,A,골목상권,2110561,상수역 4번,6414,3700,2714,44,2006,1965,1280,732,387,32,875,1193,845,501,254,12,1131,772,435,231,133
2018,4,A,골목상권,2110560,마포FM,11927,6754,5173,42,2341,3039,2455,1955,2095,18,844,1658,1578,1145,1511,24,1497,1381,877,810,584
2018,4,A,골목상권,2110559,성산중학교,8926,4865,4061,51,2525,2695,1922,1141,592,25,980,1530,1200,746,384,26,1545,1165,722,395,208
2018,4,A,골목상권,2110558,경성고등학교,9371,5945,3426,24,1318,1957,1874,1600,2598,12,534,1052,1106,971,2270,12,784,905,768,629,328
2018,4,A,골목상권,2110557,홍대부속여중고앞,14315,8504,5811,47,2734,3755,3156,2136,2487,20,993,2020,2008,1384,2079,27,1741,1735,1148,752,408
2018,4,A,골목상권,2110556,절두산순교성지,2682,1699,983,2,562,793,626,520,179,1,247,489,436,390,136,1,315,304,190,130,43
2018,4,A,골목상권,2110555,홍익지구대,7614,4165,3449,48,1935,2471,1772,887,501,16,803,1390,1161,492,303,32,1132,1081,611,395,198
2018,4,A,골목상권,2110554,망원역 1번,14344,7145,7199,67,2887,3545,2998,2172,2675,32,1216,1864,1707,978,1348,35,1671,1681,1291,1194,1327
2018,4,A,골목상권,2110553,가좌역 2번,4020,2507,1513,10,428,637,843,894,1208,5,136,322,472,545,1027,5,292,315,371,349,181
2018,4,A,골목상권,2110552,성미산체육관,6962,4656,2306,13,800,1204,1257,1244,2444,7,301,646,763,778,2161,6,499,558,494,466,283
2018,4,A,골목상권,2110551,성서초등학교,6486,3466,3020,37,1105,1372,1495,1280,1197,26,504,717,761,568,890,11,601,655,734,712,307
2018,4,A,골목상권,2110550,합정역 8번,12747,6766,5981,50,2911,4325,3211,1481,769,13,1039,2312,2034,892,476,37,1872,2013,1177,589,293
2018,4,A,골목상권,2110549,새터산,5409,3325,2084,6,681,904,1195,1113,1510,2,254,486,710,636,1237,4,427,418,485,477,273
2018,4,A,골목상권,2110548,마포구청역 4번,7176,3389,3787,20,826,1183,1446,1932,1769,13,327,642,894,769,744,7,499,541,552,1163,1025
2018,4,A,골목상권,2110547,KB국민은행 망원동지점,7391,4020,3371,41,1357,1536,1663,1491,1303,28,580,824,899,726,963,13,777,712,764,765,340
2018,4,A,골목상권,2110546,양화대교북단,5940,3023,2917,21,1292,2128,1621,606,272,4,369,1063,1024,397,166,17,923,1065,597,209,106
2018,4,A,골목상권,2110545,마포구청역 1번,8634,3840,4794,13,815,1406,1667,2605,2128,6,303,625,900,1110,896,7,512,781,767,1495,1232
2018,4,A,골목상권,2110544,망리단길,10351,5687,4664,47,1954,2464,2437,1882,1567,25,863,1354,1416,904,1125,22,1091,1110,1021,978,442
2018,4,A,골목상권,2110543,중암중학교,2149,1411,738,2,173,227,348,594,805,2,62,103,164,372,708,0,111,124,184,222,97
2018,4,A,골목상권,2110542,마포구청역 7번,6708,3169,3539,17,679,971,1231,1905,1905,11,278,541,743,751,845,6,401,430,488,1154,1060
2018,4,A,골목상권,2110541,동교초등학교,2551,1358,1193,0,374,611,682,555,329,0,180,339,363,262,214,0,194,272,319,293,115
2018,4,A,골목상권,2110540,망원나들목체육관,1161,724,437,0,160,264,300,266,171,0,79,171,205,144,125,0,81,93,95,122,46
2018,4,A,골목상권,2110539,미근동,48343,27069,21274,123,7980,15169,14025,9194,1852,43,2834,7935,8061,6928,1268,80,5146,7234,5964,2266,584
2018,4,A,골목상권,2110538,충정로역 3번,19537,11586,7951,26,3362,6179,4942,3290,1738,11,1557,3634,3183,2011,1190,15,1805,2545,1759,1279,548
2018,4,A,골목상권,2110537,충정로현대아파트,37079,21015,16064,102,6167,12031,10302,6840,1637,39,2396,6556,5799,5061,1164,63,3771,5475,4503,1779,473
2018,4,A,골목상권,2110536,돈의문센트레빌아파트입구,25263,13226,12037,92,4317,7900,7261,5039,654,33,1362,3854,3654,3865,458,59,2955,4046,3607,1174,196
2018,4,A,골목상권,2110535,영천시장입구,1759,776,983,6,225,337,460,488,243,3,86,126,183,227,151,3,139,211,277,261,92
2018,4,A,골목상권,2110534,경기대학교,8279,5029,3250,7,1324,2754,2122,1222,850,3,575,1530,1393,862,666,4,749,1224,729,360,184
2018,4,A,골목상권,2110533,충정로역 7번,10541,6513,4028,11,1980,3717,2436,1421,976,3,1023,2211,1665,911,700,8,957,1506,771,510,276
2018,4,A,골목상권,2110532,아현역 2번,3134,1690,1444,4,347,547,671,808,757,0,98,212,367,460,553,4,249,335,304,348,204
2018,4,A,골목상권,2110531,홍지문,1780,784,996,2,324,437,468,393,156,2,84,185,242,184,87,0,240,252,226,209,69
2018,4,A,골목상권,2110530,아현역 1번,1521,616,905,3,238,373,407,302,198,0,51,115,168,141,141,3,187,258,239,161,57
2018,4,A,골목상권,2110529,홍제3동주민센터,2368,926,1442,8,326,496,578,533,427,4,100,166,190,218,248,4,226,330,388,315,179
2018,4,A,골목상권,2110528,서울여자간호대학교,1489,642,847,4,147,253,386,357,342,2,52,90,132,147,219,2,95,163,254,210,123
2018,4,A,골목상권,2110527,홍제역 2번,2756,1043,1713,12,397,534,710,661,442,7,117,193,244,251,231,5,280,341,466,410,211
2018,4,A,골목상권,2110526,봉원사,16036,5955,10081,8,3988,5113,3809,2466,652,4,945,1642,1479,1440,445,4,3043,3471,2330,1026,207
2018,4,A,골목상권,2110525,홍은종합사회복지관,1695,717,978,8,200,328,403,376,380,4,74,123,131,162,223,4,126,205,272,214,157
2018,4,A,골목상권,2110524,연희세브란스병원,13340,5094,8246,11,3593,4392,3041,1868,435,6,904,1476,1214,1155,339,5,2689,2916,1827,713,96
2018,4,A,골목상권,2110523,홍제성원아파트,718,285,433,1,99,175,178,168,97,1,19,71,65,61,68,0,80,104,113,107,29
2018,4,A,골목상권,2110522,홍제역 3번,1727,677,1050,3,256,381,447,401,239,2,65,144,168,155,143,1,191,237,279,246,96
2018,4,A,골목상권,2110521,홍제역 4번,2173,771,1402,10,345,500,563,459,296,5,102,181,184,173,126,5,243,319,379,286,170
2018,4,A,골목상권,2110520,경의중앙 신촌역,17451,6893,10558,38,4945,5373,3678,2516,901,17,1353,1983,1537,1439,564,21,3592,3390,2141,1077,337
2018,4,A,골목상권,2110519,서대문구보건소별관,1471,679,792,1,236,325,383,379,147,0,65,138,188,187,101,1,171,187,195,192,46
2018,4,A,골목상권,2110518,서대문구청,3968,1856,2112,3,506,990,995,1035,439,2,175,386,419,614,260,1,331,604,576,421,179
2018,4,A,골목상권,2110517,서대문소방서,1945,1042,903,2,278,495,465,447,258,1,117,300,244,244,136,1,161,195,221,203,122
2018,4,A,골목상권,2110516,정원여중,1313,643,670,0,227,290,347,324,125,0,66,137,182,173,85,0,161,153,165,151,40
2018,4,A,골목상권,2110515,홍은중학교,639,393,246,1,86,166,183,141,62,0,29,97,122,97,48,1,57,69,61,44,14
2018,4,A,골목상권,2110514,서대문우체국,19738,8431,11307,45,4947,5720,4774,3284,968,25,1701,2315,2081,1709,600,20,3246,3405,2693,1575,368
2018,4,A,골목상권,2110513,연희파출소,2716,1486,1230,2,487,708,636,525,358,1,210,404,351,291,229,1,277,304,285,234,129
2018,4,A,골목상권,2110512,연희지하차도,4755,2369,2386,3,552,1103,1176,1290,631,2,195,446,524,792,410,1,357,657,652,498,221
2018,4,A,골목상권,2110511,연희초등학교,15763,6367,9396,11,3977,4848,3601,2404,922,4,1048,1714,1505,1418,678,7,2929,3134,2096,986,244
2018,4,A,골목상권,2110510,홍연시장,1600,825,775,0,130,235,380,516,339,0,46,121,189,276,193,0,84,114,191,240,146
2018,4,A,골목상권,2110509,연희대우아파트앞,19361,8384,10977,39,4964,6055,4567,2796,940,10,1518,2420,2103,1644,689,29,3446,3635,2464,1152,251
2018,4,A,골목상권,2110508,서연중학교,3647,2087,1560,9,662,865,825,708,578,1,292,516,473,393,412,8,370,349,352,315,166
2018,4,A,골목상권,2110507,명지대학교,2563,1299,1264,4,304,535,632,710,378,2,108,257,319,367,246,2,196,278,313,343,132
2018,4,A,골목상권,2110506,연희임광아파트,3211,1801,1410,15,704,830,680,560,422,4,318,503,393,292,291,11,386,327,287,268,131
2018,4,A,골목상권,2110505,홍남교남측,1142,671,471,1,129,211,305,296,200,0,42,102,181,195,151,1,87,109,124,101,49
2018,4,A,골목상권,2110504,명지전문대,1626,864,762,2,202,336,392,453,241,2,74,136,199,274,179,0,128,200,193,179,62
2018,4,A,골목상권,2110503,명지대학교교회,2530,1319,1211,8,380,534,591,666,351,4,147,251,291,374,252,4,233,283,300,292,99
2018,4,A,골목상권,2110502,남가좌파출소,1793,875,918,3,240,371,480,442,257,1,70,156,237,227,184,2,170,215,243,215,73
2018,4,A,골목상권,2110501,연희어린이공원,2632,1473,1159,12,566,763,600,399,292,2,244,454,358,218,197,10,322,309,242,181,95
2018,4,A,골목상권,2110500,남가좌동현대아파트,764,336,428,2,120,173,210,164,95,0,37,69,95,75,60,2,83,104,115,89,35
2018,4,A,골목상권,2110499,연가초등학교,2020,897,1123,6,183,344,512,610,365,3,51,126,203,280,234,3,132,218,309,330,131
2018,4,A,골목상권,2110498,증산역 1번,3409,1666,1743,9,364,577,805,902,752,4,143,268,374,425,452,5,221,309,431,477,300
2018,4,A,골목상권,2110497,가좌역 3번,1750,918,832,11,291,362,440,414,232,5,85,151,249,271,157,6,206,211,191,143,75
2018,4,A,골목상권,2110496,모래내우체국,2321,967,1354,9,254,423,621,615,399,3,86,174,254,256,194,6,168,249,367,359,205
2018,4,A,골목상권,2110495,북가좌2동주민센터,3430,1778,1652,11,360,610,875,930,644,5,140,306,447,483,397,6,220,304,428,447,247
2018,4,A,골목상권,2110494,증산3교남측,1314,812,502,4,104,219,315,368,304,2,49,117,166,221,257,2,55,102,149,147,47
2018,4,A,골목상권,2110493,북가좌초등학교,2331,1591,740,4,147,267,408,626,879,4,45,122,221,428,771,0,102,145,187,198,108
2018,4,A,골목상권,2110492,하나고등학교,724,353,371,0,61,101,157,248,157,0,29,61,96,107,60,0,32,40,61,141,97
2018,4,A,골목상권,2110491,불광중학교,607,195,412,0,57,126,172,178,74,0,19,35,44,54,43,0,38,91,128,124,31
2018,4,A,골목상권,2110490,녹번동근린공원,7434,3571,3863,16,1016,1899,1919,1692,892,6,350,794,922,952,547,10,666,1105,997,740,345
2018,4,A,골목상권,2110489,불광역 3번,3548,1538,2010,9,630,1003,878,681,347,4,209,410,437,307,171,5,421,593,441,374,176
2018,4,A,골목상권,2110488,우리은행응암동지점,5603,2562,3041,14,586,1160,1483,1464,896,6,208,432,618,737,561,8,378,728,865,727,335
2018,4,A,골목상권,2110487,불광역 8번,3138,1282,1856,8,526,831,769,629,375,3,177,343,346,239,174,5,349,488,423,390,201
2018,4,A,골목상권,2110486,은평구청,5610,2586,3024,14,573,1136,1492,1459,936,6,205,433,638,740,564,8,368,703,854,719,372
2018,4,A,골목상권,2110485,연신내우체국,1193,413,780,2,117,250,346,327,151,1,35,95,110,103,69,1,82,155,236,224,82
2018,4,A,골목상권,2110484,역촌역 3번,7950,3694,4256,22,880,1657,2047,2077,1267,11,327,672,916,1036,732,11,553,985,1131,1041,535
2018,4,A,골목상권,2110483,연천초등학교,1481,556,925,9,238,282,361,350,241,4,70,110,128,127,117,5,168,172,233,223,124
2018,4,A,골목상권,2110482,연신초등학교,1411,783,628,2,155,352,434,361,107,1,73,221,229,200,59,1,82,131,205,161,48
2018,4,A,골목상권,2110481,불광역 7번,3084,1200,1884,12,351,574,807,803,537,3,133,240,325,262,237,9,218,334,482,541,300
2018,4,A,골목상권,2110480,연신내역 3번,2146,860,1286,15,322,400,537,488,384,6,89,158,215,194,198,9,233,242,322,294,186
2018,4,A,골목상권,2110479,연신내역 2번,2904,1009,1895,14,526,564,759,618,423,8,134,202,256,210,199,6,392,362,503,408,224
2018,4,A,골목상권,2110478,응암1동주민센터,6341,2925,3416,25,680,1289,1629,1664,1054,10,240,520,716,812,627,15,440,769,913,852,427
2018,4,A,골목상권,2110477,은평세무서,7106,3377,3729,27,755,1395,1841,1858,1230,11,274,601,846,932,713,16,481,794,995,926,517
2018,4,A,골목상권,2110476,역촌역 2번,1213,509,704,4,131,213,333,346,186,4,50,93,138,124,100,0,81,120,195,222,86
2018,4,A,골목상권,2110475,백련산해모로아파트,2524,1039,1485,14,366,553,646,578,367,6,123,244,273,211,182,8,243,309,373,367,185
2018,4,A,골목상권,2110474,세명컴퓨터고등학교,2279,1086,1193,9,370,514,593,541,252,5,151,257,240,274,159,4,219,257,353,267,93
2018,4,A,골목상권,2110473,구산역 1번,4232,1548,2684,24,591,815,1086,1077,639,10,170,330,435,337,266,14,421,485,651,740,373
2018,4,A,골목상권,2110472,연신내역 4번,3478,1377,2101,29,615,720,869,745,500,14,183,319,357,275,229,15,432,401,512,470,271
2018,4,A,골목상권,2110471,응암동우체국,2720,1174,1546,4,346,518,710,700,442,2,132,196,276,317,251,2,214,322,434,383,191
2018,4,A,골목상권,2110470,신진과학기술고등학교,2500,1100,1400,15,407,540,623,542,373,8,150,263,280,202,197,7,257,277,343,340,176
2018,4,A,골목상권,2110469,응암정보도서관,4153,1976,2177,9,487,682,1010,1202,763,4,176,276,447,592,481,5,311,406,563,610,282
2018,4,A,골목상권,2110468,응암역 3번,5427,2554,2873,16,669,1049,1314,1330,1049,8,232,521,650,576,567,8,437,528,664,754,482
2018,4,A,골목상권,2110467,은평요양병원,1638,897,741,8,221,350,401,426,232,3,125,204,196,235,134,5,96,146,205,191,98
2018,4,A,골목상권,2110466,구산역 2번,3076,1218,1858,12,401,586,777,785,515,6,113,233,331,258,277,6,288,353,446,527,238
2018,4,A,골목상권,2110465,연신내역 7번,3305,1304,2001,19,584,732,799,726,445,8,192,331,279,278,216,11,392,401,520,448,229
2018,4,A,골목상권,2110464,연신내역 5번,2775,1065,1710,15,456,616,692,616,380,9,135,283,256,221,161,6,321,333,436,395,219
2018,4,A,골목상권,2110463,응암3동주민센터,2036,824,1212,6,297,437,490,484,322,5,118,185,192,174,150,1,179,252,298,310,172
2018,4,A,골목상권,2110462,갈현건영아파트,1479,835,644,8,190,314,354,411,202,3,121,194,173,217,127,5,69,120,181,194,75
2018,4,A,골목상권,2110461,새절역 2번,1923,962,961,4,271,377,425,472,374,2,112,182,208,226,232,2,159,195,217,246,142
2018,4,A,골목상권,2110460,구산역 4번,4462,2008,2454,12,456,716,1115,1427,736,5,123,302,487,735,356,7,333,414,628,692,380
2018,4,A,골목상권,2110459,응암역 2번,3624,1663,1961,7,489,747,870,885,626,5,164,376,395,386,337,2,325,371,475,499,289
2018,4,A,골목상권,2110458,선일여고,1903,801,1102,5,235,480,466,458,259,0,99,239,170,157,136,5,136,241,296,301,123
2018,4,A,골목상권,2110457,예일여고,3906,1793,2113,11,373,602,940,1341,639,4,98,249,410,709,323,7,275,353,530,632,316
2018,4,A,골목상권,2110456,구산보건지소,2600,1100,1500,11,328,513,638,677,433,4,116,216,274,249,241,7,212,297,364,428,192
2018,4,A,골목상권,2110455,역촌노인복지관,3178,1534,1644,7,347,573,762,809,680,3,132,281,365,361,392,4,215,292,397,448,288
2018,4,A,골목상권,2110454,선정중학교,2758,1548,1210,2,228,461,641,1001,425,0,68,205,318,674,283,2,160,256,323,327,142
2018,4,A,골목상권,2110453,신사1동주민센터,3071,1342,1729,7,428,642,744,757,493,6,159,294,319,319,245,1,269,348,425,438,248
2018,4,A,골목상권,2110452,새절역 3번,2364,1112,1252,5,269,406,512,594,578,2,109,192,244,269,296,3,160,214,268,325,282
2018,4,A,골목상권,2110451,증산역 4번,2871,1616,1255,3,230,384,603,779,872,1,97,179,329,470,540,2,133,205,274,309,332
2018,4,A,골목상권,2110450,시립서북병원,3603,1300,2303,4,484,766,919,978,452,1,157,287,347,309,199,3,327,479,572,669,253
2018,4,A,골목상권,2110449,증산역 3번,2185,1232,953,5,207,385,558,606,424,3,86,191,305,355,292,2,121,194,253,251,132
2018,4,A,골목상권,2110448,상신초등학교입구,1013,457,556,1,94,202,312,231,173,0,29,102,137,102,87,1,65,100,175,129,86
2018,4,A,골목상권,2110447,구산초등학교,1576,1063,513,2,60,114,300,687,413,0,22,40,178,551,272,2,38,74,122,136,141
2018,4,A,골목상권,2110446,내를건너서숲으로도서관,986,481,505,1,73,135,241,246,290,0,32,68,116,131,134,1,41,67,125,115,156
2018,4,A,골목상권,2110445,덕산중학교,934,347,587,1,117,211,265,219,121,0,28,72,109,77,61,1,89,139,156,142,60
2018,4,A,골목상권,2110444,수색성당,3238,2068,1170,13,345,517,580,779,1004,6,80,216,322,536,908,7,265,301,258,243,96
2018,4,A,골목상권,2110443,수색역 1번,1425,733,692,7,208,242,245,266,457,3,36,76,125,139,354,4,172,166,120,127,103
2018,4,A,골목상권,2110442,화랑대철도공원,1237,412,825,2,186,257,358,325,109,2,34,64,120,135,57,0,152,193,238,190,52
2018,4,A,골목상권,2110441,영신여고,1154,453,701,2,98,246,308,312,188,2,27,76,115,118,115,0,71,170,193,194,73
2018,4,A,골목상권,2110440,상계3동4동주민센터,511,211,300,1,61,100,160,127,62,0,19,55,64,43,30,1,42,45,96,84,32
2018,4,A,골목상권,2110439,당고개역 5번,2073,1377,696,3,106,205,499,761,499,2,34,113,308,546,374,1,72,92,191,215,125
2018,4,A,골목상권,2110438,경춘선숲길 우측,3492,1546,1946,5,508,907,942,794,336,5,154,409,402,362,214,0,354,498,540,432,122
2018,4,A,골목상권,2110437,당고개역 2번,2462,1556,906,4,149,252,588,889,580,2,47,132,345,615,415,2,102,120,243,274,165
2018,4,A,골목상권,2110436,상계제일중학교,2332,930,1402,10,221,442,559,643,457,3,72,203,228,241,183,7,149,239,331,402,274
2018,4,A,골목상권,2110435,서울과학기술대,2909,1742,1167,10,499,742,624,700,334,8,258,397,380,446,253,2,241,345,244,254,81
2018,4,A,골목상권,2110434,태릉입구역 4번,5108,2213,2895,10,592,928,1259,1454,865,4,232,483,567,533,394,6,360,445,692,921,471
2018,4,A,골목상권,2110433,공릉역 2번,6812,3547,3265,23,704,1117,1500,1706,1762,13,320,695,822,758,939,10,384,422,678,948,823
2018,4,A,골목상권,2110432,대진고등학교,5386,2750,2636,17,1064,1363,1185,1200,557,13,398,645,630,706,358,4,666,718,555,494,199
2018,4,A,골목상권,2110431,상계역,2457,898,1559,6,271,421,593,688,478,1,92,190,228,218,169,5,179,231,365,470,309
2018,4,A,골목상권,2110430,중계초등학교,1719,641,1078,5,192,297,419,500,306,0,61,132,147,168,133,5,131,165,272,332,173
2018,4,A,골목상권,2110429,공릉동 국수거리,8723,4409,4314,28,955,1487,1853,2129,2271,14,419,887,998,960,1131,14,536,600,855,1169,1140
2018,4,A,골목상권,2110428,상계5동주민센터,3589,1670,1919,8,352,499,785,950,995,1,148,272,347,401,501,7,204,227,438,549,494
2018,4,A,골목상권,2110427,노원 을지대학교병원,4314,2145,2169,17,949,1116,942,885,405,13,338,501,488,529,276,4,611,615,454,356,129
2018,4,A,골목상권,2110426,상계2동주민센터,3816,1519,2297,9,482,708,928,1063,626,5,155,292,351,395,321,4,327,416,577,668,305
2018,4,A,골목상권,2110425,계상초등학교,3897,1623,2274,11,424,607,913,1024,918,3,153,291,359,369,448,8,271,316,554,655,470
2018,4,A,골목상권,2110424,상계초등학교,3862,1442,2420,15,520,695,948,1055,629,9,179,306,356,336,256,6,341,389,592,719,373
2018,4,A,골목상권,2110423,석계역 2번,2489,1170,1319,12,378,525,696,519,359,4,117,240,336,260,213,8,261,285,360,259,146
2018,4,A,골목상권,2110422,노원역 9번,2906,1052,1854,19,475,538,713,763,398,9,146,209,251,254,183,10,329,329,462,509,215
2018,4,A,골목상권,2110421,석계역 1번,2220,1194,1026,9,293,337,553,589,439,2,111,168,287,321,305,7,182,169,266,268,134
2018,4,A,골목상권,2110420,광운대역 1번,1633,897,736,5,222,377,472,379,178,4,78,179,287,240,109,1,144,198,185,139,69
2018,4,A,골목상권,2110419,수락산디자인거리,5008,2903,2105,16,398,740,1163,1215,1476,9,170,408,577,648,1091,7,228,332,586,567,385
2018,4,A,골목상권,2110418,광운대학교 남단,2057,1134,923,5,261,381,516,549,345,3,96,174,281,327,253,2,165,207,235,222,92
2018,4,A,골목상권,2110417,월계역 3번,1491,752,739,5,170,216,388,465,247,5,73,119,190,238,127,0,97,97,198,227,120
2018,4,A,골목상권,2110416,노원초등학교,3223,1871,1352,15,254,435,697,746,1076,8,121,256,317,380,789,7,133,179,380,366,287
2018,4,A,골목상권,2110415,수락산역 4번,4759,2304,2455,10,443,871,1215,1166,1054,5,196,492,580,531,500,5,247,379,635,635,554
2018,4,A,골목상권,2110414,장석교회,1170,723,447,11,105,175,265,336,278,6,41,82,143,213,238,5,64,93,122,123,40
2018,4,A,골목상권,2110413,누원고등학교,1418,676,742,4,115,212,331,394,362,1,44,95,132,180,224,3,71,117,199,214,138
2018,4,A,골목상권,2110412,창동중학교,1871,1367,504,3,107,190,333,648,590,0,38,77,194,501,557,3,69,113,139,147,33
2018,4,A,골목상권,2110411,도봉역 3번,3562,1953,1609,3,294,682,862,893,828,1,126,311,456,525,534,2,168,371,406,368,294
2018,4,A,골목상권,2110410,방학역 2번,6045,3143,2902,26,671,950,1175,1378,1845,11,281,458,540,683,1170,15,390,492,635,695,675
2018,4,A,골목상권,2110409,창동역 2번,4999,2366,2633,14,660,1271,1288,1248,518,9,203,595,618,656,285,5,457,676,670,592,233
2018,4,A,골목상권,2110408,가인초등학교,3639,1934,1705,13,455,701,865,948,657,7,167,405,459,512,384,6,288,296,406,436,273
2018,4,A,골목상권,2110407,도봉역 2번,4361,2444,1917,12,376,786,994,1213,980,9,132,349,510,741,703,3,244,437,484,472,277
2018,4,A,골목상권,2110406,도봉산역 1번,1893,1272,621,4,114,228,487,672,388,2,49,136,300,501,284,2,65,92,187,171,104
2018,4,A,골목상권,2110405,방학역 1번,3438,1796,1642,22,430,590,797,913,686,11,188,299,395,473,430,11,242,291,402,440,256
2018,4,A,골목상권,2110404,신창초등학교,2866,1360,1506,11,292,503,741,888,431,6,98,192,311,459,294,5,194,311,430,429,137
2018,4,A,골목상권,2110403,방학1동주민센터,3688,1833,1855,15,494,693,860,996,630,7,210,394,440,475,307,8,284,299,420,521,323
2018,4,A,골목상권,2110402,도봉구 정병원,3546,1624,1922,14,468,609,841,978,636,7,168,323,393,423,310,7,300,286,448,555,326
2018,4,A,골목상권,2110401,도봉구민회관,3358,1723,1635,17,367,613,732,796,833,10,139,320,345,356,553,7,228,293,387,440,280
2018,4,A,골목상권,2110400,도봉구보건소,3985,1878,2107,16,539,738,974,1020,698,9,192,382,463,465,367,7,347,356,511,555,331
2018,4,A,골목상권,2110399,창2동주민센터,2223,1039,1184,9,245,401,641,606,321,3,101,175,270,278,212,6,144,226,371,328,109
2018,4,A,골목상권,2110398,쌍문2동우체국,3754,1864,1890,14,401,685,828,945,881,8,145,336,369,441,565,6,256,349,459,504,316
2018,4,A,골목상권,2110397,도봉산입구,2400,1318,1082,4,192,362,582,743,517,1,73,172,280,444,348,3,119,190,302,299,169
2018,4,A,골목상권,2110396,쌍문역1번(쌍리단길),2367,1026,1341,11,432,529,565,565,265,7,141,224,250,251,153,4,291,305,315,314,112
2018,4,A,골목상권,2110395,신한은행 방학동지점,1555,644,911,5,177,256,370,400,347,4,61,120,152,146,161,1,116,136,218,254,186
2018,4,A,골목상권,2110394,방학중학교,1998,800,1198,3,226,352,513,517,387,3,78,151,214,174,180,0,148,201,299,343,207
2018,4,A,골목상권,2110393,국민은행방학지점,1301,473,828,5,126,210,331,337,292,5,32,73,128,107,128,0,94,137,203,230,164
2018,4,A,골목상권,2110392,발바닥공원,740,255,485,3,86,134,189,166,162,2,18,42,53,54,86,1,68,92,136,112,76
2018,4,A,골목상권,2110391,샘말어린이공원,1117,538,579,0,103,216,269,318,211,0,41,96,119,137,145,0,62,120,150,181,66
2018,4,A,골목상권,2110390,방학초등학교,2178,761,1417,3,211,361,543,642,418,3,65,139,202,180,172,0,146,222,341,462,246
2018,4,A,골목상권,2110389,한일병원,2638,1260,1378,6,545,544,583,647,313,4,161,262,286,350,197,2,384,282,297,297,116
2018,4,A,골목상권,2110388,도봉우체국,2149,885,1264,4,525,490,498,458,174,2,145,219,194,212,113,2,380,271,304,246,61
2018,4,A,골목상권,2110387,쌍문초등학교,1992,837,1155,3,365,454,500,444,226,0,90,185,229,187,146,3,275,269,271,257,80
2018,4,A,골목상권,2110386,연산군묘,684,410,274,0,39,60,132,244,209,0,11,24,67,129,179,0,28,36,65,115,30
2018,4,A,골목상권,2110385,효문고등학교,1393,506,887,2,260,245,337,371,178,1,29,70,135,147,124,1,231,175,202,224,54
2018,4,A,골목상권,2110384,문이교,856,404,452,0,90,128,208,254,176,0,30,63,98,101,112,0,60,65,110,153,64
2018,4,A,골목상권,2110383,덕성여대시반거리,1221,397,824,5,244,228,308,296,140,1,28,77,119,103,69,4,216,151,189,193,71
2018,4,A,골목상권,2110382,솔밭공원역 1번,1737,632,1105,2,301,291,410,484,249,1,37,108,161,169,156,1,264,183,249,315,93
2018,4,A,골목상권,2110381,번동주공2단지,1708,796,912,9,212,346,402,455,284,4,74,127,178,227,186,5,138,219,224,228,98
2018,4,A,골목상권,2110380,강북문화정보도서관,1101,504,597,5,152,178,270,292,204,4,50,83,115,135,117,1,102,95,155,157,87
2018,4,A,골목상권,2110379,KT&G 북부지사,1941,1350,591,5,155,255,454,753,319,4,91,131,287,578,259,1,64,124,167,175,60
2018,4,A,골목상권,2110378,송중동주민센터,1636,745,891,5,191,363,466,343,268,2,76,181,200,136,150,3,115,182,266,207,118
2018,4,A,골목상권,2110377,미아사거리역 3번,3275,1323,1952,18,598,818,794,670,377,7,194,352,323,253,194,11,404,466,471,417,183
2018,4,A,골목상권,2110376,수송초등학교,7139,3927,3212,18,706,1506,1752,2149,1008,10,267,794,923,1321,612,8,439,712,829,828,396
2018,4,A,골목상권,2110375,서울북부고용노동지청,2577,1589,988,6,231,342,605,898,495,5,116,175,352,611,330,1,115,167,253,287,165
2018,4,A,골목상권,2110374,송중초등학교,3871,1656,2215,15,391,634,859,902,1070,9,127,252,371,409,488,6,264,382,488,493,582
2018,4,A,골목상권,2110373,수유역 2번,7531,3892,3639,27,965,1625,1730,1955,1229,15,346,841,881,1121,688,12,619,784,849,834,541
2018,4,A,골목상권,2110372,강북중학교,1969,930,1039,5,224,382,499,534,325,3,76,190,232,238,191,2,148,192,267,296,134
2018,4,A,골목상권,2110371,삼양입구사거리,2303,994,1309,8,307,435,600,567,386,3,82,167,243,265,234,5,225,268,357,302,152
2018,4,A,골목상권,2110370,도봉세무서,3358,1450,1908,12,338,525,738,757,988,7,124,218,331,336,434,5,214,307,407,421,554
2018,4,A,골목상권,2110369,성신여대운정그린캠퍼스,5843,3127,2716,6,734,1157,1307,1437,1202,2,259,649,722,813,682,4,475,508,585,624,520
2018,4,A,골목상권,2110368,송천초등학교,2016,768,1248,8,318,432,559,485,214,3,75,149,206,204,131,5,243,283,353,281,83
2018,4,A,골목상권,2110367,강북구청,7783,4047,3736,32,1018,1749,1775,1866,1343,17,382,921,939,1078,710,15,636,828,836,788,633
2018,4,A,골목상권,2110366,광산사거리,4374,2190,2184,11,429,948,1027,1158,801,6,148,440,531,661,404,5,281,508,496,497,397
2018,4,A,골목상권,2110365,미아역 5번,2886,1261,1625,11,378,567,649,729,552,9,130,238,261,297,326,2,248,329,388,432,226
2018,4,A,골목상권,2110364,미아역 8번,2844,1281,1563,6,380,558,675,687,538,4,121,224,311,306,315,2,259,334,364,381,223
2018,4,A,골목상권,2110363,송천동주민센터,1449,577,872,6,192,324,429,305,193,4,59,134,167,118,95,2,133,190,262,187,98
2018,4,A,골목상권,2110362,우이천 계성교,2793,1242,1551,8,472,535,673,705,400,3,129,263,331,304,212,5,343,272,342,401,188
2018,4,A,골목상권,2110361,삼양사거리역 1번,1466,652,814,6,164,274,378,363,281,4,54,134,160,163,137,2,110,140,218,200,144
2018,4,A,골목상권,2110360,수유초등학교,3991,1821,2170,7,500,680,909,1038,857,3,167,339,390,444,478,4,333,341,519,594,379
2018,4,A,골목상권,2110359,수유시장옆,7096,3516,3580,21,810,1389,1598,1776,1502,11,288,651,782,951,833,10,522,738,816,825,669
2018,4,A,골목상권,2110358,인수동 우편취급국,4614,2279,2335,8,549,752,986,1223,1096,1,176,397,478,582,645,7,373,355,508,641,451
2018,4,A,골목상권,2110357,가오리역 1번,1990,881,1109,10,247,374,491,513,355,5,79,174,229,223,171,5,168,200,262,290,184
2018,4,A,골목상권,2110356,덕수교,2032,840,1192,11,335,388,524,504,270,4,78,174,237,202,145,7,257,214,287,302,125
2018,4,A,골목상권,2110355,삼양사거리역 2번,1941,762,1179,6,243,392,515,465,320,4,61,156,198,187,156,2,182,236,317,278,164
2018,4,A,골목상권,2110354,삼각산119안전센터,1001,332,669,2,138,218,304,209,130,0,28,79,92,71,62,2,110,139,212,138,68
2018,4,A,골목상권,2110353,수유동우체국,2118,827,1291,11,333,364,525,538,347,5,68,166,229,201,158,6,265,198,296,337,189
2018,4,A,골목상권,2110352,수유1동주민센터,2340,1166,1174,2,240,445,719,664,270,0,61,191,355,379,180,2,179,254,364,285,90
2018,4,A,골목상권,2110351,수유북부시장옆,2216,1223,993,2,160,290,559,782,423,0,53,165,332,428,245,2,107,125,227,354,178
2018,4,A,골목상권,2110350,가오리역 2번,2305,988,1317,4,248,477,569,624,383,3,65,206,241,247,226,1,183,271,328,377,157
2018,4,A,골목상권,2110349,화계역 2번,1690,1056,634,2,138,273,491,538,248,0,34,129,295,393,205,2,104,144,196,145,43
2018,4,A,골목상권,2110348,강북문화예술회관,2551,1001,1550,8,292,558,690,633,370,5,79,224,277,235,181,3,213,334,413,398,189
2018,4,A,골목상권,2110347,구세군강북종합사회복지관,747,264,483,0,102,200,209,159,77,0,26,63,74,56,45,0,76,137,135,103,32
2018,4,A,골목상권,2110346,4.19민주묘지역 2번,1500,585,915,5,285,286,365,369,190,1,51,126,171,139,97,4,234,160,194,230,93
2018,4,A,골목상권,2110345,솔밭공원역 2번,2307,1063,1244,4,320,330,496,769,388,1,44,129,212,415,262,3,276,201,284,354,126
2018,4,A,골목상권,2110344,화계중학교,1064,700,364,0,67,192,353,358,94,0,8,87,245,278,82,0,59,105,108,80,12
2018,4,A,골목상권,2110343,무너미어린이공원,1918,827,1091,11,199,335,458,485,430,5,65,165,214,191,187,6,134,170,244,294,243
2018,4,A,골목상권,2110342,국립재활원,2016,1153,863,0,192,432,588,577,227,0,52,215,370,374,142,0,140,217,218,203,85
2018,4,A,골목상권,2110341,북한산우이역 2번,933,722,211,2,64,95,139,350,283,0,42,66,90,287,237,2,22,29,49,63,46
2018,4,A,골목상권,2110340,인수중학교,1390,686,704,2,142,186,293,374,393,1,49,81,149,209,197,1,93,105,144,165,196
2018,4,A,골목상권,2110339,국립4.19민주묘지,1234,659,575,3,143,153,235,335,365,1,47,85,145,201,180,2,96,68,90,134,185
2018,4,A,골목상권,2110338,인수초등학교,1787,830,957,4,227,388,443,438,287,3,61,144,198,243,181,1,166,244,245,195,106
2018,4,A,골목상권,2110337,아카데미하우스,1495,746,749,2,161,211,321,399,401,1,54,93,170,228,200,1,107,118,151,171,201
2018,4,A,골목상권,2110336,석관고등학교,2778,1943,835,2,143,297,461,640,1235,1,67,159,282,443,991,1,76,138,179,197,244
2018,4,A,골목상권,2110335,석계역 7번,4062,2430,1632,9,364,513,813,925,1438,2,128,244,415,526,1115,7,236,269,398,399,323
2018,4,A,골목상권,2110334,석관중앙교회,2631,1476,1155,5,231,498,699,719,479,3,69,207,385,478,334,2,162,291,314,241,145
2018,4,A,골목상권,2110333,돌곶이역 5번,3723,2247,1476,6,359,506,689,781,1382,1,139,253,352,438,1064,5,220,253,337,343,318
2018,4,A,골목상권,2110332,돌곶이역 3번,3389,2148,1241,4,310,421,583,726,1345,0,121,218,315,425,1069,4,189,203,268,301,276
2018,4,A,골목상권,2110331,돌곶이역 8번,2623,1220,1403,11,333,570,719,617,373,3,101,245,356,295,220,8,232,325,363,322,153
2018,4,A,골목상권,2110330,돌곶이역 1번,2507,1186,1321,7,300,553,665,612,370,0,97,243,328,284,234,7,203,310,337,328,136
2018,4,A,골목상권,2110329,우리은행체육관,1198,580,618,3,98,194,299,347,257,1,32,95,133,170,149,2,66,99,166,177,108
2018,4,A,골목상권,2110328,상월곡역 3번,2315,1197,1118,6,289,532,648,535,305,1,102,244,369,278,203,5,187,288,279,257,102
2018,4,A,골목상권,2110327,상월곡역 2번,1694,808,886,5,216,351,495,414,213,1,84,164,228,187,144,4,132,187,267,227,69
2018,4,A,골목상권,2110326,장위동성당,1092,505,587,1,101,204,312,270,204,0,27,94,128,127,129,1,74,110,184,143,75
2018,4,A,골목상권,2110325,장곡초등학교,1366,629,737,7,156,221,359,350,273,5,50,111,155,162,146,2,106,110,204,188,127
2018,4,A,골목상권,2110324,월곡역 4번,4552,2662,1890,8,1069,1324,957,760,434,2,525,837,599,428,271,6,544,487,358,332,163
2018,4,A,골목상권,2110323,상월곡역 1번,4735,2686,2049,8,1126,1256,955,899,491,2,509,785,554,522,314,6,617,471,401,377,177
2018,4,A,골목상권,2110322,장위1동주민센터,1059,515,544,4,119,146,235,292,263,4,47,84,112,122,146,0,72,62,123,170,117
2018,4,A,골목상권,2110321,동덕여대,2172,906,1266,3,336,389,530,559,355,1,80,158,232,250,185,2,256,231,298,309,170
2018,4,A,골목상권,2110320,KB국민은행 종암동지점,5093,2826,2267,5,683,1454,1337,1114,500,1,239,690,780,754,362,4,444,764,557,360,138
2018,4,A,골목상권,2110319,종암동주민센터,3129,1535,1594,11,450,695,790,788,395,3,159,379,420,398,176,8,291,316,370,390,219
2018,4,A,골목상권,2110318,KT월곡지사,4738,2480,2258,21,766,1103,1246,1080,522,4,283,609,694,611,279,17,483,494,552,469,243
2018,4,A,골목상권,2110317,종암중학교,5064,2831,2233,4,731,1450,1312,1095,472,1,268,683,768,762,349,3,463,767,544,333,123
2018,4,A,골목상권,2110316,숭곡초등학교,5497,2543,2954,32,918,1287,1409,1152,699,9,335,618,673,529,379,23,583,669,736,623,320
2018,4,A,골목상권,2110315,종암아이파크2차,1907,710,1197,6,287,346,480,479,309,2,97,131,187,164,129,4,190,215,293,315,180
2018,4,A,골목상권,2110314,종암경찰서,3195,1585,1610,14,423,652,838,813,455,4,160,372,447,418,184,10,263,280,391,395,271
2018,4,A,골목상권,2110313,안암역 3번,10183,5187,4996,17,1835,3034,2606,1819,872,2,559,1328,1491,1193,614,15,1276,1706,1115,626,258
2018,4,A,골목상권,2110312,안암역 2번,8378,4126,4252,14,1612,2659,2086,1461,546,3,444,1121,1170,988,400,11,1168,1538,916,473,146
2018,4,A,골목상권,2110311,종암아이파크2차후문,462,107,355,0,42,78,118,125,99,0,12,20,34,19,22,0,30,58,84,106,77
2018,4,A,골목상권,2110310,길음역 10번,1891,674,1217,12,222,342,480,447,388,4,45,145,174,124,182,8,177,197,306,323,206
2018,4,A,골목상권,2110309,대광초등학교,3906,2164,1742,12,556,914,995,808,621,1,219,513,595,460,376,11,337,401,400,348,245
2018,4,A,골목상권,2110308,길음역 8번,2824,1019,1805,19,388,559,730,662,466,8,87,241,236,217,230,11,301,318,494,445,236
2018,4,A,골목상권,2110307,길음역 7번,2368,891,1477,17,311,409,583,608,440,7,80,190,216,194,204,10,231,219,367,414,236
2018,4,A,골목상권,2110306,미아초등학교,1444,537,907,12,222,349,420,288,153,5,58,152,129,110,83,7,164,197,291,178,70
2018,4,A,골목상권,2110305,보문역 5번,6546,2819,3727,16,1408,1833,1512,1163,614,4,349,703,765,619,379,12,1059,1130,747,544,235
2018,4,A,골목상권,2110304,보문역 4번,9199,4229,4970,17,1667,2580,2256,1948,731,9,439,986,1140,1195,460,8,1228,1594,1116,753,271
2018,4,A,골목상권,2110303,성신여대입구역 1번,7944,3077,4867,18,1893,2213,1792,1343,685,4,414,819,840,638,362,14,1479,1394,952,705,323
2018,4,A,골목상권,2110302,보문역 8번,2661,1312,1349,7,390,553,628,611,472,1,129,280,316,305,281,6,261,273,312,306,191
2018,4,A,골목상권,2110301,성신여대입구역 7번,3851,1692,2159,15,684,844,857,814,637,2,210,374,415,360,331,13,474,470,442,454,306
2018,4,A,골목상권,2110300,삼선동주민센터,12832,5803,7029,42,2531,3303,2998,2654,1304,12,667,1357,1520,1521,726,30,1864,1946,1478,1133,578
2018,4,A,골목상권,2110299,정릉역 1번,2661,1060,1601,10,407,613,670,614,347,6,118,228,252,251,205,4,289,385,418,363,142
2018,4,A,골목상권,2110298,솔숲어린이공원,1252,519,733,5,169,251,353,315,159,3,50,100,114,143,109,2,119,151,239,172,50
2018,4,A,골목상권,2110297,경동고등학교,8510,4182,4328,31,1125,1879,2104,2155,1216,15,396,868,1067,1207,629,16,729,1011,1037,948,587
2018,4,A,골목상권,2110296,성신여대입구역 4번,5592,2359,3233,19,848,1011,1036,1046,1632,3,229,445,498,465,719,16,619,566,538,581,913
2018,4,A,골목상권,2110295,정릉우체국,2262,1171,1091,7,282,369,552,622,430,3,102,166,243,362,295,4,180,203,309,260,135
2018,4,A,골목상권,2110294,서경대학교,2880,1591,1289,6,359,485,692,815,523,1,111,221,365,506,387,5,248,264,327,309,136
2018,4,A,골목상권,2110293,삼선중학교,6599,2728,3871,36,896,1259,1424,1267,1717,13,238,579,623,553,722,23,658,680,801,714,995
2018,4,A,골목상권,2110292,정릉역 2번,1153,478,675,7,165,248,310,275,148,3,68,103,106,110,88,4,97,145,204,165,60
2018,4,A,골목상권,2110291,한성대입구역 3번,3590,1684,1906,20,571,759,915,839,486,10,208,358,431,426,251,10,363,401,484,413,235
2018,4,A,골목상권,2110290,북한산보국문역 1번,1781,920,861,4,219,301,458,487,312,2,61,132,242,288,195,2,158,169,216,199,117
2018,4,A,골목상권,2110289,북한산보국문역 2번,1995,1038,957,6,248,353,520,539,329,2,96,151,262,305,222,4,152,202,258,234,107
2018,4,A,골목상권,2110288,동구여중,2973,1308,1665,31,488,778,827,555,294,14,147,339,359,288,161,17,341,439,468,267,133
2018,4,A,골목상권,2110287,정릉3동주민센터,1084,663,421,1,85,190,333,335,140,1,26,86,214,234,102,0,59,104,119,101,38
2018,4,A,골목상권,2110286,한성대입구역 5번,3825,1864,1961,35,577,936,1038,801,438,16,175,413,491,483,286,19,402,523,547,318,152
2018,4,A,골목상권,2110285,홍대부중,2511,1136,1375,11,377,677,762,445,239,5,125,278,340,237,151,6,252,399,422,208,88
2018,4,A,골목상권,2110284,정릉북한산국립공원입구,956,747,209,1,33,101,277,376,168,0,7,72,229,300,139,1,26,29,48,76,29
2018,4,A,골목상권,2110283,성북초등학교앞,1963,946,1017,6,323,473,539,391,231,2,105,206,274,214,145,4,218,267,265,177,86
2018,4,A,골목상권,2110282,국민대학교앞,2521,1544,977,0,377,488,730,655,271,0,135,238,467,485,219,0,242,250,263,170,52
2018,4,A,골목상권,2110281,길상사,1034,572,462,5,207,302,231,177,112,0,87,179,139,97,70,5,120,123,92,80,42
2018,4,A,골목상권,2110280,북정마을,2127,1101,1026,6,346,650,517,415,193,0,124,325,285,232,135,6,222,325,232,183,58
2018,4,A,골목상권,2110279,신내역 2번,4103,2200,1903,2,825,1115,945,862,354,1,275,600,537,529,258,1,550,515,408,333,96
2018,4,A,골목상권,2110278,망우본동주민센터,3989,1876,2113,12,546,752,959,1009,711,2,142,287,393,542,510,10,404,465,566,467,201
2018,4,A,골목상권,2110277,러스크서울병원,3909,1872,2037,15,501,679,899,1027,788,3,136,280,408,533,512,12,365,399,491,494,276
2018,4,A,골목상권,2110276,신내IC북측,2142,1601,541,0,240,500,526,604,272,0,173,405,393,428,202,0,67,95,133,176,70
2018,4,A,골목상권,2110275,하나은행 망우동지점,2994,1529,1465,15,351,471,621,836,700,3,91,195,297,454,489,12,260,276,324,382,211
2018,4,A,골목상권,2110274,서일대학교,3079,1585,1494,7,341,487,774,892,578,2,116,204,405,497,361,5,225,283,369,395,217
2018,4,A,골목상권,2110273,장스여성병원,3139,1609,1530,9,378,516,682,848,706,2,97,197,302,481,530,7,281,319,380,367,176
2018,4,A,골목상권,2110272,신내1동주민센터,5985,2961,3024,14,598,1241,1506,1666,960,9,197,527,672,929,627,5,401,714,834,737,333
2018,4,A,골목상권,2110271,신내역 1번,4797,2678,2119,5,877,1200,1087,1144,484,1,321,688,655,684,329,4,556,512,432,460,155
2018,4,A,골목상권,2110270,혜원여고,1776,848,928,6,171,287,427,496,389,2,44,130,207,247,218,4,127,157,220,249,171
2018,4,A,골목상권,2110269,용마문화복지센터,2356,1303,1053,1,264,366,571,718,436,0,105,161,323,417,297,1,159,205,248,301,139
2018,4,A,골목상권,2110268,망우3동주민센터,2327,1326,1001,3,174,330,520,650,650,1,63,166,289,344,463,2,111,164,231,306,187
2018,4,A,골목상권,2110267,망우역 2번,4112,1825,2287,15,519,724,954,1132,768,9,163,291,406,503,453,6,356,433,548,629,315
2018,4,A,골목상권,2110266,면목동우체국,2904,1529,1375,7,331,482,745,895,444,1,102,201,400,521,304,6,229,281,345,374,140
2018,4,A,골목상권,2110265,망우역 1번,5272,2690,2582,22,712,903,1093,1385,1157,8,218,369,527,758,810,14,494,534,566,627,347
2018,4,A,골목상권,2110264,면목역 2번,3484,1559,1925,7,429,601,931,1007,509,3,151,262,447,437,259,4,278,339,484,570,250
2018,4,A,골목상권,2110263,면목역 1번,4817,2591,2226,14,564,1034,1319,1100,786,2,251,653,658,502,525,12,313,381,661,598,261
2018,4,A,골목상권,2110262,상봉역 3번,5079,2865,2214,17,662,1109,1322,1134,835,5,278,695,686,602,599,12,384,414,636,532,236
2018,4,A,골목상권,2110261,사가정역 4번,3392,1968,1424,7,421,553,806,1133,472,1,133,238,475,758,363,6,288,315,331,375,109
2018,4,A,골목상권,2110260,면목역 3번,3935,2104,1831,13,513,931,1150,878,450,3,223,590,552,427,309,10,290,341,598,451,141
2018,4,A,골목상권,2110259,사가정역 1번,3078,1417,1661,10,473,639,770,801,385,2,123,256,396,411,229,8,350,383,374,390,156
2018,4,A,골목상권,2110258,면동초등학교,2662,1202,1460,9,370,531,641,709,402,3,86,233,280,332,268,6,284,298,361,377,134
2018,4,A,골목상권,2110257,상봉역 7번,3398,1811,1587,16,436,553,707,990,696,12,138,249,340,573,499,4,298,304,367,417,197
2018,4,A,골목상권,2110256,면목2동체육관,5379,2894,2485,14,651,1211,1538,1261,704,7,278,731,775,634,469,7,373,480,763,627,235
2018,4,A,골목상권,2110255,상봉역 4번,6256,3339,2917,23,884,1368,1687,1422,872,13,343,793,834,763,593,10,541,575,853,659,279
2018,4,A,골목상권,2110254,오거리공원,2526,1437,1089,3,275,440,660,816,332,1,104,204,364,533,231,2,171,236,296,283,101
2018,4,A,골목상권,2110253,중곡초등학교,2123,1251,872,2,234,344,536,686,321,0,91,161,312,475,212,2,143,183,224,211,109
2018,4,A,골목상권,2110252,장안제일시장,2633,1389,1244,4,327,531,633,686,452,2,86,240,328,389,344,2,241,291,305,297,108
2018,4,A,골목상권,2110251,장안중학교,2665,1295,1370,5,277,424,657,790,512,3,87,170,276,395,364,2,190,254,381,395,148
2018,4,A,골목상권,2110250,화랑대역 7번,2157,950,1207,7,242,474,546,564,324,5,100,228,212,221,184,2,142,246,334,343,140
2018,4,A,골목상권,2110249,중화역 1번,3887,1858,2029,7,398,667,911,928,976,2,143,273,433,377,630,5,255,394,478,551,346
2018,4,A,골목상권,2110248,먹골파출소,1580,739,841,8,254,346,395,372,205,5,104,179,161,154,136,3,150,167,234,218,69
2018,4,A,골목상권,2110247,먹골역 1번,2879,1382,1497,7,439,642,731,665,395,2,151,312,347,334,236,5,288,330,384,331,159
2018,4,A,골목상권,2110246,월드순복음교회,2986,1533,1453,12,412,544,693,775,550,10,140,247,337,425,374,2,272,297,356,350,176
2018,4,A,골목상권,2110245,KB국민은행 중화동지점,2317,1224,1093,4,271,378,552,653,459,3,99,170,245,367,340,1,172,208,307,286,119
2018,4,A,골목상권,2110244,중화역 4번,3297,1631,1666,9,316,544,750,798,880,5,116,237,362,333,578,4,200,307,388,465,302
2018,4,A,골목상권,2110243,중랑노인종합복지관,2721,1395,1326,5,283,496,684,756,497,3,97,223,336,396,340,2,186,273,348,360,157
2018,4,A,골목상권,2110242,면목5동주민센터,1624,983,641,4,127,268,371,509,345,2,57,141,214,308,261,2,70,127,157,201,84
2018,4,A,골목상권,2110241,먹골역 5번,3498,1772,1726,10,387,658,806,785,852,3,132,303,389,378,567,7,255,355,417,407,285
2018,4,A,골목상권,2110240,태릉시장 특화거리,1785,823,962,3,211,339,508,492,232,2,78,171,241,198,133,1,133,168,267,294,99
2018,4,A,골목상권,2110239,중랑역 2번,930,442,488,2,161,185,223,219,140,1,56,88,106,104,87,1,105,97,117,115,53
2018,4,A,골목상권,2110238,배꽃어린이공원,1762,1009,753,5,157,235,317,349,699,4,60,115,176,174,480,1,97,120,141,175,219
2018,4,A,골목상권,2110237,메가박스 상봉,5218,3221,1997,21,746,1129,1409,1364,549,12,338,667,901,943,360,9,408,462,508,421,189
2018,4,A,골목상권,2110236,신묵초등학교,3561,1861,1700,7,421,687,806,770,870,3,153,334,411,390,570,4,268,353,395,380,300
2018,4,A,골목상권,2110235,세화어린이공원,696,311,385,0,67,114,204,210,101,0,29,69,92,70,51,0,38,45,112,140,50
2018,4,A,골목상권,2110234,중랑역 4번,4305,2950,1355,23,598,960,1176,1106,442,14,306,627,827,870,306,9,292,333,349,236,136
2018,4,A,골목상권,2110233,중랑역 1번,4208,2810,1398,20,613,948,1172,1078,377,11,304,622,806,821,246,9,309,326,366,257,131
2018,4,A,골목상권,2110232,동대부고,4461,2266,2195,14,687,954,1118,1060,628,6,304,483,573,528,372,8,383,471,545,532,256
2018,4,A,골목상권,2110231,장안교,2172,1282,890,2,315,466,589,494,306,1,185,272,337,283,204,1,130,194,252,211,102
2018,4,A,골목상권,2110230,장안현대홈타운1차아파트,5469,2548,2921,35,806,1276,1443,1165,744,11,261,599,715,535,427,24,545,677,728,630,317
2018,4,A,골목상권,2110229,장평중학교,10478,6256,4222,35,1494,2480,2457,2086,1926,15,669,1505,1478,1202,1387,20,825,975,979,884,539
2018,4,A,골목상권,2110228,장안근린공원,7466,3631,3835,33,1128,1567,1924,1775,1039,10,475,801,951,824,570,23,653,766,973,951,469
2018,4,A,골목상권,2110227,답십리공원,3079,1426,1653,5,395,616,805,831,427,1,166,321,368,365,205,4,229,295,437,466,222
2018,4,A,골목상권,2110226,장안1동주민센터,11367,6232,5135,54,1620,2400,2659,2465,2169,21,675,1319,1534,1324,1359,33,945,1081,1125,1141,810
2018,4,A,골목상권,2110225,촬영소사거리,3578,2148,1430,5,455,762,928,840,588,2,257,465,574,474,376,3,198,297,354,366,212
2018,4,A,골목상권,2110224,외대앞역 2번,997,436,561,5,151,191,247,199,204,4,61,100,111,81,79,1,90,91,136,118,125
2018,4,A,골목상권,2110223,군자초등학교,12399,7532,4867,67,2226,2734,2490,2308,2574,21,1047,1755,1608,1364,1737,46,1179,979,882,944,837
2018,4,A,골목상권,2110222,회기역 2번,1380,641,739,17,256,280,282,219,326,4,72,129,141,97,198,13,184,151,141,122,128
2018,4,A,골목상권,2110221,의릉,1434,696,738,4,174,310,399,335,212,2,48,116,215,181,134,2,126,194,184,154,78
2018,4,A,골목상권,2110220,외대앞역 1번,5863,3031,2832,10,695,1383,1730,1357,688,4,207,590,911,856,463,6,488,793,819,501,225
2018,4,A,골목상권,2110219,삼육보건대학교,5291,2425,2866,26,924,1241,1186,1148,766,13,259,544,591,557,461,13,665,697,595,591,305
2018,4,A,골목상권,2110218,답십리사거리,2140,1107,1033,9,283,448,536,520,344,8,118,234,288,252,207,1,165,214,248,268,137
2018,4,A,골목상권,2110217,자동차부품상가,27361,21745,5616,60,3249,4745,8273,8671,2363,41,1975,3544,6900,7469,1816,19,1274,1201,1373,1202,547
2018,4,A,골목상권,2110216,전농중학교,1892,766,1126,2,253,469,499,449,220,1,66,176,200,182,141,1,187,293,299,267,79
2018,4,A,골목상권,2110215,회기역 1번,4515,2337,2178,10,624,1089,1226,936,630,3,192,463,644,563,472,7,432,626,582,373,158
2018,4,A,골목상권,2110214,경희대후문,8289,3871,4418,8,1392,2301,2177,1737,674,3,357,931,1067,1009,504,5,1035,1370,1110,728,170
2018,4,A,골목상권,2110213,청량초등학교,6526,2791,3735,7,1282,1879,1643,1244,471,1,333,769,733,621,334,6,949,1110,910,623,137
2018,4,A,골목상권,2110212,답십리초등학교,4989,2525,2464,20,824,1142,1258,1035,710,13,375,638,611,470,418,7,449,504,647,565,292
2018,4,A,골목상권,2110211,전곡마을마당공원,3479,1795,1684,4,414,862,923,858,418,3,159,374,511,480,268,1,255,488,412,378,150
2018,4,A,골목상권,2110210,서울시립대,4160,2092,2068,20,597,1049,1019,1003,472,11,210,454,552,545,320,9,387,595,467,458,152
2018,4,A,골목상권,2110209,답십리 장령당공원,1800,1024,776,2,206,370,481,452,289,0,95,212,274,242,201,2,111,158,207,210,88
2018,4,A,골목상권,2110208,시조사삼거리,2426,1156,1270,13,370,574,592,578,299,6,116,286,304,272,172,7,254,288,288,306,127
2018,4,A,골목상권,2110207,시립대앞사거리,3852,2008,1844,41,722,943,871,816,459,21,317,409,472,463,326,20,405,534,399,353,133
2018,4,A,골목상권,2110206,텃골근린공원,1867,858,1009,6,269,385,517,457,233,2,112,181,258,202,103,4,157,204,259,255,130
2018,4,A,골목상권,2110205,경희대삼거리,8849,3980,4869,15,1670,2474,2119,1769,802,5,497,1083,1004,897,494,10,1173,1391,1115,872,308
2018,4,A,골목상권,2110204,간데메공원,2573,1393,1180,2,380,547,665,582,397,0,173,309,353,310,248,2,207,238,312,272,149
2018,4,A,골목상권,2110203,떡전교사거리,3879,2058,1821,41,766,909,826,830,507,20,368,518,458,411,283,21,398,391,368,419,224
2018,4,A,골목상권,2110202,전농1동주민센터(전농시장),948,479,469,4,139,171,240,227,167,1,66,88,125,118,81,3,73,83,115,109,86
2018,4,A,골목상권,2110201,전농119안전센터,1231,653,578,1,188,251,328,266,197,0,91,141,180,136,105,1,97,110,148,130,92
2018,4,A,골목상권,2110200,동대문경찰서,2627,1488,1139,3,280,566,605,708,465,2,155,380,367,363,221,1,125,186,238,345,244
2018,4,A,골목상권,2110199,홍릉시장,3037,1782,1255,6,320,650,730,788,543,5,184,436,454,414,289,1,136,214,276,374,254
2018,4,A,골목상권,2110198,동대문중앙새마을금고본점,1324,799,525,5,136,239,294,331,319,5,64,146,189,177,218,0,72,93,105,154,101
2018,4,A,골목상권,2110197,세종대왕기념관교차로,1842,1146,696,2,323,599,368,377,173,2,154,369,239,263,119,0,169,230,129,114,54
2018,4,A,골목상권,2110196,홍릉근린공원,1046,403,643,0,91,172,253,308,222,0,29,82,109,92,91,0,62,90,144,216,131
2018,4,A,골목상권,2110195,동대문구청,7044,3841,3203,4,864,1511,1727,1807,1131,3,380,803,881,1039,735,1,484,708,846,768,396
2018,4,A,골목상권,2110194,홍파초등학교,2795,1596,1199,8,245,492,740,783,527,6,130,293,440,411,316,2,115,199,300,372,211
2018,4,A,골목상권,2110193,고려대역 4번,5621,3288,2333,3,713,1632,1450,1262,561,1,273,843,881,891,399,2,440,789,569,371,162
2018,4,A,골목상권,2110192,동의보감타워,5795,3165,2630,3,705,1212,1428,1530,917,3,290,626,729,918,599,0,415,586,699,612,318
2018,4,A,골목상권,2110191,고려대역 6번,5344,3129,2215,4,605,1412,1477,1240,606,1,238,720,890,855,425,3,367,692,587,385,181
2018,4,A,골목상권,2110190,고대앞사거리,6747,3812,2935,19,983,1824,1817,1428,676,4,398,924,1059,958,469,15,585,900,758,470,207
2018,4,A,골목상권,2110189,제기동역 1번,5712,3294,2418,13,926,1294,1284,1142,1053,4,371,717,705,704,793,9,555,577,579,438,260
2018,4,A,골목상권,2110188,용두동신동아아파트,12873,8497,4376,32,1723,3088,3226,3195,1609,15,858,2000,2362,2216,1046,17,865,1088,864,979,563
2018,4,A,골목상권,2110187,제기동역 6번,9509,5703,3806,21,1754,2714,2254,1573,1193,3,732,1603,1483,1047,835,18,1022,1111,771,526,358
2018,4,A,골목상권,2110186,종암초등학교,1773,945,828,7,290,358,486,353,279,0,127,175,271,189,183,7,163,183,215,164,96
2018,4,A,골목상권,2110185,용두초등학교,13654,6718,6936,35,1969,3781,4174,2691,1004,7,760,2156,2059,1180,556,28,1209,1625,2115,1511,448
2018,4,A,골목상권,2110184,용두사거리,9620,5330,4290,43,1944,2827,2310,1452,1044,8,696,1577,1430,909,710,35,1248,1250,880,543,334
2018,4,A,골목상권,2110183,한국의류시험연구원,5337,2856,2481,30,1061,1374,1143,855,874,8,366,697,622,516,647,22,695,677,521,339,227
2018,4,A,골목상권,2110182,용두희망어린이공원,5379,2752,2627,33,1113,1371,1262,915,685,7,400,695,724,502,424,26,713,676,538,413,261
2018,4,A,골목상권,2110181,신설동역 9번,19164,9851,9313,71,2564,4630,5239,4029,2631,46,1113,2670,2699,1874,1449,25,1451,1960,2540,2155,1182
2018,4,A,골목상권,2110180,광진정보도서관,6138,3472,2666,62,1377,1678,1458,1015,548,35,557,928,986,606,360,27,820,750,472,409,188
2018,4,A,골목상권,2110179,광나루역 1번,2178,1066,1112,9,296,601,521,422,329,8,95,246,283,201,233,1,201,355,238,221,96
2018,4,A,골목상권,2110178,장로회신학대학교,2585,1290,1295,12,475,566,589,545,398,10,134,304,350,261,231,2,341,262,239,284,167
2018,4,A,골목상권,2110177,동의초등학교,890,346,544,2,107,176,249,225,131,2,34,65,101,82,62,0,73,111,148,143,69
2018,4,A,골목상권,2110176,해오름공원,1639,774,865,3,179,286,449,434,288,2,50,136,198,212,176,1,129,150,251,222,112
2018,4,A,골목상권,2110175,푸른동산공원,10258,5690,4568,28,900,1668,2690,3324,1648,16,420,1008,1656,1711,879,12,480,660,1034,1613,769
2018,4,A,골목상권,2110174,아차산역 1번,3931,1853,2078,13,475,759,978,1015,691,5,179,350,450,454,415,8,296,409,528,561,276
2018,4,A,골목상권,2110173,구남초등학교,14426,8912,5514,57,1511,2644,3832,4101,2281,35,814,1759,2578,2355,1371,22,697,885,1254,1746,910
2018,4,A,골목상권,2110172,광진초등학교,3822,1987,1835,28,475,767,891,1008,653,11,171,375,487,541,402,17,304,392,404,467,251
2018,4,A,골목상권,2110171,중곡4동주민센터,1901,1005,896,3,196,371,494,540,297,2,61,193,248,295,206,1,135,178,246,245,91
2018,4,A,골목상권,2110170,동대부여고,8566,4946,3620,6,656,1433,2508,2961,1002,4,306,903,1590,1572,571,2,350,530,918,1389,431
2018,4,A,골목상권,2110169,성동초등학교,8468,5641,2827,34,803,1614,2435,2341,1241,16,434,1002,1707,1575,907,18,369,612,728,766,334
2018,4,A,골목상권,2110168,대원고등학교,2358,1207,1151,2,241,566,589,636,324,1,83,247,304,339,233,1,158,319,285,297,91
2018,4,A,골목상권,2110167,용마초등학교,5250,2710,2540,10,624,1070,1330,1278,938,3,251,560,686,639,571,7,373,510,644,639,367
2018,4,A,골목상권,2110166,구의1동주민센터,13901,8120,5781,31,1805,3258,3697,3616,1494,13,614,1658,2380,2469,986,18,1191,1600,1317,1147,508
2018,4,A,골목상권,2110165,국립정신건강센터,3851,1734,2117,5,368,796,979,1060,643,3,112,352,473,477,317,2,256,444,506,583,326
2018,4,A,골목상권,2110164,아차산역 5번,4127,2068,2059,21,584,910,934,952,726,7,240,441,467,457,456,14,344,469,467,495,270
2018,4,A,골목상권,2110163,성자초등학교,4580,3064,1516,8,348,785,1323,1507,609,3,184,494,967,1003,413,5,164,291,356,504,196
2018,4,A,골목상권,2110162,군자역 4번,4970,2539,2431,10,715,1113,1275,1084,773,4,290,553,667,552,473,6,425,560,608,532,300
2018,4,A,골목상권,2110161,중곡역 3번,3707,1954,1753,11,428,755,902,1074,537,2,146,341,465,652,348,9,282,414,437,422,189
2018,4,A,골목상권,2110160,광진경찰서,5002,2266,2736,15,1009,1627,1167,832,352,7,293,745,591,442,188,8,716,882,576,390,164
2018,4,A,골목상권,2110159,구의역 4번,17624,9940,7684,42,2508,4034,4364,4424,2252,16,837,1864,2661,2910,1652,26,1671,2170,1703,1514,600
2018,4,A,골목상권,2110158,중곡3동주민센터,3666,1913,1753,9,370,611,879,1120,677,3,134,321,448,648,359,6,236,290,431,472,318
2018,4,A,골목상권,2110157,자양동우체국,2083,972,1111,6,312,456,485,477,347,2,119,216,220,212,203,4,193,240,265,265,144
2018,4,A,골목상권,2110156,군자역 5번,8617,4404,4213,30,1659,1997,2067,1862,1002,12,722,1081,1150,867,572,18,937,916,917,995,430
2018,4,A,골목상권,2110155,광진구청,13253,7410,5843,38,2171,3457,3142,2859,1586,18,753,1616,1858,1977,1188,20,1418,1841,1284,882,398
2018,4,A,골목상권,2110154,광진정말공원,4027,1977,2050,16,588,850,947,936,690,6,240,409,430,449,443,10,348,441,517,487,247
2018,4,A,골목상권,2110153,중곡1동주민센터,5807,3185,2622,9,725,1186,1450,1407,1030,4,308,708,877,747,541,5,417,478,573,660,489
2018,4,A,골목상권,2110152,중곡어린이공원,2444,1215,1229,9,239,461,559,642,534,3,79,268,274,299,292,6,160,193,285,343,242
2018,4,A,골목상권,2110151,자양한강도서관,2401,1086,1315,6,303,488,615,584,405,3,110,225,256,255,237,3,193,263,359,329,168
2018,4,A,골목상권,2110150,중곡1동 마을마당,5564,3155,2409,13,635,1180,1363,1329,1044,7,269,735,846,725,573,6,366,445,517,604,471
2018,4,A,골목상권,2110149,세종대학교,4456,1988,2468,21,997,949,1008,1037,444,8,402,441,511,404,222,13,595,508,497,633,222
2018,4,A,골목상권,2110148,어린이대공원역 3번,4652,2010,2642,22,1170,1422,1031,728,279,8,339,564,531,379,189,14,831,858,500,349,90
2018,4,A,골목상권,2110147,능동우편취급국,8176,4293,3883,21,1480,1860,2027,1829,959,10,661,1055,1159,907,501,11,819,805,868,922,458
2018,4,A,골목상권,2110146,신자초등학교,2198,959,1239,4,221,434,609,562,368,3,70,182,254,225,225,1,151,252,355,337,143
2018,4,A,골목상권,2110145,장안초등학교,2943,1634,1309,14,528,636,729,690,346,5,212,331,460,392,234,9,316,305,269,298,112
2018,4,A,골목상권,2110144,어린이대공원역 4번,5616,2562,3054,25,1300,1598,1256,971,466,10,402,665,659,496,330,15,898,933,597,475,136
2018,4,A,골목상권,2110143,뚝섬유원지역 1번,1136,567,569,6,148,226,299,258,199,2,51,110,146,124,134,4,97,116,153,134,65
2018,4,A,골목상권,2110142,화양사거리,7662,4533,3129,56,1706,1982,1719,1351,848,29,853,1325,1036,705,585,27,853,657,683,646,263
2018,4,A,골목상권,2110141,건대입구역 1번,7644,4815,2829,49,1667,1957,1665,1376,930,27,967,1362,1092,748,619,22,700,595,573,628,311
2018,4,A,골목상권,2110140,건대입구역 6번,10484,6460,4024,62,2125,2636,2409,2013,1239,38,1137,1740,1517,1184,844,24,988,896,892,829,395
2018,4,A,골목상권,2110139,자양4동주민센터,2395,1380,1015,7,320,462,587,579,440,2,123,273,331,335,316,5,197,189,256,244,124
2018,4,A,골목상권,2110138,송정체육공원,8353,5034,3319,51,1899,2269,1808,1402,924,27,939,1524,1079,784,681,24,960,745,729,618,243
2018,4,A,골목상권,2110137,성수초등학교,31107,19230,11877,166,6217,8084,7497,5776,3367,96,3138,5249,4780,3520,2447,70,3079,2835,2717,2256,920
2018,4,A,골목상권,2110136,경수초등학교,58976,28785,30191,217,10053,14334,16367,14608,3397,145,5925,9969,7126,3510,2110,72,4128,4365,9241,11098,1287
2018,4,A,골목상권,2110135,성동세무서,15279,9699,5580,96,2919,4115,3766,2863,1520,49,1420,2681,2430,1914,1205,47,1499,1434,1336,949,315
2018,4,A,골목상권,2110134,성수119안전센터,37418,15719,21699,144,5760,8639,11381,10622,872,105,3648,6196,3891,1305,574,39,2112,2443,7490,9317,298
2018,4,A,골목상권,2110133,서울교통공사,27889,22408,5481,92,3605,5002,8375,8626,2189,43,2164,3741,7150,7562,1748,49,1441,1261,1225,1064,441
2018,4,A,골목상권,2110132,성수2가3동주민센터,13142,7705,5437,58,2557,3695,3445,2208,1179,20,1067,2216,2093,1436,873,38,1490,1479,1352,772,306
2018,4,A,골목상권,2110131,성수동카페거리,70095,33439,36656,363,14476,18905,18497,15166,2688,203,7661,12579,8214,3246,1536,160,6815,6326,10283,11920,1152
2018,4,A,골목상권,2110130,답십리역 6번,4508,2349,2159,14,737,1101,1090,912,654,6,349,611,557,414,412,8,388,490,533,498,242
2018,4,A,골목상권,2110129,성원어린이공원,14115,8268,5847,60,2855,4184,3649,2121,1246,22,1157,2585,2286,1378,840,38,1698,1599,1363,743,406
2018,4,A,골목상권,2110128,성원중학교,38530,16382,22148,170,5901,8816,11598,11046,999,120,3683,6272,3997,1629,681,50,2218,2544,7601,9417,318
2018,4,A,골목상권,2110127,성수1가1동주민센터,52787,23335,29452,274,10448,13929,14486,12591,1059,166,5917,9439,5461,1682,670,108,4531,4490,9025,10909,389
2018,4,A,골목상권,2110126,서울숲역 1번,22444,11771,10673,129,5803,7275,5024,3205,1008,58,2636,4406,2883,1199,589,71,3167,2869,2141,2006,419
2018,4,A,골목상권,2110125,사근동살곶이상점가,7534,3665,3869,7,1650,1753,2027,1519,578,6,484,781,1003,943,448,1,1166,972,1024,576,130
2018,4,A,골목상권,2110124,뚝섬역교차로,12036,7029,5007,38,2863,3998,2497,1652,988,13,1074,2354,1651,1132,805,25,1789,1644,846,520,183
2018,4,A,골목상권,2110123,마장역 3번,2674,1574,1100,4,256,575,699,726,414,2,121,321,410,408,312,2,135,254,289,318,102
2018,4,A,골목상권,2110122,마장역 2번,3128,2021,1107,4,301,673,838,816,496,2,178,430,541,508,362,2,123,243,297,308,134
2018,4,A,골목상권,2110121,한양대역 4번,7943,3976,3967,21,1749,1834,2104,1605,630,9,533,851,1087,1008,488,12,1216,983,1017,597,142
2018,4,A,골목상권,2110120,서울숲카페거리,2927,1780,1147,19,489,611,614,702,492,8,206,335,368,459,404,11,283,276,246,243,88
2018,4,A,골목상권,2110119,마장지하차도,5641,3236,2405,28,681,1337,1524,1362,709,13,313,718,859,873,460,15,368,619,665,489,249
2018,4,A,골목상권,2110118,왕십리역 9번,3217,1552,1665,28,613,677,741,699,459,12,247,312,356,326,299,16,366,365,385,373,160
2018,4,A,골목상권,2110117,성동구보건소,7127,3792,3335,28,896,1669,1824,1792,918,13,394,880,1018,985,502,15,502,789,806,807,416
2018,4,A,골목상권,2110116,청계천박물관,12871,7989,4882,17,1352,2795,3146,3802,1759,15,679,1709,2015,2445,1126,2,673,1086,1131,1357,633
2018,4,A,골목상권,2110115,상왕십리역 3번,9801,4965,4836,28,1609,2308,2364,2190,1302,15,556,1118,1267,1271,738,13,1053,1190,1097,919,564
2018,4,A,골목상권,2110114,왕십리파출소,2824,1350,1474,0,389,656,659,746,374,0,159,365,380,289,157,0,230,291,279,457,217
2018,4,A,골목상권,2110113,응봉산,393,161,232,1,48,82,94,92,76,1,14,28,22,35,61,0,34,54,72,57,15
2018,4,A,골목상권,2110112,행당역 2번,3018,1250,1768,13,521,660,765,708,351,7,162,246,305,320,210,6,359,414,460,388,141
2018,4,A,골목상권,2110111,대현산장미원,184,88,96,0,29,40,54,39,22,0,9,21,19,19,20,0,20,19,35,20,2
2018,4,A,골목상권,2110110,상왕십리역 6번,4433,2157,2276,10,678,1005,973,998,769,2,221,500,550,497,387,8,457,505,423,501,382
2018,4,A,골목상권,2110109,금호삼성래미안아파트,1047,428,619,2,143,216,267,230,189,1,41,93,99,81,113,1,102,123,168,149,76
2018,4,A,골목상권,2110108,성동구립금호도서관,1031,374,657,0,122,255,291,211,152,0,27,84,96,78,89,0,95,171,195,133,63
2018,4,A,골목상권,2110107,금호사거리,974,386,588,5,139,208,210,223,189,2,42,84,91,77,90,3,97,124,119,146,99
2018,4,A,골목상권,2110106,금북초등학교,675,237,438,0,73,164,199,152,87,0,16,44,66,55,56,0,57,120,133,97,31
2018,4,A,골목상권,2110105,금동어린이공원,1751,675,1076,7,259,421,406,368,290,2,70,173,155,122,153,5,189,248,251,246,137
2018,4,A,골목상권,2110104,신금호역 4번,1600,607,993,5,229,336,370,388,272,1,59,125,131,151,140,4,170,211,239,237,132
2018,4,A,골목상권,2110103,옥수터널,964,415,549,7,196,248,212,186,115,1,66,109,97,76,66,6,130,139,115,110,49
2018,4,A,골목상권,2110102,옥수역 6번,1505,633,872,7,286,346,366,314,186,2,101,141,142,133,114,5,185,205,224,181,72
2018,4,A,골목상권,2110101,옥정중학교,1376,559,817,5,316,345,319,241,150,1,109,130,120,103,96,4,207,215,199,138,54
2018,4,A,골목상권,2110100,옥수동우편취급국,1178,503,675,5,288,298,253,193,141,1,96,122,107,87,90,4,192,176,146,106,51
2018,4,A,골목상권,2110099,유엔빌리지길,4555,2347,2208,19,1074,1289,954,717,502,10,415,670,541,412,299,9,659,619,413,305,203
2018,4,A,골목상권,2110098,서울독일학교,3239,1606,1633,13,836,985,684,419,302,9,309,490,392,236,170,4,527,495,292,183,132
2018,4,A,골목상권,2110097,한남초등학교,5956,3039,2917,20,1728,1961,1289,668,290,10,617,1086,745,397,184,10,1111,875,544,271,106
2018,4,A,골목상권,2110096,한남힐사이드아파트,3092,1759,1333,16,885,1251,608,220,112,10,366,780,412,118,73,6,519,471,196,102,39
2018,4,A,골목상권,2110095,한강진역 3번,11682,6045,5637,50,3242,4104,2447,1243,596,26,1233,2222,1510,735,319,24,2009,1882,937,508,277
2018,4,A,골목상권,2110094,오산중학교,541,271,270,0,42,104,175,130,90,0,12,50,96,55,58,0,30,54,79,75,32
2018,4,A,골목상권,2110093,우사단길,9464,4973,4491,33,2256,3083,2078,1280,734,15,921,1690,1212,729,406,18,1335,1393,866,551,328
2018,4,A,골목상권,2110092,NH농협은행 보광동지점,1440,762,678,1,195,309,391,320,224,0,84,165,207,163,143,1,111,144,184,157,81
2018,4,A,골목상권,2110091,리움미술관,7067,3809,3258,34,1960,2516,1390,695,472,13,879,1368,893,412,244,21,1081,1148,497,283,228
2018,4,A,골목상권,2110090,한국폴리텍대학서울정수캠퍼스,3482,1823,1659,12,711,910,875,649,325,0,234,409,522,423,235,12,477,501,353,226,90
2018,4,A,골목상권,2110089,서빙고동주민센터,3018,1660,1358,6,464,893,918,544,193,0,141,426,566,373,154,6,323,467,352,171,39
2018,4,A,골목상권,2110088,오산고등학교,6596,3514,3082,18,1093,1827,1680,1350,628,5,382,836,927,914,450,13,711,991,753,436,178
2018,4,A,골목상권,2110087,이태원엔틱가구거리,6720,3701,3019,28,1299,1891,1582,1297,623,12,563,952,896,879,399,16,736,939,686,418,224
2018,4,A,골목상권,2110086,이태원역 북측,13644,7333,6311,61,2635,3704,3349,2480,1415,28,1292,2010,1686,1496,821,33,1343,1694,1663,984,594
2018,4,A,골목상권,2110085,경리단길남측,7425,3903,3522,35,1374,1544,1960,1542,970,15,689,855,878,877,589,20,685,689,1082,665,381
2018,4,A,골목상권,2110084,경리단길북측,6006,3126,2880,24,858,1174,1773,1397,780,12,395,632,786,816,485,12,463,542,987,581,295
2018,4,A,골목상권,2110083,서빙고역 1번,2905,1609,1296,4,453,858,865,499,226,0,137,406,534,342,190,4,316,452,331,157,36
2018,4,A,골목상권,2110082,용산구청,9441,5008,4433,37,1729,2300,2648,2028,699,13,838,1200,1262,1279,416,24,891,1100,1386,749,283
2018,4,A,골목상권,2110081,해방촌 남동측,4344,2152,2192,15,435,783,1594,1143,374,7,207,401,683,634,220,8,228,382,911,509,154
2018,4,A,골목상권,2110080,해방촌예술마을,5261,2529,2732,10,488,889,1798,1610,466,4,183,448,821,824,249,6,305,441,977,786,217
2018,4,A,골목상권,2110079,후암동주민센터,41284,25877,15407,182,8367,14607,12599,4540,989,91,4508,9115,8591,2930,642,91,3859,5492,4008,1610,347
2018,4,A,골목상권,2110078,이촌동점보아파트,1063,437,626,3,137,202,257,233,231,1,40,63,73,96,164,2,97,139,184,137,67
2018,4,A,골목상권,2110077,삼광초등학교,16337,5988,10349,153,6598,3023,3012,2531,1020,13,1011,1769,1639,1079,477,140,5587,1254,1373,1452,543
2018,4,A,골목상권,2110076,삼각지역 14번,7133,4917,2216,6,496,1735,2461,1864,571,3,252,1080,1843,1351,388,3,244,655,618,513,183
2018,4,A,골목상권,2110075,숙대입구역 1번,22644,9400,13244,217,8017,4779,4225,3401,2005,48,1524,2583,2336,1608,1301,169,6493,2196,1889,1793,704
2018,4,A,골목상권,2110074,서울역 12번,54856,30738,24118,414,15714,17907,13234,5225,2362,122,5602,10927,9337,3139,1611,292,10112,6980,3897,2086,751
2018,4,A,골목상권,2110073,삼각지역 3번,21300,10101,11199,135,4248,6016,6279,3393,1229,54,1575,2535,3015,2116,806,81,2673,3481,3264,1277,423
2018,4,A,골목상권,2110072,열정도,20586,9240,11346,711,6647,6343,4223,1857,805,296,2828,2829,1869,960,458,415,3819,3514,2354,897,347
2018,4,A,골목상권,2110071,한강미주맨션아파트,974,498,476,0,143,253,263,165,150,0,31,120,142,95,110,0,112,133,121,70,40
2018,4,A,골목상권,2110070,용산세무서,5097,3756,1341,0,326,1274,1953,1322,222,0,175,835,1539,1054,153,0,151,439,414,268,69
2018,4,A,골목상권,2110069,숙대입구,15504,8162,7342,699,5330,4191,2620,1775,889,297,2387,2347,1470,1045,616,402,2943,1844,1150,730,273
2018,4,A,골목상권,2110068,남영역 1번,28811,14158,14653,790,8752,9089,6026,2812,1342,317,3818,4664,3039,1531,789,473,4934,4425,2987,1281,553
2018,4,A,골목상권,2110067,배문고등학교,11812,5799,6013,37,1810,2818,2554,2720,1873,22,607,1366,1391,1181,1232,15,1203,1452,1163,1539,641
2018,4,A,골목상권,2110066,서울역 15번,7764,4365,3399,31,1036,1735,1468,1736,1758,15,385,830,835,931,1369,16,651,905,633,805,389
2018,4,A,골목상권,2110065,남정초등학교,6618,4522,2096,52,963,2160,1843,920,680,35,604,1618,1284,577,404,17,359,542,559,343,276
2018,4,A,골목상권,2110064,효창공원앞역 2번,6257,3383,2874,9,876,1655,1666,1342,709,1,342,897,962,758,423,8,534,758,704,584,286
2018,4,A,골목상권,2110063,효창공원앞역 5번,10862,7277,3585,82,1591,3387,3035,1631,1136,52,938,2426,2113,1045,703,30,653,961,922,586,433
2018,4,A,골목상권,2110062,한강로동땡땡거리(은행나무길),24784,16003,8781,182,8034,7784,5071,2410,1303,61,3750,5270,4158,1859,905,121,4284,2514,913,551,398
2018,4,A,골목상권,2110061,효창동주민센터,3330,1906,1424,7,473,804,949,711,386,2,164,445,592,421,282,5,309,359,357,290,104
2018,4,A,골목상권,2110060,효창공원앞역 6번,2768,1410,1358,6,299,613,764,572,514,0,106,306,430,273,295,6,193,307,334,299,219
2018,4,A,골목상권,2110059,새남터성지,9065,4864,4201,157,4612,1992,1301,612,391,53,1941,1190,1042,466,172,104,2671,802,259,146,219
2018,4,A,골목상권,2110058,성심여자고등학교,17879,11044,6835,206,5843,4741,3734,1919,1436,92,2667,3176,2816,1367,926,114,3176,1565,918,552,510
2018,4,A,골목상권,2110057,황학코아루아파트,4093,2006,2087,13,778,1062,851,860,529,4,328,558,451,394,271,9,450,504,400,466,258
2018,4,A,골목상권,2110056,신당역 3번,5095,2469,2626,17,907,1288,1154,1069,660,4,372,663,586,479,365,13,535,625,568,590,295
2018,4,A,골목상권,2110055,황학동벼룩시장,7870,4264,3606,13,1890,2631,1779,1009,548,8,975,1391,1024,538,328,5,915,1240,755,471,220
2018,4,A,골목상권,2110054,청구역 3번,8536,4261,4275,54,2155,2276,1750,1406,895,22,830,1272,976,660,501,32,1325,1004,774,746,394
2018,4,A,골목상권,2110053,청구역 1번,6274,3091,3183,17,1202,1550,1503,1349,653,8,429,827,791,680,356,9,773,723,712,669,297
2018,4,A,골목상권,2110052,장충초등학교,11783,6026,5757,37,3545,3326,2362,1684,829,16,1320,1838,1456,902,494,21,2225,1488,906,782,335
2018,4,A,골목상권,2110051,한양공고앞 교차로,6395,3060,3335,26,1225,1937,1601,1073,533,6,469,914,816,566,289,20,756,1023,785,507,244
2018,4,A,골목상권,2110050,약수역 7번,4083,1817,2266,25,851,1033,934,711,529,12,273,446,450,326,310,13,578,587,484,385,219
2018,4,A,골목상권,2110049,장충단 고개,13621,7146,6475,82,3966,3945,2753,1843,1032,37,1530,2232,1766,990,591,45,2436,1713,987,853,441
2018,4,A,골목상권,2110048,장충동주민센터,13996,7907,6089,36,3519,4197,3145,2077,1022,9,1351,2389,2148,1351,659,27,2168,1808,997,726,363
2018,4,A,골목상권,2110047,다산성곽길,12163,5787,6376,80,3685,3319,2386,1720,973,37,1352,1578,1323,918,579,43,2333,1741,1063,802,394
2018,4,A,골목상권,2110046,버티고개,6628,3073,3555,32,2120,1882,1382,818,394,16,780,844,721,474,238,16,1340,1038,661,344,156
2018,4,A,골목상권,2110045,동대문역사문화공원역 5번,29377,14607,14770,131,6667,7932,6840,5606,2201,39,3441,4873,3741,1786,727,92,3226,3059,3099,3820,1474
2018,4,A,골목상권,2110044,관성묘,28812,14012,14800,126,7355,7826,6455,5146,1904,41,3679,4713,3516,1513,550,85,3676,3113,2939,3633,1354
2018,4,A,골목상권,2110043,충무초등학교,16954,9849,7105,60,3280,4639,4359,3045,1571,28,1256,2533,2833,2100,1099,32,2024,2106,1526,945,472
2018,4,A,골목상권,2110042,남산골공원옆,8149,4845,3304,42,1306,1961,2223,1823,794,19,628,1155,1435,1075,533,23,678,806,788,748,261
2018,4,A,골목상권,2110041,남산케이블카,27445,13218,14227,60,4351,9755,8012,4248,1019,13,1298,4371,3939,2991,606,47,3053,5384,4073,1257,413
2018,4,A,골목상권,2110040,중구회현체육센터(정화예술대남산캠퍼스),24773,11880,12893,67,3982,9064,7388,3660,612,15,1212,4058,3558,2681,356,52,2770,5006,3830,979,256
2018,4,A,골목상권,2110039,회현역 1번,30118,14271,15847,114,5306,10531,8678,4700,789,52,1822,4815,4148,2975,459,62,3484,5716,4530,1725,330
2018,4,A,골목상권,2110038,경향신문사,45719,25176,20543,121,8974,15208,12786,7857,773,39,2816,7753,7618,6365,585,82,6158,7455,5168,1492,188
2018,4,A,골목상권,2110037,신설동역 12번,5393,2684,2709,31,666,907,1011,1069,1709,8,229,472,511,477,987,23,437,435,500,592,722
2018,4,A,골목상권,2110036,동묘앞역 3번,4766,2576,2190,51,690,864,992,1032,1137,42,338,486,542,520,648,9,352,378,450,512,489
2018,4,A,골목상권,2110035,동묘앞역 2번,6918,3262,3656,19,809,1248,1512,1418,1912,7,293,570,633,622,1137,12,516,678,879,796,775
2018,4,A,골목상권,2110034,창신1동주민센터,9262,4856,4406,22,2123,3051,2177,1159,730,11,1095,1581,1142,587,440,11,1028,1470,1035,572,290
2018,4,A,골목상권,2110033,창신역 4번,2488,1339,1149,7,225,390,502,462,902,2,84,167,228,221,637,5,141,223,274,241,265
2018,4,A,골목상권,2110032,수족관거리,8651,4478,4173,21,1976,2904,2035,1071,644,10,1039,1502,1032,511,384,11,937,1402,1003,560,260
2018,4,A,골목상권,2110031,창신역 1번,982,430,552,2,110,218,261,257,134,0,26,78,111,117,98,2,84,140,150,140,36
2018,4,A,골목상권,2110030,동대문역 3번,3098,1257,1841,11,482,716,849,603,437,5,153,284,304,246,265,6,329,432,545,357,172
2018,4,A,골목상권,2110029,동대문역 1번,8660,5107,3553,18,1333,2343,2265,1764,937,7,699,1528,1311,988,574,11,634,815,954,776,363
2018,4,A,골목상권,2110028,이화달팽이길,8097,4263,3834,36,1371,2190,2027,1603,870,16,477,1044,1172,972,582,20,894,1146,855,631,288
2018,4,A,골목상권,2110027,혜화역 1번,15786,5514,10272,33,3953,5429,3284,2277,810,11,950,1673,1319,1081,480,22,3003,3756,1965,1196,330
2018,4,A,골목상권,2110026,종로5가역 4번,8955,5509,3446,25,1382,2454,2412,1751,931,16,748,1651,1392,1060,642,9,634,803,1020,691,289
2018,4,A,골목상권,2110025,충신시장옆,12266,7255,5011,46,2022,3569,3289,2359,981,18,745,1872,2159,1755,706,28,1277,1697,1130,604,275
2018,4,A,골목상권,2110024,혜회동주민센터,2501,1282,1219,18,404,550,615,561,353,9,128,250,315,331,249,9,276,300,300,230,104
2018,4,A,골목상권,2110023,서울대병원,18244,7321,10923,40,4237,6342,4024,2642,959,9,1068,2219,1967,1439,619,31,3169,4123,2057,1203,340
2018,4,A,골목상권,2110022,경신고등학교,4171,2194,1977,14,723,993,1038,906,497,7,238,457,593,550,349,7,485,536,445,356,148
2018,4,A,골목상권,2110021,성균관대학교,14723,5223,9500,21,3625,5071,3062,2103,841,10,910,1569,1191,1003,540,11,2715,3502,1871,1100,301
2018,4,A,골목상권,2110020,서울국제고등학교,3226,1654,1572,7,451,786,829,708,445,3,147,323,438,414,329,4,304,463,391,294,116
2018,4,A,골목상권,2110019,창덕궁,27797,21030,6767,55,4814,9528,7017,4818,1565,16,2354,7481,5820,4162,1197,39,2460,2047,1197,656,368
2018,4,A,골목상권,2110018,중앙고등학교,28268,21580,6688,68,4844,10083,7320,4819,1134,26,2384,7879,6153,4238,900,42,2460,2204,1167,581,234
2018,4,A,골목상권,2110017,정독도서관,6988,4243,2745,5,1233,2147,1828,1291,484,5,654,1254,1177,850,303,0,579,893,651,441,181
2018,4,A,골목상권,2110016,평창동동측,969,426,543,2,157,248,215,169,178,1,42,111,118,65,89,1,115,137,97,104,89
2018,4,A,골목상권,2110015,청와대사랑채,6594,4343,2251,6,1449,2094,1448,1257,340,1,852,1365,982,933,210,5,597,729,466,324,130
2018,4,A,골목상권,2110014,경복고등학교,5027,3347,1680,2,975,1484,1124,1173,269,1,637,946,732,862,169,1,338,538,392,311,100
2018,4,A,골목상권,2110013,체부동홍종문가옥,8013,3704,4309,23,1261,1639,1505,1862,1723,8,604,931,788,640,733,15,657,708,717,1222,990
2018,4,A,골목상권,2110012,성곡미술관,50743,29709,21034,96,7972,14916,13193,9043,5523,45,3067,8642,8987,5802,3166,51,4905,6274,4206,3241,2357
2018,4,A,골목상권,2110011,청운초등학교,1132,437,695,1,178,317,276,258,102,1,55,108,109,101,63,0,123,209,167,157,39
2018,4,A,골목상권,2110010,평창동서측,1388,609,779,4,202,277,293,338,274,3,76,125,136,131,138,1,126,152,157,207,136
2018,4,A,골목상권,2110009,자하문터널,1729,947,782,5,357,539,435,256,137,5,102,292,296,162,90,0,255,247,139,94,47
2018,4,A,골목상권,2110008,배화여자대학교(박노수미술관),8466,4165,4301,26,1177,1551,1563,2390,1759,10,622,874,796,1103,760,16,555,677,767,1287,999
2018,4,A,골목상권,2110007,사직공원(한국사회과학도서관),4096,2064,2032,3,592,1153,1129,819,400,0,187,534,586,465,292,3,405,619,543,354,108
2018,4,A,골목상권,2110006,부암동주민센터,496,179,317,2,88,137,99,101,69,2,20,42,35,41,39,0,68,95,64,60,30
2018,4,A,골목상권,2110005,세검정,2330,1074,1256,4,372,516,593,552,293,4,108,236,314,261,151,0,264,280,279,291,142
2018,4,A,골목상권,2110004,대신고등학교,1009,463,546,2,115,199,216,270,207,1,31,66,103,125,137,1,84,133,113,145,70
2018,4,A,골목상권,2110003,세검정초등학교,2280,1071,1209,3,343,477,586,532,339,2,108,213,303,263,182,1,235,264,283,269,157
2018,4,A,골목상권,2110002,독립문역 1번,996,294,702,0,210,230,228,201,127,0,31,61,67,56,79,0,179,169,161,145,48
2018,4,A,골목상권,2110001,이북5도청사,627,317,310,1,45,92,159,186,144,0,20,44,77,90,86,1,25,48,82,96,58
2018,3,A,골목상권,2111090,강일동주민센터,1820,1237,583,5,151,298,483,588,295,2,65,169,316,442,243,3,86,129,167,146,52
2018,3,A,골목상권,2111089,상일여고(상일초등학교),11944,9331,2613,7,1407,5099,2705,1823,903,6,905,4154,2253,1497,516,1,502,945,452,326,387
2018,3,A,골목상권,2111088,고덕동성당,721,327,394,1,80,103,146,196,195,1,44,54,61,88,79,0,36,49,85,108,116
2018,3,A,골목상권,2111087,고덕중학교(고덕2동주민센터),662,306,356,0,54,119,152,226,111,0,20,49,70,107,60,0,34,70,82,119,51
2018,3,A,골목상권,2111086,한영중고,1398,737,661,0,106,251,370,474,197,0,45,104,184,276,128,0,61,147,186,198,69
2018,3,A,골목상권,2111085,묘곡초등학교(고덕아이파크아파트),1018,450,568,1,88,175,229,283,242,0,28,74,102,125,121,1,60,101,127,158,121
2018,3,A,골목상권,2111084,길동신동아아파트,1032,534,498,1,84,208,215,215,309,0,32,96,99,93,214,1,52,112,116,122,95
2018,3,A,골목상권,2111083,GS강동자이아파트,2775,1594,1181,5,289,645,681,598,557,3,138,399,375,310,369,2,151,246,306,288,188
2018,3,A,골목상권,2111082,중앙보훈병원,3437,1444,1993,5,646,1057,797,676,256,2,160,423,362,345,152,3,486,634,435,331,104
2018,3,A,골목상권,2111081,둔촌푸르지오아파트,1713,1055,658,6,201,412,440,381,273,4,104,301,271,214,161,2,97,111,169,167,112
2018,3,A,골목상권,2111080,굽은다리역 3번,4029,1793,2236,11,424,653,876,1108,957,6,149,308,432,424,474,5,275,345,444,684,483
2018,3,A,골목상권,2111079,둔촌고등학교(둔촌중학교),5186,2539,2647,4,761,1344,1199,1163,715,1,221,603,600,630,484,3,540,741,599,533,231
2018,3,A,골목상권,2111078,굽은다리역 4번,4702,2476,2226,11,493,913,1102,1048,1135,4,181,473,579,512,727,7,312,440,523,536,408
2018,3,A,골목상권,2111077,길동주민센터(강동도서관),10179,5174,5005,12,1330,2247,2280,2284,2026,3,544,1216,1219,993,1199,9,786,1031,1061,1291,827
2018,3,A,골목상권,2111076,둔촌2동주민센터,4863,2657,2206,6,733,1268,1040,1009,807,1,279,679,608,554,536,5,454,589,432,455,271
2018,3,A,골목상권,2111075,굽은다리역 2번,3474,1559,1915,9,392,620,743,831,879,4,123,278,339,333,482,5,269,342,404,498,397
2018,3,A,골목상권,2111074,명일역 1번,2186,896,1290,3,249,386,487,608,453,2,71,156,196,229,242,1,178,230,291,379,211
2018,3,A,골목상권,2111073,둔촌동역 1번(한산중학교),8018,3944,4074,9,1149,1886,1761,1908,1305,2,483,974,916,800,769,7,666,912,845,1108,536
2018,3,A,골목상권,2111072,굽은다리역 1번(십자성마을),4589,2468,2121,8,446,940,1046,1074,1075,2,146,470,536,599,715,6,300,470,510,475,360
2018,3,A,골목상권,2111071,천동초등학교,3867,2217,1650,3,402,769,895,868,930,0,133,383,496,531,674,3,269,386,399,337,256
2018,3,A,골목상권,2111070,천호초등학교,2105,985,1120,3,163,462,495,545,437,1,45,220,205,275,239,2,118,242,290,270,198
2018,3,A,골목상권,2111069,천호1동주민센터,2437,1016,1421,2,202,577,628,610,418,1,59,245,257,253,201,1,143,332,371,357,217
2018,3,A,골목상권,2111068,강동성심병원,6334,2936,3398,19,1135,1483,1373,1368,956,9,406,702,697,556,566,10,729,781,676,812,390
2018,3,A,골목상권,2111067,강동구립성내도서관,11064,5257,5807,24,1873,2685,2433,2326,1723,11,693,1321,1267,976,989,13,1180,1364,1166,1350,734
2018,3,A,골목상권,2111066,암사동성당(효정하나플러스아파트),1868,903,965,0,152,432,482,494,308,0,42,206,232,249,174,0,110,226,250,245,134
2018,3,A,골목상권,2111065,천일초등학교,1268,601,667,2,106,270,311,331,248,0,27,101,126,161,186,2,79,169,185,170,62
2018,3,A,골목상권,2111064,둔촌동역 4번,4152,2256,1896,7,420,856,937,1068,864,2,186,478,502,555,533,5,234,378,435,513,331
2018,3,A,골목상권,2111063,강동구립 천호도서관,5506,3043,2463,25,681,1350,1366,1187,897,11,261,753,792,651,575,14,420,597,574,536,322
2018,3,A,골목상권,2111062,둔촌동역 3번(성내3동주민센터),8841,5145,3696,23,1083,2263,2112,1945,1415,10,539,1283,1288,1153,872,13,544,980,824,792,543
2018,3,A,골목상권,2111061,암사역 1번,4836,2085,2751,7,472,945,1268,1314,830,3,163,463,557,433,466,4,309,482,711,881,364
2018,3,A,골목상권,2111060,암사역 2번(서울강동초등학교),4846,2064,2782,5,546,1052,1326,1213,704,4,196,485,574,445,360,1,350,567,752,768,344
2018,3,A,골목상권,2111059,강동역 4번(강풀만화거리),11351,5560,5791,44,2067,2911,2644,2098,1587,18,693,1508,1419,992,930,26,1374,1403,1225,1106,657
2018,3,A,골목상권,2111058,성내중학교,4020,2445,1575,3,366,876,1040,1173,562,2,163,554,633,756,337,1,203,322,407,417,225
2018,3,A,골목상권,2111057,천호공원(해공체육문화센터),3094,1376,1718,6,435,594,764,821,474,3,153,266,342,325,287,3,282,328,422,496,187
2018,3,A,골목상권,2111056,천호태영아파트,5529,2862,2667,24,1024,1435,1340,955,751,9,361,843,778,459,412,15,663,592,562,496,339
2018,3,A,골목상권,2111055,선사초등학교,1861,757,1104,3,136,321,446,582,373,0,40,133,166,175,243,3,96,188,280,407,130
2018,3,A,골목상권,2111054,암사역 4번(삼성광나루아파트),2711,1116,1595,3,266,477,616,775,574,0,78,202,239,249,348,3,188,275,377,526,226
2018,3,A,골목상권,2111053,성내천어린이공원(하니사랑길),22453,12612,9841,44,2545,5130,5440,5493,3801,28,1260,2930,3046,2972,2376,16,1285,2200,2394,2521,1425
2018,3,A,골목상권,2111052,암사역 3번(천호동자전거거리),3167,1429,1738,5,388,629,871,778,496,4,145,309,402,300,269,1,243,320,469,478,227
2018,3,A,골목상권,2111051,천호역 6번,10390,4705,5685,37,1798,2582,2346,2103,1524,11,575,1161,1040,1016,902,26,1223,1421,1306,1087,622
2018,3,A,골목상권,2111050,강동구청(강동구청역 2번),13686,6988,6698,23,1425,2793,3225,3580,2640,19,675,1464,1562,1660,1608,4,750,1329,1663,1920,1032
2018,3,A,골목상권,2111049,천호지구대(천호동자전거거리),4153,2076,2077,7,571,786,959,946,884,2,190,394,491,439,560,5,381,392,468,507,324
2018,3,A,골목상권,2111048,천호역 1번(천호문구완구거리),3479,1736,1743,12,490,693,785,733,766,1,153,342,400,348,492,11,337,351,385,385,274
2018,3,A,골목상권,2111047,마천1치안센터,1162,629,533,0,84,176,263,332,307,0,23,70,104,197,235,0,61,106,159,135,72
2018,3,A,골목상권,2111046,마천역(마천초등학교),2934,1488,1446,3,297,551,773,819,491,1,107,267,344,426,343,2,190,284,429,393,148
2018,3,A,골목상권,2111045,개미어린이공원,1543,649,894,2,142,257,369,477,296,0,45,115,160,165,164,2,97,142,209,312,132
2018,3,A,골목상권,2111044,남천초등학교,2711,1524,1187,2,238,437,659,812,563,1,98,233,334,450,408,1,140,204,325,362,155
2018,3,A,골목상권,2111043,마천공원,2779,1704,1075,6,298,537,659,787,492,6,153,354,391,455,345,0,145,183,268,332,147
2018,3,A,골목상권,2111042,거여역 1번(거여공원),6332,3415,2917,14,635,1253,1516,1585,1329,9,299,786,825,740,756,5,336,467,691,845,573
2018,3,A,골목상권,2111041,거여역 8번,2630,1550,1080,10,191,492,527,600,810,6,112,318,332,291,491,4,79,174,195,309,319
2018,3,A,골목상권,2111040,거여초등학교,2837,1729,1108,11,322,686,732,721,365,7,172,467,456,412,215,4,150,219,276,309,150
2018,3,A,골목상권,2111039,벌말어린이공원,3914,2242,1672,10,421,885,1030,1041,527,4,202,572,606,568,290,6,219,313,424,473,237
2018,3,A,골목상권,2111038,보인중학교,3608,2013,1595,10,409,807,907,966,509,4,187,490,517,528,287,6,222,317,390,438,222
2018,3,A,골목상권,2111037,Sh수협은행 오금동금융센터(아랫말어린이공원),2233,1337,896,3,204,444,622,635,325,0,98,284,396,365,194,3,106,160,226,270,131
2018,3,A,골목상권,2111036,투구봉어린이공원,2529,1374,1155,3,359,585,591,557,434,2,144,311,322,299,296,1,215,274,269,258,138
2018,3,A,골목상권,2111035,오금공원(오주중학교),3191,1858,1333,8,284,624,863,920,492,1,125,393,526,522,291,7,159,231,337,398,201
2018,3,A,골목상권,2111034,오동나무공원(송파레미니스1단지),4533,2713,1820,10,526,1174,1184,1108,531,2,252,757,762,592,348,8,274,417,422,516,183
2018,3,A,골목상권,2111033,문정동성당,3820,2271,1549,5,342,580,816,980,1097,3,191,366,470,589,652,2,151,214,346,391,445
2018,3,A,골목상권,2111032,방이역 1번,10007,6011,3996,22,768,1594,1614,1677,4332,13,308,940,983,885,2882,9,460,654,631,792,1450
2018,3,A,골목상권,2111031,장지동주민센터(한림연예예술고교),5827,3347,2480,10,536,1031,1377,1482,1391,4,275,612,740,840,876,6,261,419,637,642,515
2018,3,A,골목상권,2111030,방이역 2번,7430,4285,3145,11,520,1083,1095,1132,3589,6,208,665,635,541,2230,5,312,418,460,591,1359
2018,3,A,골목상권,2111029,오금역 4번,6954,3982,2972,12,957,1951,1801,1476,757,10,456,1149,1022,820,525,2,501,802,779,656,232
2018,3,A,골목상권,2111028,문현중학교(장지역 1번),15176,8923,6253,59,2415,3777,4038,3169,1718,24,1038,2277,2460,1851,1273,35,1377,1500,1578,1318,445
2018,3,A,골목상권,2111027,문정초등학교,10577,6632,3945,19,982,1724,2093,2104,3655,13,497,1049,1253,1184,2636,6,485,675,840,920,1019
2018,3,A,골목상권,2111026,문정역 2번,22493,13646,8847,61,3956,6262,5920,4107,2187,20,1773,3912,3845,2424,1672,41,2183,2350,2075,1683,515
2018,3,A,골목상권,2111025,경찰병원역 3번,13127,7177,5950,19,1787,2822,2626,2645,3228,10,691,1556,1497,1195,2228,9,1096,1266,1129,1450,1000
2018,3,A,골목상권,2111024,경찰병원역 4번(건너말공원),19529,11713,7816,28,2490,4229,4437,4145,4200,16,1071,2460,2817,2399,2950,12,1419,1769,1620,1746,1250
2018,3,A,골목상권,2111023,문정역 1번,21418,13128,8290,60,3796,6014,5608,3857,2083,24,1722,3785,3738,2280,1579,36,2074,2229,1870,1577,504
2018,3,A,골목상권,2111022,석촌중학교(방이육교),7940,4758,3182,10,1093,2142,1938,1670,1087,4,506,1356,1229,978,685,6,587,786,709,692,402
2018,3,A,골목상권,2111021,방이역 4번,11372,6935,4437,32,1433,2532,2477,2333,2565,22,667,1407,1481,1453,1905,10,766,1125,996,880,660
2018,3,A,골목상권,2111020,방이동고분군(방산고등학교),2132,1248,884,2,187,365,513,511,554,2,88,180,290,287,401,0,99,185,223,224,153
2018,3,A,골목상권,2111019,한성백제역 3번,9866,5933,3933,23,1235,2336,2287,2304,1681,15,591,1402,1402,1403,1120,8,644,934,885,901,561
2018,3,A,골목상권,2111018,풍납초등학교(풍납백제문화공원),844,472,372,1,64,137,203,260,179,1,26,61,93,157,134,0,38,76,110,103,45
2018,3,A,골목상권,2111017,송파나루역 3번,4458,2630,1828,12,615,995,1062,957,817,8,283,596,624,530,589,4,332,399,438,427,228
2018,3,A,골목상권,2111016,송파역 2번,6199,2897,3302,18,1208,1636,1424,1257,656,8,423,801,764,509,392,10,785,835,660,748,264
2018,3,A,골목상권,2111015,석촌역 3번,10182,5594,4588,19,1295,2248,2326,2280,2014,7,537,1285,1312,1185,1268,12,758,963,1014,1095,746
2018,3,A,골목상권,2111014,송파나루역 2번,9257,5496,3761,30,1289,2386,2241,2050,1261,18,622,1513,1421,1083,839,12,667,873,820,967,422
2018,3,A,골목상권,2111013,송파나루역 1번(송리단길),10609,6086,4523,24,1505,2708,2490,2272,1610,12,686,1662,1498,1169,1059,12,819,1046,992,1103,551
2018,3,A,골목상권,2111012,석촌역 6번,6345,3240,3105,17,828,1370,1413,1312,1405,8,264,700,770,671,827,9,564,670,643,641,578
2018,3,A,골목상권,2111011,잠실나루역,1105,521,584,0,105,235,309,247,209,0,30,88,125,114,164,0,75,147,184,133,45
2018,3,A,골목상권,2111010,석촌역 7번,8801,4959,3842,35,1456,1944,1908,1609,1849,8,516,1124,1079,808,1424,27,940,820,829,801,425
2018,3,A,골목상권,2111009,송파책박물관,2295,1338,957,8,298,516,578,563,332,4,108,287,370,352,217,4,190,229,208,211,115
2018,3,A,골목상권,2111008,석촌고분역 3번,5034,2842,2192,11,654,1170,1285,1146,768,5,253,661,812,624,487,6,401,509,473,522,281
2018,3,A,골목상권,2111007,석촌고분역 4번,5001,2795,2206,10,628,1098,1188,1218,859,3,304,657,718,586,527,7,324,441,470,632,332
2018,3,A,골목상권,2111006,석촌고분역 1번,9289,5015,4274,33,1499,1897,1895,1861,2104,9,543,998,1019,843,1603,24,956,899,876,1018,501
2018,3,A,골목상권,2111005,삼전역 3번,4985,2897,2088,11,606,996,1043,1180,1149,4,262,589,617,628,797,7,344,407,426,552,352
2018,3,A,골목상권,2111004,삼전역 1번,12321,7431,4890,60,1655,2849,2865,2666,2226,39,736,1671,1823,1650,1512,21,919,1178,1042,1016,714
2018,3,A,골목상권,2111003,삼전역 4번,6891,4076,2815,45,713,1449,1518,1494,1672,31,307,838,917,847,1136,14,406,611,601,647,536
2018,3,A,골목상권,2111002,한국교통안전공단 강남자동차검사소,946,617,329,0,45,159,270,253,219,0,19,96,166,173,163,0,26,63,104,80,56
2018,3,A,골목상권,2111001,아래방죽마을공원(율현초등학교),900,472,428,0,84,183,236,213,184,0,22,73,107,131,139,0,62,110,129,82,45
2018,3,A,골목상권,2111000,대왕초등학교(세곡동사거리서남측),850,301,549,4,150,192,201,183,120,4,53,63,56,62,63,0,97,129,145,121,57
2018,3,A,골목상권,2110999,윗방죽마을공원,2379,1354,1025,3,335,589,603,470,379,3,121,307,320,291,312,0,214,282,283,179,67
2018,3,A,골목상권,2110998,은곡마을(은곡마을공원),1290,677,613,0,217,325,286,252,210,0,72,154,137,139,175,0,145,171,149,113,35
2018,3,A,골목상권,2110997,대청초등학교,11152,3850,7302,4,2691,3332,2363,1725,1037,2,550,1045,920,757,576,2,2141,2287,1443,968,461
2018,3,A,골목상권,2110996,대치2동주민센터,11228,6462,4766,36,1805,3392,2999,1837,1159,13,691,1946,1970,1095,747,23,1114,1446,1029,742,412
2018,3,A,골목상권,2110995,봉은사역 4번,30980,19800,11180,56,6170,8233,5768,5551,5202,27,3202,5823,4169,3308,3271,29,2968,2410,1599,2243,1931
2018,3,A,골목상권,2110994,개포고등학교,1973,1164,809,12,210,378,402,547,424,8,99,211,234,325,287,4,111,167,168,222,137
2018,3,A,골목상권,2110993,개포지하차도 북측,269,144,125,0,37,54,69,64,45,0,17,20,39,40,28,0,20,34,30,24,17
2018,3,A,골목상권,2110992,도곡초등학교,9264,4368,4896,46,1788,2629,2219,1595,987,18,549,1214,1134,821,632,28,1239,1415,1085,774,355
2018,3,A,골목상권,2110991,삼성중앙역 5번,43737,23688,20049,202,11612,15175,10281,4857,1610,80,3956,8104,7171,3329,1048,122,7656,7071,3110,1528,562
2018,3,A,골목상권,2110990,청담역 12번,10040,6139,3901,16,1573,3119,2593,1425,1314,7,536,1845,1954,938,859,9,1037,1274,639,487,455
2018,3,A,골목상권,2110989,대치동아우편취급국,24889,14545,10344,86,4674,9153,6649,3025,1302,13,2010,5533,4203,1915,871,73,2664,3620,2446,1110,431
2018,3,A,골목상권,2110988,청담역 3번,10546,6240,4306,37,1638,3159,2739,1667,1306,20,549,1858,1983,1017,813,17,1089,1301,756,650,493
2018,3,A,골목상권,2110987,영동대교남단,9321,5167,4154,65,2040,3118,2083,1316,699,18,726,1738,1403,798,484,47,1314,1380,680,518,215
2018,3,A,골목상권,2110986,삼성중앙역 7번,14102,8050,6052,38,3210,5147,3277,1640,790,10,1282,3131,2205,906,516,28,1928,2016,1072,734,274
2018,3,A,골목상권,2110985,청담근린공원,11296,6069,5227,75,2617,3757,2547,1515,785,21,890,2065,1648,906,539,54,1727,1692,899,609,246
2018,3,A,골목상권,2110984,포이초등학교(개포목련어린이공원),10723,6720,4003,37,1284,2737,2887,2302,1476,20,624,1758,1831,1467,1020,17,660,979,1056,835,456
2018,3,A,골목상권,2110983,국립국악고등학교,5714,3462,2252,9,629,1309,1511,1268,988,3,277,794,922,746,720,6,352,515,589,522,268
2018,3,A,골목상권,2110982,강남구보훈회관,8409,4069,4340,27,1397,3001,1862,1347,775,16,521,1329,950,768,485,11,876,1672,912,579,290
2018,3,A,골목상권,2110981,국악고교사거리,23834,13443,10391,55,3046,6152,6472,5286,2823,28,1331,3837,3760,2661,1826,27,1715,2315,2712,2625,997
2018,3,A,골목상권,2110980,개포지구대옆,20711,11899,8812,37,2808,5643,4979,4119,3125,12,1249,3706,3111,2162,1659,25,1559,1937,1868,1957,1466
2018,3,A,골목상권,2110979,청담초등학교,14369,4791,9578,64,4878,5514,2477,980,456,9,1158,1970,965,412,277,55,3720,3544,1512,568,179
2018,3,A,골목상권,2110978,도곡2동주민센터(대치중학교),19220,5980,13240,98,3580,3658,6024,3996,1864,42,1430,1614,1211,830,853,56,2150,2044,4813,3166,1011
2018,3,A,골목상권,2110977,논현로18길,19530,10964,8566,48,2647,5239,5273,4288,2035,23,1116,3221,3134,2165,1305,25,1531,2018,2139,2123,730
2018,3,A,골목상권,2110976,언북초등학교,15108,5689,9419,81,4795,5448,2799,1224,761,12,1225,2143,1208,632,469,69,3570,3305,1591,592,292
2018,3,A,골목상권,2110975,매봉역 1번,16436,4816,11620,95,3277,3310,5699,3471,584,41,1316,1431,1025,582,421,54,1961,1879,4674,2889,163
2018,3,A,골목상권,2110974,언주중학교,9219,4738,4481,43,2279,3274,2050,1008,565,21,779,1624,1292,639,383,22,1500,1650,758,369,182
2018,3,A,골목상권,2110973,강남구청역 4번,15465,7370,8095,34,2391,4193,3896,3313,1638,9,760,2041,2016,1569,975,25,1631,2152,1880,1744,663
2018,3,A,골목상권,2110972,강남세브란스병원미래의학연구센터,17801,9310,8491,100,4389,5396,4115,2368,1433,35,1580,2775,2492,1414,1014,65,2809,2621,1623,954,419
2018,3,A,골목상권,2110971,선정릉역 4번,63190,31960,31230,208,15578,18296,13882,9230,5996,103,5702,10233,8077,4468,3377,105,9876,8063,5805,4762,2619
2018,3,A,골목상권,2110970,학동초등학교,14077,7454,6623,59,3175,4956,3504,1581,802,27,1080,2629,2199,988,531,32,2095,2327,1305,593,271
2018,3,A,골목상권,2110969,베르사이유1아파트,68116,40341,27775,203,14692,21895,17095,10416,3815,82,6219,13976,11746,6087,2231,121,8473,7919,5349,4329,1584
2018,3,A,골목상권,2110968,강남구청역 2번,19001,9891,9110,64,3748,6002,4602,2981,1604,27,1295,3106,2896,1575,992,37,2453,2896,1706,1406,612
2018,3,A,골목상권,2110967,역삼역 8번,54863,34364,20499,165,11000,16543,13419,9625,4111,71,5210,11243,9708,5725,2407,94,5790,5300,3711,3900,1704
2018,3,A,골목상권,2110966,논현2동주민센터,35227,19589,15638,95,6637,10885,8511,5751,3348,23,2272,5916,5561,3645,2172,72,4365,4969,2950,2106,1176
2018,3,A,골목상권,2110965,언주역 6번,25770,14434,11336,86,5318,7172,5745,4124,3325,40,2100,4232,3930,2211,1921,46,3218,2940,1815,1913,1404
2018,3,A,골목상권,2110964,싸리고개근린공원,6619,3839,2780,16,1143,1908,1709,1065,778,3,426,1065,1132,646,567,13,717,843,577,419,211
2018,3,A,골목상권,2110963,역삼월드메르디앙아파트,18680,10736,7944,45,3344,5808,4638,2745,2100,8,1129,3151,3133,1812,1503,37,2215,2657,1505,933,597
2018,3,A,골목상권,2110962,도산공원북측,9902,4497,5405,65,2928,3528,1784,946,651,15,992,1836,1000,362,292,50,1936,1692,784,584,359
2018,3,A,골목상권,2110961,언주역 3번,28703,14510,14193,111,7138,8707,5867,3364,3516,44,2260,4574,3612,1717,2303,67,4878,4133,2255,1647,1213
2018,3,A,골목상권,2110960,은광여고,20365,11899,8466,81,3653,6058,4898,3161,2514,36,1507,3426,3207,2012,1711,45,2146,2632,1691,1149,803
2018,3,A,골목상권,2110959,신구중학교,13427,6111,7316,128,3656,3889,2431,1726,1597,48,1349,1950,1394,668,702,80,2307,1939,1037,1058,895
2018,3,A,골목상권,2110958,역삼역 4번,64588,39666,24922,201,13698,21077,16347,10051,3214,70,6012,13529,11653,6309,2093,131,7686,7548,4694,3742,1121
2018,3,A,골목상권,2110957,언북중학교,35388,19112,16276,112,7965,11545,8314,4116,3336,25,2499,6213,5369,2726,2280,87,5466,5332,2945,1390,1056
2018,3,A,골목상권,2110956,언주역 8번,19524,10786,8738,94,4779,5749,4312,2837,1753,33,1855,3123,2931,1668,1176,61,2924,2626,1381,1169,577
2018,3,A,골목상권,2110955,논현초등학교,22872,12648,10224,82,5421,7004,5136,2890,2339,27,1990,3953,3393,1738,1547,55,3431,3051,1743,1152,792
2018,3,A,골목상권,2110954,국기원,28067,13824,14243,147,7800,9316,6069,2939,1796,36,2350,4623,3830,1841,1144,111,5450,4693,2239,1098,652
2018,3,A,골목상권,2110953,학동근린공원,28042,14390,13652,90,7923,9671,5999,2604,1755,23,2490,5162,3874,1599,1242,67,5433,4509,2125,1005,513
2018,3,A,골목상권,2110952,논현목련공원,9301,5220,4081,23,1758,3041,2513,1218,748,6,705,1735,1583,683,508,17,1053,1306,930,535,240
2018,3,A,골목상권,2110951,신사은행나무공원,17942,8766,9176,63,5470,5894,3533,1726,1256,24,1746,2932,2169,1018,877,39,3724,2962,1364,708,379
2018,3,A,골목상권,2110950,논현역 7번,23455,12512,10943,76,5211,8209,5901,2643,1415,14,1696,4519,3744,1602,937,62,3515,3690,2157,1041,478
2018,3,A,골목상권,2110949,한남IC,10535,5213,5322,61,2745,3559,2341,1138,691,29,873,1856,1392,621,442,32,1872,1703,949,517,249
2018,3,A,골목상권,2110948,헌인가구단지,301,159,142,0,31,70,95,82,23,0,6,39,57,40,17,0,25,31,38,42,6
2018,3,A,골목상권,2110947,청계산입구역 2번(내곡동주민센터),885,471,414,2,150,212,224,186,111,1,52,121,130,100,67,1,98,91,94,86,44
2018,3,A,골목상권,2110946,청계산원터골,767,438,329,2,122,189,192,160,102,1,46,115,125,91,60,1,76,74,67,69,42
2018,3,A,골목상권,2110945,본마을노인복지센터(서초구립내곡도서관),463,239,224,0,39,94,145,114,71,0,13,48,66,58,54,0,26,46,79,56,17
2018,3,A,골목상권,2110944,서울나래학교(염곡어린이공원),83774,77604,6170,22,6906,16675,24530,33896,1745,10,5738,14822,22367,33004,1663,12,1168,1853,2163,892,82
2018,3,A,골목상권,2110943,법제교육센터(버들어린이공원),12896,6829,6067,37,1528,2929,3586,2958,1858,28,661,1727,1960,1377,1076,9,867,1202,1626,1581,782
2018,3,A,골목상권,2110942,염곡동 구룡사(포이동성당),98199,86034,12165,49,8664,20227,28214,36968,4077,23,6591,17002,24691,34623,3104,26,2073,3225,3523,2345,973
2018,3,A,골목상권,2110941,언남고등학교,6389,3924,2465,23,906,1667,1793,1265,735,9,421,1030,1170,782,512,14,485,637,623,483,223
2018,3,A,골목상권,2110940,양재근린공원(양재2동주민센터),10575,6106,4469,251,2973,2503,2154,1602,1092,94,1445,1424,1357,962,824,157,1528,1079,797,640,268
2018,3,A,골목상권,2110939,양재역 8번(양재동우체국),35187,20402,14785,91,6273,9813,7658,5908,5444,38,2587,6058,4889,3475,3355,53,3686,3755,2769,2433,2089
2018,3,A,골목상권,2110938,바우뫼공원,12119,7426,4693,271,3420,3215,2498,1595,1120,113,1674,2057,1805,1028,749,158,1746,1158,693,567,371
2018,3,A,골목상권,2110937,방아다리근린공원(횃불트리니티신학대학원대학교),13242,8294,4948,49,2005,3752,3102,2356,1978,26,934,2394,2198,1541,1201,23,1071,1358,904,815,777
2018,3,A,골목상권,2110936,더케이호텔(양재리본타워2단지아파트),8875,5936,2939,239,2914,2534,1795,987,406,90,1584,1763,1435,756,308,149,1330,771,360,231,98
2018,3,A,골목상권,2110935,한전아트센터,9555,6359,3196,18,1651,2887,2453,1479,1067,4,784,1949,1801,1000,821,14,867,938,652,479,246
2018,3,A,골목상권,2110934,우면주공아파트,4241,2947,1294,4,485,770,866,1237,879,3,229,509,642,895,669,1,256,261,224,342,210
2018,3,A,골목상권,2110933,한국상담대학원대학교,6377,4314,2063,11,1091,2168,1674,927,506,3,542,1466,1254,668,381,8,549,702,420,259,125
2018,3,A,골목상권,2110932,서울시인재개발원,18226,9134,9092,75,4540,5034,4106,3222,1249,47,2027,3094,2233,1101,632,28,2513,1940,1873,2121,617
2018,3,A,골목상권,2110931,삼성전자서울R&D(서울우면초등학교),672,275,397,4,73,112,104,165,214,4,19,38,44,80,90,0,54,74,60,85,124
2018,3,A,골목상권,2110930,서초동성당,15560,8838,6722,23,2991,4851,4197,2349,1149,12,1382,2849,2319,1468,808,11,1609,2002,1878,881,341
2018,3,A,골목상권,2110929,남부터미널역 1번,23821,14142,9679,57,4549,7314,5981,3602,2318,14,1846,4361,4020,2231,1670,43,2703,2953,1961,1371,648
2018,3,A,골목상권,2110928,서초우방유쉘아파트,23133,13308,9825,117,4796,6803,5658,3635,2124,35,1980,4120,3585,2115,1473,82,2816,2683,2073,1520,651
2018,3,A,골목상권,2110927,잠원역,1079,509,570,1,118,220,226,239,275,0,22,86,89,101,211,1,96,134,137,138,64
2018,3,A,골목상권,2110926,신중초등학교,13573,8445,5128,31,2369,4383,3660,1985,1145,13,933,2783,2689,1293,734,18,1436,1600,971,692,411
2018,3,A,골목상권,2110925,서초중학교,10594,6503,4091,57,2388,3195,2332,1391,1231,27,1009,2051,1616,925,875,30,1379,1144,716,466,356
2018,3,A,골목상권,2110924,반포4동주민센터(몽마르뜨공원),24589,9325,15264,45,6368,8117,5926,3270,863,13,1235,3035,2727,1830,485,32,5133,5082,3199,1440,378
2018,3,A,골목상권,2110923,방배역 1번,5178,2974,2204,32,1001,1273,1062,850,960,5,379,728,692,437,733,27,622,545,370,413,227
2018,3,A,골목상권,2110922,내방역 1번,10386,5144,5242,22,1919,2765,2647,1913,1120,14,648,1474,1446,857,705,8,1271,1291,1201,1056,415
2018,3,A,골목상권,2110921,서울프랑스학교,5344,3205,2139,41,1066,1534,1356,879,468,11,495,940,886,596,277,30,571,594,470,283,191
2018,3,A,골목상권,2110920,방배역 2번(백석예술대학교),5583,3332,2251,31,1088,1360,1198,916,990,5,408,816,797,528,778,26,680,544,401,388,212
2018,3,A,골목상권,2110919,내방역 8번,8166,4108,4058,22,1584,2361,2055,1410,734,10,541,1223,1174,698,462,12,1043,1138,881,712,272
2018,3,A,골목상권,2110918,방배역 3번,7413,4340,3073,15,1235,1688,1813,1347,1315,9,416,946,1144,814,1011,6,819,742,669,533,304
2018,3,A,골목상권,2110917,서초소방서,2883,1895,988,4,426,862,787,531,273,2,202,572,554,376,189,2,224,290,233,155,84
2018,3,A,골목상권,2110916,내방역 4번,13417,6606,6811,36,2239,3455,3669,2521,1497,27,851,1824,1807,1077,1020,9,1388,1631,1862,1444,477
2018,3,A,골목상권,2110915,서래초등학교,4955,3276,1679,8,733,1626,1262,742,584,2,320,1109,895,528,422,6,413,517,367,214,162
2018,3,A,골목상권,2110914,내방역 6번,9310,4640,4670,29,1490,2468,2531,1816,976,14,599,1307,1244,799,677,15,891,1161,1287,1017,299
2018,3,A,골목상권,2110913,방현초등학교(방배119안전센터),10360,4810,5550,21,1406,2312,2179,2661,1781,8,498,1314,1204,947,839,13,908,998,975,1714,942
2018,3,A,골목상권,2110912,방배동사이길,4450,2865,1585,8,656,1328,1039,720,699,1,261,873,704,506,520,7,395,455,335,214,179
2018,3,A,골목상권,2110911,방배배수지체육공원,9227,3959,5268,19,1231,2170,1895,2386,1526,8,395,1168,990,754,644,11,836,1002,905,1632,882
2018,3,A,골목상권,2110910,내방역 5번,10571,5455,5116,33,1576,2659,2846,2096,1361,21,631,1382,1411,1012,998,12,945,1277,1435,1084,363
2018,3,A,골목상권,2110909,남태령역(서울전자고등학교),2567,1742,825,6,428,749,605,565,214,1,144,450,471,493,183,5,284,299,134,72,31
2018,3,A,골목상권,2110908,구반포역,2154,1314,840,7,339,554,508,347,399,7,190,353,316,222,226,0,149,201,192,125,173
2018,3,A,골목상권,2110907,방배초등학교,11319,5962,5357,33,1752,2825,3017,2141,1551,15,713,1472,1499,1123,1140,18,1039,1353,1518,1018,411
2018,3,A,골목상권,2110906,서문여고,4971,2907,2064,18,772,1134,1155,976,916,9,287,646,714,602,649,9,485,488,441,374,267
2018,3,A,골목상권,2110905,방배노인종합복지관(이수중학교),4426,2848,1578,4,563,1173,1158,926,602,3,292,762,820,615,356,1,271,411,338,311,246
2018,3,A,골목상권,2110904,이수역 5번,6978,3870,3108,17,1134,1808,1714,1302,1003,7,444,1007,1013,742,657,10,690,801,701,560,346
2018,3,A,골목상권,2110903,방배아이파크아파트,6484,3371,3113,16,828,1467,1477,1475,1221,9,320,870,842,659,671,7,508,597,635,816,550
2018,3,A,골목상권,2110902,사당역 4번,6553,3571,2982,13,1336,1565,1553,1315,771,9,523,873,926,717,523,4,813,692,627,598,248
2018,3,A,골목상권,2110901,인헌고등학교(인헌중학교),1688,745,943,6,224,403,451,393,211,0,64,195,200,168,118,6,160,208,251,225,93
2018,3,A,골목상권,2110900,낙성대역 1번(관악구민 종합체육센터),4043,2252,1791,15,614,961,888,743,822,4,222,508,459,420,639,11,392,453,429,323,183
2018,3,A,골목상권,2110899,낙성대역 5번(관악중학교),3565,2119,1446,13,609,995,812,599,537,5,252,618,515,330,399,8,357,377,297,269,138
2018,3,A,골목상권,2110898,청림동주민센터(상도중학교),1180,495,685,3,157,256,333,255,176,2,48,119,125,93,108,1,109,137,208,162,68
2018,3,A,골목상권,2110897,서울대입구역 8번,5641,2839,2802,33,1059,1228,1288,1114,919,20,465,626,666,534,528,13,594,602,622,580,391
2018,3,A,골목상권,2110896,관악우성아파트,1996,918,1078,6,284,428,482,410,386,3,109,220,241,186,159,3,175,208,241,224,227
2018,3,A,골목상권,2110895,샤로수길,11026,6364,4662,38,1690,2591,2461,2492,1754,18,766,1447,1380,1526,1227,20,924,1144,1081,966,527
2018,3,A,골목상권,2110894,관악동부센트레빌아파트(은천로35라길),1375,677,698,4,177,297,348,289,260,2,74,157,171,146,127,2,103,140,177,143,133
2018,3,A,골목상권,2110893,관악소방서(문영여고),2073,1542,531,1,261,673,475,474,189,0,161,519,349,376,137,1,100,154,126,98,52
2018,3,A,골목상권,2110892,관악구 중앙길,6323,2757,3566,18,936,1330,1590,1327,1122,11,308,571,748,570,549,7,628,759,842,757,573
2018,3,A,골목상권,2110891,구암초등학교,1352,440,912,4,157,262,354,363,212,4,44,98,110,99,85,0,113,164,244,264,127
2018,3,A,골목상권,2110890,봉천역 1번(관악초등학교),2476,1310,1166,5,337,500,652,499,483,4,139,261,359,246,301,1,198,239,293,253,182
2018,3,A,골목상권,2110889,봉천역 6번,2785,1020,1765,2,350,561,701,645,526,1,83,219,305,203,209,1,267,342,396,442,317
2018,3,A,골목상권,2110888,청룡동주민센터,1465,780,685,0,160,315,402,320,268,0,77,154,198,164,187,0,83,161,204,156,81
2018,3,A,골목상권,2110887,서울산업정보학교(서울삼성초등학교),1670,961,709,1,164,329,429,527,220,0,56,161,242,342,160,1,108,168,187,185,60
2018,3,A,골목상권,2110886,관악해태어린이공원,1857,1066,791,3,192,365,510,541,246,2,69,201,283,347,164,1,123,164,227,194,82
2018,3,A,골목상권,2110885,영락고등학교,1401,701,700,0,110,242,354,393,302,0,37,123,166,188,187,0,73,119,188,205,115
2018,3,A,골목상권,2110884,봉천역 4번(봉천110안전센터),3920,1795,2125,3,523,774,900,1005,715,2,151,360,425,430,427,1,372,414,475,575,288
2018,3,A,골목상권,2110883,은천초등학교(은천교앞),2996,1510,1486,6,389,596,699,792,514,3,133,301,345,377,351,3,256,295,354,415,163
2018,3,A,골목상권,2110882,신성초등학교,2847,1682,1165,3,272,468,729,816,559,2,112,271,425,505,367,1,160,197,304,311,192
2018,3,A,골목상권,2110881,구립대학경로당(관악산샘말공원),3272,1804,1468,4,379,669,826,859,535,3,142,336,429,517,377,1,237,333,397,342,158
2018,3,A,골목상권,2110880,신림역 1번,3189,1340,1849,10,727,701,706,623,422,4,213,293,331,253,246,6,514,408,375,370,176
2018,3,A,골목상권,2110879,신림현대아파트,1697,901,796,2,191,249,400,462,393,2,65,130,212,243,249,0,126,119,188,219,144
2018,3,A,골목상권,2110878,미림여고,656,304,352,1,79,162,129,158,127,1,21,71,57,69,85,0,58,91,72,89,42
2018,3,A,골목상권,2110877,신림역 8번,5331,2453,2878,14,1016,1137,1232,1120,812,5,340,516,605,491,496,9,676,621,627,629,316
2018,3,A,골목상권,2110876,서원동주민센터(신관중학교),2890,1357,1533,9,441,486,536,632,786,2,162,226,250,269,448,7,279,260,286,363,338
2018,3,A,골목상권,2110875,보라매동주민센터(당곡고등학교),2055,1047,1008,5,277,417,495,493,368,1,128,202,248,231,237,4,149,215,247,262,131
2018,3,A,골목상권,2110874,원신초등학교(구세군관악영문교회),1774,914,860,5,212,361,423,423,350,4,66,153,203,228,260,1,146,208,220,195,90
2018,3,A,골목상권,2110873,당곡중학교,9910,4564,5346,21,1581,3151,2942,1603,612,10,497,1336,1370,947,404,11,1084,1815,1572,656,208
2018,3,A,골목상권,2110872,신림초등학교,710,257,453,0,99,161,178,161,111,0,37,59,68,51,42,0,62,102,110,110,69
2018,3,A,골목상권,2110871,신원동주민센터,3230,1426,1804,13,507,551,633,705,821,4,205,254,281,282,400,9,302,297,352,423,421
2018,3,A,골목상권,2110870,신림주공2단지(광신고등학교),359,156,203,3,30,64,92,106,64,2,5,24,38,54,33,1,25,40,54,52,31
2018,3,A,골목상권,2110869,"신림역 5번(신림동주민센터, 신림동별빛거리)",9879,5229,4650,30,1484,2425,2868,1898,1174,16,618,1183,1501,1177,734,14,866,1242,1367,721,440
2018,3,A,골목상권,2110868,남부초등학교,4010,1829,2181,14,542,676,847,995,936,6,229,331,384,415,464,8,313,345,463,580,472
2018,3,A,골목상권,2110867,국제신학대학원대학교(남서울중학교),3884,1789,2095,11,465,655,842,980,931,3,199,310,389,431,457,8,266,345,453,549,474
2018,3,A,골목상권,2110866,난우중학교,1273,483,790,1,175,296,337,330,134,1,35,100,132,146,69,0,140,196,205,184,65
2018,3,A,골목상권,2110865,남강고등학교(남강중학교),1670,645,1025,2,209,338,439,427,255,1,58,134,181,170,101,1,151,204,258,257,154
2018,3,A,골목상권,2110864,신림우방아파트,1354,679,675,1,137,266,384,372,194,1,47,128,192,178,133,0,90,138,192,194,61
2018,3,A,골목상권,2110863,난우초등학교,1844,800,1044,3,219,377,448,481,316,0,62,154,210,218,156,3,157,223,238,263,160
2018,3,A,골목상권,2110862,난곡초등학교(난곡동벽화마을),1321,521,800,2,188,268,344,317,202,1,49,106,142,123,100,1,139,162,202,194,102
2018,3,A,골목상권,2110861,관악구신사동주민센터,3960,1954,2006,8,406,767,962,1044,773,3,136,402,457,495,461,5,270,365,505,549,312
2018,3,A,골목상권,2110860,호림박물관(성보고등학교),2957,1500,1457,4,289,533,698,839,594,2,102,263,343,429,361,2,187,270,355,410,233
2018,3,A,골목상권,2110859,난향초등학교,1038,351,687,0,68,157,201,343,269,0,9,47,77,98,120,0,59,110,124,245,149
2018,3,A,골목상권,2110858,신대방역 1번,2336,1662,674,8,364,688,644,422,210,4,247,542,472,256,141,4,117,146,172,166,69
2018,3,A,골목상권,2110857,미성동주민센터,1951,818,1133,4,209,395,494,524,325,1,66,150,207,221,173,3,143,245,287,303,152
2018,3,A,골목상권,2110856,미성초등학교,5045,3334,1711,4,366,826,901,1050,1898,2,151,455,496,623,1607,2,215,371,405,427,291
2018,3,A,골목상권,2110855,신대방역 2번,6610,4692,1918,9,656,1329,1346,1269,2001,5,375,918,880,808,1706,4,281,411,466,461,295
2018,3,A,골목상권,2110854,조원동주민센터,4219,3011,1208,0,340,661,714,887,1617,0,170,412,437,539,1453,0,170,249,277,348,164
2018,3,A,골목상권,2110853,KT구로지사,4790,2534,2256,7,641,1022,1112,1153,855,5,240,530,609,583,567,2,401,492,503,570,288
2018,3,A,골목상권,2110852,이수역 9번,5325,3026,2299,14,728,1372,1532,1059,620,8,284,769,928,625,412,6,444,603,604,434,208
2018,3,A,골목상권,2110851,경문고등학교(동작동성당),3770,1580,2190,16,441,795,917,1068,533,7,147,416,421,351,238,9,294,379,496,717,295
2018,3,A,골목상권,2110850,사당역 10번,10985,6034,4951,21,1911,2555,2682,2272,1544,14,765,1442,1601,1247,965,7,1146,1113,1081,1025,579
2018,3,A,골목상권,2110849,이수역 10번,5293,2443,2850,23,703,1082,1223,1214,1048,9,226,506,582,545,575,14,477,576,641,669,473
2018,3,A,골목상권,2110848,양지어린이공원,4487,2284,2203,6,495,831,1121,911,1123,5,175,411,584,434,675,1,320,420,537,477,448
2018,3,A,골목상권,2110847,예술인마을,2939,1595,1344,1,514,714,711,643,356,0,198,407,419,323,248,1,316,307,292,320,108
2018,3,A,골목상권,2110846,남성역 1번,3481,1727,1754,3,358,578,764,757,1021,2,146,251,345,345,638,1,212,327,419,412,383
2018,3,A,골목상권,2110845,사당종합체육관,741,423,318,0,74,110,163,224,170,0,18,58,89,140,118,0,56,52,74,84,52
2018,3,A,골목상권,2110844,흑석2치안센터,715,395,320,1,81,119,158,200,156,1,35,71,74,105,109,0,46,48,84,95,47
2018,3,A,골목상권,2110843,사당5동주민센터,1349,664,685,3,190,287,348,342,179,2,79,112,170,175,126,1,111,175,178,167,53
2018,3,A,골목상권,2110842,흑리단길,2811,883,1928,3,693,863,645,418,189,2,151,244,218,163,105,1,542,619,427,255,84
2018,3,A,골목상권,2110841,중대부중,5118,2368,2750,2,932,1447,1253,1045,439,0,220,535,650,640,323,2,712,912,603,405,116
2018,3,A,골목상권,2110840,중앙대학교,5179,2338,2841,4,994,1462,1239,1028,452,1,243,548,633,604,309,3,751,914,606,424,143
2018,3,A,골목상권,2110839,숭실대입구역 4번,2587,1263,1324,8,303,638,707,617,314,1,89,283,330,342,218,7,214,355,377,275,96
2018,3,A,골목상권,2110838,상도1동주민센터앞,2551,1375,1176,8,255,613,715,619,341,0,84,289,374,389,239,8,171,324,341,230,102
2018,3,A,골목상권,2110837,숭실대입구역 1번,3693,1807,1886,8,395,871,1032,866,521,0,125,391,489,474,328,8,270,480,543,392,193
2018,3,A,골목상권,2110836,상도역 5번,4944,2736,2208,3,607,1150,1328,1150,706,0,208,569,780,723,456,3,399,581,548,427,250
2018,3,A,골목상권,2110835,상도역 1번,2030,976,1054,2,276,444,544,464,300,0,97,212,265,235,167,2,179,232,279,229,133
2018,3,A,골목상권,2110834,동작구자원봉사센터,1398,612,786,3,182,274,333,338,268,2,65,155,157,130,103,1,117,119,176,208,165
2018,3,A,골목상권,2110833,상도역 2번,2520,1076,1444,2,321,524,702,657,314,0,100,218,293,316,149,2,221,306,409,341,165
2018,3,A,골목상권,2110832,노량진초등학교,7053,3993,3060,12,952,1713,1698,1764,914,3,472,906,1004,1072,536,9,480,807,694,692,378
2018,3,A,골목상권,2110831,상도4동주민센터,1370,554,816,0,180,297,364,351,178,0,63,108,149,133,101,0,117,189,215,218,77
2018,3,A,골목상권,2110830,상도초등학교,2106,723,1383,2,269,404,600,504,327,0,72,125,212,166,148,2,197,279,388,338,179
2018,3,A,골목상권,2110829,장승배기역 5번,3104,1497,1607,3,455,621,740,806,479,0,248,307,336,377,229,3,207,314,404,429,250
2018,3,A,골목상권,2110828,노량진역 6번,9040,5171,3869,12,1118,2756,2364,1839,951,3,489,1519,1444,1117,599,9,629,1237,920,722,352
2018,3,A,골목상권,2110827,NH농협은행 상도동지점,2296,905,1391,15,327,480,590,537,347,6,110,198,243,187,161,9,217,282,347,350,186
2018,3,A,골목상권,2110826,장승배기역 4번,3227,1275,1952,16,469,643,819,748,532,6,185,292,308,259,225,10,284,351,511,489,307
2018,3,A,골목상권,2110825,신대방삼거리역 1번,3202,1319,1883,12,413,698,807,776,496,5,122,285,348,295,264,7,291,413,459,481,232
2018,3,A,골목상권,2110824,대방역 3번,4155,2149,2006,8,648,1069,989,888,553,0,240,584,550,454,321,8,408,485,439,434,232
2018,3,A,골목상권,2110823,신대방삼거리역 3번,15520,7469,8051,53,2622,4566,4357,2726,1196,33,1051,2181,2104,1387,713,20,1571,2385,2253,1339,483
2018,3,A,골목상권,2110822,신대방삼거리역 4번(대림초등학교),7018,3691,3327,68,1201,1459,1493,1619,1178,28,632,856,689,742,744,40,569,603,804,877,434
2018,3,A,골목상권,2110821,보라매역 2번,13260,6832,6428,85,2079,3018,3261,3016,1801,32,1052,1765,1494,1411,1078,53,1027,1253,1767,1605,723
2018,3,A,골목상권,2110820,성남고등학교,2337,1131,1206,2,233,491,556,681,374,1,95,216,249,335,235,1,138,275,307,346,139
2018,3,A,골목상권,2110819,신대방역 4번,6394,3334,3060,9,1207,1626,1663,1250,639,5,401,876,939,714,399,4,806,750,724,536,240
2018,3,A,골목상권,2110818,신대방역 3번,3010,1950,1060,8,438,775,834,582,373,5,264,544,550,337,250,3,174,231,284,245,123
2018,3,A,골목상권,2110817,대방역 4번,5021,2557,2464,10,696,1113,1166,1097,939,4,243,557,642,558,553,6,453,556,524,539,386
2018,3,A,골목상권,2110816,대방역 6번,4461,2366,2095,6,628,945,998,1004,880,1,225,493,600,529,518,5,403,452,398,475,362
2018,3,A,골목상권,2110815,공군호텔,6097,3205,2892,18,819,1430,1491,1401,938,7,265,737,830,739,627,11,554,693,661,662,311
2018,3,A,골목상권,2110814,서울지방병무청,4455,2256,2199,10,593,927,970,1151,804,1,232,468,484,562,509,9,361,459,486,589,295
2018,3,A,골목상권,2110813,보라매역 6번,5326,2998,2328,37,711,1080,1145,1221,1132,5,296,609,656,669,763,32,415,471,489,552,369
2018,3,A,골목상권,2110812,신길6동주민센터,8957,4596,4361,52,1217,2324,2480,1994,890,7,538,1313,1206,1014,518,45,679,1011,1274,980,372
2018,3,A,골목상권,2110811,보라매역 4번,8094,4176,3918,53,1091,2126,2240,1805,779,7,500,1199,1074,935,461,46,591,927,1166,870,318
2018,3,A,골목상권,2110810,영신초등학교,4054,2037,2017,10,396,809,1017,1017,805,8,134,386,525,496,488,2,262,423,492,521,317
2018,3,A,골목상권,2110809,장훈고등학교,1809,773,1036,10,212,424,488,422,253,7,70,196,212,177,111,3,142,228,276,245,142
2018,3,A,골목상권,2110808,신길역 1번,2509,1248,1261,18,347,502,541,551,550,8,131,251,262,257,339,10,216,251,279,294,211
2018,3,A,골목상권,2110807,신길역 3번,3024,1579,1445,18,460,743,624,568,611,8,159,371,363,292,386,10,301,372,261,276,225
2018,3,A,골목상권,2110806,서울시립영등포장애인복지관,3763,2587,1176,2,372,809,923,925,732,2,167,488,673,700,557,0,205,321,250,225,175
2018,3,A,골목상권,2110805,신길새마을금고신길4동지점,1299,695,604,2,202,279,337,283,196,0,120,165,188,127,95,2,82,114,149,156,101
2018,3,A,골목상권,2110804,신풍역 1번,2806,1389,1417,5,272,561,675,681,612,2,120,274,315,308,370,3,152,287,360,373,242
2018,3,A,골목상권,2110803,신길2동우편취급국,2296,971,1325,3,220,479,572,598,424,2,73,210,219,256,211,1,147,269,353,342,213
2018,3,A,골목상권,2110802,신길동홍어거리,1708,677,1031,2,161,343,406,449,347,2,50,153,177,174,121,0,111,190,229,275,226
2018,3,A,골목상권,2110801,신풍역 6번(신길6동공영주차장),612,239,373,1,76,122,152,161,100,0,20,50,50,63,56,1,56,72,102,98,44
2018,3,A,골목상권,2110800,영등포동성당,7001,4526,2475,5,853,1493,1677,1597,1376,4,348,912,1157,1156,949,1,505,581,520,441,427
2018,3,A,골목상권,2110799,영등포본동주민센터,1723,863,860,18,252,306,400,396,351,9,103,163,198,192,198,9,149,143,202,204,153
2018,3,A,골목상권,2110798,신풍역 2번,1416,560,856,4,141,245,333,376,317,0,42,102,118,143,155,4,99,143,215,233,162
2018,3,A,골목상권,2110797,KT대방빌딩,1812,607,1205,3,564,445,347,286,167,0,99,160,106,121,121,3,465,285,241,165,46
2018,3,A,골목상권,2110796,한림대학교한강성심병원,6965,4603,2362,5,793,1356,1699,1626,1486,4,349,863,1168,1173,1046,1,444,493,531,453,440
2018,3,A,골목상권,2110795,도림초등학교,2291,1040,1251,4,228,511,591,567,390,2,72,237,304,245,180,2,156,274,287,322,210
2018,3,A,골목상권,2110794,영동초등학교,12548,8007,4541,42,1819,3276,3094,2442,1875,22,835,2159,2125,1565,1301,20,984,1117,969,877,574
2018,3,A,골목상권,2110793,대림썬프라자,1801,617,1184,3,559,461,344,277,157,0,98,166,120,122,111,3,461,295,224,155,46
2018,3,A,골목상권,2110792,영등포역 2번,3868,1927,1941,23,482,937,991,855,580,9,161,435,497,462,363,14,321,502,494,393,217
2018,3,A,골목상권,2110791,신풍역 3번,1401,583,818,1,133,303,324,393,247,0,59,125,117,156,126,1,74,178,207,237,121
2018,3,A,골목상권,2110790,대림1동주민센터,1971,872,1099,8,243,364,473,508,375,2,78,168,192,221,211,6,165,196,281,287,164
2018,3,A,골목상권,2110789,대림성모병원,3385,1240,2145,1,780,798,729,677,400,1,145,312,298,290,194,0,635,486,431,387,206
2018,3,A,골목상권,2110788,영등포시장역 3번,3737,2112,1625,11,605,899,880,735,607,5,300,511,500,414,382,6,305,388,380,321,225
2018,3,A,골목상권,2110787,신길3동주민센터,1880,875,1005,3,161,403,509,507,297,1,51,165,242,225,191,2,110,238,267,282,106
2018,3,A,골목상권,2110786,당산역 8번,9938,6070,3868,46,1146,1656,2124,2470,2496,24,626,1139,1344,1376,1561,22,520,517,780,1094,935
2018,3,A,골목상권,2110785,영등포푸르지오아파트,1897,948,949,4,213,410,498,447,325,2,56,190,263,222,215,2,157,220,235,225,110
2018,3,A,골목상권,2110784,신대림초등학교,1458,546,912,0,176,307,349,397,229,0,29,124,130,161,102,0,147,183,219,236,127
2018,3,A,골목상권,2110783,영등포시장역 1번,12653,8067,4586,72,1951,3406,3071,2597,1556,41,959,2194,2123,1685,1065,31,992,1212,948,912,491
2018,3,A,골목상권,2110782,영등포시장역 4번,4985,2532,2453,24,933,1241,1165,917,705,7,366,628,623,479,429,17,567,613,542,438,276
2018,3,A,골목상권,2110781,대림한신아파트,2097,971,1126,6,221,408,550,540,372,3,63,182,252,265,206,3,158,226,298,275,166
2018,3,A,골목상권,2110780,신길대성유니드아파트,1830,936,894,3,182,381,463,506,295,1,88,196,236,249,166,2,94,185,227,257,129
2018,3,A,골목상권,2110779,대림갑을명가아파트,1079,536,543,6,136,210,288,249,190,3,45,108,147,123,110,3,91,102,141,126,80
2018,3,A,골목상권,2110778,구로디지털단지역 4번,19262,11382,7880,54,4465,7308,4132,1991,1312,31,1761,4798,2758,1180,854,23,2704,2510,1374,811,458
2018,3,A,골목상권,2110777,구로세무서,19416,9949,9467,120,4129,5782,5004,2657,1724,45,1591,3023,2625,1503,1162,75,2538,2759,2379,1154,562
2018,3,A,골목상권,2110776,도신초등학교,5713,3432,2281,20,772,1416,1562,1203,740,12,365,922,1002,677,454,8,407,494,560,526,286
2018,3,A,골목상권,2110775,대동초등학교,1465,722,743,1,111,289,361,377,326,1,37,134,172,182,196,0,74,155,189,195,130
2018,3,A,골목상권,2110774,당산반도유보라팰리스아파트,21815,11402,10413,128,5210,6337,4995,3194,1951,57,1885,3307,2646,2040,1467,71,3325,3030,2349,1154,484
2018,3,A,골목상권,2110773,당산역 13번,11787,7776,4011,52,1826,3107,2731,1877,2194,23,932,2346,1988,1070,1417,29,894,761,743,807,777
2018,3,A,골목상권,2110772,신우어린이공원,3653,2381,1272,16,537,1023,1006,705,366,10,280,714,716,428,233,6,257,309,290,277,133
2018,3,A,골목상권,2110771,대림역 11번,1896,955,941,1,187,399,518,477,314,1,58,197,255,261,183,0,129,202,263,216,131
2018,3,A,골목상권,2110770,영등포구청역 6번,9910,4973,4937,18,1108,2234,2437,2269,1844,9,408,1062,1258,1198,1038,9,700,1172,1179,1071,806
2018,3,A,골목상권,2110769,대림차이나타운(대림역 12번),1518,746,772,0,163,340,435,389,191,0,53,146,204,218,125,0,110,194,231,171,66
2018,3,A,골목상권,2110768,도림2동유수지내체육시설,5216,2218,2998,21,927,1765,1037,711,755,13,248,507,530,428,492,8,679,1258,507,283,263
2018,3,A,골목상권,2110767,도림동주민센터,7506,3743,3763,38,1285,2244,1560,1293,1086,18,449,812,874,837,753,20,836,1432,686,456,333
2018,3,A,골목상권,2110766,대림역 5번,15111,9979,5132,19,1935,3719,3691,3293,2454,12,1257,2855,2629,1854,1372,7,678,864,1062,1439,1082
2018,3,A,골목상권,2110765,문래동사거리,22101,11178,10923,106,4439,6624,5430,3231,2271,46,1640,3080,2928,1948,1536,60,2799,3544,2502,1283,735
2018,3,A,골목상권,2110764,문래역 3번,6584,3604,2980,11,883,1752,1536,1128,1274,5,462,1064,780,605,688,6,421,688,756,523,586
2018,3,A,골목상권,2110763,영등포구청역 2번,17760,8639,9121,51,3141,4258,3477,3512,3321,22,1096,1977,1716,1752,2076,29,2045,2281,1761,1760,1245
2018,3,A,골목상권,2110762,선유도역 1번,32982,17479,15503,98,5602,10963,10100,4551,1668,41,2255,5907,5355,2703,1218,57,3347,5056,4745,1848,450
2018,3,A,골목상권,2110761,문래동남성맨션,7012,3556,3456,22,1172,2176,1405,1299,938,9,409,784,820,881,653,13,763,1392,585,418,285
2018,3,A,골목상권,2110760,선유도역 6번,32464,17175,15289,88,5607,11310,9891,4268,1300,33,2372,6240,5179,2441,910,55,3235,5070,4712,1827,390
2018,3,A,골목상권,2110759,문래예술촌(문래창작촌),31804,18281,13523,113,5994,8619,7947,5232,3899,45,2527,4910,4629,3236,2934,68,3467,3709,3318,1996,965
2018,3,A,골목상권,2110758,문래소공원,14975,9656,5319,25,2628,3607,3347,2524,2844,6,1382,2328,2088,1640,2212,19,1246,1279,1259,884,632
2018,3,A,골목상권,2110757,양평역 2번,8128,4997,3131,29,1065,2083,2057,1617,1277,14,549,1383,1246,882,923,15,516,700,811,735,354
2018,3,A,골목상권,2110756,문래중학교,7075,4510,2565,4,843,1643,1689,1298,1598,2,445,1027,958,782,1296,2,398,616,731,516,302
2018,3,A,골목상권,2110755,동일여자고등학교,2474,1070,1404,5,219,413,611,809,417,2,50,132,274,375,237,3,169,281,337,434,180
2018,3,A,골목상권,2110754,삼성산자연공원(서울금천초등학교),3027,1310,1717,6,247,474,748,1007,545,4,62,165,355,444,280,2,185,309,393,563,265
2018,3,A,골목상권,2110753,시흥동 은행나무사거리,3021,1373,1648,6,260,505,783,975,492,2,69,191,358,479,274,4,191,314,425,496,218
2018,3,A,골목상권,2110752,한울중학교,1623,629,994,1,145,265,440,480,292,1,46,93,142,178,169,0,99,172,298,302,123
2018,3,A,골목상권,2110751,난곡중학교,5020,3292,1728,1,387,897,930,1089,1716,1,178,497,519,607,1490,0,209,400,411,482,226
2018,3,A,골목상권,2110750,시흥4동주민센터(서울신흥초등학교),1356,442,914,0,145,225,356,443,187,0,36,73,126,137,70,0,109,152,230,306,117
2018,3,A,골목상권,2110749,금산초등학교(금천고등학교),8794,5417,3377,9,664,1543,2654,2631,1293,1,352,976,1532,1570,986,8,312,567,1122,1061,307
2018,3,A,골목상권,2110748,백산초등학교,2360,1231,1129,5,230,452,616,614,443,2,100,247,305,289,288,3,130,205,311,325,155
2018,3,A,골목상권,2110747,석수역 1번 출입구,1269,896,373,7,88,215,349,391,219,1,53,145,228,282,187,6,35,70,121,109,32
2018,3,A,골목상권,2110746,금천금빛공원(은행나무사거리서측),2922,1316,1606,5,341,496,712,796,572,4,111,230,341,310,320,1,230,266,371,486,252
2018,3,A,골목상권,2110745,독산동정훈단지,1567,581,986,1,159,240,445,442,280,0,36,80,139,167,159,1,123,160,306,275,121
2018,3,A,골목상권,2110744,독산동성당,2398,972,1426,2,233,364,634,714,451,1,68,135,223,285,260,1,165,229,411,429,191
2018,3,A,골목상권,2110743,시흥초등학교(시흥1동우체국),3994,1275,2719,4,475,589,803,988,1135,2,115,229,303,280,346,2,360,360,500,708,789
2018,3,A,골목상권,2110742,KT금천빌딩(금천구시설관리공단),6423,4090,2333,9,483,1117,1871,1909,1034,3,284,710,1148,1212,733,6,199,407,723,697,301
2018,3,A,골목상권,2110741,독산2동주민센터,2897,1572,1325,2,276,546,821,808,444,1,130,314,426,415,286,1,146,232,395,393,158
2018,3,A,골목상권,2110740,금천해태공원,5984,2497,3487,22,1197,1477,1190,1001,1097,10,520,748,460,348,411,12,677,729,730,653,686
2018,3,A,골목상권,2110739,시흥3동 우편취급국,7000,4308,2692,5,539,1193,2171,2076,1016,1,292,783,1271,1203,758,4,247,410,900,873,258
2018,3,A,골목상권,2110738,문성초등학교,4104,2187,1917,15,521,822,995,1089,662,5,200,423,526,586,447,10,321,399,469,503,215
2018,3,A,골목상권,2110737,금천세무서,3466,1977,1489,6,351,678,891,942,598,4,135,373,521,530,414,2,216,305,370,412,184
2018,3,A,골목상권,2110736,독산119안전센터,5938,3515,2423,25,645,1092,1501,1616,1059,13,316,669,871,905,741,12,329,423,630,711,318
2018,3,A,골목상권,2110735,말미고개,4809,2893,1916,19,538,935,1296,1256,765,14,306,599,755,689,530,5,232,336,541,567,235
2018,3,A,골목상권,2110734,금천파출소,3854,1736,2118,17,1027,1203,724,534,349,8,428,629,298,190,183,9,599,574,426,344,166
2018,3,A,골목상권,2110733,금천어울림복지센터,4911,2200,2711,12,487,1022,1093,1154,1143,4,179,418,495,614,490,8,308,604,598,540,653
2018,3,A,골목상권,2110732,가산초등학교(세일중학교),6468,3932,2536,12,850,1415,1559,1642,990,9,450,903,942,937,691,3,400,512,617,705,299
2018,3,A,골목상권,2110731,금천구청역 1번 출입구,7660,3385,4275,27,1320,1984,1532,1476,1321,10,541,918,642,705,569,17,779,1066,890,771,752
2018,3,A,골목상권,2110730,서울축산농협 독산역지점(독산파출소),10102,6345,3757,28,1234,2485,2755,2410,1190,20,672,1674,1726,1421,832,8,562,811,1029,989,358
2018,3,A,골목상권,2110729,가산동우체국,12427,7514,4913,28,2240,3579,3155,2112,1313,15,1100,2293,2031,1206,869,13,1140,1286,1124,906,444
2018,3,A,골목상권,2110728,두산초등학교,27364,17894,9470,134,4242,7725,7337,5006,2920,83,2180,5218,5054,3202,2157,51,2062,2507,2283,1804,763
2018,3,A,골목상권,2110727,독산역 1번 출입구,22371,14361,8010,111,3555,6356,6026,3956,2367,67,1807,4262,4066,2460,1699,44,1748,2094,1960,1496,668
2018,3,A,골목상권,2110726,금천철쭉어린이공원(금하마을),579,222,357,1,39,74,122,124,219,0,17,38,50,50,67,1,22,36,72,74,152
2018,3,A,골목상권,2110725,가산동주민센터,31525,19424,12101,100,6250,10426,8092,4633,2024,46,3194,6823,5291,2632,1438,54,3056,3603,2801,2001,586
2018,3,A,골목상권,2110724,금천구립가산도서관,26827,17503,9324,109,4658,8389,7143,4520,2008,56,2605,5704,4852,2827,1459,53,2053,2685,2291,1693,549
2018,3,A,골목상권,2110723,가산디지털단지역 1번 출입구,53322,33935,19387,187,10923,17566,13833,7595,3218,110,5307,11639,9681,4843,2355,77,5616,5927,4152,2752,863
2018,3,A,골목상권,2110722,G타워,45818,28286,17532,150,9669,16877,11105,5070,2947,84,4336,11180,7482,3046,2158,66,5333,5697,3623,2024,789
2018,3,A,골목상권,2110721,가리봉파출소,26363,16702,9661,83,5085,8481,6546,3885,2283,47,2483,5815,4564,2233,1560,36,2602,2666,1982,1652,723
2018,3,A,골목상권,2110720,대림역 2번,3589,1946,1643,2,369,669,970,990,589,1,117,277,487,632,432,1,252,392,483,358,157
2018,3,A,골목상권,2110719,영서중학교,26617,15429,11188,142,5094,7801,6313,4549,2718,79,2328,4954,4212,2298,1558,63,2766,2847,2101,2251,1160
2018,3,A,골목상권,2110718,한국SGI본부,16804,10193,6611,29,2573,4837,3830,3259,2276,14,1356,2912,2605,1917,1389,15,1217,1925,1225,1342,887
2018,3,A,골목상권,2110717,남구로역 2번,52270,31724,20546,245,10111,15924,12729,8349,4912,149,4748,10604,8656,4460,3107,96,5363,5320,4073,3889,1805
2018,3,A,골목상권,2110716,구로나눔길,8571,4014,4557,6,1483,2486,1934,1833,829,1,386,1108,962,1071,486,5,1097,1378,972,762,343
2018,3,A,골목상권,2110715,구로구민회관,13807,8801,5006,15,1788,3642,3337,3066,1959,7,1081,2549,2204,1795,1165,8,707,1093,1133,1271,794
2018,3,A,골목상권,2110714,구로4동주민센터,10095,4741,5354,6,1631,2660,2313,2347,1138,1,400,1108,1097,1395,740,5,1231,1552,1216,952,398
2018,3,A,골목상권,2110713,구로보건소,8419,4749,3670,32,1131,1945,2180,1948,1183,17,461,1140,1303,1086,742,15,670,805,877,862,441
2018,3,A,골목상권,2110712,남구로역 5번,1941,782,1159,1,232,365,507,484,352,1,64,156,203,174,184,0,168,209,304,310,168
2018,3,A,골목상권,2110711,구로초등학교,9944,4754,5190,25,1772,2791,2202,2087,1067,15,534,1290,1097,1199,619,10,1238,1501,1105,888,448
2018,3,A,골목상권,2110710,남구로역 3번,44462,27326,17136,133,9325,14612,11073,6255,3064,74,4285,9306,7574,3895,2192,59,5040,5306,3499,2360,872
2018,3,A,골목상권,2110709,구로119안전센터,3795,1198,2597,1,956,1129,715,655,339,0,170,367,254,235,172,1,786,762,461,420,167
2018,3,A,골목상권,2110708,화원어린이공원,2620,1472,1148,20,397,532,648,575,448,16,193,307,355,326,275,4,204,225,293,249,173
2018,3,A,골목상권,2110707,구로창업지원센터,6746,4425,2321,15,622,1355,1735,1817,1202,11,342,842,1095,1215,920,4,280,513,640,602,282
2018,3,A,골목상권,2110706,그라운드 고척,4458,2661,1797,3,485,854,1048,1073,995,1,193,481,624,637,725,2,292,373,424,436,270
2018,3,A,골목상권,2110705,고산초등학교,4454,2675,1779,2,505,858,1080,1137,872,0,223,485,635,669,663,2,282,373,445,468,209
2018,3,A,골목상권,2110704,고척중학교,4242,2449,1793,3,491,811,1015,1059,863,1,210,446,567,576,649,2,281,365,448,483,214
2018,3,A,골목상권,2110703,개봉역,4737,2650,2087,3,502,920,1315,1269,728,2,227,515,696,726,484,1,275,405,619,543,244
2018,3,A,골목상권,2110702,개봉초등학교,4817,2453,2364,0,156,309,492,705,3155,0,47,122,198,286,1800,0,109,187,294,419,1355
2018,3,A,골목상권,2110701,고척동성당,2336,1259,1077,3,214,370,550,572,627,1,77,204,274,311,392,2,137,166,276,261,235
2018,3,A,골목상권,2110700,고척초등학교,4059,2211,1848,3,369,687,1052,1060,888,1,153,386,553,579,539,2,216,301,499,481,349
2018,3,A,골목상권,2110699,덕의초등학교,1464,710,754,0,147,254,393,392,278,0,59,130,157,191,173,0,88,124,236,201,105
2018,3,A,골목상권,2110698,개웅초등학교(개웅중학교),5024,2530,2494,1,180,335,510,794,3204,1,49,132,191,325,1832,0,131,203,319,469,1372
2018,3,A,골목상권,2110697,개봉3동주민센터,4473,2467,2006,1,113,282,394,592,3091,1,43,165,189,277,1792,0,70,117,205,315,1299
2018,3,A,골목상권,2110696,오류동역 1번,1855,864,991,1,245,321,487,457,344,1,68,125,210,228,232,0,177,196,277,229,112
2018,3,A,골목상권,2110695,개봉1동주민센터,2113,931,1182,1,186,334,611,583,398,1,57,161,261,245,206,0,129,173,350,338,192
2018,3,A,골목상권,2110694,세곡초등학교,1574,660,914,1,146,301,443,499,184,1,48,129,156,225,101,0,98,172,287,274,83
2018,3,A,골목상권,2110693,오류동역 4번,1903,975,928,9,200,280,436,522,456,5,83,164,184,214,325,4,117,116,252,308,131
2018,3,A,골목상권,2110692,큰굴다리,1495,702,793,2,184,288,370,388,263,1,62,158,164,169,148,1,122,130,206,219,115
2018,3,A,골목상권,2110691,개봉중학교,1442,526,916,1,180,259,354,425,223,1,46,112,119,148,100,0,134,147,235,277,123
2018,3,A,골목상권,2110690,오류2동버들시장,5075,2470,2605,17,523,941,1219,1367,1008,7,168,437,544,607,707,10,355,504,675,760,301
2018,3,A,골목상권,2110689,오류동역 3번,3307,1514,1793,14,380,571,784,886,672,5,125,304,327,331,422,9,255,267,457,555,250
2018,3,A,골목상권,2110688,오류지구대,2377,1344,1033,7,261,439,576,610,484,1,83,224,327,341,368,6,178,215,249,269,116
2018,3,A,골목상권,2110687,"천왕역 3번(오류2동주민센터, 서울오류남초등학교)",1566,807,759,3,149,361,409,414,230,2,54,168,206,206,171,1,95,193,203,208,59
2018,3,A,골목상권,2110686,수궁동주민센터,2820,1691,1129,2,263,534,722,759,540,0,97,289,453,451,401,2,166,245,269,308,139
2018,3,A,골목상권,2110685,금강수목원아파트,1465,981,484,0,121,225,355,442,322,0,50,135,225,296,275,0,71,90,130,146,47
2018,3,A,골목상권,2110684,서울공연예술고등학교,1352,667,685,1,110,300,376,403,162,0,32,152,208,193,82,1,78,148,168,210,80
2018,3,A,골목상권,2110683,오류고등학교,1243,632,611,1,102,288,359,352,141,0,31,146,199,176,80,1,71,142,160,176,61
2018,3,A,골목상권,2110682,온수역 8번,1848,1127,721,0,166,384,443,527,328,0,64,189,246,337,291,0,102,195,197,190,37
2018,3,A,골목상권,2110681,온수역 1번,2206,1479,727,0,234,443,486,642,401,0,117,264,299,458,341,0,117,179,187,184,60
2018,3,A,골목상권,2110680,온수역 5번(온수산업단지),2156,1594,562,8,225,441,452,596,434,8,136,300,308,448,394,0,89,141,144,148,40
2018,3,A,골목상권,2110679,염창역 2번,5010,3354,1656,8,582,1322,1416,1044,638,6,296,873,1008,697,474,2,286,449,408,347,164
2018,3,A,골목상권,2110678,염창무학아파트,3134,2136,998,8,373,809,754,665,525,6,207,566,523,436,398,2,166,243,231,229,127
2018,3,A,골목상권,2110677,등촌역 1번,9467,5536,3931,35,1664,2701,2396,1618,1053,18,609,1566,1534,1052,757,17,1055,1135,862,566,296
2018,3,A,골목상권,2110676,등촌역 7번,4257,2304,1953,18,611,1039,1082,947,560,13,218,570,604,516,383,5,393,469,478,431,177
2018,3,A,골목상권,2110675,화곡4동주민센터,2589,1104,1485,4,253,539,702,710,381,0,81,240,273,299,211,4,172,299,429,411,170
2018,3,A,골목상권,2110674,강서구청가양동별관,6139,3878,2261,40,1189,1702,1649,1084,475,23,655,1108,1085,684,323,17,534,594,564,400,152
2018,3,A,골목상권,2110673,뜸부기어린이공원,4235,1962,2273,9,528,914,1053,1043,688,0,190,434,519,431,388,9,338,480,534,612,300
2018,3,A,골목상권,2110672,백석중학교,1614,699,915,8,176,343,455,435,197,7,50,138,206,181,117,1,126,205,249,254,80
2018,3,A,골목상권,2110671,등촌1동주민센터,40482,18128,22354,233,5648,10091,11980,10307,2223,125,2765,6214,5152,2472,1400,108,2883,3877,6828,7835,823
2018,3,A,골목상권,2110670,신곡초등학교,1444,568,876,0,149,296,423,414,162,0,34,118,146,164,106,0,115,178,277,250,56
2018,3,A,골목상권,2110669,화곡보람2차아파트,4594,2700,1894,6,995,1237,1084,785,487,2,314,770,791,485,338,4,681,467,293,300,149
2018,3,A,골목상권,2110668,화곡2동주민센터,3318,1265,2053,4,404,655,832,882,541,0,124,298,333,272,238,4,280,357,499,610,303
2018,3,A,골목상권,2110667,가양역 10번,23239,7783,15456,135,2189,5042,7578,7443,852,69,1330,3159,2177,503,545,66,859,1883,5401,6940,307
2018,3,A,골목상권,2110666,KC대학교,4936,2983,1953,1,471,1204,1214,1351,695,0,207,639,707,921,509,1,264,565,507,430,186
2018,3,A,골목상권,2110665,곰달래도서관,4614,2273,2341,7,575,1010,1113,1172,737,1,245,543,562,521,401,6,330,467,551,651,336
2018,3,A,골목상권,2110664,강서구청옆,6896,3894,3002,11,756,1695,1805,1783,846,4,312,892,1044,1110,532,7,444,803,761,673,314
2018,3,A,골목상권,2110663,우장산롯데캐슬아파트앞,13773,7819,5954,22,1795,2848,3049,3927,2132,13,1004,1743,1900,2018,1141,9,791,1105,1149,1909,991
2018,3,A,골목상권,2110662,까치산역 1번,2995,1037,1958,5,357,570,739,777,547,0,105,229,279,197,227,5,252,341,460,580,320
2018,3,A,골목상권,2110661,강서새말어린이공원,5837,3328,2509,9,658,1479,1530,1506,655,5,272,782,875,977,417,4,386,697,655,529,238
2018,3,A,골목상권,2110660,등촌3동주민센터,34323,13550,20773,169,3644,7210,9924,10653,2723,89,2181,4536,3640,1864,1240,80,1463,2674,6284,8789,1483
2018,3,A,골목상권,2110659,화곡역 4번,3585,1317,2268,11,496,824,908,807,539,4,117,322,343,275,256,7,379,502,565,532,283
2018,3,A,골목상권,2110658,화곡초등학교,2952,1557,1395,5,256,522,728,760,681,4,83,254,382,402,432,1,173,268,346,358,249
2018,3,A,골목상권,2110657,양천향교역 5번,21884,13135,8749,67,3353,6173,6471,4022,1798,32,1368,3760,4563,2214,1198,35,1985,2413,1908,1808,600
2018,3,A,골목상권,2110656,까치산역 3번,4232,2163,2069,10,433,780,964,1234,811,5,181,414,537,593,433,5,252,366,427,641,378
2018,3,A,골목상권,2110655,발산역 5번,7969,3956,4013,47,1228,1688,1757,1687,1562,21,505,955,1011,730,734,26,723,733,746,957,828
2018,3,A,골목상권,2110654,까치산역 4번,3992,1794,2198,12,442,735,987,1096,720,7,156,341,470,452,368,5,286,394,517,644,352
2018,3,A,골목상권,2110653,화곡역 2번,3790,1519,2271,11,590,804,907,834,644,4,138,338,376,331,332,7,452,466,531,503,312
2018,3,A,골목상권,2110652,양천향교역 2번,6934,3744,3190,23,741,1440,1600,2059,1071,16,343,805,959,926,695,7,398,635,641,1133,376
2018,3,A,골목상권,2110651,화원중학교,2773,1336,1437,8,275,555,748,724,463,5,105,269,357,328,272,3,170,286,391,396,191
2018,3,A,골목상권,2110650,우장산힐스테이트,2261,1092,1169,20,305,360,546,582,448,11,120,176,262,254,269,9,185,184,284,328,179
2018,3,A,골목상권,2110649,우장산역 1번,3270,1319,1951,7,411,655,822,852,523,3,97,253,312,334,320,4,314,402,510,518,203
2018,3,A,골목상권,2110648,양천향교역 7번,20135,13237,6898,51,2961,5799,6336,3530,1458,28,1293,3780,4958,2175,1003,23,1668,2019,1378,1355,455
2018,3,A,골목상권,2110647,화곡역 5번,5288,2406,2882,15,634,1076,1410,1395,758,6,169,530,704,554,443,9,465,546,706,841,315
2018,3,A,골목상권,2110646,푸른들청소년도서관,5100,2091,3009,14,701,969,1247,1422,747,1,188,439,558,505,400,13,513,530,689,917,347
2018,3,A,골목상권,2110645,우장산역 4번,3995,1480,2515,10,509,869,1014,1074,519,3,125,310,350,418,274,7,384,559,664,656,245
2018,3,A,골목상권,2110644,신광명마을,3402,2313,1089,10,193,593,904,1011,691,5,108,389,572,684,555,5,85,204,332,327,136
2018,3,A,골목상권,2110643,강서구다솔마을,4113,2526,1587,5,458,984,1256,919,491,1,197,624,800,569,335,4,261,360,456,350,156
2018,3,A,골목상권,2110642,정곡초등학교,929,638,291,1,55,120,223,299,231,0,25,51,137,223,202,1,30,69,86,76,29
2018,3,A,골목상권,2110641,공항고등학교,2082,886,1196,4,164,351,485,534,544,3,63,170,222,229,199,1,101,181,263,305,345
2018,3,A,골목상권,2110640,방화역 1번,2775,1576,1199,3,205,504,693,814,556,0,56,176,368,568,408,3,149,328,325,246,148
2018,3,A,골목상권,2110639,신방화역 8번,3023,1489,1534,10,416,770,784,653,390,2,125,379,415,333,235,8,291,391,369,320,155
2018,3,A,골목상권,2110638,신방화역 2번,5348,2565,2783,9,676,1251,1345,1209,858,2,238,654,697,524,450,7,438,597,648,685,408
2018,3,A,골목상권,2110637,송정역 2번,2717,1725,992,5,282,498,673,703,556,0,127,272,411,469,446,5,155,226,262,234,110
2018,3,A,골목상권,2110636,방화역 2번,3488,1631,1857,3,347,713,894,885,646,0,138,348,449,372,324,3,209,365,445,513,322
2018,3,A,골목상권,2110635,공항시장역 3번,2683,1408,1275,6,387,602,700,588,400,0,133,284,385,328,278,6,254,318,315,260,122
2018,3,A,골목상권,2110634,송정역 3번,4197,2599,1598,10,438,847,1138,1050,714,1,184,487,711,680,536,9,254,360,427,370,178
2018,3,A,골목상권,2110633,개화산역 1번,2893,1459,1434,4,326,644,738,697,484,0,144,379,419,277,240,4,182,265,319,420,244
2018,3,A,골목상권,2110632,방화역 3번,6722,4610,2112,4,650,1626,1761,1925,756,0,405,1188,1223,1343,451,4,245,438,538,582,305
2018,3,A,골목상권,2110631,방화초등학교,3065,1771,1294,3,322,615,745,680,700,0,113,353,425,377,503,3,209,262,320,303,197
2018,3,A,골목상권,2110630,공항시장역 1번,40247,23187,17060,22,7152,12983,11202,7291,1597,8,2059,5934,7381,6424,1381,14,5093,7049,3821,867,216
2018,3,A,골목상권,2110629,송정역 4번,38967,22427,16540,24,7023,12761,10920,6966,1273,9,2026,5854,7233,6200,1105,15,4997,6907,3687,766,168
2018,3,A,골목상권,2110628,신목동역,2991,1966,1025,7,417,980,796,444,347,5,211,675,533,294,248,2,206,305,263,150,99
2018,3,A,골목상권,2110627,신정롯데캐슬아파트,3277,1435,1842,9,381,671,888,849,479,5,114,273,380,382,281,4,267,398,508,467,198
2018,3,A,골목상권,2110626,양화초등학교,4625,2929,1696,7,541,1295,1381,918,483,5,255,831,946,578,314,2,286,464,435,340,169
2018,3,A,골목상권,2110625,신정2동주민센터,6737,3543,3194,24,858,1617,1696,1807,735,20,405,786,826,1050,456,4,453,831,870,757,279
2018,3,A,골목상권,2110624,목동문화체육센터,680,299,381,1,42,126,211,186,114,1,18,52,75,85,68,0,24,74,136,101,46
2018,3,A,골목상권,2110623,갈산공원,920,489,431,5,112,209,228,221,145,2,50,113,104,114,106,3,62,96,124,107,39
2018,3,A,골목상권,2110622,달마을공원,3439,1900,1539,3,362,791,1041,832,410,0,120,395,663,469,253,3,242,396,378,363,157
2018,3,A,골목상권,2110621,목동역 5번,5358,2525,2833,23,987,1487,1240,916,705,12,289,683,666,468,407,11,698,804,574,448,298
2018,3,A,골목상권,2110620,목동보건지소,2493,1018,1475,2,228,535,674,694,360,2,88,219,239,259,211,0,140,316,435,435,149
2018,3,A,골목상권,2110619,목4동주민센터,2047,903,1144,6,263,433,475,459,411,1,78,173,204,194,253,5,185,260,271,265,158
2018,3,A,골목상권,2110618,강서고등학교,2918,1407,1511,5,284,569,715,753,592,1,118,274,315,339,360,4,166,295,400,414,232
2018,3,A,골목상권,2110617,등촌역 4번,3125,1502,1623,12,461,764,795,711,382,7,151,375,419,319,231,5,310,389,376,392,151
2018,3,A,골목상권,2110616,양목초등학교,4062,1964,2098,13,427,833,999,968,822,5,144,386,518,428,483,8,283,447,481,540,339
2018,3,A,골목상권,2110615,신서초등학교,4126,2113,2013,11,402,821,1020,969,903,4,135,394,523,478,579,7,267,427,497,491,324
2018,3,A,골목상권,2110614,목동로데오거리,4833,2232,2601,13,682,989,1121,1051,977,4,213,457,554,414,590,9,469,532,567,637,387
2018,3,A,골목상권,2110613,신정네거리역 4번,1922,842,1080,6,271,352,439,467,387,2,105,177,195,190,173,4,166,175,244,277,214
2018,3,A,골목상권,2110612,신정역 5번,5390,2529,2861,18,551,981,1226,1357,1257,10,204,487,572,563,693,8,347,494,654,794,564
2018,3,A,골목상권,2110611,신정역 1번,4872,2566,2306,11,505,919,1077,1244,1116,6,233,534,582,551,660,5,272,385,495,693,456
2018,3,A,골목상권,2110610,계남근린공원,1811,779,1032,3,166,345,499,503,295,0,72,179,210,164,154,3,94,166,289,339,141
2018,3,A,골목상권,2110609,신정네거리역 2번,1972,820,1152,4,219,350,525,521,353,1,64,138,214,222,181,3,155,212,311,299,172
2018,3,A,골목상권,2110608,신월2동주민센터,3448,1630,1818,1,308,625,830,1052,632,0,133,311,371,454,361,1,175,314,459,598,271
2018,3,A,골목상권,2110607,금빛새마을금고본점,1526,678,848,3,169,261,404,395,294,3,58,112,156,171,178,0,111,149,248,224,116
2018,3,A,골목상권,2110606,신한은행 신월동지점,3876,2281,1595,6,266,494,863,1197,1050,5,105,268,386,715,802,1,161,226,477,482,248
2018,3,A,골목상권,2110605,목동센트럴아이파크앞,2435,1373,1062,4,198,313,539,580,801,3,79,163,217,265,646,1,119,150,322,315,155
2018,3,A,골목상권,2110604,신월4동주민센터,3820,2408,1412,2,230,535,808,1261,984,0,103,307,408,800,790,2,127,228,400,461,194
2018,3,A,골목상권,2110603,지향초등학교,3806,2537,1269,8,203,485,850,1231,1029,3,84,248,493,820,889,5,119,237,357,411,140
2018,3,A,골목상권,2110602,신월시영아파트중문,3069,1934,1135,5,202,367,686,962,847,3,82,211,338,627,673,2,120,156,348,335,174
2018,3,A,골목상권,2110601,신월1동우편취급국,3458,1992,1466,9,291,571,853,1076,658,7,127,334,481,617,426,2,164,237,372,459,232
2018,3,A,골목상권,2110600,신월7동주민센터,3471,2383,1088,4,171,379,733,1196,988,3,67,225,412,873,803,1,104,154,321,323,185
2018,3,A,골목상권,2110599,신월1파출소,2669,1337,1332,7,210,454,713,829,456,5,90,221,347,417,257,2,120,233,366,412,199
2018,3,A,골목상권,2110598,신월문화체육센터,3564,2381,1183,2,313,540,843,1055,811,1,212,357,484,695,632,1,101,183,359,360,179
2018,3,A,골목상권,2110597,신월1동주민센터,4430,2473,1957,6,357,719,983,1025,1340,4,118,334,426,466,1125,2,239,385,557,559,215
2018,3,A,골목상권,2110596,서서울호수공원,2818,1656,1162,6,190,419,705,947,551,5,80,224,383,587,377,1,110,195,322,360,174
2018,3,A,골목상권,2110595,메디힐병원,4317,2369,1948,4,393,704,963,977,1276,4,123,305,412,431,1094,0,270,399,551,546,182
2018,3,A,골목상권,2110594,신월중학교,1478,493,985,0,199,297,435,397,150,0,49,81,131,146,86,0,150,216,304,251,64
2018,3,A,골목상권,2110593,신월3동주민센터,3633,2269,1364,2,235,478,710,846,1362,2,73,214,335,469,1176,0,162,264,375,377,186
2018,3,A,골목상권,2110592,서울금융고등학교,3337,2169,1168,2,205,407,622,788,1313,2,61,171,306,468,1161,0,144,236,316,320,152
2018,3,A,골목상권,2110591,충정로역 6번,12541,7529,5012,5,2327,4477,2938,1628,1166,0,1091,2563,1900,1072,903,5,1236,1914,1038,556,263
2018,3,A,골목상권,2110590,만리재,2875,1130,1745,1,438,717,779,675,265,1,58,234,345,337,155,0,380,483,434,338,110
2018,3,A,골목상권,2110589,애오개역 3번,3592,1665,1927,2,580,1202,1088,538,182,1,216,548,548,234,118,1,364,654,540,304,64
2018,3,A,골목상권,2110588,한겨레신문사,4753,2190,2563,10,960,1136,1252,973,422,3,337,483,579,530,258,7,623,653,673,443,164
2018,3,A,골목상권,2110587,공덕동주민센터,8473,4053,4420,12,1433,2273,2419,1654,682,4,524,1005,1167,925,428,8,909,1268,1252,729,254
2018,3,A,골목상권,2110586,서울서부지방법원,23900,12932,10968,56,4208,6795,6098,4718,2025,27,1685,3840,3662,2577,1141,29,2523,2955,2436,2141,884
2018,3,A,골목상권,2110585,마포경찰서,12188,6843,5345,26,2041,3460,2858,2526,1277,6,988,2075,1788,1320,666,20,1053,1385,1070,1206,611
2018,3,A,골목상권,2110584,아현역 4번,1815,728,1087,13,254,485,470,334,259,5,55,154,186,158,170,8,199,331,284,176,89
2018,3,A,골목상권,2110583,공덕래미안3차아파트,14882,7866,7016,31,2576,4077,3625,3321,1252,12,1034,2225,2127,1724,744,19,1542,1852,1498,1597,508
2018,3,A,골목상권,2110582,이대역 5번,1820,725,1095,20,332,505,414,318,231,6,79,196,168,149,127,14,253,309,246,169,104
2018,3,A,골목상권,2110581,염리초등학교,17296,9748,7548,116,2935,4707,4286,3254,1998,44,1291,2885,2767,1593,1168,72,1644,1822,1519,1661,830
2018,3,A,골목상권,2110580,양원초등학교,2523,1293,1230,3,327,684,633,555,321,0,103,289,358,345,198,3,224,395,275,210,123
2018,3,A,골목상권,2110579,마포역 4번,9564,5779,3785,5,1483,2623,2313,1794,1346,0,630,1539,1545,1128,937,5,853,1084,768,666,409
2018,3,A,골목상권,2110578,대흥역 2번,11544,7409,4135,96,1749,3263,3105,2127,1204,38,949,2081,2194,1326,821,58,800,1182,911,801,383
2018,3,A,골목상권,2110577,용강동주민센터,10461,6327,4134,95,1873,3104,2849,1633,907,40,790,1894,1944,1039,620,55,1083,1210,905,594,287
2018,3,A,골목상권,2110576,대흥역 3번,10340,6676,3664,94,1681,2892,2720,1835,1118,38,920,1927,1951,1099,741,56,761,965,769,736,377
2018,3,A,골목상권,2110575,대흥동주민센터,4384,2210,2174,17,710,1229,1010,881,537,7,230,595,561,506,311,10,480,634,449,375,226
2018,3,A,골목상권,2110574,서강대학교,3616,2046,1570,6,389,973,992,812,444,0,154,456,604,517,315,6,235,517,388,295,129
2018,3,A,골목상권,2110573,신촌역 6번,3864,1981,1883,24,672,1157,899,693,419,10,199,554,526,429,263,14,473,603,373,264,156
2018,3,A,골목상권,2110572,서강대역 1번,8525,4478,4047,35,1365,2277,2076,1677,1095,12,462,1147,1226,961,670,23,903,1130,850,716,425
2018,3,A,골목상권,2110571,신수동주민센터,5230,2952,2278,15,706,1406,1430,993,680,7,296,769,844,571,465,8,410,637,586,422,215
2018,3,A,골목상권,2110570,KB국민은행 서강지점,2617,1448,1169,11,311,703,748,458,386,6,134,382,429,252,245,5,177,321,319,206,141
2018,3,A,골목상권,2110569,홍대땡땡거리,10409,5333,5076,41,2266,2639,2523,1934,1006,17,1050,1544,1358,854,510,24,1216,1095,1165,1080,496
2018,3,A,골목상권,2110568,광흥창역 1번,2476,1254,1222,6,408,644,601,458,359,2,125,298,346,265,218,4,283,346,255,193,141
2018,3,A,골목상권,2110567,광흥창역 6번,4253,1966,2287,9,619,830,859,788,1148,3,172,329,484,436,542,6,447,501,375,352,606
2018,3,A,골목상권,2110566,경의선책거리,20694,10753,9941,76,4698,5261,4988,3665,2006,38,1951,2954,2794,1744,1272,38,2747,2307,2194,1921,734
2018,3,A,골목상권,2110565,홍익대,6813,4292,2521,20,1492,1824,1542,1096,839,9,706,1156,1074,754,593,11,786,668,468,342,246
2018,3,A,골목상권,2110564,홍대입구역 3번,10984,5153,5831,41,2754,3025,2491,1662,1011,21,952,1545,1311,696,628,20,1802,1480,1180,966,383
2018,3,A,골목상권,2110563,상수역 3번,3929,2004,1925,16,795,1009,685,488,936,10,370,595,441,231,357,6,425,414,244,257,579
2018,3,A,골목상권,2110562,연트럴파크(연남동주민센터),6863,3982,2881,21,1509,2115,1582,953,683,9,697,1276,1008,541,451,12,812,839,574,412,232
2018,3,A,골목상권,2110561,상수역 4번,6286,3632,2654,27,1861,2022,1295,729,352,17,800,1214,858,495,248,10,1061,808,437,234,104
2018,3,A,골목상권,2110560,마포FM,12088,6867,5221,33,2120,3012,2530,2135,2258,16,742,1669,1641,1192,1607,17,1378,1343,889,943,651
2018,3,A,골목상권,2110559,성산중학교,8806,4829,3977,34,2325,2781,1909,1171,586,15,894,1546,1205,770,399,19,1431,1235,704,401,187
2018,3,A,골목상권,2110558,경성고등학교,9135,5848,3287,21,1161,1896,1825,1568,2664,10,451,1021,1084,932,2350,11,710,875,741,636,314
2018,3,A,골목상권,2110557,홍대부속여중고앞,14390,8489,5901,44,2524,3685,3151,2297,2689,21,895,1984,1999,1441,2149,23,1629,1701,1152,856,540
2018,3,A,골목상권,2110556,절두산순교성지,2632,1686,946,1,464,806,624,534,203,0,177,497,447,406,159,1,287,309,177,128,44
2018,3,A,골목상권,2110555,홍익지구대,7829,4477,3352,37,1699,2497,1920,1098,578,14,721,1453,1278,668,343,23,978,1044,642,430,235
2018,3,A,골목상권,2110554,망원역 1번,14123,7013,7110,48,2724,3406,2928,2191,2826,20,1110,1806,1653,984,1440,28,1614,1600,1275,1207,1386
2018,3,A,골목상권,2110553,가좌역 2번,3925,2487,1438,9,359,653,822,840,1242,5,116,340,457,516,1053,4,243,313,365,324,189
2018,3,A,골목상권,2110552,성미산체육관,6711,4547,2164,12,679,1185,1186,1209,2440,6,249,640,722,754,2176,6,430,545,464,455,264
2018,3,A,골목상권,2110551,성서초등학교,6906,3597,3309,22,1230,1389,1446,1333,1486,13,517,732,737,561,1037,9,713,657,709,772,449
2018,3,A,골목상권,2110550,합정역 8번,12738,6944,5794,46,2549,4223,3333,1729,858,14,906,2266,2140,1090,528,32,1643,1957,1193,639,330
2018,3,A,골목상권,2110549,새터산,5169,3186,1983,11,572,919,1158,1065,1444,5,211,499,682,607,1182,6,361,420,476,458,262
2018,3,A,골목상권,2110548,마포구청역 4번,7023,3275,3748,23,755,1208,1427,1905,1705,14,295,655,877,751,683,9,460,553,550,1154,1022
2018,3,A,골목상권,2110547,KB국민은행 망원동지점,7823,4135,3688,28,1451,1551,1643,1546,1604,16,580,823,896,709,1111,12,871,728,747,837,493
2018,3,A,골목상권,2110546,양화대교북단,5529,2798,2731,23,1128,1946,1543,619,270,6,309,941,966,406,170,17,819,1005,577,213,100
2018,3,A,골목상권,2110545,마포구청역 1번,8147,3584,4563,17,667,1378,1622,2500,1963,9,243,615,883,1063,771,8,424,763,739,1437,1192
2018,3,A,골목상권,2110544,망리단길,10633,5703,4930,30,1934,2369,2393,1989,1918,15,797,1307,1376,912,1296,15,1137,1062,1017,1077,622
2018,3,A,골목상권,2110543,중암중학교,2079,1405,674,3,105,230,348,579,814,3,45,100,170,369,718,0,60,130,178,210,96
2018,3,A,골목상권,2110542,마포구청역 7번,6298,2871,3427,19,595,949,1193,1800,1742,11,231,521,720,674,714,8,364,428,473,1126,1028
2018,3,A,골목상권,2110541,동교초등학교,2474,1316,1158,1,352,598,667,529,327,0,151,337,363,253,212,1,201,261,304,276,115
2018,3,A,골목상권,2110540,망원나들목체육관,1117,699,418,0,146,246,280,266,179,0,63,168,192,146,130,0,83,78,88,120,49
2018,3,A,골목상권,2110539,미근동,48316,27162,21154,88,7649,15290,14121,9210,1958,20,2727,7961,8188,6945,1321,68,4922,7329,5933,2265,637
2018,3,A,골목상권,2110538,충정로역 3번,19465,11776,7689,15,3151,6209,4949,3255,1886,7,1517,3699,3222,2030,1301,8,1634,2510,1727,1225,585
2018,3,A,골목상권,2110537,충정로현대아파트,36831,20969,15862,61,5780,12025,10298,6912,1755,14,2256,6548,5800,5080,1271,47,3524,5477,4498,1832,484
2018,3,A,골목상권,2110536,돈의문센트레빌아파트입구,24935,13013,11922,54,4053,7866,7235,5059,668,10,1249,3782,3641,3859,472,44,2804,4084,3594,1200,196
2018,3,A,골목상권,2110535,영천시장입구,1694,767,927,3,229,320,444,468,230,1,92,123,187,220,144,2,137,197,257,248,86
2018,3,A,골목상권,2110534,경기대학교,8326,5121,3205,6,1190,2771,2160,1253,946,1,515,1546,1425,872,762,5,675,1225,735,381,184
2018,3,A,골목상권,2110533,충정로역 7번,10390,6510,3880,5,1726,3733,2439,1424,1063,0,878,2261,1675,911,785,5,848,1472,764,513,278
2018,3,A,골목상권,2110532,아현역 2번,3220,1796,1424,2,310,572,648,821,867,0,92,233,357,471,643,2,218,339,291,350,224
2018,3,A,골목상권,2110531,홍지문,1764,787,977,2,322,415,461,392,172,2,85,175,241,188,96,0,237,240,220,204,76
2018,3,A,골목상권,2110530,아현역 1번,1466,595,871,7,207,364,386,291,211,5,45,107,157,141,140,2,162,257,229,150,71
2018,3,A,골목상권,2110529,홍제3동주민센터,2333,914,1419,5,318,475,563,519,453,3,93,147,192,215,264,2,225,328,371,304,189
2018,3,A,골목상권,2110528,서울여자간호대학교,1454,624,830,1,134,250,382,337,350,1,41,80,136,137,229,0,93,170,246,200,121
2018,3,A,골목상권,2110527,홍제역 2번,2659,1006,1653,8,386,528,682,618,437,6,105,190,239,247,219,2,281,338,443,371,218
2018,3,A,골목상권,2110526,봉원사,15829,5915,9914,8,3641,5103,3847,2512,718,5,834,1599,1504,1469,504,3,2807,3504,2343,1043,214
2018,3,A,골목상권,2110525,홍은종합사회복지관,1620,684,936,4,178,310,395,354,379,2,60,100,137,150,235,2,118,210,258,204,144
2018,3,A,골목상권,2110524,연희세브란스병원,13076,4971,8105,9,3289,4374,3068,1861,475,5,793,1429,1224,1146,374,4,2496,2945,1844,715,101
2018,3,A,골목상권,2110523,홍제성원아파트,669,269,400,4,85,174,167,153,86,4,19,67,66,56,57,0,66,107,101,97,29
2018,3,A,골목상권,2110522,홍제역 3번,1648,640,1008,4,250,375,417,369,233,4,60,142,152,150,132,0,190,233,265,219,101
2018,3,A,골목상권,2110521,홍제역 4번,2087,729,1358,4,339,479,527,444,294,2,89,165,176,179,118,2,250,314,351,265,176
2018,3,A,골목상권,2110520,경의중앙 신촌역,16933,6695,10238,43,4390,5396,3721,2445,938,23,1187,1961,1557,1377,590,20,3203,3435,2164,1068,348
2018,3,A,골목상권,2110519,서대문구보건소별관,1435,658,777,0,214,326,369,372,154,0,51,144,180,182,101,0,163,182,189,190,53
2018,3,A,골목상권,2110518,서대문구청,3829,1808,2021,2,475,970,964,988,430,2,154,377,417,603,255,0,321,593,547,385,175
2018,3,A,골목상권,2110517,서대문소방서,1900,1035,865,2,256,492,460,440,250,2,110,293,254,247,129,0,146,199,206,193,121
2018,3,A,골목상권,2110516,정원여중,1279,625,654,0,201,297,334,316,131,0,50,145,175,169,86,0,151,152,159,147,45
2018,3,A,골목상권,2110515,홍은중학교,617,383,234,0,76,161,179,140,61,0,23,97,120,95,48,0,53,64,59,45,13
2018,3,A,골목상권,2110514,서대문우체국,19612,8344,11268,44,4619,5713,4775,3352,1109,25,1553,2265,2102,1731,668,19,3066,3448,2673,1621,441
2018,3,A,골목상권,2110513,연희파출소,2788,1581,1207,27,463,741,646,553,358,26,202,436,371,316,230,1,261,305,275,237,128
2018,3,A,골목상권,2110512,연희지하차도,4539,2278,2261,2,514,1066,1125,1215,617,2,170,429,510,757,410,0,344,637,615,458,207
2018,3,A,골목상권,2110511,연희초등학교,15526,6347,9179,33,3657,4846,3596,2434,960,28,946,1710,1501,1443,719,5,2711,3136,2095,991,241
2018,3,A,골목상권,2110510,홍연시장,1478,771,707,0,124,216,351,461,326,0,35,112,175,250,199,0,89,104,176,211,127
2018,3,A,골목상권,2110509,연희대우아파트앞,18250,7739,10511,18,4304,5776,4401,2747,1004,7,1237,2188,1943,1603,761,11,3067,3588,2458,1144,243
2018,3,A,골목상권,2110508,서연중학교,3657,2192,1465,31,568,928,840,725,565,24,253,593,506,410,406,7,315,335,334,315,159
2018,3,A,골목상권,2110507,명지대학교,2400,1214,1186,5,280,503,593,659,360,3,95,245,293,337,241,2,185,258,300,322,119
2018,3,A,골목상권,2110506,연희임광아파트,3129,1834,1295,10,589,852,691,576,411,3,268,551,412,309,291,7,321,301,279,267,120
2018,3,A,골목상권,2110505,홍남교남측,1044,641,403,0,103,184,272,281,204,0,29,94,166,191,161,0,74,90,106,90,43
2018,3,A,골목상권,2110504,명지전문대,1608,857,751,1,189,321,384,458,255,1,72,129,198,278,179,0,117,192,186,180,76
2018,3,A,골목상권,2110503,명지대학교교회,2459,1290,1169,7,338,504,592,657,361,3,133,237,295,375,247,4,205,267,297,282,114
2018,3,A,골목상권,2110502,남가좌파출소,1646,812,834,4,203,328,443,424,244,2,53,137,214,228,178,2,150,191,229,196,66
2018,3,A,골목상권,2110501,연희어린이공원,2471,1425,1046,8,470,755,589,377,272,1,192,475,376,201,180,7,278,280,213,176,92
2018,3,A,골목상권,2110500,남가좌동현대아파트,691,301,390,1,101,152,188,161,88,0,25,56,82,77,61,1,76,96,106,84,27
2018,3,A,골목상권,2110499,연가초등학교,1923,869,1054,4,159,320,503,582,355,1,50,120,195,275,228,3,109,200,308,307,127
2018,3,A,골목상권,2110498,증산역 1번,3238,1640,1598,8,345,516,774,865,730,7,154,252,365,418,444,1,191,264,409,447,286
2018,3,A,골목상권,2110497,가좌역 3번,1532,810,722,9,235,313,404,367,204,5,68,135,230,241,131,4,167,178,174,126,73
2018,3,A,골목상권,2110496,모래내우체국,2199,943,1256,6,229,390,584,597,393,3,83,165,248,265,179,3,146,225,336,332,214
2018,3,A,골목상권,2110495,북가좌2동주민센터,3275,1756,1519,11,321,577,829,898,639,8,136,304,441,480,387,3,185,273,388,418,252
2018,3,A,골목상권,2110494,증산3교남측,1320,845,475,3,102,215,336,364,300,2,53,118,191,224,257,1,49,97,145,140,43
2018,3,A,골목상권,2110493,북가좌초등학교,2364,1638,726,3,147,283,416,627,888,3,52,137,226,436,784,0,95,146,190,191,104
2018,3,A,골목상권,2110492,하나고등학교,796,431,365,1,70,105,160,279,181,0,45,64,107,139,76,1,25,41,53,140,105
2018,3,A,골목상권,2110491,불광중학교,575,164,411,0,50,115,173,165,72,0,13,28,42,43,38,0,37,87,131,122,34
2018,3,A,골목상권,2110490,녹번동근린공원,7044,3457,3587,11,838,1814,1846,1652,883,5,283,771,889,948,561,6,555,1043,957,704,322
2018,3,A,골목상권,2110489,불광역 3번,3259,1423,1836,10,498,958,857,629,307,5,168,400,420,276,154,5,330,558,437,353,153
2018,3,A,골목상권,2110488,우리은행응암동지점,5470,2572,2898,6,538,1136,1444,1457,889,3,179,428,615,765,582,3,359,708,829,692,307
2018,3,A,골목상권,2110487,불광역 8번,2923,1188,1735,8,428,788,761,587,351,3,152,334,332,214,153,5,276,454,429,373,198
2018,3,A,골목상권,2110486,은평구청,5504,2604,2900,6,532,1120,1472,1445,929,3,175,434,640,764,588,3,357,686,832,681,341
2018,3,A,골목상권,2110485,연신내우체국,1124,370,754,3,109,229,337,299,147,3,29,85,100,90,63,0,80,144,237,209,84
2018,3,A,골목상권,2110484,역촌역 3번,7799,3667,4132,15,806,1673,2023,2027,1255,8,291,688,892,1042,746,7,515,985,1131,985,509
2018,3,A,골목상권,2110483,연천초등학교,1459,531,928,5,228,254,357,346,269,3,64,100,118,122,124,2,164,154,239,224,145
2018,3,A,골목상권,2110482,연신초등학교,1336,740,596,3,138,325,418,348,104,3,63,209,218,193,54,0,75,116,200,155,50
2018,3,A,골목상권,2110481,불광역 7번,3034,1195,1839,9,351,575,816,759,524,3,138,249,321,252,232,6,213,326,495,507,292
2018,3,A,골목상권,2110480,연신내역 3번,2179,877,1302,8,324,395,527,502,423,3,91,156,205,198,224,5,233,239,322,304,199
2018,3,A,골목상권,2110479,연신내역 2번,2804,973,1831,11,475,524,749,599,446,7,125,192,247,201,201,4,350,332,502,398,245
2018,3,A,골목상권,2110478,응암1동주민센터,6208,2918,3290,11,612,1262,1585,1670,1068,5,200,505,694,846,668,6,412,757,891,824,400
2018,3,A,골목상권,2110477,은평세무서,6995,3375,3620,12,687,1390,1801,1860,1245,5,241,597,823,962,747,7,446,793,978,898,498
2018,3,A,골목상권,2110476,역촌역 2번,1194,515,679,2,119,218,336,341,178,2,44,99,142,132,96,0,75,119,194,209,82
2018,3,A,골목상권,2110475,백련산해모로아파트,2514,1050,1464,8,325,545,650,600,386,4,104,240,275,230,197,4,221,305,375,370,189
2018,3,A,골목상권,2110474,세명컴퓨터고등학교,2182,1046,1136,7,328,499,594,505,249,3,124,260,245,264,150,4,204,239,349,241,99
2018,3,A,골목상권,2110473,구산역 1번,4098,1481,2617,15,558,787,1061,1036,641,5,150,311,416,317,282,10,408,476,645,719,359
2018,3,A,골목상권,2110472,연신내역 4번,3614,1459,2155,16,605,704,864,786,639,7,171,314,363,288,316,9,434,390,501,498,323
2018,3,A,골목상권,2110471,응암동우체국,2674,1172,1502,4,328,489,713,705,435,4,131,177,300,318,242,0,197,312,413,387,193
2018,3,A,골목상권,2110470,신진과학기술고등학교,2421,1078,1343,10,360,532,617,523,379,6,128,253,276,202,213,4,232,279,341,321,166
2018,3,A,골목상권,2110469,응암정보도서관,4033,1957,2076,4,456,640,1009,1165,759,3,182,251,454,589,478,1,274,389,555,576,281
2018,3,A,골목상권,2110468,응암역 3번,5279,2466,2813,8,607,1032,1261,1310,1061,3,208,506,604,576,569,5,399,526,657,734,492
2018,3,A,골목상권,2110467,은평요양병원,1570,862,708,4,201,342,397,395,231,1,105,202,199,226,129,3,96,140,198,169,102
2018,3,A,골목상권,2110466,구산역 2번,2968,1146,1822,11,358,583,760,764,492,4,88,233,321,234,266,7,270,350,439,530,226
2018,3,A,골목상권,2110465,연신내역 7번,3332,1350,1982,17,531,717,813,705,549,7,158,319,295,284,287,10,373,398,518,421,262
2018,3,A,골목상권,2110464,연신내역 5번,2884,1159,1725,10,440,635,712,634,453,6,122,289,280,236,226,4,318,346,432,398,227
2018,3,A,골목상권,2110463,응암3동주민센터,1946,791,1155,5,273,409,475,479,305,4,115,174,187,171,140,1,158,235,288,308,165
2018,3,A,골목상권,2110462,갈현건영아파트,1389,788,601,4,168,301,344,374,198,1,97,187,174,209,120,3,71,114,170,165,78
2018,3,A,골목상권,2110461,새절역 2번,1863,928,935,4,252,348,406,476,377,3,111,167,195,228,224,1,141,181,211,248,153
2018,3,A,골목상권,2110460,구산역 4번,4487,2037,2450,14,441,718,1097,1393,824,6,105,304,478,714,430,8,336,414,619,679,394
2018,3,A,골목상권,2110459,응암역 2번,3462,1579,1883,6,435,725,825,840,631,2,149,349,367,375,337,4,286,376,458,465,294
2018,3,A,골목상권,2110458,선일여고,1967,854,1113,5,200,464,482,448,368,1,70,221,188,165,209,4,130,243,294,283,159
2018,3,A,골목상권,2110457,예일여고,3809,1727,2082,13,360,590,909,1287,650,5,82,246,389,675,330,8,278,344,520,612,320
2018,3,A,골목상권,2110456,구산보건지소,2533,1061,1472,8,295,525,624,658,423,1,92,226,274,235,233,7,203,299,350,423,190
2018,3,A,골목상권,2110455,역촌노인복지관,3047,1461,1586,5,309,558,738,777,660,1,109,268,352,358,373,4,200,290,386,419,287
2018,3,A,골목상권,2110454,선정중학교,2856,1608,1248,6,208,464,651,989,538,3,52,205,320,668,360,3,156,259,331,321,178
2018,3,A,골목상권,2110453,신사1동주민센터,2925,1261,1664,6,374,602,727,726,490,4,141,275,312,296,233,2,233,327,415,430,257
2018,3,A,골목상권,2110452,새절역 3번,2273,1070,1203,3,253,375,486,586,570,2,109,181,223,275,280,1,144,194,263,311,290
2018,3,A,골목상권,2110451,증산역 4번,2773,1576,1197,3,229,352,568,755,866,3,102,175,306,461,529,0,127,177,262,294,337
2018,3,A,골목상권,2110450,시립서북병원,3550,1282,2268,2,462,784,878,961,463,0,141,291,337,308,205,2,321,493,541,653,258
2018,3,A,골목상권,2110449,증산역 3번,2110,1204,906,6,195,365,545,586,413,5,83,193,303,343,277,1,112,172,242,243,136
2018,3,A,골목상권,2110448,상신초등학교입구,1002,444,558,1,76,193,323,231,178,0,25,94,146,96,83,1,51,99,177,135,95
2018,3,A,골목상권,2110447,구산초등학교,1541,1036,505,2,58,114,287,661,419,0,16,40,166,532,282,2,42,74,121,129,137
2018,3,A,골목상권,2110446,내를건너서숲으로도서관,982,456,526,1,63,133,230,257,298,0,22,66,106,136,126,1,41,67,124,121,172
2018,3,A,골목상권,2110445,덕산중학교,903,333,570,1,112,212,247,217,114,0,26,70,111,70,56,1,86,142,136,147,58
2018,3,A,골목상권,2110444,수색성당,3247,2113,1134,15,356,497,607,771,1001,9,91,221,347,538,907,6,265,276,260,233,94
2018,3,A,골목상권,2110443,수색역 1번,1362,694,668,11,210,223,222,245,451,6,34,67,105,129,353,5,176,156,117,116,98
2018,3,A,골목상권,2110442,화랑대철도공원,1245,417,828,1,194,256,360,326,108,1,28,70,127,136,55,0,166,186,233,190,53
2018,3,A,골목상권,2110441,영신여고,1146,462,684,0,89,239,300,315,203,0,25,77,108,123,129,0,64,162,192,192,74
2018,3,A,골목상권,2110440,상계3동4동주민센터,463,206,257,1,59,89,143,117,54,0,14,49,67,43,33,1,45,40,76,74,21
2018,3,A,골목상권,2110439,당고개역 5번,2492,1541,951,1,110,188,451,785,957,0,33,100,282,540,586,1,77,88,169,245,371
2018,3,A,골목상권,2110438,경춘선숲길 우측,3434,1519,1915,0,484,863,948,799,340,0,132,380,423,371,213,0,352,483,525,428,127
2018,3,A,골목상권,2110437,당고개역 2번,2898,1693,1205,1,155,232,558,904,1048,0,49,111,313,596,624,1,106,121,245,308,424
2018,3,A,골목상권,2110436,상계제일중학교,2242,914,1328,9,195,433,546,637,422,3,62,200,230,240,179,6,133,233,316,397,243
2018,3,A,골목상권,2110435,서울과학기술대,2772,1683,1089,6,382,730,613,705,336,4,187,395,381,456,260,2,195,335,232,249,76
2018,3,A,골목상권,2110434,태릉입구역 4번,5068,2218,2850,7,571,938,1257,1431,864,4,215,495,565,541,398,3,356,443,692,890,466
2018,3,A,골목상권,2110433,공릉역 2번,6084,3385,2699,11,676,1110,1529,1641,1117,6,287,705,848,810,729,5,389,405,681,831,388
2018,3,A,골목상권,2110432,대진고등학교,5163,2673,2490,8,935,1340,1139,1169,572,6,316,653,620,706,372,2,619,687,519,463,200
2018,3,A,골목상권,2110431,상계역,2372,893,1479,6,242,425,575,671,453,1,84,200,227,217,164,5,158,225,348,454,289
2018,3,A,골목상권,2110430,중계초등학교,1683,628,1055,4,176,291,422,490,300,0,49,130,154,166,129,4,127,161,268,324,171
2018,3,A,골목상권,2110429,공릉동 국수거리,7969,4206,3763,16,927,1490,1866,2032,1638,9,391,899,1004,981,922,7,536,591,862,1051,716
2018,3,A,골목상권,2110428,상계5동주민센터,3509,1633,1876,7,284,470,755,911,1082,1,116,252,327,395,542,6,168,218,428,516,540
2018,3,A,골목상권,2110427,노원 을지대학교병원,4148,2062,2086,9,834,1115,905,874,411,5,263,514,472,529,279,4,571,601,433,345,132
2018,3,A,골목상권,2110426,상계2동주민센터,3691,1437,2254,7,438,702,905,1027,612,4,128,284,331,384,306,3,310,418,574,643,306
2018,3,A,골목상권,2110425,계상초등학교,3828,1587,2241,9,370,582,870,990,1007,2,119,284,331,362,489,7,251,298,539,628,518
2018,3,A,골목상권,2110424,상계초등학교,3756,1384,2372,10,474,685,898,1031,658,7,158,310,317,337,255,3,316,375,581,694,403
2018,3,A,골목상권,2110423,석계역 2번,2423,1080,1343,6,326,506,648,547,390,3,91,229,301,249,207,3,235,277,347,298,183
2018,3,A,골목상권,2110422,노원역 9번,2808,999,1809,14,444,537,668,750,395,4,133,215,226,247,174,10,311,322,442,503,221
2018,3,A,골목상권,2110421,석계역 1번,2235,1162,1073,5,267,312,538,632,481,2,94,155,276,327,308,3,173,157,262,305,173
2018,3,A,골목상권,2110420,광운대역 1번,1509,801,708,4,183,363,430,369,160,3,55,172,252,219,100,1,128,191,178,150,60
2018,3,A,골목상권,2110419,수락산디자인거리,4808,2756,2052,8,384,730,1107,1187,1392,5,146,394,552,641,1018,3,238,336,555,546,374
2018,3,A,골목상권,2110418,광운대학교 남단,2042,1131,911,4,228,382,512,565,351,2,77,173,288,332,259,2,151,209,224,233,92
2018,3,A,골목상권,2110417,월계역 3번,1457,722,735,3,160,209,377,454,254,3,68,113,184,228,126,0,92,96,193,226,128
2018,3,A,골목상권,2110416,노원초등학교,3035,1750,1285,7,238,428,649,716,997,5,109,248,297,367,724,2,129,180,352,349,273
2018,3,A,골목상권,2110415,수락산역 4번,4660,2250,2410,9,442,865,1172,1128,1044,5,178,480,561,531,495,4,264,385,611,597,549
2018,3,A,골목상권,2110414,장석교회,1211,725,486,5,104,185,260,356,301,0,38,79,145,224,239,5,66,106,115,132,62
2018,3,A,골목상권,2110413,누원고등학교,1369,653,716,5,111,210,317,377,349,2,39,98,128,169,217,3,72,112,189,208,132
2018,3,A,골목상권,2110412,창동중학교,1843,1340,503,3,101,191,312,643,593,0,34,73,176,495,562,3,67,118,136,148,31
2018,3,A,골목상권,2110411,도봉역 3번,3560,1977,1583,5,304,647,872,904,828,3,133,299,464,533,545,2,171,348,408,371,283
2018,3,A,골목상권,2110410,방학역 2번,6010,3182,2828,23,625,919,1197,1378,1868,12,266,453,569,688,1194,11,359,466,628,690,674
2018,3,A,골목상권,2110409,창동역 2번,4928,2335,2593,9,597,1238,1288,1256,540,4,180,575,615,657,304,5,417,663,673,599,236
2018,3,A,골목상권,2110408,가인초등학교,3465,1884,1581,8,388,661,840,923,645,4,132,397,456,504,391,4,256,264,384,419,254
2018,3,A,골목상권,2110407,도봉역 2번,4353,2460,1893,12,357,752,1014,1234,984,9,125,333,520,752,721,3,232,419,494,482,263
2018,3,A,골목상권,2110406,도봉산역 1번,1818,1217,601,4,103,208,470,660,373,3,42,134,286,482,270,1,61,74,184,178,103
2018,3,A,골목상권,2110405,방학역 1번,3363,1852,1511,20,393,557,785,920,688,10,181,292,418,502,449,10,212,265,367,418,239
2018,3,A,골목상권,2110404,신창초등학교,2850,1355,1495,19,272,498,738,901,422,12,90,196,312,465,280,7,182,302,426,436,142
2018,3,A,골목상권,2110403,방학1동주민센터,3507,1760,1747,15,418,656,843,950,625,5,173,372,437,460,313,10,245,284,406,490,312
2018,3,A,골목상권,2110402,도봉구 정병원,3361,1556,1805,9,394,573,814,935,636,3,125,313,390,411,314,6,269,260,424,524,322
2018,3,A,골목상권,2110401,도봉구민회관,3208,1675,1533,8,339,581,705,789,786,5,135,316,336,363,520,3,204,265,369,426,266
2018,3,A,골목상권,2110400,도봉구보건소,3816,1828,1988,10,470,694,966,1004,672,6,155,373,468,466,360,4,315,321,498,538,312
2018,3,A,골목상권,2110399,창2동주민센터,2322,1048,1274,21,227,407,658,657,352,12,76,180,285,277,218,9,151,227,373,380,134
2018,3,A,골목상권,2110398,쌍문2동우체국,3617,1828,1789,4,387,661,803,932,830,4,149,340,364,441,530,0,238,321,439,491,300
2018,3,A,골목상권,2110397,도봉산입구,2367,1277,1090,8,185,341,584,746,503,3,63,169,279,426,337,5,122,172,305,320,166
2018,3,A,골목상권,2110396,쌍문역1번(쌍리단길),2375,964,1411,7,386,529,554,607,292,4,104,219,243,242,152,3,282,310,311,365,140
2018,3,A,골목상권,2110395,신한은행 방학동지점,1449,584,865,2,139,235,350,378,345,0,44,109,137,138,156,2,95,126,213,240,189
2018,3,A,골목상권,2110394,방학중학교,1942,775,1167,1,209,344,498,518,372,0,70,153,206,180,166,1,139,191,292,338,206
2018,3,A,골목상권,2110393,국민은행방학지점,1205,438,767,2,112,200,309,318,264,2,23,72,124,104,113,0,89,128,185,214,151
2018,3,A,골목상권,2110392,발바닥공원,689,231,458,3,69,125,169,172,151,2,12,35,48,56,78,1,57,90,121,116,73
2018,3,A,골목상권,2110391,샘말어린이공원,1090,534,556,1,95,205,264,323,202,0,35,94,118,144,143,1,60,111,146,179,59
2018,3,A,골목상권,2110390,방학초등학교,2067,719,1348,1,188,348,532,605,393,0,53,136,199,172,159,1,135,212,333,433,234
2018,3,A,골목상권,2110389,한일병원,2498,1218,1280,4,521,532,554,606,281,3,145,266,265,338,201,1,376,266,289,268,80
2018,3,A,골목상권,2110388,도봉우체국,2088,852,1236,2,491,498,476,455,166,1,129,221,180,206,115,1,362,277,296,249,51
2018,3,A,골목상권,2110387,쌍문초등학교,1895,799,1096,1,329,441,466,443,215,0,81,182,206,186,144,1,248,259,260,257,71
2018,3,A,골목상권,2110386,연산군묘,699,431,268,0,40,59,125,247,228,0,10,22,66,138,195,0,30,37,59,109,33
2018,3,A,골목상권,2110385,효문고등학교,1358,514,844,1,227,232,336,376,186,0,25,71,134,155,129,1,202,161,202,221,57
2018,3,A,골목상권,2110384,문이교,850,400,450,0,89,124,200,251,186,0,25,56,95,105,119,0,64,68,105,146,67
2018,3,A,골목상권,2110383,덕성여대시반거리,1211,424,787,3,230,211,310,310,147,0,33,80,119,113,79,3,197,131,191,197,68
2018,3,A,골목상권,2110382,솔밭공원역 1번,1712,644,1068,1,280,276,407,486,262,0,34,102,161,181,166,1,246,174,246,305,96
2018,3,A,골목상권,2110381,번동주공2단지,1677,788,889,6,203,334,395,450,289,5,73,122,173,228,187,1,130,212,222,222,102
2018,3,A,골목상권,2110380,강북문화정보도서관,1064,500,564,3,147,174,266,282,192,3,48,74,118,141,116,0,99,100,148,141,76
2018,3,A,골목상권,2110379,KT&G 북부지사,1975,1365,610,2,159,265,454,763,332,1,92,137,277,589,269,1,67,128,177,174,63
2018,3,A,골목상권,2110378,송중동주민센터,1631,738,893,4,194,345,455,337,296,3,80,164,194,141,156,1,114,181,261,196,140
2018,3,A,골목상권,2110377,미아사거리역 3번,3148,1257,1891,16,582,795,775,627,353,7,177,330,319,247,177,9,405,465,456,380,176
2018,3,A,골목상권,2110376,수송초등학교,7083,3988,3095,13,671,1493,1705,2105,1096,8,246,793,916,1337,688,5,425,700,789,768,408
2018,3,A,골목상권,2110375,서울북부고용노동지청,2574,1595,979,2,217,343,589,913,510,1,109,182,336,630,337,1,108,161,253,283,173
2018,3,A,골목상권,2110374,송중초등학교,3742,1576,2166,11,332,613,849,898,1039,6,93,230,372,401,474,5,239,383,477,497,565
2018,3,A,골목상권,2110373,수유역 2번,7483,3916,3567,18,895,1616,1691,1931,1332,11,317,838,870,1137,743,7,578,778,821,794,589
2018,3,A,골목상권,2110372,강북중학교,1887,936,951,4,221,388,492,492,290,2,82,206,236,228,182,2,139,182,256,264,108
2018,3,A,골목상권,2110371,삼양입구사거리,2296,993,1303,8,294,439,587,571,397,2,75,163,253,259,241,6,219,276,334,312,156
2018,3,A,골목상권,2110370,도봉세무서,3264,1389,1875,9,298,512,715,790,940,5,101,209,324,337,413,4,197,303,391,453,527
2018,3,A,골목상권,2110369,성신여대운정그린캠퍼스,5728,3076,2652,9,669,1148,1278,1419,1205,1,234,644,708,802,687,8,435,504,570,617,518
2018,3,A,골목상권,2110368,송천초등학교,1974,751,1223,9,299,432,545,468,221,3,66,145,207,192,138,6,233,287,338,276,83
2018,3,A,골목상권,2110367,강북구청,7628,4011,3617,19,951,1728,1731,1790,1409,10,360,917,927,1057,740,9,591,811,804,733,669
2018,3,A,골목상권,2110366,광산사거리,4277,2182,2095,4,401,925,997,1111,839,0,143,438,523,660,418,4,258,487,474,451,421
2018,3,A,골목상권,2110365,미아역 5번,2646,1148,1498,9,361,578,651,652,395,7,116,240,271,290,224,2,245,338,380,362,171
2018,3,A,골목상권,2110364,미아역 8번,2511,1094,1417,2,362,533,652,604,358,1,117,210,296,270,200,1,245,323,356,334,158
2018,3,A,골목상권,2110363,송천동주민센터,1401,572,829,4,173,319,407,316,182,3,52,141,158,123,95,1,121,178,249,193,87
2018,3,A,골목상권,2110362,우이천 계성교,2558,1146,1412,5,405,492,612,670,374,1,102,249,291,299,204,4,303,243,321,371,170
2018,3,A,골목상권,2110361,삼양사거리역 1번,1412,647,765,3,163,264,343,367,272,3,54,135,148,169,138,0,109,129,195,198,134
2018,3,A,골목상권,2110360,수유초등학교,3817,1722,2095,6,462,646,870,1000,833,1,160,314,364,419,464,5,302,332,506,581,369
2018,3,A,골목상권,2110359,수유시장옆,6955,3433,3522,11,771,1359,1547,1721,1546,4,277,625,742,935,850,7,494,734,805,786,696
2018,3,A,골목상권,2110358,인수동 우편취급국,4571,2238,2333,9,516,746,977,1215,1108,1,166,383,463,573,652,8,350,363,514,642,456
2018,3,A,골목상권,2110357,가오리역 1번,1857,826,1031,4,228,360,451,484,330,2,72,165,210,217,160,2,156,195,241,267,170
2018,3,A,골목상권,2110356,덕수교,1935,797,1138,4,294,352,496,508,281,1,60,159,222,206,149,3,234,193,274,302,132
2018,3,A,골목상권,2110355,삼양사거리역 2번,1850,739,1111,4,222,373,479,465,307,3,52,153,185,193,153,1,170,220,294,272,154
2018,3,A,골목상권,2110354,삼각산119안전센터,928,315,613,1,118,211,279,215,104,0,20,78,87,76,54,1,98,133,192,139,50
2018,3,A,골목상권,2110353,수유동우체국,2037,808,1229,5,293,336,511,533,359,2,59,149,228,205,165,3,234,187,283,328,194
2018,3,A,골목상권,2110352,수유1동주민센터,2268,1136,1132,1,224,413,689,665,276,1,56,171,335,388,185,0,168,242,354,277,91
2018,3,A,골목상권,2110351,수유북부시장옆,2127,1183,944,1,135,266,527,778,420,1,37,141,313,437,254,0,98,125,214,341,166
2018,3,A,골목상권,2110350,가오리역 2번,2211,964,1247,2,226,463,547,617,356,2,61,199,228,252,222,0,165,264,319,365,134
2018,3,A,골목상권,2110349,화계역 2번,1667,1042,625,1,128,252,479,556,251,1,28,111,282,409,211,0,100,141,197,147,40
2018,3,A,골목상권,2110348,강북문화예술회관,2420,961,1459,2,271,547,662,603,335,2,79,217,265,229,169,0,192,330,397,374,166
2018,3,A,골목상권,2110347,구세군강북종합사회복지관,723,256,467,1,98,195,201,154,74,1,27,61,67,59,41,0,71,134,134,95,33
2018,3,A,골목상권,2110346,4.19민주묘지역 2번,1488,611,877,3,253,268,382,378,204,0,47,124,177,153,110,3,206,144,205,225,94
2018,3,A,골목상권,2110345,솔밭공원역 2번,2293,1085,1208,2,303,312,497,773,406,0,45,122,212,425,281,2,258,190,285,348,125
2018,3,A,골목상권,2110344,화계중학교,1055,691,364,1,68,176,345,367,98,1,8,76,234,285,87,0,60,100,111,82,11
2018,3,A,골목상권,2110343,무너미어린이공원,1835,803,1032,4,180,319,456,458,418,1,62,158,215,185,182,3,118,161,241,273,236
2018,3,A,골목상권,2110342,국립재활원,1959,1131,828,2,163,403,580,579,232,2,46,195,360,372,156,0,117,208,220,207,76
2018,3,A,골목상권,2110341,북한산우이역 2번,925,721,204,1,66,90,134,339,295,0,47,63,87,280,244,1,19,27,47,59,51
2018,3,A,골목상권,2110340,인수중학교,1349,679,670,0,126,195,292,358,378,0,50,87,152,200,190,0,76,108,140,158,188
2018,3,A,골목상권,2110339,국립4.19민주묘지,1199,654,545,1,124,146,244,326,358,0,45,82,148,199,180,1,79,64,96,127,178
2018,3,A,골목상권,2110338,인수초등학교,1699,802,897,1,188,374,435,426,275,1,59,140,188,233,181,0,129,234,247,193,94
2018,3,A,골목상권,2110337,아카데미하우스,1443,732,711,0,139,211,326,383,384,0,51,95,171,222,193,0,88,116,155,161,191
2018,3,A,골목상권,2110336,석관고등학교,2724,1914,810,0,137,317,481,626,1163,0,64,179,305,437,929,0,73,138,176,189,234
2018,3,A,골목상권,2110335,석계역 7번,4083,2399,1684,5,347,532,831,956,1412,2,121,262,438,529,1047,3,226,270,393,427,365
2018,3,A,골목상권,2110334,석관중앙교회,2636,1502,1134,4,214,500,708,720,490,2,62,213,394,486,345,2,152,287,314,234,145
2018,3,A,골목상권,2110333,돌곶이역 5번,3887,2377,1510,4,333,549,722,811,1468,1,124,287,386,456,1123,3,209,262,336,355,345
2018,3,A,골목상권,2110332,돌곶이역 3번,3552,2276,1276,2,289,454,605,775,1427,0,105,246,344,447,1134,2,184,208,261,328,293
2018,3,A,골목상권,2110331,돌곶이역 8번,2768,1352,1416,5,308,578,723,644,510,2,85,255,362,315,333,3,223,323,361,329,177
2018,3,A,골목상권,2110330,돌곶이역 1번,2712,1359,1353,3,284,561,682,655,527,0,86,251,336,318,368,3,198,310,346,337,159
2018,3,A,골목상권,2110329,우리은행체육관,1253,630,623,0,103,231,292,363,264,0,36,124,132,179,159,0,67,107,160,184,105
2018,3,A,골목상권,2110328,상월곡역 3번,2282,1206,1076,4,259,532,609,524,354,0,89,245,341,278,253,4,170,287,268,246,101
2018,3,A,골목상권,2110327,상월곡역 2번,1674,811,863,2,204,358,476,420,214,0,83,173,217,193,145,2,121,185,259,227,69
2018,3,A,골목상권,2110326,장위동성당,1058,507,551,1,83,227,303,275,169,0,31,115,125,134,102,1,52,112,178,141,67
2018,3,A,골목상권,2110325,장곡초등학교,1258,566,692,5,132,217,329,344,231,3,45,113,139,151,115,2,87,104,190,193,116
2018,3,A,골목상권,2110324,월곡역 4번,4128,2449,1679,7,788,1209,904,725,495,2,371,770,564,413,329,5,417,439,340,312,166
2018,3,A,골목상권,2110323,상월곡역 1번,4284,2417,1867,7,852,1163,909,846,507,2,358,722,527,485,323,5,494,441,382,361,184
2018,3,A,골목상권,2110322,장위1동주민센터,973,454,519,4,106,126,224,284,229,3,45,66,96,115,129,1,61,60,128,169,100
2018,3,A,골목상권,2110321,동덕여대,2113,867,1246,7,318,387,512,528,361,2,66,162,224,229,184,5,252,225,288,299,177
2018,3,A,골목상권,2110320,KB국민은행 종암동지점,4869,2702,2167,8,549,1381,1304,1116,511,2,186,637,765,749,363,6,363,744,539,367,148
2018,3,A,골목상권,2110319,종암동주민센터,3000,1453,1547,10,418,665,750,787,370,2,140,357,388,403,163,8,278,308,362,384,207
2018,3,A,골목상권,2110318,KT월곡지사,4540,2377,2163,17,692,1073,1214,1072,472,4,250,597,667,608,251,13,442,476,547,464,221
2018,3,A,골목상권,2110317,종암중학교,4799,2701,2098,4,579,1374,1268,1097,477,1,209,633,750,761,347,3,370,741,518,336,130
2018,3,A,골목상권,2110316,숭곡초등학교,5304,2438,2866,22,872,1244,1375,1129,662,8,322,596,640,517,355,14,550,648,735,612,307
2018,3,A,골목상권,2110315,종암아이파크2차,1852,694,1158,4,266,332,457,478,315,2,87,125,176,167,137,2,179,207,281,311,178
2018,3,A,골목상권,2110314,종암경찰서,2971,1476,1495,7,375,608,784,790,407,3,138,345,404,415,171,4,237,263,380,375,236
2018,3,A,골목상권,2110313,안암역 3번,9861,5012,4849,19,1659,2906,2562,1824,891,4,489,1236,1471,1181,631,15,1170,1670,1091,643,260
2018,3,A,골목상권,2110312,안암역 2번,8008,3912,4096,18,1452,2514,2034,1443,547,4,389,1021,1144,956,398,14,1063,1493,890,487,149
2018,3,A,골목상권,2110311,종암아이파크2차후문,427,101,326,0,36,70,109,120,92,0,12,17,27,20,25,0,24,53,82,100,67
2018,3,A,골목상권,2110310,길음역 10번,1816,651,1165,8,205,324,447,446,386,4,47,138,153,128,181,4,158,186,294,318,205
2018,3,A,골목상권,2110309,대광초등학교,3877,2178,1699,11,497,906,1001,827,635,2,188,512,602,486,388,9,309,394,399,341,247
2018,3,A,골목상권,2110308,길음역 8번,2723,964,1759,13,362,530,703,648,467,6,79,219,227,212,221,7,283,311,476,436,246
2018,3,A,골목상권,2110307,길음역 7번,2273,836,1437,10,279,377,556,594,457,4,66,163,207,189,207,6,213,214,349,405,250
2018,3,A,골목상권,2110306,미아초등학교,1338,481,857,6,198,313,408,273,140,2,38,131,131,105,74,4,160,182,277,168,66
2018,3,A,골목상권,2110305,보문역 5번,6493,2802,3691,21,1344,1810,1504,1179,635,6,331,683,761,627,394,15,1013,1127,743,552,241
2018,3,A,골목상권,2110304,보문역 4번,9105,4212,4893,17,1578,2564,2229,1956,761,7,415,982,1130,1193,485,10,1163,1582,1099,763,276
2018,3,A,골목상권,2110303,성신여대입구역 1번,7844,3059,4785,23,1834,2181,1777,1344,685,7,402,787,834,651,378,16,1432,1394,943,693,307
2018,3,A,골목상권,2110302,보문역 8번,2689,1322,1367,13,370,571,627,631,477,4,114,289,314,318,283,9,256,282,313,313,194
2018,3,A,골목상권,2110301,성신여대입구역 7번,3815,1700,2115,10,642,840,873,830,620,3,197,375,426,373,326,7,445,465,447,457,294
2018,3,A,골목상권,2110300,삼선동주민센터,12586,5770,6816,29,2395,3280,2964,2607,1311,8,610,1338,1530,1522,762,21,1785,1942,1434,1085,549
2018,3,A,골목상권,2110299,정릉역 1번,2610,1015,1595,6,348,603,669,620,364,3,92,222,252,243,203,3,256,381,417,377,161
2018,3,A,골목상권,2110298,솔숲어린이공원,1185,473,712,2,156,257,332,291,147,1,44,104,102,120,102,1,112,153,230,171,45
2018,3,A,골목상권,2110297,경동고등학교,8333,4176,4157,15,1047,1898,2055,2103,1215,7,359,891,1059,1209,651,8,688,1007,996,894,564
2018,3,A,골목상권,2110296,성신여대입구역 4번,5376,2360,3016,6,776,1010,1028,1005,1551,2,214,461,513,468,702,4,562,549,515,537,849
2018,3,A,골목상권,2110295,정릉우체국,2178,1129,1049,8,248,367,539,607,409,4,83,167,239,349,287,4,165,200,300,258,122
2018,3,A,골목상권,2110294,서경대학교,2759,1528,1231,9,329,467,655,787,512,4,91,219,346,484,384,5,238,248,309,303,128
2018,3,A,골목상권,2110293,삼선중학교,6285,2688,3597,15,824,1231,1383,1189,1643,9,229,577,632,531,710,6,595,654,751,658,933
2018,3,A,골목상권,2110292,정릉역 2번,1117,463,654,7,138,254,306,272,140,3,50,109,110,109,82,4,88,145,196,163,58
2018,3,A,골목상권,2110291,한성대입구역 3번,3442,1625,1817,10,539,756,874,793,470,6,212,352,410,400,245,4,327,404,464,393,225
2018,3,A,골목상권,2110290,북한산보국문역 1번,1757,908,849,3,205,311,426,489,323,1,47,147,229,287,197,2,158,164,197,202,126
2018,3,A,골목상권,2110289,북한산보국문역 2번,1911,998,913,8,212,342,486,532,331,4,73,159,248,296,218,4,139,183,238,236,113
2018,3,A,골목상권,2110288,동구여중,2816,1246,1570,18,447,752,794,521,284,9,126,332,345,269,165,9,321,420,449,252,119
2018,3,A,골목상권,2110287,정릉3동주민센터,1070,648,422,1,88,184,319,332,146,1,25,85,207,227,103,0,63,99,112,105,43
2018,3,A,골목상권,2110286,한성대입구역 5번,3663,1798,1865,21,527,918,998,760,439,9,142,406,477,466,298,12,385,512,521,294,141
2018,3,A,골목상권,2110285,홍대부중,2420,1102,1318,7,330,670,748,441,224,3,96,282,338,237,146,4,234,388,410,204,78
2018,3,A,골목상권,2110284,정릉북한산국립공원입구,928,727,201,1,33,94,273,363,164,0,7,66,226,291,137,1,26,28,47,72,27
2018,3,A,골목상권,2110283,성북초등학교앞,1888,916,972,3,277,476,514,402,216,1,80,211,264,219,141,2,197,265,250,183,75
2018,3,A,골목상권,2110282,국민대학교앞,2424,1474,950,0,284,478,725,652,285,0,83,223,461,481,226,0,201,255,264,171,59
2018,3,A,골목상권,2110281,길상사,983,557,426,0,177,301,224,172,109,0,72,182,134,99,70,0,105,119,90,73,39
2018,3,A,골목상권,2110280,북정마을,2077,1079,998,2,302,646,519,427,181,1,103,323,287,239,126,1,199,323,232,188,55
2018,3,A,골목상권,2110279,신내역 2번,4021,2150,1871,3,767,1082,920,873,376,2,241,563,527,540,277,1,526,519,393,333,99
2018,3,A,골목상권,2110278,망우본동주민센터,3998,1908,2090,7,510,760,945,1035,741,1,119,285,411,561,531,6,391,475,534,474,210
2018,3,A,골목상권,2110277,러스크서울병원,3850,1870,1980,7,457,677,865,1032,812,1,112,272,411,545,529,6,345,405,454,487,283
2018,3,A,골목상권,2110276,신내IC북측,2096,1565,531,0,215,482,502,605,292,0,150,386,380,427,222,0,65,96,122,178,70
2018,3,A,골목상권,2110275,하나은행 망우동지점,2940,1514,1426,8,313,475,604,836,704,1,72,191,298,462,490,7,241,284,306,374,214
2018,3,A,골목상권,2110274,서일대학교,3067,1623,1444,4,319,493,756,892,603,2,112,211,397,497,404,2,207,282,359,395,199
2018,3,A,골목상권,2110273,장스여성병원,3106,1606,1500,5,352,517,679,848,705,1,87,189,309,491,529,4,265,328,370,357,176
2018,3,A,골목상권,2110272,신내1동주민센터,5825,2911,2914,8,547,1178,1441,1661,990,5,182,486,647,936,655,3,365,692,794,725,335
2018,3,A,골목상권,2110271,신내역 1번,4730,2642,2088,6,795,1193,1061,1161,514,2,273,664,649,697,357,4,522,529,412,464,157
2018,3,A,골목상권,2110270,혜원여고,1716,828,888,4,145,293,404,481,389,2,36,135,194,235,226,2,109,158,210,246,163
2018,3,A,골목상권,2110269,용마문화복지센터,2406,1330,1076,1,255,342,564,751,493,0,107,146,315,415,347,1,148,196,249,336,146
2018,3,A,골목상권,2110268,망우3동주민센터,2374,1391,983,6,225,336,505,617,685,3,116,170,284,327,491,3,109,166,221,290,194
2018,3,A,골목상권,2110267,망우역 2번,4016,1836,2180,17,458,736,949,1104,752,10,138,296,404,526,462,7,320,440,545,578,290
2018,3,A,골목상권,2110266,면목동우체국,2909,1501,1408,2,297,471,725,908,506,0,91,190,380,504,336,2,206,281,345,404,170
2018,3,A,골목상권,2110265,망우역 1번,5420,2838,2582,18,732,964,1134,1420,1152,5,264,402,557,792,818,13,468,562,577,628,334
2018,3,A,골목상권,2110264,면목역 2번,3393,1536,1857,6,396,543,914,988,546,2,137,226,450,429,292,4,259,317,464,559,254
2018,3,A,골목상권,2110263,면목역 1번,4939,2746,2193,20,632,1079,1339,1072,797,6,312,695,700,501,532,14,320,384,639,571,265
2018,3,A,골목상권,2110262,상봉역 3번,5251,3084,2167,19,742,1189,1359,1125,817,6,360,758,732,624,604,13,382,431,627,501,213
2018,3,A,골목상권,2110261,사가정역 4번,3266,1884,1382,3,373,554,759,1103,474,0,117,236,435,735,361,3,256,318,324,368,113
2018,3,A,골목상권,2110260,면목역 3번,3974,2196,1778,16,506,960,1164,870,458,5,223,629,599,432,308,11,283,331,565,438,150
2018,3,A,골목상권,2110259,사가정역 1번,2965,1348,1617,5,445,652,734,756,373,1,111,256,369,399,212,4,334,396,365,357,161
2018,3,A,골목상권,2110258,면동초등학교,2531,1166,1365,6,363,501,617,646,398,3,78,212,280,329,264,3,285,289,337,317,134
2018,3,A,골목상권,2110257,상봉역 7번,3247,1852,1395,13,397,563,707,936,631,11,129,266,350,593,503,2,268,297,357,343,128
2018,3,A,골목상권,2110256,면목2동체육관,5411,2983,2428,14,620,1247,1552,1270,708,5,272,772,815,642,477,9,348,475,737,628,231
2018,3,A,골목상권,2110255,상봉역 4번,6405,3563,2842,21,855,1484,1757,1445,843,10,347,890,924,799,593,11,508,594,833,646,250
2018,3,A,골목상권,2110254,오거리공원,2483,1431,1052,2,246,441,652,816,326,0,89,206,359,545,232,2,157,235,293,271,94
2018,3,A,골목상권,2110253,중곡초등학교,2067,1222,845,1,214,324,531,681,316,0,75,146,310,474,217,1,139,178,221,207,99
2018,3,A,골목상권,2110252,장안제일시장,2558,1378,1180,4,321,505,626,661,441,3,81,232,332,390,340,1,240,273,294,271,101
2018,3,A,골목상권,2110251,장안중학교,2588,1304,1284,5,273,431,615,773,491,4,95,179,260,404,362,1,178,252,355,369,129
2018,3,A,골목상권,2110250,화랑대역 7번,2069,884,1185,0,210,445,548,551,315,0,84,215,214,205,166,0,126,230,334,346,149
2018,3,A,골목상권,2110249,중화역 1번,3730,1793,1937,5,370,658,887,881,929,2,132,273,416,368,602,3,238,385,471,513,327
2018,3,A,골목상권,2110248,먹골파출소,1441,649,792,1,192,331,391,351,175,0,69,168,161,141,110,1,123,163,230,210,65
2018,3,A,골목상권,2110247,먹골역 1번,2744,1300,1444,4,369,622,717,627,405,1,114,291,344,319,231,3,255,331,373,308,174
2018,3,A,골목상권,2110246,월드순복음교회,3056,1626,1430,12,379,593,739,783,550,10,134,287,392,431,372,2,245,306,347,352,178
2018,3,A,골목상권,2110245,KB국민은행 중화동지점,2361,1296,1065,7,252,410,586,659,447,6,106,199,287,370,328,1,146,211,299,289,119
2018,3,A,골목상권,2110244,중화역 4번,4581,2888,1693,7,312,567,750,877,2068,4,121,255,359,401,1748,3,191,312,391,476,320
2018,3,A,골목상권,2110243,중랑노인종합복지관,2709,1399,1310,4,256,485,689,773,502,2,78,219,349,403,348,2,178,266,340,370,154
2018,3,A,골목상권,2110242,면목5동주민센터,1619,992,627,4,124,253,382,510,346,2,54,136,221,312,267,2,70,117,161,198,79
2018,3,A,골목상권,2110241,먹골역 5번,3350,1675,1675,6,341,636,779,755,833,2,107,287,372,364,543,4,234,349,407,391,290
2018,3,A,골목상권,2110240,태릉시장 특화거리,3056,2104,952,5,217,352,480,568,1434,4,103,182,222,268,1325,1,114,170,258,300,109
2018,3,A,골목상권,2110239,중랑역 2번,884,440,444,5,156,185,201,201,136,3,65,88,97,102,85,2,91,97,104,99,51
2018,3,A,골목상권,2110238,배꽃어린이공원,3021,2279,742,3,159,243,318,424,1874,3,68,127,182,247,1652,0,91,116,136,177,222
2018,3,A,골목상권,2110237,메가박스 상봉,5156,3196,1960,20,648,1158,1405,1380,545,12,276,684,913,954,357,8,372,474,492,426,188
2018,3,A,골목상권,2110236,신묵초등학교,3395,1753,1642,5,360,655,778,751,846,2,111,314,400,377,549,3,249,341,378,374,297
2018,3,A,골목상권,2110235,세화어린이공원,1996,1598,398,1,72,119,203,295,1306,1,39,72,94,147,1245,0,33,47,109,148,61
2018,3,A,골목상권,2110234,중랑역 4번,4397,3020,1377,21,526,1012,1246,1147,445,13,260,658,893,890,306,8,266,354,353,257,139
2018,3,A,골목상권,2110233,중랑역 1번,4124,2777,1347,21,527,963,1159,1078,376,13,253,624,806,829,252,8,274,339,353,249,124
2018,3,A,골목상권,2110232,동대부고,4348,2239,2109,8,638,944,1099,1038,621,4,293,489,560,515,378,4,345,455,539,523,243
2018,3,A,골목상권,2110231,장안교,2163,1276,887,3,284,489,579,491,317,1,179,279,329,275,213,2,105,210,250,216,104
2018,3,A,골목상권,2110230,장안현대홈타운1차아파트,5417,2542,2875,14,766,1273,1445,1176,743,5,237,606,722,544,428,9,529,667,723,632,315
2018,3,A,골목상권,2110229,장평중학교,10430,6231,4199,17,1457,2469,2456,2128,1903,5,625,1503,1490,1231,1377,12,832,966,966,897,526
2018,3,A,골목상권,2110228,장안근린공원,7241,3524,3717,21,1025,1575,1857,1730,1033,11,431,804,905,798,575,10,594,771,952,932,458
2018,3,A,골목상권,2110227,답십리공원,2950,1356,1594,8,344,610,764,800,424,5,142,309,339,355,206,3,202,301,425,445,218
2018,3,A,골목상권,2110226,장안1동주민센터,11185,6130,5055,26,1504,2399,2645,2446,2165,13,600,1301,1549,1326,1341,13,904,1098,1096,1120,824
2018,3,A,골목상권,2110225,촬영소사거리,3478,2099,1379,7,393,751,910,821,596,5,211,458,577,467,381,2,182,293,333,354,215
2018,3,A,골목상권,2110224,외대앞역 2번,955,418,537,2,149,166,241,191,206,2,51,91,104,82,88,0,98,75,137,109,118
2018,3,A,골목상권,2110223,군자초등학교,12167,7411,4756,44,2086,2742,2452,2249,2594,12,945,1740,1612,1349,1753,32,1141,1002,840,900,841
2018,3,A,골목상권,2110222,회기역 2번,1381,651,730,8,250,271,281,205,366,0,68,121,137,90,235,8,182,150,144,115,131
2018,3,A,골목상권,2110221,의릉,1390,685,705,3,159,304,388,329,207,1,39,118,210,182,135,2,120,186,178,147,72
2018,3,A,골목상권,2110220,외대앞역 1번,5721,3000,2721,8,611,1359,1703,1336,704,3,181,564,907,856,489,5,430,795,796,480,215
2018,3,A,골목상권,2110219,삼육보건대학교,5241,2421,2820,14,895,1212,1171,1131,818,4,255,515,586,558,503,10,640,697,585,573,315
2018,3,A,골목상권,2110218,답십리사거리,2186,1113,1073,4,267,435,546,545,389,4,119,227,295,257,211,0,148,208,251,288,178
2018,3,A,골목상권,2110217,자동차부품상가,27628,21841,5787,42,3160,4914,8431,8703,2378,34,1906,3624,6971,7466,1840,8,1254,1290,1460,1237,538
2018,3,A,골목상권,2110216,전농중학교,1894,784,1110,2,226,466,522,453,225,0,59,163,223,193,146,2,167,303,299,260,79
2018,3,A,골목상권,2110215,회기역 1번,4496,2345,2151,8,575,1077,1230,922,684,1,183,436,653,554,518,7,392,641,577,368,166
2018,3,A,골목상권,2110214,경희대후문,8102,3816,4286,7,1236,2280,2152,1733,694,3,321,891,1071,1006,524,4,915,1389,1081,727,170
2018,3,A,골목상권,2110213,청량초등학교,6418,2759,3659,6,1161,1872,1650,1252,477,0,317,729,751,620,342,6,844,1143,899,632,135
2018,3,A,골목상권,2110212,답십리초등학교,4898,2463,2435,9,772,1128,1236,1034,719,6,359,631,607,458,402,3,413,497,629,576,317
2018,3,A,골목상권,2110211,전곡마을마당공원,3444,1818,1626,3,380,832,925,861,443,1,152,344,526,501,294,2,228,488,399,360,149
2018,3,A,골목상권,2110210,서울시립대,4071,2085,1986,7,558,1026,998,1008,474,3,207,440,553,557,325,4,351,586,445,451,149
2018,3,A,골목상권,2110209,답십리 장령당공원,1768,1032,736,5,181,346,461,411,364,2,84,194,262,222,268,3,97,152,199,189,96
2018,3,A,골목상권,2110208,시조사삼거리,2363,1130,1233,5,353,571,572,575,287,2,120,271,304,273,160,3,233,300,268,302,127
2018,3,A,골목상권,2110207,시립대앞사거리,3771,2007,1764,20,692,919,851,819,470,11,320,398,472,474,332,9,372,521,379,345,138
2018,3,A,골목상권,2110206,텃골근린공원,1804,866,938,2,226,361,531,452,232,0,88,161,283,220,114,2,138,200,248,232,118
2018,3,A,골목상권,2110205,경희대삼거리,8605,3862,4743,12,1498,2447,2110,1744,794,1,451,1026,1007,878,499,11,1047,1421,1103,866,295
2018,3,A,골목상권,2110204,간데메공원,2405,1307,1098,5,339,504,651,538,368,2,146,287,358,288,226,3,193,217,293,250,142
2018,3,A,골목상권,2110203,떡전교사거리,3789,2052,1737,20,705,905,823,814,522,11,338,513,464,413,313,9,367,392,359,401,209
2018,3,A,골목상권,2110202,전농1동주민센터(전농시장),915,480,435,1,128,168,240,221,157,0,55,85,135,121,84,1,73,83,105,100,73
2018,3,A,골목상권,2110201,전농119안전센터,1187,640,547,0,174,239,333,255,186,0,74,132,195,134,105,0,100,107,138,121,81
2018,3,A,골목상권,2110200,동대문경찰서,2542,1474,1068,2,252,558,594,663,473,2,130,376,370,356,240,0,122,182,224,307,233
2018,3,A,골목상권,2110199,홍릉시장,2970,1788,1182,3,288,647,723,758,551,3,156,439,465,417,308,0,132,208,258,341,243
2018,3,A,골목상권,2110198,동대문중앙새마을금고본점,1306,776,530,3,126,244,291,329,313,3,57,152,189,174,201,0,69,92,102,155,112
2018,3,A,골목상권,2110197,세종대왕기념관교차로,1747,1092,655,0,273,573,366,362,173,0,128,348,237,256,123,0,145,225,129,106,50
2018,3,A,골목상권,2110196,홍릉근린공원,1018,438,580,0,83,163,249,278,245,0,27,81,119,93,118,0,56,82,130,185,127
2018,3,A,골목상권,2110195,동대문구청,6781,3718,3063,3,783,1469,1654,1754,1118,1,333,787,857,1028,712,2,450,682,797,726,406
2018,3,A,골목상권,2110194,홍파초등학교,2810,1621,1189,5,233,510,745,765,552,5,115,306,446,416,333,0,118,204,299,349,219
2018,3,A,골목상권,2110193,고려대역 4번,5271,3114,2157,3,560,1527,1408,1217,556,1,205,779,866,868,395,2,355,748,542,349,161
2018,3,A,골목상권,2110192,동의보감타워,5597,3084,2513,3,634,1173,1348,1513,926,1,252,613,689,932,597,2,382,560,659,581,329
2018,3,A,골목상권,2110191,고려대역 6번,5065,2983,2082,3,484,1318,1441,1211,608,1,179,656,882,841,424,2,305,662,559,370,184
2018,3,A,골목상권,2110190,고대앞사거리,6436,3618,2818,19,838,1733,1771,1400,675,6,323,856,1036,934,463,13,515,877,735,466,212
2018,3,A,골목상권,2110189,제기동역 1번,5758,3383,2375,10,873,1333,1292,1166,1084,6,345,748,720,742,822,4,528,585,572,424,262
2018,3,A,골목상권,2110188,용두동신동아아파트,12850,8426,4424,39,1729,3180,3212,3127,1563,19,848,2058,2347,2158,996,20,881,1122,865,969,567
2018,3,A,골목상권,2110187,제기동역 6번,9427,5723,3704,25,1643,2694,2241,1582,1242,5,687,1606,1491,1069,865,20,956,1088,750,513,377
2018,3,A,골목상권,2110186,종암초등학교,1885,1003,882,4,316,388,504,376,297,0,131,196,279,204,193,4,185,192,225,172,104
2018,3,A,골목상권,2110185,용두초등학교,13647,6757,6890,35,1897,3805,4205,2671,1034,3,720,2156,2091,1195,592,32,1177,1649,2114,1476,442
2018,3,A,골목상권,2110184,용두사거리,9538,5315,4223,44,1827,2812,2319,1463,1073,7,651,1559,1442,927,729,37,1176,1253,877,536,344
2018,3,A,골목상권,2110183,한국의류시험연구원,5211,2853,2358,27,949,1337,1138,868,892,7,323,679,637,543,664,20,626,658,501,325,228
2018,3,A,골목상권,2110182,용두희망어린이공원,5246,2718,2528,28,967,1335,1271,936,709,5,339,671,729,532,442,23,628,664,542,404,267
2018,3,A,골목상권,2110181,신설동역 9번,19375,9991,9384,73,2495,4657,5279,4086,2785,44,1080,2683,2744,1898,1542,29,1415,1974,2535,2188,1243
2018,3,A,골목상권,2110180,광진정보도서관,5932,3365,2567,43,1186,1714,1431,1002,556,21,443,956,985,602,358,22,743,758,446,400,198
2018,3,A,골목상권,2110179,광나루역 1번,2151,1077,1074,8,283,623,494,415,328,5,97,264,277,204,230,3,186,359,217,211,98
2018,3,A,골목상권,2110178,장로회신학대학교,2535,1294,1241,9,462,592,564,525,383,6,126,330,347,262,223,3,336,262,217,263,160
2018,3,A,골목상권,2110177,동의초등학교,828,332,496,1,96,160,237,207,127,1,27,59,101,81,63,0,69,101,136,126,64
2018,3,A,골목상권,2110176,해오름공원,1590,772,818,2,155,287,432,423,291,1,42,132,199,216,182,1,113,155,233,207,109
2018,3,A,골목상권,2110175,푸른동산공원,10472,5897,4575,16,929,1840,2787,3245,1655,10,451,1171,1734,1662,869,6,478,669,1053,1583,786
2018,3,A,골목상권,2110174,아차산역 1번,3800,1800,2000,12,430,749,946,986,677,3,151,347,437,450,412,9,279,402,509,536,265
2018,3,A,골목상권,2110173,구남초등학교,14177,8762,5415,52,1464,2712,3843,3935,2171,31,774,1843,2587,2233,1294,21,690,869,1256,1702,877
2018,3,A,골목상권,2110172,광진초등학교,3767,2006,1761,20,458,781,901,983,624,3,164,381,502,558,398,17,294,400,399,425,226
2018,3,A,골목상권,2110171,중곡4동주민센터,1850,989,861,2,162,352,489,549,296,1,47,179,256,301,205,1,115,173,233,248,91
2018,3,A,골목상권,2110170,동대부여고,8745,5159,3586,4,667,1573,2574,2898,1029,2,321,1051,1665,1542,578,2,346,522,909,1356,451
2018,3,A,골목상권,2110169,성동초등학교,8609,5756,2853,29,779,1759,2493,2299,1250,16,432,1121,1760,1536,891,13,347,638,733,763,359
2018,3,A,골목상권,2110168,대원고등학교,2268,1178,1090,1,198,513,579,652,325,0,61,225,302,357,233,1,137,288,277,295,92
2018,3,A,골목상권,2110167,용마초등학교,5068,2628,2440,15,561,1030,1324,1247,891,6,224,532,676,635,555,9,337,498,648,612,336
2018,3,A,골목상권,2110166,구의1동주민센터,14019,8288,5731,22,1758,3364,3727,3608,1540,7,624,1750,2402,2464,1041,15,1134,1614,1325,1144,499
2018,3,A,골목상권,2110165,국립정신건강센터,3593,1677,1916,4,309,722,951,1031,576,3,90,315,464,486,319,1,219,407,487,545,257
2018,3,A,골목상권,2110164,아차산역 5번,4067,2061,2006,27,557,905,937,940,701,9,224,448,468,462,450,18,333,457,469,478,251
2018,3,A,골목상권,2110163,성자초등학교,4704,3206,1498,5,337,892,1389,1467,614,2,199,593,1040,972,400,3,138,299,349,495,214
2018,3,A,골목상권,2110162,군자역 4번,4860,2495,2365,18,669,1084,1289,1064,736,8,266,538,670,550,463,10,403,546,619,514,273
2018,3,A,골목상권,2110161,중곡역 3번,3642,1929,1713,7,386,722,889,1098,540,2,129,320,461,672,345,5,257,402,428,426,195
2018,3,A,골목상권,2110160,광진경찰서,4927,2229,2698,15,974,1634,1155,821,328,5,277,726,585,442,194,10,697,908,570,379,134
2018,3,A,골목상권,2110159,구의역 4번,17770,10234,7536,29,2321,4059,4446,4430,2485,10,772,1916,2741,2928,1867,19,1549,2143,1705,1502,618
2018,3,A,골목상권,2110158,중곡3동주민센터,3568,1921,1647,9,361,626,877,1082,613,3,125,324,466,651,352,6,236,302,411,431,261
2018,3,A,골목상권,2110157,자양동우체국,1994,911,1083,2,258,432,474,473,355,0,84,201,215,207,204,2,174,231,259,266,151
2018,3,A,골목상권,2110156,군자역 5번,8353,4296,4057,29,1504,1950,2069,1851,950,12,637,1079,1160,853,555,17,867,871,909,998,395
2018,3,A,골목상권,2110155,광진구청,13131,7379,5752,23,1993,3402,3149,2904,1660,9,674,1570,1849,2008,1269,14,1319,1832,1300,896,391
2018,3,A,골목상권,2110154,광진정말공원,4166,2103,2063,10,541,859,973,929,854,3,195,410,441,454,600,7,346,449,532,475,254
2018,3,A,골목상권,2110153,중곡1동주민센터,5601,3155,2446,9,673,1204,1460,1319,936,6,282,730,892,720,525,3,391,474,568,599,411
2018,3,A,골목상권,2110152,중곡어린이공원,2576,1504,1072,9,237,441,533,600,756,4,90,251,276,303,580,5,147,190,257,297,176
2018,3,A,골목상권,2110151,자양한강도서관,2542,1220,1322,4,302,484,610,580,562,2,100,219,257,258,384,2,202,265,353,322,178
2018,3,A,골목상권,2110150,중곡1동 마을마당,5570,3364,2206,11,578,1140,1329,1264,1248,8,244,717,830,706,859,3,334,423,499,558,389
2018,3,A,골목상권,2110149,세종대학교,4235,1894,2341,14,873,921,1001,1021,405,4,342,436,510,392,210,10,531,485,491,629,195
2018,3,A,골목상권,2110148,어린이대공원역 3번,4635,1998,2637,19,1120,1452,1057,734,253,4,322,554,550,391,177,15,798,898,507,343,76
2018,3,A,골목상권,2110147,능동우편취급국,8015,4221,3794,11,1349,1887,2052,1819,897,4,592,1077,1172,894,482,7,757,810,880,925,415
2018,3,A,골목상권,2110146,신자초등학교,2324,1079,1245,5,224,439,598,552,506,4,68,177,253,218,359,1,156,262,345,334,147
2018,3,A,골목상권,2110145,장안초등학교,2917,1651,1266,11,495,643,740,681,347,4,201,329,472,403,242,7,294,314,268,278,105
2018,3,A,골목상권,2110144,어린이대공원역 4번,5590,2559,3031,23,1243,1619,1275,972,458,7,378,653,678,512,331,16,865,966,597,460,127
2018,3,A,골목상권,2110143,뚝섬유원지역 1번,1095,559,536,8,124,233,295,245,190,5,40,113,150,118,133,3,84,120,145,127,57
2018,3,A,골목상권,2110142,화양사거리,7567,4533,3034,27,1642,1992,1724,1330,852,18,798,1334,1074,709,600,9,844,658,650,621,252
2018,3,A,골목상권,2110141,건대입구역 1번,7732,4895,2837,31,1602,2054,1715,1384,946,14,881,1449,1153,764,634,17,721,605,562,620,312
2018,3,A,골목상권,2110140,건대입구역 6번,10505,6478,4027,40,2013,2745,2431,2001,1275,22,1025,1819,1561,1181,870,18,988,926,870,820,405
2018,3,A,골목상권,2110139,자양4동주민센터,2398,1396,1002,9,288,501,570,580,450,6,109,289,327,340,325,3,179,212,243,240,125
2018,3,A,골목상권,2110138,송정체육공원,8204,4988,3216,31,1849,2276,1789,1347,912,19,901,1535,1095,758,680,12,948,741,694,589,232
2018,3,A,골목상권,2110137,성수초등학교,30913,19182,11731,134,5784,8180,7637,5717,3461,80,2819,5338,4929,3511,2505,54,2965,2842,2708,2206,956
2018,3,A,골목상권,2110136,경수초등학교,58272,28246,30026,181,9102,14390,16443,14632,3524,119,5266,10054,7209,3466,2132,62,3836,4336,9234,11166,1392
2018,3,A,골목상권,2110135,성동세무서,15099,9591,5508,71,2750,4102,3785,2825,1566,36,1294,2653,2476,1891,1241,35,1456,1449,1309,934,325
2018,3,A,골목상권,2110134,성수119안전센터,37062,15396,21666,105,5167,8674,11441,10719,956,82,3275,6234,3923,1310,572,23,1892,2440,7518,9409,384
2018,3,A,골목상권,2110133,서울교통공사,28122,22518,5604,79,3459,5218,8579,8600,2187,40,2045,3861,7268,7536,1768,39,1414,1357,1311,1064,419
2018,3,A,골목상권,2110132,성수2가3동주민센터,12995,7607,5388,42,2399,3645,3387,2236,1286,13,986,2149,2057,1452,950,29,1413,1496,1330,784,336
2018,3,A,골목상권,2110131,성수동카페거리,68810,32618,36192,282,13294,18814,18324,15282,2814,163,6966,12546,8154,3222,1567,119,6328,6268,10170,12060,1247
2018,3,A,골목상권,2110130,답십리역 6번,4279,2246,2033,9,697,1082,1020,851,620,4,331,607,520,384,400,5,366,475,500,467,220
2018,3,A,골목상권,2110129,성원어린이공원,13949,8201,5748,45,2650,4162,3570,2162,1360,14,1072,2547,2242,1401,925,31,1578,1615,1328,761,435
2018,3,A,골목상권,2110128,성원중학교,38192,16074,22118,137,5315,8819,11681,11146,1094,94,3325,6291,4044,1635,685,43,1990,2528,7637,9511,409
2018,3,A,골목상권,2110127,성수1가1동주민센터,52053,22793,29260,211,9625,13879,14409,12769,1160,129,5389,9424,5468,1694,689,82,4236,4455,8941,11075,471
2018,3,A,골목상권,2110126,서울숲역 1번,21202,11137,10065,100,5191,6909,4770,3221,1011,50,2339,4193,2754,1191,610,50,2852,2716,2016,2030,401
2018,3,A,골목상권,2110125,사근동살곶이상점가,7345,3547,3798,5,1394,1813,2022,1518,593,4,370,800,988,923,462,1,1024,1013,1034,595,131
2018,3,A,골목상권,2110124,뚝섬역교차로,11824,6992,4832,28,2713,4003,2444,1606,1030,16,1001,2359,1633,1140,843,12,1712,1644,811,466,187
2018,3,A,골목상권,2110123,마장역 3번,2618,1542,1076,1,233,568,675,724,417,1,104,318,394,407,318,0,129,250,281,317,99
2018,3,A,골목상권,2110122,마장역 2번,3070,1998,1072,2,278,665,814,808,503,2,157,425,535,506,373,0,121,240,279,302,130
2018,3,A,골목상권,2110121,한양대역 4번,7805,3894,3911,18,1538,1890,2082,1601,676,9,418,873,1060,996,538,9,1120,1017,1022,605,138
2018,3,A,골목상권,2110120,서울숲카페거리,2758,1695,1063,15,411,557,593,686,496,8,169,301,354,457,406,7,242,256,239,229,90
2018,3,A,골목상권,2110119,마장지하차도,5504,3167,2337,19,654,1288,1451,1332,760,10,294,690,802,856,515,9,360,598,649,476,245
2018,3,A,골목상권,2110118,왕십리역 9번,3100,1471,1629,23,577,668,689,664,479,11,210,312,314,304,320,12,367,356,375,360,159
2018,3,A,골목상권,2110117,성동구보건소,6994,3705,3289,21,870,1610,1750,1764,979,11,378,851,955,962,548,10,492,759,795,802,431
2018,3,A,골목상권,2110116,청계천박물관,12655,7842,4813,18,1319,2828,3095,3687,1708,16,660,1731,1980,2391,1064,2,659,1097,1115,1296,644
2018,3,A,골목상권,2110115,상왕십리역 3번,9598,4867,4731,19,1488,2243,2310,2178,1360,11,505,1071,1247,1280,753,8,983,1172,1063,898,607
2018,3,A,골목상권,2110114,왕십리파출소,2800,1315,1485,4,371,651,659,739,376,3,155,366,370,276,145,1,216,285,289,463,231
2018,3,A,골목상권,2110113,응봉산,377,147,230,0,42,70,97,96,72,0,8,18,26,38,57,0,34,52,71,58,15
2018,3,A,골목상권,2110112,행당역 2번,2885,1159,1726,14,471,664,735,665,336,7,133,233,290,299,197,7,338,431,445,366,139
2018,3,A,골목상권,2110111,대현산장미원,184,93,91,0,25,33,52,48,26,0,4,15,25,25,24,0,21,18,27,23,2
2018,3,A,골목상권,2110110,상왕십리역 6번,4410,2195,2215,9,651,975,974,1005,796,2,222,485,571,523,392,7,429,490,403,482,404
2018,3,A,골목상권,2110109,금호삼성래미안아파트,1002,411,591,0,141,209,240,218,194,0,35,88,89,76,123,0,106,121,151,142,71
2018,3,A,골목상권,2110108,성동구립금호도서관,1035,380,655,0,127,247,291,206,164,0,27,75,101,75,102,0,100,172,190,131,62
2018,3,A,골목상권,2110107,금호사거리,913,365,548,1,137,198,195,204,178,0,38,76,87,74,90,1,99,122,108,130,88
2018,3,A,골목상권,2110106,금북초등학교,658,221,437,0,74,157,192,151,84,0,14,38,64,52,53,0,60,119,128,99,31
2018,3,A,골목상권,2110105,금동어린이공원,1706,653,1053,4,246,416,401,346,293,0,64,166,154,116,153,4,182,250,247,230,140
2018,3,A,골목상권,2110104,신금호역 4번,1565,594,971,10,231,329,356,373,266,3,59,124,124,142,142,7,172,205,232,231,124
2018,3,A,골목상권,2110103,옥수터널,915,397,518,6,178,234,208,178,111,1,56,101,98,76,65,5,122,133,110,102,46
2018,3,A,골목상권,2110102,옥수역 6번,1495,652,843,8,272,335,363,325,192,1,95,140,149,147,120,7,177,195,214,178,72
2018,3,A,골목상권,2110101,옥정중학교,1215,523,692,5,241,322,299,206,142,0,79,136,128,90,90,5,162,186,171,116,52
2018,3,A,골목상권,2110100,옥수동우편취급국,1014,457,557,5,210,278,234,155,132,0,65,126,109,72,85,5,145,152,125,83,47
2018,3,A,골목상권,2110099,유엔빌리지길,4640,2375,2265,14,1057,1386,970,701,512,7,381,735,562,395,295,7,676,651,408,306,217
2018,3,A,골목상권,2110098,서울독일학교,3446,1685,1761,10,879,1097,716,432,312,4,304,558,415,236,168,6,575,539,301,196,144
2018,3,A,골목상권,2110097,한남초등학교,5616,2808,2808,16,1556,1950,1264,568,262,7,545,1041,721,322,172,9,1011,909,543,246,90
2018,3,A,골목상권,2110096,한남힐사이드아파트,2794,1601,1193,12,717,1148,589,219,109,9,301,690,403,120,78,3,416,458,186,99,31
2018,3,A,골목상권,2110095,한강진역 3번,10963,5579,5384,33,2870,3961,2407,1124,568,16,1044,2079,1480,652,308,17,1826,1882,927,472,260
2018,3,A,골목상권,2110094,오산중학교,515,269,246,1,38,92,161,126,97,0,11,47,90,59,62,1,27,45,71,67,35
2018,3,A,골목상권,2110093,우사단길,8926,4624,4302,24,2018,3021,2025,1138,700,11,778,1615,1181,645,394,13,1240,1406,844,493,306
2018,3,A,골목상권,2110092,NH농협은행 보광동지점,1400,752,648,0,162,295,378,331,234,0,56,152,204,183,157,0,106,143,174,148,77
2018,3,A,골목상권,2110091,리움미술관,6857,3697,3160,18,1793,2492,1418,671,465,5,776,1341,922,409,244,13,1017,1151,496,262,221
2018,3,A,골목상권,2110090,한국폴리텍대학서울정수캠퍼스,3416,1836,1580,9,600,900,880,679,348,1,194,398,532,455,256,8,406,502,348,224,92
2018,3,A,골목상권,2110089,서빙고동주민센터,2966,1644,1322,8,394,884,936,546,198,2,120,416,569,378,159,6,274,468,367,168,39
2018,3,A,골목상권,2110088,오산고등학교,6462,3505,2957,16,948,1816,1660,1358,664,7,326,824,919,940,489,9,622,992,741,418,175
2018,3,A,골목상권,2110087,이태원엔틱가구거리,6563,3681,2882,19,1171,1867,1551,1308,647,8,507,938,885,905,438,11,664,929,666,403,209
2018,3,A,골목상권,2110086,이태원역 북측,12900,7067,5833,32,2436,3629,3088,2355,1360,9,1165,1976,1670,1445,802,23,1271,1653,1418,910,558
2018,3,A,골목상권,2110085,경리단길남측,6925,3785,3140,18,1305,1502,1723,1457,920,4,658,861,878,832,552,14,647,641,845,625,368
2018,3,A,골목상권,2110084,경리단길북측,5532,3005,2527,15,807,1136,1543,1312,719,4,365,625,789,777,445,11,442,511,754,535,274
2018,3,A,골목상권,2110083,서빙고역 1번,2860,1602,1258,5,386,855,880,506,228,2,122,401,535,351,191,3,264,454,345,155,37
2018,3,A,골목상권,2110082,용산구청,8851,4919,3932,26,1564,2232,2366,1953,710,9,773,1194,1232,1269,442,17,791,1038,1134,684,268
2018,3,A,골목상권,2110081,해방촌 남동측,3907,2078,1829,9,369,730,1354,1085,360,3,179,397,672,615,212,6,190,333,682,470,148
2018,3,A,골목상권,2110080,해방촌예술마을,4898,2468,2430,8,475,873,1554,1529,459,3,163,452,804,806,240,5,312,421,750,723,219
2018,3,A,골목상권,2110079,후암동주민센터,36542,22976,13566,47,6037,13206,11769,4507,976,12,3026,8268,8160,2879,631,35,3011,4938,3609,1628,345
2018,3,A,골목상권,2110078,이촌동점보아파트,1031,421,610,2,130,202,242,229,226,1,34,63,68,95,160,1,96,139,174,134,66
2018,3,A,골목상권,2110077,삼광초등학교,16340,6124,10216,79,6775,3063,2834,2376,1213,14,998,1784,1694,1071,563,65,5777,1279,1140,1305,650
2018,3,A,골목상권,2110076,삼각지역 14번,7256,5055,2201,3,443,1734,2505,1935,636,2,218,1085,1882,1427,441,1,225,649,623,508,195
2018,3,A,골목상권,2110075,숙대입구역 1번,22346,9511,12835,122,8141,4784,3999,3153,2147,34,1524,2592,2405,1593,1363,88,6617,2192,1594,1560,784
2018,3,A,골목상권,2110074,서울역 12번,50659,28104,22555,192,13588,16581,12585,5077,2636,40,4157,10084,8948,3116,1759,152,9431,6497,3637,1961,877
2018,3,A,골목상권,2110073,삼각지역 3번,23316,11488,11828,89,4276,6438,6843,4028,1642,42,1562,2812,3451,2537,1084,47,2714,3626,3392,1491,558
2018,3,A,골목상권,2110072,열정도,19526,8781,10745,411,6275,6134,4080,1833,793,173,2623,2709,1829,978,469,238,3652,3425,2251,855,324
2018,3,A,골목상권,2110071,한강미주맨션아파트,984,510,474,3,131,259,269,160,162,0,31,117,151,93,118,3,100,142,118,67,44
2018,3,A,골목상권,2110070,용산세무서,5216,3880,1336,0,304,1264,1987,1398,263,0,167,824,1577,1129,183,0,137,440,410,269,80
2018,3,A,골목상권,2110069,숙대입구,15465,8155,7310,433,5386,4300,2629,1792,925,179,2366,2400,1522,1049,639,254,3020,1900,1107,743,286
2018,3,A,골목상권,2110068,남영역 1번,27534,13630,13904,473,8196,8861,5859,2793,1352,188,3512,4538,3018,1558,816,285,4684,4323,2841,1235,536
2018,3,A,골목상권,2110067,배문고등학교,11909,5876,6033,19,1725,2774,2492,2683,2216,12,561,1343,1394,1185,1381,7,1164,1431,1098,1498,835
2018,3,A,골목상권,2110066,서울역 15번,7863,4368,3495,30,969,1706,1466,1763,1929,17,339,814,827,912,1459,13,630,892,639,851,470
2018,3,A,골목상권,2110065,남정초등학교,6495,4415,2080,45,861,2114,1885,908,682,28,522,1560,1316,582,407,17,339,554,569,326,275
2018,3,A,골목상권,2110064,효창공원앞역 2번,6084,3291,2793,14,837,1610,1621,1289,713,7,299,880,947,723,435,7,538,730,674,566,278
2018,3,A,골목상권,2110063,효창공원앞역 5번,10595,7065,3530,79,1452,3320,3030,1581,1133,52,843,2345,2114,1008,703,27,609,975,916,573,430
2018,3,A,골목상권,2110062,한강로동땡땡거리(은행나무길),20782,13122,7660,57,7325,6239,4021,2068,1072,21,3398,4047,3300,1673,683,36,3927,2192,721,395,389
2018,3,A,골목상권,2110061,효창동주민센터,3177,1788,1389,8,432,757,911,681,388,6,142,405,555,393,287,2,290,352,356,288,101
2018,3,A,골목상권,2110060,효창공원앞역 6번,2701,1394,1307,7,274,625,734,547,514,3,94,320,417,255,305,4,180,305,317,292,209
2018,3,A,골목상권,2110059,새남터성지,8487,4538,3949,40,4454,1810,1245,620,318,14,1845,1062,1002,481,134,26,2609,748,243,139,184
2018,3,A,골목상권,2110058,성심여자고등학교,17124,10528,6596,98,5559,4503,3650,1938,1376,56,2474,2983,2747,1373,895,42,3085,1520,903,565,481
2018,3,A,골목상권,2110057,황학코아루아파트,3967,1989,1978,9,727,1041,815,834,541,2,305,556,461,383,282,7,422,485,354,451,259
2018,3,A,골목상권,2110056,신당역 3번,4953,2428,2525,10,848,1268,1099,1059,669,2,344,650,584,480,368,8,504,618,515,579,301
2018,3,A,골목상권,2110055,황학동벼룩시장,7718,4181,3537,7,1746,2628,1808,993,536,4,887,1391,1053,524,322,3,859,1237,755,469,214
2018,3,A,골목상권,2110054,청구역 3번,8261,4214,4047,27,1984,2369,1754,1340,787,13,799,1331,982,628,461,14,1185,1038,772,712,326
2018,3,A,골목상권,2110053,청구역 1번,6283,3114,3169,11,1156,1575,1513,1362,666,6,411,840,804,690,363,5,745,735,709,672,303
2018,3,A,골목상권,2110052,장충초등학교,12297,6242,6055,34,3691,3558,2462,1686,866,14,1393,1942,1505,885,503,20,2298,1616,957,801,363
2018,3,A,골목상권,2110051,한양공고앞 교차로,6348,3088,3260,13,1130,1972,1601,1083,549,4,428,940,835,576,305,9,702,1032,766,507,244
2018,3,A,골목상권,2110050,약수역 7번,3949,1778,2171,13,832,1027,900,694,483,5,274,458,444,312,285,8,558,569,456,382,198
2018,3,A,골목상권,2110049,장충단 고개,14103,7363,6740,48,4116,4157,2833,1854,1095,19,1603,2337,1813,982,609,29,2513,1820,1020,872,486
2018,3,A,골목상권,2110048,장충동주민센터,14265,8122,6143,27,3413,4421,3190,2078,1136,8,1272,2478,2201,1386,777,19,2141,1943,989,692,359
2018,3,A,골목상권,2110047,다산성곽길,12645,5968,6677,44,3881,3533,2466,1712,1009,17,1431,1684,1365,896,575,27,2450,1849,1101,816,434
2018,3,A,골목상권,2110046,버티고개,6568,3059,3509,16,2053,1908,1367,829,395,5,744,872,731,472,235,11,1309,1036,636,357,160
2018,3,A,골목상권,2110045,동대문역사문화공원역 5번,29551,15143,14408,99,5838,8469,7162,5666,2317,26,2813,5288,4182,1966,868,73,3025,3181,2980,3700,1449
2018,3,A,골목상권,2110044,관성묘,29039,14447,14592,92,6567,8419,6777,5171,2013,25,3023,5138,3932,1653,676,67,3544,3281,2845,3518,1337
2018,3,A,골목상권,2110043,충무초등학교,17296,10055,7241,48,3108,4786,4494,3110,1750,21,1138,2580,2925,2150,1241,27,1970,2206,1569,960,509
2018,3,A,골목상권,2110042,남산골공원옆,8127,4724,3403,28,1198,1960,2228,1884,829,11,559,1157,1415,1082,500,17,639,803,813,802,329
2018,3,A,골목상권,2110041,남산케이블카,26540,13007,13533,58,3839,9703,7864,4151,925,13,1082,4324,3951,3048,589,45,2757,5379,3913,1103,336
2018,3,A,골목상권,2110040,중구회현체육센터(정화예술대남산캠퍼스),23841,11479,12362,56,3411,8886,7256,3652,580,13,972,3907,3496,2715,376,43,2439,4979,3760,937,204
2018,3,A,골목상권,2110039,회현역 1번,29368,13832,15536,77,4653,10407,8633,4854,744,35,1506,4677,4093,3043,478,42,3147,5730,4540,1811,266
2018,3,A,골목상권,2110038,경향신문사,43232,23429,19803,64,8064,14321,12252,7779,752,8,2398,7014,7159,6286,564,56,5666,7307,5093,1493,188
2018,3,A,골목상권,2110037,신설동역 12번,5623,2807,2816,30,623,879,1020,1194,1877,6,206,466,519,516,1094,24,417,413,501,678,783
2018,3,A,골목상권,2110036,동묘앞역 3번,4619,2547,2072,50,672,830,943,1002,1122,38,337,486,523,520,643,12,335,344,420,482,479
2018,3,A,골목상권,2110035,동묘앞역 2번,6883,3283,3600,16,723,1167,1412,1516,2049,7,252,544,601,652,1227,9,471,623,811,864,822
2018,3,A,골목상권,2110034,창신1동주민센터,9014,4727,4287,14,1930,3013,2159,1165,733,6,974,1562,1152,587,446,8,956,1451,1007,578,287
2018,3,A,골목상권,2110033,창신역 4번,2384,1301,1083,5,190,368,440,451,930,1,63,155,196,220,666,4,127,213,244,231,264
2018,3,A,골목상권,2110032,수족관거리,8357,4324,4033,12,1792,2851,1997,1057,648,5,929,1462,1028,510,390,7,863,1389,969,547,258
2018,3,A,골목상권,2110031,창신역 1번,964,426,538,2,93,225,262,246,136,0,23,81,112,113,97,2,70,144,150,133,39
2018,3,A,골목상권,2110030,동대문역 3번,3013,1221,1792,9,445,680,829,614,436,3,130,260,313,253,262,6,315,420,516,361,174
2018,3,A,골목상권,2110029,동대문역 1번,8609,5139,3470,13,1253,2365,2282,1755,941,3,682,1535,1345,992,582,10,571,830,937,763,359
2018,3,A,골목상권,2110028,이화달팽이길,7942,4304,3638,32,1317,2230,2017,1525,821,19,501,1097,1187,945,555,13,816,1133,830,580,266
2018,3,A,골목상권,2110027,혜화역 1번,15211,5213,9998,23,3741,5364,3235,2136,712,9,911,1607,1290,979,417,14,2830,3757,1945,1157,295
2018,3,A,골목상권,2110026,종로5가역 4번,8943,5581,3362,26,1307,2504,2412,1744,950,16,735,1688,1419,1069,654,10,572,816,993,675,296
2018,3,A,골목상권,2110025,충신시장옆,12075,7186,4889,39,1936,3559,3279,2315,947,20,702,1880,2151,1741,692,19,1234,1679,1128,574,255
2018,3,A,골목상권,2110024,혜회동주민센터,2473,1311,1162,12,357,548,599,550,407,5,109,256,315,327,299,7,248,292,284,223,108
2018,3,A,골목상권,2110023,서울대병원,17647,6971,10676,34,4025,6294,3948,2482,864,10,1036,2139,1912,1328,546,24,2989,4155,2036,1154,318
2018,3,A,골목상권,2110022,경신고등학교,4063,2167,1896,5,627,984,1020,894,533,1,179,450,591,557,389,4,448,534,429,337,144
2018,3,A,골목상권,2110021,성균관대학교,14220,4913,9307,15,3361,5002,3008,2020,814,5,820,1479,1162,933,514,10,2541,3523,1846,1087,300
2018,3,A,골목상권,2110020,서울국제고등학교,3193,1629,1564,2,421,802,822,710,436,1,129,326,435,419,319,1,292,476,387,291,117
2018,3,A,골목상권,2110019,창덕궁,27893,21293,6600,29,4386,9606,7143,5097,1632,4,2143,7503,5946,4414,1283,25,2243,2103,1197,683,349
2018,3,A,골목상권,2110018,중앙고등학교,28259,21788,6471,38,4428,10086,7406,5112,1189,12,2184,7848,6266,4511,967,26,2244,2238,1140,601,222
2018,3,A,골목상권,2110017,정독도서관,7004,4262,2742,8,1158,2252,1812,1332,442,4,603,1335,1160,881,279,4,555,917,652,451,163
2018,3,A,골목상권,2110016,평창동동측,954,433,521,1,144,236,221,179,173,1,43,113,119,69,88,0,101,123,102,110,85
2018,3,A,골목상권,2110015,청와대사랑채,6614,4428,2186,3,1364,2221,1421,1271,334,1,815,1475,980,945,212,2,549,746,441,326,122
2018,3,A,골목상권,2110014,경복고등학교,5049,3403,1646,2,922,1590,1092,1187,256,1,606,1043,716,873,164,1,316,547,376,314,92
2018,3,A,골목상권,2110013,체부동홍종문가옥,7933,3706,4227,23,1202,1690,1508,1772,1738,12,590,945,816,604,739,11,612,745,692,1168,999
2018,3,A,골목상권,2110012,성곡미술관,48551,28453,20098,76,7102,14152,12734,8933,5554,32,2706,8091,8677,5770,3177,44,4396,6061,4057,3163,2377
2018,3,A,골목상권,2110011,청운초등학교,1093,416,677,0,152,320,264,257,100,0,45,107,107,98,59,0,107,213,157,159,41
2018,3,A,골목상권,2110010,평창동서측,1398,619,779,2,198,290,303,338,267,1,71,131,137,136,143,1,127,159,166,202,124
2018,3,A,골목상권,2110009,자하문터널,1709,943,766,4,352,530,432,250,141,3,105,287,297,155,96,1,247,243,135,95,45
2018,3,A,골목상권,2110008,배화여자대학교(박노수미술관),8493,4235,4258,28,1136,1604,1564,2323,1838,14,618,888,821,1079,815,14,518,716,743,1244,1023
2018,3,A,골목상권,2110007,사직공원(한국사회과학도서관),3801,1979,1822,4,487,1024,1046,798,442,2,173,454,544,461,345,2,314,570,502,337,97
2018,3,A,골목상권,2110006,부암동주민센터,497,191,306,1,96,134,102,102,62,0,32,41,42,41,35,1,64,93,60,61,27
2018,3,A,골목상권,2110005,세검정,2330,1076,1254,4,355,526,589,549,307,3,102,236,310,260,165,1,253,290,279,289,142
2018,3,A,골목상권,2110004,대신고등학교,975,463,512,2,129,181,210,276,177,0,50,58,97,130,128,2,79,123,113,146,49
2018,3,A,골목상권,2110003,세검정초등학교,2364,1147,1217,4,322,521,605,552,360,2,99,241,319,282,204,2,223,280,286,270,156
2018,3,A,골목상권,2110002,독립문역 1번,927,269,658,0,174,229,220,197,107,0,26,59,64,52,68,0,148,170,156,145,39
2018,3,A,골목상권,2110001,이북5도청사,738,393,345,1,37,151,186,209,154,0,14,77,99,106,97,1,23,74,87,103,57
2018,2,A,골목상권,2111090,강일동주민센터,1820,1237,583,5,151,298,483,588,295,2,65,169,316,442,243,3,86,129,167,146,52
2018,2,A,골목상권,2111089,상일여고(상일초등학교),11944,9331,2613,7,1407,5099,2705,1823,903,6,905,4154,2253,1497,516,1,502,945,452,326,387
2018,2,A,골목상권,2111088,고덕동성당,721,327,394,1,80,103,146,196,195,1,44,54,61,88,79,0,36,49,85,108,116
2018,2,A,골목상권,2111087,고덕중학교(고덕2동주민센터),662,306,356,0,54,119,152,226,111,0,20,49,70,107,60,0,34,70,82,119,51
2018,2,A,골목상권,2111086,한영중고,1398,737,661,0,106,251,370,474,197,0,45,104,184,276,128,0,61,147,186,198,69
2018,2,A,골목상권,2111085,묘곡초등학교(고덕아이파크아파트),1018,450,568,1,88,175,229,283,242,0,28,74,102,125,121,1,60,101,127,158,121
2018,2,A,골목상권,2111084,길동신동아아파트,1032,534,498,1,84,208,215,215,309,0,32,96,99,93,214,1,52,112,116,122,95
2018,2,A,골목상권,2111083,GS강동자이아파트,2775,1594,1181,5,289,645,681,598,557,3,138,399,375,310,369,2,151,246,306,288,188
2018,2,A,골목상권,2111082,중앙보훈병원,3437,1444,1993,5,646,1057,797,676,256,2,160,423,362,345,152,3,486,634,435,331,104
2018,2,A,골목상권,2111081,둔촌푸르지오아파트,1713,1055,658,6,201,412,440,381,273,4,104,301,271,214,161,2,97,111,169,167,112
2018,2,A,골목상권,2111080,굽은다리역 3번,4029,1793,2236,11,424,653,876,1108,957,6,149,308,432,424,474,5,275,345,444,684,483
2018,2,A,골목상권,2111079,둔촌고등학교(둔촌중학교),5186,2539,2647,4,761,1344,1199,1163,715,1,221,603,600,630,484,3,540,741,599,533,231
2018,2,A,골목상권,2111078,굽은다리역 4번,4702,2476,2226,11,493,913,1102,1048,1135,4,181,473,579,512,727,7,312,440,523,536,408
2018,2,A,골목상권,2111077,길동주민센터(강동도서관),10179,5174,5005,12,1330,2247,2280,2284,2026,3,544,1216,1219,993,1199,9,786,1031,1061,1291,827
2018,2,A,골목상권,2111076,둔촌2동주민센터,4863,2657,2206,6,733,1268,1040,1009,807,1,279,679,608,554,536,5,454,589,432,455,271
2018,2,A,골목상권,2111075,굽은다리역 2번,3474,1559,1915,9,392,620,743,831,879,4,123,278,339,333,482,5,269,342,404,498,397
2018,2,A,골목상권,2111074,명일역 1번,2186,896,1290,3,249,386,487,608,453,2,71,156,196,229,242,1,178,230,291,379,211
2018,2,A,골목상권,2111073,둔촌동역 1번(한산중학교),8018,3944,4074,9,1149,1886,1761,1908,1305,2,483,974,916,800,769,7,666,912,845,1108,536
2018,2,A,골목상권,2111072,굽은다리역 1번(십자성마을),4589,2468,2121,8,446,940,1046,1074,1075,2,146,470,536,599,715,6,300,470,510,475,360
2018,2,A,골목상권,2111071,천동초등학교,3867,2217,1650,3,402,769,895,868,930,0,133,383,496,531,674,3,269,386,399,337,256
2018,2,A,골목상권,2111070,천호초등학교,2105,985,1120,3,163,462,495,545,437,1,45,220,205,275,239,2,118,242,290,270,198
2018,2,A,골목상권,2111069,천호1동주민센터,2437,1016,1421,2,202,577,628,610,418,1,59,245,257,253,201,1,143,332,371,357,217
2018,2,A,골목상권,2111068,강동성심병원,6334,2936,3398,19,1135,1483,1373,1368,956,9,406,702,697,556,566,10,729,781,676,812,390
2018,2,A,골목상권,2111067,강동구립성내도서관,11064,5257,5807,24,1873,2685,2433,2326,1723,11,693,1321,1267,976,989,13,1180,1364,1166,1350,734
2018,2,A,골목상권,2111066,암사동성당(효정하나플러스아파트),1868,903,965,0,152,432,482,494,308,0,42,206,232,249,174,0,110,226,250,245,134
2018,2,A,골목상권,2111065,천일초등학교,1268,601,667,2,106,270,311,331,248,0,27,101,126,161,186,2,79,169,185,170,62
2018,2,A,골목상권,2111064,둔촌동역 4번,4152,2256,1896,7,420,856,937,1068,864,2,186,478,502,555,533,5,234,378,435,513,331
2018,2,A,골목상권,2111063,강동구립 천호도서관,5506,3043,2463,25,681,1350,1366,1187,897,11,261,753,792,651,575,14,420,597,574,536,322
2018,2,A,골목상권,2111062,둔촌동역 3번(성내3동주민센터),8841,5145,3696,23,1083,2263,2112,1945,1415,10,539,1283,1288,1153,872,13,544,980,824,792,543
2018,2,A,골목상권,2111061,암사역 1번,4836,2085,2751,7,472,945,1268,1314,830,3,163,463,557,433,466,4,309,482,711,881,364
2018,2,A,골목상권,2111060,암사역 2번(서울강동초등학교),4846,2064,2782,5,546,1052,1326,1213,704,4,196,485,574,445,360,1,350,567,752,768,344
2018,2,A,골목상권,2111059,강동역 4번(강풀만화거리),11351,5560,5791,44,2067,2911,2644,2098,1587,18,693,1508,1419,992,930,26,1374,1403,1225,1106,657
2018,2,A,골목상권,2111058,성내중학교,4020,2445,1575,3,366,876,1040,1173,562,2,163,554,633,756,337,1,203,322,407,417,225
2018,2,A,골목상권,2111057,천호공원(해공체육문화센터),3094,1376,1718,6,435,594,764,821,474,3,153,266,342,325,287,3,282,328,422,496,187
2018,2,A,골목상권,2111056,천호태영아파트,5529,2862,2667,24,1024,1435,1340,955,751,9,361,843,778,459,412,15,663,592,562,496,339
2018,2,A,골목상권,2111055,선사초등학교,1861,757,1104,3,136,321,446,582,373,0,40,133,166,175,243,3,96,188,280,407,130
2018,2,A,골목상권,2111054,암사역 4번(삼성광나루아파트),2711,1116,1595,3,266,477,616,775,574,0,78,202,239,249,348,3,188,275,377,526,226
2018,2,A,골목상권,2111053,성내천어린이공원(하니사랑길),22453,12612,9841,44,2545,5130,5440,5493,3801,28,1260,2930,3046,2972,2376,16,1285,2200,2394,2521,1425
2018,2,A,골목상권,2111052,암사역 3번(천호동자전거거리),3167,1429,1738,5,388,629,871,778,496,4,145,309,402,300,269,1,243,320,469,478,227
2018,2,A,골목상권,2111051,천호역 6번,10390,4705,5685,37,1798,2582,2346,2103,1524,11,575,1161,1040,1016,902,26,1223,1421,1306,1087,622
2018,2,A,골목상권,2111050,강동구청(강동구청역 2번),13686,6988,6698,23,1425,2793,3225,3580,2640,19,675,1464,1562,1660,1608,4,750,1329,1663,1920,1032
2018,2,A,골목상권,2111049,천호지구대(천호동자전거거리),4153,2076,2077,7,571,786,959,946,884,2,190,394,491,439,560,5,381,392,468,507,324
2018,2,A,골목상권,2111048,천호역 1번(천호문구완구거리),3479,1736,1743,12,490,693,785,733,766,1,153,342,400,348,492,11,337,351,385,385,274
2018,2,A,골목상권,2111047,마천1치안센터,1162,629,533,0,84,176,263,332,307,0,23,70,104,197,235,0,61,106,159,135,72
2018,2,A,골목상권,2111046,마천역(마천초등학교),2934,1488,1446,3,297,551,773,819,491,1,107,267,344,426,343,2,190,284,429,393,148
2018,2,A,골목상권,2111045,개미어린이공원,1543,649,894,2,142,257,369,477,296,0,45,115,160,165,164,2,97,142,209,312,132
2018,2,A,골목상권,2111044,남천초등학교,2711,1524,1187,2,238,437,659,812,563,1,98,233,334,450,408,1,140,204,325,362,155
2018,2,A,골목상권,2111043,마천공원,2779,1704,1075,6,298,537,659,787,492,6,153,354,391,455,345,0,145,183,268,332,147
2018,2,A,골목상권,2111042,거여역 1번(거여공원),6332,3415,2917,14,635,1253,1516,1585,1329,9,299,786,825,740,756,5,336,467,691,845,573
2018,2,A,골목상권,2111041,거여역 8번,2630,1550,1080,10,191,492,527,600,810,6,112,318,332,291,491,4,79,174,195,309,319
2018,2,A,골목상권,2111040,거여초등학교,2837,1729,1108,11,322,686,732,721,365,7,172,467,456,412,215,4,150,219,276,309,150
2018,2,A,골목상권,2111039,벌말어린이공원,3914,2242,1672,10,421,885,1030,1041,527,4,202,572,606,568,290,6,219,313,424,473,237
2018,2,A,골목상권,2111038,보인중학교,3608,2013,1595,10,409,807,907,966,509,4,187,490,517,528,287,6,222,317,390,438,222
2018,2,A,골목상권,2111037,Sh수협은행 오금동금융센터(아랫말어린이공원),2233,1337,896,3,204,444,622,635,325,0,98,284,396,365,194,3,106,160,226,270,131
2018,2,A,골목상권,2111036,투구봉어린이공원,2529,1374,1155,3,359,585,591,557,434,2,144,311,322,299,296,1,215,274,269,258,138
2018,2,A,골목상권,2111035,오금공원(오주중학교),3191,1858,1333,8,284,624,863,920,492,1,125,393,526,522,291,7,159,231,337,398,201
2018,2,A,골목상권,2111034,오동나무공원(송파레미니스1단지),4533,2713,1820,10,526,1174,1184,1108,531,2,252,757,762,592,348,8,274,417,422,516,183
2018,2,A,골목상권,2111033,문정동성당,3820,2271,1549,5,342,580,816,980,1097,3,191,366,470,589,652,2,151,214,346,391,445
2018,2,A,골목상권,2111032,방이역 1번,10007,6011,3996,22,768,1594,1614,1677,4332,13,308,940,983,885,2882,9,460,654,631,792,1450
2018,2,A,골목상권,2111031,장지동주민센터(한림연예예술고교),5827,3347,2480,10,536,1031,1377,1482,1391,4,275,612,740,840,876,6,261,419,637,642,515
2018,2,A,골목상권,2111030,방이역 2번,7430,4285,3145,11,520,1083,1095,1132,3589,6,208,665,635,541,2230,5,312,418,460,591,1359
2018,2,A,골목상권,2111029,오금역 4번,6954,3982,2972,12,957,1951,1801,1476,757,10,456,1149,1022,820,525,2,501,802,779,656,232
2018,2,A,골목상권,2111028,문현중학교(장지역 1번),15176,8923,6253,59,2415,3777,4038,3169,1718,24,1038,2277,2460,1851,1273,35,1377,1500,1578,1318,445
2018,2,A,골목상권,2111027,문정초등학교,10577,6632,3945,19,982,1724,2093,2104,3655,13,497,1049,1253,1184,2636,6,485,675,840,920,1019
2018,2,A,골목상권,2111026,문정역 2번,22493,13646,8847,61,3956,6262,5920,4107,2187,20,1773,3912,3845,2424,1672,41,2183,2350,2075,1683,515
2018,2,A,골목상권,2111025,경찰병원역 3번,13127,7177,5950,19,1787,2822,2626,2645,3228,10,691,1556,1497,1195,2228,9,1096,1266,1129,1450,1000
2018,2,A,골목상권,2111024,경찰병원역 4번(건너말공원),19529,11713,7816,28,2490,4229,4437,4145,4200,16,1071,2460,2817,2399,2950,12,1419,1769,1620,1746,1250
2018,2,A,골목상권,2111023,문정역 1번,21418,13128,8290,60,3796,6014,5608,3857,2083,24,1722,3785,3738,2280,1579,36,2074,2229,1870,1577,504
2018,2,A,골목상권,2111022,석촌중학교(방이육교),7940,4758,3182,10,1093,2142,1938,1670,1087,4,506,1356,1229,978,685,6,587,786,709,692,402
2018,2,A,골목상권,2111021,방이역 4번,11372,6935,4437,32,1433,2532,2477,2333,2565,22,667,1407,1481,1453,1905,10,766,1125,996,880,660
2018,2,A,골목상권,2111020,방이동고분군(방산고등학교),2132,1248,884,2,187,365,513,511,554,2,88,180,290,287,401,0,99,185,223,224,153
2018,2,A,골목상권,2111019,한성백제역 3번,9866,5933,3933,23,1235,2336,2287,2304,1681,15,591,1402,1402,1403,1120,8,644,934,885,901,561
2018,2,A,골목상권,2111018,풍납초등학교(풍납백제문화공원),844,472,372,1,64,137,203,260,179,1,26,61,93,157,134,0,38,76,110,103,45
2018,2,A,골목상권,2111017,송파나루역 3번,4458,2630,1828,12,615,995,1062,957,817,8,283,596,624,530,589,4,332,399,438,427,228
2018,2,A,골목상권,2111016,송파역 2번,6199,2897,3302,18,1208,1636,1424,1257,656,8,423,801,764,509,392,10,785,835,660,748,264
2018,2,A,골목상권,2111015,석촌역 3번,10182,5594,4588,19,1295,2248,2326,2280,2014,7,537,1285,1312,1185,1268,12,758,963,1014,1095,746
2018,2,A,골목상권,2111014,송파나루역 2번,9257,5496,3761,30,1289,2386,2241,2050,1261,18,622,1513,1421,1083,839,12,667,873,820,967,422
2018,2,A,골목상권,2111013,송파나루역 1번(송리단길),10609,6086,4523,24,1505,2708,2490,2272,1610,12,686,1662,1498,1169,1059,12,819,1046,992,1103,551
2018,2,A,골목상권,2111012,석촌역 6번,6345,3240,3105,17,828,1370,1413,1312,1405,8,264,700,770,671,827,9,564,670,643,641,578
2018,2,A,골목상권,2111011,잠실나루역,1105,521,584,0,105,235,309,247,209,0,30,88,125,114,164,0,75,147,184,133,45
2018,2,A,골목상권,2111010,석촌역 7번,8801,4959,3842,35,1456,1944,1908,1609,1849,8,516,1124,1079,808,1424,27,940,820,829,801,425
2018,2,A,골목상권,2111009,송파책박물관,2295,1338,957,8,298,516,578,563,332,4,108,287,370,352,217,4,190,229,208,211,115
2018,2,A,골목상권,2111008,석촌고분역 3번,5034,2842,2192,11,654,1170,1285,1146,768,5,253,661,812,624,487,6,401,509,473,522,281
2018,2,A,골목상권,2111007,석촌고분역 4번,5001,2795,2206,10,628,1098,1188,1218,859,3,304,657,718,586,527,7,324,441,470,632,332
2018,2,A,골목상권,2111006,석촌고분역 1번,9289,5015,4274,33,1499,1897,1895,1861,2104,9,543,998,1019,843,1603,24,956,899,876,1018,501
2018,2,A,골목상권,2111005,삼전역 3번,4985,2897,2088,11,606,996,1043,1180,1149,4,262,589,617,628,797,7,344,407,426,552,352
2018,2,A,골목상권,2111004,삼전역 1번,12321,7431,4890,60,1655,2849,2865,2666,2226,39,736,1671,1823,1650,1512,21,919,1178,1042,1016,714
2018,2,A,골목상권,2111003,삼전역 4번,6891,4076,2815,45,713,1449,1518,1494,1672,31,307,838,917,847,1136,14,406,611,601,647,536
2018,2,A,골목상권,2111002,한국교통안전공단 강남자동차검사소,946,617,329,0,45,159,270,253,219,0,19,96,166,173,163,0,26,63,104,80,56
2018,2,A,골목상권,2111001,아래방죽마을공원(율현초등학교),900,472,428,0,84,183,236,213,184,0,22,73,107,131,139,0,62,110,129,82,45
2018,2,A,골목상권,2111000,대왕초등학교(세곡동사거리서남측),850,301,549,4,150,192,201,183,120,4,53,63,56,62,63,0,97,129,145,121,57
2018,2,A,골목상권,2110999,윗방죽마을공원,2379,1354,1025,3,335,589,603,470,379,3,121,307,320,291,312,0,214,282,283,179,67
2018,2,A,골목상권,2110998,은곡마을(은곡마을공원),1290,677,613,0,217,325,286,252,210,0,72,154,137,139,175,0,145,171,149,113,35
2018,2,A,골목상권,2110997,대청초등학교,11152,3850,7302,4,2691,3332,2363,1725,1037,2,550,1045,920,757,576,2,2141,2287,1443,968,461
2018,2,A,골목상권,2110996,대치2동주민센터,11228,6462,4766,36,1805,3392,2999,1837,1159,13,691,1946,1970,1095,747,23,1114,1446,1029,742,412
2018,2,A,골목상권,2110995,봉은사역 4번,30980,19800,11180,56,6170,8233,5768,5551,5202,27,3202,5823,4169,3308,3271,29,2968,2410,1599,2243,1931
2018,2,A,골목상권,2110994,개포고등학교,1973,1164,809,12,210,378,402,547,424,8,99,211,234,325,287,4,111,167,168,222,137
2018,2,A,골목상권,2110993,개포지하차도 북측,269,144,125,0,37,54,69,64,45,0,17,20,39,40,28,0,20,34,30,24,17
2018,2,A,골목상권,2110992,도곡초등학교,9264,4368,4896,46,1788,2629,2219,1595,987,18,549,1214,1134,821,632,28,1239,1415,1085,774,355
2018,2,A,골목상권,2110991,삼성중앙역 5번,43737,23688,20049,202,11612,15175,10281,4857,1610,80,3956,8104,7171,3329,1048,122,7656,7071,3110,1528,562
2018,2,A,골목상권,2110990,청담역 12번,10040,6139,3901,16,1573,3119,2593,1425,1314,7,536,1845,1954,938,859,9,1037,1274,639,487,455
2018,2,A,골목상권,2110989,대치동아우편취급국,24889,14545,10344,86,4674,9153,6649,3025,1302,13,2010,5533,4203,1915,871,73,2664,3620,2446,1110,431
2018,2,A,골목상권,2110988,청담역 3번,10546,6240,4306,37,1638,3159,2739,1667,1306,20,549,1858,1983,1017,813,17,1089,1301,756,650,493
2018,2,A,골목상권,2110987,영동대교남단,9321,5167,4154,65,2040,3118,2083,1316,699,18,726,1738,1403,798,484,47,1314,1380,680,518,215
2018,2,A,골목상권,2110986,삼성중앙역 7번,14102,8050,6052,38,3210,5147,3277,1640,790,10,1282,3131,2205,906,516,28,1928,2016,1072,734,274
2018,2,A,골목상권,2110985,청담근린공원,11296,6069,5227,75,2617,3757,2547,1515,785,21,890,2065,1648,906,539,54,1727,1692,899,609,246
2018,2,A,골목상권,2110984,포이초등학교(개포목련어린이공원),10723,6720,4003,37,1284,2737,2887,2302,1476,20,624,1758,1831,1467,1020,17,660,979,1056,835,456
2018,2,A,골목상권,2110983,국립국악고등학교,5714,3462,2252,9,629,1309,1511,1268,988,3,277,794,922,746,720,6,352,515,589,522,268
2018,2,A,골목상권,2110982,강남구보훈회관,8409,4069,4340,27,1397,3001,1862,1347,775,16,521,1329,950,768,485,11,876,1672,912,579,290
2018,2,A,골목상권,2110981,국악고교사거리,23834,13443,10391,55,3046,6152,6472,5286,2823,28,1331,3837,3760,2661,1826,27,1715,2315,2712,2625,997
2018,2,A,골목상권,2110980,개포지구대옆,20711,11899,8812,37,2808,5643,4979,4119,3125,12,1249,3706,3111,2162,1659,25,1559,1937,1868,1957,1466
2018,2,A,골목상권,2110979,청담초등학교,14369,4791,9578,64,4878,5514,2477,980,456,9,1158,1970,965,412,277,55,3720,3544,1512,568,179
2018,2,A,골목상권,2110978,도곡2동주민센터(대치중학교),19220,5980,13240,98,3580,3658,6024,3996,1864,42,1430,1614,1211,830,853,56,2150,2044,4813,3166,1011
2018,2,A,골목상권,2110977,논현로18길,19530,10964,8566,48,2647,5239,5273,4288,2035,23,1116,3221,3134,2165,1305,25,1531,2018,2139,2123,730
2018,2,A,골목상권,2110976,언북초등학교,15108,5689,9419,81,4795,5448,2799,1224,761,12,1225,2143,1208,632,469,69,3570,3305,1591,592,292
2018,2,A,골목상권,2110975,매봉역 1번,16436,4816,11620,95,3277,3310,5699,3471,584,41,1316,1431,1025,582,421,54,1961,1879,4674,2889,163
2018,2,A,골목상권,2110974,언주중학교,9219,4738,4481,43,2279,3274,2050,1008,565,21,779,1624,1292,639,383,22,1500,1650,758,369,182
2018,2,A,골목상권,2110973,강남구청역 4번,15465,7370,8095,34,2391,4193,3896,3313,1638,9,760,2041,2016,1569,975,25,1631,2152,1880,1744,663
2018,2,A,골목상권,2110972,강남세브란스병원미래의학연구센터,17801,9310,8491,100,4389,5396,4115,2368,1433,35,1580,2775,2492,1414,1014,65,2809,2621,1623,954,419
2018,2,A,골목상권,2110971,선정릉역 4번,63190,31960,31230,208,15578,18296,13882,9230,5996,103,5702,10233,8077,4468,3377,105,9876,8063,5805,4762,2619
2018,2,A,골목상권,2110970,학동초등학교,14077,7454,6623,59,3175,4956,3504,1581,802,27,1080,2629,2199,988,531,32,2095,2327,1305,593,271
2018,2,A,골목상권,2110969,베르사이유1아파트,68116,40341,27775,203,14692,21895,17095,10416,3815,82,6219,13976,11746,6087,2231,121,8473,7919,5349,4329,1584
2018,2,A,골목상권,2110968,강남구청역 2번,19001,9891,9110,64,3748,6002,4602,2981,1604,27,1295,3106,2896,1575,992,37,2453,2896,1706,1406,612
2018,2,A,골목상권,2110967,역삼역 8번,54863,34364,20499,165,11000,16543,13419,9625,4111,71,5210,11243,9708,5725,2407,94,5790,5300,3711,3900,1704
2018,2,A,골목상권,2110966,논현2동주민센터,35227,19589,15638,95,6637,10885,8511,5751,3348,23,2272,5916,5561,3645,2172,72,4365,4969,2950,2106,1176
2018,2,A,골목상권,2110965,언주역 6번,25770,14434,11336,86,5318,7172,5745,4124,3325,40,2100,4232,3930,2211,1921,46,3218,2940,1815,1913,1404
2018,2,A,골목상권,2110964,싸리고개근린공원,6619,3839,2780,16,1143,1908,1709,1065,778,3,426,1065,1132,646,567,13,717,843,577,419,211
2018,2,A,골목상권,2110963,역삼월드메르디앙아파트,18680,10736,7944,45,3344,5808,4638,2745,2100,8,1129,3151,3133,1812,1503,37,2215,2657,1505,933,597
2018,2,A,골목상권,2110962,도산공원북측,9902,4497,5405,65,2928,3528,1784,946,651,15,992,1836,1000,362,292,50,1936,1692,784,584,359
2018,2,A,골목상권,2110961,언주역 3번,28703,14510,14193,111,7138,8707,5867,3364,3516,44,2260,4574,3612,1717,2303,67,4878,4133,2255,1647,1213
2018,2,A,골목상권,2110960,은광여고,20365,11899,8466,81,3653,6058,4898,3161,2514,36,1507,3426,3207,2012,1711,45,2146,2632,1691,1149,803
2018,2,A,골목상권,2110959,신구중학교,13427,6111,7316,128,3656,3889,2431,1726,1597,48,1349,1950,1394,668,702,80,2307,1939,1037,1058,895
2018,2,A,골목상권,2110958,역삼역 4번,64588,39666,24922,201,13698,21077,16347,10051,3214,70,6012,13529,11653,6309,2093,131,7686,7548,4694,3742,1121
2018,2,A,골목상권,2110957,언북중학교,35388,19112,16276,112,7965,11545,8314,4116,3336,25,2499,6213,5369,2726,2280,87,5466,5332,2945,1390,1056
2018,2,A,골목상권,2110956,언주역 8번,19524,10786,8738,94,4779,5749,4312,2837,1753,33,1855,3123,2931,1668,1176,61,2924,2626,1381,1169,577
2018,2,A,골목상권,2110955,논현초등학교,22872,12648,10224,82,5421,7004,5136,2890,2339,27,1990,3953,3393,1738,1547,55,3431,3051,1743,1152,792
2018,2,A,골목상권,2110954,국기원,28067,13824,14243,147,7800,9316,6069,2939,1796,36,2350,4623,3830,1841,1144,111,5450,4693,2239,1098,652
2018,2,A,골목상권,2110953,학동근린공원,28042,14390,13652,90,7923,9671,5999,2604,1755,23,2490,5162,3874,1599,1242,67,5433,4509,2125,1005,513
2018,2,A,골목상권,2110952,논현목련공원,9301,5220,4081,23,1758,3041,2513,1218,748,6,705,1735,1583,683,508,17,1053,1306,930,535,240
2018,2,A,골목상권,2110951,신사은행나무공원,17942,8766,9176,63,5470,5894,3533,1726,1256,24,1746,2932,2169,1018,877,39,3724,2962,1364,708,379
2018,2,A,골목상권,2110950,논현역 7번,23455,12512,10943,76,5211,8209,5901,2643,1415,14,1696,4519,3744,1602,937,62,3515,3690,2157,1041,478
2018,2,A,골목상권,2110949,한남IC,10535,5213,5322,61,2745,3559,2341,1138,691,29,873,1856,1392,621,442,32,1872,1703,949,517,249
2018,2,A,골목상권,2110948,헌인가구단지,301,159,142,0,31,70,95,82,23,0,6,39,57,40,17,0,25,31,38,42,6
2018,2,A,골목상권,2110947,청계산입구역 2번(내곡동주민센터),885,471,414,2,150,212,224,186,111,1,52,121,130,100,67,1,98,91,94,86,44
2018,2,A,골목상권,2110946,청계산원터골,767,438,329,2,122,189,192,160,102,1,46,115,125,91,60,1,76,74,67,69,42
2018,2,A,골목상권,2110945,본마을노인복지센터(서초구립내곡도서관),463,239,224,0,39,94,145,114,71,0,13,48,66,58,54,0,26,46,79,56,17
2018,2,A,골목상권,2110944,서울나래학교(염곡어린이공원),83774,77604,6170,22,6906,16675,24530,33896,1745,10,5738,14822,22367,33004,1663,12,1168,1853,2163,892,82
2018,2,A,골목상권,2110943,법제교육센터(버들어린이공원),12896,6829,6067,37,1528,2929,3586,2958,1858,28,661,1727,1960,1377,1076,9,867,1202,1626,1581,782
2018,2,A,골목상권,2110942,염곡동 구룡사(포이동성당),98199,86034,12165,49,8664,20227,28214,36968,4077,23,6591,17002,24691,34623,3104,26,2073,3225,3523,2345,973
2018,2,A,골목상권,2110941,언남고등학교,6389,3924,2465,23,906,1667,1793,1265,735,9,421,1030,1170,782,512,14,485,637,623,483,223
2018,2,A,골목상권,2110940,양재근린공원(양재2동주민센터),10575,6106,4469,251,2973,2503,2154,1602,1092,94,1445,1424,1357,962,824,157,1528,1079,797,640,268
2018,2,A,골목상권,2110939,양재역 8번(양재동우체국),35187,20402,14785,91,6273,9813,7658,5908,5444,38,2587,6058,4889,3475,3355,53,3686,3755,2769,2433,2089
2018,2,A,골목상권,2110938,바우뫼공원,12119,7426,4693,271,3420,3215,2498,1595,1120,113,1674,2057,1805,1028,749,158,1746,1158,693,567,371
2018,2,A,골목상권,2110937,방아다리근린공원(횃불트리니티신학대학원대학교),13242,8294,4948,49,2005,3752,3102,2356,1978,26,934,2394,2198,1541,1201,23,1071,1358,904,815,777
2018,2,A,골목상권,2110936,더케이호텔(양재리본타워2단지아파트),8875,5936,2939,239,2914,2534,1795,987,406,90,1584,1763,1435,756,308,149,1330,771,360,231,98
2018,2,A,골목상권,2110935,한전아트센터,9555,6359,3196,18,1651,2887,2453,1479,1067,4,784,1949,1801,1000,821,14,867,938,652,479,246
2018,2,A,골목상권,2110934,우면주공아파트,4241,2947,1294,4,485,770,866,1237,879,3,229,509,642,895,669,1,256,261,224,342,210
2018,2,A,골목상권,2110933,한국상담대학원대학교,6377,4314,2063,11,1091,2168,1674,927,506,3,542,1466,1254,668,381,8,549,702,420,259,125
2018,2,A,골목상권,2110932,서울시인재개발원,18226,9134,9092,75,4540,5034,4106,3222,1249,47,2027,3094,2233,1101,632,28,2513,1940,1873,2121,617
2018,2,A,골목상권,2110931,삼성전자서울R&D(서울우면초등학교),672,275,397,4,73,112,104,165,214,4,19,38,44,80,90,0,54,74,60,85,124
2018,2,A,골목상권,2110930,서초동성당,15560,8838,6722,23,2991,4851,4197,2349,1149,12,1382,2849,2319,1468,808,11,1609,2002,1878,881,341
2018,2,A,골목상권,2110929,남부터미널역 1번,23821,14142,9679,57,4549,7314,5981,3602,2318,14,1846,4361,4020,2231,1670,43,2703,2953,1961,1371,648
2018,2,A,골목상권,2110928,서초우방유쉘아파트,23133,13308,9825,117,4796,6803,5658,3635,2124,35,1980,4120,3585,2115,1473,82,2816,2683,2073,1520,651
2018,2,A,골목상권,2110927,잠원역,1079,509,570,1,118,220,226,239,275,0,22,86,89,101,211,1,96,134,137,138,64
2018,2,A,골목상권,2110926,신중초등학교,13573,8445,5128,31,2369,4383,3660,1985,1145,13,933,2783,2689,1293,734,18,1436,1600,971,692,411
2018,2,A,골목상권,2110925,서초중학교,10594,6503,4091,57,2388,3195,2332,1391,1231,27,1009,2051,1616,925,875,30,1379,1144,716,466,356
2018,2,A,골목상권,2110924,반포4동주민센터(몽마르뜨공원),24589,9325,15264,45,6368,8117,5926,3270,863,13,1235,3035,2727,1830,485,32,5133,5082,3199,1440,378
2018,2,A,골목상권,2110923,방배역 1번,5178,2974,2204,32,1001,1273,1062,850,960,5,379,728,692,437,733,27,622,545,370,413,227
2018,2,A,골목상권,2110922,내방역 1번,10386,5144,5242,22,1919,2765,2647,1913,1120,14,648,1474,1446,857,705,8,1271,1291,1201,1056,415
2018,2,A,골목상권,2110921,서울프랑스학교,5344,3205,2139,41,1066,1534,1356,879,468,11,495,940,886,596,277,30,571,594,470,283,191
2018,2,A,골목상권,2110920,방배역 2번(백석예술대학교),5583,3332,2251,31,1088,1360,1198,916,990,5,408,816,797,528,778,26,680,544,401,388,212
2018,2,A,골목상권,2110919,내방역 8번,8166,4108,4058,22,1584,2361,2055,1410,734,10,541,1223,1174,698,462,12,1043,1138,881,712,272
2018,2,A,골목상권,2110918,방배역 3번,7413,4340,3073,15,1235,1688,1813,1347,1315,9,416,946,1144,814,1011,6,819,742,669,533,304
2018,2,A,골목상권,2110917,서초소방서,2883,1895,988,4,426,862,787,531,273,2,202,572,554,376,189,2,224,290,233,155,84
2018,2,A,골목상권,2110916,내방역 4번,13417,6606,6811,36,2239,3455,3669,2521,1497,27,851,1824,1807,1077,1020,9,1388,1631,1862,1444,477
2018,2,A,골목상권,2110915,서래초등학교,4955,3276,1679,8,733,1626,1262,742,584,2,320,1109,895,528,422,6,413,517,367,214,162
2018,2,A,골목상권,2110914,내방역 6번,9310,4640,4670,29,1490,2468,2531,1816,976,14,599,1307,1244,799,677,15,891,1161,1287,1017,299
2018,2,A,골목상권,2110913,방현초등학교(방배119안전센터),10360,4810,5550,21,1406,2312,2179,2661,1781,8,498,1314,1204,947,839,13,908,998,975,1714,942
2018,2,A,골목상권,2110912,방배동사이길,4450,2865,1585,8,656,1328,1039,720,699,1,261,873,704,506,520,7,395,455,335,214,179
2018,2,A,골목상권,2110911,방배배수지체육공원,9227,3959,5268,19,1231,2170,1895,2386,1526,8,395,1168,990,754,644,11,836,1002,905,1632,882
2018,2,A,골목상권,2110910,내방역 5번,10571,5455,5116,33,1576,2659,2846,2096,1361,21,631,1382,1411,1012,998,12,945,1277,1435,1084,363
2018,2,A,골목상권,2110909,남태령역(서울전자고등학교),2567,1742,825,6,428,749,605,565,214,1,144,450,471,493,183,5,284,299,134,72,31
2018,2,A,골목상권,2110908,구반포역,2154,1314,840,7,339,554,508,347,399,7,190,353,316,222,226,0,149,201,192,125,173
2018,2,A,골목상권,2110907,방배초등학교,11319,5962,5357,33,1752,2825,3017,2141,1551,15,713,1472,1499,1123,1140,18,1039,1353,1518,1018,411
2018,2,A,골목상권,2110906,서문여고,4971,2907,2064,18,772,1134,1155,976,916,9,287,646,714,602,649,9,485,488,441,374,267
2018,2,A,골목상권,2110905,방배노인종합복지관(이수중학교),4426,2848,1578,4,563,1173,1158,926,602,3,292,762,820,615,356,1,271,411,338,311,246
2018,2,A,골목상권,2110904,이수역 5번,6978,3870,3108,17,1134,1808,1714,1302,1003,7,444,1007,1013,742,657,10,690,801,701,560,346
2018,2,A,골목상권,2110903,방배아이파크아파트,6484,3371,3113,16,828,1467,1477,1475,1221,9,320,870,842,659,671,7,508,597,635,816,550
2018,2,A,골목상권,2110902,사당역 4번,6553,3571,2982,13,1336,1565,1553,1315,771,9,523,873,926,717,523,4,813,692,627,598,248
2018,2,A,골목상권,2110901,인헌고등학교(인헌중학교),1688,745,943,6,224,403,451,393,211,0,64,195,200,168,118,6,160,208,251,225,93
2018,2,A,골목상권,2110900,낙성대역 1번(관악구민 종합체육센터),4043,2252,1791,15,614,961,888,743,822,4,222,508,459,420,639,11,392,453,429,323,183
2018,2,A,골목상권,2110899,낙성대역 5번(관악중학교),3565,2119,1446,13,609,995,812,599,537,5,252,618,515,330,399,8,357,377,297,269,138
2018,2,A,골목상권,2110898,청림동주민센터(상도중학교),1180,495,685,3,157,256,333,255,176,2,48,119,125,93,108,1,109,137,208,162,68
2018,2,A,골목상권,2110897,서울대입구역 8번,5641,2839,2802,33,1059,1228,1288,1114,919,20,465,626,666,534,528,13,594,602,622,580,391
2018,2,A,골목상권,2110896,관악우성아파트,1996,918,1078,6,284,428,482,410,386,3,109,220,241,186,159,3,175,208,241,224,227
2018,2,A,골목상권,2110895,샤로수길,11026,6364,4662,38,1690,2591,2461,2492,1754,18,766,1447,1380,1526,1227,20,924,1144,1081,966,527
2018,2,A,골목상권,2110894,관악동부센트레빌아파트(은천로35라길),1375,677,698,4,177,297,348,289,260,2,74,157,171,146,127,2,103,140,177,143,133
2018,2,A,골목상권,2110893,관악소방서(문영여고),2073,1542,531,1,261,673,475,474,189,0,161,519,349,376,137,1,100,154,126,98,52
2018,2,A,골목상권,2110892,관악구 중앙길,6323,2757,3566,18,936,1330,1590,1327,1122,11,308,571,748,570,549,7,628,759,842,757,573
2018,2,A,골목상권,2110891,구암초등학교,1352,440,912,4,157,262,354,363,212,4,44,98,110,99,85,0,113,164,244,264,127
2018,2,A,골목상권,2110890,봉천역 1번(관악초등학교),2476,1310,1166,5,337,500,652,499,483,4,139,261,359,246,301,1,198,239,293,253,182
2018,2,A,골목상권,2110889,봉천역 6번,2785,1020,1765,2,350,561,701,645,526,1,83,219,305,203,209,1,267,342,396,442,317
2018,2,A,골목상권,2110888,청룡동주민센터,1465,780,685,0,160,315,402,320,268,0,77,154,198,164,187,0,83,161,204,156,81
2018,2,A,골목상권,2110887,서울산업정보학교(서울삼성초등학교),1670,961,709,1,164,329,429,527,220,0,56,161,242,342,160,1,108,168,187,185,60
2018,2,A,골목상권,2110886,관악해태어린이공원,1857,1066,791,3,192,365,510,541,246,2,69,201,283,347,164,1,123,164,227,194,82
2018,2,A,골목상권,2110885,영락고등학교,1401,701,700,0,110,242,354,393,302,0,37,123,166,188,187,0,73,119,188,205,115
2018,2,A,골목상권,2110884,봉천역 4번(봉천110안전센터),3920,1795,2125,3,523,774,900,1005,715,2,151,360,425,430,427,1,372,414,475,575,288
2018,2,A,골목상권,2110883,은천초등학교(은천교앞),2996,1510,1486,6,389,596,699,792,514,3,133,301,345,377,351,3,256,295,354,415,163
2018,2,A,골목상권,2110882,신성초등학교,2847,1682,1165,3,272,468,729,816,559,2,112,271,425,505,367,1,160,197,304,311,192
2018,2,A,골목상권,2110881,구립대학경로당(관악산샘말공원),3272,1804,1468,4,379,669,826,859,535,3,142,336,429,517,377,1,237,333,397,342,158
2018,2,A,골목상권,2110880,신림역 1번,3189,1340,1849,10,727,701,706,623,422,4,213,293,331,253,246,6,514,408,375,370,176
2018,2,A,골목상권,2110879,신림현대아파트,1697,901,796,2,191,249,400,462,393,2,65,130,212,243,249,0,126,119,188,219,144
2018,2,A,골목상권,2110878,미림여고,656,304,352,1,79,162,129,158,127,1,21,71,57,69,85,0,58,91,72,89,42
2018,2,A,골목상권,2110877,신림역 8번,5331,2453,2878,14,1016,1137,1232,1120,812,5,340,516,605,491,496,9,676,621,627,629,316
2018,2,A,골목상권,2110876,서원동주민센터(신관중학교),2890,1357,1533,9,441,486,536,632,786,2,162,226,250,269,448,7,279,260,286,363,338
2018,2,A,골목상권,2110875,보라매동주민센터(당곡고등학교),2055,1047,1008,5,277,417,495,493,368,1,128,202,248,231,237,4,149,215,247,262,131
2018,2,A,골목상권,2110874,원신초등학교(구세군관악영문교회),1774,914,860,5,212,361,423,423,350,4,66,153,203,228,260,1,146,208,220,195,90
2018,2,A,골목상권,2110873,당곡중학교,9910,4564,5346,21,1581,3151,2942,1603,612,10,497,1336,1370,947,404,11,1084,1815,1572,656,208
2018,2,A,골목상권,2110872,신림초등학교,710,257,453,0,99,161,178,161,111,0,37,59,68,51,42,0,62,102,110,110,69
2018,2,A,골목상권,2110871,신원동주민센터,3230,1426,1804,13,507,551,633,705,821,4,205,254,281,282,400,9,302,297,352,423,421
2018,2,A,골목상권,2110870,신림주공2단지(광신고등학교),359,156,203,3,30,64,92,106,64,2,5,24,38,54,33,1,25,40,54,52,31
2018,2,A,골목상권,2110869,"신림역 5번(신림동주민센터, 신림동별빛거리)",9879,5229,4650,30,1484,2425,2868,1898,1174,16,618,1183,1501,1177,734,14,866,1242,1367,721,440
2018,2,A,골목상권,2110868,남부초등학교,4010,1829,2181,14,542,676,847,995,936,6,229,331,384,415,464,8,313,345,463,580,472
2018,2,A,골목상권,2110867,국제신학대학원대학교(남서울중학교),3884,1789,2095,11,465,655,842,980,931,3,199,310,389,431,457,8,266,345,453,549,474
2018,2,A,골목상권,2110866,난우중학교,1273,483,790,1,175,296,337,330,134,1,35,100,132,146,69,0,140,196,205,184,65
2018,2,A,골목상권,2110865,남강고등학교(남강중학교),1670,645,1025,2,209,338,439,427,255,1,58,134,181,170,101,1,151,204,258,257,154
2018,2,A,골목상권,2110864,신림우방아파트,1354,679,675,1,137,266,384,372,194,1,47,128,192,178,133,0,90,138,192,194,61
2018,2,A,골목상권,2110863,난우초등학교,1844,800,1044,3,219,377,448,481,316,0,62,154,210,218,156,3,157,223,238,263,160
2018,2,A,골목상권,2110862,난곡초등학교(난곡동벽화마을),1321,521,800,2,188,268,344,317,202,1,49,106,142,123,100,1,139,162,202,194,102
2018,2,A,골목상권,2110861,관악구신사동주민센터,3960,1954,2006,8,406,767,962,1044,773,3,136,402,457,495,461,5,270,365,505,549,312
2018,2,A,골목상권,2110860,호림박물관(성보고등학교),2957,1500,1457,4,289,533,698,839,594,2,102,263,343,429,361,2,187,270,355,410,233
2018,2,A,골목상권,2110859,난향초등학교,1038,351,687,0,68,157,201,343,269,0,9,47,77,98,120,0,59,110,124,245,149
2018,2,A,골목상권,2110858,신대방역 1번,2336,1662,674,8,364,688,644,422,210,4,247,542,472,256,141,4,117,146,172,166,69
2018,2,A,골목상권,2110857,미성동주민센터,1951,818,1133,4,209,395,494,524,325,1,66,150,207,221,173,3,143,245,287,303,152
2018,2,A,골목상권,2110856,미성초등학교,5045,3334,1711,4,366,826,901,1050,1898,2,151,455,496,623,1607,2,215,371,405,427,291
2018,2,A,골목상권,2110855,신대방역 2번,6610,4692,1918,9,656,1329,1346,1269,2001,5,375,918,880,808,1706,4,281,411,466,461,295
2018,2,A,골목상권,2110854,조원동주민센터,4219,3011,1208,0,340,661,714,887,1617,0,170,412,437,539,1453,0,170,249,277,348,164
2018,2,A,골목상권,2110853,KT구로지사,4790,2534,2256,7,641,1022,1112,1153,855,5,240,530,609,583,567,2,401,492,503,570,288
2018,2,A,골목상권,2110852,이수역 9번,5325,3026,2299,14,728,1372,1532,1059,620,8,284,769,928,625,412,6,444,603,604,434,208
2018,2,A,골목상권,2110851,경문고등학교(동작동성당),3770,1580,2190,16,441,795,917,1068,533,7,147,416,421,351,238,9,294,379,496,717,295
2018,2,A,골목상권,2110850,사당역 10번,10985,6034,4951,21,1911,2555,2682,2272,1544,14,765,1442,1601,1247,965,7,1146,1113,1081,1025,579
2018,2,A,골목상권,2110849,이수역 10번,5293,2443,2850,23,703,1082,1223,1214,1048,9,226,506,582,545,575,14,477,576,641,669,473
2018,2,A,골목상권,2110848,양지어린이공원,4487,2284,2203,6,495,831,1121,911,1123,5,175,411,584,434,675,1,320,420,537,477,448
2018,2,A,골목상권,2110847,예술인마을,2939,1595,1344,1,514,714,711,643,356,0,198,407,419,323,248,1,316,307,292,320,108
2018,2,A,골목상권,2110846,남성역 1번,3481,1727,1754,3,358,578,764,757,1021,2,146,251,345,345,638,1,212,327,419,412,383
2018,2,A,골목상권,2110845,사당종합체육관,741,423,318,0,74,110,163,224,170,0,18,58,89,140,118,0,56,52,74,84,52
2018,2,A,골목상권,2110844,흑석2치안센터,715,395,320,1,81,119,158,200,156,1,35,71,74,105,109,0,46,48,84,95,47
2018,2,A,골목상권,2110843,사당5동주민센터,1349,664,685,3,190,287,348,342,179,2,79,112,170,175,126,1,111,175,178,167,53
2018,2,A,골목상권,2110842,흑리단길,2811,883,1928,3,693,863,645,418,189,2,151,244,218,163,105,1,542,619,427,255,84
2018,2,A,골목상권,2110841,중대부중,5118,2368,2750,2,932,1447,1253,1045,439,0,220,535,650,640,323,2,712,912,603,405,116
2018,2,A,골목상권,2110840,중앙대학교,5179,2338,2841,4,994,1462,1239,1028,452,1,243,548,633,604,309,3,751,914,606,424,143
2018,2,A,골목상권,2110839,숭실대입구역 4번,2587,1263,1324,8,303,638,707,617,314,1,89,283,330,342,218,7,214,355,377,275,96
2018,2,A,골목상권,2110838,상도1동주민센터앞,2551,1375,1176,8,255,613,715,619,341,0,84,289,374,389,239,8,171,324,341,230,102
2018,2,A,골목상권,2110837,숭실대입구역 1번,3693,1807,1886,8,395,871,1032,866,521,0,125,391,489,474,328,8,270,480,543,392,193
2018,2,A,골목상권,2110836,상도역 5번,4944,2736,2208,3,607,1150,1328,1150,706,0,208,569,780,723,456,3,399,581,548,427,250
2018,2,A,골목상권,2110835,상도역 1번,2030,976,1054,2,276,444,544,464,300,0,97,212,265,235,167,2,179,232,279,229,133
2018,2,A,골목상권,2110834,동작구자원봉사센터,1398,612,786,3,182,274,333,338,268,2,65,155,157,130,103,1,117,119,176,208,165
2018,2,A,골목상권,2110833,상도역 2번,2520,1076,1444,2,321,524,702,657,314,0,100,218,293,316,149,2,221,306,409,341,165
2018,2,A,골목상권,2110832,노량진초등학교,7053,3993,3060,12,952,1713,1698,1764,914,3,472,906,1004,1072,536,9,480,807,694,692,378
2018,2,A,골목상권,2110831,상도4동주민센터,1370,554,816,0,180,297,364,351,178,0,63,108,149,133,101,0,117,189,215,218,77
2018,2,A,골목상권,2110830,상도초등학교,2106,723,1383,2,269,404,600,504,327,0,72,125,212,166,148,2,197,279,388,338,179
2018,2,A,골목상권,2110829,장승배기역 5번,3104,1497,1607,3,455,621,740,806,479,0,248,307,336,377,229,3,207,314,404,429,250
2018,2,A,골목상권,2110828,노량진역 6번,9040,5171,3869,12,1118,2756,2364,1839,951,3,489,1519,1444,1117,599,9,629,1237,920,722,352
2018,2,A,골목상권,2110827,NH농협은행 상도동지점,2296,905,1391,15,327,480,590,537,347,6,110,198,243,187,161,9,217,282,347,350,186
2018,2,A,골목상권,2110826,장승배기역 4번,3227,1275,1952,16,469,643,819,748,532,6,185,292,308,259,225,10,284,351,511,489,307
2018,2,A,골목상권,2110825,신대방삼거리역 1번,3202,1319,1883,12,413,698,807,776,496,5,122,285,348,295,264,7,291,413,459,481,232
2018,2,A,골목상권,2110824,대방역 3번,4155,2149,2006,8,648,1069,989,888,553,0,240,584,550,454,321,8,408,485,439,434,232
2018,2,A,골목상권,2110823,신대방삼거리역 3번,15520,7469,8051,53,2622,4566,4357,2726,1196,33,1051,2181,2104,1387,713,20,1571,2385,2253,1339,483
2018,2,A,골목상권,2110822,신대방삼거리역 4번(대림초등학교),7018,3691,3327,68,1201,1459,1493,1619,1178,28,632,856,689,742,744,40,569,603,804,877,434
2018,2,A,골목상권,2110821,보라매역 2번,13260,6832,6428,85,2079,3018,3261,3016,1801,32,1052,1765,1494,1411,1078,53,1027,1253,1767,1605,723
2018,2,A,골목상권,2110820,성남고등학교,2337,1131,1206,2,233,491,556,681,374,1,95,216,249,335,235,1,138,275,307,346,139
2018,2,A,골목상권,2110819,신대방역 4번,6394,3334,3060,9,1207,1626,1663,1250,639,5,401,876,939,714,399,4,806,750,724,536,240
2018,2,A,골목상권,2110818,신대방역 3번,3010,1950,1060,8,438,775,834,582,373,5,264,544,550,337,250,3,174,231,284,245,123
2018,2,A,골목상권,2110817,대방역 4번,5021,2557,2464,10,696,1113,1166,1097,939,4,243,557,642,558,553,6,453,556,524,539,386
2018,2,A,골목상권,2110816,대방역 6번,4461,2366,2095,6,628,945,998,1004,880,1,225,493,600,529,518,5,403,452,398,475,362
2018,2,A,골목상권,2110815,공군호텔,6097,3205,2892,18,819,1430,1491,1401,938,7,265,737,830,739,627,11,554,693,661,662,311
2018,2,A,골목상권,2110814,서울지방병무청,4455,2256,2199,10,593,927,970,1151,804,1,232,468,484,562,509,9,361,459,486,589,295
2018,2,A,골목상권,2110813,보라매역 6번,5326,2998,2328,37,711,1080,1145,1221,1132,5,296,609,656,669,763,32,415,471,489,552,369
2018,2,A,골목상권,2110812,신길6동주민센터,8957,4596,4361,52,1217,2324,2480,1994,890,7,538,1313,1206,1014,518,45,679,1011,1274,980,372
2018,2,A,골목상권,2110811,보라매역 4번,8094,4176,3918,53,1091,2126,2240,1805,779,7,500,1199,1074,935,461,46,591,927,1166,870,318
2018,2,A,골목상권,2110810,영신초등학교,4054,2037,2017,10,396,809,1017,1017,805,8,134,386,525,496,488,2,262,423,492,521,317
2018,2,A,골목상권,2110809,장훈고등학교,1809,773,1036,10,212,424,488,422,253,7,70,196,212,177,111,3,142,228,276,245,142
2018,2,A,골목상권,2110808,신길역 1번,2509,1248,1261,18,347,502,541,551,550,8,131,251,262,257,339,10,216,251,279,294,211
2018,2,A,골목상권,2110807,신길역 3번,3024,1579,1445,18,460,743,624,568,611,8,159,371,363,292,386,10,301,372,261,276,225
2018,2,A,골목상권,2110806,서울시립영등포장애인복지관,3763,2587,1176,2,372,809,923,925,732,2,167,488,673,700,557,0,205,321,250,225,175
2018,2,A,골목상권,2110805,신길새마을금고신길4동지점,1299,695,604,2,202,279,337,283,196,0,120,165,188,127,95,2,82,114,149,156,101
2018,2,A,골목상권,2110804,신풍역 1번,2806,1389,1417,5,272,561,675,681,612,2,120,274,315,308,370,3,152,287,360,373,242
2018,2,A,골목상권,2110803,신길2동우편취급국,2296,971,1325,3,220,479,572,598,424,2,73,210,219,256,211,1,147,269,353,342,213
2018,2,A,골목상권,2110802,신길동홍어거리,1708,677,1031,2,161,343,406,449,347,2,50,153,177,174,121,0,111,190,229,275,226
2018,2,A,골목상권,2110801,신풍역 6번(신길6동공영주차장),612,239,373,1,76,122,152,161,100,0,20,50,50,63,56,1,56,72,102,98,44
2018,2,A,골목상권,2110800,영등포동성당,7001,4526,2475,5,853,1493,1677,1597,1376,4,348,912,1157,1156,949,1,505,581,520,441,427
2018,2,A,골목상권,2110799,영등포본동주민센터,1723,863,860,18,252,306,400,396,351,9,103,163,198,192,198,9,149,143,202,204,153
2018,2,A,골목상권,2110798,신풍역 2번,1416,560,856,4,141,245,333,376,317,0,42,102,118,143,155,4,99,143,215,233,162
2018,2,A,골목상권,2110797,KT대방빌딩,1812,607,1205,3,564,445,347,286,167,0,99,160,106,121,121,3,465,285,241,165,46
2018,2,A,골목상권,2110796,한림대학교한강성심병원,6965,4603,2362,5,793,1356,1699,1626,1486,4,349,863,1168,1173,1046,1,444,493,531,453,440
2018,2,A,골목상권,2110795,도림초등학교,2291,1040,1251,4,228,511,591,567,390,2,72,237,304,245,180,2,156,274,287,322,210
2018,2,A,골목상권,2110794,영동초등학교,12548,8007,4541,42,1819,3276,3094,2442,1875,22,835,2159,2125,1565,1301,20,984,1117,969,877,574
2018,2,A,골목상권,2110793,대림썬프라자,1801,617,1184,3,559,461,344,277,157,0,98,166,120,122,111,3,461,295,224,155,46
2018,2,A,골목상권,2110792,영등포역 2번,3868,1927,1941,23,482,937,991,855,580,9,161,435,497,462,363,14,321,502,494,393,217
2018,2,A,골목상권,2110791,신풍역 3번,1401,583,818,1,133,303,324,393,247,0,59,125,117,156,126,1,74,178,207,237,121
2018,2,A,골목상권,2110790,대림1동주민센터,1971,872,1099,8,243,364,473,508,375,2,78,168,192,221,211,6,165,196,281,287,164
2018,2,A,골목상권,2110789,대림성모병원,3385,1240,2145,1,780,798,729,677,400,1,145,312,298,290,194,0,635,486,431,387,206
2018,2,A,골목상권,2110788,영등포시장역 3번,3737,2112,1625,11,605,899,880,735,607,5,300,511,500,414,382,6,305,388,380,321,225
2018,2,A,골목상권,2110787,신길3동주민센터,1880,875,1005,3,161,403,509,507,297,1,51,165,242,225,191,2,110,238,267,282,106
2018,2,A,골목상권,2110786,당산역 8번,9938,6070,3868,46,1146,1656,2124,2470,2496,24,626,1139,1344,1376,1561,22,520,517,780,1094,935
2018,2,A,골목상권,2110785,영등포푸르지오아파트,1897,948,949,4,213,410,498,447,325,2,56,190,263,222,215,2,157,220,235,225,110
2018,2,A,골목상권,2110784,신대림초등학교,1458,546,912,0,176,307,349,397,229,0,29,124,130,161,102,0,147,183,219,236,127
2018,2,A,골목상권,2110783,영등포시장역 1번,12653,8067,4586,72,1951,3406,3071,2597,1556,41,959,2194,2123,1685,1065,31,992,1212,948,912,491
2018,2,A,골목상권,2110782,영등포시장역 4번,4985,2532,2453,24,933,1241,1165,917,705,7,366,628,623,479,429,17,567,613,542,438,276
2018,2,A,골목상권,2110781,대림한신아파트,2097,971,1126,6,221,408,550,540,372,3,63,182,252,265,206,3,158,226,298,275,166
2018,2,A,골목상권,2110780,신길대성유니드아파트,1830,936,894,3,182,381,463,506,295,1,88,196,236,249,166,2,94,185,227,257,129
2018,2,A,골목상권,2110779,대림갑을명가아파트,1079,536,543,6,136,210,288,249,190,3,45,108,147,123,110,3,91,102,141,126,80
2018,2,A,골목상권,2110778,구로디지털단지역 4번,19262,11382,7880,54,4465,7308,4132,1991,1312,31,1761,4798,2758,1180,854,23,2704,2510,1374,811,458
2018,2,A,골목상권,2110777,구로세무서,19416,9949,9467,120,4129,5782,5004,2657,1724,45,1591,3023,2625,1503,1162,75,2538,2759,2379,1154,562
2018,2,A,골목상권,2110776,도신초등학교,5713,3432,2281,20,772,1416,1562,1203,740,12,365,922,1002,677,454,8,407,494,560,526,286
2018,2,A,골목상권,2110775,대동초등학교,1465,722,743,1,111,289,361,377,326,1,37,134,172,182,196,0,74,155,189,195,130
2018,2,A,골목상권,2110774,당산반도유보라팰리스아파트,21815,11402,10413,128,5210,6337,4995,3194,1951,57,1885,3307,2646,2040,1467,71,3325,3030,2349,1154,484
2018,2,A,골목상권,2110773,당산역 13번,11787,7776,4011,52,1826,3107,2731,1877,2194,23,932,2346,1988,1070,1417,29,894,761,743,807,777
2018,2,A,골목상권,2110772,신우어린이공원,3653,2381,1272,16,537,1023,1006,705,366,10,280,714,716,428,233,6,257,309,290,277,133
2018,2,A,골목상권,2110771,대림역 11번,1896,955,941,1,187,399,518,477,314,1,58,197,255,261,183,0,129,202,263,216,131
2018,2,A,골목상권,2110770,영등포구청역 6번,9910,4973,4937,18,1108,2234,2437,2269,1844,9,408,1062,1258,1198,1038,9,700,1172,1179,1071,806
2018,2,A,골목상권,2110769,대림차이나타운(대림역 12번),1518,746,772,0,163,340,435,389,191,0,53,146,204,218,125,0,110,194,231,171,66
2018,2,A,골목상권,2110768,도림2동유수지내체육시설,5216,2218,2998,21,927,1765,1037,711,755,13,248,507,530,428,492,8,679,1258,507,283,263
2018,2,A,골목상권,2110767,도림동주민센터,7506,3743,3763,38,1285,2244,1560,1293,1086,18,449,812,874,837,753,20,836,1432,686,456,333
2018,2,A,골목상권,2110766,대림역 5번,15111,9979,5132,19,1935,3719,3691,3293,2454,12,1257,2855,2629,1854,1372,7,678,864,1062,1439,1082
2018,2,A,골목상권,2110765,문래동사거리,22101,11178,10923,106,4439,6624,5430,3231,2271,46,1640,3080,2928,1948,1536,60,2799,3544,2502,1283,735
2018,2,A,골목상권,2110764,문래역 3번,6584,3604,2980,11,883,1752,1536,1128,1274,5,462,1064,780,605,688,6,421,688,756,523,586
2018,2,A,골목상권,2110763,영등포구청역 2번,17760,8639,9121,51,3141,4258,3477,3512,3321,22,1096,1977,1716,1752,2076,29,2045,2281,1761,1760,1245
2018,2,A,골목상권,2110762,선유도역 1번,32982,17479,15503,98,5602,10963,10100,4551,1668,41,2255,5907,5355,2703,1218,57,3347,5056,4745,1848,450
2018,2,A,골목상권,2110761,문래동남성맨션,7012,3556,3456,22,1172,2176,1405,1299,938,9,409,784,820,881,653,13,763,1392,585,418,285
2018,2,A,골목상권,2110760,선유도역 6번,32464,17175,15289,88,5607,11310,9891,4268,1300,33,2372,6240,5179,2441,910,55,3235,5070,4712,1827,390
2018,2,A,골목상권,2110759,문래예술촌(문래창작촌),31804,18281,13523,113,5994,8619,7947,5232,3899,45,2527,4910,4629,3236,2934,68,3467,3709,3318,1996,965
2018,2,A,골목상권,2110758,문래소공원,14975,9656,5319,25,2628,3607,3347,2524,2844,6,1382,2328,2088,1640,2212,19,1246,1279,1259,884,632
2018,2,A,골목상권,2110757,양평역 2번,8128,4997,3131,29,1065,2083,2057,1617,1277,14,549,1383,1246,882,923,15,516,700,811,735,354
2018,2,A,골목상권,2110756,문래중학교,7075,4510,2565,4,843,1643,1689,1298,1598,2,445,1027,958,782,1296,2,398,616,731,516,302
2018,2,A,골목상권,2110755,동일여자고등학교,2474,1070,1404,5,219,413,611,809,417,2,50,132,274,375,237,3,169,281,337,434,180
2018,2,A,골목상권,2110754,삼성산자연공원(서울금천초등학교),3027,1310,1717,6,247,474,748,1007,545,4,62,165,355,444,280,2,185,309,393,563,265
2018,2,A,골목상권,2110753,시흥동 은행나무사거리,3021,1373,1648,6,260,505,783,975,492,2,69,191,358,479,274,4,191,314,425,496,218
2018,2,A,골목상권,2110752,한울중학교,1623,629,994,1,145,265,440,480,292,1,46,93,142,178,169,0,99,172,298,302,123
2018,2,A,골목상권,2110751,난곡중학교,5020,3292,1728,1,387,897,930,1089,1716,1,178,497,519,607,1490,0,209,400,411,482,226
2018,2,A,골목상권,2110750,시흥4동주민센터(서울신흥초등학교),1356,442,914,0,145,225,356,443,187,0,36,73,126,137,70,0,109,152,230,306,117
2018,2,A,골목상권,2110749,금산초등학교(금천고등학교),8794,5417,3377,9,664,1543,2654,2631,1293,1,352,976,1532,1570,986,8,312,567,1122,1061,307
2018,2,A,골목상권,2110748,백산초등학교,2360,1231,1129,5,230,452,616,614,443,2,100,247,305,289,288,3,130,205,311,325,155
2018,2,A,골목상권,2110747,석수역 1번 출입구,1269,896,373,7,88,215,349,391,219,1,53,145,228,282,187,6,35,70,121,109,32
2018,2,A,골목상권,2110746,금천금빛공원(은행나무사거리서측),2922,1316,1606,5,341,496,712,796,572,4,111,230,341,310,320,1,230,266,371,486,252
2018,2,A,골목상권,2110745,독산동정훈단지,1567,581,986,1,159,240,445,442,280,0,36,80,139,167,159,1,123,160,306,275,121
2018,2,A,골목상권,2110744,독산동성당,2398,972,1426,2,233,364,634,714,451,1,68,135,223,285,260,1,165,229,411,429,191
2018,2,A,골목상권,2110743,시흥초등학교(시흥1동우체국),3994,1275,2719,4,475,589,803,988,1135,2,115,229,303,280,346,2,360,360,500,708,789
2018,2,A,골목상권,2110742,KT금천빌딩(금천구시설관리공단),6423,4090,2333,9,483,1117,1871,1909,1034,3,284,710,1148,1212,733,6,199,407,723,697,301
2018,2,A,골목상권,2110741,독산2동주민센터,2897,1572,1325,2,276,546,821,808,444,1,130,314,426,415,286,1,146,232,395,393,158
2018,2,A,골목상권,2110740,금천해태공원,5984,2497,3487,22,1197,1477,1190,1001,1097,10,520,748,460,348,411,12,677,729,730,653,686
2018,2,A,골목상권,2110739,시흥3동 우편취급국,7000,4308,2692,5,539,1193,2171,2076,1016,1,292,783,1271,1203,758,4,247,410,900,873,258
2018,2,A,골목상권,2110738,문성초등학교,4104,2187,1917,15,521,822,995,1089,662,5,200,423,526,586,447,10,321,399,469,503,215
2018,2,A,골목상권,2110737,금천세무서,3466,1977,1489,6,351,678,891,942,598,4,135,373,521,530,414,2,216,305,370,412,184
2018,2,A,골목상권,2110736,독산119안전센터,5938,3515,2423,25,645,1092,1501,1616,1059,13,316,669,871,905,741,12,329,423,630,711,318
2018,2,A,골목상권,2110735,말미고개,4809,2893,1916,19,538,935,1296,1256,765,14,306,599,755,689,530,5,232,336,541,567,235
2018,2,A,골목상권,2110734,금천파출소,3854,1736,2118,17,1027,1203,724,534,349,8,428,629,298,190,183,9,599,574,426,344,166
2018,2,A,골목상권,2110733,금천어울림복지센터,4911,2200,2711,12,487,1022,1093,1154,1143,4,179,418,495,614,490,8,308,604,598,540,653
2018,2,A,골목상권,2110732,가산초등학교(세일중학교),6468,3932,2536,12,850,1415,1559,1642,990,9,450,903,942,937,691,3,400,512,617,705,299
2018,2,A,골목상권,2110731,금천구청역 1번 출입구,7660,3385,4275,27,1320,1984,1532,1476,1321,10,541,918,642,705,569,17,779,1066,890,771,752
2018,2,A,골목상권,2110730,서울축산농협 독산역지점(독산파출소),10102,6345,3757,28,1234,2485,2755,2410,1190,20,672,1674,1726,1421,832,8,562,811,1029,989,358
2018,2,A,골목상권,2110729,가산동우체국,12427,7514,4913,28,2240,3579,3155,2112,1313,15,1100,2293,2031,1206,869,13,1140,1286,1124,906,444
2018,2,A,골목상권,2110728,두산초등학교,27364,17894,9470,134,4242,7725,7337,5006,2920,83,2180,5218,5054,3202,2157,51,2062,2507,2283,1804,763
2018,2,A,골목상권,2110727,독산역 1번 출입구,22371,14361,8010,111,3555,6356,6026,3956,2367,67,1807,4262,4066,2460,1699,44,1748,2094,1960,1496,668
2018,2,A,골목상권,2110726,금천철쭉어린이공원(금하마을),579,222,357,1,39,74,122,124,219,0,17,38,50,50,67,1,22,36,72,74,152
2018,2,A,골목상권,2110725,가산동주민센터,31525,19424,12101,100,6250,10426,8092,4633,2024,46,3194,6823,5291,2632,1438,54,3056,3603,2801,2001,586
2018,2,A,골목상권,2110724,금천구립가산도서관,26827,17503,9324,109,4658,8389,7143,4520,2008,56,2605,5704,4852,2827,1459,53,2053,2685,2291,1693,549
2018,2,A,골목상권,2110723,가산디지털단지역 1번 출입구,53322,33935,19387,187,10923,17566,13833,7595,3218,110,5307,11639,9681,4843,2355,77,5616,5927,4152,2752,863
2018,2,A,골목상권,2110722,G타워,45818,28286,17532,150,9669,16877,11105,5070,2947,84,4336,11180,7482,3046,2158,66,5333,5697,3623,2024,789
2018,2,A,골목상권,2110721,가리봉파출소,26363,16702,9661,83,5085,8481,6546,3885,2283,47,2483,5815,4564,2233,1560,36,2602,2666,1982,1652,723
2018,2,A,골목상권,2110720,대림역 2번,3589,1946,1643,2,369,669,970,990,589,1,117,277,487,632,432,1,252,392,483,358,157
2018,2,A,골목상권,2110719,영서중학교,26617,15429,11188,142,5094,7801,6313,4549,2718,79,2328,4954,4212,2298,1558,63,2766,2847,2101,2251,1160
2018,2,A,골목상권,2110718,한국SGI본부,16804,10193,6611,29,2573,4837,3830,3259,2276,14,1356,2912,2605,1917,1389,15,1217,1925,1225,1342,887
2018,2,A,골목상권,2110717,남구로역 2번,52270,31724,20546,245,10111,15924,12729,8349,4912,149,4748,10604,8656,4460,3107,96,5363,5320,4073,3889,1805
2018,2,A,골목상권,2110716,구로나눔길,8571,4014,4557,6,1483,2486,1934,1833,829,1,386,1108,962,1071,486,5,1097,1378,972,762,343
2018,2,A,골목상권,2110715,구로구민회관,13807,8801,5006,15,1788,3642,3337,3066,1959,7,1081,2549,2204,1795,1165,8,707,1093,1133,1271,794
2018,2,A,골목상권,2110714,구로4동주민센터,10095,4741,5354,6,1631,2660,2313,2347,1138,1,400,1108,1097,1395,740,5,1231,1552,1216,952,398
2018,2,A,골목상권,2110713,구로보건소,8419,4749,3670,32,1131,1945,2180,1948,1183,17,461,1140,1303,1086,742,15,670,805,877,862,441
2018,2,A,골목상권,2110712,남구로역 5번,1941,782,1159,1,232,365,507,484,352,1,64,156,203,174,184,0,168,209,304,310,168
2018,2,A,골목상권,2110711,구로초등학교,9944,4754,5190,25,1772,2791,2202,2087,1067,15,534,1290,1097,1199,619,10,1238,1501,1105,888,448
2018,2,A,골목상권,2110710,남구로역 3번,44462,27326,17136,133,9325,14612,11073,6255,3064,74,4285,9306,7574,3895,2192,59,5040,5306,3499,2360,872
2018,2,A,골목상권,2110709,구로119안전센터,3795,1198,2597,1,956,1129,715,655,339,0,170,367,254,235,172,1,786,762,461,420,167
2018,2,A,골목상권,2110708,화원어린이공원,2620,1472,1148,20,397,532,648,575,448,16,193,307,355,326,275,4,204,225,293,249,173
2018,2,A,골목상권,2110707,구로창업지원센터,6746,4425,2321,15,622,1355,1735,1817,1202,11,342,842,1095,1215,920,4,280,513,640,602,282
2018,2,A,골목상권,2110706,그라운드 고척,4458,2661,1797,3,485,854,1048,1073,995,1,193,481,624,637,725,2,292,373,424,436,270
2018,2,A,골목상권,2110705,고산초등학교,4454,2675,1779,2,505,858,1080,1137,872,0,223,485,635,669,663,2,282,373,445,468,209
2018,2,A,골목상권,2110704,고척중학교,4242,2449,1793,3,491,811,1015,1059,863,1,210,446,567,576,649,2,281,365,448,483,214
2018,2,A,골목상권,2110703,개봉역,4737,2650,2087,3,502,920,1315,1269,728,2,227,515,696,726,484,1,275,405,619,543,244
2018,2,A,골목상권,2110702,개봉초등학교,4817,2453,2364,0,156,309,492,705,3155,0,47,122,198,286,1800,0,109,187,294,419,1355
2018,2,A,골목상권,2110701,고척동성당,2336,1259,1077,3,214,370,550,572,627,1,77,204,274,311,392,2,137,166,276,261,235
2018,2,A,골목상권,2110700,고척초등학교,4059,2211,1848,3,369,687,1052,1060,888,1,153,386,553,579,539,2,216,301,499,481,349
2018,2,A,골목상권,2110699,덕의초등학교,1464,710,754,0,147,254,393,392,278,0,59,130,157,191,173,0,88,124,236,201,105
2018,2,A,골목상권,2110698,개웅초등학교(개웅중학교),5024,2530,2494,1,180,335,510,794,3204,1,49,132,191,325,1832,0,131,203,319,469,1372
2018,2,A,골목상권,2110697,개봉3동주민센터,4473,2467,2006,1,113,282,394,592,3091,1,43,165,189,277,1792,0,70,117,205,315,1299
2018,2,A,골목상권,2110696,오류동역 1번,1855,864,991,1,245,321,487,457,344,1,68,125,210,228,232,0,177,196,277,229,112
2018,2,A,골목상권,2110695,개봉1동주민센터,2113,931,1182,1,186,334,611,583,398,1,57,161,261,245,206,0,129,173,350,338,192
2018,2,A,골목상권,2110694,세곡초등학교,1574,660,914,1,146,301,443,499,184,1,48,129,156,225,101,0,98,172,287,274,83
2018,2,A,골목상권,2110693,오류동역 4번,1903,975,928,9,200,280,436,522,456,5,83,164,184,214,325,4,117,116,252,308,131
2018,2,A,골목상권,2110692,큰굴다리,1495,702,793,2,184,288,370,388,263,1,62,158,164,169,148,1,122,130,206,219,115
2018,2,A,골목상권,2110691,개봉중학교,1442,526,916,1,180,259,354,425,223,1,46,112,119,148,100,0,134,147,235,277,123
2018,2,A,골목상권,2110690,오류2동버들시장,5075,2470,2605,17,523,941,1219,1367,1008,7,168,437,544,607,707,10,355,504,675,760,301
2018,2,A,골목상권,2110689,오류동역 3번,3307,1514,1793,14,380,571,784,886,672,5,125,304,327,331,422,9,255,267,457,555,250
2018,2,A,골목상권,2110688,오류지구대,2377,1344,1033,7,261,439,576,610,484,1,83,224,327,341,368,6,178,215,249,269,116
2018,2,A,골목상권,2110687,"천왕역 3번(오류2동주민센터, 서울오류남초등학교)",1566,807,759,3,149,361,409,414,230,2,54,168,206,206,171,1,95,193,203,208,59
2018,2,A,골목상권,2110686,수궁동주민센터,2820,1691,1129,2,263,534,722,759,540,0,97,289,453,451,401,2,166,245,269,308,139
2018,2,A,골목상권,2110685,금강수목원아파트,1465,981,484,0,121,225,355,442,322,0,50,135,225,296,275,0,71,90,130,146,47
2018,2,A,골목상권,2110684,서울공연예술고등학교,1352,667,685,1,110,300,376,403,162,0,32,152,208,193,82,1,78,148,168,210,80
2018,2,A,골목상권,2110683,오류고등학교,1243,632,611,1,102,288,359,352,141,0,31,146,199,176,80,1,71,142,160,176,61
2018,2,A,골목상권,2110682,온수역 8번,1848,1127,721,0,166,384,443,527,328,0,64,189,246,337,291,0,102,195,197,190,37
2018,2,A,골목상권,2110681,온수역 1번,2206,1479,727,0,234,443,486,642,401,0,117,264,299,458,341,0,117,179,187,184,60
2018,2,A,골목상권,2110680,온수역 5번(온수산업단지),2156,1594,562,8,225,441,452,596,434,8,136,300,308,448,394,0,89,141,144,148,40
2018,2,A,골목상권,2110679,염창역 2번,5010,3354,1656,8,582,1322,1416,1044,638,6,296,873,1008,697,474,2,286,449,408,347,164
2018,2,A,골목상권,2110678,염창무학아파트,3134,2136,998,8,373,809,754,665,525,6,207,566,523,436,398,2,166,243,231,229,127
2018,2,A,골목상권,2110677,등촌역 1번,9467,5536,3931,35,1664,2701,2396,1618,1053,18,609,1566,1534,1052,757,17,1055,1135,862,566,296
2018,2,A,골목상권,2110676,등촌역 7번,4257,2304,1953,18,611,1039,1082,947,560,13,218,570,604,516,383,5,393,469,478,431,177
2018,2,A,골목상권,2110675,화곡4동주민센터,2589,1104,1485,4,253,539,702,710,381,0,81,240,273,299,211,4,172,299,429,411,170
2018,2,A,골목상권,2110674,강서구청가양동별관,6139,3878,2261,40,1189,1702,1649,1084,475,23,655,1108,1085,684,323,17,534,594,564,400,152
2018,2,A,골목상권,2110673,뜸부기어린이공원,4235,1962,2273,9,528,914,1053,1043,688,0,190,434,519,431,388,9,338,480,534,612,300
2018,2,A,골목상권,2110672,백석중학교,1614,699,915,8,176,343,455,435,197,7,50,138,206,181,117,1,126,205,249,254,80
2018,2,A,골목상권,2110671,등촌1동주민센터,40482,18128,22354,233,5648,10091,11980,10307,2223,125,2765,6214,5152,2472,1400,108,2883,3877,6828,7835,823
2018,2,A,골목상권,2110670,신곡초등학교,1444,568,876,0,149,296,423,414,162,0,34,118,146,164,106,0,115,178,277,250,56
2018,2,A,골목상권,2110669,화곡보람2차아파트,4594,2700,1894,6,995,1237,1084,785,487,2,314,770,791,485,338,4,681,467,293,300,149
2018,2,A,골목상권,2110668,화곡2동주민센터,3318,1265,2053,4,404,655,832,882,541,0,124,298,333,272,238,4,280,357,499,610,303
2018,2,A,골목상권,2110667,가양역 10번,23239,7783,15456,135,2189,5042,7578,7443,852,69,1330,3159,2177,503,545,66,859,1883,5401,6940,307
2018,2,A,골목상권,2110666,KC대학교,4936,2983,1953,1,471,1204,1214,1351,695,0,207,639,707,921,509,1,264,565,507,430,186
2018,2,A,골목상권,2110665,곰달래도서관,4614,2273,2341,7,575,1010,1113,1172,737,1,245,543,562,521,401,6,330,467,551,651,336
2018,2,A,골목상권,2110664,강서구청옆,6896,3894,3002,11,756,1695,1805,1783,846,4,312,892,1044,1110,532,7,444,803,761,673,314
2018,2,A,골목상권,2110663,우장산롯데캐슬아파트앞,13773,7819,5954,22,1795,2848,3049,3927,2132,13,1004,1743,1900,2018,1141,9,791,1105,1149,1909,991
2018,2,A,골목상권,2110662,까치산역 1번,2995,1037,1958,5,357,570,739,777,547,0,105,229,279,197,227,5,252,341,460,580,320
2018,2,A,골목상권,2110661,강서새말어린이공원,5837,3328,2509,9,658,1479,1530,1506,655,5,272,782,875,977,417,4,386,697,655,529,238
2018,2,A,골목상권,2110660,등촌3동주민센터,34323,13550,20773,169,3644,7210,9924,10653,2723,89,2181,4536,3640,1864,1240,80,1463,2674,6284,8789,1483
2018,2,A,골목상권,2110659,화곡역 4번,3585,1317,2268,11,496,824,908,807,539,4,117,322,343,275,256,7,379,502,565,532,283
2018,2,A,골목상권,2110658,화곡초등학교,2952,1557,1395,5,256,522,728,760,681,4,83,254,382,402,432,1,173,268,346,358,249
2018,2,A,골목상권,2110657,양천향교역 5번,21884,13135,8749,67,3353,6173,6471,4022,1798,32,1368,3760,4563,2214,1198,35,1985,2413,1908,1808,600
2018,2,A,골목상권,2110656,까치산역 3번,4232,2163,2069,10,433,780,964,1234,811,5,181,414,537,593,433,5,252,366,427,641,378
2018,2,A,골목상권,2110655,발산역 5번,7969,3956,4013,47,1228,1688,1757,1687,1562,21,505,955,1011,730,734,26,723,733,746,957,828
2018,2,A,골목상권,2110654,까치산역 4번,3992,1794,2198,12,442,735,987,1096,720,7,156,341,470,452,368,5,286,394,517,644,352
2018,2,A,골목상권,2110653,화곡역 2번,3790,1519,2271,11,590,804,907,834,644,4,138,338,376,331,332,7,452,466,531,503,312
2018,2,A,골목상권,2110652,양천향교역 2번,6934,3744,3190,23,741,1440,1600,2059,1071,16,343,805,959,926,695,7,398,635,641,1133,376
2018,2,A,골목상권,2110651,화원중학교,2773,1336,1437,8,275,555,748,724,463,5,105,269,357,328,272,3,170,286,391,396,191
2018,2,A,골목상권,2110650,우장산힐스테이트,2261,1092,1169,20,305,360,546,582,448,11,120,176,262,254,269,9,185,184,284,328,179
2018,2,A,골목상권,2110649,우장산역 1번,3270,1319,1951,7,411,655,822,852,523,3,97,253,312,334,320,4,314,402,510,518,203
2018,2,A,골목상권,2110648,양천향교역 7번,20135,13237,6898,51,2961,5799,6336,3530,1458,28,1293,3780,4958,2175,1003,23,1668,2019,1378,1355,455
2018,2,A,골목상권,2110647,화곡역 5번,5288,2406,2882,15,634,1076,1410,1395,758,6,169,530,704,554,443,9,465,546,706,841,315
2018,2,A,골목상권,2110646,푸른들청소년도서관,5100,2091,3009,14,701,969,1247,1422,747,1,188,439,558,505,400,13,513,530,689,917,347
2018,2,A,골목상권,2110645,우장산역 4번,3995,1480,2515,10,509,869,1014,1074,519,3,125,310,350,418,274,7,384,559,664,656,245
2018,2,A,골목상권,2110644,신광명마을,3402,2313,1089,10,193,593,904,1011,691,5,108,389,572,684,555,5,85,204,332,327,136
2018,2,A,골목상권,2110643,강서구다솔마을,4113,2526,1587,5,458,984,1256,919,491,1,197,624,800,569,335,4,261,360,456,350,156
2018,2,A,골목상권,2110642,정곡초등학교,929,638,291,1,55,120,223,299,231,0,25,51,137,223,202,1,30,69,86,76,29
2018,2,A,골목상권,2110641,공항고등학교,2082,886,1196,4,164,351,485,534,544,3,63,170,222,229,199,1,101,181,263,305,345
2018,2,A,골목상권,2110640,방화역 1번,2775,1576,1199,3,205,504,693,814,556,0,56,176,368,568,408,3,149,328,325,246,148
2018,2,A,골목상권,2110639,신방화역 8번,3023,1489,1534,10,416,770,784,653,390,2,125,379,415,333,235,8,291,391,369,320,155
2018,2,A,골목상권,2110638,신방화역 2번,5348,2565,2783,9,676,1251,1345,1209,858,2,238,654,697,524,450,7,438,597,648,685,408
2018,2,A,골목상권,2110637,송정역 2번,2717,1725,992,5,282,498,673,703,556,0,127,272,411,469,446,5,155,226,262,234,110
2018,2,A,골목상권,2110636,방화역 2번,3488,1631,1857,3,347,713,894,885,646,0,138,348,449,372,324,3,209,365,445,513,322
2018,2,A,골목상권,2110635,공항시장역 3번,2683,1408,1275,6,387,602,700,588,400,0,133,284,385,328,278,6,254,318,315,260,122
2018,2,A,골목상권,2110634,송정역 3번,4197,2599,1598,10,438,847,1138,1050,714,1,184,487,711,680,536,9,254,360,427,370,178
2018,2,A,골목상권,2110633,개화산역 1번,2893,1459,1434,4,326,644,738,697,484,0,144,379,419,277,240,4,182,265,319,420,244
2018,2,A,골목상권,2110632,방화역 3번,6722,4610,2112,4,650,1626,1761,1925,756,0,405,1188,1223,1343,451,4,245,438,538,582,305
2018,2,A,골목상권,2110631,방화초등학교,3065,1771,1294,3,322,615,745,680,700,0,113,353,425,377,503,3,209,262,320,303,197
2018,2,A,골목상권,2110630,공항시장역 1번,40247,23187,17060,22,7152,12983,11202,7291,1597,8,2059,5934,7381,6424,1381,14,5093,7049,3821,867,216
2018,2,A,골목상권,2110629,송정역 4번,38967,22427,16540,24,7023,12761,10920,6966,1273,9,2026,5854,7233,6200,1105,15,4997,6907,3687,766,168
2018,2,A,골목상권,2110628,신목동역,2991,1966,1025,7,417,980,796,444,347,5,211,675,533,294,248,2,206,305,263,150,99
2018,2,A,골목상권,2110627,신정롯데캐슬아파트,3277,1435,1842,9,381,671,888,849,479,5,114,273,380,382,281,4,267,398,508,467,198
2018,2,A,골목상권,2110626,양화초등학교,4625,2929,1696,7,541,1295,1381,918,483,5,255,831,946,578,314,2,286,464,435,340,169
2018,2,A,골목상권,2110625,신정2동주민센터,6737,3543,3194,24,858,1617,1696,1807,735,20,405,786,826,1050,456,4,453,831,870,757,279
2018,2,A,골목상권,2110624,목동문화체육센터,680,299,381,1,42,126,211,186,114,1,18,52,75,85,68,0,24,74,136,101,46
2018,2,A,골목상권,2110623,갈산공원,920,489,431,5,112,209,228,221,145,2,50,113,104,114,106,3,62,96,124,107,39
2018,2,A,골목상권,2110622,달마을공원,3439,1900,1539,3,362,791,1041,832,410,0,120,395,663,469,253,3,242,396,378,363,157
2018,2,A,골목상권,2110621,목동역 5번,5358,2525,2833,23,987,1487,1240,916,705,12,289,683,666,468,407,11,698,804,574,448,298
2018,2,A,골목상권,2110620,목동보건지소,2493,1018,1475,2,228,535,674,694,360,2,88,219,239,259,211,0,140,316,435,435,149
2018,2,A,골목상권,2110619,목4동주민센터,2047,903,1144,6,263,433,475,459,411,1,78,173,204,194,253,5,185,260,271,265,158
2018,2,A,골목상권,2110618,강서고등학교,2918,1407,1511,5,284,569,715,753,592,1,118,274,315,339,360,4,166,295,400,414,232
2018,2,A,골목상권,2110617,등촌역 4번,3125,1502,1623,12,461,764,795,711,382,7,151,375,419,319,231,5,310,389,376,392,151
2018,2,A,골목상권,2110616,양목초등학교,4062,1964,2098,13,427,833,999,968,822,5,144,386,518,428,483,8,283,447,481,540,339
2018,2,A,골목상권,2110615,신서초등학교,4126,2113,2013,11,402,821,1020,969,903,4,135,394,523,478,579,7,267,427,497,491,324
2018,2,A,골목상권,2110614,목동로데오거리,4833,2232,2601,13,682,989,1121,1051,977,4,213,457,554,414,590,9,469,532,567,637,387
2018,2,A,골목상권,2110613,신정네거리역 4번,1922,842,1080,6,271,352,439,467,387,2,105,177,195,190,173,4,166,175,244,277,214
2018,2,A,골목상권,2110612,신정역 5번,5390,2529,2861,18,551,981,1226,1357,1257,10,204,487,572,563,693,8,347,494,654,794,564
2018,2,A,골목상권,2110611,신정역 1번,4872,2566,2306,11,505,919,1077,1244,1116,6,233,534,582,551,660,5,272,385,495,693,456
2018,2,A,골목상권,2110610,계남근린공원,1811,779,1032,3,166,345,499,503,295,0,72,179,210,164,154,3,94,166,289,339,141
2018,2,A,골목상권,2110609,신정네거리역 2번,1972,820,1152,4,219,350,525,521,353,1,64,138,214,222,181,3,155,212,311,299,172
2018,2,A,골목상권,2110608,신월2동주민센터,3448,1630,1818,1,308,625,830,1052,632,0,133,311,371,454,361,1,175,314,459,598,271
2018,2,A,골목상권,2110607,금빛새마을금고본점,1526,678,848,3,169,261,404,395,294,3,58,112,156,171,178,0,111,149,248,224,116
2018,2,A,골목상권,2110606,신한은행 신월동지점,3876,2281,1595,6,266,494,863,1197,1050,5,105,268,386,715,802,1,161,226,477,482,248
2018,2,A,골목상권,2110605,목동센트럴아이파크앞,2435,1373,1062,4,198,313,539,580,801,3,79,163,217,265,646,1,119,150,322,315,155
2018,2,A,골목상권,2110604,신월4동주민센터,3820,2408,1412,2,230,535,808,1261,984,0,103,307,408,800,790,2,127,228,400,461,194
2018,2,A,골목상권,2110603,지향초등학교,3806,2537,1269,8,203,485,850,1231,1029,3,84,248,493,820,889,5,119,237,357,411,140
2018,2,A,골목상권,2110602,신월시영아파트중문,3069,1934,1135,5,202,367,686,962,847,3,82,211,338,627,673,2,120,156,348,335,174
2018,2,A,골목상권,2110601,신월1동우편취급국,3458,1992,1466,9,291,571,853,1076,658,7,127,334,481,617,426,2,164,237,372,459,232
2018,2,A,골목상권,2110600,신월7동주민센터,3471,2383,1088,4,171,379,733,1196,988,3,67,225,412,873,803,1,104,154,321,323,185
2018,2,A,골목상권,2110599,신월1파출소,2669,1337,1332,7,210,454,713,829,456,5,90,221,347,417,257,2,120,233,366,412,199
2018,2,A,골목상권,2110598,신월문화체육센터,3564,2381,1183,2,313,540,843,1055,811,1,212,357,484,695,632,1,101,183,359,360,179
2018,2,A,골목상권,2110597,신월1동주민센터,4430,2473,1957,6,357,719,983,1025,1340,4,118,334,426,466,1125,2,239,385,557,559,215
2018,2,A,골목상권,2110596,서서울호수공원,2818,1656,1162,6,190,419,705,947,551,5,80,224,383,587,377,1,110,195,322,360,174
2018,2,A,골목상권,2110595,메디힐병원,4317,2369,1948,4,393,704,963,977,1276,4,123,305,412,431,1094,0,270,399,551,546,182
2018,2,A,골목상권,2110594,신월중학교,1478,493,985,0,199,297,435,397,150,0,49,81,131,146,86,0,150,216,304,251,64
2018,2,A,골목상권,2110593,신월3동주민센터,3633,2269,1364,2,235,478,710,846,1362,2,73,214,335,469,1176,0,162,264,375,377,186
2018,2,A,골목상권,2110592,서울금융고등학교,3337,2169,1168,2,205,407,622,788,1313,2,61,171,306,468,1161,0,144,236,316,320,152
2018,2,A,골목상권,2110591,충정로역 6번,12541,7529,5012,5,2327,4477,2938,1628,1166,0,1091,2563,1900,1072,903,5,1236,1914,1038,556,263
2018,2,A,골목상권,2110590,만리재,2875,1130,1745,1,438,717,779,675,265,1,58,234,345,337,155,0,380,483,434,338,110
2018,2,A,골목상권,2110589,애오개역 3번,3592,1665,1927,2,580,1202,1088,538,182,1,216,548,548,234,118,1,364,654,540,304,64
2018,2,A,골목상권,2110588,한겨레신문사,4753,2190,2563,10,960,1136,1252,973,422,3,337,483,579,530,258,7,623,653,673,443,164
2018,2,A,골목상권,2110587,공덕동주민센터,8473,4053,4420,12,1433,2273,2419,1654,682,4,524,1005,1167,925,428,8,909,1268,1252,729,254
2018,2,A,골목상권,2110586,서울서부지방법원,23900,12932,10968,56,4208,6795,6098,4718,2025,27,1685,3840,3662,2577,1141,29,2523,2955,2436,2141,884
2018,2,A,골목상권,2110585,마포경찰서,12188,6843,5345,26,2041,3460,2858,2526,1277,6,988,2075,1788,1320,666,20,1053,1385,1070,1206,611
2018,2,A,골목상권,2110584,아현역 4번,1815,728,1087,13,254,485,470,334,259,5,55,154,186,158,170,8,199,331,284,176,89
2018,2,A,골목상권,2110583,공덕래미안3차아파트,14882,7866,7016,31,2576,4077,3625,3321,1252,12,1034,2225,2127,1724,744,19,1542,1852,1498,1597,508
2018,2,A,골목상권,2110582,이대역 5번,1820,725,1095,20,332,505,414,318,231,6,79,196,168,149,127,14,253,309,246,169,104
2018,2,A,골목상권,2110581,염리초등학교,17296,9748,7548,116,2935,4707,4286,3254,1998,44,1291,2885,2767,1593,1168,72,1644,1822,1519,1661,830
2018,2,A,골목상권,2110580,양원초등학교,2523,1293,1230,3,327,684,633,555,321,0,103,289,358,345,198,3,224,395,275,210,123
2018,2,A,골목상권,2110579,마포역 4번,9564,5779,3785,5,1483,2623,2313,1794,1346,0,630,1539,1545,1128,937,5,853,1084,768,666,409
2018,2,A,골목상권,2110578,대흥역 2번,11544,7409,4135,96,1749,3263,3105,2127,1204,38,949,2081,2194,1326,821,58,800,1182,911,801,383
2018,2,A,골목상권,2110577,용강동주민센터,10461,6327,4134,95,1873,3104,2849,1633,907,40,790,1894,1944,1039,620,55,1083,1210,905,594,287
2018,2,A,골목상권,2110576,대흥역 3번,10340,6676,3664,94,1681,2892,2720,1835,1118,38,920,1927,1951,1099,741,56,761,965,769,736,377
2018,2,A,골목상권,2110575,대흥동주민센터,4384,2210,2174,17,710,1229,1010,881,537,7,230,595,561,506,311,10,480,634,449,375,226
2018,2,A,골목상권,2110574,서강대학교,3616,2046,1570,6,389,973,992,812,444,0,154,456,604,517,315,6,235,517,388,295,129
2018,2,A,골목상권,2110573,신촌역 6번,3864,1981,1883,24,672,1157,899,693,419,10,199,554,526,429,263,14,473,603,373,264,156
2018,2,A,골목상권,2110572,서강대역 1번,8525,4478,4047,35,1365,2277,2076,1677,1095,12,462,1147,1226,961,670,23,903,1130,850,716,425
2018,2,A,골목상권,2110571,신수동주민센터,5230,2952,2278,15,706,1406,1430,993,680,7,296,769,844,571,465,8,410,637,586,422,215
2018,2,A,골목상권,2110570,KB국민은행 서강지점,2617,1448,1169,11,311,703,748,458,386,6,134,382,429,252,245,5,177,321,319,206,141
2018,2,A,골목상권,2110569,홍대땡땡거리,10409,5333,5076,41,2266,2639,2523,1934,1006,17,1050,1544,1358,854,510,24,1216,1095,1165,1080,496
2018,2,A,골목상권,2110568,광흥창역 1번,2476,1254,1222,6,408,644,601,458,359,2,125,298,346,265,218,4,283,346,255,193,141
2018,2,A,골목상권,2110567,광흥창역 6번,4253,1966,2287,9,619,830,859,788,1148,3,172,329,484,436,542,6,447,501,375,352,606
2018,2,A,골목상권,2110566,경의선책거리,20694,10753,9941,76,4698,5261,4988,3665,2006,38,1951,2954,2794,1744,1272,38,2747,2307,2194,1921,734
2018,2,A,골목상권,2110565,홍익대,6813,4292,2521,20,1492,1824,1542,1096,839,9,706,1156,1074,754,593,11,786,668,468,342,246
2018,2,A,골목상권,2110564,홍대입구역 3번,10984,5153,5831,41,2754,3025,2491,1662,1011,21,952,1545,1311,696,628,20,1802,1480,1180,966,383
2018,2,A,골목상권,2110563,상수역 3번,3929,2004,1925,16,795,1009,685,488,936,10,370,595,441,231,357,6,425,414,244,257,579
2018,2,A,골목상권,2110562,연트럴파크(연남동주민센터),6863,3982,2881,21,1509,2115,1582,953,683,9,697,1276,1008,541,451,12,812,839,574,412,232
2018,2,A,골목상권,2110561,상수역 4번,6286,3632,2654,27,1861,2022,1295,729,352,17,800,1214,858,495,248,10,1061,808,437,234,104
2018,2,A,골목상권,2110560,마포FM,12088,6867,5221,33,2120,3012,2530,2135,2258,16,742,1669,1641,1192,1607,17,1378,1343,889,943,651
2018,2,A,골목상권,2110559,성산중학교,8806,4829,3977,34,2325,2781,1909,1171,586,15,894,1546,1205,770,399,19,1431,1235,704,401,187
2018,2,A,골목상권,2110558,경성고등학교,9135,5848,3287,21,1161,1896,1825,1568,2664,10,451,1021,1084,932,2350,11,710,875,741,636,314
2018,2,A,골목상권,2110557,홍대부속여중고앞,14390,8489,5901,44,2524,3685,3151,2297,2689,21,895,1984,1999,1441,2149,23,1629,1701,1152,856,540
2018,2,A,골목상권,2110556,절두산순교성지,2632,1686,946,1,464,806,624,534,203,0,177,497,447,406,159,1,287,309,177,128,44
2018,2,A,골목상권,2110555,홍익지구대,7829,4477,3352,37,1699,2497,1920,1098,578,14,721,1453,1278,668,343,23,978,1044,642,430,235
2018,2,A,골목상권,2110554,망원역 1번,14123,7013,7110,48,2724,3406,2928,2191,2826,20,1110,1806,1653,984,1440,28,1614,1600,1275,1207,1386
2018,2,A,골목상권,2110553,가좌역 2번,3925,2487,1438,9,359,653,822,840,1242,5,116,340,457,516,1053,4,243,313,365,324,189
2018,2,A,골목상권,2110552,성미산체육관,6711,4547,2164,12,679,1185,1186,1209,2440,6,249,640,722,754,2176,6,430,545,464,455,264
2018,2,A,골목상권,2110551,성서초등학교,6906,3597,3309,22,1230,1389,1446,1333,1486,13,517,732,737,561,1037,9,713,657,709,772,449
2018,2,A,골목상권,2110550,합정역 8번,12738,6944,5794,46,2549,4223,3333,1729,858,14,906,2266,2140,1090,528,32,1643,1957,1193,639,330
2018,2,A,골목상권,2110549,새터산,5169,3186,1983,11,572,919,1158,1065,1444,5,211,499,682,607,1182,6,361,420,476,458,262
2018,2,A,골목상권,2110548,마포구청역 4번,7023,3275,3748,23,755,1208,1427,1905,1705,14,295,655,877,751,683,9,460,553,550,1154,1022
2018,2,A,골목상권,2110547,KB국민은행 망원동지점,7823,4135,3688,28,1451,1551,1643,1546,1604,16,580,823,896,709,1111,12,871,728,747,837,493
2018,2,A,골목상권,2110546,양화대교북단,5529,2798,2731,23,1128,1946,1543,619,270,6,309,941,966,406,170,17,819,1005,577,213,100
2018,2,A,골목상권,2110545,마포구청역 1번,8147,3584,4563,17,667,1378,1622,2500,1963,9,243,615,883,1063,771,8,424,763,739,1437,1192
2018,2,A,골목상권,2110544,망리단길,10633,5703,4930,30,1934,2369,2393,1989,1918,15,797,1307,1376,912,1296,15,1137,1062,1017,1077,622
2018,2,A,골목상권,2110543,중암중학교,2079,1405,674,3,105,230,348,579,814,3,45,100,170,369,718,0,60,130,178,210,96
2018,2,A,골목상권,2110542,마포구청역 7번,6298,2871,3427,19,595,949,1193,1800,1742,11,231,521,720,674,714,8,364,428,473,1126,1028
2018,2,A,골목상권,2110541,동교초등학교,2474,1316,1158,1,352,598,667,529,327,0,151,337,363,253,212,1,201,261,304,276,115
2018,2,A,골목상권,2110540,망원나들목체육관,1117,699,418,0,146,246,280,266,179,0,63,168,192,146,130,0,83,78,88,120,49
2018,2,A,골목상권,2110539,미근동,48316,27162,21154,88,7649,15290,14121,9210,1958,20,2727,7961,8188,6945,1321,68,4922,7329,5933,2265,637
2018,2,A,골목상권,2110538,충정로역 3번,19465,11776,7689,15,3151,6209,4949,3255,1886,7,1517,3699,3222,2030,1301,8,1634,2510,1727,1225,585
2018,2,A,골목상권,2110537,충정로현대아파트,36831,20969,15862,61,5780,12025,10298,6912,1755,14,2256,6548,5800,5080,1271,47,3524,5477,4498,1832,484
2018,2,A,골목상권,2110536,돈의문센트레빌아파트입구,24935,13013,11922,54,4053,7866,7235,5059,668,10,1249,3782,3641,3859,472,44,2804,4084,3594,1200,196
2018,2,A,골목상권,2110535,영천시장입구,1694,767,927,3,229,320,444,468,230,1,92,123,187,220,144,2,137,197,257,248,86
2018,2,A,골목상권,2110534,경기대학교,8326,5121,3205,6,1190,2771,2160,1253,946,1,515,1546,1425,872,762,5,675,1225,735,381,184
2018,2,A,골목상권,2110533,충정로역 7번,10390,6510,3880,5,1726,3733,2439,1424,1063,0,878,2261,1675,911,785,5,848,1472,764,513,278
2018,2,A,골목상권,2110532,아현역 2번,3220,1796,1424,2,310,572,648,821,867,0,92,233,357,471,643,2,218,339,291,350,224
2018,2,A,골목상권,2110531,홍지문,1764,787,977,2,322,415,461,392,172,2,85,175,241,188,96,0,237,240,220,204,76
2018,2,A,골목상권,2110530,아현역 1번,1466,595,871,7,207,364,386,291,211,5,45,107,157,141,140,2,162,257,229,150,71
2018,2,A,골목상권,2110529,홍제3동주민센터,2333,914,1419,5,318,475,563,519,453,3,93,147,192,215,264,2,225,328,371,304,189
2018,2,A,골목상권,2110528,서울여자간호대학교,1454,624,830,1,134,250,382,337,350,1,41,80,136,137,229,0,93,170,246,200,121
2018,2,A,골목상권,2110527,홍제역 2번,2659,1006,1653,8,386,528,682,618,437,6,105,190,239,247,219,2,281,338,443,371,218
2018,2,A,골목상권,2110526,봉원사,15829,5915,9914,8,3641,5103,3847,2512,718,5,834,1599,1504,1469,504,3,2807,3504,2343,1043,214
2018,2,A,골목상권,2110525,홍은종합사회복지관,1620,684,936,4,178,310,395,354,379,2,60,100,137,150,235,2,118,210,258,204,144
2018,2,A,골목상권,2110524,연희세브란스병원,13076,4971,8105,9,3289,4374,3068,1861,475,5,793,1429,1224,1146,374,4,2496,2945,1844,715,101
2018,2,A,골목상권,2110523,홍제성원아파트,669,269,400,4,85,174,167,153,86,4,19,67,66,56,57,0,66,107,101,97,29
2018,2,A,골목상권,2110522,홍제역 3번,1648,640,1008,4,250,375,417,369,233,4,60,142,152,150,132,0,190,233,265,219,101
2018,2,A,골목상권,2110521,홍제역 4번,2087,729,1358,4,339,479,527,444,294,2,89,165,176,179,118,2,250,314,351,265,176
2018,2,A,골목상권,2110520,경의중앙 신촌역,16933,6695,10238,43,4390,5396,3721,2445,938,23,1187,1961,1557,1377,590,20,3203,3435,2164,1068,348
2018,2,A,골목상권,2110519,서대문구보건소별관,1435,658,777,0,214,326,369,372,154,0,51,144,180,182,101,0,163,182,189,190,53
2018,2,A,골목상권,2110518,서대문구청,3829,1808,2021,2,475,970,964,988,430,2,154,377,417,603,255,0,321,593,547,385,175
2018,2,A,골목상권,2110517,서대문소방서,1900,1035,865,2,256,492,460,440,250,2,110,293,254,247,129,0,146,199,206,193,121
2018,2,A,골목상권,2110516,정원여중,1279,625,654,0,201,297,334,316,131,0,50,145,175,169,86,0,151,152,159,147,45
2018,2,A,골목상권,2110515,홍은중학교,617,383,234,0,76,161,179,140,61,0,23,97,120,95,48,0,53,64,59,45,13
2018,2,A,골목상권,2110514,서대문우체국,19612,8344,11268,44,4619,5713,4775,3352,1109,25,1553,2265,2102,1731,668,19,3066,3448,2673,1621,441
2018,2,A,골목상권,2110513,연희파출소,2788,1581,1207,27,463,741,646,553,358,26,202,436,371,316,230,1,261,305,275,237,128
2018,2,A,골목상권,2110512,연희지하차도,4539,2278,2261,2,514,1066,1125,1215,617,2,170,429,510,757,410,0,344,637,615,458,207
2018,2,A,골목상권,2110511,연희초등학교,15526,6347,9179,33,3657,4846,3596,2434,960,28,946,1710,1501,1443,719,5,2711,3136,2095,991,241
2018,2,A,골목상권,2110510,홍연시장,1478,771,707,0,124,216,351,461,326,0,35,112,175,250,199,0,89,104,176,211,127
2018,2,A,골목상권,2110509,연희대우아파트앞,18250,7739,10511,18,4304,5776,4401,2747,1004,7,1237,2188,1943,1603,761,11,3067,3588,2458,1144,243
2018,2,A,골목상권,2110508,서연중학교,3657,2192,1465,31,568,928,840,725,565,24,253,593,506,410,406,7,315,335,334,315,159
2018,2,A,골목상권,2110507,명지대학교,2400,1214,1186,5,280,503,593,659,360,3,95,245,293,337,241,2,185,258,300,322,119
2018,2,A,골목상권,2110506,연희임광아파트,3129,1834,1295,10,589,852,691,576,411,3,268,551,412,309,291,7,321,301,279,267,120
2018,2,A,골목상권,2110505,홍남교남측,1044,641,403,0,103,184,272,281,204,0,29,94,166,191,161,0,74,90,106,90,43
2018,2,A,골목상권,2110504,명지전문대,1608,857,751,1,189,321,384,458,255,1,72,129,198,278,179,0,117,192,186,180,76
2018,2,A,골목상권,2110503,명지대학교교회,2459,1290,1169,7,338,504,592,657,361,3,133,237,295,375,247,4,205,267,297,282,114
2018,2,A,골목상권,2110502,남가좌파출소,1646,812,834,4,203,328,443,424,244,2,53,137,214,228,178,2,150,191,229,196,66
2018,2,A,골목상권,2110501,연희어린이공원,2471,1425,1046,8,470,755,589,377,272,1,192,475,376,201,180,7,278,280,213,176,92
2018,2,A,골목상권,2110500,남가좌동현대아파트,691,301,390,1,101,152,188,161,88,0,25,56,82,77,61,1,76,96,106,84,27
2018,2,A,골목상권,2110499,연가초등학교,1923,869,1054,4,159,320,503,582,355,1,50,120,195,275,228,3,109,200,308,307,127
2018,2,A,골목상권,2110498,증산역 1번,3238,1640,1598,8,345,516,774,865,730,7,154,252,365,418,444,1,191,264,409,447,286
2018,2,A,골목상권,2110497,가좌역 3번,1532,810,722,9,235,313,404,367,204,5,68,135,230,241,131,4,167,178,174,126,73
2018,2,A,골목상권,2110496,모래내우체국,2199,943,1256,6,229,390,584,597,393,3,83,165,248,265,179,3,146,225,336,332,214
2018,2,A,골목상권,2110495,북가좌2동주민센터,3275,1756,1519,11,321,577,829,898,639,8,136,304,441,480,387,3,185,273,388,418,252
2018,2,A,골목상권,2110494,증산3교남측,1320,845,475,3,102,215,336,364,300,2,53,118,191,224,257,1,49,97,145,140,43
2018,2,A,골목상권,2110493,북가좌초등학교,2364,1638,726,3,147,283,416,627,888,3,52,137,226,436,784,0,95,146,190,191,104
2018,2,A,골목상권,2110492,하나고등학교,796,431,365,1,70,105,160,279,181,0,45,64,107,139,76,1,25,41,53,140,105
2018,2,A,골목상권,2110491,불광중학교,575,164,411,0,50,115,173,165,72,0,13,28,42,43,38,0,37,87,131,122,34
2018,2,A,골목상권,2110490,녹번동근린공원,7044,3457,3587,11,838,1814,1846,1652,883,5,283,771,889,948,561,6,555,1043,957,704,322
2018,2,A,골목상권,2110489,불광역 3번,3259,1423,1836,10,498,958,857,629,307,5,168,400,420,276,154,5,330,558,437,353,153
2018,2,A,골목상권,2110488,우리은행응암동지점,5470,2572,2898,6,538,1136,1444,1457,889,3,179,428,615,765,582,3,359,708,829,692,307
2018,2,A,골목상권,2110487,불광역 8번,2923,1188,1735,8,428,788,761,587,351,3,152,334,332,214,153,5,276,454,429,373,198
2018,2,A,골목상권,2110486,은평구청,5504,2604,2900,6,532,1120,1472,1445,929,3,175,434,640,764,588,3,357,686,832,681,341
2018,2,A,골목상권,2110485,연신내우체국,1124,370,754,3,109,229,337,299,147,3,29,85,100,90,63,0,80,144,237,209,84
2018,2,A,골목상권,2110484,역촌역 3번,7799,3667,4132,15,806,1673,2023,2027,1255,8,291,688,892,1042,746,7,515,985,1131,985,509
2018,2,A,골목상권,2110483,연천초등학교,1459,531,928,5,228,254,357,346,269,3,64,100,118,122,124,2,164,154,239,224,145
2018,2,A,골목상권,2110482,연신초등학교,1336,740,596,3,138,325,418,348,104,3,63,209,218,193,54,0,75,116,200,155,50
2018,2,A,골목상권,2110481,불광역 7번,3034,1195,1839,9,351,575,816,759,524,3,138,249,321,252,232,6,213,326,495,507,292
2018,2,A,골목상권,2110480,연신내역 3번,2179,877,1302,8,324,395,527,502,423,3,91,156,205,198,224,5,233,239,322,304,199
2018,2,A,골목상권,2110479,연신내역 2번,2804,973,1831,11,475,524,749,599,446,7,125,192,247,201,201,4,350,332,502,398,245
2018,2,A,골목상권,2110478,응암1동주민센터,6208,2918,3290,11,612,1262,1585,1670,1068,5,200,505,694,846,668,6,412,757,891,824,400
2018,2,A,골목상권,2110477,은평세무서,6995,3375,3620,12,687,1390,1801,1860,1245,5,241,597,823,962,747,7,446,793,978,898,498
2018,2,A,골목상권,2110476,역촌역 2번,1194,515,679,2,119,218,336,341,178,2,44,99,142,132,96,0,75,119,194,209,82
2018,2,A,골목상권,2110475,백련산해모로아파트,2514,1050,1464,8,325,545,650,600,386,4,104,240,275,230,197,4,221,305,375,370,189
2018,2,A,골목상권,2110474,세명컴퓨터고등학교,2182,1046,1136,7,328,499,594,505,249,3,124,260,245,264,150,4,204,239,349,241,99
2018,2,A,골목상권,2110473,구산역 1번,4098,1481,2617,15,558,787,1061,1036,641,5,150,311,416,317,282,10,408,476,645,719,359
2018,2,A,골목상권,2110472,연신내역 4번,3614,1459,2155,16,605,704,864,786,639,7,171,314,363,288,316,9,434,390,501,498,323
2018,2,A,골목상권,2110471,응암동우체국,2674,1172,1502,4,328,489,713,705,435,4,131,177,300,318,242,0,197,312,413,387,193
2018,2,A,골목상권,2110470,신진과학기술고등학교,2421,1078,1343,10,360,532,617,523,379,6,128,253,276,202,213,4,232,279,341,321,166
2018,2,A,골목상권,2110469,응암정보도서관,4033,1957,2076,4,456,640,1009,1165,759,3,182,251,454,589,478,1,274,389,555,576,281
2018,2,A,골목상권,2110468,응암역 3번,5279,2466,2813,8,607,1032,1261,1310,1061,3,208,506,604,576,569,5,399,526,657,734,492
2018,2,A,골목상권,2110467,은평요양병원,1570,862,708,4,201,342,397,395,231,1,105,202,199,226,129,3,96,140,198,169,102
2018,2,A,골목상권,2110466,구산역 2번,2968,1146,1822,11,358,583,760,764,492,4,88,233,321,234,266,7,270,350,439,530,226
2018,2,A,골목상권,2110465,연신내역 7번,3332,1350,1982,17,531,717,813,705,549,7,158,319,295,284,287,10,373,398,518,421,262
2018,2,A,골목상권,2110464,연신내역 5번,2884,1159,1725,10,440,635,712,634,453,6,122,289,280,236,226,4,318,346,432,398,227
2018,2,A,골목상권,2110463,응암3동주민센터,1946,791,1155,5,273,409,475,479,305,4,115,174,187,171,140,1,158,235,288,308,165
2018,2,A,골목상권,2110462,갈현건영아파트,1389,788,601,4,168,301,344,374,198,1,97,187,174,209,120,3,71,114,170,165,78
2018,2,A,골목상권,2110461,새절역 2번,1863,928,935,4,252,348,406,476,377,3,111,167,195,228,224,1,141,181,211,248,153
2018,2,A,골목상권,2110460,구산역 4번,4487,2037,2450,14,441,718,1097,1393,824,6,105,304,478,714,430,8,336,414,619,679,394
2018,2,A,골목상권,2110459,응암역 2번,3462,1579,1883,6,435,725,825,840,631,2,149,349,367,375,337,4,286,376,458,465,294
2018,2,A,골목상권,2110458,선일여고,1967,854,1113,5,200,464,482,448,368,1,70,221,188,165,209,4,130,243,294,283,159
2018,2,A,골목상권,2110457,예일여고,3809,1727,2082,13,360,590,909,1287,650,5,82,246,389,675,330,8,278,344,520,612,320
2018,2,A,골목상권,2110456,구산보건지소,2533,1061,1472,8,295,525,624,658,423,1,92,226,274,235,233,7,203,299,350,423,190
2018,2,A,골목상권,2110455,역촌노인복지관,3047,1461,1586,5,309,558,738,777,660,1,109,268,352,358,373,4,200,290,386,419,287
2018,2,A,골목상권,2110454,선정중학교,2856,1608,1248,6,208,464,651,989,538,3,52,205,320,668,360,3,156,259,331,321,178
2018,2,A,골목상권,2110453,신사1동주민센터,2925,1261,1664,6,374,602,727,726,490,4,141,275,312,296,233,2,233,327,415,430,257
2018,2,A,골목상권,2110452,새절역 3번,2273,1070,1203,3,253,375,486,586,570,2,109,181,223,275,280,1,144,194,263,311,290
2018,2,A,골목상권,2110451,증산역 4번,2773,1576,1197,3,229,352,568,755,866,3,102,175,306,461,529,0,127,177,262,294,337
2018,2,A,골목상권,2110450,시립서북병원,3550,1282,2268,2,462,784,878,961,463,0,141,291,337,308,205,2,321,493,541,653,258
2018,2,A,골목상권,2110449,증산역 3번,2110,1204,906,6,195,365,545,586,413,5,83,193,303,343,277,1,112,172,242,243,136
2018,2,A,골목상권,2110448,상신초등학교입구,1002,444,558,1,76,193,323,231,178,0,25,94,146,96,83,1,51,99,177,135,95
2018,2,A,골목상권,2110447,구산초등학교,1541,1036,505,2,58,114,287,661,419,0,16,40,166,532,282,2,42,74,121,129,137
2018,2,A,골목상권,2110446,내를건너서숲으로도서관,982,456,526,1,63,133,230,257,298,0,22,66,106,136,126,1,41,67,124,121,172
2018,2,A,골목상권,2110445,덕산중학교,903,333,570,1,112,212,247,217,114,0,26,70,111,70,56,1,86,142,136,147,58
2018,2,A,골목상권,2110444,수색성당,3247,2113,1134,15,356,497,607,771,1001,9,91,221,347,538,907,6,265,276,260,233,94
2018,2,A,골목상권,2110443,수색역 1번,1362,694,668,11,210,223,222,245,451,6,34,67,105,129,353,5,176,156,117,116,98
2018,2,A,골목상권,2110442,화랑대철도공원,1245,417,828,1,194,256,360,326,108,1,28,70,127,136,55,0,166,186,233,190,53
2018,2,A,골목상권,2110441,영신여고,1146,462,684,0,89,239,300,315,203,0,25,77,108,123,129,0,64,162,192,192,74
2018,2,A,골목상권,2110440,상계3동4동주민센터,463,206,257,1,59,89,143,117,54,0,14,49,67,43,33,1,45,40,76,74,21
2018,2,A,골목상권,2110439,당고개역 5번,2492,1541,951,1,110,188,451,785,957,0,33,100,282,540,586,1,77,88,169,245,371
2018,2,A,골목상권,2110438,경춘선숲길 우측,3434,1519,1915,0,484,863,948,799,340,0,132,380,423,371,213,0,352,483,525,428,127
2018,2,A,골목상권,2110437,당고개역 2번,2898,1693,1205,1,155,232,558,904,1048,0,49,111,313,596,624,1,106,121,245,308,424
2018,2,A,골목상권,2110436,상계제일중학교,2242,914,1328,9,195,433,546,637,422,3,62,200,230,240,179,6,133,233,316,397,243
2018,2,A,골목상권,2110435,서울과학기술대,2772,1683,1089,6,382,730,613,705,336,4,187,395,381,456,260,2,195,335,232,249,76
2018,2,A,골목상권,2110434,태릉입구역 4번,5068,2218,2850,7,571,938,1257,1431,864,4,215,495,565,541,398,3,356,443,692,890,466
2018,2,A,골목상권,2110433,공릉역 2번,6084,3385,2699,11,676,1110,1529,1641,1117,6,287,705,848,810,729,5,389,405,681,831,388
2018,2,A,골목상권,2110432,대진고등학교,5163,2673,2490,8,935,1340,1139,1169,572,6,316,653,620,706,372,2,619,687,519,463,200
2018,2,A,골목상권,2110431,상계역,2372,893,1479,6,242,425,575,671,453,1,84,200,227,217,164,5,158,225,348,454,289
2018,2,A,골목상권,2110430,중계초등학교,1683,628,1055,4,176,291,422,490,300,0,49,130,154,166,129,4,127,161,268,324,171
2018,2,A,골목상권,2110429,공릉동 국수거리,7969,4206,3763,16,927,1490,1866,2032,1638,9,391,899,1004,981,922,7,536,591,862,1051,716
2018,2,A,골목상권,2110428,상계5동주민센터,3509,1633,1876,7,284,470,755,911,1082,1,116,252,327,395,542,6,168,218,428,516,540
2018,2,A,골목상권,2110427,노원 을지대학교병원,4148,2062,2086,9,834,1115,905,874,411,5,263,514,472,529,279,4,571,601,433,345,132
2018,2,A,골목상권,2110426,상계2동주민센터,3691,1437,2254,7,438,702,905,1027,612,4,128,284,331,384,306,3,310,418,574,643,306
2018,2,A,골목상권,2110425,계상초등학교,3828,1587,2241,9,370,582,870,990,1007,2,119,284,331,362,489,7,251,298,539,628,518
2018,2,A,골목상권,2110424,상계초등학교,3756,1384,2372,10,474,685,898,1031,658,7,158,310,317,337,255,3,316,375,581,694,403
2018,2,A,골목상권,2110423,석계역 2번,2423,1080,1343,6,326,506,648,547,390,3,91,229,301,249,207,3,235,277,347,298,183
2018,2,A,골목상권,2110422,노원역 9번,2808,999,1809,14,444,537,668,750,395,4,133,215,226,247,174,10,311,322,442,503,221
2018,2,A,골목상권,2110421,석계역 1번,2235,1162,1073,5,267,312,538,632,481,2,94,155,276,327,308,3,173,157,262,305,173
2018,2,A,골목상권,2110420,광운대역 1번,1509,801,708,4,183,363,430,369,160,3,55,172,252,219,100,1,128,191,178,150,60
2018,2,A,골목상권,2110419,수락산디자인거리,4808,2756,2052,8,384,730,1107,1187,1392,5,146,394,552,641,1018,3,238,336,555,546,374
2018,2,A,골목상권,2110418,광운대학교 남단,2042,1131,911,4,228,382,512,565,351,2,77,173,288,332,259,2,151,209,224,233,92
2018,2,A,골목상권,2110417,월계역 3번,1457,722,735,3,160,209,377,454,254,3,68,113,184,228,126,0,92,96,193,226,128
2018,2,A,골목상권,2110416,노원초등학교,3035,1750,1285,7,238,428,649,716,997,5,109,248,297,367,724,2,129,180,352,349,273
2018,2,A,골목상권,2110415,수락산역 4번,4660,2250,2410,9,442,865,1172,1128,1044,5,178,480,561,531,495,4,264,385,611,597,549
2018,2,A,골목상권,2110414,장석교회,1211,725,486,5,104,185,260,356,301,0,38,79,145,224,239,5,66,106,115,132,62
2018,2,A,골목상권,2110413,누원고등학교,1369,653,716,5,111,210,317,377,349,2,39,98,128,169,217,3,72,112,189,208,132
2018,2,A,골목상권,2110412,창동중학교,1843,1340,503,3,101,191,312,643,593,0,34,73,176,495,562,3,67,118,136,148,31
2018,2,A,골목상권,2110411,도봉역 3번,3560,1977,1583,5,304,647,872,904,828,3,133,299,464,533,545,2,171,348,408,371,283
2018,2,A,골목상권,2110410,방학역 2번,6010,3182,2828,23,625,919,1197,1378,1868,12,266,453,569,688,1194,11,359,466,628,690,674
2018,2,A,골목상권,2110409,창동역 2번,4928,2335,2593,9,597,1238,1288,1256,540,4,180,575,615,657,304,5,417,663,673,599,236
2018,2,A,골목상권,2110408,가인초등학교,3465,1884,1581,8,388,661,840,923,645,4,132,397,456,504,391,4,256,264,384,419,254
2018,2,A,골목상권,2110407,도봉역 2번,4353,2460,1893,12,357,752,1014,1234,984,9,125,333,520,752,721,3,232,419,494,482,263
2018,2,A,골목상권,2110406,도봉산역 1번,1818,1217,601,4,103,208,470,660,373,3,42,134,286,482,270,1,61,74,184,178,103
2018,2,A,골목상권,2110405,방학역 1번,3363,1852,1511,20,393,557,785,920,688,10,181,292,418,502,449,10,212,265,367,418,239
2018,2,A,골목상권,2110404,신창초등학교,2850,1355,1495,19,272,498,738,901,422,12,90,196,312,465,280,7,182,302,426,436,142
2018,2,A,골목상권,2110403,방학1동주민센터,3507,1760,1747,15,418,656,843,950,625,5,173,372,437,460,313,10,245,284,406,490,312
2018,2,A,골목상권,2110402,도봉구 정병원,3361,1556,1805,9,394,573,814,935,636,3,125,313,390,411,314,6,269,260,424,524,322
2018,2,A,골목상권,2110401,도봉구민회관,3208,1675,1533,8,339,581,705,789,786,5,135,316,336,363,520,3,204,265,369,426,266
2018,2,A,골목상권,2110400,도봉구보건소,3816,1828,1988,10,470,694,966,1004,672,6,155,373,468,466,360,4,315,321,498,538,312
2018,2,A,골목상권,2110399,창2동주민센터,2322,1048,1274,21,227,407,658,657,352,12,76,180,285,277,218,9,151,227,373,380,134
2018,2,A,골목상권,2110398,쌍문2동우체국,3617,1828,1789,4,387,661,803,932,830,4,149,340,364,441,530,0,238,321,439,491,300
2018,2,A,골목상권,2110397,도봉산입구,2367,1277,1090,8,185,341,584,746,503,3,63,169,279,426,337,5,122,172,305,320,166
2018,2,A,골목상권,2110396,쌍문역1번(쌍리단길),2375,964,1411,7,386,529,554,607,292,4,104,219,243,242,152,3,282,310,311,365,140
2018,2,A,골목상권,2110395,신한은행 방학동지점,1449,584,865,2,139,235,350,378,345,0,44,109,137,138,156,2,95,126,213,240,189
2018,2,A,골목상권,2110394,방학중학교,1942,775,1167,1,209,344,498,518,372,0,70,153,206,180,166,1,139,191,292,338,206
2018,2,A,골목상권,2110393,국민은행방학지점,1205,438,767,2,112,200,309,318,264,2,23,72,124,104,113,0,89,128,185,214,151
2018,2,A,골목상권,2110392,발바닥공원,689,231,458,3,69,125,169,172,151,2,12,35,48,56,78,1,57,90,121,116,73
2018,2,A,골목상권,2110391,샘말어린이공원,1090,534,556,1,95,205,264,323,202,0,35,94,118,144,143,1,60,111,146,179,59
2018,2,A,골목상권,2110390,방학초등학교,2067,719,1348,1,188,348,532,605,393,0,53,136,199,172,159,1,135,212,333,433,234
2018,2,A,골목상권,2110389,한일병원,2498,1218,1280,4,521,532,554,606,281,3,145,266,265,338,201,1,376,266,289,268,80
2018,2,A,골목상권,2110388,도봉우체국,2088,852,1236,2,491,498,476,455,166,1,129,221,180,206,115,1,362,277,296,249,51
2018,2,A,골목상권,2110387,쌍문초등학교,1895,799,1096,1,329,441,466,443,215,0,81,182,206,186,144,1,248,259,260,257,71
2018,2,A,골목상권,2110386,연산군묘,699,431,268,0,40,59,125,247,228,0,10,22,66,138,195,0,30,37,59,109,33
2018,2,A,골목상권,2110385,효문고등학교,1358,514,844,1,227,232,336,376,186,0,25,71,134,155,129,1,202,161,202,221,57
2018,2,A,골목상권,2110384,문이교,850,400,450,0,89,124,200,251,186,0,25,56,95,105,119,0,64,68,105,146,67
2018,2,A,골목상권,2110383,덕성여대시반거리,1211,424,787,3,230,211,310,310,147,0,33,80,119,113,79,3,197,131,191,197,68
2018,2,A,골목상권,2110382,솔밭공원역 1번,1712,644,1068,1,280,276,407,486,262,0,34,102,161,181,166,1,246,174,246,305,96
2018,2,A,골목상권,2110381,번동주공2단지,1677,788,889,6,203,334,395,450,289,5,73,122,173,228,187,1,130,212,222,222,102
2018,2,A,골목상권,2110380,강북문화정보도서관,1064,500,564,3,147,174,266,282,192,3,48,74,118,141,116,0,99,100,148,141,76
2018,2,A,골목상권,2110379,KT&G 북부지사,1975,1365,610,2,159,265,454,763,332,1,92,137,277,589,269,1,67,128,177,174,63
2018,2,A,골목상권,2110378,송중동주민센터,1631,738,893,4,194,345,455,337,296,3,80,164,194,141,156,1,114,181,261,196,140
2018,2,A,골목상권,2110377,미아사거리역 3번,3148,1257,1891,16,582,795,775,627,353,7,177,330,319,247,177,9,405,465,456,380,176
2018,2,A,골목상권,2110376,수송초등학교,7083,3988,3095,13,671,1493,1705,2105,1096,8,246,793,916,1337,688,5,425,700,789,768,408
2018,2,A,골목상권,2110375,서울북부고용노동지청,2574,1595,979,2,217,343,589,913,510,1,109,182,336,630,337,1,108,161,253,283,173
2018,2,A,골목상권,2110374,송중초등학교,3742,1576,2166,11,332,613,849,898,1039,6,93,230,372,401,474,5,239,383,477,497,565
2018,2,A,골목상권,2110373,수유역 2번,7483,3916,3567,18,895,1616,1691,1931,1332,11,317,838,870,1137,743,7,578,778,821,794,589
2018,2,A,골목상권,2110372,강북중학교,1887,936,951,4,221,388,492,492,290,2,82,206,236,228,182,2,139,182,256,264,108
2018,2,A,골목상권,2110371,삼양입구사거리,2296,993,1303,8,294,439,587,571,397,2,75,163,253,259,241,6,219,276,334,312,156
2018,2,A,골목상권,2110370,도봉세무서,3264,1389,1875,9,298,512,715,790,940,5,101,209,324,337,413,4,197,303,391,453,527
2018,2,A,골목상권,2110369,성신여대운정그린캠퍼스,5728,3076,2652,9,669,1148,1278,1419,1205,1,234,644,708,802,687,8,435,504,570,617,518
2018,2,A,골목상권,2110368,송천초등학교,1974,751,1223,9,299,432,545,468,221,3,66,145,207,192,138,6,233,287,338,276,83
2018,2,A,골목상권,2110367,강북구청,7628,4011,3617,19,951,1728,1731,1790,1409,10,360,917,927,1057,740,9,591,811,804,733,669
2018,2,A,골목상권,2110366,광산사거리,4277,2182,2095,4,401,925,997,1111,839,0,143,438,523,660,418,4,258,487,474,451,421
2018,2,A,골목상권,2110365,미아역 5번,2646,1148,1498,9,361,578,651,652,395,7,116,240,271,290,224,2,245,338,380,362,171
2018,2,A,골목상권,2110364,미아역 8번,2511,1094,1417,2,362,533,652,604,358,1,117,210,296,270,200,1,245,323,356,334,158
2018,2,A,골목상권,2110363,송천동주민센터,1401,572,829,4,173,319,407,316,182,3,52,141,158,123,95,1,121,178,249,193,87
2018,2,A,골목상권,2110362,우이천 계성교,2558,1146,1412,5,405,492,612,670,374,1,102,249,291,299,204,4,303,243,321,371,170
2018,2,A,골목상권,2110361,삼양사거리역 1번,1412,647,765,3,163,264,343,367,272,3,54,135,148,169,138,0,109,129,195,198,134
2018,2,A,골목상권,2110360,수유초등학교,3817,1722,2095,6,462,646,870,1000,833,1,160,314,364,419,464,5,302,332,506,581,369
2018,2,A,골목상권,2110359,수유시장옆,6955,3433,3522,11,771,1359,1547,1721,1546,4,277,625,742,935,850,7,494,734,805,786,696
2018,2,A,골목상권,2110358,인수동 우편취급국,4571,2238,2333,9,516,746,977,1215,1108,1,166,383,463,573,652,8,350,363,514,642,456
2018,2,A,골목상권,2110357,가오리역 1번,1857,826,1031,4,228,360,451,484,330,2,72,165,210,217,160,2,156,195,241,267,170
2018,2,A,골목상권,2110356,덕수교,1935,797,1138,4,294,352,496,508,281,1,60,159,222,206,149,3,234,193,274,302,132
2018,2,A,골목상권,2110355,삼양사거리역 2번,1850,739,1111,4,222,373,479,465,307,3,52,153,185,193,153,1,170,220,294,272,154
2018,2,A,골목상권,2110354,삼각산119안전센터,928,315,613,1,118,211,279,215,104,0,20,78,87,76,54,1,98,133,192,139,50
2018,2,A,골목상권,2110353,수유동우체국,2037,808,1229,5,293,336,511,533,359,2,59,149,228,205,165,3,234,187,283,328,194
2018,2,A,골목상권,2110352,수유1동주민센터,2268,1136,1132,1,224,413,689,665,276,1,56,171,335,388,185,0,168,242,354,277,91
2018,2,A,골목상권,2110351,수유북부시장옆,2127,1183,944,1,135,266,527,778,420,1,37,141,313,437,254,0,98,125,214,341,166
2018,2,A,골목상권,2110350,가오리역 2번,2211,964,1247,2,226,463,547,617,356,2,61,199,228,252,222,0,165,264,319,365,134
2018,2,A,골목상권,2110349,화계역 2번,1667,1042,625,1,128,252,479,556,251,1,28,111,282,409,211,0,100,141,197,147,40
2018,2,A,골목상권,2110348,강북문화예술회관,2420,961,1459,2,271,547,662,603,335,2,79,217,265,229,169,0,192,330,397,374,166
2018,2,A,골목상권,2110347,구세군강북종합사회복지관,723,256,467,1,98,195,201,154,74,1,27,61,67,59,41,0,71,134,134,95,33
2018,2,A,골목상권,2110346,4.19민주묘지역 2번,1488,611,877,3,253,268,382,378,204,0,47,124,177,153,110,3,206,144,205,225,94
2018,2,A,골목상권,2110345,솔밭공원역 2번,2293,1085,1208,2,303,312,497,773,406,0,45,122,212,425,281,2,258,190,285,348,125
2018,2,A,골목상권,2110344,화계중학교,1055,691,364,1,68,176,345,367,98,1,8,76,234,285,87,0,60,100,111,82,11
2018,2,A,골목상권,2110343,무너미어린이공원,1835,803,1032,4,180,319,456,458,418,1,62,158,215,185,182,3,118,161,241,273,236
2018,2,A,골목상권,2110342,국립재활원,1959,1131,828,2,163,403,580,579,232,2,46,195,360,372,156,0,117,208,220,207,76
2018,2,A,골목상권,2110341,북한산우이역 2번,925,721,204,1,66,90,134,339,295,0,47,63,87,280,244,1,19,27,47,59,51
2018,2,A,골목상권,2110340,인수중학교,1349,679,670,0,126,195,292,358,378,0,50,87,152,200,190,0,76,108,140,158,188
2018,2,A,골목상권,2110339,국립4.19민주묘지,1199,654,545,1,124,146,244,326,358,0,45,82,148,199,180,1,79,64,96,127,178
2018,2,A,골목상권,2110338,인수초등학교,1699,802,897,1,188,374,435,426,275,1,59,140,188,233,181,0,129,234,247,193,94
2018,2,A,골목상권,2110337,아카데미하우스,1443,732,711,0,139,211,326,383,384,0,51,95,171,222,193,0,88,116,155,161,191
2018,2,A,골목상권,2110336,석관고등학교,2724,1914,810,0,137,317,481,626,1163,0,64,179,305,437,929,0,73,138,176,189,234
2018,2,A,골목상권,2110335,석계역 7번,4083,2399,1684,5,347,532,831,956,1412,2,121,262,438,529,1047,3,226,270,393,427,365
2018,2,A,골목상권,2110334,석관중앙교회,2636,1502,1134,4,214,500,708,720,490,2,62,213,394,486,345,2,152,287,314,234,145
2018,2,A,골목상권,2110333,돌곶이역 5번,3887,2377,1510,4,333,549,722,811,1468,1,124,287,386,456,1123,3,209,262,336,355,345
2018,2,A,골목상권,2110332,돌곶이역 3번,3552,2276,1276,2,289,454,605,775,1427,0,105,246,344,447,1134,2,184,208,261,328,293
2018,2,A,골목상권,2110331,돌곶이역 8번,2768,1352,1416,5,308,578,723,644,510,2,85,255,362,315,333,3,223,323,361,329,177
2018,2,A,골목상권,2110330,돌곶이역 1번,2712,1359,1353,3,284,561,682,655,527,0,86,251,336,318,368,3,198,310,346,337,159
2018,2,A,골목상권,2110329,우리은행체육관,1253,630,623,0,103,231,292,363,264,0,36,124,132,179,159,0,67,107,160,184,105
2018,2,A,골목상권,2110328,상월곡역 3번,2282,1206,1076,4,259,532,609,524,354,0,89,245,341,278,253,4,170,287,268,246,101
2018,2,A,골목상권,2110327,상월곡역 2번,1674,811,863,2,204,358,476,420,214,0,83,173,217,193,145,2,121,185,259,227,69
2018,2,A,골목상권,2110326,장위동성당,1058,507,551,1,83,227,303,275,169,0,31,115,125,134,102,1,52,112,178,141,67
2018,2,A,골목상권,2110325,장곡초등학교,1258,566,692,5,132,217,329,344,231,3,45,113,139,151,115,2,87,104,190,193,116
2018,2,A,골목상권,2110324,월곡역 4번,4128,2449,1679,7,788,1209,904,725,495,2,371,770,564,413,329,5,417,439,340,312,166
2018,2,A,골목상권,2110323,상월곡역 1번,4284,2417,1867,7,852,1163,909,846,507,2,358,722,527,485,323,5,494,441,382,361,184
2018,2,A,골목상권,2110322,장위1동주민센터,973,454,519,4,106,126,224,284,229,3,45,66,96,115,129,1,61,60,128,169,100
2018,2,A,골목상권,2110321,동덕여대,2113,867,1246,7,318,387,512,528,361,2,66,162,224,229,184,5,252,225,288,299,177
2018,2,A,골목상권,2110320,KB국민은행 종암동지점,4869,2702,2167,8,549,1381,1304,1116,511,2,186,637,765,749,363,6,363,744,539,367,148
2018,2,A,골목상권,2110319,종암동주민센터,3000,1453,1547,10,418,665,750,787,370,2,140,357,388,403,163,8,278,308,362,384,207
2018,2,A,골목상권,2110318,KT월곡지사,4540,2377,2163,17,692,1073,1214,1072,472,4,250,597,667,608,251,13,442,476,547,464,221
2018,2,A,골목상권,2110317,종암중학교,4799,2701,2098,4,579,1374,1268,1097,477,1,209,633,750,761,347,3,370,741,518,336,130
2018,2,A,골목상권,2110316,숭곡초등학교,5304,2438,2866,22,872,1244,1375,1129,662,8,322,596,640,517,355,14,550,648,735,612,307
2018,2,A,골목상권,2110315,종암아이파크2차,1852,694,1158,4,266,332,457,478,315,2,87,125,176,167,137,2,179,207,281,311,178
2018,2,A,골목상권,2110314,종암경찰서,2971,1476,1495,7,375,608,784,790,407,3,138,345,404,415,171,4,237,263,380,375,236
2018,2,A,골목상권,2110313,안암역 3번,9861,5012,4849,19,1659,2906,2562,1824,891,4,489,1236,1471,1181,631,15,1170,1670,1091,643,260
2018,2,A,골목상권,2110312,안암역 2번,8008,3912,4096,18,1452,2514,2034,1443,547,4,389,1021,1144,956,398,14,1063,1493,890,487,149
2018,2,A,골목상권,2110311,종암아이파크2차후문,427,101,326,0,36,70,109,120,92,0,12,17,27,20,25,0,24,53,82,100,67
2018,2,A,골목상권,2110310,길음역 10번,1816,651,1165,8,205,324,447,446,386,4,47,138,153,128,181,4,158,186,294,318,205
2018,2,A,골목상권,2110309,대광초등학교,3877,2178,1699,11,497,906,1001,827,635,2,188,512,602,486,388,9,309,394,399,341,247
2018,2,A,골목상권,2110308,길음역 8번,2723,964,1759,13,362,530,703,648,467,6,79,219,227,212,221,7,283,311,476,436,246
2018,2,A,골목상권,2110307,길음역 7번,2273,836,1437,10,279,377,556,594,457,4,66,163,207,189,207,6,213,214,349,405,250
2018,2,A,골목상권,2110306,미아초등학교,1338,481,857,6,198,313,408,273,140,2,38,131,131,105,74,4,160,182,277,168,66
2018,2,A,골목상권,2110305,보문역 5번,6493,2802,3691,21,1344,1810,1504,1179,635,6,331,683,761,627,394,15,1013,1127,743,552,241
2018,2,A,골목상권,2110304,보문역 4번,9105,4212,4893,17,1578,2564,2229,1956,761,7,415,982,1130,1193,485,10,1163,1582,1099,763,276
2018,2,A,골목상권,2110303,성신여대입구역 1번,7844,3059,4785,23,1834,2181,1777,1344,685,7,402,787,834,651,378,16,1432,1394,943,693,307
2018,2,A,골목상권,2110302,보문역 8번,2689,1322,1367,13,370,571,627,631,477,4,114,289,314,318,283,9,256,282,313,313,194
2018,2,A,골목상권,2110301,성신여대입구역 7번,3815,1700,2115,10,642,840,873,830,620,3,197,375,426,373,326,7,445,465,447,457,294
2018,2,A,골목상권,2110300,삼선동주민센터,12586,5770,6816,29,2395,3280,2964,2607,1311,8,610,1338,1530,1522,762,21,1785,1942,1434,1085,549
2018,2,A,골목상권,2110299,정릉역 1번,2610,1015,1595,6,348,603,669,620,364,3,92,222,252,243,203,3,256,381,417,377,161
2018,2,A,골목상권,2110298,솔숲어린이공원,1185,473,712,2,156,257,332,291,147,1,44,104,102,120,102,1,112,153,230,171,45
2018,2,A,골목상권,2110297,경동고등학교,8333,4176,4157,15,1047,1898,2055,2103,1215,7,359,891,1059,1209,651,8,688,1007,996,894,564
2018,2,A,골목상권,2110296,성신여대입구역 4번,5376,2360,3016,6,776,1010,1028,1005,1551,2,214,461,513,468,702,4,562,549,515,537,849
2018,2,A,골목상권,2110295,정릉우체국,2178,1129,1049,8,248,367,539,607,409,4,83,167,239,349,287,4,165,200,300,258,122
2018,2,A,골목상권,2110294,서경대학교,2759,1528,1231,9,329,467,655,787,512,4,91,219,346,484,384,5,238,248,309,303,128
2018,2,A,골목상권,2110293,삼선중학교,6285,2688,3597,15,824,1231,1383,1189,1643,9,229,577,632,531,710,6,595,654,751,658,933
2018,2,A,골목상권,2110292,정릉역 2번,1117,463,654,7,138,254,306,272,140,3,50,109,110,109,82,4,88,145,196,163,58
2018,2,A,골목상권,2110291,한성대입구역 3번,3442,1625,1817,10,539,756,874,793,470,6,212,352,410,400,245,4,327,404,464,393,225
2018,2,A,골목상권,2110290,북한산보국문역 1번,1757,908,849,3,205,311,426,489,323,1,47,147,229,287,197,2,158,164,197,202,126
2018,2,A,골목상권,2110289,북한산보국문역 2번,1911,998,913,8,212,342,486,532,331,4,73,159,248,296,218,4,139,183,238,236,113
2018,2,A,골목상권,2110288,동구여중,2816,1246,1570,18,447,752,794,521,284,9,126,332,345,269,165,9,321,420,449,252,119
2018,2,A,골목상권,2110287,정릉3동주민센터,1070,648,422,1,88,184,319,332,146,1,25,85,207,227,103,0,63,99,112,105,43
2018,2,A,골목상권,2110286,한성대입구역 5번,3663,1798,1865,21,527,918,998,760,439,9,142,406,477,466,298,12,385,512,521,294,141
2018,2,A,골목상권,2110285,홍대부중,2420,1102,1318,7,330,670,748,441,224,3,96,282,338,237,146,4,234,388,410,204,78
2018,2,A,골목상권,2110284,정릉북한산국립공원입구,928,727,201,1,33,94,273,363,164,0,7,66,226,291,137,1,26,28,47,72,27
2018,2,A,골목상권,2110283,성북초등학교앞,1888,916,972,3,277,476,514,402,216,1,80,211,264,219,141,2,197,265,250,183,75
2018,2,A,골목상권,2110282,국민대학교앞,2424,1474,950,0,284,478,725,652,285,0,83,223,461,481,226,0,201,255,264,171,59
2018,2,A,골목상권,2110281,길상사,983,557,426,0,177,301,224,172,109,0,72,182,134,99,70,0,105,119,90,73,39
2018,2,A,골목상권,2110280,북정마을,2077,1079,998,2,302,646,519,427,181,1,103,323,287,239,126,1,199,323,232,188,55
2018,2,A,골목상권,2110279,신내역 2번,4021,2150,1871,3,767,1082,920,873,376,2,241,563,527,540,277,1,526,519,393,333,99
2018,2,A,골목상권,2110278,망우본동주민센터,3998,1908,2090,7,510,760,945,1035,741,1,119,285,411,561,531,6,391,475,534,474,210
2018,2,A,골목상권,2110277,러스크서울병원,3850,1870,1980,7,457,677,865,1032,812,1,112,272,411,545,529,6,345,405,454,487,283
2018,2,A,골목상권,2110276,신내IC북측,2096,1565,531,0,215,482,502,605,292,0,150,386,380,427,222,0,65,96,122,178,70
2018,2,A,골목상권,2110275,하나은행 망우동지점,2940,1514,1426,8,313,475,604,836,704,1,72,191,298,462,490,7,241,284,306,374,214
2018,2,A,골목상권,2110274,서일대학교,3067,1623,1444,4,319,493,756,892,603,2,112,211,397,497,404,2,207,282,359,395,199
2018,2,A,골목상권,2110273,장스여성병원,3106,1606,1500,5,352,517,679,848,705,1,87,189,309,491,529,4,265,328,370,357,176
2018,2,A,골목상권,2110272,신내1동주민센터,5825,2911,2914,8,547,1178,1441,1661,990,5,182,486,647,936,655,3,365,692,794,725,335
2018,2,A,골목상권,2110271,신내역 1번,4730,2642,2088,6,795,1193,1061,1161,514,2,273,664,649,697,357,4,522,529,412,464,157
2018,2,A,골목상권,2110270,혜원여고,1716,828,888,4,145,293,404,481,389,2,36,135,194,235,226,2,109,158,210,246,163
2018,2,A,골목상권,2110269,용마문화복지센터,2406,1330,1076,1,255,342,564,751,493,0,107,146,315,415,347,1,148,196,249,336,146
2018,2,A,골목상권,2110268,망우3동주민센터,2374,1391,983,6,225,336,505,617,685,3,116,170,284,327,491,3,109,166,221,290,194
2018,2,A,골목상권,2110267,망우역 2번,4016,1836,2180,17,458,736,949,1104,752,10,138,296,404,526,462,7,320,440,545,578,290
2018,2,A,골목상권,2110266,면목동우체국,2909,1501,1408,2,297,471,725,908,506,0,91,190,380,504,336,2,206,281,345,404,170
2018,2,A,골목상권,2110265,망우역 1번,5420,2838,2582,18,732,964,1134,1420,1152,5,264,402,557,792,818,13,468,562,577,628,334
2018,2,A,골목상권,2110264,면목역 2번,3393,1536,1857,6,396,543,914,988,546,2,137,226,450,429,292,4,259,317,464,559,254
2018,2,A,골목상권,2110263,면목역 1번,4939,2746,2193,20,632,1079,1339,1072,797,6,312,695,700,501,532,14,320,384,639,571,265
2018,2,A,골목상권,2110262,상봉역 3번,5251,3084,2167,19,742,1189,1359,1125,817,6,360,758,732,624,604,13,382,431,627,501,213
2018,2,A,골목상권,2110261,사가정역 4번,3266,1884,1382,3,373,554,759,1103,474,0,117,236,435,735,361,3,256,318,324,368,113
2018,2,A,골목상권,2110260,면목역 3번,3974,2196,1778,16,506,960,1164,870,458,5,223,629,599,432,308,11,283,331,565,438,150
2018,2,A,골목상권,2110259,사가정역 1번,2965,1348,1617,5,445,652,734,756,373,1,111,256,369,399,212,4,334,396,365,357,161
2018,2,A,골목상권,2110258,면동초등학교,2531,1166,1365,6,363,501,617,646,398,3,78,212,280,329,264,3,285,289,337,317,134
2018,2,A,골목상권,2110257,상봉역 7번,3247,1852,1395,13,397,563,707,936,631,11,129,266,350,593,503,2,268,297,357,343,128
2018,2,A,골목상권,2110256,면목2동체육관,5411,2983,2428,14,620,1247,1552,1270,708,5,272,772,815,642,477,9,348,475,737,628,231
2018,2,A,골목상권,2110255,상봉역 4번,6405,3563,2842,21,855,1484,1757,1445,843,10,347,890,924,799,593,11,508,594,833,646,250
2018,2,A,골목상권,2110254,오거리공원,2483,1431,1052,2,246,441,652,816,326,0,89,206,359,545,232,2,157,235,293,271,94
2018,2,A,골목상권,2110253,중곡초등학교,2067,1222,845,1,214,324,531,681,316,0,75,146,310,474,217,1,139,178,221,207,99
2018,2,A,골목상권,2110252,장안제일시장,2558,1378,1180,4,321,505,626,661,441,3,81,232,332,390,340,1,240,273,294,271,101
2018,2,A,골목상권,2110251,장안중학교,2588,1304,1284,5,273,431,615,773,491,4,95,179,260,404,362,1,178,252,355,369,129
2018,2,A,골목상권,2110250,화랑대역 7번,2069,884,1185,0,210,445,548,551,315,0,84,215,214,205,166,0,126,230,334,346,149
2018,2,A,골목상권,2110249,중화역 1번,3730,1793,1937,5,370,658,887,881,929,2,132,273,416,368,602,3,238,385,471,513,327
2018,2,A,골목상권,2110248,먹골파출소,1441,649,792,1,192,331,391,351,175,0,69,168,161,141,110,1,123,163,230,210,65
2018,2,A,골목상권,2110247,먹골역 1번,2744,1300,1444,4,369,622,717,627,405,1,114,291,344,319,231,3,255,331,373,308,174
2018,2,A,골목상권,2110246,월드순복음교회,3056,1626,1430,12,379,593,739,783,550,10,134,287,392,431,372,2,245,306,347,352,178
2018,2,A,골목상권,2110245,KB국민은행 중화동지점,2361,1296,1065,7,252,410,586,659,447,6,106,199,287,370,328,1,146,211,299,289,119
2018,2,A,골목상권,2110244,중화역 4번,4581,2888,1693,7,312,567,750,877,2068,4,121,255,359,401,1748,3,191,312,391,476,320
2018,2,A,골목상권,2110243,중랑노인종합복지관,2709,1399,1310,4,256,485,689,773,502,2,78,219,349,403,348,2,178,266,340,370,154
2018,2,A,골목상권,2110242,면목5동주민센터,1619,992,627,4,124,253,382,510,346,2,54,136,221,312,267,2,70,117,161,198,79
2018,2,A,골목상권,2110241,먹골역 5번,3350,1675,1675,6,341,636,779,755,833,2,107,287,372,364,543,4,234,349,407,391,290
2018,2,A,골목상권,2110240,태릉시장 특화거리,3056,2104,952,5,217,352,480,568,1434,4,103,182,222,268,1325,1,114,170,258,300,109
2018,2,A,골목상권,2110239,중랑역 2번,884,440,444,5,156,185,201,201,136,3,65,88,97,102,85,2,91,97,104,99,51
2018,2,A,골목상권,2110238,배꽃어린이공원,3021,2279,742,3,159,243,318,424,1874,3,68,127,182,247,1652,0,91,116,136,177,222
2018,2,A,골목상권,2110237,메가박스 상봉,5156,3196,1960,20,648,1158,1405,1380,545,12,276,684,913,954,357,8,372,474,492,426,188
2018,2,A,골목상권,2110236,신묵초등학교,3395,1753,1642,5,360,655,778,751,846,2,111,314,400,377,549,3,249,341,378,374,297
2018,2,A,골목상권,2110235,세화어린이공원,1996,1598,398,1,72,119,203,295,1306,1,39,72,94,147,1245,0,33,47,109,148,61
2018,2,A,골목상권,2110234,중랑역 4번,4397,3020,1377,21,526,1012,1246,1147,445,13,260,658,893,890,306,8,266,354,353,257,139
2018,2,A,골목상권,2110233,중랑역 1번,4124,2777,1347,21,527,963,1159,1078,376,13,253,624,806,829,252,8,274,339,353,249,124
2018,2,A,골목상권,2110232,동대부고,4348,2239,2109,8,638,944,1099,1038,621,4,293,489,560,515,378,4,345,455,539,523,243
2018,2,A,골목상권,2110231,장안교,2163,1276,887,3,284,489,579,491,317,1,179,279,329,275,213,2,105,210,250,216,104
2018,2,A,골목상권,2110230,장안현대홈타운1차아파트,5417,2542,2875,14,766,1273,1445,1176,743,5,237,606,722,544,428,9,529,667,723,632,315
2018,2,A,골목상권,2110229,장평중학교,10430,6231,4199,17,1457,2469,2456,2128,1903,5,625,1503,1490,1231,1377,12,832,966,966,897,526
2018,2,A,골목상권,2110228,장안근린공원,7241,3524,3717,21,1025,1575,1857,1730,1033,11,431,804,905,798,575,10,594,771,952,932,458
2018,2,A,골목상권,2110227,답십리공원,2950,1356,1594,8,344,610,764,800,424,5,142,309,339,355,206,3,202,301,425,445,218
2018,2,A,골목상권,2110226,장안1동주민센터,11185,6130,5055,26,1504,2399,2645,2446,2165,13,600,1301,1549,1326,1341,13,904,1098,1096,1120,824
2018,2,A,골목상권,2110225,촬영소사거리,3478,2099,1379,7,393,751,910,821,596,5,211,458,577,467,381,2,182,293,333,354,215
2018,2,A,골목상권,2110224,외대앞역 2번,955,418,537,2,149,166,241,191,206,2,51,91,104,82,88,0,98,75,137,109,118
2018,2,A,골목상권,2110223,군자초등학교,12167,7411,4756,44,2086,2742,2452,2249,2594,12,945,1740,1612,1349,1753,32,1141,1002,840,900,841
2018,2,A,골목상권,2110222,회기역 2번,1381,651,730,8,250,271,281,205,366,0,68,121,137,90,235,8,182,150,144,115,131
2018,2,A,골목상권,2110221,의릉,1390,685,705,3,159,304,388,329,207,1,39,118,210,182,135,2,120,186,178,147,72
2018,2,A,골목상권,2110220,외대앞역 1번,5721,3000,2721,8,611,1359,1703,1336,704,3,181,564,907,856,489,5,430,795,796,480,215
2018,2,A,골목상권,2110219,삼육보건대학교,5241,2421,2820,14,895,1212,1171,1131,818,4,255,515,586,558,503,10,640,697,585,573,315
2018,2,A,골목상권,2110218,답십리사거리,2186,1113,1073,4,267,435,546,545,389,4,119,227,295,257,211,0,148,208,251,288,178
2018,2,A,골목상권,2110217,자동차부품상가,27628,21841,5787,42,3160,4914,8431,8703,2378,34,1906,3624,6971,7466,1840,8,1254,1290,1460,1237,538
2018,2,A,골목상권,2110216,전농중학교,1894,784,1110,2,226,466,522,453,225,0,59,163,223,193,146,2,167,303,299,260,79
2018,2,A,골목상권,2110215,회기역 1번,4496,2345,2151,8,575,1077,1230,922,684,1,183,436,653,554,518,7,392,641,577,368,166
2018,2,A,골목상권,2110214,경희대후문,8102,3816,4286,7,1236,2280,2152,1733,694,3,321,891,1071,1006,524,4,915,1389,1081,727,170
2018,2,A,골목상권,2110213,청량초등학교,6418,2759,3659,6,1161,1872,1650,1252,477,0,317,729,751,620,342,6,844,1143,899,632,135
2018,2,A,골목상권,2110212,답십리초등학교,4898,2463,2435,9,772,1128,1236,1034,719,6,359,631,607,458,402,3,413,497,629,576,317
2018,2,A,골목상권,2110211,전곡마을마당공원,3444,1818,1626,3,380,832,925,861,443,1,152,344,526,501,294,2,228,488,399,360,149
2018,2,A,골목상권,2110210,서울시립대,4071,2085,1986,7,558,1026,998,1008,474,3,207,440,553,557,325,4,351,586,445,451,149
2018,2,A,골목상권,2110209,답십리 장령당공원,1768,1032,736,5,181,346,461,411,364,2,84,194,262,222,268,3,97,152,199,189,96
2018,2,A,골목상권,2110208,시조사삼거리,2363,1130,1233,5,353,571,572,575,287,2,120,271,304,273,160,3,233,300,268,302,127
2018,2,A,골목상권,2110207,시립대앞사거리,3771,2007,1764,20,692,919,851,819,470,11,320,398,472,474,332,9,372,521,379,345,138
2018,2,A,골목상권,2110206,텃골근린공원,1804,866,938,2,226,361,531,452,232,0,88,161,283,220,114,2,138,200,248,232,118
2018,2,A,골목상권,2110205,경희대삼거리,8605,3862,4743,12,1498,2447,2110,1744,794,1,451,1026,1007,878,499,11,1047,1421,1103,866,295
2018,2,A,골목상권,2110204,간데메공원,2405,1307,1098,5,339,504,651,538,368,2,146,287,358,288,226,3,193,217,293,250,142
2018,2,A,골목상권,2110203,떡전교사거리,3789,2052,1737,20,705,905,823,814,522,11,338,513,464,413,313,9,367,392,359,401,209
2018,2,A,골목상권,2110202,전농1동주민센터(전농시장),915,480,435,1,128,168,240,221,157,0,55,85,135,121,84,1,73,83,105,100,73
2018,2,A,골목상권,2110201,전농119안전센터,1187,640,547,0,174,239,333,255,186,0,74,132,195,134,105,0,100,107,138,121,81
2018,2,A,골목상권,2110200,동대문경찰서,2542,1474,1068,2,252,558,594,663,473,2,130,376,370,356,240,0,122,182,224,307,233
2018,2,A,골목상권,2110199,홍릉시장,2970,1788,1182,3,288,647,723,758,551,3,156,439,465,417,308,0,132,208,258,341,243
2018,2,A,골목상권,2110198,동대문중앙새마을금고본점,1306,776,530,3,126,244,291,329,313,3,57,152,189,174,201,0,69,92,102,155,112
2018,2,A,골목상권,2110197,세종대왕기념관교차로,1747,1092,655,0,273,573,366,362,173,0,128,348,237,256,123,0,145,225,129,106,50
2018,2,A,골목상권,2110196,홍릉근린공원,1018,438,580,0,83,163,249,278,245,0,27,81,119,93,118,0,56,82,130,185,127
2018,2,A,골목상권,2110195,동대문구청,6781,3718,3063,3,783,1469,1654,1754,1118,1,333,787,857,1028,712,2,450,682,797,726,406
2018,2,A,골목상권,2110194,홍파초등학교,2810,1621,1189,5,233,510,745,765,552,5,115,306,446,416,333,0,118,204,299,349,219
2018,2,A,골목상권,2110193,고려대역 4번,5271,3114,2157,3,560,1527,1408,1217,556,1,205,779,866,868,395,2,355,748,542,349,161
2018,2,A,골목상권,2110192,동의보감타워,5597,3084,2513,3,634,1173,1348,1513,926,1,252,613,689,932,597,2,382,560,659,581,329
2018,2,A,골목상권,2110191,고려대역 6번,5065,2983,2082,3,484,1318,1441,1211,608,1,179,656,882,841,424,2,305,662,559,370,184
2018,2,A,골목상권,2110190,고대앞사거리,6436,3618,2818,19,838,1733,1771,1400,675,6,323,856,1036,934,463,13,515,877,735,466,212
2018,2,A,골목상권,2110189,제기동역 1번,5758,3383,2375,10,873,1333,1292,1166,1084,6,345,748,720,742,822,4,528,585,572,424,262
2018,2,A,골목상권,2110188,용두동신동아아파트,12850,8426,4424,39,1729,3180,3212,3127,1563,19,848,2058,2347,2158,996,20,881,1122,865,969,567
2018,2,A,골목상권,2110187,제기동역 6번,9427,5723,3704,25,1643,2694,2241,1582,1242,5,687,1606,1491,1069,865,20,956,1088,750,513,377
2018,2,A,골목상권,2110186,종암초등학교,1885,1003,882,4,316,388,504,376,297,0,131,196,279,204,193,4,185,192,225,172,104
2018,2,A,골목상권,2110185,용두초등학교,13647,6757,6890,35,1897,3805,4205,2671,1034,3,720,2156,2091,1195,592,32,1177,1649,2114,1476,442
2018,2,A,골목상권,2110184,용두사거리,9538,5315,4223,44,1827,2812,2319,1463,1073,7,651,1559,1442,927,729,37,1176,1253,877,536,344
2018,2,A,골목상권,2110183,한국의류시험연구원,5211,2853,2358,27,949,1337,1138,868,892,7,323,679,637,543,664,20,626,658,501,325,228
2018,2,A,골목상권,2110182,용두희망어린이공원,5246,2718,2528,28,967,1335,1271,936,709,5,339,671,729,532,442,23,628,664,542,404,267
2018,2,A,골목상권,2110181,신설동역 9번,19375,9991,9384,73,2495,4657,5279,4086,2785,44,1080,2683,2744,1898,1542,29,1415,1974,2535,2188,1243
2018,2,A,골목상권,2110180,광진정보도서관,5932,3365,2567,43,1186,1714,1431,1002,556,21,443,956,985,602,358,22,743,758,446,400,198
2018,2,A,골목상권,2110179,광나루역 1번,2151,1077,1074,8,283,623,494,415,328,5,97,264,277,204,230,3,186,359,217,211,98
2018,2,A,골목상권,2110178,장로회신학대학교,2535,1294,1241,9,462,592,564,525,383,6,126,330,347,262,223,3,336,262,217,263,160
2018,2,A,골목상권,2110177,동의초등학교,828,332,496,1,96,160,237,207,127,1,27,59,101,81,63,0,69,101,136,126,64
2018,2,A,골목상권,2110176,해오름공원,1590,772,818,2,155,287,432,423,291,1,42,132,199,216,182,1,113,155,233,207,109
2018,2,A,골목상권,2110175,푸른동산공원,10472,5897,4575,16,929,1840,2787,3245,1655,10,451,1171,1734,1662,869,6,478,669,1053,1583,786
2018,2,A,골목상권,2110174,아차산역 1번,3800,1800,2000,12,430,749,946,986,677,3,151,347,437,450,412,9,279,402,509,536,265
2018,2,A,골목상권,2110173,구남초등학교,14177,8762,5415,52,1464,2712,3843,3935,2171,31,774,1843,2587,2233,1294,21,690,869,1256,1702,877
2018,2,A,골목상권,2110172,광진초등학교,3767,2006,1761,20,458,781,901,983,624,3,164,381,502,558,398,17,294,400,399,425,226
2018,2,A,골목상권,2110171,중곡4동주민센터,1850,989,861,2,162,352,489,549,296,1,47,179,256,301,205,1,115,173,233,248,91
2018,2,A,골목상권,2110170,동대부여고,8745,5159,3586,4,667,1573,2574,2898,1029,2,321,1051,1665,1542,578,2,346,522,909,1356,451
2018,2,A,골목상권,2110169,성동초등학교,8609,5756,2853,29,779,1759,2493,2299,1250,16,432,1121,1760,1536,891,13,347,638,733,763,359
2018,2,A,골목상권,2110168,대원고등학교,2268,1178,1090,1,198,513,579,652,325,0,61,225,302,357,233,1,137,288,277,295,92
2018,2,A,골목상권,2110167,용마초등학교,5068,2628,2440,15,561,1030,1324,1247,891,6,224,532,676,635,555,9,337,498,648,612,336
2018,2,A,골목상권,2110166,구의1동주민센터,14019,8288,5731,22,1758,3364,3727,3608,1540,7,624,1750,2402,2464,1041,15,1134,1614,1325,1144,499
2018,2,A,골목상권,2110165,국립정신건강센터,3593,1677,1916,4,309,722,951,1031,576,3,90,315,464,486,319,1,219,407,487,545,257
2018,2,A,골목상권,2110164,아차산역 5번,4067,2061,2006,27,557,905,937,940,701,9,224,448,468,462,450,18,333,457,469,478,251
2018,2,A,골목상권,2110163,성자초등학교,4704,3206,1498,5,337,892,1389,1467,614,2,199,593,1040,972,400,3,138,299,349,495,214
2018,2,A,골목상권,2110162,군자역 4번,4860,2495,2365,18,669,1084,1289,1064,736,8,266,538,670,550,463,10,403,546,619,514,273
2018,2,A,골목상권,2110161,중곡역 3번,3642,1929,1713,7,386,722,889,1098,540,2,129,320,461,672,345,5,257,402,428,426,195
2018,2,A,골목상권,2110160,광진경찰서,4927,2229,2698,15,974,1634,1155,821,328,5,277,726,585,442,194,10,697,908,570,379,134
2018,2,A,골목상권,2110159,구의역 4번,17770,10234,7536,29,2321,4059,4446,4430,2485,10,772,1916,2741,2928,1867,19,1549,2143,1705,1502,618
2018,2,A,골목상권,2110158,중곡3동주민센터,3568,1921,1647,9,361,626,877,1082,613,3,125,324,466,651,352,6,236,302,411,431,261
2018,2,A,골목상권,2110157,자양동우체국,1994,911,1083,2,258,432,474,473,355,0,84,201,215,207,204,2,174,231,259,266,151
2018,2,A,골목상권,2110156,군자역 5번,8353,4296,4057,29,1504,1950,2069,1851,950,12,637,1079,1160,853,555,17,867,871,909,998,395
2018,2,A,골목상권,2110155,광진구청,13131,7379,5752,23,1993,3402,3149,2904,1660,9,674,1570,1849,2008,1269,14,1319,1832,1300,896,391
2018,2,A,골목상권,2110154,광진정말공원,4166,2103,2063,10,541,859,973,929,854,3,195,410,441,454,600,7,346,449,532,475,254
2018,2,A,골목상권,2110153,중곡1동주민센터,5601,3155,2446,9,673,1204,1460,1319,936,6,282,730,892,720,525,3,391,474,568,599,411
2018,2,A,골목상권,2110152,중곡어린이공원,2576,1504,1072,9,237,441,533,600,756,4,90,251,276,303,580,5,147,190,257,297,176
2018,2,A,골목상권,2110151,자양한강도서관,2542,1220,1322,4,302,484,610,580,562,2,100,219,257,258,384,2,202,265,353,322,178
2018,2,A,골목상권,2110150,중곡1동 마을마당,5570,3364,2206,11,578,1140,1329,1264,1248,8,244,717,830,706,859,3,334,423,499,558,389
2018,2,A,골목상권,2110149,세종대학교,4235,1894,2341,14,873,921,1001,1021,405,4,342,436,510,392,210,10,531,485,491,629,195
2018,2,A,골목상권,2110148,어린이대공원역 3번,4635,1998,2637,19,1120,1452,1057,734,253,4,322,554,550,391,177,15,798,898,507,343,76
2018,2,A,골목상권,2110147,능동우편취급국,8015,4221,3794,11,1349,1887,2052,1819,897,4,592,1077,1172,894,482,7,757,810,880,925,415
2018,2,A,골목상권,2110146,신자초등학교,2324,1079,1245,5,224,439,598,552,506,4,68,177,253,218,359,1,156,262,345,334,147
2018,2,A,골목상권,2110145,장안초등학교,2917,1651,1266,11,495,643,740,681,347,4,201,329,472,403,242,7,294,314,268,278,105
2018,2,A,골목상권,2110144,어린이대공원역 4번,5590,2559,3031,23,1243,1619,1275,972,458,7,378,653,678,512,331,16,865,966,597,460,127
2018,2,A,골목상권,2110143,뚝섬유원지역 1번,1095,559,536,8,124,233,295,245,190,5,40,113,150,118,133,3,84,120,145,127,57
2018,2,A,골목상권,2110142,화양사거리,7567,4533,3034,27,1642,1992,1724,1330,852,18,798,1334,1074,709,600,9,844,658,650,621,252
2018,2,A,골목상권,2110141,건대입구역 1번,7732,4895,2837,31,1602,2054,1715,1384,946,14,881,1449,1153,764,634,17,721,605,562,620,312
2018,2,A,골목상권,2110140,건대입구역 6번,10505,6478,4027,40,2013,2745,2431,2001,1275,22,1025,1819,1561,1181,870,18,988,926,870,820,405
2018,2,A,골목상권,2110139,자양4동주민센터,2398,1396,1002,9,288,501,570,580,450,6,109,289,327,340,325,3,179,212,243,240,125
2018,2,A,골목상권,2110138,송정체육공원,8204,4988,3216,31,1849,2276,1789,1347,912,19,901,1535,1095,758,680,12,948,741,694,589,232
2018,2,A,골목상권,2110137,성수초등학교,30913,19182,11731,134,5784,8180,7637,5717,3461,80,2819,5338,4929,3511,2505,54,2965,2842,2708,2206,956
2018,2,A,골목상권,2110136,경수초등학교,58272,28246,30026,181,9102,14390,16443,14632,3524,119,5266,10054,7209,3466,2132,62,3836,4336,9234,11166,1392
2018,2,A,골목상권,2110135,성동세무서,15099,9591,5508,71,2750,4102,3785,2825,1566,36,1294,2653,2476,1891,1241,35,1456,1449,1309,934,325
2018,2,A,골목상권,2110134,성수119안전센터,37062,15396,21666,105,5167,8674,11441,10719,956,82,3275,6234,3923,1310,572,23,1892,2440,7518,9409,384
2018,2,A,골목상권,2110133,서울교통공사,28122,22518,5604,79,3459,5218,8579,8600,2187,40,2045,3861,7268,7536,1768,39,1414,1357,1311,1064,419
2018,2,A,골목상권,2110132,성수2가3동주민센터,12995,7607,5388,42,2399,3645,3387,2236,1286,13,986,2149,2057,1452,950,29,1413,1496,1330,784,336
2018,2,A,골목상권,2110131,성수동카페거리,68810,32618,36192,282,13294,18814,18324,15282,2814,163,6966,12546,8154,3222,1567,119,6328,6268,10170,12060,1247
2018,2,A,골목상권,2110130,답십리역 6번,4279,2246,2033,9,697,1082,1020,851,620,4,331,607,520,384,400,5,366,475,500,467,220
2018,2,A,골목상권,2110129,성원어린이공원,13949,8201,5748,45,2650,4162,3570,2162,1360,14,1072,2547,2242,1401,925,31,1578,1615,1328,761,435
2018,2,A,골목상권,2110128,성원중학교,38192,16074,22118,137,5315,8819,11681,11146,1094,94,3325,6291,4044,1635,685,43,1990,2528,7637,9511,409
2018,2,A,골목상권,2110127,성수1가1동주민센터,52053,22793,29260,211,9625,13879,14409,12769,1160,129,5389,9424,5468,1694,689,82,4236,4455,8941,11075,471
2018,2,A,골목상권,2110126,서울숲역 1번,21202,11137,10065,100,5191,6909,4770,3221,1011,50,2339,4193,2754,1191,610,50,2852,2716,2016,2030,401
2018,2,A,골목상권,2110125,사근동살곶이상점가,7345,3547,3798,5,1394,1813,2022,1518,593,4,370,800,988,923,462,1,1024,1013,1034,595,131
2018,2,A,골목상권,2110124,뚝섬역교차로,11824,6992,4832,28,2713,4003,2444,1606,1030,16,1001,2359,1633,1140,843,12,1712,1644,811,466,187
2018,2,A,골목상권,2110123,마장역 3번,2618,1542,1076,1,233,568,675,724,417,1,104,318,394,407,318,0,129,250,281,317,99
2018,2,A,골목상권,2110122,마장역 2번,3070,1998,1072,2,278,665,814,808,503,2,157,425,535,506,373,0,121,240,279,302,130
2018,2,A,골목상권,2110121,한양대역 4번,7805,3894,3911,18,1538,1890,2082,1601,676,9,418,873,1060,996,538,9,1120,1017,1022,605,138
2018,2,A,골목상권,2110120,서울숲카페거리,2758,1695,1063,15,411,557,593,686,496,8,169,301,354,457,406,7,242,256,239,229,90
2018,2,A,골목상권,2110119,마장지하차도,5504,3167,2337,19,654,1288,1451,1332,760,10,294,690,802,856,515,9,360,598,649,476,245
2018,2,A,골목상권,2110118,왕십리역 9번,3100,1471,1629,23,577,668,689,664,479,11,210,312,314,304,320,12,367,356,375,360,159
2018,2,A,골목상권,2110117,성동구보건소,6994,3705,3289,21,870,1610,1750,1764,979,11,378,851,955,962,548,10,492,759,795,802,431
2018,2,A,골목상권,2110116,청계천박물관,12655,7842,4813,18,1319,2828,3095,3687,1708,16,660,1731,1980,2391,1064,2,659,1097,1115,1296,644
2018,2,A,골목상권,2110115,상왕십리역 3번,9598,4867,4731,19,1488,2243,2310,2178,1360,11,505,1071,1247,1280,753,8,983,1172,1063,898,607
2018,2,A,골목상권,2110114,왕십리파출소,2800,1315,1485,4,371,651,659,739,376,3,155,366,370,276,145,1,216,285,289,463,231
2018,2,A,골목상권,2110113,응봉산,377,147,230,0,42,70,97,96,72,0,8,18,26,38,57,0,34,52,71,58,15
2018,2,A,골목상권,2110112,행당역 2번,2885,1159,1726,14,471,664,735,665,336,7,133,233,290,299,197,7,338,431,445,366,139
2018,2,A,골목상권,2110111,대현산장미원,184,93,91,0,25,33,52,48,26,0,4,15,25,25,24,0,21,18,27,23,2
2018,2,A,골목상권,2110110,상왕십리역 6번,4410,2195,2215,9,651,975,974,1005,796,2,222,485,571,523,392,7,429,490,403,482,404
2018,2,A,골목상권,2110109,금호삼성래미안아파트,1002,411,591,0,141,209,240,218,194,0,35,88,89,76,123,0,106,121,151,142,71
2018,2,A,골목상권,2110108,성동구립금호도서관,1035,380,655,0,127,247,291,206,164,0,27,75,101,75,102,0,100,172,190,131,62
2018,2,A,골목상권,2110107,금호사거리,913,365,548,1,137,198,195,204,178,0,38,76,87,74,90,1,99,122,108,130,88
2018,2,A,골목상권,2110106,금북초등학교,658,221,437,0,74,157,192,151,84,0,14,38,64,52,53,0,60,119,128,99,31
2018,2,A,골목상권,2110105,금동어린이공원,1706,653,1053,4,246,416,401,346,293,0,64,166,154,116,153,4,182,250,247,230,140
2018,2,A,골목상권,2110104,신금호역 4번,1565,594,971,10,231,329,356,373,266,3,59,124,124,142,142,7,172,205,232,231,124
2018,2,A,골목상권,2110103,옥수터널,915,397,518,6,178,234,208,178,111,1,56,101,98,76,65,5,122,133,110,102,46
2018,2,A,골목상권,2110102,옥수역 6번,1495,652,843,8,272,335,363,325,192,1,95,140,149,147,120,7,177,195,214,178,72
2018,2,A,골목상권,2110101,옥정중학교,1215,523,692,5,241,322,299,206,142,0,79,136,128,90,90,5,162,186,171,116,52
2018,2,A,골목상권,2110100,옥수동우편취급국,1014,457,557,5,210,278,234,155,132,0,65,126,109,72,85,5,145,152,125,83,47
2018,2,A,골목상권,2110099,유엔빌리지길,4640,2375,2265,14,1057,1386,970,701,512,7,381,735,562,395,295,7,676,651,408,306,217
2018,2,A,골목상권,2110098,서울독일학교,3446,1685,1761,10,879,1097,716,432,312,4,304,558,415,236,168,6,575,539,301,196,144
2018,2,A,골목상권,2110097,한남초등학교,5616,2808,2808,16,1556,1950,1264,568,262,7,545,1041,721,322,172,9,1011,909,543,246,90
2018,2,A,골목상권,2110096,한남힐사이드아파트,2794,1601,1193,12,717,1148,589,219,109,9,301,690,403,120,78,3,416,458,186,99,31
2018,2,A,골목상권,2110095,한강진역 3번,10963,5579,5384,33,2870,3961,2407,1124,568,16,1044,2079,1480,652,308,17,1826,1882,927,472,260
2018,2,A,골목상권,2110094,오산중학교,515,269,246,1,38,92,161,126,97,0,11,47,90,59,62,1,27,45,71,67,35
2018,2,A,골목상권,2110093,우사단길,8926,4624,4302,24,2018,3021,2025,1138,700,11,778,1615,1181,645,394,13,1240,1406,844,493,306
2018,2,A,골목상권,2110092,NH농협은행 보광동지점,1400,752,648,0,162,295,378,331,234,0,56,152,204,183,157,0,106,143,174,148,77
2018,2,A,골목상권,2110091,리움미술관,6857,3697,3160,18,1793,2492,1418,671,465,5,776,1341,922,409,244,13,1017,1151,496,262,221
2018,2,A,골목상권,2110090,한국폴리텍대학서울정수캠퍼스,3416,1836,1580,9,600,900,880,679,348,1,194,398,532,455,256,8,406,502,348,224,92
2018,2,A,골목상권,2110089,서빙고동주민센터,2966,1644,1322,8,394,884,936,546,198,2,120,416,569,378,159,6,274,468,367,168,39
2018,2,A,골목상권,2110088,오산고등학교,6462,3505,2957,16,948,1816,1660,1358,664,7,326,824,919,940,489,9,622,992,741,418,175
2018,2,A,골목상권,2110087,이태원엔틱가구거리,6563,3681,2882,19,1171,1867,1551,1308,647,8,507,938,885,905,438,11,664,929,666,403,209
2018,2,A,골목상권,2110086,이태원역 북측,12900,7067,5833,32,2436,3629,3088,2355,1360,9,1165,1976,1670,1445,802,23,1271,1653,1418,910,558
2018,2,A,골목상권,2110085,경리단길남측,6925,3785,3140,18,1305,1502,1723,1457,920,4,658,861,878,832,552,14,647,641,845,625,368
2018,2,A,골목상권,2110084,경리단길북측,5532,3005,2527,15,807,1136,1543,1312,719,4,365,625,789,777,445,11,442,511,754,535,274
2018,2,A,골목상권,2110083,서빙고역 1번,2860,1602,1258,5,386,855,880,506,228,2,122,401,535,351,191,3,264,454,345,155,37
2018,2,A,골목상권,2110082,용산구청,8851,4919,3932,26,1564,2232,2366,1953,710,9,773,1194,1232,1269,442,17,791,1038,1134,684,268
2018,2,A,골목상권,2110081,해방촌 남동측,3907,2078,1829,9,369,730,1354,1085,360,3,179,397,672,615,212,6,190,333,682,470,148
2018,2,A,골목상권,2110080,해방촌예술마을,4898,2468,2430,8,475,873,1554,1529,459,3,163,452,804,806,240,5,312,421,750,723,219
2018,2,A,골목상권,2110079,후암동주민센터,36542,22976,13566,47,6037,13206,11769,4507,976,12,3026,8268,8160,2879,631,35,3011,4938,3609,1628,345
2018,2,A,골목상권,2110078,이촌동점보아파트,1031,421,610,2,130,202,242,229,226,1,34,63,68,95,160,1,96,139,174,134,66
2018,2,A,골목상권,2110077,삼광초등학교,16340,6124,10216,79,6775,3063,2834,2376,1213,14,998,1784,1694,1071,563,65,5777,1279,1140,1305,650
2018,2,A,골목상권,2110076,삼각지역 14번,7256,5055,2201,3,443,1734,2505,1935,636,2,218,1085,1882,1427,441,1,225,649,623,508,195
2018,2,A,골목상권,2110075,숙대입구역 1번,22346,9511,12835,122,8141,4784,3999,3153,2147,34,1524,2592,2405,1593,1363,88,6617,2192,1594,1560,784
2018,2,A,골목상권,2110074,서울역 12번,50659,28104,22555,192,13588,16581,12585,5077,2636,40,4157,10084,8948,3116,1759,152,9431,6497,3637,1961,877
2018,2,A,골목상권,2110073,삼각지역 3번,23316,11488,11828,89,4276,6438,6843,4028,1642,42,1562,2812,3451,2537,1084,47,2714,3626,3392,1491,558
2018,2,A,골목상권,2110072,열정도,19526,8781,10745,411,6275,6134,4080,1833,793,173,2623,2709,1829,978,469,238,3652,3425,2251,855,324
2018,2,A,골목상권,2110071,한강미주맨션아파트,984,510,474,3,131,259,269,160,162,0,31,117,151,93,118,3,100,142,118,67,44
2018,2,A,골목상권,2110070,용산세무서,5216,3880,1336,0,304,1264,1987,1398,263,0,167,824,1577,1129,183,0,137,440,410,269,80
2018,2,A,골목상권,2110069,숙대입구,15465,8155,7310,433,5386,4300,2629,1792,925,179,2366,2400,1522,1049,639,254,3020,1900,1107,743,286
2018,2,A,골목상권,2110068,남영역 1번,27534,13630,13904,473,8196,8861,5859,2793,1352,188,3512,4538,3018,1558,816,285,4684,4323,2841,1235,536
2018,2,A,골목상권,2110067,배문고등학교,11909,5876,6033,19,1725,2774,2492,2683,2216,12,561,1343,1394,1185,1381,7,1164,1431,1098,1498,835
2018,2,A,골목상권,2110066,서울역 15번,7863,4368,3495,30,969,1706,1466,1763,1929,17,339,814,827,912,1459,13,630,892,639,851,470
2018,2,A,골목상권,2110065,남정초등학교,6495,4415,2080,45,861,2114,1885,908,682,28,522,1560,1316,582,407,17,339,554,569,326,275
2018,2,A,골목상권,2110064,효창공원앞역 2번,6084,3291,2793,14,837,1610,1621,1289,713,7,299,880,947,723,435,7,538,730,674,566,278
2018,2,A,골목상권,2110063,효창공원앞역 5번,10595,7065,3530,79,1452,3320,3030,1581,1133,52,843,2345,2114,1008,703,27,609,975,916,573,430
2018,2,A,골목상권,2110062,한강로동땡땡거리(은행나무길),20782,13122,7660,57,7325,6239,4021,2068,1072,21,3398,4047,3300,1673,683,36,3927,2192,721,395,389
2018,2,A,골목상권,2110061,효창동주민센터,3177,1788,1389,8,432,757,911,681,388,6,142,405,555,393,287,2,290,352,356,288,101
2018,2,A,골목상권,2110060,효창공원앞역 6번,2701,1394,1307,7,274,625,734,547,514,3,94,320,417,255,305,4,180,305,317,292,209
2018,2,A,골목상권,2110059,새남터성지,8487,4538,3949,40,4454,1810,1245,620,318,14,1845,1062,1002,481,134,26,2609,748,243,139,184
2018,2,A,골목상권,2110058,성심여자고등학교,17124,10528,6596,98,5559,4503,3650,1938,1376,56,2474,2983,2747,1373,895,42,3085,1520,903,565,481
2018,2,A,골목상권,2110057,황학코아루아파트,3967,1989,1978,9,727,1041,815,834,541,2,305,556,461,383,282,7,422,485,354,451,259
2018,2,A,골목상권,2110056,신당역 3번,4953,2428,2525,10,848,1268,1099,1059,669,2,344,650,584,480,368,8,504,618,515,579,301
2018,2,A,골목상권,2110055,황학동벼룩시장,7718,4181,3537,7,1746,2628,1808,993,536,4,887,1391,1053,524,322,3,859,1237,755,469,214
2018,2,A,골목상권,2110054,청구역 3번,8261,4214,4047,27,1984,2369,1754,1340,787,13,799,1331,982,628,461,14,1185,1038,772,712,326
2018,2,A,골목상권,2110053,청구역 1번,6283,3114,3169,11,1156,1575,1513,1362,666,6,411,840,804,690,363,5,745,735,709,672,303
2018,2,A,골목상권,2110052,장충초등학교,12297,6242,6055,34,3691,3558,2462,1686,866,14,1393,1942,1505,885,503,20,2298,1616,957,801,363
2018,2,A,골목상권,2110051,한양공고앞 교차로,6348,3088,3260,13,1130,1972,1601,1083,549,4,428,940,835,576,305,9,702,1032,766,507,244
2018,2,A,골목상권,2110050,약수역 7번,3949,1778,2171,13,832,1027,900,694,483,5,274,458,444,312,285,8,558,569,456,382,198
2018,2,A,골목상권,2110049,장충단 고개,14103,7363,6740,48,4116,4157,2833,1854,1095,19,1603,2337,1813,982,609,29,2513,1820,1020,872,486
2018,2,A,골목상권,2110048,장충동주민센터,14265,8122,6143,27,3413,4421,3190,2078,1136,8,1272,2478,2201,1386,777,19,2141,1943,989,692,359
2018,2,A,골목상권,2110047,다산성곽길,12645,5968,6677,44,3881,3533,2466,1712,1009,17,1431,1684,1365,896,575,27,2450,1849,1101,816,434
2018,2,A,골목상권,2110046,버티고개,6568,3059,3509,16,2053,1908,1367,829,395,5,744,872,731,472,235,11,1309,1036,636,357,160
2018,2,A,골목상권,2110045,동대문역사문화공원역 5번,29551,15143,14408,99,5838,8469,7162,5666,2317,26,2813,5288,4182,1966,868,73,3025,3181,2980,3700,1449
2018,2,A,골목상권,2110044,관성묘,29039,14447,14592,92,6567,8419,6777,5171,2013,25,3023,5138,3932,1653,676,67,3544,3281,2845,3518,1337
2018,2,A,골목상권,2110043,충무초등학교,17296,10055,7241,48,3108,4786,4494,3110,1750,21,1138,2580,2925,2150,1241,27,1970,2206,1569,960,509
2018,2,A,골목상권,2110042,남산골공원옆,8127,4724,3403,28,1198,1960,2228,1884,829,11,559,1157,1415,1082,500,17,639,803,813,802,329
2018,2,A,골목상권,2110041,남산케이블카,26540,13007,13533,58,3839,9703,7864,4151,925,13,1082,4324,3951,3048,589,45,2757,5379,3913,1103,336
2018,2,A,골목상권,2110040,중구회현체육센터(정화예술대남산캠퍼스),23841,11479,12362,56,3411,8886,7256,3652,580,13,972,3907,3496,2715,376,43,2439,4979,3760,937,204
2018,2,A,골목상권,2110039,회현역 1번,29368,13832,15536,77,4653,10407,8633,4854,744,35,1506,4677,4093,3043,478,42,3147,5730,4540,1811,266
2018,2,A,골목상권,2110038,경향신문사,43232,23429,19803,64,8064,14321,12252,7779,752,8,2398,7014,7159,6286,564,56,5666,7307,5093,1493,188
2018,2,A,골목상권,2110037,신설동역 12번,5623,2807,2816,30,623,879,1020,1194,1877,6,206,466,519,516,1094,24,417,413,501,678,783
2018,2,A,골목상권,2110036,동묘앞역 3번,4619,2547,2072,50,672,830,943,1002,1122,38,337,486,523,520,643,12,335,344,420,482,479
2018,2,A,골목상권,2110035,동묘앞역 2번,6883,3283,3600,16,723,1167,1412,1516,2049,7,252,544,601,652,1227,9,471,623,811,864,822
2018,2,A,골목상권,2110034,창신1동주민센터,9014,4727,4287,14,1930,3013,2159,1165,733,6,974,1562,1152,587,446,8,956,1451,1007,578,287
2018,2,A,골목상권,2110033,창신역 4번,2384,1301,1083,5,190,368,440,451,930,1,63,155,196,220,666,4,127,213,244,231,264
2018,2,A,골목상권,2110032,수족관거리,8357,4324,4033,12,1792,2851,1997,1057,648,5,929,1462,1028,510,390,7,863,1389,969,547,258
2018,2,A,골목상권,2110031,창신역 1번,964,426,538,2,93,225,262,246,136,0,23,81,112,113,97,2,70,144,150,133,39
2018,2,A,골목상권,2110030,동대문역 3번,3013,1221,1792,9,445,680,829,614,436,3,130,260,313,253,262,6,315,420,516,361,174
2018,2,A,골목상권,2110029,동대문역 1번,8609,5139,3470,13,1253,2365,2282,1755,941,3,682,1535,1345,992,582,10,571,830,937,763,359
2018,2,A,골목상권,2110028,이화달팽이길,7942,4304,3638,32,1317,2230,2017,1525,821,19,501,1097,1187,945,555,13,816,1133,830,580,266
2018,2,A,골목상권,2110027,혜화역 1번,15211,5213,9998,23,3741,5364,3235,2136,712,9,911,1607,1290,979,417,14,2830,3757,1945,1157,295
2018,2,A,골목상권,2110026,종로5가역 4번,8943,5581,3362,26,1307,2504,2412,1744,950,16,735,1688,1419,1069,654,10,572,816,993,675,296
2018,2,A,골목상권,2110025,충신시장옆,12075,7186,4889,39,1936,3559,3279,2315,947,20,702,1880,2151,1741,692,19,1234,1679,1128,574,255
2018,2,A,골목상권,2110024,혜회동주민센터,2473,1311,1162,12,357,548,599,550,407,5,109,256,315,327,299,7,248,292,284,223,108
2018,2,A,골목상권,2110023,서울대병원,17647,6971,10676,34,4025,6294,3948,2482,864,10,1036,2139,1912,1328,546,24,2989,4155,2036,1154,318
2018,2,A,골목상권,2110022,경신고등학교,4063,2167,1896,5,627,984,1020,894,533,1,179,450,591,557,389,4,448,534,429,337,144
2018,2,A,골목상권,2110021,성균관대학교,14220,4913,9307,15,3361,5002,3008,2020,814,5,820,1479,1162,933,514,10,2541,3523,1846,1087,300
2018,2,A,골목상권,2110020,서울국제고등학교,3193,1629,1564,2,421,802,822,710,436,1,129,326,435,419,319,1,292,476,387,291,117
2018,2,A,골목상권,2110019,창덕궁,27893,21293,6600,29,4386,9606,7143,5097,1632,4,2143,7503,5946,4414,1283,25,2243,2103,1197,683,349
2018,2,A,골목상권,2110018,중앙고등학교,28259,21788,6471,38,4428,10086,7406,5112,1189,12,2184,7848,6266,4511,967,26,2244,2238,1140,601,222
2018,2,A,골목상권,2110017,정독도서관,7004,4262,2742,8,1158,2252,1812,1332,442,4,603,1335,1160,881,279,4,555,917,652,451,163
2018,2,A,골목상권,2110016,평창동동측,954,433,521,1,144,236,221,179,173,1,43,113,119,69,88,0,101,123,102,110,85
2018,2,A,골목상권,2110015,청와대사랑채,6614,4428,2186,3,1364,2221,1421,1271,334,1,815,1475,980,945,212,2,549,746,441,326,122
2018,2,A,골목상권,2110014,경복고등학교,5049,3403,1646,2,922,1590,1092,1187,256,1,606,1043,716,873,164,1,316,547,376,314,92
2018,2,A,골목상권,2110013,체부동홍종문가옥,7933,3706,4227,23,1202,1690,1508,1772,1738,12,590,945,816,604,739,11,612,745,692,1168,999
2018,2,A,골목상권,2110012,성곡미술관,48551,28453,20098,76,7102,14152,12734,8933,5554,32,2706,8091,8677,5770,3177,44,4396,6061,4057,3163,2377
2018,2,A,골목상권,2110011,청운초등학교,1093,416,677,0,152,320,264,257,100,0,45,107,107,98,59,0,107,213,157,159,41
2018,2,A,골목상권,2110010,평창동서측,1398,619,779,2,198,290,303,338,267,1,71,131,137,136,143,1,127,159,166,202,124
2018,2,A,골목상권,2110009,자하문터널,1709,943,766,4,352,530,432,250,141,3,105,287,297,155,96,1,247,243,135,95,45
2018,2,A,골목상권,2110008,배화여자대학교(박노수미술관),8493,4235,4258,28,1136,1604,1564,2323,1838,14,618,888,821,1079,815,14,518,716,743,1244,1023
2018,2,A,골목상권,2110007,사직공원(한국사회과학도서관),3801,1979,1822,4,487,1024,1046,798,442,2,173,454,544,461,345,2,314,570,502,337,97
2018,2,A,골목상권,2110006,부암동주민센터,497,191,306,1,96,134,102,102,62,0,32,41,42,41,35,1,64,93,60,61,27
2018,2,A,골목상권,2110005,세검정,2330,1076,1254,4,355,526,589,549,307,3,102,236,310,260,165,1,253,290,279,289,142
2018,2,A,골목상권,2110004,대신고등학교,975,463,512,2,129,181,210,276,177,0,50,58,97,130,128,2,79,123,113,146,49
2018,2,A,골목상권,2110003,세검정초등학교,2364,1147,1217,4,322,521,605,552,360,2,99,241,319,282,204,2,223,280,286,270,156
2018,2,A,골목상권,2110002,독립문역 1번,927,269,658,0,174,229,220,197,107,0,26,59,64,52,68,0,148,170,156,145,39
2018,2,A,골목상권,2110001,이북5도청사,738,393,345,1,37,151,186,209,154,0,14,77,99,106,97,1,23,74,87,103,57
2018,1,A,골목상권,2111090,강일동주민센터,1720,1158,562,2,150,280,468,557,263,2,60,154,299,424,219,0,90,126,169,133,44
2018,1,A,골목상권,2111089,상일여고(상일초등학교),11880,9429,2451,9,1778,5051,2753,1687,602,3,1221,4152,2278,1384,391,6,557,899,475,303,211
2018,1,A,골목상권,2111088,고덕동성당,687,283,404,3,80,106,157,183,158,1,39,58,61,64,60,2,41,48,96,119,98
2018,1,A,골목상권,2111087,고덕중학교(고덕2동주민센터),593,241,352,1,44,117,140,212,79,1,15,37,53,95,40,0,29,80,87,117,39
2018,1,A,골목상권,2111086,한영중고,1198,552,646,3,114,251,336,368,126,2,43,93,146,191,77,1,71,158,190,177,49
2018,1,A,골목상권,2111085,묘곡초등학교(고덕아이파크아파트),881,370,511,1,80,164,216,253,167,0,27,55,87,113,88,1,53,109,129,140,79
2018,1,A,골목상권,2111084,길동신동아아파트,856,395,461,2,101,208,216,211,118,1,43,92,96,92,71,1,58,116,120,119,47
2018,1,A,골목상권,2111083,GS강동자이아파트,2581,1426,1155,6,326,638,690,568,353,2,158,394,376,274,222,4,168,244,314,294,131
2018,1,A,골목상권,2111082,중앙보훈병원,3385,1420,1965,9,722,974,812,641,227,3,193,407,365,319,133,6,529,567,447,322,94
2018,1,A,골목상권,2111081,둔촌푸르지오아파트,1683,1032,651,7,223,401,449,360,243,2,118,300,273,187,152,5,105,101,176,173,91
2018,1,A,골목상권,2111080,굽은다리역 3번,3624,1470,2154,14,420,628,841,952,769,10,131,275,367,314,373,4,289,353,474,638,396
2018,1,A,골목상권,2111079,둔촌고등학교(둔촌중학교),5173,2542,2631,15,849,1308,1255,1103,643,6,259,613,614,604,446,9,590,695,641,499,197
2018,1,A,골목상권,2111078,굽은다리역 4번,4501,2324,2177,19,522,890,1114,1046,910,11,197,468,563,521,564,8,325,422,551,525,346
2018,1,A,골목상권,2111077,길동주민센터(강동도서관),9769,5000,4769,27,1407,2321,2291,2145,1578,14,578,1251,1229,947,981,13,829,1070,1062,1198,597
2018,1,A,골목상권,2111076,둔촌2동주민센터,4848,2643,2205,12,836,1254,1042,1000,704,5,336,680,591,549,482,7,500,574,451,451,222
2018,1,A,골목상권,2111075,굽은다리역 2번,3414,1503,1911,11,396,602,734,829,842,8,119,266,314,351,445,3,277,336,420,478,397
2018,1,A,골목상권,2111074,명일역 1번,2130,897,1233,2,263,382,492,569,422,1,86,156,196,231,227,1,177,226,296,338,195
2018,1,A,골목상권,2111073,둔촌동역 1번(한산중학교),7990,4016,3974,22,1233,1964,1811,1871,1089,13,513,1006,927,839,718,9,720,958,884,1032,371
2018,1,A,골목상권,2111072,굽은다리역 1번(십자성마을),4706,2519,2187,14,477,924,1070,1158,1063,8,152,483,550,640,686,6,325,441,520,518,377
2018,1,A,골목상권,2111071,천동초등학교,3783,2201,1582,8,423,772,899,849,832,4,140,413,512,530,602,4,283,359,387,319,230
2018,1,A,골목상권,2111070,천호초등학교,2234,1032,1202,5,194,471,536,577,451,3,48,232,221,288,240,2,146,239,315,289,211
2018,1,A,골목상권,2111069,천호1동주민센터,2547,1046,1501,6,242,575,677,637,410,3,69,263,267,250,194,3,173,312,410,387,216
2018,1,A,골목상권,2111068,강동성심병원,5923,2830,3093,22,1096,1473,1326,1227,779,13,359,699,697,528,534,9,737,774,629,699,245
2018,1,A,골목상권,2111067,강동구립성내도서관,10896,5292,5604,29,1929,2759,2414,2240,1525,17,688,1371,1270,987,959,12,1241,1388,1144,1253,566
2018,1,A,골목상권,2111066,암사동성당(효정하나플러스아파트),1887,928,959,7,178,423,504,474,301,3,51,212,238,250,174,4,127,211,266,224,127
2018,1,A,골목상권,2111065,천일초등학교,1254,592,662,3,123,266,316,330,216,0,32,104,129,168,159,3,91,162,187,162,57
2018,1,A,골목상권,2111064,둔촌동역 4번,4298,2347,1951,12,476,901,972,1115,822,6,212,499,519,606,505,6,264,402,453,509,317
2018,1,A,골목상권,2111063,강동구립 천호도서관,4850,2511,2339,25,671,1032,1181,1100,841,10,248,534,626,581,512,15,423,498,555,519,329
2018,1,A,골목상권,2111062,둔촌동역 3번(성내3동주민센터),7753,4561,3192,11,1044,2222,1958,1614,904,4,467,1275,1184,991,640,7,577,947,774,623,264
2018,1,A,골목상권,2111061,암사역 1번,5197,2300,2897,13,640,1061,1370,1361,752,5,235,546,599,482,433,8,405,515,771,879,319
2018,1,A,골목상권,2111060,암사역 2번(서울강동초등학교),4862,2228,2634,19,587,1087,1384,1132,653,10,242,547,632,455,342,9,345,540,752,677,311
2018,1,A,골목상권,2111059,강동역 4번(강풀만화거리),10302,4956,5346,54,1863,2528,2404,1977,1476,21,651,1258,1238,911,877,33,1212,1270,1166,1066,599
2018,1,A,골목상권,2111058,성내중학교,4046,2487,1559,7,429,875,1096,1136,503,5,193,560,674,732,323,2,236,315,422,404,180
2018,1,A,골목상권,2111057,천호공원(해공체육문화센터),3066,1397,1669,9,425,606,805,766,455,3,142,298,364,320,270,6,283,308,441,446,185
2018,1,A,골목상권,2111056,천호태영아파트,4589,2231,2358,34,814,1050,1123,870,698,11,347,561,568,379,365,23,467,489,555,491,333
2018,1,A,골목상권,2111055,선사초등학교,2083,819,1264,4,223,381,496,646,333,2,65,158,174,200,220,2,158,223,322,446,113
2018,1,A,골목상권,2111054,암사역 4번(삼성광나루아파트),2917,1174,1743,6,349,539,669,831,523,3,97,233,252,272,317,3,252,306,417,559,206
2018,1,A,골목상권,2111053,성내천어린이공원(하니사랑길),20893,11717,9176,52,2594,4969,5320,5030,2928,35,1204,2902,2891,2771,1914,17,1390,2067,2429,2259,1014
2018,1,A,골목상권,2111052,암사역 3번(천호동자전거거리),3334,1608,1726,12,445,696,943,766,472,6,193,368,469,312,260,6,252,328,474,454,212
2018,1,A,골목상권,2111051,천호역 6번,9715,4532,5183,50,1622,2479,2349,2042,1173,16,586,1131,1040,1038,721,34,1036,1348,1309,1004,452
2018,1,A,골목상권,2111050,강동구청(강동구청역 2번),13462,6892,6570,39,1549,2746,3262,3452,2414,31,709,1477,1521,1636,1518,8,840,1269,1741,1816,896
2018,1,A,골목상권,2111049,천호지구대(천호동자전거거리),4481,2212,2269,20,625,843,1092,1008,893,10,219,445,540,442,556,10,406,398,552,566,337
2018,1,A,골목상권,2111048,천호역 1번(천호문구완구거리),3875,1891,1984,26,557,753,897,857,785,8,183,380,436,376,508,18,374,373,461,481,277
2018,1,A,골목상권,2111047,마천1치안센터,1147,608,539,2,90,176,288,310,281,2,23,69,116,186,212,0,67,107,172,124,69
2018,1,A,골목상권,2111046,마천역(마천초등학교),2853,1409,1444,4,307,542,806,751,443,3,107,263,363,370,303,1,200,279,443,381,140
2018,1,A,골목상권,2111045,개미어린이공원,1560,672,888,5,179,253,397,460,266,1,60,124,168,163,156,4,119,129,229,297,110
2018,1,A,골목상권,2111044,남천초등학교,2607,1428,1179,5,236,441,669,758,498,5,91,227,338,411,356,0,145,214,331,347,142
2018,1,A,골목상권,2111043,마천공원,2852,1740,1112,8,344,556,712,799,433,8,170,371,421,458,312,0,174,185,291,341,121
2018,1,A,골목상권,2111042,거여역 1번(거여공원),6449,3516,2933,13,717,1281,1627,1591,1220,6,325,822,889,749,725,7,392,459,738,842,495
2018,1,A,골목상권,2111041,거여역 8번,2695,1622,1073,6,206,516,574,634,759,2,110,336,366,332,476,4,96,180,208,302,283
2018,1,A,골목상권,2111040,거여초등학교,2933,1812,1121,11,364,729,745,751,333,8,197,501,469,429,208,3,167,228,276,322,125
2018,1,A,골목상권,2111039,벌말어린이공원,3941,2296,1645,10,466,930,1035,1051,449,7,232,605,625,570,257,3,234,325,410,481,192
2018,1,A,골목상권,2111038,보인중학교,3581,2011,1570,7,456,822,919,949,428,4,209,507,538,504,249,3,247,315,381,445,179
2018,1,A,골목상권,2111037,Sh수협은행 오금동금융센터(아랫말어린이공원),2219,1360,859,5,210,470,631,616,287,3,106,308,403,362,178,2,104,162,228,254,109
2018,1,A,골목상권,2111036,투구봉어린이공원,2498,1373,1125,5,356,621,623,517,376,0,153,340,340,271,269,5,203,281,283,246,107
2018,1,A,골목상권,2111035,오금공원(오주중학교),3146,1882,1264,8,299,636,873,896,434,5,139,405,546,516,271,3,160,231,327,380,163
2018,1,A,골목상권,2111034,오동나무공원(송파레미니스1단지),4366,2678,1688,14,544,1112,1186,1050,460,7,287,730,763,577,314,7,257,382,423,473,146
2018,1,A,골목상권,2111033,문정동성당,4104,2372,1732,7,372,637,927,1073,1088,6,186,404,545,602,629,1,186,233,382,471,459
2018,1,A,골목상권,2111032,방이역 1번,9967,6029,3938,27,830,1562,1676,1696,4176,8,363,916,1015,920,2807,19,467,646,661,776,1369
2018,1,A,골목상권,2111031,장지동주민센터(한림연예예술고교),6568,3783,2785,16,720,1254,1633,1606,1339,7,352,760,948,899,817,9,368,494,685,707,522
2018,1,A,골목상권,2111030,방이역 2번,7325,4219,3106,20,556,1045,1130,1174,3400,5,245,633,636,573,2127,15,311,412,494,601,1273
2018,1,A,골목상권,2111029,오금역 4번,6837,3912,2925,28,994,1931,1821,1401,662,7,487,1134,1041,784,459,21,507,797,780,617,203
2018,1,A,골목상권,2111028,문현중학교(장지역 1번),14525,8600,5925,77,2422,3715,3909,2907,1495,28,1050,2255,2370,1757,1140,49,1372,1460,1539,1150,355
2018,1,A,골목상권,2111027,문정초등학교,10700,6679,4021,23,1101,1843,2204,2192,3337,16,538,1156,1346,1260,2363,7,563,687,858,932,974
2018,1,A,골목상권,2111026,문정역 2번,18110,11006,7104,92,3178,4979,4785,3305,1771,37,1421,3078,3092,2007,1371,55,1757,1901,1693,1298,400
2018,1,A,골목상권,2111025,경찰병원역 3번,13041,7194,5847,56,2007,2914,2748,2553,2763,20,871,1675,1574,1172,1882,36,1136,1239,1174,1381,881
2018,1,A,골목상권,2111024,경찰병원역 4번(건너말공원),20456,12202,8254,77,3063,4640,4756,4170,3750,35,1372,2781,2996,2413,2605,42,1691,1859,1760,1757,1145
2018,1,A,골목상권,2111023,문정역 1번,16774,10296,6478,81,2897,4644,4365,3071,1716,36,1296,2895,2870,1860,1339,45,1601,1749,1495,1211,377
2018,1,A,골목상권,2111022,석촌중학교(방이육교),7814,4686,3128,15,1181,2138,1946,1608,926,6,566,1357,1226,956,575,9,615,781,720,652,351
2018,1,A,골목상권,2111021,방이역 4번,10105,6117,3988,45,1453,2429,2404,1965,1809,20,609,1385,1425,1223,1455,25,844,1044,979,742,354
2018,1,A,골목상권,2111020,방이동고분군(방산고등학교),1939,1066,873,7,206,404,478,480,364,3,84,204,242,258,275,4,122,200,236,222,89
2018,1,A,골목상권,2111019,한성백제역 3번,9083,5619,3464,35,1317,2399,2270,2029,1033,20,621,1497,1447,1274,760,15,696,902,823,755,273
2018,1,A,골목상권,2111018,풍납초등학교(풍납백제문화공원),832,458,374,0,68,161,206,236,161,0,28,75,96,141,118,0,40,86,110,95,43
2018,1,A,골목상권,2111017,송파나루역 3번,4364,2594,1770,24,661,1060,1072,929,618,13,328,646,630,524,453,11,333,414,442,405,165
2018,1,A,골목상권,2111016,송파역 2번,6321,3005,3316,27,1333,1636,1513,1253,559,11,471,820,834,530,339,16,862,816,679,723,220
2018,1,A,골목상권,2111015,석촌역 3번,10372,5794,4578,27,1466,2341,2413,2283,1842,12,643,1340,1364,1246,1189,15,823,1001,1049,1037,653
2018,1,A,골목상권,2111014,송파나루역 2번,9916,6084,3832,37,1465,2595,2385,2121,1313,25,766,1694,1547,1159,893,12,699,901,838,962,420
2018,1,A,골목상권,2111013,송파나루역 1번(송리단길),11133,6428,4705,34,1736,2816,2637,2280,1630,16,804,1726,1573,1230,1079,18,932,1090,1064,1050,551
2018,1,A,골목상권,2111012,석촌역 6번,6533,3453,3080,32,948,1418,1517,1316,1302,13,321,737,871,727,784,19,627,681,646,589,518
2018,1,A,골목상권,2111011,잠실나루역,1103,515,588,2,114,232,346,237,172,0,30,91,141,118,135,2,84,141,205,119,37
2018,1,A,골목상권,2111010,석촌역 7번,9165,5215,3950,76,1666,1964,2022,1611,1826,33,610,1114,1149,859,1450,43,1056,850,873,752,376
2018,1,A,골목상권,2111009,송파책박물관,2256,1293,963,13,342,513,606,495,287,6,130,271,399,299,188,7,212,242,207,196,99
2018,1,A,골목상권,2111008,석촌고분역 3번,4981,2843,2138,36,729,1147,1335,1068,666,24,288,649,868,583,431,12,441,498,467,485,235
2018,1,A,골목상권,2111007,석촌고분역 4번,4916,2758,2158,25,672,1125,1188,1167,739,18,308,692,707,562,471,7,364,433,481,605,268
2018,1,A,골목상권,2111006,석촌고분역 1번,9426,5165,4261,62,1590,1927,1991,1843,2013,27,561,1053,1048,882,1594,35,1029,874,943,961,419
2018,1,A,골목상권,2111005,삼전역 3번,5036,2976,2060,14,650,1067,1065,1171,1069,4,265,672,624,656,755,10,385,395,441,515,314
2018,1,A,골목상권,2111004,삼전역 1번,12205,7414,4791,81,1746,2901,2862,2556,2059,45,794,1777,1802,1592,1404,36,952,1124,1060,964,655
2018,1,A,골목상권,2111003,삼전역 4번,7018,4195,2823,60,832,1549,1539,1444,1594,38,362,970,926,820,1079,22,470,579,613,624,515
2018,1,A,골목상권,2111002,한국교통안전공단 강남자동차검사소,968,642,326,1,61,164,282,258,202,0,24,107,182,184,145,1,37,57,100,74,57
2018,1,A,골목상권,2111001,아래방죽마을공원(율현초등학교),777,400,377,2,81,153,200,196,145,0,20,56,87,120,117,2,61,97,113,76,28
2018,1,A,골목상권,2111000,대왕초등학교(세곡동사거리서남측),814,278,536,9,156,182,191,174,102,9,48,59,55,52,55,0,108,123,136,122,47
2018,1,A,골목상권,2110999,윗방죽마을공원,1758,916,842,4,252,390,412,407,293,1,68,167,181,247,252,3,184,223,231,160,41
2018,1,A,골목상권,2110998,은곡마을(은곡마을공원),1247,625,622,2,216,305,277,254,193,1,58,138,120,140,168,1,158,167,157,114,25
2018,1,A,골목상권,2110997,대청초등학교,10567,3743,6824,14,2482,3420,2265,1514,872,8,522,1095,940,702,476,6,1960,2325,1325,812,396
2018,1,A,골목상권,2110996,대치2동주민센터,11392,6681,4711,42,1942,3565,3038,1715,1090,17,762,2115,2029,1054,704,25,1180,1450,1009,661,386
2018,1,A,골목상권,2110995,봉은사역 4번,28723,18538,10185,104,6219,7466,5341,5137,4456,43,3357,5336,3942,3008,2852,61,2862,2130,1399,2129,1604
2018,1,A,골목상권,2110994,개포고등학교,2132,1237,895,11,222,405,444,572,478,6,97,215,253,333,333,5,125,190,191,239,145
2018,1,A,골목상권,2110993,개포지하차도 북측,254,120,134,0,31,58,59,64,42,0,12,17,31,34,26,0,19,41,28,30,16
2018,1,A,골목상권,2110992,도곡초등학교,9038,4386,4652,77,1837,2576,2176,1461,911,31,585,1242,1151,777,600,46,1252,1334,1025,684,311
2018,1,A,골목상권,2110991,삼성중앙역 5번,42968,23018,19950,331,11952,14397,9895,4753,1640,131,4181,7824,6896,3022,964,200,7771,6573,2999,1731,676
2018,1,A,골목상권,2110990,청담역 12번,10102,6221,3881,30,1781,3227,2551,1283,1230,8,634,2011,1936,829,803,22,1147,1216,615,454,427
2018,1,A,골목상권,2110989,대치동아우편취급국,25609,15157,10452,186,5177,9447,6756,2841,1202,35,2262,5814,4370,1857,819,151,2915,3633,2386,984,383
2018,1,A,골목상권,2110988,청담역 3번,10345,6316,4029,48,1858,3196,2607,1454,1182,24,673,1967,1945,950,757,24,1185,1229,662,504,425
2018,1,A,골목상권,2110987,영동대교남단,9344,5100,4244,94,2130,3156,2123,1214,627,8,731,1792,1406,729,434,86,1399,1364,717,485,193
2018,1,A,골목상권,2110986,삼성중앙역 7번,15226,8340,6886,81,3648,5281,3298,1960,958,35,1556,3264,2130,850,505,46,2092,2017,1168,1110,453
2018,1,A,골목상권,2110985,청담근린공원,11532,6142,5390,101,2763,3929,2603,1413,723,10,920,2215,1668,837,492,91,1843,1714,935,576,231
2018,1,A,골목상권,2110984,포이초등학교(개포목련어린이공원),10578,6714,3864,30,1342,2788,2890,2257,1271,12,671,1811,1829,1476,915,18,671,977,1061,781,356
2018,1,A,골목상권,2110983,국립국악고등학교,5836,3590,2246,23,710,1328,1536,1255,984,14,297,844,948,760,727,9,413,484,588,495,257
2018,1,A,골목상권,2110982,강남구보훈회관,7592,3684,3908,38,1262,2713,1668,1239,672,22,416,1139,826,802,479,16,846,1574,842,437,193
2018,1,A,골목상권,2110981,국악고교사거리,24437,14025,10412,102,3435,6295,6844,5177,2584,36,1579,4012,3989,2686,1723,66,1856,2283,2855,2491,861
2018,1,A,골목상권,2110980,개포지구대옆,21645,12493,9152,90,3332,5767,5294,4055,3107,34,1528,3842,3288,2167,1634,56,1804,1925,2006,1888,1473
2018,1,A,골목상권,2110979,청담초등학교,14464,4621,9843,97,5063,5394,2578,903,429,5,1169,1876,923,374,274,92,3894,3518,1655,529,155
2018,1,A,골목상권,2110978,도곡2동주민센터(대치중학교),8242,4374,3868,36,1566,1908,1548,1249,1935,20,604,1127,1002,740,881,16,962,781,546,509,1054
2018,1,A,골목상권,2110977,논현로18길,20092,11480,8612,91,2991,5308,5609,4189,1904,32,1334,3352,3352,2167,1243,59,1657,1956,2257,2022,661
2018,1,A,골목상권,2110976,언북초등학교,15033,5496,9537,144,4924,5289,2902,1106,668,38,1229,2061,1181,562,425,106,3695,3228,1721,544,243
2018,1,A,골목상권,2110975,매봉역 1번,5151,3052,2099,25,1201,1525,1200,703,497,10,451,935,809,478,369,15,750,590,391,225,128
2018,1,A,골목상권,2110974,언주중학교,9816,4959,4857,56,2716,3265,2131,1068,580,17,914,1686,1322,631,389,39,1802,1579,809,437,191
2018,1,A,골목상권,2110973,강남구청역 4번,15822,7902,7920,50,2586,4441,4033,3244,1468,19,850,2260,2187,1639,947,31,1736,2181,1846,1605,521
2018,1,A,골목상권,2110972,강남세브란스병원미래의학연구센터,18305,9830,8475,110,4690,5578,4202,2286,1439,43,1730,3060,2594,1377,1026,67,2960,2518,1608,909,413
2018,1,A,골목상권,2110971,선정릉역 4번,62228,31123,31105,344,16843,17635,13434,8491,5481,139,6161,9968,7695,4070,3090,205,10682,7667,5739,4421,2391
2018,1,A,골목상권,2110970,학동초등학교,14753,7741,7012,80,3797,5003,3515,1551,807,22,1330,2704,2202,951,532,58,2467,2299,1313,600,275
2018,1,A,골목상권,2110969,베르사이유1아파트,69192,41794,27398,528,16374,22128,17340,9475,3347,254,7439,14387,11890,5642,2182,274,8935,7741,5450,3833,1165
2018,1,A,골목상권,2110968,강남구청역 2번,20523,10872,9651,87,4300,6369,4948,3212,1607,27,1516,3504,3152,1653,1020,60,2784,2865,1796,1559,587
2018,1,A,골목상권,2110967,역삼역 8번,55774,35243,20531,436,12183,16612,13920,8855,3768,246,6066,11457,9910,5245,2319,190,6117,5155,4010,3610,1449
2018,1,A,골목상권,2110966,논현2동주민센터,35241,19977,15264,142,6647,11009,8595,5758,3090,30,2394,6230,5703,3618,2002,112,4253,4779,2892,2140,1088
2018,1,A,골목상권,2110965,언주역 6번,24160,13773,10387,108,5298,6831,5349,3620,2954,48,2114,4172,3689,1994,1756,60,3184,2659,1660,1626,1198
2018,1,A,골목상권,2110964,싸리고개근린공원,16305,5233,11072,190,3026,3360,6104,2912,713,81,1248,1459,1270,668,507,109,1778,1901,4834,2244,206
2018,1,A,골목상권,2110963,역삼월드메르디앙아파트,28703,12385,16318,272,5374,7289,9117,4603,2048,107,2013,3639,3350,1828,1448,165,3361,3650,5767,2775,600
2018,1,A,골목상권,2110962,도산공원북측,9942,4544,5398,94,3114,3488,1756,928,562,27,1116,1849,960,358,234,67,1998,1639,796,570,328
2018,1,A,골목상권,2110961,언주역 3번,27567,14132,13435,154,7076,8013,5669,3205,3450,60,2353,4319,3387,1648,2365,94,4723,3694,2282,1557,1085
2018,1,A,골목상권,2110960,은광여고,21872,12684,9188,108,3973,6046,5168,3802,2775,46,1648,3474,3351,2313,1852,62,2325,2572,1817,1489,923
2018,1,A,골목상권,2110959,신구중학교,13205,6036,7169,172,3885,3846,2272,1666,1364,70,1482,1959,1286,671,568,102,2403,1887,986,995,796
2018,1,A,골목상권,2110958,역삼역 4번,65318,40169,25149,489,14810,20891,16771,9312,3045,259,6703,13616,11798,5723,2070,230,8107,7275,4973,3589,975
2018,1,A,골목상권,2110957,언북중학교,35440,19332,16108,164,8422,11683,8176,3892,3103,47,2792,6390,5242,2603,2258,117,5630,5293,2934,1289,845
2018,1,A,골목상권,2110956,언주역 8번,19804,10989,8815,125,5046,5879,4444,2707,1603,53,1899,3351,3008,1554,1124,72,3147,2528,1436,1153,479
2018,1,A,골목상권,2110955,논현초등학교,23537,13092,10445,108,5737,7103,5267,2958,2364,45,2129,4162,3469,1728,1559,63,3608,2941,1798,1230,805
2018,1,A,골목상권,2110954,국기원,26768,13361,13407,150,7678,8958,5807,2659,1516,51,2310,4559,3768,1665,1008,99,5368,4399,2039,994,508
2018,1,A,골목상권,2110953,학동근린공원,28780,14815,13965,179,8963,9569,5954,2464,1651,51,3000,5180,3807,1576,1201,128,5963,4389,2147,888,450
2018,1,A,골목상권,2110952,논현목련공원,9520,5356,4164,30,1990,3168,2462,1125,745,9,777,1856,1543,659,512,21,1213,1312,919,466,233
2018,1,A,골목상권,2110951,신사은행나무공원,18522,9015,9507,152,6367,5735,3506,1600,1162,43,2113,2884,2191,961,823,109,4254,2851,1315,639,339
2018,1,A,골목상권,2110950,논현역 7번,23762,12739,11023,79,5908,8309,5682,2431,1353,16,1956,4711,3629,1518,909,63,3952,3598,2053,913,444
2018,1,A,골목상권,2110949,한남IC,10418,5249,5169,81,2887,3498,2220,1092,640,33,956,1903,1327,612,418,48,1931,1595,893,480,222
2018,1,A,골목상권,2110948,헌인가구단지,299,158,141,0,35,72,96,74,22,0,7,39,59,36,17,0,28,33,37,38,5
2018,1,A,골목상권,2110947,청계산입구역 2번(내곡동주민센터),808,435,373,4,129,202,205,180,88,1,49,115,117,99,54,3,80,87,88,81,34
2018,1,A,골목상권,2110946,청계산원터골,725,413,312,4,107,183,182,164,85,1,45,110,113,93,51,3,62,73,69,71,34
2018,1,A,골목상권,2110945,본마을노인복지센터(서초구립내곡도서관),421,214,207,0,48,109,131,97,36,0,18,57,66,50,23,0,30,52,65,47,13
2018,1,A,골목상권,2110944,서울나래학교(염곡어린이공원),85659,79439,6220,9,7534,18154,26596,32120,1246,4,6245,16267,24470,31276,1177,5,1289,1887,2126,844,69
2018,1,A,골목상권,2110943,법제교육센터(버들어린이공원),12926,6886,6040,47,1629,3046,3660,2815,1729,26,694,1800,1965,1345,1056,21,935,1246,1695,1470,673
2018,1,A,골목상권,2110942,염곡동 구룡사(포이동성당),100171,88002,12169,56,9385,21855,30408,35112,3355,24,7154,18581,26830,32859,2554,32,2231,3274,3578,2253,801
2018,1,A,골목상권,2110941,언남고등학교,6537,4080,2457,39,1031,1770,1838,1163,696,13,520,1114,1203,725,505,26,511,656,635,438,191
2018,1,A,골목상권,2110940,양재근린공원(양재2동주민센터),10941,6522,4419,437,3016,2570,2303,1587,1028,173,1520,1531,1498,991,809,264,1496,1039,805,596,219
2018,1,A,골목상권,2110939,양재역 8번(양재동우체국),32962,19170,13792,166,6595,9412,7331,5009,4449,65,2723,5769,4691,3087,2835,101,3872,3643,2640,1922,1614
2018,1,A,골목상권,2110938,바우뫼공원,12033,7310,4723,461,3462,3205,2444,1486,975,197,1698,2067,1771,929,648,264,1764,1138,673,557,327
2018,1,A,골목상권,2110937,방아다리근린공원(횃불트리니티신학대학원대학교),12716,8039,4677,53,2127,3868,3034,2112,1522,26,972,2464,2190,1403,984,27,1155,1404,844,709,538
2018,1,A,골목상권,2110936,더케이호텔(양재리본타워2단지아파트),8817,5859,2958,422,2993,2516,1677,875,334,173,1670,1785,1315,667,249,249,1323,731,362,208,85
2018,1,A,골목상권,2110935,한전아트센터,9428,6273,3155,42,1696,2877,2344,1451,1018,14,845,1919,1730,1002,763,28,851,958,614,449,255
2018,1,A,골목상권,2110934,우면주공아파트,4373,3015,1358,5,604,797,937,1307,723,3,279,517,689,966,561,2,325,280,248,341,162
2018,1,A,골목상권,2110933,한국상담대학원대학교,6198,4180,2018,21,1141,2130,1566,891,449,9,557,1468,1184,621,341,12,584,662,382,270,108
2018,1,A,골목상권,2110932,서울시인재개발원,18126,9001,9125,133,4873,4823,4092,3101,1104,61,2153,3045,2129,1028,585,72,2720,1778,1963,2073,519
2018,1,A,골목상권,2110931,삼성전자서울R&D(서울우면초등학교),549,238,311,5,62,105,104,156,117,5,14,34,46,78,61,0,48,71,58,78,56
2018,1,A,골목상권,2110930,서초동성당,15581,9037,6544,59,3233,4877,4207,2154,1051,24,1573,2949,2374,1348,769,35,1660,1928,1833,806,282
2018,1,A,골목상권,2110929,남부터미널역 1번,23710,14009,9701,134,5085,7270,5885,3337,1999,56,2045,4401,3950,2098,1459,78,3040,2869,1935,1239,540
2018,1,A,골목상권,2110928,서초우방유쉘아파트,23245,13478,9767,157,4964,6815,5713,3500,2096,58,2164,4203,3558,2052,1443,99,2800,2612,2155,1448,653
2018,1,A,골목상권,2110927,잠원역,1008,461,547,3,142,195,208,208,252,2,29,71,74,88,197,1,113,124,134,120,55
2018,1,A,골목상권,2110926,신중초등학교,13770,8632,5138,43,2507,4464,3700,1901,1155,24,1000,2911,2723,1221,753,19,1507,1553,977,680,402
2018,1,A,골목상권,2110925,서초중학교,10712,6687,4025,75,2347,3243,2346,1427,1274,38,1073,2116,1623,944,893,37,1274,1127,723,483,381
2018,1,A,골목상권,2110924,반포4동주민센터(몽마르뜨공원),24050,9202,14848,60,6543,7958,5825,2931,733,18,1336,3038,2754,1625,431,42,5207,4920,3071,1306,302
2018,1,A,골목상권,2110923,방배역 1번,5246,3015,2231,50,1007,1281,1023,882,1003,8,379,753,663,447,765,42,628,528,360,435,238
2018,1,A,골목상권,2110922,내방역 1번,10220,5054,5166,65,2023,2700,2636,1772,1024,25,663,1462,1411,819,674,40,1360,1238,1225,953,350
2018,1,A,골목상권,2110921,서울프랑스학교,5338,3172,2166,57,1175,1508,1384,814,400,17,543,934,897,544,237,40,632,574,487,270,163
2018,1,A,골목상권,2110920,방배역 2번(백석예술대학교),5747,3430,2317,50,1106,1406,1166,963,1056,8,424,863,772,546,817,42,682,543,394,417,239
2018,1,A,골목상권,2110919,내방역 8번,8225,4126,4099,50,1781,2394,2053,1307,640,18,599,1279,1164,638,428,32,1182,1115,889,669,212
2018,1,A,골목상권,2110918,방배역 3번,7475,4443,3032,27,1257,1686,1814,1323,1368,14,413,982,1145,825,1064,13,844,704,669,498,304
2018,1,A,골목상권,2110917,서초소방서,2887,1875,1012,5,459,862,821,506,234,1,204,578,575,363,154,4,255,284,246,143,80
2018,1,A,골목상권,2110916,내방역 4번,13467,6697,6770,75,2385,3501,3731,2359,1416,33,915,1869,1836,1059,985,42,1470,1632,1895,1300,431
2018,1,A,골목상권,2110915,서래초등학교,4962,3274,1688,11,834,1604,1283,685,545,3,367,1131,889,485,399,8,467,473,394,200,146
2018,1,A,골목상권,2110914,내방역 6번,9365,4688,4677,50,1626,2489,2557,1718,925,21,665,1340,1239,768,655,29,961,1149,1318,950,270
2018,1,A,골목상권,2110913,방현초등학교(방배119안전센터),10059,4762,5297,34,1215,2181,2297,2654,1678,12,535,1332,1190,918,775,22,680,849,1107,1736,903
2018,1,A,골목상권,2110912,방배동사이길,4489,2888,1601,12,745,1316,1045,704,667,2,307,892,694,491,502,10,438,424,351,213,165
2018,1,A,골목상권,2110911,방배배수지체육공원,9232,3975,5257,32,1171,2168,2050,2368,1443,13,434,1205,1002,715,606,19,737,963,1048,1653,837
2018,1,A,골목상권,2110910,내방역 5번,10627,5531,5096,56,1700,2680,2903,2007,1281,25,689,1414,1439,1011,953,31,1011,1266,1464,996,328
2018,1,A,골목상권,2110909,남태령역(서울전자고등학교),2431,1715,716,2,367,719,622,530,191,2,155,442,489,468,159,0,212,277,133,62,32
2018,1,A,골목상권,2110908,구반포역,2147,1324,823,17,348,519,509,362,392,13,201,341,317,239,213,4,147,178,192,123,179
2018,1,A,골목상권,2110907,방배초등학교,11077,5870,5207,56,1813,2720,3022,2021,1445,28,735,1442,1495,1085,1085,28,1078,1278,1527,936,360
2018,1,A,골목상권,2110906,서문여고,4860,2849,2011,27,819,1070,1145,953,846,13,300,627,695,599,615,14,519,443,450,354,231
2018,1,A,골목상권,2110905,방배노인종합복지관(이수중학교),4684,3014,1670,7,684,1173,1214,978,628,4,334,769,861,648,398,3,350,404,353,330,230
2018,1,A,골목상권,2110904,이수역 5번,6845,3816,3029,29,1228,1758,1760,1222,848,17,471,984,1064,693,587,12,757,774,696,529,261
2018,1,A,골목상권,2110903,방배아이파크아파트,6318,3392,2926,22,863,1504,1521,1440,968,9,327,920,862,660,614,13,536,584,659,780,354
2018,1,A,골목상권,2110902,사당역 4번,6249,3271,2978,35,1431,1467,1529,1156,631,12,570,812,868,582,427,23,861,655,661,574,204
2018,1,A,골목상권,2110901,인헌고등학교(인헌중학교),1670,737,933,2,234,386,451,406,191,1,66,191,196,177,106,1,168,195,255,229,85
2018,1,A,골목상권,2110900,낙성대역 1번(관악구민 종합체육센터),3930,2163,1767,15,621,895,843,808,748,8,220,472,424,471,568,7,401,423,419,337,180
2018,1,A,골목상권,2110899,낙성대역 5번(관악중학교),3515,2058,1457,24,630,953,782,602,524,11,259,594,480,343,371,13,371,359,302,259,153
2018,1,A,골목상권,2110898,청림동주민센터(상도중학교),1223,529,694,5,170,277,347,254,170,3,55,126,134,91,120,2,115,151,213,163,50
2018,1,A,골목상권,2110897,서울대입구역 8번,5486,2758,2728,35,1003,1207,1307,1073,861,24,404,632,669,521,508,11,599,575,638,552,353
2018,1,A,골목상권,2110896,관악우성아파트,2006,958,1048,15,290,431,508,410,352,13,124,227,259,178,157,2,166,204,249,232,195
2018,1,A,골목상권,2110895,샤로수길,10833,6170,4663,34,1679,2504,2508,2452,1656,17,690,1389,1378,1532,1164,17,989,1115,1130,920,492
2018,1,A,골목상권,2110894,관악동부센트레빌아파트(은천로35라길),1408,712,696,12,182,295,402,262,255,11,84,159,187,138,133,1,98,136,215,124,122
2018,1,A,골목상권,2110893,관악소방서(문영여고),2005,1504,501,0,312,626,491,427,149,0,194,481,374,342,113,0,118,145,117,85,36
2018,1,A,골목상권,2110892,관악구 중앙길,6298,2785,3513,38,964,1333,1633,1270,1060,31,313,592,754,545,550,7,651,741,879,725,510
2018,1,A,골목상권,2110891,구암초등학교,1325,419,906,5,159,255,364,357,185,3,44,92,98,100,82,2,115,163,266,257,103
2018,1,A,골목상권,2110890,봉천역 1번(관악초등학교),2431,1291,1140,16,333,507,656,493,426,16,126,259,359,254,277,0,207,248,297,239,149
2018,1,A,골목상권,2110889,봉천역 6번,2786,1027,1759,4,368,575,712,628,499,2,87,229,291,207,211,2,281,346,421,421,288
2018,1,A,골목상권,2110888,청룡동주민센터,1451,763,688,1,172,308,386,347,237,1,75,145,186,188,168,0,97,163,200,159,69
2018,1,A,골목상권,2110887,서울산업정보학교(서울삼성초등학교),1639,942,697,6,158,317,446,513,199,3,49,158,255,328,149,3,109,159,191,185,50
2018,1,A,골목상권,2110886,관악해태어린이공원,1860,1078,782,6,206,362,519,534,233,4,81,204,295,335,159,2,125,158,224,199,74
2018,1,A,골목상권,2110885,영락고등학교,1393,697,696,1,129,230,347,410,276,1,44,120,159,203,170,0,85,110,188,207,106
2018,1,A,골목상권,2110884,봉천역 4번(봉천110안전센터),3851,1763,2088,8,540,748,949,991,615,4,169,354,434,440,362,4,371,394,515,551,253
2018,1,A,골목상권,2110883,은천초등학교(은천교앞),2947,1499,1448,17,378,563,768,784,437,7,141,296,372,383,300,10,237,267,396,401,137
2018,1,A,골목상권,2110882,신성초등학교,2802,1652,1150,8,288,453,737,799,517,5,122,259,435,486,345,3,166,194,302,313,172
2018,1,A,골목상권,2110881,구립대학경로당(관악산샘말공원),3156,1732,1424,9,392,650,808,817,480,5,140,334,431,480,342,4,252,316,377,337,138
2018,1,A,골목상권,2110880,신림역 1번,3044,1276,1768,14,682,670,720,589,369,6,203,282,345,223,217,8,479,388,375,366,152
2018,1,A,골목상권,2110879,신림현대아파트,1682,901,781,3,202,253,400,459,365,2,76,136,216,237,234,1,126,117,184,222,131
2018,1,A,골목상권,2110878,미림여고,615,270,345,1,94,166,118,143,93,1,21,82,48,62,56,0,73,84,70,81,37
2018,1,A,골목상권,2110877,신림역 8번,5259,2434,2825,20,1000,1123,1291,1090,735,8,339,513,628,487,459,12,661,610,663,603,276
2018,1,A,골목상권,2110876,서원동주민센터(신관중학교),2767,1319,1448,13,409,472,560,608,705,3,143,235,259,271,408,10,266,237,301,337,297
2018,1,A,골목상권,2110875,보라매동주민센터(당곡고등학교),2053,1063,990,10,280,417,536,475,335,3,132,207,254,236,231,7,148,210,282,239,104
2018,1,A,골목상권,2110874,원신초등학교(구세군관악영문교회),1724,878,846,5,236,367,404,412,300,4,72,162,195,222,223,1,164,205,209,190,77
2018,1,A,골목상권,2110873,당곡중학교,9815,4483,5332,28,1720,3114,2944,1401,608,9,552,1330,1378,818,396,19,1168,1784,1566,583,212
2018,1,A,골목상권,2110872,신림초등학교,708,258,450,1,106,161,172,172,96,1,33,63,73,53,35,0,73,98,99,119,61
2018,1,A,골목상권,2110871,신원동주민센터,3142,1415,1727,22,486,562,637,698,737,10,187,267,292,292,367,12,299,295,345,406,370
2018,1,A,골목상권,2110870,신림주공2단지(광신고등학교),366,165,201,3,42,71,95,107,48,3,7,31,38,60,26,0,35,40,57,47,22
2018,1,A,골목상권,2110869,"신림역 5번(신림동주민센터, 신림동별빛거리)",9843,5243,4600,30,1558,2492,2941,1728,1094,15,628,1193,1620,1071,716,15,930,1299,1321,657,378
2018,1,A,골목상권,2110868,남부초등학교,3922,1832,2090,24,517,676,852,1000,853,11,206,342,383,448,442,13,311,334,469,552,411
2018,1,A,골목상권,2110867,국제신학대학원대학교(남서울중학교),3801,1797,2004,16,454,666,853,976,836,5,181,324,398,461,428,11,273,342,455,515,408
2018,1,A,골목상권,2110866,난우중학교,1271,484,787,3,197,293,353,303,122,0,37,107,126,143,71,3,160,186,227,160,51
2018,1,A,골목상권,2110865,남강고등학교(남강중학교),1638,643,995,5,219,348,447,399,220,0,51,150,179,166,97,5,168,198,268,233,123
2018,1,A,골목상권,2110864,신림우방아파트,1295,645,650,1,145,278,368,343,160,1,58,142,178,163,103,0,87,136,190,180,57
2018,1,A,골목상권,2110863,난우초등학교,1834,787,1047,4,226,401,455,470,278,0,56,167,212,210,142,4,170,234,243,260,136
2018,1,A,골목상권,2110862,난곡초등학교(난곡동벽화마을),1280,508,772,5,194,283,357,279,162,0,46,116,141,114,91,5,148,167,216,165,71
2018,1,A,골목상권,2110861,관악구신사동주민센터,3943,1966,1977,5,474,749,970,1032,713,2,160,390,463,501,450,3,314,359,507,531,263
2018,1,A,골목상권,2110860,호림박물관(성보고등학교),2997,1529,1468,3,355,517,709,840,573,1,125,245,356,430,372,2,230,272,353,410,201
2018,1,A,골목상권,2110859,난향초등학교,1030,347,683,0,91,146,200,325,268,0,14,47,73,94,119,0,77,99,127,231,149
2018,1,A,골목상권,2110858,신대방역 1번,2307,1638,669,17,400,704,631,392,163,16,267,562,459,229,105,1,133,142,172,163,58
2018,1,A,골목상권,2110857,미성동주민센터,1925,804,1121,3,219,409,492,508,294,0,63,156,213,209,163,3,156,253,279,299,131
2018,1,A,골목상권,2110856,미성초등학교,5070,3338,1732,5,455,803,923,1048,1836,3,207,437,527,616,1548,2,248,366,396,432,288
2018,1,A,골목상권,2110855,신대방역 2번,6679,4701,1978,23,795,1343,1395,1226,1897,20,447,920,918,776,1620,3,348,423,477,450,277
2018,1,A,골목상권,2110854,조원동주민센터,4290,2997,1293,7,398,675,797,882,1531,3,217,420,478,526,1353,4,181,255,319,356,178
2018,1,A,골목상권,2110853,KT구로지사,4866,2577,2289,21,677,1027,1198,1135,808,9,277,555,644,557,535,12,400,472,554,578,273
2018,1,A,골목상권,2110852,이수역 9번,5308,3023,2285,14,824,1348,1561,997,564,6,328,759,967,578,385,8,496,589,594,419,179
2018,1,A,골목상권,2110851,경문고등학교(동작동성당),3769,1617,2152,25,480,868,944,1039,413,12,154,487,422,333,209,13,326,381,522,706,204
2018,1,A,골목상권,2110850,사당역 10번,10803,5730,5073,55,2108,2377,2674,2175,1414,19,818,1294,1555,1162,882,36,1290,1083,1119,1013,532
2018,1,A,골목상권,2110849,이수역 10번,5362,2472,2890,39,815,1150,1261,1152,945,16,246,527,626,513,544,23,569,623,635,639,401
2018,1,A,골목상권,2110848,양지어린이공원,4515,2316,2199,14,565,838,1151,922,1025,4,209,417,609,436,641,10,356,421,542,486,384
2018,1,A,골목상권,2110847,예술인마을,2889,1505,1384,8,632,704,724,558,263,2,261,403,402,260,177,6,371,301,322,298,86
2018,1,A,골목상권,2110846,남성역 1번,3518,1786,1732,8,402,595,793,786,934,2,172,266,358,380,608,6,230,329,435,406,326
2018,1,A,골목상권,2110845,사당종합체육관,663,371,292,0,82,114,163,186,118,0,21,62,92,115,81,0,61,52,71,71,37
2018,1,A,골목상권,2110844,흑석2치안센터,606,323,283,2,78,126,160,143,97,1,39,78,71,67,67,1,39,48,89,76,30
2018,1,A,골목상권,2110843,사당5동주민센터,1365,677,688,5,220,287,360,345,148,2,95,121,164,186,109,3,125,166,196,159,39
2018,1,A,골목상권,2110842,흑리단길,2751,871,1880,6,693,867,619,392,174,3,150,249,211,154,104,3,543,618,408,238,70
2018,1,A,골목상권,2110841,중대부중,4984,2292,2692,4,988,1398,1261,977,356,2,248,509,671,601,261,2,740,889,590,376,95
2018,1,A,골목상권,2110840,중앙대학교,5103,2320,2783,6,1050,1424,1242,982,399,3,274,533,651,585,274,3,776,891,591,397,125
2018,1,A,골목상권,2110839,숭실대입구역 4번,2651,1302,1349,9,345,659,755,591,292,1,118,289,371,329,194,8,227,370,384,262,98
2018,1,A,골목상권,2110838,상도1동주민센터앞,2487,1302,1185,9,301,596,726,567,288,0,103,269,391,349,190,9,198,327,335,218,98
2018,1,A,골목상권,2110837,숭실대입구역 1번,3609,1737,1872,12,439,850,1051,810,447,3,146,366,506,441,275,9,293,484,545,369,172
2018,1,A,골목상권,2110836,상도역 5번,4739,2591,2148,6,677,1080,1289,1099,588,2,236,523,767,676,387,4,441,557,522,423,201
2018,1,A,골목상권,2110835,상도역 1번,1867,853,1014,7,295,409,504,406,246,3,107,182,240,186,135,4,188,227,264,220,111
2018,1,A,골목상권,2110834,동작구자원봉사센터,1348,578,770,5,200,259,334,327,223,1,69,137,149,128,94,4,131,122,185,199,129
2018,1,A,골목상권,2110833,상도역 2번,2492,1050,1442,4,351,525,696,617,299,2,113,215,303,272,145,2,238,310,393,345,154
2018,1,A,골목상권,2110832,노량진초등학교,7119,4077,3042,27,1004,1672,1745,1741,930,10,509,873,1017,1063,605,17,495,799,728,678,325
2018,1,A,골목상권,2110831,상도4동주민센터,1387,546,841,2,187,297,389,342,170,0,62,112,158,120,94,2,125,185,231,222,76
2018,1,A,골목상권,2110830,상도초등학교,2065,677,1388,2,292,411,604,473,283,1,79,127,197,145,128,1,213,284,407,328,155
2018,1,A,골목상권,2110829,장승배기역 5번,3087,1489,1598,2,492,589,767,790,447,0,263,291,353,360,222,2,229,298,414,430,225
2018,1,A,골목상권,2110828,노량진역 6번,10331,6039,4292,32,1280,2927,2518,2167,1407,11,602,1696,1547,1287,896,21,678,1231,971,880,511
2018,1,A,골목상권,2110827,NH농협은행 상도동지점,2175,829,1346,15,335,475,571,484,295,5,96,199,224,169,136,10,239,276,347,315,159
2018,1,A,골목상권,2110826,장승배기역 4번,3108,1201,1907,17,476,635,809,703,468,5,170,292,305,238,191,12,306,343,504,465,277
2018,1,A,골목상권,2110825,신대방삼거리역 1번,3061,1256,1805,19,432,689,796,677,448,9,114,284,334,264,251,10,318,405,462,413,197
2018,1,A,골목상권,2110824,대방역 3번,4525,2317,2208,24,831,1102,1092,974,502,12,350,630,562,458,305,12,481,472,530,516,197
2018,1,A,골목상권,2110823,신대방삼거리역 3번,26363,13721,12642,114,4770,6479,6159,5339,3502,62,2597,3776,3092,2455,1739,52,2173,2703,3067,2884,1763
2018,1,A,골목상권,2110822,신대방삼거리역 4번(대림초등학교),17956,10034,7922,128,3201,3408,3355,4453,3411,56,2127,2464,1698,1947,1742,72,1074,944,1657,2506,1669
2018,1,A,골목상권,2110821,보라매역 2번,24228,13169,11059,169,4097,5020,5122,5792,4028,72,2562,3379,2514,2578,2064,97,1535,1641,2608,3214,1964
2018,1,A,골목상권,2110820,성남고등학교,2396,1137,1259,1,248,482,562,743,360,1,89,216,250,356,225,0,159,266,312,387,135
2018,1,A,골목상권,2110819,신대방역 4번,6228,3310,2918,24,1253,1644,1668,1123,516,19,447,905,974,635,330,5,806,739,694,488,186
2018,1,A,골목상권,2110818,신대방역 3번,3007,1957,1050,21,491,793,849,541,312,16,299,559,560,303,220,5,192,234,289,238,92
2018,1,A,골목상권,2110817,대방역 4번,5333,2670,2663,23,847,1141,1274,1171,877,12,328,602,655,549,524,11,519,539,619,622,353
2018,1,A,골목상권,2110816,대방역 6번,4777,2485,2292,21,766,980,1113,1073,824,11,308,542,616,514,494,10,458,438,497,559,330
2018,1,A,골목상권,2110815,공군호텔,6574,3518,3056,23,1000,1495,1568,1491,997,10,370,818,849,791,680,13,630,677,719,700,317
2018,1,A,골목상권,2110814,서울지방병무청,4748,2474,2274,8,661,951,993,1294,841,2,264,501,490,657,560,6,397,450,503,637,281
2018,1,A,골목상권,2110813,보라매역 6번,5321,2930,2391,48,740,1097,1147,1242,1047,7,295,628,651,652,697,41,445,469,496,590,350
2018,1,A,골목상권,2110812,신길6동주민센터,8949,4589,4360,74,1271,2382,2452,1959,811,14,568,1343,1213,974,477,60,703,1039,1239,985,334
2018,1,A,골목상권,2110811,보라매역 4번,7981,4104,3877,76,1134,2170,2191,1742,668,15,515,1229,1064,879,402,61,619,941,1127,863,266
2018,1,A,골목상권,2110810,영신초등학교,4316,2246,2070,7,423,836,1068,1093,889,3,124,417,569,561,572,4,299,419,499,532,317
2018,1,A,골목상권,2110809,장훈고등학교,1875,794,1081,6,233,418,496,431,291,3,63,194,213,184,137,3,170,224,283,247,154
2018,1,A,골목상권,2110808,신길역 1번,2561,1295,1266,37,368,525,533,572,526,13,122,275,273,288,324,24,246,250,260,284,202
2018,1,A,골목상권,2110807,신길역 3번,3154,1686,1468,39,503,784,629,601,598,14,166,406,396,326,378,25,337,378,233,275,220
2018,1,A,골목상권,2110806,서울시립영등포장애인복지관,3709,2534,1175,11,383,798,953,901,663,3,168,478,701,686,498,8,215,320,252,215,165
2018,1,A,골목상권,2110805,신길새마을금고신길4동지점,1334,715,619,5,214,295,359,290,171,3,132,165,198,130,87,2,82,130,161,160,84
2018,1,A,골목상권,2110804,신풍역 1번,2640,1287,1353,9,296,561,653,610,511,4,115,276,296,273,323,5,181,285,357,337,188
2018,1,A,골목상권,2110803,신길2동우편취급국,2268,995,1273,4,225,484,600,566,389,1,69,219,241,263,202,3,156,265,359,303,187
2018,1,A,골목상권,2110802,신길동홍어거리,1700,698,1002,4,169,357,431,422,317,1,50,153,202,168,124,3,119,204,229,254,193
2018,1,A,골목상권,2110801,신풍역 6번(신길6동공영주차장),581,231,350,1,74,115,153,151,87,1,19,52,53,58,48,0,55,63,100,93,39
2018,1,A,골목상권,2110800,영등포동성당,6827,4418,2409,17,826,1492,1709,1531,1252,7,334,913,1193,1124,847,10,492,579,516,407,405
2018,1,A,골목상권,2110799,영등포본동주민센터,1718,874,844,35,270,327,405,352,329,14,104,178,209,186,183,21,166,149,196,166,146
2018,1,A,골목상권,2110798,신풍역 2번,1335,548,787,6,152,249,334,328,266,2,44,104,124,136,138,4,108,145,210,192,128
2018,1,A,골목상권,2110797,KT대방빌딩,1760,611,1149,3,538,457,351,255,156,0,97,164,117,120,113,3,441,293,234,135,43
2018,1,A,골목상권,2110796,한림대학교한강성심병원,6658,4457,2201,15,783,1310,1670,1567,1313,7,353,853,1178,1152,914,8,430,457,492,415,399
2018,1,A,골목상권,2110795,도림초등학교,2246,1044,1202,9,244,539,614,501,339,5,83,250,320,222,164,4,161,289,294,279,175
2018,1,A,골목상권,2110794,영동초등학교,12416,8036,4380,43,1899,3322,3113,2365,1674,17,889,2214,2175,1556,1185,26,1010,1108,938,809,489
2018,1,A,골목상권,2110793,대림썬프라자,1766,639,1127,3,542,472,346,251,152,0,106,171,132,124,106,3,436,301,214,127,46
2018,1,A,골목상권,2110792,영등포역 2번,3868,1965,1903,49,517,978,993,814,517,16,178,472,526,460,313,33,339,506,467,354,204
2018,1,A,골목상권,2110791,신풍역 3번,1277,540,737,3,130,296,313,334,201,2,44,120,113,147,114,1,86,176,200,187,87
2018,1,A,골목상권,2110790,대림1동주민센터,1876,850,1026,8,252,362,477,452,325,1,73,167,200,221,188,7,179,195,277,231,137
2018,1,A,골목상권,2110789,대림성모병원,3230,1219,2011,3,771,794,715,615,332,1,161,320,304,271,162,2,610,474,411,344,170
2018,1,A,골목상권,2110788,영등포시장역 3번,3148,1792,1356,4,363,710,849,652,570,1,157,386,507,383,358,3,206,324,342,269,212
2018,1,A,골목상권,2110787,신길3동주민센터,1866,865,1001,9,194,387,526,483,267,5,70,154,237,221,178,4,124,233,289,262,89
2018,1,A,골목상권,2110786,당산역 8번,10440,6127,4313,60,1537,1692,2208,2460,2483,31,710,1174,1397,1377,1438,29,827,518,811,1083,1045
2018,1,A,골목상권,2110785,영등포푸르지오아파트,1900,942,958,4,239,416,517,432,292,2,81,185,265,212,197,2,158,231,252,220,95
2018,1,A,골목상권,2110784,신대림초등학교,1395,526,869,2,185,284,344,371,209,1,35,114,130,152,94,1,150,170,214,219,115
2018,1,A,골목상권,2110783,영등포시장역 1번,11388,7181,4207,66,1956,3083,2736,2191,1356,28,952,1992,1851,1414,944,38,1004,1091,885,777,412
2018,1,A,골목상권,2110782,영등포시장역 4번,4432,2241,2191,27,706,1054,1134,825,686,9,233,508,624,449,418,18,473,546,510,376,268
2018,1,A,골목상권,2110781,대림한신아파트,2137,960,1177,7,274,405,605,514,332,1,76,181,275,246,181,6,198,224,330,268,151
2018,1,A,골목상권,2110780,신길대성유니드아파트,1744,911,833,7,188,365,464,461,259,2,80,190,237,238,164,5,108,175,227,223,95
2018,1,A,골목상권,2110779,대림갑을명가아파트,1073,528,545,4,177,195,301,237,159,0,59,102,154,117,96,4,118,93,147,120,63
2018,1,A,골목상권,2110778,구로디지털단지역 4번,19432,11562,7870,91,5069,7133,4026,1899,1214,41,2105,4828,2648,1136,804,50,2964,2305,1378,763,410
2018,1,A,골목상권,2110777,구로세무서,18525,9319,9206,193,4118,5351,4688,2616,1559,77,1513,2744,2475,1484,1026,116,2605,2607,2213,1132,533
2018,1,A,골목상권,2110776,도신초등학교,5737,3495,2242,23,821,1407,1607,1204,675,12,421,927,1028,684,423,11,400,480,579,520,252
2018,1,A,골목상권,2110775,대동초등학교,1555,756,799,3,146,294,423,373,316,1,45,142,194,174,200,2,101,152,229,199,116
2018,1,A,골목상권,2110774,당산반도유보라팰리스아파트,20769,10336,10433,216,5470,5961,4564,2791,1767,99,1888,3033,2333,1726,1257,117,3582,2928,2231,1065,510
2018,1,A,골목상권,2110773,당산역 13번,11842,7783,4059,72,1810,3171,2628,1936,2225,48,968,2425,1894,1098,1350,24,842,746,734,838,875
2018,1,A,골목상권,2110772,신우어린이공원,3775,2499,1276,18,620,1021,1053,725,338,12,350,725,751,436,225,6,270,296,302,289,113
2018,1,A,골목상권,2110771,대림역 11번,1961,961,1000,6,224,401,575,469,286,2,69,199,284,241,166,4,155,202,291,228,120
2018,1,A,골목상권,2110770,영등포구청역 6번,9478,4920,4558,42,1138,2250,2492,2123,1433,20,405,1108,1299,1179,909,22,733,1142,1193,944,524
2018,1,A,골목상권,2110769,대림차이나타운(대림역 12번),1633,777,856,5,192,354,497,396,189,3,60,152,231,206,125,2,132,202,266,190,64
2018,1,A,골목상권,2110768,도림2동유수지내체육시설,5525,2264,3261,40,1228,1816,1014,699,728,19,300,515,554,429,447,21,928,1301,460,270,281
2018,1,A,골목상권,2110767,도림동주민센터,7846,3778,4068,82,1608,2301,1540,1292,1023,36,507,814,903,829,689,46,1101,1487,637,463,334
2018,1,A,골목상권,2110766,대림역 5번,15382,10199,5183,34,2138,3752,3844,3273,2341,20,1434,2900,2675,1844,1326,14,704,852,1169,1429,1015
2018,1,A,골목상권,2110765,문래동사거리,22247,10935,11312,198,4913,6573,5204,3220,2139,91,1708,2988,2824,1911,1413,107,3205,3585,2380,1309,726
2018,1,A,골목상권,2110764,문래역 3번,6585,3622,2963,20,1198,1794,1571,1050,952,11,553,1042,807,601,608,9,645,752,764,449,344
2018,1,A,골목상권,2110763,영등포구청역 2번,17396,8279,9117,97,3354,4197,3469,3390,2889,34,1122,1954,1712,1670,1787,63,2232,2243,1757,1720,1102
2018,1,A,골목상권,2110762,선유도역 1번,28270,14486,13784,175,5384,9503,8167,3558,1483,93,2123,4921,4164,2049,1136,82,3261,4582,4003,1509,347
2018,1,A,골목상권,2110761,문래동남성맨션,7296,3562,3734,47,1470,2189,1406,1308,876,21,466,764,848,868,595,26,1004,1425,558,440,281
2018,1,A,골목상권,2110760,선유도역 6번,27705,14073,13632,163,5453,9853,7950,3229,1057,86,2248,5244,3964,1750,781,77,3205,4609,3986,1479,276
2018,1,A,골목상권,2110759,문래예술촌(문래창작촌),35297,21107,14190,219,7173,10129,8890,5342,3544,94,3391,6213,5391,3342,2676,125,3782,3916,3499,2000,868
2018,1,A,골목상권,2110758,문래소공원,14354,9356,4998,42,2529,3416,3295,2414,2658,20,1354,2241,2082,1568,2091,22,1175,1175,1213,846,567
2018,1,A,골목상권,2110757,양평역 2번,7707,4740,2967,41,1049,1930,1888,1571,1228,27,532,1314,1123,853,891,14,517,616,765,718,337
2018,1,A,골목상권,2110756,문래중학교,6531,4172,2359,19,790,1477,1528,1210,1507,13,400,972,870,707,1210,6,390,505,658,503,297
2018,1,A,골목상권,2110755,동일여자고등학교,2439,1054,1385,7,226,436,646,769,355,1,46,148,297,363,199,6,180,288,349,406,156
2018,1,A,골목상권,2110754,삼성산자연공원(서울금천초등학교),2935,1270,1665,5,265,484,781,934,466,1,60,182,368,421,238,4,205,302,413,513,228
2018,1,A,골목상권,2110753,시흥동 은행나무사거리,3000,1351,1649,7,285,534,834,918,422,1,70,203,389,448,240,6,215,331,445,470,182
2018,1,A,골목상권,2110752,한울중학교,1598,613,985,1,163,259,465,440,270,1,55,89,137,171,160,0,108,170,328,269,110
2018,1,A,골목상권,2110751,난곡중학교,5032,3290,1742,5,458,894,968,1072,1635,1,236,493,552,603,1405,4,222,401,416,469,230
2018,1,A,골목상권,2110750,시흥4동주민센터(서울신흥초등학교),1357,452,905,0,158,216,412,409,162,0,45,75,129,135,68,0,113,141,283,274,94
2018,1,A,골목상권,2110749,금산초등학교(금천고등학교),8767,5388,3379,37,691,1598,2835,2488,1118,16,372,989,1627,1514,870,21,319,609,1208,974,248
2018,1,A,골목상권,2110748,백산초등학교,2260,1104,1156,16,232,437,654,596,325,9,92,223,322,263,195,7,140,214,332,333,130
2018,1,A,골목상권,2110747,석수역 1번 출입구,1293,915,378,7,106,236,370,384,190,3,64,156,241,288,163,4,42,80,129,96,27
2018,1,A,골목상권,2110746,금천금빛공원(은행나무사거리서측),2754,1186,1568,10,353,468,739,741,443,4,109,213,354,282,224,6,244,255,385,459,219
2018,1,A,골목상권,2110745,독산동정훈단지,1573,585,988,2,188,258,443,415,267,0,51,87,142,155,150,2,137,171,301,260,117
2018,1,A,골목상권,2110744,독산동성당,2389,965,1424,3,270,385,651,675,405,0,80,146,235,266,238,3,190,239,416,409,167
2018,1,A,골목상권,2110743,시흥초등학교(시흥1동우체국),3677,1215,2462,5,482,568,845,897,880,1,123,224,307,264,296,4,359,344,538,633,584
2018,1,A,골목상권,2110742,KT금천빌딩(금천구시설관리공단),6285,3984,2301,25,483,1092,1976,1816,893,12,275,673,1213,1157,654,13,208,419,763,659,239
2018,1,A,골목상권,2110741,독산2동주민센터,2666,1318,1348,4,326,486,737,712,401,2,142,250,322,356,246,2,184,236,415,356,155
2018,1,A,골목상권,2110740,금천해태공원,5502,2383,3119,38,1192,1403,1142,897,830,20,547,699,442,327,348,18,645,704,700,570,482
2018,1,A,골목상권,2110739,시흥3동 우편취급국,6927,4249,2678,25,545,1226,2311,1946,874,9,300,787,1338,1151,664,16,245,439,973,795,210
2018,1,A,골목상권,2110738,문성초등학교,4159,2191,1968,24,582,821,1089,1046,597,6,242,416,564,580,383,18,340,405,525,466,214
2018,1,A,골목상권,2110737,금천세무서,3575,2046,1529,10,379,739,975,924,548,5,159,416,568,515,383,5,220,323,407,409,165
2018,1,A,골목상권,2110736,독산119안전센터,5680,3218,2462,36,718,1025,1468,1487,946,14,338,598,793,833,642,22,380,427,675,654,304
2018,1,A,골목상권,2110735,말미고개,4406,2525,1881,24,572,843,1190,1124,653,18,299,509,643,600,456,6,273,334,547,524,197
2018,1,A,골목상권,2110734,금천파출소,3746,1752,1994,34,1033,1163,690,498,328,15,472,602,296,189,178,19,561,561,394,309,150
2018,1,A,골목상권,2110733,금천어울림복지센터,4599,2099,2500,17,481,996,1074,1121,910,7,184,404,464,617,423,10,297,592,610,504,487
2018,1,A,골목상권,2110732,가산초등학교(세일중학교),6665,4047,2618,24,948,1472,1700,1623,898,16,517,935,1002,944,633,8,431,537,698,679,265
2018,1,A,골목상권,2110731,금천구청역 1번 출입구,7296,3333,3963,51,1325,1913,1501,1443,1063,23,587,878,625,719,501,28,738,1035,876,724,562
2018,1,A,골목상권,2110730,서울축산농협 독산역지점(독산파출소),9702,6013,3689,30,1329,2368,2721,2236,1018,23,751,1597,1633,1286,723,7,578,771,1088,950,295
2018,1,A,골목상권,2110729,가산동우체국,12176,7318,4858,58,2300,3505,3174,2025,1114,32,1113,2252,2020,1160,741,26,1187,1253,1154,865,373
2018,1,A,골목상권,2110728,두산초등학교,26567,17325,9242,184,4410,7643,7196,4635,2499,112,2288,5212,4869,2924,1920,72,2122,2431,2327,1711,579
2018,1,A,골목상권,2110727,독산역 1번 출입구,21989,14123,7866,151,3724,6414,5993,3687,2020,89,1896,4363,4011,2255,1509,62,1828,2051,1982,1432,511
2018,1,A,골목상권,2110726,금천철쭉어린이공원(금하마을),586,225,361,2,42,68,122,127,225,1,17,35,56,56,60,1,25,33,66,71,165
2018,1,A,골목상권,2110725,가산동주민센터,26161,15221,10940,166,5256,8094,6832,4132,1681,87,2341,5008,4291,2302,1192,79,2915,3086,2541,1830,489
2018,1,A,골목상권,2110724,금천구립가산도서관,21985,13663,8322,154,3753,6438,5986,4029,1625,83,1808,4153,3934,2466,1219,71,1945,2285,2052,1563,406
2018,1,A,골목상권,2110723,가산디지털단지역 1번 출입구,52110,32890,19220,285,11628,16969,13376,7091,2761,170,5713,11370,9183,4417,2037,115,5915,5599,4193,2674,724
2018,1,A,골목상권,2110722,G타워,46615,28631,17984,224,10815,17038,11072,4809,2657,126,4935,11460,7316,2862,1932,98,5880,5578,3756,1947,725
2018,1,A,골목상권,2110721,가리봉파출소,26402,16623,9779,149,5414,8642,6618,3674,1905,82,2647,5980,4486,2099,1329,67,2767,2662,2132,1575,576
2018,1,A,골목상권,2110720,대림역 2번,3635,1955,1680,7,421,660,1023,988,536,5,135,282,525,625,383,2,286,378,498,363,153
2018,1,A,골목상권,2110719,영서중학교,26647,15620,11027,264,5502,7850,6311,4377,2343,156,2546,5098,4251,2199,1370,108,2956,2752,2060,2178,973
2018,1,A,골목상권,2110718,한국SGI본부,17903,10498,7405,63,3473,5164,3913,3178,2112,23,1620,3070,2596,1900,1289,40,1853,2094,1317,1278,823
2018,1,A,골목상권,2110717,남구로역 2번,51718,31389,20329,435,10682,15839,12668,7929,4165,265,5063,10660,8525,4181,2695,170,5619,5179,4143,3748,1470
2018,1,A,골목상권,2110716,구로나눔길,8621,4007,4614,10,1609,2443,1993,1786,780,2,430,1093,993,1044,445,8,1179,1350,1000,742,335
2018,1,A,골목상권,2110715,구로구민회관,14050,8973,5077,24,1996,3665,3472,3017,1876,9,1222,2601,2221,1799,1121,15,774,1064,1251,1218,755
2018,1,A,골목상권,2110714,구로4동주민센터,10104,4711,5393,15,1777,2641,2354,2290,1027,7,443,1098,1131,1373,659,8,1334,1543,1223,917,368
2018,1,A,골목상권,2110713,구로보건소,9941,5255,4686,65,1866,2538,2381,1969,1122,43,649,1437,1363,1063,700,22,1217,1101,1018,906,422
2018,1,A,골목상권,2110712,남구로역 5번,1864,756,1108,6,244,374,510,437,293,2,68,162,198,164,162,4,176,212,312,273,131
2018,1,A,골목상권,2110711,구로초등학교,10736,5043,5693,51,2138,3054,2366,2104,1023,38,654,1418,1192,1163,578,13,1484,1636,1174,941,445
2018,1,A,골목상권,2110710,남구로역 3번,42800,26065,16735,208,9758,13744,10644,5844,2602,121,4526,8824,7147,3560,1887,87,5232,4920,3497,2284,715
2018,1,A,골목상권,2110709,구로119안전센터,3728,1141,2587,3,1048,1090,704,624,259,2,192,355,253,204,135,1,856,735,451,420,124
2018,1,A,골목상권,2110708,화원어린이공원,3382,1807,1575,44,644,863,739,636,456,38,282,483,404,328,272,6,362,380,335,308,184
2018,1,A,골목상권,2110707,구로창업지원센터,6756,4470,2286,32,657,1399,1816,1801,1051,29,374,880,1147,1236,804,3,283,519,669,565,247
2018,1,A,골목상권,2110706,그라운드 고척,4320,2600,1720,7,502,827,1065,1032,887,0,212,476,631,632,649,7,290,351,434,400,238
2018,1,A,골목상권,2110705,고산초등학교,4372,2642,1730,10,536,848,1096,1090,792,2,252,492,639,650,607,8,284,356,457,440,185
2018,1,A,골목상권,2110704,고척중학교,4168,2419,1749,10,524,800,1030,1022,782,2,239,450,569,564,595,8,285,350,461,458,187
2018,1,A,골목상권,2110703,개봉역,4771,2665,2106,11,548,965,1350,1256,641,2,263,541,708,719,432,9,285,424,642,537,209
2018,1,A,골목상권,2110702,개봉초등학교,4685,2299,2386,2,189,328,515,724,2927,2,64,137,201,278,1617,0,125,191,314,446,1310
2018,1,A,골목상권,2110701,고척동성당,2197,1175,1022,2,223,392,551,577,452,0,74,213,279,319,290,2,149,179,272,258,162
2018,1,A,골목상권,2110700,고척초등학교,3844,2073,1771,5,363,723,1051,1024,678,0,148,392,550,564,419,5,215,331,501,460,259
2018,1,A,골목상권,2110699,덕의초등학교,1398,658,740,1,163,277,404,388,165,0,64,132,160,189,113,1,99,145,244,199,52
2018,1,A,골목상권,2110698,개웅초등학교(개웅중학교),4828,2333,2495,2,192,312,548,814,2960,2,55,124,196,316,1640,0,137,188,352,498,1320
2018,1,A,골목상권,2110697,개봉3동주민센터,4257,2268,1989,2,110,267,392,627,2859,2,47,159,180,270,1610,0,63,108,212,357,1249
2018,1,A,골목상권,2110696,오류동역 1번,1822,838,984,4,257,319,504,427,311,0,75,130,215,209,209,4,182,189,289,218,102
2018,1,A,골목상권,2110695,개봉1동주민센터,1953,853,1100,1,187,350,629,515,271,1,59,156,269,217,151,0,128,194,360,298,120
2018,1,A,골목상권,2110694,세곡초등학교,1545,650,895,1,144,291,495,460,154,1,49,120,180,214,86,0,95,171,315,246,68
2018,1,A,골목상권,2110693,오류동역 4번,1819,933,886,8,199,277,445,471,419,5,87,154,183,206,298,3,112,123,262,265,121
2018,1,A,골목상권,2110692,큰굴다리,1372,635,737,2,167,266,365,351,221,1,58,136,165,151,124,1,109,130,200,200,97
2018,1,A,골목상권,2110691,개봉중학교,1417,512,905,2,186,253,386,409,181,1,41,107,140,143,80,1,145,146,246,266,101
2018,1,A,골목상권,2110690,오류2동버들시장,4777,2352,2425,21,524,898,1209,1222,903,9,165,439,548,556,635,12,359,459,661,666,268
2018,1,A,골목상권,2110689,오류동역 3번,3144,1428,1716,17,373,535,790,814,615,5,123,274,327,314,385,12,250,261,463,500,230
2018,1,A,골목상권,2110688,오류지구대,2241,1280,961,9,243,420,578,554,437,1,74,217,335,317,336,8,169,203,243,237,101
2018,1,A,골목상권,2110687,"천왕역 3번(오류2동주민센터, 서울오류남초등학교)",1453,756,697,6,143,332,405,379,188,4,52,161,210,195,134,2,91,171,195,184,54
2018,1,A,골목상권,2110686,수궁동주민센터,2701,1635,1066,3,267,515,739,702,475,1,101,288,463,433,349,2,166,227,276,269,126
2018,1,A,골목상권,2110685,금강수목원아파트,1465,1000,465,1,122,251,375,439,277,1,45,165,247,299,243,0,77,86,128,140,34
2018,1,A,골목상권,2110684,서울공연예술고등학교,1324,660,664,1,116,306,378,375,148,0,42,152,200,189,77,1,74,154,178,186,71
2018,1,A,골목상권,2110683,오류고등학교,1233,636,597,1,112,296,363,332,129,0,40,150,195,178,73,1,72,146,168,154,56
2018,1,A,골목상권,2110682,온수역 8번,1854,1166,688,0,174,393,461,506,320,0,71,197,264,342,292,0,103,196,197,164,28
2018,1,A,골목상권,2110681,온수역 1번,2179,1465,714,0,260,422,502,610,385,0,125,261,309,435,335,0,135,161,193,175,50
2018,1,A,골목상권,2110680,온수역 5번(온수산업단지),2173,1604,569,2,240,426,500,592,413,2,136,296,339,451,380,0,104,130,161,141,33
2018,1,A,골목상권,2110679,염창역 2번,4941,3240,1701,28,626,1317,1429,1028,513,17,313,832,1022,667,389,11,313,485,407,361,124
2018,1,A,골목상권,2110678,염창무학아파트,3004,2006,998,22,372,745,763,682,420,15,202,504,523,438,324,7,170,241,240,244,96
2018,1,A,골목상권,2110677,등촌역 1번,9524,5609,3915,70,1775,2765,2410,1536,968,38,687,1647,1534,995,708,32,1088,1118,876,541,260
2018,1,A,골목상권,2110676,등촌역 7번,4118,2262,1856,27,572,1010,1096,900,513,15,205,561,617,512,352,12,367,449,479,388,161
2018,1,A,골목상권,2110675,화곡4동주민센터,2736,1127,1609,7,266,546,707,715,495,1,82,243,258,291,252,6,184,303,449,424,243
2018,1,A,골목상권,2110674,강서구청가양동별관,6122,3776,2346,83,1232,1719,1667,1019,402,49,686,1117,1040,621,263,34,546,602,627,398,139
2018,1,A,골목상권,2110673,뜸부기어린이공원,4126,1912,2214,14,534,930,1104,926,618,5,193,447,519,394,354,9,341,483,585,532,264
2018,1,A,골목상권,2110672,백석중학교,1491,633,858,13,180,314,430,396,158,6,49,128,188,170,92,7,131,186,242,226,66
2018,1,A,골목상권,2110671,등촌1동주민센터,41001,18603,22398,433,6173,10400,12870,9149,1976,257,3143,6531,5051,2349,1272,176,3030,3869,7819,6800,704
2018,1,A,골목상권,2110670,신곡초등학교,1462,549,913,1,150,323,430,412,146,1,36,126,141,159,86,0,114,197,289,253,60
2018,1,A,골목상권,2110669,화곡보람2차아파트,4370,2582,1788,9,972,1166,983,773,467,5,302,763,722,483,307,4,670,403,261,290,160
2018,1,A,골목상권,2110668,화곡2동주민센터,3149,1202,1947,5,386,653,859,831,415,2,115,290,326,258,211,3,271,363,533,573,204
2018,1,A,골목상권,2110667,가양역 10번,23338,7949,15389,236,2359,5165,8449,6393,736,139,1478,3244,2104,456,528,97,881,1921,6345,5937,208
2018,1,A,골목상권,2110666,KC대학교,5011,3024,1987,8,524,1198,1286,1380,615,5,229,628,747,943,472,3,295,570,539,437,143
2018,1,A,골목상권,2110665,곰달래도서관,4476,2278,2198,9,575,1023,1184,1082,603,4,259,571,582,493,369,5,316,452,602,589,234
2018,1,A,골목상권,2110664,강서구청옆,6838,3925,2913,17,809,1694,1798,1755,765,9,353,907,1056,1109,491,8,456,787,742,646,274
2018,1,A,골목상권,2110663,우장산롯데캐슬아파트앞,13585,7745,5840,68,1873,2880,3097,3781,1886,44,1065,1801,1891,1914,1030,24,808,1079,1206,1867,856
2018,1,A,골목상권,2110662,까치산역 1번,2876,1013,1863,7,355,604,721,750,439,0,103,262,254,184,210,7,252,342,467,566,229
2018,1,A,골목상권,2110661,강서새말어린이공원,5895,3386,2509,15,713,1522,1587,1472,586,7,306,795,920,969,389,8,407,727,667,503,197
2018,1,A,골목상권,2110660,등촌3동주민센터,34016,13542,20474,301,3879,7198,10721,9506,2411,183,2396,4598,3452,1741,1172,118,1483,2600,7269,7765,1239
2018,1,A,골목상권,2110659,화곡역 4번,3444,1292,2152,12,488,793,905,768,478,4,117,319,346,273,233,8,371,474,559,495,245
2018,1,A,골목상권,2110658,화곡초등학교,3037,1630,1407,5,272,548,760,795,657,3,84,269,398,448,428,2,188,279,362,347,229
2018,1,A,골목상권,2110657,양천향교역 5번,16947,9332,7615,107,3406,4183,3976,3528,1747,69,1354,2553,2449,1725,1182,38,2052,1630,1527,1803,565
2018,1,A,골목상권,2110656,까치산역 3번,4189,2170,2019,12,441,798,1021,1229,688,5,187,435,548,611,384,7,254,363,473,618,304
2018,1,A,골목상권,2110655,발산역 5번,7593,3905,3688,84,1185,1539,1718,1669,1398,40,534,900,981,759,691,44,651,639,737,910,707
2018,1,A,골목상권,2110654,까치산역 4번,3918,1773,2145,17,433,729,1008,1097,634,8,139,343,470,478,335,9,294,386,538,619,299
2018,1,A,골목상권,2110653,화곡역 2번,3696,1480,2216,19,610,788,910,822,547,3,148,356,358,324,291,16,462,432,552,498,256
2018,1,A,골목상권,2110652,양천향교역 2번,6994,3777,3217,44,779,1369,1638,2185,979,37,386,786,945,958,665,7,393,583,693,1227,314
2018,1,A,골목상권,2110651,화원중학교,2584,1266,1318,10,250,513,716,671,424,8,88,259,336,318,257,2,162,254,380,353,167
2018,1,A,골목상권,2110650,우장산힐스테이트,2216,1068,1148,54,323,379,527,543,390,25,124,195,249,243,232,29,199,184,278,300,158
2018,1,A,골목상권,2110649,우장산역 1번,3180,1268,1912,7,423,680,828,800,442,4,103,264,310,317,270,3,320,416,518,483,172
2018,1,A,골목상권,2110648,양천향교역 7번,11105,5983,5122,74,2316,2425,2472,2608,1210,55,818,1453,1585,1241,831,19,1498,972,887,1367,379
2018,1,A,골목상권,2110647,화곡역 5번,5085,2371,2714,17,661,1064,1318,1367,658,7,202,581,634,551,396,10,459,483,684,816,262
2018,1,A,골목상권,2110646,푸른들청소년도서관,5080,2107,2973,27,749,1001,1287,1397,619,5,228,498,533,500,343,22,521,503,754,897,276
2018,1,A,골목상권,2110645,우장산역 4번,3970,1460,2510,7,512,909,1030,1052,460,2,124,336,358,407,233,5,388,573,672,645,227
2018,1,A,골목상권,2110644,신광명마을,3416,2353,1063,10,188,600,912,1038,668,5,113,391,576,713,555,5,75,209,336,325,113
2018,1,A,골목상권,2110643,강서구다솔마을,4083,2540,1543,8,437,993,1291,908,446,5,194,644,807,566,324,3,243,349,484,342,122
2018,1,A,골목상권,2110642,정곡초등학교,962,673,289,1,56,123,262,291,229,0,26,60,164,221,202,1,30,63,98,70,27
2018,1,A,골목상권,2110641,공항고등학교,1986,859,1127,5,173,355,470,530,453,4,68,176,215,229,167,1,105,179,255,301,286
2018,1,A,골목상권,2110640,방화역 1번,2855,1619,1236,5,255,509,758,798,530,1,65,192,420,543,398,4,190,317,338,255,132
2018,1,A,골목상권,2110639,신방화역 8번,2943,1466,1477,9,453,787,732,653,309,2,149,396,386,340,193,7,304,391,346,313,116
2018,1,A,골목상권,2110638,신방화역 2번,5292,2518,2774,17,716,1272,1319,1238,730,8,257,673,651,543,386,9,459,599,668,695,344
2018,1,A,골목상권,2110637,송정역 2번,2742,1756,986,15,286,519,678,731,513,6,123,299,417,495,416,9,163,220,261,236,97
2018,1,A,골목상권,2110636,방화역 2번,3527,1630,1897,12,377,718,916,909,595,6,144,361,439,377,303,6,233,357,477,532,292
2018,1,A,골목상권,2110635,공항시장역 3번,2692,1432,1260,18,395,619,682,609,369,5,139,308,376,340,264,13,256,311,306,269,105
2018,1,A,골목상권,2110634,송정역 3번,4309,2707,1602,20,454,886,1197,1081,671,11,200,523,743,714,516,9,254,363,454,367,155
2018,1,A,골목상권,2110633,개화산역 1번,2968,1470,1498,16,400,656,752,723,421,8,169,390,395,294,214,8,231,266,357,429,207
2018,1,A,골목상권,2110632,방화역 3번,6834,4637,2197,18,745,1613,1874,1894,690,8,436,1186,1298,1289,420,10,309,427,576,605,270
2018,1,A,골목상권,2110631,방화초등학교,3053,1749,1304,8,351,616,752,724,602,1,135,353,408,413,439,7,216,263,344,311,163
2018,1,A,골목상권,2110630,공항시장역 1번,39737,22739,16998,82,7901,12337,11335,6724,1358,44,2246,5564,7796,5930,1159,38,5655,6773,3539,794,199
2018,1,A,골목상권,2110629,송정역 4번,38483,21981,16502,76,7764,12107,11067,6388,1081,46,2209,5474,7650,5687,915,30,5555,6633,3417,701,166
2018,1,A,골목상권,2110628,신목동역,2791,1780,1011,23,432,936,725,420,255,13,218,614,486,262,187,10,214,322,239,158,68
2018,1,A,골목상권,2110627,신정롯데캐슬아파트,3274,1416,1858,12,397,671,917,824,453,6,110,280,377,371,272,6,287,391,540,453,181
2018,1,A,골목상권,2110626,양화초등학교,4352,2674,1678,24,575,1256,1320,837,340,13,245,781,914,497,224,11,330,475,406,340,116
2018,1,A,골목상권,2110625,신정2동주민센터,6660,3432,3228,34,853,1554,1754,1769,696,26,374,752,830,1029,421,8,479,802,924,740,275
2018,1,A,골목상권,2110624,목동문화체육센터,639,265,374,1,65,121,195,166,91,1,22,45,65,72,60,0,43,76,130,94,31
2018,1,A,골목상권,2110623,갈산공원,866,476,390,3,105,186,217,228,127,2,52,113,98,120,91,1,53,73,119,108,36
2018,1,A,골목상권,2110622,달마을공원,3263,1772,1491,7,381,785,1021,761,308,2,114,404,658,409,185,5,267,381,363,352,123
2018,1,A,골목상권,2110621,목동역 5번,5348,2605,2743,29,1041,1445,1266,906,661,14,315,684,700,501,391,15,726,761,566,405,270
2018,1,A,골목상권,2110620,목동보건지소,2554,1050,1504,3,236,522,671,670,452,2,90,224,218,253,263,1,146,298,453,417,189
2018,1,A,골목상권,2110619,목4동주민센터,1992,864,1128,7,276,435,487,422,365,2,73,173,201,190,225,5,203,262,286,232,140
2018,1,A,골목상권,2110618,강서고등학교,3000,1427,1573,10,300,568,726,730,666,3,120,277,297,339,391,7,180,291,429,391,275
2018,1,A,골목상권,2110617,등촌역 4번,2904,1370,1534,20,404,724,769,653,334,6,113,358,396,305,192,14,291,366,373,348,142
2018,1,A,골목상권,2110616,양목초등학교,4024,1964,2060,14,420,853,1043,905,789,6,134,406,528,405,485,8,286,447,515,500,304
2018,1,A,골목상권,2110615,신서초등학교,4060,2096,1964,10,372,824,1067,932,855,3,113,407,539,458,576,7,259,417,528,474,279
2018,1,A,골목상권,2110614,목동로데오거리,4633,2122,2511,16,703,1040,1142,952,780,9,221,502,558,385,447,7,482,538,584,567,333
2018,1,A,골목상권,2110613,신정네거리역 4번,1802,759,1043,1,221,345,414,462,359,1,75,174,174,173,162,0,146,171,240,289,197
2018,1,A,골목상권,2110612,신정역 5번,5027,2248,2779,11,499,985,1224,1291,1017,7,170,484,526,534,527,4,329,501,698,757,490
2018,1,A,골목상권,2110611,신정역 1번,4674,2417,2257,12,538,935,1144,1158,887,8,256,564,581,513,495,4,282,371,563,645,392
2018,1,A,골목상권,2110610,계남근린공원,1817,745,1072,0,190,359,496,494,278,0,71,188,179,166,141,0,119,171,317,328,137
2018,1,A,골목상권,2110609,신정네거리역 2번,1915,772,1143,4,199,370,526,514,302,0,59,136,204,225,148,4,140,234,322,289,154
2018,1,A,골목상권,2110608,신월2동주민센터,3500,1674,1826,2,315,674,935,1019,555,1,134,350,414,444,331,1,181,324,521,575,224
2018,1,A,골목상권,2110607,금빛새마을금고본점,1541,683,858,2,183,291,424,403,238,1,67,126,171,168,150,1,116,165,253,235,88
2018,1,A,골목상권,2110606,신한은행 신월동지점,3939,2302,1637,6,302,538,904,1226,963,3,128,279,409,742,741,3,174,259,495,484,222
2018,1,A,골목상권,2110605,목동센트럴아이파크앞,2336,1293,1043,4,219,330,532,563,688,2,94,167,210,263,557,2,125,163,322,300,131
2018,1,A,골목상권,2110604,신월4동주민센터,3850,2454,1396,5,257,577,855,1258,898,2,118,331,443,815,745,3,139,246,412,443,153
2018,1,A,골목상권,2110603,지향초등학교,3677,2435,1242,3,203,483,895,1204,889,1,75,244,524,821,770,2,128,239,371,383,119
2018,1,A,골목상권,2110602,신월시영아파트중문,3069,1945,1124,5,239,390,681,984,770,2,108,219,339,653,624,3,131,171,342,331,146
2018,1,A,골목상권,2110601,신월1동우편취급국,3425,1994,1431,15,280,582,883,1069,596,11,121,338,505,631,388,4,159,244,378,438,208
2018,1,A,골목상권,2110600,신월7동주민센터,3462,2391,1071,8,190,398,774,1215,877,6,74,236,454,887,734,2,116,162,320,328,143
2018,1,A,골목상권,2110599,신월1파출소,2601,1297,1304,9,209,435,732,817,399,7,82,204,361,425,218,2,127,231,371,392,181
2018,1,A,골목상권,2110598,신월문화체육센터,3601,2404,1197,6,330,552,902,1066,745,3,217,363,535,696,590,3,113,189,367,370,155
2018,1,A,골목상권,2110597,신월1동주민센터,4276,2381,1895,8,363,704,992,975,1234,7,119,331,413,462,1049,1,244,373,579,513,185
2018,1,A,골목상권,2110596,서서울호수공원,2768,1637,1131,8,197,431,732,921,479,7,82,237,417,562,332,1,115,194,315,359,147
2018,1,A,골목상권,2110595,메디힐병원,4276,2345,1931,9,401,743,978,982,1163,8,137,334,400,468,998,1,264,409,578,514,165
2018,1,A,골목상권,2110594,신월중학교,1519,514,1005,3,205,325,446,410,130,3,53,92,125,163,78,0,152,233,321,247,52
2018,1,A,골목상권,2110593,신월3동주민센터,3552,2192,1360,3,265,487,719,844,1234,3,91,212,318,483,1085,0,174,275,401,361,149
2018,1,A,골목상권,2110592,서울금융고등학교,3279,2121,1158,3,236,444,623,796,1177,3,80,192,292,494,1060,0,156,252,331,302,117
2018,1,A,골목상권,2110591,충정로역 6번,12632,7609,5023,23,2508,4474,2871,1615,1141,3,1127,2605,1899,1093,882,20,1381,1869,972,522,259
2018,1,A,골목상권,2110590,만리재,2971,1167,1804,2,517,722,817,653,260,0,59,247,364,343,154,2,458,475,453,310,106
2018,1,A,골목상권,2110589,애오개역 3번,3505,1615,1890,4,609,1184,1052,489,167,0,210,532,532,236,105,4,399,652,520,253,62
2018,1,A,골목상권,2110588,한겨레신문사,4829,2253,2576,17,986,1183,1310,940,393,6,335,519,596,553,244,11,651,664,714,387,149
2018,1,A,골목상권,2110587,공덕동주민센터,8730,4147,4583,29,1612,2337,2536,1570,646,9,515,1057,1223,908,435,20,1097,1280,1313,662,211
2018,1,A,골목상권,2110586,서울서부지방법원,24013,13059,10954,106,4278,6978,6304,4580,1767,35,1641,4063,3795,2493,1032,71,2637,2915,2509,2087,735
2018,1,A,골목상권,2110585,마포경찰서,12255,7016,5239,44,2023,3596,2999,2536,1057,9,965,2231,1901,1329,581,35,1058,1365,1098,1207,476
2018,1,A,골목상권,2110584,아현역 4번,1848,742,1106,8,311,500,462,341,226,7,63,153,199,173,147,1,248,347,263,168,79
2018,1,A,골목상권,2110583,공덕래미안3차아파트,15187,8033,7154,49,2700,4155,3826,3324,1133,12,1024,2368,2241,1699,689,37,1676,1787,1585,1625,444
2018,1,A,골목상권,2110582,이대역 5번,1818,739,1079,15,345,491,441,300,226,8,85,197,191,148,110,7,260,294,250,152,116
2018,1,A,골목상권,2110581,염리초등학교,15944,9022,6922,89,2636,4584,4132,2786,1717,44,1110,2797,2639,1394,1038,45,1526,1787,1493,1392,679
2018,1,A,골목상권,2110580,양원초등학교,2548,1293,1255,2,392,657,667,532,298,0,119,288,383,332,171,2,273,369,284,200,127
2018,1,A,골목상권,2110579,마포역 4번,9775,5770,4005,14,1548,2605,2368,1912,1328,4,676,1562,1535,1104,889,10,872,1043,833,808,439
2018,1,A,골목상권,2110578,대흥역 2번,11337,7307,4030,153,1818,3183,3069,2089,1025,63,992,2061,2178,1307,706,90,826,1122,891,782,319
2018,1,A,골목상권,2110577,용강동주민센터,10345,6206,4139,148,1986,3077,2783,1505,846,63,813,1890,1925,930,585,85,1173,1187,858,575,261
2018,1,A,골목상권,2110576,대흥역 3번,10287,6675,3612,153,1794,2927,2678,1784,951,65,989,1968,1933,1078,642,88,805,959,745,706,309
2018,1,A,골목상권,2110575,대흥동주민센터,6601,3221,3380,66,1957,1895,1255,929,499,32,690,965,722,534,278,34,1267,930,533,395,221
2018,1,A,골목상권,2110574,서강대학교,3675,2109,1566,10,472,982,1013,795,403,2,197,479,622,517,292,8,275,503,391,278,111
2018,1,A,골목상권,2110573,신촌역 6번,6129,3042,3087,79,1945,1833,1117,765,390,39,679,929,676,474,245,40,1266,904,441,291,145
2018,1,A,골목상권,2110572,서강대역 1번,10749,5533,5216,101,2724,2978,2293,1697,956,49,1002,1527,1359,996,600,52,1722,1451,934,701,356
2018,1,A,골목상권,2110571,신수동주민센터,5275,3026,2249,20,795,1459,1428,926,647,12,349,840,846,543,436,8,446,619,582,383,211
2018,1,A,골목상권,2110570,KB국민은행 서강지점,2639,1483,1156,16,343,740,746,424,370,10,144,429,440,228,232,6,199,311,306,196,138
2018,1,A,골목상권,2110569,홍대땡땡거리,9929,4926,5003,81,2213,2505,2486,1798,846,43,1041,1436,1217,756,433,38,1172,1069,1269,1042,413
2018,1,A,골목상권,2110568,광흥창역 1번,2530,1231,1299,11,506,676,607,447,283,1,147,302,344,263,174,10,359,374,263,184,109
2018,1,A,골목상권,2110567,광흥창역 6번,4454,2027,2427,17,716,868,913,819,1121,2,193,346,516,471,499,15,523,522,397,348,622
2018,1,A,골목상권,2110566,경의선책거리,20396,10621,9775,169,5012,5179,4906,3333,1797,83,2039,2928,2708,1680,1183,86,2973,2251,2198,1653,614
2018,1,A,골목상권,2110565,홍익대,6702,4266,2436,37,1544,1788,1514,1090,729,11,735,1192,1047,767,514,26,809,596,467,323,215
2018,1,A,골목상권,2110564,홍대입구역 3번,10731,5053,5678,96,2958,2998,2365,1387,927,49,962,1523,1275,636,608,47,1996,1475,1090,751,319
2018,1,A,골목상권,2110563,상수역 3번,4032,1991,2041,20,803,988,694,544,983,8,354,612,442,233,342,12,449,376,252,311,641
2018,1,A,골목상권,2110562,연트럴파크(연남동주민센터),6492,3757,2735,25,1429,2062,1493,887,596,9,653,1260,930,514,391,16,776,802,563,373,205
2018,1,A,골목상권,2110561,상수역 4번,6047,3397,2650,39,1918,1856,1207,670,357,22,805,1162,775,416,217,17,1113,694,432,254,140
2018,1,A,골목상권,2110560,마포FM,12670,7460,5210,59,2074,2991,2503,2236,2807,21,747,1682,1610,1225,2175,38,1327,1309,893,1011,632
2018,1,A,골목상권,2110559,성산중학교,8325,4470,3855,43,2322,2515,1844,1051,550,22,884,1424,1121,668,351,21,1438,1091,723,383,199
2018,1,A,골목상권,2110558,경성고등학교,9633,6297,3336,35,1205,1890,1829,1538,3136,17,479,1018,1071,929,2783,18,726,872,758,609,353
2018,1,A,골목상권,2110557,홍대부속여중고앞,15377,9240,6137,89,2784,3768,3176,2349,3211,30,991,2052,2022,1483,2662,59,1793,1716,1154,866,549
2018,1,A,골목상권,2110556,절두산순교성지,2356,1452,904,3,461,721,550,463,158,1,181,448,365,337,120,2,280,273,185,126,38
2018,1,A,골목상권,2110555,홍익지구대,7908,4557,3351,59,1896,2534,1822,1052,545,21,797,1488,1238,678,335,38,1099,1046,584,374,210
2018,1,A,골목상권,2110554,망원역 1번,14380,7180,7200,97,3021,3507,2878,2131,2746,37,1232,1884,1633,991,1403,60,1789,1623,1245,1140,1343
2018,1,A,골목상권,2110553,가좌역 2번,3741,2302,1439,8,393,649,849,780,1062,5,134,337,476,451,899,3,259,312,373,329,163
2018,1,A,골목상권,2110552,성미산체육관,7403,5133,2270,20,724,1202,1251,1248,2958,9,283,656,763,791,2631,11,441,546,488,457,327
2018,1,A,골목상권,2110551,성서초등학교,7049,3733,3316,48,1280,1456,1528,1278,1459,21,538,791,793,551,1039,27,742,665,735,727,420
2018,1,A,골목상권,2110550,합정역 8번,12938,7119,5819,94,2897,4361,3167,1627,792,16,1083,2392,2053,1068,507,78,1814,1969,1114,559,285
2018,1,A,골목상권,2110549,새터산,5042,3080,1962,18,579,946,1206,1027,1266,11,236,525,713,571,1024,7,343,421,493,456,242
2018,1,A,골목상권,2110548,마포구청역 4번,7033,3375,3658,29,757,1262,1506,1901,1578,17,315,741,951,728,623,12,442,521,555,1173,955
2018,1,A,골목상권,2110547,KB국민은행 망원동지점,7843,4273,3570,58,1444,1590,1724,1451,1576,27,591,904,953,675,1123,31,853,686,771,776,453
2018,1,A,골목상권,2110546,양화대교북단,5591,2847,2744,57,1283,2025,1454,545,227,2,401,1014,914,366,150,55,882,1011,540,179,77
2018,1,A,골목상권,2110545,마포구청역 1번,8342,3736,4606,23,680,1389,1737,2596,1917,12,263,637,944,1081,799,11,417,752,793,1515,1118
2018,1,A,골목상권,2110544,망리단길,10824,5896,4928,66,2106,2535,2422,1856,1839,32,859,1442,1387,891,1285,34,1247,1093,1035,965,554
2018,1,A,골목상권,2110543,중암중학교,2127,1438,689,2,165,224,356,609,771,1,58,109,176,404,690,1,107,115,180,205,81
2018,1,A,골목상권,2110542,마포구청역 7번,6317,2894,3423,20,595,950,1229,1821,1702,8,234,548,744,633,727,12,361,402,485,1188,975
2018,1,A,골목상권,2110541,동교초등학교,2413,1293,1120,8,380,593,655,488,289,4,159,348,349,233,200,4,221,245,306,255,89
2018,1,A,골목상권,2110540,망원나들목체육관,1128,699,429,4,172,269,295,236,152,1,80,181,191,134,112,3,92,88,104,102,40
2018,1,A,골목상권,2110539,미근동,48304,27599,20705,123,8108,15127,14328,8857,1761,24,2892,7931,8642,6924,1186,99,5216,7196,5686,1933,575
2018,1,A,골목상권,2110538,충정로역 3번,19426,11830,7596,37,3270,6252,5012,3071,1784,9,1488,3784,3333,1981,1235,28,1782,2468,1679,1090,549
2018,1,A,골목상권,2110537,충정로현대아파트,38013,21880,16133,96,6262,12334,10835,6808,1678,15,2390,6710,6342,5194,1229,81,3872,5624,4493,1614,449
2018,1,A,골목상권,2110536,돈의문센트레빌아파트입구,25900,13782,12118,75,4467,8004,7658,5036,660,12,1407,3833,4077,3990,463,63,3060,4171,3581,1046,197
2018,1,A,골목상권,2110535,영천시장입구,1480,618,862,1,187,279,393,407,213,1,59,91,162,179,126,0,128,188,231,228,87
2018,1,A,골목상권,2110534,경기대학교,8405,5197,3208,10,1346,2826,2117,1241,865,3,564,1621,1428,877,704,7,782,1205,689,364,161
2018,1,A,골목상권,2110533,충정로역 7번,10439,6519,3920,21,1838,3792,2399,1393,996,3,881,2316,1662,914,743,18,957,1476,737,479,253
2018,1,A,골목상권,2110532,아현역 2번,3373,1883,1490,2,429,597,679,872,794,1,112,246,386,538,600,1,317,351,293,334,194
2018,1,A,골목상권,2110531,홍지문,1771,775,996,0,365,411,454,388,153,0,102,168,240,184,81,0,263,243,214,204,72
2018,1,A,골목상권,2110530,아현역 1번,1507,609,898,6,253,382,391,297,178,6,49,110,173,153,118,0,204,272,218,144,60
2018,1,A,골목상권,2110529,홍제3동주민센터,2308,930,1378,5,314,484,611,452,442,1,90,161,218,197,263,4,224,323,393,255,179
2018,1,A,골목상권,2110528,서울여자간호대학교,1440,630,810,0,154,244,405,297,340,0,40,82,148,128,232,0,114,162,257,169,108
2018,1,A,골목상권,2110527,홍제역 2번,2636,986,1650,10,375,558,717,584,392,5,105,202,248,226,200,5,270,356,469,358,192
2018,1,A,골목상권,2110526,봉원사,15744,5851,9893,13,3875,5064,3817,2357,618,9,888,1594,1532,1399,429,4,2987,3470,2285,958,189
2018,1,A,골목상권,2110525,홍은종합사회복지관,1607,699,908,3,184,329,406,319,366,1,63,108,151,142,234,2,121,221,255,177,132
2018,1,A,골목상권,2110524,연희세브란스병원,13003,4948,8055,12,3505,4305,3025,1743,413,9,838,1423,1260,1099,319,3,2667,2882,1765,644,94
2018,1,A,골목상권,2110523,홍제성원아파트,617,230,387,3,96,154,166,129,69,2,19,49,58,48,54,1,77,105,108,81,15
2018,1,A,골목상권,2110522,홍제역 3번,1601,596,1005,5,249,355,429,357,206,3,50,130,150,141,122,2,199,225,279,216,84
2018,1,A,골목상권,2110521,홍제역 4번,2064,717,1347,5,326,506,548,412,267,2,79,173,189,160,114,3,247,333,359,252,153
2018,1,A,골목상권,2110520,경의중앙 신촌역,16395,6508,9887,36,4358,5217,3675,2287,822,16,1161,1922,1595,1314,500,20,3197,3295,2080,973,322
2018,1,A,골목상권,2110519,서대문구보건소별관,1394,663,731,1,229,348,388,296,132,0,63,161,197,150,92,1,166,187,191,146,40
2018,1,A,골목상권,2110518,서대문구청,3684,1744,1940,10,485,945,926,935,383,10,151,369,405,596,213,0,334,576,521,339,170
2018,1,A,골목상권,2110517,서대문소방서,1761,947,814,7,295,454,411,391,203,3,127,263,242,210,102,4,168,191,169,181,101
2018,1,A,골목상권,2110516,정원여중,1251,635,616,1,213,321,351,253,112,0,60,162,195,140,78,1,153,159,156,113,34
2018,1,A,골목상권,2110515,홍은중학교,613,386,227,0,88,160,194,122,49,0,31,103,134,80,38,0,57,57,60,42,11
2018,1,A,골목상권,2110514,서대문우체국,19174,8003,11171,65,4755,5565,4733,3110,946,41,1557,2188,2038,1609,570,24,3198,3377,2695,1501,376
2018,1,A,골목상권,2110513,연희파출소,2629,1480,1149,24,495,699,605,507,299,15,241,402,351,283,188,9,254,297,254,224,111
2018,1,A,골목상권,2110512,연희지하차도,4378,2192,2186,10,526,1054,1087,1151,550,10,166,422,501,744,349,0,360,632,586,407,201
2018,1,A,골목상권,2110511,연희초등학교,15375,6264,9111,37,3892,4797,3537,2263,849,23,1024,1702,1512,1384,619,14,2868,3095,2025,879,230
2018,1,A,골목상권,2110510,홍연시장,1403,739,664,1,127,224,316,442,293,1,37,111,175,245,170,0,90,113,141,197,123
2018,1,A,골목상권,2110509,연희대우아파트앞,18361,7642,10719,70,4681,5756,4387,2592,875,30,1323,2178,1930,1535,646,40,3358,3578,2457,1057,229
2018,1,A,골목상권,2110508,서연중학교,3568,2147,1421,30,569,962,810,697,500,15,279,614,483,405,351,15,290,348,327,292,149
2018,1,A,골목상권,2110507,명지대학교,2341,1177,1164,3,291,513,584,620,330,1,103,243,281,336,213,2,188,270,303,284,117
2018,1,A,골목상권,2110506,연희임광아파트,2970,1760,1210,13,565,843,663,526,360,0,256,557,387,307,253,13,309,286,276,219,107
2018,1,A,골목상권,2110505,홍남교남측,1049,659,390,2,106,200,279,271,191,1,33,116,176,183,150,1,73,84,103,88,41
2018,1,A,골목상권,2110504,명지전문대,1626,894,732,5,204,325,413,459,220,1,81,139,221,292,160,4,123,186,192,167,60
2018,1,A,골목상권,2110503,명지대학교교회,2419,1301,1118,10,367,508,607,624,303,3,148,245,310,379,216,7,219,263,297,245,87
2018,1,A,골목상권,2110502,남가좌파출소,1655,829,826,3,215,334,448,416,239,1,65,147,213,227,176,2,150,187,235,189,63
2018,1,A,골목상권,2110501,연희어린이공원,2420,1426,994,15,468,786,572,354,225,1,196,522,353,205,149,14,272,264,219,149,76
2018,1,A,골목상권,2110500,남가좌동현대아파트,699,319,380,2,102,158,193,161,83,1,30,67,81,82,58,1,72,91,112,79,25
2018,1,A,골목상권,2110499,연가초등학교,1885,862,1023,7,177,327,505,564,305,1,53,138,193,270,207,6,124,189,312,294,98
2018,1,A,골목상권,2110498,증산역 1번,3210,1640,1570,7,373,557,763,857,653,4,156,288,370,424,398,3,217,269,393,433,255
2018,1,A,골목상권,2110497,가좌역 3번,1500,797,703,6,254,313,401,349,177,2,75,137,241,225,117,4,179,176,160,124,60
2018,1,A,골목상권,2110496,모래내우체국,2180,931,1249,6,260,411,595,565,343,3,93,179,249,242,165,3,167,232,346,323,178
2018,1,A,골목상권,2110495,북가좌2동주민센터,3267,1740,1527,12,379,611,825,870,570,7,150,324,433,467,359,5,229,287,392,403,211
2018,1,A,골목상권,2110494,증산3교남측,1283,808,475,5,108,208,336,349,277,4,51,105,177,231,240,1,57,103,159,118,37
2018,1,A,골목상권,2110493,북가좌초등학교,2349,1644,705,7,170,270,430,637,835,4,58,130,237,460,755,3,112,140,193,177,80
2018,1,A,골목상권,2110492,하나고등학교,541,207,334,3,56,70,99,198,115,1,20,33,49,72,32,2,36,37,50,126,83
2018,1,A,골목상권,2110491,불광중학교,538,160,378,1,61,109,160,154,53,1,14,25,41,45,34,0,47,84,119,109,19
2018,1,A,골목상권,2110490,녹번동근린공원,7131,3456,3675,18,953,1820,1868,1653,819,8,304,769,913,947,515,10,649,1051,955,706,304
2018,1,A,골목상권,2110489,불광역 3번,3288,1456,1832,8,595,966,851,588,280,2,185,411,440,269,149,6,410,555,411,319,131
2018,1,A,골목상권,2110488,우리은행응암동지점,5439,2559,2880,15,555,1137,1470,1439,823,9,177,433,632,770,538,6,378,704,838,669,285
2018,1,A,골목상권,2110487,불광역 8번,2916,1173,1743,8,484,810,750,555,309,2,146,330,343,206,146,6,338,480,407,349,163
2018,1,A,골목상권,2110486,은평구청,5437,2568,2869,15,546,1116,1479,1431,850,9,169,436,647,768,539,6,377,680,832,663,311
2018,1,A,골목상권,2110485,연신내우체국,1157,391,766,1,129,239,359,302,127,1,31,86,118,94,61,0,98,153,241,208,66
2018,1,A,골목상권,2110484,역촌역 3번,7728,3709,4019,22,882,1673,2058,1961,1132,10,318,708,952,1021,700,12,564,965,1106,940,432
2018,1,A,골목상권,2110483,연천초등학교,1510,557,953,13,239,259,381,353,265,3,59,104,139,129,123,10,180,155,242,224,142
2018,1,A,골목상권,2110482,연신초등학교,1343,750,593,2,156,333,423,349,80,2,75,203,232,193,45,0,81,130,191,156,35
2018,1,A,골목상권,2110481,불광역 7번,2915,1147,1768,10,342,592,807,708,456,2,124,250,326,229,216,8,218,342,481,479,240
2018,1,A,골목상권,2110480,연신내역 3번,2183,881,1302,18,340,409,552,477,387,5,90,170,222,198,196,13,250,239,330,279,191
2018,1,A,골목상권,2110479,연신내역 2번,2756,951,1805,17,481,525,735,586,412,5,112,196,249,200,189,12,369,329,486,386,223
2018,1,A,골목상권,2110478,응암1동주민센터,6189,2907,3282,19,613,1260,1613,1703,981,12,222,509,701,855,608,7,391,751,912,848,373
2018,1,A,골목상권,2110477,은평세무서,6923,3364,3559,19,702,1405,1809,1851,1137,10,266,612,827,963,686,9,436,793,982,888,451
2018,1,A,골목상권,2110476,역촌역 2번,1209,527,682,5,143,229,363,318,151,3,50,110,154,123,87,2,93,119,209,195,64
2018,1,A,골목상권,2110475,백련산해모로아파트,2565,1070,1495,9,335,553,652,666,350,5,125,246,266,253,175,4,210,307,386,413,175
2018,1,A,골목상권,2110474,세명컴퓨터고등학교,2178,1015,1163,6,347,530,599,501,195,2,127,258,246,266,116,4,220,272,353,235,79
2018,1,A,골목상권,2110473,구산역 1번,4084,1510,2574,28,587,803,1112,997,557,8,165,327,429,326,255,20,422,476,683,671,302
2018,1,A,골목상권,2110472,연신내역 4번,3563,1491,2072,27,597,729,875,765,570,8,176,331,364,310,302,19,421,398,511,455,268
2018,1,A,골목상권,2110471,응암동우체국,2643,1167,1476,7,346,530,703,647,410,4,134,201,303,295,230,3,212,329,400,352,180
2018,1,A,골목상권,2110470,신진과학기술고등학교,2447,1117,1330,9,369,544,613,576,336,5,141,275,277,237,182,4,228,269,336,339,154
2018,1,A,골목상권,2110469,응암정보도서관,3901,1938,1963,13,470,671,1005,1099,643,6,186,288,465,574,419,7,284,383,540,525,224
2018,1,A,골목상권,2110468,응암역 3번,5250,2488,2762,10,622,1033,1295,1341,949,5,235,523,605,604,516,5,387,510,690,737,433
2018,1,A,골목상권,2110467,은평요양병원,1553,849,704,6,209,342,435,382,179,2,105,198,219,225,100,4,104,144,216,157,79
2018,1,A,골목상권,2110466,구산역 2번,2994,1167,1827,15,387,589,797,753,453,5,102,237,324,242,257,10,285,352,473,511,196
2018,1,A,골목상권,2110465,연신내역 7번,3258,1345,1913,14,547,699,828,678,492,4,167,310,305,286,273,10,380,389,523,392,219
2018,1,A,골목상권,2110464,연신내역 5번,2877,1176,1701,11,448,638,725,629,426,4,137,285,281,237,232,7,311,353,444,392,194
2018,1,A,골목상권,2110463,응암3동주민센터,1862,759,1103,9,277,397,498,415,266,3,108,172,202,150,124,6,169,225,296,265,142
2018,1,A,골목상권,2110462,갈현건영아파트,1373,772,601,4,181,292,373,363,160,2,101,179,182,214,94,2,80,113,191,149,66
2018,1,A,골목상권,2110461,새절역 2번,1783,886,897,9,248,330,421,437,338,4,106,163,200,213,200,5,142,167,221,224,138
2018,1,A,골목상권,2110460,구산역 4번,4506,2104,2402,17,469,775,1141,1374,730,6,130,334,492,732,410,11,339,441,649,642,320
2018,1,A,골목상권,2110459,응암역 2번,3359,1567,1792,9,439,718,832,840,521,4,147,354,360,402,300,5,292,364,472,438,221
2018,1,A,골목상권,2110458,선일여고,1972,878,1094,7,229,448,499,445,344,2,85,216,191,170,214,5,144,232,308,275,130
2018,1,A,골목상권,2110457,예일여고,3756,1733,2023,15,356,611,958,1274,542,5,91,254,407,687,289,10,265,357,551,587,253
2018,1,A,골목상권,2110456,구산보건지소,2540,1051,1489,12,303,524,655,645,401,3,105,214,264,242,223,9,198,310,391,403,178
2018,1,A,골목상권,2110455,역촌노인복지관,3020,1474,1546,5,315,570,775,768,587,2,113,275,359,368,357,3,202,295,416,400,230
2018,1,A,골목상권,2110454,선정중학교,2882,1640,1242,12,238,484,676,975,497,3,69,214,329,675,350,9,169,270,347,300,147
2018,1,A,골목상권,2110453,신사1동주민센터,2957,1308,1649,14,410,609,756,717,451,5,148,290,326,311,228,9,262,319,430,406,223
2018,1,A,골목상권,2110452,새절역 3번,2270,1049,1221,7,259,367,518,566,553,3,109,176,236,258,267,4,150,191,282,308,286
2018,1,A,골목상권,2110451,증산역 4번,2790,1570,1220,3,239,376,576,777,819,2,95,192,318,473,490,1,144,184,258,304,329
2018,1,A,골목상권,2110450,시립서북병원,3449,1241,2208,4,477,758,912,912,386,1,144,284,317,309,186,3,333,474,595,603,200
2018,1,A,골목상권,2110449,증산역 3번,2141,1204,937,10,234,404,544,581,368,6,97,200,301,351,249,4,137,204,243,230,119
2018,1,A,골목상권,2110448,상신초등학교입구,1023,445,578,1,88,201,311,222,200,0,26,97,139,83,100,1,62,104,172,139,100
2018,1,A,골목상권,2110447,구산초등학교,1566,1053,513,4,60,126,315,675,386,1,24,47,172,545,264,3,36,79,143,130,122
2018,1,A,골목상권,2110446,내를건너서숲으로도서관,1010,462,548,0,76,138,219,266,311,0,27,64,105,127,139,0,49,74,114,139,172
2018,1,A,골목상권,2110445,덕산중학교,879,329,550,2,131,192,250,207,97,1,32,63,106,70,57,1,99,129,144,137,40
2018,1,A,골목상권,2110444,수색성당,3133,2066,1067,13,339,475,587,790,929,7,90,202,329,581,857,6,249,273,258,209,72
2018,1,A,골목상권,2110443,수색역 1번,1348,720,628,4,193,215,206,245,485,3,36,65,88,125,403,1,157,150,118,120,82
2018,1,A,골목상권,2110442,화랑대철도공원,1280,419,861,0,227,263,374,312,104,0,30,75,134,131,49,0,197,188,240,181,55
2018,1,A,골목상권,2110441,영신여고,1079,427,652,2,101,245,296,284,151,0,27,89,107,104,100,2,74,156,189,180,51
2018,1,A,골목상권,2110440,상계3동4동주민센터,426,173,253,1,52,63,158,109,43,1,12,28,61,45,26,0,40,35,97,64,17
2018,1,A,골목상권,2110439,당고개역 5번,2362,1443,919,1,113,147,486,774,841,1,33,74,294,542,499,0,80,73,192,232,342
2018,1,A,골목상권,2110438,경춘선숲길 우측,3562,1550,2012,2,590,916,955,755,344,2,175,399,405,364,205,0,415,517,550,391,139
2018,1,A,골목상권,2110437,당고개역 2번,2774,1611,1163,1,164,226,578,881,924,1,46,107,334,583,540,0,118,119,244,298,384
2018,1,A,골목상권,2110436,상계제일중학교,2162,885,1277,10,208,418,539,617,370,3,75,181,219,242,165,7,133,237,320,375,205
2018,1,A,골목상권,2110435,서울과학기술대,2700,1642,1058,6,353,699,620,722,300,2,172,382,382,470,234,4,181,317,238,252,66
2018,1,A,골목상권,2110434,태릉입구역 4번,4975,2205,2770,18,585,914,1286,1375,797,10,219,501,568,540,367,8,366,413,718,835,430
2018,1,A,골목상권,2110433,공릉역 2번,5713,3037,2676,20,658,992,1429,1582,1032,7,266,586,712,777,689,13,392,406,717,805,343
2018,1,A,골목상권,2110432,대진고등학교,5146,2650,2496,12,931,1313,1182,1185,523,6,322,638,638,708,338,6,609,675,544,477,185
2018,1,A,골목상권,2110431,상계역,2238,836,1402,9,240,402,565,641,381,1,89,175,215,209,147,8,151,227,350,432,234
2018,1,A,골목상권,2110430,중계초등학교,1641,617,1024,7,190,279,428,467,270,1,65,118,154,158,121,6,125,161,274,309,149
2018,1,A,골목상권,2110429,공릉동 국수거리,7634,3902,3732,34,880,1331,1808,1972,1609,16,359,769,905,969,884,18,521,562,903,1003,725
2018,1,A,골목상권,2110428,상계5동주민센터,2845,1246,1599,7,271,447,727,837,556,0,113,229,306,348,250,7,158,218,421,489,306
2018,1,A,골목상권,2110427,노원 을지대학교병원,4092,2040,2052,7,830,1076,930,883,366,3,269,499,484,542,243,4,561,577,446,341,123
2018,1,A,골목상권,2110426,상계2동주민센터,3572,1352,2220,10,446,669,948,975,524,2,122,256,343,361,268,8,324,413,605,614,256
2018,1,A,골목상권,2110425,계상초등학교,3100,1164,1936,10,348,536,833,888,485,1,121,247,299,297,199,9,227,289,534,591,286
2018,1,A,골목상권,2110424,상계초등학교,3569,1288,2281,12,447,662,911,986,551,5,147,293,304,312,227,7,300,369,607,674,324
2018,1,A,골목상권,2110423,석계역 2번,2519,1150,1369,4,350,555,676,558,376,2,97,253,312,268,218,2,253,302,364,290,158
2018,1,A,골목상권,2110422,노원역 9번,2722,971,1751,16,423,538,698,718,329,8,126,218,235,232,152,8,297,320,463,486,177
2018,1,A,골목상권,2110421,석계역 1번,2275,1205,1070,5,253,349,568,665,435,3,87,177,287,364,287,2,166,172,281,301,148
2018,1,A,골목상권,2110420,광운대역 1번,1524,815,709,5,195,392,442,350,140,5,64,198,245,213,90,0,131,194,197,137,50
2018,1,A,골목상권,2110419,수락산디자인거리,4707,2731,1976,13,365,723,1179,1119,1308,9,149,391,589,624,969,4,216,332,590,495,339
2018,1,A,골목상권,2110418,광운대학교 남단,2040,1128,912,8,225,410,534,580,283,7,70,193,279,360,219,1,155,217,255,220,64
2018,1,A,골목상권,2110417,월계역 3번,1416,708,708,3,162,211,391,433,216,3,65,114,197,208,121,0,97,97,194,225,95
2018,1,A,골목상권,2110416,노원초등학교,3016,1760,1256,14,218,431,722,683,948,11,103,252,339,363,692,3,115,179,383,320,256
2018,1,A,골목상권,2110415,수락산역 4번,4662,2312,2350,12,466,875,1251,1090,968,8,212,489,596,506,501,4,254,386,655,584,467
2018,1,A,골목상권,2110414,장석교회,1250,762,488,3,111,185,278,378,295,2,33,86,157,244,240,1,78,99,121,134,55
2018,1,A,골목상권,2110413,누원고등학교,1546,663,883,2,123,211,365,481,364,2,41,103,130,190,197,0,82,108,235,291,167
2018,1,A,골목상권,2110412,창동중학교,1829,1339,490,7,106,190,321,669,536,3,41,72,184,529,510,4,65,118,137,140,26
2018,1,A,골목상권,2110411,도봉역 3번,3561,1967,1594,7,328,652,929,901,744,4,140,302,499,522,500,3,188,350,430,379,244
2018,1,A,골목상권,2110410,방학역 2번,5959,3191,2768,32,572,886,1246,1354,1869,19,235,427,578,665,1267,13,337,459,668,689,602
2018,1,A,골목상권,2110409,창동역 2번,4874,2279,2595,13,630,1223,1311,1261,436,6,172,563,621,668,249,7,458,660,690,593,187
2018,1,A,골목상권,2110408,가인초등학교,3500,1889,1611,10,417,708,884,906,575,3,142,424,476,501,343,7,275,284,408,405,232
2018,1,A,골목상권,2110407,도봉역 2번,4369,2469,1900,14,376,744,1103,1233,899,10,127,326,572,757,677,4,249,418,531,476,222
2018,1,A,골목상권,2110406,도봉산역 1번,1818,1211,607,3,114,211,497,645,348,3,52,129,315,473,239,0,62,82,182,172,109
2018,1,A,골목상권,2110405,방학역 1번,3255,1754,1501,28,374,556,795,900,602,16,157,289,402,484,406,12,217,267,393,416,196
2018,1,A,골목상권,2110404,신창초등학교,2827,1347,1480,25,292,468,769,847,426,11,91,187,313,460,285,14,201,281,456,387,141
2018,1,A,골목상권,2110403,방학1동주민센터,3434,1708,1726,15,437,650,889,909,534,5,187,360,442,436,278,10,250,290,447,473,256
2018,1,A,골목상권,2110402,도봉구 정병원,3349,1528,1821,12,409,592,853,906,577,1,132,319,393,395,288,11,277,273,460,511,289
2018,1,A,골목상권,2110401,도봉구민회관,3109,1568,1541,10,349,595,712,787,656,5,119,318,330,360,436,5,230,277,382,427,220
2018,1,A,골목상권,2110400,도봉구보건소,3866,1832,2034,13,489,752,1004,999,609,5,162,409,472,458,326,8,327,343,532,541,283
2018,1,A,골목상권,2110399,창2동주민센터,2244,993,1251,27,247,401,632,625,312,9,77,177,247,290,193,18,170,224,385,335,119
2018,1,A,골목상권,2110398,쌍문2동우체국,3483,1724,1759,13,387,685,797,911,690,7,138,351,357,419,452,6,249,334,440,492,238
2018,1,A,골목상권,2110397,도봉산입구,2332,1267,1065,4,200,341,595,727,465,3,74,166,288,430,306,1,126,175,307,297,159
2018,1,A,골목상권,2110396,쌍문역1번(쌍리단길),2315,954,1361,25,405,494,572,550,269,8,113,217,239,233,144,17,292,277,333,317,125
2018,1,A,골목상권,2110395,신한은행 방학동지점,1399,546,853,3,146,234,361,371,284,0,46,104,133,140,123,3,100,130,228,231,161
2018,1,A,골목상권,2110394,방학중학교,1896,736,1160,5,212,367,510,511,291,2,69,175,188,176,126,3,143,192,322,335,165
2018,1,A,골목상권,2110393,국민은행방학지점,1147,383,764,4,111,201,318,310,203,1,17,71,108,106,80,3,94,130,210,204,123
2018,1,A,골목상권,2110392,발바닥공원,715,232,483,2,76,117,197,166,157,1,12,39,52,56,72,1,64,78,145,110,85
2018,1,A,골목상권,2110391,샘말어린이공원,1120,570,550,2,100,233,279,327,179,2,36,124,120,153,135,0,64,109,159,174,44
2018,1,A,골목상권,2110390,방학초등학교,2013,681,1332,4,200,357,542,590,320,1,55,140,183,174,128,3,145,217,359,416,192
2018,1,A,골목상권,2110389,한일병원,2416,1194,1222,7,493,556,558,556,246,2,139,286,261,323,183,5,354,270,297,233,63
2018,1,A,골목상권,2110388,도봉우체국,1985,818,1167,5,467,485,500,398,130,3,124,222,185,193,91,2,343,263,315,205,39
2018,1,A,골목상권,2110387,쌍문초등학교,1836,781,1055,2,329,435,461,419,190,1,82,195,190,190,123,1,247,240,271,229,67
2018,1,A,골목상권,2110386,연산군묘,695,430,265,0,33,63,142,254,203,0,6,24,79,147,174,0,27,39,63,107,29
2018,1,A,골목상권,2110385,효문고등학교,1346,529,817,2,229,227,343,378,167,1,27,81,136,166,118,1,202,146,207,212,49
2018,1,A,골목상권,2110384,문이교,873,423,450,1,91,141,216,259,165,0,22,69,102,117,113,1,69,72,114,142,52
2018,1,A,골목상권,2110383,덕성여대시반거리,1164,406,758,6,228,212,303,297,118,3,35,82,121,108,57,3,193,130,182,189,61
2018,1,A,골목상권,2110382,솔밭공원역 1번,1713,669,1044,1,282,289,428,491,222,0,41,113,176,194,145,1,241,176,252,297,77
2018,1,A,골목상권,2110381,번동주공2단지,1672,780,892,5,209,337,409,436,276,3,69,122,181,223,182,2,140,215,228,213,94
2018,1,A,골목상권,2110380,강북문화정보도서관,1118,515,603,15,165,178,284,299,177,10,48,80,125,155,97,5,117,98,159,144,80
2018,1,A,골목상권,2110379,KT&G 북부지사,1989,1377,612,3,173,269,500,731,313,3,102,138,311,568,255,0,71,131,189,163,58
2018,1,A,골목상권,2110378,송중동주민센터,1533,703,830,7,187,347,453,319,220,2,73,164,193,138,133,5,114,183,260,181,87
2018,1,A,골목상권,2110377,미아사거리역 3번,3119,1235,1884,31,564,807,816,584,317,9,175,324,330,237,160,22,389,483,486,347,157
2018,1,A,골목상권,2110376,수송초등학교,6743,3860,2883,12,673,1474,1722,1952,910,3,252,784,930,1283,608,9,421,690,792,669,302
2018,1,A,골목상권,2110375,서울북부고용노동지청,2628,1651,977,4,238,393,657,895,441,3,119,214,382,631,302,1,119,179,275,264,139
2018,1,A,골목상권,2110374,송중초등학교,3679,1549,2130,13,371,639,877,848,931,4,106,251,380,388,420,9,265,388,497,460,511
2018,1,A,골목상권,2110373,수유역 2번,7298,3896,3402,21,935,1615,1742,1846,1139,7,326,860,905,1127,671,14,609,755,837,719,468
2018,1,A,골목상권,2110372,강북중학교,1784,859,925,7,212,368,491,457,249,0,73,186,223,215,162,7,139,182,268,242,87
2018,1,A,골목상권,2110371,삼양입구사거리,2291,1006,1285,14,318,454,602,571,332,4,72,172,258,276,224,10,246,282,344,295,108
2018,1,A,골목상권,2110370,도봉세무서,3257,1359,1898,14,329,533,747,782,852,5,103,221,334,346,350,9,226,312,413,436,502
2018,1,A,골목상권,2110369,성신여대운정그린캠퍼스,5775,3089,2686,23,759,1136,1356,1376,1125,3,258,628,767,775,658,20,501,508,589,601,467
2018,1,A,골목상권,2110368,송천초등학교,2035,800,1235,17,325,439,567,450,237,6,72,149,232,180,161,11,253,290,335,270,76
2018,1,A,골목상권,2110367,강북구청,7490,3883,3607,19,991,1653,1750,1742,1335,6,358,879,925,1026,689,13,633,774,825,716,646
2018,1,A,골목상권,2110366,광산사거리,4222,2136,2086,2,409,918,1002,1077,814,1,136,451,504,645,399,1,273,467,498,432,415
2018,1,A,골목상권,2110365,미아역 5번,2640,1166,1474,11,356,574,692,622,385,9,114,239,301,289,214,2,242,335,391,333,171
2018,1,A,골목상권,2110364,미아역 8번,2436,1031,1405,14,336,506,654,580,346,3,103,189,299,255,182,11,233,317,355,325,164
2018,1,A,골목상권,2110363,송천동주민센터,1372,552,820,7,181,303,391,315,175,5,53,134,149,115,96,2,128,169,242,200,79
2018,1,A,골목상권,2110362,우이천 계성교,2519,1128,1391,2,430,504,619,627,337,0,108,273,286,284,177,2,322,231,333,343,160
2018,1,A,골목상권,2110361,삼양사거리역 1번,1392,626,766,6,163,257,358,366,242,4,49,129,147,169,128,2,114,128,211,197,114
2018,1,A,골목상권,2110360,수유초등학교,4001,1865,2136,18,485,605,923,1077,893,5,153,288,393,474,552,13,332,317,530,603,341
2018,1,A,골목상권,2110359,수유시장옆,6887,3369,3518,19,815,1324,1573,1653,1503,5,281,611,742,910,820,14,534,713,831,743,683
2018,1,A,골목상권,2110358,인수동 우편취급국,4489,2190,2299,19,573,713,1019,1137,1028,5,176,351,482,549,627,14,397,362,537,588,401
2018,1,A,골목상권,2110357,가오리역 1번,1830,828,1002,1,270,377,439,443,300,0,91,194,199,206,138,1,179,183,240,237,162
2018,1,A,골목상권,2110356,덕수교,1891,792,1099,10,297,368,488,495,233,4,60,179,209,221,119,6,237,189,279,274,114
2018,1,A,골목상권,2110355,삼양사거리역 2번,1837,713,1124,5,235,358,491,471,277,4,53,145,177,191,143,1,182,213,314,280,134
2018,1,A,골목상권,2110354,삼각산119안전센터,919,303,616,4,124,203,286,213,89,1,23,77,84,69,49,3,101,126,202,144,40
2018,1,A,골목상권,2110353,수유동우체국,2009,813,1196,9,313,366,492,523,306,3,66,173,218,221,132,6,247,193,274,302,174
2018,1,A,골목상권,2110352,수유1동주민센터,2270,1124,1146,8,228,415,718,660,241,6,61,172,350,379,156,2,167,243,368,281,85
2018,1,A,골목상권,2110351,수유북부시장옆,2073,1182,891,9,139,266,565,744,350,7,41,141,334,434,225,2,98,125,231,310,125
2018,1,A,골목상권,2110350,가오리역 2번,2282,936,1346,1,239,479,564,634,365,0,60,198,226,240,212,1,179,281,338,394,153
2018,1,A,골목상권,2110349,화계역 2번,1680,1048,632,5,132,269,495,554,225,4,36,117,299,405,187,1,96,152,196,149,38
2018,1,A,골목상권,2110348,강북문화예술회관,2491,943,1548,2,307,565,666,622,329,1,87,222,262,217,154,1,220,343,404,405,175
2018,1,A,골목상권,2110347,구세군강북종합사회복지관,756,265,491,1,116,194,215,157,73,1,32,63,69,57,43,0,84,131,146,100,30
2018,1,A,골목상권,2110346,4.19민주묘지역 2번,1448,590,858,8,249,279,371,383,158,3,47,127,176,160,77,5,202,152,195,223,81
2018,1,A,골목상권,2110345,솔밭공원역 2번,2270,1088,1182,2,302,327,514,781,344,0,49,132,228,442,237,2,253,195,286,339,107
2018,1,A,골목상권,2110344,화계중학교,1051,684,367,4,71,191,359,358,68,4,13,83,242,280,62,0,58,108,117,78,6
2018,1,A,골목상권,2110343,무너미어린이공원,1878,798,1080,6,197,330,480,500,365,2,63,160,224,180,169,4,134,170,256,320,196
2018,1,A,골목상권,2110342,국립재활원,2055,1118,937,6,177,432,607,615,218,5,48,206,373,362,124,1,129,226,234,253,94
2018,1,A,골목상권,2110341,북한산우이역 2번,894,705,189,1,75,82,133,346,257,0,54,56,92,286,217,1,21,26,41,60,40
2018,1,A,골목상권,2110340,인수중학교,1307,685,622,2,130,185,304,382,304,1,51,81,166,212,174,1,79,104,138,170,130
2018,1,A,골목상권,2110339,국립4.19민주묘지,1155,647,508,3,120,146,253,347,286,1,44,79,157,211,155,2,76,67,96,136,131
2018,1,A,골목상권,2110338,인수초등학교,1793,790,1003,3,210,389,443,478,270,1,61,142,191,230,165,2,149,247,252,248,105
2018,1,A,골목상권,2110337,아카데미하우스,1380,725,655,2,140,201,333,401,303,1,53,88,182,229,172,1,87,113,151,172,131
2018,1,A,골목상권,2110336,석관고등학교,2614,1839,775,1,120,341,472,626,1054,1,53,180,303,462,840,0,67,161,169,164,214
2018,1,A,골목상권,2110335,석계역 7번,4000,2351,1649,4,331,580,818,983,1284,2,106,279,433,572,959,2,225,301,385,411,325
2018,1,A,골목상권,2110334,석관중앙교회,2413,1355,1058,5,226,498,644,674,366,0,59,207,365,458,266,5,167,291,279,216,100
2018,1,A,골목상권,2110333,돌곶이역 5번,3910,2329,1581,11,322,527,733,854,1463,4,108,282,391,474,1070,7,214,245,342,380,393
2018,1,A,골목상권,2110332,돌곶이역 3번,3671,2285,1386,7,304,446,663,831,1420,4,109,245,366,488,1073,3,195,201,297,343,347
2018,1,A,골목상권,2110331,돌곶이역 8번,2657,1240,1417,10,322,543,720,606,456,3,84,234,350,274,295,7,238,309,370,332,161
2018,1,A,골목상권,2110330,돌곶이역 1번,2740,1303,1437,5,309,527,696,652,551,3,89,228,331,305,347,2,220,299,365,347,204
2018,1,A,골목상권,2110329,우리은행체육관,1324,628,696,1,115,229,289,382,308,1,38,107,122,186,174,0,77,122,167,196,134
2018,1,A,골목상권,2110328,상월곡역 3번,2066,1028,1038,0,264,501,605,465,231,0,89,221,324,241,153,0,175,280,281,224,78
2018,1,A,골목상권,2110327,상월곡역 2번,1609,756,853,0,190,344,498,387,190,0,77,153,226,176,124,0,113,191,272,211,66
2018,1,A,골목상권,2110326,장위동성당,989,451,538,2,77,219,299,243,149,2,24,98,114,118,95,0,53,121,185,125,54
2018,1,A,골목상권,2110325,장곡초등학교,1213,520,693,14,141,225,329,318,186,9,42,107,134,141,87,5,99,118,195,177,99
2018,1,A,골목상권,2110324,월곡역 4번,4006,2356,1650,4,797,1129,903,748,425,2,394,699,548,447,266,2,403,430,355,301,159
2018,1,A,골목상권,2110323,상월곡역 1번,4190,2378,1812,3,879,1075,925,847,461,1,386,645,530,511,305,2,493,430,395,336,156
2018,1,A,골목상권,2110322,장위1동주민센터,966,433,533,14,117,140,253,264,178,9,43,73,107,110,91,5,74,67,146,154,87
2018,1,A,골목상권,2110321,동덕여대,2127,912,1215,3,338,385,535,524,342,1,76,175,237,226,197,2,262,210,298,298,145
2018,1,A,골목상권,2110320,KB국민은행 종암동지점,3221,1881,1340,9,453,678,928,814,339,3,171,317,594,556,240,6,282,361,334,258,99
2018,1,A,골목상권,2110319,종암동주민센터,2982,1441,1541,10,422,675,783,773,319,2,150,345,412,390,142,8,272,330,371,383,177
2018,1,A,골목상권,2110318,KT월곡지사,4511,2404,2107,15,686,1071,1249,1065,425,3,263,592,711,607,228,12,423,479,538,458,197
2018,1,A,골목상권,2110317,종암중학교,3135,1853,1282,9,481,662,883,785,315,4,190,300,573,559,227,5,291,362,310,226,88
2018,1,A,골목상권,2110316,숭곡초등학교,5232,2444,2788,29,850,1232,1411,1108,602,11,330,577,668,526,332,18,520,655,743,582,270
2018,1,A,골목상권,2110315,종암아이파크2차,1808,671,1137,11,265,333,469,463,267,2,80,132,180,158,119,9,185,201,289,305,148
2018,1,A,골목상권,2110314,종암경찰서,2968,1477,1491,10,388,611,820,776,363,2,146,346,424,397,162,8,242,265,396,379,201
2018,1,A,골목상권,2110313,안암역 3번,8259,4173,4086,19,1670,2269,2120,1505,676,7,507,978,1247,963,471,12,1163,1291,873,542,205
2018,1,A,골목상권,2110312,안암역 2번,6373,3081,3292,15,1430,1857,1599,1114,358,5,398,750,932,740,256,10,1032,1107,667,374,102
2018,1,A,골목상권,2110311,종암아이파크2차후문,440,112,328,0,39,83,111,124,83,0,12,23,30,21,26,0,27,60,81,103,57
2018,1,A,골목상권,2110310,길음역 10번,1651,616,1035,6,171,282,457,394,341,1,45,120,160,121,169,5,126,162,297,273,172
2018,1,A,골목상권,2110309,대광초등학교,3856,2161,1695,19,526,919,993,815,584,5,187,535,589,475,370,14,339,384,404,340,214
2018,1,A,골목상권,2110308,길음역 8번,2582,969,1613,18,322,484,732,588,438,8,84,199,250,207,221,10,238,285,482,381,217
2018,1,A,골목상권,2110307,길음역 7번,2183,825,1358,18,276,355,587,538,409,6,69,156,218,181,195,12,207,199,369,357,214
2018,1,A,골목상권,2110306,미아초등학교,1393,539,854,10,208,313,439,272,151,3,62,127,153,109,85,7,146,186,286,163,66
2018,1,A,골목상권,2110305,보문역 5번,6350,2722,3628,23,1396,1809,1499,1076,547,6,336,707,752,577,344,17,1060,1102,747,499,203
2018,1,A,골목상권,2110304,보문역 4번,8984,4181,4803,16,1655,2520,2278,1855,660,7,431,978,1178,1170,417,9,1224,1542,1100,685,243
2018,1,A,골목상권,2110303,성신여대입구역 1번,7762,3021,4741,21,1934,2141,1785,1270,611,12,415,803,837,628,326,9,1519,1338,948,642,285
2018,1,A,골목상권,2110302,보문역 8번,2628,1296,1332,16,383,572,630,600,427,4,120,287,324,303,258,12,263,285,306,297,169
2018,1,A,골목상권,2110301,성신여대입구역 7번,3836,1669,2167,17,702,845,892,795,585,8,211,370,424,353,303,9,491,475,468,442,282
2018,1,A,골목상권,2110300,삼선동주민센터,12902,5882,7020,28,2463,3242,3077,2771,1321,12,620,1351,1603,1553,743,16,1843,1891,1474,1218,578
2018,1,A,골목상권,2110299,정릉역 1번,2584,992,1592,18,363,612,690,565,336,11,83,223,264,220,191,7,280,389,426,345,145
2018,1,A,골목상권,2110298,솔숲어린이공원,1155,455,700,5,146,262,339,262,141,3,39,96,117,106,94,2,107,166,222,156,47
2018,1,A,골목상권,2110297,경동고등학교,8759,4295,4464,20,1093,1902,2219,2310,1215,11,355,877,1147,1260,645,9,738,1025,1072,1050,570
2018,1,A,골목상권,2110296,성신여대입구역 4번,5784,2476,3308,16,826,1043,1084,1264,1551,6,239,476,516,522,717,10,587,567,568,742,834
2018,1,A,골목상권,2110295,정릉우체국,2048,1068,980,3,222,362,540,567,354,1,68,166,241,347,245,2,154,196,299,220,109
2018,1,A,골목상권,2110294,서경대학교,2676,1476,1200,2,320,468,681,759,446,0,80,220,342,502,332,2,240,248,339,257,114
2018,1,A,골목상권,2110293,삼선중학교,6667,2802,3865,22,849,1289,1465,1440,1602,8,239,580,669,591,715,14,610,709,796,849,887
2018,1,A,골목상권,2110292,정릉역 2번,1060,432,628,3,142,239,315,248,113,1,49,102,115,99,66,2,93,137,200,149,47
2018,1,A,골목상권,2110291,한성대입구역 3번,3388,1579,1809,12,557,728,888,788,415,5,204,321,433,402,214,7,353,407,455,386,201
2018,1,A,골목상권,2110290,북한산보국문역 1번,1736,909,827,2,194,308,454,500,278,2,45,154,238,303,167,0,149,154,216,197,111
2018,1,A,골목상권,2110289,북한산보국문역 2번,1847,962,885,3,198,336,506,516,288,2,58,157,250,303,192,1,140,179,256,213,96
2018,1,A,골목상권,2110288,동구여중,2776,1244,1532,26,448,787,801,494,220,10,138,329,364,262,141,16,310,458,437,232,79
2018,1,A,골목상권,2110287,정릉3동주민센터,1076,640,436,2,101,188,331,323,131,2,28,86,214,214,96,0,73,102,117,109,35
2018,1,A,골목상권,2110286,한성대입구역 5번,3687,1828,1859,30,545,972,1008,743,389,10,163,405,514,461,275,20,382,567,494,282,114
2018,1,A,골목상권,2110285,홍대부중,2394,1103,1291,7,332,710,724,429,192,5,103,292,345,234,124,2,229,418,379,195,68
2018,1,A,골목상권,2110284,정릉북한산국립공원입구,927,728,199,0,40,114,289,326,158,0,9,82,234,269,134,0,31,32,55,57,24
2018,1,A,골목상권,2110283,성북초등학교앞,1849,917,932,5,274,485,512,394,179,5,80,219,276,218,119,0,194,266,236,176,60
2018,1,A,골목상권,2110282,국민대학교앞,2433,1480,953,0,325,483,765,616,244,0,91,234,498,459,198,0,234,249,267,157,46
2018,1,A,골목상권,2110281,길상사,983,554,429,8,198,288,206,179,104,3,80,174,127,104,66,5,118,114,79,75,38
2018,1,A,골목상권,2110280,북정마을,2118,1085,1033,13,361,661,515,419,149,3,120,337,297,231,97,10,241,324,218,188,52
2018,1,A,골목상권,2110279,신내역 2번,3787,1959,1828,5,771,1087,877,777,270,3,225,571,507,474,179,2,546,516,370,303,91
2018,1,A,골목상권,2110278,망우본동주민센터,4053,1951,2102,9,563,785,981,1049,666,2,147,306,424,588,484,7,416,479,557,461,182
2018,1,A,골목상권,2110277,러스크서울병원,3843,1901,1942,14,500,701,918,1006,704,3,149,289,431,556,473,11,351,412,487,450,231
2018,1,A,골목상권,2110276,신내IC북측,1955,1432,523,0,219,498,496,561,181,0,142,407,377,389,117,0,77,91,119,172,64
2018,1,A,골목상권,2110275,하나은행 망우동지점,2918,1486,1432,14,335,514,638,818,599,3,97,198,308,465,415,11,238,316,330,353,184
2018,1,A,골목상권,2110274,서일대학교,3008,1582,1426,6,334,505,788,853,522,2,115,225,406,469,365,4,219,280,382,384,157
2018,1,A,골목상권,2110273,장스여성병원,3068,1554,1514,8,368,564,687,828,613,1,98,198,316,487,454,7,270,366,371,341,159
2018,1,A,골목상권,2110272,신내1동주민센터,5646,2749,2897,12,565,1188,1476,1575,830,8,178,498,637,900,528,4,387,690,839,675,302
2018,1,A,골목상권,2110271,신내역 1번,4345,2362,1983,5,797,1156,1015,1029,343,3,251,663,619,613,213,2,546,493,396,416,130
2018,1,A,골목상권,2110270,혜원여고,1671,810,861,5,148,293,428,472,325,4,42,134,198,227,205,1,106,159,230,245,120
2018,1,A,골목상권,2110269,용마문화복지센터,2371,1311,1060,6,259,351,599,726,430,4,98,165,332,403,309,2,161,186,267,323,121
2018,1,A,골목상권,2110268,망우3동주민센터,2341,1392,949,17,217,323,504,602,678,12,110,170,271,322,507,5,107,153,233,280,171
2018,1,A,골목상권,2110267,망우역 2번,3986,1825,2161,20,463,730,1002,1068,703,12,139,301,435,507,431,8,324,429,567,561,272
2018,1,A,골목상권,2110266,면목동우체국,3069,1702,1367,7,286,489,797,983,507,3,86,212,424,599,378,4,200,277,373,384,129
2018,1,A,골목상권,2110265,망우역 1번,5160,2719,2441,34,703,956,1123,1294,1050,17,241,387,566,765,743,17,462,569,557,529,307
2018,1,A,골목상권,2110264,면목역 2번,3243,1501,1742,10,399,539,924,932,439,6,128,237,450,424,256,4,271,302,474,508,183
2018,1,A,골목상권,2110263,면목역 1번,4896,2752,2144,28,643,1073,1350,1014,788,11,311,709,677,499,545,17,332,364,673,515,243
2018,1,A,골목상권,2110262,상봉역 3번,5297,3110,2187,28,738,1185,1400,1096,850,11,354,758,732,626,629,17,384,427,668,470,221
2018,1,A,골목상권,2110261,사가정역 4번,3489,2054,1435,3,369,572,858,1159,528,0,109,244,483,811,407,3,260,328,375,348,121
2018,1,A,골목상권,2110260,면목역 3번,3876,2151,1725,13,526,934,1178,810,415,1,235,618,590,430,277,12,291,316,588,380,138
2018,1,A,골목상권,2110259,사가정역 1번,3088,1517,1571,4,443,651,782,793,415,2,98,259,393,476,289,2,345,392,389,317,126
2018,1,A,골목상권,2110258,면동초등학교,2417,1146,1271,4,378,480,609,598,348,2,81,198,290,326,249,2,297,282,319,272,99
2018,1,A,골목상권,2110257,상봉역 7번,3307,1909,1398,14,390,567,780,928,628,11,130,255,402,610,501,3,260,312,378,318,127
2018,1,A,골목상권,2110256,면목2동체육관,5288,2902,2386,16,662,1237,1576,1172,625,2,290,766,806,627,411,14,372,471,770,545,214
2018,1,A,골목상권,2110255,상봉역 4번,6503,3587,2916,25,885,1488,1811,1419,875,6,359,889,930,818,585,19,526,599,881,601,290
2018,1,A,골목상권,2110254,오거리공원,2445,1396,1049,1,253,469,668,783,271,0,81,205,370,539,201,1,172,264,298,244,70
2018,1,A,골목상권,2110253,중곡초등학교,2011,1168,843,7,218,340,521,648,277,2,71,146,304,459,186,5,147,194,217,189,91
2018,1,A,골목상권,2110252,장안제일시장,2434,1332,1102,1,344,482,627,593,387,1,90,222,345,378,296,0,254,260,282,215,91
2018,1,A,골목상권,2110251,장안중학교,2496,1261,1235,6,273,417,654,702,444,5,86,168,280,388,334,1,187,249,374,314,110
2018,1,A,골목상권,2110250,화랑대역 7번,1998,847,1151,2,188,436,550,533,289,0,64,201,224,212,146,2,124,235,326,321,143
2018,1,A,골목상권,2110249,중화역 1번,3597,1743,1854,7,381,675,910,806,818,6,131,298,420,336,552,1,250,377,490,470,266
2018,1,A,골목상권,2110248,먹골파출소,1366,625,741,6,185,332,382,318,143,1,64,179,162,127,92,5,121,153,220,191,51
2018,1,A,골목상권,2110247,먹골역 1번,2665,1297,1368,13,385,621,713,596,337,7,120,321,349,295,205,6,265,300,364,301,132
2018,1,A,골목상권,2110246,월드순복음교회,3138,1652,1486,14,383,596,749,810,586,5,129,288,397,457,376,9,254,308,352,353,210
2018,1,A,골목상권,2110245,KB국민은행 중화동지점,2437,1329,1108,12,241,417,631,644,492,7,91,206,320,371,334,5,150,211,311,273,158
2018,1,A,골목상권,2110244,중화역 4번,4214,2578,1636,6,339,557,757,786,1769,5,125,249,346,336,1517,1,214,308,411,450,252
2018,1,A,골목상권,2110243,중랑노인종합복지관,2618,1373,1245,6,293,492,667,718,442,1,95,228,346,396,307,5,198,264,321,322,135
2018,1,A,골목상권,2110242,면목5동주민센터,1518,960,558,1,129,245,372,465,306,0,62,130,228,308,232,1,67,115,144,157,74
2018,1,A,골목상권,2110241,먹골역 5번,3258,1631,1627,11,360,657,805,739,686,7,113,315,392,345,459,4,247,342,413,394,227
2018,1,A,골목상권,2110240,태릉시장 특화거리,2832,1835,997,9,207,332,491,482,1311,5,90,166,207,204,1163,4,117,166,284,278,148
2018,1,A,골목상권,2110239,중랑역 2번,955,452,503,8,144,177,214,203,209,4,52,91,99,102,104,4,92,86,115,101,105
2018,1,A,골목상권,2110238,배꽃어린이공원,2709,2010,699,6,162,248,322,369,1602,4,66,137,183,192,1428,2,96,111,139,177,174
2018,1,A,골목상권,2110237,메가박스 상봉,5283,3265,2018,30,709,1189,1419,1379,557,18,292,728,925,962,340,12,417,461,494,417,217
2018,1,A,골목상권,2110236,신묵초등학교,3285,1721,1564,12,382,641,818,728,704,8,123,329,421,366,474,4,259,312,397,362,230
2018,1,A,골목상권,2110235,세화어린이공원,1729,1334,395,1,64,115,200,244,1105,1,34,63,79,95,1062,0,30,52,121,149,43
2018,1,A,골목상권,2110234,중랑역 4번,4532,3106,1426,28,573,1045,1261,1151,474,18,270,720,908,889,301,10,303,325,353,262,173
2018,1,A,골목상권,2110233,중랑역 1번,4234,2834,1400,28,562,981,1187,1069,407,19,260,667,822,823,243,9,302,314,365,246,164
2018,1,A,골목상권,2110232,동대부고,4324,2249,2075,11,656,953,1117,1036,551,2,311,498,551,533,354,9,345,455,566,503,197
2018,1,A,골목상권,2110231,장안교,2183,1292,891,1,331,490,595,510,256,0,202,279,331,294,186,1,129,211,264,216,70
2018,1,A,골목상권,2110230,장안현대홈타운1차아파트,5347,2532,2815,30,793,1271,1443,1155,655,6,274,595,723,538,396,24,519,676,720,617,259
2018,1,A,골목상권,2110229,장평중학교,10487,6365,4122,41,1539,2478,2499,2103,1827,19,708,1492,1532,1267,1347,22,831,986,967,836,480
2018,1,A,골목상권,2110228,장안근린공원,7152,3506,3646,28,1064,1571,1883,1693,913,8,457,805,899,811,526,20,607,766,984,882,387
2018,1,A,골목상권,2110227,답십리공원,2892,1324,1568,5,396,598,763,764,366,3,151,310,331,348,181,2,245,288,432,416,185
2018,1,A,골목상권,2110226,장안1동주민센터,11167,6178,4989,63,1567,2380,2724,2442,1991,23,655,1288,1598,1348,1266,40,912,1092,1126,1094,725
2018,1,A,골목상권,2110225,촬영소사거리,3565,2136,1429,11,431,759,956,840,568,7,228,479,606,480,336,4,203,280,350,360,232
2018,1,A,골목상권,2110224,외대앞역 2번,913,403,510,6,125,176,243,197,166,5,44,89,101,85,79,1,81,87,142,112,87
2018,1,A,골목상권,2110223,군자초등학교,11636,7247,4389,63,2000,2605,2434,2178,2356,21,960,1669,1576,1367,1654,42,1040,936,858,811,702
2018,1,A,골목상권,2110222,회기역 2번,1390,647,743,7,280,283,296,216,308,2,78,144,147,89,187,5,202,139,149,127,121
2018,1,A,골목상권,2110221,의릉,1219,564,655,4,167,290,354,278,126,0,41,106,187,148,82,4,126,184,167,130,44
2018,1,A,골목상권,2110220,외대앞역 1번,5676,2994,2682,11,662,1425,1717,1255,606,5,191,582,949,828,439,6,471,843,768,427,167
2018,1,A,골목상권,2110219,삼육보건대학교,5153,2368,2785,13,948,1194,1185,1099,714,3,272,526,587,545,435,10,676,668,598,554,279
2018,1,A,골목상권,2110218,답십리사거리,2045,1060,985,8,275,387,546,495,334,5,122,206,295,248,184,3,153,181,251,247,150
2018,1,A,골목상권,2110217,자동차부품상가,27943,22273,5670,44,3241,4847,9505,8115,2191,31,1996,3603,7955,6963,1725,13,1245,1244,1550,1152,466
2018,1,A,골목상권,2110216,전농중학교,1935,834,1101,4,266,497,524,436,208,1,73,199,220,200,141,3,193,298,304,236,67
2018,1,A,골목상권,2110215,회기역 1번,4435,2305,2130,7,629,1099,1235,866,599,1,179,447,690,533,455,6,450,652,545,333,144
2018,1,A,골목상권,2110214,경희대후문,7977,3755,4222,7,1320,2332,2159,1598,561,3,345,907,1095,963,442,4,975,1425,1064,635,119
2018,1,A,골목상권,2110213,청량초등학교,6425,2770,3655,10,1217,1927,1673,1158,440,3,312,761,780,596,318,7,905,1166,893,562,122
2018,1,A,골목상권,2110212,답십리초등학교,4771,2414,2357,15,791,1121,1242,951,651,11,346,643,603,441,370,4,445,478,639,510,281
2018,1,A,골목상권,2110211,전곡마을마당공원,3510,1894,1616,6,425,868,933,851,427,3,166,392,532,511,290,3,259,476,401,340,137
2018,1,A,골목상권,2110210,서울시립대,4093,2185,1908,18,568,1026,1070,944,467,7,213,477,602,568,318,11,355,549,468,376,149
2018,1,A,골목상권,2110209,답십리 장령당공원,1740,1024,716,5,193,353,471,374,344,2,98,196,274,190,264,3,95,157,197,184,80
2018,1,A,골목상권,2110208,시조사삼거리,2447,1210,1237,7,374,605,645,543,273,2,124,299,357,275,153,5,250,306,288,268,120
2018,1,A,골목상권,2110207,시립대앞사거리,3806,2113,1693,54,666,921,924,780,461,35,300,433,529,490,326,19,366,488,395,290,135
2018,1,A,골목상권,2110206,텃골근린공원,1759,859,900,4,229,366,526,420,214,2,86,184,273,202,112,2,143,182,253,218,102
2018,1,A,골목상권,2110205,경희대삼거리,8591,3878,4713,18,1585,2495,2129,1628,736,8,458,1064,1046,847,455,10,1127,1431,1083,781,281
2018,1,A,골목상권,2110204,간데메공원,2375,1275,1100,5,350,509,675,510,326,2,156,283,370,265,199,3,194,226,305,245,127
2018,1,A,골목상권,2110203,떡전교사거리,3914,2158,1756,53,702,931,919,818,491,34,335,542,523,431,293,19,367,389,396,387,198
2018,1,A,골목상권,2110202,전농1동주민센터(전농시장),833,437,396,2,120,146,235,199,131,1,47,80,131,110,68,1,73,66,104,89,63
2018,1,A,골목상권,2110201,전농119안전센터,1107,599,508,2,165,232,317,237,154,1,69,136,184,123,86,1,96,96,133,114,68
2018,1,A,골목상권,2110200,동대문경찰서,2541,1457,1084,2,279,564,628,658,410,1,149,368,384,349,206,1,130,196,244,309,204
2018,1,A,골목상권,2110199,홍릉시장,2929,1752,1177,2,314,646,745,741,481,1,180,427,473,404,267,1,134,219,272,337,214
2018,1,A,골목상권,2110198,동대문중앙새마을금고본점,1234,728,506,1,124,217,289,310,293,1,58,130,189,163,187,0,66,87,100,147,106
2018,1,A,골목상권,2110197,세종대왕기념관교차로,1755,1107,648,3,283,583,367,377,142,2,126,354,250,271,104,1,157,229,117,106,38
2018,1,A,골목상권,2110196,홍릉근린공원,1018,450,568,1,94,194,244,279,206,0,38,95,112,99,106,1,56,99,132,180,100
2018,1,A,골목상권,2110195,동대문구청,6680,3715,2965,11,803,1476,1642,1720,1028,7,339,787,846,1064,672,4,464,689,796,656,356
2018,1,A,골목상권,2110194,홍파초등학교,2728,1581,1147,5,242,514,742,730,495,2,127,306,436,403,307,3,115,208,306,327,188
2018,1,A,골목상권,2110193,고려대역 4번,3645,2307,1338,8,471,855,1006,933,372,3,205,463,681,686,269,5,266,392,325,247,103
2018,1,A,골목상권,2110192,동의보감타워,5608,3150,2458,12,661,1197,1388,1476,874,6,262,624,719,967,572,6,399,573,669,509,302
2018,1,A,골목상권,2110191,고려대역 6번,3567,2216,1351,9,448,679,1056,936,439,2,205,363,687,653,306,7,243,316,369,283,133
2018,1,A,골목상권,2110190,고대앞사거리,4908,2837,2071,21,798,1088,1389,1110,502,8,338,553,851,743,344,13,460,535,538,367,158
2018,1,A,골목상권,2110189,제기동역 1번,5824,3435,2389,18,934,1344,1311,1165,1052,7,363,744,762,769,790,11,571,600,549,396,262
2018,1,A,골목상권,2110188,용두동신동아아파트,12752,8402,4350,47,1815,3127,3207,3111,1445,24,877,2056,2346,2139,960,23,938,1071,861,972,485
2018,1,A,골목상권,2110187,제기동역 6번,9317,5718,3599,27,1741,2704,2212,1497,1136,5,738,1639,1498,1027,811,22,1003,1065,714,470,325
2018,1,A,골목상권,2110186,종암초등학교,1901,992,909,9,339,409,486,378,280,2,133,212,264,201,180,7,206,197,222,177,100
2018,1,A,골목상권,2110185,용두초등학교,13534,6805,6729,66,2141,3933,4312,2244,838,8,801,2237,2085,1136,538,58,1340,1696,2227,1108,300
2018,1,A,골목상권,2110184,용두사거리,9493,5264,4229,68,1996,2809,2289,1340,991,10,685,1579,1437,857,696,58,1311,1230,852,483,295
2018,1,A,골목상권,2110183,한국의류시험연구원,5200,2848,2352,54,1010,1316,1102,858,860,11,344,675,636,538,644,43,666,641,466,320,216
2018,1,A,골목상권,2110182,용두희망어린이공원,5265,2744,2521,56,1015,1356,1257,933,648,12,364,706,728,526,408,44,651,650,529,407,240
2018,1,A,골목상권,2110181,신설동역 9번,19179,10053,9126,103,2725,4829,5455,3635,2432,55,1137,2797,2792,1861,1411,48,1588,2032,2663,1774,1021
2018,1,A,골목상권,2110180,광진정보도서관,5955,3399,2556,50,1226,1737,1461,997,484,28,468,995,1011,572,325,22,758,742,450,425,159
2018,1,A,골목상권,2110179,광나루역 1번,2054,1049,1005,12,286,575,475,404,302,10,95,253,261,209,221,2,191,322,214,195,81
2018,1,A,골목상권,2110178,장로회신학대학교,2472,1318,1154,12,462,581,567,515,335,10,137,337,353,265,216,2,325,244,214,250,119
2018,1,A,골목상권,2110177,동의초등학교,838,355,483,3,113,156,256,217,93,1,39,54,111,96,54,2,74,102,145,121,39
2018,1,A,골목상권,2110176,해오름공원,1609,796,813,3,174,291,432,425,284,1,55,124,202,225,189,2,119,167,230,200,95
2018,1,A,골목상권,2110175,푸른동산공원,10406,5978,4428,31,1003,1904,2864,3133,1471,20,510,1224,1778,1631,815,11,493,680,1086,1502,656
2018,1,A,골목상권,2110174,아차산역 1번,3843,1860,1983,16,455,766,979,997,630,5,165,346,459,481,404,11,290,420,520,516,226
2018,1,A,골목상권,2110173,구남초등학교,14170,8856,5314,75,1411,2790,3927,3843,2124,40,798,1905,2641,2183,1289,35,613,885,1286,1660,835
2018,1,A,골목상권,2110172,광진초등학교,3738,2044,1694,38,483,782,970,949,516,11,185,396,558,553,341,27,298,386,412,396,175
2018,1,A,골목상권,2110171,중곡4동주민센터,1919,1048,871,1,200,375,496,564,283,0,64,188,265,323,208,1,136,187,231,241,75
2018,1,A,골목상권,2110170,동대부여고,8802,5244,3558,7,735,1668,2710,2832,850,5,373,1101,1748,1516,501,2,362,567,962,1316,349
2018,1,A,골목상권,2110169,성동초등학교,8898,5937,2961,41,850,1906,2649,2232,1220,24,476,1227,1876,1465,869,17,374,679,773,767,351
2018,1,A,골목상권,2110168,대원고등학교,2314,1200,1114,2,233,518,602,653,306,0,72,229,314,361,224,2,161,289,288,292,82
2018,1,A,골목상권,2110167,용마초등학교,5184,2744,2440,9,645,1084,1369,1246,831,2,258,570,697,666,551,7,387,514,672,580,280
2018,1,A,골목상권,2110166,구의1동주민센터,13994,8345,5649,26,1826,3434,3836,3542,1330,11,675,1813,2533,2416,897,15,1151,1621,1303,1126,433
2018,1,A,골목상권,2110165,국립정신건강센터,3405,1694,1711,4,357,728,945,928,443,1,107,325,466,483,312,3,250,403,479,445,131
2018,1,A,골목상권,2110164,아차산역 5번,4074,2099,1975,20,604,931,990,912,617,6,239,469,510,471,404,14,365,462,480,441,213
2018,1,A,골목상권,2110163,성자초등학교,4957,3406,1551,11,417,1008,1543,1423,555,10,240,686,1156,939,375,1,177,322,387,484,180
2018,1,A,골목상권,2110162,군자역 4번,4976,2565,2411,11,729,1132,1317,1119,668,3,290,594,672,559,447,8,439,538,645,560,221
2018,1,A,골목상권,2110161,중곡역 3번,3561,1896,1665,10,410,742,876,1039,484,2,143,334,448,651,318,8,267,408,428,388,166
2018,1,A,골목상권,2110160,광진경찰서,5027,2342,2685,12,998,1684,1216,825,292,7,296,751,651,460,177,5,702,933,565,365,115
2018,1,A,골목상권,2110159,구의역 4번,17918,10347,7571,47,2501,4156,4624,4347,2243,21,848,2038,2880,2884,1676,26,1653,2118,1744,1463,567
2018,1,A,골목상권,2110158,중곡3동주민센터,3387,1939,1448,16,412,704,834,961,460,4,148,362,461,651,313,12,264,342,373,310,147
2018,1,A,골목상권,2110157,자양동우체국,2065,950,1115,9,313,450,500,469,324,7,104,199,225,220,195,2,209,251,275,249,129
2018,1,A,골목상권,2110156,군자역 5번,8147,4255,3892,25,1471,1909,2065,1835,842,6,618,1116,1129,839,547,19,853,793,936,996,295
2018,1,A,골목상권,2110155,광진구청,13249,7509,5740,39,2077,3419,3213,2894,1607,18,700,1623,1937,2023,1208,21,1377,1796,1276,871,399
2018,1,A,골목상권,2110154,광진정말공원,4190,2101,2089,18,607,877,1022,939,727,11,226,412,469,471,512,7,381,465,553,468,215
2018,1,A,골목상권,2110153,중곡1동주민센터,5287,3156,2131,12,686,1206,1412,1216,755,3,300,762,869,720,502,9,386,444,543,496,253
2018,1,A,골목상권,2110152,중곡어린이공원,2790,1654,1136,12,347,615,638,551,627,5,137,327,318,317,550,7,210,288,320,234,77
2018,1,A,골목상권,2110151,자양한강도서관,2493,1183,1310,5,317,503,630,598,440,3,107,229,258,283,303,2,210,274,372,315,137
2018,1,A,골목상권,2110150,중곡1동 마을마당,5655,3498,2157,21,648,1286,1415,1205,1080,8,286,805,863,705,831,13,362,481,552,500,249
2018,1,A,골목상권,2110149,세종대학교,4131,1875,2256,15,874,911,1020,964,347,3,325,459,494,385,209,12,549,452,526,579,138
2018,1,A,골목상권,2110148,어린이대공원역 3번,4506,1988,2518,22,1114,1408,1025,706,231,3,337,556,525,398,169,19,777,852,500,308,62
2018,1,A,골목상권,2110147,능동우편취급국,7916,4263,3653,29,1387,1882,2056,1747,815,7,613,1124,1157,865,497,22,774,758,899,882,318
2018,1,A,골목상권,2110146,신자초등학교,2256,1030,1226,1,248,451,605,556,395,1,87,185,249,229,279,0,161,266,356,327,116
2018,1,A,골목상권,2110145,장안초등학교,2755,1571,1184,6,499,594,739,637,280,1,221,328,448,375,198,5,278,266,291,262,82
2018,1,A,골목상권,2110144,어린이대공원역 4번,5391,2444,2947,20,1254,1613,1261,889,354,3,388,668,648,479,258,17,866,945,613,410,96
2018,1,A,골목상권,2110143,뚝섬유원지역 1번,1395,562,833,9,144,232,339,351,320,4,50,100,156,119,133,5,94,132,183,232,187
2018,1,A,골목상권,2110142,화양사거리,7538,4430,3108,106,1714,2011,1764,1222,721,45,845,1337,1077,644,482,61,869,674,687,578,239
2018,1,A,골목상권,2110141,건대입구역 1번,7680,4858,2822,38,1608,2067,1701,1362,904,24,898,1451,1136,762,587,14,710,616,565,600,317
2018,1,A,골목상권,2110140,건대입구역 6번,10878,6541,4337,65,2009,2759,2563,2099,1383,37,1015,1816,1624,1189,860,28,994,943,939,910,523
2018,1,A,골목상권,2110139,자양4동주민센터,2786,1469,1317,15,328,539,646,695,563,5,147,300,356,343,318,10,181,239,290,352,245
2018,1,A,골목상권,2110138,송정체육공원,8144,4889,3255,106,1928,2224,1833,1277,776,43,959,1512,1105,718,552,63,969,712,728,559,224
2018,1,A,골목상권,2110137,성수초등학교,30935,19240,11695,298,6166,8309,7672,5341,3149,174,3024,5469,4942,3356,2275,124,3142,2840,2730,1985,874
2018,1,A,골목상권,2110136,경수초등학교,57816,28249,29567,340,9648,14501,17581,12830,2916,229,5591,10119,7021,3278,2011,111,4057,4382,10560,9552,905
2018,1,A,골목상권,2110135,성동세무서,15147,9611,5536,198,2936,4105,3889,2668,1351,104,1421,2683,2563,1799,1041,94,1515,1422,1326,869,310
2018,1,A,골목상권,2110134,성수119안전센터,36711,15150,21561,193,5404,8558,12495,9342,719,138,3474,6141,3718,1187,492,55,1930,2417,8777,8155,227
2018,1,A,골목상권,2110133,서울교통공사,28321,22899,5422,77,3518,5107,9578,8016,2025,36,2132,3818,8231,7031,1651,41,1386,1289,1347,985,374
2018,1,A,골목상권,2110132,성수2가3동주민센터,12756,7429,5327,104,2512,3604,3386,2013,1137,40,1029,2115,2072,1330,843,64,1483,1489,1314,683,294
2018,1,A,골목상권,2110131,성수동카페거리,67581,32010,35571,555,13828,18466,19227,13263,2242,282,7228,12394,7743,2924,1439,273,6600,6072,11484,10339,803
2018,1,A,골목상권,2110130,답십리역 6번,4267,2244,2023,11,725,1092,1054,816,569,7,328,619,523,395,372,4,397,473,531,421,197
2018,1,A,골목상권,2110129,성원어린이공원,13920,8200,5720,106,2820,4125,3582,2098,1189,40,1155,2538,2247,1370,850,66,1665,1587,1335,728,339
2018,1,A,골목상권,2110128,성원중학교,37692,15698,21994,244,5530,8703,12693,9730,792,154,3500,6203,3799,1480,562,90,2030,2500,8894,8250,230
2018,1,A,골목상권,2110127,성수1가1동주민센터,50972,22035,28937,372,9879,13466,15273,11059,923,197,5524,9195,5036,1466,617,175,4355,4271,10237,9593,306
2018,1,A,골목상권,2110126,서울숲역 1번,20276,10539,9737,149,5196,6502,4568,3016,845,60,2326,3986,2503,1123,541,89,2870,2516,2065,1893,304
2018,1,A,골목상권,2110125,사근동살곶이상점가,7413,3569,3844,8,1491,1877,2065,1459,513,3,384,859,1033,892,398,5,1107,1018,1032,567,115
2018,1,A,골목상권,2110124,뚝섬역교차로,11608,6826,4782,57,2842,3758,2326,1633,992,15,1043,2254,1565,1146,803,42,1799,1504,761,487,189
2018,1,A,골목상권,2110123,마장역 3번,2539,1481,1058,8,263,532,696,699,341,4,112,290,409,401,265,4,151,242,287,298,76
2018,1,A,골목상권,2110122,마장역 2번,2997,1950,1047,7,312,636,834,791,417,4,178,401,551,500,316,3,134,235,283,291,101
2018,1,A,골목상권,2110121,한양대역 4번,7867,3937,3930,19,1614,1958,2126,1552,598,11,452,929,1104,961,480,8,1162,1029,1022,591,118
2018,1,A,골목상권,2110120,서울숲카페거리,3047,1847,1200,10,435,605,652,789,556,3,174,328,394,513,435,7,261,277,258,276,121
2018,1,A,골목상권,2110119,마장지하차도,5464,3178,2286,25,673,1313,1441,1326,686,16,325,700,795,876,466,9,348,613,646,450,220
2018,1,A,골목상권,2110118,왕십리역 9번,3042,1489,1553,31,580,625,685,673,448,20,221,313,310,325,300,11,359,312,375,348,148
2018,1,A,골목상권,2110117,성동구보건소,6956,3715,3241,30,869,1667,1754,1751,885,18,389,888,956,961,503,12,480,779,798,790,382
2018,1,A,골목상권,2110116,청계천박물관,12638,7822,4816,32,1412,2715,3122,3716,1641,21,683,1649,2008,2400,1061,11,729,1066,1114,1316,580
2018,1,A,골목상권,2110115,상왕십리역 3번,9518,4867,4651,35,1616,2284,2430,2088,1065,16,559,1081,1299,1276,636,19,1057,1203,1131,812,429
2018,1,A,골목상권,2110114,왕십리파출소,2762,1277,1485,6,367,669,664,716,340,2,137,378,362,257,141,4,230,291,302,459,199
2018,1,A,골목상권,2110113,응봉산,345,118,227,0,39,57,86,91,72,0,6,13,18,26,55,0,33,44,68,65,17
2018,1,A,골목상권,2110112,행당역 2번,2825,1166,1659,17,484,638,711,664,311,9,139,233,282,315,188,8,345,405,429,349,123
2018,1,A,골목상권,2110111,대현산장미원,154,58,96,0,22,28,49,34,21,0,2,10,14,14,18,0,20,18,35,20,3
2018,1,A,골목상권,2110110,상왕십리역 6번,3906,2044,1862,20,611,864,993,896,522,8,200,446,606,491,293,12,411,418,387,405,229
2018,1,A,골목상권,2110109,금호삼성래미안아파트,981,428,553,5,143,208,231,204,190,1,39,90,97,77,124,4,104,118,134,127,66
2018,1,A,골목상권,2110108,성동구립금호도서관,969,361,608,2,131,246,257,195,138,0,29,76,91,73,92,2,102,170,166,122,46
2018,1,A,골목상권,2110107,금호사거리,886,378,508,4,122,197,200,198,165,1,38,84,93,79,83,3,84,113,107,119,82
2018,1,A,골목상권,2110106,금북초등학교,637,232,405,0,79,155,178,147,78,0,17,42,63,53,57,0,62,113,115,94,21
2018,1,A,골목상권,2110105,금동어린이공원,1676,679,997,4,241,413,389,353,276,1,65,172,158,135,148,3,176,241,231,218,128
2018,1,A,골목상권,2110104,신금호역 4번,1482,585,897,4,231,304,318,368,257,0,54,116,122,146,147,4,177,188,196,222,110
2018,1,A,골목상권,2110103,옥수터널,886,394,492,5,191,220,216,159,95,1,62,102,99,67,63,4,129,118,117,92,32
2018,1,A,골목상권,2110102,옥수역 6번,1463,652,811,11,274,322,385,307,164,1,105,142,159,139,106,10,169,180,226,168,58
2018,1,A,골목상권,2110101,옥정중학교,1176,519,657,6,250,312,264,215,129,2,83,139,112,97,86,4,167,173,152,118,43
2018,1,A,골목상권,2110100,옥수동우편취급국,1003,458,545,5,231,275,210,171,111,2,72,130,95,84,75,3,159,145,115,87,36
2018,1,A,골목상권,2110099,유엔빌리지길,4721,2453,2268,28,1138,1383,1039,663,470,13,452,745,605,370,268,15,686,638,434,293,202
2018,1,A,골목상권,2110098,서울독일학교,3511,1760,1751,24,933,1093,747,420,294,11,353,568,444,227,157,13,580,525,303,193,137
2018,1,A,골목상권,2110097,한남초등학교,5705,2860,2845,36,1638,2009,1257,527,238,11,572,1103,724,298,152,25,1066,906,533,229,86
2018,1,A,골목상권,2110096,한남힐사이드아파트,2763,1586,1177,22,788,1102,533,216,102,9,332,687,366,117,75,13,456,415,167,99,27
2018,1,A,골목상권,2110095,한강진역 3번,10860,5582,5278,67,3025,3912,2305,1035,516,34,1096,2127,1439,604,282,33,1929,1785,866,431,234
2018,1,A,골목상권,2110094,오산중학교,503,262,241,1,37,105,146,124,90,0,12,51,81,63,55,1,25,54,65,61,35
2018,1,A,골목상권,2110093,우사단길,8826,4577,4249,46,2112,3002,1962,1032,672,25,786,1631,1165,594,376,21,1326,1371,797,438,296
2018,1,A,골목상권,2110092,NH농협은행 보광동지점,1391,743,648,5,179,310,367,306,224,1,57,163,202,172,148,4,122,147,165,134,76
2018,1,A,골목상권,2110091,리움미술관,6889,3765,3124,48,1949,2447,1360,638,447,28,823,1364,923,387,240,20,1126,1083,437,251,207
2018,1,A,골목상권,2110090,한국폴리텍대학서울정수캠퍼스,3348,1720,1628,17,736,873,817,594,311,4,228,388,477,395,228,13,508,485,340,199,83
2018,1,A,골목상권,2110089,서빙고동주민센터,3029,1545,1484,17,552,920,908,481,151,0,152,442,504,321,126,17,400,478,404,160,25
2018,1,A,골목상권,2110088,오산고등학교,6519,3470,3049,21,1147,1828,1625,1317,581,6,387,861,879,910,427,15,760,967,746,407,154
2018,1,A,골목상권,2110087,이태원엔틱가구거리,6581,3608,2973,39,1358,1845,1517,1245,577,15,532,961,852,857,391,24,826,884,665,388,186
2018,1,A,골목상권,2110086,이태원역 북측,12842,7178,5664,69,2659,3612,3103,2234,1165,37,1268,2026,1724,1405,718,32,1391,1586,1379,829,447
2018,1,A,골목상권,2110085,경리단길남측,6890,3858,3032,31,1441,1514,1787,1347,770,13,735,876,941,801,492,18,706,638,846,546,278
2018,1,A,골목상권,2110084,경리단길북측,5360,2973,2387,20,885,1131,1592,1188,544,8,405,626,829,740,365,12,480,505,763,448,179
2018,1,A,골목상권,2110083,서빙고역 1번,2910,1491,1419,15,548,874,859,431,183,0,155,418,474,283,161,15,393,456,385,148,22
2018,1,A,골목상권,2110082,용산구청,8793,4857,3936,53,1774,2231,2335,1818,582,21,813,1230,1223,1207,363,32,961,1001,1112,611,219
2018,1,A,골목상권,2110081,해방촌 남동측,3720,2033,1687,9,354,731,1366,975,285,3,177,395,693,580,185,6,177,336,673,395,100
2018,1,A,골목상권,2110080,해방촌예술마을,4719,2412,2307,5,483,872,1554,1450,355,2,177,458,816,770,189,3,306,414,738,680,166
2018,1,A,골목상권,2110079,후암동주민센터,39467,24423,15044,214,8340,13704,11568,4521,1120,127,4702,8700,7759,2596,539,87,3638,5004,3809,1925,581
2018,1,A,골목상권,2110078,이촌동점보아파트,994,391,603,1,122,218,230,218,205,0,36,65,57,88,145,1,86,153,173,130,60
2018,1,A,골목상권,2110077,삼광초등학교,16243,5848,10395,239,6491,2721,2854,2795,1143,19,1120,1653,1638,1026,392,220,5371,1068,1216,1769,751
2018,1,A,골목상권,2110076,삼각지역 14번,7255,5134,2121,2,513,1798,2542,1841,559,0,262,1165,1949,1368,390,2,251,633,593,473,169
2018,1,A,골목상권,2110075,숙대입구역 1번,22511,9310,13201,302,7916,4425,4039,3564,2265,45,1685,2440,2351,1503,1286,257,6231,1985,1688,2061,979
2018,1,A,골목상권,2110074,서울역 12번,51708,29200,22508,565,15524,16630,12246,4595,2148,153,5930,10341,8502,2763,1511,412,9594,6289,3744,1832,637
2018,1,A,골목상권,2110073,삼각지역 3번,23196,11564,11632,170,4605,6412,6788,3793,1428,56,1712,2855,3537,2454,950,114,2893,3557,3251,1339,478
2018,1,A,골목상권,2110072,열정도,20308,9207,11101,914,6942,6172,4044,1558,678,393,2905,2730,1892,864,423,521,4037,3442,2152,694,255
2018,1,A,골목상권,2110071,한강미주맨션아파트,1085,561,524,5,135,282,281,171,211,1,36,134,147,96,147,4,99,148,134,75,64
2018,1,A,골목상권,2110070,용산세무서,5450,4050,1400,3,395,1371,2086,1330,265,2,204,917,1651,1083,193,1,191,454,435,247,72
2018,1,A,골목상권,2110069,숙대입구,16432,8585,7847,912,5898,4147,2607,1762,1106,378,2589,2343,1522,1021,732,534,3309,1804,1085,741,374
2018,1,A,골목상권,2110068,남영역 1번,28276,14078,14198,1008,8964,8873,5731,2506,1194,412,3909,4539,3033,1432,753,596,5055,4334,2698,1074,441
2018,1,A,골목상권,2110067,배문고등학교,11824,5755,6069,34,1857,2742,2500,2633,2058,14,586,1331,1369,1131,1324,20,1271,1411,1131,1502,734
2018,1,A,골목상권,2110066,서울역 15번,7929,4424,3505,19,1057,1752,1511,1756,1834,11,352,860,861,918,1422,8,705,892,650,838,412
2018,1,A,골목상권,2110065,남정초등학교,6419,4352,2067,59,857,2180,1852,866,605,39,527,1584,1287,541,374,20,330,596,565,325,231
2018,1,A,골목상권,2110064,효창공원앞역 2번,6150,3340,2810,28,923,1678,1651,1227,643,14,325,939,975,693,394,14,598,739,676,534,249
2018,1,A,골목상권,2110063,효창공원앞역 5번,10329,6905,3424,111,1444,3391,2960,1462,961,70,831,2379,2076,940,609,41,613,1012,884,522,352
2018,1,A,골목상권,2110062,한강로동땡땡거리(은행나무길),21326,13233,8093,231,8274,5890,3999,1801,1131,69,3854,3857,3328,1410,715,162,4420,2033,671,391,416
2018,1,A,골목상권,2110061,효창동주민센터,3129,1787,1342,10,441,762,923,630,363,4,152,411,574,378,268,6,289,351,349,252,95
2018,1,A,골목상권,2110060,효창공원앞역 6번,2576,1347,1229,5,289,615,730,505,432,2,100,320,418,242,265,3,189,295,312,263,167
2018,1,A,골목상권,2110059,새남터성지,8709,4608,4101,181,4743,1715,1180,534,356,52,1961,1057,982,401,155,129,2782,658,198,133,201
2018,1,A,골목상권,2110058,성심여자고등학교,17506,10676,6830,241,5921,4511,3584,1845,1404,91,2668,3047,2711,1257,902,150,3253,1464,873,588,502
2018,1,A,골목상권,2110057,황학코아루아파트,3744,1935,1809,9,700,886,866,821,462,4,308,480,505,377,261,5,392,406,361,444,201
2018,1,A,골목상권,2110056,신당역 3번,4776,2411,2365,12,845,1170,1130,1038,581,5,355,613,626,476,336,7,490,557,504,562,245
2018,1,A,골목상권,2110055,황학동벼룩시장,7636,4224,3412,28,1850,2564,1762,962,470,7,944,1417,1049,513,294,21,906,1147,713,449,176
2018,1,A,골목상권,2110054,청구역 3번,8913,4310,4603,56,2179,2235,1790,1596,1057,26,846,1290,980,656,512,30,1333,945,810,940,545
2018,1,A,골목상권,2110053,청구역 1번,6546,3021,3525,29,1223,1426,1474,1596,798,9,449,782,769,692,320,20,774,644,705,904,478
2018,1,A,골목상권,2110052,장충초등학교,12815,6371,6444,96,3891,3368,2463,1897,1100,45,1489,1900,1512,880,545,51,2402,1468,951,1017,555
2018,1,A,골목상권,2110051,한양공고앞 교차로,6047,2935,3112,19,1184,1856,1477,1022,489,7,456,891,781,529,271,12,728,965,696,493,218
2018,1,A,골목상권,2110050,약수역 7번,3818,1702,2116,23,803,1005,905,631,451,7,234,458,424,305,274,16,569,547,481,326,177
2018,1,A,골목상권,2110049,장충단 고개,14646,7419,7227,133,4308,3976,2798,2067,1364,65,1662,2313,1760,958,661,68,2646,1663,1038,1109,703
2018,1,A,골목상권,2110048,장충동주민센터,14334,7946,6388,72,3400,4187,3139,2293,1243,28,1294,2411,2172,1337,704,44,2106,1776,967,956,539
2018,1,A,골목상권,2110047,다산성곽길,12440,5841,6599,126,4048,3401,2388,1557,920,63,1455,1673,1284,822,544,63,2593,1728,1104,735,376
2018,1,A,골목상권,2110046,버티고개,6547,3025,3522,47,2083,1905,1392,742,378,23,724,894,736,423,225,24,1359,1011,656,319,153
2018,1,A,골목상권,2110045,동대문역사문화공원역 5번,26240,14435,11805,113,5742,7953,6815,4290,1327,37,2738,5052,4003,1815,790,76,3004,2901,2812,2475,537
2018,1,A,골목상권,2110044,관성묘,25777,13792,11985,139,6446,7925,6406,3815,1046,54,2965,4917,3734,1522,600,85,3481,3008,2672,2293,446
2018,1,A,골목상권,2110043,충무초등학교,17310,10055,7255,76,3211,4822,4529,3051,1621,35,1193,2617,2955,2099,1156,41,2018,2205,1574,952,465
2018,1,A,골목상권,2110042,남산골공원옆,8102,4735,3367,94,1281,1890,2231,1795,811,56,573,1137,1430,1025,514,38,708,753,801,770,297
2018,1,A,골목상권,2110041,남산케이블카,26609,13255,13354,70,4036,9707,7692,4283,821,11,1149,4278,4073,3208,536,59,2887,5429,3619,1075,285
2018,1,A,골목상권,2110040,중구회현체육센터(정화예술대남산캠퍼스),23702,11613,12089,65,3541,8913,7002,3712,469,8,1011,3851,3569,2870,304,57,2530,5062,3433,842,165
2018,1,A,골목상권,2110039,회현역 1번,29308,13991,15317,134,4951,10360,8413,4814,636,69,1620,4559,4156,3189,398,65,3331,5801,4257,1625,238
2018,1,A,골목상권,2110038,경향신문사,47049,26706,20343,117,9275,15428,13593,7827,809,8,2962,7971,8627,6498,640,109,6313,7457,4966,1329,169
2018,1,A,골목상권,2110037,신설동역 12번,5513,2772,2741,54,643,884,1080,1250,1602,10,216,482,548,559,957,44,427,402,532,691,645
2018,1,A,골목상권,2110036,동묘앞역 3번,4862,2696,2166,69,708,892,1000,1039,1154,44,343,525,576,542,666,25,365,367,424,497,488
2018,1,A,골목상권,2110035,동묘앞역 2번,6810,3275,3535,35,792,1193,1485,1559,1746,9,281,554,658,696,1077,26,511,639,827,863,669
2018,1,A,골목상권,2110034,창신1동주민센터,8906,4764,4142,40,2045,2952,2101,1115,653,14,1041,1577,1147,579,406,26,1004,1375,954,536,247
2018,1,A,골목상권,2110033,창신역 4번,2362,1217,1145,8,211,377,462,498,806,2,71,151,209,230,554,6,140,226,253,268,252
2018,1,A,골목상권,2110032,수족관거리,8232,4322,3910,37,1913,2775,1928,1003,576,16,999,1455,1008,499,345,21,914,1320,920,504,231
2018,1,A,골목상권,2110031,창신역 1번,933,409,524,2,96,228,262,239,106,0,25,85,115,108,76,2,71,143,147,131,30
2018,1,A,골목상권,2110030,동대문역 3번,2903,1222,1681,26,445,701,788,579,364,11,128,279,304,267,233,15,317,422,484,312,131
2018,1,A,골목상권,2110029,동대문역 1번,8588,5171,3417,26,1403,2445,2228,1663,823,10,758,1583,1324,979,517,16,645,862,904,684,306
2018,1,A,골목상권,2110028,이화달팽이길,7746,4173,3573,41,1322,2189,1974,1463,757,13,461,1094,1157,951,497,28,861,1095,817,512,260
2018,1,A,골목상권,2110027,혜화역 1번,15063,5141,9922,42,3857,5323,3173,2089,579,18,888,1629,1290,977,339,24,2969,3694,1883,1112,240
2018,1,A,골목상권,2110026,종로5가역 4번,8960,5623,3337,30,1441,2568,2370,1687,864,12,829,1724,1417,1041,600,18,612,844,953,646,264
2018,1,A,골목상권,2110025,충신시장옆,12133,7298,4835,61,1983,3577,3360,2305,847,14,703,1936,2268,1771,606,47,1280,1641,1092,534,241
2018,1,A,골목상권,2110024,혜회동주민센터,2510,1320,1190,22,377,538,619,548,406,4,117,245,335,320,299,18,260,293,284,228,107
2018,1,A,골목상권,2110023,서울대병원,17301,6826,10475,58,4092,6233,3865,2365,688,17,983,2177,1929,1276,444,41,3109,4056,1936,1089,244
2018,1,A,골목상권,2110022,경신고등학교,3991,2206,1785,14,579,949,1043,896,510,7,188,444,632,563,372,7,391,505,411,333,138
2018,1,A,골목상권,2110021,성균관대학교,14003,4861,9142,26,3440,4954,2926,1966,691,7,802,1511,1170,913,458,19,2638,3443,1756,1053,233
2018,1,A,골목상권,2110020,서울국제고등학교,3140,1641,1499,4,411,778,827,705,415,2,127,328,462,424,298,2,284,450,365,281,117
2018,1,A,골목상권,2110019,창덕궁,26666,21134,5532,50,3731,9365,7205,4818,1497,25,2243,7439,6073,4185,1169,25,1488,1926,1132,633,328
2018,1,A,골목상권,2110018,중앙고등학교,26757,21503,5254,42,3621,9850,7442,4779,1023,20,2216,7811,6380,4249,827,22,1405,2039,1062,530,196
2018,1,A,골목상권,2110017,정독도서관,6893,4186,2707,10,1294,2178,1763,1246,402,2,656,1298,1159,836,235,8,638,880,604,410,167
2018,1,A,골목상권,2110016,평창동동측,919,420,499,0,145,218,216,176,164,0,46,100,121,70,83,0,99,118,95,106,81
2018,1,A,골목상권,2110015,청와대사랑채,6854,4473,2381,9,1629,2193,1487,1212,324,1,904,1414,1047,897,210,8,725,779,440,315,114
2018,1,A,골목상권,2110014,경복고등학교,5259,3449,1810,5,1142,1573,1178,1131,230,1,673,994,790,838,153,4,469,579,388,293,77
2018,1,A,골목상권,2110013,체부동홍종문가옥,8125,3700,4425,32,1345,1703,1553,1894,1598,14,649,967,805,593,672,18,696,736,748,1301,926
2018,1,A,골목상권,2110012,성곡미술관,53723,32358,21365,145,8390,15572,14169,9483,5964,57,3340,9432,10063,6031,3435,88,5050,6140,4106,3452,2529
2018,1,A,골목상권,2110011,청운초등학교,1055,409,646,2,166,296,277,240,74,1,45,104,109,105,45,1,121,192,168,135,29
2018,1,A,골목상권,2110010,평창동서측,1411,630,781,8,211,299,312,340,241,4,77,138,146,135,130,4,134,161,166,205,111
2018,1,A,골목상권,2110009,자하문터널,1652,907,745,1,364,514,423,222,128,0,106,280,296,141,84,1,258,234,127,81,44
2018,1,A,골목상권,2110008,배화여자대학교(박노수미술관),8973,4360,4613,34,1353,1765,1702,2422,1697,15,666,995,877,1052,755,19,687,770,825,1370,942
2018,1,A,골목상권,2110007,사직공원(한국사회과학도서관),3726,1981,1745,3,493,983,1045,724,478,1,162,445,545,424,404,2,331,538,500,300,74
2018,1,A,골목상권,2110006,부암동주민센터,465,176,289,1,91,124,97,97,55,0,24,39,39,42,32,1,67,85,58,55,23
2018,1,A,골목상권,2110005,세검정,2324,1059,1265,3,411,515,594,525,276,1,129,223,314,248,144,2,282,292,280,277,132
2018,1,A,골목상권,2110004,대신고등학교,894,408,486,0,119,173,209,243,150,0,31,56,103,115,103,0,88,117,106,128,47
2018,1,A,골목상권,2110003,세검정초등학교,2309,1095,1214,3,373,510,609,530,284,0,123,229,319,269,155,3,250,281,290,261,129
2018,1,A,골목상권,2110002,독립문역 1번,918,275,643,1,177,222,231,187,100,0,28,56,63,61,67,1,149,166,168,126,33
2018,1,A,골목상권,2110001,이북5도청사,685,361,324,2,41,150,191,193,108,0,15,76,102,101,67,2,26,74,89,92,41
2017,4,A,골목상권,2111090,강일동주민센터,1720,1158,562,2,150,280,468,557,263,2,60,154,299,424,219,0,90,126,169,133,44
2017,4,A,골목상권,2111089,상일여고(상일초등학교),11880,9429,2451,9,1778,5051,2753,1687,602,3,1221,4152,2278,1384,391,6,557,899,475,303,211
2017,4,A,골목상권,2111088,고덕동성당,687,283,404,3,80,106,157,183,158,1,39,58,61,64,60,2,41,48,96,119,98
2017,4,A,골목상권,2111087,고덕중학교(고덕2동주민센터),593,241,352,1,44,117,140,212,79,1,15,37,53,95,40,0,29,80,87,117,39
2017,4,A,골목상권,2111086,한영중고,1198,552,646,3,114,251,336,368,126,2,43,93,146,191,77,1,71,158,190,177,49
2017,4,A,골목상권,2111085,묘곡초등학교(고덕아이파크아파트),881,370,511,1,80,164,216,253,167,0,27,55,87,113,88,1,53,109,129,140,79
2017,4,A,골목상권,2111084,길동신동아아파트,856,395,461,2,101,208,216,211,118,1,43,92,96,92,71,1,58,116,120,119,47
2017,4,A,골목상권,2111083,GS강동자이아파트,2581,1426,1155,6,326,638,690,568,353,2,158,394,376,274,222,4,168,244,314,294,131
2017,4,A,골목상권,2111082,중앙보훈병원,3385,1420,1965,9,722,974,812,641,227,3,193,407,365,319,133,6,529,567,447,322,94
2017,4,A,골목상권,2111081,둔촌푸르지오아파트,1683,1032,651,7,223,401,449,360,243,2,118,300,273,187,152,5,105,101,176,173,91
2017,4,A,골목상권,2111080,굽은다리역 3번,3624,1470,2154,14,420,628,841,952,769,10,131,275,367,314,373,4,289,353,474,638,396
2017,4,A,골목상권,2111079,둔촌고등학교(둔촌중학교),5173,2542,2631,15,849,1308,1255,1103,643,6,259,613,614,604,446,9,590,695,641,499,197
2017,4,A,골목상권,2111078,굽은다리역 4번,4501,2324,2177,19,522,890,1114,1046,910,11,197,468,563,521,564,8,325,422,551,525,346
2017,4,A,골목상권,2111077,길동주민센터(강동도서관),9769,5000,4769,27,1407,2321,2291,2145,1578,14,578,1251,1229,947,981,13,829,1070,1062,1198,597
2017,4,A,골목상권,2111076,둔촌2동주민센터,4848,2643,2205,12,836,1254,1042,1000,704,5,336,680,591,549,482,7,500,574,451,451,222
2017,4,A,골목상권,2111075,굽은다리역 2번,3414,1503,1911,11,396,602,734,829,842,8,119,266,314,351,445,3,277,336,420,478,397
2017,4,A,골목상권,2111074,명일역 1번,2130,897,1233,2,263,382,492,569,422,1,86,156,196,231,227,1,177,226,296,338,195
2017,4,A,골목상권,2111073,둔촌동역 1번(한산중학교),7990,4016,3974,22,1233,1964,1811,1871,1089,13,513,1006,927,839,718,9,720,958,884,1032,371
2017,4,A,골목상권,2111072,굽은다리역 1번(십자성마을),4706,2519,2187,14,477,924,1070,1158,1063,8,152,483,550,640,686,6,325,441,520,518,377
2017,4,A,골목상권,2111071,천동초등학교,3783,2201,1582,8,423,772,899,849,832,4,140,413,512,530,602,4,283,359,387,319,230
2017,4,A,골목상권,2111070,천호초등학교,2234,1032,1202,5,194,471,536,577,451,3,48,232,221,288,240,2,146,239,315,289,211
2017,4,A,골목상권,2111069,천호1동주민센터,2547,1046,1501,6,242,575,677,637,410,3,69,263,267,250,194,3,173,312,410,387,216
2017,4,A,골목상권,2111068,강동성심병원,5923,2830,3093,22,1096,1473,1326,1227,779,13,359,699,697,528,534,9,737,774,629,699,245
2017,4,A,골목상권,2111067,강동구립성내도서관,10896,5292,5604,29,1929,2759,2414,2240,1525,17,688,1371,1270,987,959,12,1241,1388,1144,1253,566
2017,4,A,골목상권,2111066,암사동성당(효정하나플러스아파트),1887,928,959,7,178,423,504,474,301,3,51,212,238,250,174,4,127,211,266,224,127
2017,4,A,골목상권,2111065,천일초등학교,1254,592,662,3,123,266,316,330,216,0,32,104,129,168,159,3,91,162,187,162,57
2017,4,A,골목상권,2111064,둔촌동역 4번,4298,2347,1951,12,476,901,972,1115,822,6,212,499,519,606,505,6,264,402,453,509,317
2017,4,A,골목상권,2111063,강동구립 천호도서관,4850,2511,2339,25,671,1032,1181,1100,841,10,248,534,626,581,512,15,423,498,555,519,329
2017,4,A,골목상권,2111062,둔촌동역 3번(성내3동주민센터),7753,4561,3192,11,1044,2222,1958,1614,904,4,467,1275,1184,991,640,7,577,947,774,623,264
2017,4,A,골목상권,2111061,암사역 1번,5197,2300,2897,13,640,1061,1370,1361,752,5,235,546,599,482,433,8,405,515,771,879,319
2017,4,A,골목상권,2111060,암사역 2번(서울강동초등학교),4862,2228,2634,19,587,1087,1384,1132,653,10,242,547,632,455,342,9,345,540,752,677,311
2017,4,A,골목상권,2111059,강동역 4번(강풀만화거리),10302,4956,5346,54,1863,2528,2404,1977,1476,21,651,1258,1238,911,877,33,1212,1270,1166,1066,599
2017,4,A,골목상권,2111058,성내중학교,4046,2487,1559,7,429,875,1096,1136,503,5,193,560,674,732,323,2,236,315,422,404,180
2017,4,A,골목상권,2111057,천호공원(해공체육문화센터),3066,1397,1669,9,425,606,805,766,455,3,142,298,364,320,270,6,283,308,441,446,185
2017,4,A,골목상권,2111056,천호태영아파트,4589,2231,2358,34,814,1050,1123,870,698,11,347,561,568,379,365,23,467,489,555,491,333
2017,4,A,골목상권,2111055,선사초등학교,2083,819,1264,4,223,381,496,646,333,2,65,158,174,200,220,2,158,223,322,446,113
2017,4,A,골목상권,2111054,암사역 4번(삼성광나루아파트),2917,1174,1743,6,349,539,669,831,523,3,97,233,252,272,317,3,252,306,417,559,206
2017,4,A,골목상권,2111053,성내천어린이공원(하니사랑길),20893,11717,9176,52,2594,4969,5320,5030,2928,35,1204,2902,2891,2771,1914,17,1390,2067,2429,2259,1014
2017,4,A,골목상권,2111052,암사역 3번(천호동자전거거리),3334,1608,1726,12,445,696,943,766,472,6,193,368,469,312,260,6,252,328,474,454,212
2017,4,A,골목상권,2111051,천호역 6번,9715,4532,5183,50,1622,2479,2349,2042,1173,16,586,1131,1040,1038,721,34,1036,1348,1309,1004,452
2017,4,A,골목상권,2111050,강동구청(강동구청역 2번),13462,6892,6570,39,1549,2746,3262,3452,2414,31,709,1477,1521,1636,1518,8,840,1269,1741,1816,896
2017,4,A,골목상권,2111049,천호지구대(천호동자전거거리),4481,2212,2269,20,625,843,1092,1008,893,10,219,445,540,442,556,10,406,398,552,566,337
2017,4,A,골목상권,2111048,천호역 1번(천호문구완구거리),3875,1891,1984,26,557,753,897,857,785,8,183,380,436,376,508,18,374,373,461,481,277
2017,4,A,골목상권,2111047,마천1치안센터,1147,608,539,2,90,176,288,310,281,2,23,69,116,186,212,0,67,107,172,124,69
2017,4,A,골목상권,2111046,마천역(마천초등학교),2853,1409,1444,4,307,542,806,751,443,3,107,263,363,370,303,1,200,279,443,381,140
2017,4,A,골목상권,2111045,개미어린이공원,1560,672,888,5,179,253,397,460,266,1,60,124,168,163,156,4,119,129,229,297,110
2017,4,A,골목상권,2111044,남천초등학교,2607,1428,1179,5,236,441,669,758,498,5,91,227,338,411,356,0,145,214,331,347,142
2017,4,A,골목상권,2111043,마천공원,2852,1740,1112,8,344,556,712,799,433,8,170,371,421,458,312,0,174,185,291,341,121
2017,4,A,골목상권,2111042,거여역 1번(거여공원),6449,3516,2933,13,717,1281,1627,1591,1220,6,325,822,889,749,725,7,392,459,738,842,495
2017,4,A,골목상권,2111041,거여역 8번,2695,1622,1073,6,206,516,574,634,759,2,110,336,366,332,476,4,96,180,208,302,283
2017,4,A,골목상권,2111040,거여초등학교,2933,1812,1121,11,364,729,745,751,333,8,197,501,469,429,208,3,167,228,276,322,125
2017,4,A,골목상권,2111039,벌말어린이공원,3941,2296,1645,10,466,930,1035,1051,449,7,232,605,625,570,257,3,234,325,410,481,192
2017,4,A,골목상권,2111038,보인중학교,3581,2011,1570,7,456,822,919,949,428,4,209,507,538,504,249,3,247,315,381,445,179
2017,4,A,골목상권,2111037,Sh수협은행 오금동금융센터(아랫말어린이공원),2219,1360,859,5,210,470,631,616,287,3,106,308,403,362,178,2,104,162,228,254,109
2017,4,A,골목상권,2111036,투구봉어린이공원,2498,1373,1125,5,356,621,623,517,376,0,153,340,340,271,269,5,203,281,283,246,107
2017,4,A,골목상권,2111035,오금공원(오주중학교),3146,1882,1264,8,299,636,873,896,434,5,139,405,546,516,271,3,160,231,327,380,163
2017,4,A,골목상권,2111034,오동나무공원(송파레미니스1단지),4366,2678,1688,14,544,1112,1186,1050,460,7,287,730,763,577,314,7,257,382,423,473,146
2017,4,A,골목상권,2111033,문정동성당,4104,2372,1732,7,372,637,927,1073,1088,6,186,404,545,602,629,1,186,233,382,471,459
2017,4,A,골목상권,2111032,방이역 1번,9967,6029,3938,27,830,1562,1676,1696,4176,8,363,916,1015,920,2807,19,467,646,661,776,1369
2017,4,A,골목상권,2111031,장지동주민센터(한림연예예술고교),6568,3783,2785,16,720,1254,1633,1606,1339,7,352,760,948,899,817,9,368,494,685,707,522
2017,4,A,골목상권,2111030,방이역 2번,7325,4219,3106,20,556,1045,1130,1174,3400,5,245,633,636,573,2127,15,311,412,494,601,1273
2017,4,A,골목상권,2111029,오금역 4번,6837,3912,2925,28,994,1931,1821,1401,662,7,487,1134,1041,784,459,21,507,797,780,617,203
2017,4,A,골목상권,2111028,문현중학교(장지역 1번),14525,8600,5925,77,2422,3715,3909,2907,1495,28,1050,2255,2370,1757,1140,49,1372,1460,1539,1150,355
2017,4,A,골목상권,2111027,문정초등학교,10700,6679,4021,23,1101,1843,2204,2192,3337,16,538,1156,1346,1260,2363,7,563,687,858,932,974
2017,4,A,골목상권,2111026,문정역 2번,18110,11006,7104,92,3178,4979,4785,3305,1771,37,1421,3078,3092,2007,1371,55,1757,1901,1693,1298,400
2017,4,A,골목상권,2111025,경찰병원역 3번,13041,7194,5847,56,2007,2914,2748,2553,2763,20,871,1675,1574,1172,1882,36,1136,1239,1174,1381,881
2017,4,A,골목상권,2111024,경찰병원역 4번(건너말공원),20456,12202,8254,77,3063,4640,4756,4170,3750,35,1372,2781,2996,2413,2605,42,1691,1859,1760,1757,1145
2017,4,A,골목상권,2111023,문정역 1번,16774,10296,6478,81,2897,4644,4365,3071,1716,36,1296,2895,2870,1860,1339,45,1601,1749,1495,1211,377
2017,4,A,골목상권,2111022,석촌중학교(방이육교),7814,4686,3128,15,1181,2138,1946,1608,926,6,566,1357,1226,956,575,9,615,781,720,652,351
2017,4,A,골목상권,2111021,방이역 4번,10105,6117,3988,45,1453,2429,2404,1965,1809,20,609,1385,1425,1223,1455,25,844,1044,979,742,354
2017,4,A,골목상권,2111020,방이동고분군(방산고등학교),1939,1066,873,7,206,404,478,480,364,3,84,204,242,258,275,4,122,200,236,222,89
2017,4,A,골목상권,2111019,한성백제역 3번,9083,5619,3464,35,1317,2399,2270,2029,1033,20,621,1497,1447,1274,760,15,696,902,823,755,273
2017,4,A,골목상권,2111018,풍납초등학교(풍납백제문화공원),832,458,374,0,68,161,206,236,161,0,28,75,96,141,118,0,40,86,110,95,43
2017,4,A,골목상권,2111017,송파나루역 3번,4364,2594,1770,24,661,1060,1072,929,618,13,328,646,630,524,453,11,333,414,442,405,165
2017,4,A,골목상권,2111016,송파역 2번,6321,3005,3316,27,1333,1636,1513,1253,559,11,471,820,834,530,339,16,862,816,679,723,220
2017,4,A,골목상권,2111015,석촌역 3번,10372,5794,4578,27,1466,2341,2413,2283,1842,12,643,1340,1364,1246,1189,15,823,1001,1049,1037,653
2017,4,A,골목상권,2111014,송파나루역 2번,9916,6084,3832,37,1465,2595,2385,2121,1313,25,766,1694,1547,1159,893,12,699,901,838,962,420
2017,4,A,골목상권,2111013,송파나루역 1번(송리단길),11133,6428,4705,34,1736,2816,2637,2280,1630,16,804,1726,1573,1230,1079,18,932,1090,1064,1050,551
2017,4,A,골목상권,2111012,석촌역 6번,6533,3453,3080,32,948,1418,1517,1316,1302,13,321,737,871,727,784,19,627,681,646,589,518
2017,4,A,골목상권,2111011,잠실나루역,1103,515,588,2,114,232,346,237,172,0,30,91,141,118,135,2,84,141,205,119,37
2017,4,A,골목상권,2111010,석촌역 7번,9165,5215,3950,76,1666,1964,2022,1611,1826,33,610,1114,1149,859,1450,43,1056,850,873,752,376
2017,4,A,골목상권,2111009,송파책박물관,2256,1293,963,13,342,513,606,495,287,6,130,271,399,299,188,7,212,242,207,196,99
2017,4,A,골목상권,2111008,석촌고분역 3번,4981,2843,2138,36,729,1147,1335,1068,666,24,288,649,868,583,431,12,441,498,467,485,235
2017,4,A,골목상권,2111007,석촌고분역 4번,4916,2758,2158,25,672,1125,1188,1167,739,18,308,692,707,562,471,7,364,433,481,605,268
2017,4,A,골목상권,2111006,석촌고분역 1번,9426,5165,4261,62,1590,1927,1991,1843,2013,27,561,1053,1048,882,1594,35,1029,874,943,961,419
2017,4,A,골목상권,2111005,삼전역 3번,5036,2976,2060,14,650,1067,1065,1171,1069,4,265,672,624,656,755,10,385,395,441,515,314
2017,4,A,골목상권,2111004,삼전역 1번,12205,7414,4791,81,1746,2901,2862,2556,2059,45,794,1777,1802,1592,1404,36,952,1124,1060,964,655
2017,4,A,골목상권,2111003,삼전역 4번,7018,4195,2823,60,832,1549,1539,1444,1594,38,362,970,926,820,1079,22,470,579,613,624,515
2017,4,A,골목상권,2111002,한국교통안전공단 강남자동차검사소,968,642,326,1,61,164,282,258,202,0,24,107,182,184,145,1,37,57,100,74,57
2017,4,A,골목상권,2111001,아래방죽마을공원(율현초등학교),777,400,377,2,81,153,200,196,145,0,20,56,87,120,117,2,61,97,113,76,28
2017,4,A,골목상권,2111000,대왕초등학교(세곡동사거리서남측),814,278,536,9,156,182,191,174,102,9,48,59,55,52,55,0,108,123,136,122,47
2017,4,A,골목상권,2110999,윗방죽마을공원,1758,916,842,4,252,390,412,407,293,1,68,167,181,247,252,3,184,223,231,160,41
2017,4,A,골목상권,2110998,은곡마을(은곡마을공원),1247,625,622,2,216,305,277,254,193,1,58,138,120,140,168,1,158,167,157,114,25
2017,4,A,골목상권,2110997,대청초등학교,10567,3743,6824,14,2482,3420,2265,1514,872,8,522,1095,940,702,476,6,1960,2325,1325,812,396
2017,4,A,골목상권,2110996,대치2동주민센터,11392,6681,4711,42,1942,3565,3038,1715,1090,17,762,2115,2029,1054,704,25,1180,1450,1009,661,386
2017,4,A,골목상권,2110995,봉은사역 4번,28723,18538,10185,104,6219,7466,5341,5137,4456,43,3357,5336,3942,3008,2852,61,2862,2130,1399,2129,1604
2017,4,A,골목상권,2110994,개포고등학교,2132,1237,895,11,222,405,444,572,478,6,97,215,253,333,333,5,125,190,191,239,145
2017,4,A,골목상권,2110993,개포지하차도 북측,254,120,134,0,31,58,59,64,42,0,12,17,31,34,26,0,19,41,28,30,16
2017,4,A,골목상권,2110992,도곡초등학교,9038,4386,4652,77,1837,2576,2176,1461,911,31,585,1242,1151,777,600,46,1252,1334,1025,684,311
2017,4,A,골목상권,2110991,삼성중앙역 5번,42968,23018,19950,331,11952,14397,9895,4753,1640,131,4181,7824,6896,3022,964,200,7771,6573,2999,1731,676
2017,4,A,골목상권,2110990,청담역 12번,10102,6221,3881,30,1781,3227,2551,1283,1230,8,634,2011,1936,829,803,22,1147,1216,615,454,427
2017,4,A,골목상권,2110989,대치동아우편취급국,25609,15157,10452,186,5177,9447,6756,2841,1202,35,2262,5814,4370,1857,819,151,2915,3633,2386,984,383
2017,4,A,골목상권,2110988,청담역 3번,10345,6316,4029,48,1858,3196,2607,1454,1182,24,673,1967,1945,950,757,24,1185,1229,662,504,425
2017,4,A,골목상권,2110987,영동대교남단,9344,5100,4244,94,2130,3156,2123,1214,627,8,731,1792,1406,729,434,86,1399,1364,717,485,193
2017,4,A,골목상권,2110986,삼성중앙역 7번,15226,8340,6886,81,3648,5281,3298,1960,958,35,1556,3264,2130,850,505,46,2092,2017,1168,1110,453
2017,4,A,골목상권,2110985,청담근린공원,11532,6142,5390,101,2763,3929,2603,1413,723,10,920,2215,1668,837,492,91,1843,1714,935,576,231
2017,4,A,골목상권,2110984,포이초등학교(개포목련어린이공원),10578,6714,3864,30,1342,2788,2890,2257,1271,12,671,1811,1829,1476,915,18,671,977,1061,781,356
2017,4,A,골목상권,2110983,국립국악고등학교,5836,3590,2246,23,710,1328,1536,1255,984,14,297,844,948,760,727,9,413,484,588,495,257
2017,4,A,골목상권,2110982,강남구보훈회관,7592,3684,3908,38,1262,2713,1668,1239,672,22,416,1139,826,802,479,16,846,1574,842,437,193
2017,4,A,골목상권,2110981,국악고교사거리,24437,14025,10412,102,3435,6295,6844,5177,2584,36,1579,4012,3989,2686,1723,66,1856,2283,2855,2491,861
2017,4,A,골목상권,2110980,개포지구대옆,21645,12493,9152,90,3332,5767,5294,4055,3107,34,1528,3842,3288,2167,1634,56,1804,1925,2006,1888,1473
2017,4,A,골목상권,2110979,청담초등학교,14464,4621,9843,97,5063,5394,2578,903,429,5,1169,1876,923,374,274,92,3894,3518,1655,529,155
2017,4,A,골목상권,2110978,도곡2동주민센터(대치중학교),8242,4374,3868,36,1566,1908,1548,1249,1935,20,604,1127,1002,740,881,16,962,781,546,509,1054
2017,4,A,골목상권,2110977,논현로18길,20092,11480,8612,91,2991,5308,5609,4189,1904,32,1334,3352,3352,2167,1243,59,1657,1956,2257,2022,661
2017,4,A,골목상권,2110976,언북초등학교,15033,5496,9537,144,4924,5289,2902,1106,668,38,1229,2061,1181,562,425,106,3695,3228,1721,544,243
2017,4,A,골목상권,2110975,매봉역 1번,5151,3052,2099,25,1201,1525,1200,703,497,10,451,935,809,478,369,15,750,590,391,225,128
2017,4,A,골목상권,2110974,언주중학교,9816,4959,4857,56,2716,3265,2131,1068,580,17,914,1686,1322,631,389,39,1802,1579,809,437,191
2017,4,A,골목상권,2110973,강남구청역 4번,15822,7902,7920,50,2586,4441,4033,3244,1468,19,850,2260,2187,1639,947,31,1736,2181,1846,1605,521
2017,4,A,골목상권,2110972,강남세브란스병원미래의학연구센터,18305,9830,8475,110,4690,5578,4202,2286,1439,43,1730,3060,2594,1377,1026,67,2960,2518,1608,909,413
2017,4,A,골목상권,2110971,선정릉역 4번,62228,31123,31105,344,16843,17635,13434,8491,5481,139,6161,9968,7695,4070,3090,205,10682,7667,5739,4421,2391
2017,4,A,골목상권,2110970,학동초등학교,14753,7741,7012,80,3797,5003,3515,1551,807,22,1330,2704,2202,951,532,58,2467,2299,1313,600,275
2017,4,A,골목상권,2110969,베르사이유1아파트,69192,41794,27398,528,16374,22128,17340,9475,3347,254,7439,14387,11890,5642,2182,274,8935,7741,5450,3833,1165
2017,4,A,골목상권,2110968,강남구청역 2번,20523,10872,9651,87,4300,6369,4948,3212,1607,27,1516,3504,3152,1653,1020,60,2784,2865,1796,1559,587
2017,4,A,골목상권,2110967,역삼역 8번,55774,35243,20531,436,12183,16612,13920,8855,3768,246,6066,11457,9910,5245,2319,190,6117,5155,4010,3610,1449
2017,4,A,골목상권,2110966,논현2동주민센터,35241,19977,15264,142,6647,11009,8595,5758,3090,30,2394,6230,5703,3618,2002,112,4253,4779,2892,2140,1088
2017,4,A,골목상권,2110965,언주역 6번,24160,13773,10387,108,5298,6831,5349,3620,2954,48,2114,4172,3689,1994,1756,60,3184,2659,1660,1626,1198
2017,4,A,골목상권,2110964,싸리고개근린공원,16305,5233,11072,190,3026,3360,6104,2912,713,81,1248,1459,1270,668,507,109,1778,1901,4834,2244,206
2017,4,A,골목상권,2110963,역삼월드메르디앙아파트,28703,12385,16318,272,5374,7289,9117,4603,2048,107,2013,3639,3350,1828,1448,165,3361,3650,5767,2775,600
2017,4,A,골목상권,2110962,도산공원북측,9942,4544,5398,94,3114,3488,1756,928,562,27,1116,1849,960,358,234,67,1998,1639,796,570,328
2017,4,A,골목상권,2110961,언주역 3번,27567,14132,13435,154,7076,8013,5669,3205,3450,60,2353,4319,3387,1648,2365,94,4723,3694,2282,1557,1085
2017,4,A,골목상권,2110960,은광여고,21872,12684,9188,108,3973,6046,5168,3802,2775,46,1648,3474,3351,2313,1852,62,2325,2572,1817,1489,923
2017,4,A,골목상권,2110959,신구중학교,13205,6036,7169,172,3885,3846,2272,1666,1364,70,1482,1959,1286,671,568,102,2403,1887,986,995,796
2017,4,A,골목상권,2110958,역삼역 4번,65318,40169,25149,489,14810,20891,16771,9312,3045,259,6703,13616,11798,5723,2070,230,8107,7275,4973,3589,975
2017,4,A,골목상권,2110957,언북중학교,35440,19332,16108,164,8422,11683,8176,3892,3103,47,2792,6390,5242,2603,2258,117,5630,5293,2934,1289,845
2017,4,A,골목상권,2110956,언주역 8번,19804,10989,8815,125,5046,5879,4444,2707,1603,53,1899,3351,3008,1554,1124,72,3147,2528,1436,1153,479
2017,4,A,골목상권,2110955,논현초등학교,23537,13092,10445,108,5737,7103,5267,2958,2364,45,2129,4162,3469,1728,1559,63,3608,2941,1798,1230,805
2017,4,A,골목상권,2110954,국기원,26768,13361,13407,150,7678,8958,5807,2659,1516,51,2310,4559,3768,1665,1008,99,5368,4399,2039,994,508
2017,4,A,골목상권,2110953,학동근린공원,28780,14815,13965,179,8963,9569,5954,2464,1651,51,3000,5180,3807,1576,1201,128,5963,4389,2147,888,450
2017,4,A,골목상권,2110952,논현목련공원,9520,5356,4164,30,1990,3168,2462,1125,745,9,777,1856,1543,659,512,21,1213,1312,919,466,233
2017,4,A,골목상권,2110951,신사은행나무공원,18522,9015,9507,152,6367,5735,3506,1600,1162,43,2113,2884,2191,961,823,109,4254,2851,1315,639,339
2017,4,A,골목상권,2110950,논현역 7번,23762,12739,11023,79,5908,8309,5682,2431,1353,16,1956,4711,3629,1518,909,63,3952,3598,2053,913,444
2017,4,A,골목상권,2110949,한남IC,10418,5249,5169,81,2887,3498,2220,1092,640,33,956,1903,1327,612,418,48,1931,1595,893,480,222
2017,4,A,골목상권,2110948,헌인가구단지,299,158,141,0,35,72,96,74,22,0,7,39,59,36,17,0,28,33,37,38,5
2017,4,A,골목상권,2110947,청계산입구역 2번(내곡동주민센터),808,435,373,4,129,202,205,180,88,1,49,115,117,99,54,3,80,87,88,81,34
2017,4,A,골목상권,2110946,청계산원터골,725,413,312,4,107,183,182,164,85,1,45,110,113,93,51,3,62,73,69,71,34
2017,4,A,골목상권,2110945,본마을노인복지센터(서초구립내곡도서관),421,214,207,0,48,109,131,97,36,0,18,57,66,50,23,0,30,52,65,47,13
2017,4,A,골목상권,2110944,서울나래학교(염곡어린이공원),85659,79439,6220,9,7534,18154,26596,32120,1246,4,6245,16267,24470,31276,1177,5,1289,1887,2126,844,69
2017,4,A,골목상권,2110943,법제교육센터(버들어린이공원),12926,6886,6040,47,1629,3046,3660,2815,1729,26,694,1800,1965,1345,1056,21,935,1246,1695,1470,673
2017,4,A,골목상권,2110942,염곡동 구룡사(포이동성당),100171,88002,12169,56,9385,21855,30408,35112,3355,24,7154,18581,26830,32859,2554,32,2231,3274,3578,2253,801
2017,4,A,골목상권,2110941,언남고등학교,6537,4080,2457,39,1031,1770,1838,1163,696,13,520,1114,1203,725,505,26,511,656,635,438,191
2017,4,A,골목상권,2110940,양재근린공원(양재2동주민센터),10941,6522,4419,437,3016,2570,2303,1587,1028,173,1520,1531,1498,991,809,264,1496,1039,805,596,219
2017,4,A,골목상권,2110939,양재역 8번(양재동우체국),32962,19170,13792,166,6595,9412,7331,5009,4449,65,2723,5769,4691,3087,2835,101,3872,3643,2640,1922,1614
2017,4,A,골목상권,2110938,바우뫼공원,12033,7310,4723,461,3462,3205,2444,1486,975,197,1698,2067,1771,929,648,264,1764,1138,673,557,327
2017,4,A,골목상권,2110937,방아다리근린공원(횃불트리니티신학대학원대학교),12716,8039,4677,53,2127,3868,3034,2112,1522,26,972,2464,2190,1403,984,27,1155,1404,844,709,538
2017,4,A,골목상권,2110936,더케이호텔(양재리본타워2단지아파트),8817,5859,2958,422,2993,2516,1677,875,334,173,1670,1785,1315,667,249,249,1323,731,362,208,85
2017,4,A,골목상권,2110935,한전아트센터,9428,6273,3155,42,1696,2877,2344,1451,1018,14,845,1919,1730,1002,763,28,851,958,614,449,255
2017,4,A,골목상권,2110934,우면주공아파트,4373,3015,1358,5,604,797,937,1307,723,3,279,517,689,966,561,2,325,280,248,341,162
2017,4,A,골목상권,2110933,한국상담대학원대학교,6198,4180,2018,21,1141,2130,1566,891,449,9,557,1468,1184,621,341,12,584,662,382,270,108
2017,4,A,골목상권,2110932,서울시인재개발원,18126,9001,9125,133,4873,4823,4092,3101,1104,61,2153,3045,2129,1028,585,72,2720,1778,1963,2073,519
2017,4,A,골목상권,2110931,삼성전자서울R&D(서울우면초등학교),549,238,311,5,62,105,104,156,117,5,14,34,46,78,61,0,48,71,58,78,56
2017,4,A,골목상권,2110930,서초동성당,15581,9037,6544,59,3233,4877,4207,2154,1051,24,1573,2949,2374,1348,769,35,1660,1928,1833,806,282
2017,4,A,골목상권,2110929,남부터미널역 1번,23710,14009,9701,134,5085,7270,5885,3337,1999,56,2045,4401,3950,2098,1459,78,3040,2869,1935,1239,540
2017,4,A,골목상권,2110928,서초우방유쉘아파트,23245,13478,9767,157,4964,6815,5713,3500,2096,58,2164,4203,3558,2052,1443,99,2800,2612,2155,1448,653
2017,4,A,골목상권,2110927,잠원역,1008,461,547,3,142,195,208,208,252,2,29,71,74,88,197,1,113,124,134,120,55
2017,4,A,골목상권,2110926,신중초등학교,13770,8632,5138,43,2507,4464,3700,1901,1155,24,1000,2911,2723,1221,753,19,1507,1553,977,680,402
2017,4,A,골목상권,2110925,서초중학교,10712,6687,4025,75,2347,3243,2346,1427,1274,38,1073,2116,1623,944,893,37,1274,1127,723,483,381
2017,4,A,골목상권,2110924,반포4동주민센터(몽마르뜨공원),24050,9202,14848,60,6543,7958,5825,2931,733,18,1336,3038,2754,1625,431,42,5207,4920,3071,1306,302
2017,4,A,골목상권,2110923,방배역 1번,5246,3015,2231,50,1007,1281,1023,882,1003,8,379,753,663,447,765,42,628,528,360,435,238
2017,4,A,골목상권,2110922,내방역 1번,10220,5054,5166,65,2023,2700,2636,1772,1024,25,663,1462,1411,819,674,40,1360,1238,1225,953,350
2017,4,A,골목상권,2110921,서울프랑스학교,5338,3172,2166,57,1175,1508,1384,814,400,17,543,934,897,544,237,40,632,574,487,270,163
2017,4,A,골목상권,2110920,방배역 2번(백석예술대학교),5747,3430,2317,50,1106,1406,1166,963,1056,8,424,863,772,546,817,42,682,543,394,417,239
2017,4,A,골목상권,2110919,내방역 8번,8225,4126,4099,50,1781,2394,2053,1307,640,18,599,1279,1164,638,428,32,1182,1115,889,669,212
2017,4,A,골목상권,2110918,방배역 3번,7475,4443,3032,27,1257,1686,1814,1323,1368,14,413,982,1145,825,1064,13,844,704,669,498,304
2017,4,A,골목상권,2110917,서초소방서,2887,1875,1012,5,459,862,821,506,234,1,204,578,575,363,154,4,255,284,246,143,80
2017,4,A,골목상권,2110916,내방역 4번,13467,6697,6770,75,2385,3501,3731,2359,1416,33,915,1869,1836,1059,985,42,1470,1632,1895,1300,431
2017,4,A,골목상권,2110915,서래초등학교,4962,3274,1688,11,834,1604,1283,685,545,3,367,1131,889,485,399,8,467,473,394,200,146
2017,4,A,골목상권,2110914,내방역 6번,9365,4688,4677,50,1626,2489,2557,1718,925,21,665,1340,1239,768,655,29,961,1149,1318,950,270
2017,4,A,골목상권,2110913,방현초등학교(방배119안전센터),10059,4762,5297,34,1215,2181,2297,2654,1678,12,535,1332,1190,918,775,22,680,849,1107,1736,903
2017,4,A,골목상권,2110912,방배동사이길,4489,2888,1601,12,745,1316,1045,704,667,2,307,892,694,491,502,10,438,424,351,213,165
2017,4,A,골목상권,2110911,방배배수지체육공원,9232,3975,5257,32,1171,2168,2050,2368,1443,13,434,1205,1002,715,606,19,737,963,1048,1653,837
2017,4,A,골목상권,2110910,내방역 5번,10627,5531,5096,56,1700,2680,2903,2007,1281,25,689,1414,1439,1011,953,31,1011,1266,1464,996,328
2017,4,A,골목상권,2110909,남태령역(서울전자고등학교),2431,1715,716,2,367,719,622,530,191,2,155,442,489,468,159,0,212,277,133,62,32
2017,4,A,골목상권,2110908,구반포역,2147,1324,823,17,348,519,509,362,392,13,201,341,317,239,213,4,147,178,192,123,179
2017,4,A,골목상권,2110907,방배초등학교,11077,5870,5207,56,1813,2720,3022,2021,1445,28,735,1442,1495,1085,1085,28,1078,1278,1527,936,360
2017,4,A,골목상권,2110906,서문여고,4860,2849,2011,27,819,1070,1145,953,846,13,300,627,695,599,615,14,519,443,450,354,231
2017,4,A,골목상권,2110905,방배노인종합복지관(이수중학교),4684,3014,1670,7,684,1173,1214,978,628,4,334,769,861,648,398,3,350,404,353,330,230
2017,4,A,골목상권,2110904,이수역 5번,6845,3816,3029,29,1228,1758,1760,1222,848,17,471,984,1064,693,587,12,757,774,696,529,261
2017,4,A,골목상권,2110903,방배아이파크아파트,6318,3392,2926,22,863,1504,1521,1440,968,9,327,920,862,660,614,13,536,584,659,780,354
2017,4,A,골목상권,2110902,사당역 4번,6249,3271,2978,35,1431,1467,1529,1156,631,12,570,812,868,582,427,23,861,655,661,574,204
2017,4,A,골목상권,2110901,인헌고등학교(인헌중학교),1670,737,933,2,234,386,451,406,191,1,66,191,196,177,106,1,168,195,255,229,85
2017,4,A,골목상권,2110900,낙성대역 1번(관악구민 종합체육센터),3930,2163,1767,15,621,895,843,808,748,8,220,472,424,471,568,7,401,423,419,337,180
2017,4,A,골목상권,2110899,낙성대역 5번(관악중학교),3515,2058,1457,24,630,953,782,602,524,11,259,594,480,343,371,13,371,359,302,259,153
2017,4,A,골목상권,2110898,청림동주민센터(상도중학교),1223,529,694,5,170,277,347,254,170,3,55,126,134,91,120,2,115,151,213,163,50
2017,4,A,골목상권,2110897,서울대입구역 8번,5486,2758,2728,35,1003,1207,1307,1073,861,24,404,632,669,521,508,11,599,575,638,552,353
2017,4,A,골목상권,2110896,관악우성아파트,2006,958,1048,15,290,431,508,410,352,13,124,227,259,178,157,2,166,204,249,232,195
2017,4,A,골목상권,2110895,샤로수길,10833,6170,4663,34,1679,2504,2508,2452,1656,17,690,1389,1378,1532,1164,17,989,1115,1130,920,492
2017,4,A,골목상권,2110894,관악동부센트레빌아파트(은천로35라길),1408,712,696,12,182,295,402,262,255,11,84,159,187,138,133,1,98,136,215,124,122
2017,4,A,골목상권,2110893,관악소방서(문영여고),2005,1504,501,0,312,626,491,427,149,0,194,481,374,342,113,0,118,145,117,85,36
2017,4,A,골목상권,2110892,관악구 중앙길,6298,2785,3513,38,964,1333,1633,1270,1060,31,313,592,754,545,550,7,651,741,879,725,510
2017,4,A,골목상권,2110891,구암초등학교,1325,419,906,5,159,255,364,357,185,3,44,92,98,100,82,2,115,163,266,257,103
2017,4,A,골목상권,2110890,봉천역 1번(관악초등학교),2431,1291,1140,16,333,507,656,493,426,16,126,259,359,254,277,0,207,248,297,239,149
2017,4,A,골목상권,2110889,봉천역 6번,2786,1027,1759,4,368,575,712,628,499,2,87,229,291,207,211,2,281,346,421,421,288
2017,4,A,골목상권,2110888,청룡동주민센터,1451,763,688,1,172,308,386,347,237,1,75,145,186,188,168,0,97,163,200,159,69
2017,4,A,골목상권,2110887,서울산업정보학교(서울삼성초등학교),1639,942,697,6,158,317,446,513,199,3,49,158,255,328,149,3,109,159,191,185,50
2017,4,A,골목상권,2110886,관악해태어린이공원,1860,1078,782,6,206,362,519,534,233,4,81,204,295,335,159,2,125,158,224,199,74
2017,4,A,골목상권,2110885,영락고등학교,1393,697,696,1,129,230,347,410,276,1,44,120,159,203,170,0,85,110,188,207,106
2017,4,A,골목상권,2110884,봉천역 4번(봉천110안전센터),3851,1763,2088,8,540,748,949,991,615,4,169,354,434,440,362,4,371,394,515,551,253
2017,4,A,골목상권,2110883,은천초등학교(은천교앞),2947,1499,1448,17,378,563,768,784,437,7,141,296,372,383,300,10,237,267,396,401,137
2017,4,A,골목상권,2110882,신성초등학교,2802,1652,1150,8,288,453,737,799,517,5,122,259,435,486,345,3,166,194,302,313,172
2017,4,A,골목상권,2110881,구립대학경로당(관악산샘말공원),3156,1732,1424,9,392,650,808,817,480,5,140,334,431,480,342,4,252,316,377,337,138
2017,4,A,골목상권,2110880,신림역 1번,3044,1276,1768,14,682,670,720,589,369,6,203,282,345,223,217,8,479,388,375,366,152
2017,4,A,골목상권,2110879,신림현대아파트,1682,901,781,3,202,253,400,459,365,2,76,136,216,237,234,1,126,117,184,222,131
2017,4,A,골목상권,2110878,미림여고,615,270,345,1,94,166,118,143,93,1,21,82,48,62,56,0,73,84,70,81,37
2017,4,A,골목상권,2110877,신림역 8번,5259,2434,2825,20,1000,1123,1291,1090,735,8,339,513,628,487,459,12,661,610,663,603,276
2017,4,A,골목상권,2110876,서원동주민센터(신관중학교),2767,1319,1448,13,409,472,560,608,705,3,143,235,259,271,408,10,266,237,301,337,297
2017,4,A,골목상권,2110875,보라매동주민센터(당곡고등학교),2053,1063,990,10,280,417,536,475,335,3,132,207,254,236,231,7,148,210,282,239,104
2017,4,A,골목상권,2110874,원신초등학교(구세군관악영문교회),1724,878,846,5,236,367,404,412,300,4,72,162,195,222,223,1,164,205,209,190,77
2017,4,A,골목상권,2110873,당곡중학교,9815,4483,5332,28,1720,3114,2944,1401,608,9,552,1330,1378,818,396,19,1168,1784,1566,583,212
2017,4,A,골목상권,2110872,신림초등학교,708,258,450,1,106,161,172,172,96,1,33,63,73,53,35,0,73,98,99,119,61
2017,4,A,골목상권,2110871,신원동주민센터,3142,1415,1727,22,486,562,637,698,737,10,187,267,292,292,367,12,299,295,345,406,370
2017,4,A,골목상권,2110870,신림주공2단지(광신고등학교),366,165,201,3,42,71,95,107,48,3,7,31,38,60,26,0,35,40,57,47,22
2017,4,A,골목상권,2110869,"신림역 5번(신림동주민센터, 신림동별빛거리)",9843,5243,4600,30,1558,2492,2941,1728,1094,15,628,1193,1620,1071,716,15,930,1299,1321,657,378
2017,4,A,골목상권,2110868,남부초등학교,3922,1832,2090,24,517,676,852,1000,853,11,206,342,383,448,442,13,311,334,469,552,411
2017,4,A,골목상권,2110867,국제신학대학원대학교(남서울중학교),3801,1797,2004,16,454,666,853,976,836,5,181,324,398,461,428,11,273,342,455,515,408
2017,4,A,골목상권,2110866,난우중학교,1271,484,787,3,197,293,353,303,122,0,37,107,126,143,71,3,160,186,227,160,51
2017,4,A,골목상권,2110865,남강고등학교(남강중학교),1638,643,995,5,219,348,447,399,220,0,51,150,179,166,97,5,168,198,268,233,123
2017,4,A,골목상권,2110864,신림우방아파트,1295,645,650,1,145,278,368,343,160,1,58,142,178,163,103,0,87,136,190,180,57
2017,4,A,골목상권,2110863,난우초등학교,1834,787,1047,4,226,401,455,470,278,0,56,167,212,210,142,4,170,234,243,260,136
2017,4,A,골목상권,2110862,난곡초등학교(난곡동벽화마을),1280,508,772,5,194,283,357,279,162,0,46,116,141,114,91,5,148,167,216,165,71
2017,4,A,골목상권,2110861,관악구신사동주민센터,3943,1966,1977,5,474,749,970,1032,713,2,160,390,463,501,450,3,314,359,507,531,263
2017,4,A,골목상권,2110860,호림박물관(성보고등학교),2997,1529,1468,3,355,517,709,840,573,1,125,245,356,430,372,2,230,272,353,410,201
2017,4,A,골목상권,2110859,난향초등학교,1030,347,683,0,91,146,200,325,268,0,14,47,73,94,119,0,77,99,127,231,149
2017,4,A,골목상권,2110858,신대방역 1번,2307,1638,669,17,400,704,631,392,163,16,267,562,459,229,105,1,133,142,172,163,58
2017,4,A,골목상권,2110857,미성동주민센터,1925,804,1121,3,219,409,492,508,294,0,63,156,213,209,163,3,156,253,279,299,131
2017,4,A,골목상권,2110856,미성초등학교,5070,3338,1732,5,455,803,923,1048,1836,3,207,437,527,616,1548,2,248,366,396,432,288
2017,4,A,골목상권,2110855,신대방역 2번,6679,4701,1978,23,795,1343,1395,1226,1897,20,447,920,918,776,1620,3,348,423,477,450,277
2017,4,A,골목상권,2110854,조원동주민센터,4290,2997,1293,7,398,675,797,882,1531,3,217,420,478,526,1353,4,181,255,319,356,178
2017,4,A,골목상권,2110853,KT구로지사,4866,2577,2289,21,677,1027,1198,1135,808,9,277,555,644,557,535,12,400,472,554,578,273
2017,4,A,골목상권,2110852,이수역 9번,5308,3023,2285,14,824,1348,1561,997,564,6,328,759,967,578,385,8,496,589,594,419,179
2017,4,A,골목상권,2110851,경문고등학교(동작동성당),3769,1617,2152,25,480,868,944,1039,413,12,154,487,422,333,209,13,326,381,522,706,204
2017,4,A,골목상권,2110850,사당역 10번,10803,5730,5073,55,2108,2377,2674,2175,1414,19,818,1294,1555,1162,882,36,1290,1083,1119,1013,532
2017,4,A,골목상권,2110849,이수역 10번,5362,2472,2890,39,815,1150,1261,1152,945,16,246,527,626,513,544,23,569,623,635,639,401
2017,4,A,골목상권,2110848,양지어린이공원,4515,2316,2199,14,565,838,1151,922,1025,4,209,417,609,436,641,10,356,421,542,486,384
2017,4,A,골목상권,2110847,예술인마을,2889,1505,1384,8,632,704,724,558,263,2,261,403,402,260,177,6,371,301,322,298,86
2017,4,A,골목상권,2110846,남성역 1번,3518,1786,1732,8,402,595,793,786,934,2,172,266,358,380,608,6,230,329,435,406,326
2017,4,A,골목상권,2110845,사당종합체육관,663,371,292,0,82,114,163,186,118,0,21,62,92,115,81,0,61,52,71,71,37
2017,4,A,골목상권,2110844,흑석2치안센터,606,323,283,2,78,126,160,143,97,1,39,78,71,67,67,1,39,48,89,76,30
2017,4,A,골목상권,2110843,사당5동주민센터,1365,677,688,5,220,287,360,345,148,2,95,121,164,186,109,3,125,166,196,159,39
2017,4,A,골목상권,2110842,흑리단길,2751,871,1880,6,693,867,619,392,174,3,150,249,211,154,104,3,543,618,408,238,70
2017,4,A,골목상권,2110841,중대부중,4984,2292,2692,4,988,1398,1261,977,356,2,248,509,671,601,261,2,740,889,590,376,95
2017,4,A,골목상권,2110840,중앙대학교,5103,2320,2783,6,1050,1424,1242,982,399,3,274,533,651,585,274,3,776,891,591,397,125
2017,4,A,골목상권,2110839,숭실대입구역 4번,2651,1302,1349,9,345,659,755,591,292,1,118,289,371,329,194,8,227,370,384,262,98
2017,4,A,골목상권,2110838,상도1동주민센터앞,2487,1302,1185,9,301,596,726,567,288,0,103,269,391,349,190,9,198,327,335,218,98
2017,4,A,골목상권,2110837,숭실대입구역 1번,3609,1737,1872,12,439,850,1051,810,447,3,146,366,506,441,275,9,293,484,545,369,172
2017,4,A,골목상권,2110836,상도역 5번,4739,2591,2148,6,677,1080,1289,1099,588,2,236,523,767,676,387,4,441,557,522,423,201
2017,4,A,골목상권,2110835,상도역 1번,1867,853,1014,7,295,409,504,406,246,3,107,182,240,186,135,4,188,227,264,220,111
2017,4,A,골목상권,2110834,동작구자원봉사센터,1348,578,770,5,200,259,334,327,223,1,69,137,149,128,94,4,131,122,185,199,129
2017,4,A,골목상권,2110833,상도역 2번,2492,1050,1442,4,351,525,696,617,299,2,113,215,303,272,145,2,238,310,393,345,154
2017,4,A,골목상권,2110832,노량진초등학교,7119,4077,3042,27,1004,1672,1745,1741,930,10,509,873,1017,1063,605,17,495,799,728,678,325
2017,4,A,골목상권,2110831,상도4동주민센터,1387,546,841,2,187,297,389,342,170,0,62,112,158,120,94,2,125,185,231,222,76
2017,4,A,골목상권,2110830,상도초등학교,2065,677,1388,2,292,411,604,473,283,1,79,127,197,145,128,1,213,284,407,328,155
2017,4,A,골목상권,2110829,장승배기역 5번,3087,1489,1598,2,492,589,767,790,447,0,263,291,353,360,222,2,229,298,414,430,225
2017,4,A,골목상권,2110828,노량진역 6번,10331,6039,4292,32,1280,2927,2518,2167,1407,11,602,1696,1547,1287,896,21,678,1231,971,880,511
2017,4,A,골목상권,2110827,NH농협은행 상도동지점,2175,829,1346,15,335,475,571,484,295,5,96,199,224,169,136,10,239,276,347,315,159
2017,4,A,골목상권,2110826,장승배기역 4번,3108,1201,1907,17,476,635,809,703,468,5,170,292,305,238,191,12,306,343,504,465,277
2017,4,A,골목상권,2110825,신대방삼거리역 1번,3061,1256,1805,19,432,689,796,677,448,9,114,284,334,264,251,10,318,405,462,413,197
2017,4,A,골목상권,2110824,대방역 3번,4525,2317,2208,24,831,1102,1092,974,502,12,350,630,562,458,305,12,481,472,530,516,197
2017,4,A,골목상권,2110823,신대방삼거리역 3번,26363,13721,12642,114,4770,6479,6159,5339,3502,62,2597,3776,3092,2455,1739,52,2173,2703,3067,2884,1763
2017,4,A,골목상권,2110822,신대방삼거리역 4번(대림초등학교),17956,10034,7922,128,3201,3408,3355,4453,3411,56,2127,2464,1698,1947,1742,72,1074,944,1657,2506,1669
2017,4,A,골목상권,2110821,보라매역 2번,24228,13169,11059,169,4097,5020,5122,5792,4028,72,2562,3379,2514,2578,2064,97,1535,1641,2608,3214,1964
2017,4,A,골목상권,2110820,성남고등학교,2396,1137,1259,1,248,482,562,743,360,1,89,216,250,356,225,0,159,266,312,387,135
2017,4,A,골목상권,2110819,신대방역 4번,6228,3310,2918,24,1253,1644,1668,1123,516,19,447,905,974,635,330,5,806,739,694,488,186
2017,4,A,골목상권,2110818,신대방역 3번,3007,1957,1050,21,491,793,849,541,312,16,299,559,560,303,220,5,192,234,289,238,92
2017,4,A,골목상권,2110817,대방역 4번,5333,2670,2663,23,847,1141,1274,1171,877,12,328,602,655,549,524,11,519,539,619,622,353
2017,4,A,골목상권,2110816,대방역 6번,4777,2485,2292,21,766,980,1113,1073,824,11,308,542,616,514,494,10,458,438,497,559,330
2017,4,A,골목상권,2110815,공군호텔,6574,3518,3056,23,1000,1495,1568,1491,997,10,370,818,849,791,680,13,630,677,719,700,317
2017,4,A,골목상권,2110814,서울지방병무청,4748,2474,2274,8,661,951,993,1294,841,2,264,501,490,657,560,6,397,450,503,637,281
2017,4,A,골목상권,2110813,보라매역 6번,5321,2930,2391,48,740,1097,1147,1242,1047,7,295,628,651,652,697,41,445,469,496,590,350
2017,4,A,골목상권,2110812,신길6동주민센터,8949,4589,4360,74,1271,2382,2452,1959,811,14,568,1343,1213,974,477,60,703,1039,1239,985,334
2017,4,A,골목상권,2110811,보라매역 4번,7981,4104,3877,76,1134,2170,2191,1742,668,15,515,1229,1064,879,402,61,619,941,1127,863,266
2017,4,A,골목상권,2110810,영신초등학교,4316,2246,2070,7,423,836,1068,1093,889,3,124,417,569,561,572,4,299,419,499,532,317
2017,4,A,골목상권,2110809,장훈고등학교,1875,794,1081,6,233,418,496,431,291,3,63,194,213,184,137,3,170,224,283,247,154
2017,4,A,골목상권,2110808,신길역 1번,2561,1295,1266,37,368,525,533,572,526,13,122,275,273,288,324,24,246,250,260,284,202
2017,4,A,골목상권,2110807,신길역 3번,3154,1686,1468,39,503,784,629,601,598,14,166,406,396,326,378,25,337,378,233,275,220
2017,4,A,골목상권,2110806,서울시립영등포장애인복지관,3709,2534,1175,11,383,798,953,901,663,3,168,478,701,686,498,8,215,320,252,215,165
2017,4,A,골목상권,2110805,신길새마을금고신길4동지점,1334,715,619,5,214,295,359,290,171,3,132,165,198,130,87,2,82,130,161,160,84
2017,4,A,골목상권,2110804,신풍역 1번,2640,1287,1353,9,296,561,653,610,511,4,115,276,296,273,323,5,181,285,357,337,188
2017,4,A,골목상권,2110803,신길2동우편취급국,2268,995,1273,4,225,484,600,566,389,1,69,219,241,263,202,3,156,265,359,303,187
2017,4,A,골목상권,2110802,신길동홍어거리,1700,698,1002,4,169,357,431,422,317,1,50,153,202,168,124,3,119,204,229,254,193
2017,4,A,골목상권,2110801,신풍역 6번(신길6동공영주차장),581,231,350,1,74,115,153,151,87,1,19,52,53,58,48,0,55,63,100,93,39
2017,4,A,골목상권,2110800,영등포동성당,6827,4418,2409,17,826,1492,1709,1531,1252,7,334,913,1193,1124,847,10,492,579,516,407,405
2017,4,A,골목상권,2110799,영등포본동주민센터,1718,874,844,35,270,327,405,352,329,14,104,178,209,186,183,21,166,149,196,166,146
2017,4,A,골목상권,2110798,신풍역 2번,1335,548,787,6,152,249,334,328,266,2,44,104,124,136,138,4,108,145,210,192,128
2017,4,A,골목상권,2110797,KT대방빌딩,1760,611,1149,3,538,457,351,255,156,0,97,164,117,120,113,3,441,293,234,135,43
2017,4,A,골목상권,2110796,한림대학교한강성심병원,6658,4457,2201,15,783,1310,1670,1567,1313,7,353,853,1178,1152,914,8,430,457,492,415,399
2017,4,A,골목상권,2110795,도림초등학교,2246,1044,1202,9,244,539,614,501,339,5,83,250,320,222,164,4,161,289,294,279,175
2017,4,A,골목상권,2110794,영동초등학교,12416,8036,4380,43,1899,3322,3113,2365,1674,17,889,2214,2175,1556,1185,26,1010,1108,938,809,489
2017,4,A,골목상권,2110793,대림썬프라자,1766,639,1127,3,542,472,346,251,152,0,106,171,132,124,106,3,436,301,214,127,46
2017,4,A,골목상권,2110792,영등포역 2번,3868,1965,1903,49,517,978,993,814,517,16,178,472,526,460,313,33,339,506,467,354,204
2017,4,A,골목상권,2110791,신풍역 3번,1277,540,737,3,130,296,313,334,201,2,44,120,113,147,114,1,86,176,200,187,87
2017,4,A,골목상권,2110790,대림1동주민센터,1876,850,1026,8,252,362,477,452,325,1,73,167,200,221,188,7,179,195,277,231,137
2017,4,A,골목상권,2110789,대림성모병원,3230,1219,2011,3,771,794,715,615,332,1,161,320,304,271,162,2,610,474,411,344,170
2017,4,A,골목상권,2110788,영등포시장역 3번,3148,1792,1356,4,363,710,849,652,570,1,157,386,507,383,358,3,206,324,342,269,212
2017,4,A,골목상권,2110787,신길3동주민센터,1866,865,1001,9,194,387,526,483,267,5,70,154,237,221,178,4,124,233,289,262,89
2017,4,A,골목상권,2110786,당산역 8번,10440,6127,4313,60,1537,1692,2208,2460,2483,31,710,1174,1397,1377,1438,29,827,518,811,1083,1045
2017,4,A,골목상권,2110785,영등포푸르지오아파트,1900,942,958,4,239,416,517,432,292,2,81,185,265,212,197,2,158,231,252,220,95
2017,4,A,골목상권,2110784,신대림초등학교,1395,526,869,2,185,284,344,371,209,1,35,114,130,152,94,1,150,170,214,219,115
2017,4,A,골목상권,2110783,영등포시장역 1번,11388,7181,4207,66,1956,3083,2736,2191,1356,28,952,1992,1851,1414,944,38,1004,1091,885,777,412
2017,4,A,골목상권,2110782,영등포시장역 4번,4432,2241,2191,27,706,1054,1134,825,686,9,233,508,624,449,418,18,473,546,510,376,268
2017,4,A,골목상권,2110781,대림한신아파트,2137,960,1177,7,274,405,605,514,332,1,76,181,275,246,181,6,198,224,330,268,151
2017,4,A,골목상권,2110780,신길대성유니드아파트,1744,911,833,7,188,365,464,461,259,2,80,190,237,238,164,5,108,175,227,223,95
2017,4,A,골목상권,2110779,대림갑을명가아파트,1073,528,545,4,177,195,301,237,159,0,59,102,154,117,96,4,118,93,147,120,63
2017,4,A,골목상권,2110778,구로디지털단지역 4번,19432,11562,7870,91,5069,7133,4026,1899,1214,41,2105,4828,2648,1136,804,50,2964,2305,1378,763,410
2017,4,A,골목상권,2110777,구로세무서,18525,9319,9206,193,4118,5351,4688,2616,1559,77,1513,2744,2475,1484,1026,116,2605,2607,2213,1132,533
2017,4,A,골목상권,2110776,도신초등학교,5737,3495,2242,23,821,1407,1607,1204,675,12,421,927,1028,684,423,11,400,480,579,520,252
2017,4,A,골목상권,2110775,대동초등학교,1555,756,799,3,146,294,423,373,316,1,45,142,194,174,200,2,101,152,229,199,116
2017,4,A,골목상권,2110774,당산반도유보라팰리스아파트,20769,10336,10433,216,5470,5961,4564,2791,1767,99,1888,3033,2333,1726,1257,117,3582,2928,2231,1065,510
2017,4,A,골목상권,2110773,당산역 13번,11842,7783,4059,72,1810,3171,2628,1936,2225,48,968,2425,1894,1098,1350,24,842,746,734,838,875
2017,4,A,골목상권,2110772,신우어린이공원,3775,2499,1276,18,620,1021,1053,725,338,12,350,725,751,436,225,6,270,296,302,289,113
2017,4,A,골목상권,2110771,대림역 11번,1961,961,1000,6,224,401,575,469,286,2,69,199,284,241,166,4,155,202,291,228,120
2017,4,A,골목상권,2110770,영등포구청역 6번,9478,4920,4558,42,1138,2250,2492,2123,1433,20,405,1108,1299,1179,909,22,733,1142,1193,944,524
2017,4,A,골목상권,2110769,대림차이나타운(대림역 12번),1633,777,856,5,192,354,497,396,189,3,60,152,231,206,125,2,132,202,266,190,64
2017,4,A,골목상권,2110768,도림2동유수지내체육시설,5525,2264,3261,40,1228,1816,1014,699,728,19,300,515,554,429,447,21,928,1301,460,270,281
2017,4,A,골목상권,2110767,도림동주민센터,7846,3778,4068,82,1608,2301,1540,1292,1023,36,507,814,903,829,689,46,1101,1487,637,463,334
2017,4,A,골목상권,2110766,대림역 5번,15382,10199,5183,34,2138,3752,3844,3273,2341,20,1434,2900,2675,1844,1326,14,704,852,1169,1429,1015
2017,4,A,골목상권,2110765,문래동사거리,22247,10935,11312,198,4913,6573,5204,3220,2139,91,1708,2988,2824,1911,1413,107,3205,3585,2380,1309,726
2017,4,A,골목상권,2110764,문래역 3번,6585,3622,2963,20,1198,1794,1571,1050,952,11,553,1042,807,601,608,9,645,752,764,449,344
2017,4,A,골목상권,2110763,영등포구청역 2번,17396,8279,9117,97,3354,4197,3469,3390,2889,34,1122,1954,1712,1670,1787,63,2232,2243,1757,1720,1102
2017,4,A,골목상권,2110762,선유도역 1번,28270,14486,13784,175,5384,9503,8167,3558,1483,93,2123,4921,4164,2049,1136,82,3261,4582,4003,1509,347
2017,4,A,골목상권,2110761,문래동남성맨션,7296,3562,3734,47,1470,2189,1406,1308,876,21,466,764,848,868,595,26,1004,1425,558,440,281
2017,4,A,골목상권,2110760,선유도역 6번,27705,14073,13632,163,5453,9853,7950,3229,1057,86,2248,5244,3964,1750,781,77,3205,4609,3986,1479,276
2017,4,A,골목상권,2110759,문래예술촌(문래창작촌),35297,21107,14190,219,7173,10129,8890,5342,3544,94,3391,6213,5391,3342,2676,125,3782,3916,3499,2000,868
2017,4,A,골목상권,2110758,문래소공원,14354,9356,4998,42,2529,3416,3295,2414,2658,20,1354,2241,2082,1568,2091,22,1175,1175,1213,846,567
2017,4,A,골목상권,2110757,양평역 2번,7707,4740,2967,41,1049,1930,1888,1571,1228,27,532,1314,1123,853,891,14,517,616,765,718,337
2017,4,A,골목상권,2110756,문래중학교,6531,4172,2359,19,790,1477,1528,1210,1507,13,400,972,870,707,1210,6,390,505,658,503,297
2017,4,A,골목상권,2110755,동일여자고등학교,2439,1054,1385,7,226,436,646,769,355,1,46,148,297,363,199,6,180,288,349,406,156
2017,4,A,골목상권,2110754,삼성산자연공원(서울금천초등학교),2935,1270,1665,5,265,484,781,934,466,1,60,182,368,421,238,4,205,302,413,513,228
2017,4,A,골목상권,2110753,시흥동 은행나무사거리,3000,1351,1649,7,285,534,834,918,422,1,70,203,389,448,240,6,215,331,445,470,182
2017,4,A,골목상권,2110752,한울중학교,1598,613,985,1,163,259,465,440,270,1,55,89,137,171,160,0,108,170,328,269,110
2017,4,A,골목상권,2110751,난곡중학교,5032,3290,1742,5,458,894,968,1072,1635,1,236,493,552,603,1405,4,222,401,416,469,230
2017,4,A,골목상권,2110750,시흥4동주민센터(서울신흥초등학교),1357,452,905,0,158,216,412,409,162,0,45,75,129,135,68,0,113,141,283,274,94
2017,4,A,골목상권,2110749,금산초등학교(금천고등학교),8767,5388,3379,37,691,1598,2835,2488,1118,16,372,989,1627,1514,870,21,319,609,1208,974,248
2017,4,A,골목상권,2110748,백산초등학교,2260,1104,1156,16,232,437,654,596,325,9,92,223,322,263,195,7,140,214,332,333,130
2017,4,A,골목상권,2110747,석수역 1번 출입구,1293,915,378,7,106,236,370,384,190,3,64,156,241,288,163,4,42,80,129,96,27
2017,4,A,골목상권,2110746,금천금빛공원(은행나무사거리서측),2754,1186,1568,10,353,468,739,741,443,4,109,213,354,282,224,6,244,255,385,459,219
2017,4,A,골목상권,2110745,독산동정훈단지,1573,585,988,2,188,258,443,415,267,0,51,87,142,155,150,2,137,171,301,260,117
2017,4,A,골목상권,2110744,독산동성당,2389,965,1424,3,270,385,651,675,405,0,80,146,235,266,238,3,190,239,416,409,167
2017,4,A,골목상권,2110743,시흥초등학교(시흥1동우체국),3677,1215,2462,5,482,568,845,897,880,1,123,224,307,264,296,4,359,344,538,633,584
2017,4,A,골목상권,2110742,KT금천빌딩(금천구시설관리공단),6285,3984,2301,25,483,1092,1976,1816,893,12,275,673,1213,1157,654,13,208,419,763,659,239
2017,4,A,골목상권,2110741,독산2동주민센터,2666,1318,1348,4,326,486,737,712,401,2,142,250,322,356,246,2,184,236,415,356,155
2017,4,A,골목상권,2110740,금천해태공원,5502,2383,3119,38,1192,1403,1142,897,830,20,547,699,442,327,348,18,645,704,700,570,482
2017,4,A,골목상권,2110739,시흥3동 우편취급국,6927,4249,2678,25,545,1226,2311,1946,874,9,300,787,1338,1151,664,16,245,439,973,795,210
2017,4,A,골목상권,2110738,문성초등학교,4159,2191,1968,24,582,821,1089,1046,597,6,242,416,564,580,383,18,340,405,525,466,214
2017,4,A,골목상권,2110737,금천세무서,3575,2046,1529,10,379,739,975,924,548,5,159,416,568,515,383,5,220,323,407,409,165
2017,4,A,골목상권,2110736,독산119안전센터,5680,3218,2462,36,718,1025,1468,1487,946,14,338,598,793,833,642,22,380,427,675,654,304
2017,4,A,골목상권,2110735,말미고개,4406,2525,1881,24,572,843,1190,1124,653,18,299,509,643,600,456,6,273,334,547,524,197
2017,4,A,골목상권,2110734,금천파출소,3746,1752,1994,34,1033,1163,690,498,328,15,472,602,296,189,178,19,561,561,394,309,150
2017,4,A,골목상권,2110733,금천어울림복지센터,4599,2099,2500,17,481,996,1074,1121,910,7,184,404,464,617,423,10,297,592,610,504,487
2017,4,A,골목상권,2110732,가산초등학교(세일중학교),6665,4047,2618,24,948,1472,1700,1623,898,16,517,935,1002,944,633,8,431,537,698,679,265
2017,4,A,골목상권,2110731,금천구청역 1번 출입구,7296,3333,3963,51,1325,1913,1501,1443,1063,23,587,878,625,719,501,28,738,1035,876,724,562
2017,4,A,골목상권,2110730,서울축산농협 독산역지점(독산파출소),9702,6013,3689,30,1329,2368,2721,2236,1018,23,751,1597,1633,1286,723,7,578,771,1088,950,295
2017,4,A,골목상권,2110729,가산동우체국,12176,7318,4858,58,2300,3505,3174,2025,1114,32,1113,2252,2020,1160,741,26,1187,1253,1154,865,373
2017,4,A,골목상권,2110728,두산초등학교,26567,17325,9242,184,4410,7643,7196,4635,2499,112,2288,5212,4869,2924,1920,72,2122,2431,2327,1711,579
2017,4,A,골목상권,2110727,독산역 1번 출입구,21989,14123,7866,151,3724,6414,5993,3687,2020,89,1896,4363,4011,2255,1509,62,1828,2051,1982,1432,511
2017,4,A,골목상권,2110726,금천철쭉어린이공원(금하마을),586,225,361,2,42,68,122,127,225,1,17,35,56,56,60,1,25,33,66,71,165
2017,4,A,골목상권,2110725,가산동주민센터,26161,15221,10940,166,5256,8094,6832,4132,1681,87,2341,5008,4291,2302,1192,79,2915,3086,2541,1830,489
2017,4,A,골목상권,2110724,금천구립가산도서관,21985,13663,8322,154,3753,6438,5986,4029,1625,83,1808,4153,3934,2466,1219,71,1945,2285,2052,1563,406
2017,4,A,골목상권,2110723,가산디지털단지역 1번 출입구,52110,32890,19220,285,11628,16969,13376,7091,2761,170,5713,11370,9183,4417,2037,115,5915,5599,4193,2674,724
2017,4,A,골목상권,2110722,G타워,46615,28631,17984,224,10815,17038,11072,4809,2657,126,4935,11460,7316,2862,1932,98,5880,5578,3756,1947,725
2017,4,A,골목상권,2110721,가리봉파출소,26402,16623,9779,149,5414,8642,6618,3674,1905,82,2647,5980,4486,2099,1329,67,2767,2662,2132,1575,576
2017,4,A,골목상권,2110720,대림역 2번,3635,1955,1680,7,421,660,1023,988,536,5,135,282,525,625,383,2,286,378,498,363,153
2017,4,A,골목상권,2110719,영서중학교,26647,15620,11027,264,5502,7850,6311,4377,2343,156,2546,5098,4251,2199,1370,108,2956,2752,2060,2178,973
2017,4,A,골목상권,2110718,한국SGI본부,17903,10498,7405,63,3473,5164,3913,3178,2112,23,1620,3070,2596,1900,1289,40,1853,2094,1317,1278,823
2017,4,A,골목상권,2110717,남구로역 2번,51718,31389,20329,435,10682,15839,12668,7929,4165,265,5063,10660,8525,4181,2695,170,5619,5179,4143,3748,1470
2017,4,A,골목상권,2110716,구로나눔길,8621,4007,4614,10,1609,2443,1993,1786,780,2,430,1093,993,1044,445,8,1179,1350,1000,742,335
2017,4,A,골목상권,2110715,구로구민회관,14050,8973,5077,24,1996,3665,3472,3017,1876,9,1222,2601,2221,1799,1121,15,774,1064,1251,1218,755
2017,4,A,골목상권,2110714,구로4동주민센터,10104,4711,5393,15,1777,2641,2354,2290,1027,7,443,1098,1131,1373,659,8,1334,1543,1223,917,368
2017,4,A,골목상권,2110713,구로보건소,9941,5255,4686,65,1866,2538,2381,1969,1122,43,649,1437,1363,1063,700,22,1217,1101,1018,906,422
2017,4,A,골목상권,2110712,남구로역 5번,1864,756,1108,6,244,374,510,437,293,2,68,162,198,164,162,4,176,212,312,273,131
2017,4,A,골목상권,2110711,구로초등학교,10736,5043,5693,51,2138,3054,2366,2104,1023,38,654,1418,1192,1163,578,13,1484,1636,1174,941,445
2017,4,A,골목상권,2110710,남구로역 3번,42800,26065,16735,208,9758,13744,10644,5844,2602,121,4526,8824,7147,3560,1887,87,5232,4920,3497,2284,715
2017,4,A,골목상권,2110709,구로119안전센터,3728,1141,2587,3,1048,1090,704,624,259,2,192,355,253,204,135,1,856,735,451,420,124
2017,4,A,골목상권,2110708,화원어린이공원,3382,1807,1575,44,644,863,739,636,456,38,282,483,404,328,272,6,362,380,335,308,184
2017,4,A,골목상권,2110707,구로창업지원센터,6756,4470,2286,32,657,1399,1816,1801,1051,29,374,880,1147,1236,804,3,283,519,669,565,247
2017,4,A,골목상권,2110706,그라운드 고척,4320,2600,1720,7,502,827,1065,1032,887,0,212,476,631,632,649,7,290,351,434,400,238
2017,4,A,골목상권,2110705,고산초등학교,4372,2642,1730,10,536,848,1096,1090,792,2,252,492,639,650,607,8,284,356,457,440,185
2017,4,A,골목상권,2110704,고척중학교,4168,2419,1749,10,524,800,1030,1022,782,2,239,450,569,564,595,8,285,350,461,458,187
2017,4,A,골목상권,2110703,개봉역,4771,2665,2106,11,548,965,1350,1256,641,2,263,541,708,719,432,9,285,424,642,537,209
2017,4,A,골목상권,2110702,개봉초등학교,4685,2299,2386,2,189,328,515,724,2927,2,64,137,201,278,1617,0,125,191,314,446,1310
2017,4,A,골목상권,2110701,고척동성당,2197,1175,1022,2,223,392,551,577,452,0,74,213,279,319,290,2,149,179,272,258,162
2017,4,A,골목상권,2110700,고척초등학교,3844,2073,1771,5,363,723,1051,1024,678,0,148,392,550,564,419,5,215,331,501,460,259
2017,4,A,골목상권,2110699,덕의초등학교,1398,658,740,1,163,277,404,388,165,0,64,132,160,189,113,1,99,145,244,199,52
2017,4,A,골목상권,2110698,개웅초등학교(개웅중학교),4828,2333,2495,2,192,312,548,814,2960,2,55,124,196,316,1640,0,137,188,352,498,1320
2017,4,A,골목상권,2110697,개봉3동주민센터,4257,2268,1989,2,110,267,392,627,2859,2,47,159,180,270,1610,0,63,108,212,357,1249
2017,4,A,골목상권,2110696,오류동역 1번,1822,838,984,4,257,319,504,427,311,0,75,130,215,209,209,4,182,189,289,218,102
2017,4,A,골목상권,2110695,개봉1동주민센터,1953,853,1100,1,187,350,629,515,271,1,59,156,269,217,151,0,128,194,360,298,120
2017,4,A,골목상권,2110694,세곡초등학교,1545,650,895,1,144,291,495,460,154,1,49,120,180,214,86,0,95,171,315,246,68
2017,4,A,골목상권,2110693,오류동역 4번,1819,933,886,8,199,277,445,471,419,5,87,154,183,206,298,3,112,123,262,265,121
2017,4,A,골목상권,2110692,큰굴다리,1372,635,737,2,167,266,365,351,221,1,58,136,165,151,124,1,109,130,200,200,97
2017,4,A,골목상권,2110691,개봉중학교,1417,512,905,2,186,253,386,409,181,1,41,107,140,143,80,1,145,146,246,266,101
2017,4,A,골목상권,2110690,오류2동버들시장,4777,2352,2425,21,524,898,1209,1222,903,9,165,439,548,556,635,12,359,459,661,666,268
2017,4,A,골목상권,2110689,오류동역 3번,3144,1428,1716,17,373,535,790,814,615,5,123,274,327,314,385,12,250,261,463,500,230
2017,4,A,골목상권,2110688,오류지구대,2241,1280,961,9,243,420,578,554,437,1,74,217,335,317,336,8,169,203,243,237,101
2017,4,A,골목상권,2110687,"천왕역 3번(오류2동주민센터, 서울오류남초등학교)",1453,756,697,6,143,332,405,379,188,4,52,161,210,195,134,2,91,171,195,184,54
2017,4,A,골목상권,2110686,수궁동주민센터,2701,1635,1066,3,267,515,739,702,475,1,101,288,463,433,349,2,166,227,276,269,126
2017,4,A,골목상권,2110685,금강수목원아파트,1465,1000,465,1,122,251,375,439,277,1,45,165,247,299,243,0,77,86,128,140,34
2017,4,A,골목상권,2110684,서울공연예술고등학교,1324,660,664,1,116,306,378,375,148,0,42,152,200,189,77,1,74,154,178,186,71
2017,4,A,골목상권,2110683,오류고등학교,1233,636,597,1,112,296,363,332,129,0,40,150,195,178,73,1,72,146,168,154,56
2017,4,A,골목상권,2110682,온수역 8번,1854,1166,688,0,174,393,461,506,320,0,71,197,264,342,292,0,103,196,197,164,28
2017,4,A,골목상권,2110681,온수역 1번,2179,1465,714,0,260,422,502,610,385,0,125,261,309,435,335,0,135,161,193,175,50
2017,4,A,골목상권,2110680,온수역 5번(온수산업단지),2173,1604,569,2,240,426,500,592,413,2,136,296,339,451,380,0,104,130,161,141,33
2017,4,A,골목상권,2110679,염창역 2번,4941,3240,1701,28,626,1317,1429,1028,513,17,313,832,1022,667,389,11,313,485,407,361,124
2017,4,A,골목상권,2110678,염창무학아파트,3004,2006,998,22,372,745,763,682,420,15,202,504,523,438,324,7,170,241,240,244,96
2017,4,A,골목상권,2110677,등촌역 1번,9524,5609,3915,70,1775,2765,2410,1536,968,38,687,1647,1534,995,708,32,1088,1118,876,541,260
2017,4,A,골목상권,2110676,등촌역 7번,4118,2262,1856,27,572,1010,1096,900,513,15,205,561,617,512,352,12,367,449,479,388,161
2017,4,A,골목상권,2110675,화곡4동주민센터,2736,1127,1609,7,266,546,707,715,495,1,82,243,258,291,252,6,184,303,449,424,243
2017,4,A,골목상권,2110674,강서구청가양동별관,6122,3776,2346,83,1232,1719,1667,1019,402,49,686,1117,1040,621,263,34,546,602,627,398,139
2017,4,A,골목상권,2110673,뜸부기어린이공원,4126,1912,2214,14,534,930,1104,926,618,5,193,447,519,394,354,9,341,483,585,532,264
2017,4,A,골목상권,2110672,백석중학교,1491,633,858,13,180,314,430,396,158,6,49,128,188,170,92,7,131,186,242,226,66
2017,4,A,골목상권,2110671,등촌1동주민센터,41001,18603,22398,433,6173,10400,12870,9149,1976,257,3143,6531,5051,2349,1272,176,3030,3869,7819,6800,704
2017,4,A,골목상권,2110670,신곡초등학교,1462,549,913,1,150,323,430,412,146,1,36,126,141,159,86,0,114,197,289,253,60
2017,4,A,골목상권,2110669,화곡보람2차아파트,4370,2582,1788,9,972,1166,983,773,467,5,302,763,722,483,307,4,670,403,261,290,160
2017,4,A,골목상권,2110668,화곡2동주민센터,3149,1202,1947,5,386,653,859,831,415,2,115,290,326,258,211,3,271,363,533,573,204
2017,4,A,골목상권,2110667,가양역 10번,23338,7949,15389,236,2359,5165,8449,6393,736,139,1478,3244,2104,456,528,97,881,1921,6345,5937,208
2017,4,A,골목상권,2110666,KC대학교,5011,3024,1987,8,524,1198,1286,1380,615,5,229,628,747,943,472,3,295,570,539,437,143
2017,4,A,골목상권,2110665,곰달래도서관,4476,2278,2198,9,575,1023,1184,1082,603,4,259,571,582,493,369,5,316,452,602,589,234
2017,4,A,골목상권,2110664,강서구청옆,6838,3925,2913,17,809,1694,1798,1755,765,9,353,907,1056,1109,491,8,456,787,742,646,274
2017,4,A,골목상권,2110663,우장산롯데캐슬아파트앞,13585,7745,5840,68,1873,2880,3097,3781,1886,44,1065,1801,1891,1914,1030,24,808,1079,1206,1867,856
2017,4,A,골목상권,2110662,까치산역 1번,2876,1013,1863,7,355,604,721,750,439,0,103,262,254,184,210,7,252,342,467,566,229
2017,4,A,골목상권,2110661,강서새말어린이공원,5895,3386,2509,15,713,1522,1587,1472,586,7,306,795,920,969,389,8,407,727,667,503,197
2017,4,A,골목상권,2110660,등촌3동주민센터,34016,13542,20474,301,3879,7198,10721,9506,2411,183,2396,4598,3452,1741,1172,118,1483,2600,7269,7765,1239
2017,4,A,골목상권,2110659,화곡역 4번,3444,1292,2152,12,488,793,905,768,478,4,117,319,346,273,233,8,371,474,559,495,245
2017,4,A,골목상권,2110658,화곡초등학교,3037,1630,1407,5,272,548,760,795,657,3,84,269,398,448,428,2,188,279,362,347,229
2017,4,A,골목상권,2110657,양천향교역 5번,16947,9332,7615,107,3406,4183,3976,3528,1747,69,1354,2553,2449,1725,1182,38,2052,1630,1527,1803,565
2017,4,A,골목상권,2110656,까치산역 3번,4189,2170,2019,12,441,798,1021,1229,688,5,187,435,548,611,384,7,254,363,473,618,304
2017,4,A,골목상권,2110655,발산역 5번,7593,3905,3688,84,1185,1539,1718,1669,1398,40,534,900,981,759,691,44,651,639,737,910,707
2017,4,A,골목상권,2110654,까치산역 4번,3918,1773,2145,17,433,729,1008,1097,634,8,139,343,470,478,335,9,294,386,538,619,299
2017,4,A,골목상권,2110653,화곡역 2번,3696,1480,2216,19,610,788,910,822,547,3,148,356,358,324,291,16,462,432,552,498,256
2017,4,A,골목상권,2110652,양천향교역 2번,6994,3777,3217,44,779,1369,1638,2185,979,37,386,786,945,958,665,7,393,583,693,1227,314
2017,4,A,골목상권,2110651,화원중학교,2584,1266,1318,10,250,513,716,671,424,8,88,259,336,318,257,2,162,254,380,353,167
2017,4,A,골목상권,2110650,우장산힐스테이트,2216,1068,1148,54,323,379,527,543,390,25,124,195,249,243,232,29,199,184,278,300,158
2017,4,A,골목상권,2110649,우장산역 1번,3180,1268,1912,7,423,680,828,800,442,4,103,264,310,317,270,3,320,416,518,483,172
2017,4,A,골목상권,2110648,양천향교역 7번,11105,5983,5122,74,2316,2425,2472,2608,1210,55,818,1453,1585,1241,831,19,1498,972,887,1367,379
2017,4,A,골목상권,2110647,화곡역 5번,5085,2371,2714,17,661,1064,1318,1367,658,7,202,581,634,551,396,10,459,483,684,816,262
2017,4,A,골목상권,2110646,푸른들청소년도서관,5080,2107,2973,27,749,1001,1287,1397,619,5,228,498,533,500,343,22,521,503,754,897,276
2017,4,A,골목상권,2110645,우장산역 4번,3970,1460,2510,7,512,909,1030,1052,460,2,124,336,358,407,233,5,388,573,672,645,227
2017,4,A,골목상권,2110644,신광명마을,3416,2353,1063,10,188,600,912,1038,668,5,113,391,576,713,555,5,75,209,336,325,113
2017,4,A,골목상권,2110643,강서구다솔마을,4083,2540,1543,8,437,993,1291,908,446,5,194,644,807,566,324,3,243,349,484,342,122
2017,4,A,골목상권,2110642,정곡초등학교,962,673,289,1,56,123,262,291,229,0,26,60,164,221,202,1,30,63,98,70,27
2017,4,A,골목상권,2110641,공항고등학교,1986,859,1127,5,173,355,470,530,453,4,68,176,215,229,167,1,105,179,255,301,286
2017,4,A,골목상권,2110640,방화역 1번,2855,1619,1236,5,255,509,758,798,530,1,65,192,420,543,398,4,190,317,338,255,132
2017,4,A,골목상권,2110639,신방화역 8번,2943,1466,1477,9,453,787,732,653,309,2,149,396,386,340,193,7,304,391,346,313,116
2017,4,A,골목상권,2110638,신방화역 2번,5292,2518,2774,17,716,1272,1319,1238,730,8,257,673,651,543,386,9,459,599,668,695,344
2017,4,A,골목상권,2110637,송정역 2번,2742,1756,986,15,286,519,678,731,513,6,123,299,417,495,416,9,163,220,261,236,97
2017,4,A,골목상권,2110636,방화역 2번,3527,1630,1897,12,377,718,916,909,595,6,144,361,439,377,303,6,233,357,477,532,292
2017,4,A,골목상권,2110635,공항시장역 3번,2692,1432,1260,18,395,619,682,609,369,5,139,308,376,340,264,13,256,311,306,269,105
2017,4,A,골목상권,2110634,송정역 3번,4309,2707,1602,20,454,886,1197,1081,671,11,200,523,743,714,516,9,254,363,454,367,155
2017,4,A,골목상권,2110633,개화산역 1번,2968,1470,1498,16,400,656,752,723,421,8,169,390,395,294,214,8,231,266,357,429,207
2017,4,A,골목상권,2110632,방화역 3번,6834,4637,2197,18,745,1613,1874,1894,690,8,436,1186,1298,1289,420,10,309,427,576,605,270
2017,4,A,골목상권,2110631,방화초등학교,3053,1749,1304,8,351,616,752,724,602,1,135,353,408,413,439,7,216,263,344,311,163
2017,4,A,골목상권,2110630,공항시장역 1번,39737,22739,16998,82,7901,12337,11335,6724,1358,44,2246,5564,7796,5930,1159,38,5655,6773,3539,794,199
2017,4,A,골목상권,2110629,송정역 4번,38483,21981,16502,76,7764,12107,11067,6388,1081,46,2209,5474,7650,5687,915,30,5555,6633,3417,701,166
2017,4,A,골목상권,2110628,신목동역,2791,1780,1011,23,432,936,725,420,255,13,218,614,486,262,187,10,214,322,239,158,68
2017,4,A,골목상권,2110627,신정롯데캐슬아파트,3274,1416,1858,12,397,671,917,824,453,6,110,280,377,371,272,6,287,391,540,453,181
2017,4,A,골목상권,2110626,양화초등학교,4352,2674,1678,24,575,1256,1320,837,340,13,245,781,914,497,224,11,330,475,406,340,116
2017,4,A,골목상권,2110625,신정2동주민센터,6660,3432,3228,34,853,1554,1754,1769,696,26,374,752,830,1029,421,8,479,802,924,740,275
2017,4,A,골목상권,2110624,목동문화체육센터,639,265,374,1,65,121,195,166,91,1,22,45,65,72,60,0,43,76,130,94,31
2017,4,A,골목상권,2110623,갈산공원,866,476,390,3,105,186,217,228,127,2,52,113,98,120,91,1,53,73,119,108,36
2017,4,A,골목상권,2110622,달마을공원,3263,1772,1491,7,381,785,1021,761,308,2,114,404,658,409,185,5,267,381,363,352,123
2017,4,A,골목상권,2110621,목동역 5번,5348,2605,2743,29,1041,1445,1266,906,661,14,315,684,700,501,391,15,726,761,566,405,270
2017,4,A,골목상권,2110620,목동보건지소,2554,1050,1504,3,236,522,671,670,452,2,90,224,218,253,263,1,146,298,453,417,189
2017,4,A,골목상권,2110619,목4동주민센터,1992,864,1128,7,276,435,487,422,365,2,73,173,201,190,225,5,203,262,286,232,140
2017,4,A,골목상권,2110618,강서고등학교,3000,1427,1573,10,300,568,726,730,666,3,120,277,297,339,391,7,180,291,429,391,275
2017,4,A,골목상권,2110617,등촌역 4번,2904,1370,1534,20,404,724,769,653,334,6,113,358,396,305,192,14,291,366,373,348,142
2017,4,A,골목상권,2110616,양목초등학교,4024,1964,2060,14,420,853,1043,905,789,6,134,406,528,405,485,8,286,447,515,500,304
2017,4,A,골목상권,2110615,신서초등학교,4060,2096,1964,10,372,824,1067,932,855,3,113,407,539,458,576,7,259,417,528,474,279
2017,4,A,골목상권,2110614,목동로데오거리,4633,2122,2511,16,703,1040,1142,952,780,9,221,502,558,385,447,7,482,538,584,567,333
2017,4,A,골목상권,2110613,신정네거리역 4번,1802,759,1043,1,221,345,414,462,359,1,75,174,174,173,162,0,146,171,240,289,197
2017,4,A,골목상권,2110612,신정역 5번,5027,2248,2779,11,499,985,1224,1291,1017,7,170,484,526,534,527,4,329,501,698,757,490
2017,4,A,골목상권,2110611,신정역 1번,4674,2417,2257,12,538,935,1144,1158,887,8,256,564,581,513,495,4,282,371,563,645,392
2017,4,A,골목상권,2110610,계남근린공원,1817,745,1072,0,190,359,496,494,278,0,71,188,179,166,141,0,119,171,317,328,137
2017,4,A,골목상권,2110609,신정네거리역 2번,1915,772,1143,4,199,370,526,514,302,0,59,136,204,225,148,4,140,234,322,289,154
2017,4,A,골목상권,2110608,신월2동주민센터,3500,1674,1826,2,315,674,935,1019,555,1,134,350,414,444,331,1,181,324,521,575,224
2017,4,A,골목상권,2110607,금빛새마을금고본점,1541,683,858,2,183,291,424,403,238,1,67,126,171,168,150,1,116,165,253,235,88
2017,4,A,골목상권,2110606,신한은행 신월동지점,3939,2302,1637,6,302,538,904,1226,963,3,128,279,409,742,741,3,174,259,495,484,222
2017,4,A,골목상권,2110605,목동센트럴아이파크앞,2336,1293,1043,4,219,330,532,563,688,2,94,167,210,263,557,2,125,163,322,300,131
2017,4,A,골목상권,2110604,신월4동주민센터,3850,2454,1396,5,257,577,855,1258,898,2,118,331,443,815,745,3,139,246,412,443,153
2017,4,A,골목상권,2110603,지향초등학교,3677,2435,1242,3,203,483,895,1204,889,1,75,244,524,821,770,2,128,239,371,383,119
2017,4,A,골목상권,2110602,신월시영아파트중문,3069,1945,1124,5,239,390,681,984,770,2,108,219,339,653,624,3,131,171,342,331,146
2017,4,A,골목상권,2110601,신월1동우편취급국,3425,1994,1431,15,280,582,883,1069,596,11,121,338,505,631,388,4,159,244,378,438,208
2017,4,A,골목상권,2110600,신월7동주민센터,3462,2391,1071,8,190,398,774,1215,877,6,74,236,454,887,734,2,116,162,320,328,143
2017,4,A,골목상권,2110599,신월1파출소,2601,1297,1304,9,209,435,732,817,399,7,82,204,361,425,218,2,127,231,371,392,181
2017,4,A,골목상권,2110598,신월문화체육센터,3601,2404,1197,6,330,552,902,1066,745,3,217,363,535,696,590,3,113,189,367,370,155
2017,4,A,골목상권,2110597,신월1동주민센터,4276,2381,1895,8,363,704,992,975,1234,7,119,331,413,462,1049,1,244,373,579,513,185
2017,4,A,골목상권,2110596,서서울호수공원,2768,1637,1131,8,197,431,732,921,479,7,82,237,417,562,332,1,115,194,315,359,147
2017,4,A,골목상권,2110595,메디힐병원,4276,2345,1931,9,401,743,978,982,1163,8,137,334,400,468,998,1,264,409,578,514,165
2017,4,A,골목상권,2110594,신월중학교,1519,514,1005,3,205,325,446,410,130,3,53,92,125,163,78,0,152,233,321,247,52
2017,4,A,골목상권,2110593,신월3동주민센터,3552,2192,1360,3,265,487,719,844,1234,3,91,212,318,483,1085,0,174,275,401,361,149
2017,4,A,골목상권,2110592,서울금융고등학교,3279,2121,1158,3,236,444,623,796,1177,3,80,192,292,494,1060,0,156,252,331,302,117
2017,4,A,골목상권,2110591,충정로역 6번,12632,7609,5023,23,2508,4474,2871,1615,1141,3,1127,2605,1899,1093,882,20,1381,1869,972,522,259
2017,4,A,골목상권,2110590,만리재,2971,1167,1804,2,517,722,817,653,260,0,59,247,364,343,154,2,458,475,453,310,106
2017,4,A,골목상권,2110589,애오개역 3번,3505,1615,1890,4,609,1184,1052,489,167,0,210,532,532,236,105,4,399,652,520,253,62
2017,4,A,골목상권,2110588,한겨레신문사,4829,2253,2576,17,986,1183,1310,940,393,6,335,519,596,553,244,11,651,664,714,387,149
2017,4,A,골목상권,2110587,공덕동주민센터,8730,4147,4583,29,1612,2337,2536,1570,646,9,515,1057,1223,908,435,20,1097,1280,1313,662,211
2017,4,A,골목상권,2110586,서울서부지방법원,24013,13059,10954,106,4278,6978,6304,4580,1767,35,1641,4063,3795,2493,1032,71,2637,2915,2509,2087,735
2017,4,A,골목상권,2110585,마포경찰서,12255,7016,5239,44,2023,3596,2999,2536,1057,9,965,2231,1901,1329,581,35,1058,1365,1098,1207,476
2017,4,A,골목상권,2110584,아현역 4번,1848,742,1106,8,311,500,462,341,226,7,63,153,199,173,147,1,248,347,263,168,79
2017,4,A,골목상권,2110583,공덕래미안3차아파트,15187,8033,7154,49,2700,4155,3826,3324,1133,12,1024,2368,2241,1699,689,37,1676,1787,1585,1625,444
2017,4,A,골목상권,2110582,이대역 5번,1818,739,1079,15,345,491,441,300,226,8,85,197,191,148,110,7,260,294,250,152,116
2017,4,A,골목상권,2110581,염리초등학교,15944,9022,6922,89,2636,4584,4132,2786,1717,44,1110,2797,2639,1394,1038,45,1526,1787,1493,1392,679
2017,4,A,골목상권,2110580,양원초등학교,2548,1293,1255,2,392,657,667,532,298,0,119,288,383,332,171,2,273,369,284,200,127
2017,4,A,골목상권,2110579,마포역 4번,9775,5770,4005,14,1548,2605,2368,1912,1328,4,676,1562,1535,1104,889,10,872,1043,833,808,439
2017,4,A,골목상권,2110578,대흥역 2번,11337,7307,4030,153,1818,3183,3069,2089,1025,63,992,2061,2178,1307,706,90,826,1122,891,782,319
2017,4,A,골목상권,2110577,용강동주민센터,10345,6206,4139,148,1986,3077,2783,1505,846,63,813,1890,1925,930,585,85,1173,1187,858,575,261
2017,4,A,골목상권,2110576,대흥역 3번,10287,6675,3612,153,1794,2927,2678,1784,951,65,989,1968,1933,1078,642,88,805,959,745,706,309
2017,4,A,골목상권,2110575,대흥동주민센터,6601,3221,3380,66,1957,1895,1255,929,499,32,690,965,722,534,278,34,1267,930,533,395,221
2017,4,A,골목상권,2110574,서강대학교,3675,2109,1566,10,472,982,1013,795,403,2,197,479,622,517,292,8,275,503,391,278,111
2017,4,A,골목상권,2110573,신촌역 6번,6129,3042,3087,79,1945,1833,1117,765,390,39,679,929,676,474,245,40,1266,904,441,291,145
2017,4,A,골목상권,2110572,서강대역 1번,10749,5533,5216,101,2724,2978,2293,1697,956,49,1002,1527,1359,996,600,52,1722,1451,934,701,356
2017,4,A,골목상권,2110571,신수동주민센터,5275,3026,2249,20,795,1459,1428,926,647,12,349,840,846,543,436,8,446,619,582,383,211
2017,4,A,골목상권,2110570,KB국민은행 서강지점,2639,1483,1156,16,343,740,746,424,370,10,144,429,440,228,232,6,199,311,306,196,138
2017,4,A,골목상권,2110569,홍대땡땡거리,9929,4926,5003,81,2213,2505,2486,1798,846,43,1041,1436,1217,756,433,38,1172,1069,1269,1042,413
2017,4,A,골목상권,2110568,광흥창역 1번,2530,1231,1299,11,506,676,607,447,283,1,147,302,344,263,174,10,359,374,263,184,109
2017,4,A,골목상권,2110567,광흥창역 6번,4454,2027,2427,17,716,868,913,819,1121,2,193,346,516,471,499,15,523,522,397,348,622
2017,4,A,골목상권,2110566,경의선책거리,20396,10621,9775,169,5012,5179,4906,3333,1797,83,2039,2928,2708,1680,1183,86,2973,2251,2198,1653,614
2017,4,A,골목상권,2110565,홍익대,6702,4266,2436,37,1544,1788,1514,1090,729,11,735,1192,1047,767,514,26,809,596,467,323,215
2017,4,A,골목상권,2110564,홍대입구역 3번,10731,5053,5678,96,2958,2998,2365,1387,927,49,962,1523,1275,636,608,47,1996,1475,1090,751,319
2017,4,A,골목상권,2110563,상수역 3번,4032,1991,2041,20,803,988,694,544,983,8,354,612,442,233,342,12,449,376,252,311,641
2017,4,A,골목상권,2110562,연트럴파크(연남동주민센터),6492,3757,2735,25,1429,2062,1493,887,596,9,653,1260,930,514,391,16,776,802,563,373,205
2017,4,A,골목상권,2110561,상수역 4번,6047,3397,2650,39,1918,1856,1207,670,357,22,805,1162,775,416,217,17,1113,694,432,254,140
2017,4,A,골목상권,2110560,마포FM,12670,7460,5210,59,2074,2991,2503,2236,2807,21,747,1682,1610,1225,2175,38,1327,1309,893,1011,632
2017,4,A,골목상권,2110559,성산중학교,8325,4470,3855,43,2322,2515,1844,1051,550,22,884,1424,1121,668,351,21,1438,1091,723,383,199
2017,4,A,골목상권,2110558,경성고등학교,9633,6297,3336,35,1205,1890,1829,1538,3136,17,479,1018,1071,929,2783,18,726,872,758,609,353
2017,4,A,골목상권,2110557,홍대부속여중고앞,15377,9240,6137,89,2784,3768,3176,2349,3211,30,991,2052,2022,1483,2662,59,1793,1716,1154,866,549
2017,4,A,골목상권,2110556,절두산순교성지,2356,1452,904,3,461,721,550,463,158,1,181,448,365,337,120,2,280,273,185,126,38
2017,4,A,골목상권,2110555,홍익지구대,7908,4557,3351,59,1896,2534,1822,1052,545,21,797,1488,1238,678,335,38,1099,1046,584,374,210
2017,4,A,골목상권,2110554,망원역 1번,14380,7180,7200,97,3021,3507,2878,2131,2746,37,1232,1884,1633,991,1403,60,1789,1623,1245,1140,1343
2017,4,A,골목상권,2110553,가좌역 2번,3741,2302,1439,8,393,649,849,780,1062,5,134,337,476,451,899,3,259,312,373,329,163
2017,4,A,골목상권,2110552,성미산체육관,7403,5133,2270,20,724,1202,1251,1248,2958,9,283,656,763,791,2631,11,441,546,488,457,327
2017,4,A,골목상권,2110551,성서초등학교,7049,3733,3316,48,1280,1456,1528,1278,1459,21,538,791,793,551,1039,27,742,665,735,727,420
2017,4,A,골목상권,2110550,합정역 8번,12938,7119,5819,94,2897,4361,3167,1627,792,16,1083,2392,2053,1068,507,78,1814,1969,1114,559,285
2017,4,A,골목상권,2110549,새터산,5042,3080,1962,18,579,946,1206,1027,1266,11,236,525,713,571,1024,7,343,421,493,456,242
2017,4,A,골목상권,2110548,마포구청역 4번,7033,3375,3658,29,757,1262,1506,1901,1578,17,315,741,951,728,623,12,442,521,555,1173,955
2017,4,A,골목상권,2110547,KB국민은행 망원동지점,7843,4273,3570,58,1444,1590,1724,1451,1576,27,591,904,953,675,1123,31,853,686,771,776,453
2017,4,A,골목상권,2110546,양화대교북단,5591,2847,2744,57,1283,2025,1454,545,227,2,401,1014,914,366,150,55,882,1011,540,179,77
2017,4,A,골목상권,2110545,마포구청역 1번,8342,3736,4606,23,680,1389,1737,2596,1917,12,263,637,944,1081,799,11,417,752,793,1515,1118
2017,4,A,골목상권,2110544,망리단길,10824,5896,4928,66,2106,2535,2422,1856,1839,32,859,1442,1387,891,1285,34,1247,1093,1035,965,554
2017,4,A,골목상권,2110543,중암중학교,2127,1438,689,2,165,224,356,609,771,1,58,109,176,404,690,1,107,115,180,205,81
2017,4,A,골목상권,2110542,마포구청역 7번,6317,2894,3423,20,595,950,1229,1821,1702,8,234,548,744,633,727,12,361,402,485,1188,975
2017,4,A,골목상권,2110541,동교초등학교,2413,1293,1120,8,380,593,655,488,289,4,159,348,349,233,200,4,221,245,306,255,89
2017,4,A,골목상권,2110540,망원나들목체육관,1128,699,429,4,172,269,295,236,152,1,80,181,191,134,112,3,92,88,104,102,40
2017,4,A,골목상권,2110539,미근동,48304,27599,20705,123,8108,15127,14328,8857,1761,24,2892,7931,8642,6924,1186,99,5216,7196,5686,1933,575
2017,4,A,골목상권,2110538,충정로역 3번,19426,11830,7596,37,3270,6252,5012,3071,1784,9,1488,3784,3333,1981,1235,28,1782,2468,1679,1090,549
2017,4,A,골목상권,2110537,충정로현대아파트,38013,21880,16133,96,6262,12334,10835,6808,1678,15,2390,6710,6342,5194,1229,81,3872,5624,4493,1614,449
2017,4,A,골목상권,2110536,돈의문센트레빌아파트입구,25900,13782,12118,75,4467,8004,7658,5036,660,12,1407,3833,4077,3990,463,63,3060,4171,3581,1046,197
2017,4,A,골목상권,2110535,영천시장입구,1480,618,862,1,187,279,393,407,213,1,59,91,162,179,126,0,128,188,231,228,87
2017,4,A,골목상권,2110534,경기대학교,8405,5197,3208,10,1346,2826,2117,1241,865,3,564,1621,1428,877,704,7,782,1205,689,364,161
2017,4,A,골목상권,2110533,충정로역 7번,10439,6519,3920,21,1838,3792,2399,1393,996,3,881,2316,1662,914,743,18,957,1476,737,479,253
2017,4,A,골목상권,2110532,아현역 2번,3373,1883,1490,2,429,597,679,872,794,1,112,246,386,538,600,1,317,351,293,334,194
2017,4,A,골목상권,2110531,홍지문,1771,775,996,0,365,411,454,388,153,0,102,168,240,184,81,0,263,243,214,204,72
2017,4,A,골목상권,2110530,아현역 1번,1507,609,898,6,253,382,391,297,178,6,49,110,173,153,118,0,204,272,218,144,60
2017,4,A,골목상권,2110529,홍제3동주민센터,2308,930,1378,5,314,484,611,452,442,1,90,161,218,197,263,4,224,323,393,255,179
2017,4,A,골목상권,2110528,서울여자간호대학교,1440,630,810,0,154,244,405,297,340,0,40,82,148,128,232,0,114,162,257,169,108
2017,4,A,골목상권,2110527,홍제역 2번,2636,986,1650,10,375,558,717,584,392,5,105,202,248,226,200,5,270,356,469,358,192
2017,4,A,골목상권,2110526,봉원사,15744,5851,9893,13,3875,5064,3817,2357,618,9,888,1594,1532,1399,429,4,2987,3470,2285,958,189
2017,4,A,골목상권,2110525,홍은종합사회복지관,1607,699,908,3,184,329,406,319,366,1,63,108,151,142,234,2,121,221,255,177,132
2017,4,A,골목상권,2110524,연희세브란스병원,13003,4948,8055,12,3505,4305,3025,1743,413,9,838,1423,1260,1099,319,3,2667,2882,1765,644,94
2017,4,A,골목상권,2110523,홍제성원아파트,617,230,387,3,96,154,166,129,69,2,19,49,58,48,54,1,77,105,108,81,15
2017,4,A,골목상권,2110522,홍제역 3번,1601,596,1005,5,249,355,429,357,206,3,50,130,150,141,122,2,199,225,279,216,84
2017,4,A,골목상권,2110521,홍제역 4번,2064,717,1347,5,326,506,548,412,267,2,79,173,189,160,114,3,247,333,359,252,153
2017,4,A,골목상권,2110520,경의중앙 신촌역,16395,6508,9887,36,4358,5217,3675,2287,822,16,1161,1922,1595,1314,500,20,3197,3295,2080,973,322
2017,4,A,골목상권,2110519,서대문구보건소별관,1394,663,731,1,229,348,388,296,132,0,63,161,197,150,92,1,166,187,191,146,40
2017,4,A,골목상권,2110518,서대문구청,3684,1744,1940,10,485,945,926,935,383,10,151,369,405,596,213,0,334,576,521,339,170
2017,4,A,골목상권,2110517,서대문소방서,1761,947,814,7,295,454,411,391,203,3,127,263,242,210,102,4,168,191,169,181,101
2017,4,A,골목상권,2110516,정원여중,1251,635,616,1,213,321,351,253,112,0,60,162,195,140,78,1,153,159,156,113,34
2017,4,A,골목상권,2110515,홍은중학교,613,386,227,0,88,160,194,122,49,0,31,103,134,80,38,0,57,57,60,42,11
2017,4,A,골목상권,2110514,서대문우체국,19174,8003,11171,65,4755,5565,4733,3110,946,41,1557,2188,2038,1609,570,24,3198,3377,2695,1501,376
2017,4,A,골목상권,2110513,연희파출소,2629,1480,1149,24,495,699,605,507,299,15,241,402,351,283,188,9,254,297,254,224,111
2017,4,A,골목상권,2110512,연희지하차도,4378,2192,2186,10,526,1054,1087,1151,550,10,166,422,501,744,349,0,360,632,586,407,201
2017,4,A,골목상권,2110511,연희초등학교,15375,6264,9111,37,3892,4797,3537,2263,849,23,1024,1702,1512,1384,619,14,2868,3095,2025,879,230
2017,4,A,골목상권,2110510,홍연시장,1403,739,664,1,127,224,316,442,293,1,37,111,175,245,170,0,90,113,141,197,123
2017,4,A,골목상권,2110509,연희대우아파트앞,18361,7642,10719,70,4681,5756,4387,2592,875,30,1323,2178,1930,1535,646,40,3358,3578,2457,1057,229
2017,4,A,골목상권,2110508,서연중학교,3568,2147,1421,30,569,962,810,697,500,15,279,614,483,405,351,15,290,348,327,292,149
2017,4,A,골목상권,2110507,명지대학교,2341,1177,1164,3,291,513,584,620,330,1,103,243,281,336,213,2,188,270,303,284,117
2017,4,A,골목상권,2110506,연희임광아파트,2970,1760,1210,13,565,843,663,526,360,0,256,557,387,307,253,13,309,286,276,219,107
2017,4,A,골목상권,2110505,홍남교남측,1049,659,390,2,106,200,279,271,191,1,33,116,176,183,150,1,73,84,103,88,41
2017,4,A,골목상권,2110504,명지전문대,1626,894,732,5,204,325,413,459,220,1,81,139,221,292,160,4,123,186,192,167,60
2017,4,A,골목상권,2110503,명지대학교교회,2419,1301,1118,10,367,508,607,624,303,3,148,245,310,379,216,7,219,263,297,245,87
2017,4,A,골목상권,2110502,남가좌파출소,1655,829,826,3,215,334,448,416,239,1,65,147,213,227,176,2,150,187,235,189,63
2017,4,A,골목상권,2110501,연희어린이공원,2420,1426,994,15,468,786,572,354,225,1,196,522,353,205,149,14,272,264,219,149,76
2017,4,A,골목상권,2110500,남가좌동현대아파트,699,319,380,2,102,158,193,161,83,1,30,67,81,82,58,1,72,91,112,79,25
2017,4,A,골목상권,2110499,연가초등학교,1885,862,1023,7,177,327,505,564,305,1,53,138,193,270,207,6,124,189,312,294,98
2017,4,A,골목상권,2110498,증산역 1번,3210,1640,1570,7,373,557,763,857,653,4,156,288,370,424,398,3,217,269,393,433,255
2017,4,A,골목상권,2110497,가좌역 3번,1500,797,703,6,254,313,401,349,177,2,75,137,241,225,117,4,179,176,160,124,60
2017,4,A,골목상권,2110496,모래내우체국,2180,931,1249,6,260,411,595,565,343,3,93,179,249,242,165,3,167,232,346,323,178
2017,4,A,골목상권,2110495,북가좌2동주민센터,3267,1740,1527,12,379,611,825,870,570,7,150,324,433,467,359,5,229,287,392,403,211
2017,4,A,골목상권,2110494,증산3교남측,1283,808,475,5,108,208,336,349,277,4,51,105,177,231,240,1,57,103,159,118,37
2017,4,A,골목상권,2110493,북가좌초등학교,2349,1644,705,7,170,270,430,637,835,4,58,130,237,460,755,3,112,140,193,177,80
2017,4,A,골목상권,2110492,하나고등학교,541,207,334,3,56,70,99,198,115,1,20,33,49,72,32,2,36,37,50,126,83
2017,4,A,골목상권,2110491,불광중학교,538,160,378,1,61,109,160,154,53,1,14,25,41,45,34,0,47,84,119,109,19
2017,4,A,골목상권,2110490,녹번동근린공원,7131,3456,3675,18,953,1820,1868,1653,819,8,304,769,913,947,515,10,649,1051,955,706,304
2017,4,A,골목상권,2110489,불광역 3번,3288,1456,1832,8,595,966,851,588,280,2,185,411,440,269,149,6,410,555,411,319,131
2017,4,A,골목상권,2110488,우리은행응암동지점,5439,2559,2880,15,555,1137,1470,1439,823,9,177,433,632,770,538,6,378,704,838,669,285
2017,4,A,골목상권,2110487,불광역 8번,2916,1173,1743,8,484,810,750,555,309,2,146,330,343,206,146,6,338,480,407,349,163
2017,4,A,골목상권,2110486,은평구청,5437,2568,2869,15,546,1116,1479,1431,850,9,169,436,647,768,539,6,377,680,832,663,311
2017,4,A,골목상권,2110485,연신내우체국,1157,391,766,1,129,239,359,302,127,1,31,86,118,94,61,0,98,153,241,208,66
2017,4,A,골목상권,2110484,역촌역 3번,7728,3709,4019,22,882,1673,2058,1961,1132,10,318,708,952,1021,700,12,564,965,1106,940,432
2017,4,A,골목상권,2110483,연천초등학교,1510,557,953,13,239,259,381,353,265,3,59,104,139,129,123,10,180,155,242,224,142
2017,4,A,골목상권,2110482,연신초등학교,1343,750,593,2,156,333,423,349,80,2,75,203,232,193,45,0,81,130,191,156,35
2017,4,A,골목상권,2110481,불광역 7번,2915,1147,1768,10,342,592,807,708,456,2,124,250,326,229,216,8,218,342,481,479,240
2017,4,A,골목상권,2110480,연신내역 3번,2183,881,1302,18,340,409,552,477,387,5,90,170,222,198,196,13,250,239,330,279,191
2017,4,A,골목상권,2110479,연신내역 2번,2756,951,1805,17,481,525,735,586,412,5,112,196,249,200,189,12,369,329,486,386,223
2017,4,A,골목상권,2110478,응암1동주민센터,6189,2907,3282,19,613,1260,1613,1703,981,12,222,509,701,855,608,7,391,751,912,848,373
2017,4,A,골목상권,2110477,은평세무서,6923,3364,3559,19,702,1405,1809,1851,1137,10,266,612,827,963,686,9,436,793,982,888,451
2017,4,A,골목상권,2110476,역촌역 2번,1209,527,682,5,143,229,363,318,151,3,50,110,154,123,87,2,93,119,209,195,64
2017,4,A,골목상권,2110475,백련산해모로아파트,2565,1070,1495,9,335,553,652,666,350,5,125,246,266,253,175,4,210,307,386,413,175
2017,4,A,골목상권,2110474,세명컴퓨터고등학교,2178,1015,1163,6,347,530,599,501,195,2,127,258,246,266,116,4,220,272,353,235,79
2017,4,A,골목상권,2110473,구산역 1번,4084,1510,2574,28,587,803,1112,997,557,8,165,327,429,326,255,20,422,476,683,671,302
2017,4,A,골목상권,2110472,연신내역 4번,3563,1491,2072,27,597,729,875,765,570,8,176,331,364,310,302,19,421,398,511,455,268
2017,4,A,골목상권,2110471,응암동우체국,2643,1167,1476,7,346,530,703,647,410,4,134,201,303,295,230,3,212,329,400,352,180
2017,4,A,골목상권,2110470,신진과학기술고등학교,2447,1117,1330,9,369,544,613,576,336,5,141,275,277,237,182,4,228,269,336,339,154
2017,4,A,골목상권,2110469,응암정보도서관,3901,1938,1963,13,470,671,1005,1099,643,6,186,288,465,574,419,7,284,383,540,525,224
2017,4,A,골목상권,2110468,응암역 3번,5250,2488,2762,10,622,1033,1295,1341,949,5,235,523,605,604,516,5,387,510,690,737,433
2017,4,A,골목상권,2110467,은평요양병원,1553,849,704,6,209,342,435,382,179,2,105,198,219,225,100,4,104,144,216,157,79
2017,4,A,골목상권,2110466,구산역 2번,2994,1167,1827,15,387,589,797,753,453,5,102,237,324,242,257,10,285,352,473,511,196
2017,4,A,골목상권,2110465,연신내역 7번,3258,1345,1913,14,547,699,828,678,492,4,167,310,305,286,273,10,380,389,523,392,219
2017,4,A,골목상권,2110464,연신내역 5번,2877,1176,1701,11,448,638,725,629,426,4,137,285,281,237,232,7,311,353,444,392,194
2017,4,A,골목상권,2110463,응암3동주민센터,1862,759,1103,9,277,397,498,415,266,3,108,172,202,150,124,6,169,225,296,265,142
2017,4,A,골목상권,2110462,갈현건영아파트,1373,772,601,4,181,292,373,363,160,2,101,179,182,214,94,2,80,113,191,149,66
2017,4,A,골목상권,2110461,새절역 2번,1783,886,897,9,248,330,421,437,338,4,106,163,200,213,200,5,142,167,221,224,138
2017,4,A,골목상권,2110460,구산역 4번,4506,2104,2402,17,469,775,1141,1374,730,6,130,334,492,732,410,11,339,441,649,642,320
2017,4,A,골목상권,2110459,응암역 2번,3359,1567,1792,9,439,718,832,840,521,4,147,354,360,402,300,5,292,364,472,438,221
2017,4,A,골목상권,2110458,선일여고,1972,878,1094,7,229,448,499,445,344,2,85,216,191,170,214,5,144,232,308,275,130
2017,4,A,골목상권,2110457,예일여고,3756,1733,2023,15,356,611,958,1274,542,5,91,254,407,687,289,10,265,357,551,587,253
2017,4,A,골목상권,2110456,구산보건지소,2540,1051,1489,12,303,524,655,645,401,3,105,214,264,242,223,9,198,310,391,403,178
2017,4,A,골목상권,2110455,역촌노인복지관,3020,1474,1546,5,315,570,775,768,587,2,113,275,359,368,357,3,202,295,416,400,230
2017,4,A,골목상권,2110454,선정중학교,2882,1640,1242,12,238,484,676,975,497,3,69,214,329,675,350,9,169,270,347,300,147
2017,4,A,골목상권,2110453,신사1동주민센터,2957,1308,1649,14,410,609,756,717,451,5,148,290,326,311,228,9,262,319,430,406,223
2017,4,A,골목상권,2110452,새절역 3번,2270,1049,1221,7,259,367,518,566,553,3,109,176,236,258,267,4,150,191,282,308,286
2017,4,A,골목상권,2110451,증산역 4번,2790,1570,1220,3,239,376,576,777,819,2,95,192,318,473,490,1,144,184,258,304,329
2017,4,A,골목상권,2110450,시립서북병원,3449,1241,2208,4,477,758,912,912,386,1,144,284,317,309,186,3,333,474,595,603,200
2017,4,A,골목상권,2110449,증산역 3번,2141,1204,937,10,234,404,544,581,368,6,97,200,301,351,249,4,137,204,243,230,119
2017,4,A,골목상권,2110448,상신초등학교입구,1023,445,578,1,88,201,311,222,200,0,26,97,139,83,100,1,62,104,172,139,100
2017,4,A,골목상권,2110447,구산초등학교,1566,1053,513,4,60,126,315,675,386,1,24,47,172,545,264,3,36,79,143,130,122
2017,4,A,골목상권,2110446,내를건너서숲으로도서관,1010,462,548,0,76,138,219,266,311,0,27,64,105,127,139,0,49,74,114,139,172
2017,4,A,골목상권,2110445,덕산중학교,879,329,550,2,131,192,250,207,97,1,32,63,106,70,57,1,99,129,144,137,40
2017,4,A,골목상권,2110444,수색성당,3133,2066,1067,13,339,475,587,790,929,7,90,202,329,581,857,6,249,273,258,209,72
2017,4,A,골목상권,2110443,수색역 1번,1348,720,628,4,193,215,206,245,485,3,36,65,88,125,403,1,157,150,118,120,82
2017,4,A,골목상권,2110442,화랑대철도공원,1280,419,861,0,227,263,374,312,104,0,30,75,134,131,49,0,197,188,240,181,55
2017,4,A,골목상권,2110441,영신여고,1079,427,652,2,101,245,296,284,151,0,27,89,107,104,100,2,74,156,189,180,51
2017,4,A,골목상권,2110440,상계3동4동주민센터,426,173,253,1,52,63,158,109,43,1,12,28,61,45,26,0,40,35,97,64,17
2017,4,A,골목상권,2110439,당고개역 5번,2362,1443,919,1,113,147,486,774,841,1,33,74,294,542,499,0,80,73,192,232,342
2017,4,A,골목상권,2110438,경춘선숲길 우측,3562,1550,2012,2,590,916,955,755,344,2,175,399,405,364,205,0,415,517,550,391,139
2017,4,A,골목상권,2110437,당고개역 2번,2774,1611,1163,1,164,226,578,881,924,1,46,107,334,583,540,0,118,119,244,298,384
2017,4,A,골목상권,2110436,상계제일중학교,2162,885,1277,10,208,418,539,617,370,3,75,181,219,242,165,7,133,237,320,375,205
2017,4,A,골목상권,2110435,서울과학기술대,2700,1642,1058,6,353,699,620,722,300,2,172,382,382,470,234,4,181,317,238,252,66
2017,4,A,골목상권,2110434,태릉입구역 4번,4975,2205,2770,18,585,914,1286,1375,797,10,219,501,568,540,367,8,366,413,718,835,430
2017,4,A,골목상권,2110433,공릉역 2번,5713,3037,2676,20,658,992,1429,1582,1032,7,266,586,712,777,689,13,392,406,717,805,343
2017,4,A,골목상권,2110432,대진고등학교,5146,2650,2496,12,931,1313,1182,1185,523,6,322,638,638,708,338,6,609,675,544,477,185
2017,4,A,골목상권,2110431,상계역,2238,836,1402,9,240,402,565,641,381,1,89,175,215,209,147,8,151,227,350,432,234
2017,4,A,골목상권,2110430,중계초등학교,1641,617,1024,7,190,279,428,467,270,1,65,118,154,158,121,6,125,161,274,309,149
2017,4,A,골목상권,2110429,공릉동 국수거리,7634,3902,3732,34,880,1331,1808,1972,1609,16,359,769,905,969,884,18,521,562,903,1003,725
2017,4,A,골목상권,2110428,상계5동주민센터,2845,1246,1599,7,271,447,727,837,556,0,113,229,306,348,250,7,158,218,421,489,306
2017,4,A,골목상권,2110427,노원 을지대학교병원,4092,2040,2052,7,830,1076,930,883,366,3,269,499,484,542,243,4,561,577,446,341,123
2017,4,A,골목상권,2110426,상계2동주민센터,3572,1352,2220,10,446,669,948,975,524,2,122,256,343,361,268,8,324,413,605,614,256
2017,4,A,골목상권,2110425,계상초등학교,3100,1164,1936,10,348,536,833,888,485,1,121,247,299,297,199,9,227,289,534,591,286
2017,4,A,골목상권,2110424,상계초등학교,3569,1288,2281,12,447,662,911,986,551,5,147,293,304,312,227,7,300,369,607,674,324
2017,4,A,골목상권,2110423,석계역 2번,2519,1150,1369,4,350,555,676,558,376,2,97,253,312,268,218,2,253,302,364,290,158
2017,4,A,골목상권,2110422,노원역 9번,2722,971,1751,16,423,538,698,718,329,8,126,218,235,232,152,8,297,320,463,486,177
2017,4,A,골목상권,2110421,석계역 1번,2275,1205,1070,5,253,349,568,665,435,3,87,177,287,364,287,2,166,172,281,301,148
2017,4,A,골목상권,2110420,광운대역 1번,1524,815,709,5,195,392,442,350,140,5,64,198,245,213,90,0,131,194,197,137,50
2017,4,A,골목상권,2110419,수락산디자인거리,4707,2731,1976,13,365,723,1179,1119,1308,9,149,391,589,624,969,4,216,332,590,495,339
2017,4,A,골목상권,2110418,광운대학교 남단,2040,1128,912,8,225,410,534,580,283,7,70,193,279,360,219,1,155,217,255,220,64
2017,4,A,골목상권,2110417,월계역 3번,1416,708,708,3,162,211,391,433,216,3,65,114,197,208,121,0,97,97,194,225,95
2017,4,A,골목상권,2110416,노원초등학교,3016,1760,1256,14,218,431,722,683,948,11,103,252,339,363,692,3,115,179,383,320,256
2017,4,A,골목상권,2110415,수락산역 4번,4662,2312,2350,12,466,875,1251,1090,968,8,212,489,596,506,501,4,254,386,655,584,467
2017,4,A,골목상권,2110414,장석교회,1250,762,488,3,111,185,278,378,295,2,33,86,157,244,240,1,78,99,121,134,55
2017,4,A,골목상권,2110413,누원고등학교,1546,663,883,2,123,211,365,481,364,2,41,103,130,190,197,0,82,108,235,291,167
2017,4,A,골목상권,2110412,창동중학교,1829,1339,490,7,106,190,321,669,536,3,41,72,184,529,510,4,65,118,137,140,26
2017,4,A,골목상권,2110411,도봉역 3번,3561,1967,1594,7,328,652,929,901,744,4,140,302,499,522,500,3,188,350,430,379,244
2017,4,A,골목상권,2110410,방학역 2번,5959,3191,2768,32,572,886,1246,1354,1869,19,235,427,578,665,1267,13,337,459,668,689,602
2017,4,A,골목상권,2110409,창동역 2번,4874,2279,2595,13,630,1223,1311,1261,436,6,172,563,621,668,249,7,458,660,690,593,187
2017,4,A,골목상권,2110408,가인초등학교,3500,1889,1611,10,417,708,884,906,575,3,142,424,476,501,343,7,275,284,408,405,232
2017,4,A,골목상권,2110407,도봉역 2번,4369,2469,1900,14,376,744,1103,1233,899,10,127,326,572,757,677,4,249,418,531,476,222
2017,4,A,골목상권,2110406,도봉산역 1번,1818,1211,607,3,114,211,497,645,348,3,52,129,315,473,239,0,62,82,182,172,109
2017,4,A,골목상권,2110405,방학역 1번,3255,1754,1501,28,374,556,795,900,602,16,157,289,402,484,406,12,217,267,393,416,196
2017,4,A,골목상권,2110404,신창초등학교,2827,1347,1480,25,292,468,769,847,426,11,91,187,313,460,285,14,201,281,456,387,141
2017,4,A,골목상권,2110403,방학1동주민센터,3434,1708,1726,15,437,650,889,909,534,5,187,360,442,436,278,10,250,290,447,473,256
2017,4,A,골목상권,2110402,도봉구 정병원,3349,1528,1821,12,409,592,853,906,577,1,132,319,393,395,288,11,277,273,460,511,289
2017,4,A,골목상권,2110401,도봉구민회관,3109,1568,1541,10,349,595,712,787,656,5,119,318,330,360,436,5,230,277,382,427,220
2017,4,A,골목상권,2110400,도봉구보건소,3866,1832,2034,13,489,752,1004,999,609,5,162,409,472,458,326,8,327,343,532,541,283
2017,4,A,골목상권,2110399,창2동주민센터,2244,993,1251,27,247,401,632,625,312,9,77,177,247,290,193,18,170,224,385,335,119
2017,4,A,골목상권,2110398,쌍문2동우체국,3483,1724,1759,13,387,685,797,911,690,7,138,351,357,419,452,6,249,334,440,492,238
2017,4,A,골목상권,2110397,도봉산입구,2332,1267,1065,4,200,341,595,727,465,3,74,166,288,430,306,1,126,175,307,297,159
2017,4,A,골목상권,2110396,쌍문역1번(쌍리단길),2315,954,1361,25,405,494,572,550,269,8,113,217,239,233,144,17,292,277,333,317,125
2017,4,A,골목상권,2110395,신한은행 방학동지점,1399,546,853,3,146,234,361,371,284,0,46,104,133,140,123,3,100,130,228,231,161
2017,4,A,골목상권,2110394,방학중학교,1896,736,1160,5,212,367,510,511,291,2,69,175,188,176,126,3,143,192,322,335,165
2017,4,A,골목상권,2110393,국민은행방학지점,1147,383,764,4,111,201,318,310,203,1,17,71,108,106,80,3,94,130,210,204,123
2017,4,A,골목상권,2110392,발바닥공원,715,232,483,2,76,117,197,166,157,1,12,39,52,56,72,1,64,78,145,110,85
2017,4,A,골목상권,2110391,샘말어린이공원,1120,570,550,2,100,233,279,327,179,2,36,124,120,153,135,0,64,109,159,174,44
2017,4,A,골목상권,2110390,방학초등학교,2013,681,1332,4,200,357,542,590,320,1,55,140,183,174,128,3,145,217,359,416,192
2017,4,A,골목상권,2110389,한일병원,2416,1194,1222,7,493,556,558,556,246,2,139,286,261,323,183,5,354,270,297,233,63
2017,4,A,골목상권,2110388,도봉우체국,1985,818,1167,5,467,485,500,398,130,3,124,222,185,193,91,2,343,263,315,205,39
2017,4,A,골목상권,2110387,쌍문초등학교,1836,781,1055,2,329,435,461,419,190,1,82,195,190,190,123,1,247,240,271,229,67
2017,4,A,골목상권,2110386,연산군묘,695,430,265,0,33,63,142,254,203,0,6,24,79,147,174,0,27,39,63,107,29
2017,4,A,골목상권,2110385,효문고등학교,1346,529,817,2,229,227,343,378,167,1,27,81,136,166,118,1,202,146,207,212,49
2017,4,A,골목상권,2110384,문이교,873,423,450,1,91,141,216,259,165,0,22,69,102,117,113,1,69,72,114,142,52
2017,4,A,골목상권,2110383,덕성여대시반거리,1164,406,758,6,228,212,303,297,118,3,35,82,121,108,57,3,193,130,182,189,61
2017,4,A,골목상권,2110382,솔밭공원역 1번,1713,669,1044,1,282,289,428,491,222,0,41,113,176,194,145,1,241,176,252,297,77
2017,4,A,골목상권,2110381,번동주공2단지,1672,780,892,5,209,337,409,436,276,3,69,122,181,223,182,2,140,215,228,213,94
2017,4,A,골목상권,2110380,강북문화정보도서관,1118,515,603,15,165,178,284,299,177,10,48,80,125,155,97,5,117,98,159,144,80
2017,4,A,골목상권,2110379,KT&G 북부지사,1989,1377,612,3,173,269,500,731,313,3,102,138,311,568,255,0,71,131,189,163,58
2017,4,A,골목상권,2110378,송중동주민센터,1533,703,830,7,187,347,453,319,220,2,73,164,193,138,133,5,114,183,260,181,87
2017,4,A,골목상권,2110377,미아사거리역 3번,3119,1235,1884,31,564,807,816,584,317,9,175,324,330,237,160,22,389,483,486,347,157
2017,4,A,골목상권,2110376,수송초등학교,6743,3860,2883,12,673,1474,1722,1952,910,3,252,784,930,1283,608,9,421,690,792,669,302
2017,4,A,골목상권,2110375,서울북부고용노동지청,2628,1651,977,4,238,393,657,895,441,3,119,214,382,631,302,1,119,179,275,264,139
2017,4,A,골목상권,2110374,송중초등학교,3679,1549,2130,13,371,639,877,848,931,4,106,251,380,388,420,9,265,388,497,460,511
2017,4,A,골목상권,2110373,수유역 2번,7298,3896,3402,21,935,1615,1742,1846,1139,7,326,860,905,1127,671,14,609,755,837,719,468
2017,4,A,골목상권,2110372,강북중학교,1784,859,925,7,212,368,491,457,249,0,73,186,223,215,162,7,139,182,268,242,87
2017,4,A,골목상권,2110371,삼양입구사거리,2291,1006,1285,14,318,454,602,571,332,4,72,172,258,276,224,10,246,282,344,295,108
2017,4,A,골목상권,2110370,도봉세무서,3257,1359,1898,14,329,533,747,782,852,5,103,221,334,346,350,9,226,312,413,436,502
2017,4,A,골목상권,2110369,성신여대운정그린캠퍼스,5775,3089,2686,23,759,1136,1356,1376,1125,3,258,628,767,775,658,20,501,508,589,601,467
2017,4,A,골목상권,2110368,송천초등학교,2035,800,1235,17,325,439,567,450,237,6,72,149,232,180,161,11,253,290,335,270,76
2017,4,A,골목상권,2110367,강북구청,7490,3883,3607,19,991,1653,1750,1742,1335,6,358,879,925,1026,689,13,633,774,825,716,646
2017,4,A,골목상권,2110366,광산사거리,4222,2136,2086,2,409,918,1002,1077,814,1,136,451,504,645,399,1,273,467,498,432,415
2017,4,A,골목상권,2110365,미아역 5번,2640,1166,1474,11,356,574,692,622,385,9,114,239,301,289,214,2,242,335,391,333,171
2017,4,A,골목상권,2110364,미아역 8번,2436,1031,1405,14,336,506,654,580,346,3,103,189,299,255,182,11,233,317,355,325,164
2017,4,A,골목상권,2110363,송천동주민센터,1372,552,820,7,181,303,391,315,175,5,53,134,149,115,96,2,128,169,242,200,79
2017,4,A,골목상권,2110362,우이천 계성교,2519,1128,1391,2,430,504,619,627,337,0,108,273,286,284,177,2,322,231,333,343,160
2017,4,A,골목상권,2110361,삼양사거리역 1번,1392,626,766,6,163,257,358,366,242,4,49,129,147,169,128,2,114,128,211,197,114
2017,4,A,골목상권,2110360,수유초등학교,4001,1865,2136,18,485,605,923,1077,893,5,153,288,393,474,552,13,332,317,530,603,341
2017,4,A,골목상권,2110359,수유시장옆,6887,3369,3518,19,815,1324,1573,1653,1503,5,281,611,742,910,820,14,534,713,831,743,683
2017,4,A,골목상권,2110358,인수동 우편취급국,4489,2190,2299,19,573,713,1019,1137,1028,5,176,351,482,549,627,14,397,362,537,588,401
2017,4,A,골목상권,2110357,가오리역 1번,1830,828,1002,1,270,377,439,443,300,0,91,194,199,206,138,1,179,183,240,237,162
2017,4,A,골목상권,2110356,덕수교,1891,792,1099,10,297,368,488,495,233,4,60,179,209,221,119,6,237,189,279,274,114
2017,4,A,골목상권,2110355,삼양사거리역 2번,1837,713,1124,5,235,358,491,471,277,4,53,145,177,191,143,1,182,213,314,280,134
2017,4,A,골목상권,2110354,삼각산119안전센터,919,303,616,4,124,203,286,213,89,1,23,77,84,69,49,3,101,126,202,144,40
2017,4,A,골목상권,2110353,수유동우체국,2009,813,1196,9,313,366,492,523,306,3,66,173,218,221,132,6,247,193,274,302,174
2017,4,A,골목상권,2110352,수유1동주민센터,2270,1124,1146,8,228,415,718,660,241,6,61,172,350,379,156,2,167,243,368,281,85
2017,4,A,골목상권,2110351,수유북부시장옆,2073,1182,891,9,139,266,565,744,350,7,41,141,334,434,225,2,98,125,231,310,125
2017,4,A,골목상권,2110350,가오리역 2번,2282,936,1346,1,239,479,564,634,365,0,60,198,226,240,212,1,179,281,338,394,153
2017,4,A,골목상권,2110349,화계역 2번,1680,1048,632,5,132,269,495,554,225,4,36,117,299,405,187,1,96,152,196,149,38
2017,4,A,골목상권,2110348,강북문화예술회관,2491,943,1548,2,307,565,666,622,329,1,87,222,262,217,154,1,220,343,404,405,175
2017,4,A,골목상권,2110347,구세군강북종합사회복지관,756,265,491,1,116,194,215,157,73,1,32,63,69,57,43,0,84,131,146,100,30
2017,4,A,골목상권,2110346,4.19민주묘지역 2번,1448,590,858,8,249,279,371,383,158,3,47,127,176,160,77,5,202,152,195,223,81
2017,4,A,골목상권,2110345,솔밭공원역 2번,2270,1088,1182,2,302,327,514,781,344,0,49,132,228,442,237,2,253,195,286,339,107
2017,4,A,골목상권,2110344,화계중학교,1051,684,367,4,71,191,359,358,68,4,13,83,242,280,62,0,58,108,117,78,6
2017,4,A,골목상권,2110343,무너미어린이공원,1878,798,1080,6,197,330,480,500,365,2,63,160,224,180,169,4,134,170,256,320,196
2017,4,A,골목상권,2110342,국립재활원,2055,1118,937,6,177,432,607,615,218,5,48,206,373,362,124,1,129,226,234,253,94
2017,4,A,골목상권,2110341,북한산우이역 2번,894,705,189,1,75,82,133,346,257,0,54,56,92,286,217,1,21,26,41,60,40
2017,4,A,골목상권,2110340,인수중학교,1307,685,622,2,130,185,304,382,304,1,51,81,166,212,174,1,79,104,138,170,130
2017,4,A,골목상권,2110339,국립4.19민주묘지,1155,647,508,3,120,146,253,347,286,1,44,79,157,211,155,2,76,67,96,136,131
2017,4,A,골목상권,2110338,인수초등학교,1793,790,1003,3,210,389,443,478,270,1,61,142,191,230,165,2,149,247,252,248,105
2017,4,A,골목상권,2110337,아카데미하우스,1380,725,655,2,140,201,333,401,303,1,53,88,182,229,172,1,87,113,151,172,131
2017,4,A,골목상권,2110336,석관고등학교,2614,1839,775,1,120,341,472,626,1054,1,53,180,303,462,840,0,67,161,169,164,214
2017,4,A,골목상권,2110335,석계역 7번,4000,2351,1649,4,331,580,818,983,1284,2,106,279,433,572,959,2,225,301,385,411,325
2017,4,A,골목상권,2110334,석관중앙교회,2413,1355,1058,5,226,498,644,674,366,0,59,207,365,458,266,5,167,291,279,216,100
2017,4,A,골목상권,2110333,돌곶이역 5번,3910,2329,1581,11,322,527,733,854,1463,4,108,282,391,474,1070,7,214,245,342,380,393
2017,4,A,골목상권,2110332,돌곶이역 3번,3671,2285,1386,7,304,446,663,831,1420,4,109,245,366,488,1073,3,195,201,297,343,347
2017,4,A,골목상권,2110331,돌곶이역 8번,2657,1240,1417,10,322,543,720,606,456,3,84,234,350,274,295,7,238,309,370,332,161
2017,4,A,골목상권,2110330,돌곶이역 1번,2740,1303,1437,5,309,527,696,652,551,3,89,228,331,305,347,2,220,299,365,347,204
2017,4,A,골목상권,2110329,우리은행체육관,1324,628,696,1,115,229,289,382,308,1,38,107,122,186,174,0,77,122,167,196,134
2017,4,A,골목상권,2110328,상월곡역 3번,2066,1028,1038,0,264,501,605,465,231,0,89,221,324,241,153,0,175,280,281,224,78
2017,4,A,골목상권,2110327,상월곡역 2번,1609,756,853,0,190,344,498,387,190,0,77,153,226,176,124,0,113,191,272,211,66
2017,4,A,골목상권,2110326,장위동성당,989,451,538,2,77,219,299,243,149,2,24,98,114,118,95,0,53,121,185,125,54
2017,4,A,골목상권,2110325,장곡초등학교,1213,520,693,14,141,225,329,318,186,9,42,107,134,141,87,5,99,118,195,177,99
2017,4,A,골목상권,2110324,월곡역 4번,4006,2356,1650,4,797,1129,903,748,425,2,394,699,548,447,266,2,403,430,355,301,159
2017,4,A,골목상권,2110323,상월곡역 1번,4190,2378,1812,3,879,1075,925,847,461,1,386,645,530,511,305,2,493,430,395,336,156
2017,4,A,골목상권,2110322,장위1동주민센터,966,433,533,14,117,140,253,264,178,9,43,73,107,110,91,5,74,67,146,154,87
2017,4,A,골목상권,2110321,동덕여대,2127,912,1215,3,338,385,535,524,342,1,76,175,237,226,197,2,262,210,298,298,145
2017,4,A,골목상권,2110320,KB국민은행 종암동지점,3221,1881,1340,9,453,678,928,814,339,3,171,317,594,556,240,6,282,361,334,258,99
2017,4,A,골목상권,2110319,종암동주민센터,2982,1441,1541,10,422,675,783,773,319,2,150,345,412,390,142,8,272,330,371,383,177
2017,4,A,골목상권,2110318,KT월곡지사,4511,2404,2107,15,686,1071,1249,1065,425,3,263,592,711,607,228,12,423,479,538,458,197
2017,4,A,골목상권,2110317,종암중학교,3135,1853,1282,9,481,662,883,785,315,4,190,300,573,559,227,5,291,362,310,226,88
2017,4,A,골목상권,2110316,숭곡초등학교,5232,2444,2788,29,850,1232,1411,1108,602,11,330,577,668,526,332,18,520,655,743,582,270
2017,4,A,골목상권,2110315,종암아이파크2차,1808,671,1137,11,265,333,469,463,267,2,80,132,180,158,119,9,185,201,289,305,148
2017,4,A,골목상권,2110314,종암경찰서,2968,1477,1491,10,388,611,820,776,363,2,146,346,424,397,162,8,242,265,396,379,201
2017,4,A,골목상권,2110313,안암역 3번,8259,4173,4086,19,1670,2269,2120,1505,676,7,507,978,1247,963,471,12,1163,1291,873,542,205
2017,4,A,골목상권,2110312,안암역 2번,6373,3081,3292,15,1430,1857,1599,1114,358,5,398,750,932,740,256,10,1032,1107,667,374,102
2017,4,A,골목상권,2110311,종암아이파크2차후문,440,112,328,0,39,83,111,124,83,0,12,23,30,21,26,0,27,60,81,103,57
2017,4,A,골목상권,2110310,길음역 10번,1651,616,1035,6,171,282,457,394,341,1,45,120,160,121,169,5,126,162,297,273,172
2017,4,A,골목상권,2110309,대광초등학교,3856,2161,1695,19,526,919,993,815,584,5,187,535,589,475,370,14,339,384,404,340,214
2017,4,A,골목상권,2110308,길음역 8번,2582,969,1613,18,322,484,732,588,438,8,84,199,250,207,221,10,238,285,482,381,217
2017,4,A,골목상권,2110307,길음역 7번,2183,825,1358,18,276,355,587,538,409,6,69,156,218,181,195,12,207,199,369,357,214
2017,4,A,골목상권,2110306,미아초등학교,1393,539,854,10,208,313,439,272,151,3,62,127,153,109,85,7,146,186,286,163,66
2017,4,A,골목상권,2110305,보문역 5번,6350,2722,3628,23,1396,1809,1499,1076,547,6,336,707,752,577,344,17,1060,1102,747,499,203
2017,4,A,골목상권,2110304,보문역 4번,8984,4181,4803,16,1655,2520,2278,1855,660,7,431,978,1178,1170,417,9,1224,1542,1100,685,243
2017,4,A,골목상권,2110303,성신여대입구역 1번,7762,3021,4741,21,1934,2141,1785,1270,611,12,415,803,837,628,326,9,1519,1338,948,642,285
2017,4,A,골목상권,2110302,보문역 8번,2628,1296,1332,16,383,572,630,600,427,4,120,287,324,303,258,12,263,285,306,297,169
2017,4,A,골목상권,2110301,성신여대입구역 7번,3836,1669,2167,17,702,845,892,795,585,8,211,370,424,353,303,9,491,475,468,442,282
2017,4,A,골목상권,2110300,삼선동주민센터,12902,5882,7020,28,2463,3242,3077,2771,1321,12,620,1351,1603,1553,743,16,1843,1891,1474,1218,578
2017,4,A,골목상권,2110299,정릉역 1번,2584,992,1592,18,363,612,690,565,336,11,83,223,264,220,191,7,280,389,426,345,145
2017,4,A,골목상권,2110298,솔숲어린이공원,1155,455,700,5,146,262,339,262,141,3,39,96,117,106,94,2,107,166,222,156,47
2017,4,A,골목상권,2110297,경동고등학교,8759,4295,4464,20,1093,1902,2219,2310,1215,11,355,877,1147,1260,645,9,738,1025,1072,1050,570
2017,4,A,골목상권,2110296,성신여대입구역 4번,5784,2476,3308,16,826,1043,1084,1264,1551,6,239,476,516,522,717,10,587,567,568,742,834
2017,4,A,골목상권,2110295,정릉우체국,2048,1068,980,3,222,362,540,567,354,1,68,166,241,347,245,2,154,196,299,220,109
2017,4,A,골목상권,2110294,서경대학교,2676,1476,1200,2,320,468,681,759,446,0,80,220,342,502,332,2,240,248,339,257,114
2017,4,A,골목상권,2110293,삼선중학교,6667,2802,3865,22,849,1289,1465,1440,1602,8,239,580,669,591,715,14,610,709,796,849,887
2017,4,A,골목상권,2110292,정릉역 2번,1060,432,628,3,142,239,315,248,113,1,49,102,115,99,66,2,93,137,200,149,47
2017,4,A,골목상권,2110291,한성대입구역 3번,3388,1579,1809,12,557,728,888,788,415,5,204,321,433,402,214,7,353,407,455,386,201
2017,4,A,골목상권,2110290,북한산보국문역 1번,1736,909,827,2,194,308,454,500,278,2,45,154,238,303,167,0,149,154,216,197,111
2017,4,A,골목상권,2110289,북한산보국문역 2번,1847,962,885,3,198,336,506,516,288,2,58,157,250,303,192,1,140,179,256,213,96
2017,4,A,골목상권,2110288,동구여중,2776,1244,1532,26,448,787,801,494,220,10,138,329,364,262,141,16,310,458,437,232,79
2017,4,A,골목상권,2110287,정릉3동주민센터,1076,640,436,2,101,188,331,323,131,2,28,86,214,214,96,0,73,102,117,109,35
2017,4,A,골목상권,2110286,한성대입구역 5번,3687,1828,1859,30,545,972,1008,743,389,10,163,405,514,461,275,20,382,567,494,282,114
2017,4,A,골목상권,2110285,홍대부중,2394,1103,1291,7,332,710,724,429,192,5,103,292,345,234,124,2,229,418,379,195,68
2017,4,A,골목상권,2110284,정릉북한산국립공원입구,927,728,199,0,40,114,289,326,158,0,9,82,234,269,134,0,31,32,55,57,24
2017,4,A,골목상권,2110283,성북초등학교앞,1849,917,932,5,274,485,512,394,179,5,80,219,276,218,119,0,194,266,236,176,60
2017,4,A,골목상권,2110282,국민대학교앞,2433,1480,953,0,325,483,765,616,244,0,91,234,498,459,198,0,234,249,267,157,46
2017,4,A,골목상권,2110281,길상사,983,554,429,8,198,288,206,179,104,3,80,174,127,104,66,5,118,114,79,75,38
2017,4,A,골목상권,2110280,북정마을,2118,1085,1033,13,361,661,515,419,149,3,120,337,297,231,97,10,241,324,218,188,52
2017,4,A,골목상권,2110279,신내역 2번,3787,1959,1828,5,771,1087,877,777,270,3,225,571,507,474,179,2,546,516,370,303,91
2017,4,A,골목상권,2110278,망우본동주민센터,4053,1951,2102,9,563,785,981,1049,666,2,147,306,424,588,484,7,416,479,557,461,182
2017,4,A,골목상권,2110277,러스크서울병원,3843,1901,1942,14,500,701,918,1006,704,3,149,289,431,556,473,11,351,412,487,450,231
2017,4,A,골목상권,2110276,신내IC북측,1955,1432,523,0,219,498,496,561,181,0,142,407,377,389,117,0,77,91,119,172,64
2017,4,A,골목상권,2110275,하나은행 망우동지점,2918,1486,1432,14,335,514,638,818,599,3,97,198,308,465,415,11,238,316,330,353,184
2017,4,A,골목상권,2110274,서일대학교,3008,1582,1426,6,334,505,788,853,522,2,115,225,406,469,365,4,219,280,382,384,157
2017,4,A,골목상권,2110273,장스여성병원,3068,1554,1514,8,368,564,687,828,613,1,98,198,316,487,454,7,270,366,371,341,159
2017,4,A,골목상권,2110272,신내1동주민센터,5646,2749,2897,12,565,1188,1476,1575,830,8,178,498,637,900,528,4,387,690,839,675,302
2017,4,A,골목상권,2110271,신내역 1번,4345,2362,1983,5,797,1156,1015,1029,343,3,251,663,619,613,213,2,546,493,396,416,130
2017,4,A,골목상권,2110270,혜원여고,1671,810,861,5,148,293,428,472,325,4,42,134,198,227,205,1,106,159,230,245,120
2017,4,A,골목상권,2110269,용마문화복지센터,2371,1311,1060,6,259,351,599,726,430,4,98,165,332,403,309,2,161,186,267,323,121
2017,4,A,골목상권,2110268,망우3동주민센터,2341,1392,949,17,217,323,504,602,678,12,110,170,271,322,507,5,107,153,233,280,171
2017,4,A,골목상권,2110267,망우역 2번,3986,1825,2161,20,463,730,1002,1068,703,12,139,301,435,507,431,8,324,429,567,561,272
2017,4,A,골목상권,2110266,면목동우체국,3069,1702,1367,7,286,489,797,983,507,3,86,212,424,599,378,4,200,277,373,384,129
2017,4,A,골목상권,2110265,망우역 1번,5160,2719,2441,34,703,956,1123,1294,1050,17,241,387,566,765,743,17,462,569,557,529,307
2017,4,A,골목상권,2110264,면목역 2번,3243,1501,1742,10,399,539,924,932,439,6,128,237,450,424,256,4,271,302,474,508,183
2017,4,A,골목상권,2110263,면목역 1번,4896,2752,2144,28,643,1073,1350,1014,788,11,311,709,677,499,545,17,332,364,673,515,243
2017,4,A,골목상권,2110262,상봉역 3번,5297,3110,2187,28,738,1185,1400,1096,850,11,354,758,732,626,629,17,384,427,668,470,221
2017,4,A,골목상권,2110261,사가정역 4번,3489,2054,1435,3,369,572,858,1159,528,0,109,244,483,811,407,3,260,328,375,348,121
2017,4,A,골목상권,2110260,면목역 3번,3876,2151,1725,13,526,934,1178,810,415,1,235,618,590,430,277,12,291,316,588,380,138
2017,4,A,골목상권,2110259,사가정역 1번,3088,1517,1571,4,443,651,782,793,415,2,98,259,393,476,289,2,345,392,389,317,126
2017,4,A,골목상권,2110258,면동초등학교,2417,1146,1271,4,378,480,609,598,348,2,81,198,290,326,249,2,297,282,319,272,99
2017,4,A,골목상권,2110257,상봉역 7번,3307,1909,1398,14,390,567,780,928,628,11,130,255,402,610,501,3,260,312,378,318,127
2017,4,A,골목상권,2110256,면목2동체육관,5288,2902,2386,16,662,1237,1576,1172,625,2,290,766,806,627,411,14,372,471,770,545,214
2017,4,A,골목상권,2110255,상봉역 4번,6503,3587,2916,25,885,1488,1811,1419,875,6,359,889,930,818,585,19,526,599,881,601,290
2017,4,A,골목상권,2110254,오거리공원,2445,1396,1049,1,253,469,668,783,271,0,81,205,370,539,201,1,172,264,298,244,70
2017,4,A,골목상권,2110253,중곡초등학교,2011,1168,843,7,218,340,521,648,277,2,71,146,304,459,186,5,147,194,217,189,91
2017,4,A,골목상권,2110252,장안제일시장,2434,1332,1102,1,344,482,627,593,387,1,90,222,345,378,296,0,254,260,282,215,91
2017,4,A,골목상권,2110251,장안중학교,2496,1261,1235,6,273,417,654,702,444,5,86,168,280,388,334,1,187,249,374,314,110
2017,4,A,골목상권,2110250,화랑대역 7번,1998,847,1151,2,188,436,550,533,289,0,64,201,224,212,146,2,124,235,326,321,143
2017,4,A,골목상권,2110249,중화역 1번,3597,1743,1854,7,381,675,910,806,818,6,131,298,420,336,552,1,250,377,490,470,266
2017,4,A,골목상권,2110248,먹골파출소,1366,625,741,6,185,332,382,318,143,1,64,179,162,127,92,5,121,153,220,191,51
2017,4,A,골목상권,2110247,먹골역 1번,2665,1297,1368,13,385,621,713,596,337,7,120,321,349,295,205,6,265,300,364,301,132
2017,4,A,골목상권,2110246,월드순복음교회,3138,1652,1486,14,383,596,749,810,586,5,129,288,397,457,376,9,254,308,352,353,210
2017,4,A,골목상권,2110245,KB국민은행 중화동지점,2437,1329,1108,12,241,417,631,644,492,7,91,206,320,371,334,5,150,211,311,273,158
2017,4,A,골목상권,2110244,중화역 4번,4214,2578,1636,6,339,557,757,786,1769,5,125,249,346,336,1517,1,214,308,411,450,252
2017,4,A,골목상권,2110243,중랑노인종합복지관,2618,1373,1245,6,293,492,667,718,442,1,95,228,346,396,307,5,198,264,321,322,135
2017,4,A,골목상권,2110242,면목5동주민센터,1518,960,558,1,129,245,372,465,306,0,62,130,228,308,232,1,67,115,144,157,74
2017,4,A,골목상권,2110241,먹골역 5번,3258,1631,1627,11,360,657,805,739,686,7,113,315,392,345,459,4,247,342,413,394,227
2017,4,A,골목상권,2110240,태릉시장 특화거리,2832,1835,997,9,207,332,491,482,1311,5,90,166,207,204,1163,4,117,166,284,278,148
2017,4,A,골목상권,2110239,중랑역 2번,955,452,503,8,144,177,214,203,209,4,52,91,99,102,104,4,92,86,115,101,105
2017,4,A,골목상권,2110238,배꽃어린이공원,2709,2010,699,6,162,248,322,369,1602,4,66,137,183,192,1428,2,96,111,139,177,174
2017,4,A,골목상권,2110237,메가박스 상봉,5283,3265,2018,30,709,1189,1419,1379,557,18,292,728,925,962,340,12,417,461,494,417,217
2017,4,A,골목상권,2110236,신묵초등학교,3285,1721,1564,12,382,641,818,728,704,8,123,329,421,366,474,4,259,312,397,362,230
2017,4,A,골목상권,2110235,세화어린이공원,1729,1334,395,1,64,115,200,244,1105,1,34,63,79,95,1062,0,30,52,121,149,43
2017,4,A,골목상권,2110234,중랑역 4번,4532,3106,1426,28,573,1045,1261,1151,474,18,270,720,908,889,301,10,303,325,353,262,173
2017,4,A,골목상권,2110233,중랑역 1번,4234,2834,1400,28,562,981,1187,1069,407,19,260,667,822,823,243,9,302,314,365,246,164
2017,4,A,골목상권,2110232,동대부고,4324,2249,2075,11,656,953,1117,1036,551,2,311,498,551,533,354,9,345,455,566,503,197
2017,4,A,골목상권,2110231,장안교,2183,1292,891,1,331,490,595,510,256,0,202,279,331,294,186,1,129,211,264,216,70
2017,4,A,골목상권,2110230,장안현대홈타운1차아파트,5347,2532,2815,30,793,1271,1443,1155,655,6,274,595,723,538,396,24,519,676,720,617,259
2017,4,A,골목상권,2110229,장평중학교,10487,6365,4122,41,1539,2478,2499,2103,1827,19,708,1492,1532,1267,1347,22,831,986,967,836,480
2017,4,A,골목상권,2110228,장안근린공원,7152,3506,3646,28,1064,1571,1883,1693,913,8,457,805,899,811,526,20,607,766,984,882,387
2017,4,A,골목상권,2110227,답십리공원,2892,1324,1568,5,396,598,763,764,366,3,151,310,331,348,181,2,245,288,432,416,185
2017,4,A,골목상권,2110226,장안1동주민센터,11167,6178,4989,63,1567,2380,2724,2442,1991,23,655,1288,1598,1348,1266,40,912,1092,1126,1094,725
2017,4,A,골목상권,2110225,촬영소사거리,3565,2136,1429,11,431,759,956,840,568,7,228,479,606,480,336,4,203,280,350,360,232
2017,4,A,골목상권,2110224,외대앞역 2번,913,403,510,6,125,176,243,197,166,5,44,89,101,85,79,1,81,87,142,112,87
2017,4,A,골목상권,2110223,군자초등학교,11636,7247,4389,63,2000,2605,2434,2178,2356,21,960,1669,1576,1367,1654,42,1040,936,858,811,702
2017,4,A,골목상권,2110222,회기역 2번,1390,647,743,7,280,283,296,216,308,2,78,144,147,89,187,5,202,139,149,127,121
2017,4,A,골목상권,2110221,의릉,1219,564,655,4,167,290,354,278,126,0,41,106,187,148,82,4,126,184,167,130,44
2017,4,A,골목상권,2110220,외대앞역 1번,5676,2994,2682,11,662,1425,1717,1255,606,5,191,582,949,828,439,6,471,843,768,427,167
2017,4,A,골목상권,2110219,삼육보건대학교,5153,2368,2785,13,948,1194,1185,1099,714,3,272,526,587,545,435,10,676,668,598,554,279
2017,4,A,골목상권,2110218,답십리사거리,2045,1060,985,8,275,387,546,495,334,5,122,206,295,248,184,3,153,181,251,247,150
2017,4,A,골목상권,2110217,자동차부품상가,27943,22273,5670,44,3241,4847,9505,8115,2191,31,1996,3603,7955,6963,1725,13,1245,1244,1550,1152,466
2017,4,A,골목상권,2110216,전농중학교,1935,834,1101,4,266,497,524,436,208,1,73,199,220,200,141,3,193,298,304,236,67
2017,4,A,골목상권,2110215,회기역 1번,4435,2305,2130,7,629,1099,1235,866,599,1,179,447,690,533,455,6,450,652,545,333,144
2017,4,A,골목상권,2110214,경희대후문,7977,3755,4222,7,1320,2332,2159,1598,561,3,345,907,1095,963,442,4,975,1425,1064,635,119
2017,4,A,골목상권,2110213,청량초등학교,6425,2770,3655,10,1217,1927,1673,1158,440,3,312,761,780,596,318,7,905,1166,893,562,122
2017,4,A,골목상권,2110212,답십리초등학교,4771,2414,2357,15,791,1121,1242,951,651,11,346,643,603,441,370,4,445,478,639,510,281
2017,4,A,골목상권,2110211,전곡마을마당공원,3510,1894,1616,6,425,868,933,851,427,3,166,392,532,511,290,3,259,476,401,340,137
2017,4,A,골목상권,2110210,서울시립대,4093,2185,1908,18,568,1026,1070,944,467,7,213,477,602,568,318,11,355,549,468,376,149
2017,4,A,골목상권,2110209,답십리 장령당공원,1740,1024,716,5,193,353,471,374,344,2,98,196,274,190,264,3,95,157,197,184,80
2017,4,A,골목상권,2110208,시조사삼거리,2447,1210,1237,7,374,605,645,543,273,2,124,299,357,275,153,5,250,306,288,268,120
2017,4,A,골목상권,2110207,시립대앞사거리,3806,2113,1693,54,666,921,924,780,461,35,300,433,529,490,326,19,366,488,395,290,135
2017,4,A,골목상권,2110206,텃골근린공원,1759,859,900,4,229,366,526,420,214,2,86,184,273,202,112,2,143,182,253,218,102
2017,4,A,골목상권,2110205,경희대삼거리,8591,3878,4713,18,1585,2495,2129,1628,736,8,458,1064,1046,847,455,10,1127,1431,1083,781,281
2017,4,A,골목상권,2110204,간데메공원,2375,1275,1100,5,350,509,675,510,326,2,156,283,370,265,199,3,194,226,305,245,127
2017,4,A,골목상권,2110203,떡전교사거리,3914,2158,1756,53,702,931,919,818,491,34,335,542,523,431,293,19,367,389,396,387,198
2017,4,A,골목상권,2110202,전농1동주민센터(전농시장),833,437,396,2,120,146,235,199,131,1,47,80,131,110,68,1,73,66,104,89,63
2017,4,A,골목상권,2110201,전농119안전센터,1107,599,508,2,165,232,317,237,154,1,69,136,184,123,86,1,96,96,133,114,68
2017,4,A,골목상권,2110200,동대문경찰서,2541,1457,1084,2,279,564,628,658,410,1,149,368,384,349,206,1,130,196,244,309,204
2017,4,A,골목상권,2110199,홍릉시장,2929,1752,1177,2,314,646,745,741,481,1,180,427,473,404,267,1,134,219,272,337,214
2017,4,A,골목상권,2110198,동대문중앙새마을금고본점,1234,728,506,1,124,217,289,310,293,1,58,130,189,163,187,0,66,87,100,147,106
2017,4,A,골목상권,2110197,세종대왕기념관교차로,1755,1107,648,3,283,583,367,377,142,2,126,354,250,271,104,1,157,229,117,106,38
2017,4,A,골목상권,2110196,홍릉근린공원,1018,450,568,1,94,194,244,279,206,0,38,95,112,99,106,1,56,99,132,180,100
2017,4,A,골목상권,2110195,동대문구청,6680,3715,2965,11,803,1476,1642,1720,1028,7,339,787,846,1064,672,4,464,689,796,656,356
2017,4,A,골목상권,2110194,홍파초등학교,2728,1581,1147,5,242,514,742,730,495,2,127,306,436,403,307,3,115,208,306,327,188
2017,4,A,골목상권,2110193,고려대역 4번,3645,2307,1338,8,471,855,1006,933,372,3,205,463,681,686,269,5,266,392,325,247,103
2017,4,A,골목상권,2110192,동의보감타워,5608,3150,2458,12,661,1197,1388,1476,874,6,262,624,719,967,572,6,399,573,669,509,302
2017,4,A,골목상권,2110191,고려대역 6번,3567,2216,1351,9,448,679,1056,936,439,2,205,363,687,653,306,7,243,316,369,283,133
2017,4,A,골목상권,2110190,고대앞사거리,4908,2837,2071,21,798,1088,1389,1110,502,8,338,553,851,743,344,13,460,535,538,367,158
2017,4,A,골목상권,2110189,제기동역 1번,5824,3435,2389,18,934,1344,1311,1165,1052,7,363,744,762,769,790,11,571,600,549,396,262
2017,4,A,골목상권,2110188,용두동신동아아파트,12752,8402,4350,47,1815,3127,3207,3111,1445,24,877,2056,2346,2139,960,23,938,1071,861,972,485
2017,4,A,골목상권,2110187,제기동역 6번,9317,5718,3599,27,1741,2704,2212,1497,1136,5,738,1639,1498,1027,811,22,1003,1065,714,470,325
2017,4,A,골목상권,2110186,종암초등학교,1901,992,909,9,339,409,486,378,280,2,133,212,264,201,180,7,206,197,222,177,100
2017,4,A,골목상권,2110185,용두초등학교,13534,6805,6729,66,2141,3933,4312,2244,838,8,801,2237,2085,1136,538,58,1340,1696,2227,1108,300
2017,4,A,골목상권,2110184,용두사거리,9493,5264,4229,68,1996,2809,2289,1340,991,10,685,1579,1437,857,696,58,1311,1230,852,483,295
2017,4,A,골목상권,2110183,한국의류시험연구원,5200,2848,2352,54,1010,1316,1102,858,860,11,344,675,636,538,644,43,666,641,466,320,216
2017,4,A,골목상권,2110182,용두희망어린이공원,5265,2744,2521,56,1015,1356,1257,933,648,12,364,706,728,526,408,44,651,650,529,407,240
2017,4,A,골목상권,2110181,신설동역 9번,19179,10053,9126,103,2725,4829,5455,3635,2432,55,1137,2797,2792,1861,1411,48,1588,2032,2663,1774,1021
2017,4,A,골목상권,2110180,광진정보도서관,5955,3399,2556,50,1226,1737,1461,997,484,28,468,995,1011,572,325,22,758,742,450,425,159
2017,4,A,골목상권,2110179,광나루역 1번,2054,1049,1005,12,286,575,475,404,302,10,95,253,261,209,221,2,191,322,214,195,81
2017,4,A,골목상권,2110178,장로회신학대학교,2472,1318,1154,12,462,581,567,515,335,10,137,337,353,265,216,2,325,244,214,250,119
2017,4,A,골목상권,2110177,동의초등학교,838,355,483,3,113,156,256,217,93,1,39,54,111,96,54,2,74,102,145,121,39
2017,4,A,골목상권,2110176,해오름공원,1609,796,813,3,174,291,432,425,284,1,55,124,202,225,189,2,119,167,230,200,95
2017,4,A,골목상권,2110175,푸른동산공원,10406,5978,4428,31,1003,1904,2864,3133,1471,20,510,1224,1778,1631,815,11,493,680,1086,1502,656
2017,4,A,골목상권,2110174,아차산역 1번,3843,1860,1983,16,455,766,979,997,630,5,165,346,459,481,404,11,290,420,520,516,226
2017,4,A,골목상권,2110173,구남초등학교,14170,8856,5314,75,1411,2790,3927,3843,2124,40,798,1905,2641,2183,1289,35,613,885,1286,1660,835
2017,4,A,골목상권,2110172,광진초등학교,3738,2044,1694,38,483,782,970,949,516,11,185,396,558,553,341,27,298,386,412,396,175
2017,4,A,골목상권,2110171,중곡4동주민센터,1919,1048,871,1,200,375,496,564,283,0,64,188,265,323,208,1,136,187,231,241,75
2017,4,A,골목상권,2110170,동대부여고,8802,5244,3558,7,735,1668,2710,2832,850,5,373,1101,1748,1516,501,2,362,567,962,1316,349
2017,4,A,골목상권,2110169,성동초등학교,8898,5937,2961,41,850,1906,2649,2232,1220,24,476,1227,1876,1465,869,17,374,679,773,767,351
2017,4,A,골목상권,2110168,대원고등학교,2314,1200,1114,2,233,518,602,653,306,0,72,229,314,361,224,2,161,289,288,292,82
2017,4,A,골목상권,2110167,용마초등학교,5184,2744,2440,9,645,1084,1369,1246,831,2,258,570,697,666,551,7,387,514,672,580,280
2017,4,A,골목상권,2110166,구의1동주민센터,13994,8345,5649,26,1826,3434,3836,3542,1330,11,675,1813,2533,2416,897,15,1151,1621,1303,1126,433
2017,4,A,골목상권,2110165,국립정신건강센터,3405,1694,1711,4,357,728,945,928,443,1,107,325,466,483,312,3,250,403,479,445,131
2017,4,A,골목상권,2110164,아차산역 5번,4074,2099,1975,20,604,931,990,912,617,6,239,469,510,471,404,14,365,462,480,441,213
2017,4,A,골목상권,2110163,성자초등학교,4957,3406,1551,11,417,1008,1543,1423,555,10,240,686,1156,939,375,1,177,322,387,484,180
2017,4,A,골목상권,2110162,군자역 4번,4976,2565,2411,11,729,1132,1317,1119,668,3,290,594,672,559,447,8,439,538,645,560,221
2017,4,A,골목상권,2110161,중곡역 3번,3561,1896,1665,10,410,742,876,1039,484,2,143,334,448,651,318,8,267,408,428,388,166
2017,4,A,골목상권,2110160,광진경찰서,5027,2342,2685,12,998,1684,1216,825,292,7,296,751,651,460,177,5,702,933,565,365,115
2017,4,A,골목상권,2110159,구의역 4번,17918,10347,7571,47,2501,4156,4624,4347,2243,21,848,2038,2880,2884,1676,26,1653,2118,1744,1463,567
2017,4,A,골목상권,2110158,중곡3동주민센터,3387,1939,1448,16,412,704,834,961,460,4,148,362,461,651,313,12,264,342,373,310,147
2017,4,A,골목상권,2110157,자양동우체국,2065,950,1115,9,313,450,500,469,324,7,104,199,225,220,195,2,209,251,275,249,129
2017,4,A,골목상권,2110156,군자역 5번,8147,4255,3892,25,1471,1909,2065,1835,842,6,618,1116,1129,839,547,19,853,793,936,996,295
2017,4,A,골목상권,2110155,광진구청,13249,7509,5740,39,2077,3419,3213,2894,1607,18,700,1623,1937,2023,1208,21,1377,1796,1276,871,399
2017,4,A,골목상권,2110154,광진정말공원,4190,2101,2089,18,607,877,1022,939,727,11,226,412,469,471,512,7,381,465,553,468,215
2017,4,A,골목상권,2110153,중곡1동주민센터,5287,3156,2131,12,686,1206,1412,1216,755,3,300,762,869,720,502,9,386,444,543,496,253
2017,4,A,골목상권,2110152,중곡어린이공원,2790,1654,1136,12,347,615,638,551,627,5,137,327,318,317,550,7,210,288,320,234,77
2017,4,A,골목상권,2110151,자양한강도서관,2493,1183,1310,5,317,503,630,598,440,3,107,229,258,283,303,2,210,274,372,315,137
2017,4,A,골목상권,2110150,중곡1동 마을마당,5655,3498,2157,21,648,1286,1415,1205,1080,8,286,805,863,705,831,13,362,481,552,500,249
2017,4,A,골목상권,2110149,세종대학교,4131,1875,2256,15,874,911,1020,964,347,3,325,459,494,385,209,12,549,452,526,579,138
2017,4,A,골목상권,2110148,어린이대공원역 3번,4506,1988,2518,22,1114,1408,1025,706,231,3,337,556,525,398,169,19,777,852,500,308,62
2017,4,A,골목상권,2110147,능동우편취급국,7916,4263,3653,29,1387,1882,2056,1747,815,7,613,1124,1157,865,497,22,774,758,899,882,318
2017,4,A,골목상권,2110146,신자초등학교,2256,1030,1226,1,248,451,605,556,395,1,87,185,249,229,279,0,161,266,356,327,116
2017,4,A,골목상권,2110145,장안초등학교,2755,1571,1184,6,499,594,739,637,280,1,221,328,448,375,198,5,278,266,291,262,82
2017,4,A,골목상권,2110144,어린이대공원역 4번,5391,2444,2947,20,1254,1613,1261,889,354,3,388,668,648,479,258,17,866,945,613,410,96
2017,4,A,골목상권,2110143,뚝섬유원지역 1번,1395,562,833,9,144,232,339,351,320,4,50,100,156,119,133,5,94,132,183,232,187
2017,4,A,골목상권,2110142,화양사거리,7538,4430,3108,106,1714,2011,1764,1222,721,45,845,1337,1077,644,482,61,869,674,687,578,239
2017,4,A,골목상권,2110141,건대입구역 1번,7680,4858,2822,38,1608,2067,1701,1362,904,24,898,1451,1136,762,587,14,710,616,565,600,317
2017,4,A,골목상권,2110140,건대입구역 6번,10878,6541,4337,65,2009,2759,2563,2099,1383,37,1015,1816,1624,1189,860,28,994,943,939,910,523
2017,4,A,골목상권,2110139,자양4동주민센터,2786,1469,1317,15,328,539,646,695,563,5,147,300,356,343,318,10,181,239,290,352,245
2017,4,A,골목상권,2110138,송정체육공원,8144,4889,3255,106,1928,2224,1833,1277,776,43,959,1512,1105,718,552,63,969,712,728,559,224
2017,4,A,골목상권,2110137,성수초등학교,30935,19240,11695,298,6166,8309,7672,5341,3149,174,3024,5469,4942,3356,2275,124,3142,2840,2730,1985,874
2017,4,A,골목상권,2110136,경수초등학교,57816,28249,29567,340,9648,14501,17581,12830,2916,229,5591,10119,7021,3278,2011,111,4057,4382,10560,9552,905
2017,4,A,골목상권,2110135,성동세무서,15147,9611,5536,198,2936,4105,3889,2668,1351,104,1421,2683,2563,1799,1041,94,1515,1422,1326,869,310
2017,4,A,골목상권,2110134,성수119안전센터,36711,15150,21561,193,5404,8558,12495,9342,719,138,3474,6141,3718,1187,492,55,1930,2417,8777,8155,227
2017,4,A,골목상권,2110133,서울교통공사,28321,22899,5422,77,3518,5107,9578,8016,2025,36,2132,3818,8231,7031,1651,41,1386,1289,1347,985,374
2017,4,A,골목상권,2110132,성수2가3동주민센터,12756,7429,5327,104,2512,3604,3386,2013,1137,40,1029,2115,2072,1330,843,64,1483,1489,1314,683,294
2017,4,A,골목상권,2110131,성수동카페거리,67581,32010,35571,555,13828,18466,19227,13263,2242,282,7228,12394,7743,2924,1439,273,6600,6072,11484,10339,803
2017,4,A,골목상권,2110130,답십리역 6번,4267,2244,2023,11,725,1092,1054,816,569,7,328,619,523,395,372,4,397,473,531,421,197
2017,4,A,골목상권,2110129,성원어린이공원,13920,8200,5720,106,2820,4125,3582,2098,1189,40,1155,2538,2247,1370,850,66,1665,1587,1335,728,339
2017,4,A,골목상권,2110128,성원중학교,37692,15698,21994,244,5530,8703,12693,9730,792,154,3500,6203,3799,1480,562,90,2030,2500,8894,8250,230
2017,4,A,골목상권,2110127,성수1가1동주민센터,50972,22035,28937,372,9879,13466,15273,11059,923,197,5524,9195,5036,1466,617,175,4355,4271,10237,9593,306
2017,4,A,골목상권,2110126,서울숲역 1번,20276,10539,9737,149,5196,6502,4568,3016,845,60,2326,3986,2503,1123,541,89,2870,2516,2065,1893,304
2017,4,A,골목상권,2110125,사근동살곶이상점가,7413,3569,3844,8,1491,1877,2065,1459,513,3,384,859,1033,892,398,5,1107,1018,1032,567,115
2017,4,A,골목상권,2110124,뚝섬역교차로,11608,6826,4782,57,2842,3758,2326,1633,992,15,1043,2254,1565,1146,803,42,1799,1504,761,487,189
2017,4,A,골목상권,2110123,마장역 3번,2539,1481,1058,8,263,532,696,699,341,4,112,290,409,401,265,4,151,242,287,298,76
2017,4,A,골목상권,2110122,마장역 2번,2997,1950,1047,7,312,636,834,791,417,4,178,401,551,500,316,3,134,235,283,291,101
2017,4,A,골목상권,2110121,한양대역 4번,7867,3937,3930,19,1614,1958,2126,1552,598,11,452,929,1104,961,480,8,1162,1029,1022,591,118
2017,4,A,골목상권,2110120,서울숲카페거리,3047,1847,1200,10,435,605,652,789,556,3,174,328,394,513,435,7,261,277,258,276,121
2017,4,A,골목상권,2110119,마장지하차도,5464,3178,2286,25,673,1313,1441,1326,686,16,325,700,795,876,466,9,348,613,646,450,220
2017,4,A,골목상권,2110118,왕십리역 9번,3042,1489,1553,31,580,625,685,673,448,20,221,313,310,325,300,11,359,312,375,348,148
2017,4,A,골목상권,2110117,성동구보건소,6956,3715,3241,30,869,1667,1754,1751,885,18,389,888,956,961,503,12,480,779,798,790,382
2017,4,A,골목상권,2110116,청계천박물관,12638,7822,4816,32,1412,2715,3122,3716,1641,21,683,1649,2008,2400,1061,11,729,1066,1114,1316,580
2017,4,A,골목상권,2110115,상왕십리역 3번,9518,4867,4651,35,1616,2284,2430,2088,1065,16,559,1081,1299,1276,636,19,1057,1203,1131,812,429
2017,4,A,골목상권,2110114,왕십리파출소,2762,1277,1485,6,367,669,664,716,340,2,137,378,362,257,141,4,230,291,302,459,199
2017,4,A,골목상권,2110113,응봉산,345,118,227,0,39,57,86,91,72,0,6,13,18,26,55,0,33,44,68,65,17
2017,4,A,골목상권,2110112,행당역 2번,2825,1166,1659,17,484,638,711,664,311,9,139,233,282,315,188,8,345,405,429,349,123
2017,4,A,골목상권,2110111,대현산장미원,154,58,96,0,22,28,49,34,21,0,2,10,14,14,18,0,20,18,35,20,3
2017,4,A,골목상권,2110110,상왕십리역 6번,3906,2044,1862,20,611,864,993,896,522,8,200,446,606,491,293,12,411,418,387,405,229
2017,4,A,골목상권,2110109,금호삼성래미안아파트,981,428,553,5,143,208,231,204,190,1,39,90,97,77,124,4,104,118,134,127,66
2017,4,A,골목상권,2110108,성동구립금호도서관,969,361,608,2,131,246,257,195,138,0,29,76,91,73,92,2,102,170,166,122,46
2017,4,A,골목상권,2110107,금호사거리,886,378,508,4,122,197,200,198,165,1,38,84,93,79,83,3,84,113,107,119,82
2017,4,A,골목상권,2110106,금북초등학교,637,232,405,0,79,155,178,147,78,0,17,42,63,53,57,0,62,113,115,94,21
2017,4,A,골목상권,2110105,금동어린이공원,1676,679,997,4,241,413,389,353,276,1,65,172,158,135,148,3,176,241,231,218,128
2017,4,A,골목상권,2110104,신금호역 4번,1482,585,897,4,231,304,318,368,257,0,54,116,122,146,147,4,177,188,196,222,110
2017,4,A,골목상권,2110103,옥수터널,886,394,492,5,191,220,216,159,95,1,62,102,99,67,63,4,129,118,117,92,32
2017,4,A,골목상권,2110102,옥수역 6번,1463,652,811,11,274,322,385,307,164,1,105,142,159,139,106,10,169,180,226,168,58
2017,4,A,골목상권,2110101,옥정중학교,1176,519,657,6,250,312,264,215,129,2,83,139,112,97,86,4,167,173,152,118,43
2017,4,A,골목상권,2110100,옥수동우편취급국,1003,458,545,5,231,275,210,171,111,2,72,130,95,84,75,3,159,145,115,87,36
2017,4,A,골목상권,2110099,유엔빌리지길,4721,2453,2268,28,1138,1383,1039,663,470,13,452,745,605,370,268,15,686,638,434,293,202
2017,4,A,골목상권,2110098,서울독일학교,3511,1760,1751,24,933,1093,747,420,294,11,353,568,444,227,157,13,580,525,303,193,137
2017,4,A,골목상권,2110097,한남초등학교,5705,2860,2845,36,1638,2009,1257,527,238,11,572,1103,724,298,152,25,1066,906,533,229,86
2017,4,A,골목상권,2110096,한남힐사이드아파트,2763,1586,1177,22,788,1102,533,216,102,9,332,687,366,117,75,13,456,415,167,99,27
2017,4,A,골목상권,2110095,한강진역 3번,10860,5582,5278,67,3025,3912,2305,1035,516,34,1096,2127,1439,604,282,33,1929,1785,866,431,234
2017,4,A,골목상권,2110094,오산중학교,503,262,241,1,37,105,146,124,90,0,12,51,81,63,55,1,25,54,65,61,35
2017,4,A,골목상권,2110093,우사단길,8826,4577,4249,46,2112,3002,1962,1032,672,25,786,1631,1165,594,376,21,1326,1371,797,438,296
2017,4,A,골목상권,2110092,NH농협은행 보광동지점,1391,743,648,5,179,310,367,306,224,1,57,163,202,172,148,4,122,147,165,134,76
2017,4,A,골목상권,2110091,리움미술관,6889,3765,3124,48,1949,2447,1360,638,447,28,823,1364,923,387,240,20,1126,1083,437,251,207
2017,4,A,골목상권,2110090,한국폴리텍대학서울정수캠퍼스,3348,1720,1628,17,736,873,817,594,311,4,228,388,477,395,228,13,508,485,340,199,83
2017,4,A,골목상권,2110089,서빙고동주민센터,3029,1545,1484,17,552,920,908,481,151,0,152,442,504,321,126,17,400,478,404,160,25
2017,4,A,골목상권,2110088,오산고등학교,6519,3470,3049,21,1147,1828,1625,1317,581,6,387,861,879,910,427,15,760,967,746,407,154
2017,4,A,골목상권,2110087,이태원엔틱가구거리,6581,3608,2973,39,1358,1845,1517,1245,577,15,532,961,852,857,391,24,826,884,665,388,186
2017,4,A,골목상권,2110086,이태원역 북측,12842,7178,5664,69,2659,3612,3103,2234,1165,37,1268,2026,1724,1405,718,32,1391,1586,1379,829,447
2017,4,A,골목상권,2110085,경리단길남측,6890,3858,3032,31,1441,1514,1787,1347,770,13,735,876,941,801,492,18,706,638,846,546,278
2017,4,A,골목상권,2110084,경리단길북측,5360,2973,2387,20,885,1131,1592,1188,544,8,405,626,829,740,365,12,480,505,763,448,179
2017,4,A,골목상권,2110083,서빙고역 1번,2910,1491,1419,15,548,874,859,431,183,0,155,418,474,283,161,15,393,456,385,148,22
2017,4,A,골목상권,2110082,용산구청,8793,4857,3936,53,1774,2231,2335,1818,582,21,813,1230,1223,1207,363,32,961,1001,1112,611,219
2017,4,A,골목상권,2110081,해방촌 남동측,3720,2033,1687,9,354,731,1366,975,285,3,177,395,693,580,185,6,177,336,673,395,100
2017,4,A,골목상권,2110080,해방촌예술마을,4719,2412,2307,5,483,872,1554,1450,355,2,177,458,816,770,189,3,306,414,738,680,166
2017,4,A,골목상권,2110079,후암동주민센터,39467,24423,15044,214,8340,13704,11568,4521,1120,127,4702,8700,7759,2596,539,87,3638,5004,3809,1925,581
2017,4,A,골목상권,2110078,이촌동점보아파트,994,391,603,1,122,218,230,218,205,0,36,65,57,88,145,1,86,153,173,130,60
2017,4,A,골목상권,2110077,삼광초등학교,16243,5848,10395,239,6491,2721,2854,2795,1143,19,1120,1653,1638,1026,392,220,5371,1068,1216,1769,751
2017,4,A,골목상권,2110076,삼각지역 14번,7255,5134,2121,2,513,1798,2542,1841,559,0,262,1165,1949,1368,390,2,251,633,593,473,169
2017,4,A,골목상권,2110075,숙대입구역 1번,22511,9310,13201,302,7916,4425,4039,3564,2265,45,1685,2440,2351,1503,1286,257,6231,1985,1688,2061,979
2017,4,A,골목상권,2110074,서울역 12번,51708,29200,22508,565,15524,16630,12246,4595,2148,153,5930,10341,8502,2763,1511,412,9594,6289,3744,1832,637
2017,4,A,골목상권,2110073,삼각지역 3번,23196,11564,11632,170,4605,6412,6788,3793,1428,56,1712,2855,3537,2454,950,114,2893,3557,3251,1339,478
2017,4,A,골목상권,2110072,열정도,20308,9207,11101,914,6942,6172,4044,1558,678,393,2905,2730,1892,864,423,521,4037,3442,2152,694,255
2017,4,A,골목상권,2110071,한강미주맨션아파트,1085,561,524,5,135,282,281,171,211,1,36,134,147,96,147,4,99,148,134,75,64
2017,4,A,골목상권,2110070,용산세무서,5450,4050,1400,3,395,1371,2086,1330,265,2,204,917,1651,1083,193,1,191,454,435,247,72
2017,4,A,골목상권,2110069,숙대입구,16432,8585,7847,912,5898,4147,2607,1762,1106,378,2589,2343,1522,1021,732,534,3309,1804,1085,741,374
2017,4,A,골목상권,2110068,남영역 1번,28276,14078,14198,1008,8964,8873,5731,2506,1194,412,3909,4539,3033,1432,753,596,5055,4334,2698,1074,441
2017,4,A,골목상권,2110067,배문고등학교,11824,5755,6069,34,1857,2742,2500,2633,2058,14,586,1331,1369,1131,1324,20,1271,1411,1131,1502,734
2017,4,A,골목상권,2110066,서울역 15번,7929,4424,3505,19,1057,1752,1511,1756,1834,11,352,860,861,918,1422,8,705,892,650,838,412
2017,4,A,골목상권,2110065,남정초등학교,6419,4352,2067,59,857,2180,1852,866,605,39,527,1584,1287,541,374,20,330,596,565,325,231
2017,4,A,골목상권,2110064,효창공원앞역 2번,6150,3340,2810,28,923,1678,1651,1227,643,14,325,939,975,693,394,14,598,739,676,534,249
2017,4,A,골목상권,2110063,효창공원앞역 5번,10329,6905,3424,111,1444,3391,2960,1462,961,70,831,2379,2076,940,609,41,613,1012,884,522,352
2017,4,A,골목상권,2110062,한강로동땡땡거리(은행나무길),21326,13233,8093,231,8274,5890,3999,1801,1131,69,3854,3857,3328,1410,715,162,4420,2033,671,391,416
2017,4,A,골목상권,2110061,효창동주민센터,3129,1787,1342,10,441,762,923,630,363,4,152,411,574,378,268,6,289,351,349,252,95
2017,4,A,골목상권,2110060,효창공원앞역 6번,2576,1347,1229,5,289,615,730,505,432,2,100,320,418,242,265,3,189,295,312,263,167
2017,4,A,골목상권,2110059,새남터성지,8709,4608,4101,181,4743,1715,1180,534,356,52,1961,1057,982,401,155,129,2782,658,198,133,201
2017,4,A,골목상권,2110058,성심여자고등학교,17506,10676,6830,241,5921,4511,3584,1845,1404,91,2668,3047,2711,1257,902,150,3253,1464,873,588,502
2017,4,A,골목상권,2110057,황학코아루아파트,3744,1935,1809,9,700,886,866,821,462,4,308,480,505,377,261,5,392,406,361,444,201
2017,4,A,골목상권,2110056,신당역 3번,4776,2411,2365,12,845,1170,1130,1038,581,5,355,613,626,476,336,7,490,557,504,562,245
2017,4,A,골목상권,2110055,황학동벼룩시장,7636,4224,3412,28,1850,2564,1762,962,470,7,944,1417,1049,513,294,21,906,1147,713,449,176
2017,4,A,골목상권,2110054,청구역 3번,8913,4310,4603,56,2179,2235,1790,1596,1057,26,846,1290,980,656,512,30,1333,945,810,940,545
2017,4,A,골목상권,2110053,청구역 1번,6546,3021,3525,29,1223,1426,1474,1596,798,9,449,782,769,692,320,20,774,644,705,904,478
2017,4,A,골목상권,2110052,장충초등학교,12815,6371,6444,96,3891,3368,2463,1897,1100,45,1489,1900,1512,880,545,51,2402,1468,951,1017,555
2017,4,A,골목상권,2110051,한양공고앞 교차로,6047,2935,3112,19,1184,1856,1477,1022,489,7,456,891,781,529,271,12,728,965,696,493,218
2017,4,A,골목상권,2110050,약수역 7번,3818,1702,2116,23,803,1005,905,631,451,7,234,458,424,305,274,16,569,547,481,326,177
2017,4,A,골목상권,2110049,장충단 고개,14646,7419,7227,133,4308,3976,2798,2067,1364,65,1662,2313,1760,958,661,68,2646,1663,1038,1109,703
2017,4,A,골목상권,2110048,장충동주민센터,14334,7946,6388,72,3400,4187,3139,2293,1243,28,1294,2411,2172,1337,704,44,2106,1776,967,956,539
2017,4,A,골목상권,2110047,다산성곽길,12440,5841,6599,126,4048,3401,2388,1557,920,63,1455,1673,1284,822,544,63,2593,1728,1104,735,376
2017,4,A,골목상권,2110046,버티고개,6547,3025,3522,47,2083,1905,1392,742,378,23,724,894,736,423,225,24,1359,1011,656,319,153
2017,4,A,골목상권,2110045,동대문역사문화공원역 5번,26240,14435,11805,113,5742,7953,6815,4290,1327,37,2738,5052,4003,1815,790,76,3004,2901,2812,2475,537
2017,4,A,골목상권,2110044,관성묘,25777,13792,11985,139,6446,7925,6406,3815,1046,54,2965,4917,3734,1522,600,85,3481,3008,2672,2293,446
2017,4,A,골목상권,2110043,충무초등학교,17310,10055,7255,76,3211,4822,4529,3051,1621,35,1193,2617,2955,2099,1156,41,2018,2205,1574,952,465
2017,4,A,골목상권,2110042,남산골공원옆,8102,4735,3367,94,1281,1890,2231,1795,811,56,573,1137,1430,1025,514,38,708,753,801,770,297
2017,4,A,골목상권,2110041,남산케이블카,26609,13255,13354,70,4036,9707,7692,4283,821,11,1149,4278,4073,3208,536,59,2887,5429,3619,1075,285
2017,4,A,골목상권,2110040,중구회현체육센터(정화예술대남산캠퍼스),23702,11613,12089,65,3541,8913,7002,3712,469,8,1011,3851,3569,2870,304,57,2530,5062,3433,842,165
2017,4,A,골목상권,2110039,회현역 1번,29308,13991,15317,134,4951,10360,8413,4814,636,69,1620,4559,4156,3189,398,65,3331,5801,4257,1625,238
2017,4,A,골목상권,2110038,경향신문사,47049,26706,20343,117,9275,15428,13593,7827,809,8,2962,7971,8627,6498,640,109,6313,7457,4966,1329,169
2017,4,A,골목상권,2110037,신설동역 12번,5513,2772,2741,54,643,884,1080,1250,1602,10,216,482,548,559,957,44,427,402,532,691,645
2017,4,A,골목상권,2110036,동묘앞역 3번,4862,2696,2166,69,708,892,1000,1039,1154,44,343,525,576,542,666,25,365,367,424,497,488
2017,4,A,골목상권,2110035,동묘앞역 2번,6810,3275,3535,35,792,1193,1485,1559,1746,9,281,554,658,696,1077,26,511,639,827,863,669
2017,4,A,골목상권,2110034,창신1동주민센터,8906,4764,4142,40,2045,2952,2101,1115,653,14,1041,1577,1147,579,406,26,1004,1375,954,536,247
2017,4,A,골목상권,2110033,창신역 4번,2362,1217,1145,8,211,377,462,498,806,2,71,151,209,230,554,6,140,226,253,268,252
2017,4,A,골목상권,2110032,수족관거리,8232,4322,3910,37,1913,2775,1928,1003,576,16,999,1455,1008,499,345,21,914,1320,920,504,231
2017,4,A,골목상권,2110031,창신역 1번,933,409,524,2,96,228,262,239,106,0,25,85,115,108,76,2,71,143,147,131,30
2017,4,A,골목상권,2110030,동대문역 3번,2903,1222,1681,26,445,701,788,579,364,11,128,279,304,267,233,15,317,422,484,312,131
2017,4,A,골목상권,2110029,동대문역 1번,8588,5171,3417,26,1403,2445,2228,1663,823,10,758,1583,1324,979,517,16,645,862,904,684,306
2017,4,A,골목상권,2110028,이화달팽이길,7746,4173,3573,41,1322,2189,1974,1463,757,13,461,1094,1157,951,497,28,861,1095,817,512,260
2017,4,A,골목상권,2110027,혜화역 1번,15063,5141,9922,42,3857,5323,3173,2089,579,18,888,1629,1290,977,339,24,2969,3694,1883,1112,240
2017,4,A,골목상권,2110026,종로5가역 4번,8960,5623,3337,30,1441,2568,2370,1687,864,12,829,1724,1417,1041,600,18,612,844,953,646,264
2017,4,A,골목상권,2110025,충신시장옆,12133,7298,4835,61,1983,3577,3360,2305,847,14,703,1936,2268,1771,606,47,1280,1641,1092,534,241
2017,4,A,골목상권,2110024,혜회동주민센터,2510,1320,1190,22,377,538,619,548,406,4,117,245,335,320,299,18,260,293,284,228,107
2017,4,A,골목상권,2110023,서울대병원,17301,6826,10475,58,4092,6233,3865,2365,688,17,983,2177,1929,1276,444,41,3109,4056,1936,1089,244
2017,4,A,골목상권,2110022,경신고등학교,3991,2206,1785,14,579,949,1043,896,510,7,188,444,632,563,372,7,391,505,411,333,138
2017,4,A,골목상권,2110021,성균관대학교,14003,4861,9142,26,3440,4954,2926,1966,691,7,802,1511,1170,913,458,19,2638,3443,1756,1053,233
2017,4,A,골목상권,2110020,서울국제고등학교,3140,1641,1499,4,411,778,827,705,415,2,127,328,462,424,298,2,284,450,365,281,117
2017,4,A,골목상권,2110019,창덕궁,26666,21134,5532,50,3731,9365,7205,4818,1497,25,2243,7439,6073,4185,1169,25,1488,1926,1132,633,328
2017,4,A,골목상권,2110018,중앙고등학교,26757,21503,5254,42,3621,9850,7442,4779,1023,20,2216,7811,6380,4249,827,22,1405,2039,1062,530,196
2017,4,A,골목상권,2110017,정독도서관,6893,4186,2707,10,1294,2178,1763,1246,402,2,656,1298,1159,836,235,8,638,880,604,410,167
2017,4,A,골목상권,2110016,평창동동측,919,420,499,0,145,218,216,176,164,0,46,100,121,70,83,0,99,118,95,106,81
2017,4,A,골목상권,2110015,청와대사랑채,6854,4473,2381,9,1629,2193,1487,1212,324,1,904,1414,1047,897,210,8,725,779,440,315,114
2017,4,A,골목상권,2110014,경복고등학교,5259,3449,1810,5,1142,1573,1178,1131,230,1,673,994,790,838,153,4,469,579,388,293,77
2017,4,A,골목상권,2110013,체부동홍종문가옥,8125,3700,4425,32,1345,1703,1553,1894,1598,14,649,967,805,593,672,18,696,736,748,1301,926
2017,4,A,골목상권,2110012,성곡미술관,53723,32358,21365,145,8390,15572,14169,9483,5964,57,3340,9432,10063,6031,3435,88,5050,6140,4106,3452,2529
2017,4,A,골목상권,2110011,청운초등학교,1055,409,646,2,166,296,277,240,74,1,45,104,109,105,45,1,121,192,168,135,29
2017,4,A,골목상권,2110010,평창동서측,1411,630,781,8,211,299,312,340,241,4,77,138,146,135,130,4,134,161,166,205,111
2017,4,A,골목상권,2110009,자하문터널,1652,907,745,1,364,514,423,222,128,0,106,280,296,141,84,1,258,234,127,81,44
2017,4,A,골목상권,2110008,배화여자대학교(박노수미술관),8973,4360,4613,34,1353,1765,1702,2422,1697,15,666,995,877,1052,755,19,687,770,825,1370,942
2017,4,A,골목상권,2110007,사직공원(한국사회과학도서관),3726,1981,1745,3,493,983,1045,724,478,1,162,445,545,424,404,2,331,538,500,300,74
2017,4,A,골목상권,2110006,부암동주민센터,465,176,289,1,91,124,97,97,55,0,24,39,39,42,32,1,67,85,58,55,23
2017,4,A,골목상권,2110005,세검정,2324,1059,1265,3,411,515,594,525,276,1,129,223,314,248,144,2,282,292,280,277,132
2017,4,A,골목상권,2110004,대신고등학교,894,408,486,0,119,173,209,243,150,0,31,56,103,115,103,0,88,117,106,128,47
2017,4,A,골목상권,2110003,세검정초등학교,2309,1095,1214,3,373,510,609,530,284,0,123,229,319,269,155,3,250,281,290,261,129
2017,4,A,골목상권,2110002,독립문역 1번,918,275,643,1,177,222,231,187,100,0,28,56,63,61,67,1,149,166,168,126,33
2017,4,A,골목상권,2110001,이북5도청사,685,361,324,2,41,150,191,193,108,0,15,76,102,101,67,2,26,74,89,92,41
2017,3,A,골목상권,2111090,강일동주민센터,1709,1143,566,2,139,270,440,529,329,1,54,151,275,393,269,1,85,119,165,136,60
2017,3,A,골목상권,2111089,상일여고(상일초등학교),11788,9363,2425,5,1699,5062,2747,1666,609,1,1136,4153,2270,1378,425,4,563,909,477,288,184
2017,3,A,골목상권,2111088,고덕동성당,607,289,318,1,59,95,140,183,129,1,24,52,62,83,67,0,35,43,78,100,62
2017,3,A,골목상권,2111087,고덕중학교(고덕2동주민센터),576,224,352,0,37,113,136,208,82,0,9,34,51,88,42,0,28,79,85,120,40
2017,3,A,골목상권,2111086,한영중고,1162,521,641,1,105,231,324,366,135,0,32,81,146,180,82,1,73,150,178,186,53
2017,3,A,골목상권,2111085,묘곡초등학교(고덕아이파크아파트),865,358,507,0,74,147,207,250,187,0,20,50,82,111,95,0,54,97,125,139,92
2017,3,A,골목상권,2111084,길동신동아아파트,894,438,456,0,99,217,220,217,141,0,44,99,97,105,93,0,55,118,123,112,48
2017,3,A,골목상권,2111083,GS강동자이아파트,2609,1488,1121,5,303,636,685,582,398,1,146,395,387,300,259,4,157,241,298,282,139
2017,3,A,골목상권,2111082,중앙보훈병원,3247,1336,1911,7,636,944,789,631,240,1,149,382,359,313,132,6,487,562,430,318,108
2017,3,A,골목상권,2111081,둔촌푸르지오아파트,1638,1028,610,6,195,389,439,359,250,1,103,294,279,196,155,5,92,95,160,163,95
2017,3,A,골목상권,2111080,굽은다리역 3번,3534,1451,2083,6,406,615,830,920,757,2,134,275,368,300,372,4,272,340,462,620,385
2017,3,A,골목상권,2111079,둔촌고등학교(둔촌중학교),4998,2461,2537,8,759,1250,1236,1120,625,2,219,575,609,632,424,6,540,675,627,488,201
2017,3,A,골목상권,2111078,굽은다리역 4번,4405,2316,2089,13,485,871,1073,1019,944,5,185,463,552,524,587,8,300,408,521,495,357
2017,3,A,골목상권,2111077,길동주민센터(강동도서관),9584,4984,4600,18,1289,2345,2242,2115,1575,6,535,1291,1225,953,974,12,754,1054,1017,1162,601
2017,3,A,골목상권,2111076,둔촌2동주민센터,4786,2651,2135,7,775,1263,1041,1019,681,1,314,697,598,573,468,6,461,566,443,446,213
2017,3,A,골목상권,2111075,굽은다리역 2번,3335,1479,1856,7,385,597,732,790,824,3,128,273,314,329,432,4,257,324,418,461,392
2017,3,A,골목상권,2111074,명일역 1번,2089,877,1212,3,219,381,490,571,425,2,64,161,197,222,231,1,155,220,293,349,194
2017,3,A,골목상권,2111073,둔촌동역 1번(한산중학교),7991,4070,3921,15,1193,1990,1834,1866,1093,5,491,1043,942,868,721,10,702,947,892,998,372
2017,3,A,골목상권,2111072,굽은다리역 1번(십자성마을),4654,2462,2192,12,470,943,1033,1126,1070,4,135,480,546,623,674,8,335,463,487,503,396
2017,3,A,골목상권,2111071,천동초등학교,3753,2197,1556,8,407,826,867,832,813,3,132,447,511,521,583,5,275,379,356,311,230
2017,3,A,골목상권,2111070,천호초등학교,2256,1042,1214,8,203,474,541,563,467,4,52,232,229,281,244,4,151,242,312,282,223
2017,3,A,골목상권,2111069,천호1동주민센터,2580,1066,1514,8,247,587,680,638,420,4,72,267,273,253,197,4,175,320,407,385,223
2017,3,A,골목상권,2111068,강동성심병원,5838,2798,3040,16,1064,1508,1305,1164,781,8,347,719,692,511,521,8,717,789,613,653,260
2017,3,A,골목상권,2111067,강동구립성내도서관,10846,5303,5543,24,1857,2807,2419,2175,1564,11,654,1432,1270,960,976,13,1203,1375,1149,1215,588
2017,3,A,골목상권,2111066,암사동성당(효정하나플러스아파트),1868,927,941,9,163,421,500,469,306,4,49,206,241,254,173,5,114,215,259,215,133
2017,3,A,골목상권,2111065,천일초등학교,1283,606,677,1,122,267,324,346,223,0,33,106,133,176,158,1,89,161,191,170,65
2017,3,A,골목상권,2111064,둔촌동역 4번,4347,2370,1977,10,473,878,1000,1110,876,4,201,495,534,598,538,6,272,383,466,512,338
2017,3,A,골목상권,2111063,강동구립 천호도서관,4811,2509,2302,14,599,1062,1184,1111,841,7,205,554,640,596,507,7,394,508,544,515,334
2017,3,A,골목상권,2111062,둔촌동역 3번(성내3동주민센터),7622,4476,3146,9,945,2155,1964,1607,942,2,407,1224,1195,982,666,7,538,931,769,625,276
2017,3,A,골목상권,2111061,암사역 1번,5031,2290,2741,13,605,1037,1337,1301,738,3,209,538,598,493,449,10,396,499,739,808,289
2017,3,A,골목상권,2111060,암사역 2번(서울강동초등학교),4774,2213,2561,16,538,1077,1353,1108,682,7,212,541,641,455,357,9,326,536,712,653,325
2017,3,A,골목상권,2111059,강동역 4번(강풀만화거리),10153,4898,5255,29,1720,2518,2434,1954,1498,14,579,1266,1263,896,880,15,1141,1252,1171,1058,618
2017,3,A,골목상권,2111058,성내중학교,4042,2484,1558,3,384,869,1112,1132,542,2,174,553,682,723,350,1,210,316,430,409,192
2017,3,A,골목상권,2111057,천호공원(해공체육문화센터),2956,1388,1568,3,359,602,783,751,458,1,114,298,368,327,280,2,245,304,415,424,178
2017,3,A,골목상권,2111056,천호태영아파트,4456,2188,2268,17,702,1039,1113,886,699,7,291,561,572,392,365,10,411,478,541,494,334
2017,3,A,골목상권,2111055,선사초등학교,2045,837,1208,6,228,365,492,639,315,1,65,159,172,210,230,5,163,206,320,429,85
2017,3,A,골목상권,2111054,암사역 4번(삼성광나루아파트),2883,1188,1695,6,358,535,660,811,513,1,93,237,252,276,329,5,265,298,408,535,184
2017,3,A,골목상권,2111053,성내천어린이공원(하니사랑길),15754,9681,6073,17,1874,4308,4121,3468,1966,8,794,2514,2535,2391,1439,9,1080,1794,1586,1077,527
2017,3,A,골목상권,2111052,암사역 3번(천호동자전거거리),3258,1585,1673,8,393,695,919,744,499,3,161,368,469,306,278,5,232,327,450,438,221
2017,3,A,골목상권,2111051,천호역 6번,9767,4571,5196,27,1550,2451,2396,2085,1258,8,550,1106,1086,1057,764,19,1000,1345,1310,1028,494
2017,3,A,골목상권,2111050,강동구청(강동구청역 2번),8200,4796,3404,5,948,1930,2025,1849,1443,4,380,1006,1120,1241,1045,1,568,924,905,608,398
2017,3,A,골목상권,2111049,천호지구대(천호동자전거거리),4621,2361,2260,9,606,891,1116,1024,975,3,219,487,581,463,608,6,387,404,535,561,367
2017,3,A,골목상권,2111048,천호역 1번(천호문구완구거리),4015,2037,1978,15,585,765,942,864,844,2,205,404,475,403,548,13,380,361,467,461,296
2017,3,A,골목상권,2111047,마천1치안센터,1142,611,531,1,90,178,279,316,278,1,22,75,112,195,206,0,68,103,167,121,72
2017,3,A,골목상권,2111046,마천역(마천초등학교),2931,1415,1516,2,304,550,816,781,478,1,102,270,365,377,300,1,202,280,451,404,178
2017,3,A,골목상권,2111045,개미어린이공원,1513,649,864,1,178,245,384,446,259,0,55,115,162,170,147,1,123,130,222,276,112
2017,3,A,골목상권,2111044,남천초등학교,2718,1474,1244,5,223,467,681,805,537,3,78,244,346,437,366,2,145,223,335,368,171
2017,3,A,골목상권,2111043,마천공원,2878,1781,1097,5,312,590,719,814,438,3,160,401,434,460,323,2,152,189,285,354,115
2017,3,A,골목상권,2111042,거여역 1번(거여공원),5687,3012,2675,7,686,1317,1526,1370,781,4,308,844,813,600,443,3,378,473,713,770,338
2017,3,A,골목상권,2111041,거여역 8번,1877,1098,779,6,197,508,478,404,284,4,101,323,281,193,196,2,96,185,197,211,88
2017,3,A,골목상권,2111040,거여초등학교,3027,1918,1109,6,346,791,805,754,325,5,194,558,530,420,211,1,152,233,275,334,114
2017,3,A,골목상권,2111039,벌말어린이공원,4079,2471,1608,5,440,1027,1107,1059,441,4,227,692,703,577,268,1,213,335,404,482,173
2017,3,A,골목상권,2111038,보인중학교,3652,2112,1540,2,428,893,936,954,439,1,204,566,567,505,269,1,224,327,369,449,170
2017,3,A,골목상권,2111037,Sh수협은행 오금동금융센터(아랫말어린이공원),2332,1490,842,5,217,523,674,628,285,4,113,352,449,382,190,1,104,171,225,246,95
2017,3,A,골목상권,2111036,투구봉어린이공원,2481,1389,1092,4,341,623,612,519,382,1,137,346,346,285,274,3,204,277,266,234,108
2017,3,A,골목상권,2111035,오금공원(오주중학교),3258,2023,1235,5,303,703,905,902,440,4,148,456,580,541,294,1,155,247,325,361,146
2017,3,A,골목상권,2111034,오동나무공원(송파레미니스1단지),4429,2771,1658,12,526,1170,1201,1063,457,8,287,767,785,607,317,4,239,403,416,456,140
2017,3,A,골목상권,2111033,문정동성당,3866,2306,1560,6,371,621,915,932,1021,5,181,393,540,557,630,1,190,228,375,375,391
2017,3,A,골목상권,2111032,방이역 1번,10107,6187,3920,26,800,1638,1677,1736,4230,6,341,951,1023,973,2893,20,459,687,654,763,1337
2017,3,A,골목상권,2111031,장지동주민센터(한림연예예술고교),6460,3824,2636,14,746,1280,1654,1481,1285,6,357,783,965,876,837,8,389,497,689,605,448
2017,3,A,골목상권,2111030,방이역 2번,7185,4187,2998,21,467,991,1080,1187,3439,6,192,586,599,591,2213,15,275,405,481,596,1226
2017,3,A,골목상권,2111029,오금역 4번,7109,4177,2932,21,947,2041,1925,1467,708,9,470,1208,1146,837,507,12,477,833,779,630,201
2017,3,A,골목상권,2111028,문현중학교(장지역 1번),12908,7763,5145,37,1882,3297,3548,2656,1488,15,822,1995,2134,1662,1135,22,1060,1302,1414,994,353
2017,3,A,골목상권,2111027,문정초등학교,10776,6651,4125,25,1198,1926,2310,2144,3173,15,576,1203,1419,1255,2183,10,622,723,891,889,990
2017,3,A,골목상권,2111026,문정역 2번,13307,8122,5185,36,2017,3474,3503,2625,1652,18,926,2143,2179,1618,1238,18,1091,1331,1324,1007,414
2017,3,A,골목상권,2111025,경찰병원역 3번,13488,7337,6151,47,2027,3228,2990,2735,2461,19,930,1875,1752,1237,1524,28,1097,1353,1238,1498,937
2017,3,A,골목상권,2111024,경찰병원역 4번(건너말공원),21258,12517,8741,60,3136,5046,5029,4345,3642,30,1439,3018,3167,2443,2420,30,1697,2028,1862,1902,1222
2017,3,A,골목상권,2111023,문정역 1번,12406,7613,4793,33,1868,3199,3136,2439,1731,18,845,1985,1979,1473,1313,15,1023,1214,1157,966,418
2017,3,A,골목상권,2111022,석촌중학교(방이육교),7831,4757,3074,13,1060,2185,1995,1603,975,7,507,1406,1296,955,586,6,553,779,699,648,389
2017,3,A,골목상권,2111021,방이역 4번,10431,6309,4122,32,1413,2542,2479,2083,1882,9,573,1455,1487,1288,1497,23,840,1087,992,795,385
2017,3,A,골목상권,2111020,방이동고분군(방산고등학교),2269,1320,949,6,236,527,568,537,395,1,112,312,314,299,282,5,124,215,254,238,113
2017,3,A,골목상권,2111019,한성백제역 3번,14046,7687,6359,47,1687,3207,3425,3593,2087,37,814,1989,1833,1709,1305,10,873,1218,1592,1884,782
2017,3,A,골목상권,2111018,풍납초등학교(풍납백제문화공원),827,465,362,1,64,155,207,243,157,1,34,74,96,144,116,0,30,81,111,99,41
2017,3,A,골목상권,2111017,송파나루역 3번,4857,3010,1847,13,659,1238,1228,1020,699,5,331,800,761,596,517,8,328,438,467,424,182
2017,3,A,골목상권,2111016,송파역 2번,6672,3236,3436,22,1226,1734,1572,1373,745,7,411,891,885,588,454,15,815,843,687,785,291
2017,3,A,골목상권,2111015,석촌역 3번,10661,6053,4608,16,1419,2481,2604,2310,1831,6,605,1471,1519,1287,1165,10,814,1010,1085,1023,666
2017,3,A,골목상권,2111014,송파나루역 2번,10181,6320,3861,27,1396,2660,2444,2188,1466,16,713,1761,1620,1224,986,11,683,899,824,964,480
2017,3,A,골목상권,2111013,송파나루역 1번(송리단길),11399,6637,4762,19,1761,2883,2732,2339,1665,5,788,1802,1680,1296,1066,14,973,1081,1052,1043,599
2017,3,A,골목상권,2111012,석촌역 6번,6515,3448,3067,19,915,1397,1556,1319,1309,11,305,732,904,716,780,8,610,665,652,603,529
2017,3,A,골목상권,2111011,잠실나루역,1071,490,581,2,111,234,327,238,159,0,27,98,131,115,119,2,84,136,196,123,40
2017,3,A,골목상권,2111010,석촌역 7번,9629,5599,4030,49,1765,2243,2089,1647,1836,21,638,1313,1249,923,1455,28,1127,930,840,724,381
2017,3,A,골목상권,2111009,송파책박물관,2339,1404,935,12,343,514,629,532,309,6,133,287,420,347,211,6,210,227,209,185,98
2017,3,A,골목상권,2111008,석촌고분역 3번,5147,3049,2098,26,727,1185,1382,1123,704,17,298,700,918,648,468,9,429,485,464,475,236
2017,3,A,골목상권,2111007,석촌고분역 4번,4866,2849,2017,20,641,1151,1214,1110,730,16,287,727,754,578,487,4,354,424,460,532,243
2017,3,A,골목상권,2111006,석촌고분역 1번,9378,5340,4038,47,1475,2010,2019,1797,2030,21,538,1119,1127,929,1606,26,937,891,892,868,424
2017,3,A,골목상권,2111005,삼전역 3번,4975,2985,1990,10,603,1067,1059,1151,1085,6,242,674,628,666,769,4,361,393,431,485,316
2017,3,A,골목상권,2111004,삼전역 1번,12628,7647,4981,55,1734,3036,2943,2655,2205,38,770,1861,1837,1664,1477,17,964,1175,1106,991,728
2017,3,A,골목상권,2111003,삼전역 4번,7293,4358,2935,43,836,1606,1583,1532,1693,33,361,1009,955,877,1123,10,475,597,628,655,570
2017,3,A,골목상권,2111002,한국교통안전공단 강남자동차검사소,935,607,328,1,55,161,265,244,209,0,21,105,163,167,151,1,34,56,102,77,58
2017,3,A,골목상권,2111001,아래방죽마을공원(율현초등학교),754,402,352,1,77,141,195,187,153,0,18,56,82,118,128,1,59,85,113,69,25
2017,3,A,골목상권,2111000,대왕초등학교(세곡동사거리서남측),800,263,537,3,155,181,188,174,99,3,42,54,57,53,54,0,113,127,131,121,45
2017,3,A,골목상권,2110999,윗방죽마을공원,1721,938,783,2,231,371,401,402,314,0,74,161,177,257,269,2,157,210,224,145,45
2017,3,A,골목상권,2110998,은곡마을(은곡마을공원),1206,634,572,1,196,278,269,260,202,0,65,127,119,152,171,1,131,151,150,108,31
2017,3,A,골목상권,2110997,대청초등학교,10575,3702,6873,8,2406,3467,2274,1532,888,3,516,1056,939,702,486,5,1890,2411,1335,830,402
2017,3,A,골목상권,2110996,대치2동주민센터,11481,6703,4778,24,1877,3650,3015,1760,1155,9,705,2152,2031,1076,730,15,1172,1498,984,684,425
2017,3,A,골목상권,2110995,봉은사역 4번,29516,19346,10170,64,5842,7995,5666,5352,4597,14,3172,5765,4268,3193,2934,50,2670,2230,1398,2159,1663
2017,3,A,골목상권,2110994,개포고등학교,2075,1199,876,14,192,387,443,542,497,9,82,213,253,305,337,5,110,174,190,237,160
2017,3,A,골목상권,2110993,개포지하차도 북측,241,107,134,0,30,53,61,69,28,0,9,13,33,36,16,0,21,40,28,33,12
2017,3,A,골목상권,2110992,도곡초등학교,9291,4520,4771,48,1861,2762,2213,1460,947,17,540,1352,1214,779,618,31,1321,1410,999,681,329
2017,3,A,골목상권,2110991,삼성중앙역 5번,40515,21756,18759,174,11076,13553,9612,4609,1491,66,3809,7335,6711,2941,894,108,7267,6218,2901,1668,597
2017,3,A,골목상권,2110990,청담역 12번,10440,6517,3923,38,1724,3439,2680,1320,1239,16,600,2155,2040,872,834,22,1124,1284,640,448,405
2017,3,A,골목상권,2110989,대치동아우편취급국,25924,15274,10650,161,5057,9657,6833,2920,1296,28,2108,5950,4423,1901,864,133,2949,3707,2410,1019,432
2017,3,A,골목상권,2110988,청담역 3번,10595,6604,3991,54,1734,3395,2729,1501,1182,28,636,2098,2048,1002,792,26,1098,1297,681,499,390
2017,3,A,골목상권,2110987,영동대교남단,9606,5234,4372,75,2213,3301,2192,1206,619,17,721,1857,1473,729,437,58,1492,1444,719,477,182
2017,3,A,골목상권,2110986,삼성중앙역 7번,15756,8687,7069,81,3883,5563,3427,1899,903,34,1585,3435,2227,865,541,47,2298,2128,1200,1034,362
2017,3,A,골목상권,2110985,청담근린공원,11708,6287,5421,79,2680,4102,2720,1395,732,20,843,2309,1776,836,503,59,1837,1793,944,559,229
2017,3,A,골목상권,2110984,포이초등학교(개포목련어린이공원),10566,6669,3897,22,1289,2845,2907,2276,1227,10,606,1842,1827,1498,886,12,683,1003,1080,778,341
2017,3,A,골목상권,2110983,국립국악고등학교,5947,3746,2201,19,701,1399,1630,1239,959,12,285,916,1049,766,718,7,416,483,581,473,241
2017,3,A,골목상권,2110982,강남구보훈회관,7483,3660,3823,21,1117,2730,1709,1211,695,10,364,1141,867,797,481,11,753,1589,842,414,214
2017,3,A,골목상권,2110981,국악고교사거리,23800,13367,10433,91,3291,6199,6604,5047,2568,25,1437,3860,3763,2585,1697,66,1854,2339,2841,2462,871
2017,3,A,골목상권,2110980,개포지구대옆,21024,11871,9153,76,3179,5602,5074,3935,3158,22,1420,3648,3065,2086,1630,54,1759,1954,2009,1849,1528
2017,3,A,골목상권,2110979,청담초등학교,15176,4746,10430,70,5376,5784,2630,883,433,8,1185,1950,957,376,270,62,4191,3834,1673,507,163
2017,3,A,골목상권,2110978,도곡2동주민센터(대치중학교),8582,4598,3984,31,1546,1989,1651,1321,2044,17,600,1203,1081,781,916,14,946,786,570,540,1128
2017,3,A,골목상권,2110977,논현로18길,19477,10898,8579,81,2863,5186,5394,4054,1899,22,1221,3202,3152,2061,1240,59,1642,1984,2242,1993,659
2017,3,A,골목상권,2110976,언북초등학교,15342,5524,9818,89,5057,5511,2930,1063,692,21,1232,2065,1221,553,432,68,3825,3446,1709,510,260
2017,3,A,골목상권,2110975,매봉역 1번,5354,3246,2108,21,1179,1594,1311,736,513,10,434,992,906,518,386,11,745,602,405,218,127
2017,3,A,골목상권,2110974,언주중학교,9464,4821,4643,49,2484,3337,2074,1007,513,18,825,1698,1319,594,367,31,1659,1639,755,413,146
2017,3,A,골목상권,2110973,강남구청역 4번,15749,7542,8207,34,2392,4395,4084,3328,1516,8,739,2191,2101,1567,936,26,1653,2204,1983,1761,580
2017,3,A,골목상권,2110972,강남세브란스병원미래의학연구센터,18410,9906,8504,102,4780,5700,4169,2274,1385,36,1777,3135,2576,1381,1001,66,3003,2565,1593,893,384
2017,3,A,골목상권,2110971,선정릉역 4번,62296,31045,31251,205,16316,18046,13824,8589,5316,95,5850,10195,7885,3995,3025,110,10466,7851,5939,4594,2291
2017,3,A,골목상권,2110970,학동초등학교,14327,7538,6789,75,3513,5106,3458,1484,691,26,1188,2753,2185,914,472,49,2325,2353,1273,570,219
2017,3,A,골목상권,2110969,베르사이유1아파트,66518,40945,25573,319,14596,22047,17004,9306,3246,165,6830,14321,11815,5698,2116,154,7766,7726,5189,3608,1130
2017,3,A,골목상권,2110968,강남구청역 2번,19987,10707,9280,68,3951,6474,4944,3086,1464,22,1377,3581,3230,1578,919,46,2574,2893,1714,1508,545
2017,3,A,골목상권,2110967,역삼역 8번,53070,34141,18929,251,10495,16223,13733,8811,3557,163,5547,11221,9778,5211,2221,88,4948,5002,3955,3600,1336
2017,3,A,골목상권,2110966,논현2동주민센터,34932,19871,15061,94,6385,11160,8566,5661,3066,20,2272,6272,5775,3552,1980,74,4113,4888,2791,2109,1086
2017,3,A,골목상권,2110965,언주역 6번,23701,13332,10369,78,4974,6813,5351,3592,2893,39,1937,4123,3581,1898,1754,39,3037,2690,1770,1694,1139
2017,3,A,골목상권,2110964,싸리고개근린공원,15814,5157,10657,120,2958,3374,5882,2770,710,56,1124,1521,1294,661,501,64,1834,1853,4588,2109,209
2017,3,A,골목상권,2110963,역삼월드메르디앙아파트,28541,12549,15992,174,5224,7513,9061,4481,2088,77,1869,3831,3479,1825,1468,97,3355,3682,5582,2656,620
2017,3,A,골목상권,2110962,도산공원북측,9881,4486,5395,68,2920,3574,1791,956,572,16,999,1872,992,363,244,52,1921,1702,799,593,328
2017,3,A,골목상권,2110961,언주역 3번,27316,14064,13252,87,6558,8360,5812,3193,3306,40,2084,4480,3526,1682,2252,47,4474,3880,2286,1511,1054
2017,3,A,골목상권,2110960,은광여고,22053,12914,9139,81,3755,6287,5325,3770,2835,34,1557,3604,3554,2298,1867,47,2198,2683,1771,1472,968
2017,3,A,골목상권,2110959,신구중학교,13147,5911,7236,116,3860,3924,2224,1647,1376,37,1405,1954,1272,667,576,79,2455,1970,952,980,800
2017,3,A,골목상권,2110958,역삼역 4번,63269,39524,23745,274,13025,21158,16675,9243,2894,148,5993,13742,11854,5796,1991,126,7032,7416,4821,3447,903
2017,3,A,골목상권,2110957,언북중학교,35449,19643,15806,117,8135,12117,8262,3879,2939,29,2748,6670,5432,2617,2147,88,5387,5447,2830,1262,792
2017,3,A,골목상권,2110956,언주역 8번,19610,10968,8642,107,4668,6041,4492,2700,1602,46,1716,3430,3073,1579,1124,61,2952,2611,1419,1121,478
2017,3,A,골목상권,2110955,논현초등학교,23276,13202,10074,88,5243,7292,5314,2939,2400,40,1941,4263,3583,1784,1591,48,3302,3029,1731,1155,809
2017,3,A,골목상권,2110954,국기원,26814,13640,13174,104,7246,9291,5947,2674,1552,33,2166,4763,3907,1731,1040,71,5080,4528,2040,943,512
2017,3,A,골목상권,2110953,학동근린공원,27780,14478,13302,91,7472,9942,6044,2522,1709,28,2354,5388,3871,1606,1231,63,5118,4554,2173,916,478
2017,3,A,골목상권,2110952,논현목련공원,9682,5536,4146,27,1871,3251,2502,1219,812,11,744,1950,1583,684,564,16,1127,1301,919,535,248
2017,3,A,골목상권,2110951,신사은행나무공원,17039,8216,8823,65,4969,5774,3471,1592,1168,19,1443,2864,2118,951,821,46,3526,2910,1353,641,347
2017,3,A,골목상권,2110950,논현역 7번,23415,12530,10885,55,5627,8241,5633,2483,1376,13,1799,4685,3609,1486,938,42,3828,3556,2024,997,438
2017,3,A,골목상권,2110949,한남IC,10820,5345,5475,57,2873,3669,2341,1129,751,22,931,1918,1381,607,486,35,1942,1751,960,522,265
2017,3,A,골목상권,2110948,헌인가구단지,303,163,140,0,35,69,103,75,21,0,7,39,65,38,14,0,28,30,38,37,7
2017,3,A,골목상권,2110947,청계산입구역 2번(내곡동주민센터),777,423,354,3,121,208,204,160,81,0,46,122,120,82,53,3,75,86,84,78,28
2017,3,A,골목상권,2110946,청계산원터골,695,386,309,3,105,185,178,148,76,0,41,111,109,77,48,3,64,74,69,71,28
2017,3,A,골목상권,2110945,본마을노인복지센터(서초구립내곡도서관),372,201,171,0,32,105,117,83,35,0,10,61,65,43,22,0,22,44,52,40,13
2017,3,A,골목상권,2110944,서울나래학교(염곡어린이공원),85179,78979,6200,1,7104,18072,26516,32255,1231,0,5882,16161,24379,31391,1166,1,1222,1911,2137,864,65
2017,3,A,골목상권,2110943,법제교육센터(버들어린이공원),13320,7149,6171,43,1644,3241,3737,2909,1746,26,690,1937,2029,1392,1075,17,954,1304,1708,1517,671
2017,3,A,골목상권,2110942,염곡동 구룡사(포이동성당),99406,87400,12006,41,8802,21732,30241,35232,3358,24,6691,18475,26705,32978,2527,17,2111,3257,3536,2254,831
2017,3,A,골목상권,2110941,언남고등학교,6458,4081,2377,22,989,1838,1791,1133,685,12,483,1178,1196,705,507,10,506,660,595,428,178
2017,3,A,골목상권,2110940,양재근린공원(양재2동주민센터),10985,6671,4314,288,2923,2716,2399,1602,1057,128,1463,1654,1597,1010,819,160,1460,1062,802,592,238
2017,3,A,골목상권,2110939,양재역 8번(양재동우체국),32964,19523,13441,121,6074,9753,7534,5021,4461,44,2589,5938,4879,3175,2898,77,3485,3815,2655,1846,1563
2017,3,A,골목상권,2110938,바우뫼공원,12347,7603,4744,313,3478,3506,2538,1505,1007,140,1720,2275,1859,941,668,173,1758,1231,679,564,339
2017,3,A,골목상권,2110937,방아다리근린공원(횃불트리니티신학대학원대학교),13256,8510,4746,46,2176,4197,3178,2136,1523,15,1020,2711,2304,1442,1018,31,1156,1486,874,694,505
2017,3,A,골목상권,2110936,더케이호텔(양재리본타워2단지아파트),8208,5401,2807,277,2731,2411,1619,819,351,123,1499,1659,1250,606,264,154,1232,752,369,213,87
2017,3,A,골목상권,2110935,한전아트센터,9502,6333,3169,33,1612,3008,2487,1460,902,10,785,1995,1851,1040,652,23,827,1013,636,420,250
2017,3,A,골목상권,2110934,우면주공아파트,4956,3421,1535,2,618,968,1167,1467,734,1,266,616,867,1105,566,1,352,352,300,362,168
2017,3,A,골목상권,2110933,한국상담대학원대학교,6390,4385,2005,15,1057,2163,1659,911,585,8,506,1490,1264,642,475,7,551,673,395,269,110
2017,3,A,골목상권,2110932,서울시인재개발원,17725,8571,9154,99,4593,4740,4004,3059,1230,47,1869,2922,2028,993,712,52,2724,1818,1976,2066,518
2017,3,A,골목상권,2110931,삼성전자서울R&D(서울우면초등학교),1120,659,461,4,112,260,342,344,58,4,28,104,224,249,50,0,84,156,118,95,8
2017,3,A,골목상권,2110930,서초동성당,15248,8903,6345,42,3049,4841,4126,2129,1061,22,1437,2903,2403,1349,789,20,1612,1938,1723,780,272
2017,3,A,골목상권,2110929,남부터미널역 1번,23973,14322,9651,73,4861,7422,6044,3385,2188,30,1919,4457,4099,2172,1645,43,2942,2965,1945,1213,543
2017,3,A,골목상권,2110928,서초우방유쉘아파트,23600,13725,9875,91,4725,7066,5867,3638,2213,21,2011,4338,3670,2162,1523,70,2714,2728,2197,1476,690
2017,3,A,골목상권,2110927,잠원역,964,447,517,1,124,193,194,201,251,1,27,68,70,83,198,0,97,125,124,118,53
2017,3,A,골목상권,2110926,신중초등학교,13995,8945,5050,36,2400,4607,3787,1906,1259,20,967,3031,2847,1255,825,16,1433,1576,940,651,434
2017,3,A,골목상권,2110925,서초중학교,10757,6729,4028,49,2182,3309,2401,1462,1354,19,956,2153,1683,985,933,30,1226,1156,718,477,421
2017,3,A,골목상권,2110924,반포4동주민센터(몽마르뜨공원),23804,9105,14699,36,6167,8017,5862,2980,742,11,1210,3032,2760,1655,437,25,4957,4985,3102,1325,305
2017,3,A,골목상권,2110923,방배역 1번,5071,2959,2112,48,1036,1358,1068,788,773,9,404,813,691,444,598,39,632,545,377,344,175
2017,3,A,골목상권,2110922,내방역 1번,10683,5834,4849,55,2290,3287,2713,1504,834,20,912,2010,1610,735,547,35,1378,1277,1103,769,287
2017,3,A,골목상권,2110921,서울프랑스학교,5337,3184,2153,35,1107,1575,1375,842,403,11,498,968,900,571,236,24,609,607,475,271,167
2017,3,A,골목상권,2110920,방배역 2번(백석예술대학교),5875,3473,2402,52,1187,1536,1246,933,921,10,459,954,831,548,671,42,728,582,415,385,250
2017,3,A,골목상권,2110919,내방역 8번,7859,4059,3800,42,1703,2368,1930,1189,627,13,534,1262,1169,645,436,29,1169,1106,761,544,191
2017,3,A,골목상권,2110918,방배역 3번,8469,5206,3263,35,1596,2378,2100,1233,1127,19,696,1569,1387,734,801,16,900,809,713,499,326
2017,3,A,골목상권,2110917,서초소방서,2973,1974,999,3,451,887,843,536,253,1,200,592,617,393,171,2,251,295,226,143,82
2017,3,A,골목상권,2110916,내방역 4번,14285,7556,6729,82,2663,4152,3946,2168,1274,33,1146,2423,2081,969,904,49,1517,1729,1865,1199,370
2017,3,A,골목상권,2110915,서래초등학교,3991,2414,1577,8,649,1116,1077,611,530,3,253,674,694,407,383,5,396,442,383,204,147
2017,3,A,골목상권,2110914,내방역 6번,9223,4643,4580,58,1544,2523,2526,1657,915,20,605,1348,1250,753,667,38,939,1175,1276,904,248
2017,3,A,골목상권,2110913,방현초등학교(방배119안전센터),19036,13875,5161,34,2149,3617,5280,6317,1639,19,1234,2505,3999,4875,1243,15,915,1112,1281,1442,396
2017,3,A,골목상권,2110912,방배동사이길,3382,1877,1505,9,552,811,797,588,625,1,178,419,451,370,458,8,374,392,346,218,167
2017,3,A,골목상권,2110911,방배배수지체육공원,17704,12858,4846,27,1941,3407,4960,5987,1382,17,1079,2242,3741,4674,1105,10,862,1165,1219,1313,277
2017,3,A,골목상권,2110910,내방역 5번,10559,5532,5027,65,1661,2704,2886,1961,1282,24,650,1413,1469,1009,967,41,1011,1291,1417,952,315
2017,3,A,골목상권,2110909,남태령역(서울전자고등학교),2388,1689,699,2,323,692,626,531,214,2,142,419,482,468,176,0,181,273,144,63,38
2017,3,A,골목상권,2110908,구반포역,2276,1423,853,25,363,558,515,375,440,22,222,369,326,238,246,3,141,189,189,137,194
2017,3,A,골목상권,2110907,방배초등학교,11137,5886,5251,55,1784,2785,3018,2024,1471,22,681,1475,1531,1080,1097,33,1103,1310,1487,944,374
2017,3,A,골목상권,2110906,서문여고,4774,2761,2013,20,834,1087,1107,913,813,8,298,641,669,570,575,12,536,446,438,343,238
2017,3,A,골목상권,2110905,방배노인종합복지관(이수중학교),4523,2873,1650,8,622,1125,1172,951,645,3,272,722,844,627,405,5,350,403,328,324,240
2017,3,A,골목상권,2110904,이수역 5번,6795,3765,3030,21,1167,1775,1732,1213,887,9,427,977,1052,688,612,12,740,798,680,525,275
2017,3,A,골목상권,2110903,방배아이파크아파트,6156,3296,2860,17,874,1482,1497,1367,919,6,319,910,848,633,580,11,555,572,649,734,339
2017,3,A,골목상권,2110902,사당역 4번,6383,3318,3065,21,1388,1519,1576,1217,662,7,529,828,902,608,444,14,859,691,674,609,218
2017,3,A,골목상권,2110901,인헌고등학교(인헌중학교),1700,754,946,1,236,380,459,414,210,1,66,189,200,177,121,0,170,191,259,237,89
2017,3,A,골목상권,2110900,낙성대역 1번(관악구민 종합체육센터),4108,2322,1786,11,553,892,882,888,882,9,201,470,454,511,677,2,352,422,428,377,205
2017,3,A,골목상권,2110899,낙성대역 5번(관악중학교),3706,2205,1501,16,564,992,838,669,627,9,242,612,516,376,450,7,322,380,322,293,177
2017,3,A,골목상권,2110898,청림동주민센터(상도중학교),1239,549,690,7,175,288,336,252,181,3,63,130,131,90,132,4,112,158,205,162,49
2017,3,A,골목상권,2110897,서울대입구역 8번,5313,2660,2653,34,1015,1209,1285,1033,737,25,453,630,667,481,404,9,562,579,618,552,333
2017,3,A,골목상권,2110896,관악우성아파트,1987,956,1031,5,281,434,492,417,358,2,134,233,256,171,160,3,147,201,236,246,198
2017,3,A,골목상권,2110895,샤로수길,10691,6181,4510,35,1602,2536,2488,2395,1635,24,702,1411,1394,1509,1141,11,900,1125,1094,886,494
2017,3,A,골목상권,2110894,관악동부센트레빌아파트(은천로35라길),1402,701,701,3,178,306,380,278,257,1,85,169,176,137,133,2,93,137,204,141,124
2017,3,A,골목상권,2110893,관악소방서(문영여고),1972,1481,491,0,273,635,492,425,147,0,168,478,378,344,113,0,105,157,114,81,34
2017,3,A,골목상권,2110892,관악구 중앙길,6202,2749,3453,11,948,1320,1576,1269,1078,3,319,598,739,528,562,8,629,722,837,741,516
2017,3,A,골목상권,2110891,구암초등학교,1309,420,889,2,164,265,348,340,190,1,43,93,102,94,87,1,121,172,246,246,103
2017,3,A,골목상권,2110890,봉천역 1번(관악초등학교),2286,1226,1060,2,280,475,638,472,419,0,96,250,351,246,283,2,184,225,287,226,136
2017,3,A,골목상권,2110889,봉천역 6번,2714,1011,1703,3,345,555,677,623,511,0,72,221,287,208,223,3,273,334,390,415,288
2017,3,A,골목상권,2110888,청룡동주민센터,1442,774,668,0,150,319,393,339,241,0,64,160,194,185,171,0,86,159,199,154,70
2017,3,A,골목상권,2110887,서울산업정보학교(서울삼성초등학교),1592,913,679,2,151,317,426,498,198,0,44,154,248,319,148,2,107,163,178,179,50
2017,3,A,골목상권,2110886,관악해태어린이공원,1800,1028,772,3,197,351,509,517,223,0,75,191,286,326,150,3,122,160,223,191,73
2017,3,A,골목상권,2110885,영락고등학교,1406,726,680,1,114,245,362,400,284,1,42,131,175,202,175,0,72,114,187,198,109
2017,3,A,골목상권,2110884,봉천역 4번(봉천110안전센터),4038,1888,2150,6,543,821,994,1031,643,2,170,412,457,469,378,4,373,409,537,562,265
2017,3,A,골목상권,2110883,은천초등학교(은천교앞),3121,1609,1512,7,416,625,801,818,454,4,157,348,382,407,311,3,259,277,419,411,143
2017,3,A,골목상권,2110882,신성초등학교,2743,1618,1125,5,270,445,719,773,531,1,109,251,424,478,355,4,161,194,295,295,176
2017,3,A,골목상권,2110881,구립대학경로당(관악산샘말공원),3103,1695,1408,5,375,652,772,805,494,1,128,332,407,476,351,4,247,320,365,329,143
2017,3,A,골목상권,2110880,신림역 1번,2978,1270,1708,3,649,657,704,584,381,1,195,292,334,224,224,2,454,365,370,360,157
2017,3,A,골목상권,2110879,신림현대아파트,1676,892,784,3,186,260,395,443,389,1,66,135,207,232,251,2,120,125,188,211,138
2017,3,A,골목상권,2110878,미림여고,629,287,342,1,88,177,124,143,96,1,23,90,51,64,58,0,65,87,73,79,38
2017,3,A,골목상권,2110877,신림역 8번,5274,2453,2821,7,950,1149,1314,1104,750,3,316,549,633,497,455,4,634,600,681,607,295
2017,3,A,골목상권,2110876,서원동주민센터(신관중학교),2850,1356,1494,10,426,518,567,600,729,3,157,261,245,268,422,7,269,257,322,332,307
2017,3,A,골목상권,2110875,보라매동주민센터(당곡고등학교),2035,1038,997,3,262,420,530,474,346,1,115,217,247,234,224,2,147,203,283,240,122
2017,3,A,골목상권,2110874,원신초등학교(구세군관악영문교회),1719,892,827,6,225,375,394,413,306,4,68,170,186,230,234,2,157,205,208,183,72
2017,3,A,골목상권,2110873,당곡중학교,9700,4587,5113,21,1620,3269,2873,1325,592,6,509,1420,1412,851,389,15,1111,1849,1461,474,203
2017,3,A,골목상권,2110872,신림초등학교,715,253,462,1,99,160,176,169,110,1,29,63,72,51,37,0,70,97,104,118,73
2017,3,A,골목상권,2110871,신원동주민센터,3304,1485,1819,15,537,612,658,692,790,5,218,292,287,287,396,10,319,320,371,405,394
2017,3,A,골목상권,2110870,신림주공2단지(광신고등학교),372,172,200,3,41,72,93,114,49,3,6,32,40,63,28,0,35,40,53,51,21
2017,3,A,골목상권,2110869,"신림역 5번(신림동주민센터, 신림동별빛거리)",8937,4473,4464,21,1326,2406,2581,1491,1112,8,509,1102,1281,861,712,13,817,1304,1300,630,400
2017,3,A,골목상권,2110868,남부초등학교,4001,1885,2116,15,552,734,843,978,879,5,230,373,368,449,460,10,322,361,475,529,419
2017,3,A,골목상권,2110867,국제신학대학원대학교(남서울중학교),3869,1856,2013,13,484,707,843,954,868,4,197,346,386,462,461,9,287,361,457,492,407
2017,3,A,골목상권,2110866,난우중학교,1274,485,789,1,180,310,350,311,122,0,31,106,131,148,69,1,149,204,219,163,53
2017,3,A,골목상권,2110865,남강고등학교(남강중학교),1636,649,987,2,203,373,441,403,214,0,49,148,185,173,94,2,154,225,256,230,120
2017,3,A,골목상권,2110864,신림우방아파트,1448,789,659,1,163,291,390,391,212,1,67,162,193,218,148,0,96,129,197,173,64
2017,3,A,골목상권,2110863,난우초등학교,1825,777,1048,4,229,405,450,453,284,0,59,158,208,208,144,4,170,247,242,245,140
2017,3,A,골목상권,2110862,난곡초등학교(난곡동벽화마을),1264,502,762,2,184,300,342,274,162,0,40,113,139,120,90,2,144,187,203,154,72
2017,3,A,골목상권,2110861,관악구신사동주민센터,3973,2091,1882,2,408,735,994,1064,770,1,137,394,479,564,516,1,271,341,515,500,254
2017,3,A,골목상권,2110860,호림박물관(성보고등학교),2889,1498,1391,4,296,494,698,807,590,1,95,227,344,435,396,3,201,267,354,372,194
2017,3,A,골목상권,2110859,난향초등학교,1017,345,672,1,77,138,208,317,276,0,10,41,79,92,123,1,67,97,129,225,153
2017,3,A,골목상권,2110858,신대방역 1번,2473,1778,695,9,417,720,656,444,227,9,282,581,468,276,162,0,135,139,188,168,65
2017,3,A,골목상권,2110857,미성동주민센터,1907,781,1126,4,223,422,474,481,303,0,63,147,198,205,168,4,160,275,276,276,135
2017,3,A,골목상권,2110856,미성초등학교,4984,3304,1680,6,405,784,936,1025,1828,3,167,419,529,626,1560,3,238,365,407,399,268
2017,3,A,골목상권,2110855,신대방역 2번,6820,4878,1942,14,739,1352,1442,1303,1970,13,422,944,943,860,1696,1,317,408,499,443,274
2017,3,A,골목상권,2110854,조원동주민센터,4274,3009,1265,7,374,688,817,867,1521,3,193,437,494,529,1353,4,181,251,323,338,168
2017,3,A,골목상권,2110853,KT구로지사,4838,2567,2271,13,658,1058,1181,1136,792,3,260,567,639,565,533,10,398,491,542,571,259
2017,3,A,골목상권,2110852,이수역 9번,5185,2934,2251,10,741,1350,1534,979,571,3,266,759,955,556,395,7,475,591,579,423,176
2017,3,A,골목상권,2110851,경문고등학교(동작동성당),3702,1612,2090,13,481,863,951,984,410,5,166,485,422,325,209,8,315,378,529,659,201
2017,3,A,골목상권,2110850,사당역 10번,10849,5725,5124,33,1965,2437,2695,2230,1489,11,713,1320,1570,1184,927,22,1252,1117,1125,1046,562
2017,3,A,골목상권,2110849,이수역 10번,5363,2487,2876,20,787,1162,1280,1140,974,7,230,535,639,518,558,13,557,627,641,622,416
2017,3,A,골목상권,2110848,양지어린이공원,4449,2322,2127,8,477,868,1149,908,1039,3,164,441,605,444,665,5,313,427,544,464,374
2017,3,A,골목상권,2110847,예술인마을,2736,1347,1389,5,477,729,697,561,267,2,164,410,369,227,175,3,313,319,328,334,92
2017,3,A,골목상권,2110846,남성역 1번,3491,1785,1706,6,368,617,767,770,963,3,151,281,341,383,626,3,217,336,426,387,337
2017,3,A,골목상권,2110845,사당종합체육관,670,381,289,0,76,120,165,186,123,0,20,63,95,117,86,0,56,57,70,69,37
2017,3,A,골목상권,2110844,흑석2치안센터,593,317,276,2,75,121,155,137,103,0,39,71,77,65,65,2,36,50,78,72,38
2017,3,A,골목상권,2110843,사당5동주민센터,1352,669,683,5,219,296,340,335,157,2,97,126,151,183,110,3,122,170,189,152,47
2017,3,A,골목상권,2110842,흑리단길,2701,851,1850,6,660,877,608,380,170,0,142,240,212,155,102,6,518,637,396,225,68
2017,3,A,골목상권,2110841,중대부중,4860,2241,2619,4,905,1386,1222,968,375,0,224,486,657,600,274,4,681,900,565,368,101
2017,3,A,골목상권,2110840,중앙대학교,4982,2281,2701,5,980,1406,1224,962,405,0,252,507,651,582,289,5,728,899,573,380,116
2017,3,A,골목상권,2110839,숭실대입구역 4번,2633,1292,1341,7,332,666,761,578,289,2,110,287,379,320,194,5,222,379,382,258,95
2017,3,A,골목상권,2110838,상도1동주민센터앞,2437,1259,1178,4,288,600,738,540,267,1,91,263,408,326,170,3,197,337,330,214,97
2017,3,A,골목상권,2110837,숭실대입구역 1번,3534,1682,1852,9,412,840,1059,785,429,4,133,358,516,414,257,5,279,482,543,371,172
2017,3,A,골목상권,2110836,상도역 5번,4607,2493,2114,4,630,1061,1242,1074,596,3,199,501,745,660,385,1,431,560,497,414,211
2017,3,A,골목상권,2110835,상도역 1번,1808,801,1007,5,284,407,481,389,242,3,90,176,230,177,125,2,194,231,251,212,117
2017,3,A,골목상권,2110834,동작구자원봉사센터,1331,572,759,1,178,267,333,327,225,0,62,135,145,131,99,1,116,132,188,196,126
2017,3,A,골목상권,2110833,상도역 2번,2432,1022,1410,4,342,512,671,610,293,2,97,202,299,278,144,2,245,310,372,332,149
2017,3,A,골목상권,2110832,노량진초등학교,6816,3900,2916,16,930,1611,1682,1634,943,6,472,816,969,1017,620,10,458,795,713,617,323
2017,3,A,골목상권,2110831,상도4동주민센터,1283,509,774,2,169,262,354,318,178,1,53,102,149,115,89,1,116,160,205,203,89
2017,3,A,골목상권,2110830,상도초등학교,2048,640,1408,2,276,397,571,489,313,2,64,115,183,149,127,0,212,282,388,340,186
2017,3,A,골목상권,2110829,장승배기역 5번,3198,1487,1711,3,475,598,820,838,464,0,259,292,348,351,237,3,216,306,472,487,227
2017,3,A,골목상권,2110828,노량진역 6번,10232,5868,4364,21,1178,2901,2474,2161,1497,6,533,1654,1511,1256,908,15,645,1247,963,905,589
2017,3,A,골목상권,2110827,NH농협은행 상도동지점,2172,819,1353,9,339,472,546,490,316,2,90,198,213,171,145,7,249,274,333,319,171
2017,3,A,골목상권,2110826,장승배기역 4번,3222,1159,2063,11,442,642,853,784,490,2,145,272,290,245,205,9,297,370,563,539,285
2017,3,A,골목상권,2110825,신대방삼거리역 1번,2926,1197,1729,15,408,665,777,663,398,6,99,281,329,272,210,9,309,384,448,391,188
2017,3,A,골목상권,2110824,대방역 3번,4520,2310,2210,15,823,1100,1074,985,523,7,327,634,547,469,326,8,496,466,527,516,197
2017,3,A,골목상권,2110823,신대방삼거리역 3번,25360,13041,12319,85,4268,6482,6062,5191,3272,42,2229,3647,3070,2435,1618,43,2039,2835,2992,2756,1654
2017,3,A,골목상권,2110822,신대방삼거리역 4번(대림초등학교),17106,9305,7801,88,2827,3266,3319,4374,3232,36,1819,2257,1642,1908,1643,52,1008,1009,1677,2466,1589
2017,3,A,골목상권,2110821,보라매역 2번,23128,12244,10884,116,3718,4854,5085,5683,3672,47,2235,3155,2443,2514,1850,69,1483,1699,2642,3169,1822
2017,3,A,골목상권,2110820,성남고등학교,2379,1147,1232,1,247,473,566,729,363,1,84,209,263,359,231,0,163,264,303,370,132
2017,3,A,골목상권,2110819,신대방역 4번,6518,3558,2960,11,1264,1726,1712,1225,580,10,460,963,1010,718,397,1,804,763,702,507,183
2017,3,A,골목상권,2110818,신대방역 3번,3354,2239,1115,10,509,904,905,635,391,9,310,641,605,387,287,1,199,263,300,248,104
2017,3,A,골목상권,2110817,대방역 4번,5312,2652,2660,17,823,1135,1258,1180,899,8,302,615,637,551,539,9,521,520,621,629,360
2017,3,A,골목상권,2110816,대방역 6번,4725,2452,2273,15,748,968,1086,1071,837,7,288,552,593,512,500,8,460,416,493,559,337
2017,3,A,골목상권,2110815,공군호텔,6613,3609,3004,15,947,1493,1586,1523,1049,6,336,833,875,838,721,9,611,660,711,685,328
2017,3,A,골목상권,2110814,서울지방병무청,4830,2601,2229,5,660,959,1028,1305,873,1,257,507,534,702,600,4,403,452,494,603,273
2017,3,A,골목상권,2110813,보라매역 6번,5265,2920,2345,32,746,1093,1120,1215,1059,5,293,614,644,656,708,27,453,479,476,559,351
2017,3,A,골목상권,2110812,신길6동주민센터,8873,4506,4367,50,1270,2395,2431,1924,803,9,541,1337,1191,960,468,41,729,1058,1240,964,335
2017,3,A,골목상권,2110811,보라매역 4번,7937,4057,3880,50,1143,2185,2177,1702,680,9,499,1223,1048,870,408,41,644,962,1129,832,272
2017,3,A,골목상권,2110810,영신초등학교,4339,2357,1982,6,382,847,1085,1088,931,4,109,444,604,590,606,2,273,403,481,498,325
2017,3,A,골목상권,2110809,장훈고등학교,1895,833,1062,6,214,436,508,427,304,5,57,210,225,188,148,1,157,226,283,239,156
2017,3,A,골목상권,2110808,신길역 1번,2656,1380,1276,28,393,537,574,580,544,11,135,285,308,302,339,17,258,252,266,278,205
2017,3,A,골목상권,2110807,신길역 3번,3346,1815,1531,28,522,838,686,634,638,11,177,449,433,348,397,17,345,389,253,286,241
2017,3,A,골목상권,2110806,서울시립영등포장애인복지관,3891,2666,1225,7,374,834,1040,922,714,3,166,504,777,687,529,4,208,330,263,235,185
2017,3,A,골목상권,2110805,신길새마을금고신길4동지점,1377,752,625,3,215,296,372,315,176,1,137,177,213,135,89,2,78,119,159,180,87
2017,3,A,골목상권,2110804,신풍역 1번,2503,1216,1287,6,260,543,593,588,513,1,92,264,264,268,327,5,168,279,329,320,186
2017,3,A,골목상권,2110803,신길2동우편취급국,2204,990,1214,3,218,473,583,538,389,3,70,215,241,263,198,0,148,258,342,275,191
2017,3,A,골목상권,2110802,신길동홍어거리,1638,703,935,2,151,338,411,402,334,2,44,150,198,177,132,0,107,188,213,225,202
2017,3,A,골목상권,2110801,신풍역 6번(신길6동공영주차장),512,199,313,2,69,104,119,139,79,0,21,45,33,56,44,2,48,59,86,83,35
2017,3,A,골목상권,2110800,영등포동성당,6965,4533,2432,9,794,1509,1794,1555,1304,5,324,935,1270,1126,873,4,470,574,524,429,431
2017,3,A,골목상권,2110799,영등포본동주민센터,1617,847,770,25,264,309,383,329,307,11,104,175,202,188,167,14,160,134,181,141,140
2017,3,A,골목상권,2110798,신풍역 2번,1242,510,732,4,125,237,290,319,267,0,33,103,101,131,142,4,92,134,189,188,125
2017,3,A,골목상권,2110797,KT대방빌딩,1734,620,1114,2,521,452,329,259,171,0,105,166,111,118,120,2,416,286,218,141,51
2017,3,A,골목상권,2110796,한림대학교한강성심병원,6811,4572,2239,9,799,1330,1739,1564,1370,4,361,871,1242,1134,960,5,438,459,497,430,410
2017,3,A,골목상권,2110795,도림초등학교,2163,1031,1132,4,201,518,587,506,347,2,68,254,310,233,164,2,133,264,277,273,183
2017,3,A,골목상권,2110794,영동초등학교,12436,8024,4412,24,1881,3355,3161,2340,1675,12,865,2218,2215,1536,1178,12,1016,1137,946,804,497
2017,3,A,골목상권,2110793,대림썬프라자,1737,641,1096,2,520,467,329,253,166,0,112,170,122,123,114,2,408,297,207,130,52
2017,3,A,골목상권,2110792,영등포역 2번,3760,1970,1790,45,491,952,968,782,522,17,173,478,526,461,315,28,318,474,442,321,207
2017,3,A,골목상권,2110791,신풍역 3번,1181,498,683,2,110,277,271,321,200,0,38,115,87,139,119,2,72,162,184,182,81
2017,3,A,골목상권,2110790,대림1동주민센터,1857,841,1016,9,252,378,434,459,325,0,85,176,172,214,194,9,167,202,262,245,131
2017,3,A,골목상권,2110789,대림성모병원,3355,1310,2045,2,782,862,734,643,332,1,157,368,337,281,166,1,625,494,397,362,166
2017,3,A,골목상권,2110788,영등포시장역 3번,3139,1800,1339,4,337,702,870,631,595,1,140,394,526,371,368,3,197,308,344,260,227
2017,3,A,골목상권,2110787,신길3동주민센터,1848,859,989,3,172,386,521,492,274,1,60,160,238,222,178,2,112,226,283,270,96
2017,3,A,골목상권,2110786,당산역 8번,10421,6210,4211,34,1546,1824,2207,2365,2445,14,690,1284,1435,1348,1439,20,856,540,772,1017,1006
2017,3,A,골목상권,2110785,영등포푸르지오아파트,1908,940,968,5,220,435,518,442,288,2,65,196,265,222,190,3,155,239,253,220,98
2017,3,A,골목상권,2110784,신대림초등학교,1445,554,891,1,197,286,356,395,210,1,37,120,142,156,98,0,160,166,214,239,112
2017,3,A,골목상권,2110783,영등포시장역 1번,11162,7049,4113,46,1833,3068,2755,2113,1347,22,860,1988,1882,1372,925,24,973,1080,873,741,422
2017,3,A,골목상권,2110782,영등포시장역 4번,4315,2208,2107,17,641,1041,1129,777,710,4,204,522,629,426,423,13,437,519,500,351,287
2017,3,A,골목상권,2110781,대림한신아파트,2187,1005,1182,7,277,431,578,548,346,1,84,198,272,259,191,6,193,233,306,289,155
2017,3,A,골목상권,2110780,신길대성유니드아파트,1766,962,804,3,182,388,469,466,258,2,87,214,248,238,173,1,95,174,221,228,85
2017,3,A,골목상권,2110779,대림갑을명가아파트,1113,560,553,6,188,219,291,248,161,1,71,110,154,125,99,5,117,109,137,123,62
2017,3,A,골목상권,2110778,구로디지털단지역 4번,19842,11783,8059,60,4934,7470,4195,1961,1222,20,1947,5040,2798,1172,806,40,2987,2430,1397,789,416
2017,3,A,골목상권,2110777,구로세무서,19039,9599,9440,138,4121,5668,4839,2734,1539,42,1500,2936,2586,1523,1012,96,2621,2732,2253,1211,527
2017,3,A,골목상권,2110776,도신초등학교,5771,3516,2255,16,819,1434,1604,1230,668,6,415,942,1040,685,428,10,404,492,564,545,240
2017,3,A,골목상권,2110775,대동초등학교,1543,769,774,1,135,271,410,389,337,1,37,138,200,184,209,0,98,133,210,205,128
2017,3,A,골목상권,2110774,당산반도유보라팰리스아파트,19772,9984,9788,142,5190,5904,4321,2600,1615,55,1758,3038,2306,1665,1162,87,3432,2866,2015,935,453
2017,3,A,골목상권,2110773,당산역 13번,11907,7943,3964,47,1809,3283,2629,1893,2246,24,981,2539,1945,1083,1371,23,828,744,684,810,875
2017,3,A,골목상권,2110772,신우어린이공원,3830,2521,1309,12,591,1049,1054,762,362,6,329,738,763,452,233,6,262,311,291,310,129
2017,3,A,골목상권,2110771,대림역 11번,1950,970,980,2,224,383,556,490,295,1,66,195,279,253,176,1,158,188,277,237,119
2017,3,A,골목상권,2110770,영등포구청역 6번,8260,4631,3629,26,981,1965,2050,1813,1425,11,372,1015,1151,1149,933,15,609,950,899,664,492
2017,3,A,골목상권,2110769,대림차이나타운(대림역 12번),1570,753,817,1,174,326,478,392,199,1,52,143,223,200,134,0,122,183,255,192,65
2017,3,A,골목상권,2110768,도림2동유수지내체육시설,5563,2254,3309,31,1174,1871,997,728,762,13,244,507,558,452,480,18,930,1364,439,276,282
2017,3,A,골목상권,2110767,도림동주민센터,7781,3741,4040,54,1529,2340,1522,1288,1048,23,427,800,917,841,733,31,1102,1540,605,447,315
2017,3,A,골목상권,2110766,대림역 5번,14818,9699,5119,23,2006,3595,3673,3168,2353,10,1326,2749,2533,1738,1343,13,680,846,1140,1430,1010
2017,3,A,골목상권,2110765,문래동사거리,22723,11165,11558,121,4860,6917,5340,3342,2143,44,1625,3158,2938,1969,1431,77,3235,3759,2402,1373,712
2017,3,A,골목상권,2110764,문래역 3번,6355,3522,2833,13,1052,1768,1549,1003,970,5,489,1015,801,592,620,8,563,753,748,411,350
2017,3,A,골목상권,2110763,영등포구청역 2번,17228,8240,8988,73,3259,4176,3422,3371,2927,27,1083,1954,1670,1690,1816,46,2176,2222,1752,1681,1111
2017,3,A,골목상권,2110762,선유도역 1번,32867,17380,15487,134,5626,11327,10003,4207,1570,71,2243,6076,5315,2488,1187,63,3383,5251,4688,1719,383
2017,3,A,골목상권,2110761,문래동남성맨션,7203,3506,3697,32,1397,2218,1397,1286,873,16,402,751,869,864,604,16,995,1467,528,422,269
2017,3,A,골목상권,2110760,선유도역 6번,32151,16912,15239,120,5636,11686,9774,3853,1082,66,2349,6415,5113,2180,789,54,3287,5271,4661,1673,293
2017,3,A,골목상권,2110759,문래예술촌(문래창작촌),35725,21144,14581,137,6882,10563,9068,5602,3473,52,3170,6486,5520,3425,2491,85,3712,4077,3548,2177,982
2017,3,A,골목상권,2110758,문래소공원,14154,9428,4726,28,2306,3600,3424,2412,2384,16,1258,2404,2302,1585,1863,12,1048,1196,1122,827,521
2017,3,A,골목상권,2110757,양평역 2번,7632,4817,2815,24,992,1903,1937,1572,1204,17,495,1296,1209,899,901,7,497,607,728,673,303
2017,3,A,골목상권,2110756,문래중학교,6352,4096,2256,15,770,1529,1592,1199,1247,12,385,1017,970,724,988,3,385,512,622,475,259
2017,3,A,골목상권,2110755,동일여자고등학교,2621,1237,1384,6,218,433,691,830,443,0,48,147,336,430,276,6,170,286,355,400,167
2017,3,A,골목상권,2110754,삼성산자연공원(서울금천초등학교),3098,1446,1652,4,248,481,810,998,557,1,62,179,397,492,315,3,186,302,413,506,242
2017,3,A,골목상권,2110753,시흥동 은행나무사거리,3164,1521,1643,7,282,534,863,972,506,2,75,205,422,504,313,5,207,329,441,468,193
2017,3,A,골목상권,2110752,한울중학교,1575,629,946,0,146,260,458,444,267,0,48,93,143,188,157,0,98,167,315,256,110
2017,3,A,골목상권,2110751,난곡중학교,4961,3238,1723,6,424,882,968,1050,1631,2,199,478,556,596,1407,4,225,404,412,454,224
2017,3,A,골목상권,2110750,시흥4동주민센터(서울신흥초등학교),1292,436,856,1,137,220,389,390,155,1,36,73,122,134,70,0,101,147,267,256,85
2017,3,A,골목상권,2110749,금산초등학교(금천고등학교),8816,5375,3441,15,674,1635,2873,2480,1139,2,360,1008,1648,1495,862,13,314,627,1225,985,277
2017,3,A,골목상권,2110748,백산초등학교,2329,1143,1186,14,258,479,655,614,309,8,111,249,327,275,173,6,147,230,328,339,136
2017,3,A,골목상권,2110747,석수역 1번 출입구,1289,917,372,4,92,229,378,388,198,1,54,154,250,290,168,3,38,75,128,98,30
2017,3,A,골목상권,2110746,금천금빛공원(은행나무사거리서측),2750,1206,1544,14,359,480,740,734,423,10,121,230,358,290,197,4,238,250,382,444,226
2017,3,A,골목상권,2110745,독산동정훈단지,1558,603,955,0,176,256,436,428,262,0,49,84,146,173,151,0,127,172,290,255,111
2017,3,A,골목상권,2110744,독산동성당,2450,1018,1432,0,265,384,646,706,449,0,77,139,243,287,272,0,188,245,403,419,177
2017,3,A,골목상권,2110743,시흥초등학교(시흥1동우체국),3547,1194,2353,4,437,590,816,842,858,3,105,236,297,263,290,1,332,354,519,579,568
2017,3,A,골목상권,2110742,KT금천빌딩(금천구시설관리공단),6307,3958,2349,13,470,1144,1986,1792,902,4,259,703,1220,1131,641,9,211,441,766,661,261
2017,3,A,골목상권,2110741,독산2동주민센터,2650,1326,1324,3,293,502,722,716,414,2,124,268,324,360,248,1,169,234,398,356,166
2017,3,A,골목상권,2110740,금천해태공원,5328,2348,2980,21,1130,1430,1099,856,792,16,523,717,437,322,333,5,607,713,662,534,459
2017,3,A,골목상권,2110739,시흥3동 우편취급국,6909,4213,2696,8,525,1245,2339,1921,871,1,293,796,1354,1126,643,7,232,449,985,795,228
2017,3,A,골목상권,2110738,문성초등학교,4208,2236,1972,12,574,811,1097,1080,634,1,239,409,582,588,417,11,335,402,515,492,217
2017,3,A,골목상권,2110737,금천세무서,3565,2037,1528,9,382,727,983,911,553,0,154,399,583,513,388,9,228,328,400,398,165
2017,3,A,골목상권,2110736,독산119안전센터,5742,3305,2437,18,698,1034,1478,1521,993,9,334,606,816,851,689,9,364,428,662,670,304
2017,3,A,골목상권,2110735,말미고개,4397,2533,1864,16,540,834,1169,1141,697,12,288,512,629,614,478,4,252,322,540,527,219
2017,3,A,골목상권,2110734,금천파출소,3743,1807,1936,26,985,1194,695,499,344,18,458,624,307,209,191,8,527,570,388,290,153
2017,3,A,골목상권,2110733,금천어울림복지센터,4352,2074,2278,10,422,941,1006,1073,900,3,164,391,467,615,434,7,258,550,539,458,466
2017,3,A,골목상권,2110732,가산초등학교(세일중학교),6755,4150,2605,17,947,1541,1722,1635,893,7,522,982,1033,962,644,10,425,559,689,673,249
2017,3,A,골목상권,2110731,금천구청역 1번 출입구,7033,3333,3700,37,1241,1888,1428,1391,1048,22,557,889,629,723,513,15,684,999,799,668,535
2017,3,A,골목상권,2110730,서울축산농협 독산역지점(독산파출소),9736,6062,3674,24,1247,2407,2710,2247,1101,17,715,1631,1650,1294,755,7,532,776,1060,953,346
2017,3,A,골목상권,2110729,가산동우체국,12009,7286,4723,42,2122,3554,3178,2013,1100,23,1028,2294,2068,1134,739,19,1094,1260,1110,879,361
2017,3,A,골목상권,2110728,두산초등학교,26521,17565,8956,123,4103,7597,7280,4835,2583,65,2105,5184,5063,3170,1978,58,1998,2413,2217,1665,605
2017,3,A,골목상권,2110727,독산역 1번 출입구,22090,14434,7656,99,3518,6417,6078,3898,2080,48,1769,4359,4179,2528,1551,51,1749,2058,1899,1370,529
2017,3,A,골목상권,2110726,금천철쭉어린이공원(금하마을),351,190,161,3,33,66,107,98,44,2,12,39,58,52,27,1,21,27,49,46,17
2017,3,A,골목상권,2110725,가산동주민센터,26512,15475,11037,116,5050,8431,7029,4167,1719,66,2192,5225,4490,2298,1204,50,2858,3206,2539,1869,515
2017,3,A,골목상권,2110724,금천구립가산도서관,23407,14713,8694,117,3784,7013,6419,4369,1705,58,1778,4518,4317,2775,1267,59,2006,2495,2102,1594,438
2017,3,A,골목상권,2110723,가산디지털단지역 1번 출입구,51462,32735,18727,196,10661,17264,13409,7021,2911,112,5167,11570,9356,4392,2138,84,5494,5694,4053,2629,773
2017,3,A,골목상권,2110722,G타워,47243,29078,18165,159,10460,17711,11255,4947,2711,83,4651,11858,7519,2974,1993,76,5809,5853,3736,1973,718
2017,3,A,골목상권,2110721,가리봉파출소,26156,16641,9515,118,4965,8768,6651,3747,1907,71,2430,6055,4568,2165,1352,47,2535,2713,2083,1582,555
2017,3,A,골목상권,2110720,대림역 2번,3692,1900,1792,3,375,652,1058,1029,575,2,117,258,511,616,396,1,258,394,547,413,179
2017,3,A,골목상권,2110719,영서중학교,26461,15449,11012,146,5369,8015,6361,4279,2291,77,2390,5166,4288,2192,1336,69,2979,2849,2073,2087,955
2017,3,A,골목상권,2110718,한국SGI본부,17147,10070,7077,46,3276,5052,3697,2973,2103,15,1473,2943,2533,1794,1312,31,1803,2109,1164,1179,791
2017,3,A,골목상권,2110717,남구로역 2번,51416,31381,20035,286,9920,16143,12790,7970,4307,161,4685,10825,8656,4251,2803,125,5235,5318,4134,3719,1504
2017,3,A,골목상권,2110716,구로나눔길,8247,3838,4409,8,1455,2383,1936,1711,754,7,357,1047,955,1024,448,1,1098,1336,981,687,306
2017,3,A,골목상권,2110715,구로구민회관,13374,8481,4893,18,1823,3553,3267,2835,1878,10,1114,2472,2076,1676,1133,8,709,1081,1191,1159,745
2017,3,A,골목상권,2110714,구로4동주민센터,9722,4581,5141,4,1625,2593,2308,2210,982,2,375,1065,1118,1361,660,2,1250,1528,1190,849,322
2017,3,A,골목상권,2110713,구로보건소,9987,5466,4521,47,1778,2634,2439,1953,1136,32,624,1534,1466,1092,718,15,1154,1100,973,861,418
2017,3,A,골목상권,2110712,남구로역 5번,1996,842,1154,1,243,367,519,463,403,0,68,163,202,184,225,1,175,204,317,279,178
2017,3,A,골목상권,2110711,구로초등학교,10426,4981,5445,42,1976,3005,2356,2044,1003,37,579,1398,1210,1169,588,5,1397,1607,1146,875,415
2017,3,A,골목상권,2110710,남구로역 3번,42164,25781,16383,133,8953,13822,10655,5838,2763,72,4051,8874,7238,3555,1991,61,4902,4948,3417,2283,772
2017,3,A,골목상권,2110709,구로119안전센터,3647,1120,2527,1,982,1073,696,617,278,0,170,340,258,208,144,1,812,733,438,409,134
2017,3,A,골목상권,2110708,화원어린이공원,3383,1867,1516,35,605,853,767,668,455,30,265,497,434,360,281,5,340,356,333,308,174
2017,3,A,골목상권,2110707,구로창업지원센터,6837,4561,2276,19,644,1408,1859,1843,1064,17,365,907,1194,1265,813,2,279,501,665,578,251
2017,3,A,골목상권,2110706,그라운드 고척,4141,2561,1580,9,464,818,1072,960,818,2,193,476,636,597,657,7,271,342,436,363,161
2017,3,A,골목상권,2110705,고산초등학교,4357,2652,1705,13,506,843,1140,1054,801,5,230,495,671,633,618,8,276,348,469,421,183
2017,3,A,골목상권,2110704,고척중학교,4172,2434,1738,13,497,815,1069,988,790,5,219,460,596,548,606,8,278,355,473,440,184
2017,3,A,골목상권,2110703,개봉역,4842,2753,2089,14,525,996,1428,1232,647,5,243,570,783,718,434,9,282,426,645,514,213
2017,3,A,골목상권,2110702,개봉초등학교,4552,2320,2232,3,167,325,494,666,2897,3,59,130,197,276,1655,0,108,195,297,390,1242
2017,3,A,골목상권,2110701,고척동성당,1933,1076,857,2,200,366,512,526,327,0,61,203,257,311,244,2,139,163,255,215,83
2017,3,A,골목상권,2110700,고척초등학교,3614,1992,1622,5,333,721,1040,951,564,1,130,392,550,538,381,4,203,329,490,413,183
2017,3,A,골목상권,2110699,덕의초등학교,1313,616,697,1,153,261,386,352,160,1,53,122,156,172,112,0,100,139,230,180,48
2017,3,A,골목상권,2110698,개웅초등학교(개웅중학교),4692,2362,2330,2,173,311,524,755,2927,2,55,123,189,317,1676,0,118,188,335,438,1251
2017,3,A,골목상권,2110697,개봉3동주민센터,4151,2287,1864,2,96,260,369,594,2830,2,44,155,168,273,1645,0,52,105,201,321,1185
2017,3,A,골목상권,2110696,오류동역 1번,1895,932,963,6,259,353,547,427,303,2,83,158,255,236,198,4,176,195,292,191,105
2017,3,A,골목상권,2110695,개봉1동주민센터,1971,858,1113,4,187,368,623,510,279,4,54,158,268,217,157,0,133,210,355,293,122
2017,3,A,골목상권,2110694,세곡초등학교,1508,641,867,3,141,280,480,441,163,3,44,116,178,204,96,0,97,164,302,237,67
2017,3,A,골목상권,2110693,오류동역 4번,2744,1109,1635,13,252,482,812,735,450,7,98,201,283,222,298,6,154,281,529,513,152
2017,3,A,골목상권,2110692,큰굴다리,2286,834,1452,4,225,478,735,587,257,3,67,189,277,166,132,1,158,289,458,421,125
2017,3,A,골목상권,2110691,개봉중학교,1412,528,884,3,192,255,376,398,188,2,49,108,144,135,90,1,143,147,232,263,98
2017,3,A,골목상권,2110690,오류2동버들시장,5657,2534,3123,25,556,1070,1552,1497,957,11,176,463,636,597,651,14,380,607,916,900,306
2017,3,A,골목상권,2110689,오류동역 3번,4000,1603,2397,23,421,726,1129,1054,647,7,142,318,420,329,387,16,279,408,709,725,260
2017,3,A,골목상권,2110688,오류지구대,2185,1291,894,10,230,391,546,556,452,1,81,203,315,336,355,9,149,188,231,220,97
2017,3,A,골목상권,2110687,"천왕역 3번(오류2동주민센터, 서울오류남초등학교)",1434,742,692,4,131,324,385,391,199,4,44,153,191,204,146,0,87,171,194,187,53
2017,3,A,골목상권,2110686,수궁동주민센터,2761,1700,1061,1,254,524,744,738,500,1,101,295,455,476,372,0,153,229,289,262,128
2017,3,A,골목상권,2110685,금강수목원아파트,1487,1015,472,1,124,249,373,448,292,1,51,159,239,307,258,0,73,90,134,141,34
2017,3,A,골목상권,2110684,서울공연예술고등학교,1363,688,675,0,113,307,398,389,156,0,45,154,211,197,81,0,68,153,187,192,75
2017,3,A,골목상권,2110683,오류고등학교,1261,661,600,0,109,298,381,341,132,0,42,152,204,185,78,0,67,146,177,156,54
2017,3,A,골목상권,2110682,온수역 8번,1848,1143,705,1,159,379,458,537,314,0,63,182,260,355,283,1,96,197,198,182,31
2017,3,A,골목상권,2110681,온수역 1번,2126,1409,717,2,212,397,499,639,377,1,93,233,310,443,329,1,119,164,189,196,48
2017,3,A,골목상권,2110680,온수역 5번(온수산업단지),2171,1600,571,6,216,437,507,597,408,4,128,296,353,444,375,2,88,141,154,153,33
2017,3,A,골목상권,2110679,염창역 2번,4979,3257,1722,13,591,1399,1433,1027,516,7,293,870,1027,674,386,6,298,529,406,353,130
2017,3,A,골목상권,2110678,염창무학아파트,3062,2030,1032,6,365,802,778,682,429,4,198,526,531,446,325,2,167,276,247,236,104
2017,3,A,골목상권,2110677,등촌역 1번,9322,5547,3775,50,1699,2724,2399,1503,947,26,661,1635,1550,981,694,24,1038,1089,849,522,253
2017,3,A,골목상권,2110676,등촌역 7번,4120,2265,1855,15,567,1030,1140,886,482,9,203,563,657,501,332,6,364,467,483,385,150
2017,3,A,골목상권,2110675,화곡4동주민센터,2670,1129,1541,5,284,533,682,677,489,1,85,245,256,295,247,4,199,288,426,382,242
2017,3,A,골목상권,2110674,강서구청가양동별관,5692,3520,2172,21,970,1670,1632,994,405,10,485,1087,1056,612,270,11,485,583,576,382,135
2017,3,A,골목상권,2110673,뜸부기어린이공원,4024,1887,2137,10,540,917,1094,948,515,6,185,474,517,416,289,4,355,443,577,532,226
2017,3,A,골목상권,2110672,백석중학교,1515,653,862,7,163,333,452,401,159,4,39,137,205,174,94,3,124,196,247,227,65
2017,3,A,골목상권,2110671,등촌1동주민센터,40366,18332,22034,260,5774,10401,12792,9133,2006,159,2899,6562,5104,2323,1285,101,2875,3839,7688,6810,721
2017,3,A,골목상권,2110670,신곡초등학교,1411,540,871,1,143,305,426,397,139,1,33,121,151,157,77,0,110,184,275,240,62
2017,3,A,골목상권,2110669,화곡보람2차아파트,4250,2522,1728,2,876,1135,1007,753,477,2,261,734,740,472,313,0,615,401,267,281,164
2017,3,A,골목상권,2110668,화곡2동주민센터,3049,1186,1863,10,369,621,862,792,395,4,116,274,336,257,199,6,253,347,526,535,196
2017,3,A,골목상권,2110667,가양역 10번,23524,7945,15579,144,2313,5356,8438,6511,762,86,1436,3370,2109,459,485,58,877,1986,6329,6052,277
2017,3,A,골목상권,2110666,KC대학교,4890,2995,1895,1,445,1164,1264,1364,652,1,189,619,746,958,482,0,256,545,518,406,170
2017,3,A,골목상권,2110665,곰달래도서관,4692,2328,2364,14,552,1028,1234,1214,650,7,251,585,585,518,382,7,301,443,649,696,268
2017,3,A,골목상권,2110664,강서구청옆,6786,3957,2829,6,728,1675,1792,1712,873,4,315,908,1056,1107,567,2,413,767,736,605,306
2017,3,A,골목상권,2110663,우장산롯데캐슬아파트앞,13269,7640,5629,39,1775,2888,3009,3657,1901,30,1006,1824,1859,1894,1027,9,769,1064,1150,1763,874
2017,3,A,골목상권,2110662,까치산역 1번,2635,996,1639,11,315,566,709,643,391,2,92,248,269,181,204,9,223,318,440,462,187
2017,3,A,골목상권,2110661,강서새말어린이공원,5797,3377,2420,5,629,1495,1555,1442,671,3,262,791,898,968,455,2,367,704,657,474,216
2017,3,A,골목상권,2110660,등촌3동주민센터,33747,13446,20301,175,3787,7386,10587,9418,2394,112,2308,4722,3426,1712,1166,63,1479,2664,7161,7706,1228
2017,3,A,골목상권,2110659,화곡역 4번,3514,1364,2150,11,509,811,951,774,458,5,126,331,389,277,236,6,383,480,562,497,222
2017,3,A,골목상권,2110658,화곡초등학교,3153,1711,1442,4,283,588,774,821,683,3,87,301,411,455,454,1,196,287,363,366,229
2017,3,A,골목상권,2110657,양천향교역 5번,16942,9266,7676,75,3230,4200,3894,3642,1901,42,1298,2500,2354,1794,1278,33,1932,1700,1540,1848,623
2017,3,A,골목상권,2110656,까치산역 3번,4135,2122,2013,12,398,770,1018,1262,675,4,170,420,542,603,383,8,228,350,476,659,292
2017,3,A,골목상권,2110655,발산역 5번,7219,3737,3482,57,1093,1496,1596,1622,1355,24,461,878,944,751,679,33,632,618,652,871,676
2017,3,A,골목상권,2110654,까치산역 4번,3638,1720,1918,10,378,722,970,984,574,3,116,348,468,459,326,7,262,374,502,525,248
2017,3,A,골목상권,2110653,화곡역 2번,3874,1576,2298,12,652,840,950,860,560,4,168,391,396,327,290,8,484,449,554,533,270
2017,3,A,골목상권,2110652,양천향교역 2번,6751,3724,3027,21,692,1335,1578,2117,1008,14,327,781,943,941,718,7,365,554,635,1176,290
2017,3,A,골목상권,2110651,화원중학교,2502,1240,1262,2,235,486,711,655,413,2,86,241,340,315,256,0,149,245,371,340,157
2017,3,A,골목상권,2110650,우장산힐스테이트,2257,1086,1171,49,373,379,520,554,382,22,141,199,252,247,225,27,232,180,268,307,157
2017,3,A,골목상권,2110649,우장산역 1번,3140,1253,1887,5,406,684,827,786,432,3,82,270,321,311,266,2,324,414,506,475,166
2017,3,A,골목상권,2110648,양천향교역 7번,11010,6026,4984,38,2198,2454,2380,2646,1294,23,763,1467,1535,1320,918,15,1435,987,845,1326,376
2017,3,A,골목상권,2110647,화곡역 5번,5150,2399,2751,17,695,1072,1323,1370,673,9,222,563,648,556,401,8,473,509,675,814,272
2017,3,A,골목상권,2110646,푸른들청소년도서관,5094,2119,2975,26,763,996,1276,1403,630,11,223,492,544,502,347,15,540,504,732,901,283
2017,3,A,골목상권,2110645,우장산역 4번,3899,1411,2488,8,479,890,1020,1046,456,5,89,324,356,403,234,3,390,566,664,643,222
2017,3,A,골목상권,2110644,신광명마을,3385,2361,1024,4,175,583,892,1048,683,2,105,374,579,730,571,2,70,209,313,318,112
2017,3,A,골목상권,2110643,강서구다솔마을,3853,2437,1416,7,409,950,1211,866,410,5,175,627,790,538,302,2,234,323,421,328,108
2017,3,A,골목상권,2110642,정곡초등학교,936,654,282,2,51,118,250,283,232,1,22,60,157,216,198,1,29,58,93,67,34
2017,3,A,골목상권,2110641,공항고등학교,1905,835,1070,3,166,340,464,494,438,2,62,167,216,226,162,1,104,173,248,268,276
2017,3,A,골목상권,2110640,방화역 1번,2862,1640,1222,5,244,513,748,803,549,3,64,193,417,554,409,2,180,320,331,249,140
2017,3,A,골목상권,2110639,신방화역 8번,2984,1557,1427,6,428,781,711,688,370,1,130,405,386,377,258,5,298,376,325,311,112
2017,3,A,골목상권,2110638,신방화역 2번,5313,2621,2692,12,702,1281,1327,1244,747,5,233,695,673,581,434,7,469,586,654,663,313
2017,3,A,골목상권,2110637,송정역 2번,2551,1627,924,12,238,492,624,684,501,4,97,269,384,465,408,8,141,223,240,219,93
2017,3,A,골목상권,2110636,방화역 2번,3565,1671,1894,10,392,749,939,897,578,6,141,372,459,391,302,4,251,377,480,506,276
2017,3,A,골목상권,2110635,공항시장역 3번,2606,1374,1232,13,374,635,658,562,364,3,123,312,368,306,262,10,251,323,290,256,102
2017,3,A,골목상권,2110634,송정역 3번,4127,2617,1510,16,413,893,1139,1022,644,7,174,534,721,676,505,9,239,359,418,346,139
2017,3,A,골목상권,2110633,개화산역 1번,3092,1574,1518,14,401,688,795,771,423,6,159,408,422,340,239,8,242,280,373,431,184
2017,3,A,골목상권,2110632,방화역 3번,7082,4858,2224,17,825,1696,1921,1930,693,8,501,1247,1348,1322,432,9,324,449,573,608,261
2017,3,A,골목상권,2110631,방화초등학교,3064,1801,1263,4,322,630,751,733,624,0,116,357,414,437,477,4,206,273,337,296,147
2017,3,A,골목상권,2110630,공항시장역 1번,38427,21904,16523,55,7132,11977,11330,6647,1286,37,1913,5198,7799,5874,1083,18,5219,6779,3531,773,203
2017,3,A,골목상권,2110629,송정역 4번,37133,21139,15994,49,7007,11735,11078,6304,960,36,1883,5114,7656,5642,808,13,5124,6621,3422,662,152
2017,3,A,골목상권,2110628,신목동역,2866,1800,1066,9,410,1001,742,449,255,4,197,640,495,277,187,5,213,361,247,172,68
2017,3,A,골목상권,2110627,신정롯데캐슬아파트,3306,1437,1869,5,399,682,922,830,468,3,111,281,375,387,280,2,288,401,547,443,188
2017,3,A,골목상권,2110626,양화초등학교,4377,2690,1687,10,548,1304,1340,845,330,4,239,792,935,507,213,6,309,512,405,338,117
2017,3,A,골목상권,2110625,신정2동주민센터,6532,3366,3166,16,760,1544,1744,1751,717,13,311,746,836,1030,430,3,449,798,908,721,287
2017,3,A,골목상권,2110624,목동문화체육센터,655,277,378,1,69,122,205,165,93,0,23,48,78,71,57,1,46,74,127,94,36
2017,3,A,골목상권,2110623,갈산공원,870,481,389,3,108,188,222,216,133,1,54,115,103,111,97,2,54,73,119,105,36
2017,3,A,골목상권,2110622,달마을공원,3204,1763,1441,3,369,768,1010,754,300,2,122,391,665,406,177,1,247,377,345,348,123
2017,3,A,골목상권,2110621,목동역 5번,5119,2478,2641,10,995,1420,1245,854,595,4,271,668,688,479,368,6,724,752,557,375,227
2017,3,A,골목상권,2110620,목동보건지소,2545,1052,1493,3,229,522,674,654,463,1,80,228,224,254,265,2,149,294,450,400,198
2017,3,A,골목상권,2110619,목4동주민센터,1812,767,1045,5,261,414,466,407,259,2,67,161,191,183,163,3,194,253,275,224,96
2017,3,A,골목상권,2110618,강서고등학교,2847,1342,1505,7,297,554,719,710,560,2,108,271,293,339,329,5,189,283,426,371,231
2017,3,A,골목상권,2110617,등촌역 4번,2931,1424,1507,11,387,744,789,669,331,5,107,367,432,319,194,6,280,377,357,350,137
2017,3,A,골목상권,2110616,양목초등학교,4026,1944,2082,8,418,851,1054,923,772,4,122,401,538,411,468,4,296,450,516,512,304
2017,3,A,골목상권,2110615,신서초등학교,4067,2081,1986,8,366,816,1064,948,865,5,112,394,550,458,562,3,254,422,514,490,303
2017,3,A,골목상권,2110614,목동로데오거리,4527,2049,2478,10,678,1022,1145,1009,663,8,214,512,553,426,336,2,464,510,592,583,327
2017,3,A,골목상권,2110613,신정네거리역 4번,1838,808,1030,3,205,356,427,468,379,2,74,190,192,177,173,1,131,166,235,291,206
2017,3,A,골목상권,2110612,신정역 5번,4965,2188,2777,12,491,997,1259,1290,916,8,156,505,560,532,427,4,335,492,699,758,489
2017,3,A,골목상권,2110611,신정역 1번,4671,2362,2309,11,521,943,1163,1239,794,9,247,575,590,548,393,2,274,368,573,691,401
2017,3,A,골목상권,2110610,계남근린공원,1596,734,862,1,146,354,423,381,291,0,56,184,183,154,157,1,90,170,240,227,134
2017,3,A,골목상권,2110609,신정네거리역 2번,1937,816,1121,4,200,384,534,511,304,0,59,164,211,225,157,4,141,220,323,286,147
2017,3,A,골목상권,2110608,신월2동주민센터,3504,1680,1824,4,302,630,936,1058,574,1,124,334,423,452,346,3,178,296,513,606,228
2017,3,A,골목상권,2110607,금빛새마을금고본점,1538,686,852,3,175,294,408,407,251,2,62,130,166,172,154,1,113,164,242,235,97
2017,3,A,골목상권,2110606,신한은행 신월동지점,4158,2437,1721,9,300,564,952,1312,1021,2,119,299,440,783,794,7,181,265,512,529,227
2017,3,A,골목상권,2110605,목동센트럴아이파크앞,2508,1460,1048,5,191,342,540,583,847,0,78,177,221,280,704,5,113,165,319,303,143
2017,3,A,골목상권,2110604,신월4동주민센터,3895,2537,1358,8,245,556,900,1255,931,2,106,326,489,833,781,6,139,230,411,422,150
2017,3,A,골목상권,2110603,지향초등학교,3776,2551,1225,1,178,460,865,1202,1070,0,64,219,502,826,940,1,114,241,363,376,130
2017,3,A,골목상권,2110602,신월시영아파트중문,3321,2058,1263,7,226,415,749,1085,839,1,100,230,365,695,667,6,126,185,384,390,172
2017,3,A,골목상권,2110601,신월1동우편취급국,3278,1916,1362,7,227,559,874,1038,573,7,94,324,503,611,377,0,133,235,371,427,196
2017,3,A,골목상권,2110600,신월7동주민센터,3705,2511,1194,10,196,423,862,1282,932,6,83,248,495,911,768,4,113,175,367,371,164
2017,3,A,골목상권,2110599,신월1파출소,2483,1243,1240,2,167,428,709,800,377,2,61,203,354,415,208,0,106,225,355,385,169
2017,3,A,골목상권,2110598,신월문화체육센터,3812,2501,1311,6,313,574,985,1142,792,1,203,372,585,721,619,5,110,202,400,421,173
2017,3,A,골목상권,2110597,신월1동주민센터,4179,2329,1850,1,334,687,993,965,1199,1,106,325,430,455,1012,0,228,362,563,510,187
2017,3,A,골목상권,2110596,서서울호수공원,2684,1599,1085,6,163,415,735,891,474,6,67,233,419,548,326,0,96,182,316,343,148
2017,3,A,골목상권,2110595,메디힐병원,4339,2358,1981,6,407,761,1004,1006,1155,5,131,335,428,477,982,1,276,426,576,529,173
2017,3,A,골목상권,2110594,신월중학교,1564,530,1034,3,217,335,444,432,133,3,51,97,127,173,79,0,166,238,317,259,54
2017,3,A,골목상권,2110593,신월3동주민센터,3523,2155,1368,4,245,487,736,842,1209,4,79,220,328,474,1050,0,166,267,408,368,159
2017,3,A,골목상권,2110592,서울금융고등학교,3327,2111,1216,4,236,463,645,812,1167,4,69,206,303,493,1036,0,167,257,342,319,131
2017,3,A,골목상권,2110591,충정로역 6번,12478,7513,4965,14,2293,4565,2910,1548,1148,4,1034,2648,1916,1032,879,10,1259,1917,994,516,269
2017,3,A,골목상권,2110590,만리재,3117,1307,1810,14,542,757,846,691,267,7,86,277,394,384,159,7,456,480,452,307,108
2017,3,A,골목상권,2110589,애오개역 3번,3508,1645,1863,2,564,1186,1063,527,166,1,193,530,545,267,109,1,371,656,518,260,57
2017,3,A,골목상권,2110588,한겨레신문사,4871,2300,2571,28,1008,1213,1320,938,364,14,350,548,622,555,211,14,658,665,698,383,153
2017,3,A,골목상권,2110587,공덕동주민센터,9839,5049,4790,55,1756,2701,2908,1803,616,21,586,1301,1580,1150,411,34,1170,1400,1328,653,205
2017,3,A,골목상권,2110586,서울서부지방법원,25540,14207,11333,82,4325,7759,6854,4748,1772,26,1637,4468,4299,2743,1034,56,2688,3291,2555,2005,738
2017,3,A,골목상권,2110585,마포경찰서,12595,7230,5365,30,1953,3992,3150,2433,1037,10,876,2417,2049,1314,564,20,1077,1575,1101,1119,473
2017,3,A,골목상권,2110584,아현역 4번,1726,680,1046,6,273,492,419,330,206,3,44,146,186,170,131,3,229,346,233,160,75
2017,3,A,골목상권,2110583,공덕래미안3차아파트,16260,8951,7309,51,2678,4751,4215,3424,1141,16,987,2706,2663,1902,677,35,1691,2045,1552,1522,464
2017,3,A,골목상권,2110582,이대역 5번,1888,740,1148,8,368,520,452,309,231,5,79,206,196,148,106,3,289,314,256,161,125
2017,3,A,골목상권,2110581,염리초등학교,16222,9204,7018,85,2543,4747,4205,2809,1833,47,1039,2929,2685,1382,1122,38,1504,1818,1520,1427,711
2017,3,A,골목상권,2110580,양원초등학교,2555,1291,1264,2,382,665,680,518,308,1,111,290,387,327,175,1,271,375,293,191,133
2017,3,A,골목상권,2110579,마포역 4번,9185,5326,3859,9,1369,2439,2245,1842,1281,1,542,1399,1446,1069,869,8,827,1040,799,773,412
2017,3,A,골목상권,2110578,대흥역 2번,8601,5184,3417,90,1222,2303,2254,1725,1007,43,563,1360,1510,1019,689,47,659,943,744,706,318
2017,3,A,골목상권,2110577,용강동주민센터,10010,6063,3947,98,1785,3034,2732,1501,860,49,717,1883,1897,916,601,49,1068,1151,835,585,259
2017,3,A,골목상권,2110576,대흥역 3번,7885,4701,3184,89,1208,2229,1984,1451,924,44,557,1354,1319,811,616,45,651,875,665,640,308
2017,3,A,골목상권,2110575,대흥동주민센터,6621,3166,3455,47,2043,1917,1223,885,506,29,703,943,702,504,285,18,1340,974,521,381,221
2017,3,A,골목상권,2110574,서강대학교,3606,2057,1549,8,438,928,1020,791,421,1,156,446,621,522,311,7,282,482,399,269,110
2017,3,A,골목상권,2110573,신촌역 6번,6248,3013,3235,56,2017,1877,1088,756,454,31,677,932,655,466,252,25,1340,945,433,290,202
2017,3,A,골목상권,2110572,서강대역 1번,10762,5454,5308,71,2693,3015,2274,1686,1023,35,925,1524,1336,1003,631,36,1768,1491,938,683,392
2017,3,A,골목상권,2110571,신수동주민센터,5273,2993,2280,8,706,1484,1461,951,663,3,273,850,864,555,448,5,433,634,597,396,215
2017,3,A,골목상권,2110570,KB국민은행 서강지점,2614,1473,1141,5,319,734,743,444,369,2,129,425,441,240,236,3,190,309,302,204,133
2017,3,A,골목상권,2110569,홍대땡땡거리,9748,4788,4960,71,2058,2454,2457,1819,889,38,929,1373,1230,770,448,33,1129,1081,1227,1049,441
2017,3,A,골목상권,2110568,광흥창역 1번,2665,1290,1375,10,523,738,675,446,273,3,130,336,385,262,174,7,393,402,290,184,99
2017,3,A,골목상권,2110567,광흥창역 6번,4505,2073,2432,12,722,910,964,816,1081,2,165,369,562,469,506,10,557,541,402,347,575
2017,3,A,골목상권,2110566,경의선책거리,19928,10408,9520,131,4722,5084,4854,3345,1792,68,1870,2856,2734,1688,1192,63,2852,2228,2120,1657,600
2017,3,A,골목상권,2110565,홍익대,6678,4244,2434,24,1433,1786,1571,1106,758,6,640,1168,1117,775,538,18,793,618,454,331,220
2017,3,A,골목상권,2110564,홍대입구역 3번,10347,4823,5524,62,2796,2926,2265,1390,908,30,890,1464,1211,633,595,32,1906,1462,1054,757,313
2017,3,A,골목상권,2110563,상수역 3번,3717,1854,1863,16,675,920,667,526,913,5,300,562,423,231,333,11,375,358,244,295,580
2017,3,A,골목상권,2110562,연트럴파크(연남동주민센터),6281,3629,2652,17,1355,1991,1426,886,606,0,610,1196,895,522,406,17,745,795,531,364,200
2017,3,A,골목상권,2110561,상수역 4번,5511,3110,2401,30,1500,1782,1196,645,358,18,663,1079,760,373,217,12,837,703,436,272,141
2017,3,A,골목상권,2110560,마포FM,13467,8196,5271,48,1996,3084,2654,2440,3245,14,716,1793,1743,1394,2536,34,1280,1291,911,1046,709
2017,3,A,골목상권,2110559,성산중학교,7681,4124,3557,29,1899,2381,1814,1010,548,20,748,1294,1088,623,351,9,1151,1087,726,387,197
2017,3,A,골목상권,2110558,경성고등학교,9976,6573,3403,25,1184,1939,1838,1572,3418,12,451,1052,1082,955,3021,13,733,887,756,617,397
2017,3,A,골목상권,2110557,홍대부속여중고앞,16627,10124,6503,61,2711,4069,3395,2645,3746,26,935,2241,2192,1680,3050,35,1776,1828,1203,965,696
2017,3,A,골목상권,2110556,절두산순교성지,2213,1299,914,3,450,661,527,411,161,1,163,380,340,291,124,2,287,281,187,120,37
2017,3,A,골목상권,2110555,홍익지구대,7584,4390,3194,24,1651,2515,1788,1062,544,13,671,1450,1232,692,332,11,980,1065,556,370,212
2017,3,A,골목상권,2110554,망원역 1번,14374,7018,7356,48,2830,3560,2848,2141,2947,24,1131,1886,1607,954,1416,24,1699,1674,1241,1187,1531
2017,3,A,골목상권,2110553,가좌역 2번,3702,2315,1387,2,349,630,846,823,1052,1,111,319,494,497,893,1,238,311,352,326,159
2017,3,A,골목상권,2110552,성미산체육관,7779,5523,2256,18,696,1238,1300,1282,3245,14,288,691,814,828,2888,4,408,547,486,454,357
2017,3,A,골목상권,2110551,성서초등학교,7013,3580,3433,27,1224,1482,1520,1270,1490,17,482,799,749,505,1028,10,742,683,771,765,462
2017,3,A,골목상권,2110550,합정역 8번,12652,6903,5749,64,2674,4351,3156,1612,795,9,926,2335,2056,1066,511,55,1748,2016,1100,546,284
2017,3,A,골목상권,2110549,새터산,4978,3120,1858,15,553,975,1242,1024,1169,14,236,555,776,592,947,1,317,420,466,432,222
2017,3,A,골목상권,2110548,마포구청역 4번,7111,3496,3615,27,720,1292,1565,1904,1603,24,299,756,1019,760,638,3,421,536,546,1144,965
2017,3,A,골목상권,2110547,KB국민은행 망원동지점,7761,4236,3525,37,1373,1619,1712,1433,1587,28,557,902,952,671,1126,9,816,717,760,762,461
2017,3,A,골목상권,2110546,양화대교북단,5597,2820,2777,46,1251,2052,1480,534,234,1,372,1001,927,368,151,45,879,1051,553,166,83
2017,3,A,골목상권,2110545,마포구청역 1번,8271,3796,4475,14,655,1374,1749,2563,1916,13,260,646,996,1107,774,1,395,728,753,1456,1142
2017,3,A,골목상권,2110544,망리단길,10540,5663,4877,42,1986,2521,2325,1821,1845,27,784,1410,1313,857,1272,15,1202,1111,1012,964,573
2017,3,A,골목상권,2110543,중암중학교,2097,1441,656,3,121,222,363,587,801,3,47,105,185,391,710,0,74,117,178,196,91
2017,3,A,골목상권,2110542,마포구청역 7번,6264,2942,3322,15,586,951,1255,1800,1657,13,244,546,790,658,691,2,342,405,465,1142,966
2017,3,A,골목상권,2110541,동교초등학교,2338,1250,1088,9,331,548,650,509,291,7,144,310,337,254,198,2,187,238,313,255,93
2017,3,A,골목상권,2110540,망원나들목체육관,1054,660,394,2,155,243,277,233,144,1,72,166,179,137,105,1,83,77,98,96,39
2017,3,A,골목상권,2110539,미근동,49599,27838,21761,104,8038,16070,14687,8968,1732,28,2728,8184,8754,6979,1165,76,5310,7886,5933,1989,567
2017,3,A,골목상권,2110538,충정로역 3번,19346,11820,7526,19,3165,6347,5066,3003,1746,5,1471,3848,3359,1925,1212,14,1694,2499,1707,1078,534
2017,3,A,골목상권,2110537,충정로현대아파트,37879,21777,16102,79,6015,12425,10883,6789,1688,21,2242,6735,6387,5159,1233,58,3773,5690,4496,1630,455
2017,3,A,골목상권,2110536,돈의문센트레빌아파트입구,25694,13623,12071,66,4222,8026,7651,5055,674,17,1218,3813,4099,4002,474,49,3004,4213,3552,1053,200
2017,3,A,골목상권,2110535,영천시장입구,1460,630,830,0,156,267,391,410,236,0,39,92,168,182,149,0,117,175,223,228,87
2017,3,A,골목상권,2110534,경기대학교,8374,5163,3211,9,1269,2868,2133,1215,880,4,515,1652,1427,847,718,5,754,1216,706,368,162
2017,3,A,골목상권,2110533,충정로역 7번,10304,6436,3868,12,1701,3857,2425,1312,997,3,811,2355,1677,851,739,9,890,1502,748,461,258
2017,3,A,골목상권,2110532,아현역 2번,3212,1776,1436,5,377,575,639,832,784,1,90,229,360,504,592,4,287,346,279,328,192
2017,3,A,골목상권,2110531,홍지문,1754,767,987,1,355,412,450,382,154,1,108,159,234,181,84,0,247,253,216,201,70
2017,3,A,골목상권,2110530,아현역 1번,1377,549,828,6,211,365,348,286,161,3,30,100,159,151,106,3,181,265,189,135,55
2017,3,A,골목상권,2110529,홍제3동주민센터,2227,959,1268,4,293,407,588,465,470,1,89,155,219,204,291,3,204,252,369,261,179
2017,3,A,골목상권,2110528,서울여자간호대학교,1404,626,778,1,143,236,374,300,350,1,42,80,133,127,243,0,101,156,241,173,107
2017,3,A,골목상권,2110527,홍제역 2번,2522,1002,1520,9,352,486,682,587,406,5,105,197,243,231,221,4,247,289,439,356,185
2017,3,A,골목상권,2110526,봉원사,15398,5689,9709,10,3592,4999,3793,2345,659,7,800,1506,1544,1383,449,3,2792,3493,2249,962,210
2017,3,A,골목상권,2110525,홍은종합사회복지관,1499,706,793,3,158,265,367,319,387,1,56,108,139,149,253,2,102,157,228,170,134
2017,3,A,골목상권,2110524,연희세브란스병원,12711,4829,7882,9,3262,4226,3016,1743,455,7,756,1335,1282,1102,347,2,2506,2891,1734,641,108
2017,3,A,골목상권,2110523,홍제성원아파트,645,257,388,4,97,160,157,132,95,3,18,56,52,51,77,1,79,104,105,81,18
2017,3,A,골목상권,2110522,홍제역 3번,1615,620,995,6,249,357,427,355,221,4,55,136,152,139,134,2,194,221,275,216,87
2017,3,A,골목상권,2110521,홍제역 4번,1976,737,1239,4,305,432,537,424,274,1,75,168,201,169,123,3,230,264,336,255,151
2017,3,A,골목상권,2110520,경의중앙 신촌역,15992,6290,9702,29,4067,5085,3673,2266,872,14,1049,1787,1618,1292,530,15,3018,3298,2055,974,342
2017,3,A,골목상권,2110519,서대문구보건소별관,1476,706,770,1,241,378,400,320,136,0,74,178,203,156,95,1,167,200,197,164,41
2017,3,A,골목상권,2110518,서대문구청,3642,1739,1903,5,431,954,913,949,390,5,131,367,406,610,220,0,300,587,507,339,170
2017,3,A,골목상권,2110517,서대문소방서,1849,958,891,4,293,487,433,413,219,1,117,280,240,212,108,3,176,207,193,201,111
2017,3,A,골목상권,2110516,정원여중,1326,673,653,1,226,347,361,274,117,0,73,176,200,143,81,1,153,171,161,131,36
2017,3,A,골목상권,2110515,홍은중학교,656,415,241,0,105,171,199,126,55,0,43,110,134,84,44,0,62,61,65,42,11
2017,3,A,골목상권,2110514,서대문우체국,18661,7801,10860,55,4433,5431,4694,3086,962,35,1450,2061,2055,1604,596,20,2983,3370,2639,1482,366
2017,3,A,골목상권,2110513,연희파출소,2668,1468,1200,11,456,715,630,533,323,4,218,403,352,287,204,7,238,312,278,246,119
2017,3,A,골목상권,2110512,연희지하차도,4317,2176,2141,5,469,1056,1077,1156,554,5,146,412,500,757,356,0,323,644,577,399,198
2017,3,A,골목상권,2110511,연희초등학교,15080,6134,8946,22,3610,4706,3532,2289,921,10,926,1610,1524,1393,671,12,2684,3096,2008,896,250
2017,3,A,골목상권,2110510,홍연시장,1363,701,662,0,100,235,312,428,288,0,31,106,168,234,162,0,69,129,144,194,126
2017,3,A,골목상권,2110509,연희대우아파트앞,17959,7466,10493,55,4390,5632,4357,2624,901,25,1248,2067,1923,1532,671,30,3142,3565,2434,1092,230
2017,3,A,골목상권,2110508,서연중학교,3369,2026,1343,21,493,893,761,682,519,4,254,551,447,397,373,17,239,342,314,285,146
2017,3,A,골목상권,2110507,명지대학교,2354,1170,1184,6,291,513,602,625,317,4,104,232,290,336,204,2,187,281,312,289,113
2017,3,A,골목상권,2110506,연희임광아파트,2830,1689,1141,14,511,781,621,530,373,0,230,505,361,322,271,14,281,276,260,208,102
2017,3,A,골목상권,2110505,홍남교남측,1039,620,419,1,115,189,268,273,193,1,38,94,161,177,149,0,77,95,107,96,44
2017,3,A,골목상권,2110504,명지전문대,1595,866,729,5,193,307,406,454,230,1,75,119,215,287,169,4,118,188,191,167,61
2017,3,A,골목상권,2110503,명지대학교교회,2406,1286,1120,11,360,488,614,624,309,5,147,226,308,377,223,6,213,262,306,247,86
2017,3,A,골목상권,2110502,남가좌파출소,1665,824,841,4,219,325,447,424,246,3,64,135,208,232,182,1,155,190,239,192,64
2017,3,A,골목상권,2110501,연희어린이공원,2204,1296,908,10,415,703,520,345,211,1,175,458,319,203,140,9,240,245,201,142,71
2017,3,A,골목상권,2110500,남가좌동현대아파트,680,297,383,1,106,142,190,167,74,1,30,55,74,87,50,0,76,87,116,80,24
2017,3,A,골목상권,2110499,연가초등학교,1830,820,1010,5,168,328,511,528,290,0,48,138,190,246,198,5,120,190,321,282,92
2017,3,A,골목상권,2110498,증산역 1번,2998,1521,1477,2,316,509,710,825,636,1,128,260,334,402,396,1,188,249,376,423,240
2017,3,A,골목상권,2110497,가좌역 3번,1410,741,669,1,212,283,381,355,178,0,51,112,226,227,125,1,161,171,155,128,53
2017,3,A,골목상권,2110496,모래내우체국,2136,911,1225,3,240,417,566,553,357,2,84,182,231,233,179,1,156,235,335,320,178
2017,3,A,골목상권,2110495,북가좌2동주민센터,3119,1606,1513,8,349,567,780,840,575,3,137,287,389,436,354,5,212,280,391,404,221
2017,3,A,골목상권,2110494,증산3교남측,1300,813,487,4,110,200,344,355,287,1,50,98,190,233,241,3,60,102,154,122,46
2017,3,A,골목상권,2110493,북가좌초등학교,2336,1635,701,4,164,272,427,616,853,4,56,129,234,442,770,0,108,143,193,174,83
2017,3,A,골목상권,2110492,하나고등학교,476,146,330,3,49,67,83,164,110,1,17,27,39,32,30,2,32,40,44,132,80
2017,3,A,골목상권,2110491,불광중학교,528,161,367,1,60,112,145,153,57,1,11,29,40,43,37,0,49,83,105,110,20
2017,3,A,골목상권,2110490,녹번동근린공원,7041,3459,3582,16,830,1852,1858,1637,848,7,249,778,944,947,534,9,581,1074,914,690,314
2017,3,A,골목상권,2110489,불광역 3번,3053,1370,1683,9,442,911,831,577,283,4,140,388,445,246,147,5,302,523,386,331,136
2017,3,A,골목상권,2110488,우리은행응암동지점,5594,2652,2942,8,577,1256,1482,1428,843,4,176,486,662,784,540,4,401,770,820,644,303
2017,3,A,골목상권,2110487,불광역 8번,2780,1140,1640,6,373,774,772,546,309,2,114,315,361,200,148,4,259,459,411,346,161
2017,3,A,골목상권,2110486,은평구청,5561,2665,2896,8,571,1221,1489,1414,858,4,167,489,684,785,536,4,404,732,805,629,322
2017,3,A,골목상권,2110485,연신내우체국,1157,387,770,1,128,245,347,301,135,1,29,89,113,91,64,0,99,156,234,210,71
2017,3,A,골목상권,2110484,역촌역 3번,7514,3656,3858,15,789,1644,2018,1919,1129,8,278,712,973,1001,684,7,511,932,1045,918,445
2017,3,A,골목상권,2110483,연천초등학교,1449,515,934,5,231,279,357,336,241,2,56,103,127,121,106,3,175,176,230,215,135
2017,3,A,골목상권,2110482,연신초등학교,1322,736,586,2,139,327,420,345,89,2,65,196,231,187,55,0,74,131,189,158,34
2017,3,A,골목상권,2110481,불광역 7번,2834,1119,1715,5,315,582,800,677,455,2,114,247,329,214,213,3,201,335,471,463,242
2017,3,A,골목상권,2110480,연신내역 3번,2096,837,1259,5,335,425,508,451,372,2,89,168,205,187,186,3,246,257,303,264,186
2017,3,A,골목상권,2110479,연신내역 2번,2680,900,1780,7,459,535,704,592,383,4,108,185,234,196,173,3,351,350,470,396,210
2017,3,A,골목상권,2110478,응암1동주민센터,6236,3007,3229,11,601,1301,1644,1670,1009,6,217,562,746,861,615,5,384,739,898,809,394
2017,3,A,골목상권,2110477,은평세무서,6847,3405,3442,12,675,1406,1797,1812,1145,4,249,644,859,972,677,8,426,762,938,840,468
2017,3,A,골목상권,2110476,역촌역 2번,1138,492,646,5,122,209,348,313,141,4,38,99,150,124,77,1,84,110,198,189,64
2017,3,A,골목상권,2110475,백련산해모로아파트,2686,1146,1540,8,350,592,685,675,376,3,136,272,295,251,189,5,214,320,390,424,187
2017,3,A,골목상권,2110474,세명컴퓨터고등학교,2114,1011,1103,4,311,520,575,492,212,2,113,257,238,266,135,2,198,263,337,226,77
2017,3,A,골목상권,2110473,구산역 1번,3992,1537,2455,16,542,785,1079,991,579,7,165,327,436,330,272,9,377,458,643,661,307
2017,3,A,골목상권,2110472,연신내역 4번,3469,1462,2007,14,577,716,838,760,564,6,177,313,364,302,300,8,400,403,474,458,264
2017,3,A,골목상권,2110471,응암동우체국,2630,1171,1459,3,304,533,687,682,421,2,103,199,308,315,244,1,201,334,379,367,177
2017,3,A,골목상권,2110470,신진과학기술고등학교,2440,1135,1305,7,335,541,624,582,351,3,136,272,302,234,188,4,199,269,322,348,163
2017,3,A,골목상권,2110469,응암정보도서관,3803,1872,1931,7,426,657,996,1084,633,3,151,279,463,558,418,4,275,378,533,526,215
2017,3,A,골목상권,2110468,응암역 3번,5053,2362,2691,8,577,994,1268,1299,907,3,205,497,602,577,478,5,372,497,666,722,429
2017,3,A,골목상권,2110467,은평요양병원,1498,843,655,6,181,329,410,380,192,4,90,193,216,228,112,2,91,136,194,152,80
2017,3,A,골목상권,2110466,구산역 2번,2951,1127,1824,13,359,539,795,796,449,6,100,224,316,243,238,7,259,315,479,553,211
2017,3,A,골목상권,2110465,연신내역 7번,3211,1343,1868,12,523,676,803,708,489,6,164,294,312,295,272,6,359,382,491,413,217
2017,3,A,골목상권,2110464,연신내역 5번,2830,1152,1678,11,430,608,724,636,421,4,135,263,294,232,224,7,295,345,430,404,197
2017,3,A,골목상권,2110463,응암3동주민센터,1746,726,1020,4,222,363,475,423,259,3,78,166,199,157,123,1,144,197,276,266,136
2017,3,A,골목상권,2110462,갈현건영아파트,1347,773,574,6,176,276,361,352,176,4,101,164,187,210,107,2,75,112,174,142,69
2017,3,A,골목상권,2110461,새절역 2번,1673,864,809,3,192,311,389,440,338,3,80,159,197,219,206,0,112,152,192,221,132
2017,3,A,골목상권,2110460,구산역 4번,4389,2091,2298,13,426,723,1139,1340,748,4,122,321,509,704,431,9,304,402,630,636,317
2017,3,A,골목상권,2110459,응암역 2번,3199,1491,1708,8,385,670,814,801,521,5,122,320,363,376,305,3,263,350,451,425,216
2017,3,A,골목상권,2110458,선일여고,1957,867,1090,7,232,442,498,445,333,3,92,203,205,168,196,4,140,239,293,277,137
2017,3,A,골목상권,2110457,예일여고,3698,1763,1935,11,336,584,950,1233,584,3,89,255,418,663,335,8,247,329,532,570,249
2017,3,A,골목상권,2110456,구산보건지소,2487,1021,1466,9,291,510,645,637,395,3,98,217,258,241,204,6,193,293,387,396,191
2017,3,A,골목상권,2110455,역촌노인복지관,2899,1383,1516,7,286,550,744,749,563,4,96,264,346,347,326,3,190,286,398,402,237
2017,3,A,골목상권,2110454,선정중학교,2776,1587,1189,11,215,429,663,937,521,1,55,188,330,642,371,10,160,241,333,295,150
2017,3,A,골목상권,2110453,신사1동주민센터,2851,1295,1556,6,375,587,732,710,441,4,133,282,325,319,232,2,242,305,407,391,209
2017,3,A,골목상권,2110452,새절역 3번,2189,1074,1115,3,218,345,496,569,558,3,90,175,239,280,287,0,128,170,257,289,271
2017,3,A,골목상권,2110451,증산역 4번,2582,1466,1116,3,187,317,529,731,815,2,72,158,286,459,489,1,115,159,243,272,326
2017,3,A,골목상권,2110450,시립서북병원,3408,1242,2166,8,426,753,897,905,419,4,116,281,316,321,204,4,310,472,581,584,215
2017,3,A,골목상권,2110449,증산역 3번,2022,1099,923,9,208,355,503,559,388,3,82,162,260,334,258,6,126,193,243,225,130
2017,3,A,골목상권,2110448,상신초등학교입구,977,427,550,0,81,190,307,207,192,0,25,89,131,79,103,0,56,101,176,128,89
2017,3,A,골목상권,2110447,구산초등학교,1540,1042,498,3,59,123,312,626,417,0,23,49,165,510,295,3,36,74,147,116,122
2017,3,A,골목상권,2110446,내를건너서숲으로도서관,983,477,506,0,70,128,215,251,319,0,26,59,107,135,150,0,44,69,108,116,169
2017,3,A,골목상권,2110445,덕산중학교,863,336,527,3,127,183,251,200,99,2,29,62,107,76,60,1,98,121,144,124,39
2017,3,A,골목상권,2110444,수색성당,3269,1990,1279,13,376,552,670,767,891,5,91,219,349,520,806,8,285,333,321,247,85
2017,3,A,골목상권,2110443,수색역 1번,1361,727,634,1,185,223,208,251,493,0,29,71,93,127,407,1,156,152,115,124,86
2017,3,A,골목상권,2110442,화랑대철도공원,1314,420,894,0,244,268,375,326,101,0,29,71,133,136,51,0,215,197,242,190,50
2017,3,A,골목상권,2110441,영신여고,1069,417,652,0,92,240,298,277,162,0,23,83,105,103,103,0,69,157,193,174,59
2017,3,A,골목상권,2110440,상계3동4동주민센터,415,162,253,1,47,70,147,107,43,1,11,31,54,42,23,0,36,39,93,65,20
2017,3,A,골목상권,2110439,당고개역 5번,2274,1373,901,2,96,146,466,770,794,2,26,69,280,540,456,0,70,77,186,230,338
2017,3,A,골목상권,2110438,경춘선숲길 우측,3434,1527,1907,3,522,892,919,727,371,1,161,398,392,353,222,2,361,494,527,374,149
2017,3,A,골목상권,2110437,당고개역 2번,2776,1602,1174,2,149,220,582,884,939,2,38,102,331,585,544,0,111,118,251,299,395
2017,3,A,골목상권,2110436,상계제일중학교,2030,850,1180,6,188,392,526,561,357,3,64,174,213,225,171,3,124,218,313,336,186
2017,3,A,골목상권,2110435,서울과학기술대,2672,1656,1016,6,317,689,608,723,329,3,153,384,373,480,263,3,164,305,235,243,66
2017,3,A,골목상권,2110434,태릉입구역 4번,4996,2267,2729,11,554,924,1259,1414,834,9,210,520,573,566,389,2,344,404,686,848,445
2017,3,A,골목상권,2110433,공릉역 2번,5580,3015,2565,11,587,937,1392,1571,1082,3,231,552,709,792,728,8,356,385,683,779,354
2017,3,A,골목상권,2110432,대진고등학교,5068,2613,2455,8,867,1307,1155,1179,552,2,284,634,630,702,361,6,583,673,525,477,191
2017,3,A,골목상권,2110431,상계역,2113,804,1309,5,212,378,563,575,380,1,80,161,213,192,157,4,132,217,350,383,223
2017,3,A,골목상권,2110430,중계초등학교,1528,568,960,4,163,265,419,418,259,1,52,109,148,136,122,3,111,156,271,282,137
2017,3,A,골목상권,2110429,공릉동 국수거리,7598,3960,3638,21,828,1322,1804,1995,1628,12,334,768,913,1006,927,9,494,554,891,989,701
2017,3,A,골목상권,2110428,상계5동주민센터,3338,1522,1816,5,241,439,738,846,1069,2,98,223,315,339,545,3,143,216,423,507,524
2017,3,A,골목상권,2110427,노원 을지대학교병원,4044,2011,2033,7,777,1086,907,876,391,2,235,504,473,535,262,5,542,582,434,341,129
2017,3,A,골목상권,2110426,상계2동주민센터,3532,1352,2180,10,435,684,925,930,548,6,123,258,339,340,286,4,312,426,586,590,262
2017,3,A,골목상권,2110425,계상초등학교,3518,1393,2125,8,310,541,822,893,944,3,108,242,297,289,454,5,202,299,525,604,490
2017,3,A,골목상권,2110424,상계초등학교,3527,1277,2250,15,439,668,889,944,572,10,150,292,295,293,237,5,289,376,594,651,335
2017,3,A,골목상권,2110423,석계역 2번,2513,1142,1371,3,350,547,668,580,365,0,95,252,310,281,204,3,255,295,358,299,161
2017,3,A,골목상권,2110422,노원역 9번,2742,984,1758,11,438,542,691,708,352,6,132,229,232,219,166,5,306,313,459,489,186
2017,3,A,골목상권,2110421,석계역 1번,2316,1206,1110,3,252,354,582,686,439,0,84,173,293,374,282,3,168,181,289,312,157
2017,3,A,골목상권,2110420,광운대역 1번,1563,857,706,5,194,403,450,364,147,5,62,211,254,226,99,0,132,192,196,138,48
2017,3,A,골목상권,2110419,수락산디자인거리,4564,2620,1944,7,366,741,1160,1140,1150,4,149,398,595,630,844,3,217,343,565,510,306
2017,3,A,골목상권,2110418,광운대학교 남단,2084,1163,921,6,227,411,546,588,306,5,72,194,291,367,234,1,155,217,255,221,72
2017,3,A,골목상권,2110417,월계역 3번,1447,712,735,3,157,207,395,445,240,3,64,107,196,218,124,0,93,100,199,227,116
2017,3,A,골목상권,2110416,노원초등학교,2832,1616,1216,4,216,419,692,692,809,2,93,240,337,363,581,2,123,179,355,329,228
2017,3,A,골목상권,2110415,수락산역 4번,4693,2374,2319,7,476,926,1264,1109,911,4,220,529,633,531,457,3,256,397,631,578,454
2017,3,A,골목상권,2110414,장석교회,1259,793,466,3,109,184,273,385,305,3,35,87,165,257,246,0,74,97,108,128,59
2017,3,A,골목상권,2110413,누원고등학교,1364,617,747,0,101,177,324,434,328,0,29,84,122,184,198,0,72,93,202,250,130
2017,3,A,골목상권,2110412,창동중학교,1930,1437,493,3,101,192,345,716,573,3,40,78,205,566,545,0,61,114,140,150,28
2017,3,A,골목상권,2110411,도봉역 3번,3387,1917,1470,5,298,643,922,870,649,3,123,310,496,520,465,2,175,333,426,350,184
2017,3,A,골목상권,2110410,방학역 2번,5933,3197,2736,20,569,874,1248,1308,1914,16,226,447,574,657,1277,4,343,427,674,651,637
2017,3,A,골목상권,2110409,창동역 2번,4811,2274,2537,10,575,1202,1300,1247,477,3,179,532,625,661,274,7,396,670,675,586,203
2017,3,A,골목상권,2110408,가인초등학교,3451,1885,1566,6,382,698,869,878,618,0,135,402,483,500,365,6,247,296,386,378,253
2017,3,A,골목상권,2110407,도봉역 2번,4340,2474,1866,14,359,718,1085,1239,925,11,117,323,556,767,700,3,242,395,529,472,225
2017,3,A,골목상권,2110406,도봉산역 1번,1819,1224,595,1,112,206,500,637,363,1,51,129,327,465,251,0,61,77,173,172,112
2017,3,A,골목상권,2110405,방학역 1번,3249,1767,1482,19,392,553,798,881,606,15,159,302,400,483,408,4,233,251,398,398,198
2017,3,A,골목상권,2110404,신창초등학교,2850,1408,1442,13,270,474,815,854,424,5,81,209,351,475,287,8,189,265,464,379,137
2017,3,A,골목상권,2110403,방학1동주민센터,3432,1702,1730,9,431,655,889,888,560,5,169,371,456,423,278,4,262,284,433,465,282
2017,3,A,골목상권,2110402,도봉구 정병원,3317,1525,1792,5,375,610,841,888,598,0,106,329,404,394,292,5,269,281,437,494,306
2017,3,A,골목상권,2110401,도봉구민회관,3449,1615,1834,6,337,603,725,809,969,2,131,307,340,366,469,4,206,296,385,443,500
2017,3,A,골목상권,2110400,도봉구보건소,3757,1819,1938,7,448,752,972,953,625,1,157,392,476,457,336,6,291,360,496,496,289
2017,3,A,골목상권,2110399,창2동주민센터,2442,1115,1327,15,239,444,689,669,386,4,61,225,293,294,238,11,178,219,396,375,148
2017,3,A,골목상권,2110398,쌍문2동우체국,3782,1772,2010,7,361,667,800,932,1015,4,143,330,376,432,487,3,218,337,424,500,528
2017,3,A,골목상권,2110397,도봉산입구,2155,1207,948,2,174,307,568,673,431,1,58,139,281,415,313,1,116,168,287,258,118
2017,3,A,골목상권,2110396,쌍문역1번(쌍리단길),2270,953,1317,10,377,498,575,544,266,3,95,209,263,239,144,7,282,289,312,305,122
2017,3,A,골목상권,2110395,신한은행 방학동지점,1353,527,826,0,143,234,338,353,285,0,40,107,128,130,122,0,103,127,210,223,163
2017,3,A,골목상권,2110394,방학중학교,1830,710,1120,1,198,371,480,491,289,1,58,175,172,174,130,0,140,196,308,317,159
2017,3,A,골목상권,2110393,국민은행방학지점,1090,371,719,0,99,198,292,301,200,0,9,75,100,104,83,0,90,123,192,197,117
2017,3,A,골목상권,2110392,발바닥공원,671,228,443,1,69,125,169,162,145,0,15,39,47,54,73,1,54,86,122,108,72
2017,3,A,골목상권,2110391,샘말어린이공원,1075,550,525,1,98,216,250,332,178,1,35,106,102,164,142,0,63,110,148,168,36
2017,3,A,골목상권,2110390,방학초등학교,1923,656,1267,0,187,351,508,565,312,0,45,146,167,169,129,0,142,205,341,396,183
2017,3,A,골목상권,2110389,한일병원,2450,1215,1235,5,483,562,539,560,301,2,125,290,255,327,216,3,358,272,284,233,85
2017,3,A,골목상권,2110388,도봉우체국,1976,818,1158,4,435,501,481,393,162,2,111,229,179,190,107,2,324,272,302,203,55
2017,3,A,골목상권,2110387,쌍문초등학교,1865,798,1067,1,309,439,457,440,219,0,70,195,198,193,142,1,239,244,259,247,77
2017,3,A,골목상권,2110386,연산군묘,705,438,267,1,36,58,154,251,205,1,10,19,84,144,180,0,26,39,70,107,25
2017,3,A,골목상권,2110385,효문고등학교,1339,535,804,0,215,215,346,386,177,0,22,74,143,170,126,0,193,141,203,216,51
2017,3,A,골목상권,2110384,문이교,951,503,448,0,119,151,217,262,202,0,49,74,109,122,149,0,70,77,108,140,53
2017,3,A,골목상권,2110383,덕성여대시반거리,1138,398,740,2,218,194,298,299,127,0,26,80,112,113,67,2,192,114,186,186,60
2017,3,A,골목상권,2110382,솔밭공원역 1번,1802,770,1032,0,298,301,436,500,267,0,62,127,185,207,189,0,236,174,251,293,78
2017,3,A,골목상권,2110381,번동주공2단지,1640,779,861,4,190,332,408,418,288,3,66,117,178,219,196,1,124,215,230,199,92
2017,3,A,골목상권,2110380,강북문화정보도서관,1125,543,582,9,162,188,277,299,190,4,53,91,124,162,109,5,109,97,153,137,81
2017,3,A,골목상권,2110379,KT&G 북부지사,2009,1397,612,2,172,255,516,740,324,2,100,129,327,575,264,0,72,126,189,165,60
2017,3,A,골목상권,2110378,송중동주민센터,1521,700,821,3,173,339,454,322,230,2,70,150,199,142,137,1,103,189,255,180,93
2017,3,A,골목상권,2110377,미아사거리역 3번,3124,1254,1870,16,539,819,815,606,329,7,171,320,350,236,170,9,368,499,465,370,159
2017,3,A,골목상권,2110376,수송초등학교,6506,3792,2714,6,595,1405,1674,1910,916,3,219,735,938,1281,616,3,376,670,736,629,300
2017,3,A,골목상권,2110375,서울북부고용노동지청,2686,1706,980,2,238,393,702,897,454,2,118,221,417,629,319,0,120,172,285,268,135
2017,3,A,골목상권,2110374,송중초등학교,3199,1446,1753,16,346,648,857,785,547,4,101,253,360,367,361,12,245,395,497,418,186
2017,3,A,골목상권,2110373,수유역 2번,7162,3900,3262,14,859,1584,1751,1828,1126,6,310,840,950,1124,670,8,549,744,801,704,456
2017,3,A,골목상권,2110372,강북중학교,1799,882,917,3,223,382,491,459,241,0,80,191,225,224,162,3,143,191,266,235,79
2017,3,A,골목상권,2110371,삼양입구사거리,2284,1022,1262,12,305,472,607,564,324,3,72,188,264,269,226,9,233,284,343,295,98
2017,3,A,골목상권,2110370,도봉세무서,2803,1272,1531,14,301,553,741,730,464,5,94,230,330,329,284,9,207,323,411,401,180
2017,3,A,골목상권,2110369,성신여대운정그린캠퍼스,5824,3179,2645,21,725,1170,1377,1399,1132,4,268,676,790,780,661,17,457,494,587,619,471
2017,3,A,골목상권,2110368,송천초등학교,2052,823,1229,14,322,457,562,458,239,6,74,164,229,180,170,8,248,293,333,278,69
2017,3,A,골목상권,2110367,강북구청,7280,3840,3440,15,894,1592,1716,1699,1364,4,331,842,922,1018,723,11,563,750,794,681,641
2017,3,A,골목상권,2110366,광산사거리,4143,2122,2021,3,361,864,1010,1057,848,1,124,413,506,644,434,2,237,451,504,413,414
2017,3,A,골목상권,2110365,미아역 5번,2559,1150,1409,6,312,559,681,619,382,4,99,228,296,290,233,2,213,331,385,329,149
2017,3,A,골목상권,2110364,미아역 8번,2335,1005,1330,8,290,481,635,576,345,1,81,183,297,259,184,7,209,298,338,317,161
2017,3,A,골목상권,2110363,송천동주민센터,1374,535,839,5,181,306,397,313,172,4,49,132,150,106,94,1,132,174,247,207,78
2017,3,A,골목상권,2110362,우이천 계성교,2503,1135,1368,2,406,492,632,631,340,0,101,261,292,294,187,2,305,231,340,337,153
2017,3,A,골목상권,2110361,삼양사거리역 1번,1371,617,754,4,152,259,355,365,236,3,43,129,151,162,129,1,109,130,204,203,107
2017,3,A,골목상권,2110360,수유초등학교,4021,1934,2087,15,484,620,891,1079,932,6,170,310,398,481,569,9,314,310,493,598,363
2017,3,A,골목상권,2110359,수유시장옆,6762,3370,3392,13,748,1295,1543,1631,1532,3,262,606,750,907,842,10,486,689,793,724,690
2017,3,A,골목상권,2110358,인수동 우편취급국,4439,2200,2239,14,573,727,963,1123,1039,4,195,380,465,534,622,10,378,347,498,589,417
2017,3,A,골목상권,2110357,가오리역 1번,1831,833,998,2,269,372,439,440,309,0,91,189,204,209,140,2,178,183,235,231,169
2017,3,A,골목상권,2110356,덕수교,1834,775,1059,3,281,350,482,486,232,0,62,163,211,213,126,3,219,187,271,273,106
2017,3,A,골목상권,2110355,삼양사거리역 2번,1834,719,1115,4,225,362,488,476,279,3,54,151,174,190,147,1,171,211,314,286,132
2017,3,A,골목상권,2110354,삼각산119안전센터,926,303,623,4,128,212,291,203,88,1,27,84,87,58,46,3,101,128,204,145,42
2017,3,A,골목상권,2110353,수유동우체국,1941,795,1146,3,301,348,459,519,311,0,67,167,203,219,139,3,234,181,256,300,172
2017,3,A,골목상권,2110352,수유1동주민센터,2235,1158,1077,4,219,402,685,662,263,3,63,177,352,391,172,1,156,225,333,271,91
2017,3,A,골목상권,2110351,수유북부시장옆,2062,1180,882,2,128,277,546,739,370,2,40,148,331,426,233,0,88,129,215,313,137
2017,3,A,골목상권,2110350,가오리역 2번,2223,921,1302,1,219,474,551,595,383,0,53,194,224,231,219,1,166,280,327,364,164
2017,3,A,골목상권,2110349,화계역 2번,1672,1068,604,1,129,273,480,552,237,0,38,126,300,404,200,1,91,147,180,148,37
2017,3,A,골목상권,2110348,강북문화예술회관,2438,930,1508,3,281,553,656,596,349,2,77,218,264,211,158,1,204,335,392,385,191
2017,3,A,골목상권,2110347,구세군강북종합사회복지관,734,270,464,1,104,184,202,159,84,1,31,65,63,60,50,0,73,119,139,99,34
2017,3,A,골목상권,2110346,4.19민주묘지역 2번,1385,566,819,3,242,261,351,369,159,0,46,124,162,151,83,3,196,137,189,218,76
2017,3,A,골목상권,2110345,솔밭공원역 2번,2365,1187,1178,2,320,341,525,780,397,0,69,145,238,444,291,2,251,196,287,336,106
2017,3,A,골목상권,2110344,화계중학교,1055,693,362,0,65,192,356,368,74,0,14,87,242,283,67,0,51,105,114,85,7
2017,3,A,골목상권,2110343,무너미어린이공원,1820,767,1053,4,180,319,463,469,385,2,64,154,210,166,171,2,116,165,253,303,214
2017,3,A,골목상권,2110342,국립재활원,2010,1108,902,2,155,424,605,600,224,1,41,206,374,360,126,1,114,218,231,240,98
2017,3,A,골목상권,2110341,북한산우이역 2번,792,597,195,1,51,76,126,329,209,0,33,46,85,268,165,1,18,30,41,61,44
2017,3,A,골목상권,2110340,인수중학교,1322,691,631,3,120,185,314,372,328,3,52,83,162,203,188,0,68,102,152,169,140
2017,3,A,골목상권,2110339,국립4.19민주묘지,1162,655,507,1,113,151,256,335,306,1,49,82,149,205,169,0,64,69,107,130,137
2017,3,A,골목상권,2110338,인수초등학교,1778,798,980,3,191,383,453,459,289,2,57,139,199,222,179,1,134,244,254,237,110
2017,3,A,골목상권,2110337,아카데미하우스,1398,729,669,3,130,208,339,390,328,3,55,89,174,220,188,0,75,119,165,170,140
2017,3,A,골목상권,2110336,석관고등학교,2621,1867,754,1,123,344,475,626,1052,1,58,184,310,466,848,0,65,160,165,160,204
2017,3,A,골목상권,2110335,석계역 7번,4005,2359,1646,4,338,579,833,981,1270,1,117,280,443,573,945,3,221,299,390,408,325
2017,3,A,골목상권,2110334,석관중앙교회,2404,1374,1030,2,197,502,643,680,380,0,46,206,370,461,291,2,151,296,273,219,89
2017,3,A,골목상권,2110333,돌곶이역 5번,3917,2350,1567,6,309,566,759,845,1432,2,114,298,412,469,1055,4,195,268,347,376,377
2017,3,A,골목상권,2110332,돌곶이역 3번,3692,2303,1389,5,303,485,682,814,1403,2,113,272,378,481,1057,3,190,213,304,333,346
2017,3,A,골목상권,2110331,돌곶이역 8번,2663,1275,1388,6,287,585,726,608,451,2,72,254,361,284,302,4,215,331,365,324,149
2017,3,A,골목상권,2110330,돌곶이역 1번,2770,1351,1419,4,286,576,697,642,565,2,81,257,341,310,360,2,205,319,356,332,205
2017,3,A,골목상권,2110329,우리은행체육관,1269,583,686,0,112,216,293,345,303,0,31,95,123,168,166,0,81,121,170,177,137
2017,3,A,골목상권,2110328,상월곡역 3번,2160,1101,1059,1,263,512,626,463,295,1,88,240,339,243,190,0,175,272,287,220,105
2017,3,A,골목상권,2110327,상월곡역 2번,1698,788,910,0,193,363,518,400,224,0,75,171,232,176,134,0,118,192,286,224,90
2017,3,A,골목상권,2110326,장위동성당,941,404,537,2,73,218,294,217,137,2,19,90,113,95,85,0,54,128,181,122,52
2017,3,A,골목상권,2110325,장곡초등학교,1182,499,683,11,154,231,322,294,170,5,50,113,132,118,81,6,104,118,190,176,89
2017,3,A,골목상권,2110324,월곡역 4번,3740,2175,1565,3,585,1051,911,752,438,2,255,635,553,459,271,1,330,416,358,293,167
2017,3,A,골목상권,2110323,상월곡역 1번,3899,2164,1735,4,658,993,929,845,470,2,243,583,531,506,299,2,415,410,398,339,171
2017,3,A,골목상권,2110322,장위1동주민센터,998,458,540,11,131,144,256,272,184,5,51,83,107,114,98,6,80,61,149,158,86
2017,3,A,골목상권,2110321,동덕여대,2028,870,1158,2,308,348,519,528,323,1,58,158,230,234,189,1,250,190,289,294,134
2017,3,A,골목상권,2110320,KB국민은행 종암동지점,3059,1823,1236,3,374,640,897,797,348,2,131,311,575,549,255,1,243,329,322,248,93
2017,3,A,골목상권,2110319,종암동주민센터,2978,1467,1511,7,429,672,772,770,328,2,147,356,424,383,155,5,282,316,348,387,173
2017,3,A,골목상권,2110318,KT월곡지사,4551,2431,2120,9,638,1095,1261,1099,449,0,235,607,724,619,246,9,403,488,537,480,203
2017,3,A,골목상권,2110317,종암중학교,2995,1805,1190,4,399,631,870,763,328,3,147,299,564,552,240,1,252,332,306,211,88
2017,3,A,골목상권,2110316,숭곡초등학교,5257,2466,2791,15,777,1261,1426,1147,631,5,291,577,695,550,348,10,486,684,731,597,283
2017,3,A,골목상권,2110315,종암아이파크2차,1806,691,1115,7,279,343,441,470,266,2,85,152,173,156,123,5,194,191,268,314,143
2017,3,A,골목상권,2110314,종암경찰서,2980,1495,1485,7,384,623,812,771,383,1,135,355,440,394,170,6,249,268,372,377,213
2017,3,A,골목상권,2110313,안암역 3번,8107,4169,3938,9,1500,2259,2125,1486,728,4,426,1007,1267,957,508,5,1074,1252,858,529,220
2017,3,A,골목상권,2110312,안암역 2번,6202,3042,3160,5,1279,1820,1596,1111,391,1,331,744,940,744,282,4,948,1076,656,367,109
2017,3,A,골목상권,2110311,종암아이파크2차후문,423,109,314,0,35,84,103,119,82,0,10,29,27,19,24,0,25,55,76,100,58
2017,3,A,골목상권,2110310,길음역 10번,1657,615,1042,4,158,293,452,369,381,1,37,121,160,114,182,3,121,172,292,255,199
2017,3,A,골목상권,2110309,대광초등학교,3928,2252,1676,16,492,952,1001,862,605,6,180,548,614,517,387,10,312,404,387,345,218
2017,3,A,골목상권,2110308,길음역 8번,2498,950,1548,15,272,470,703,560,478,6,69,191,244,203,237,9,203,279,459,357,241
2017,3,A,골목상권,2110307,길음역 7번,2190,838,1352,16,263,382,584,509,436,4,58,170,229,175,202,12,205,212,355,334,234
2017,3,A,골목상권,2110306,미아초등학교,1390,531,859,10,210,312,432,276,150,4,57,119,151,113,87,6,153,193,281,163,63
2017,3,A,골목상권,2110305,보문역 5번,6093,2636,3457,10,1262,1763,1433,1047,578,3,294,676,748,553,362,7,968,1087,685,494,216
2017,3,A,골목상권,2110304,보문역 4번,8857,4184,4673,7,1558,2490,2222,1851,729,5,398,962,1172,1175,472,2,1160,1528,1050,676,257
2017,3,A,골목상권,2110303,성신여대입구역 1번,7697,3019,4678,20,1816,2145,1808,1286,622,13,373,820,859,624,330,7,1443,1325,949,662,292
2017,3,A,골목상권,2110302,보문역 8번,2487,1241,1246,9,327,547,586,573,445,3,97,268,324,287,262,6,230,279,262,286,183
2017,3,A,골목상권,2110301,성신여대입구역 7번,3878,1691,2187,19,690,868,943,800,558,12,196,404,455,346,278,7,494,464,488,454,280
2017,3,A,골목상권,2110300,삼선동주민센터,12729,5831,6898,21,2334,3227,3037,2779,1331,9,575,1342,1585,1565,755,12,1759,1885,1452,1214,576
2017,3,A,골목상권,2110299,정릉역 1번,2557,977,1580,17,329,611,708,551,341,8,69,215,274,217,194,9,260,396,434,334,147
2017,3,A,골목상권,2110298,솔숲어린이공원,1170,460,710,4,135,273,353,254,151,2,32,99,129,101,97,2,103,174,224,153,54
2017,3,A,골목상권,2110297,경동고등학교,8763,4357,4406,15,1066,1936,2190,2313,1243,7,336,895,1147,1291,681,8,730,1041,1043,1022,562
2017,3,A,골목상권,2110296,성신여대입구역 4번,5567,2338,3229,13,771,1020,1053,1231,1479,6,214,464,496,503,655,7,557,556,557,728,824
2017,3,A,골목상권,2110295,정릉우체국,2015,1057,958,0,198,343,545,566,363,0,54,147,246,350,260,0,144,196,299,216,103
2017,3,A,골목상권,2110294,서경대학교,2634,1452,1182,2,310,449,656,756,461,0,74,201,334,492,351,2,236,248,322,264,110
2017,3,A,골목상권,2110293,삼선중학교,6564,2771,3793,18,809,1316,1438,1415,1568,5,219,596,665,600,686,13,590,720,773,815,882
2017,3,A,골목상권,2110292,정릉역 2번,1053,429,624,0,125,243,326,240,119,0,38,99,123,98,71,0,87,144,203,142,48
2017,3,A,골목상권,2110291,한성대입구역 3번,3455,1665,1790,10,547,740,908,807,443,4,194,332,460,426,249,6,353,408,448,381,194
2017,3,A,골목상권,2110290,북한산보국문역 1번,1705,889,816,4,192,294,424,502,289,3,51,141,216,295,183,1,141,153,208,207,106
2017,3,A,골목상권,2110289,북한산보국문역 2번,1855,982,873,3,198,329,492,523,310,3,65,149,246,307,212,0,133,180,246,216,98
2017,3,A,골목상권,2110288,동구여중,2733,1231,1502,11,400,786,766,503,267,4,118,331,352,271,155,7,282,455,414,232,112
2017,3,A,골목상권,2110287,정릉3동주민센터,1084,646,438,4,97,179,314,330,160,3,31,76,204,220,112,1,66,103,110,110,48
2017,3,A,골목상권,2110286,한성대입구역 5번,3638,1815,1823,13,500,980,957,731,457,5,141,417,486,458,308,8,359,563,471,273,149
2017,3,A,골목상권,2110285,홍대부중,2403,1099,1304,1,290,727,716,431,238,1,89,303,336,232,138,0,201,424,380,199,100
2017,3,A,골목상권,2110284,정릉북한산국립공원입구,896,704,192,0,38,100,282,320,156,0,3,70,229,270,132,0,35,30,53,50,24
2017,3,A,골목상권,2110283,성북초등학교앞,1907,944,963,1,243,507,528,406,222,1,76,238,272,227,130,0,167,269,256,179,92
2017,3,A,골목상권,2110282,국민대학교앞,2448,1516,932,1,317,481,762,618,269,0,104,231,499,463,219,1,213,250,263,155,50
2017,3,A,골목상권,2110281,길상사,935,532,403,3,148,275,209,185,115,1,63,166,122,108,72,2,85,109,87,77,43
2017,3,A,골목상권,2110280,북정마을,2102,1077,1025,7,327,670,514,415,169,1,122,330,287,231,106,6,205,340,227,184,63
2017,3,A,골목상권,2110279,신내역 2번,3808,1976,1832,8,737,1077,910,793,283,6,207,551,538,478,196,2,530,526,372,315,87
2017,3,A,골목상권,2110278,망우본동주민센터,4146,2099,2047,6,541,762,970,1065,802,0,152,303,423,608,613,6,389,459,547,457,189
2017,3,A,골목상권,2110277,러스크서울병원,3995,2087,1908,11,479,691,914,1032,868,2,149,288,440,589,619,9,330,403,474,443,249
2017,3,A,골목상권,2110276,신내IC북측,1900,1395,505,1,184,476,491,555,193,0,115,383,377,389,131,1,69,93,114,166,62
2017,3,A,골목상권,2110275,하나은행 망우동지점,2863,1489,1374,9,308,498,611,812,625,1,85,195,301,477,430,8,223,303,310,335,195
2017,3,A,골목상권,2110274,서일대학교,2960,1553,1407,7,330,488,755,843,537,2,114,214,387,472,364,5,216,274,368,371,173
2017,3,A,골목상권,2110273,장스여성병원,3170,1674,1496,6,356,561,679,827,741,0,90,214,315,486,569,6,266,347,364,341,172
2017,3,A,골목상권,2110272,신내1동주민센터,5608,2809,2799,4,531,1160,1462,1599,852,1,157,519,636,933,563,3,374,641,826,666,289
2017,3,A,골목상권,2110271,신내역 1번,4346,2368,1978,8,744,1136,1052,1050,356,6,226,636,647,622,231,2,518,500,405,428,125
2017,3,A,골목상권,2110270,혜원여고,1648,806,842,6,155,292,401,470,324,4,47,131,189,237,198,2,108,161,212,233,126
2017,3,A,골목상권,2110269,용마문화복지센터,2372,1309,1063,6,262,344,585,733,442,3,96,162,330,410,308,3,166,182,255,323,134
2017,3,A,골목상권,2110268,망우3동주민센터,2411,1434,977,12,241,342,510,626,680,9,113,183,283,341,505,3,128,159,227,285,175
2017,3,A,골목상권,2110267,망우역 2번,3977,1817,2160,13,447,732,1007,1071,707,10,128,314,439,498,428,3,319,418,568,573,279
2017,3,A,골목상권,2110266,면목동우체국,3154,1745,1409,4,275,483,798,1011,583,2,72,212,414,610,435,2,203,271,384,401,148
2017,3,A,골목상권,2110265,망우역 1번,5103,2720,2383,25,682,929,1135,1257,1075,13,225,378,576,757,771,12,457,551,559,500,304
2017,3,A,골목상권,2110264,면목역 2번,3294,1522,1772,7,377,545,892,966,507,4,115,238,440,442,283,3,262,307,452,524,224
2017,3,A,골목상권,2110263,면목역 1번,4813,2730,2083,16,613,1065,1358,990,771,11,284,692,706,495,542,5,329,373,652,495,229
2017,3,A,골목상권,2110262,상봉역 3번,5258,3116,2142,14,710,1165,1418,1077,874,8,332,745,760,619,652,6,378,420,658,458,222
2017,3,A,골목상권,2110261,사가정역 4번,3541,2098,1443,1,361,543,866,1178,592,0,99,246,471,823,459,1,262,297,395,355,133
2017,3,A,골목상권,2110260,면목역 3번,3776,2130,1646,5,495,932,1191,765,388,3,215,615,619,405,273,2,280,317,572,360,115
2017,3,A,골목상권,2110259,사가정역 1번,3243,1601,1642,2,456,636,805,847,497,2,87,262,406,502,342,0,369,374,399,345,155
2017,3,A,골목상권,2110258,면동초등학교,2490,1172,1318,2,379,482,598,620,409,2,69,196,290,331,284,0,310,286,308,289,125
2017,3,A,골목상권,2110257,상봉역 7번,3267,1897,1370,6,360,567,769,930,635,4,112,270,397,610,504,2,248,297,372,320,131
2017,3,A,골목상권,2110256,면목2동체육관,5118,2851,2267,8,610,1213,1547,1137,603,4,261,757,809,606,414,4,349,456,738,531,189
2017,3,A,골목상권,2110255,상봉역 4번,6268,3496,2772,14,827,1430,1799,1361,837,6,321,862,940,796,571,8,506,568,859,565,266
2017,3,A,골목상권,2110254,오거리공원,2373,1362,1011,1,228,432,645,776,291,0,77,190,352,530,213,1,151,242,293,246,78
2017,3,A,골목상권,2110253,중곡초등학교,2002,1174,828,2,214,322,519,640,305,0,75,143,294,451,211,2,139,179,225,189,94
2017,3,A,골목상권,2110252,장안제일시장,2461,1348,1113,1,351,476,607,616,410,1,80,221,335,388,323,0,271,255,272,228,87
2017,3,A,골목상권,2110251,장안중학교,2483,1263,1220,3,262,420,644,698,456,1,74,176,280,389,343,2,188,244,364,309,113
2017,3,A,골목상권,2110250,화랑대역 7번,1952,833,1119,4,185,426,533,533,271,0,57,198,211,219,148,4,128,228,322,314,123
2017,3,A,골목상권,2110249,중화역 1번,3507,1701,1806,2,340,670,917,786,792,1,106,310,444,315,525,1,234,360,473,471,267
2017,3,A,골목상권,2110248,먹골파출소,1364,636,728,5,179,318,374,338,150,0,61,168,171,139,97,5,118,150,203,199,53
2017,3,A,골목상권,2110247,먹골역 1번,2581,1275,1306,5,341,607,704,582,342,3,109,310,360,287,206,2,232,297,344,295,136
2017,3,A,골목상권,2110246,월드순복음교회,3009,1573,1436,10,354,552,704,799,590,4,108,265,370,451,375,6,246,287,334,348,215
2017,3,A,골목상권,2110245,KB국민은행 중화동지점,2377,1277,1100,8,233,394,603,626,513,5,79,189,305,354,345,3,154,205,298,272,168
2017,3,A,골목상권,2110244,중화역 4번,4256,2648,1608,2,305,558,771,775,1845,1,105,259,371,321,1591,1,200,299,400,454,254
2017,3,A,골목상권,2110243,중랑노인종합복지관,2609,1376,1233,5,270,480,660,732,462,2,85,232,327,400,330,3,185,248,333,332,132
2017,3,A,골목상권,2110242,면목5동주민센터,1562,991,571,2,115,244,371,495,335,1,55,136,221,318,260,1,60,108,150,177,75
2017,3,A,골목상권,2110241,먹골역 5번,3194,1591,1603,4,323,647,811,723,686,3,97,309,406,322,454,1,226,338,405,401,232
2017,3,A,골목상권,2110240,태릉시장 특화거리,2920,1915,1005,7,209,343,503,459,1399,5,82,170,223,188,1247,2,127,173,280,271,152
2017,3,A,골목상권,2110239,중랑역 2번,967,466,501,8,146,183,223,197,210,5,49,95,113,100,104,3,97,88,110,97,106
2017,3,A,골목상권,2110238,배꽃어린이공원,2744,2081,663,2,139,240,338,357,1668,1,56,139,201,184,1500,1,83,101,137,173,168
2017,3,A,골목상권,2110237,메가박스 상봉,5148,3228,1920,30,645,1159,1417,1354,543,19,255,725,932,963,334,11,390,434,485,391,209
2017,3,A,골목상권,2110236,신묵초등학교,3218,1687,1531,5,333,651,826,713,690,3,104,335,437,345,463,2,229,316,389,368,227
2017,3,A,골목상권,2110235,세화어린이공원,1814,1400,414,1,58,106,211,246,1192,1,28,55,85,87,1144,0,30,51,126,159,48
2017,3,A,골목상권,2110234,중랑역 4번,4366,3022,1344,28,501,991,1244,1131,471,18,225,690,902,889,298,10,276,301,342,242,173
2017,3,A,골목상권,2110233,중랑역 1번,4151,2811,1340,29,510,957,1190,1061,404,19,226,662,839,824,241,10,284,295,351,237,163
2017,3,A,골목상권,2110232,동대부고,4205,2207,1998,15,637,898,1087,1018,550,5,280,474,551,542,355,10,357,424,536,476,195
2017,3,A,골목상권,2110231,장안교,2185,1304,881,3,324,471,606,508,273,2,182,271,344,304,201,1,142,200,262,204,72
2017,3,A,골목상권,2110230,장안현대홈타운1차아파트,5134,2443,2691,26,690,1252,1390,1135,641,7,228,562,719,535,392,19,462,690,671,600,249
2017,3,A,골목상권,2110229,장평중학교,10234,6256,3978,38,1419,2478,2437,2061,1801,15,639,1484,1524,1247,1347,23,780,994,913,814,454
2017,3,A,골목상권,2110228,장안근린공원,7094,3520,3574,32,1036,1553,1878,1674,921,13,424,799,919,829,536,19,612,754,959,845,385
2017,3,A,골목상권,2110227,답십리공원,2949,1395,1554,4,393,627,789,760,376,4,156,327,357,360,191,0,237,300,432,400,185
2017,3,A,골목상권,2110226,장안1동주민센터,11131,6172,4959,55,1494,2391,2745,2455,1991,21,605,1284,1629,1362,1271,34,889,1107,1116,1093,720
2017,3,A,골목상권,2110225,촬영소사거리,3499,2095,1404,5,401,747,970,816,560,5,204,474,607,469,336,0,197,273,363,347,224
2017,3,A,골목상권,2110224,외대앞역 2번,904,404,500,8,120,192,228,197,159,6,35,99,102,88,74,2,85,93,126,109,85
2017,3,A,골목상권,2110223,군자초등학교,11539,7299,4240,57,1708,2653,2499,2224,2398,22,824,1745,1650,1385,1673,35,884,908,849,839,725
2017,3,A,골목상권,2110222,회기역 2번,1405,663,742,7,264,312,294,225,303,1,78,159,149,102,174,6,186,153,145,123,129
2017,3,A,골목상권,2110221,의릉,1189,556,633,1,155,289,350,264,130,0,36,102,187,146,85,1,119,187,163,118,45
2017,3,A,골목상권,2110220,외대앞역 1번,5731,3024,2707,10,662,1454,1693,1274,638,6,172,588,957,837,464,4,490,866,736,437,174
2017,3,A,골목상권,2110219,삼육보건대학교,5099,2373,2726,9,880,1202,1194,1101,713,2,264,526,596,555,430,7,616,676,598,546,283
2017,3,A,골목상권,2110218,답십리사거리,2027,1074,953,7,243,368,558,491,360,5,99,201,306,255,208,2,144,167,252,236,152
2017,3,A,골목상권,2110217,자동차부품상가,18426,13557,4869,47,2224,3904,6722,3872,1657,23,1309,2821,5294,2922,1188,24,915,1083,1428,950,469
2017,3,A,골목상권,2110216,전농중학교,1920,831,1089,4,251,497,509,453,206,1,67,201,211,211,140,3,184,296,298,242,66
2017,3,A,골목상권,2110215,회기역 1번,4421,2308,2113,4,591,1098,1228,883,617,1,162,444,691,545,465,3,429,654,537,338,152
2017,3,A,골목상권,2110214,경희대후문,7989,3772,4217,8,1273,2356,2143,1612,597,5,318,909,1094,974,472,3,955,1447,1049,638,125
2017,3,A,골목상권,2110213,청량초등학교,6447,2787,3660,9,1179,1939,1681,1174,465,4,299,748,790,607,339,5,880,1191,891,567,126
2017,3,A,골목상권,2110212,답십리초등학교,5570,3095,2475,20,1045,1483,1341,986,695,12,568,983,677,453,402,8,477,500,664,533,293
2017,3,A,골목상권,2110211,전곡마을마당공원,3531,1876,1655,5,382,859,958,886,441,2,145,385,528,523,293,3,237,474,430,363,148
2017,3,A,골목상권,2110210,서울시립대,4017,2167,1850,16,523,994,1068,936,480,6,189,456,611,572,333,10,334,538,457,364,147
2017,3,A,골목상권,2110209,답십리 장령당공원,1787,1058,729,2,203,379,487,362,354,1,103,230,284,179,261,1,100,149,203,183,93
2017,3,A,골목상권,2110208,시조사삼거리,2370,1177,1193,7,348,575,635,540,265,3,108,285,358,270,153,4,240,290,277,270,112
2017,3,A,골목상권,2110207,시립대앞사거리,3649,2006,1643,24,577,889,917,762,480,9,232,410,528,483,344,15,345,479,389,279,136
2017,3,A,골목상권,2110206,텃골근린공원,1834,875,959,7,232,389,538,446,222,5,90,201,263,206,110,2,142,188,275,240,112
2017,3,A,골목상권,2110205,경희대삼거리,8492,3877,4615,16,1541,2494,2156,1614,671,8,450,1045,1072,851,451,8,1091,1449,1084,763,220
2017,3,A,골목상권,2110204,간데메공원,2390,1303,1087,9,339,519,677,514,332,5,155,296,378,262,207,4,184,223,299,252,125
2017,3,A,골목상권,2110203,떡전교사거리,3727,2044,1683,23,625,912,887,790,490,8,265,527,516,427,301,15,360,385,371,363,189
2017,3,A,골목상권,2110202,전농1동주민센터(전농시장),856,454,402,5,118,153,235,210,135,4,49,89,129,111,72,1,69,64,106,99,63
2017,3,A,골목상권,2110201,전농119안전센터,1102,592,510,5,156,231,308,244,158,4,63,134,178,122,91,1,93,97,130,122,67
2017,3,A,골목상권,2110200,동대문경찰서,2504,1469,1035,2,258,561,606,651,426,2,129,371,385,356,226,0,129,190,221,295,200
2017,3,A,골목상권,2110199,홍릉시장,2882,1740,1142,2,284,645,722,733,496,2,149,429,465,408,287,0,135,216,257,325,209
2017,3,A,골목상권,2110198,동대문중앙새마을금고본점,1229,732,497,2,112,220,271,305,319,2,46,130,176,167,211,0,66,90,95,138,108
2017,3,A,골목상권,2110197,세종대왕기념관교차로,1778,1133,645,3,272,583,376,380,164,2,129,350,257,271,124,1,143,233,119,109,40
2017,3,A,골목상권,2110196,홍릉근린공원,1007,447,560,0,93,188,248,273,205,0,33,92,119,97,106,0,60,96,129,176,99
2017,3,A,골목상권,2110195,동대문구청,6487,3595,2892,13,788,1472,1626,1636,952,8,313,789,855,1015,615,5,475,683,771,621,337
2017,3,A,골목상권,2110194,홍파초등학교,2692,1566,1126,3,238,493,724,725,509,2,119,294,430,400,321,1,119,199,294,325,188
2017,3,A,골목상권,2110193,고려대역 4번,3494,2259,1235,7,368,818,1005,898,398,4,154,451,683,672,295,3,214,367,322,226,103
2017,3,A,골목상권,2110192,동의보감타워,5537,3108,2429,12,671,1213,1398,1434,809,6,264,634,741,940,523,6,407,579,657,494,286
2017,3,A,골목상권,2110191,고려대역 6번,3400,2168,1232,7,348,637,1052,907,449,3,151,357,693,646,318,4,197,280,359,261,131
2017,3,A,골목상권,2110190,고대앞사거리,4708,2755,1953,11,667,1045,1380,1087,518,3,261,552,853,732,354,8,406,493,527,355,164
2017,3,A,골목상권,2110189,제기동역 1번,5801,3415,2386,11,868,1371,1310,1156,1085,4,332,773,769,740,797,7,536,598,541,416,288
2017,3,A,골목상권,2110188,용두동신동아아파트,12502,8308,4194,27,1697,3116,3155,3026,1481,16,812,2046,2349,2086,999,11,885,1070,806,940,482
2017,3,A,골목상권,2110187,제기동역 6번,9419,5769,3650,13,1700,2783,2239,1519,1165,3,689,1690,1545,1021,821,10,1011,1093,694,498,344
2017,3,A,골목상권,2110186,종암초등학교,1881,1008,873,4,308,418,490,367,294,2,125,226,275,196,184,2,183,192,215,171,110
2017,3,A,골목상권,2110185,용두초등학교,13488,6890,6598,41,2077,3854,4208,2358,950,9,744,2269,2113,1172,583,32,1333,1585,2095,1186,367
2017,3,A,골목상권,2110184,용두사거리,9658,5352,4306,37,2028,2896,2301,1396,1000,9,646,1633,1453,899,712,28,1382,1263,848,497,288
2017,3,A,골목상권,2110183,한국의류시험연구원,5318,2933,2385,30,1053,1370,1094,880,891,10,340,720,640,552,671,20,713,650,454,328,220
2017,3,A,골목상권,2110182,용두희망어린이공원,5456,2898,2558,31,1041,1426,1276,986,696,12,365,751,753,575,442,19,676,675,523,411,254
2017,3,A,골목상권,2110181,신설동역 9번,19456,10331,9125,83,2770,4770,5372,3741,2720,44,1186,2848,2831,1888,1534,39,1584,1922,2541,1853,1186
2017,3,A,골목상권,2110180,광진정보도서관,5773,3333,2440,37,1033,1755,1466,1014,468,16,395,993,1013,594,322,21,638,762,453,420,146
2017,3,A,골목상권,2110179,광나루역 1번,2007,1036,971,11,268,566,459,398,305,8,90,254,260,201,223,3,178,312,199,197,82
2017,3,A,골목상권,2110178,장로회신학대학교,2345,1309,1036,11,337,561,567,523,346,8,111,332,363,268,227,3,226,229,204,255,119
2017,3,A,골목상권,2110177,동의초등학교,850,368,482,3,125,151,248,217,106,1,50,55,108,93,61,2,75,96,140,124,45
2017,3,A,골목상권,2110176,해오름공원,1523,738,785,1,171,279,408,418,246,1,54,116,193,227,147,0,117,163,215,191,99
2017,3,A,골목상권,2110175,푸른동산공원,12309,7688,4621,30,1232,2530,3538,3409,1570,23,705,1764,2410,1883,903,7,527,766,1128,1526,667
2017,3,A,골목상권,2110174,아차산역 1번,3760,1811,1949,12,460,778,937,974,599,5,167,356,446,475,362,7,293,422,491,499,237
2017,3,A,골목상권,2110173,구남초등학교,15640,10211,5429,56,1449,3152,4528,4195,2260,31,871,2239,3169,2491,1410,25,578,913,1359,1704,850
2017,3,A,골목상권,2110172,광진초등학교,3900,2217,1683,23,509,810,996,977,585,7,197,431,589,584,409,16,312,379,407,393,176
2017,3,A,골목상권,2110171,중곡4동주민센터,1874,1010,864,1,186,360,498,569,260,0,58,179,259,336,178,1,128,181,239,233,82
2017,3,A,골목상권,2110170,동대부여고,10302,6580,3722,7,906,2079,3263,3097,950,6,537,1448,2253,1757,579,1,369,631,1010,1340,371
2017,3,A,골목상권,2110169,성동초등학교,10538,7373,3165,30,939,2300,3328,2618,1323,15,570,1584,2462,1784,958,15,369,716,866,834,365
2017,3,A,골목상권,2110168,대원고등학교,2330,1230,1100,2,212,515,606,667,328,0,64,228,320,378,240,2,148,287,286,289,88
2017,3,A,골목상권,2110167,용마초등학교,5193,2779,2414,6,578,1119,1382,1271,837,1,214,590,718,709,547,5,364,529,664,562,290
2017,3,A,골목상권,2110166,구의1동주민센터,15578,9725,5853,24,1936,3943,4431,3860,1384,13,790,2231,3052,2700,939,11,1146,1712,1379,1160,445
2017,3,A,골목상권,2110165,국립정신건강센터,3415,1720,1695,4,327,721,947,952,464,0,102,318,468,508,324,4,225,403,479,444,140
2017,3,A,골목상권,2110164,아차산역 5번,4056,2113,1943,13,541,976,999,907,620,4,195,504,532,472,406,9,346,472,467,435,214
2017,3,A,골목상권,2110163,성자초등학교,6343,4627,1716,13,553,1388,2147,1692,550,9,375,1019,1668,1174,382,4,178,369,479,518,168
2017,3,A,골목상권,2110162,군자역 4번,4899,2544,2355,7,686,1131,1332,1092,651,1,251,587,700,573,432,6,435,544,632,519,219
2017,3,A,골목상권,2110161,중곡역 3번,3589,1936,1653,7,385,740,887,1044,526,0,138,347,457,657,337,7,247,393,430,387,189
2017,3,A,골목상권,2110160,광진경찰서,5165,2473,2692,9,983,1776,1243,856,298,5,278,825,689,489,187,4,705,951,554,367,111
2017,3,A,골목상권,2110159,구의역 4번,19280,11529,7751,35,2589,4563,5158,4616,2319,16,944,2368,3353,3111,1737,19,1645,2195,1805,1505,582
2017,3,A,골목상권,2110158,중곡3동주민센터,3473,2011,1462,12,408,727,845,972,509,1,152,380,474,660,344,11,256,347,371,312,165
2017,3,A,골목상권,2110157,자양동우체국,1907,851,1056,5,282,457,489,432,242,4,94,188,223,201,141,1,188,269,266,231,101
2017,3,A,골목상권,2110156,군자역 5번,8242,4316,3926,21,1449,2048,2159,1777,788,11,555,1180,1234,828,508,10,894,868,925,949,280
2017,3,A,골목상권,2110155,광진구청,13299,7519,5780,26,1994,3472,3180,2906,1721,10,640,1643,1908,2027,1291,16,1354,1829,1272,879,430
2017,3,A,골목상권,2110154,광진정말공원,4052,2002,2050,9,590,893,999,899,662,5,211,407,464,451,464,4,379,486,535,448,198
2017,3,A,골목상권,2110153,중곡1동주민센터,5280,3208,2072,14,683,1240,1410,1204,729,6,303,790,899,725,485,8,380,450,511,479,244
2017,3,A,골목상권,2110152,중곡어린이공원,2866,1725,1141,10,339,673,652,558,634,5,125,358,345,333,559,5,214,315,307,225,75
2017,3,A,골목상권,2110151,자양한강도서관,2335,1071,1264,3,328,498,587,556,363,2,103,213,246,259,248,1,225,285,341,297,115
2017,3,A,골목상권,2110150,중곡1동 마을마당,5715,3592,2123,21,651,1352,1429,1198,1064,10,271,859,916,712,824,11,380,493,513,486,240
2017,3,A,골목상권,2110149,세종대학교,4156,1862,2294,11,873,945,1074,928,325,6,290,468,539,367,192,5,583,477,535,561,133
2017,3,A,골목상권,2110148,어린이대공원역 3번,4585,2030,2555,16,1143,1428,1043,712,243,6,344,566,540,395,179,10,799,862,503,317,64
2017,3,A,골목상권,2110147,능동우편취급국,7822,4263,3559,28,1360,1925,2044,1697,768,15,563,1165,1201,853,466,13,797,760,843,844,302
2017,3,A,골목상권,2110146,신자초등학교,2205,981,1224,2,235,433,573,555,407,2,68,174,229,223,285,0,167,259,344,332,122
2017,3,A,골목상권,2110145,장안초등학교,2772,1597,1175,6,505,589,757,632,283,3,218,329,456,381,210,3,287,260,301,251,73
2017,3,A,골목상권,2110144,어린이대공원역 4번,5383,2448,2935,13,1264,1610,1252,884,360,6,387,661,647,480,267,7,877,949,605,404,93
2017,3,A,골목상권,2110143,뚝섬유원지역 1번,1184,533,651,5,128,223,304,305,219,3,38,101,144,113,134,2,90,122,160,192,85
2017,3,A,골목상권,2110142,화양사거리,7062,4215,2847,45,1345,1994,1714,1234,730,24,653,1306,1053,675,504,21,692,688,661,559,226
2017,3,A,골목상권,2110141,건대입구역 1번,6810,4114,2696,9,1180,1672,1574,1371,1004,7,530,1083,1026,794,674,2,650,589,548,577,330
2017,3,A,골목상권,2110140,건대입구역 6번,11049,6503,4546,34,2009,2805,2570,2126,1505,22,778,1728,1630,1276,1069,12,1231,1077,940,850,436
2017,3,A,골목상권,2110139,자양4동주민센터,2487,1398,1089,5,286,495,573,659,469,3,124,267,321,348,335,2,162,228,252,311,134
2017,3,A,골목상권,2110138,송정체육공원,7674,4620,3054,53,1503,2242,1815,1293,768,23,719,1488,1084,743,563,30,784,754,731,550,205
2017,3,A,골목상권,2110137,성수초등학교,30021,18641,11380,158,5478,8247,7509,5307,3322,106,2437,5307,4895,3415,2481,52,3041,2940,2614,1892,841
2017,3,A,골목상권,2110136,경수초등학교,61399,29946,31453,193,9757,16197,18882,13204,3166,108,5248,10774,7981,3619,2216,85,4509,5423,10901,9585,950
2017,3,A,골목상권,2110135,성동세무서,16252,9672,6580,99,2436,4139,3906,3462,2210,52,1138,2671,2572,1959,1280,47,1298,1468,1334,1503,930
2017,3,A,골목상권,2110134,성수119안전센터,36210,14844,21366,84,4948,8498,12486,9404,790,62,3237,6143,3682,1216,504,22,1711,2355,8804,8188,286
2017,3,A,골목상권,2110133,서울교통공사,20322,14477,5845,61,2455,4145,6810,4535,2316,27,1397,3029,5585,3127,1312,34,1058,1116,1225,1408,1004
2017,3,A,골목상권,2110132,성수2가3동주민센터,13118,7555,5563,56,2536,3911,3407,2039,1169,19,948,2268,2089,1363,868,37,1588,1643,1318,676,301
2017,3,A,골목상권,2110131,성수동카페거리,70354,33470,36884,372,13728,20047,20407,13562,2238,169,7082,13097,8590,3126,1406,203,6646,6950,11817,10436,832
2017,3,A,골목상권,2110130,답십리역 6번,4289,2202,2087,10,716,1120,1047,823,573,4,306,643,509,371,369,6,410,477,538,452,204
2017,3,A,골목상권,2110129,성원어린이공원,14279,8338,5941,65,2808,4362,3636,2128,1280,24,1075,2643,2290,1393,913,41,1733,1719,1346,735,367
2017,3,A,골목상권,2110128,성원중학교,37267,15482,21785,133,5053,8680,12747,9788,866,75,3261,6244,3817,1518,567,58,1792,2436,8930,8270,299
2017,3,A,골목상권,2110127,성수1가1동주민센터,49685,21346,28339,215,9156,13146,15156,11049,963,112,5208,9074,4941,1425,586,103,3948,4072,10215,9624,377
2017,3,A,골목상권,2110126,서울숲역 1번,19139,9856,9283,105,4756,6142,4351,2942,843,42,2135,3757,2352,1039,531,63,2621,2385,1999,1903,312
2017,3,A,골목상권,2110125,사근동살곶이상점가,7276,3486,3790,4,1397,1852,2033,1449,541,4,356,812,1017,885,412,0,1041,1040,1016,564,129
2017,3,A,골목상권,2110124,뚝섬역교차로,11054,6485,4569,48,2755,3665,2131,1522,933,12,1021,2173,1430,1097,752,36,1734,1492,701,425,181
2017,3,A,골목상권,2110123,마장역 3번,2406,1388,1018,0,253,474,655,702,322,0,104,255,386,400,243,0,149,219,269,302,79
2017,3,A,골목상권,2110122,마장역 2번,2861,1852,1009,2,291,592,799,797,380,2,154,379,530,501,286,0,137,213,269,296,94
2017,3,A,골목상권,2110121,한양대역 4번,7504,3649,3855,21,1505,1856,2028,1474,620,10,416,812,1027,890,494,11,1089,1044,1001,584,126
2017,3,A,골목상권,2110120,서울숲카페거리,3105,1892,1213,13,434,657,668,780,553,3,172,356,408,519,434,10,262,301,260,261,119
2017,3,A,골목상권,2110119,마장지하차도,5348,3144,2204,20,625,1293,1399,1294,717,11,295,695,782,866,495,9,330,598,617,428,222
2017,3,A,골목상권,2110118,왕십리역 9번,2960,1474,1486,28,535,613,678,666,440,16,220,306,316,319,297,12,315,307,362,347,143
2017,3,A,골목상권,2110117,성동구보건소,6688,3626,3062,22,799,1637,1682,1665,883,12,354,878,928,935,519,10,445,759,754,730,364
2017,3,A,골목상권,2110116,청계천박물관,12161,7610,4551,21,1336,2640,3002,3549,1613,17,651,1606,1957,2319,1060,4,685,1034,1045,1230,553
2017,3,A,골목상권,2110115,상왕십리역 3번,9440,4954,4486,14,1650,2260,2377,2050,1089,7,625,1075,1283,1283,681,7,1025,1185,1094,767,408
2017,3,A,골목상권,2110114,왕십리파출소,2623,1236,1387,4,333,651,640,676,319,2,123,371,353,252,135,2,210,280,287,424,184
2017,3,A,골목상권,2110113,응봉산,362,133,229,0,34,66,88,95,79,0,5,18,23,28,59,0,29,48,65,67,20
2017,3,A,골목상권,2110112,행당역 2번,2823,1178,1645,10,438,629,718,680,348,7,134,233,289,317,198,3,304,396,429,363,150
2017,3,A,골목상권,2110111,대현산장미원,144,58,86,0,19,25,48,29,23,0,3,10,15,11,19,0,16,15,33,18,4
2017,3,A,골목상권,2110110,상왕십리역 6번,3764,1994,1770,17,537,844,990,879,497,7,174,428,610,492,283,10,363,416,380,387,214
2017,3,A,골목상권,2110109,금호삼성래미안아파트,1023,450,573,5,155,242,241,208,172,1,35,100,111,87,116,4,120,142,130,121,56
2017,3,A,골목상권,2110108,성동구립금호도서관,882,339,543,0,107,235,253,180,107,0,16,70,100,74,79,0,91,165,153,106,28
2017,3,A,골목상권,2110107,금호사거리,980,417,563,4,149,240,209,213,165,0,42,96,97,93,89,4,107,144,112,120,76
2017,3,A,골목상권,2110106,금북초등학교,580,211,369,0,65,146,171,138,60,0,11,37,66,48,49,0,54,109,105,90,11
2017,3,A,골목상권,2110105,금동어린이공원,1790,738,1052,5,252,459,411,381,282,1,60,192,169,160,156,4,192,267,242,221,126
2017,3,A,골목상권,2110104,신금호역 4번,1478,624,854,2,218,311,323,362,262,1,48,128,130,153,164,1,170,183,193,209,98
2017,3,A,골목상권,2110103,옥수터널,824,374,450,2,158,203,218,158,85,1,49,83,111,75,55,1,109,120,107,83,30
2017,3,A,골목상권,2110102,옥수역 6번,1398,619,779,5,243,294,389,303,164,1,82,110,182,139,105,4,161,184,207,164,59
2017,3,A,골목상권,2110101,옥정중학교,1250,534,716,4,250,345,287,225,139,1,81,140,126,95,91,3,169,205,161,130,48
2017,3,A,골목상권,2110100,옥수동우편취급국,1061,475,586,3,225,301,231,184,117,1,70,132,109,84,79,2,155,169,122,100,38
2017,3,A,골목상권,2110099,유엔빌리지길,4639,2398,2241,22,1079,1408,1011,635,484,13,405,725,599,362,294,9,674,683,412,273,190
2017,3,A,골목상권,2110098,서울독일학교,3571,1795,1776,20,909,1165,764,417,296,11,361,599,452,217,155,9,548,566,312,200,141
2017,3,A,골목상권,2110097,한남초등학교,5552,2769,2783,28,1506,1986,1257,534,241,12,506,1081,723,297,150,16,1000,905,534,237,91
2017,3,A,골목상권,2110096,한남힐사이드아파트,2620,1503,1117,17,684,1088,520,218,93,8,279,671,361,117,67,9,405,417,159,101,26
2017,3,A,골목상권,2110095,한강진역 3번,10413,5378,5035,46,2718,3800,2302,1037,510,29,973,2045,1447,608,276,17,1745,1755,855,429,234
2017,3,A,골목상권,2110094,오산중학교,471,257,214,1,33,100,137,119,81,0,10,47,79,66,55,1,23,53,58,53,26
2017,3,A,골목상권,2110093,우사단길,8832,4593,4239,37,1990,2968,1977,1092,768,19,733,1595,1173,624,449,18,1257,1373,804,468,319
2017,3,A,골목상권,2110092,NH농협은행 보광동지점,1341,739,602,6,182,305,358,287,203,0,62,155,201,173,148,6,120,150,157,114,55
2017,3,A,골목상권,2110091,리움미술관,6509,3568,2941,27,1719,2342,1362,628,431,19,711,1294,930,384,230,8,1008,1048,432,244,201
2017,3,A,골목상권,2110090,한국폴리텍대학서울정수캠퍼스,3181,1702,1479,11,612,861,785,583,329,0,201,376,459,404,262,11,411,485,326,179,67
2017,3,A,골목상권,2110089,서빙고동주민센터,3026,1594,1432,18,465,923,929,502,189,0,133,444,518,339,160,18,332,479,411,163,29
2017,3,A,골목상권,2110088,오산고등학교,6286,3456,2830,14,958,1785,1581,1311,637,2,341,842,867,928,476,12,617,943,714,383,161
2017,3,A,골목상권,2110087,이태원엔틱가구거리,6347,3595,2752,26,1126,1817,1495,1253,630,8,472,950,850,881,434,18,654,867,645,372,196
2017,3,A,골목상권,2110086,이태원역 북측,10859,6209,4650,39,2278,3325,2348,1719,1150,22,1096,1875,1421,1088,707,17,1182,1450,927,631,443
2017,3,A,골목상권,2110085,경리단길남측,5122,2958,2164,15,1240,1287,1027,827,726,5,628,767,610,474,474,10,612,520,417,353,252
2017,3,A,골목상권,2110084,경리단길북측,3747,2147,1600,9,775,902,844,693,524,4,357,505,507,423,351,5,418,397,337,270,173
2017,3,A,골목상권,2110083,서빙고역 1번,2912,1532,1380,17,459,883,881,455,217,0,132,423,486,302,189,17,327,460,395,153,28
2017,3,A,골목상권,2110082,용산구청,6920,3950,2970,31,1417,1997,1551,1323,601,10,671,1104,884,901,380,21,746,893,667,422,221
2017,3,A,골목상권,2110081,해방촌 남동측,2120,1182,938,4,274,504,614,465,259,2,129,258,373,255,165,2,145,246,241,210,94
2017,3,A,골목상권,2110080,해방촌예술마을,3002,1517,1485,3,356,618,776,917,332,2,114,305,492,443,161,1,242,313,284,474,171
2017,3,A,골목상권,2110079,후암동주민센터,23961,16256,7705,21,4034,8380,6941,3484,1101,6,2151,5970,5521,2093,515,15,1883,2410,1420,1391,586
2017,3,A,골목상권,2110078,이촌동점보아파트,1001,415,586,0,119,228,231,224,199,0,38,74,69,94,140,0,81,154,162,130,59
2017,3,A,골목상권,2110077,삼광초등학교,14780,4914,9866,123,6556,2471,2186,2337,1107,14,1045,1456,1324,715,360,109,5511,1015,862,1622,747
2017,3,A,골목상권,2110076,삼각지역 14번,7353,5249,2104,3,514,1798,2560,1894,584,1,270,1162,1970,1429,417,2,244,636,590,465,167
2017,3,A,골목상권,2110075,숙대입구역 1번,21473,8503,12970,180,7886,4357,3587,3218,2245,38,1530,2303,2090,1267,1275,142,6356,2054,1497,1951,970
2017,3,A,골목상권,2110074,서울역 12번,38904,22835,16069,224,11386,11843,8808,4437,2206,23,3387,7916,6996,2954,1559,201,7999,3927,1812,1483,647
2017,3,A,골목상권,2110073,삼각지역 3번,22141,11452,10689,76,3746,6181,6614,3965,1559,31,1435,2803,3543,2600,1040,45,2311,3378,3071,1365,519
2017,3,A,골목상권,2110072,열정도,20028,9544,10484,632,6840,6110,4098,1636,712,289,2894,2860,2045,987,469,343,3946,3250,2053,649,243
2017,3,A,골목상권,2110071,한강미주맨션아파트,2633,1378,1255,6,222,489,974,676,266,0,88,239,450,409,192,6,134,250,524,267,74
2017,3,A,골목상권,2110070,용산세무서,7053,4955,2098,6,464,1562,2798,1906,317,0,259,1013,1988,1464,231,6,205,549,810,442,86
2017,3,A,골목상권,2110069,숙대입구,16833,8907,7926,648,5955,4269,2940,1885,1136,294,2605,2390,1723,1125,770,354,3350,1879,1217,760,366
2017,3,A,골목상권,2110068,남영역 1번,28292,14662,13630,701,8857,8836,5891,2732,1275,307,3863,4706,3300,1656,830,394,4994,4130,2591,1076,445
2017,3,A,골목상권,2110067,배문고등학교,12611,6029,6582,37,1836,2998,2832,2788,2120,15,552,1400,1457,1237,1368,22,1284,1598,1375,1551,752
2017,3,A,골목상권,2110066,서울역 15번,7900,4458,3442,21,949,1769,1526,1729,1906,14,311,853,885,940,1455,7,638,916,641,789,451
2017,3,A,골목상권,2110065,남정초등학교,6390,4380,2010,40,822,2192,1876,863,597,26,502,1593,1329,559,371,14,320,599,547,304,226
2017,3,A,골목상권,2110064,효창공원앞역 2번,6366,3507,2859,8,924,1743,1686,1336,669,5,304,985,1023,768,422,3,620,758,663,568,247
2017,3,A,골목상권,2110063,효창공원앞역 5번,10591,7130,3461,76,1396,3443,3074,1623,979,52,793,2413,2168,1073,631,24,603,1030,906,550,348
2017,3,A,골목상권,2110062,한강로동땡땡거리(은행나무길),17579,11748,5831,49,4234,5333,4548,2365,1050,13,2144,3541,3551,1797,702,36,2090,1792,997,568,348
2017,3,A,골목상권,2110061,효창동주민센터,3382,1938,1444,8,416,853,935,764,406,3,118,467,588,466,296,5,298,386,347,298,110
2017,3,A,골목상권,2110060,효창공원앞역 6번,2877,1554,1323,3,292,697,783,656,446,1,99,376,464,337,277,2,193,321,319,319,169
2017,3,A,골목상권,2110059,새남터성지,3421,2434,987,14,587,897,1039,612,272,4,270,651,890,476,143,10,317,246,149,136,129
2017,3,A,골목상권,2110058,성심여자고등학교,12201,8536,3665,64,1688,3661,3490,1938,1360,37,927,2617,2681,1354,920,27,761,1044,809,584,440
2017,3,A,골목상권,2110057,황학코아루아파트,4444,2496,1948,9,644,940,983,977,891,3,284,536,636,504,533,6,360,404,347,473,358
2017,3,A,골목상권,2110056,신당역 3번,5510,2988,2522,12,790,1227,1238,1224,1019,3,341,675,749,606,614,9,449,552,489,618,405
2017,3,A,골목상권,2110055,황학동벼룩시장,7349,4171,3178,16,1642,2498,1774,964,455,7,857,1404,1082,536,285,9,785,1094,692,428,170
2017,3,A,골목상권,2110054,청구역 3번,8934,4291,4643,38,2125,2277,1840,1560,1094,19,796,1302,1009,639,526,19,1329,975,831,921,568
2017,3,A,골목상권,2110053,청구역 1번,6544,2963,3581,21,1206,1450,1480,1576,811,6,436,767,759,672,323,15,770,683,721,904,488
2017,3,A,골목상권,2110052,장충초등학교,12808,6328,6480,53,3772,3459,2508,1868,1148,25,1427,1931,1522,858,565,28,2345,1528,986,1010,583
2017,3,A,골목상권,2110051,한양공고앞 교차로,5646,2765,2881,13,1038,1768,1372,984,471,7,390,843,739,524,262,6,648,925,633,460,209
2017,3,A,골목상권,2110050,약수역 7번,3871,1721,2150,14,797,1042,922,622,474,0,214,473,435,307,292,14,583,569,487,315,182
2017,3,A,골목상권,2110049,장충단 고개,14646,7416,7230,68,4404,4011,2827,1964,1372,30,1688,2314,1781,936,667,38,2716,1697,1046,1028,705
2017,3,A,골목상권,2110048,장충동주민센터,14244,7862,6382,35,3348,4190,3184,2259,1228,14,1275,2402,2194,1316,661,21,2073,1788,990,943,567
2017,3,A,골목상권,2110047,다산성곽길,12425,5827,6598,63,4166,3415,2391,1495,895,29,1488,1672,1288,815,535,34,2678,1743,1103,680,360
2017,3,A,골목상권,2110046,버티고개,6576,3028,3548,17,2059,1961,1397,756,386,4,707,907,741,444,225,13,1352,1054,656,312,161
2017,3,A,골목상권,2110045,동대문역사문화공원역 5번,35624,18036,17588,955,10821,9730,7790,4905,1423,429,4832,5835,4376,1848,716,526,5989,3895,3414,3057,707
2017,3,A,골목상권,2110044,관성묘,35050,17305,17745,957,11479,9697,7363,4425,1129,434,5026,5690,4090,1546,519,523,6453,4007,3273,2879,610
2017,3,A,골목상권,2110043,충무초등학교,17117,9876,7241,50,3107,4830,4539,3033,1558,24,1096,2572,2977,2102,1105,26,2011,2258,1562,931,453
2017,3,A,골목상권,2110042,남산골공원옆,8038,4684,3354,66,1181,1956,2281,1777,777,36,490,1162,1485,1030,481,30,691,794,796,747,296
2017,3,A,골목상권,2110041,남산케이블카,27172,13824,13348,72,3755,9707,7771,5002,865,11,1072,4255,4109,3799,578,61,2683,5452,3662,1203,287
2017,3,A,골목상권,2110040,중구회현체육센터(정화예술대남산캠퍼스),24518,12252,12266,65,3308,8907,7156,4533,549,9,954,3847,3599,3470,373,56,2354,5060,3557,1063,176
2017,3,A,골목상권,2110039,회현역 1번,30261,14680,15581,109,4734,10406,8622,5678,712,39,1576,4586,4226,3792,461,70,3158,5820,4396,1886,251
2017,3,A,골목상권,2110038,경향신문사,47213,26705,20508,102,9044,15658,13705,7855,849,5,2708,8047,8738,6540,667,97,6336,7611,4967,1315,182
2017,3,A,골목상권,2110037,신설동역 12번,5491,2812,2679,27,645,912,1073,1265,1569,9,221,489,563,592,938,18,424,423,510,673,631
2017,3,A,골목상권,2110036,동묘앞역 3번,5261,2929,2332,62,857,935,1055,1056,1296,40,455,563,611,540,720,22,402,372,444,516,576
2017,3,A,골목상권,2110035,동묘앞역 2번,6909,3320,3589,24,798,1280,1516,1582,1709,5,273,594,683,714,1051,19,525,686,833,868,658
2017,3,A,골목상권,2110034,창신1동주민센터,8795,4735,4060,26,1872,2953,2177,1139,628,11,954,1587,1194,599,390,15,918,1366,983,540,238
2017,3,A,골목상권,2110033,창신역 4번,2318,1168,1150,8,220,376,443,494,777,2,76,144,201,220,525,6,144,232,242,274,252
2017,3,A,골목상권,2110032,수족관거리,8123,4260,3863,23,1736,2785,1980,1028,571,10,895,1462,1040,513,340,13,841,1323,940,515,231
2017,3,A,골목상권,2110031,창신역 1번,960,414,546,1,113,229,254,252,111,0,35,81,109,111,78,1,78,148,145,141,33
2017,3,A,골목상권,2110030,동대문역 3번,2956,1207,1749,14,420,761,796,594,371,4,115,289,298,269,232,10,305,472,498,325,139
2017,3,A,골목상권,2110029,동대문역 1번,8544,5163,3381,15,1378,2466,2206,1639,840,4,747,1588,1327,977,520,11,631,878,879,662,320
2017,3,A,골목상권,2110028,이화달팽이길,7823,4229,3594,29,1314,2222,2010,1469,779,7,471,1087,1181,963,520,22,843,1135,829,506,259
2017,3,A,골목상권,2110027,혜화역 1번,14786,5037,9749,23,3599,5269,3153,2107,635,6,828,1569,1277,983,374,17,2771,3700,1876,1124,261
2017,3,A,골목상권,2110026,종로5가역 4번,8925,5590,3335,24,1414,2529,2415,1669,874,8,806,1683,1455,1039,599,16,608,846,960,630,275
2017,3,A,골목상권,2110025,충신시장옆,12009,7114,4895,53,1967,3507,3285,2319,878,8,695,1817,2187,1775,632,45,1272,1690,1098,544,246
2017,3,A,골목상권,2110024,혜회동주민센터,2465,1281,1184,6,377,551,587,534,410,2,108,246,313,307,305,4,269,305,274,227,105
2017,3,A,골목상권,2110023,서울대병원,17129,6703,10426,35,3929,6202,3864,2375,724,5,944,2070,1927,1275,482,30,2985,4132,1937,1100,242
2017,3,A,골목상권,2110022,경신고등학교,4024,2196,1828,4,546,986,1040,888,560,2,173,463,612,556,390,2,373,523,428,332,170
2017,3,A,골목상권,2110021,성균관대학교,13811,4749,9062,6,3257,4915,2924,1987,722,1,750,1438,1156,926,478,5,2507,3477,1768,1061,244
2017,3,A,골목상권,2110020,서울국제고등학교,3216,1689,1527,1,407,800,853,722,433,1,135,338,459,441,315,0,272,462,394,281,118
2017,3,A,골목상권,2110019,창덕궁,26741,21467,5274,38,3487,9320,7323,4953,1620,23,2174,7509,6200,4288,1273,15,1313,1811,1123,665,347
2017,3,A,골목상권,2110018,중앙고등학교,26955,21929,5026,31,3392,9864,7606,4929,1133,19,2145,7907,6561,4376,921,12,1247,1957,1045,553,212
2017,3,A,골목상권,2110017,정독도서관,6994,4307,2687,11,1253,2308,1733,1279,410,2,621,1401,1156,867,260,9,632,907,577,412,150
2017,3,A,골목상권,2110016,평창동동측,975,470,505,0,141,232,235,198,169,0,47,112,138,86,87,0,94,120,97,112,82
2017,3,A,골목상권,2110015,청와대사랑채,6857,4522,2335,3,1486,2334,1454,1243,337,2,825,1521,1036,919,219,1,661,813,418,324,118
2017,3,A,골목상권,2110014,경복고등학교,5286,3520,1766,1,1057,1664,1157,1163,244,1,626,1086,780,859,168,0,431,578,377,304,76
2017,3,A,골목상권,2110013,체부동홍종문가옥,7920,3609,4311,12,1240,1737,1521,1803,1607,7,606,974,807,570,645,5,634,763,714,1233,962
2017,3,A,골목상권,2110012,성곡미술관,54019,32495,21524,91,8080,15921,14378,9417,6132,29,3160,9552,10214,6056,3484,62,4920,6369,4164,3361,2648
2017,3,A,골목상권,2110011,청운초등학교,1073,403,670,1,148,297,283,253,91,1,42,94,110,105,51,0,106,203,173,148,40
2017,3,A,골목상권,2110010,평창동서측,1467,678,789,2,187,323,335,377,243,2,65,155,166,155,135,0,122,168,169,222,108
2017,3,A,골목상권,2110009,자하문터널,1666,904,762,0,364,539,422,219,122,0,106,284,296,134,84,0,258,255,126,85,38
2017,3,A,골목상권,2110008,배화여자대학교(박노수미술관),8821,4298,4523,14,1295,1783,1669,2344,1716,7,642,994,871,1042,742,7,653,789,798,1302,974
2017,3,A,골목상권,2110007,사직공원(한국사회과학도서관),3824,2036,1788,3,424,1058,1080,759,500,1,125,474,566,452,418,2,299,584,514,307,82
2017,3,A,골목상권,2110006,부암동주민센터,480,181,299,0,89,143,100,93,55,0,23,46,41,37,34,0,66,97,59,56,21
2017,3,A,골목상권,2110005,세검정,2290,1048,1242,1,393,516,597,517,266,1,128,217,316,246,140,0,265,299,281,271,126
2017,3,A,골목상권,2110004,대신고등학교,844,394,450,0,93,153,204,239,155,0,19,53,104,111,107,0,74,100,100,128,48
2017,3,A,골목상권,2110003,세검정초등학교,2239,1060,1179,1,351,503,600,519,265,1,116,219,311,264,149,0,235,284,289,255,116
2017,3,A,골목상권,2110002,독립문역 1번,925,293,632,0,172,219,245,191,98,0,27,50,81,67,68,0,145,169,164,124,30
2017,3,A,골목상권,2110001,이북5도청사,661,345,316,0,36,147,184,189,105,0,8,71,98,101,67,0,28,76,86,88,38
2017,2,A,골목상권,2111090,강일동주민센터,1709,1143,566,2,139,270,440,529,329,1,54,151,275,393,269,1,85,119,165,136,60
2017,2,A,골목상권,2111089,상일여고(상일초등학교),11788,9363,2425,5,1699,5062,2747,1666,609,1,1136,4153,2270,1378,425,4,563,909,477,288,184
2017,2,A,골목상권,2111088,고덕동성당,607,289,318,1,59,95,140,183,129,1,24,52,62,83,67,0,35,43,78,100,62
2017,2,A,골목상권,2111087,고덕중학교(고덕2동주민센터),576,224,352,0,37,113,136,208,82,0,9,34,51,88,42,0,28,79,85,120,40
2017,2,A,골목상권,2111086,한영중고,1162,521,641,1,105,231,324,366,135,0,32,81,146,180,82,1,73,150,178,186,53
2017,2,A,골목상권,2111085,묘곡초등학교(고덕아이파크아파트),865,358,507,0,74,147,207,250,187,0,20,50,82,111,95,0,54,97,125,139,92
2017,2,A,골목상권,2111084,길동신동아아파트,894,438,456,0,99,217,220,217,141,0,44,99,97,105,93,0,55,118,123,112,48
2017,2,A,골목상권,2111083,GS강동자이아파트,2609,1488,1121,5,303,636,685,582,398,1,146,395,387,300,259,4,157,241,298,282,139
2017,2,A,골목상권,2111082,중앙보훈병원,3247,1336,1911,7,636,944,789,631,240,1,149,382,359,313,132,6,487,562,430,318,108
2017,2,A,골목상권,2111081,둔촌푸르지오아파트,1638,1028,610,6,195,389,439,359,250,1,103,294,279,196,155,5,92,95,160,163,95
2017,2,A,골목상권,2111080,굽은다리역 3번,3534,1451,2083,6,406,615,830,920,757,2,134,275,368,300,372,4,272,340,462,620,385
2017,2,A,골목상권,2111079,둔촌고등학교(둔촌중학교),4998,2461,2537,8,759,1250,1236,1120,625,2,219,575,609,632,424,6,540,675,627,488,201
2017,2,A,골목상권,2111078,굽은다리역 4번,4405,2316,2089,13,485,871,1073,1019,944,5,185,463,552,524,587,8,300,408,521,495,357
2017,2,A,골목상권,2111077,길동주민센터(강동도서관),9584,4984,4600,18,1289,2345,2242,2115,1575,6,535,1291,1225,953,974,12,754,1054,1017,1162,601
2017,2,A,골목상권,2111076,둔촌2동주민센터,4786,2651,2135,7,775,1263,1041,1019,681,1,314,697,598,573,468,6,461,566,443,446,213
2017,2,A,골목상권,2111075,굽은다리역 2번,3335,1479,1856,7,385,597,732,790,824,3,128,273,314,329,432,4,257,324,418,461,392
2017,2,A,골목상권,2111074,명일역 1번,2089,877,1212,3,219,381,490,571,425,2,64,161,197,222,231,1,155,220,293,349,194
2017,2,A,골목상권,2111073,둔촌동역 1번(한산중학교),7991,4070,3921,15,1193,1990,1834,1866,1093,5,491,1043,942,868,721,10,702,947,892,998,372
2017,2,A,골목상권,2111072,굽은다리역 1번(십자성마을),4654,2462,2192,12,470,943,1033,1126,1070,4,135,480,546,623,674,8,335,463,487,503,396
2017,2,A,골목상권,2111071,천동초등학교,3753,2197,1556,8,407,826,867,832,813,3,132,447,511,521,583,5,275,379,356,311,230
2017,2,A,골목상권,2111070,천호초등학교,2256,1042,1214,8,203,474,541,563,467,4,52,232,229,281,244,4,151,242,312,282,223
2017,2,A,골목상권,2111069,천호1동주민센터,2580,1066,1514,8,247,587,680,638,420,4,72,267,273,253,197,4,175,320,407,385,223
2017,2,A,골목상권,2111068,강동성심병원,5838,2798,3040,16,1064,1508,1305,1164,781,8,347,719,692,511,521,8,717,789,613,653,260
2017,2,A,골목상권,2111067,강동구립성내도서관,10846,5303,5543,24,1857,2807,2419,2175,1564,11,654,1432,1270,960,976,13,1203,1375,1149,1215,588
2017,2,A,골목상권,2111066,암사동성당(효정하나플러스아파트),1868,927,941,9,163,421,500,469,306,4,49,206,241,254,173,5,114,215,259,215,133
2017,2,A,골목상권,2111065,천일초등학교,1283,606,677,1,122,267,324,346,223,0,33,106,133,176,158,1,89,161,191,170,65
2017,2,A,골목상권,2111064,둔촌동역 4번,4347,2370,1977,10,473,878,1000,1110,876,4,201,495,534,598,538,6,272,383,466,512,338
2017,2,A,골목상권,2111063,강동구립 천호도서관,4811,2509,2302,14,599,1062,1184,1111,841,7,205,554,640,596,507,7,394,508,544,515,334
2017,2,A,골목상권,2111062,둔촌동역 3번(성내3동주민센터),7622,4476,3146,9,945,2155,1964,1607,942,2,407,1224,1195,982,666,7,538,931,769,625,276
2017,2,A,골목상권,2111061,암사역 1번,5031,2290,2741,13,605,1037,1337,1301,738,3,209,538,598,493,449,10,396,499,739,808,289
2017,2,A,골목상권,2111060,암사역 2번(서울강동초등학교),4774,2213,2561,16,538,1077,1353,1108,682,7,212,541,641,455,357,9,326,536,712,653,325
2017,2,A,골목상권,2111059,강동역 4번(강풀만화거리),10153,4898,5255,29,1720,2518,2434,1954,1498,14,579,1266,1263,896,880,15,1141,1252,1171,1058,618
2017,2,A,골목상권,2111058,성내중학교,4042,2484,1558,3,384,869,1112,1132,542,2,174,553,682,723,350,1,210,316,430,409,192
2017,2,A,골목상권,2111057,천호공원(해공체육문화센터),2956,1388,1568,3,359,602,783,751,458,1,114,298,368,327,280,2,245,304,415,424,178
2017,2,A,골목상권,2111056,천호태영아파트,4456,2188,2268,17,702,1039,1113,886,699,7,291,561,572,392,365,10,411,478,541,494,334
2017,2,A,골목상권,2111055,선사초등학교,2045,837,1208,6,228,365,492,639,315,1,65,159,172,210,230,5,163,206,320,429,85
2017,2,A,골목상권,2111054,암사역 4번(삼성광나루아파트),2883,1188,1695,6,358,535,660,811,513,1,93,237,252,276,329,5,265,298,408,535,184
2017,2,A,골목상권,2111053,성내천어린이공원(하니사랑길),15754,9681,6073,17,1874,4308,4121,3468,1966,8,794,2514,2535,2391,1439,9,1080,1794,1586,1077,527
2017,2,A,골목상권,2111052,암사역 3번(천호동자전거거리),3258,1585,1673,8,393,695,919,744,499,3,161,368,469,306,278,5,232,327,450,438,221
2017,2,A,골목상권,2111051,천호역 6번,9767,4571,5196,27,1550,2451,2396,2085,1258,8,550,1106,1086,1057,764,19,1000,1345,1310,1028,494
2017,2,A,골목상권,2111050,강동구청(강동구청역 2번),8200,4796,3404,5,948,1930,2025,1849,1443,4,380,1006,1120,1241,1045,1,568,924,905,608,398
2017,2,A,골목상권,2111049,천호지구대(천호동자전거거리),4621,2361,2260,9,606,891,1116,1024,975,3,219,487,581,463,608,6,387,404,535,561,367
2017,2,A,골목상권,2111048,천호역 1번(천호문구완구거리),4015,2037,1978,15,585,765,942,864,844,2,205,404,475,403,548,13,380,361,467,461,296
2017,2,A,골목상권,2111047,마천1치안센터,1142,611,531,1,90,178,279,316,278,1,22,75,112,195,206,0,68,103,167,121,72
2017,2,A,골목상권,2111046,마천역(마천초등학교),2931,1415,1516,2,304,550,816,781,478,1,102,270,365,377,300,1,202,280,451,404,178
2017,2,A,골목상권,2111045,개미어린이공원,1513,649,864,1,178,245,384,446,259,0,55,115,162,170,147,1,123,130,222,276,112
2017,2,A,골목상권,2111044,남천초등학교,2718,1474,1244,5,223,467,681,805,537,3,78,244,346,437,366,2,145,223,335,368,171
2017,2,A,골목상권,2111043,마천공원,2878,1781,1097,5,312,590,719,814,438,3,160,401,434,460,323,2,152,189,285,354,115
2017,2,A,골목상권,2111042,거여역 1번(거여공원),5687,3012,2675,7,686,1317,1526,1370,781,4,308,844,813,600,443,3,378,473,713,770,338
2017,2,A,골목상권,2111041,거여역 8번,1877,1098,779,6,197,508,478,404,284,4,101,323,281,193,196,2,96,185,197,211,88
2017,2,A,골목상권,2111040,거여초등학교,3027,1918,1109,6,346,791,805,754,325,5,194,558,530,420,211,1,152,233,275,334,114
2017,2,A,골목상권,2111039,벌말어린이공원,4079,2471,1608,5,440,1027,1107,1059,441,4,227,692,703,577,268,1,213,335,404,482,173
2017,2,A,골목상권,2111038,보인중학교,3652,2112,1540,2,428,893,936,954,439,1,204,566,567,505,269,1,224,327,369,449,170
2017,2,A,골목상권,2111037,Sh수협은행 오금동금융센터(아랫말어린이공원),2332,1490,842,5,217,523,674,628,285,4,113,352,449,382,190,1,104,171,225,246,95
2017,2,A,골목상권,2111036,투구봉어린이공원,2481,1389,1092,4,341,623,612,519,382,1,137,346,346,285,274,3,204,277,266,234,108
2017,2,A,골목상권,2111035,오금공원(오주중학교),3258,2023,1235,5,303,703,905,902,440,4,148,456,580,541,294,1,155,247,325,361,146
2017,2,A,골목상권,2111034,오동나무공원(송파레미니스1단지),4429,2771,1658,12,526,1170,1201,1063,457,8,287,767,785,607,317,4,239,403,416,456,140
2017,2,A,골목상권,2111033,문정동성당,3866,2306,1560,6,371,621,915,932,1021,5,181,393,540,557,630,1,190,228,375,375,391
2017,2,A,골목상권,2111032,방이역 1번,10107,6187,3920,26,800,1638,1677,1736,4230,6,341,951,1023,973,2893,20,459,687,654,763,1337
2017,2,A,골목상권,2111031,장지동주민센터(한림연예예술고교),6460,3824,2636,14,746,1280,1654,1481,1285,6,357,783,965,876,837,8,389,497,689,605,448
2017,2,A,골목상권,2111030,방이역 2번,7185,4187,2998,21,467,991,1080,1187,3439,6,192,586,599,591,2213,15,275,405,481,596,1226
2017,2,A,골목상권,2111029,오금역 4번,7109,4177,2932,21,947,2041,1925,1467,708,9,470,1208,1146,837,507,12,477,833,779,630,201
2017,2,A,골목상권,2111028,문현중학교(장지역 1번),12908,7763,5145,37,1882,3297,3548,2656,1488,15,822,1995,2134,1662,1135,22,1060,1302,1414,994,353
2017,2,A,골목상권,2111027,문정초등학교,10776,6651,4125,25,1198,1926,2310,2144,3173,15,576,1203,1419,1255,2183,10,622,723,891,889,990
2017,2,A,골목상권,2111026,문정역 2번,13307,8122,5185,36,2017,3474,3503,2625,1652,18,926,2143,2179,1618,1238,18,1091,1331,1324,1007,414
2017,2,A,골목상권,2111025,경찰병원역 3번,13488,7337,6151,47,2027,3228,2990,2735,2461,19,930,1875,1752,1237,1524,28,1097,1353,1238,1498,937
2017,2,A,골목상권,2111024,경찰병원역 4번(건너말공원),21258,12517,8741,60,3136,5046,5029,4345,3642,30,1439,3018,3167,2443,2420,30,1697,2028,1862,1902,1222
2017,2,A,골목상권,2111023,문정역 1번,12406,7613,4793,33,1868,3199,3136,2439,1731,18,845,1985,1979,1473,1313,15,1023,1214,1157,966,418
2017,2,A,골목상권,2111022,석촌중학교(방이육교),7831,4757,3074,13,1060,2185,1995,1603,975,7,507,1406,1296,955,586,6,553,779,699,648,389
2017,2,A,골목상권,2111021,방이역 4번,10431,6309,4122,32,1413,2542,2479,2083,1882,9,573,1455,1487,1288,1497,23,840,1087,992,795,385
2017,2,A,골목상권,2111020,방이동고분군(방산고등학교),2269,1320,949,6,236,527,568,537,395,1,112,312,314,299,282,5,124,215,254,238,113
2017,2,A,골목상권,2111019,한성백제역 3번,14046,7687,6359,47,1687,3207,3425,3593,2087,37,814,1989,1833,1709,1305,10,873,1218,1592,1884,782
2017,2,A,골목상권,2111018,풍납초등학교(풍납백제문화공원),827,465,362,1,64,155,207,243,157,1,34,74,96,144,116,0,30,81,111,99,41
2017,2,A,골목상권,2111017,송파나루역 3번,4857,3010,1847,13,659,1238,1228,1020,699,5,331,800,761,596,517,8,328,438,467,424,182
2017,2,A,골목상권,2111016,송파역 2번,6672,3236,3436,22,1226,1734,1572,1373,745,7,411,891,885,588,454,15,815,843,687,785,291
2017,2,A,골목상권,2111015,석촌역 3번,10661,6053,4608,16,1419,2481,2604,2310,1831,6,605,1471,1519,1287,1165,10,814,1010,1085,1023,666
2017,2,A,골목상권,2111014,송파나루역 2번,10181,6320,3861,27,1396,2660,2444,2188,1466,16,713,1761,1620,1224,986,11,683,899,824,964,480
2017,2,A,골목상권,2111013,송파나루역 1번(송리단길),11399,6637,4762,19,1761,2883,2732,2339,1665,5,788,1802,1680,1296,1066,14,973,1081,1052,1043,599
2017,2,A,골목상권,2111012,석촌역 6번,6515,3448,3067,19,915,1397,1556,1319,1309,11,305,732,904,716,780,8,610,665,652,603,529
2017,2,A,골목상권,2111011,잠실나루역,1071,490,581,2,111,234,327,238,159,0,27,98,131,115,119,2,84,136,196,123,40
2017,2,A,골목상권,2111010,석촌역 7번,9629,5599,4030,49,1765,2243,2089,1647,1836,21,638,1313,1249,923,1455,28,1127,930,840,724,381
2017,2,A,골목상권,2111009,송파책박물관,2339,1404,935,12,343,514,629,532,309,6,133,287,420,347,211,6,210,227,209,185,98
2017,2,A,골목상권,2111008,석촌고분역 3번,5147,3049,2098,26,727,1185,1382,1123,704,17,298,700,918,648,468,9,429,485,464,475,236
2017,2,A,골목상권,2111007,석촌고분역 4번,4866,2849,2017,20,641,1151,1214,1110,730,16,287,727,754,578,487,4,354,424,460,532,243
2017,2,A,골목상권,2111006,석촌고분역 1번,9378,5340,4038,47,1475,2010,2019,1797,2030,21,538,1119,1127,929,1606,26,937,891,892,868,424
2017,2,A,골목상권,2111005,삼전역 3번,4975,2985,1990,10,603,1067,1059,1151,1085,6,242,674,628,666,769,4,361,393,431,485,316
2017,2,A,골목상권,2111004,삼전역 1번,12628,7647,4981,55,1734,3036,2943,2655,2205,38,770,1861,1837,1664,1477,17,964,1175,1106,991,728
2017,2,A,골목상권,2111003,삼전역 4번,7293,4358,2935,43,836,1606,1583,1532,1693,33,361,1009,955,877,1123,10,475,597,628,655,570
2017,2,A,골목상권,2111002,한국교통안전공단 강남자동차검사소,935,607,328,1,55,161,265,244,209,0,21,105,163,167,151,1,34,56,102,77,58
2017,2,A,골목상권,2111001,아래방죽마을공원(율현초등학교),754,402,352,1,77,141,195,187,153,0,18,56,82,118,128,1,59,85,113,69,25
2017,2,A,골목상권,2111000,대왕초등학교(세곡동사거리서남측),800,263,537,3,155,181,188,174,99,3,42,54,57,53,54,0,113,127,131,121,45
2017,2,A,골목상권,2110999,윗방죽마을공원,1721,938,783,2,231,371,401,402,314,0,74,161,177,257,269,2,157,210,224,145,45
2017,2,A,골목상권,2110998,은곡마을(은곡마을공원),1206,634,572,1,196,278,269,260,202,0,65,127,119,152,171,1,131,151,150,108,31
2017,2,A,골목상권,2110997,대청초등학교,10575,3702,6873,8,2406,3467,2274,1532,888,3,516,1056,939,702,486,5,1890,2411,1335,830,402
2017,2,A,골목상권,2110996,대치2동주민센터,11481,6703,4778,24,1877,3650,3015,1760,1155,9,705,2152,2031,1076,730,15,1172,1498,984,684,425
2017,2,A,골목상권,2110995,봉은사역 4번,29516,19346,10170,64,5842,7995,5666,5352,4597,14,3172,5765,4268,3193,2934,50,2670,2230,1398,2159,1663
2017,2,A,골목상권,2110994,개포고등학교,2075,1199,876,14,192,387,443,542,497,9,82,213,253,305,337,5,110,174,190,237,160
2017,2,A,골목상권,2110993,개포지하차도 북측,241,107,134,0,30,53,61,69,28,0,9,13,33,36,16,0,21,40,28,33,12
2017,2,A,골목상권,2110992,도곡초등학교,9291,4520,4771,48,1861,2762,2213,1460,947,17,540,1352,1214,779,618,31,1321,1410,999,681,329
2017,2,A,골목상권,2110991,삼성중앙역 5번,40515,21756,18759,174,11076,13553,9612,4609,1491,66,3809,7335,6711,2941,894,108,7267,6218,2901,1668,597
2017,2,A,골목상권,2110990,청담역 12번,10440,6517,3923,38,1724,3439,2680,1320,1239,16,600,2155,2040,872,834,22,1124,1284,640,448,405
2017,2,A,골목상권,2110989,대치동아우편취급국,25924,15274,10650,161,5057,9657,6833,2920,1296,28,2108,5950,4423,1901,864,133,2949,3707,2410,1019,432
2017,2,A,골목상권,2110988,청담역 3번,10595,6604,3991,54,1734,3395,2729,1501,1182,28,636,2098,2048,1002,792,26,1098,1297,681,499,390
2017,2,A,골목상권,2110987,영동대교남단,9606,5234,4372,75,2213,3301,2192,1206,619,17,721,1857,1473,729,437,58,1492,1444,719,477,182
2017,2,A,골목상권,2110986,삼성중앙역 7번,15756,8687,7069,81,3883,5563,3427,1899,903,34,1585,3435,2227,865,541,47,2298,2128,1200,1034,362
2017,2,A,골목상권,2110985,청담근린공원,11708,6287,5421,79,2680,4102,2720,1395,732,20,843,2309,1776,836,503,59,1837,1793,944,559,229
2017,2,A,골목상권,2110984,포이초등학교(개포목련어린이공원),10566,6669,3897,22,1289,2845,2907,2276,1227,10,606,1842,1827,1498,886,12,683,1003,1080,778,341
2017,2,A,골목상권,2110983,국립국악고등학교,5947,3746,2201,19,701,1399,1630,1239,959,12,285,916,1049,766,718,7,416,483,581,473,241
2017,2,A,골목상권,2110982,강남구보훈회관,7483,3660,3823,21,1117,2730,1709,1211,695,10,364,1141,867,797,481,11,753,1589,842,414,214
2017,2,A,골목상권,2110981,국악고교사거리,23800,13367,10433,91,3291,6199,6604,5047,2568,25,1437,3860,3763,2585,1697,66,1854,2339,2841,2462,871
2017,2,A,골목상권,2110980,개포지구대옆,21024,11871,9153,76,3179,5602,5074,3935,3158,22,1420,3648,3065,2086,1630,54,1759,1954,2009,1849,1528
2017,2,A,골목상권,2110979,청담초등학교,15176,4746,10430,70,5376,5784,2630,883,433,8,1185,1950,957,376,270,62,4191,3834,1673,507,163
2017,2,A,골목상권,2110978,도곡2동주민센터(대치중학교),8582,4598,3984,31,1546,1989,1651,1321,2044,17,600,1203,1081,781,916,14,946,786,570,540,1128
2017,2,A,골목상권,2110977,논현로18길,19477,10898,8579,81,2863,5186,5394,4054,1899,22,1221,3202,3152,2061,1240,59,1642,1984,2242,1993,659
2017,2,A,골목상권,2110976,언북초등학교,15342,5524,9818,89,5057,5511,2930,1063,692,21,1232,2065,1221,553,432,68,3825,3446,1709,510,260
2017,2,A,골목상권,2110975,매봉역 1번,5354,3246,2108,21,1179,1594,1311,736,513,10,434,992,906,518,386,11,745,602,405,218,127
2017,2,A,골목상권,2110974,언주중학교,9464,4821,4643,49,2484,3337,2074,1007,513,18,825,1698,1319,594,367,31,1659,1639,755,413,146
2017,2,A,골목상권,2110973,강남구청역 4번,15749,7542,8207,34,2392,4395,4084,3328,1516,8,739,2191,2101,1567,936,26,1653,2204,1983,1761,580
2017,2,A,골목상권,2110972,강남세브란스병원미래의학연구센터,18410,9906,8504,102,4780,5700,4169,2274,1385,36,1777,3135,2576,1381,1001,66,3003,2565,1593,893,384
2017,2,A,골목상권,2110971,선정릉역 4번,62296,31045,31251,205,16316,18046,13824,8589,5316,95,5850,10195,7885,3995,3025,110,10466,7851,5939,4594,2291
2017,2,A,골목상권,2110970,학동초등학교,14327,7538,6789,75,3513,5106,3458,1484,691,26,1188,2753,2185,914,472,49,2325,2353,1273,570,219
2017,2,A,골목상권,2110969,베르사이유1아파트,66518,40945,25573,319,14596,22047,17004,9306,3246,165,6830,14321,11815,5698,2116,154,7766,7726,5189,3608,1130
2017,2,A,골목상권,2110968,강남구청역 2번,19987,10707,9280,68,3951,6474,4944,3086,1464,22,1377,3581,3230,1578,919,46,2574,2893,1714,1508,545
2017,2,A,골목상권,2110967,역삼역 8번,53070,34141,18929,251,10495,16223,13733,8811,3557,163,5547,11221,9778,5211,2221,88,4948,5002,3955,3600,1336
2017,2,A,골목상권,2110966,논현2동주민센터,34932,19871,15061,94,6385,11160,8566,5661,3066,20,2272,6272,5775,3552,1980,74,4113,4888,2791,2109,1086
2017,2,A,골목상권,2110965,언주역 6번,23701,13332,10369,78,4974,6813,5351,3592,2893,39,1937,4123,3581,1898,1754,39,3037,2690,1770,1694,1139
2017,2,A,골목상권,2110964,싸리고개근린공원,15814,5157,10657,120,2958,3374,5882,2770,710,56,1124,1521,1294,661,501,64,1834,1853,4588,2109,209
2017,2,A,골목상권,2110963,역삼월드메르디앙아파트,28541,12549,15992,174,5224,7513,9061,4481,2088,77,1869,3831,3479,1825,1468,97,3355,3682,5582,2656,620
2017,2,A,골목상권,2110962,도산공원북측,9881,4486,5395,68,2920,3574,1791,956,572,16,999,1872,992,363,244,52,1921,1702,799,593,328
2017,2,A,골목상권,2110961,언주역 3번,27316,14064,13252,87,6558,8360,5812,3193,3306,40,2084,4480,3526,1682,2252,47,4474,3880,2286,1511,1054
2017,2,A,골목상권,2110960,은광여고,22053,12914,9139,81,3755,6287,5325,3770,2835,34,1557,3604,3554,2298,1867,47,2198,2683,1771,1472,968
2017,2,A,골목상권,2110959,신구중학교,13147,5911,7236,116,3860,3924,2224,1647,1376,37,1405,1954,1272,667,576,79,2455,1970,952,980,800
2017,2,A,골목상권,2110958,역삼역 4번,63269,39524,23745,274,13025,21158,16675,9243,2894,148,5993,13742,11854,5796,1991,126,7032,7416,4821,3447,903
2017,2,A,골목상권,2110957,언북중학교,35449,19643,15806,117,8135,12117,8262,3879,2939,29,2748,6670,5432,2617,2147,88,5387,5447,2830,1262,792
2017,2,A,골목상권,2110956,언주역 8번,19610,10968,8642,107,4668,6041,4492,2700,1602,46,1716,3430,3073,1579,1124,61,2952,2611,1419,1121,478
2017,2,A,골목상권,2110955,논현초등학교,23276,13202,10074,88,5243,7292,5314,2939,2400,40,1941,4263,3583,1784,1591,48,3302,3029,1731,1155,809
2017,2,A,골목상권,2110954,국기원,26814,13640,13174,104,7246,9291,5947,2674,1552,33,2166,4763,3907,1731,1040,71,5080,4528,2040,943,512
2017,2,A,골목상권,2110953,학동근린공원,27780,14478,13302,91,7472,9942,6044,2522,1709,28,2354,5388,3871,1606,1231,63,5118,4554,2173,916,478
2017,2,A,골목상권,2110952,논현목련공원,9682,5536,4146,27,1871,3251,2502,1219,812,11,744,1950,1583,684,564,16,1127,1301,919,535,248
2017,2,A,골목상권,2110951,신사은행나무공원,17039,8216,8823,65,4969,5774,3471,1592,1168,19,1443,2864,2118,951,821,46,3526,2910,1353,641,347
2017,2,A,골목상권,2110950,논현역 7번,23415,12530,10885,55,5627,8241,5633,2483,1376,13,1799,4685,3609,1486,938,42,3828,3556,2024,997,438
2017,2,A,골목상권,2110949,한남IC,10820,5345,5475,57,2873,3669,2341,1129,751,22,931,1918,1381,607,486,35,1942,1751,960,522,265
2017,2,A,골목상권,2110948,헌인가구단지,303,163,140,0,35,69,103,75,21,0,7,39,65,38,14,0,28,30,38,37,7
2017,2,A,골목상권,2110947,청계산입구역 2번(내곡동주민센터),777,423,354,3,121,208,204,160,81,0,46,122,120,82,53,3,75,86,84,78,28
2017,2,A,골목상권,2110946,청계산원터골,695,386,309,3,105,185,178,148,76,0,41,111,109,77,48,3,64,74,69,71,28
2017,2,A,골목상권,2110945,본마을노인복지센터(서초구립내곡도서관),372,201,171,0,32,105,117,83,35,0,10,61,65,43,22,0,22,44,52,40,13
2017,2,A,골목상권,2110944,서울나래학교(염곡어린이공원),85179,78979,6200,1,7104,18072,26516,32255,1231,0,5882,16161,24379,31391,1166,1,1222,1911,2137,864,65
2017,2,A,골목상권,2110943,법제교육센터(버들어린이공원),13320,7149,6171,43,1644,3241,3737,2909,1746,26,690,1937,2029,1392,1075,17,954,1304,1708,1517,671
2017,2,A,골목상권,2110942,염곡동 구룡사(포이동성당),99406,87400,12006,41,8802,21732,30241,35232,3358,24,6691,18475,26705,32978,2527,17,2111,3257,3536,2254,831
2017,2,A,골목상권,2110941,언남고등학교,6458,4081,2377,22,989,1838,1791,1133,685,12,483,1178,1196,705,507,10,506,660,595,428,178
2017,2,A,골목상권,2110940,양재근린공원(양재2동주민센터),10985,6671,4314,288,2923,2716,2399,1602,1057,128,1463,1654,1597,1010,819,160,1460,1062,802,592,238
2017,2,A,골목상권,2110939,양재역 8번(양재동우체국),32964,19523,13441,121,6074,9753,7534,5021,4461,44,2589,5938,4879,3175,2898,77,3485,3815,2655,1846,1563
2017,2,A,골목상권,2110938,바우뫼공원,12347,7603,4744,313,3478,3506,2538,1505,1007,140,1720,2275,1859,941,668,173,1758,1231,679,564,339
2017,2,A,골목상권,2110937,방아다리근린공원(횃불트리니티신학대학원대학교),13256,8510,4746,46,2176,4197,3178,2136,1523,15,1020,2711,2304,1442,1018,31,1156,1486,874,694,505
2017,2,A,골목상권,2110936,더케이호텔(양재리본타워2단지아파트),8208,5401,2807,277,2731,2411,1619,819,351,123,1499,1659,1250,606,264,154,1232,752,369,213,87
2017,2,A,골목상권,2110935,한전아트센터,9502,6333,3169,33,1612,3008,2487,1460,902,10,785,1995,1851,1040,652,23,827,1013,636,420,250
2017,2,A,골목상권,2110934,우면주공아파트,4956,3421,1535,2,618,968,1167,1467,734,1,266,616,867,1105,566,1,352,352,300,362,168
2017,2,A,골목상권,2110933,한국상담대학원대학교,6390,4385,2005,15,1057,2163,1659,911,585,8,506,1490,1264,642,475,7,551,673,395,269,110
2017,2,A,골목상권,2110932,서울시인재개발원,17725,8571,9154,99,4593,4740,4004,3059,1230,47,1869,2922,2028,993,712,52,2724,1818,1976,2066,518
2017,2,A,골목상권,2110931,삼성전자서울R&D(서울우면초등학교),1120,659,461,4,112,260,342,344,58,4,28,104,224,249,50,0,84,156,118,95,8
2017,2,A,골목상권,2110930,서초동성당,15248,8903,6345,42,3049,4841,4126,2129,1061,22,1437,2903,2403,1349,789,20,1612,1938,1723,780,272
2017,2,A,골목상권,2110929,남부터미널역 1번,23973,14322,9651,73,4861,7422,6044,3385,2188,30,1919,4457,4099,2172,1645,43,2942,2965,1945,1213,543
2017,2,A,골목상권,2110928,서초우방유쉘아파트,23600,13725,9875,91,4725,7066,5867,3638,2213,21,2011,4338,3670,2162,1523,70,2714,2728,2197,1476,690
2017,2,A,골목상권,2110927,잠원역,964,447,517,1,124,193,194,201,251,1,27,68,70,83,198,0,97,125,124,118,53
2017,2,A,골목상권,2110926,신중초등학교,13995,8945,5050,36,2400,4607,3787,1906,1259,20,967,3031,2847,1255,825,16,1433,1576,940,651,434
2017,2,A,골목상권,2110925,서초중학교,10757,6729,4028,49,2182,3309,2401,1462,1354,19,956,2153,1683,985,933,30,1226,1156,718,477,421
2017,2,A,골목상권,2110924,반포4동주민센터(몽마르뜨공원),23804,9105,14699,36,6167,8017,5862,2980,742,11,1210,3032,2760,1655,437,25,4957,4985,3102,1325,305
2017,2,A,골목상권,2110923,방배역 1번,5071,2959,2112,48,1036,1358,1068,788,773,9,404,813,691,444,598,39,632,545,377,344,175
2017,2,A,골목상권,2110922,내방역 1번,10683,5834,4849,55,2290,3287,2713,1504,834,20,912,2010,1610,735,547,35,1378,1277,1103,769,287
2017,2,A,골목상권,2110921,서울프랑스학교,5337,3184,2153,35,1107,1575,1375,842,403,11,498,968,900,571,236,24,609,607,475,271,167
2017,2,A,골목상권,2110920,방배역 2번(백석예술대학교),5875,3473,2402,52,1187,1536,1246,933,921,10,459,954,831,548,671,42,728,582,415,385,250
2017,2,A,골목상권,2110919,내방역 8번,7859,4059,3800,42,1703,2368,1930,1189,627,13,534,1262,1169,645,436,29,1169,1106,761,544,191
2017,2,A,골목상권,2110918,방배역 3번,8469,5206,3263,35,1596,2378,2100,1233,1127,19,696,1569,1387,734,801,16,900,809,713,499,326
2017,2,A,골목상권,2110917,서초소방서,2973,1974,999,3,451,887,843,536,253,1,200,592,617,393,171,2,251,295,226,143,82
2017,2,A,골목상권,2110916,내방역 4번,14285,7556,6729,82,2663,4152,3946,2168,1274,33,1146,2423,2081,969,904,49,1517,1729,1865,1199,370
2017,2,A,골목상권,2110915,서래초등학교,3991,2414,1577,8,649,1116,1077,611,530,3,253,674,694,407,383,5,396,442,383,204,147
2017,2,A,골목상권,2110914,내방역 6번,9223,4643,4580,58,1544,2523,2526,1657,915,20,605,1348,1250,753,667,38,939,1175,1276,904,248
2017,2,A,골목상권,2110913,방현초등학교(방배119안전센터),19036,13875,5161,34,2149,3617,5280,6317,1639,19,1234,2505,3999,4875,1243,15,915,1112,1281,1442,396
2017,2,A,골목상권,2110912,방배동사이길,3382,1877,1505,9,552,811,797,588,625,1,178,419,451,370,458,8,374,392,346,218,167
2017,2,A,골목상권,2110911,방배배수지체육공원,17704,12858,4846,27,1941,3407,4960,5987,1382,17,1079,2242,3741,4674,1105,10,862,1165,1219,1313,277
2017,2,A,골목상권,2110910,내방역 5번,10559,5532,5027,65,1661,2704,2886,1961,1282,24,650,1413,1469,1009,967,41,1011,1291,1417,952,315
2017,2,A,골목상권,2110909,남태령역(서울전자고등학교),2388,1689,699,2,323,692,626,531,214,2,142,419,482,468,176,0,181,273,144,63,38
2017,2,A,골목상권,2110908,구반포역,2276,1423,853,25,363,558,515,375,440,22,222,369,326,238,246,3,141,189,189,137,194
2017,2,A,골목상권,2110907,방배초등학교,11137,5886,5251,55,1784,2785,3018,2024,1471,22,681,1475,1531,1080,1097,33,1103,1310,1487,944,374
2017,2,A,골목상권,2110906,서문여고,4774,2761,2013,20,834,1087,1107,913,813,8,298,641,669,570,575,12,536,446,438,343,238
2017,2,A,골목상권,2110905,방배노인종합복지관(이수중학교),4523,2873,1650,8,622,1125,1172,951,645,3,272,722,844,627,405,5,350,403,328,324,240
2017,2,A,골목상권,2110904,이수역 5번,6795,3765,3030,21,1167,1775,1732,1213,887,9,427,977,1052,688,612,12,740,798,680,525,275
2017,2,A,골목상권,2110903,방배아이파크아파트,6156,3296,2860,17,874,1482,1497,1367,919,6,319,910,848,633,580,11,555,572,649,734,339
2017,2,A,골목상권,2110902,사당역 4번,6383,3318,3065,21,1388,1519,1576,1217,662,7,529,828,902,608,444,14,859,691,674,609,218
2017,2,A,골목상권,2110901,인헌고등학교(인헌중학교),1700,754,946,1,236,380,459,414,210,1,66,189,200,177,121,0,170,191,259,237,89
2017,2,A,골목상권,2110900,낙성대역 1번(관악구민 종합체육센터),4108,2322,1786,11,553,892,882,888,882,9,201,470,454,511,677,2,352,422,428,377,205
2017,2,A,골목상권,2110899,낙성대역 5번(관악중학교),3706,2205,1501,16,564,992,838,669,627,9,242,612,516,376,450,7,322,380,322,293,177
2017,2,A,골목상권,2110898,청림동주민센터(상도중학교),1239,549,690,7,175,288,336,252,181,3,63,130,131,90,132,4,112,158,205,162,49
2017,2,A,골목상권,2110897,서울대입구역 8번,5313,2660,2653,34,1015,1209,1285,1033,737,25,453,630,667,481,404,9,562,579,618,552,333
2017,2,A,골목상권,2110896,관악우성아파트,1987,956,1031,5,281,434,492,417,358,2,134,233,256,171,160,3,147,201,236,246,198
2017,2,A,골목상권,2110895,샤로수길,10691,6181,4510,35,1602,2536,2488,2395,1635,24,702,1411,1394,1509,1141,11,900,1125,1094,886,494
2017,2,A,골목상권,2110894,관악동부센트레빌아파트(은천로35라길),1402,701,701,3,178,306,380,278,257,1,85,169,176,137,133,2,93,137,204,141,124
2017,2,A,골목상권,2110893,관악소방서(문영여고),1972,1481,491,0,273,635,492,425,147,0,168,478,378,344,113,0,105,157,114,81,34
2017,2,A,골목상권,2110892,관악구 중앙길,6202,2749,3453,11,948,1320,1576,1269,1078,3,319,598,739,528,562,8,629,722,837,741,516
2017,2,A,골목상권,2110891,구암초등학교,1309,420,889,2,164,265,348,340,190,1,43,93,102,94,87,1,121,172,246,246,103
2017,2,A,골목상권,2110890,봉천역 1번(관악초등학교),2286,1226,1060,2,280,475,638,472,419,0,96,250,351,246,283,2,184,225,287,226,136
2017,2,A,골목상권,2110889,봉천역 6번,2714,1011,1703,3,345,555,677,623,511,0,72,221,287,208,223,3,273,334,390,415,288
2017,2,A,골목상권,2110888,청룡동주민센터,1442,774,668,0,150,319,393,339,241,0,64,160,194,185,171,0,86,159,199,154,70
2017,2,A,골목상권,2110887,서울산업정보학교(서울삼성초등학교),1592,913,679,2,151,317,426,498,198,0,44,154,248,319,148,2,107,163,178,179,50
2017,2,A,골목상권,2110886,관악해태어린이공원,1800,1028,772,3,197,351,509,517,223,0,75,191,286,326,150,3,122,160,223,191,73
2017,2,A,골목상권,2110885,영락고등학교,1406,726,680,1,114,245,362,400,284,1,42,131,175,202,175,0,72,114,187,198,109
2017,2,A,골목상권,2110884,봉천역 4번(봉천110안전센터),4038,1888,2150,6,543,821,994,1031,643,2,170,412,457,469,378,4,373,409,537,562,265
2017,2,A,골목상권,2110883,은천초등학교(은천교앞),3121,1609,1512,7,416,625,801,818,454,4,157,348,382,407,311,3,259,277,419,411,143
2017,2,A,골목상권,2110882,신성초등학교,2743,1618,1125,5,270,445,719,773,531,1,109,251,424,478,355,4,161,194,295,295,176
2017,2,A,골목상권,2110881,구립대학경로당(관악산샘말공원),3103,1695,1408,5,375,652,772,805,494,1,128,332,407,476,351,4,247,320,365,329,143
2017,2,A,골목상권,2110880,신림역 1번,2978,1270,1708,3,649,657,704,584,381,1,195,292,334,224,224,2,454,365,370,360,157
2017,2,A,골목상권,2110879,신림현대아파트,1676,892,784,3,186,260,395,443,389,1,66,135,207,232,251,2,120,125,188,211,138
2017,2,A,골목상권,2110878,미림여고,629,287,342,1,88,177,124,143,96,1,23,90,51,64,58,0,65,87,73,79,38
2017,2,A,골목상권,2110877,신림역 8번,5274,2453,2821,7,950,1149,1314,1104,750,3,316,549,633,497,455,4,634,600,681,607,295
2017,2,A,골목상권,2110876,서원동주민센터(신관중학교),2850,1356,1494,10,426,518,567,600,729,3,157,261,245,268,422,7,269,257,322,332,307
2017,2,A,골목상권,2110875,보라매동주민센터(당곡고등학교),2035,1038,997,3,262,420,530,474,346,1,115,217,247,234,224,2,147,203,283,240,122
2017,2,A,골목상권,2110874,원신초등학교(구세군관악영문교회),1719,892,827,6,225,375,394,413,306,4,68,170,186,230,234,2,157,205,208,183,72
2017,2,A,골목상권,2110873,당곡중학교,9700,4587,5113,21,1620,3269,2873,1325,592,6,509,1420,1412,851,389,15,1111,1849,1461,474,203
2017,2,A,골목상권,2110872,신림초등학교,715,253,462,1,99,160,176,169,110,1,29,63,72,51,37,0,70,97,104,118,73
2017,2,A,골목상권,2110871,신원동주민센터,3304,1485,1819,15,537,612,658,692,790,5,218,292,287,287,396,10,319,320,371,405,394
2017,2,A,골목상권,2110870,신림주공2단지(광신고등학교),372,172,200,3,41,72,93,114,49,3,6,32,40,63,28,0,35,40,53,51,21
2017,2,A,골목상권,2110869,"신림역 5번(신림동주민센터, 신림동별빛거리)",8937,4473,4464,21,1326,2406,2581,1491,1112,8,509,1102,1281,861,712,13,817,1304,1300,630,400
2017,2,A,골목상권,2110868,남부초등학교,4001,1885,2116,15,552,734,843,978,879,5,230,373,368,449,460,10,322,361,475,529,419
2017,2,A,골목상권,2110867,국제신학대학원대학교(남서울중학교),3869,1856,2013,13,484,707,843,954,868,4,197,346,386,462,461,9,287,361,457,492,407
2017,2,A,골목상권,2110866,난우중학교,1274,485,789,1,180,310,350,311,122,0,31,106,131,148,69,1,149,204,219,163,53
2017,2,A,골목상권,2110865,남강고등학교(남강중학교),1636,649,987,2,203,373,441,403,214,0,49,148,185,173,94,2,154,225,256,230,120
2017,2,A,골목상권,2110864,신림우방아파트,1448,789,659,1,163,291,390,391,212,1,67,162,193,218,148,0,96,129,197,173,64
2017,2,A,골목상권,2110863,난우초등학교,1825,777,1048,4,229,405,450,453,284,0,59,158,208,208,144,4,170,247,242,245,140
2017,2,A,골목상권,2110862,난곡초등학교(난곡동벽화마을),1264,502,762,2,184,300,342,274,162,0,40,113,139,120,90,2,144,187,203,154,72
2017,2,A,골목상권,2110861,관악구신사동주민센터,3973,2091,1882,2,408,735,994,1064,770,1,137,394,479,564,516,1,271,341,515,500,254
2017,2,A,골목상권,2110860,호림박물관(성보고등학교),2889,1498,1391,4,296,494,698,807,590,1,95,227,344,435,396,3,201,267,354,372,194
2017,2,A,골목상권,2110859,난향초등학교,1017,345,672,1,77,138,208,317,276,0,10,41,79,92,123,1,67,97,129,225,153
2017,2,A,골목상권,2110858,신대방역 1번,2473,1778,695,9,417,720,656,444,227,9,282,581,468,276,162,0,135,139,188,168,65
2017,2,A,골목상권,2110857,미성동주민센터,1907,781,1126,4,223,422,474,481,303,0,63,147,198,205,168,4,160,275,276,276,135
2017,2,A,골목상권,2110856,미성초등학교,4984,3304,1680,6,405,784,936,1025,1828,3,167,419,529,626,1560,3,238,365,407,399,268
2017,2,A,골목상권,2110855,신대방역 2번,6820,4878,1942,14,739,1352,1442,1303,1970,13,422,944,943,860,1696,1,317,408,499,443,274
2017,2,A,골목상권,2110854,조원동주민센터,4274,3009,1265,7,374,688,817,867,1521,3,193,437,494,529,1353,4,181,251,323,338,168
2017,2,A,골목상권,2110853,KT구로지사,4838,2567,2271,13,658,1058,1181,1136,792,3,260,567,639,565,533,10,398,491,542,571,259
2017,2,A,골목상권,2110852,이수역 9번,5185,2934,2251,10,741,1350,1534,979,571,3,266,759,955,556,395,7,475,591,579,423,176
2017,2,A,골목상권,2110851,경문고등학교(동작동성당),3702,1612,2090,13,481,863,951,984,410,5,166,485,422,325,209,8,315,378,529,659,201
2017,2,A,골목상권,2110850,사당역 10번,10849,5725,5124,33,1965,2437,2695,2230,1489,11,713,1320,1570,1184,927,22,1252,1117,1125,1046,562
2017,2,A,골목상권,2110849,이수역 10번,5363,2487,2876,20,787,1162,1280,1140,974,7,230,535,639,518,558,13,557,627,641,622,416
2017,2,A,골목상권,2110848,양지어린이공원,4449,2322,2127,8,477,868,1149,908,1039,3,164,441,605,444,665,5,313,427,544,464,374
2017,2,A,골목상권,2110847,예술인마을,2736,1347,1389,5,477,729,697,561,267,2,164,410,369,227,175,3,313,319,328,334,92
2017,2,A,골목상권,2110846,남성역 1번,3491,1785,1706,6,368,617,767,770,963,3,151,281,341,383,626,3,217,336,426,387,337
2017,2,A,골목상권,2110845,사당종합체육관,670,381,289,0,76,120,165,186,123,0,20,63,95,117,86,0,56,57,70,69,37
2017,2,A,골목상권,2110844,흑석2치안센터,593,317,276,2,75,121,155,137,103,0,39,71,77,65,65,2,36,50,78,72,38
2017,2,A,골목상권,2110843,사당5동주민센터,1352,669,683,5,219,296,340,335,157,2,97,126,151,183,110,3,122,170,189,152,47
2017,2,A,골목상권,2110842,흑리단길,2701,851,1850,6,660,877,608,380,170,0,142,240,212,155,102,6,518,637,396,225,68
2017,2,A,골목상권,2110841,중대부중,4860,2241,2619,4,905,1386,1222,968,375,0,224,486,657,600,274,4,681,900,565,368,101
2017,2,A,골목상권,2110840,중앙대학교,4982,2281,2701,5,980,1406,1224,962,405,0,252,507,651,582,289,5,728,899,573,380,116
2017,2,A,골목상권,2110839,숭실대입구역 4번,2633,1292,1341,7,332,666,761,578,289,2,110,287,379,320,194,5,222,379,382,258,95
2017,2,A,골목상권,2110838,상도1동주민센터앞,2437,1259,1178,4,288,600,738,540,267,1,91,263,408,326,170,3,197,337,330,214,97
2017,2,A,골목상권,2110837,숭실대입구역 1번,3534,1682,1852,9,412,840,1059,785,429,4,133,358,516,414,257,5,279,482,543,371,172
2017,2,A,골목상권,2110836,상도역 5번,4607,2493,2114,4,630,1061,1242,1074,596,3,199,501,745,660,385,1,431,560,497,414,211
2017,2,A,골목상권,2110835,상도역 1번,1808,801,1007,5,284,407,481,389,242,3,90,176,230,177,125,2,194,231,251,212,117
2017,2,A,골목상권,2110834,동작구자원봉사센터,1331,572,759,1,178,267,333,327,225,0,62,135,145,131,99,1,116,132,188,196,126
2017,2,A,골목상권,2110833,상도역 2번,2432,1022,1410,4,342,512,671,610,293,2,97,202,299,278,144,2,245,310,372,332,149
2017,2,A,골목상권,2110832,노량진초등학교,6816,3900,2916,16,930,1611,1682,1634,943,6,472,816,969,1017,620,10,458,795,713,617,323
2017,2,A,골목상권,2110831,상도4동주민센터,1283,509,774,2,169,262,354,318,178,1,53,102,149,115,89,1,116,160,205,203,89
2017,2,A,골목상권,2110830,상도초등학교,2048,640,1408,2,276,397,571,489,313,2,64,115,183,149,127,0,212,282,388,340,186
2017,2,A,골목상권,2110829,장승배기역 5번,3198,1487,1711,3,475,598,820,838,464,0,259,292,348,351,237,3,216,306,472,487,227
2017,2,A,골목상권,2110828,노량진역 6번,10232,5868,4364,21,1178,2901,2474,2161,1497,6,533,1654,1511,1256,908,15,645,1247,963,905,589
2017,2,A,골목상권,2110827,NH농협은행 상도동지점,2172,819,1353,9,339,472,546,490,316,2,90,198,213,171,145,7,249,274,333,319,171
2017,2,A,골목상권,2110826,장승배기역 4번,3222,1159,2063,11,442,642,853,784,490,2,145,272,290,245,205,9,297,370,563,539,285
2017,2,A,골목상권,2110825,신대방삼거리역 1번,2926,1197,1729,15,408,665,777,663,398,6,99,281,329,272,210,9,309,384,448,391,188
2017,2,A,골목상권,2110824,대방역 3번,4520,2310,2210,15,823,1100,1074,985,523,7,327,634,547,469,326,8,496,466,527,516,197
2017,2,A,골목상권,2110823,신대방삼거리역 3번,25360,13041,12319,85,4268,6482,6062,5191,3272,42,2229,3647,3070,2435,1618,43,2039,2835,2992,2756,1654
2017,2,A,골목상권,2110822,신대방삼거리역 4번(대림초등학교),17106,9305,7801,88,2827,3266,3319,4374,3232,36,1819,2257,1642,1908,1643,52,1008,1009,1677,2466,1589
2017,2,A,골목상권,2110821,보라매역 2번,23128,12244,10884,116,3718,4854,5085,5683,3672,47,2235,3155,2443,2514,1850,69,1483,1699,2642,3169,1822
2017,2,A,골목상권,2110820,성남고등학교,2379,1147,1232,1,247,473,566,729,363,1,84,209,263,359,231,0,163,264,303,370,132
2017,2,A,골목상권,2110819,신대방역 4번,6518,3558,2960,11,1264,1726,1712,1225,580,10,460,963,1010,718,397,1,804,763,702,507,183
2017,2,A,골목상권,2110818,신대방역 3번,3354,2239,1115,10,509,904,905,635,391,9,310,641,605,387,287,1,199,263,300,248,104
2017,2,A,골목상권,2110817,대방역 4번,5312,2652,2660,17,823,1135,1258,1180,899,8,302,615,637,551,539,9,521,520,621,629,360
2017,2,A,골목상권,2110816,대방역 6번,4725,2452,2273,15,748,968,1086,1071,837,7,288,552,593,512,500,8,460,416,493,559,337
2017,2,A,골목상권,2110815,공군호텔,6613,3609,3004,15,947,1493,1586,1523,1049,6,336,833,875,838,721,9,611,660,711,685,328
2017,2,A,골목상권,2110814,서울지방병무청,4830,2601,2229,5,660,959,1028,1305,873,1,257,507,534,702,600,4,403,452,494,603,273
2017,2,A,골목상권,2110813,보라매역 6번,5265,2920,2345,32,746,1093,1120,1215,1059,5,293,614,644,656,708,27,453,479,476,559,351
2017,2,A,골목상권,2110812,신길6동주민센터,8873,4506,4367,50,1270,2395,2431,1924,803,9,541,1337,1191,960,468,41,729,1058,1240,964,335
2017,2,A,골목상권,2110811,보라매역 4번,7937,4057,3880,50,1143,2185,2177,1702,680,9,499,1223,1048,870,408,41,644,962,1129,832,272
2017,2,A,골목상권,2110810,영신초등학교,4339,2357,1982,6,382,847,1085,1088,931,4,109,444,604,590,606,2,273,403,481,498,325
2017,2,A,골목상권,2110809,장훈고등학교,1895,833,1062,6,214,436,508,427,304,5,57,210,225,188,148,1,157,226,283,239,156
2017,2,A,골목상권,2110808,신길역 1번,2656,1380,1276,28,393,537,574,580,544,11,135,285,308,302,339,17,258,252,266,278,205
2017,2,A,골목상권,2110807,신길역 3번,3346,1815,1531,28,522,838,686,634,638,11,177,449,433,348,397,17,345,389,253,286,241
2017,2,A,골목상권,2110806,서울시립영등포장애인복지관,3891,2666,1225,7,374,834,1040,922,714,3,166,504,777,687,529,4,208,330,263,235,185
2017,2,A,골목상권,2110805,신길새마을금고신길4동지점,1377,752,625,3,215,296,372,315,176,1,137,177,213,135,89,2,78,119,159,180,87
2017,2,A,골목상권,2110804,신풍역 1번,2503,1216,1287,6,260,543,593,588,513,1,92,264,264,268,327,5,168,279,329,320,186
2017,2,A,골목상권,2110803,신길2동우편취급국,2204,990,1214,3,218,473,583,538,389,3,70,215,241,263,198,0,148,258,342,275,191
2017,2,A,골목상권,2110802,신길동홍어거리,1638,703,935,2,151,338,411,402,334,2,44,150,198,177,132,0,107,188,213,225,202
2017,2,A,골목상권,2110801,신풍역 6번(신길6동공영주차장),512,199,313,2,69,104,119,139,79,0,21,45,33,56,44,2,48,59,86,83,35
2017,2,A,골목상권,2110800,영등포동성당,6965,4533,2432,9,794,1509,1794,1555,1304,5,324,935,1270,1126,873,4,470,574,524,429,431
2017,2,A,골목상권,2110799,영등포본동주민센터,1617,847,770,25,264,309,383,329,307,11,104,175,202,188,167,14,160,134,181,141,140
2017,2,A,골목상권,2110798,신풍역 2번,1242,510,732,4,125,237,290,319,267,0,33,103,101,131,142,4,92,134,189,188,125
2017,2,A,골목상권,2110797,KT대방빌딩,1734,620,1114,2,521,452,329,259,171,0,105,166,111,118,120,2,416,286,218,141,51
2017,2,A,골목상권,2110796,한림대학교한강성심병원,6811,4572,2239,9,799,1330,1739,1564,1370,4,361,871,1242,1134,960,5,438,459,497,430,410
2017,2,A,골목상권,2110795,도림초등학교,2163,1031,1132,4,201,518,587,506,347,2,68,254,310,233,164,2,133,264,277,273,183
2017,2,A,골목상권,2110794,영동초등학교,12436,8024,4412,24,1881,3355,3161,2340,1675,12,865,2218,2215,1536,1178,12,1016,1137,946,804,497
2017,2,A,골목상권,2110793,대림썬프라자,1737,641,1096,2,520,467,329,253,166,0,112,170,122,123,114,2,408,297,207,130,52
2017,2,A,골목상권,2110792,영등포역 2번,3760,1970,1790,45,491,952,968,782,522,17,173,478,526,461,315,28,318,474,442,321,207
2017,2,A,골목상권,2110791,신풍역 3번,1181,498,683,2,110,277,271,321,200,0,38,115,87,139,119,2,72,162,184,182,81
2017,2,A,골목상권,2110790,대림1동주민센터,1857,841,1016,9,252,378,434,459,325,0,85,176,172,214,194,9,167,202,262,245,131
2017,2,A,골목상권,2110789,대림성모병원,3355,1310,2045,2,782,862,734,643,332,1,157,368,337,281,166,1,625,494,397,362,166
2017,2,A,골목상권,2110788,영등포시장역 3번,3139,1800,1339,4,337,702,870,631,595,1,140,394,526,371,368,3,197,308,344,260,227
2017,2,A,골목상권,2110787,신길3동주민센터,1848,859,989,3,172,386,521,492,274,1,60,160,238,222,178,2,112,226,283,270,96
2017,2,A,골목상권,2110786,당산역 8번,10421,6210,4211,34,1546,1824,2207,2365,2445,14,690,1284,1435,1348,1439,20,856,540,772,1017,1006
2017,2,A,골목상권,2110785,영등포푸르지오아파트,1908,940,968,5,220,435,518,442,288,2,65,196,265,222,190,3,155,239,253,220,98
2017,2,A,골목상권,2110784,신대림초등학교,1445,554,891,1,197,286,356,395,210,1,37,120,142,156,98,0,160,166,214,239,112
2017,2,A,골목상권,2110783,영등포시장역 1번,11162,7049,4113,46,1833,3068,2755,2113,1347,22,860,1988,1882,1372,925,24,973,1080,873,741,422
2017,2,A,골목상권,2110782,영등포시장역 4번,4315,2208,2107,17,641,1041,1129,777,710,4,204,522,629,426,423,13,437,519,500,351,287
2017,2,A,골목상권,2110781,대림한신아파트,2187,1005,1182,7,277,431,578,548,346,1,84,198,272,259,191,6,193,233,306,289,155
2017,2,A,골목상권,2110780,신길대성유니드아파트,1766,962,804,3,182,388,469,466,258,2,87,214,248,238,173,1,95,174,221,228,85
2017,2,A,골목상권,2110779,대림갑을명가아파트,1113,560,553,6,188,219,291,248,161,1,71,110,154,125,99,5,117,109,137,123,62
2017,2,A,골목상권,2110778,구로디지털단지역 4번,19842,11783,8059,60,4934,7470,4195,1961,1222,20,1947,5040,2798,1172,806,40,2987,2430,1397,789,416
2017,2,A,골목상권,2110777,구로세무서,19039,9599,9440,138,4121,5668,4839,2734,1539,42,1500,2936,2586,1523,1012,96,2621,2732,2253,1211,527
2017,2,A,골목상권,2110776,도신초등학교,5771,3516,2255,16,819,1434,1604,1230,668,6,415,942,1040,685,428,10,404,492,564,545,240
2017,2,A,골목상권,2110775,대동초등학교,1543,769,774,1,135,271,410,389,337,1,37,138,200,184,209,0,98,133,210,205,128
2017,2,A,골목상권,2110774,당산반도유보라팰리스아파트,19772,9984,9788,142,5190,5904,4321,2600,1615,55,1758,3038,2306,1665,1162,87,3432,2866,2015,935,453
2017,2,A,골목상권,2110773,당산역 13번,11907,7943,3964,47,1809,3283,2629,1893,2246,24,981,2539,1945,1083,1371,23,828,744,684,810,875
2017,2,A,골목상권,2110772,신우어린이공원,3830,2521,1309,12,591,1049,1054,762,362,6,329,738,763,452,233,6,262,311,291,310,129
2017,2,A,골목상권,2110771,대림역 11번,1950,970,980,2,224,383,556,490,295,1,66,195,279,253,176,1,158,188,277,237,119
2017,2,A,골목상권,2110770,영등포구청역 6번,8260,4631,3629,26,981,1965,2050,1813,1425,11,372,1015,1151,1149,933,15,609,950,899,664,492
2017,2,A,골목상권,2110769,대림차이나타운(대림역 12번),1570,753,817,1,174,326,478,392,199,1,52,143,223,200,134,0,122,183,255,192,65
2017,2,A,골목상권,2110768,도림2동유수지내체육시설,5563,2254,3309,31,1174,1871,997,728,762,13,244,507,558,452,480,18,930,1364,439,276,282
2017,2,A,골목상권,2110767,도림동주민센터,7781,3741,4040,54,1529,2340,1522,1288,1048,23,427,800,917,841,733,31,1102,1540,605,447,315
2017,2,A,골목상권,2110766,대림역 5번,14818,9699,5119,23,2006,3595,3673,3168,2353,10,1326,2749,2533,1738,1343,13,680,846,1140,1430,1010
2017,2,A,골목상권,2110765,문래동사거리,22723,11165,11558,121,4860,6917,5340,3342,2143,44,1625,3158,2938,1969,1431,77,3235,3759,2402,1373,712
2017,2,A,골목상권,2110764,문래역 3번,6355,3522,2833,13,1052,1768,1549,1003,970,5,489,1015,801,592,620,8,563,753,748,411,350
2017,2,A,골목상권,2110763,영등포구청역 2번,17228,8240,8988,73,3259,4176,3422,3371,2927,27,1083,1954,1670,1690,1816,46,2176,2222,1752,1681,1111
2017,2,A,골목상권,2110762,선유도역 1번,32867,17380,15487,134,5626,11327,10003,4207,1570,71,2243,6076,5315,2488,1187,63,3383,5251,4688,1719,383
2017,2,A,골목상권,2110761,문래동남성맨션,7203,3506,3697,32,1397,2218,1397,1286,873,16,402,751,869,864,604,16,995,1467,528,422,269
2017,2,A,골목상권,2110760,선유도역 6번,32151,16912,15239,120,5636,11686,9774,3853,1082,66,2349,6415,5113,2180,789,54,3287,5271,4661,1673,293
2017,2,A,골목상권,2110759,문래예술촌(문래창작촌),35725,21144,14581,137,6882,10563,9068,5602,3473,52,3170,6486,5520,3425,2491,85,3712,4077,3548,2177,982
2017,2,A,골목상권,2110758,문래소공원,14154,9428,4726,28,2306,3600,3424,2412,2384,16,1258,2404,2302,1585,1863,12,1048,1196,1122,827,521
2017,2,A,골목상권,2110757,양평역 2번,7632,4817,2815,24,992,1903,1937,1572,1204,17,495,1296,1209,899,901,7,497,607,728,673,303
2017,2,A,골목상권,2110756,문래중학교,6352,4096,2256,15,770,1529,1592,1199,1247,12,385,1017,970,724,988,3,385,512,622,475,259
2017,2,A,골목상권,2110755,동일여자고등학교,2621,1237,1384,6,218,433,691,830,443,0,48,147,336,430,276,6,170,286,355,400,167
2017,2,A,골목상권,2110754,삼성산자연공원(서울금천초등학교),3098,1446,1652,4,248,481,810,998,557,1,62,179,397,492,315,3,186,302,413,506,242
2017,2,A,골목상권,2110753,시흥동 은행나무사거리,3164,1521,1643,7,282,534,863,972,506,2,75,205,422,504,313,5,207,329,441,468,193
2017,2,A,골목상권,2110752,한울중학교,1575,629,946,0,146,260,458,444,267,0,48,93,143,188,157,0,98,167,315,256,110
2017,2,A,골목상권,2110751,난곡중학교,4961,3238,1723,6,424,882,968,1050,1631,2,199,478,556,596,1407,4,225,404,412,454,224
2017,2,A,골목상권,2110750,시흥4동주민센터(서울신흥초등학교),1292,436,856,1,137,220,389,390,155,1,36,73,122,134,70,0,101,147,267,256,85
2017,2,A,골목상권,2110749,금산초등학교(금천고등학교),8816,5375,3441,15,674,1635,2873,2480,1139,2,360,1008,1648,1495,862,13,314,627,1225,985,277
2017,2,A,골목상권,2110748,백산초등학교,2329,1143,1186,14,258,479,655,614,309,8,111,249,327,275,173,6,147,230,328,339,136
2017,2,A,골목상권,2110747,석수역 1번 출입구,1289,917,372,4,92,229,378,388,198,1,54,154,250,290,168,3,38,75,128,98,30
2017,2,A,골목상권,2110746,금천금빛공원(은행나무사거리서측),2750,1206,1544,14,359,480,740,734,423,10,121,230,358,290,197,4,238,250,382,444,226
2017,2,A,골목상권,2110745,독산동정훈단지,1558,603,955,0,176,256,436,428,262,0,49,84,146,173,151,0,127,172,290,255,111
2017,2,A,골목상권,2110744,독산동성당,2450,1018,1432,0,265,384,646,706,449,0,77,139,243,287,272,0,188,245,403,419,177
2017,2,A,골목상권,2110743,시흥초등학교(시흥1동우체국),3547,1194,2353,4,437,590,816,842,858,3,105,236,297,263,290,1,332,354,519,579,568
2017,2,A,골목상권,2110742,KT금천빌딩(금천구시설관리공단),6307,3958,2349,13,470,1144,1986,1792,902,4,259,703,1220,1131,641,9,211,441,766,661,261
2017,2,A,골목상권,2110741,독산2동주민센터,2650,1326,1324,3,293,502,722,716,414,2,124,268,324,360,248,1,169,234,398,356,166
2017,2,A,골목상권,2110740,금천해태공원,5328,2348,2980,21,1130,1430,1099,856,792,16,523,717,437,322,333,5,607,713,662,534,459
2017,2,A,골목상권,2110739,시흥3동 우편취급국,6909,4213,2696,8,525,1245,2339,1921,871,1,293,796,1354,1126,643,7,232,449,985,795,228
2017,2,A,골목상권,2110738,문성초등학교,4208,2236,1972,12,574,811,1097,1080,634,1,239,409,582,588,417,11,335,402,515,492,217
2017,2,A,골목상권,2110737,금천세무서,3565,2037,1528,9,382,727,983,911,553,0,154,399,583,513,388,9,228,328,400,398,165
2017,2,A,골목상권,2110736,독산119안전센터,5742,3305,2437,18,698,1034,1478,1521,993,9,334,606,816,851,689,9,364,428,662,670,304
2017,2,A,골목상권,2110735,말미고개,4397,2533,1864,16,540,834,1169,1141,697,12,288,512,629,614,478,4,252,322,540,527,219
2017,2,A,골목상권,2110734,금천파출소,3743,1807,1936,26,985,1194,695,499,344,18,458,624,307,209,191,8,527,570,388,290,153
2017,2,A,골목상권,2110733,금천어울림복지센터,4352,2074,2278,10,422,941,1006,1073,900,3,164,391,467,615,434,7,258,550,539,458,466
2017,2,A,골목상권,2110732,가산초등학교(세일중학교),6755,4150,2605,17,947,1541,1722,1635,893,7,522,982,1033,962,644,10,425,559,689,673,249
2017,2,A,골목상권,2110731,금천구청역 1번 출입구,7033,3333,3700,37,1241,1888,1428,1391,1048,22,557,889,629,723,513,15,684,999,799,668,535
2017,2,A,골목상권,2110730,서울축산농협 독산역지점(독산파출소),9736,6062,3674,24,1247,2407,2710,2247,1101,17,715,1631,1650,1294,755,7,532,776,1060,953,346
2017,2,A,골목상권,2110729,가산동우체국,12009,7286,4723,42,2122,3554,3178,2013,1100,23,1028,2294,2068,1134,739,19,1094,1260,1110,879,361
2017,2,A,골목상권,2110728,두산초등학교,26521,17565,8956,123,4103,7597,7280,4835,2583,65,2105,5184,5063,3170,1978,58,1998,2413,2217,1665,605
2017,2,A,골목상권,2110727,독산역 1번 출입구,22090,14434,7656,99,3518,6417,6078,3898,2080,48,1769,4359,4179,2528,1551,51,1749,2058,1899,1370,529
2017,2,A,골목상권,2110726,금천철쭉어린이공원(금하마을),351,190,161,3,33,66,107,98,44,2,12,39,58,52,27,1,21,27,49,46,17
2017,2,A,골목상권,2110725,가산동주민센터,26512,15475,11037,116,5050,8431,7029,4167,1719,66,2192,5225,4490,2298,1204,50,2858,3206,2539,1869,515
2017,2,A,골목상권,2110724,금천구립가산도서관,23407,14713,8694,117,3784,7013,6419,4369,1705,58,1778,4518,4317,2775,1267,59,2006,2495,2102,1594,438
2017,2,A,골목상권,2110723,가산디지털단지역 1번 출입구,51462,32735,18727,196,10661,17264,13409,7021,2911,112,5167,11570,9356,4392,2138,84,5494,5694,4053,2629,773
2017,2,A,골목상권,2110722,G타워,47243,29078,18165,159,10460,17711,11255,4947,2711,83,4651,11858,7519,2974,1993,76,5809,5853,3736,1973,718
2017,2,A,골목상권,2110721,가리봉파출소,26156,16641,9515,118,4965,8768,6651,3747,1907,71,2430,6055,4568,2165,1352,47,2535,2713,2083,1582,555
2017,2,A,골목상권,2110720,대림역 2번,3692,1900,1792,3,375,652,1058,1029,575,2,117,258,511,616,396,1,258,394,547,413,179
2017,2,A,골목상권,2110719,영서중학교,26461,15449,11012,146,5369,8015,6361,4279,2291,77,2390,5166,4288,2192,1336,69,2979,2849,2073,2087,955
2017,2,A,골목상권,2110718,한국SGI본부,17147,10070,7077,46,3276,5052,3697,2973,2103,15,1473,2943,2533,1794,1312,31,1803,2109,1164,1179,791
2017,2,A,골목상권,2110717,남구로역 2번,51416,31381,20035,286,9920,16143,12790,7970,4307,161,4685,10825,8656,4251,2803,125,5235,5318,4134,3719,1504
2017,2,A,골목상권,2110716,구로나눔길,8247,3838,4409,8,1455,2383,1936,1711,754,7,357,1047,955,1024,448,1,1098,1336,981,687,306
2017,2,A,골목상권,2110715,구로구민회관,13374,8481,4893,18,1823,3553,3267,2835,1878,10,1114,2472,2076,1676,1133,8,709,1081,1191,1159,745
2017,2,A,골목상권,2110714,구로4동주민센터,9722,4581,5141,4,1625,2593,2308,2210,982,2,375,1065,1118,1361,660,2,1250,1528,1190,849,322
2017,2,A,골목상권,2110713,구로보건소,9987,5466,4521,47,1778,2634,2439,1953,1136,32,624,1534,1466,1092,718,15,1154,1100,973,861,418
2017,2,A,골목상권,2110712,남구로역 5번,1996,842,1154,1,243,367,519,463,403,0,68,163,202,184,225,1,175,204,317,279,178
2017,2,A,골목상권,2110711,구로초등학교,10426,4981,5445,42,1976,3005,2356,2044,1003,37,579,1398,1210,1169,588,5,1397,1607,1146,875,415
2017,2,A,골목상권,2110710,남구로역 3번,42164,25781,16383,133,8953,13822,10655,5838,2763,72,4051,8874,7238,3555,1991,61,4902,4948,3417,2283,772
2017,2,A,골목상권,2110709,구로119안전센터,3647,1120,2527,1,982,1073,696,617,278,0,170,340,258,208,144,1,812,733,438,409,134
2017,2,A,골목상권,2110708,화원어린이공원,3383,1867,1516,35,605,853,767,668,455,30,265,497,434,360,281,5,340,356,333,308,174
2017,2,A,골목상권,2110707,구로창업지원센터,6837,4561,2276,19,644,1408,1859,1843,1064,17,365,907,1194,1265,813,2,279,501,665,578,251
2017,2,A,골목상권,2110706,그라운드 고척,4141,2561,1580,9,464,818,1072,960,818,2,193,476,636,597,657,7,271,342,436,363,161
2017,2,A,골목상권,2110705,고산초등학교,4357,2652,1705,13,506,843,1140,1054,801,5,230,495,671,633,618,8,276,348,469,421,183
2017,2,A,골목상권,2110704,고척중학교,4172,2434,1738,13,497,815,1069,988,790,5,219,460,596,548,606,8,278,355,473,440,184
2017,2,A,골목상권,2110703,개봉역,4842,2753,2089,14,525,996,1428,1232,647,5,243,570,783,718,434,9,282,426,645,514,213
2017,2,A,골목상권,2110702,개봉초등학교,4552,2320,2232,3,167,325,494,666,2897,3,59,130,197,276,1655,0,108,195,297,390,1242
2017,2,A,골목상권,2110701,고척동성당,1933,1076,857,2,200,366,512,526,327,0,61,203,257,311,244,2,139,163,255,215,83
2017,2,A,골목상권,2110700,고척초등학교,3614,1992,1622,5,333,721,1040,951,564,1,130,392,550,538,381,4,203,329,490,413,183
2017,2,A,골목상권,2110699,덕의초등학교,1313,616,697,1,153,261,386,352,160,1,53,122,156,172,112,0,100,139,230,180,48
2017,2,A,골목상권,2110698,개웅초등학교(개웅중학교),4692,2362,2330,2,173,311,524,755,2927,2,55,123,189,317,1676,0,118,188,335,438,1251
2017,2,A,골목상권,2110697,개봉3동주민센터,4151,2287,1864,2,96,260,369,594,2830,2,44,155,168,273,1645,0,52,105,201,321,1185
2017,2,A,골목상권,2110696,오류동역 1번,1895,932,963,6,259,353,547,427,303,2,83,158,255,236,198,4,176,195,292,191,105
2017,2,A,골목상권,2110695,개봉1동주민센터,1971,858,1113,4,187,368,623,510,279,4,54,158,268,217,157,0,133,210,355,293,122
2017,2,A,골목상권,2110694,세곡초등학교,1508,641,867,3,141,280,480,441,163,3,44,116,178,204,96,0,97,164,302,237,67
2017,2,A,골목상권,2110693,오류동역 4번,2744,1109,1635,13,252,482,812,735,450,7,98,201,283,222,298,6,154,281,529,513,152
2017,2,A,골목상권,2110692,큰굴다리,2286,834,1452,4,225,478,735,587,257,3,67,189,277,166,132,1,158,289,458,421,125
2017,2,A,골목상권,2110691,개봉중학교,1412,528,884,3,192,255,376,398,188,2,49,108,144,135,90,1,143,147,232,263,98
2017,2,A,골목상권,2110690,오류2동버들시장,5657,2534,3123,25,556,1070,1552,1497,957,11,176,463,636,597,651,14,380,607,916,900,306
2017,2,A,골목상권,2110689,오류동역 3번,4000,1603,2397,23,421,726,1129,1054,647,7,142,318,420,329,387,16,279,408,709,725,260
2017,2,A,골목상권,2110688,오류지구대,2185,1291,894,10,230,391,546,556,452,1,81,203,315,336,355,9,149,188,231,220,97
2017,2,A,골목상권,2110687,"천왕역 3번(오류2동주민센터, 서울오류남초등학교)",1434,742,692,4,131,324,385,391,199,4,44,153,191,204,146,0,87,171,194,187,53
2017,2,A,골목상권,2110686,수궁동주민센터,2761,1700,1061,1,254,524,744,738,500,1,101,295,455,476,372,0,153,229,289,262,128
2017,2,A,골목상권,2110685,금강수목원아파트,1487,1015,472,1,124,249,373,448,292,1,51,159,239,307,258,0,73,90,134,141,34
2017,2,A,골목상권,2110684,서울공연예술고등학교,1363,688,675,0,113,307,398,389,156,0,45,154,211,197,81,0,68,153,187,192,75
2017,2,A,골목상권,2110683,오류고등학교,1261,661,600,0,109,298,381,341,132,0,42,152,204,185,78,0,67,146,177,156,54
2017,2,A,골목상권,2110682,온수역 8번,1848,1143,705,1,159,379,458,537,314,0,63,182,260,355,283,1,96,197,198,182,31
2017,2,A,골목상권,2110681,온수역 1번,2126,1409,717,2,212,397,499,639,377,1,93,233,310,443,329,1,119,164,189,196,48
2017,2,A,골목상권,2110680,온수역 5번(온수산업단지),2171,1600,571,6,216,437,507,597,408,4,128,296,353,444,375,2,88,141,154,153,33
2017,2,A,골목상권,2110679,염창역 2번,4979,3257,1722,13,591,1399,1433,1027,516,7,293,870,1027,674,386,6,298,529,406,353,130
2017,2,A,골목상권,2110678,염창무학아파트,3062,2030,1032,6,365,802,778,682,429,4,198,526,531,446,325,2,167,276,247,236,104
2017,2,A,골목상권,2110677,등촌역 1번,9322,5547,3775,50,1699,2724,2399,1503,947,26,661,1635,1550,981,694,24,1038,1089,849,522,253
2017,2,A,골목상권,2110676,등촌역 7번,4120,2265,1855,15,567,1030,1140,886,482,9,203,563,657,501,332,6,364,467,483,385,150
2017,2,A,골목상권,2110675,화곡4동주민센터,2670,1129,1541,5,284,533,682,677,489,1,85,245,256,295,247,4,199,288,426,382,242
2017,2,A,골목상권,2110674,강서구청가양동별관,5692,3520,2172,21,970,1670,1632,994,405,10,485,1087,1056,612,270,11,485,583,576,382,135
2017,2,A,골목상권,2110673,뜸부기어린이공원,4024,1887,2137,10,540,917,1094,948,515,6,185,474,517,416,289,4,355,443,577,532,226
2017,2,A,골목상권,2110672,백석중학교,1515,653,862,7,163,333,452,401,159,4,39,137,205,174,94,3,124,196,247,227,65
2017,2,A,골목상권,2110671,등촌1동주민센터,40366,18332,22034,260,5774,10401,12792,9133,2006,159,2899,6562,5104,2323,1285,101,2875,3839,7688,6810,721
2017,2,A,골목상권,2110670,신곡초등학교,1411,540,871,1,143,305,426,397,139,1,33,121,151,157,77,0,110,184,275,240,62
2017,2,A,골목상권,2110669,화곡보람2차아파트,4250,2522,1728,2,876,1135,1007,753,477,2,261,734,740,472,313,0,615,401,267,281,164
2017,2,A,골목상권,2110668,화곡2동주민센터,3049,1186,1863,10,369,621,862,792,395,4,116,274,336,257,199,6,253,347,526,535,196
2017,2,A,골목상권,2110667,가양역 10번,23524,7945,15579,144,2313,5356,8438,6511,762,86,1436,3370,2109,459,485,58,877,1986,6329,6052,277
2017,2,A,골목상권,2110666,KC대학교,4890,2995,1895,1,445,1164,1264,1364,652,1,189,619,746,958,482,0,256,545,518,406,170
2017,2,A,골목상권,2110665,곰달래도서관,4692,2328,2364,14,552,1028,1234,1214,650,7,251,585,585,518,382,7,301,443,649,696,268
2017,2,A,골목상권,2110664,강서구청옆,6786,3957,2829,6,728,1675,1792,1712,873,4,315,908,1056,1107,567,2,413,767,736,605,306
2017,2,A,골목상권,2110663,우장산롯데캐슬아파트앞,13269,7640,5629,39,1775,2888,3009,3657,1901,30,1006,1824,1859,1894,1027,9,769,1064,1150,1763,874
2017,2,A,골목상권,2110662,까치산역 1번,2635,996,1639,11,315,566,709,643,391,2,92,248,269,181,204,9,223,318,440,462,187
2017,2,A,골목상권,2110661,강서새말어린이공원,5797,3377,2420,5,629,1495,1555,1442,671,3,262,791,898,968,455,2,367,704,657,474,216
2017,2,A,골목상권,2110660,등촌3동주민센터,33747,13446,20301,175,3787,7386,10587,9418,2394,112,2308,4722,3426,1712,1166,63,1479,2664,7161,7706,1228
2017,2,A,골목상권,2110659,화곡역 4번,3514,1364,2150,11,509,811,951,774,458,5,126,331,389,277,236,6,383,480,562,497,222
2017,2,A,골목상권,2110658,화곡초등학교,3153,1711,1442,4,283,588,774,821,683,3,87,301,411,455,454,1,196,287,363,366,229
2017,2,A,골목상권,2110657,양천향교역 5번,16942,9266,7676,75,3230,4200,3894,3642,1901,42,1298,2500,2354,1794,1278,33,1932,1700,1540,1848,623
2017,2,A,골목상권,2110656,까치산역 3번,4135,2122,2013,12,398,770,1018,1262,675,4,170,420,542,603,383,8,228,350,476,659,292
2017,2,A,골목상권,2110655,발산역 5번,7219,3737,3482,57,1093,1496,1596,1622,1355,24,461,878,944,751,679,33,632,618,652,871,676
2017,2,A,골목상권,2110654,까치산역 4번,3638,1720,1918,10,378,722,970,984,574,3,116,348,468,459,326,7,262,374,502,525,248
2017,2,A,골목상권,2110653,화곡역 2번,3874,1576,2298,12,652,840,950,860,560,4,168,391,396,327,290,8,484,449,554,533,270
2017,2,A,골목상권,2110652,양천향교역 2번,6751,3724,3027,21,692,1335,1578,2117,1008,14,327,781,943,941,718,7,365,554,635,1176,290
2017,2,A,골목상권,2110651,화원중학교,2502,1240,1262,2,235,486,711,655,413,2,86,241,340,315,256,0,149,245,371,340,157
2017,2,A,골목상권,2110650,우장산힐스테이트,2257,1086,1171,49,373,379,520,554,382,22,141,199,252,247,225,27,232,180,268,307,157
2017,2,A,골목상권,2110649,우장산역 1번,3140,1253,1887,5,406,684,827,786,432,3,82,270,321,311,266,2,324,414,506,475,166
2017,2,A,골목상권,2110648,양천향교역 7번,11010,6026,4984,38,2198,2454,2380,2646,1294,23,763,1467,1535,1320,918,15,1435,987,845,1326,376
2017,2,A,골목상권,2110647,화곡역 5번,5150,2399,2751,17,695,1072,1323,1370,673,9,222,563,648,556,401,8,473,509,675,814,272
2017,2,A,골목상권,2110646,푸른들청소년도서관,5094,2119,2975,26,763,996,1276,1403,630,11,223,492,544,502,347,15,540,504,732,901,283
2017,2,A,골목상권,2110645,우장산역 4번,3899,1411,2488,8,479,890,1020,1046,456,5,89,324,356,403,234,3,390,566,664,643,222
2017,2,A,골목상권,2110644,신광명마을,3385,2361,1024,4,175,583,892,1048,683,2,105,374,579,730,571,2,70,209,313,318,112
2017,2,A,골목상권,2110643,강서구다솔마을,3853,2437,1416,7,409,950,1211,866,410,5,175,627,790,538,302,2,234,323,421,328,108
2017,2,A,골목상권,2110642,정곡초등학교,936,654,282,2,51,118,250,283,232,1,22,60,157,216,198,1,29,58,93,67,34
2017,2,A,골목상권,2110641,공항고등학교,1905,835,1070,3,166,340,464,494,438,2,62,167,216,226,162,1,104,173,248,268,276
2017,2,A,골목상권,2110640,방화역 1번,2862,1640,1222,5,244,513,748,803,549,3,64,193,417,554,409,2,180,320,331,249,140
2017,2,A,골목상권,2110639,신방화역 8번,2984,1557,1427,6,428,781,711,688,370,1,130,405,386,377,258,5,298,376,325,311,112
2017,2,A,골목상권,2110638,신방화역 2번,5313,2621,2692,12,702,1281,1327,1244,747,5,233,695,673,581,434,7,469,586,654,663,313
2017,2,A,골목상권,2110637,송정역 2번,2551,1627,924,12,238,492,624,684,501,4,97,269,384,465,408,8,141,223,240,219,93
2017,2,A,골목상권,2110636,방화역 2번,3565,1671,1894,10,392,749,939,897,578,6,141,372,459,391,302,4,251,377,480,506,276
2017,2,A,골목상권,2110635,공항시장역 3번,2606,1374,1232,13,374,635,658,562,364,3,123,312,368,306,262,10,251,323,290,256,102
2017,2,A,골목상권,2110634,송정역 3번,4127,2617,1510,16,413,893,1139,1022,644,7,174,534,721,676,505,9,239,359,418,346,139
2017,2,A,골목상권,2110633,개화산역 1번,3092,1574,1518,14,401,688,795,771,423,6,159,408,422,340,239,8,242,280,373,431,184
2017,2,A,골목상권,2110632,방화역 3번,7082,4858,2224,17,825,1696,1921,1930,693,8,501,1247,1348,1322,432,9,324,449,573,608,261
2017,2,A,골목상권,2110631,방화초등학교,3064,1801,1263,4,322,630,751,733,624,0,116,357,414,437,477,4,206,273,337,296,147
2017,2,A,골목상권,2110630,공항시장역 1번,38427,21904,16523,55,7132,11977,11330,6647,1286,37,1913,5198,7799,5874,1083,18,5219,6779,3531,773,203
2017,2,A,골목상권,2110629,송정역 4번,37133,21139,15994,49,7007,11735,11078,6304,960,36,1883,5114,7656,5642,808,13,5124,6621,3422,662,152
2017,2,A,골목상권,2110628,신목동역,2866,1800,1066,9,410,1001,742,449,255,4,197,640,495,277,187,5,213,361,247,172,68
2017,2,A,골목상권,2110627,신정롯데캐슬아파트,3306,1437,1869,5,399,682,922,830,468,3,111,281,375,387,280,2,288,401,547,443,188
2017,2,A,골목상권,2110626,양화초등학교,4377,2690,1687,10,548,1304,1340,845,330,4,239,792,935,507,213,6,309,512,405,338,117
2017,2,A,골목상권,2110625,신정2동주민센터,6532,3366,3166,16,760,1544,1744,1751,717,13,311,746,836,1030,430,3,449,798,908,721,287
2017,2,A,골목상권,2110624,목동문화체육센터,655,277,378,1,69,122,205,165,93,0,23,48,78,71,57,1,46,74,127,94,36
2017,2,A,골목상권,2110623,갈산공원,870,481,389,3,108,188,222,216,133,1,54,115,103,111,97,2,54,73,119,105,36
2017,2,A,골목상권,2110622,달마을공원,3204,1763,1441,3,369,768,1010,754,300,2,122,391,665,406,177,1,247,377,345,348,123
2017,2,A,골목상권,2110621,목동역 5번,5119,2478,2641,10,995,1420,1245,854,595,4,271,668,688,479,368,6,724,752,557,375,227
2017,2,A,골목상권,2110620,목동보건지소,2545,1052,1493,3,229,522,674,654,463,1,80,228,224,254,265,2,149,294,450,400,198
2017,2,A,골목상권,2110619,목4동주민센터,1812,767,1045,5,261,414,466,407,259,2,67,161,191,183,163,3,194,253,275,224,96
2017,2,A,골목상권,2110618,강서고등학교,2847,1342,1505,7,297,554,719,710,560,2,108,271,293,339,329,5,189,283,426,371,231
2017,2,A,골목상권,2110617,등촌역 4번,2931,1424,1507,11,387,744,789,669,331,5,107,367,432,319,194,6,280,377,357,350,137
2017,2,A,골목상권,2110616,양목초등학교,4026,1944,2082,8,418,851,1054,923,772,4,122,401,538,411,468,4,296,450,516,512,304
2017,2,A,골목상권,2110615,신서초등학교,4067,2081,1986,8,366,816,1064,948,865,5,112,394,550,458,562,3,254,422,514,490,303
2017,2,A,골목상권,2110614,목동로데오거리,4527,2049,2478,10,678,1022,1145,1009,663,8,214,512,553,426,336,2,464,510,592,583,327
2017,2,A,골목상권,2110613,신정네거리역 4번,1838,808,1030,3,205,356,427,468,379,2,74,190,192,177,173,1,131,166,235,291,206
2017,2,A,골목상권,2110612,신정역 5번,4965,2188,2777,12,491,997,1259,1290,916,8,156,505,560,532,427,4,335,492,699,758,489
2017,2,A,골목상권,2110611,신정역 1번,4671,2362,2309,11,521,943,1163,1239,794,9,247,575,590,548,393,2,274,368,573,691,401
2017,2,A,골목상권,2110610,계남근린공원,1596,734,862,1,146,354,423,381,291,0,56,184,183,154,157,1,90,170,240,227,134
2017,2,A,골목상권,2110609,신정네거리역 2번,1937,816,1121,4,200,384,534,511,304,0,59,164,211,225,157,4,141,220,323,286,147
2017,2,A,골목상권,2110608,신월2동주민센터,3504,1680,1824,4,302,630,936,1058,574,1,124,334,423,452,346,3,178,296,513,606,228
2017,2,A,골목상권,2110607,금빛새마을금고본점,1538,686,852,3,175,294,408,407,251,2,62,130,166,172,154,1,113,164,242,235,97
2017,2,A,골목상권,2110606,신한은행 신월동지점,4158,2437,1721,9,300,564,952,1312,1021,2,119,299,440,783,794,7,181,265,512,529,227
2017,2,A,골목상권,2110605,목동센트럴아이파크앞,2508,1460,1048,5,191,342,540,583,847,0,78,177,221,280,704,5,113,165,319,303,143
2017,2,A,골목상권,2110604,신월4동주민센터,3895,2537,1358,8,245,556,900,1255,931,2,106,326,489,833,781,6,139,230,411,422,150
2017,2,A,골목상권,2110603,지향초등학교,3776,2551,1225,1,178,460,865,1202,1070,0,64,219,502,826,940,1,114,241,363,376,130
2017,2,A,골목상권,2110602,신월시영아파트중문,3321,2058,1263,7,226,415,749,1085,839,1,100,230,365,695,667,6,126,185,384,390,172
2017,2,A,골목상권,2110601,신월1동우편취급국,3278,1916,1362,7,227,559,874,1038,573,7,94,324,503,611,377,0,133,235,371,427,196
2017,2,A,골목상권,2110600,신월7동주민센터,3705,2511,1194,10,196,423,862,1282,932,6,83,248,495,911,768,4,113,175,367,371,164
2017,2,A,골목상권,2110599,신월1파출소,2483,1243,1240,2,167,428,709,800,377,2,61,203,354,415,208,0,106,225,355,385,169
2017,2,A,골목상권,2110598,신월문화체육센터,3812,2501,1311,6,313,574,985,1142,792,1,203,372,585,721,619,5,110,202,400,421,173
2017,2,A,골목상권,2110597,신월1동주민센터,4179,2329,1850,1,334,687,993,965,1199,1,106,325,430,455,1012,0,228,362,563,510,187
2017,2,A,골목상권,2110596,서서울호수공원,2684,1599,1085,6,163,415,735,891,474,6,67,233,419,548,326,0,96,182,316,343,148
2017,2,A,골목상권,2110595,메디힐병원,4339,2358,1981,6,407,761,1004,1006,1155,5,131,335,428,477,982,1,276,426,576,529,173
2017,2,A,골목상권,2110594,신월중학교,1564,530,1034,3,217,335,444,432,133,3,51,97,127,173,79,0,166,238,317,259,54
2017,2,A,골목상권,2110593,신월3동주민센터,3523,2155,1368,4,245,487,736,842,1209,4,79,220,328,474,1050,0,166,267,408,368,159
2017,2,A,골목상권,2110592,서울금융고등학교,3327,2111,1216,4,236,463,645,812,1167,4,69,206,303,493,1036,0,167,257,342,319,131
2017,2,A,골목상권,2110591,충정로역 6번,12478,7513,4965,14,2293,4565,2910,1548,1148,4,1034,2648,1916,1032,879,10,1259,1917,994,516,269
2017,2,A,골목상권,2110590,만리재,3117,1307,1810,14,542,757,846,691,267,7,86,277,394,384,159,7,456,480,452,307,108
2017,2,A,골목상권,2110589,애오개역 3번,3508,1645,1863,2,564,1186,1063,527,166,1,193,530,545,267,109,1,371,656,518,260,57
2017,2,A,골목상권,2110588,한겨레신문사,4871,2300,2571,28,1008,1213,1320,938,364,14,350,548,622,555,211,14,658,665,698,383,153
2017,2,A,골목상권,2110587,공덕동주민센터,9839,5049,4790,55,1756,2701,2908,1803,616,21,586,1301,1580,1150,411,34,1170,1400,1328,653,205
2017,2,A,골목상권,2110586,서울서부지방법원,25540,14207,11333,82,4325,7759,6854,4748,1772,26,1637,4468,4299,2743,1034,56,2688,3291,2555,2005,738
2017,2,A,골목상권,2110585,마포경찰서,12595,7230,5365,30,1953,3992,3150,2433,1037,10,876,2417,2049,1314,564,20,1077,1575,1101,1119,473
2017,2,A,골목상권,2110584,아현역 4번,1726,680,1046,6,273,492,419,330,206,3,44,146,186,170,131,3,229,346,233,160,75
2017,2,A,골목상권,2110583,공덕래미안3차아파트,16260,8951,7309,51,2678,4751,4215,3424,1141,16,987,2706,2663,1902,677,35,1691,2045,1552,1522,464
2017,2,A,골목상권,2110582,이대역 5번,1888,740,1148,8,368,520,452,309,231,5,79,206,196,148,106,3,289,314,256,161,125
2017,2,A,골목상권,2110581,염리초등학교,16222,9204,7018,85,2543,4747,4205,2809,1833,47,1039,2929,2685,1382,1122,38,1504,1818,1520,1427,711
2017,2,A,골목상권,2110580,양원초등학교,2555,1291,1264,2,382,665,680,518,308,1,111,290,387,327,175,1,271,375,293,191,133
2017,2,A,골목상권,2110579,마포역 4번,9185,5326,3859,9,1369,2439,2245,1842,1281,1,542,1399,1446,1069,869,8,827,1040,799,773,412
2017,2,A,골목상권,2110578,대흥역 2번,8601,5184,3417,90,1222,2303,2254,1725,1007,43,563,1360,1510,1019,689,47,659,943,744,706,318
2017,2,A,골목상권,2110577,용강동주민센터,10010,6063,3947,98,1785,3034,2732,1501,860,49,717,1883,1897,916,601,49,1068,1151,835,585,259
2017,2,A,골목상권,2110576,대흥역 3번,7885,4701,3184,89,1208,2229,1984,1451,924,44,557,1354,1319,811,616,45,651,875,665,640,308
2017,2,A,골목상권,2110575,대흥동주민센터,6621,3166,3455,47,2043,1917,1223,885,506,29,703,943,702,504,285,18,1340,974,521,381,221
2017,2,A,골목상권,2110574,서강대학교,3606,2057,1549,8,438,928,1020,791,421,1,156,446,621,522,311,7,282,482,399,269,110
2017,2,A,골목상권,2110573,신촌역 6번,6248,3013,3235,56,2017,1877,1088,756,454,31,677,932,655,466,252,25,1340,945,433,290,202
2017,2,A,골목상권,2110572,서강대역 1번,10762,5454,5308,71,2693,3015,2274,1686,1023,35,925,1524,1336,1003,631,36,1768,1491,938,683,392
2017,2,A,골목상권,2110571,신수동주민센터,5273,2993,2280,8,706,1484,1461,951,663,3,273,850,864,555,448,5,433,634,597,396,215
2017,2,A,골목상권,2110570,KB국민은행 서강지점,2614,1473,1141,5,319,734,743,444,369,2,129,425,441,240,236,3,190,309,302,204,133
2017,2,A,골목상권,2110569,홍대땡땡거리,9748,4788,4960,71,2058,2454,2457,1819,889,38,929,1373,1230,770,448,33,1129,1081,1227,1049,441
2017,2,A,골목상권,2110568,광흥창역 1번,2665,1290,1375,10,523,738,675,446,273,3,130,336,385,262,174,7,393,402,290,184,99
2017,2,A,골목상권,2110567,광흥창역 6번,4505,2073,2432,12,722,910,964,816,1081,2,165,369,562,469,506,10,557,541,402,347,575
2017,2,A,골목상권,2110566,경의선책거리,19928,10408,9520,131,4722,5084,4854,3345,1792,68,1870,2856,2734,1688,1192,63,2852,2228,2120,1657,600
2017,2,A,골목상권,2110565,홍익대,6678,4244,2434,24,1433,1786,1571,1106,758,6,640,1168,1117,775,538,18,793,618,454,331,220
2017,2,A,골목상권,2110564,홍대입구역 3번,10347,4823,5524,62,2796,2926,2265,1390,908,30,890,1464,1211,633,595,32,1906,1462,1054,757,313
2017,2,A,골목상권,2110563,상수역 3번,3717,1854,1863,16,675,920,667,526,913,5,300,562,423,231,333,11,375,358,244,295,580
2017,2,A,골목상권,2110562,연트럴파크(연남동주민센터),6281,3629,2652,17,1355,1991,1426,886,606,0,610,1196,895,522,406,17,745,795,531,364,200
2017,2,A,골목상권,2110561,상수역 4번,5511,3110,2401,30,1500,1782,1196,645,358,18,663,1079,760,373,217,12,837,703,436,272,141
2017,2,A,골목상권,2110560,마포FM,13467,8196,5271,48,1996,3084,2654,2440,3245,14,716,1793,1743,1394,2536,34,1280,1291,911,1046,709
2017,2,A,골목상권,2110559,성산중학교,7681,4124,3557,29,1899,2381,1814,1010,548,20,748,1294,1088,623,351,9,1151,1087,726,387,197
2017,2,A,골목상권,2110558,경성고등학교,9976,6573,3403,25,1184,1939,1838,1572,3418,12,451,1052,1082,955,3021,13,733,887,756,617,397
2017,2,A,골목상권,2110557,홍대부속여중고앞,16627,10124,6503,61,2711,4069,3395,2645,3746,26,935,2241,2192,1680,3050,35,1776,1828,1203,965,696
2017,2,A,골목상권,2110556,절두산순교성지,2213,1299,914,3,450,661,527,411,161,1,163,380,340,291,124,2,287,281,187,120,37
2017,2,A,골목상권,2110555,홍익지구대,7584,4390,3194,24,1651,2515,1788,1062,544,13,671,1450,1232,692,332,11,980,1065,556,370,212
2017,2,A,골목상권,2110554,망원역 1번,14374,7018,7356,48,2830,3560,2848,2141,2947,24,1131,1886,1607,954,1416,24,1699,1674,1241,1187,1531
2017,2,A,골목상권,2110553,가좌역 2번,3702,2315,1387,2,349,630,846,823,1052,1,111,319,494,497,893,1,238,311,352,326,159
2017,2,A,골목상권,2110552,성미산체육관,7779,5523,2256,18,696,1238,1300,1282,3245,14,288,691,814,828,2888,4,408,547,486,454,357
2017,2,A,골목상권,2110551,성서초등학교,7013,3580,3433,27,1224,1482,1520,1270,1490,17,482,799,749,505,1028,10,742,683,771,765,462
2017,2,A,골목상권,2110550,합정역 8번,12652,6903,5749,64,2674,4351,3156,1612,795,9,926,2335,2056,1066,511,55,1748,2016,1100,546,284
2017,2,A,골목상권,2110549,새터산,4978,3120,1858,15,553,975,1242,1024,1169,14,236,555,776,592,947,1,317,420,466,432,222
2017,2,A,골목상권,2110548,마포구청역 4번,7111,3496,3615,27,720,1292,1565,1904,1603,24,299,756,1019,760,638,3,421,536,546,1144,965
2017,2,A,골목상권,2110547,KB국민은행 망원동지점,7761,4236,3525,37,1373,1619,1712,1433,1587,28,557,902,952,671,1126,9,816,717,760,762,461
2017,2,A,골목상권,2110546,양화대교북단,5597,2820,2777,46,1251,2052,1480,534,234,1,372,1001,927,368,151,45,879,1051,553,166,83
2017,2,A,골목상권,2110545,마포구청역 1번,8271,3796,4475,14,655,1374,1749,2563,1916,13,260,646,996,1107,774,1,395,728,753,1456,1142
2017,2,A,골목상권,2110544,망리단길,10540,5663,4877,42,1986,2521,2325,1821,1845,27,784,1410,1313,857,1272,15,1202,1111,1012,964,573
2017,2,A,골목상권,2110543,중암중학교,2097,1441,656,3,121,222,363,587,801,3,47,105,185,391,710,0,74,117,178,196,91
2017,2,A,골목상권,2110542,마포구청역 7번,6264,2942,3322,15,586,951,1255,1800,1657,13,244,546,790,658,691,2,342,405,465,1142,966
2017,2,A,골목상권,2110541,동교초등학교,2338,1250,1088,9,331,548,650,509,291,7,144,310,337,254,198,2,187,238,313,255,93
2017,2,A,골목상권,2110540,망원나들목체육관,1054,660,394,2,155,243,277,233,144,1,72,166,179,137,105,1,83,77,98,96,39
2017,2,A,골목상권,2110539,미근동,49599,27838,21761,104,8038,16070,14687,8968,1732,28,2728,8184,8754,6979,1165,76,5310,7886,5933,1989,567
2017,2,A,골목상권,2110538,충정로역 3번,19346,11820,7526,19,3165,6347,5066,3003,1746,5,1471,3848,3359,1925,1212,14,1694,2499,1707,1078,534
2017,2,A,골목상권,2110537,충정로현대아파트,37879,21777,16102,79,6015,12425,10883,6789,1688,21,2242,6735,6387,5159,1233,58,3773,5690,4496,1630,455
2017,2,A,골목상권,2110536,돈의문센트레빌아파트입구,25694,13623,12071,66,4222,8026,7651,5055,674,17,1218,3813,4099,4002,474,49,3004,4213,3552,1053,200
2017,2,A,골목상권,2110535,영천시장입구,1460,630,830,0,156,267,391,410,236,0,39,92,168,182,149,0,117,175,223,228,87
2017,2,A,골목상권,2110534,경기대학교,8374,5163,3211,9,1269,2868,2133,1215,880,4,515,1652,1427,847,718,5,754,1216,706,368,162
2017,2,A,골목상권,2110533,충정로역 7번,10304,6436,3868,12,1701,3857,2425,1312,997,3,811,2355,1677,851,739,9,890,1502,748,461,258
2017,2,A,골목상권,2110532,아현역 2번,3212,1776,1436,5,377,575,639,832,784,1,90,229,360,504,592,4,287,346,279,328,192
2017,2,A,골목상권,2110531,홍지문,1754,767,987,1,355,412,450,382,154,1,108,159,234,181,84,0,247,253,216,201,70
2017,2,A,골목상권,2110530,아현역 1번,1377,549,828,6,211,365,348,286,161,3,30,100,159,151,106,3,181,265,189,135,55
2017,2,A,골목상권,2110529,홍제3동주민센터,2227,959,1268,4,293,407,588,465,470,1,89,155,219,204,291,3,204,252,369,261,179
2017,2,A,골목상권,2110528,서울여자간호대학교,1404,626,778,1,143,236,374,300,350,1,42,80,133,127,243,0,101,156,241,173,107
2017,2,A,골목상권,2110527,홍제역 2번,2522,1002,1520,9,352,486,682,587,406,5,105,197,243,231,221,4,247,289,439,356,185
2017,2,A,골목상권,2110526,봉원사,15398,5689,9709,10,3592,4999,3793,2345,659,7,800,1506,1544,1383,449,3,2792,3493,2249,962,210
2017,2,A,골목상권,2110525,홍은종합사회복지관,1499,706,793,3,158,265,367,319,387,1,56,108,139,149,253,2,102,157,228,170,134
2017,2,A,골목상권,2110524,연희세브란스병원,12711,4829,7882,9,3262,4226,3016,1743,455,7,756,1335,1282,1102,347,2,2506,2891,1734,641,108
2017,2,A,골목상권,2110523,홍제성원아파트,645,257,388,4,97,160,157,132,95,3,18,56,52,51,77,1,79,104,105,81,18
2017,2,A,골목상권,2110522,홍제역 3번,1615,620,995,6,249,357,427,355,221,4,55,136,152,139,134,2,194,221,275,216,87
2017,2,A,골목상권,2110521,홍제역 4번,1976,737,1239,4,305,432,537,424,274,1,75,168,201,169,123,3,230,264,336,255,151
2017,2,A,골목상권,2110520,경의중앙 신촌역,15992,6290,9702,29,4067,5085,3673,2266,872,14,1049,1787,1618,1292,530,15,3018,3298,2055,974,342
2017,2,A,골목상권,2110519,서대문구보건소별관,1476,706,770,1,241,378,400,320,136,0,74,178,203,156,95,1,167,200,197,164,41
2017,2,A,골목상권,2110518,서대문구청,3642,1739,1903,5,431,954,913,949,390,5,131,367,406,610,220,0,300,587,507,339,170
2017,2,A,골목상권,2110517,서대문소방서,1849,958,891,4,293,487,433,413,219,1,117,280,240,212,108,3,176,207,193,201,111
2017,2,A,골목상권,2110516,정원여중,1326,673,653,1,226,347,361,274,117,0,73,176,200,143,81,1,153,171,161,131,36
2017,2,A,골목상권,2110515,홍은중학교,656,415,241,0,105,171,199,126,55,0,43,110,134,84,44,0,62,61,65,42,11
2017,2,A,골목상권,2110514,서대문우체국,18661,7801,10860,55,4433,5431,4694,3086,962,35,1450,2061,2055,1604,596,20,2983,3370,2639,1482,366
2017,2,A,골목상권,2110513,연희파출소,2668,1468,1200,11,456,715,630,533,323,4,218,403,352,287,204,7,238,312,278,246,119
2017,2,A,골목상권,2110512,연희지하차도,4317,2176,2141,5,469,1056,1077,1156,554,5,146,412,500,757,356,0,323,644,577,399,198
2017,2,A,골목상권,2110511,연희초등학교,15080,6134,8946,22,3610,4706,3532,2289,921,10,926,1610,1524,1393,671,12,2684,3096,2008,896,250
2017,2,A,골목상권,2110510,홍연시장,1363,701,662,0,100,235,312,428,288,0,31,106,168,234,162,0,69,129,144,194,126
2017,2,A,골목상권,2110509,연희대우아파트앞,17959,7466,10493,55,4390,5632,4357,2624,901,25,1248,2067,1923,1532,671,30,3142,3565,2434,1092,230
2017,2,A,골목상권,2110508,서연중학교,3369,2026,1343,21,493,893,761,682,519,4,254,551,447,397,373,17,239,342,314,285,146
2017,2,A,골목상권,2110507,명지대학교,2354,1170,1184,6,291,513,602,625,317,4,104,232,290,336,204,2,187,281,312,289,113
2017,2,A,골목상권,2110506,연희임광아파트,2830,1689,1141,14,511,781,621,530,373,0,230,505,361,322,271,14,281,276,260,208,102
2017,2,A,골목상권,2110505,홍남교남측,1039,620,419,1,115,189,268,273,193,1,38,94,161,177,149,0,77,95,107,96,44
2017,2,A,골목상권,2110504,명지전문대,1595,866,729,5,193,307,406,454,230,1,75,119,215,287,169,4,118,188,191,167,61
2017,2,A,골목상권,2110503,명지대학교교회,2406,1286,1120,11,360,488,614,624,309,5,147,226,308,377,223,6,213,262,306,247,86
2017,2,A,골목상권,2110502,남가좌파출소,1665,824,841,4,219,325,447,424,246,3,64,135,208,232,182,1,155,190,239,192,64
2017,2,A,골목상권,2110501,연희어린이공원,2204,1296,908,10,415,703,520,345,211,1,175,458,319,203,140,9,240,245,201,142,71
2017,2,A,골목상권,2110500,남가좌동현대아파트,680,297,383,1,106,142,190,167,74,1,30,55,74,87,50,0,76,87,116,80,24
2017,2,A,골목상권,2110499,연가초등학교,1830,820,1010,5,168,328,511,528,290,0,48,138,190,246,198,5,120,190,321,282,92
2017,2,A,골목상권,2110498,증산역 1번,2998,1521,1477,2,316,509,710,825,636,1,128,260,334,402,396,1,188,249,376,423,240
2017,2,A,골목상권,2110497,가좌역 3번,1410,741,669,1,212,283,381,355,178,0,51,112,226,227,125,1,161,171,155,128,53
2017,2,A,골목상권,2110496,모래내우체국,2136,911,1225,3,240,417,566,553,357,2,84,182,231,233,179,1,156,235,335,320,178
2017,2,A,골목상권,2110495,북가좌2동주민센터,3119,1606,1513,8,349,567,780,840,575,3,137,287,389,436,354,5,212,280,391,404,221
2017,2,A,골목상권,2110494,증산3교남측,1300,813,487,4,110,200,344,355,287,1,50,98,190,233,241,3,60,102,154,122,46
2017,2,A,골목상권,2110493,북가좌초등학교,2336,1635,701,4,164,272,427,616,853,4,56,129,234,442,770,0,108,143,193,174,83
2017,2,A,골목상권,2110492,하나고등학교,476,146,330,3,49,67,83,164,110,1,17,27,39,32,30,2,32,40,44,132,80
2017,2,A,골목상권,2110491,불광중학교,528,161,367,1,60,112,145,153,57,1,11,29,40,43,37,0,49,83,105,110,20
2017,2,A,골목상권,2110490,녹번동근린공원,7041,3459,3582,16,830,1852,1858,1637,848,7,249,778,944,947,534,9,581,1074,914,690,314
2017,2,A,골목상권,2110489,불광역 3번,3053,1370,1683,9,442,911,831,577,283,4,140,388,445,246,147,5,302,523,386,331,136
2017,2,A,골목상권,2110488,우리은행응암동지점,5594,2652,2942,8,577,1256,1482,1428,843,4,176,486,662,784,540,4,401,770,820,644,303
2017,2,A,골목상권,2110487,불광역 8번,2780,1140,1640,6,373,774,772,546,309,2,114,315,361,200,148,4,259,459,411,346,161
2017,2,A,골목상권,2110486,은평구청,5561,2665,2896,8,571,1221,1489,1414,858,4,167,489,684,785,536,4,404,732,805,629,322
2017,2,A,골목상권,2110485,연신내우체국,1157,387,770,1,128,245,347,301,135,1,29,89,113,91,64,0,99,156,234,210,71
2017,2,A,골목상권,2110484,역촌역 3번,7514,3656,3858,15,789,1644,2018,1919,1129,8,278,712,973,1001,684,7,511,932,1045,918,445
2017,2,A,골목상권,2110483,연천초등학교,1449,515,934,5,231,279,357,336,241,2,56,103,127,121,106,3,175,176,230,215,135
2017,2,A,골목상권,2110482,연신초등학교,1322,736,586,2,139,327,420,345,89,2,65,196,231,187,55,0,74,131,189,158,34
2017,2,A,골목상권,2110481,불광역 7번,2834,1119,1715,5,315,582,800,677,455,2,114,247,329,214,213,3,201,335,471,463,242
2017,2,A,골목상권,2110480,연신내역 3번,2096,837,1259,5,335,425,508,451,372,2,89,168,205,187,186,3,246,257,303,264,186
2017,2,A,골목상권,2110479,연신내역 2번,2680,900,1780,7,459,535,704,592,383,4,108,185,234,196,173,3,351,350,470,396,210
2017,2,A,골목상권,2110478,응암1동주민센터,6236,3007,3229,11,601,1301,1644,1670,1009,6,217,562,746,861,615,5,384,739,898,809,394
2017,2,A,골목상권,2110477,은평세무서,6847,3405,3442,12,675,1406,1797,1812,1145,4,249,644,859,972,677,8,426,762,938,840,468
2017,2,A,골목상권,2110476,역촌역 2번,1138,492,646,5,122,209,348,313,141,4,38,99,150,124,77,1,84,110,198,189,64
2017,2,A,골목상권,2110475,백련산해모로아파트,2686,1146,1540,8,350,592,685,675,376,3,136,272,295,251,189,5,214,320,390,424,187
2017,2,A,골목상권,2110474,세명컴퓨터고등학교,2114,1011,1103,4,311,520,575,492,212,2,113,257,238,266,135,2,198,263,337,226,77
2017,2,A,골목상권,2110473,구산역 1번,3992,1537,2455,16,542,785,1079,991,579,7,165,327,436,330,272,9,377,458,643,661,307
2017,2,A,골목상권,2110472,연신내역 4번,3469,1462,2007,14,577,716,838,760,564,6,177,313,364,302,300,8,400,403,474,458,264
2017,2,A,골목상권,2110471,응암동우체국,2630,1171,1459,3,304,533,687,682,421,2,103,199,308,315,244,1,201,334,379,367,177
2017,2,A,골목상권,2110470,신진과학기술고등학교,2440,1135,1305,7,335,541,624,582,351,3,136,272,302,234,188,4,199,269,322,348,163
2017,2,A,골목상권,2110469,응암정보도서관,3803,1872,1931,7,426,657,996,1084,633,3,151,279,463,558,418,4,275,378,533,526,215
2017,2,A,골목상권,2110468,응암역 3번,5053,2362,2691,8,577,994,1268,1299,907,3,205,497,602,577,478,5,372,497,666,722,429
2017,2,A,골목상권,2110467,은평요양병원,1498,843,655,6,181,329,410,380,192,4,90,193,216,228,112,2,91,136,194,152,80
2017,2,A,골목상권,2110466,구산역 2번,2951,1127,1824,13,359,539,795,796,449,6,100,224,316,243,238,7,259,315,479,553,211
2017,2,A,골목상권,2110465,연신내역 7번,3211,1343,1868,12,523,676,803,708,489,6,164,294,312,295,272,6,359,382,491,413,217
2017,2,A,골목상권,2110464,연신내역 5번,2830,1152,1678,11,430,608,724,636,421,4,135,263,294,232,224,7,295,345,430,404,197
2017,2,A,골목상권,2110463,응암3동주민센터,1746,726,1020,4,222,363,475,423,259,3,78,166,199,157,123,1,144,197,276,266,136
2017,2,A,골목상권,2110462,갈현건영아파트,1347,773,574,6,176,276,361,352,176,4,101,164,187,210,107,2,75,112,174,142,69
2017,2,A,골목상권,2110461,새절역 2번,1673,864,809,3,192,311,389,440,338,3,80,159,197,219,206,0,112,152,192,221,132
2017,2,A,골목상권,2110460,구산역 4번,4389,2091,2298,13,426,723,1139,1340,748,4,122,321,509,704,431,9,304,402,630,636,317
2017,2,A,골목상권,2110459,응암역 2번,3199,1491,1708,8,385,670,814,801,521,5,122,320,363,376,305,3,263,350,451,425,216
2017,2,A,골목상권,2110458,선일여고,1957,867,1090,7,232,442,498,445,333,3,92,203,205,168,196,4,140,239,293,277,137
2017,2,A,골목상권,2110457,예일여고,3698,1763,1935,11,336,584,950,1233,584,3,89,255,418,663,335,8,247,329,532,570,249
2017,2,A,골목상권,2110456,구산보건지소,2487,1021,1466,9,291,510,645,637,395,3,98,217,258,241,204,6,193,293,387,396,191
2017,2,A,골목상권,2110455,역촌노인복지관,2899,1383,1516,7,286,550,744,749,563,4,96,264,346,347,326,3,190,286,398,402,237
2017,2,A,골목상권,2110454,선정중학교,2776,1587,1189,11,215,429,663,937,521,1,55,188,330,642,371,10,160,241,333,295,150
2017,2,A,골목상권,2110453,신사1동주민센터,2851,1295,1556,6,375,587,732,710,441,4,133,282,325,319,232,2,242,305,407,391,209
2017,2,A,골목상권,2110452,새절역 3번,2189,1074,1115,3,218,345,496,569,558,3,90,175,239,280,287,0,128,170,257,289,271
2017,2,A,골목상권,2110451,증산역 4번,2582,1466,1116,3,187,317,529,731,815,2,72,158,286,459,489,1,115,159,243,272,326
2017,2,A,골목상권,2110450,시립서북병원,3408,1242,2166,8,426,753,897,905,419,4,116,281,316,321,204,4,310,472,581,584,215
2017,2,A,골목상권,2110449,증산역 3번,2022,1099,923,9,208,355,503,559,388,3,82,162,260,334,258,6,126,193,243,225,130
2017,2,A,골목상권,2110448,상신초등학교입구,977,427,550,0,81,190,307,207,192,0,25,89,131,79,103,0,56,101,176,128,89
2017,2,A,골목상권,2110447,구산초등학교,1540,1042,498,3,59,123,312,626,417,0,23,49,165,510,295,3,36,74,147,116,122
2017,2,A,골목상권,2110446,내를건너서숲으로도서관,983,477,506,0,70,128,215,251,319,0,26,59,107,135,150,0,44,69,108,116,169
2017,2,A,골목상권,2110445,덕산중학교,863,336,527,3,127,183,251,200,99,2,29,62,107,76,60,1,98,121,144,124,39
2017,2,A,골목상권,2110444,수색성당,3269,1990,1279,13,376,552,670,767,891,5,91,219,349,520,806,8,285,333,321,247,85
2017,2,A,골목상권,2110443,수색역 1번,1361,727,634,1,185,223,208,251,493,0,29,71,93,127,407,1,156,152,115,124,86
2017,2,A,골목상권,2110442,화랑대철도공원,1314,420,894,0,244,268,375,326,101,0,29,71,133,136,51,0,215,197,242,190,50
2017,2,A,골목상권,2110441,영신여고,1069,417,652,0,92,240,298,277,162,0,23,83,105,103,103,0,69,157,193,174,59
2017,2,A,골목상권,2110440,상계3동4동주민센터,415,162,253,1,47,70,147,107,43,1,11,31,54,42,23,0,36,39,93,65,20
2017,2,A,골목상권,2110439,당고개역 5번,2274,1373,901,2,96,146,466,770,794,2,26,69,280,540,456,0,70,77,186,230,338
2017,2,A,골목상권,2110438,경춘선숲길 우측,3434,1527,1907,3,522,892,919,727,371,1,161,398,392,353,222,2,361,494,527,374,149
2017,2,A,골목상권,2110437,당고개역 2번,2776,1602,1174,2,149,220,582,884,939,2,38,102,331,585,544,0,111,118,251,299,395
2017,2,A,골목상권,2110436,상계제일중학교,2030,850,1180,6,188,392,526,561,357,3,64,174,213,225,171,3,124,218,313,336,186
2017,2,A,골목상권,2110435,서울과학기술대,2672,1656,1016,6,317,689,608,723,329,3,153,384,373,480,263,3,164,305,235,243,66
2017,2,A,골목상권,2110434,태릉입구역 4번,4996,2267,2729,11,554,924,1259,1414,834,9,210,520,573,566,389,2,344,404,686,848,445
2017,2,A,골목상권,2110433,공릉역 2번,5580,3015,2565,11,587,937,1392,1571,1082,3,231,552,709,792,728,8,356,385,683,779,354
2017,2,A,골목상권,2110432,대진고등학교,5068,2613,2455,8,867,1307,1155,1179,552,2,284,634,630,702,361,6,583,673,525,477,191
2017,2,A,골목상권,2110431,상계역,2113,804,1309,5,212,378,563,575,380,1,80,161,213,192,157,4,132,217,350,383,223
2017,2,A,골목상권,2110430,중계초등학교,1528,568,960,4,163,265,419,418,259,1,52,109,148,136,122,3,111,156,271,282,137
2017,2,A,골목상권,2110429,공릉동 국수거리,7598,3960,3638,21,828,1322,1804,1995,1628,12,334,768,913,1006,927,9,494,554,891,989,701
2017,2,A,골목상권,2110428,상계5동주민센터,3338,1522,1816,5,241,439,738,846,1069,2,98,223,315,339,545,3,143,216,423,507,524
2017,2,A,골목상권,2110427,노원 을지대학교병원,4044,2011,2033,7,777,1086,907,876,391,2,235,504,473,535,262,5,542,582,434,341,129
2017,2,A,골목상권,2110426,상계2동주민센터,3532,1352,2180,10,435,684,925,930,548,6,123,258,339,340,286,4,312,426,586,590,262
2017,2,A,골목상권,2110425,계상초등학교,3518,1393,2125,8,310,541,822,893,944,3,108,242,297,289,454,5,202,299,525,604,490
2017,2,A,골목상권,2110424,상계초등학교,3527,1277,2250,15,439,668,889,944,572,10,150,292,295,293,237,5,289,376,594,651,335
2017,2,A,골목상권,2110423,석계역 2번,2513,1142,1371,3,350,547,668,580,365,0,95,252,310,281,204,3,255,295,358,299,161
2017,2,A,골목상권,2110422,노원역 9번,2742,984,1758,11,438,542,691,708,352,6,132,229,232,219,166,5,306,313,459,489,186
2017,2,A,골목상권,2110421,석계역 1번,2316,1206,1110,3,252,354,582,686,439,0,84,173,293,374,282,3,168,181,289,312,157
2017,2,A,골목상권,2110420,광운대역 1번,1563,857,706,5,194,403,450,364,147,5,62,211,254,226,99,0,132,192,196,138,48
2017,2,A,골목상권,2110419,수락산디자인거리,4564,2620,1944,7,366,741,1160,1140,1150,4,149,398,595,630,844,3,217,343,565,510,306
2017,2,A,골목상권,2110418,광운대학교 남단,2084,1163,921,6,227,411,546,588,306,5,72,194,291,367,234,1,155,217,255,221,72
2017,2,A,골목상권,2110417,월계역 3번,1447,712,735,3,157,207,395,445,240,3,64,107,196,218,124,0,93,100,199,227,116
2017,2,A,골목상권,2110416,노원초등학교,2832,1616,1216,4,216,419,692,692,809,2,93,240,337,363,581,2,123,179,355,329,228
2017,2,A,골목상권,2110415,수락산역 4번,4693,2374,2319,7,476,926,1264,1109,911,4,220,529,633,531,457,3,256,397,631,578,454
2017,2,A,골목상권,2110414,장석교회,1259,793,466,3,109,184,273,385,305,3,35,87,165,257,246,0,74,97,108,128,59
2017,2,A,골목상권,2110413,누원고등학교,1364,617,747,0,101,177,324,434,328,0,29,84,122,184,198,0,72,93,202,250,130
2017,2,A,골목상권,2110412,창동중학교,1930,1437,493,3,101,192,345,716,573,3,40,78,205,566,545,0,61,114,140,150,28
2017,2,A,골목상권,2110411,도봉역 3번,3387,1917,1470,5,298,643,922,870,649,3,123,310,496,520,465,2,175,333,426,350,184
2017,2,A,골목상권,2110410,방학역 2번,5933,3197,2736,20,569,874,1248,1308,1914,16,226,447,574,657,1277,4,343,427,674,651,637
2017,2,A,골목상권,2110409,창동역 2번,4811,2274,2537,10,575,1202,1300,1247,477,3,179,532,625,661,274,7,396,670,675,586,203
2017,2,A,골목상권,2110408,가인초등학교,3451,1885,1566,6,382,698,869,878,618,0,135,402,483,500,365,6,247,296,386,378,253
2017,2,A,골목상권,2110407,도봉역 2번,4340,2474,1866,14,359,718,1085,1239,925,11,117,323,556,767,700,3,242,395,529,472,225
2017,2,A,골목상권,2110406,도봉산역 1번,1819,1224,595,1,112,206,500,637,363,1,51,129,327,465,251,0,61,77,173,172,112
2017,2,A,골목상권,2110405,방학역 1번,3249,1767,1482,19,392,553,798,881,606,15,159,302,400,483,408,4,233,251,398,398,198
2017,2,A,골목상권,2110404,신창초등학교,2850,1408,1442,13,270,474,815,854,424,5,81,209,351,475,287,8,189,265,464,379,137
2017,2,A,골목상권,2110403,방학1동주민센터,3432,1702,1730,9,431,655,889,888,560,5,169,371,456,423,278,4,262,284,433,465,282
2017,2,A,골목상권,2110402,도봉구 정병원,3317,1525,1792,5,375,610,841,888,598,0,106,329,404,394,292,5,269,281,437,494,306
2017,2,A,골목상권,2110401,도봉구민회관,3449,1615,1834,6,337,603,725,809,969,2,131,307,340,366,469,4,206,296,385,443,500
2017,2,A,골목상권,2110400,도봉구보건소,3757,1819,1938,7,448,752,972,953,625,1,157,392,476,457,336,6,291,360,496,496,289
2017,2,A,골목상권,2110399,창2동주민센터,2442,1115,1327,15,239,444,689,669,386,4,61,225,293,294,238,11,178,219,396,375,148
2017,2,A,골목상권,2110398,쌍문2동우체국,3782,1772,2010,7,361,667,800,932,1015,4,143,330,376,432,487,3,218,337,424,500,528
2017,2,A,골목상권,2110397,도봉산입구,2155,1207,948,2,174,307,568,673,431,1,58,139,281,415,313,1,116,168,287,258,118
2017,2,A,골목상권,2110396,쌍문역1번(쌍리단길),2270,953,1317,10,377,498,575,544,266,3,95,209,263,239,144,7,282,289,312,305,122
2017,2,A,골목상권,2110395,신한은행 방학동지점,1353,527,826,0,143,234,338,353,285,0,40,107,128,130,122,0,103,127,210,223,163
2017,2,A,골목상권,2110394,방학중학교,1830,710,1120,1,198,371,480,491,289,1,58,175,172,174,130,0,140,196,308,317,159
2017,2,A,골목상권,2110393,국민은행방학지점,1090,371,719,0,99,198,292,301,200,0,9,75,100,104,83,0,90,123,192,197,117
2017,2,A,골목상권,2110392,발바닥공원,671,228,443,1,69,125,169,162,145,0,15,39,47,54,73,1,54,86,122,108,72
2017,2,A,골목상권,2110391,샘말어린이공원,1075,550,525,1,98,216,250,332,178,1,35,106,102,164,142,0,63,110,148,168,36
2017,2,A,골목상권,2110390,방학초등학교,1923,656,1267,0,187,351,508,565,312,0,45,146,167,169,129,0,142,205,341,396,183
2017,2,A,골목상권,2110389,한일병원,2450,1215,1235,5,483,562,539,560,301,2,125,290,255,327,216,3,358,272,284,233,85
2017,2,A,골목상권,2110388,도봉우체국,1976,818,1158,4,435,501,481,393,162,2,111,229,179,190,107,2,324,272,302,203,55
2017,2,A,골목상권,2110387,쌍문초등학교,1865,798,1067,1,309,439,457,440,219,0,70,195,198,193,142,1,239,244,259,247,77
2017,2,A,골목상권,2110386,연산군묘,705,438,267,1,36,58,154,251,205,1,10,19,84,144,180,0,26,39,70,107,25
2017,2,A,골목상권,2110385,효문고등학교,1339,535,804,0,215,215,346,386,177,0,22,74,143,170,126,0,193,141,203,216,51
2017,2,A,골목상권,2110384,문이교,951,503,448,0,119,151,217,262,202,0,49,74,109,122,149,0,70,77,108,140,53
2017,2,A,골목상권,2110383,덕성여대시반거리,1138,398,740,2,218,194,298,299,127,0,26,80,112,113,67,2,192,114,186,186,60
2017,2,A,골목상권,2110382,솔밭공원역 1번,1802,770,1032,0,298,301,436,500,267,0,62,127,185,207,189,0,236,174,251,293,78
2017,2,A,골목상권,2110381,번동주공2단지,1640,779,861,4,190,332,408,418,288,3,66,117,178,219,196,1,124,215,230,199,92
2017,2,A,골목상권,2110380,강북문화정보도서관,1125,543,582,9,162,188,277,299,190,4,53,91,124,162,109,5,109,97,153,137,81
2017,2,A,골목상권,2110379,KT&G 북부지사,2009,1397,612,2,172,255,516,740,324,2,100,129,327,575,264,0,72,126,189,165,60
2017,2,A,골목상권,2110378,송중동주민센터,1521,700,821,3,173,339,454,322,230,2,70,150,199,142,137,1,103,189,255,180,93
2017,2,A,골목상권,2110377,미아사거리역 3번,3124,1254,1870,16,539,819,815,606,329,7,171,320,350,236,170,9,368,499,465,370,159
2017,2,A,골목상권,2110376,수송초등학교,6506,3792,2714,6,595,1405,1674,1910,916,3,219,735,938,1281,616,3,376,670,736,629,300
2017,2,A,골목상권,2110375,서울북부고용노동지청,2686,1706,980,2,238,393,702,897,454,2,118,221,417,629,319,0,120,172,285,268,135
2017,2,A,골목상권,2110374,송중초등학교,3199,1446,1753,16,346,648,857,785,547,4,101,253,360,367,361,12,245,395,497,418,186
2017,2,A,골목상권,2110373,수유역 2번,7162,3900,3262,14,859,1584,1751,1828,1126,6,310,840,950,1124,670,8,549,744,801,704,456
2017,2,A,골목상권,2110372,강북중학교,1799,882,917,3,223,382,491,459,241,0,80,191,225,224,162,3,143,191,266,235,79
2017,2,A,골목상권,2110371,삼양입구사거리,2284,1022,1262,12,305,472,607,564,324,3,72,188,264,269,226,9,233,284,343,295,98
2017,2,A,골목상권,2110370,도봉세무서,2803,1272,1531,14,301,553,741,730,464,5,94,230,330,329,284,9,207,323,411,401,180
2017,2,A,골목상권,2110369,성신여대운정그린캠퍼스,5824,3179,2645,21,725,1170,1377,1399,1132,4,268,676,790,780,661,17,457,494,587,619,471
2017,2,A,골목상권,2110368,송천초등학교,2052,823,1229,14,322,457,562,458,239,6,74,164,229,180,170,8,248,293,333,278,69
2017,2,A,골목상권,2110367,강북구청,7280,3840,3440,15,894,1592,1716,1699,1364,4,331,842,922,1018,723,11,563,750,794,681,641
2017,2,A,골목상권,2110366,광산사거리,4143,2122,2021,3,361,864,1010,1057,848,1,124,413,506,644,434,2,237,451,504,413,414
2017,2,A,골목상권,2110365,미아역 5번,2559,1150,1409,6,312,559,681,619,382,4,99,228,296,290,233,2,213,331,385,329,149
2017,2,A,골목상권,2110364,미아역 8번,2335,1005,1330,8,290,481,635,576,345,1,81,183,297,259,184,7,209,298,338,317,161
2017,2,A,골목상권,2110363,송천동주민센터,1374,535,839,5,181,306,397,313,172,4,49,132,150,106,94,1,132,174,247,207,78
2017,2,A,골목상권,2110362,우이천 계성교,2503,1135,1368,2,406,492,632,631,340,0,101,261,292,294,187,2,305,231,340,337,153
2017,2,A,골목상권,2110361,삼양사거리역 1번,1371,617,754,4,152,259,355,365,236,3,43,129,151,162,129,1,109,130,204,203,107
2017,2,A,골목상권,2110360,수유초등학교,4021,1934,2087,15,484,620,891,1079,932,6,170,310,398,481,569,9,314,310,493,598,363
2017,2,A,골목상권,2110359,수유시장옆,6762,3370,3392,13,748,1295,1543,1631,1532,3,262,606,750,907,842,10,486,689,793,724,690
2017,2,A,골목상권,2110358,인수동 우편취급국,4439,2200,2239,14,573,727,963,1123,1039,4,195,380,465,534,622,10,378,347,498,589,417
2017,2,A,골목상권,2110357,가오리역 1번,1831,833,998,2,269,372,439,440,309,0,91,189,204,209,140,2,178,183,235,231,169
2017,2,A,골목상권,2110356,덕수교,1834,775,1059,3,281,350,482,486,232,0,62,163,211,213,126,3,219,187,271,273,106
2017,2,A,골목상권,2110355,삼양사거리역 2번,1834,719,1115,4,225,362,488,476,279,3,54,151,174,190,147,1,171,211,314,286,132
2017,2,A,골목상권,2110354,삼각산119안전센터,926,303,623,4,128,212,291,203,88,1,27,84,87,58,46,3,101,128,204,145,42
2017,2,A,골목상권,2110353,수유동우체국,1941,795,1146,3,301,348,459,519,311,0,67,167,203,219,139,3,234,181,256,300,172
2017,2,A,골목상권,2110352,수유1동주민센터,2235,1158,1077,4,219,402,685,662,263,3,63,177,352,391,172,1,156,225,333,271,91
2017,2,A,골목상권,2110351,수유북부시장옆,2062,1180,882,2,128,277,546,739,370,2,40,148,331,426,233,0,88,129,215,313,137
2017,2,A,골목상권,2110350,가오리역 2번,2223,921,1302,1,219,474,551,595,383,0,53,194,224,231,219,1,166,280,327,364,164
2017,2,A,골목상권,2110349,화계역 2번,1672,1068,604,1,129,273,480,552,237,0,38,126,300,404,200,1,91,147,180,148,37
2017,2,A,골목상권,2110348,강북문화예술회관,2438,930,1508,3,281,553,656,596,349,2,77,218,264,211,158,1,204,335,392,385,191
2017,2,A,골목상권,2110347,구세군강북종합사회복지관,734,270,464,1,104,184,202,159,84,1,31,65,63,60,50,0,73,119,139,99,34
2017,2,A,골목상권,2110346,4.19민주묘지역 2번,1385,566,819,3,242,261,351,369,159,0,46,124,162,151,83,3,196,137,189,218,76
2017,2,A,골목상권,2110345,솔밭공원역 2번,2365,1187,1178,2,320,341,525,780,397,0,69,145,238,444,291,2,251,196,287,336,106
2017,2,A,골목상권,2110344,화계중학교,1055,693,362,0,65,192,356,368,74,0,14,87,242,283,67,0,51,105,114,85,7
2017,2,A,골목상권,2110343,무너미어린이공원,1820,767,1053,4,180,319,463,469,385,2,64,154,210,166,171,2,116,165,253,303,214
2017,2,A,골목상권,2110342,국립재활원,2010,1108,902,2,155,424,605,600,224,1,41,206,374,360,126,1,114,218,231,240,98
2017,2,A,골목상권,2110341,북한산우이역 2번,792,597,195,1,51,76,126,329,209,0,33,46,85,268,165,1,18,30,41,61,44
2017,2,A,골목상권,2110340,인수중학교,1322,691,631,3,120,185,314,372,328,3,52,83,162,203,188,0,68,102,152,169,140
2017,2,A,골목상권,2110339,국립4.19민주묘지,1162,655,507,1,113,151,256,335,306,1,49,82,149,205,169,0,64,69,107,130,137
2017,2,A,골목상권,2110338,인수초등학교,1778,798,980,3,191,383,453,459,289,2,57,139,199,222,179,1,134,244,254,237,110
2017,2,A,골목상권,2110337,아카데미하우스,1398,729,669,3,130,208,339,390,328,3,55,89,174,220,188,0,75,119,165,170,140
2017,2,A,골목상권,2110336,석관고등학교,2621,1867,754,1,123,344,475,626,1052,1,58,184,310,466,848,0,65,160,165,160,204
2017,2,A,골목상권,2110335,석계역 7번,4005,2359,1646,4,338,579,833,981,1270,1,117,280,443,573,945,3,221,299,390,408,325
2017,2,A,골목상권,2110334,석관중앙교회,2404,1374,1030,2,197,502,643,680,380,0,46,206,370,461,291,2,151,296,273,219,89
2017,2,A,골목상권,2110333,돌곶이역 5번,3917,2350,1567,6,309,566,759,845,1432,2,114,298,412,469,1055,4,195,268,347,376,377
2017,2,A,골목상권,2110332,돌곶이역 3번,3692,2303,1389,5,303,485,682,814,1403,2,113,272,378,481,1057,3,190,213,304,333,346
2017,2,A,골목상권,2110331,돌곶이역 8번,2663,1275,1388,6,287,585,726,608,451,2,72,254,361,284,302,4,215,331,365,324,149
2017,2,A,골목상권,2110330,돌곶이역 1번,2770,1351,1419,4,286,576,697,642,565,2,81,257,341,310,360,2,205,319,356,332,205
2017,2,A,골목상권,2110329,우리은행체육관,1269,583,686,0,112,216,293,345,303,0,31,95,123,168,166,0,81,121,170,177,137
2017,2,A,골목상권,2110328,상월곡역 3번,2160,1101,1059,1,263,512,626,463,295,1,88,240,339,243,190,0,175,272,287,220,105
2017,2,A,골목상권,2110327,상월곡역 2번,1698,788,910,0,193,363,518,400,224,0,75,171,232,176,134,0,118,192,286,224,90
2017,2,A,골목상권,2110326,장위동성당,941,404,537,2,73,218,294,217,137,2,19,90,113,95,85,0,54,128,181,122,52
2017,2,A,골목상권,2110325,장곡초등학교,1182,499,683,11,154,231,322,294,170,5,50,113,132,118,81,6,104,118,190,176,89
2017,2,A,골목상권,2110324,월곡역 4번,3740,2175,1565,3,585,1051,911,752,438,2,255,635,553,459,271,1,330,416,358,293,167
2017,2,A,골목상권,2110323,상월곡역 1번,3899,2164,1735,4,658,993,929,845,470,2,243,583,531,506,299,2,415,410,398,339,171
2017,2,A,골목상권,2110322,장위1동주민센터,998,458,540,11,131,144,256,272,184,5,51,83,107,114,98,6,80,61,149,158,86
2017,2,A,골목상권,2110321,동덕여대,2028,870,1158,2,308,348,519,528,323,1,58,158,230,234,189,1,250,190,289,294,134
2017,2,A,골목상권,2110320,KB국민은행 종암동지점,3059,1823,1236,3,374,640,897,797,348,2,131,311,575,549,255,1,243,329,322,248,93
2017,2,A,골목상권,2110319,종암동주민센터,2978,1467,1511,7,429,672,772,770,328,2,147,356,424,383,155,5,282,316,348,387,173
2017,2,A,골목상권,2110318,KT월곡지사,4551,2431,2120,9,638,1095,1261,1099,449,0,235,607,724,619,246,9,403,488,537,480,203
2017,2,A,골목상권,2110317,종암중학교,2995,1805,1190,4,399,631,870,763,328,3,147,299,564,552,240,1,252,332,306,211,88
2017,2,A,골목상권,2110316,숭곡초등학교,5257,2466,2791,15,777,1261,1426,1147,631,5,291,577,695,550,348,10,486,684,731,597,283
2017,2,A,골목상권,2110315,종암아이파크2차,1806,691,1115,7,279,343,441,470,266,2,85,152,173,156,123,5,194,191,268,314,143
2017,2,A,골목상권,2110314,종암경찰서,2980,1495,1485,7,384,623,812,771,383,1,135,355,440,394,170,6,249,268,372,377,213
2017,2,A,골목상권,2110313,안암역 3번,8107,4169,3938,9,1500,2259,2125,1486,728,4,426,1007,1267,957,508,5,1074,1252,858,529,220
2017,2,A,골목상권,2110312,안암역 2번,6202,3042,3160,5,1279,1820,1596,1111,391,1,331,744,940,744,282,4,948,1076,656,367,109
2017,2,A,골목상권,2110311,종암아이파크2차후문,423,109,314,0,35,84,103,119,82,0,10,29,27,19,24,0,25,55,76,100,58
2017,2,A,골목상권,2110310,길음역 10번,1657,615,1042,4,158,293,452,369,381,1,37,121,160,114,182,3,121,172,292,255,199
2017,2,A,골목상권,2110309,대광초등학교,3928,2252,1676,16,492,952,1001,862,605,6,180,548,614,517,387,10,312,404,387,345,218
2017,2,A,골목상권,2110308,길음역 8번,2498,950,1548,15,272,470,703,560,478,6,69,191,244,203,237,9,203,279,459,357,241
2017,2,A,골목상권,2110307,길음역 7번,2190,838,1352,16,263,382,584,509,436,4,58,170,229,175,202,12,205,212,355,334,234
2017,2,A,골목상권,2110306,미아초등학교,1390,531,859,10,210,312,432,276,150,4,57,119,151,113,87,6,153,193,281,163,63
2017,2,A,골목상권,2110305,보문역 5번,6093,2636,3457,10,1262,1763,1433,1047,578,3,294,676,748,553,362,7,968,1087,685,494,216
2017,2,A,골목상권,2110304,보문역 4번,8857,4184,4673,7,1558,2490,2222,1851,729,5,398,962,1172,1175,472,2,1160,1528,1050,676,257
2017,2,A,골목상권,2110303,성신여대입구역 1번,7697,3019,4678,20,1816,2145,1808,1286,622,13,373,820,859,624,330,7,1443,1325,949,662,292
2017,2,A,골목상권,2110302,보문역 8번,2487,1241,1246,9,327,547,586,573,445,3,97,268,324,287,262,6,230,279,262,286,183
2017,2,A,골목상권,2110301,성신여대입구역 7번,3878,1691,2187,19,690,868,943,800,558,12,196,404,455,346,278,7,494,464,488,454,280
2017,2,A,골목상권,2110300,삼선동주민센터,12729,5831,6898,21,2334,3227,3037,2779,1331,9,575,1342,1585,1565,755,12,1759,1885,1452,1214,576
2017,2,A,골목상권,2110299,정릉역 1번,2557,977,1580,17,329,611,708,551,341,8,69,215,274,217,194,9,260,396,434,334,147
2017,2,A,골목상권,2110298,솔숲어린이공원,1170,460,710,4,135,273,353,254,151,2,32,99,129,101,97,2,103,174,224,153,54
2017,2,A,골목상권,2110297,경동고등학교,8763,4357,4406,15,1066,1936,2190,2313,1243,7,336,895,1147,1291,681,8,730,1041,1043,1022,562
2017,2,A,골목상권,2110296,성신여대입구역 4번,5567,2338,3229,13,771,1020,1053,1231,1479,6,214,464,496,503,655,7,557,556,557,728,824
2017,2,A,골목상권,2110295,정릉우체국,2015,1057,958,0,198,343,545,566,363,0,54,147,246,350,260,0,144,196,299,216,103
2017,2,A,골목상권,2110294,서경대학교,2634,1452,1182,2,310,449,656,756,461,0,74,201,334,492,351,2,236,248,322,264,110
2017,2,A,골목상권,2110293,삼선중학교,6564,2771,3793,18,809,1316,1438,1415,1568,5,219,596,665,600,686,13,590,720,773,815,882
2017,2,A,골목상권,2110292,정릉역 2번,1053,429,624,0,125,243,326,240,119,0,38,99,123,98,71,0,87,144,203,142,48
2017,2,A,골목상권,2110291,한성대입구역 3번,3455,1665,1790,10,547,740,908,807,443,4,194,332,460,426,249,6,353,408,448,381,194
2017,2,A,골목상권,2110290,북한산보국문역 1번,1705,889,816,4,192,294,424,502,289,3,51,141,216,295,183,1,141,153,208,207,106
2017,2,A,골목상권,2110289,북한산보국문역 2번,1855,982,873,3,198,329,492,523,310,3,65,149,246,307,212,0,133,180,246,216,98
2017,2,A,골목상권,2110288,동구여중,2733,1231,1502,11,400,786,766,503,267,4,118,331,352,271,155,7,282,455,414,232,112
2017,2,A,골목상권,2110287,정릉3동주민센터,1084,646,438,4,97,179,314,330,160,3,31,76,204,220,112,1,66,103,110,110,48
2017,2,A,골목상권,2110286,한성대입구역 5번,3638,1815,1823,13,500,980,957,731,457,5,141,417,486,458,308,8,359,563,471,273,149
2017,2,A,골목상권,2110285,홍대부중,2403,1099,1304,1,290,727,716,431,238,1,89,303,336,232,138,0,201,424,380,199,100
2017,2,A,골목상권,2110284,정릉북한산국립공원입구,896,704,192,0,38,100,282,320,156,0,3,70,229,270,132,0,35,30,53,50,24
2017,2,A,골목상권,2110283,성북초등학교앞,1907,944,963,1,243,507,528,406,222,1,76,238,272,227,130,0,167,269,256,179,92
2017,2,A,골목상권,2110282,국민대학교앞,2448,1516,932,1,317,481,762,618,269,0,104,231,499,463,219,1,213,250,263,155,50
2017,2,A,골목상권,2110281,길상사,935,532,403,3,148,275,209,185,115,1,63,166,122,108,72,2,85,109,87,77,43
2017,2,A,골목상권,2110280,북정마을,2102,1077,1025,7,327,670,514,415,169,1,122,330,287,231,106,6,205,340,227,184,63
2017,2,A,골목상권,2110279,신내역 2번,3808,1976,1832,8,737,1077,910,793,283,6,207,551,538,478,196,2,530,526,372,315,87
2017,2,A,골목상권,2110278,망우본동주민센터,4146,2099,2047,6,541,762,970,1065,802,0,152,303,423,608,613,6,389,459,547,457,189
2017,2,A,골목상권,2110277,러스크서울병원,3995,2087,1908,11,479,691,914,1032,868,2,149,288,440,589,619,9,330,403,474,443,249
2017,2,A,골목상권,2110276,신내IC북측,1900,1395,505,1,184,476,491,555,193,0,115,383,377,389,131,1,69,93,114,166,62
2017,2,A,골목상권,2110275,하나은행 망우동지점,2863,1489,1374,9,308,498,611,812,625,1,85,195,301,477,430,8,223,303,310,335,195
2017,2,A,골목상권,2110274,서일대학교,2960,1553,1407,7,330,488,755,843,537,2,114,214,387,472,364,5,216,274,368,371,173
2017,2,A,골목상권,2110273,장스여성병원,3170,1674,1496,6,356,561,679,827,741,0,90,214,315,486,569,6,266,347,364,341,172
2017,2,A,골목상권,2110272,신내1동주민센터,5608,2809,2799,4,531,1160,1462,1599,852,1,157,519,636,933,563,3,374,641,826,666,289
2017,2,A,골목상권,2110271,신내역 1번,4346,2368,1978,8,744,1136,1052,1050,356,6,226,636,647,622,231,2,518,500,405,428,125
2017,2,A,골목상권,2110270,혜원여고,1648,806,842,6,155,292,401,470,324,4,47,131,189,237,198,2,108,161,212,233,126
2017,2,A,골목상권,2110269,용마문화복지센터,2372,1309,1063,6,262,344,585,733,442,3,96,162,330,410,308,3,166,182,255,323,134
2017,2,A,골목상권,2110268,망우3동주민센터,2411,1434,977,12,241,342,510,626,680,9,113,183,283,341,505,3,128,159,227,285,175
2017,2,A,골목상권,2110267,망우역 2번,3977,1817,2160,13,447,732,1007,1071,707,10,128,314,439,498,428,3,319,418,568,573,279
2017,2,A,골목상권,2110266,면목동우체국,3154,1745,1409,4,275,483,798,1011,583,2,72,212,414,610,435,2,203,271,384,401,148
2017,2,A,골목상권,2110265,망우역 1번,5103,2720,2383,25,682,929,1135,1257,1075,13,225,378,576,757,771,12,457,551,559,500,304
2017,2,A,골목상권,2110264,면목역 2번,3294,1522,1772,7,377,545,892,966,507,4,115,238,440,442,283,3,262,307,452,524,224
2017,2,A,골목상권,2110263,면목역 1번,4813,2730,2083,16,613,1065,1358,990,771,11,284,692,706,495,542,5,329,373,652,495,229
2017,2,A,골목상권,2110262,상봉역 3번,5258,3116,2142,14,710,1165,1418,1077,874,8,332,745,760,619,652,6,378,420,658,458,222
2017,2,A,골목상권,2110261,사가정역 4번,3541,2098,1443,1,361,543,866,1178,592,0,99,246,471,823,459,1,262,297,395,355,133
2017,2,A,골목상권,2110260,면목역 3번,3776,2130,1646,5,495,932,1191,765,388,3,215,615,619,405,273,2,280,317,572,360,115
2017,2,A,골목상권,2110259,사가정역 1번,3243,1601,1642,2,456,636,805,847,497,2,87,262,406,502,342,0,369,374,399,345,155
2017,2,A,골목상권,2110258,면동초등학교,2490,1172,1318,2,379,482,598,620,409,2,69,196,290,331,284,0,310,286,308,289,125
2017,2,A,골목상권,2110257,상봉역 7번,3267,1897,1370,6,360,567,769,930,635,4,112,270,397,610,504,2,248,297,372,320,131
2017,2,A,골목상권,2110256,면목2동체육관,5118,2851,2267,8,610,1213,1547,1137,603,4,261,757,809,606,414,4,349,456,738,531,189
2017,2,A,골목상권,2110255,상봉역 4번,6268,3496,2772,14,827,1430,1799,1361,837,6,321,862,940,796,571,8,506,568,859,565,266
2017,2,A,골목상권,2110254,오거리공원,2373,1362,1011,1,228,432,645,776,291,0,77,190,352,530,213,1,151,242,293,246,78
2017,2,A,골목상권,2110253,중곡초등학교,2002,1174,828,2,214,322,519,640,305,0,75,143,294,451,211,2,139,179,225,189,94
2017,2,A,골목상권,2110252,장안제일시장,2461,1348,1113,1,351,476,607,616,410,1,80,221,335,388,323,0,271,255,272,228,87
2017,2,A,골목상권,2110251,장안중학교,2483,1263,1220,3,262,420,644,698,456,1,74,176,280,389,343,2,188,244,364,309,113
2017,2,A,골목상권,2110250,화랑대역 7번,1952,833,1119,4,185,426,533,533,271,0,57,198,211,219,148,4,128,228,322,314,123
2017,2,A,골목상권,2110249,중화역 1번,3507,1701,1806,2,340,670,917,786,792,1,106,310,444,315,525,1,234,360,473,471,267
2017,2,A,골목상권,2110248,먹골파출소,1364,636,728,5,179,318,374,338,150,0,61,168,171,139,97,5,118,150,203,199,53
2017,2,A,골목상권,2110247,먹골역 1번,2581,1275,1306,5,341,607,704,582,342,3,109,310,360,287,206,2,232,297,344,295,136
2017,2,A,골목상권,2110246,월드순복음교회,3009,1573,1436,10,354,552,704,799,590,4,108,265,370,451,375,6,246,287,334,348,215
2017,2,A,골목상권,2110245,KB국민은행 중화동지점,2377,1277,1100,8,233,394,603,626,513,5,79,189,305,354,345,3,154,205,298,272,168
2017,2,A,골목상권,2110244,중화역 4번,4256,2648,1608,2,305,558,771,775,1845,1,105,259,371,321,1591,1,200,299,400,454,254
2017,2,A,골목상권,2110243,중랑노인종합복지관,2609,1376,1233,5,270,480,660,732,462,2,85,232,327,400,330,3,185,248,333,332,132
2017,2,A,골목상권,2110242,면목5동주민센터,1562,991,571,2,115,244,371,495,335,1,55,136,221,318,260,1,60,108,150,177,75
2017,2,A,골목상권,2110241,먹골역 5번,3194,1591,1603,4,323,647,811,723,686,3,97,309,406,322,454,1,226,338,405,401,232
2017,2,A,골목상권,2110240,태릉시장 특화거리,2920,1915,1005,7,209,343,503,459,1399,5,82,170,223,188,1247,2,127,173,280,271,152
2017,2,A,골목상권,2110239,중랑역 2번,967,466,501,8,146,183,223,197,210,5,49,95,113,100,104,3,97,88,110,97,106
2017,2,A,골목상권,2110238,배꽃어린이공원,2744,2081,663,2,139,240,338,357,1668,1,56,139,201,184,1500,1,83,101,137,173,168
2017,2,A,골목상권,2110237,메가박스 상봉,5148,3228,1920,30,645,1159,1417,1354,543,19,255,725,932,963,334,11,390,434,485,391,209
2017,2,A,골목상권,2110236,신묵초등학교,3218,1687,1531,5,333,651,826,713,690,3,104,335,437,345,463,2,229,316,389,368,227
2017,2,A,골목상권,2110235,세화어린이공원,1814,1400,414,1,58,106,211,246,1192,1,28,55,85,87,1144,0,30,51,126,159,48
2017,2,A,골목상권,2110234,중랑역 4번,4366,3022,1344,28,501,991,1244,1131,471,18,225,690,902,889,298,10,276,301,342,242,173
2017,2,A,골목상권,2110233,중랑역 1번,4151,2811,1340,29,510,957,1190,1061,404,19,226,662,839,824,241,10,284,295,351,237,163
2017,2,A,골목상권,2110232,동대부고,4205,2207,1998,15,637,898,1087,1018,550,5,280,474,551,542,355,10,357,424,536,476,195
2017,2,A,골목상권,2110231,장안교,2185,1304,881,3,324,471,606,508,273,2,182,271,344,304,201,1,142,200,262,204,72
2017,2,A,골목상권,2110230,장안현대홈타운1차아파트,5134,2443,2691,26,690,1252,1390,1135,641,7,228,562,719,535,392,19,462,690,671,600,249
2017,2,A,골목상권,2110229,장평중학교,10234,6256,3978,38,1419,2478,2437,2061,1801,15,639,1484,1524,1247,1347,23,780,994,913,814,454
2017,2,A,골목상권,2110228,장안근린공원,7094,3520,3574,32,1036,1553,1878,1674,921,13,424,799,919,829,536,19,612,754,959,845,385
2017,2,A,골목상권,2110227,답십리공원,2949,1395,1554,4,393,627,789,760,376,4,156,327,357,360,191,0,237,300,432,400,185
2017,2,A,골목상권,2110226,장안1동주민센터,11131,6172,4959,55,1494,2391,2745,2455,1991,21,605,1284,1629,1362,1271,34,889,1107,1116,1093,720
2017,2,A,골목상권,2110225,촬영소사거리,3499,2095,1404,5,401,747,970,816,560,5,204,474,607,469,336,0,197,273,363,347,224
2017,2,A,골목상권,2110224,외대앞역 2번,904,404,500,8,120,192,228,197,159,6,35,99,102,88,74,2,85,93,126,109,85
2017,2,A,골목상권,2110223,군자초등학교,11539,7299,4240,57,1708,2653,2499,2224,2398,22,824,1745,1650,1385,1673,35,884,908,849,839,725
2017,2,A,골목상권,2110222,회기역 2번,1405,663,742,7,264,312,294,225,303,1,78,159,149,102,174,6,186,153,145,123,129
2017,2,A,골목상권,2110221,의릉,1189,556,633,1,155,289,350,264,130,0,36,102,187,146,85,1,119,187,163,118,45
2017,2,A,골목상권,2110220,외대앞역 1번,5731,3024,2707,10,662,1454,1693,1274,638,6,172,588,957,837,464,4,490,866,736,437,174
2017,2,A,골목상권,2110219,삼육보건대학교,5099,2373,2726,9,880,1202,1194,1101,713,2,264,526,596,555,430,7,616,676,598,546,283
2017,2,A,골목상권,2110218,답십리사거리,2027,1074,953,7,243,368,558,491,360,5,99,201,306,255,208,2,144,167,252,236,152
2017,2,A,골목상권,2110217,자동차부품상가,18426,13557,4869,47,2224,3904,6722,3872,1657,23,1309,2821,5294,2922,1188,24,915,1083,1428,950,469
2017,2,A,골목상권,2110216,전농중학교,1920,831,1089,4,251,497,509,453,206,1,67,201,211,211,140,3,184,296,298,242,66
2017,2,A,골목상권,2110215,회기역 1번,4421,2308,2113,4,591,1098,1228,883,617,1,162,444,691,545,465,3,429,654,537,338,152
2017,2,A,골목상권,2110214,경희대후문,7989,3772,4217,8,1273,2356,2143,1612,597,5,318,909,1094,974,472,3,955,1447,1049,638,125
2017,2,A,골목상권,2110213,청량초등학교,6447,2787,3660,9,1179,1939,1681,1174,465,4,299,748,790,607,339,5,880,1191,891,567,126
2017,2,A,골목상권,2110212,답십리초등학교,5570,3095,2475,20,1045,1483,1341,986,695,12,568,983,677,453,402,8,477,500,664,533,293
2017,2,A,골목상권,2110211,전곡마을마당공원,3531,1876,1655,5,382,859,958,886,441,2,145,385,528,523,293,3,237,474,430,363,148
2017,2,A,골목상권,2110210,서울시립대,4017,2167,1850,16,523,994,1068,936,480,6,189,456,611,572,333,10,334,538,457,364,147
2017,2,A,골목상권,2110209,답십리 장령당공원,1787,1058,729,2,203,379,487,362,354,1,103,230,284,179,261,1,100,149,203,183,93
2017,2,A,골목상권,2110208,시조사삼거리,2370,1177,1193,7,348,575,635,540,265,3,108,285,358,270,153,4,240,290,277,270,112
2017,2,A,골목상권,2110207,시립대앞사거리,3649,2006,1643,24,577,889,917,762,480,9,232,410,528,483,344,15,345,479,389,279,136
2017,2,A,골목상권,2110206,텃골근린공원,1834,875,959,7,232,389,538,446,222,5,90,201,263,206,110,2,142,188,275,240,112
2017,2,A,골목상권,2110205,경희대삼거리,8492,3877,4615,16,1541,2494,2156,1614,671,8,450,1045,1072,851,451,8,1091,1449,1084,763,220
2017,2,A,골목상권,2110204,간데메공원,2390,1303,1087,9,339,519,677,514,332,5,155,296,378,262,207,4,184,223,299,252,125
2017,2,A,골목상권,2110203,떡전교사거리,3727,2044,1683,23,625,912,887,790,490,8,265,527,516,427,301,15,360,385,371,363,189
2017,2,A,골목상권,2110202,전농1동주민센터(전농시장),856,454,402,5,118,153,235,210,135,4,49,89,129,111,72,1,69,64,106,99,63
2017,2,A,골목상권,2110201,전농119안전센터,1102,592,510,5,156,231,308,244,158,4,63,134,178,122,91,1,93,97,130,122,67
2017,2,A,골목상권,2110200,동대문경찰서,2504,1469,1035,2,258,561,606,651,426,2,129,371,385,356,226,0,129,190,221,295,200
2017,2,A,골목상권,2110199,홍릉시장,2882,1740,1142,2,284,645,722,733,496,2,149,429,465,408,287,0,135,216,257,325,209
2017,2,A,골목상권,2110198,동대문중앙새마을금고본점,1229,732,497,2,112,220,271,305,319,2,46,130,176,167,211,0,66,90,95,138,108
2017,2,A,골목상권,2110197,세종대왕기념관교차로,1778,1133,645,3,272,583,376,380,164,2,129,350,257,271,124,1,143,233,119,109,40
2017,2,A,골목상권,2110196,홍릉근린공원,1007,447,560,0,93,188,248,273,205,0,33,92,119,97,106,0,60,96,129,176,99
2017,2,A,골목상권,2110195,동대문구청,6487,3595,2892,13,788,1472,1626,1636,952,8,313,789,855,1015,615,5,475,683,771,621,337
2017,2,A,골목상권,2110194,홍파초등학교,2692,1566,1126,3,238,493,724,725,509,2,119,294,430,400,321,1,119,199,294,325,188
2017,2,A,골목상권,2110193,고려대역 4번,3494,2259,1235,7,368,818,1005,898,398,4,154,451,683,672,295,3,214,367,322,226,103
2017,2,A,골목상권,2110192,동의보감타워,5537,3108,2429,12,671,1213,1398,1434,809,6,264,634,741,940,523,6,407,579,657,494,286
2017,2,A,골목상권,2110191,고려대역 6번,3400,2168,1232,7,348,637,1052,907,449,3,151,357,693,646,318,4,197,280,359,261,131
2017,2,A,골목상권,2110190,고대앞사거리,4708,2755,1953,11,667,1045,1380,1087,518,3,261,552,853,732,354,8,406,493,527,355,164
2017,2,A,골목상권,2110189,제기동역 1번,5801,3415,2386,11,868,1371,1310,1156,1085,4,332,773,769,740,797,7,536,598,541,416,288
2017,2,A,골목상권,2110188,용두동신동아아파트,12502,8308,4194,27,1697,3116,3155,3026,1481,16,812,2046,2349,2086,999,11,885,1070,806,940,482
2017,2,A,골목상권,2110187,제기동역 6번,9419,5769,3650,13,1700,2783,2239,1519,1165,3,689,1690,1545,1021,821,10,1011,1093,694,498,344
2017,2,A,골목상권,2110186,종암초등학교,1881,1008,873,4,308,418,490,367,294,2,125,226,275,196,184,2,183,192,215,171,110
2017,2,A,골목상권,2110185,용두초등학교,13488,6890,6598,41,2077,3854,4208,2358,950,9,744,2269,2113,1172,583,32,1333,1585,2095,1186,367
2017,2,A,골목상권,2110184,용두사거리,9658,5352,4306,37,2028,2896,2301,1396,1000,9,646,1633,1453,899,712,28,1382,1263,848,497,288
2017,2,A,골목상권,2110183,한국의류시험연구원,5318,2933,2385,30,1053,1370,1094,880,891,10,340,720,640,552,671,20,713,650,454,328,220
2017,2,A,골목상권,2110182,용두희망어린이공원,5456,2898,2558,31,1041,1426,1276,986,696,12,365,751,753,575,442,19,676,675,523,411,254
2017,2,A,골목상권,2110181,신설동역 9번,19456,10331,9125,83,2770,4770,5372,3741,2720,44,1186,2848,2831,1888,1534,39,1584,1922,2541,1853,1186
2017,2,A,골목상권,2110180,광진정보도서관,5773,3333,2440,37,1033,1755,1466,1014,468,16,395,993,1013,594,322,21,638,762,453,420,146
2017,2,A,골목상권,2110179,광나루역 1번,2007,1036,971,11,268,566,459,398,305,8,90,254,260,201,223,3,178,312,199,197,82
2017,2,A,골목상권,2110178,장로회신학대학교,2345,1309,1036,11,337,561,567,523,346,8,111,332,363,268,227,3,226,229,204,255,119
2017,2,A,골목상권,2110177,동의초등학교,850,368,482,3,125,151,248,217,106,1,50,55,108,93,61,2,75,96,140,124,45
2017,2,A,골목상권,2110176,해오름공원,1523,738,785,1,171,279,408,418,246,1,54,116,193,227,147,0,117,163,215,191,99
2017,2,A,골목상권,2110175,푸른동산공원,12309,7688,4621,30,1232,2530,3538,3409,1570,23,705,1764,2410,1883,903,7,527,766,1128,1526,667
2017,2,A,골목상권,2110174,아차산역 1번,3760,1811,1949,12,460,778,937,974,599,5,167,356,446,475,362,7,293,422,491,499,237
2017,2,A,골목상권,2110173,구남초등학교,15640,10211,5429,56,1449,3152,4528,4195,2260,31,871,2239,3169,2491,1410,25,578,913,1359,1704,850
2017,2,A,골목상권,2110172,광진초등학교,3900,2217,1683,23,509,810,996,977,585,7,197,431,589,584,409,16,312,379,407,393,176
2017,2,A,골목상권,2110171,중곡4동주민센터,1874,1010,864,1,186,360,498,569,260,0,58,179,259,336,178,1,128,181,239,233,82
2017,2,A,골목상권,2110170,동대부여고,10302,6580,3722,7,906,2079,3263,3097,950,6,537,1448,2253,1757,579,1,369,631,1010,1340,371
2017,2,A,골목상권,2110169,성동초등학교,10538,7373,3165,30,939,2300,3328,2618,1323,15,570,1584,2462,1784,958,15,369,716,866,834,365
2017,2,A,골목상권,2110168,대원고등학교,2330,1230,1100,2,212,515,606,667,328,0,64,228,320,378,240,2,148,287,286,289,88
2017,2,A,골목상권,2110167,용마초등학교,5193,2779,2414,6,578,1119,1382,1271,837,1,214,590,718,709,547,5,364,529,664,562,290
2017,2,A,골목상권,2110166,구의1동주민센터,15578,9725,5853,24,1936,3943,4431,3860,1384,13,790,2231,3052,2700,939,11,1146,1712,1379,1160,445
2017,2,A,골목상권,2110165,국립정신건강센터,3415,1720,1695,4,327,721,947,952,464,0,102,318,468,508,324,4,225,403,479,444,140
2017,2,A,골목상권,2110164,아차산역 5번,4056,2113,1943,13,541,976,999,907,620,4,195,504,532,472,406,9,346,472,467,435,214
2017,2,A,골목상권,2110163,성자초등학교,6343,4627,1716,13,553,1388,2147,1692,550,9,375,1019,1668,1174,382,4,178,369,479,518,168
2017,2,A,골목상권,2110162,군자역 4번,4899,2544,2355,7,686,1131,1332,1092,651,1,251,587,700,573,432,6,435,544,632,519,219
2017,2,A,골목상권,2110161,중곡역 3번,3589,1936,1653,7,385,740,887,1044,526,0,138,347,457,657,337,7,247,393,430,387,189
2017,2,A,골목상권,2110160,광진경찰서,5165,2473,2692,9,983,1776,1243,856,298,5,278,825,689,489,187,4,705,951,554,367,111
2017,2,A,골목상권,2110159,구의역 4번,19280,11529,7751,35,2589,4563,5158,4616,2319,16,944,2368,3353,3111,1737,19,1645,2195,1805,1505,582
2017,2,A,골목상권,2110158,중곡3동주민센터,3473,2011,1462,12,408,727,845,972,509,1,152,380,474,660,344,11,256,347,371,312,165
2017,2,A,골목상권,2110157,자양동우체국,1907,851,1056,5,282,457,489,432,242,4,94,188,223,201,141,1,188,269,266,231,101
2017,2,A,골목상권,2110156,군자역 5번,8242,4316,3926,21,1449,2048,2159,1777,788,11,555,1180,1234,828,508,10,894,868,925,949,280
2017,2,A,골목상권,2110155,광진구청,13299,7519,5780,26,1994,3472,3180,2906,1721,10,640,1643,1908,2027,1291,16,1354,1829,1272,879,430
2017,2,A,골목상권,2110154,광진정말공원,4052,2002,2050,9,590,893,999,899,662,5,211,407,464,451,464,4,379,486,535,448,198
2017,2,A,골목상권,2110153,중곡1동주민센터,5280,3208,2072,14,683,1240,1410,1204,729,6,303,790,899,725,485,8,380,450,511,479,244
2017,2,A,골목상권,2110152,중곡어린이공원,2866,1725,1141,10,339,673,652,558,634,5,125,358,345,333,559,5,214,315,307,225,75
2017,2,A,골목상권,2110151,자양한강도서관,2335,1071,1264,3,328,498,587,556,363,2,103,213,246,259,248,1,225,285,341,297,115
2017,2,A,골목상권,2110150,중곡1동 마을마당,5715,3592,2123,21,651,1352,1429,1198,1064,10,271,859,916,712,824,11,380,493,513,486,240
2017,2,A,골목상권,2110149,세종대학교,4156,1862,2294,11,873,945,1074,928,325,6,290,468,539,367,192,5,583,477,535,561,133
2017,2,A,골목상권,2110148,어린이대공원역 3번,4585,2030,2555,16,1143,1428,1043,712,243,6,344,566,540,395,179,10,799,862,503,317,64
2017,2,A,골목상권,2110147,능동우편취급국,7822,4263,3559,28,1360,1925,2044,1697,768,15,563,1165,1201,853,466,13,797,760,843,844,302
2017,2,A,골목상권,2110146,신자초등학교,2205,981,1224,2,235,433,573,555,407,2,68,174,229,223,285,0,167,259,344,332,122
2017,2,A,골목상권,2110145,장안초등학교,2772,1597,1175,6,505,589,757,632,283,3,218,329,456,381,210,3,287,260,301,251,73
2017,2,A,골목상권,2110144,어린이대공원역 4번,5383,2448,2935,13,1264,1610,1252,884,360,6,387,661,647,480,267,7,877,949,605,404,93
2017,2,A,골목상권,2110143,뚝섬유원지역 1번,1184,533,651,5,128,223,304,305,219,3,38,101,144,113,134,2,90,122,160,192,85
2017,2,A,골목상권,2110142,화양사거리,7062,4215,2847,45,1345,1994,1714,1234,730,24,653,1306,1053,675,504,21,692,688,661,559,226
2017,2,A,골목상권,2110141,건대입구역 1번,6810,4114,2696,9,1180,1672,1574,1371,1004,7,530,1083,1026,794,674,2,650,589,548,577,330
2017,2,A,골목상권,2110140,건대입구역 6번,11049,6503,4546,34,2009,2805,2570,2126,1505,22,778,1728,1630,1276,1069,12,1231,1077,940,850,436
2017,2,A,골목상권,2110139,자양4동주민센터,2487,1398,1089,5,286,495,573,659,469,3,124,267,321,348,335,2,162,228,252,311,134
2017,2,A,골목상권,2110138,송정체육공원,7674,4620,3054,53,1503,2242,1815,1293,768,23,719,1488,1084,743,563,30,784,754,731,550,205
2017,2,A,골목상권,2110137,성수초등학교,30021,18641,11380,158,5478,8247,7509,5307,3322,106,2437,5307,4895,3415,2481,52,3041,2940,2614,1892,841
2017,2,A,골목상권,2110136,경수초등학교,61399,29946,31453,193,9757,16197,18882,13204,3166,108,5248,10774,7981,3619,2216,85,4509,5423,10901,9585,950
2017,2,A,골목상권,2110135,성동세무서,16252,9672,6580,99,2436,4139,3906,3462,2210,52,1138,2671,2572,1959,1280,47,1298,1468,1334,1503,930
2017,2,A,골목상권,2110134,성수119안전센터,36210,14844,21366,84,4948,8498,12486,9404,790,62,3237,6143,3682,1216,504,22,1711,2355,8804,8188,286
2017,2,A,골목상권,2110133,서울교통공사,20322,14477,5845,61,2455,4145,6810,4535,2316,27,1397,3029,5585,3127,1312,34,1058,1116,1225,1408,1004
2017,2,A,골목상권,2110132,성수2가3동주민센터,13118,7555,5563,56,2536,3911,3407,2039,1169,19,948,2268,2089,1363,868,37,1588,1643,1318,676,301
2017,2,A,골목상권,2110131,성수동카페거리,70354,33470,36884,372,13728,20047,20407,13562,2238,169,7082,13097,8590,3126,1406,203,6646,6950,11817,10436,832
2017,2,A,골목상권,2110130,답십리역 6번,4289,2202,2087,10,716,1120,1047,823,573,4,306,643,509,371,369,6,410,477,538,452,204
2017,2,A,골목상권,2110129,성원어린이공원,14279,8338,5941,65,2808,4362,3636,2128,1280,24,1075,2643,2290,1393,913,41,1733,1719,1346,735,367
2017,2,A,골목상권,2110128,성원중학교,37267,15482,21785,133,5053,8680,12747,9788,866,75,3261,6244,3817,1518,567,58,1792,2436,8930,8270,299
2017,2,A,골목상권,2110127,성수1가1동주민센터,49685,21346,28339,215,9156,13146,15156,11049,963,112,5208,9074,4941,1425,586,103,3948,4072,10215,9624,377
2017,2,A,골목상권,2110126,서울숲역 1번,19139,9856,9283,105,4756,6142,4351,2942,843,42,2135,3757,2352,1039,531,63,2621,2385,1999,1903,312
2017,2,A,골목상권,2110125,사근동살곶이상점가,7276,3486,3790,4,1397,1852,2033,1449,541,4,356,812,1017,885,412,0,1041,1040,1016,564,129
2017,2,A,골목상권,2110124,뚝섬역교차로,11054,6485,4569,48,2755,3665,2131,1522,933,12,1021,2173,1430,1097,752,36,1734,1492,701,425,181
2017,2,A,골목상권,2110123,마장역 3번,2406,1388,1018,0,253,474,655,702,322,0,104,255,386,400,243,0,149,219,269,302,79
2017,2,A,골목상권,2110122,마장역 2번,2861,1852,1009,2,291,592,799,797,380,2,154,379,530,501,286,0,137,213,269,296,94
2017,2,A,골목상권,2110121,한양대역 4번,7504,3649,3855,21,1505,1856,2028,1474,620,10,416,812,1027,890,494,11,1089,1044,1001,584,126
2017,2,A,골목상권,2110120,서울숲카페거리,3105,1892,1213,13,434,657,668,780,553,3,172,356,408,519,434,10,262,301,260,261,119
2017,2,A,골목상권,2110119,마장지하차도,5348,3144,2204,20,625,1293,1399,1294,717,11,295,695,782,866,495,9,330,598,617,428,222
2017,2,A,골목상권,2110118,왕십리역 9번,2960,1474,1486,28,535,613,678,666,440,16,220,306,316,319,297,12,315,307,362,347,143
2017,2,A,골목상권,2110117,성동구보건소,6688,3626,3062,22,799,1637,1682,1665,883,12,354,878,928,935,519,10,445,759,754,730,364
2017,2,A,골목상권,2110116,청계천박물관,12161,7610,4551,21,1336,2640,3002,3549,1613,17,651,1606,1957,2319,1060,4,685,1034,1045,1230,553
2017,2,A,골목상권,2110115,상왕십리역 3번,9440,4954,4486,14,1650,2260,2377,2050,1089,7,625,1075,1283,1283,681,7,1025,1185,1094,767,408
2017,2,A,골목상권,2110114,왕십리파출소,2623,1236,1387,4,333,651,640,676,319,2,123,371,353,252,135,2,210,280,287,424,184
2017,2,A,골목상권,2110113,응봉산,362,133,229,0,34,66,88,95,79,0,5,18,23,28,59,0,29,48,65,67,20
2017,2,A,골목상권,2110112,행당역 2번,2823,1178,1645,10,438,629,718,680,348,7,134,233,289,317,198,3,304,396,429,363,150
2017,2,A,골목상권,2110111,대현산장미원,144,58,86,0,19,25,48,29,23,0,3,10,15,11,19,0,16,15,33,18,4
2017,2,A,골목상권,2110110,상왕십리역 6번,3764,1994,1770,17,537,844,990,879,497,7,174,428,610,492,283,10,363,416,380,387,214
2017,2,A,골목상권,2110109,금호삼성래미안아파트,1023,450,573,5,155,242,241,208,172,1,35,100,111,87,116,4,120,142,130,121,56
2017,2,A,골목상권,2110108,성동구립금호도서관,882,339,543,0,107,235,253,180,107,0,16,70,100,74,79,0,91,165,153,106,28
2017,2,A,골목상권,2110107,금호사거리,980,417,563,4,149,240,209,213,165,0,42,96,97,93,89,4,107,144,112,120,76
2017,2,A,골목상권,2110106,금북초등학교,580,211,369,0,65,146,171,138,60,0,11,37,66,48,49,0,54,109,105,90,11
2017,2,A,골목상권,2110105,금동어린이공원,1790,738,1052,5,252,459,411,381,282,1,60,192,169,160,156,4,192,267,242,221,126
2017,2,A,골목상권,2110104,신금호역 4번,1478,624,854,2,218,311,323,362,262,1,48,128,130,153,164,1,170,183,193,209,98
2017,2,A,골목상권,2110103,옥수터널,824,374,450,2,158,203,218,158,85,1,49,83,111,75,55,1,109,120,107,83,30
2017,2,A,골목상권,2110102,옥수역 6번,1398,619,779,5,243,294,389,303,164,1,82,110,182,139,105,4,161,184,207,164,59
2017,2,A,골목상권,2110101,옥정중학교,1250,534,716,4,250,345,287,225,139,1,81,140,126,95,91,3,169,205,161,130,48
2017,2,A,골목상권,2110100,옥수동우편취급국,1061,475,586,3,225,301,231,184,117,1,70,132,109,84,79,2,155,169,122,100,38
2017,2,A,골목상권,2110099,유엔빌리지길,4639,2398,2241,22,1079,1408,1011,635,484,13,405,725,599,362,294,9,674,683,412,273,190
2017,2,A,골목상권,2110098,서울독일학교,3571,1795,1776,20,909,1165,764,417,296,11,361,599,452,217,155,9,548,566,312,200,141
2017,2,A,골목상권,2110097,한남초등학교,5552,2769,2783,28,1506,1986,1257,534,241,12,506,1081,723,297,150,16,1000,905,534,237,91
2017,2,A,골목상권,2110096,한남힐사이드아파트,2620,1503,1117,17,684,1088,520,218,93,8,279,671,361,117,67,9,405,417,159,101,26
2017,2,A,골목상권,2110095,한강진역 3번,10413,5378,5035,46,2718,3800,2302,1037,510,29,973,2045,1447,608,276,17,1745,1755,855,429,234
2017,2,A,골목상권,2110094,오산중학교,471,257,214,1,33,100,137,119,81,0,10,47,79,66,55,1,23,53,58,53,26
2017,2,A,골목상권,2110093,우사단길,8832,4593,4239,37,1990,2968,1977,1092,768,19,733,1595,1173,624,449,18,1257,1373,804,468,319
2017,2,A,골목상권,2110092,NH농협은행 보광동지점,1341,739,602,6,182,305,358,287,203,0,62,155,201,173,148,6,120,150,157,114,55
2017,2,A,골목상권,2110091,리움미술관,6509,3568,2941,27,1719,2342,1362,628,431,19,711,1294,930,384,230,8,1008,1048,432,244,201
2017,2,A,골목상권,2110090,한국폴리텍대학서울정수캠퍼스,3181,1702,1479,11,612,861,785,583,329,0,201,376,459,404,262,11,411,485,326,179,67
2017,2,A,골목상권,2110089,서빙고동주민센터,3026,1594,1432,18,465,923,929,502,189,0,133,444,518,339,160,18,332,479,411,163,29
2017,2,A,골목상권,2110088,오산고등학교,6286,3456,2830,14,958,1785,1581,1311,637,2,341,842,867,928,476,12,617,943,714,383,161
2017,2,A,골목상권,2110087,이태원엔틱가구거리,6347,3595,2752,26,1126,1817,1495,1253,630,8,472,950,850,881,434,18,654,867,645,372,196
2017,2,A,골목상권,2110086,이태원역 북측,10859,6209,4650,39,2278,3325,2348,1719,1150,22,1096,1875,1421,1088,707,17,1182,1450,927,631,443
2017,2,A,골목상권,2110085,경리단길남측,5122,2958,2164,15,1240,1287,1027,827,726,5,628,767,610,474,474,10,612,520,417,353,252
2017,2,A,골목상권,2110084,경리단길북측,3747,2147,1600,9,775,902,844,693,524,4,357,505,507,423,351,5,418,397,337,270,173
2017,2,A,골목상권,2110083,서빙고역 1번,2912,1532,1380,17,459,883,881,455,217,0,132,423,486,302,189,17,327,460,395,153,28
2017,2,A,골목상권,2110082,용산구청,6920,3950,2970,31,1417,1997,1551,1323,601,10,671,1104,884,901,380,21,746,893,667,422,221
2017,2,A,골목상권,2110081,해방촌 남동측,2120,1182,938,4,274,504,614,465,259,2,129,258,373,255,165,2,145,246,241,210,94
2017,2,A,골목상권,2110080,해방촌예술마을,3002,1517,1485,3,356,618,776,917,332,2,114,305,492,443,161,1,242,313,284,474,171
2017,2,A,골목상권,2110079,후암동주민센터,23961,16256,7705,21,4034,8380,6941,3484,1101,6,2151,5970,5521,2093,515,15,1883,2410,1420,1391,586
2017,2,A,골목상권,2110078,이촌동점보아파트,1001,415,586,0,119,228,231,224,199,0,38,74,69,94,140,0,81,154,162,130,59
2017,2,A,골목상권,2110077,삼광초등학교,14780,4914,9866,123,6556,2471,2186,2337,1107,14,1045,1456,1324,715,360,109,5511,1015,862,1622,747
2017,2,A,골목상권,2110076,삼각지역 14번,7353,5249,2104,3,514,1798,2560,1894,584,1,270,1162,1970,1429,417,2,244,636,590,465,167
2017,2,A,골목상권,2110075,숙대입구역 1번,21473,8503,12970,180,7886,4357,3587,3218,2245,38,1530,2303,2090,1267,1275,142,6356,2054,1497,1951,970
2017,2,A,골목상권,2110074,서울역 12번,38904,22835,16069,224,11386,11843,8808,4437,2206,23,3387,7916,6996,2954,1559,201,7999,3927,1812,1483,647
2017,2,A,골목상권,2110073,삼각지역 3번,22141,11452,10689,76,3746,6181,6614,3965,1559,31,1435,2803,3543,2600,1040,45,2311,3378,3071,1365,519
2017,2,A,골목상권,2110072,열정도,20028,9544,10484,632,6840,6110,4098,1636,712,289,2894,2860,2045,987,469,343,3946,3250,2053,649,243
2017,2,A,골목상권,2110071,한강미주맨션아파트,2633,1378,1255,6,222,489,974,676,266,0,88,239,450,409,192,6,134,250,524,267,74
2017,2,A,골목상권,2110070,용산세무서,7053,4955,2098,6,464,1562,2798,1906,317,0,259,1013,1988,1464,231,6,205,549,810,442,86
2017,2,A,골목상권,2110069,숙대입구,16833,8907,7926,648,5955,4269,2940,1885,1136,294,2605,2390,1723,1125,770,354,3350,1879,1217,760,366
2017,2,A,골목상권,2110068,남영역 1번,28292,14662,13630,701,8857,8836,5891,2732,1275,307,3863,4706,3300,1656,830,394,4994,4130,2591,1076,445
2017,2,A,골목상권,2110067,배문고등학교,12611,6029,6582,37,1836,2998,2832,2788,2120,15,552,1400,1457,1237,1368,22,1284,1598,1375,1551,752
2017,2,A,골목상권,2110066,서울역 15번,7900,4458,3442,21,949,1769,1526,1729,1906,14,311,853,885,940,1455,7,638,916,641,789,451
2017,2,A,골목상권,2110065,남정초등학교,6390,4380,2010,40,822,2192,1876,863,597,26,502,1593,1329,559,371,14,320,599,547,304,226
2017,2,A,골목상권,2110064,효창공원앞역 2번,6366,3507,2859,8,924,1743,1686,1336,669,5,304,985,1023,768,422,3,620,758,663,568,247
2017,2,A,골목상권,2110063,효창공원앞역 5번,10591,7130,3461,76,1396,3443,3074,1623,979,52,793,2413,2168,1073,631,24,603,1030,906,550,348
2017,2,A,골목상권,2110062,한강로동땡땡거리(은행나무길),17579,11748,5831,49,4234,5333,4548,2365,1050,13,2144,3541,3551,1797,702,36,2090,1792,997,568,348
2017,2,A,골목상권,2110061,효창동주민센터,3382,1938,1444,8,416,853,935,764,406,3,118,467,588,466,296,5,298,386,347,298,110
2017,2,A,골목상권,2110060,효창공원앞역 6번,2877,1554,1323,3,292,697,783,656,446,1,99,376,464,337,277,2,193,321,319,319,169
2017,2,A,골목상권,2110059,새남터성지,3421,2434,987,14,587,897,1039,612,272,4,270,651,890,476,143,10,317,246,149,136,129
2017,2,A,골목상권,2110058,성심여자고등학교,12201,8536,3665,64,1688,3661,3490,1938,1360,37,927,2617,2681,1354,920,27,761,1044,809,584,440
2017,2,A,골목상권,2110057,황학코아루아파트,4444,2496,1948,9,644,940,983,977,891,3,284,536,636,504,533,6,360,404,347,473,358
2017,2,A,골목상권,2110056,신당역 3번,5510,2988,2522,12,790,1227,1238,1224,1019,3,341,675,749,606,614,9,449,552,489,618,405
2017,2,A,골목상권,2110055,황학동벼룩시장,7349,4171,3178,16,1642,2498,1774,964,455,7,857,1404,1082,536,285,9,785,1094,692,428,170
2017,2,A,골목상권,2110054,청구역 3번,8934,4291,4643,38,2125,2277,1840,1560,1094,19,796,1302,1009,639,526,19,1329,975,831,921,568
2017,2,A,골목상권,2110053,청구역 1번,6544,2963,3581,21,1206,1450,1480,1576,811,6,436,767,759,672,323,15,770,683,721,904,488
2017,2,A,골목상권,2110052,장충초등학교,12808,6328,6480,53,3772,3459,2508,1868,1148,25,1427,1931,1522,858,565,28,2345,1528,986,1010,583
2017,2,A,골목상권,2110051,한양공고앞 교차로,5646,2765,2881,13,1038,1768,1372,984,471,7,390,843,739,524,262,6,648,925,633,460,209
2017,2,A,골목상권,2110050,약수역 7번,3871,1721,2150,14,797,1042,922,622,474,0,214,473,435,307,292,14,583,569,487,315,182
2017,2,A,골목상권,2110049,장충단 고개,14646,7416,7230,68,4404,4011,2827,1964,1372,30,1688,2314,1781,936,667,38,2716,1697,1046,1028,705
2017,2,A,골목상권,2110048,장충동주민센터,14244,7862,6382,35,3348,4190,3184,2259,1228,14,1275,2402,2194,1316,661,21,2073,1788,990,943,567
2017,2,A,골목상권,2110047,다산성곽길,12425,5827,6598,63,4166,3415,2391,1495,895,29,1488,1672,1288,815,535,34,2678,1743,1103,680,360
2017,2,A,골목상권,2110046,버티고개,6576,3028,3548,17,2059,1961,1397,756,386,4,707,907,741,444,225,13,1352,1054,656,312,161
2017,2,A,골목상권,2110045,동대문역사문화공원역 5번,35624,18036,17588,955,10821,9730,7790,4905,1423,429,4832,5835,4376,1848,716,526,5989,3895,3414,3057,707
2017,2,A,골목상권,2110044,관성묘,35050,17305,17745,957,11479,9697,7363,4425,1129,434,5026,5690,4090,1546,519,523,6453,4007,3273,2879,610
2017,2,A,골목상권,2110043,충무초등학교,17117,9876,7241,50,3107,4830,4539,3033,1558,24,1096,2572,2977,2102,1105,26,2011,2258,1562,931,453
2017,2,A,골목상권,2110042,남산골공원옆,8038,4684,3354,66,1181,1956,2281,1777,777,36,490,1162,1485,1030,481,30,691,794,796,747,296
2017,2,A,골목상권,2110041,남산케이블카,27172,13824,13348,72,3755,9707,7771,5002,865,11,1072,4255,4109,3799,578,61,2683,5452,3662,1203,287
2017,2,A,골목상권,2110040,중구회현체육센터(정화예술대남산캠퍼스),24518,12252,12266,65,3308,8907,7156,4533,549,9,954,3847,3599,3470,373,56,2354,5060,3557,1063,176
2017,2,A,골목상권,2110039,회현역 1번,30261,14680,15581,109,4734,10406,8622,5678,712,39,1576,4586,4226,3792,461,70,3158,5820,4396,1886,251
2017,2,A,골목상권,2110038,경향신문사,47213,26705,20508,102,9044,15658,13705,7855,849,5,2708,8047,8738,6540,667,97,6336,7611,4967,1315,182
2017,2,A,골목상권,2110037,신설동역 12번,5491,2812,2679,27,645,912,1073,1265,1569,9,221,489,563,592,938,18,424,423,510,673,631
2017,2,A,골목상권,2110036,동묘앞역 3번,5261,2929,2332,62,857,935,1055,1056,1296,40,455,563,611,540,720,22,402,372,444,516,576
2017,2,A,골목상권,2110035,동묘앞역 2번,6909,3320,3589,24,798,1280,1516,1582,1709,5,273,594,683,714,1051,19,525,686,833,868,658
2017,2,A,골목상권,2110034,창신1동주민센터,8795,4735,4060,26,1872,2953,2177,1139,628,11,954,1587,1194,599,390,15,918,1366,983,540,238
2017,2,A,골목상권,2110033,창신역 4번,2318,1168,1150,8,220,376,443,494,777,2,76,144,201,220,525,6,144,232,242,274,252
2017,2,A,골목상권,2110032,수족관거리,8123,4260,3863,23,1736,2785,1980,1028,571,10,895,1462,1040,513,340,13,841,1323,940,515,231
2017,2,A,골목상권,2110031,창신역 1번,960,414,546,1,113,229,254,252,111,0,35,81,109,111,78,1,78,148,145,141,33
2017,2,A,골목상권,2110030,동대문역 3번,2956,1207,1749,14,420,761,796,594,371,4,115,289,298,269,232,10,305,472,498,325,139
2017,2,A,골목상권,2110029,동대문역 1번,8544,5163,3381,15,1378,2466,2206,1639,840,4,747,1588,1327,977,520,11,631,878,879,662,320
2017,2,A,골목상권,2110028,이화달팽이길,7823,4229,3594,29,1314,2222,2010,1469,779,7,471,1087,1181,963,520,22,843,1135,829,506,259
2017,2,A,골목상권,2110027,혜화역 1번,14786,5037,9749,23,3599,5269,3153,2107,635,6,828,1569,1277,983,374,17,2771,3700,1876,1124,261
2017,2,A,골목상권,2110026,종로5가역 4번,8925,5590,3335,24,1414,2529,2415,1669,874,8,806,1683,1455,1039,599,16,608,846,960,630,275
2017,2,A,골목상권,2110025,충신시장옆,12009,7114,4895,53,1967,3507,3285,2319,878,8,695,1817,2187,1775,632,45,1272,1690,1098,544,246
2017,2,A,골목상권,2110024,혜회동주민센터,2465,1281,1184,6,377,551,587,534,410,2,108,246,313,307,305,4,269,305,274,227,105
2017,2,A,골목상권,2110023,서울대병원,17129,6703,10426,35,3929,6202,3864,2375,724,5,944,2070,1927,1275,482,30,2985,4132,1937,1100,242
2017,2,A,골목상권,2110022,경신고등학교,4024,2196,1828,4,546,986,1040,888,560,2,173,463,612,556,390,2,373,523,428,332,170
2017,2,A,골목상권,2110021,성균관대학교,13811,4749,9062,6,3257,4915,2924,1987,722,1,750,1438,1156,926,478,5,2507,3477,1768,1061,244
2017,2,A,골목상권,2110020,서울국제고등학교,3216,1689,1527,1,407,800,853,722,433,1,135,338,459,441,315,0,272,462,394,281,118
2017,2,A,골목상권,2110019,창덕궁,26741,21467,5274,38,3487,9320,7323,4953,1620,23,2174,7509,6200,4288,1273,15,1313,1811,1123,665,347
2017,2,A,골목상권,2110018,중앙고등학교,26955,21929,5026,31,3392,9864,7606,4929,1133,19,2145,7907,6561,4376,921,12,1247,1957,1045,553,212
2017,2,A,골목상권,2110017,정독도서관,6994,4307,2687,11,1253,2308,1733,1279,410,2,621,1401,1156,867,260,9,632,907,577,412,150
2017,2,A,골목상권,2110016,평창동동측,975,470,505,0,141,232,235,198,169,0,47,112,138,86,87,0,94,120,97,112,82
2017,2,A,골목상권,2110015,청와대사랑채,6857,4522,2335,3,1486,2334,1454,1243,337,2,825,1521,1036,919,219,1,661,813,418,324,118
2017,2,A,골목상권,2110014,경복고등학교,5286,3520,1766,1,1057,1664,1157,1163,244,1,626,1086,780,859,168,0,431,578,377,304,76
2017,2,A,골목상권,2110013,체부동홍종문가옥,7920,3609,4311,12,1240,1737,1521,1803,1607,7,606,974,807,570,645,5,634,763,714,1233,962
2017,2,A,골목상권,2110012,성곡미술관,54019,32495,21524,91,8080,15921,14378,9417,6132,29,3160,9552,10214,6056,3484,62,4920,6369,4164,3361,2648
2017,2,A,골목상권,2110011,청운초등학교,1073,403,670,1,148,297,283,253,91,1,42,94,110,105,51,0,106,203,173,148,40
2017,2,A,골목상권,2110010,평창동서측,1467,678,789,2,187,323,335,377,243,2,65,155,166,155,135,0,122,168,169,222,108
2017,2,A,골목상권,2110009,자하문터널,1666,904,762,0,364,539,422,219,122,0,106,284,296,134,84,0,258,255,126,85,38
2017,2,A,골목상권,2110008,배화여자대학교(박노수미술관),8821,4298,4523,14,1295,1783,1669,2344,1716,7,642,994,871,1042,742,7,653,789,798,1302,974
2017,2,A,골목상권,2110007,사직공원(한국사회과학도서관),3824,2036,1788,3,424,1058,1080,759,500,1,125,474,566,452,418,2,299,584,514,307,82
2017,2,A,골목상권,2110006,부암동주민센터,480,181,299,0,89,143,100,93,55,0,23,46,41,37,34,0,66,97,59,56,21
2017,2,A,골목상권,2110005,세검정,2290,1048,1242,1,393,516,597,517,266,1,128,217,316,246,140,0,265,299,281,271,126
2017,2,A,골목상권,2110004,대신고등학교,844,394,450,0,93,153,204,239,155,0,19,53,104,111,107,0,74,100,100,128,48
2017,2,A,골목상권,2110003,세검정초등학교,2239,1060,1179,1,351,503,600,519,265,1,116,219,311,264,149,0,235,284,289,255,116
2017,2,A,골목상권,2110002,독립문역 1번,925,293,632,0,172,219,245,191,98,0,27,50,81,67,68,0,145,169,164,124,30
2017,2,A,골목상권,2110001,이북5도청사,661,345,316,0,36,147,184,189,105,0,8,71,98,101,67,0,28,76,86,88,38
2017,1,A,골목상권,2111090,강일동주민센터,1648,1083,565,3,143,277,426,529,270,2,43,154,270,391,223,1,100,123,156,138,47
2017,1,A,골목상권,2111089,상일여고(상일초등학교),11816,9431,2385,8,2065,4951,2771,1595,426,8,1374,4083,2304,1327,335,0,691,868,467,268,91
2017,1,A,골목상권,2111088,고덕동성당,571,269,302,0,48,90,149,164,120,0,21,47,62,78,61,0,27,43,87,86,59
2017,1,A,골목상권,2111087,고덕중학교(고덕2동주민센터),637,272,365,0,46,115,146,250,80,0,12,39,53,123,45,0,34,76,93,127,35
2017,1,A,골목상권,2111086,한영중고,1112,463,649,0,121,237,297,351,106,0,33,77,120,170,63,0,88,160,177,181,43
2017,1,A,골목상권,2111085,묘곡초등학교(고덕아이파크아파트),929,423,506,0,93,155,204,278,199,0,27,53,85,148,110,0,66,102,119,130,89
2017,1,A,골목상권,2111084,길동신동아아파트,901,450,451,0,122,238,237,203,101,0,48,119,106,106,71,0,74,119,131,97,30
2017,1,A,골목상권,2111083,GS강동자이아파트,2419,1351,1068,3,278,591,658,543,346,1,124,343,348,294,241,2,154,248,310,249,105
2017,1,A,골목상권,2111082,중앙보훈병원,3087,1240,1847,7,622,855,765,631,207,3,130,328,332,328,119,4,492,527,433,303,88
2017,1,A,골목상권,2111081,둔촌푸르지오아파트,1456,894,562,3,153,329,397,336,238,1,75,229,237,197,155,2,78,100,160,139,83
2017,1,A,골목상권,2111080,굽은다리역 3번,3433,1352,2081,12,414,612,811,929,655,6,123,266,332,303,322,6,291,346,479,626,333
2017,1,A,골목상권,2111079,둔촌고등학교(둔촌중학교),4902,2401,2501,10,795,1226,1243,1082,546,4,222,578,611,612,374,6,573,648,632,470,172
2017,1,A,골목상권,2111078,굽은다리역 4번,4359,2275,2084,21,497,938,1066,1009,828,10,177,516,553,507,512,11,320,422,513,502,316
2017,1,A,골목상권,2111077,길동주민센터(강동도서관),9391,4958,4433,23,1415,2298,2170,2015,1470,11,586,1288,1184,954,935,12,829,1010,986,1061,535
2017,1,A,골목상권,2111076,둔촌2동주민센터,4618,2565,2053,9,828,1197,1004,970,610,4,324,668,582,563,424,5,504,529,422,407,186
2017,1,A,골목상권,2111075,굽은다리역 2번,3276,1454,1822,15,397,593,727,824,720,7,116,270,315,354,392,8,281,323,412,470,328
2017,1,A,골목상권,2111074,명일역 1번,2025,865,1160,7,238,363,494,568,355,4,71,139,200,240,211,3,167,224,294,328,144
2017,1,A,골목상권,2111073,둔촌동역 1번(한산중학교),7878,4061,3817,21,1342,1924,1801,1817,973,10,558,1020,949,872,652,11,784,904,852,945,321
2017,1,A,골목상권,2111072,굽은다리역 1번(십자성마을),4533,2417,2116,13,487,962,1032,1106,933,4,138,503,563,609,600,9,349,459,469,497,333
2017,1,A,골목상권,2111071,천동초등학교,3687,2206,1481,13,427,842,825,812,768,5,145,473,516,516,551,8,282,369,309,296,217
2017,1,A,골목상권,2111070,천호초등학교,2235,1025,1210,6,224,463,548,584,410,2,59,218,237,286,223,4,165,245,311,298,187
2017,1,A,골목상권,2111069,천호1동주민센터,2527,1030,1497,6,265,588,689,620,359,3,66,266,282,237,176,3,199,322,407,383,183
2017,1,A,골목상권,2111068,강동성심병원,5727,2844,2883,22,1140,1490,1251,1093,731,7,387,727,693,534,496,15,753,763,558,559,235
2017,1,A,골목상권,2111067,강동구립성내도서관,10648,5356,5292,40,1991,2746,2351,2113,1407,17,741,1417,1265,1022,894,23,1250,1329,1086,1091,513
2017,1,A,골목상권,2111066,암사동성당(효정하나플러스아파트),1850,910,940,5,192,415,497,471,270,2,63,193,243,251,158,3,129,222,254,220,112
2017,1,A,골목상권,2111065,천일초등학교,1275,603,672,0,135,262,351,335,192,0,33,114,148,171,137,0,102,148,203,164,55
2017,1,A,골목상권,2111064,둔촌동역 4번,4228,2336,1892,20,527,883,964,1100,734,8,239,495,526,620,448,12,288,388,438,480,286
2017,1,A,골목상권,2111063,강동구립 천호도서관,4985,2629,2356,21,666,1130,1202,1149,817,8,218,603,653,641,506,13,448,527,549,508,311
2017,1,A,골목상권,2111062,둔촌동역 3번(성내3동주민센터),7268,4440,2828,21,1007,2026,1849,1548,817,9,467,1256,1150,971,587,12,540,770,699,577,230
2017,1,A,골목상권,2111061,암사역 1번,4984,2156,2828,19,682,1095,1303,1283,602,7,247,532,565,464,341,12,435,563,738,819,261
2017,1,A,골목상권,2111060,암사역 2번(서울강동초등학교),4781,2241,2540,18,620,1153,1277,1106,607,6,249,565,613,474,334,12,371,588,664,632,273
2017,1,A,골목상권,2111059,강동역 4번(강풀만화거리),10192,5012,5180,49,1782,2546,2419,1998,1398,17,608,1274,1279,977,857,32,1174,1272,1140,1021,541
2017,1,A,골목상권,2111058,성내중학교,3950,2411,1539,10,423,861,1104,1115,437,4,188,521,686,738,274,6,235,340,418,377,163
2017,1,A,골목상권,2111057,천호공원(해공체육문화센터),2852,1374,1478,6,373,615,753,720,385,3,128,321,357,324,241,3,245,294,396,396,144
2017,1,A,골목상권,2111056,천호태영아파트,4619,2318,2301,25,739,1081,1142,936,696,11,299,583,589,436,400,14,440,498,553,500,296
2017,1,A,골목상권,2111055,선사초등학교,2058,732,1326,5,273,390,528,629,233,1,72,165,170,182,142,4,201,225,358,447,91
2017,1,A,골목상권,2111054,암사역 4번(삼성광나루아파트),2916,1084,1832,7,407,578,704,813,407,2,99,246,261,243,233,5,308,332,443,570,174
2017,1,A,골목상권,2111053,성내천어린이공원(하니사랑길),15237,9489,5748,38,1929,4103,4067,3347,1753,23,867,2453,2512,2361,1273,15,1062,1650,1555,986,480
2017,1,A,골목상권,2111052,암사역 3번(천호동자전거거리),3216,1576,1640,14,433,746,842,744,437,4,183,375,439,325,250,10,250,371,403,419,187
2017,1,A,골목상권,2111051,천호역 6번,9819,4563,5256,47,1622,2412,2414,2110,1214,15,574,1056,1104,1069,745,32,1048,1356,1310,1041,469
2017,1,A,골목상권,2111050,강동구청(강동구청역 2번),8562,5027,3535,10,1036,2057,2227,1917,1315,6,439,1088,1261,1286,947,4,597,969,966,631,368
2017,1,A,골목상권,2111049,천호지구대(천호동자전거거리),4462,2326,2136,23,585,863,1039,1033,919,5,217,480,543,478,603,18,368,383,496,555,316
2017,1,A,골목상권,2111048,천호역 1번(천호문구완구거리),3850,1959,1891,32,568,732,862,861,795,7,202,382,447,385,536,25,366,350,415,476,259
2017,1,A,골목상권,2111047,마천1치안센터,1173,603,570,1,100,181,304,347,240,0,23,70,125,213,172,1,77,111,179,134,68
2017,1,A,골목상권,2111046,마천역(마천초등학교),2882,1368,1514,4,317,557,824,762,418,1,110,255,373,370,259,3,207,302,451,392,159
2017,1,A,골목상권,2111045,개미어린이공원,1499,658,841,2,193,252,402,438,212,2,68,118,172,176,122,0,125,134,230,262,90
2017,1,A,골목상권,2111044,남천초등학교,2565,1307,1258,3,232,465,664,745,456,1,85,233,323,368,297,2,147,232,341,377,159
2017,1,A,골목상권,2111043,마천공원,2732,1635,1097,10,315,594,717,759,337,5,165,392,423,407,243,5,150,202,294,352,94
2017,1,A,골목상권,2111042,거여역 1번(거여공원),5765,3117,2648,24,716,1359,1624,1363,679,15,336,853,875,636,402,9,380,506,749,727,277
2017,1,A,골목상권,2111041,거여역 8번,1968,1179,789,13,216,542,552,407,238,9,112,347,330,214,167,4,104,195,222,193,71
2017,1,A,골목상권,2111040,거여초등학교,3022,1890,1132,14,380,804,824,754,246,8,210,556,530,421,165,6,170,248,294,333,81
2017,1,A,골목상권,2111039,벌말어린이공원,4034,2415,1619,13,469,1036,1107,1051,358,6,243,684,691,570,221,7,226,352,416,481,137
2017,1,A,골목상권,2111038,보인중학교,3576,2070,1506,13,454,889,937,923,360,6,221,562,556,496,229,7,233,327,381,427,131
2017,1,A,골목상권,2111037,Sh수협은행 오금동금융센터(아랫말어린이공원),2332,1466,866,4,247,545,670,619,247,3,127,362,434,369,171,1,120,183,236,250,76
2017,1,A,골목상권,2111036,투구봉어린이공원,2584,1472,1112,6,348,647,656,546,381,2,141,372,376,306,275,4,207,275,280,240,106
2017,1,A,골목상권,2111035,오금공원(오주중학교),3238,1982,1256,6,331,717,897,892,395,3,159,455,564,536,265,3,172,262,333,356,130
2017,1,A,골목상권,2111034,오동나무공원(송파레미니스1단지),4380,2700,1680,15,549,1162,1217,1043,394,6,280,762,792,584,276,9,269,400,425,459,118
2017,1,A,골목상권,2111033,문정동성당,4028,2436,1592,11,369,700,980,1002,966,3,181,443,608,570,631,8,188,257,372,432,335
2017,1,A,골목상권,2111032,방이역 1번,10253,6306,3947,24,865,1666,1683,1806,4209,7,350,975,1035,1037,2902,17,515,691,648,769,1307
2017,1,A,골목상권,2111031,장지동주민센터(한림연예예술고교),6647,3994,2653,39,737,1388,1719,1555,1209,13,345,866,1041,899,830,26,392,522,678,656,379
2017,1,A,골목상권,2111030,방이역 2번,7358,4334,3024,16,480,1038,1102,1274,3448,3,190,607,615,672,2247,13,290,431,487,602,1201
2017,1,A,골목상권,2111029,오금역 4번,7169,4274,2895,26,1025,2087,1940,1473,618,10,546,1242,1160,847,469,16,479,845,780,626,149
2017,1,A,골목상권,2111028,문현중학교(장지역 1번),7959,4827,3132,42,1084,2034,2370,1597,832,16,478,1240,1462,1012,619,26,606,794,908,585,213
2017,1,A,골목상권,2111027,문정초등학교,9691,6049,3642,35,1177,2044,2357,2046,2032,14,590,1287,1481,1228,1449,21,587,757,876,818,583
2017,1,A,골목상권,2111026,문정역 2번,6331,3898,2433,36,894,1640,1834,1212,715,13,413,1029,1168,731,544,23,481,611,666,481,171
2017,1,A,골목상권,2111025,경찰병원역 3번,11691,6305,5386,56,1835,3214,2906,2456,1224,23,830,1906,1631,1140,775,33,1005,1308,1275,1316,449
2017,1,A,골목상권,2111024,경찰병원역 4번(건너말공원),19589,11502,8087,85,3151,5114,4997,4019,2223,36,1457,3066,3107,2319,1517,49,1694,2048,1890,1700,706
2017,1,A,골목상권,2111023,문정역 1번,5465,3313,2152,23,769,1356,1478,1045,794,9,340,843,949,593,579,14,429,513,529,452,215
2017,1,A,골목상권,2111022,석촌중학교(방이육교),9017,5599,3418,23,1201,2213,2082,1754,1744,10,611,1445,1359,991,1183,13,590,768,723,763,561
2017,1,A,골목상권,2111021,방이역 4번,10757,6582,4175,42,1463,2615,2573,2085,1979,13,589,1522,1551,1336,1571,29,874,1093,1022,749,408
2017,1,A,골목상권,2111020,방이동고분군(방산고등학교),2326,1288,1038,3,235,523,576,566,423,1,97,301,322,303,264,2,138,222,254,263,159
2017,1,A,골목상권,2111019,한성백제역 3번,14241,8000,6241,60,1862,3451,3548,3426,1894,38,908,2180,1913,1744,1217,22,954,1271,1635,1682,677
2017,1,A,골목상권,2111018,풍납초등학교(풍납백제문화공원),781,431,350,2,68,157,200,223,131,2,32,73,96,128,100,0,36,84,104,95,31
2017,1,A,골목상권,2111017,송파나루역 3번,5305,3317,1988,16,741,1353,1291,1092,812,5,359,857,838,681,577,11,382,496,453,411,235
2017,1,A,골목상권,2111016,송파역 2번,6612,3236,3376,39,1311,1754,1553,1365,590,18,465,936,862,591,364,21,846,818,691,774,226
2017,1,A,골목상권,2111015,석촌역 3번,11017,6358,4659,39,1546,2666,2646,2341,1779,14,655,1597,1586,1351,1155,25,891,1069,1060,990,624
2017,1,A,골목상권,2111014,송파나루역 2번,10390,6551,3839,53,1528,2785,2517,2169,1338,28,810,1842,1698,1262,911,25,718,943,819,907,427
2017,1,A,골목상권,2111013,송파나루역 1번(송리단길),11309,6706,4603,50,1887,2969,2700,2286,1417,18,893,1870,1698,1312,915,32,994,1099,1002,974,502
2017,1,A,골목상권,2111012,석촌역 6번,6436,3518,2918,27,964,1436,1553,1304,1152,9,324,788,920,748,729,18,640,648,633,556,423
2017,1,A,골목상권,2111011,잠실나루역,1112,510,602,1,120,257,337,246,151,0,25,109,135,122,119,1,95,148,202,124,32
2017,1,A,골목상권,2111010,석촌역 7번,9446,5623,3823,70,1801,2243,2108,1661,1563,25,747,1374,1281,956,1240,45,1054,869,827,705,323
2017,1,A,골목상권,2111009,송파책박물관,2101,1228,873,15,354,491,599,414,228,9,133,273,385,274,154,6,221,218,214,140,74
2017,1,A,골목상권,2111008,석촌고분역 3번,5052,3029,2023,26,768,1208,1355,1081,614,17,317,722,893,652,428,9,451,486,462,429,186
2017,1,A,골목상권,2111007,석촌고분역 4번,5115,2964,2151,26,687,1270,1331,1145,656,18,320,835,799,561,431,8,367,435,532,584,225
2017,1,A,골목상권,2111006,석촌고분역 1번,9398,5275,4123,59,1516,2083,2156,1823,1761,25,589,1226,1172,910,1353,34,927,857,984,913,408
2017,1,A,골목상권,2111005,삼전역 3번,5272,3141,2131,22,678,1130,1214,1203,1025,11,291,753,715,667,704,11,387,377,499,536,321
2017,1,A,골목상권,2111004,삼전역 1번,12719,7614,5105,63,1814,2905,3006,2760,2171,38,792,1759,1863,1722,1440,25,1022,1146,1143,1038,731
2017,1,A,골목상권,2111003,삼전역 4번,7361,4333,3028,48,888,1454,1617,1632,1722,31,388,886,952,945,1131,17,500,568,665,687,591
2017,1,A,골목상권,2111002,한국교통안전공단 강남자동차검사소,911,594,317,0,56,172,265,228,190,0,24,110,167,154,139,0,32,62,98,74,51
2017,1,A,골목상권,2111001,아래방죽마을공원(율현초등학교),716,397,319,0,78,152,175,191,120,0,27,58,77,133,102,0,51,94,98,58,18
2017,1,A,골목상권,2111000,대왕초등학교(세곡동사거리서남측),791,264,527,4,168,175,174,173,97,4,51,52,50,51,56,0,117,123,124,122,41
2017,1,A,골목상권,2110999,윗방죽마을공원,1585,918,667,6,207,362,361,401,248,3,76,176,168,276,219,3,131,186,193,125,29
2017,1,A,골목상권,2110998,은곡마을(은곡마을공원),1173,638,535,6,160,295,265,280,167,3,52,154,113,168,148,3,108,141,152,112,19
2017,1,A,골목상권,2110997,대청초등학교,9998,3685,6313,23,2491,3502,1980,1246,756,5,532,1157,889,677,425,18,1959,2345,1091,569,331
2017,1,A,골목상권,2110996,대치2동주민센터,12183,6705,5478,49,2060,3765,3257,1945,1107,27,773,2213,1960,1035,697,22,1287,1552,1297,910,410
2017,1,A,골목상권,2110995,봉은사역 4번,28151,18667,9484,91,5842,7589,5498,5090,4041,36,3266,5590,4152,2989,2634,55,2576,1999,1346,2101,1407
2017,1,A,골목상권,2110994,개포고등학교,2311,1338,973,15,269,502,516,565,444,8,119,285,288,332,306,7,150,217,228,233,138
2017,1,A,골목상권,2110993,개포지하차도 북측,283,125,158,1,35,66,77,68,36,0,10,16,40,36,23,1,25,50,37,32,13
2017,1,A,골목상권,2110992,도곡초등학교,9196,4483,4713,101,2021,2702,2136,1382,854,32,605,1337,1187,753,569,69,1416,1365,949,629,285
2017,1,A,골목상권,2110991,삼성중앙역 5번,37204,19419,17785,263,10605,12592,8553,3931,1260,96,3447,6804,5853,2452,767,167,7158,5788,2700,1479,493
2017,1,A,골목상권,2110990,청담역 12번,10926,6937,3989,49,1895,3609,2734,1459,1180,11,695,2333,2118,995,785,38,1200,1276,616,464,395
2017,1,A,골목상권,2110989,대치동아우편취급국,25942,15253,10689,243,5659,9542,6641,2672,1185,28,2421,5929,4296,1784,795,215,3238,3613,2345,888,390
2017,1,A,골목상권,2110988,청담역 3번,10909,6867,4042,65,1859,3455,2783,1601,1146,19,716,2158,2117,1106,751,46,1143,1297,666,495,395
2017,1,A,골목상권,2110987,영동대교남단,10268,5925,4343,76,2491,3739,2240,1168,554,16,937,2312,1537,729,394,60,1554,1427,703,439,160
2017,1,A,골목상권,2110986,삼성중앙역 7번,15216,8371,6845,79,3788,5331,3395,1816,807,25,1539,3382,2124,817,484,54,2249,1949,1271,999,323
2017,1,A,골목상권,2110985,청담근린공원,12356,6996,5360,73,2982,4561,2713,1370,657,13,1073,2785,1822,846,457,60,1909,1776,891,524,200
2017,1,A,골목상권,2110984,포이초등학교(개포목련어린이공원),10452,6705,3747,53,1343,2904,2883,2142,1127,32,647,1923,1833,1465,805,21,696,981,1050,677,322
2017,1,A,골목상권,2110983,국립국악고등학교,5999,3776,2223,31,766,1500,1615,1197,890,14,322,978,1046,751,665,17,444,522,569,446,225
2017,1,A,골목상권,2110982,강남구보훈회관,7358,3619,3739,36,1092,2716,1646,1208,660,15,380,1101,848,818,457,21,712,1615,798,390,203
2017,1,A,골목상권,2110981,국악고교사거리,23262,13168,10094,147,3409,6236,6560,4609,2301,43,1478,3939,3698,2474,1536,104,1931,2297,2862,2135,765
2017,1,A,골목상권,2110980,개포지구대옆,20113,11374,8739,121,3111,5278,5013,3639,2951,27,1396,3455,2985,1972,1539,94,1715,1823,2028,1667,1412
2017,1,A,골목상권,2110979,청담초등학교,15190,5066,10124,88,5670,5656,2560,824,392,9,1352,2107,977,374,247,79,4318,3549,1583,450,145
2017,1,A,골목상권,2110978,도곡2동주민센터(대치중학교),8184,4465,3719,40,1501,1827,1579,1291,1946,18,604,1118,1063,770,892,22,897,709,516,521,1054
2017,1,A,골목상권,2110977,논현로18길,19009,10676,8333,128,2970,5177,5351,3694,1689,35,1250,3227,3078,1966,1120,93,1720,1950,2273,1728,569
2017,1,A,골목상권,2110976,언북초등학교,14926,5308,9618,120,5179,5240,2761,1030,596,24,1212,2010,1144,534,384,96,3967,3230,1617,496,212
2017,1,A,골목상권,2110975,매봉역 1번,5430,3336,2094,37,1275,1553,1325,752,488,19,495,991,927,534,370,18,780,562,398,218,118
2017,1,A,골목상권,2110974,언주중학교,9937,4866,5071,84,2562,3360,2178,1185,568,24,855,1732,1257,602,396,60,1707,1628,921,583,172
2017,1,A,골목상권,2110973,강남구청역 4번,16043,7914,8129,75,2867,4838,3917,3036,1310,23,935,2432,2115,1585,824,52,1932,2406,1802,1451,486
2017,1,A,골목상권,2110972,강남세브란스병원미래의학연구센터,17845,9722,8123,179,4764,5453,3959,2194,1296,78,1798,3105,2454,1357,930,101,2966,2348,1505,837,366
2017,1,A,골목상권,2110971,선정릉역 4번,60094,30688,29406,394,16879,17623,12487,7832,4879,179,6087,10380,7273,3958,2811,215,10792,7243,5214,3874,2068
2017,1,A,골목상권,2110970,학동초등학교,14898,7692,7206,110,3826,5175,3512,1569,706,35,1342,2876,2094,868,477,75,2484,2299,1418,701,229
2017,1,A,골목상권,2110969,베르사이유1아파트,66049,40573,25476,475,15396,21737,16827,8771,2843,273,7251,14256,11540,5378,1875,202,8145,7481,5287,3393,968
2017,1,A,골목상권,2110968,강남구청역 2번,21717,11678,10039,105,4575,6908,5126,3422,1581,25,1646,3846,3234,1852,1075,80,2929,3062,1892,1570,506
2017,1,A,골목상권,2110967,역삼역 8번,50723,32744,17979,267,10178,15750,13327,8035,3166,192,5399,10989,9361,4848,1955,75,4779,4761,3966,3187,1211
2017,1,A,골목상권,2110966,논현2동주민센터,36599,20873,15726,148,7425,11774,8540,5811,2901,48,2649,6623,5796,3825,1932,100,4776,5151,2744,1986,969
2017,1,A,골목상권,2110965,언주역 6번,22266,12795,9471,97,4621,6639,4952,3243,2714,39,1773,4223,3351,1790,1619,58,2848,2416,1601,1453,1095
2017,1,A,골목상권,2110964,싸리고개근린공원,14706,4987,9719,148,2758,3389,5500,2293,618,65,1055,1519,1232,668,448,83,1703,1870,4268,1625,170
2017,1,A,골목상권,2110963,역삼월드메르디앙아파트,27037,12213,14824,206,5174,7349,8493,3933,1882,90,1887,3804,3304,1802,1326,116,3287,3545,5189,2131,556
2017,1,A,골목상권,2110962,도산공원북측,10197,4720,5477,101,3103,3672,1800,991,530,15,1117,1966,1006,385,231,86,1986,1706,794,606,299
2017,1,A,골목상권,2110961,언주역 3번,25060,13286,11774,115,6669,7886,5037,2652,2701,48,2286,4381,3205,1547,1819,67,4383,3505,1832,1105,882
2017,1,A,골목상권,2110960,은광여고,21844,12952,8892,144,4032,6150,5166,3885,2467,65,1742,3643,3403,2435,1664,79,2290,2507,1763,1450,803
2017,1,A,골목상권,2110959,신구중학교,13302,6052,7250,256,3937,3899,2238,1725,1247,83,1465,2011,1277,683,533,173,2472,1888,961,1042,714
2017,1,A,골목상권,2110958,역삼역 4번,61062,38084,22978,284,13174,20767,16078,8358,2401,163,6031,13683,11291,5250,1666,121,7143,7084,4787,3108,735
2017,1,A,골목상권,2110957,언북중학교,35544,19782,15762,180,8608,12215,8039,3981,2521,50,2917,6779,5392,2809,1835,130,5691,5436,2647,1172,686
2017,1,A,골목상권,2110956,언주역 8번,18848,10529,8319,179,4758,5756,4233,2480,1442,78,1817,3382,2820,1403,1029,101,2941,2374,1413,1077,413
2017,1,A,골목상권,2110955,논현초등학교,22922,13056,9866,159,5727,7106,5013,2788,2129,77,2246,4270,3342,1660,1461,82,3481,2836,1671,1128,668
2017,1,A,골목상권,2110954,국기원,27420,13725,13695,216,8251,9425,5613,2583,1332,93,2556,4880,3668,1625,903,123,5695,4545,1945,958,429
2017,1,A,골목상권,2110953,학동근린공원,26190,13823,12367,130,7227,9266,5628,2387,1552,33,2290,5208,3620,1562,1110,97,4937,4058,2008,825,442
2017,1,A,골목상권,2110952,논현목련공원,9117,5375,3742,33,1891,3145,2253,1041,754,21,757,1925,1474,661,537,12,1134,1220,779,380,217
2017,1,A,골목상권,2110951,신사은행나무공원,16219,7940,8279,111,4876,5349,3253,1526,1104,30,1470,2763,1972,934,771,81,3406,2586,1281,592,333
2017,1,A,골목상권,2110950,논현역 7번,22879,12346,10533,96,5931,8003,5291,2296,1262,25,1969,4659,3411,1397,885,71,3962,3344,1880,899,377
2017,1,A,골목상권,2110949,한남IC,10855,5470,5385,76,3029,3788,2309,1059,594,29,1028,2045,1419,563,386,47,2001,1743,890,496,208
2017,1,A,골목상권,2110948,헌인가구단지,293,159,134,0,30,86,91,72,14,0,6,51,56,35,11,0,24,35,35,37,3
2017,1,A,골목상권,2110947,청계산입구역 2번(내곡동주민센터),635,342,293,2,91,169,187,125,61,1,30,100,112,59,40,1,61,69,75,66,21
2017,1,A,골목상권,2110946,청계산원터골,574,316,258,2,83,151,166,115,57,1,29,92,102,55,37,1,54,59,64,60,20
2017,1,A,골목상권,2110945,본마을노인복지센터(서초구립내곡도서관),346,181,165,0,24,88,114,82,38,0,6,49,65,43,18,0,18,39,49,39,20
2017,1,A,골목상권,2110944,서울나래학교(염곡어린이공원),85314,79079,6235,18,7889,19420,27384,29666,937,16,6591,17361,25380,28860,871,2,1298,2059,2004,806,66
2017,1,A,골목상권,2110943,법제교육센터(버들어린이공원),13096,7224,5872,73,1753,3318,3706,2666,1580,44,726,2043,2031,1364,1016,29,1027,1275,1675,1302,564
2017,1,A,골목상권,2110942,염곡동 구룡사(포이동성당),99605,87544,12061,77,9757,23243,31141,32564,2823,45,7469,19788,27697,30438,2107,32,2288,3455,3444,2126,716
2017,1,A,골목상권,2110941,언남고등학교,6460,4109,2351,36,1088,1955,1757,1048,576,17,514,1304,1180,670,424,19,574,651,577,378,152
2017,1,A,골목상권,2110940,양재근린공원(양재2동주민센터),11089,6736,4353,463,3016,2830,2400,1510,870,214,1455,1775,1626,969,697,249,1561,1055,774,541,173
2017,1,A,골목상권,2110939,양재역 8번(양재동우체국),33474,19183,14291,175,6358,9791,8037,5225,3888,65,2756,5942,4804,3079,2537,110,3602,3849,3233,2146,1351
2017,1,A,골목상권,2110938,바우뫼공원,12736,7872,4864,498,3599,3667,2531,1503,938,238,1797,2434,1849,936,618,260,1802,1233,682,567,320
2017,1,A,골목상권,2110937,방아다리근린공원(횃불트리니티신학대학원대학교),13304,8563,4741,64,2369,4269,3151,2094,1357,14,1156,2784,2269,1422,918,50,1213,1485,882,672,439
2017,1,A,골목상권,2110936,더케이호텔(양재리본타워2단지아파트),8340,5373,2967,500,2936,2345,1499,793,267,233,1583,1616,1162,577,202,267,1353,729,337,216,65
2017,1,A,골목상권,2110935,한전아트센터,9449,6336,3113,59,1788,2976,2426,1389,811,21,912,2000,1834,974,595,38,876,976,592,415,216
2017,1,A,골목상권,2110934,우면주공아파트,5620,3645,1975,4,748,1249,1327,1628,664,3,295,705,951,1202,489,1,453,544,376,426,175
2017,1,A,골목상권,2110933,한국상담대학원대학교,6164,4228,1936,30,1059,2095,1563,844,573,17,498,1449,1207,595,462,13,561,646,356,249,111
2017,1,A,골목상권,2110932,서울시인재개발원,16700,8528,8172,136,4607,4450,3699,2713,1095,55,2004,2879,1918,980,692,81,2603,1571,1781,1733,403
2017,1,A,골목상권,2110931,삼성전자서울R&D(서울우면초등학교),1620,788,832,0,311,468,460,333,48,0,71,162,284,233,38,0,240,306,176,100,10
2017,1,A,골목상권,2110930,서초동성당,16029,9571,6458,64,3471,5227,4263,2073,931,37,1702,3241,2543,1346,702,27,1769,1986,1720,727,229
2017,1,A,골목상권,2110929,남부터미널역 1번,23801,14113,9688,121,5174,7363,5854,3221,2068,49,2011,4429,3971,2090,1563,72,3163,2934,1883,1131,505
2017,1,A,골목상권,2110928,서초우방유쉘아파트,24089,13887,10202,155,5059,7084,5965,3824,2002,59,2145,4423,3660,2211,1389,96,2914,2661,2305,1613,613
2017,1,A,골목상권,2110927,잠원역,939,454,485,2,129,194,179,204,231,0,33,72,65,94,190,2,96,122,114,110,41
2017,1,A,골목상권,2110926,신중초등학교,13816,9006,4810,87,2564,4650,3618,1826,1071,41,1106,3225,2718,1193,723,46,1458,1425,900,633,348
2017,1,A,골목상권,2110925,서초중학교,10556,6650,3906,75,2228,3283,2305,1461,1204,26,1006,2169,1623,974,852,49,1222,1114,682,487,352
2017,1,A,골목상권,2110924,반포4동주민센터(몽마르뜨공원),23380,9086,14294,44,6325,7938,5744,2695,634,14,1257,3106,2808,1519,382,30,5068,4832,2936,1176,252
2017,1,A,골목상권,2110923,방배역 1번,5075,2940,2135,50,1066,1259,1006,834,860,8,390,771,657,468,646,42,676,488,349,366,214
2017,1,A,골목상권,2110922,내방역 1번,10743,5839,4904,49,2586,3443,2566,1379,720,10,1002,2088,1523,721,495,39,1584,1355,1043,658,225
2017,1,A,골목상권,2110921,서울프랑스학교,5186,3131,2055,30,1107,1599,1308,781,361,10,486,1005,898,526,206,20,621,594,410,255,155
2017,1,A,골목상권,2110920,방배역 2번(백석예술대학교),6151,3628,2523,57,1321,1577,1234,981,981,11,529,994,823,576,695,46,792,583,411,405,286
2017,1,A,골목상권,2110919,내방역 8번,7627,3938,3689,37,1813,2328,1802,1098,549,3,536,1261,1115,634,389,34,1277,1067,687,464,160
2017,1,A,골목상권,2110918,방배역 3번,8888,5454,3434,26,1849,2571,2037,1273,1132,11,845,1691,1349,762,796,15,1004,880,688,511,336
2017,1,A,골목상권,2110917,서초소방서,2889,1884,1005,4,450,906,794,522,213,2,190,591,581,377,143,2,260,315,213,145,70
2017,1,A,골목상권,2110916,내방역 4번,14299,7657,6642,61,2997,4348,3752,1992,1149,16,1333,2551,1952,965,840,45,1664,1797,1800,1027,309
2017,1,A,골목상권,2110915,서래초등학교,3674,2251,1423,11,564,1020,997,599,483,3,227,636,647,392,346,8,337,384,350,207,137
2017,1,A,골목상권,2110914,내방역 6번,8664,4360,4304,39,1574,2430,2360,1493,768,9,625,1310,1134,726,556,30,949,1120,1226,767,212
2017,1,A,골목상권,2110913,방현초등학교(방배119안전센터),19124,13908,5216,99,2435,3550,5819,6180,1041,70,1389,2464,4454,4833,698,29,1046,1086,1365,1347,343
2017,1,A,골목상권,2110912,방배동사이길,3057,1742,1315,12,450,718,747,571,559,1,153,389,434,360,405,11,297,329,313,211,154
2017,1,A,골목상권,2110911,방배배수지체육공원,17687,12788,4899,90,2185,3337,5491,5790,794,64,1170,2208,4199,4592,555,26,1015,1129,1292,1198,239
2017,1,A,골목상권,2110910,내방역 5번,10096,5321,4775,44,1685,2663,2754,1834,1116,12,671,1407,1368,1021,842,32,1014,1256,1386,813,274
2017,1,A,골목상권,2110909,남태령역(서울전자고등학교),2392,1687,705,2,348,691,656,527,168,0,138,439,510,467,133,2,210,252,146,60,35
2017,1,A,골목상권,2110908,구반포역,2226,1371,855,6,357,599,519,362,383,5,208,393,333,227,205,1,149,206,186,135,178
2017,1,A,골목상권,2110907,방배초등학교,10864,5751,5113,49,1870,2708,2923,1977,1337,18,727,1456,1444,1105,1001,31,1143,1252,1479,872,336
2017,1,A,골목상권,2110906,서문여고,5279,2674,2605,27,849,1122,1253,1289,739,9,304,647,646,583,485,18,545,475,607,706,254
2017,1,A,골목상권,2110905,방배노인종합복지관(이수중학교),4499,2892,1607,13,646,1148,1136,937,619,3,300,753,816,617,403,10,346,395,320,320,216
2017,1,A,골목상권,2110904,이수역 5번,6672,3761,2911,29,1262,1749,1639,1133,860,10,461,993,992,679,626,19,801,756,647,454,234
2017,1,A,골목상권,2110903,방배아이파크아파트,6028,3187,2841,23,831,1506,1485,1439,744,8,294,947,824,635,479,15,537,559,661,804,265
2017,1,A,골목상권,2110902,사당역 4번,6365,3280,3085,32,1505,1586,1570,1141,531,13,572,885,894,563,353,19,933,701,676,578,178
2017,1,A,골목상권,2110901,인헌고등학교(인헌중학교),1740,742,998,2,227,392,492,447,180,1,60,179,203,201,98,1,167,213,289,246,82
2017,1,A,골목상권,2110900,낙성대역 1번(관악구민 종합체육센터),4283,2364,1919,19,614,989,938,930,793,15,203,527,483,536,600,4,411,462,455,394,193
2017,1,A,골목상권,2110899,낙성대역 5번(관악중학교),3930,2270,1660,29,657,1077,905,686,576,18,251,673,554,369,405,11,406,404,351,317,171
2017,1,A,골목상권,2110898,청림동주민센터(상도중학교),1125,488,637,8,154,277,325,226,135,3,48,129,118,84,106,5,106,148,207,142,29
2017,1,A,골목상권,2110897,서울대입구역 8번,5273,2605,2668,26,999,1286,1358,1010,594,10,368,692,720,466,349,16,631,594,638,544,245
2017,1,A,골목상권,2110896,관악우성아파트,1778,876,902,10,257,442,467,378,224,6,106,247,240,161,116,4,151,195,227,217,108
2017,1,A,골목상권,2110895,샤로수길,10710,6098,4612,40,1652,2568,2561,2472,1417,19,672,1409,1452,1543,1003,21,980,1159,1109,929,414
2017,1,A,골목상권,2110894,관악동부센트레빌아파트(은천로35라길),1269,628,641,8,162,324,372,258,145,4,66,162,181,129,86,4,96,162,191,129,59
2017,1,A,골목상권,2110893,관악소방서(문영여고),1994,1462,532,1,324,607,493,455,114,0,202,440,376,356,88,1,122,167,117,99,26
2017,1,A,골목상권,2110892,관악구 중앙길,6026,2681,3345,18,1001,1358,1565,1177,907,4,317,622,749,494,495,14,684,736,816,683,412
2017,1,A,골목상권,2110891,구암초등학교,1308,408,900,6,172,276,357,330,167,1,44,93,99,96,75,5,128,183,258,234,92
2017,1,A,골목상권,2110890,봉천역 1번(관악초등학교),2328,1251,1077,6,314,509,635,471,393,1,111,275,354,245,265,5,203,234,281,226,128
2017,1,A,골목상권,2110889,봉천역 6번,2712,1037,1675,7,386,570,676,613,460,0,83,230,291,214,219,7,303,340,385,399,241
2017,1,A,골목상권,2110888,청룡동주민센터,1504,773,731,5,151,333,395,378,242,3,59,165,198,197,151,2,92,168,197,181,91
2017,1,A,골목상권,2110887,서울산업정보학교(서울삼성초등학교),1573,900,673,4,160,334,428,475,172,1,52,167,248,301,131,3,108,167,180,174,41
2017,1,A,골목상권,2110886,관악해태어린이공원,1725,975,750,6,200,348,490,494,187,3,65,193,281,303,130,3,135,155,209,191,57
2017,1,A,골목상권,2110885,영락고등학교,1398,723,675,5,137,253,348,415,240,4,48,132,175,213,151,1,89,121,173,202,89
2017,1,A,골목상권,2110884,봉천역 4번(봉천110안전센터),3883,1781,2102,6,539,797,941,988,612,3,166,377,421,462,352,3,373,420,520,526,260
2017,1,A,골목상권,2110883,은천초등학교(은천교앞),2995,1500,1495,7,387,606,774,787,434,3,142,315,368,397,275,4,245,291,406,390,159
2017,1,A,골목상권,2110882,신성초등학교,2686,1633,1053,9,278,462,706,754,477,4,97,268,432,476,356,5,181,194,274,278,121
2017,1,A,골목상권,2110881,구립대학경로당(관악산샘말공원),3071,1673,1398,7,387,669,766,796,446,2,124,333,413,472,329,5,263,336,353,324,117
2017,1,A,골목상권,2110880,신림역 1번,2818,1220,1598,6,620,639,676,545,332,2,190,288,320,224,196,4,430,351,356,321,136
2017,1,A,골목상권,2110879,신림현대아파트,1676,934,742,5,204,259,393,463,352,3,63,132,216,258,262,2,141,127,177,205,90
2017,1,A,골목상권,2110878,미림여고,603,275,328,0,95,178,110,133,87,0,24,90,43,59,59,0,71,88,67,74,28
2017,1,A,골목상권,2110877,신림역 8번,5037,2340,2697,12,899,1114,1260,1012,740,3,295,539,605,464,434,9,604,575,655,548,306
2017,1,A,골목상권,2110876,서원동주민센터(신관중학교),2840,1350,1490,17,424,513,588,619,679,5,173,245,257,276,394,12,251,268,331,343,285
2017,1,A,골목상권,2110875,보라매동주민센터(당곡고등학교),1935,988,947,6,238,403,521,437,330,1,99,205,243,217,223,5,139,198,278,220,107
2017,1,A,골목상권,2110874,원신초등학교(구세군관악영문교회),1711,875,836,8,234,374,381,417,297,5,53,164,181,235,237,3,181,210,200,182,60
2017,1,A,골목상권,2110873,당곡중학교,9533,4524,5009,31,1664,3327,2813,1168,530,7,475,1492,1451,744,355,24,1189,1835,1362,424,175
2017,1,A,골목상권,2110872,신림초등학교,723,250,473,1,110,152,182,165,113,0,33,54,73,49,41,1,77,98,109,116,72
2017,1,A,골목상권,2110871,신원동주민센터,3315,1504,1811,26,525,618,646,725,775,10,220,297,287,295,395,16,305,321,359,430,380
2017,1,A,골목상권,2110870,신림주공2단지(광신고등학교),367,165,202,5,48,69,87,112,46,3,8,28,34,68,24,2,40,41,53,44,22
2017,1,A,골목상권,2110869,"신림역 5번(신림동주민센터, 신림동별빛거리)",8729,4310,4419,32,1347,2399,2499,1416,1036,10,476,1111,1286,766,661,22,871,1288,1213,650,375
2017,1,A,골목상권,2110868,남부초등학교,4010,1879,2131,29,542,732,865,1007,835,11,236,374,380,447,431,18,306,358,485,560,404
2017,1,A,골목상권,2110867,국제신학대학원대학교(남서울중학교),3903,1860,2043,21,479,722,848,988,845,9,202,351,389,467,442,12,277,371,459,521,403
2017,1,A,골목상권,2110866,난우중학교,1226,472,754,0,170,290,338,308,120,0,34,105,119,147,67,0,136,185,219,161,53
2017,1,A,골목상권,2110865,남강고등학교(남강중학교),1630,648,982,3,212,326,454,410,225,0,51,132,177,179,109,3,161,194,277,231,116
2017,1,A,골목상권,2110864,신림우방아파트,1512,826,686,7,191,287,415,382,230,5,89,162,205,205,160,2,102,125,210,177,70
2017,1,A,골목상권,2110863,난우초등학교,1836,782,1054,4,252,369,481,466,264,0,72,147,218,213,132,4,180,222,263,253,132
2017,1,A,골목상권,2110862,난곡초등학교(난곡동벽화마을),1246,491,755,2,195,254,346,281,168,0,45,99,131,121,95,2,150,155,215,160,73
2017,1,A,골목상권,2110861,관악구신사동주민센터,4073,2131,1942,10,424,763,1059,1066,751,8,155,412,504,561,491,2,269,351,555,505,260
2017,1,A,골목상권,2110860,호림박물관(성보고등학교),2930,1514,1416,5,302,527,754,797,545,2,100,251,371,433,357,3,202,276,383,364,188
2017,1,A,골목상권,2110859,난향초등학교,1023,347,676,0,75,164,197,325,262,0,11,47,70,101,118,0,64,117,127,224,144
2017,1,A,골목상권,2110858,신대방역 1번,2616,1864,752,22,478,746,643,455,272,21,329,604,448,274,188,1,149,142,195,181,84
2017,1,A,골목상권,2110857,미성동주민센터,1939,787,1152,5,239,399,510,502,284,0,75,136,213,211,152,5,164,263,297,291,132
2017,1,A,골목상권,2110856,미성초등학교,5111,3382,1729,14,434,782,1007,1031,1843,8,188,411,563,625,1587,6,246,371,444,406,256
2017,1,A,골목상권,2110855,신대방역 2번,7543,5214,2329,32,842,1401,1507,1497,2264,29,488,984,955,906,1852,3,354,417,552,591,412
2017,1,A,골목상권,2110854,조원동주민센터,4311,3041,1270,9,405,660,857,812,1568,7,196,414,496,518,1410,2,209,246,361,294,158
2017,1,A,골목상권,2110853,KT구로지사,4889,2599,2290,16,697,1128,1205,1099,744,6,269,621,633,562,508,10,428,507,572,537,236
2017,1,A,골목상권,2110852,이수역 9번,5077,2984,2093,24,818,1379,1451,921,484,8,326,792,921,576,361,16,492,587,530,345,123
2017,1,A,골목상권,2110851,경문고등학교(동작동성당),3778,1576,2202,24,516,864,969,1061,344,9,178,484,410,321,174,15,338,380,559,740,170
2017,1,A,골목상권,2110850,사당역 10번,10793,5722,5071,64,2102,2486,2653,2178,1310,27,775,1360,1562,1159,839,37,1327,1126,1091,1019,471
2017,1,A,골목상권,2110849,이수역 10번,5241,2474,2767,37,821,1148,1246,1125,864,13,251,537,637,525,511,24,570,611,609,600,353
2017,1,A,골목상권,2110848,양지어린이공원,4343,2292,2051,17,478,885,1133,882,948,8,178,436,615,435,620,9,300,449,518,447,328
2017,1,A,골목상권,2110847,예술인마을,2863,1408,1455,6,531,774,736,584,232,2,195,422,385,244,160,4,336,352,351,340,72
2017,1,A,골목상권,2110846,남성역 1번,3590,1839,1751,9,402,633,821,828,897,4,188,296,366,405,580,5,214,337,455,423,317
2017,1,A,골목상권,2110845,사당종합체육관,659,370,289,0,84,124,166,181,104,0,22,63,95,115,75,0,62,61,71,66,29
2017,1,A,골목상권,2110844,흑석2치안센터,578,291,287,1,71,121,149,131,105,1,36,66,69,59,60,0,35,55,80,72,45
2017,1,A,골목상권,2110843,사당5동주민센터,1389,693,696,4,259,307,348,335,136,1,125,130,148,188,101,3,134,177,200,147,35
2017,1,A,골목상권,2110842,흑리단길,2681,856,1825,12,699,880,605,338,147,4,141,260,216,140,95,8,558,620,389,198,52
2017,1,A,골목상권,2110841,중대부중,4758,2204,2554,10,952,1343,1233,896,324,3,224,499,666,578,234,7,728,844,567,318,90
2017,1,A,골목상권,2110840,중앙대학교,4900,2263,2637,13,1018,1379,1234,916,340,4,245,529,667,572,246,9,773,850,567,344,94
2017,1,A,골목상권,2110839,숭실대입구역 4번,2499,1241,1258,8,323,671,721,551,225,3,102,295,371,309,161,5,221,376,350,242,64
2017,1,A,골목상권,2110838,상도1동주민센터앞,2294,1179,1115,7,283,613,687,499,205,4,81,280,376,304,134,3,202,333,311,195,71
2017,1,A,골목상권,2110837,숭실대입구역 1번,3382,1607,1775,8,416,882,996,739,341,4,126,380,490,394,213,4,290,502,506,345,128
2017,1,A,골목상권,2110836,상도역 5번,4351,2375,1976,13,631,999,1228,1017,463,8,202,493,728,627,317,5,429,506,500,390,146
2017,1,A,골목상권,2110835,상도역 1번,1741,771,970,12,289,416,446,368,210,7,97,186,214,155,112,5,192,230,232,213,98
2017,1,A,골목상권,2110834,동작구자원봉사센터,1261,518,743,5,177,263,296,324,196,3,56,131,125,114,89,2,121,132,171,210,107
2017,1,A,골목상권,2110833,상도역 2번,2280,964,1316,11,338,495,654,540,242,7,101,197,304,240,115,4,237,298,350,300,127
2017,1,A,골목상권,2110832,노량진초등학교,6534,3759,2775,18,975,1643,1610,1551,737,12,470,848,937,990,502,6,505,795,673,561,235
2017,1,A,골목상권,2110831,상도4동주민센터,1257,507,750,2,152,266,361,303,173,0,43,105,162,113,84,2,109,161,199,190,89
2017,1,A,골목상권,2110830,상도초등학교,1985,642,1343,1,271,379,561,487,286,1,58,125,192,154,112,0,213,254,369,333,174
2017,1,A,골목상권,2110829,장승배기역 5번,3104,1475,1629,2,510,612,825,730,425,1,266,309,355,326,218,1,244,303,470,404,207
2017,1,A,골목상권,2110828,노량진역 6번,9792,5658,4134,28,1150,2964,2344,2065,1241,14,480,1739,1439,1209,777,14,670,1225,905,856,464
2017,1,A,골목상권,2110827,NH농협은행 상도동지점,2075,797,1278,8,328,463,524,466,286,0,89,197,208,167,136,8,239,266,316,299,150
2017,1,A,골목상권,2110826,장승배기역 4번,3038,1087,1951,8,430,612,808,738,442,0,130,260,270,238,189,8,300,352,538,500,253
2017,1,A,골목상권,2110825,신대방삼거리역 1번,2963,1207,1756,16,423,682,814,640,388,5,113,282,339,264,204,11,310,400,475,376,184
2017,1,A,골목상권,2110824,대방역 3번,4246,2171,2075,18,743,1028,1041,902,514,5,276,563,538,448,341,13,467,465,503,454,173
2017,1,A,골목상권,2110823,신대방삼거리역 3번,25811,13259,12552,183,4557,6873,6473,4930,2795,91,2398,3931,3151,2284,1404,92,2159,2942,3322,2646,1391
2017,1,A,골목상권,2110822,신대방삼거리역 4번(대림초등학교),17852,9549,8303,194,3042,3566,3773,4356,2921,85,2012,2437,1673,1890,1452,109,1030,1129,2100,2466,1469
2017,1,A,골목상권,2110821,보라매역 2번,23788,12408,11380,256,3911,5116,5488,5664,3353,113,2435,3288,2444,2479,1649,143,1476,1828,3044,3185,1704
2017,1,A,골목상권,2110820,성남고등학교,2347,1146,1201,5,250,481,547,747,317,4,88,231,234,376,213,1,162,250,313,371,104
2017,1,A,골목상권,2110819,신대방역 4번,7032,3793,3239,31,1334,1743,1679,1415,830,26,484,1013,1006,763,501,5,850,730,673,652,329
2017,1,A,골목상권,2110818,신대방역 3번,3925,2475,1450,22,576,958,910,813,646,20,349,687,604,425,390,2,227,271,306,388,256
2017,1,A,골목상권,2110817,대방역 4번,5122,2568,2554,18,743,1088,1229,1172,872,4,246,591,629,566,532,14,497,497,600,606,340
2017,1,A,골목상권,2110816,대방역 6번,4589,2362,2227,15,667,946,1075,1069,817,4,230,523,582,529,494,11,437,423,493,540,323
2017,1,A,골목상권,2110815,공군호텔,6879,3839,3040,16,865,1425,1645,1822,1106,3,285,792,928,1050,781,13,580,633,717,772,325
2017,1,A,골목상권,2110814,서울지방병무청,5279,2964,2315,13,650,992,1095,1620,909,6,288,527,565,927,651,7,362,465,530,693,258
2017,1,A,골목상권,2110813,보라매역 6번,5426,2912,2514,55,726,1125,1098,1317,1105,12,316,670,590,672,652,43,410,455,508,645,453
2017,1,A,골목상권,2110812,신길6동주민센터,8762,4391,4371,101,1270,2363,2361,1925,742,27,557,1313,1143,930,421,74,713,1050,1218,995,321
2017,1,A,골목상권,2110811,보라매역 4번,7724,3910,3814,101,1142,2128,2075,1673,605,27,515,1182,994,836,356,74,627,946,1081,837,249
2017,1,A,골목상권,2110810,영신초등학교,4812,2717,2095,12,385,862,1173,1411,969,8,114,473,658,810,654,4,271,389,515,601,315
2017,1,A,골목상권,2110809,장훈고등학교,1695,802,893,5,195,389,474,382,250,2,55,189,234,189,133,3,140,200,240,193,117
2017,1,A,골목상권,2110808,신길역 1번,2665,1402,1263,26,390,529,567,644,509,7,145,292,309,344,305,19,245,237,258,300,204
2017,1,A,골목상권,2110807,신길역 3번,3327,1829,1498,29,553,812,671,676,586,9,198,453,432,379,358,20,355,359,239,297,228
2017,1,A,골목상권,2110806,서울시립영등포장애인복지관,3963,2730,1233,20,438,888,1048,902,667,11,192,580,791,671,485,9,246,308,257,231,182
2017,1,A,골목상권,2110805,신길새마을금고신길4동지점,1428,822,606,5,238,331,415,292,147,2,167,196,229,134,94,3,71,135,186,158,53
2017,1,A,골목상권,2110804,신풍역 1번,2396,1118,1278,13,259,526,576,562,460,3,75,255,244,256,285,10,184,271,332,306,175
2017,1,A,골목상권,2110803,신길2동우편취급국,2026,937,1089,8,203,439,558,486,332,6,70,197,236,242,186,2,133,242,322,244,146
2017,1,A,골목상권,2110802,신길동홍어거리,1527,666,861,11,155,332,422,334,273,6,52,145,192,146,125,5,103,187,230,188,148
2017,1,A,골목상권,2110801,신풍역 6번(신길6동공영주차장),506,192,314,1,80,92,122,138,73,0,19,37,39,54,43,1,61,55,83,84,30
2017,1,A,골목상권,2110800,영등포동성당,6904,4572,2332,25,840,1553,1765,1537,1184,14,362,1009,1268,1124,795,11,478,544,497,413,389
2017,1,A,골목상권,2110799,영등포본동주민센터,1620,788,832,19,251,305,395,349,301,9,102,157,189,169,162,10,149,148,206,180,139
2017,1,A,골목상권,2110798,신풍역 2번,1187,473,714,17,129,215,280,309,237,5,26,82,105,122,133,12,103,133,175,187,104
2017,1,A,골목상권,2110797,KT대방빌딩,1691,606,1085,13,543,423,299,251,162,4,113,146,107,114,122,9,430,277,192,137,40
2017,1,A,골목상권,2110796,한림대학교한강성심병원,6685,4574,2111,17,769,1389,1688,1562,1260,10,375,937,1223,1145,884,7,394,452,465,417,376
2017,1,A,골목상권,2110795,도림초등학교,2123,986,1137,9,220,532,605,448,309,4,86,261,283,194,158,5,134,271,322,254,151
2017,1,A,골목상권,2110794,영동초등학교,11827,7758,4069,36,1858,3247,2934,2306,1446,18,915,2177,2095,1545,1008,18,943,1070,839,761,438
2017,1,A,골목상권,2110793,대림썬프라자,1695,628,1067,14,538,435,304,253,151,5,115,155,120,122,111,9,423,280,184,131,40
2017,1,A,골목상권,2110792,영등포역 2번,3681,1893,1788,37,480,937,951,771,505,15,173,464,503,429,309,22,307,473,448,342,196
2017,1,A,골목상권,2110791,신풍역 3번,1165,471,694,4,119,267,274,316,185,1,31,97,97,131,114,3,88,170,177,185,71
2017,1,A,골목상권,2110790,대림1동주민센터,1813,823,990,23,267,357,424,462,280,7,89,154,182,214,177,16,178,203,242,248,103
2017,1,A,골목상권,2110789,대림성모병원,3374,1346,2028,12,816,848,748,619,331,8,163,375,356,265,179,4,653,473,392,354,152
2017,1,A,골목상권,2110788,영등포시장역 3번,3079,1787,1292,4,339,723,830,661,522,1,154,404,507,395,326,3,185,319,323,266,196
2017,1,A,골목상권,2110787,신길3동주민센터,1765,820,945,4,174,403,505,458,221,0,64,180,227,206,143,4,110,223,278,252,78
2017,1,A,골목상권,2110786,당산역 8번,10792,6289,4503,54,1728,1879,2255,2378,2498,26,807,1310,1317,1240,1589,28,921,569,938,1138,909
2017,1,A,골목상권,2110785,영등포푸르지오아파트,1783,874,909,8,226,416,502,399,232,0,71,203,241,209,150,8,155,213,261,190,82
2017,1,A,골목상권,2110784,신대림초등학교,1492,594,898,9,220,297,386,385,195,7,45,137,161,150,94,2,175,160,225,235,101
2017,1,A,골목상권,2110783,영등포시장역 1번,10876,6991,3885,53,1849,3046,2608,2145,1175,27,945,1998,1813,1416,792,26,904,1048,795,729,383
2017,1,A,골목상권,2110782,영등포시장역 4번,4103,2098,2005,17,607,1034,1066,778,601,4,208,509,594,425,358,13,399,525,472,353,243
2017,1,A,골목상권,2110781,대림한신아파트,2351,1161,1190,20,317,441,620,593,360,10,102,200,314,312,223,10,215,241,306,281,137
2017,1,A,골목상권,2110780,신길대성유니드아파트,1774,956,818,8,193,417,472,480,204,4,81,219,258,258,136,4,112,198,214,222,68
2017,1,A,골목상권,2110779,대림갑을명가아파트,1218,680,538,9,196,209,311,299,194,3,80,104,172,177,144,6,116,105,139,122,50
2017,1,A,골목상권,2110778,구로디지털단지역 4번,19467,11640,7827,110,5241,7174,3988,1874,1080,35,2151,4920,2692,1110,732,75,3090,2254,1296,764,348
2017,1,A,골목상권,2110777,구로세무서,18532,9463,9069,160,4303,5582,4622,2496,1369,59,1603,2918,2482,1476,925,101,2700,2664,2140,1020,444
2017,1,A,골목상권,2110776,도신초등학교,5718,3517,2201,23,792,1418,1616,1266,603,8,380,938,1042,736,413,15,412,480,574,530,190
2017,1,A,골목상권,2110775,대동초등학교,1578,792,786,3,170,290,401,382,332,3,59,144,190,183,213,0,111,146,211,199,119
2017,1,A,골목상권,2110774,당산반도유보라팰리스아파트,18814,9459,9355,179,5274,5671,4028,2505,1157,86,1862,2951,2221,1546,793,93,3412,2720,1807,959,364
2017,1,A,골목상권,2110773,당산역 13번,11777,7889,3888,56,1807,3379,2471,1895,2169,30,1011,2635,1782,1080,1351,26,796,744,689,815,818
2017,1,A,골목상권,2110772,신우어린이공원,3760,2439,1321,16,565,1023,1062,764,330,6,290,730,751,456,206,10,275,293,311,308,124
2017,1,A,골목상권,2110771,대림역 11번,2066,1101,965,4,253,381,600,525,303,4,85,193,316,300,203,0,168,188,284,225,100
2017,1,A,골목상권,2110770,영등포구청역 6번,8486,4903,3583,37,1052,2008,2079,1802,1508,19,399,1047,1168,1205,1065,18,653,961,911,597,443
2017,1,A,골목상권,2110769,대림차이나타운(대림역 12번),1543,739,804,2,186,341,459,386,169,1,62,150,216,196,114,1,124,191,243,190,55
2017,1,A,골목상권,2110768,도림2동유수지내체육시설,5515,2174,3341,31,1240,1877,981,693,693,20,258,496,514,449,437,11,982,1381,467,244,256
2017,1,A,골목상권,2110767,도림동주민센터,7739,3682,4057,52,1621,2356,1524,1232,954,32,455,798,896,824,677,20,1166,1558,628,408,277
2017,1,A,골목상권,2110766,대림역 5번,14314,9303,5011,39,2066,3541,3531,3050,2087,27,1350,2692,2377,1651,1206,12,716,849,1154,1399,881
2017,1,A,골목상권,2110765,문래동사거리,22290,10976,11314,147,5112,6861,5182,3060,1928,76,1740,3136,2821,1895,1308,71,3372,3725,2361,1165,620
2017,1,A,골목상권,2110764,문래역 3번,6080,3730,2350,25,1074,1642,1283,971,1085,7,546,1018,775,617,767,18,528,624,508,354,318
2017,1,A,골목상권,2110763,영등포구청역 2번,16138,7707,8431,106,3420,4033,3328,3139,2112,49,1177,1863,1675,1645,1298,57,2243,2170,1653,1494,814
2017,1,A,골목상권,2110762,선유도역 1번,32358,17289,15069,172,6051,11484,9447,3830,1374,71,2429,6281,5146,2307,1055,101,3622,5203,4301,1523,319
2017,1,A,골목상권,2110761,문래동남성맨션,7198,3448,3750,37,1480,2236,1428,1220,797,26,420,763,867,822,550,11,1060,1473,561,398,247
2017,1,A,골목상권,2110760,선유도역 6번,31723,16828,14895,166,6131,11787,9241,3478,920,71,2551,6554,4952,2013,687,95,3580,5233,4289,1465,233
2017,1,A,골목상권,2110759,문래예술촌(문래창작촌),35002,20642,14360,173,7276,10482,8654,5266,3151,86,3339,6406,5237,3306,2268,87,3937,4076,3417,1960,883
2017,1,A,골목상권,2110758,문래소공원,14308,9513,4795,63,2488,3825,3245,2411,2276,33,1321,2528,2207,1635,1789,30,1167,1297,1038,776,487
2017,1,A,골목상권,2110757,양평역 2번,8267,5483,2784,48,1078,2112,2085,1699,1245,32,521,1471,1407,1091,961,16,557,641,678,608,284
2017,1,A,골목상권,2110756,문래중학교,7056,4790,2266,38,860,1736,1781,1366,1275,26,435,1158,1182,957,1032,12,425,578,599,409,243
2017,1,A,골목상권,2110755,동일여자고등학교,2628,1225,1403,6,233,463,698,829,399,0,42,169,333,424,257,6,191,294,365,405,142
2017,1,A,골목상권,2110754,삼성산자연공원(서울금천초등학교),3132,1432,1700,3,258,517,829,1011,514,0,56,203,391,493,289,3,202,314,438,518,225
2017,1,A,골목상권,2110753,시흥동 은행나무사거리,3154,1513,1641,4,309,539,879,970,453,0,79,226,427,494,287,4,230,313,452,476,166
2017,1,A,골목상권,2110752,한울중학교,1491,585,906,2,164,258,426,405,236,1,45,90,133,170,146,1,119,168,293,235,90
2017,1,A,골목상권,2110751,난곡중학교,5032,3268,1764,12,436,877,1030,1020,1657,9,193,466,566,587,1447,3,243,411,464,433,210
2017,1,A,골목상권,2110750,시흥4동주민센터(서울신흥초등학교),1288,416,872,0,138,237,388,393,132,0,36,73,116,134,57,0,102,164,272,259,75
2017,1,A,골목상권,2110749,금산초등학교(금천고등학교),8846,5431,3415,26,722,1730,2952,2382,1034,9,377,1080,1695,1474,796,17,345,650,1257,908,238
2017,1,A,골목상권,2110748,백산초등학교,2343,1145,1198,16,267,497,695,589,279,11,106,258,347,260,163,5,161,239,348,329,116
2017,1,A,골목상권,2110747,석수역 1번 출입구,1311,940,371,6,81,255,398,391,180,0,49,169,270,299,153,6,32,86,128,92,27
2017,1,A,골목상권,2110746,금천금빛공원(은행나무사거리서측),2696,1180,1516,19,336,482,795,698,366,12,114,232,381,275,166,7,222,250,414,423,200
2017,1,A,골목상권,2110745,독산동정훈단지,1532,610,922,2,192,263,440,402,233,2,48,100,154,167,139,0,144,163,286,235,94
2017,1,A,골목상권,2110744,독산동성당,2540,1065,1475,5,259,412,688,700,476,4,72,160,256,292,281,1,187,252,432,408,195
2017,1,A,골목상권,2110743,시흥초등학교(시흥1동우체국),3393,1218,2175,6,452,595,860,807,673,1,121,246,325,272,253,5,331,349,535,535,420
2017,1,A,골목상권,2110742,KT금천빌딩(금천구시설관리공단),6337,3986,2351,20,484,1212,2039,1770,812,10,254,757,1264,1110,591,10,230,455,775,660,221
2017,1,A,골목상권,2110741,독산2동주민센터,2563,1295,1268,5,335,481,744,640,358,4,130,254,351,330,226,1,205,227,393,310,132
2017,1,A,골목상권,2110740,금천해태공원,5238,2409,2829,40,1261,1504,1048,801,584,24,592,753,424,334,282,16,669,751,624,467,302
2017,1,A,골목상권,2110739,시흥3동 우편취급국,6908,4239,2669,22,557,1323,2399,1836,771,9,304,862,1378,1106,580,13,253,461,1021,730,191
2017,1,A,골목상권,2110738,문성초등학교,4433,2382,2051,15,633,908,1195,1056,626,7,259,485,622,597,412,8,374,423,573,459,214
2017,1,A,골목상권,2110737,금천세무서,3597,2017,1580,11,387,790,1000,875,534,3,143,440,561,492,378,8,244,350,439,383,156
2017,1,A,골목상권,2110736,독산119안전센터,6047,3540,2507,16,793,1186,1613,1472,967,11,376,731,899,855,668,5,417,455,714,617,299
2017,1,A,골목상권,2110735,말미고개,4351,2598,1753,17,566,864,1212,1066,626,14,303,551,684,608,438,3,263,313,528,458,188
2017,1,A,골목상권,2110734,금천파출소,3882,1867,2015,45,1129,1288,671,455,294,25,530,659,286,201,166,20,599,629,385,254,128
2017,1,A,골목상권,2110733,금천어울림복지센터,4037,2018,2019,10,440,920,981,1046,640,9,164,403,463,645,334,1,276,517,518,401,306
2017,1,A,골목상권,2110732,가산초등학교(세일중학교),6800,4196,2604,36,1014,1601,1725,1588,836,22,518,1043,1047,943,623,14,496,558,678,645,213
2017,1,A,골목상권,2110731,금천구청역 1번 출입구,6915,3393,3522,54,1398,1968,1405,1316,774,34,638,934,625,748,414,20,760,1034,780,568,360
2017,1,A,골목상권,2110730,서울축산농협 독산역지점(독산파출소),9336,5934,3402,24,1278,2385,2680,2036,933,18,716,1657,1643,1239,661,6,562,728,1037,797,272
2017,1,A,골목상권,2110729,가산동우체국,11802,7204,4598,63,2259,3613,3047,1820,1000,39,1080,2391,1979,1043,672,24,1179,1222,1068,777,328
2017,1,A,골목상권,2110728,두산초등학교,26126,17486,8640,167,4252,7618,7204,4559,2326,91,2248,5329,5002,3027,1789,76,2004,2289,2202,1532,537
2017,1,A,골목상권,2110727,독산역 1번 출입구,21657,14278,7379,141,3652,6377,5963,3652,1872,71,1908,4446,4106,2360,1387,70,1744,1931,1857,1292,485
2017,1,A,골목상권,2110726,금천철쭉어린이공원(금하마을),407,230,177,1,37,81,132,114,42,0,19,45,73,65,28,1,18,36,59,49,14
2017,1,A,골목상권,2110725,가산동주민센터,27369,15997,11372,166,5760,8825,7129,3950,1539,91,2647,5528,4499,2165,1067,75,3113,3297,2630,1785,472
2017,1,A,골목상권,2110724,금천구립가산도서관,23648,14910,8738,174,4136,7269,6477,4152,1440,97,1988,4783,4367,2613,1062,77,2148,2486,2110,1539,378
2017,1,A,골목상권,2110723,가산디지털단지역 1번 출입구,51469,32782,18687,275,11442,17529,13189,6480,2554,149,5638,11887,9126,4103,1879,126,5804,5642,4063,2377,675
2017,1,A,골목상권,2110722,G타워,46255,28748,17507,257,10956,17325,10691,4591,2435,126,5026,11781,7181,2813,1821,131,5930,5544,3510,1778,614
2017,1,A,골목상권,2110721,가리봉파출소,25999,16705,9294,161,5267,8882,6475,3467,1747,104,2652,6244,4428,2026,1251,57,2615,2638,2047,1441,496
2017,1,A,골목상권,2110720,대림역 2번,3749,1936,1813,12,379,686,1090,1049,533,4,125,281,550,608,368,8,254,405,540,441,165
2017,1,A,골목상권,2110719,영서중학교,25551,15154,10397,222,5344,7862,6099,4110,1914,113,2478,5201,4100,2074,1188,109,2866,2661,1999,2036,726
2017,1,A,골목상권,2110718,한국SGI본부,16674,9619,7055,60,3504,4999,3490,2793,1828,39,1598,2873,2291,1678,1140,21,1906,2126,1199,1115,688
2017,1,A,골목상권,2110717,남구로역 2번,50897,31217,19680,400,10501,16261,12419,7557,3759,244,5008,11114,8349,4013,2489,156,5493,5147,4070,3544,1270
2017,1,A,골목상권,2110716,구로나눔길,8262,3903,4359,12,1501,2369,1968,1726,686,7,384,1082,985,1032,413,5,1117,1287,983,694,273
2017,1,A,골목상권,2110715,구로구민회관,12822,8116,4706,32,1877,3462,3111,2726,1614,22,1171,2389,1931,1624,979,10,706,1073,1180,1102,635
2017,1,A,골목상권,2110714,구로4동주민센터,9770,4638,5132,16,1694,2597,2370,2207,886,6,405,1102,1172,1361,592,10,1289,1495,1198,846,294
2017,1,A,골목상권,2110713,구로보건소,10137,5456,4681,50,2021,2691,2444,1901,1030,19,695,1618,1421,1044,659,31,1326,1073,1023,857,371
2017,1,A,골목상권,2110712,남구로역 5번,1933,796,1137,3,251,384,515,426,354,0,70,163,182,176,205,3,181,221,333,250,149
2017,1,A,골목상권,2110711,구로초등학교,10450,4946,5504,32,2093,2975,2416,2032,902,19,563,1432,1224,1175,533,13,1530,1543,1192,857,369
2017,1,A,골목상권,2110710,남구로역 3번,42597,26010,16587,202,9725,14142,10583,5508,2437,105,4477,9195,7129,3342,1762,97,5248,4947,3454,2166,675
2017,1,A,골목상권,2110709,구로119안전센터,3625,1116,2509,2,1032,1062,724,570,235,1,163,367,265,194,126,1,869,695,459,376,109
2017,1,A,골목상권,2110708,화원어린이공원,3392,1797,1595,26,693,858,793,627,395,15,236,515,442,341,248,11,457,343,351,286,147
2017,1,A,골목상권,2110707,구로창업지원센터,6841,4593,2248,21,702,1505,1881,1804,928,14,396,977,1226,1249,731,7,306,528,655,555,197
2017,1,A,골목상권,2110706,그라운드 고척,3961,2413,1548,12,499,799,1021,921,709,3,209,456,595,586,564,9,290,343,426,335,145
2017,1,A,골목상권,2110705,고산초등학교,4202,2556,1646,23,526,823,1101,987,742,9,234,483,635,619,576,14,292,340,466,368,166
2017,1,A,골목상권,2110704,고척중학교,3991,2329,1662,24,506,799,1020,909,733,10,218,451,555,529,566,14,288,348,465,380,167
2017,1,A,골목상권,2110703,개봉역,4577,2594,1983,20,526,992,1342,1147,550,11,238,552,708,708,377,9,288,440,634,439,173
2017,1,A,골목상권,2110702,개봉초등학교,3830,2070,1760,5,163,311,477,582,2292,5,51,124,190,244,1456,0,112,187,287,338,836
2017,1,A,골목상권,2110701,고척동성당,2139,1218,921,6,278,469,551,539,296,0,112,267,296,320,223,6,166,202,255,219,73
2017,1,A,골목상권,2110700,고척초등학교,3795,2136,1659,9,450,831,1055,949,501,1,198,462,570,554,351,8,252,369,485,395,150
2017,1,A,골목상권,2110699,덕의초등학교,1505,744,761,5,225,362,418,358,137,1,95,185,190,177,96,4,130,177,228,181,41
2017,1,A,골목상권,2110698,개웅초등학교(개웅중학교),3981,2113,1868,3,175,310,514,662,2317,3,50,110,192,286,1472,0,125,200,322,376,845
2017,1,A,골목상권,2110697,개봉3동주민센터,3443,2035,1408,1,92,276,342,504,2228,1,40,152,159,243,1440,0,52,124,183,261,788
2017,1,A,골목상권,2110696,오류동역 1번,1826,888,938,5,270,354,507,421,269,4,81,151,235,238,179,1,189,203,272,183,90
2017,1,A,골목상권,2110695,개봉1동주민센터,2007,902,1105,6,207,389,632,505,268,3,68,176,281,223,151,3,139,213,351,282,117
2017,1,A,골목상권,2110694,세곡초등학교,1516,649,867,7,149,301,473,436,150,4,45,129,178,209,84,3,104,172,295,227,66
2017,1,A,골목상권,2110693,오류동역 4번,2648,1115,1533,13,264,499,867,678,327,6,105,243,312,235,214,7,159,256,555,443,113
2017,1,A,골목상권,2110692,큰굴다리,2257,860,1397,6,224,502,752,546,227,4,72,219,283,163,119,2,152,283,469,383,108
2017,1,A,골목상권,2110691,개봉중학교,1427,521,906,2,193,272,374,404,182,1,51,118,139,130,82,1,142,154,235,274,100
2017,1,A,골목상권,2110690,오류2동버들시장,5478,2505,2973,20,598,1077,1608,1392,783,9,192,496,671,587,550,11,406,581,937,805,233
2017,1,A,골목상권,2110689,오류동역 3번,3912,1608,2304,17,450,753,1175,1014,503,6,158,352,451,342,299,11,292,401,724,672,204
2017,1,A,골목상권,2110688,오류지구대,2140,1265,875,3,257,393,561,543,383,0,91,206,322,334,312,3,166,187,239,209,71
2017,1,A,골목상권,2110687,"천왕역 3번(오류2동주민센터, 서울오류남초등학교)",1364,694,670,5,130,314,375,359,181,3,45,147,182,184,133,2,85,167,193,175,48
2017,1,A,골목상권,2110686,수궁동주민센터,2694,1678,1016,4,294,513,719,725,439,3,114,314,442,464,341,1,180,199,277,261,98
2017,1,A,골목상권,2110685,금강수목원아파트,1440,965,475,6,143,239,363,446,243,5,59,149,221,312,219,1,84,90,142,134,24
2017,1,A,골목상권,2110684,서울공연예술고등학교,1366,703,663,2,137,305,380,390,152,2,46,173,196,197,89,0,91,132,184,193,63
2017,1,A,골목상권,2110683,오류고등학교,1264,676,588,2,135,296,362,338,131,2,47,169,189,185,84,0,88,127,173,153,47
2017,1,A,골목상권,2110682,온수역 8번,1694,1062,632,2,147,348,412,512,273,1,63,170,232,353,243,1,84,178,180,159,30
2017,1,A,골목상권,2110681,온수역 1번,1999,1324,675,4,233,374,465,603,320,1,109,215,281,440,278,3,124,159,184,163,42
2017,1,A,골목상권,2110680,온수역 5번(온수산업단지),2169,1625,544,9,233,443,514,606,364,7,143,309,359,472,335,2,90,134,155,134,29
2017,1,A,골목상권,2110679,염창역 2번,4828,3141,1687,11,629,1380,1395,985,428,5,302,869,979,664,322,6,327,511,416,321,106
2017,1,A,골목상권,2110678,염창무학아파트,2904,1904,1000,6,389,779,745,644,341,5,199,513,488,437,262,1,190,266,257,207,79
2017,1,A,골목상권,2110677,등촌역 1번,9189,5566,3623,52,1818,2683,2317,1460,859,25,734,1660,1541,959,647,27,1084,1023,776,501,212
2017,1,A,골목상권,2110676,등촌역 7번,3961,2214,1747,15,548,966,1126,868,438,10,208,536,648,499,313,5,340,430,478,369,125
2017,1,A,골목상권,2110675,화곡4동주민센터,2614,1141,1473,9,303,532,689,647,434,7,90,256,255,301,232,2,213,276,434,346,202
2017,1,A,골목상권,2110674,강서구청가양동별관,5722,3602,2120,28,970,1791,1596,964,373,16,484,1213,1046,593,250,12,486,578,550,371,123
2017,1,A,골목상권,2110673,뜸부기어린이공원,4025,1902,2123,12,606,931,1083,946,447,9,204,485,514,428,262,3,402,446,569,518,185
2017,1,A,골목상권,2110672,백석중학교,1465,637,828,7,151,335,450,387,135,4,44,131,203,165,90,3,107,204,247,222,45
2017,1,A,골목상권,2110671,등촌1동주민센터,40314,18423,21891,225,6259,10662,13223,8106,1839,158,3172,6793,4871,2258,1171,67,3087,3869,8352,5848,668
2017,1,A,골목상권,2110670,신곡초등학교,1380,526,854,3,167,293,423,386,108,3,46,119,136,157,65,0,121,174,287,229,43
2017,1,A,골목상권,2110669,화곡보람2차아파트,4280,2538,1742,8,968,1113,973,749,469,7,299,742,718,469,303,1,669,371,255,280,166
2017,1,A,골목상권,2110668,화곡2동주민센터,2871,1178,1693,15,386,605,850,707,308,7,129,278,334,255,175,8,257,327,516,452,133
2017,1,A,골목상권,2110667,가양역 10번,23562,8000,15562,93,2683,5545,9004,5533,704,62,1675,3456,1900,436,471,31,1008,2089,7104,5097,233
2017,1,A,골목상권,2110666,KC대학교,4749,2910,1839,7,493,1122,1236,1353,538,7,214,589,720,982,398,0,279,533,516,371,140
2017,1,A,골목상권,2110665,곰달래도서관,4595,2357,2238,20,598,1048,1224,1144,561,9,288,617,579,508,356,11,310,431,645,636,205
2017,1,A,골목상권,2110664,강서구청옆,6831,4009,2822,18,816,1697,1727,1721,852,13,357,910,1021,1139,569,5,459,787,706,582,283
2017,1,A,골목상권,2110663,우장산롯데캐슬아파트앞,12831,7402,5429,75,1793,2834,2897,3576,1656,47,1018,1771,1759,1901,906,28,775,1063,1138,1675,750
2017,1,A,골목상권,2110662,까치산역 1번,2414,955,1459,19,300,554,693,558,290,7,89,245,268,178,168,12,211,309,425,380,122
2017,1,A,골목상권,2110661,강서새말어린이공원,5797,3395,2402,16,720,1473,1520,1430,638,11,308,766,875,983,452,5,412,707,645,447,186
2017,1,A,골목상권,2110660,등촌3동주민센터,33041,13171,19870,148,4092,7526,11048,8247,1980,98,2515,4739,3145,1655,1019,50,1577,2787,7903,6592,961
2017,1,A,골목상권,2110659,화곡역 4번,3511,1386,2125,11,511,863,964,763,399,4,121,357,388,286,230,7,390,506,576,477,169
2017,1,A,골목상권,2110658,화곡초등학교,3055,1649,1406,3,283,621,774,787,587,2,83,310,411,446,397,1,200,311,363,341,190
2017,1,A,골목상권,2110657,양천향교역 5번,15891,8672,7219,66,3170,4055,3714,3379,1507,39,1294,2459,2209,1636,1035,27,1876,1596,1505,1743,472
2017,1,A,골목상권,2110656,까치산역 3번,3947,2118,1829,24,399,786,1030,1169,539,11,166,446,543,617,335,13,233,340,487,552,204
2017,1,A,골목상권,2110655,발산역 5번,6403,3296,3107,76,941,1392,1482,1478,1034,27,431,792,858,683,505,49,510,600,624,795,529
2017,1,A,골목상권,2110654,까치산역 4번,3479,1657,1822,22,361,708,961,970,457,9,107,342,463,470,266,13,254,366,498,500,191
2017,1,A,골목상권,2110653,화곡역 2번,3699,1512,2187,18,603,848,945,797,488,9,154,385,388,312,264,9,449,463,557,485,224
2017,1,A,골목상권,2110652,양천향교역 2번,6445,3608,2837,17,749,1303,1564,1975,837,12,358,791,919,898,630,5,391,512,645,1077,207
2017,1,A,골목상권,2110651,화원중학교,2440,1223,1217,10,229,537,682,635,347,5,76,264,346,306,226,5,153,273,336,329,121
2017,1,A,골목상권,2110650,우장산힐스테이트,2257,1070,1187,66,319,391,543,603,335,24,114,205,252,280,195,42,205,186,291,323,140
2017,1,A,골목상권,2110649,우장산역 1번,3195,1280,1915,9,439,704,841,810,392,5,88,280,319,345,243,4,351,424,522,465,149
2017,1,A,골목상권,2110648,양천향교역 7번,10278,5673,4605,38,2110,2379,2311,2423,1017,28,755,1455,1477,1208,750,10,1355,924,834,1215,267
2017,1,A,골목상권,2110647,화곡역 5번,5095,2374,2721,12,715,1091,1343,1323,611,5,232,558,649,549,381,7,483,533,694,774,230
2017,1,A,골목상권,2110646,푸른들청소년도서관,5022,2111,2911,26,787,1009,1286,1360,554,10,239,493,546,509,314,16,548,516,740,851,240
2017,1,A,골목상권,2110645,우장산역 4번,3931,1443,2488,10,528,909,1034,1061,389,4,103,335,365,430,206,6,425,574,669,631,183
2017,1,A,골목상권,2110644,신광명마을,3479,2471,1008,4,190,619,950,1049,667,2,105,412,626,763,563,2,85,207,324,286,104
2017,1,A,골목상권,2110643,강서구다솔마을,3242,2137,1105,4,275,747,1068,787,361,0,127,529,696,511,274,4,148,218,372,276,87
2017,1,A,골목상권,2110642,정곡초등학교,939,657,282,6,58,119,239,303,214,3,21,67,147,232,187,3,37,52,92,71,27
2017,1,A,골목상권,2110641,공항고등학교,1918,804,1114,2,190,344,465,525,392,1,66,167,209,225,136,1,124,177,256,300,256
2017,1,A,골목상권,2110640,방화역 1번,2878,1664,1214,11,279,535,726,806,521,5,67,214,412,563,403,6,212,321,314,243,118
2017,1,A,골목상권,2110639,신방화역 8번,2802,1452,1350,8,422,715,680,656,321,2,125,378,368,363,216,6,297,337,312,293,105
2017,1,A,골목상권,2110638,신방화역 2번,5229,2578,2651,16,724,1229,1332,1252,676,4,255,674,680,580,385,12,469,555,652,672,291
2017,1,A,골목상권,2110637,송정역 2번,2563,1644,919,8,210,469,646,685,545,4,73,257,394,483,433,4,137,212,252,202,112
2017,1,A,골목상권,2110636,방화역 2번,3590,1707,1883,11,404,769,939,925,542,3,152,385,461,410,296,8,252,384,478,515,246
2017,1,A,골목상권,2110635,공항시장역 3번,2789,1530,1259,13,382,702,697,570,425,5,123,386,386,327,303,8,259,316,311,243,122
2017,1,A,골목상권,2110634,송정역 3번,4110,2626,1484,11,364,911,1150,1029,645,3,137,564,720,700,502,8,227,347,430,329,143
2017,1,A,골목상권,2110633,개화산역 1번,3012,1561,1451,17,396,665,809,737,388,10,167,389,421,348,226,7,229,276,388,389,162
2017,1,A,골목상권,2110632,방화역 3번,7127,4980,2147,18,1015,1669,1937,1853,635,10,692,1223,1363,1282,410,8,323,446,574,571,225
2017,1,A,골목상권,2110631,방화초등학교,3088,1820,1268,6,330,631,769,758,594,1,116,353,424,472,454,5,214,278,345,286,140
2017,1,A,골목상권,2110630,공항시장역 1번,38370,21636,16734,76,7918,12051,11179,5976,1170,40,1998,5370,8035,5235,958,36,5920,6681,3144,741,212
2017,1,A,골목상권,2110629,송정역 4번,37054,20841,16213,71,7765,11826,10915,5611,866,38,1955,5282,7883,4980,703,33,5810,6544,3032,631,163
2017,1,A,골목상권,2110628,신목동역,2860,1821,1039,6,466,1005,688,514,181,5,231,642,454,359,130,1,235,363,234,155,51
2017,1,A,골목상권,2110627,신정롯데캐슬아파트,3253,1423,1830,10,401,681,931,833,397,5,106,294,372,406,240,5,295,387,559,427,157
2017,1,A,골목상권,2110626,양화초등학교,4170,2539,1631,11,611,1284,1262,757,245,5,255,789,882,448,160,6,356,495,380,309,85
2017,1,A,골목상권,2110625,신정2동주민센터,6347,3314,3033,34,756,1509,1736,1736,576,25,304,745,822,1070,348,9,452,764,914,666,228
2017,1,A,골목상권,2110624,목동문화체육센터,669,283,386,3,86,121,206,164,89,1,20,53,85,68,56,2,66,68,121,96,33
2017,1,A,골목상권,2110623,갈산공원,819,437,382,0,97,172,221,207,122,0,49,97,108,104,79,0,48,75,113,103,43
2017,1,A,골목상권,2110622,달마을공원,3041,1661,1380,7,409,765,983,685,192,2,132,395,649,375,108,5,277,370,334,310,84
2017,1,A,골목상권,2110621,목동역 5번,5023,2504,2519,23,954,1417,1222,859,548,9,287,697,693,475,343,14,667,720,529,384,205
2017,1,A,골목상권,2110620,목동보건지소,2501,1050,1451,6,256,509,676,627,427,3,77,229,224,272,245,3,179,280,452,355,182
2017,1,A,골목상권,2110619,목4동주민센터,1782,771,1011,5,293,424,442,408,210,4,68,181,191,192,135,1,225,243,251,216,75
2017,1,A,골목상권,2110618,강서고등학교,2761,1314,1447,8,317,564,704,685,483,6,103,290,288,345,282,2,214,274,416,340,201
2017,1,A,골목상권,2110617,등촌역 4번,2745,1332,1413,6,381,696,763,621,278,2,124,337,406,293,170,4,257,359,357,328,108
2017,1,A,골목상권,2110616,양목초등학교,4119,2078,2041,16,443,897,1063,944,756,7,140,430,568,423,510,9,303,467,495,521,246
2017,1,A,골목상권,2110615,신서초등학교,4133,2201,1932,12,400,840,1071,962,848,4,136,413,575,478,595,8,264,427,496,484,253
2017,1,A,골목상권,2110614,목동로데오거리,4612,2106,2506,18,805,1087,1138,992,572,10,259,566,554,425,292,8,546,521,584,567,280
2017,1,A,골목상권,2110613,신정네거리역 4번,1764,772,992,3,241,327,429,440,324,0,95,173,185,168,151,3,146,154,244,272,173
2017,1,A,골목상권,2110612,신정역 5번,4869,2171,2698,19,574,1010,1210,1286,770,8,211,524,539,533,356,11,363,486,671,753,414
2017,1,A,골목상권,2110611,신정역 1번,4530,2365,2165,16,593,981,1121,1164,655,11,295,614,574,529,342,5,298,367,547,635,313
2017,1,A,골목상권,2110610,계남근린공원,1624,759,865,3,176,365,419,414,247,0,72,201,186,169,131,3,104,164,233,245,116
2017,1,A,골목상권,2110609,신정네거리역 2번,1958,847,1111,8,216,394,551,519,270,2,62,176,213,251,143,6,154,218,338,268,127
2017,1,A,골목상권,2110608,신월2동주민센터,3440,1708,1732,5,331,685,979,970,470,3,137,376,432,453,307,2,194,309,547,517,163
2017,1,A,골목상권,2110607,금빛새마을금고본점,1488,661,827,5,183,293,434,365,208,3,63,132,169,159,135,2,120,161,265,206,73
2017,1,A,골목상권,2110606,신한은행 신월동지점,4049,2385,1664,14,315,533,994,1272,921,5,129,274,460,796,721,9,186,259,534,476,200
2017,1,A,골목상권,2110605,목동센트럴아이파크앞,2393,1394,999,9,201,326,564,553,740,3,80,165,244,283,619,6,121,161,320,270,121
2017,1,A,골목상권,2110604,신월4동주민센터,3773,2457,1316,9,261,522,941,1222,818,3,117,289,506,844,698,6,144,233,435,378,120
2017,1,A,골목상권,2110603,지향초등학교,3686,2512,1174,1,190,473,908,1180,934,1,71,240,547,824,829,0,119,233,361,356,105
2017,1,A,골목상권,2110602,신월시영아파트중문,3264,2036,1228,11,245,401,779,1078,750,3,110,217,387,712,607,8,135,184,392,366,143
2017,1,A,골목상권,2110601,신월1동우편취급국,3173,1861,1312,13,256,564,884,972,484,9,105,323,495,594,335,4,151,241,389,378,149
2017,1,A,골목상권,2110600,신월7동주민센터,3629,2473,1156,10,212,411,882,1266,848,3,95,229,517,923,706,7,117,182,365,343,142
2017,1,A,골목상권,2110599,신월1파출소,2402,1202,1200,12,180,434,722,748,306,8,62,210,353,390,179,4,118,224,369,358,127
2017,1,A,골목상권,2110598,신월문화체육센터,3712,2450,1262,8,332,559,1009,1092,712,3,206,356,613,709,563,5,126,203,396,383,149
2017,1,A,골목상권,2110597,신월1동주민센터,4044,2259,1785,7,351,704,984,905,1093,3,112,314,440,432,958,4,239,390,544,473,135
2017,1,A,골목상권,2110596,서서울호수공원,2663,1580,1083,8,174,428,773,838,442,5,65,235,440,525,310,3,109,193,333,313,132
2017,1,A,골목상권,2110595,메디힐병원,4252,2309,1943,8,426,773,990,991,1064,5,129,329,437,477,932,3,297,444,553,514,132
2017,1,A,골목상권,2110594,신월중학교,1549,534,1015,5,208,359,439,432,106,3,48,117,130,176,60,2,160,242,309,256,46
2017,1,A,골목상권,2110593,신월3동주민센터,3467,2126,1341,5,250,520,745,843,1104,3,76,241,337,487,982,2,174,279,408,356,122
2017,1,A,골목상권,2110592,서울금융고등학교,3293,2112,1181,5,249,501,640,832,1066,3,70,229,313,524,973,2,179,272,327,308,93
2017,1,A,골목상권,2110591,충정로역 6번,11917,7009,4908,23,2433,4354,2698,1479,930,3,1007,2548,1786,976,689,20,1426,1806,912,503,241
2017,1,A,골목상권,2110590,만리재,3114,1344,1770,11,553,773,862,693,222,5,102,282,424,399,132,6,451,491,438,294,90
2017,1,A,골목상권,2110589,애오개역 3번,4152,1928,2224,16,891,1378,1172,549,146,7,293,624,617,290,97,9,598,754,555,259,49
2017,1,A,골목상권,2110588,한겨레신문사,4937,2323,2614,35,1116,1269,1282,926,309,14,381,547,636,563,182,21,735,722,646,363,127
2017,1,A,골목상권,2110587,공덕동주민센터,9505,4981,4524,62,1707,2776,2747,1682,531,22,610,1324,1546,1130,349,40,1097,1452,1201,552,182
2017,1,A,골목상권,2110586,서울서부지방법원,25138,14138,11000,116,4524,7880,6581,4450,1587,40,1751,4604,4217,2569,957,76,2773,3276,2364,1881,630
2017,1,A,골목상권,2110585,마포경찰서,13056,7395,5661,55,2386,4146,3149,2376,944,21,1002,2502,2071,1259,540,34,1384,1644,1078,1117,404
2017,1,A,골목상권,2110584,아현역 4번,1798,725,1073,9,322,497,453,333,184,5,56,151,210,186,117,4,266,346,243,147,67
2017,1,A,골목상권,2110583,공덕래미안3차아파트,15466,8690,6776,70,2584,4715,3936,3192,969,23,1023,2731,2551,1769,593,47,1561,1984,1385,1423,376
2017,1,A,골목상권,2110582,이대역 5번,1870,747,1123,23,367,525,446,306,203,7,94,206,197,144,99,16,273,319,249,162,104
2017,1,A,골목상권,2110581,염리초등학교,15072,8925,6147,113,2607,4682,3701,2453,1516,67,1059,2986,2479,1355,979,46,1548,1696,1222,1098,537
2017,1,A,골목상권,2110580,양원초등학교,2537,1316,1221,4,386,694,647,525,281,1,117,319,377,340,162,3,269,375,270,185,119
2017,1,A,골목상권,2110579,마포역 4번,9395,5354,4041,25,1608,2456,2199,1892,1215,6,602,1434,1406,1094,812,19,1006,1022,793,798,403
2017,1,A,골목상권,2110578,대흥역 2번,8162,4959,3203,117,1249,2440,2122,1479,755,53,604,1478,1437,864,523,64,645,962,685,615,232
2017,1,A,골목상권,2110577,용강동주민센터,9734,5895,3839,125,1830,3067,2568,1409,735,60,754,1964,1757,844,516,65,1076,1103,811,565,219
2017,1,A,골목상권,2110576,대흥역 3번,7406,4438,2968,117,1195,2314,1871,1241,668,53,582,1444,1256,659,444,64,613,870,615,582,224
2017,1,A,골목상권,2110575,대흥동주민센터,6774,3217,3557,120,2194,1930,1198,885,447,48,781,970,666,494,258,72,1413,960,532,391,189
2017,1,A,골목상권,2110574,서강대학교,3650,2094,1556,11,502,1015,1017,750,355,3,170,507,641,506,267,8,332,508,376,244,88
2017,1,A,골목상권,2110573,신촌역 6번,6390,3112,3278,111,2195,1859,1074,732,419,45,769,952,644,460,242,66,1426,907,430,272,177
2017,1,A,골목상권,2110572,서강대역 1번,10902,5537,5365,129,2942,3107,2241,1597,886,49,1031,1610,1338,957,552,80,1911,1497,903,640,334
2017,1,A,골목상권,2110571,신수동주민센터,5457,3111,2346,19,797,1675,1451,929,586,7,296,1003,883,530,392,12,501,672,568,399,194
2017,1,A,골목상권,2110570,KB국민은행 서강지점,2617,1476,1141,14,339,758,726,438,342,7,129,452,447,233,208,7,210,306,279,205,134
2017,1,A,골목상권,2110569,홍대땡땡거리,7084,3470,3614,39,1773,1982,1495,1038,757,10,709,1086,790,481,394,29,1064,896,705,557,363
2017,1,A,골목상권,2110568,광흥창역 1번,2878,1399,1479,10,646,849,690,453,230,2,158,441,395,264,139,8,488,408,295,189,91
2017,1,A,골목상권,2110567,광흥창역 6번,4691,2177,2514,18,901,1018,938,793,1023,1,222,478,544,457,475,17,679,540,394,336,548
2017,1,A,골목상권,2110566,경의선책거리,16171,8645,7526,124,4382,4427,3483,2298,1457,50,1637,2499,2124,1342,993,74,2745,1928,1359,956,464
2017,1,A,골목상권,2110565,홍익대,6224,3944,2280,37,1423,1661,1392,1040,671,17,634,1090,998,729,476,20,789,571,394,311,195
2017,1,A,골목상권,2110564,홍대입구역 3번,9449,4517,4932,77,2774,2789,1944,1170,695,33,857,1435,1113,617,462,44,1917,1354,831,553,233
2017,1,A,골목상권,2110563,상수역 3번,3374,1704,1670,20,642,879,587,390,856,7,298,544,371,169,315,13,344,335,216,221,541
2017,1,A,골목상권,2110562,연트럴파크(연남동주민센터),5914,3343,2571,31,1291,1921,1295,863,513,8,563,1114,809,501,348,23,728,807,486,362,165
2017,1,A,골목상권,2110561,상수역 4번,5099,2971,2128,37,1438,1675,1111,504,334,15,674,1047,717,311,207,22,764,628,394,193,127
2017,1,A,골목상권,2110560,마포FM,13264,7900,5364,69,2344,3289,2612,2281,2669,21,857,1924,1685,1259,2154,48,1487,1365,927,1022,515
2017,1,A,골목상권,2110559,성산중학교,7490,4041,3449,46,1847,2332,1812,966,487,16,779,1316,1072,559,299,30,1068,1016,740,407,188
2017,1,A,골목상권,2110558,경성고등학교,9675,6340,3335,37,1306,2011,1874,1551,2896,16,497,1108,1096,990,2633,21,809,903,778,561,263
2017,1,A,골목상권,2110557,홍대부속여중고앞,16229,9624,6605,73,2992,4209,3299,2454,3202,26,985,2330,2094,1534,2655,47,2007,1879,1205,920,547
2017,1,A,골목상권,2110556,절두산순교성지,2170,1296,874,4,469,666,526,365,140,2,203,395,346,251,99,2,266,271,180,114,41
2017,1,A,골목상권,2110555,홍익지구대,6930,3988,2942,21,1588,2322,1675,950,374,9,582,1341,1169,640,247,12,1006,981,506,310,127
2017,1,A,골목상권,2110554,망원역 1번,13596,6551,7045,97,2849,3366,2773,1968,2543,43,1063,1765,1531,878,1271,54,1786,1601,1242,1090,1272
2017,1,A,골목상권,2110553,가좌역 2번,3648,2268,1380,6,375,613,872,794,988,1,114,307,505,489,852,5,261,306,367,305,136
2017,1,A,골목상권,2110552,성미산체육관,7443,5255,2188,40,807,1308,1293,1257,2738,20,321,748,817,836,2513,20,486,560,476,421,225
2017,1,A,골목상권,2110551,성서초등학교,6988,3602,3386,82,1322,1440,1575,1229,1340,36,537,804,741,502,982,46,785,636,834,727,358
2017,1,A,골목상권,2110550,합정역 8번,11902,6590,5312,66,2655,4180,2939,1470,592,8,893,2341,1936,1000,412,58,1762,1839,1003,470,180
2017,1,A,골목상권,2110549,새터산,4913,3029,1884,25,615,986,1231,968,1088,12,254,563,752,551,897,13,361,423,479,417,191
2017,1,A,골목상권,2110548,마포구청역 4번,7701,3487,4214,46,848,1435,1762,2142,1468,28,358,806,973,724,598,18,490,629,789,1418,870
2017,1,A,골목상권,2110547,KB국민은행 망원동지점,8400,4344,4056,99,1568,1753,1971,1532,1477,40,643,965,944,639,1113,59,925,788,1027,893,364
2017,1,A,골목상권,2110546,양화대교북단,5391,2782,2609,46,1230,2058,1343,506,208,1,354,1075,858,348,146,45,876,983,485,158,62
2017,1,A,골목상권,2110545,마포구청역 1번,8433,3875,4558,28,708,1417,1784,2637,1859,14,276,683,1009,1111,782,14,432,734,775,1526,1077
2017,1,A,골목상권,2110544,망리단길,10090,5438,4652,89,2118,2369,2302,1646,1566,38,847,1351,1244,791,1167,51,1271,1018,1058,855,399
2017,1,A,골목상권,2110543,중암중학교,1959,1322,637,2,107,217,376,659,598,1,32,102,195,460,532,1,75,115,181,199,66
2017,1,A,골목상권,2110542,마포구청역 7번,7203,3174,4029,24,718,1172,1535,2113,1641,8,293,647,814,690,722,16,425,525,721,1423,919
2017,1,A,골목상권,2110541,동교초등학교,2322,1228,1094,1,349,565,668,472,267,0,153,316,340,235,184,1,196,249,328,237,83
2017,1,A,골목상권,2110540,망원나들목체육관,1025,641,384,1,159,248,279,220,118,1,77,169,173,134,87,0,82,79,106,86,31
2017,1,A,골목상권,2110539,미근동,50212,28552,21660,206,8655,15476,15305,9014,1556,65,3116,7964,9457,6872,1078,141,5539,7512,5848,2142,478
2017,1,A,골목상권,2110538,충정로역 3번,18554,11247,7307,29,3202,6175,4865,2830,1453,5,1391,3783,3254,1820,994,24,1811,2392,1611,1010,459
2017,1,A,골목상권,2110537,충정로현대아파트,38158,21911,16247,142,6737,12560,10853,6433,1433,25,2518,6819,6594,4917,1038,117,4219,5741,4259,1516,395
2017,1,A,골목상권,2110536,돈의문센트레빌아파트입구,26607,14366,12241,124,4940,8313,7775,4803,652,21,1628,3986,4417,3840,474,103,3312,4327,3358,963,178
2017,1,A,골목상권,2110535,영천시장입구,1553,696,857,3,159,322,388,436,245,0,41,124,168,214,149,3,118,198,220,222,96
2017,1,A,골목상권,2110534,경기대학교,7777,4668,3109,12,1290,2677,1934,1150,714,0,454,1549,1314,792,559,12,836,1128,620,358,155
2017,1,A,골목상권,2110533,충정로역 7번,9763,5971,3792,17,1768,3671,2239,1269,799,0,778,2265,1545,813,570,17,990,1406,694,456,229
2017,1,A,골목상권,2110532,아현역 2번,3176,1682,1494,7,457,554,681,857,620,1,113,217,375,528,448,6,344,337,306,329,172
2017,1,A,골목상권,2110531,홍지문,1755,766,989,2,396,396,448,380,133,1,122,155,237,179,72,1,274,241,211,201,61
2017,1,A,골목상권,2110530,아현역 1번,1458,594,864,9,256,366,389,294,144,5,41,104,183,169,92,4,215,262,206,125,52
2017,1,A,골목상권,2110529,홍제3동주민센터,2236,947,1289,4,301,414,622,453,442,1,86,168,234,184,274,3,215,246,388,269,168
2017,1,A,골목상권,2110528,서울여자간호대학교,1420,633,787,2,149,250,394,300,325,1,41,94,138,133,226,1,108,156,256,167,99
2017,1,A,골목상권,2110527,홍제역 2번,2439,963,1476,11,363,486,672,551,356,3,103,196,243,214,204,8,260,290,429,337,152
2017,1,A,골목상권,2110526,봉원사,15359,5753,9606,8,3754,5020,3743,2278,556,6,826,1558,1626,1344,393,2,2928,3462,2117,934,163
2017,1,A,골목상권,2110525,홍은종합사회복지관,1498,678,820,4,168,276,376,314,360,1,56,108,141,139,233,3,112,168,235,175,127
2017,1,A,골목상권,2110524,연희세브란스병원,12623,4914,7709,8,3383,4223,2924,1684,401,6,787,1391,1342,1072,316,2,2596,2832,1582,612,85
2017,1,A,골목상권,2110523,홍제성원아파트,612,235,377,3,102,155,154,112,86,1,21,55,47,43,68,2,81,100,107,69,18
2017,1,A,골목상권,2110522,홍제역 3번,1537,584,953,7,269,341,413,324,183,1,62,126,145,137,113,6,207,215,268,187,70
2017,1,A,골목상권,2110521,홍제역 4번,1940,724,1216,7,309,415,540,412,257,1,83,157,204,155,124,6,226,258,336,257,133
2017,1,A,골목상권,2110520,경의중앙 신촌역,15791,6248,9543,40,4152,5034,3577,2219,769,17,1046,1802,1651,1255,477,23,3106,3232,1926,964,292
2017,1,A,골목상권,2110519,서대문구보건소별관,1463,704,759,3,248,392,395,304,121,3,73,188,200,154,86,0,175,204,195,150,35
2017,1,A,골목상권,2110518,서대문구청,3554,1678,1876,8,464,934,877,957,314,7,122,372,389,618,170,1,342,562,488,339,144
2017,1,A,골목상권,2110517,서대문소방서,1775,911,864,3,298,473,405,412,184,0,111,285,216,217,82,3,187,188,189,195,102
2017,1,A,골목상권,2110516,정원여중,1311,666,645,3,229,363,348,263,105,3,70,184,192,143,74,0,159,179,156,120,31
2017,1,A,골목상권,2110515,홍은중학교,613,389,224,2,99,171,180,117,44,2,42,104,123,81,37,0,57,67,57,36,7
2017,1,A,골목상권,2110514,서대문우체국,16102,6643,9459,34,4249,5005,3704,2291,819,9,1249,1823,1717,1312,533,25,3000,3182,1987,979,286
2017,1,A,골목상권,2110513,연희파출소,2642,1461,1181,24,491,722,606,536,263,20,213,430,335,299,164,4,278,292,271,237,99
2017,1,A,골목상권,2110512,연희지하차도,4249,2119,2130,8,503,1056,1041,1164,477,7,134,424,483,768,303,1,369,632,558,396,174
2017,1,A,골목상권,2110511,연희초등학교,15055,6241,8814,36,3786,4735,3437,2265,796,26,949,1680,1593,1407,586,10,2837,3055,1844,858,210
2017,1,A,골목상권,2110510,홍연시장,1414,714,700,0,117,254,343,429,271,0,31,120,181,234,148,0,86,134,162,195,123
2017,1,A,골목상권,2110509,연희대우아파트앞,17631,7529,10102,81,4577,5648,4062,2456,807,34,1261,2143,1953,1513,625,47,3316,3505,2109,943,182
2017,1,A,골목상권,2110508,서연중학교,3271,1947,1324,36,531,831,748,691,434,21,253,502,439,415,317,15,278,329,309,276,117
2017,1,A,골목상권,2110507,명지대학교,2410,1172,1238,7,319,544,625,607,308,3,107,249,301,332,180,4,212,295,324,275,128
2017,1,A,골목상권,2110506,연희임광아파트,2590,1504,1086,20,483,689,561,521,316,2,215,424,317,318,228,18,268,265,244,203,88
2017,1,A,골목상권,2110505,홍남교남측,1091,655,436,2,127,209,297,262,194,1,37,112,183,172,150,1,90,97,114,90,44
2017,1,A,골목상권,2110504,명지전문대,1638,885,753,8,215,326,406,468,215,3,79,134,216,296,157,5,136,192,190,172,58
2017,1,A,골목상권,2110503,명지대학교교회,2378,1269,1109,17,374,490,602,615,280,6,149,218,314,381,201,11,225,272,288,234,79
2017,1,A,골목상권,2110502,남가좌파출소,1743,863,880,7,240,351,462,414,269,3,72,156,218,228,186,4,168,195,244,186,83
2017,1,A,골목상권,2110501,연희어린이공원,1978,1138,840,15,394,601,473,316,179,1,172,380,273,187,125,14,222,221,200,129,54
2017,1,A,골목상권,2110500,남가좌동현대아파트,677,289,388,1,111,130,191,166,78,1,31,44,83,82,48,0,80,86,108,84,30
2017,1,A,골목상권,2110499,연가초등학교,1832,793,1039,10,175,344,497,538,268,3,41,129,179,254,187,7,134,215,318,284,81
2017,1,A,골목상권,2110498,증산역 1번,3047,1594,1453,11,318,566,768,822,562,7,133,291,383,410,370,4,185,275,385,412,192
2017,1,A,골목상권,2110497,가좌역 3번,1365,722,643,1,206,266,386,336,170,0,46,104,225,225,122,1,160,162,161,111,48
2017,1,A,골목상권,2110496,모래내우체국,2077,876,1201,7,251,426,561,522,310,3,90,176,227,220,160,4,161,250,334,302,150
2017,1,A,골목상권,2110495,북가좌2동주민센터,3202,1688,1514,13,350,657,813,840,529,3,145,342,423,443,332,10,205,315,390,397,197
2017,1,A,골목상권,2110494,증산3교남측,1327,828,499,6,112,209,368,357,275,0,48,108,202,246,224,6,64,101,166,111,51
2017,1,A,골목상권,2110493,북가좌초등학교,2214,1515,699,2,160,259,455,683,655,1,46,124,253,507,584,1,114,135,202,176,71
2017,1,A,골목상권,2110492,하나고등학교,431,114,317,2,38,60,76,158,97,0,6,24,31,30,23,2,32,36,45,128,74
2017,1,A,골목상권,2110491,불광중학교,505,145,360,1,61,119,137,145,42,1,7,28,36,43,30,0,54,91,101,102,12
2017,1,A,골목상권,2110490,녹번동근린공원,6928,3378,3550,17,947,1832,1839,1597,696,9,282,737,944,967,439,8,665,1095,895,630,257
2017,1,A,골목상권,2110489,불광역 3번,3093,1373,1720,14,548,900,814,561,256,5,167,364,427,268,142,9,381,536,387,293,114
2017,1,A,골목상권,2110488,우리은행응암동지점,5462,2572,2890,17,616,1272,1468,1379,710,14,180,480,665,770,463,3,436,792,803,609,247
2017,1,A,골목상권,2110487,불광역 8번,2928,1229,1699,20,477,853,758,541,279,7,143,360,360,223,136,13,334,493,398,318,143
2017,1,A,골목상권,2110486,은평구청,5425,2600,2825,14,604,1236,1481,1367,723,11,172,486,690,779,462,3,432,750,791,588,261
2017,1,A,골목상권,2110485,연신내우체국,1125,385,740,1,124,258,344,284,114,0,23,98,113,94,57,1,101,160,231,190,57
2017,1,A,골목상권,2110484,역촌역 3번,7245,3459,3786,22,835,1623,1945,1847,973,13,283,663,908,1008,584,9,552,960,1037,839,389
2017,1,A,골목상권,2110483,연천초등학교,1363,485,878,12,241,281,318,298,213,3,63,102,106,105,106,9,178,179,212,193,107
2017,1,A,골목상권,2110482,연신초등학교,1282,719,563,3,141,317,417,337,67,2,65,180,236,195,41,1,76,137,181,142,26
2017,1,A,골목상권,2110481,불광역 7번,2813,1140,1673,16,339,634,781,650,393,5,114,267,315,245,194,11,225,367,466,405,199
2017,1,A,골목상권,2110480,연신내역 3번,2045,807,1238,21,347,445,488,413,331,3,98,170,197,163,176,18,249,275,291,250,155
2017,1,A,골목상권,2110479,연신내역 2번,2598,869,1729,20,457,551,684,541,345,4,118,190,217,179,161,16,339,361,467,362,184
2017,1,A,골목상권,2110478,응암1동주민센터,6045,2916,3129,20,609,1328,1616,1624,848,13,209,570,728,857,539,7,400,758,888,767,309
2017,1,A,골목상권,2110477,은평세무서,6701,3344,3357,22,698,1459,1781,1779,962,12,257,661,849,983,582,10,441,798,932,796,380
2017,1,A,골목상권,2110476,역촌역 2번,1128,490,638,5,122,227,341,304,129,3,38,115,136,135,63,2,84,112,205,169,66
2017,1,A,골목상권,2110475,백련산해모로아파트,2664,1157,1507,16,364,602,699,662,321,8,141,279,291,260,178,8,223,323,408,402,143
2017,1,A,골목상권,2110474,세명컴퓨터고등학교,2035,979,1056,7,301,517,588,450,172,5,108,243,256,256,111,2,193,274,332,194,61
2017,1,A,골목상권,2110473,구산역 1번,3860,1494,2366,28,562,839,1054,911,466,5,165,352,426,320,226,23,397,487,628,591,240
2017,1,A,골목상권,2110472,연신내역 4번,3397,1438,1959,39,581,752,831,711,483,7,175,334,366,291,265,32,406,418,465,420,218
2017,1,A,골목상권,2110471,응암동우체국,2651,1197,1454,9,315,528,744,673,382,6,107,207,320,328,229,3,208,321,424,345,153
2017,1,A,골목상권,2110470,신진과학기술고등학교,2459,1199,1260,16,329,544,620,609,341,8,136,265,294,282,214,8,193,279,326,327,127
2017,1,A,골목상권,2110469,응암정보도서관,3799,1874,1925,16,425,670,1036,1074,578,6,146,285,477,568,392,10,279,385,559,506,186
2017,1,A,골목상권,2110468,응암역 3번,5103,2307,2796,15,592,1005,1282,1394,815,7,224,485,595,542,454,8,368,520,687,852,361
2017,1,A,골목상권,2110467,은평요양병원,1448,818,630,4,175,347,418,350,154,3,83,196,226,218,92,1,92,151,192,132,62
2017,1,A,골목상권,2110466,구산역 2번,2862,1087,1775,15,363,546,778,750,410,3,99,231,304,221,229,12,264,315,474,529,181
2017,1,A,골목상권,2110465,연신내역 7번,3157,1333,1824,18,513,691,797,680,458,3,161,299,320,293,257,15,352,392,477,387,201
2017,1,A,골목상권,2110464,연신내역 5번,2780,1126,1654,22,434,628,713,593,390,4,134,279,283,214,212,18,300,349,430,379,178
2017,1,A,골목상권,2110463,응암3동주민센터,1723,709,1014,7,222,365,499,395,235,5,84,162,191,152,115,2,138,203,308,243,120
2017,1,A,골목상권,2110462,갈현건영아파트,1286,728,558,3,160,292,361,333,137,3,81,167,191,205,81,0,79,125,170,128,56
2017,1,A,골목상권,2110461,새절역 2번,1655,862,793,8,195,304,427,424,297,6,83,151,221,211,190,2,112,153,206,213,107
2017,1,A,골목상권,2110460,구산역 4번,4307,2086,2221,15,429,796,1106,1328,633,2,125,358,500,725,376,13,304,438,606,603,257
2017,1,A,골목상권,2110459,응암역 2번,3280,1434,1846,12,387,673,820,931,457,6,130,298,367,368,265,6,257,375,453,563,192
2017,1,A,골목상권,2110458,선일여고,1933,862,1071,3,225,442,479,461,323,0,81,201,193,184,203,3,144,241,286,277,120
2017,1,A,골목상권,2110457,예일여고,3667,1773,1894,16,353,639,937,1230,492,2,102,292,419,677,281,14,251,347,518,553,211
2017,1,A,골목상권,2110456,구산보건지소,2461,1027,1434,14,318,492,661,600,376,1,110,215,273,214,214,13,208,277,388,386,162
2017,1,A,골목상권,2110455,역촌노인복지관,3024,1348,1676,5,291,541,782,876,529,1,101,249,352,329,316,4,190,292,430,547,213
2017,1,A,골목상권,2110454,선정중학교,2784,1598,1186,8,240,456,655,969,456,2,65,209,321,668,333,6,175,247,334,301,123
2017,1,A,골목상권,2110453,신사1동주민센터,2802,1295,1507,12,366,565,719,709,431,7,128,258,309,350,243,5,238,307,410,359,188
2017,1,A,골목상권,2110452,새절역 3번,2158,1092,1066,7,212,349,546,563,481,5,88,175,265,294,265,2,124,174,281,269,216
2017,1,A,골목상권,2110451,증산역 4번,2655,1565,1090,10,189,396,604,743,713,8,79,202,336,484,456,2,110,194,268,259,257
2017,1,A,골목상권,2110450,시립서북병원,3484,1238,2246,5,458,771,941,912,397,1,130,279,315,334,179,4,328,492,626,578,218
2017,1,A,골목상권,2110449,증산역 3번,2098,1173,925,10,203,416,554,574,341,4,88,204,295,357,225,6,115,212,259,217,116
2017,1,A,골목상권,2110448,상신초등학교입구,935,388,547,0,90,198,293,195,159,0,22,91,116,76,83,0,68,107,177,119,76
2017,1,A,골목상권,2110447,구산초등학교,1606,1085,521,5,59,159,325,667,391,3,22,67,176,536,281,2,37,92,149,131,110
2017,1,A,골목상권,2110446,내를건너서숲으로도서관,935,442,493,1,70,128,233,238,265,0,21,52,106,131,132,1,49,76,127,107,133
2017,1,A,골목상권,2110445,덕산중학교,863,304,559,0,127,190,239,205,102,0,26,59,87,77,55,0,101,131,152,128,47
2017,1,A,골목상권,2110444,수색성당,3211,1893,1318,10,409,563,694,836,699,1,85,217,373,595,622,9,324,346,321,241,77
2017,1,A,골목상권,2110443,수색역 1번,1347,652,695,2,218,268,217,307,335,1,24,79,101,185,262,1,194,189,116,122,73
2017,1,A,골목상권,2110442,화랑대철도공원,1315,424,891,0,264,251,372,321,107,0,34,70,128,137,55,0,230,181,244,184,52
2017,1,A,골목상권,2110441,영신여고,1051,399,652,2,91,241,314,253,150,0,24,75,105,93,102,2,67,166,209,160,48
2017,1,A,골목상권,2110440,상계3동4동주민센터,437,165,272,1,52,79,162,110,33,0,15,36,54,43,17,1,37,43,108,67,16
2017,1,A,골목상권,2110439,당고개역 5번,2186,1321,865,1,107,152,517,760,649,0,32,70,312,535,372,1,75,82,205,225,277
2017,1,A,골목상권,2110438,경춘선숲길 우측,3410,1522,1888,13,561,939,890,699,308,10,174,416,365,359,198,3,387,523,525,340,110
2017,1,A,골목상권,2110437,당고개역 2번,2753,1593,1160,1,163,261,660,880,788,0,51,127,369,583,463,1,112,134,291,297,325
2017,1,A,골목상권,2110436,상계제일중학교,2269,848,1421,10,200,390,605,691,373,2,77,171,224,224,150,8,123,219,381,467,223
2017,1,A,골목상권,2110435,서울과학기술대,2690,1654,1036,4,353,688,618,753,274,3,168,379,371,510,223,1,185,309,247,243,51
2017,1,A,골목상권,2110434,태릉입구역 4번,4622,2107,2515,14,549,897,1185,1308,669,8,193,513,528,530,335,6,356,384,657,778,334
2017,1,A,골목상권,2110433,공릉역 2번,5545,3057,2488,28,634,1016,1405,1507,955,10,247,606,719,802,673,18,387,410,686,705,282
2017,1,A,골목상권,2110432,대진고등학교,4982,2604,2378,10,888,1290,1164,1183,447,8,286,637,649,728,296,2,602,653,515,455,151
2017,1,A,골목상권,2110431,상계역,2399,832,1567,7,232,387,627,729,417,0,96,169,220,196,151,7,136,218,407,533,266
2017,1,A,골목상권,2110430,중계초등학교,1720,580,1140,6,168,264,487,524,271,1,57,112,151,145,114,5,111,152,336,379,157
2017,1,A,골목상권,2110429,공릉동 국수거리,7438,3926,3512,34,868,1369,1787,1902,1478,15,337,824,920,973,857,19,531,545,867,929,621
2017,1,A,골목상권,2110428,상계5동주민센터,3468,1509,1959,9,260,461,763,901,1074,0,111,230,315,347,506,9,149,231,448,554,568
2017,1,A,골목상권,2110427,노원 을지대학교병원,3993,2011,1982,10,802,1060,920,878,323,7,240,498,487,558,221,3,562,562,433,320,102
2017,1,A,골목상권,2110426,상계2동주민센터,3479,1354,2125,21,453,667,921,929,488,10,120,265,347,353,259,11,333,402,574,576,229
2017,1,A,골목상권,2110425,계상초등학교,3592,1394,2198,15,319,530,812,948,968,3,98,236,290,328,439,12,221,294,522,620,529
2017,1,A,골목상권,2110424,상계초등학교,3487,1277,2210,27,463,638,883,967,509,14,142,281,300,317,223,13,321,357,583,650,286
2017,1,A,골목상권,2110423,석계역 2번,2458,1173,1285,9,307,551,680,558,353,4,88,271,323,278,209,5,219,280,357,280,144
2017,1,A,골목상권,2110422,노원역 9번,2704,992,1712,22,445,526,689,706,316,9,130,220,239,243,151,13,315,306,450,463,165
2017,1,A,골목상권,2110421,석계역 1번,2171,1178,993,8,212,338,597,658,358,3,74,168,333,369,231,5,138,170,264,289,127
2017,1,A,골목상권,2110420,광운대역 1번,1587,883,704,6,201,432,465,357,126,5,71,230,271,222,84,1,130,202,194,135,42
2017,1,A,골목상권,2110419,수락산디자인거리,3906,2130,1776,13,430,753,1072,1023,615,7,178,407,535,565,438,6,252,346,537,458,177
2017,1,A,골목상권,2110418,광운대학교 남단,2054,1149,905,7,250,420,558,583,236,5,85,201,309,363,186,2,165,219,249,220,50
2017,1,A,골목상권,2110417,월계역 3번,1255,686,569,5,164,208,370,340,168,3,68,106,210,200,99,2,96,102,160,140,69
2017,1,A,골목상권,2110416,노원초등학교,2223,1128,1095,11,253,426,642,584,307,8,118,233,286,284,199,3,135,193,356,300,108
2017,1,A,골목상권,2110415,수락산역 4번,4599,2361,2238,15,549,934,1218,1076,807,8,256,546,602,522,427,7,293,388,616,554,380
2017,1,A,골목상권,2110414,장석교회,1339,848,491,6,131,181,326,406,289,6,48,93,183,280,238,0,83,88,143,126,51
2017,1,A,골목상권,2110413,누원고등학교,1454,720,734,1,112,228,345,479,289,0,43,120,153,225,179,1,69,108,192,254,110
2017,1,A,골목상권,2110412,창동중학교,1982,1474,508,8,108,203,382,751,530,8,39,84,234,607,502,0,69,119,148,144,28
2017,1,A,골목상권,2110411,도봉역 3번,3358,1945,1413,9,303,670,908,896,572,5,126,333,509,555,417,4,177,337,399,341,155
2017,1,A,골목상권,2110410,방학역 2번,5988,3213,2775,20,617,880,1252,1359,1860,10,238,449,601,701,1214,10,379,431,651,658,646
2017,1,A,골목상권,2110409,창동역 2번,4780,2238,2542,15,611,1235,1336,1182,401,6,163,565,641,635,228,9,448,670,695,547,173
2017,1,A,골목상권,2110408,가인초등학교,3517,1881,1636,4,410,716,912,879,596,1,134,415,504,483,344,3,276,301,408,396,252
2017,1,A,골목상권,2110407,도봉역 2번,4390,2543,1847,17,369,741,1101,1298,864,12,120,342,597,833,639,5,249,399,504,465,225
2017,1,A,골목상권,2110406,도봉산역 1번,1821,1223,598,3,115,217,525,640,321,1,51,132,351,468,220,2,64,85,174,172,101
2017,1,A,골목상권,2110405,방학역 1번,3359,1835,1524,16,436,585,840,912,570,8,178,325,439,518,367,8,258,260,401,394,203
2017,1,A,골목상권,2110404,신창초등학교,2837,1395,1442,23,287,484,851,814,378,12,81,209,363,463,267,11,206,275,488,351,111
2017,1,A,골목상권,2110403,방학1동주민센터,3548,1805,1743,11,441,705,938,887,566,5,173,399,489,439,300,6,268,306,449,448,266
2017,1,A,골목상권,2110402,도봉구 정병원,3433,1599,1834,5,386,615,910,894,623,1,111,313,448,388,338,4,275,302,462,506,285
2017,1,A,골목상권,2110401,도봉구민회관,3307,1492,1815,14,363,642,737,781,770,9,130,334,352,351,316,5,233,308,385,430,454
2017,1,A,골목상권,2110400,도봉구보건소,3839,1828,2011,5,480,778,1023,932,621,2,153,410,501,431,331,3,327,368,522,501,290
2017,1,A,골목상권,2110399,창2동주민센터,2454,1099,1355,21,266,459,738,629,341,10,85,222,302,269,211,11,181,237,436,360,130
2017,1,A,골목상권,2110398,쌍문2동우체국,3644,1641,2003,14,368,723,832,907,800,10,139,366,385,416,325,4,229,357,447,491,475
2017,1,A,골목상권,2110397,도봉산입구,2157,1228,929,6,171,344,568,680,388,2,56,153,295,436,286,4,115,191,273,244,102
2017,1,A,골목상권,2110396,쌍문역1번(쌍리단길),2137,862,1275,12,350,508,565,481,221,3,89,210,232,216,112,9,261,298,333,265,109
2017,1,A,골목상권,2110395,신한은행 방학동지점,1408,579,829,1,137,269,368,325,308,0,38,123,139,114,165,1,99,146,229,211,143
2017,1,A,골목상권,2110394,방학중학교,1840,712,1128,1,189,421,504,457,268,0,49,198,190,158,117,1,140,223,314,299,151
2017,1,A,골목상권,2110393,국민은행방학지점,1105,376,729,1,101,228,315,287,173,0,14,92,103,94,73,1,87,136,212,193,100
2017,1,A,골목상권,2110392,발바닥공원,674,235,439,0,78,120,177,160,139,0,19,34,47,55,80,0,59,86,130,105,59
2017,1,A,골목상권,2110391,샘말어린이공원,1090,560,530,0,97,230,257,344,162,0,31,111,109,180,129,0,66,119,148,164,33
2017,1,A,골목상권,2110390,방학초등학교,1991,686,1305,3,192,398,567,544,287,1,47,175,183,155,125,2,145,223,384,389,162
2017,1,A,골목상권,2110389,한일병원,2463,1231,1232,5,504,581,559,530,284,3,129,315,258,318,208,2,375,266,301,212,76
2017,1,A,골목상권,2110388,도봉우체국,1936,789,1147,2,463,468,491,372,140,1,112,225,184,169,98,1,351,243,307,203,42
2017,1,A,골목상권,2110387,쌍문초등학교,1814,772,1042,0,309,423,458,435,189,0,66,199,194,191,122,0,243,224,264,244,67
2017,1,A,골목상권,2110386,연산군묘,763,478,285,0,42,76,178,276,191,0,15,35,88,173,167,0,27,41,90,103,24
2017,1,A,골목상권,2110385,효문고등학교,1338,542,796,1,233,229,351,377,147,1,26,87,144,170,114,0,207,142,207,207,33
2017,1,A,골목상권,2110384,문이교,866,431,435,2,99,149,207,262,147,1,28,72,100,122,108,1,71,77,107,140,39
2017,1,A,골목상권,2110383,덕성여대시반거리,1094,390,704,1,217,192,305,278,101,1,29,84,121,96,59,0,188,108,184,182,42
2017,1,A,골목상권,2110382,솔밭공원역 1번,1704,691,1013,2,284,304,440,479,195,1,42,133,178,197,140,1,242,171,262,282,55
2017,1,A,골목상권,2110381,번동주공2단지,1649,800,849,9,183,345,406,442,264,7,52,124,184,247,186,2,131,221,222,195,78
2017,1,A,골목상권,2110380,강북문화정보도서관,1109,551,558,13,138,191,291,302,174,9,48,87,146,162,99,4,90,104,145,140,75
2017,1,A,골목상권,2110379,KT&G 북부지사,1986,1382,604,11,154,278,551,703,289,10,86,147,349,555,235,1,68,131,202,148,54
2017,1,A,골목상권,2110378,송중동주민센터,1428,662,766,2,189,323,415,301,198,2,78,150,186,122,124,0,111,173,229,179,74
2017,1,A,골목상권,2110377,미아사거리역 3번,3078,1226,1852,18,598,789,797,595,281,6,177,319,343,236,145,12,421,470,454,359,136
2017,1,A,골목상권,2110376,수송초등학교,6590,3851,2739,22,640,1428,1718,1909,873,12,238,742,986,1291,582,10,402,686,732,618,291
2017,1,A,골목상권,2110375,서울북부고용노동지청,2621,1671,950,13,223,419,716,850,400,11,111,241,426,602,280,2,112,178,290,248,120
2017,1,A,골목상권,2110374,송중초등학교,3232,1461,1771,8,378,693,903,775,475,1,107,283,371,365,334,7,271,410,532,410,141
2017,1,A,골목상권,2110373,수유역 2번,7062,3845,3217,26,862,1614,1691,1798,1071,13,313,841,935,1111,632,13,549,773,756,687,439
2017,1,A,골목상권,2110372,강북중학교,1855,928,927,9,243,414,492,463,234,6,88,214,224,243,153,3,155,200,268,220,81
2017,1,A,골목상권,2110371,삼양입구사거리,2225,1006,1219,8,322,472,604,526,293,0,76,196,266,254,214,8,246,276,338,272,79
2017,1,A,골목상권,2110370,도봉세무서,2776,1251,1525,11,329,557,774,701,404,2,95,246,332,316,260,9,234,311,442,385,144
2017,1,A,골목상권,2110369,성신여대운정그린캠퍼스,5762,3187,2575,29,736,1187,1362,1404,1044,14,265,698,798,804,608,15,471,489,564,600,436
2017,1,A,골목상권,2110368,송천초등학교,2003,782,1221,8,335,472,553,431,204,1,75,179,216,167,144,7,260,293,337,264,60
2017,1,A,골목상권,2110367,강북구청,7315,3853,3462,29,919,1639,1686,1717,1325,16,343,853,909,1034,698,13,576,786,777,683,627
2017,1,A,골목상권,2110366,광산사거리,4230,2166,2064,13,355,882,1027,1108,845,9,119,415,517,667,439,4,236,467,510,441,406
2017,1,A,골목상권,2110365,미아역 5번,2584,1157,1427,7,349,594,692,618,324,5,104,240,291,311,206,2,245,354,401,307,118
2017,1,A,골목상권,2110364,미아역 8번,2315,1006,1309,9,317,483,631,566,309,4,80,190,305,260,167,5,237,293,326,306,142
2017,1,A,골목상권,2110363,송천동주민센터,1367,532,835,6,195,316,382,324,144,4,56,130,141,119,82,2,139,186,241,205,62
2017,1,A,골목상권,2110362,우이천 계성교,2508,1124,1384,2,407,485,675,643,296,2,95,260,315,290,162,0,312,225,360,353,134
2017,1,A,골목상권,2110361,삼양사거리역 1번,1372,620,752,6,176,262,355,376,197,3,53,127,145,179,113,3,123,135,210,197,84
2017,1,A,골목상권,2110360,수유초등학교,3939,1916,2023,24,474,606,937,1062,836,14,156,308,425,493,520,10,318,298,512,569,316
2017,1,A,골목상권,2110359,수유시장옆,6727,3362,3365,25,721,1320,1532,1661,1468,15,239,618,753,910,827,10,482,702,779,751,641
2017,1,A,골목상권,2110358,인수동 우편취급국,4387,2201,2186,25,554,766,968,1113,961,14,174,407,467,545,594,11,380,359,501,568,367
2017,1,A,골목상권,2110357,가오리역 1번,1806,822,984,3,250,366,480,443,264,2,77,179,228,210,126,1,173,187,252,233,138
2017,1,A,골목상권,2110356,덕수교,1840,769,1071,0,295,346,533,471,195,0,60,167,230,202,110,0,235,179,303,269,85
2017,1,A,골목상권,2110355,삼양사거리역 2번,1818,717,1101,5,245,389,478,462,239,3,68,160,165,190,131,2,177,229,313,272,108
2017,1,A,골목상권,2110354,삼각산119안전센터,937,313,624,1,152,221,292,191,80,1,36,86,84,60,46,0,116,135,208,131,34
2017,1,A,골목상권,2110353,수유동우체국,1941,793,1148,1,304,347,519,500,270,1,64,171,234,200,123,0,240,176,285,300,147
2017,1,A,골목상권,2110352,수유1동주민센터,2195,1123,1072,6,230,407,701,627,224,3,58,167,363,376,156,3,172,240,338,251,68
2017,1,A,골목상권,2110351,수유북부시장옆,2059,1187,872,7,140,298,584,704,326,6,40,160,350,406,225,1,100,138,234,298,101
2017,1,A,골목상권,2110350,가오리역 2번,2193,936,1257,2,226,501,572,575,317,0,59,195,247,222,213,2,167,306,325,353,104
2017,1,A,골목상권,2110349,화계역 2번,1672,1066,606,6,137,286,502,525,216,3,37,127,317,389,193,3,100,159,185,136,23
2017,1,A,골목상권,2110348,강북문화예술회관,2440,954,1486,3,290,590,693,566,298,1,79,230,294,201,149,2,211,360,399,365,149
2017,1,A,골목상권,2110347,구세군강북종합사회복지관,709,255,454,0,104,180,192,166,67,0,32,55,59,69,40,0,72,125,133,97,27
2017,1,A,골목상권,2110346,4.19민주묘지역 2번,1372,572,800,2,238,266,386,342,138,1,46,137,183,129,76,1,192,129,203,213,62
2017,1,A,골목상권,2110345,솔밭공원역 2번,2267,1126,1141,3,304,349,549,759,303,2,50,155,256,434,229,1,254,194,293,325,74
2017,1,A,골목상권,2110344,화계중학교,1064,693,371,5,72,205,361,351,70,3,15,89,251,270,65,2,57,116,110,81,5
2017,1,A,골목상권,2110343,무너미어린이공원,1789,773,1016,2,194,350,481,444,318,0,64,171,226,159,153,2,130,179,255,285,165
2017,1,A,골목상권,2110342,국립재활원,1974,1102,872,5,165,455,608,554,187,4,50,214,383,335,116,1,115,241,225,219,71
2017,1,A,골목상권,2110341,북한산우이역 2번,703,526,177,0,27,74,137,322,143,0,14,40,99,265,108,0,13,34,38,57,35
2017,1,A,골목상권,2110340,인수중학교,1272,682,590,3,136,192,309,363,269,0,52,98,160,202,170,3,84,94,149,161,99
2017,1,A,골목상권,2110339,국립4.19민주묘지,1110,652,458,3,127,161,255,319,245,0,52,97,152,198,153,3,75,64,103,121,92
2017,1,A,골목상권,2110338,인수초등학교,1675,750,925,3,207,386,409,422,248,0,63,144,173,208,162,3,144,242,236,214,86
2017,1,A,골목상권,2110337,아카데미하우스,1282,688,594,3,137,204,305,364,269,0,50,102,157,208,171,3,87,102,148,156,98
2017,1,A,골목상권,2110336,석관고등학교,2571,1841,730,1,112,361,482,611,1004,1,52,202,316,464,806,0,60,159,166,147,198
2017,1,A,골목상권,2110335,석계역 7번,3873,2343,1530,8,309,612,817,951,1176,2,119,315,457,570,880,6,190,297,360,381,296
2017,1,A,골목상권,2110334,석관중앙교회,2347,1330,1017,3,220,486,649,669,320,0,56,201,370,463,240,3,164,285,279,206,80
2017,1,A,골목상권,2110333,돌곶이역 5번,3784,2334,1450,8,337,580,723,782,1354,1,138,323,396,460,1016,7,199,257,327,322,338
2017,1,A,골목상권,2110332,돌곶이역 3번,3603,2294,1309,10,332,503,671,765,1322,3,141,295,375,468,1012,7,191,208,296,297,310
2017,1,A,골목상권,2110331,돌곶이역 8번,2547,1238,1309,11,336,570,693,530,407,3,99,251,339,258,288,8,237,319,354,272,119
2017,1,A,골목상권,2110330,돌곶이역 1번,2726,1355,1371,9,340,574,683,581,539,3,115,260,329,286,362,6,225,314,354,295,177
2017,1,A,골목상권,2110329,우리은행체육관,1255,565,690,0,114,263,311,308,259,0,29,127,123,153,133,0,85,136,188,155,126
2017,1,A,골목상권,2110328,상월곡역 3번,2208,1096,1112,4,289,530,647,478,260,1,109,248,344,227,167,3,180,282,303,251,93
2017,1,A,골목상권,2110327,상월곡역 2번,1726,801,925,2,207,388,541,385,203,0,92,180,232,160,137,2,115,208,309,225,66
2017,1,A,골목상권,2110326,장위동성당,945,399,546,1,75,244,295,202,128,1,22,104,106,85,81,0,53,140,189,117,47
2017,1,A,골목상권,2110325,장곡초등학교,1190,513,677,13,135,239,340,297,166,9,45,126,142,121,70,4,90,113,198,176,96
2017,1,A,골목상권,2110324,월곡역 4번,3645,2071,1574,7,557,1089,895,716,381,5,244,659,536,417,210,2,313,430,359,299,171
2017,1,A,골목상권,2110323,상월곡역 1번,3872,2165,1707,7,622,1031,953,837,422,5,232,610,548,504,266,2,390,421,405,333,156
2017,1,A,골목상권,2110322,장위1동주민센터,967,471,496,13,112,141,245,259,197,9,46,87,108,113,108,4,66,54,137,146,89
2017,1,A,골목상권,2110321,동덕여대,1969,845,1124,4,309,363,535,479,279,3,62,163,239,220,158,1,247,200,296,259,121
2017,1,A,골목상권,2110320,KB국민은행 종암동지점,2983,1772,1211,7,371,659,889,758,299,3,127,332,567,528,215,4,244,327,322,230,84
2017,1,A,골목상권,2110319,종암동주민센터,2902,1481,1421,10,458,671,781,729,253,1,168,355,418,407,132,9,290,316,363,322,121
2017,1,A,골목상권,2110318,KT월곡지사,4978,2772,2206,14,643,1132,1319,1087,783,1,257,622,746,628,518,13,386,510,573,459,265
2017,1,A,골목상권,2110317,종암중학교,2910,1745,1165,6,389,647,864,724,280,3,135,322,558,524,203,3,254,325,306,200,77
2017,1,A,골목상권,2110316,숭곡초등학교,5804,2903,2901,25,838,1305,1496,1195,945,9,300,624,744,600,626,16,538,681,752,595,319
2017,1,A,골목상권,2110315,종암아이파크2차,1723,691,1032,9,293,360,442,412,207,1,84,157,172,164,113,8,209,203,270,248,94
2017,1,A,골목상권,2110314,종암경찰서,3404,1944,1460,9,419,666,854,776,680,1,164,377,477,461,464,8,255,289,377,315,216
2017,1,A,골목상권,2110313,안암역 3번,8024,4090,3934,24,1571,2238,2065,1458,668,10,438,1046,1238,919,439,14,1133,1192,827,539,229
2017,1,A,골목상권,2110312,안암역 2번,6137,2992,3145,9,1355,1782,1569,1075,347,4,342,769,936,711,230,5,1013,1013,633,364,117
2017,1,A,골목상권,2110311,종암아이파크2차후문,331,106,225,0,34,88,101,66,42,0,9,32,25,18,22,0,25,56,76,48,20
2017,1,A,골목상권,2110310,길음역 10번,1666,614,1052,4,186,306,461,371,338,1,49,115,159,121,169,3,137,191,302,250,169
2017,1,A,골목상권,2110309,대광초등학교,3811,2175,1636,23,505,922,1021,798,542,4,179,544,620,472,356,19,326,378,401,326,186
2017,1,A,골목상권,2110308,길음역 8번,2487,918,1569,11,318,477,704,545,432,5,86,183,237,191,216,6,232,294,467,354,216
2017,1,A,골목상권,2110307,길음역 7번,2179,825,1354,12,306,379,601,476,405,7,77,162,222,167,190,5,229,217,379,309,215
2017,1,A,골목상권,2110306,미아초등학교,1405,507,898,6,240,325,431,258,145,3,65,118,142,104,75,3,175,207,289,154,70
2017,1,A,골목상권,2110305,보문역 5번,6006,2582,3424,28,1356,1746,1424,990,462,6,295,715,747,529,290,22,1061,1031,677,461,172
2017,1,A,골목상권,2110304,보문역 4번,8638,4061,4577,29,1621,2404,2244,1802,538,14,402,940,1191,1177,337,15,1219,1464,1053,625,201
2017,1,A,골목상권,2110303,성신여대입구역 1번,7522,2997,4525,36,1859,2122,1758,1199,548,15,381,847,861,594,299,21,1478,1275,897,605,249
2017,1,A,골목상권,2110302,보문역 8번,2386,1164,1222,15,350,537,581,555,348,4,104,267,310,275,204,11,246,270,271,280,144
2017,1,A,골목상권,2110301,성신여대입구역 7번,3739,1645,2094,38,676,862,922,729,512,18,205,401,445,307,269,20,471,461,477,422,243
2017,1,A,골목상권,2110300,삼선동주민센터,12456,5672,6784,54,2383,3130,3028,2722,1139,26,588,1299,1578,1566,615,28,1795,1831,1450,1156,524
2017,1,A,골목상권,2110299,정릉역 1번,2533,979,1554,14,384,605,696,528,306,8,87,233,265,214,172,6,297,372,431,314,134
2017,1,A,골목상권,2110298,솔숲어린이공원,1140,435,705,6,154,254,327,259,140,4,38,88,118,103,84,2,116,166,209,156,56
2017,1,A,골목상권,2110297,경동고등학교,8592,4261,4331,35,1103,1880,2227,2295,1052,20,374,860,1159,1307,541,15,729,1020,1068,988,511
2017,1,A,골목상권,2110296,성신여대입구역 4번,5456,2234,3222,28,797,981,1028,1207,1415,16,230,441,465,472,610,12,567,540,563,735,805
2017,1,A,골목상권,2110295,정릉우체국,1973,1036,937,5,212,332,536,565,323,2,69,132,249,348,236,3,143,200,287,217,87
2017,1,A,골목상권,2110294,서경대학교,2574,1410,1164,6,293,442,643,789,401,2,72,188,333,507,308,4,221,254,310,282,93
2017,1,A,골목상권,2110293,삼선중학교,6587,2751,3836,34,907,1349,1406,1403,1488,20,266,603,649,593,620,14,641,746,757,810,868
2017,1,A,골목상권,2110292,정릉역 2번,1067,437,630,4,142,237,330,243,111,2,51,93,130,99,62,2,91,144,200,144,49
2017,1,A,골목상권,2110291,한성대입구역 3번,3518,1719,1799,20,613,759,931,801,394,10,214,353,480,437,225,10,399,406,451,364,169
2017,1,A,골목상권,2110290,북한산보국문역 1번,1636,843,793,1,175,288,421,519,232,1,39,136,219,301,147,0,136,152,202,218,85
2017,1,A,골목상권,2110289,북한산보국문역 2번,1783,929,854,5,183,311,519,498,267,3,64,121,267,293,181,2,119,190,252,205,86
2017,1,A,골목상권,2110288,동구여중,2724,1250,1474,21,441,792,758,483,229,10,132,329,361,286,132,11,309,463,397,197,97
2017,1,A,골목상권,2110287,정릉3동주민센터,1073,636,437,3,100,180,331,317,142,2,37,73,217,207,100,1,63,107,114,110,42
2017,1,A,골목상권,2110286,한성대입구역 5번,3633,1836,1797,21,543,974,958,738,399,10,161,415,504,475,271,11,382,559,454,263,128
2017,1,A,골목상권,2110285,홍대부중,2452,1102,1350,6,354,759,703,433,197,3,107,300,331,246,115,3,247,459,372,187,82
2017,1,A,골목상권,2110284,정릉북한산국립공원입구,911,721,190,1,41,115,297,317,140,1,6,87,246,262,119,0,35,28,51,55,21
2017,1,A,골목상권,2110283,성북초등학교앞,1945,941,1004,4,302,503,529,423,184,2,94,224,272,244,105,2,208,279,257,179,79
2017,1,A,골목상권,2110282,국민대학교앞,2384,1478,906,4,311,475,773,602,219,3,109,221,508,458,179,1,202,254,265,144,40
2017,1,A,골목상권,2110281,길상사,874,466,408,1,161,244,200,180,88,0,51,137,113,104,61,1,110,107,87,76,27
2017,1,A,골목상권,2110280,북정마을,2043,1023,1020,5,364,637,500,405,132,1,123,298,287,226,88,4,241,339,213,179,44
2017,1,A,골목상권,2110279,신내역 2번,3659,1865,1794,0,786,1018,870,748,237,0,206,535,505,463,156,0,580,483,365,285,81
2017,1,A,골목상권,2110278,망우본동주민센터,4148,2088,2060,11,544,800,1017,1094,682,5,148,307,460,657,511,6,396,493,557,437,171
2017,1,A,골목상권,2110277,러스크서울병원,3959,2067,1892,11,509,706,921,1079,733,4,154,293,450,650,516,7,355,413,471,429,217
2017,1,A,골목상권,2110276,신내IC북측,1850,1363,487,0,204,459,487,553,147,0,132,362,378,396,95,0,72,97,109,157,52
2017,1,A,골목상권,2110275,하나은행 망우동지점,2944,1544,1400,8,352,506,629,863,586,3,107,188,309,528,409,5,245,318,320,335,177
2017,1,A,골목상권,2110274,서일대학교,2948,1544,1404,6,333,534,760,837,478,4,111,239,386,486,318,2,222,295,374,351,160
2017,1,A,골목상권,2110273,장스여성병원,3139,1650,1489,10,379,566,700,852,632,3,104,207,333,532,471,7,275,359,367,320,161
2017,1,A,골목상권,2110272,신내1동주민센터,5628,2819,2809,17,517,1197,1512,1597,788,11,164,527,660,957,500,6,353,670,852,640,288
2017,1,A,골목상권,2110271,신내역 1번,4151,2211,1940,2,790,1102,1010,965,282,1,223,620,612,580,175,1,567,482,398,385,107
2017,1,A,골목상권,2110270,혜원여고,1689,837,852,8,184,303,411,486,297,5,60,144,193,251,184,3,124,159,218,235,113
2017,1,A,골목상권,2110269,용마문화복지센터,2346,1301,1045,4,252,380,616,702,392,4,94,184,349,409,261,0,158,196,267,293,131
2017,1,A,골목상권,2110268,망우3동주민센터,2517,1486,1031,9,251,356,546,653,702,6,112,204,297,356,511,3,139,152,249,297,191
2017,1,A,골목상권,2110267,망우역 2번,3868,1762,2106,17,444,730,973,1058,646,11,134,326,393,516,382,6,310,404,580,542,264
2017,1,A,골목상권,2110266,면목동우체국,3226,1827,1399,8,288,529,833,1049,519,4,71,240,448,678,386,4,217,289,385,371,133
2017,1,A,골목상권,2110265,망우역 1번,5041,2706,2335,20,678,907,1101,1294,1041,6,213,386,566,807,728,14,465,521,535,487,313
2017,1,A,골목상권,2110264,면목역 2번,3349,1615,1734,8,372,592,928,976,473,5,121,274,459,489,267,3,251,318,469,487,206
2017,1,A,골목상권,2110263,면목역 1번,5855,2962,2893,15,706,1192,1821,1349,772,6,343,772,786,518,537,9,363,420,1035,831,235
2017,1,A,골목상권,2110262,상봉역 3번,6344,3349,2995,18,800,1311,1857,1485,873,5,379,829,823,675,638,13,421,482,1034,810,235
2017,1,A,골목상권,2110261,사가정역 4번,3537,2099,1438,9,367,557,920,1159,525,5,98,261,517,806,412,4,269,296,403,353,113
2017,1,A,골목상권,2110260,면목역 3번,4782,2351,2431,8,585,1067,1635,1142,345,2,278,693,687,448,243,6,307,374,948,694,102
2017,1,A,골목상권,2110259,사가정역 1번,3191,1582,1609,10,456,667,803,818,437,4,93,280,412,490,303,6,363,387,391,328,134
2017,1,A,골목상권,2110258,면동초등학교,2448,1148,1300,6,368,494,601,627,352,3,70,206,286,342,241,3,298,288,315,285,111
2017,1,A,골목상권,2110257,상봉역 7번,3315,1898,1417,11,394,599,766,951,594,6,110,293,382,640,467,5,284,306,384,311,127
2017,1,A,골목상권,2110256,면목2동체육관,6185,3097,3088,11,724,1366,2026,1508,550,3,335,840,890,650,379,8,389,526,1136,858,171
2017,1,A,골목상권,2110255,상봉역 4번,7280,3702,3578,21,945,1574,2225,1745,770,5,389,941,990,842,535,16,556,633,1235,903,235
2017,1,A,골목상권,2110254,오거리공원,2332,1345,987,10,227,437,673,725,260,7,82,194,375,490,197,3,145,243,298,235,63
2017,1,A,골목상권,2110253,중곡초등학교,1990,1163,827,9,204,330,552,621,274,9,71,154,309,427,193,0,133,176,243,194,81
2017,1,A,골목상권,2110252,장안제일시장,2474,1346,1128,1,352,515,625,615,366,1,83,230,343,401,288,0,269,285,282,214,78
2017,1,A,골목상권,2110251,장안중학교,2389,1229,1160,7,279,411,633,652,407,3,64,170,265,405,322,4,215,241,368,247,85
2017,1,A,골목상권,2110250,화랑대역 7번,1992,821,1171,3,220,435,570,525,239,1,60,198,226,208,128,2,160,237,344,317,111
2017,1,A,골목상권,2110249,중화역 1번,3349,1615,1734,9,366,669,886,731,688,2,108,312,413,313,467,7,258,357,473,418,221
2017,1,A,골목상권,2110248,먹골파출소,1498,720,778,1,208,364,406,378,141,1,79,198,185,155,102,0,129,166,221,223,39
2017,1,A,골목상권,2110247,먹골역 1번,2597,1311,1286,3,370,636,710,583,295,2,124,327,367,300,191,1,246,309,343,283,104
2017,1,A,골목상권,2110246,월드순복음교회,2976,1571,1405,18,366,561,721,762,548,7,113,279,371,437,364,11,253,282,350,325,184
2017,1,A,골목상권,2110245,KB국민은행 중화동지점,2319,1248,1071,13,249,384,606,609,458,7,77,183,300,356,325,6,172,201,306,253,133
2017,1,A,골목상권,2110244,중화역 4번,4310,2777,1533,8,322,535,760,754,1931,2,105,246,353,346,1725,6,217,289,407,408,206
2017,1,A,골목상권,2110243,중랑노인종합복지관,2610,1371,1239,7,289,507,699,688,420,2,86,246,339,393,305,5,203,261,360,295,115
2017,1,A,골목상권,2110242,면목5동주민센터,1571,978,593,2,125,264,416,473,291,1,53,145,236,313,230,1,72,119,180,160,61
2017,1,A,골목상권,2110241,먹골역 5번,3142,1557,1585,8,353,644,829,703,605,4,115,304,404,325,405,4,238,340,425,378,200
2017,1,A,골목상권,2110240,태릉시장 특화거리,3045,2087,958,12,218,331,499,452,1533,7,73,161,214,208,1424,5,145,170,285,244,109
2017,1,A,골목상권,2110239,중랑역 2번,916,452,464,13,143,181,221,186,172,7,50,93,112,93,97,6,93,88,109,93,75
2017,1,A,골목상권,2110238,배꽃어린이공원,2872,2247,625,5,148,231,323,368,1797,2,62,136,188,209,1650,3,86,95,135,159,147
2017,1,A,골목상권,2110237,메가박스 상봉,5012,3155,1857,34,711,1147,1417,1237,466,15,297,745,928,876,294,19,414,402,489,361,172
2017,1,A,골목상권,2110236,신묵초등학교,3206,1682,1524,5,379,693,827,687,615,3,127,356,429,351,416,2,252,337,398,336,199
2017,1,A,골목상권,2110235,세화어린이공원,1995,1602,393,2,71,102,214,246,1360,2,33,49,80,112,1326,0,38,53,134,134,34
2017,1,A,골목상권,2110234,중랑역 4번,4217,2936,1281,31,569,981,1221,1037,378,14,275,702,890,811,244,17,294,279,331,226,134
2017,1,A,골목상권,2110233,중랑역 1번,4142,2848,1294,30,585,954,1178,1035,360,15,281,676,834,806,236,15,304,278,344,229,124
2017,1,A,골목상권,2110232,동대부고,4260,2240,2020,20,661,969,1088,1019,503,8,267,514,572,543,336,12,394,455,516,476,167
2017,1,A,골목상권,2110231,장안교,2159,1327,832,4,311,494,602,507,241,2,169,286,366,316,188,2,142,208,236,191,53
2017,1,A,골목상권,2110230,장안현대홈타운1차아파트,5173,2444,2729,32,829,1265,1385,1076,586,13,265,590,698,515,363,19,564,675,687,561,223
2017,1,A,골목상권,2110229,장평중학교,10299,6295,4004,55,1531,2526,2474,2004,1709,25,654,1539,1544,1271,1262,30,877,987,930,733,447
2017,1,A,골목상권,2110228,장안근린공원,7103,3551,3552,37,1081,1647,1867,1641,830,16,413,877,925,817,503,21,668,770,942,824,327
2017,1,A,골목상권,2110227,답십리공원,2927,1411,1516,8,397,672,790,725,335,4,155,368,355,354,175,4,242,304,435,371,160
2017,1,A,골목상권,2110226,장안1동주민센터,11221,6260,4961,75,1641,2514,2781,2385,1825,33,633,1411,1659,1336,1188,42,1008,1103,1122,1049,637
2017,1,A,골목상권,2110225,촬영소사거리,3448,2111,1337,11,425,807,946,774,485,7,216,535,599,459,295,4,209,272,347,315,190
2017,1,A,골목상권,2110224,외대앞역 2번,831,359,472,4,129,173,220,180,125,0,39,88,100,71,61,4,90,85,120,109,64
2017,1,A,골목상권,2110223,군자초등학교,11537,7373,4164,67,1671,2702,2579,2331,2187,18,892,1805,1684,1445,1529,49,779,897,895,886,658
2017,1,A,골목상권,2110222,회기역 2번,1381,657,724,12,275,312,282,223,277,3,79,162,147,105,161,9,196,150,135,118,116
2017,1,A,골목상권,2110221,의릉,1187,542,645,7,155,282,355,267,121,2,36,104,191,137,72,5,119,178,164,130,49
2017,1,A,골목상권,2110220,외대앞역 1번,5585,2952,2633,9,711,1403,1654,1254,554,1,194,565,940,841,411,8,517,838,714,413,143
2017,1,A,골목상권,2110219,삼육보건대학교,5125,2378,2747,17,927,1211,1244,1098,628,3,263,527,631,566,388,14,664,684,613,532,240
2017,1,A,골목상권,2110218,답십리사거리,2026,1072,954,9,254,420,545,506,292,3,93,235,298,276,167,6,161,185,247,230,125
2017,1,A,골목상권,2110217,자동차부품상가,18151,13451,4700,56,2175,3934,6991,3631,1364,41,1373,2895,5517,2665,960,15,802,1039,1474,966,404
2017,1,A,골목상권,2110216,전농중학교,1913,811,1102,7,261,500,543,423,179,4,69,197,216,207,118,3,192,303,327,216,61
2017,1,A,골목상권,2110215,회기역 1번,4365,2287,2078,10,633,1065,1221,881,555,1,167,431,690,574,424,9,466,634,531,307,131
2017,1,A,골목상권,2110214,경희대후문,7936,3755,4181,10,1320,2335,2135,1609,527,1,322,924,1102,991,415,9,998,1411,1033,618,112
2017,1,A,골목상권,2110213,청량초등학교,6374,2777,3597,15,1204,1942,1667,1138,408,4,285,769,779,634,306,11,919,1173,888,504,102
2017,1,A,골목상권,2110212,답십리초등학교,5630,3108,2522,23,1118,1488,1360,1025,616,12,614,956,675,484,367,11,504,532,685,541,249
2017,1,A,골목상권,2110211,전곡마을마당공원,3531,1863,1668,9,410,869,988,876,379,4,152,383,540,524,260,5,258,486,448,352,119
2017,1,A,골목상권,2110210,서울시립대,4078,2196,1882,26,541,1038,1112,958,403,10,191,483,638,586,288,16,350,555,474,372,115
2017,1,A,골목상권,2110209,답십리 장령당공원,1942,1210,732,16,261,469,519,379,298,5,140,303,323,209,230,11,121,166,196,170,68
2017,1,A,골목상권,2110208,시조사삼거리,2371,1181,1190,11,359,606,653,505,237,4,108,310,361,260,138,7,251,296,292,245,99
2017,1,A,골목상권,2110207,시립대앞사거리,3687,2049,1638,48,606,916,932,793,392,23,253,428,547,504,294,25,353,488,385,289,98
2017,1,A,골목상권,2110206,텃골근린공원,1803,841,962,8,218,413,534,423,207,5,88,204,250,195,99,3,130,209,284,228,108
2017,1,A,골목상권,2110205,경희대삼거리,8445,3889,4556,32,1577,2492,2173,1572,599,15,432,1069,1074,890,409,17,1145,1423,1099,682,190
2017,1,A,골목상권,2110204,간데메공원,2543,1458,1085,14,392,635,697,525,280,2,189,390,410,286,181,12,203,245,287,239,99
2017,1,A,골목상권,2110203,떡전교사거리,3770,2088,1682,46,677,925,910,783,429,23,310,533,533,425,264,23,367,392,377,358,165
2017,1,A,골목상권,2110202,전농1동주민센터(전농시장),825,434,391,3,104,168,220,203,127,1,43,91,126,109,64,2,61,77,94,94,63
2017,1,A,골목상권,2110201,전농119안전센터,1081,591,490,3,144,253,296,240,145,1,60,150,176,124,80,2,84,103,120,116,65
2017,1,A,골목상권,2110200,동대문경찰서,2487,1490,997,7,292,567,614,610,397,2,155,368,394,345,226,5,137,199,220,265,171
2017,1,A,골목상권,2110199,홍릉시장,2852,1759,1093,7,321,660,732,679,453,2,177,427,474,394,285,5,144,233,258,285,168
2017,1,A,골목상권,2110198,동대문중앙새마을금고본점,1266,750,516,6,111,246,294,300,309,2,50,145,181,162,210,4,61,101,113,138,99
2017,1,A,골목상권,2110197,세종대왕기념관교차로,1819,1160,659,6,308,570,390,386,159,6,137,348,259,284,126,0,171,222,131,102,33
2017,1,A,골목상권,2110196,홍릉근린공원,963,449,514,1,107,194,244,252,165,0,39,99,112,100,99,1,68,95,132,152,66
2017,1,A,골목상권,2110195,동대문구청,6350,3539,2811,24,760,1489,1586,1659,832,14,302,797,848,1029,549,10,458,692,738,630,283
2017,1,A,골목상권,2110194,홍파초등학교,2734,1605,1129,7,271,532,769,692,463,3,139,321,447,383,312,4,132,211,322,309,151
2017,1,A,골목상권,2110193,고려대역 4번,3392,2184,1208,7,390,824,990,852,329,4,166,465,666,639,244,3,224,359,324,213,85
2017,1,A,골목상권,2110192,동의보감타워,5411,3068,2343,28,612,1213,1393,1463,702,11,235,637,739,982,464,17,377,576,654,481,238
2017,1,A,골목상권,2110191,고려대역 6번,3294,2101,1193,8,363,662,1040,842,379,3,168,385,676,598,271,5,195,277,364,244,108
2017,1,A,골목상권,2110190,고대앞사거리,4631,2668,1963,25,682,1065,1361,1055,443,6,289,575,835,675,288,19,393,490,526,380,155
2017,1,A,골목상권,2110189,제기동역 1번,5672,3335,2337,36,888,1302,1292,1174,980,6,351,763,768,729,718,30,537,539,524,445,262
2017,1,A,골목상권,2110188,용두동신동아아파트,12467,8281,4186,40,1811,3097,3176,2938,1405,14,883,2075,2339,2019,951,26,928,1022,837,919,454
2017,1,A,골목상권,2110187,제기동역 6번,9300,5727,3573,41,1844,2712,2189,1461,1053,7,783,1701,1523,966,747,34,1061,1011,666,495,306
2017,1,A,골목상권,2110186,종암초등학교,1859,997,862,5,289,430,493,365,277,3,118,244,281,188,163,2,171,186,212,177,114
2017,1,A,골목상권,2110185,용두초등학교,12764,6736,6028,83,2288,3772,3891,1899,831,10,847,2251,2041,1084,503,73,1441,1521,1850,815,328
2017,1,A,골목상권,2110184,용두사거리,9580,5297,4283,90,2211,2824,2250,1307,898,14,733,1649,1430,835,636,76,1478,1175,820,472,262
2017,1,A,골목상권,2110183,한국의류시험연구원,5151,2807,2344,58,1061,1285,1076,870,801,16,330,700,635,535,591,42,731,585,441,335,210
2017,1,A,골목상권,2110182,용두희망어린이공원,5337,2804,2533,60,1071,1376,1281,920,629,17,348,754,758,530,397,43,723,622,523,390,232
2017,1,A,골목상권,2110181,신설동역 9번,18941,10550,8391,145,3000,4855,5143,3316,2482,77,1340,2983,2852,1848,1450,68,1660,1872,2291,1468,1032
2017,1,A,골목상권,2110180,광진정보도서관,6014,3427,2587,63,1208,1879,1492,959,413,27,440,1093,1024,557,286,36,768,786,468,402,127
2017,1,A,골목상권,2110179,광나루역 1번,2084,1078,1006,19,363,564,488,391,259,11,120,261,282,207,197,8,243,303,206,184,62
2017,1,A,골목상권,2110178,장로회신학대학교,2475,1374,1101,21,401,605,612,528,308,11,137,368,386,273,199,10,264,237,226,255,109
2017,1,A,골목상권,2110177,동의초등학교,906,383,523,6,137,168,260,226,109,1,58,60,114,96,54,5,79,108,146,130,55
2017,1,A,골목상권,2110176,해오름공원,1500,719,781,1,173,286,418,419,203,0,55,111,214,219,120,1,118,175,204,200,83
2017,1,A,골목상권,2110175,푸른동산공원,12300,7680,4620,35,1313,2786,3809,3179,1178,25,768,1937,2541,1737,672,10,545,849,1268,1442,506
2017,1,A,골목상권,2110174,아차산역 1번,3723,1792,1931,17,489,789,944,957,527,10,182,357,449,473,321,7,307,432,495,484,206
2017,1,A,골목상권,2110173,구남초등학교,15489,10274,5215,58,1513,3373,4689,3973,1883,37,929,2408,3331,2365,1204,21,584,965,1358,1608,679
2017,1,A,골목상권,2110172,광진초등학교,3944,2207,1737,49,527,811,1028,981,548,14,209,429,602,577,376,35,318,382,426,404,172
2017,1,A,골목상권,2110171,중곡4동주민센터,2255,1114,1141,1,223,512,637,659,223,0,68,221,324,357,144,1,155,291,313,302,79
2017,1,A,골목상권,2110170,동대부여고,10521,6645,3876,10,970,2310,3539,2968,724,8,559,1594,2373,1670,441,2,411,716,1166,1298,283
2017,1,A,골목상권,2110169,성동초등학교,10717,7570,3147,31,1007,2466,3482,2494,1237,20,609,1689,2647,1699,906,11,398,777,835,795,331
2017,1,A,골목상권,2110168,대원고등학교,2340,1245,1095,3,233,527,652,655,270,1,70,241,354,381,198,2,163,286,298,274,72
2017,1,A,골목상권,2110167,용마초등학교,5095,2703,2392,17,599,1110,1367,1256,746,10,227,587,710,677,492,7,372,523,657,579,254
2017,1,A,골목상권,2110166,구의1동주민센터,15386,9592,5794,39,1966,4070,4533,3688,1090,23,796,2314,3125,2606,728,16,1170,1756,1408,1082,362
2017,1,A,골목상권,2110165,국립정신건강센터,3447,1721,1726,5,352,743,1015,941,391,2,107,343,496,503,270,3,245,400,519,438,121
2017,1,A,골목상권,2110164,아차산역 5번,3939,2077,1862,29,566,957,960,870,557,16,213,503,517,452,376,13,353,454,443,418,181
2017,1,A,골목상권,2110163,성자초등학교,6500,4637,1863,12,596,1586,2331,1571,404,11,383,1115,1784,1060,284,1,213,471,547,511,120
2017,1,A,골목상권,2110162,군자역 4번,4704,2401,2303,17,674,1101,1258,1040,614,11,249,571,644,523,403,6,425,530,614,517,211
2017,1,A,골목상권,2110161,중곡역 3번,3122,1734,1388,5,374,607,796,906,434,2,136,307,410,592,287,3,238,300,386,314,147
2017,1,A,골목상권,2110160,광진경찰서,4992,2373,2619,22,1025,1688,1194,838,225,12,309,773,660,485,134,10,716,915,534,353,91
2017,1,A,골목상권,2110159,구의역 4번,19162,11545,7617,47,2599,4725,5285,4405,2101,25,951,2478,3460,3016,1615,22,1648,2247,1825,1389,486
2017,1,A,골목상권,2110158,중곡3동주민센터,3519,2000,1519,7,462,742,890,982,436,5,167,404,482,643,299,2,295,338,408,339,137
2017,1,A,골목상권,2110157,자양동우체국,1901,852,1049,5,302,453,501,437,203,5,91,194,230,212,120,0,211,259,271,225,83
2017,1,A,골목상권,2110156,군자역 5번,8017,4211,3806,47,1552,2032,2077,1586,723,23,609,1194,1151,767,467,24,943,838,926,819,256
2017,1,A,골목상권,2110155,광진구청,12862,7378,5484,48,1989,3396,3074,2832,1523,24,668,1621,1867,2045,1153,24,1321,1775,1207,787,370
2017,1,A,골목상권,2110154,광진정말공원,4072,2080,1992,17,604,856,1009,882,704,7,222,394,471,469,517,10,382,462,538,413,187
2017,1,A,골목상권,2110153,중곡1동주민센터,5299,3195,2104,17,717,1291,1411,1179,684,13,330,829,865,713,445,4,387,462,546,466,239
2017,1,A,골목상권,2110152,중곡어린이공원,2992,1790,1202,6,408,686,687,551,654,4,158,372,351,324,581,2,250,314,336,227,73
2017,1,A,골목상권,2110151,자양한강도서관,2406,1149,1257,4,340,493,611,541,417,1,104,207,251,269,317,3,236,286,360,272,100
2017,1,A,골목상권,2110150,중곡1동 마을마당,5787,3658,2129,15,704,1395,1438,1164,1071,11,311,889,899,711,837,4,393,506,539,453,234
2017,1,A,골목상권,2110149,세종대학교,4037,1794,2243,26,973,925,1040,810,263,9,312,464,499,350,160,17,661,461,541,460,103
2017,1,A,골목상권,2110148,어린이대공원역 3번,4438,1970,2468,37,1116,1413,982,687,203,10,327,565,518,392,158,27,789,848,464,295,45
2017,1,A,골목상권,2110147,능동우편취급국,7783,4259,3524,36,1489,1957,2048,1568,685,18,613,1186,1173,843,426,18,876,771,875,725,259
2017,1,A,골목상권,2110146,신자초등학교,2293,1070,1223,5,244,451,586,551,456,2,75,174,220,250,349,3,169,277,366,301,107
2017,1,A,골목상권,2110145,장안초등학교,2748,1615,1133,20,540,601,720,614,253,9,255,337,439,382,193,11,285,264,281,232,60
2017,1,A,골목상권,2110144,어린이대공원역 4번,5262,2428,2834,31,1281,1598,1184,851,317,12,413,661,619,480,243,19,868,937,565,371,74
2017,1,A,골목상권,2110143,뚝섬유원지역 1번,1211,564,647,10,132,263,311,312,183,6,47,119,150,130,112,4,85,144,161,182,71
2017,1,A,골목상권,2110142,화양사거리,6683,4028,2655,26,1237,1944,1641,1189,646,12,614,1289,969,681,463,14,623,655,672,508,183
2017,1,A,골목상권,2110141,건대입구역 1번,6735,4127,2608,27,1188,1690,1605,1316,909,12,571,1116,1019,778,631,15,617,574,586,538,278
2017,1,A,골목상권,2110140,건대입구역 6번,11106,6602,4504,52,2163,2896,2587,2068,1340,29,874,1839,1634,1268,958,23,1289,1057,953,800,382
2017,1,A,골목상권,2110139,자양4동주민센터,2572,1478,1094,15,333,574,612,653,385,10,159,326,351,361,271,5,174,248,261,292,114
2017,1,A,골목상권,2110138,송정체육공원,7133,4327,2806,32,1387,2112,1735,1196,671,11,680,1405,1023,703,505,21,707,707,712,493,166
2017,1,A,골목상권,2110137,성수초등학교,28565,17995,10570,156,5389,7864,7223,4975,2958,95,2445,5159,4764,3287,2245,61,2944,2705,2459,1688,713
2017,1,A,골목상권,2110136,경수초등학교,60987,29412,31575,244,10473,16354,19569,11660,2687,178,5669,10715,7444,3425,1981,66,4804,5639,12125,8235,706
2017,1,A,골목상권,2110135,성동세무서,15180,9178,6002,92,2216,3853,3744,3348,1927,41,1049,2527,2516,1914,1131,51,1167,1326,1228,1434,796
2017,1,A,골목상권,2110134,성수119안전센터,36175,14547,21628,156,5381,8589,13385,8069,595,116,3541,6048,3327,1099,416,40,1840,2541,10058,6970,179
2017,1,A,골목상권,2110133,서울교통공사,19900,14314,5586,100,2359,4085,7021,4343,1992,50,1458,3045,5763,2890,1108,50,901,1040,1258,1453,884
2017,1,A,골목상권,2110132,성수2가3동주민센터,12362,7370,4992,79,2413,3677,3255,1931,1007,41,986,2218,2062,1311,752,38,1427,1459,1193,620,255
2017,1,A,골목상권,2110131,성수동카페거리,64919,30822,34097,399,12497,18638,20150,11356,1879,221,6885,12163,7409,2854,1290,178,5612,6475,12741,8502,589
2017,1,A,골목상권,2110130,답십리역 6번,4471,2332,2139,24,787,1169,1087,886,518,10,358,678,517,427,342,14,429,491,570,459,176
2017,1,A,골목상권,2110129,성원어린이공원,13553,8107,5446,87,2699,4150,3458,2015,1144,48,1120,2591,2205,1334,809,39,1579,1559,1253,681,335
2017,1,A,골목상권,2110128,성원중학교,36954,15115,21839,161,5386,8648,13593,8461,705,115,3549,6100,3429,1419,503,46,1837,2548,10164,7042,202
2017,1,A,골목상권,2110127,성수1가1동주민센터,44511,19028,25483,265,7864,11601,15108,8916,757,157,5026,8094,3992,1206,553,108,2838,3507,11116,7710,204
2017,1,A,골목상권,2110126,서울숲역 1번,14575,7912,6663,96,3258,4708,3437,2246,830,35,1642,2962,1735,957,581,61,1616,1746,1702,1289,249
2017,1,A,골목상권,2110125,사근동살곶이상점가,7233,3522,3711,7,1440,1847,2029,1445,465,4,381,832,1019,921,365,3,1059,1015,1010,524,100
2017,1,A,골목상권,2110124,뚝섬역교차로,10942,6498,4444,100,2891,3419,2067,1599,866,35,1154,2065,1397,1139,708,65,1737,1354,670,460,158
2017,1,A,골목상권,2110123,마장역 3번,2413,1390,1023,9,240,521,678,664,301,4,98,286,392,387,223,5,142,235,286,277,78
2017,1,A,골목상권,2110122,마장역 2번,2824,1802,1022,8,283,635,804,730,364,4,154,394,528,457,265,4,129,241,276,273,99
2017,1,A,골목상권,2110121,한양대역 4번,7505,3730,3775,29,1539,1867,2005,1479,586,14,434,841,1023,938,480,15,1105,1026,982,541,106
2017,1,A,골목상권,2110120,서울숲카페거리,3246,2011,1235,19,405,629,683,925,585,9,167,340,415,610,470,10,238,289,268,315,115
2017,1,A,골목상권,2110119,마장지하차도,5302,3118,2184,42,624,1343,1346,1263,684,21,283,715,746,872,481,21,341,628,600,391,203
2017,1,A,골목상권,2110118,왕십리역 9번,2992,1487,1505,42,516,684,648,658,444,24,196,320,303,325,319,18,320,364,345,333,125
2017,1,A,골목상권,2110117,성동구보건소,6692,3649,3043,43,820,1696,1664,1629,840,21,357,906,907,944,514,22,463,790,757,685,326
2017,1,A,골목상권,2110116,청계천박물관,11930,7477,4453,31,1282,2609,3022,3507,1479,20,617,1603,1948,2305,984,11,665,1006,1074,1202,495
2017,1,A,골목상권,2110115,상왕십리역 3번,10074,4980,5094,50,1604,2597,2785,2124,914,18,584,1233,1324,1260,561,32,1020,1364,1461,864,353
2017,1,A,골목상권,2110114,왕십리파출소,2600,1246,1354,6,333,666,661,645,289,0,127,383,364,242,130,6,206,283,297,403,159
2017,1,A,골목상권,2110113,응봉산,396,154,242,0,45,74,99,99,79,0,8,21,30,33,62,0,37,53,69,66,17
2017,1,A,골목상권,2110112,행당역 2번,2795,1140,1655,19,466,642,705,654,309,13,133,228,282,313,171,6,333,414,423,341,138
2017,1,A,골목상권,2110111,대현산장미원,150,61,89,0,25,28,49,26,22,0,5,12,14,11,19,0,20,16,35,15,3
2017,1,A,골목상권,2110110,상왕십리역 6번,3646,1956,1690,24,542,883,1044,790,363,7,161,489,646,447,206,17,381,394,398,343,157
2017,1,A,골목상권,2110109,금호삼성래미안아파트,938,405,533,3,158,225,215,197,140,2,36,91,97,87,92,1,122,134,118,110,48
2017,1,A,골목상권,2110108,성동구립금호도서관,823,306,517,2,114,230,221,174,82,1,16,69,79,77,64,1,98,161,142,97,18
2017,1,A,골목상권,2110107,금호사거리,955,385,570,1,151,236,209,210,148,1,46,91,96,79,72,0,105,145,113,131,76
2017,1,A,골목상권,2110106,금북초등학교,541,188,353,1,63,154,149,122,52,1,12,42,45,44,44,0,51,112,104,78,8
2017,1,A,골목상권,2110105,금동어린이공원,1704,681,1023,3,250,433,394,379,245,2,61,180,164,146,128,1,189,253,230,233,117
2017,1,A,골목상권,2110104,신금호역 4번,1325,550,775,1,194,289,310,310,221,0,42,121,128,121,138,1,152,168,182,189,83
2017,1,A,골목상권,2110103,옥수터널,764,347,417,7,151,179,201,146,80,2,41,75,103,73,53,5,110,104,98,73,27
2017,1,A,골목상권,2110102,옥수역 6번,1334,594,740,11,250,303,346,279,145,3,78,122,158,135,98,8,172,181,188,144,47
2017,1,A,골목상권,2110101,옥정중학교,1149,485,664,3,246,315,258,207,120,1,75,122,117,92,78,2,171,193,141,115,42
2017,1,A,골목상권,2110100,옥수동우편취급국,955,421,534,3,221,265,201,165,100,1,63,112,97,83,65,2,158,153,104,82,35
2017,1,A,골목상권,2110099,유엔빌리지길,4240,2196,2044,19,919,1301,974,593,434,7,331,671,583,337,267,12,588,630,391,256,167
2017,1,A,골목상권,2110098,서울독일학교,3172,1582,1590,20,739,1042,712,386,273,8,273,532,420,200,149,12,466,510,292,186,124
2017,1,A,골목상권,2110097,한남초등학교,5368,2643,2725,35,1483,1933,1196,497,224,10,497,1058,668,268,142,25,986,875,528,229,82
2017,1,A,골목상권,2110096,한남힐사이드아파트,2514,1446,1068,23,670,1016,493,223,89,7,301,642,309,124,63,16,369,374,184,99,26
2017,1,A,골목상권,2110095,한강진역 3번,10271,5414,4857,54,2825,3659,2234,1016,483,32,1082,2077,1368,582,273,22,1743,1582,866,434,210
2017,1,A,골목상권,2110094,오산중학교,493,261,232,1,33,108,144,124,83,0,9,57,80,66,49,1,24,51,64,58,34
2017,1,A,골목상권,2110093,우사단길,8800,4646,4154,32,2079,2845,1978,1090,776,20,805,1615,1163,596,447,12,1274,1230,815,494,329
2017,1,A,골목상권,2110092,NH농협은행 보광동지점,1361,748,613,3,187,317,375,292,187,0,62,172,210,176,128,3,125,145,165,116,59
2017,1,A,골목상권,2110091,리움미술관,6403,3611,2792,30,1827,2245,1312,608,381,24,795,1335,888,363,206,6,1032,910,424,245,175
2017,1,A,골목상권,2110090,한국폴리텍대학서울정수캠퍼스,3238,1726,1512,14,661,867,827,561,308,3,210,402,482,392,237,11,451,465,345,169,71
2017,1,A,골목상권,2110089,서빙고동주민센터,3525,1898,1627,44,655,1083,1041,526,176,5,204,568,604,369,148,39,451,515,437,157,28
2017,1,A,골목상권,2110088,오산고등학교,6700,3750,2950,23,1086,1966,1751,1307,567,10,391,995,984,946,424,13,695,971,767,361,143
2017,1,A,골목상권,2110087,이태원엔틱가구거리,6178,3528,2650,27,1165,1695,1534,1195,562,13,495,906,864,861,389,14,670,789,670,334,173
2017,1,A,골목상권,2110086,이태원역 북측,10652,6185,4467,66,2360,3241,2352,1652,981,45,1191,1886,1409,1056,598,21,1169,1355,943,596,383
2017,1,A,골목상권,2110085,경리단길남측,4946,2879,2067,38,1226,1283,1021,768,610,22,645,763,610,442,397,16,581,520,411,326,213
2017,1,A,골목상권,2110084,경리단길북측,3619,2101,1518,15,784,915,823,651,431,7,388,516,505,400,285,8,396,399,318,251,146
2017,1,A,골목상권,2110083,서빙고역 1번,3055,1569,1486,44,578,906,877,452,198,5,166,430,484,311,173,39,412,476,393,141,25
2017,1,A,골목상권,2110082,용산구청,6767,3867,2900,48,1439,1897,1594,1252,537,28,680,1045,892,878,344,20,759,852,702,374,193
2017,1,A,골목상권,2110081,해방촌 남동측,3896,2521,1375,4,377,1128,1377,801,209,2,172,675,1001,546,125,2,205,453,376,255,84
2017,1,A,골목상권,2110080,해방촌예술마을,4821,2899,1922,2,438,1249,1570,1283,279,1,149,729,1127,751,142,1,289,520,443,532,137
2017,1,A,골목상권,2110079,후암동주민센터,26680,18283,8397,65,5115,9215,7562,3727,996,36,2905,6575,6014,2295,458,29,2210,2640,1548,1432,538
2017,1,A,골목상권,2110078,이촌동점보아파트,988,400,588,1,124,207,241,218,197,0,37,62,71,90,140,1,87,145,170,128,57
2017,1,A,골목상권,2110077,삼광초등학교,9476,4437,5039,34,1061,2170,2614,2649,948,10,402,1152,1560,975,338,24,659,1018,1054,1674,610
2017,1,A,골목상권,2110076,삼각지역 14번,8680,6159,2521,7,817,2134,3018,2142,562,1,419,1416,2319,1602,402,6,398,718,699,540,160
2017,1,A,골목상권,2110075,숙대입구역 1번,16174,8121,8053,93,2423,4106,4024,3532,1996,44,926,2058,2362,1558,1173,49,1497,2048,1662,1974,823
2017,1,A,골목상권,2110074,서울역 12번,32865,21760,11105,228,6975,11232,8331,4208,1891,60,3490,7570,6506,2799,1335,168,3485,3662,1825,1409,556
2017,1,A,골목상권,2110073,삼각지역 3번,20779,10793,9986,218,3830,6106,6333,3310,982,90,1495,2892,3516,2194,606,128,2335,3214,2817,1116,376
2017,1,A,골목상권,2110072,열정도,19692,9537,10155,997,6818,6111,3746,1415,605,438,2845,2955,1964,924,411,559,3973,3156,1782,491,194
2017,1,A,골목상권,2110071,한강미주맨션아파트,2609,1369,1240,5,243,509,959,651,242,1,96,238,459,401,174,4,147,271,500,250,68
2017,1,A,골목상권,2110070,용산세무서,8554,5955,2599,12,733,1911,3289,2179,430,5,391,1248,2360,1648,303,7,342,663,929,531,127
2017,1,A,골목상권,2110069,숙대입구,16687,8939,7748,1009,5901,4124,2819,1818,1016,457,2621,2364,1699,1099,699,552,3280,1760,1120,719,317
2017,1,A,골목상권,2110068,남영역 1번,28021,14755,13266,1113,8884,8882,5520,2523,1099,469,3888,4855,3230,1602,711,644,4996,4027,2290,921,388
2017,1,A,골목상권,2110067,배문고등학교,13011,6141,6870,42,2082,3296,2916,2814,1861,19,610,1473,1487,1312,1240,23,1472,1823,1429,1502,621
2017,1,A,골목상권,2110066,서울역 15번,7961,4545,3416,34,1100,1835,1545,1773,1674,23,385,901,919,1022,1295,11,715,934,626,751,379
2017,1,A,골목상권,2110065,남정초등학교,6403,4314,2089,59,952,2246,1759,828,559,36,535,1637,1242,527,337,23,417,609,517,301,222
2017,1,A,골목상권,2110064,효창공원앞역 2번,6526,3664,2862,26,1035,1840,1729,1316,580,10,379,1069,1076,773,357,16,656,771,653,543,223
2017,1,A,골목상권,2110063,효창공원앞역 5번,11594,7830,3764,104,1601,3672,3040,2013,1164,64,852,2609,2177,1343,785,40,749,1063,863,670,379
2017,1,A,골목상권,2110062,한강로동땡땡거리(은행나무길),16873,11248,5625,51,4373,4942,4410,2077,1020,19,2237,3315,3468,1518,691,32,2136,1627,942,559,329
2017,1,A,골목상권,2110061,효창동주민센터,3426,1991,1435,9,457,910,929,778,343,4,144,508,591,494,250,5,313,402,338,284,93
2017,1,A,골목상권,2110060,효창공원앞역 6번,3942,2372,1570,9,366,824,933,1109,701,4,134,480,584,686,484,5,232,344,349,423,217
2017,1,A,골목상권,2110059,새남터성지,3032,2163,869,11,455,860,983,489,234,2,211,630,843,363,114,9,244,230,140,126,120
2017,1,A,골목상권,2110058,성심여자고등학교,12811,8958,3853,92,1778,3832,3410,2199,1500,55,939,2777,2648,1516,1023,37,839,1055,762,683,477
2017,1,A,골목상권,2110057,황학코아루아파트,4166,2283,1883,14,595,821,888,1052,796,3,237,464,555,525,499,11,358,357,333,527,297
2017,1,A,골목상권,2110056,신당역 3번,5263,2784,2479,18,772,1117,1169,1302,885,2,307,616,678,626,555,16,465,501,491,676,330
2017,1,A,골목상권,2110055,황학동벼룩시장,7006,4040,2966,15,1562,2442,1721,873,393,3,796,1395,1085,518,243,12,766,1047,636,355,150
2017,1,A,골목상권,2110054,청구역 3번,8894,4267,4627,64,2276,2203,1797,1541,1013,32,851,1280,988,599,517,32,1425,923,809,942,496
2017,1,A,골목상권,2110053,청구역 1번,6621,3157,3464,28,1163,1558,1557,1604,711,9,421,872,847,708,300,19,742,686,710,896,411
2017,1,A,골목상권,2110052,장충초등학교,12749,6325,6424,87,3913,3430,2424,1835,1060,36,1489,1957,1471,817,555,51,2424,1473,953,1018,505
2017,1,A,골목상권,2110051,한양공고앞 교차로,5988,3039,2949,38,1223,1897,1368,1009,453,13,468,932,799,564,263,25,755,965,569,445,190
2017,1,A,골목상권,2110050,약수역 7번,3833,1722,2111,20,858,1005,900,619,431,4,235,476,429,315,263,16,623,529,471,304,168
2017,1,A,골목상권,2110049,장충단 고개,14447,7330,7117,137,4538,3890,2729,1932,1221,52,1735,2305,1718,890,630,85,2803,1585,1011,1042,591
2017,1,A,골목상권,2110048,장충동주민센터,14984,7965,7019,56,3529,4363,3569,2411,1056,20,1323,2550,2222,1274,576,36,2206,1813,1347,1137,480
2017,1,A,골목상권,2110047,다산성곽길,12178,5748,6430,141,4283,3277,2271,1483,723,55,1540,1652,1247,816,438,86,2743,1625,1024,667,285
2017,1,A,골목상권,2110046,버티고개,6497,3038,3459,36,2120,1931,1349,750,311,8,741,926,737,449,177,28,1379,1005,612,301,134
2017,1,A,골목상권,2110045,동대문역사문화공원역 5번,35949,18161,17788,1230,11074,9760,8095,4619,1171,537,5019,5957,4316,1717,615,693,6055,3803,3779,2902,556
2017,1,A,골목상권,2110044,관성묘,34574,17289,17285,1234,11678,9622,7199,3934,907,537,5180,5750,3973,1399,450,697,6498,3872,3226,2535,457
2017,1,A,골목상권,2110043,충무초등학교,17129,9938,7191,76,3195,5009,4545,2961,1343,26,1157,2720,3011,2047,977,50,2038,2289,1534,914,366
2017,1,A,골목상권,2110042,남산골공원옆,8465,4869,3596,104,1322,2068,2397,1850,724,61,581,1229,1536,1020,442,43,741,839,861,830,282
2017,1,A,골목상권,2110041,남산케이블카,26878,13669,13209,134,4027,9670,7590,4720,737,20,1195,4189,4148,3625,492,114,2832,5481,3442,1095,245
2017,1,A,골목상권,2110040,중구회현체육센터(정화예술대남산캠퍼스),24233,12179,12054,133,3618,8910,6932,4206,434,21,1115,3802,3654,3298,289,112,2503,5108,3278,908,145
2017,1,A,골목상권,2110039,회현역 1번,30332,14883,15449,204,5152,10487,8532,5336,621,84,1787,4627,4337,3648,400,120,3365,5860,4195,1688,221
2017,1,A,골목상권,2110038,경향신문사,48647,27688,20959,217,10059,16257,13770,7446,898,15,3110,8502,9141,6247,673,202,6949,7755,4629,1199,225
2017,1,A,골목상권,2110037,신설동역 12번,5409,2812,2597,49,680,892,1088,1248,1452,9,222,488,576,598,919,40,458,404,512,650,533
2017,1,A,골목상권,2110036,동묘앞역 3번,5620,3379,2241,94,889,1079,1177,1100,1281,68,523,718,734,599,737,26,366,361,443,501,544
2017,1,A,골목상권,2110035,동묘앞역 2번,6904,3401,3503,30,813,1323,1555,1575,1608,6,298,607,718,738,1034,24,515,716,837,837,574
2017,1,A,골목상권,2110034,창신1동주민센터,8478,4617,3861,26,1825,2881,2128,1050,568,8,903,1566,1209,584,347,18,922,1315,919,466,221
2017,1,A,골목상권,2110033,창신역 4번,2341,1185,1156,12,215,387,466,517,744,2,71,154,217,242,499,10,144,233,249,275,245
2017,1,A,골목상권,2110032,수족관거리,7863,4157,3706,27,1712,2734,1945,955,490,9,849,1446,1060,504,289,18,863,1288,885,451,201
2017,1,A,골목상권,2110031,창신역 1번,938,416,522,1,100,226,262,243,106,0,30,85,109,114,78,1,70,141,153,129,28
2017,1,A,골목상권,2110030,동대문역 3번,2911,1199,1712,14,417,760,819,565,336,4,119,290,311,266,209,10,298,470,508,299,127
2017,1,A,골목상권,2110029,동대문역 1번,8578,5187,3391,21,1467,2517,2192,1622,759,4,803,1634,1302,971,473,17,664,883,890,651,286
2017,1,A,골목상권,2110028,이화달팽이길,7910,4241,3669,46,1425,2239,2012,1496,692,17,516,1104,1177,956,471,29,909,1135,835,540,221
2017,1,A,골목상권,2110027,혜화역 1번,14886,5082,9804,73,3913,5220,3098,2027,555,16,889,1621,1265,952,339,57,3024,3599,1833,1075,216
2017,1,A,골목상권,2110026,종로5가역 4번,9061,5726,3335,36,1522,2643,2356,1707,797,12,893,1762,1430,1078,551,24,629,881,926,629,246
2017,1,A,골목상권,2110025,충신시장옆,14063,8832,5231,70,2395,4291,3958,2475,874,14,953,2514,2845,1886,620,56,1442,1777,1113,589,254
2017,1,A,골목상권,2110024,혜회동주민센터,2456,1289,1167,8,386,551,623,508,380,0,123,252,336,308,270,8,263,299,287,200,110
2017,1,A,골목상권,2110023,서울대병원,18888,8219,10669,77,4497,6827,4350,2421,716,17,1176,2769,2443,1338,476,60,3321,4058,1907,1083,240
2017,1,A,골목상권,2110022,경신고등학교,3975,2174,1801,5,564,972,1073,868,493,2,186,459,640,558,329,3,378,513,433,310,164
2017,1,A,골목상권,2110021,성균관대학교,13670,4742,8928,30,3462,4876,2842,1829,631,4,771,1508,1164,888,407,26,2691,3368,1678,941,224
2017,1,A,골목상권,2110020,서울국제고등학교,3185,1669,1516,3,463,804,837,701,377,3,153,336,470,450,257,0,310,468,367,251,120
2017,1,A,골목상권,2110019,창덕궁,22681,17667,5014,53,3425,7954,6238,3475,1536,27,2154,6242,5216,2856,1172,26,1271,1712,1022,619,364
2017,1,A,골목상권,2110018,중앙고등학교,22978,18152,4826,49,3455,8540,6481,3429,1024,31,2168,6671,5569,2899,814,18,1287,1869,912,530,210
2017,1,A,골목상권,2110017,정독도서관,6844,4270,2574,13,1305,2252,1703,1221,350,4,669,1364,1164,842,227,9,636,888,539,379,123
2017,1,A,골목상권,2110016,평창동동측,953,455,498,1,128,258,226,192,148,0,48,117,126,86,78,1,80,141,100,106,70
2017,1,A,골목상권,2110015,청와대사랑채,5961,3720,2241,4,1463,2076,1327,797,294,1,761,1373,900,493,192,3,702,703,427,304,102
2017,1,A,골목상권,2110014,경복고등학교,4366,2691,1675,6,970,1430,1031,720,209,3,547,901,656,440,144,3,423,529,375,280,65
2017,1,A,골목상권,2110013,체부동홍종문가옥,7961,3650,4311,18,1370,1716,1539,1890,1428,10,661,995,796,598,590,8,709,721,743,1292,838
2017,1,A,골목상권,2110012,성곡미술관,55011,33756,21255,152,9022,16801,14064,9494,5478,33,3462,10340,10476,6302,3143,119,5560,6461,3588,3192,2335
2017,1,A,골목상권,2110011,청운초등학교,1042,390,652,2,154,278,286,243,79,2,42,92,107,102,45,0,112,186,179,141,34
2017,1,A,골목상권,2110010,평창동서측,1456,664,792,2,219,337,334,359,205,1,76,159,171,144,113,1,143,178,163,215,92
2017,1,A,골목상권,2110009,자하문터널,1619,878,741,3,375,515,414,197,115,1,110,285,291,112,79,2,265,230,123,85,36
2017,1,A,골목상권,2110008,배화여자대학교(박노수미술관),8020,3523,4497,20,1285,1602,1566,2013,1534,11,590,840,750,652,680,9,695,762,816,1361,854
2017,1,A,골목상권,2110007,사직공원(한국사회과학도서관),4085,2190,1895,1,564,1123,1094,808,495,0,164,539,588,495,404,1,400,584,506,313,91
2017,1,A,골목상권,2110006,부암동주민센터,476,180,296,2,93,145,101,84,51,1,27,49,44,28,31,1,66,96,57,56,20
2017,1,A,골목상권,2110005,세검정,2266,1037,1229,4,439,484,586,530,223,1,144,206,317,249,120,3,295,278,269,281,103
2017,1,A,골목상권,2110004,대신고등학교,789,360,429,1,100,150,192,208,138,0,13,58,91,99,99,1,87,92,101,109,39
2017,1,A,골목상권,2110003,세검정초등학교,2193,1042,1151,3,398,466,576,537,213,1,134,206,312,268,121,2,264,260,264,269,92
2017,1,A,골목상권,2110002,독립문역 1번,835,270,565,0,165,218,217,155,80,0,19,56,80,56,59,0,146,162,137,99,21
2017,1,A,골목상권,2110001,이북5도청사,613,335,278,1,44,131,170,187,80,0,13,65,99,104,54,1,31,66,71,83,26
