기준_년월_코드,기준_분기_코드,상권_구분_코드,상권_구분_코드_명,상권_코드,상권_코드_명,총_직장_인구_수,남성_직장_인구_수,여성_직장_인구_수,연령대_10_직장_인구_수,연령대_20_직장_인구_수,연령대_30_직장_인구_수,연령대_40_직장_인구_수,연령대_50_직장_인구_수,연령대_60_이상_직장_인구_수,남성연령대_10_직장_인구_수,남성연령대_20_직장_인구_수,남성연령대_30_직장_인구_수,남성연령대_40_직장_인구_수,남성연령대_50_직장_인구_수,남성연령대_60_이상_직장_인구_수,여성연령대_10_직장_인구_수,여성연령대_20_직장_인구_수,여성연령대_30_직장_인구_수,여성연령대_40_직장_인구_수,여성연령대_50_직장_인구_수,여성연령대_60_이상_직장_인구_수
2022,4,U,관광특구,1001496,강남 마이스 관광특구,15904,8904,7000,59,3513,6185,4248,1596,303,25,1160,3361,2887,1246,225,34,2353,2824,1361,350,78
2022,4,U,관광특구,1001495,잠실 관광특구,24375,14199,10176,120,4722,6565,5617,4514,2837,51,2484,4186,3496,2297,1685,69,2238,2379,2121,2217,1152
2022,4,U,관광특구,1001494,종로?청계 관광특구,32935,17150,15785,68,5357,9965,9483,6401,1661,15,2285,4911,4591,4158,1190,53,3072,5054,4892,2243,471
2022,4,U,관광특구,1001493,동대문패션타운 관광특구,6054,2958,3096,36,1434,1695,1160,1061,668,13,543,737,662,600,403,23,891,958,498,461,265
2022,4,U,관광특구,1001492,명동 남대문 북창동 다동 무교동 관광특구,104830,53674,51156,423,27134,34007,23384,15726,4156,137,8860,16080,15133,10824,2640,286,18274,17927,8251,4902,1516
2022,4,U,관광특구,1001491,이태원 관광특구,5839,3064,2775,28,1377,2065,1290,768,311,18,514,986,777,541,228,10,863,1079,513,227,83
2022,4,R,전통시장,2130326,고덕 골목형상점가,935,850,85,0,8,37,165,395,330,0,4,31,147,360,308,0,4,6,18,35,22
2022,4,R,전통시장,2130325,명일전통시장,89,30,59,0,8,10,13,28,30,0,3,6,5,8,8,0,5,4,8,20,22
2022,4,R,전통시장,2130324,길동복조리시장,154,85,69,3,27,32,47,40,5,2,13,18,31,19,2,1,14,14,16,21,3
2022,4,R,전통시장,2130323,둔촌역전통시장,171,86,85,0,3,14,23,36,95,0,2,6,8,14,56,0,1,8,15,22,39
2022,4,R,전통시장,2130322,고분다리전통시장,8,5,3,0,0,1,2,4,1,0,0,1,1,2,1,0,0,0,1,2,0
2022,4,R,전통시장,2130321,장신구 특화거리 상점가,433,269,164,0,92,114,88,92,47,0,43,72,56,61,37,0,49,42,32,31,10
2022,4,R,전통시장,2130320,암사종합시장,173,97,76,1,16,29,50,31,46,1,5,12,31,19,29,0,11,17,19,12,17
2022,4,R,전통시장,2130319,성내전통시장,34,21,13,0,3,5,9,10,7,0,3,2,5,7,4,0,0,3,4,3,3
2022,4,R,전통시장,2130318,로데오거리상점가,266,132,134,0,31,43,49,55,88,0,9,12,19,26,66,0,22,31,30,29,22
2022,4,R,전통시장,2130317,마천중앙시장,107,77,30,0,15,35,24,17,16,0,11,24,12,14,16,0,4,11,12,3,0
2022,4,R,전통시장,2130316,마천시장,18,9,9,0,3,3,2,10,0,0,2,2,2,3,0,0,1,1,0,7,0
2022,4,R,전통시장,2130315,문정동 로데오거리 상점가(문정동 로데오거리),1372,808,564,6,313,289,260,251,253,3,118,168,164,145,210,3,195,121,96,106,43
2022,4,R,전통시장,2130314,풍납시장,202,99,103,1,24,42,50,60,25,1,15,27,22,18,16,0,9,15,28,42,9
2022,4,R,전통시장,2130313,방이시장,3469,1526,1943,5,449,529,612,1126,748,4,159,335,346,371,311,1,290,194,266,755,437
2022,4,R,전통시장,2130312,석촌시장,619,270,349,1,20,40,81,170,307,1,9,23,43,41,153,0,11,17,38,129,154
2022,4,R,전통시장,2130311,새마을시장,377,246,131,1,60,78,104,75,59,0,28,48,80,55,35,1,32,30,24,20,24
2022,4,R,전통시장,2130310,강남개포시장,298,173,125,0,29,56,71,82,60,0,8,23,42,56,44,0,21,33,29,26,16
2022,4,R,전통시장,2130308,청담삼익시장,48,30,18,0,5,11,13,7,12,0,3,6,8,4,9,0,2,5,5,3,3
2022,4,R,전통시장,2130307,도곡시장,57,25,32,0,3,7,15,13,19,0,1,4,4,6,10,0,2,3,11,7,9
2022,4,R,전통시장,2130306,강남언주로,235,151,84,2,48,48,63,45,29,2,27,34,47,23,18,0,21,14,16,22,11
2022,4,R,전통시장,2130305,논현종합시장,85,43,42,0,21,14,14,19,17,0,7,7,6,14,9,0,14,7,8,5,8
2022,4,R,전통시장,2130304,신사상가,138,79,59,1,12,22,32,42,29,0,3,8,11,32,25,1,9,14,21,10,4
2022,4,R,전통시장,2130303,영동전통시장,242,95,147,0,21,60,67,58,36,0,7,19,22,24,23,0,14,41,45,34,13
2022,4,R,전통시장,2130302,강남시장(강남구 강남시장),58,33,25,0,13,15,14,8,8,0,7,10,9,2,5,0,6,5,5,6,3
2022,4,R,전통시장,2130301,양재시장,35,22,13,0,2,10,9,7,7,0,1,7,6,3,5,0,1,3,3,4,2
2022,4,R,전통시장,2130299,엔터식스 강남점,1850,1551,299,18,189,270,602,601,170,5,97,197,542,558,152,13,92,73,60,43,18
2022,4,R,전통시장,2130298,강남터미널지하도상점가2구역,2,1,1,0,1,0,0,0,1,0,1,0,0,0,0,0,0,0,0,0,1
2022,4,R,전통시장,2130296,남부종합시장,85,63,22,0,2,8,25,35,15,0,1,8,16,24,14,0,1,0,9,11,1
2022,4,R,전통시장,2130295,인헌시장(원당종합시장),122,48,74,0,20,27,38,23,14,0,3,9,16,12,8,0,17,18,22,11,6
2022,4,R,전통시장,2130294,관악중부시장,102,40,62,1,5,10,22,39,25,0,2,3,7,16,12,1,3,7,15,23,13
2022,4,R,전통시장,2130293,봉천중앙시장,154,42,112,0,17,13,29,46,49,0,5,7,14,14,2,0,12,6,15,32,47
2022,4,R,전통시장,2130290,영림시장,417,183,234,0,74,101,107,92,43,0,14,49,43,44,33,0,60,52,64,48,10
2022,4,R,전통시장,2130289,봉일시장,36,20,16,1,1,2,5,14,13,0,0,1,5,3,11,1,1,1,0,11,2
2022,4,R,전통시장,2130288,신림현대종합상가,2,0,2,0,1,1,0,0,0,0,0,0,0,0,0,0,1,1,0,0,0
2022,4,R,전통시장,2130285,서원동상점가,615,316,299,4,28,56,85,160,282,1,17,38,45,60,155,3,11,18,40,100,127
2022,4,R,전통시장,2130284,관악종합시장(신원시장),17,10,7,0,0,1,3,10,3,0,0,1,1,6,2,0,0,0,2,4,1
2022,4,R,전통시장,2130283,신원시장,25,11,14,0,3,3,10,5,4,0,1,1,3,3,3,0,2,2,7,2,1
2022,4,R,전통시장,2130282,난곡 골목형상점가,20,8,12,0,4,2,10,4,0,0,2,1,4,1,0,0,2,1,6,3,0
2022,4,R,전통시장,2130281,우림시장,1,0,1,0,0,0,1,0,0,0,0,0,0,0,0,0,0,0,1,0,0
2022,4,R,전통시장,2130280,신림종합시장,8,7,1,0,0,0,0,2,6,0,0,0,0,1,6,0,0,0,0,1,0
2022,4,R,전통시장,2130279,관악신사시장,120,63,57,0,17,20,27,37,19,0,5,10,16,20,12,0,12,10,11,17,7
2022,4,R,전통시장,2130278,미성동 도깨비시장 골목형상점가,75,16,59,0,0,16,28,24,7,0,0,7,5,2,2,0,0,9,23,22,5
2022,4,R,전통시장,2130277,조원동 펭귄시장(신림중앙시장),98,56,42,1,15,26,31,19,6,1,8,18,16,9,4,0,7,8,15,10,2
2022,4,R,전통시장,2130276,신림중앙시장(조원동 펭귄시장),43,27,16,0,1,2,14,12,14,0,0,2,7,9,9,0,1,0,7,3,5
2022,4,R,전통시장,2130275,강남골목시장,168,124,44,0,17,40,46,35,30,0,15,33,30,24,22,0,2,7,16,11,8
2022,4,R,전통시장,2130274,사당1동먹자골목상점가(사당1동먹자골목),389,218,171,4,91,100,81,63,50,3,45,64,37,35,34,1,46,36,44,28,16
2022,4,R,전통시장,2130273,남성사계시장(남성시장),141,63,78,0,21,36,45,22,17,0,3,19,20,8,13,0,18,17,25,14,4
2022,4,R,전통시장,2130272,사당시장,45,20,25,0,4,6,10,11,14,0,0,1,4,6,9,0,4,5,6,5,5
2022,4,R,전통시장,2130271,남성역골목시장,467,268,199,1,36,33,39,47,311,1,12,20,22,16,197,0,24,13,17,31,114
2022,4,R,전통시장,2130270,흑석시장,4,3,1,0,2,0,0,2,0,0,1,0,0,2,0,0,1,0,0,0,0
2022,4,R,전통시장,2130268,상도전통시장,239,104,135,0,33,60,53,58,35,0,12,23,23,24,22,0,21,37,30,34,13
2022,4,R,전통시장,2130267,본동인정시장(기능상실),59,41,18,0,6,10,12,15,16,0,4,7,9,8,13,0,2,3,3,7,3
2022,4,R,전통시장,2130266,만양로상점가,129,75,54,0,6,37,51,21,14,0,1,23,33,14,4,0,5,14,18,7,10
2022,4,R,전통시장,2130265,노량진중앙시장,115,82,33,0,17,48,34,8,8,0,12,42,23,3,2,0,5,6,11,5,6
2022,4,R,전통시장,2130264,상도약수골목형상점가,65,35,30,1,14,8,15,20,7,0,4,3,9,12,7,1,10,5,6,8,0
2022,4,R,전통시장,2130263,신노량진시장(기능상실),11,3,8,0,0,3,3,5,0,0,0,0,1,2,0,0,0,3,2,3,0
2022,4,R,전통시장,2130262,상도도깨비 골목형상점가,18,8,10,0,1,0,12,2,3,0,0,0,6,0,2,0,1,0,6,2,1
2022,4,R,전통시장,2130261,성대전통시장(성대시장),211,104,107,0,15,47,61,61,27,0,4,26,33,23,18,0,11,21,28,38,9
2022,4,R,전통시장,2130260,신대방1동골목상권,70,31,39,0,8,22,15,15,10,0,0,7,7,10,7,0,8,15,8,5,3
2022,4,R,전통시장,2130259,대신시장,12,9,3,0,1,0,5,2,4,0,1,0,3,2,3,0,0,0,2,0,1
2022,4,R,전통시장,2130257,영등포시장기계공구상가,158,116,42,0,11,26,33,47,41,0,7,16,22,37,34,0,4,10,11,10,7
2022,4,R,전통시장,2130256,신동시장,2,2,0,0,0,0,0,1,1,0,0,0,0,1,1,0,0,0,0,0,0
2022,4,R,전통시장,2130255,영등포전통시장,45,29,16,0,1,7,5,10,22,0,1,5,3,4,16,0,0,2,2,6,6
2022,4,R,전통시장,2130253,영신상가(제일상가),9,7,2,0,2,3,0,2,2,0,2,3,0,1,1,0,0,0,0,1,1
2022,4,R,전통시장,2130250,삼구시장(로타리상가),1,0,1,0,0,0,0,1,0,0,0,0,0,0,0,0,0,0,0,1,0
2022,4,R,전통시장,2130249,동남상가,10,8,2,0,2,0,0,4,4,0,1,0,0,4,3,0,1,0,0,0,1
2022,4,R,전통시장,2130248,영등포역지하도상점가,12,5,7,0,0,2,4,3,3,0,0,0,2,0,3,0,0,2,2,3,0
2022,4,R,전통시장,2130247,우리시장,21,16,5,0,3,4,6,3,5,0,1,3,5,3,4,0,2,1,1,0,1
2022,4,R,전통시장,2130246,영등포청과시장(조광시장),237,126,111,0,24,33,47,77,56,0,9,11,28,39,39,0,15,22,19,38,17
2022,4,R,전통시장,2130245,영일시장,675,567,108,1,61,189,238,136,50,0,41,148,217,115,46,1,20,41,21,21,4
2022,4,R,전통시장,2130244,대림중앙시장,95,39,56,3,14,16,21,15,26,2,9,8,10,4,6,1,5,8,11,11,20
2022,4,R,전통시장,2130243,도림시장,6,4,2,0,0,1,4,0,1,0,0,1,3,0,0,0,0,0,1,0,1
2022,4,R,전통시장,2130242,대림중앙 골목형상점가,68,21,47,0,4,14,21,24,5,0,1,6,5,5,4,0,3,8,16,19,1
2022,4,R,전통시장,2130241,선유도역 골목형상점가,500,253,247,0,95,93,123,136,53,0,39,49,66,67,32,0,56,44,57,69,21
2022,4,R,전통시장,2130240,영등포유통상가,1183,753,430,0,95,232,273,252,331,0,52,127,178,168,228,0,43,105,95,84,103
2022,4,R,전통시장,2130238,은행나무시장,113,71,42,0,22,24,31,22,14,0,13,16,22,14,6,0,9,8,9,8,8
2022,4,R,전통시장,2130237,박미시장(기능상실),39,26,13,0,1,6,11,9,12,0,0,2,7,8,9,0,1,4,4,1,3
2022,4,R,전통시장,2130236,비단길현대시장(현대시장),139,42,97,0,13,23,49,40,14,0,4,3,12,17,6,0,9,20,37,23,8
2022,4,R,전통시장,2130235,대명여울빛거리시장(대명시장),298,80,218,0,39,52,77,82,48,0,11,14,25,19,11,0,28,38,52,63,37
2022,4,R,전통시장,2130234,푸른터시장(기능상실),3,2,1,0,0,1,0,2,0,0,0,1,0,1,0,0,0,0,0,1,0
2022,4,R,전통시장,2130233,남문시장,76,47,29,0,5,8,18,22,23,0,2,3,9,12,21,0,3,5,9,10,2
2022,4,R,전통시장,2130232,독산동 맛나는거리상점가(독산동 맛나는거리),33,24,9,0,3,12,5,10,3,0,2,9,4,6,3,0,1,3,1,4,0
2022,4,R,전통시장,2130231,독산동 우시장,611,476,135,2,31,74,126,196,182,0,16,55,97,145,163,2,15,19,29,51,19
2022,4,R,전통시장,2130229,남구로시장,249,139,110,1,16,53,61,62,56,0,7,30,31,32,39,1,9,23,30,30,17
2022,4,R,전통시장,2130228,구로시장,10,5,5,0,0,4,6,0,0,0,0,1,4,0,0,0,0,3,2,0,0
2022,4,R,전통시장,2130227,고척골목시장상점가(그라운드 고척),97,68,29,0,8,22,36,23,8,0,4,13,26,19,6,0,4,9,10,4,2
2022,4,R,전통시장,2130226,고척프라자,2,2,0,0,1,1,0,0,0,0,1,1,0,0,0,0,0,0,0,0,0
2022,4,R,전통시장,2130225,개봉중앙시장,147,59,88,0,15,21,39,44,28,0,3,4,19,22,11,0,12,17,20,22,17
2022,4,R,전통시장,2130224,개봉프라자(고척근린시장),5,4,1,0,0,0,1,2,2,0,0,0,1,1,2,0,0,0,0,1,0
2022,4,R,전통시장,2130223,고척근린시장,42,12,30,0,2,10,12,14,4,0,0,1,1,7,3,0,2,9,11,7,1
2022,4,R,전통시장,2130222,오류시장,132,21,111,0,10,26,46,43,7,0,5,1,4,5,6,0,5,25,42,38,1
2022,4,R,전통시장,2130221,"남부골목시장(남부화곡시장, 남부시장)",188,69,119,0,22,32,50,57,27,0,5,5,15,22,22,0,17,27,35,35,5
2022,4,R,전통시장,2130219,까치산시장,124,37,87,0,16,18,39,32,19,0,4,6,9,9,9,0,12,12,30,23,10
2022,4,R,전통시장,2130218,신월중앙시장,118,53,65,0,28,34,26,13,17,0,8,12,11,9,13,0,20,22,15,4,4
2022,4,R,전통시장,2130217,화곡본동시장,36,16,20,0,3,5,10,13,5,0,1,3,5,6,1,0,2,2,5,7,4
2022,4,R,전통시장,2130216,화곡중앙시장,75,32,43,0,4,11,21,22,17,0,2,2,9,8,11,0,2,9,12,14,6
2022,4,R,전통시장,2130215,대원종합시장,9,7,2,0,0,1,0,3,5,0,0,1,0,2,4,0,0,0,0,1,1
2022,4,R,전통시장,2130214,송화벽화시장(송화골목시장),119,44,75,2,23,18,25,33,18,0,6,7,9,13,9,2,17,11,16,20,9
2022,4,R,전통시장,2130213,방신전통시장,112,77,35,0,13,20,25,29,25,0,10,18,14,14,21,0,3,2,11,15,4
2022,4,R,전통시장,2130212,공항시장,8,6,2,0,1,0,3,2,2,0,1,0,3,0,2,0,0,0,0,2,0
2022,4,R,전통시장,2130211,신정2동 골목시장(오목교중앙시장),51,18,33,0,3,10,18,17,3,0,1,3,8,4,2,0,2,7,10,13,1
2022,4,R,전통시장,2130210,목2동시장,432,251,181,1,66,124,122,71,48,1,40,69,70,39,32,0,26,55,52,32,16
2022,4,R,전통시장,2130209,목사랑시장(목4동시장),111,61,50,0,7,15,23,42,24,0,2,13,10,20,16,0,5,2,13,22,8
2022,4,R,전통시장,2130208,목동깨비시장(목3동시장),148,67,81,0,13,20,55,37,23,0,7,6,18,19,17,0,6,14,37,18,6
2022,4,R,전통시장,2130207,신정1동 골목시장(신정제일시장),38,21,17,0,8,9,10,7,4,0,3,5,6,4,3,0,5,4,4,3,1
2022,4,R,전통시장,2130206,신정3동 골목시장,20,6,14,0,0,5,11,2,2,0,0,0,3,1,2,0,0,5,8,1,0
2022,4,R,전통시장,2130205,신곡종합시장(신월6동 골목시장),141,103,38,1,17,36,39,32,16,0,10,27,33,18,15,1,7,9,6,14,1
2022,4,R,전통시장,2130204,경창시장,100,50,50,0,5,12,27,27,29,0,2,5,12,16,15,0,3,7,15,11,14
2022,4,R,전통시장,2130203,서서울 골목형상점가,34,7,27,0,2,7,10,12,3,0,0,0,2,4,1,0,2,7,8,8,2
2022,4,R,전통시장,2130202,신영시장,40,13,27,0,3,4,13,16,4,0,2,0,3,6,2,0,1,4,10,10,2
2022,4,R,전통시장,2130201,월정로시장,27,17,10,0,2,8,10,7,0,0,0,7,6,4,0,0,2,1,4,3,0
2022,4,R,전통시장,2130200,"신월7동 골목시장(약수시장, 우성상가)",27,18,9,0,0,3,9,6,9,0,0,0,7,4,7,0,0,3,2,2,2
2022,4,R,전통시장,2130199,신월3동 골목시장,18,8,10,0,1,4,4,9,0,0,0,1,3,4,0,0,1,3,1,5,0
2022,4,R,전통시장,2130198,아현시장,203,45,158,1,51,84,52,10,5,0,8,5,26,4,2,1,43,79,26,6,3
2022,4,R,전통시장,2130197,마포시장,15,5,10,0,0,1,5,4,5,0,0,1,0,2,2,0,0,0,5,2,3
2022,4,R,전통시장,2130196,공덕시장,3948,2001,1947,52,1323,1296,891,287,99,28,467,646,599,181,80,24,856,650,292,106,19
2022,4,R,전통시장,2130195,도화동 상점가,1055,510,545,2,201,269,228,163,192,1,86,133,121,95,74,1,115,136,107,68,118
2022,4,R,전통시장,2130194,용강동 상점가,875,502,373,0,103,131,179,170,292,0,39,75,104,114,170,0,64,56,75,56,122
2022,4,R,전통시장,2130193,신수시장,34,19,15,0,4,7,12,5,6,0,1,5,5,4,4,0,3,2,7,1,2
2022,4,R,전통시장,2130192,동진시장,10,6,4,0,1,1,4,3,1,0,1,1,1,2,1,0,0,0,3,1,0
2022,4,R,전통시장,2130191,홍대 걷고싶은 거리,367,225,142,6,65,65,81,82,68,4,40,41,54,47,39,2,25,24,27,35,29
2022,4,R,전통시장,2130190,홍대소상공인상점가,150,77,73,1,55,35,30,18,11,0,18,22,18,10,9,1,37,13,12,8,2
2022,4,R,전통시장,2130189,서교시장,24,10,14,0,2,1,7,6,8,0,0,1,2,3,4,0,2,0,5,3,4
2022,4,R,전통시장,2130187,영진시장,29,14,15,0,4,5,11,7,2,0,2,2,6,2,2,0,2,3,5,5,0
2022,4,R,전통시장,2130186,망원시장,178,84,94,0,16,30,47,50,35,0,13,19,20,17,15,0,3,11,27,33,20
2022,4,R,전통시장,2130185,망원월드컵시장,190,123,67,1,26,69,53,25,16,1,14,43,35,16,14,0,12,26,18,9,2
2022,4,R,전통시장,2130184,마포농수산물시장,77,40,37,0,2,12,24,26,13,0,1,8,12,14,5,0,1,4,12,12,8
2022,4,R,전통시장,2130183,상암동상점가,816,607,209,1,89,204,283,187,52,0,49,150,227,143,38,1,40,54,56,44,14
2022,4,R,전통시장,2130182,영천시장,78,35,43,0,13,8,24,22,11,0,3,4,10,12,6,0,10,4,14,10,5
2022,4,R,전통시장,2130181,아현가구거리상점가,59,30,29,0,8,11,13,10,17,0,0,7,9,4,10,0,8,4,4,6,7
2022,4,R,전통시장,2130180,포방터시장,59,34,25,0,13,11,15,6,14,0,4,4,11,5,10,0,9,7,4,1,4
2022,4,R,전통시장,2130179,"이화여대 3,5,7길 상점가",147,65,82,3,34,15,41,31,23,1,12,3,14,17,18,2,22,12,27,14,5
2022,4,R,전통시장,2130178,이대 앞 스타트업 상점가,32,7,25,0,5,5,10,6,6,0,1,0,4,0,2,0,4,5,6,6,4
2022,4,R,전통시장,2130177,인왕시장(홍제골목형상점가),44,7,37,0,1,1,8,7,27,0,0,0,1,3,3,0,1,1,7,4,24
2022,4,R,전통시장,2130176,유진상가,38,23,15,0,20,16,1,1,0,0,9,13,1,0,0,0,11,3,0,1,0
2022,4,R,전통시장,2130175,신촌 상인회(신촌상점가),13,5,8,0,1,3,5,4,0,0,1,0,1,3,0,0,0,3,4,1,0
2022,4,R,전통시장,2130173,백련시장,5,3,2,0,0,1,0,2,2,0,0,1,0,0,2,0,0,0,0,2,0
2022,4,R,전통시장,2130172,모래내시장(서중시장),41,13,28,0,5,12,8,10,6,0,0,2,3,5,3,0,5,10,5,5,3
2022,4,R,전통시장,2130171,불광먹자골목 골목형상점가,155,54,101,0,18,31,24,37,45,0,4,9,11,16,14,0,14,22,13,21,31
2022,4,R,전통시장,2130170,제일시장,58,26,32,1,7,9,13,19,9,1,2,2,5,11,5,0,5,7,8,8,4
2022,4,R,전통시장,2130169,대조시장,67,31,36,0,5,11,21,23,7,0,1,3,11,11,5,0,4,8,10,12,2
2022,4,R,전통시장,2130168,연서시장,242,157,85,0,19,50,53,65,55,0,5,23,33,49,47,0,14,27,20,16,8
2022,4,R,전통시장,2130167,연신내상점가(연빛거리),636,239,397,1,144,143,157,120,71,1,31,52,57,53,45,0,113,91,100,67,26
2022,4,R,전통시장,2130166,응암시장(신응암시장),17,10,7,0,0,3,2,5,7,0,0,0,1,3,6,0,0,3,1,2,1
2022,4,R,전통시장,2130165,"대림골목시장(대림시장, 양지시장)",214,34,180,0,20,45,56,62,31,0,1,7,5,11,10,0,19,38,51,51,21
2022,4,R,전통시장,2130164,역촌중앙시장,9,3,6,0,0,1,2,2,4,0,0,0,1,1,1,0,0,1,1,1,3
2022,4,R,전통시장,2130163,응암오거리상점가,182,49,133,0,24,28,44,50,36,0,4,8,11,12,14,0,20,20,33,38,22
2022,4,R,전통시장,2130162,증산골목시장,7,3,4,0,0,2,2,1,2,0,0,0,0,1,2,0,0,2,2,0,0
2022,4,R,전통시장,2130161,증산종합시장,8,5,3,0,0,1,2,2,3,0,0,0,1,2,2,0,0,1,1,0,1
2022,4,R,전통시장,2130160,수일시장,7,2,5,0,0,2,1,2,2,0,0,0,0,1,1,0,0,2,1,1,1
2022,4,R,전통시장,2130159,공릉동 도깨비시장,101,47,54,0,12,22,24,26,17,0,4,8,9,15,11,0,8,14,15,11,6
2022,4,R,전통시장,2130157,상계중앙시장,74,40,34,0,14,19,14,17,10,0,8,15,7,7,3,0,6,4,7,10,7
2022,4,R,전통시장,2130155,시영B상가(중계 그린아파트 B 상가),12,8,4,0,1,5,3,3,0,0,0,5,2,1,0,0,1,0,1,2,0
2022,4,R,전통시장,2130153,창동역상점가,229,138,91,0,18,48,54,56,53,0,7,31,30,31,39,0,11,17,24,25,14
2022,4,R,전통시장,2130152,오!도봉거리 상점가,61,34,27,0,5,14,19,13,10,0,1,5,10,10,8,0,4,9,9,3,2
2022,4,R,전통시장,2130151,신도봉시장,5,5,0,0,1,0,2,2,0,0,1,0,2,2,0,0,0,0,0,0,0
2022,4,R,전통시장,2130150,창동골목시장,84,47,37,0,19,30,14,8,13,0,7,20,9,5,6,0,12,10,5,3,7
2022,4,R,전통시장,2130149,창동신창시장,104,40,64,0,2,21,32,29,20,0,0,7,14,8,11,0,2,14,18,21,9
2022,4,R,전통시장,2130148,방학동도깨비시장,60,33,27,0,6,9,16,18,11,0,4,3,8,14,4,0,2,6,8,4,7
2022,4,R,전통시장,2130147,쌍문역동측상점가,69,32,37,0,7,17,18,9,18,0,2,6,10,5,9,0,5,11,8,4,9
2022,4,R,전통시장,2130146,쌍문시장(쌍문역골목시장),263,124,139,0,29,33,54,80,67,0,10,12,28,32,42,0,19,21,26,48,25
2022,4,R,전통시장,2130145,쌍문역둘리상점가,244,202,42,0,39,44,77,62,22,0,28,35,65,56,18,0,11,9,12,6,4
2022,4,R,전통시장,2130144,백운시장,38,17,21,0,0,3,13,14,8,0,0,0,5,5,7,0,0,3,8,9,1
2022,4,R,전통시장,2130143,방천골목시장,65,36,29,0,11,7,19,24,4,0,6,5,9,13,3,0,5,2,10,11,1
2022,4,R,전통시장,2130142,강북북부시장,7,5,2,0,1,1,0,2,3,0,0,1,0,2,2,0,1,0,0,0,1
2022,4,R,전통시장,2130141,강북북부골목시장,43,20,23,0,16,4,11,6,6,0,3,2,6,6,3,0,13,2,5,0,3
2022,4,R,전통시장,2130140,숭인시장,62,27,35,0,9,13,10,15,15,0,0,4,1,9,13,0,9,9,9,6,2
2022,4,R,전통시장,2130139,강북종합전통시장(강북종합골목시장),166,114,52,0,16,45,61,28,16,0,11,33,42,19,9,0,5,12,19,9,7
2022,4,R,전통시장,2130138,수유프라자,142,24,118,1,31,24,16,42,28,0,1,4,5,4,10,1,30,20,11,38,18
2022,4,R,전통시장,2130137,"수유전통시장(수유시장, 수유골목시장)",89,31,58,0,5,10,19,26,29,0,0,3,8,8,12,0,5,7,11,18,17
2022,4,R,전통시장,2130136,수유재래시장,29,11,18,0,6,5,7,5,6,0,2,1,0,2,6,0,4,4,7,3,0
2022,4,R,전통시장,2130135,수유중앙골목시장(수유중앙시장),24,12,12,0,0,3,4,5,12,0,0,2,2,0,8,0,0,1,2,5,4
2022,4,R,전통시장,2130134,"솔샘시장(미아6,7동골목시장)",73,30,43,1,7,19,25,18,3,0,3,4,12,8,3,1,4,15,13,10,0
2022,4,R,전통시장,2130133,우이골목시장(우이시장),69,61,8,0,7,7,19,20,16,0,6,6,17,17,15,0,1,1,2,3,1
2022,4,R,전통시장,2130132,삼양골목시장(삼양시장),57,19,38,0,10,13,12,14,8,0,0,4,5,5,5,0,10,9,7,9,3
2022,4,R,전통시장,2130131,동북프라자,121,49,72,0,9,23,37,29,23,0,4,8,17,9,11,0,5,15,20,20,12
2022,4,R,전통시장,2130130,수유북부골목시장,20,14,6,0,1,1,7,5,6,0,0,0,6,3,5,0,1,1,1,2,1
2022,4,R,전통시장,2130129,장미원골목시장,911,571,340,0,15,14,38,89,755,0,1,4,12,40,514,0,14,10,26,49,241
2022,4,R,전통시장,2130128,돌곶이시장(석관황금시장),191,157,34,0,30,36,41,72,12,0,28,26,29,62,12,0,2,10,12,10,0
2022,4,R,전통시장,2130126,새석관시장,3,1,2,0,0,0,1,2,0,0,0,0,0,1,0,0,0,0,1,1,0
2022,4,R,전통시장,2130125,장위전통시장,40,20,20,0,5,6,7,8,14,0,0,2,5,5,8,0,5,4,2,3,6
2022,4,R,전통시장,2130123,꿈의숲 장곡 골목형상점가,6,5,1,0,1,0,1,4,0,0,1,0,1,3,0,0,0,0,0,1,0
2022,4,R,전통시장,2130122,밤나무골시장,17,5,12,0,2,4,6,4,1,0,1,1,2,1,0,0,1,3,4,3,1
2022,4,R,전통시장,2130121,길음시장,91,19,72,0,36,24,10,8,13,0,2,5,3,2,7,0,34,19,7,6,6
2022,4,R,전통시장,2130120,돈암시장(돈암제일시장),99,23,76,1,20,20,25,18,15,0,0,2,7,8,6,1,20,18,18,10,9
2022,4,R,전통시장,2130119,정릉아리랑시장,15,4,11,0,0,4,5,5,1,0,0,0,0,3,1,0,0,4,5,2,0
2022,4,R,전통시장,2130118,정릉골 골목형상점가,67,30,37,0,11,13,11,19,13,0,0,2,6,12,10,0,11,11,5,7,3
2022,4,R,전통시장,2130117,정릉시장,119,62,57,0,4,15,34,41,25,0,2,8,20,18,14,0,2,7,14,23,11
2022,4,R,전통시장,2130116,동성타워프라자,31,22,9,0,2,9,7,8,5,0,2,4,4,7,5,0,0,5,3,1,0
2022,4,R,전통시장,2130115,우림골목시장,307,106,201,2,80,61,68,64,32,0,29,11,30,20,16,2,51,50,38,44,16
2022,4,R,전통시장,2130114,유영시장,31,20,11,0,9,5,3,8,6,0,7,2,2,5,4,0,2,3,1,3,2
2022,4,R,전통시장,2130113,신아타운,148,27,121,1,31,31,28,39,18,1,4,9,3,4,6,0,27,22,25,35,12
2022,4,R,전통시장,2130112,사가정시장,86,28,58,0,13,17,24,19,13,0,0,3,6,8,11,0,13,14,18,11,2
2022,4,R,전통시장,2130111,"동원전통종합시장(동원시장, 동원전통시장 상점가)",224,109,115,0,24,37,49,82,32,0,11,17,21,38,22,0,13,20,28,44,10
2022,4,R,전통시장,2130110,면목골목시장(면목시장),103,59,44,0,1,8,32,38,24,0,1,5,19,18,16,0,0,3,13,20,8
2022,4,R,전통시장,2130109,묵1동도깨비시장,47,33,14,0,2,9,16,9,11,0,1,5,13,5,9,0,1,4,3,4,2
2022,4,R,전통시장,2130108,태능엔터피아(태릉시장),3,1,2,0,0,0,1,2,0,0,0,0,0,1,0,0,0,0,1,1,0
2022,4,R,전통시장,2130107,중랑동부시장(중랑교종합상가),13,3,10,0,0,1,4,5,3,0,0,0,0,1,2,0,0,1,4,4,1
2022,4,R,전통시장,2130106,중랑동부시장,166,56,110,1,20,40,34,39,32,0,1,8,7,21,19,1,19,32,27,18,13
2022,4,R,전통시장,2130105,장미제일시장(중화동제일시장),63,27,36,0,8,14,22,11,8,0,3,6,14,3,1,0,5,8,8,8,7
2022,4,R,전통시장,2130104,전곡시장,93,54,39,0,8,17,28,26,14,0,5,8,16,13,12,0,3,9,12,13,2
2022,4,R,전통시장,2130103,이경시장,16,8,8,0,0,1,2,2,11,0,0,1,1,1,5,0,0,0,1,1,6
2022,4,R,전통시장,2130101,답십리현대시장,8,5,3,0,0,1,3,2,2,0,0,1,1,2,1,0,0,0,2,0,1
2022,4,R,전통시장,2130100,답십리시장,93,40,53,2,19,25,23,11,13,2,4,9,11,6,8,0,15,16,12,5,5
2022,4,R,전통시장,2130099,전농로터리시장,7,3,4,0,1,0,2,3,1,0,0,0,1,1,1,0,1,0,1,2,0
2022,4,R,전통시장,2130098,회기시장,55,17,38,0,9,14,15,12,5,0,2,3,4,6,2,0,7,11,11,6,3
2022,4,R,전통시장,2130097,답십리 건축자재시장,315,202,113,1,17,46,46,44,161,0,8,37,25,23,109,1,9,9,21,21,52
2022,4,R,전통시장,2130096,동부시장,14,9,5,0,0,0,1,1,12,0,0,0,0,0,9,0,0,0,1,1,3
2022,4,R,전통시장,2130095,청량리전통시장,95,38,57,0,6,16,18,33,22,0,4,6,9,10,9,0,2,10,9,23,13
2022,4,R,전통시장,2130094,청량리청과물시장,54,24,30,0,7,13,17,7,10,0,0,4,10,2,8,0,7,9,7,5,2
2022,4,R,전통시장,2130093,동서시장,5,3,2,0,0,0,1,2,2,0,0,0,1,0,2,0,0,0,0,2,0
2022,4,R,전통시장,2130092,청량리농수산물시장,12,9,3,0,0,1,3,5,3,0,0,0,3,3,3,0,0,1,0,2,0
2022,4,R,전통시장,2130091,청량종합도매시장,36,27,9,0,1,3,11,14,7,0,0,3,8,10,6,0,1,0,3,4,1
2022,4,R,전통시장,2130090,청량리종합시장,19,13,6,0,1,4,3,5,6,0,1,2,3,3,4,0,0,2,0,2,2
2022,4,R,전통시장,2130089,청량리수산시장,42,33,9,0,4,7,16,6,9,0,3,7,12,4,7,0,1,0,4,2,2
2022,4,R,전통시장,2130088,경동시장,126,57,69,0,18,32,24,17,35,0,3,11,11,10,22,0,15,21,13,7,13
2022,4,R,전통시장,2130087,경동광성상가(경동시장),28,20,8,0,5,3,8,7,5,0,3,2,6,5,4,0,2,1,2,2,1
2022,4,R,전통시장,2130086,서울약령시장,1184,651,533,4,113,208,305,341,213,0,56,128,165,181,121,4,57,80,140,160,92
2022,4,R,전통시장,2130085,용두시장,4,2,2,0,0,0,1,2,1,0,0,0,0,1,1,0,0,0,1,1,0
2022,4,R,전통시장,2130084,신성시장(신성골목시장),21,6,15,0,3,5,8,4,1,0,0,1,2,2,1,0,3,4,6,2,0
2022,4,R,전통시장,2130083,"중곡제일시장(중곡제일골목시장, 광성시장)",111,68,43,0,15,21,29,24,22,0,7,14,20,10,17,0,8,7,9,14,5
2022,4,R,전통시장,2130082,면곡골목시장,20,11,9,0,4,0,1,9,6,0,4,0,0,3,4,0,0,0,1,6,2
2022,4,R,전통시장,2130081,자양골목전통시장(자양골목시장),54,36,18,0,7,17,14,9,7,0,5,12,9,6,4,0,2,5,5,3,3
2022,4,R,전통시장,2130080,자양종합시장(기능상실),14,10,4,0,0,1,6,6,1,0,0,1,4,4,1,0,0,0,2,2,0
2022,4,R,전통시장,2130079,한아름시장,40,29,11,0,5,6,6,10,13,0,4,4,5,6,10,0,1,2,1,4,3
2022,4,R,전통시장,2130078,화양제일골목시장,65,23,42,0,6,17,20,18,4,0,1,7,8,6,1,0,5,10,12,12,3
2022,4,R,전통시장,2130077,조양시장,31,19,12,0,11,7,8,5,0,0,6,5,4,4,0,0,5,2,4,1,0
2022,4,R,전통시장,2130076,능동로골목시장,88,67,21,0,2,11,14,16,45,0,1,4,13,10,39,0,1,7,1,6,6
2022,4,R,전통시장,2130075,노룬산시장(노룬산골목시장),23,13,10,0,4,5,10,2,2,0,3,3,6,0,1,0,1,2,4,2,1
2022,4,R,전통시장,2130074,영동교골목시장,21,15,6,0,6,9,2,3,1,0,3,9,0,2,1,0,3,0,2,1,0
2022,4,R,전통시장,2130073,뚝도시장,45,17,28,1,3,10,9,11,11,0,0,2,4,5,6,1,3,8,5,6,5
2022,4,R,전통시장,2130072,성동용답상가시장,132,71,61,0,21,19,35,39,18,0,9,9,16,26,11,0,12,10,19,13,7
2022,4,R,전통시장,2130071,성수역 골목형상점가,335,180,155,1,61,89,70,43,71,0,27,43,43,29,38,1,34,46,27,14,33
2022,4,R,전통시장,2130070,뚝섬역상점가,1016,697,319,6,178,259,217,222,134,4,105,179,143,157,109,2,73,80,74,65,25
2022,4,R,전통시장,2130069,"한양대앞상점가(한양시장, 왕십리맛골목)",32,19,13,0,6,6,4,8,8,0,4,4,0,5,6,0,2,2,4,3,2
2022,4,R,전통시장,2130068,마장축산물시장,975,630,345,1,102,202,250,248,172,1,68,127,155,165,114,0,34,75,95,83,58
2022,4,R,전통시장,2130067,왕십리도선동상점가,1670,335,1335,3,166,202,291,591,417,1,78,98,69,49,40,2,88,104,222,542,377
2022,4,R,전통시장,2130066,행당시장상점가,397,182,215,0,49,86,115,100,47,0,17,38,54,45,28,0,32,48,61,55,19
2022,4,R,전통시장,2130065,무학봉상점가,144,67,77,0,22,29,34,37,22,0,4,10,14,22,17,0,18,19,20,15,5
2022,4,R,전통시장,2130064,금남시장,36,13,23,0,6,7,8,4,11,0,1,0,5,2,5,0,5,7,3,2,6
2022,4,R,전통시장,2130063,신금호역 골목형상점가,30,21,9,0,2,4,5,9,10,0,1,3,4,7,6,0,1,1,1,2,4
2022,4,R,전통시장,2130062,보광시장,31,12,19,0,0,6,10,13,2,0,0,3,4,4,1,0,0,3,6,9,1
2022,4,R,전통시장,2130061,이태원시장,32,20,12,0,18,3,4,6,1,0,12,1,3,3,1,0,6,2,1,3,0
2022,4,R,전통시장,2130060,신흥시장,4,1,3,0,0,2,0,2,0,0,0,1,0,0,0,0,0,1,0,2,0
2022,4,R,전통시장,2130059,후암시장,64,40,24,0,6,12,16,11,19,0,4,5,10,7,14,0,2,7,6,4,5
2022,4,R,전통시장,2130058,이촌종합시장,109,78,31,0,13,19,25,26,26,0,7,12,15,21,23,0,6,7,10,5,3
2022,4,R,전통시장,2130057,만리시장,12,9,3,0,0,2,1,4,5,0,0,1,1,3,4,0,0,1,0,1,1
2022,4,R,전통시장,2130056,용산용문시장,65,34,31,0,7,15,18,10,15,0,4,6,7,6,11,0,3,9,11,4,4
2022,4,R,전통시장,2130055,"황학시장(서울중앙시장, 신중앙시장)",203,117,86,0,24,49,47,52,31,0,12,25,24,32,24,0,12,24,23,20,7
2022,4,R,전통시장,2130054,황학동주방가구거리상점가,374,266,108,0,25,80,116,106,47,0,18,60,77,74,37,0,7,20,39,32,10
2022,4,R,전통시장,2130053,백학시장,160,69,91,0,22,24,46,37,31,0,8,8,20,15,18,0,14,16,26,22,13
2022,4,R,전통시장,2130052,서울중앙시장(신중앙시장),479,342,137,0,106,156,101,61,55,0,80,110,57,45,50,0,26,46,44,16,5
2022,4,R,전통시장,2130051,동화동 골목형상점가,391,156,235,1,82,94,98,66,50,1,18,25,43,36,33,0,64,69,55,30,17
2022,4,R,전통시장,2130050,청평화시장,120,50,70,1,18,26,31,29,15,1,9,13,5,15,7,0,9,13,26,14,8
2022,4,R,전통시장,2130049,신당 미래유산 먹거리 골목형상점가,42,19,23,0,3,5,9,13,12,0,1,3,0,7,8,0,2,2,9,6,4
2022,4,R,전통시장,2130048,동평화시장,18,9,9,0,7,8,0,3,0,0,3,4,0,2,0,0,4,4,0,1,0
2022,4,R,전통시장,2130047,테크노상가(엘리시움),160,112,48,0,10,26,34,61,29,0,5,20,21,42,24,0,5,6,13,19,5
2022,4,R,전통시장,2130046,team204(팀204),20,13,7,0,1,3,4,2,10,0,0,2,3,1,7,0,1,1,1,1,3
2022,4,R,전통시장,2130045,광희패션몰,49,29,20,0,1,5,11,17,15,0,0,2,7,11,9,0,1,3,4,6,6
2022,4,R,전통시장,2130044,에리어식스(벨포스트),10,2,8,1,0,2,3,3,1,1,0,1,0,0,0,0,0,1,3,3,1
2022,4,R,전통시장,2130043,제일평화시장,43,27,16,0,6,14,13,8,2,0,1,9,9,6,2,0,5,5,4,2,0
2022,4,R,전통시장,2130042,약수시장,158,67,91,2,36,30,40,21,29,2,9,9,19,8,20,0,27,21,21,13,9
2022,4,R,전통시장,2130041,신평화패션타운(청계6가 지하도상가),28,21,7,0,1,5,9,8,5,0,0,4,9,5,3,0,1,1,0,3,2
2022,4,R,전통시장,2130040,남평화시장,5,3,2,0,0,4,0,0,1,0,0,2,0,0,1,0,0,2,0,0,0
2022,4,R,전통시장,2130039,청계6가 지하도상가,36,26,10,0,1,1,7,6,21,0,1,1,5,5,14,0,0,0,2,1,7
2022,4,R,전통시장,2130038,"평화시장(통일상가, 동화상가)",930,630,300,3,110,293,273,172,79,0,61,165,211,134,59,3,49,128,62,38,20
2022,4,R,전통시장,2130036,중부시장(신중부시장),3089,921,2168,8,1868,593,250,198,172,3,316,189,171,120,122,5,1552,404,79,78,50
2022,4,R,전통시장,2130035,방산종합시장(방산시장),1190,736,454,1,96,200,284,312,297,0,56,117,154,191,218,1,40,83,130,121,79
2022,4,R,전통시장,2130034,필동 골목형상점가,14,7,7,0,2,4,5,2,1,0,1,2,2,2,0,0,1,2,3,0,1
2022,4,R,전통시장,2130033,대림상가(청계상가),169,121,48,0,7,29,54,39,40,0,3,19,35,30,34,0,4,10,19,9,6
2022,4,R,전통시장,2130032,인현시장,167,123,44,0,3,25,47,54,38,0,3,16,35,40,29,0,0,9,12,14,9
2022,4,R,전통시장,2130031,청계천공구상가,921,698,223,2,101,281,234,159,144,1,64,230,181,104,118,1,37,51,53,55,26
2022,4,R,전통시장,2130028,을지입구지하상가(을지로지하보도쇼핑센터),2,2,0,0,0,0,1,1,0,0,0,0,1,1,0,0,0,0,0,0,0
2022,4,R,전통시장,2130025,삼익패션타운(남대문시장),5494,2675,2819,69,1760,1561,1124,794,186,31,674,837,763,292,78,38,1086,724,361,502,108
2022,4,R,전통시장,2130024,남대문시장(자유상가),732,426,306,2,54,129,172,177,198,1,15,75,95,108,132,1,39,54,77,69,66
2022,4,R,전통시장,2130022,숭례문수입상가(남대문시장),1907,850,1057,0,330,855,598,113,11,0,55,378,338,70,9,0,275,477,260,43,2
2022,4,R,전통시장,2130021,신설종합시장,50,37,13,1,1,10,12,13,13,0,0,9,10,10,8,1,1,1,2,3,5
2022,4,R,전통시장,2130020,동묘시장(동묘벼룩시장),407,177,230,5,154,93,73,58,24,5,43,31,45,32,21,0,111,62,28,26,3
2022,4,R,전통시장,2130019,동대문상가D동,28,21,7,0,6,5,5,4,8,0,4,2,4,4,7,0,2,3,1,0,1
2022,4,R,전통시장,2130018,동대문문구완구거리(동대문문구완구시장),215,124,91,0,27,45,50,52,41,0,12,24,33,31,24,0,15,21,17,21,17
2022,4,R,전통시장,2130017,동대문상가C동,12,9,3,0,1,4,4,2,1,0,1,4,3,0,1,0,0,0,1,2,0
2022,4,R,전통시장,2130016,동대문상가B동,2,1,1,0,0,1,1,0,0,0,0,0,1,0,0,0,0,1,0,0,0
2022,4,R,전통시장,2130015,창신골목시장,22,12,10,0,0,2,8,9,3,0,0,2,6,2,2,0,0,0,2,7,1
2022,4,R,전통시장,2130014,동문시장,3,1,2,0,0,2,0,0,1,0,0,0,0,0,1,0,0,2,0,0,0
2022,4,R,전통시장,2130012,"동대문종합시장(동대문종합시장 신관, 동대문종합시장D동상가)",1319,965,354,2,156,325,348,339,149,0,116,251,238,247,113,2,40,74,110,92,36
2022,4,R,전통시장,2130011,충신시장,88,44,44,0,19,19,20,17,13,0,7,11,8,8,10,0,12,8,12,9,3
2022,4,R,전통시장,2130010,종로신진시장,200,113,87,0,20,29,55,48,48,0,14,17,24,26,32,0,6,12,31,22,16
2022,4,R,전통시장,2130009,마전교지하쇼핑센터(구 한일상가),24,16,8,0,0,2,3,7,12,0,0,2,2,4,8,0,0,0,1,3,4
2022,4,R,전통시장,2130007,광장시장(광장전통시장),466,310,156,0,39,77,97,129,124,0,22,41,73,77,97,0,17,36,24,52,27
2022,4,R,전통시장,2130005,세운상가가동,137,96,41,0,7,34,35,22,39,0,5,23,28,8,32,0,2,11,7,14,7
2022,4,R,전통시장,2130004,낙원시장(낙원지하시장(대일상가)),364,258,106,0,29,70,99,78,88,0,14,51,68,57,68,0,15,19,31,21,20
2022,4,R,전통시장,2130002,세종마을음식문화거리(금천교시장),564,392,172,4,56,109,120,121,154,0,26,74,75,90,127,4,30,35,45,31,27
2022,4,R,전통시장,2130001,통인시장,59,29,30,0,4,14,11,12,18,0,2,4,6,6,11,0,2,10,5,6,7
2022,4,D,발달상권,2120249,고덕역,1359,916,443,3,172,305,337,317,225,1,75,198,249,221,172,2,97,107,88,96,53
2022,4,D,발달상권,2120248,명일역,860,332,528,4,114,141,223,204,174,2,41,59,84,69,77,2,73,82,139,135,97
2022,4,D,발달상권,2120247,굽은다리역,565,307,258,4,91,118,142,102,108,1,37,76,71,55,67,3,54,42,71,47,41
2022,4,D,발달상권,2120246,길동역,3399,1536,1863,14,384,560,835,905,701,8,169,317,417,296,329,6,215,243,418,609,372
2022,4,D,발달상권,2120245,둔촌역,1884,1135,749,7,312,460,446,371,288,6,169,309,271,195,185,1,143,151,175,176,103
2022,4,D,발달상권,2120244,암사역,916,401,515,0,70,85,103,111,547,0,14,44,49,42,252,0,56,41,54,69,295
2022,4,D,발달상권,2120243,천호역,1353,629,724,6,186,250,315,291,305,2,63,108,142,123,191,4,123,142,173,168,114
2022,4,D,발달상권,2120242,강동구청역,4528,2937,1591,33,536,1064,1055,893,947,13,287,678,695,560,704,20,249,386,360,333,243
2022,4,D,발달상권,2120241,거여역,1197,650,547,5,110,221,296,277,288,2,80,152,161,83,172,3,30,69,135,194,116
2022,4,D,발달상권,2120240,개롱역,1609,1102,507,7,212,314,404,431,241,5,125,230,269,295,178,2,87,84,135,136,63
2022,4,D,발달상권,2120239,오금역,4700,3006,1694,17,851,1243,1186,911,492,11,456,826,848,495,370,6,395,417,338,416,122
2022,4,D,발달상권,2120238,방이역,412,251,161,4,47,97,113,76,75,3,22,45,60,57,64,1,25,52,53,19,11
2022,4,D,발달상권,2120237,경찰병원역,8608,5226,3382,58,1222,1655,1718,1449,2506,24,537,1057,1126,725,1757,34,685,598,592,724,749
2022,4,D,발달상권,2120236,장지역(가든파이브),4622,3221,1401,15,678,1056,1076,989,808,10,373,711,778,710,639,5,305,345,298,279,169
2022,4,D,발달상권,2120235,문정역,907,621,286,1,116,196,202,236,156,0,69,151,148,144,109,1,47,45,54,92,47
2022,4,D,발달상권,2120234,가락시장역,10268,6224,4044,11,1350,2490,2149,1678,2590,3,586,1468,1439,927,1801,8,764,1022,710,751,789
2022,4,D,발달상권,2120233,몽촌토성역,10357,5705,4652,28,1787,2711,2252,2152,1427,22,1123,1846,1193,782,739,6,664,865,1059,1370,688
2022,4,D,발달상권,2120232,송파나루역,1269,856,413,0,212,350,295,218,194,0,91,220,204,165,176,0,121,130,91,53,18
2022,4,D,발달상권,2120231,가락시장,5698,4083,1615,0,368,1051,1564,1654,1061,0,264,836,1185,1098,700,0,104,215,379,556,361
2022,4,D,발달상권,2120230,송파사거리(송파역),876,470,406,4,96,176,202,193,205,1,38,99,115,92,125,3,58,77,87,101,80
2022,4,D,발달상권,2120229,방이동먹자골목,7319,4732,2587,12,1062,2182,1915,1302,846,5,588,1347,1338,913,541,7,474,835,577,389,305
2022,4,D,발달상권,2120228,석촌역(석촌호수),4494,2725,1769,7,707,1306,1038,695,741,1,288,851,680,410,495,6,419,455,358,285,246
2022,4,D,발달상권,2120227,잠실역,45438,24212,21226,163,8139,11821,12755,11278,1282,51,3785,7433,7435,4548,960,112,4354,4388,5320,6730,322
2022,4,D,발달상권,2120226,석촌고분역,2408,1777,631,8,277,341,447,352,983,7,130,207,264,234,935,1,147,134,183,118,48
2022,4,D,발달상권,2120225,잠실새내역(신천),5750,3738,2012,25,929,1190,1248,1210,1148,3,467,728,831,853,856,22,462,462,417,357,292
2022,4,D,발달상권,2120224,수서역,12418,6339,6079,23,1900,3177,3167,2346,1805,12,860,1669,1497,1232,1069,11,1040,1508,1670,1114,736
2022,4,D,발달상권,2120223,휘문고교사거리,9166,5574,3592,20,1785,2926,2736,1401,298,4,1102,2061,1597,609,201,16,683,865,1139,792,97
2022,4,D,발달상권,2120222,삼성역,43324,24141,19183,244,8091,13641,10294,6385,4669,119,3186,7703,6883,3711,2539,125,4905,5938,3411,2674,2130
2022,4,D,발달상권,2120221,봉은사역,19513,12605,6908,22,4375,5782,3654,2813,2867,8,2402,4217,2849,1721,1408,14,1973,1565,805,1092,1459
2022,4,D,발달상권,2120220,대치역,5578,3302,2276,26,1841,2261,972,319,159,2,769,1465,717,225,124,24,1072,796,255,94,35
2022,4,D,발달상권,2120219,은마아파트,17161,5791,11370,202,3396,3816,3174,4058,2515,83,1254,1870,1373,817,394,119,2142,1946,1801,3241,2121
2022,4,D,발달상권,2120218,코엑스,290,54,236,0,116,103,58,13,0,0,13,16,16,9,0,0,103,87,42,4,0
2022,4,D,발달상권,2120217,대치사거리,2779,1478,1301,11,552,771,700,452,293,10,220,379,381,264,224,1,332,392,319,188,69
2022,4,D,발달상권,2120216,경기고교사거리(경기고교앞사거리),4934,3621,1313,8,712,1628,1666,772,148,5,291,1070,1431,703,121,3,421,558,235,69,27
2022,4,D,발달상권,2120215,포스코사거리,61656,40699,20957,170,9756,22505,18176,8404,2645,29,4305,14324,13853,6406,1782,141,5451,8181,4323,1998,863
2022,4,D,발달상권,2120214,영동대교남단교차로,3990,2902,1088,7,489,1173,1108,931,282,3,271,811,866,755,196,4,218,362,242,176,86
2022,4,D,발달상권,2120213,삼성중앙역,8472,5131,3341,50,1855,2469,1898,1065,1135,12,828,1511,1297,712,771,38,1027,958,601,353,364
2022,4,D,발달상권,2120212,한티역,713,378,335,1,115,178,190,137,92,1,36,85,116,78,62,0,79,93,74,59,30
2022,4,D,발달상권,2120211,도성초등학교,984,516,468,7,180,282,189,161,165,3,68,120,112,117,96,4,112,162,77,44,69
2022,4,D,발달상권,2120210,선릉역,48780,26797,21983,117,11358,13636,11065,7952,4652,54,5356,8026,6479,4158,2724,63,6002,5610,4586,3794,1928
2022,4,D,발달상권,2120209,"강남구청(청담역_8번, 강남세무서)",8984,2608,6376,34,2050,2683,2467,1170,580,9,538,752,537,393,379,25,1512,1931,1930,777,201
2022,4,D,발달상권,2120208,청담사거리(청담동명품거리),10577,4635,5942,38,3354,3776,2024,878,507,13,1031,1619,1113,501,358,25,2323,2157,911,377,149
2022,4,D,발달상권,2120207,선정릉역,12151,7422,4729,32,2685,4209,2741,1595,889,16,1111,2464,1939,1147,745,16,1574,1745,802,448,144
2022,4,D,발달상권,2120206,개나리아파트,5280,3376,1904,87,1661,1418,1095,666,353,27,868,957,784,463,277,60,793,461,311,203,76
2022,4,D,발달상권,2120205,매봉역,13950,9370,4580,95,2838,4203,3126,1781,1907,44,1450,2959,2521,1302,1094,51,1388,1244,605,479,813
2022,4,D,발달상권,2120204,르네상스호텔사거리,41471,20644,20827,102,8167,11056,10671,10081,1394,54,5016,7567,4988,2062,957,48,3151,3489,5683,8019,437
2022,4,D,발달상권,2120203,강남구청역,7726,4602,3124,27,1589,2070,1890,1381,769,8,650,1218,1293,882,551,19,939,852,597,499,218
2022,4,D,발달상권,2120202,압구정로데오역(압구정로데오),11735,6075,5660,41,2963,4419,2469,1425,418,11,793,2184,1593,1195,299,30,2170,2235,876,230,119
2022,4,D,발달상권,2120201,도곡1동,11559,6387,5172,116,3565,3472,2482,1299,625,31,1365,2021,1730,754,486,85,2200,1451,752,545,139
2022,4,D,발달상권,2120200,학동사거리,9363,3808,5555,26,2868,3075,1848,1005,541,9,654,1122,937,687,399,17,2214,1953,911,318,142
2022,4,D,발달상권,2120199,경복아파트교차로,3830,2283,1547,10,796,1196,781,572,475,4,317,721,498,390,353,6,479,475,283,182,122
2022,4,D,발달상권,2120198,구역삼세무서,11531,7246,4285,23,2691,3529,2889,1562,837,12,1141,2216,2115,1139,623,11,1550,1313,774,423,214
2022,4,D,발달상권,2120197,역삼역,58694,38567,20127,93,10088,18053,15887,10835,3738,43,5227,11916,11864,7079,2438,50,4861,6137,4023,3756,1300
2022,4,D,발달상권,2120196,서울세관,9687,5900,3787,15,1708,2897,2579,1614,874,2,604,1527,1719,1323,725,13,1104,1370,860,291,149
2022,4,D,발달상권,2120195,성수대교남단,5611,2685,2926,39,1393,2394,1102,426,257,15,487,1194,634,208,147,24,906,1200,468,218,110
2022,4,D,발달상권,2120194,언주역(차병원),12628,8724,3904,37,2790,4202,2802,1923,874,14,1366,2863,2239,1588,654,23,1424,1339,563,335,220
2022,4,D,발달상권,2120193,도산공원교차로,6384,3798,2586,15,1278,1918,1493,983,697,6,466,1071,1021,696,538,9,812,847,472,287,159
2022,4,D,발달상권,2120192,뱅뱅사거리,27462,18935,8527,73,5758,8273,6703,4372,2283,38,3280,5616,5106,3189,1706,35,2478,2657,1597,1183,577
2022,4,D,발달상권,2120191,학동역,13862,8102,5760,40,2889,3759,2967,1864,2343,17,1120,2144,2011,1130,1680,23,1769,1615,956,734,663
2022,4,D,발달상권,2120190,강남을지병원,11703,6183,5520,44,3417,3226,2498,1508,1010,14,1228,1648,1560,985,748,30,2189,1578,938,523,262
2022,4,D,발달상권,2120189,강남역,72613,38819,33794,234,17636,24305,18411,9151,2876,59,6629,13226,10962,5914,2029,175,11007,11079,7449,3237,847
2022,4,D,발달상권,2120188,압구정역,8579,3750,4829,134,2204,2146,1550,1314,1231,47,698,969,897,556,583,87,1506,1177,653,758,648
2022,4,D,발달상권,2120187,신논현역,13076,7778,5298,64,3624,3962,2984,1673,769,27,1516,2302,2121,1247,565,37,2108,1660,863,426,204
2022,4,D,발달상권,2120186,가로수길,6518,3580,2938,19,1316,2133,1570,895,585,5,447,1174,950,573,431,14,869,959,620,322,154
2022,4,D,발달상권,2120185,논현역,12764,7403,5361,29,2731,4125,3228,1879,772,10,1040,2435,2232,1195,491,19,1691,1690,996,684,281
2022,4,D,발달상권,2120184,포이사거리(삼호물산),10139,7003,3136,20,1553,3044,2666,1705,1151,10,846,2068,2010,1212,857,10,707,976,656,493,294
2022,4,D,발달상권,2120183,양재천카페거리,3558,2626,932,12,586,972,848,551,589,10,364,717,638,413,484,2,222,255,210,138,105
2022,4,D,발달상권,2120182,"양재시민의숲역(양재동꽃시장, aT센터)",6144,4255,1889,33,1041,1652,1482,1259,677,14,539,1144,1089,924,545,19,502,508,393,335,132
2022,4,D,발달상권,2120181,교육개발원입구사거리,7278,4440,2838,316,2978,1563,1247,730,444,145,1506,983,939,536,331,171,1472,580,308,194,113
2022,4,D,발달상권,2120180,양재화물트럭터미널앞,2562,2146,416,13,637,812,554,409,137,10,466,711,481,363,115,3,171,101,73,46,22
2022,4,D,발달상권,2120179,양재역,21445,16961,4484,59,3105,7307,5206,3969,1799,34,2177,6101,4309,3030,1310,25,928,1206,897,939,489
2022,4,D,발달상권,2120178,신사역,10933,5953,4980,34,2539,2847,2355,1810,1348,13,871,1570,1480,999,1020,21,1668,1277,875,811,328
2022,4,D,발달상권,2120177,신논현역 1번,694,436,258,1,84,187,202,143,77,0,34,111,130,106,55,1,50,76,72,37,22
2022,4,D,발달상권,2120176,논현역 4번,893,566,327,1,130,216,195,168,183,1,67,126,129,106,137,0,63,90,66,62,46
2022,4,D,발달상권,2120175,남부터미널역,8239,5313,2926,32,1702,2478,1995,1290,742,6,856,1691,1361,852,547,26,846,787,634,438,195
2022,4,D,발달상권,2120174,논현역 5번,682,380,302,6,108,196,155,95,122,4,39,108,90,59,80,2,69,88,65,36,42
2022,4,D,발달상권,2120173,교대역(법원.검찰청),18197,10449,7748,74,3267,5392,4725,3068,1671,29,1418,3003,2843,1896,1260,45,1849,2389,1882,1172,411
2022,4,D,발달상권,2120172,교대입구교차로,10241,5712,4529,53,2062,2700,2445,1945,1036,33,854,1635,1489,1004,697,20,1208,1065,956,941,339
2022,4,D,발달상권,2120171,서초3동사거리,11750,6206,5544,15,1990,3845,2551,1862,1487,6,827,1746,1496,1064,1067,9,1163,2099,1055,798,420
2022,4,D,발달상권,2120170,삼호가든사거리,2026,1161,865,8,279,587,623,346,183,7,113,333,412,168,128,1,166,254,211,178,55
2022,4,D,발달상권,2120169,서초역,15771,7185,8586,70,3824,4195,3945,2657,1080,30,1313,1990,1801,1235,816,40,2511,2205,2144,1422,264
2022,4,D,발달상권,2120168,서울고교교차로,569,378,191,1,58,166,147,103,94,0,28,98,107,78,67,1,30,68,40,25,27
2022,4,D,발달상권,2120167,고속터미널(고속터미널역),5078,2994,2084,6,600,1311,1087,924,1150,5,318,915,786,488,482,1,282,396,301,436,668
2022,4,D,발달상권,2120166,방배역,5467,3282,2185,90,1234,1594,1033,699,817,26,523,920,713,451,649,64,711,674,320,248,168
2022,4,D,발달상권,2120165,서래마을카페거리(서래마을),3467,2266,1201,11,605,1119,949,516,267,3,277,716,707,369,194,8,328,403,242,147,73
2022,4,D,발달상권,2120164,내방역,8574,5973,2601,56,1923,2821,1862,1128,784,48,1160,1998,1383,799,585,8,763,823,479,329,199
2022,4,D,발달상권,2120163,사당역 11번(사당역먹자골목),491,290,201,0,55,119,99,86,132,0,28,73,57,50,82,0,27,46,42,36,50
2022,4,D,발달상권,2120162,방배동카페골목,1253,717,536,61,207,200,219,215,351,57,126,142,110,93,189,4,81,58,109,122,162
2022,4,D,발달상권,2120161,방배동가구거리(사당동가구거리),2517,1833,684,3,187,342,315,347,1323,2,78,178,165,202,1208,1,109,164,150,145,115
2022,4,D,발달상권,2120160,사당역(사당),9153,4750,4403,14,1560,2594,2716,1534,735,4,617,1307,1324,997,501,10,943,1287,1392,537,234
2022,4,D,발달상권,2120159,서울대입구역,1430,763,667,12,289,320,321,238,250,6,116,164,174,133,170,6,173,156,147,105,80
2022,4,D,발달상권,2120158,녹두거리(대학동),695,550,145,2,31,73,200,279,110,0,7,41,163,241,98,2,24,32,37,38,12
2022,4,D,발달상권,2120157,신림역(신림),593,255,338,1,95,115,145,125,112,0,19,40,81,48,67,1,76,75,64,77,45
2022,4,D,발달상권,2120156,"총신대입구역(이수, 총신대)",3255,1425,1830,14,615,769,718,629,510,7,201,327,374,254,262,7,414,442,344,375,248
2022,4,D,발달상권,2120155,총신대학교,111,57,54,0,13,27,27,26,18,0,7,8,15,15,12,0,6,19,12,11,6
2022,4,D,발달상권,2120154,장승배기역,479,199,280,1,61,123,126,106,62,0,16,58,67,35,23,1,45,65,59,71,39
2022,4,D,발달상권,2120153,노량진역(노량진),3699,1844,1855,10,521,1209,935,690,334,2,193,496,461,465,227,8,328,713,474,225,107
2022,4,D,발달상권,2120152,신대방삼거리역,594,291,303,1,66,127,155,154,91,1,22,63,84,74,47,0,44,64,71,80,44
2022,4,D,발달상권,2120151,보라매공원,2417,1455,962,6,401,736,707,383,184,4,194,433,450,237,137,2,207,303,257,146,47
2022,4,D,발달상권,2120150,63빌딩,7632,4749,2883,29,989,1932,2741,1691,250,5,494,1296,1379,1422,153,24,495,636,1362,269,97
2022,4,D,발달상권,2120149,여의도역(여의도),69255,45888,23367,184,11383,22550,19240,12096,3802,34,5884,14085,14147,9350,2388,150,5499,8465,5093,2746,1414
2022,4,D,발달상권,2120148,국회의사당역(국회의사당),31135,19451,11684,82,6815,10231,7641,4493,1873,27,3082,6187,5424,3397,1334,55,3733,4044,2217,1096,539
2022,4,D,발달상권,2120147,보라매역,1981,1262,719,6,292,455,377,378,473,3,99,312,255,270,323,3,193,143,122,108,150
2022,4,D,발달상권,2120146,한강성심병원,5045,2866,2179,18,1237,1249,1097,821,623,8,395,663,729,584,487,10,842,586,368,237,136
2022,4,D,발달상권,2120145,영등포역(영등포),3856,1817,2039,22,673,1021,921,702,517,0,202,441,486,388,300,22,471,580,435,314,217
2022,4,D,발달상권,2120144,영중로,2015,1072,943,1,254,394,507,598,261,1,142,276,288,230,135,0,112,118,219,368,126
2022,4,D,발달상권,2120143,당산역,2723,2018,705,9,329,524,575,532,754,2,194,398,412,396,616,7,135,126,163,136,138
2022,4,D,발달상권,2120142,대림역,1559,847,712,2,235,282,348,386,306,0,69,145,190,230,213,2,166,137,158,156,93
2022,4,D,발달상권,2120141,영등포청과시장교차로,601,418,183,2,71,137,188,115,88,1,36,85,133,86,77,1,35,52,55,29,11
2022,4,D,발달상권,2120140,문래동주민센터,6162,3296,2866,22,1447,1840,1635,916,302,11,558,993,992,517,225,11,889,847,643,399,77
2022,4,D,발달상권,2120139,대림3동사거리,3619,2404,1215,14,423,867,992,727,596,5,220,632,783,462,302,9,203,235,209,265,294
2022,4,D,발달상권,2120138,당산2동(영등포우체국),2754,1653,1101,23,745,579,479,488,440,15,395,347,312,309,275,8,350,232,167,179,165
2022,4,D,발달상권,2120137,문래역(문래로데오거리),50,21,29,2,11,8,13,12,4,0,4,1,7,7,2,2,7,7,6,5,2
2022,4,D,발달상권,2120136,영등포구청역,6617,3299,3318,20,1193,1504,1423,1444,1033,12,575,848,775,592,497,8,618,656,648,852,536
2022,4,D,발달상권,2120135,양평역,5072,3013,2059,32,1300,1280,1187,776,497,11,626,825,676,441,434,21,674,455,511,335,63
2022,4,D,발달상권,2120134,구로전화국,2014,1668,346,0,107,157,172,223,1355,0,44,75,96,153,1300,0,63,82,76,70,55
2022,4,D,발달상권,2120133,서울시흥동우체국(홈플러스시흥점),142,55,87,1,14,22,27,42,36,1,5,10,12,11,16,0,9,12,15,31,20
2022,4,D,발달상권,2120132,독산동,4203,2884,1319,13,512,908,1016,1074,680,12,350,650,695,701,476,1,162,258,321,373,204
2022,4,D,발달상권,2120131,가산디지털단지,81100,53404,27696,289,16340,25683,20119,11582,7087,184,8639,17229,14518,7692,5142,105,7701,8454,5601,3890,1945
2022,4,D,발달상권,2120130,구로디지털단지역,1136,620,516,1,169,376,236,212,142,0,59,208,125,125,103,1,110,168,111,87,39
2022,4,D,발달상권,2120129,구로디지털단지,47750,31091,16659,195,10197,16227,12034,5678,3419,126,5117,10736,8454,3920,2738,69,5080,5491,3580,1758,681
2022,4,D,발달상권,2120128,신도림역,1253,656,597,7,191,318,382,243,112,1,75,153,191,149,87,6,116,165,191,94,25
2022,4,D,발달상권,2120127,구로구청,5918,3878,2040,6,614,1229,1440,1444,1185,5,365,976,1050,808,674,1,249,253,390,636,511
2022,4,D,발달상권,2120126,디지털단지오거리,135,86,49,0,11,30,48,26,20,0,2,16,38,15,15,0,9,14,10,11,5
2022,4,D,발달상권,2120125,구로역,9291,6324,2967,24,1029,2136,2412,2271,1419,12,581,1466,1596,1572,1097,12,448,670,816,699,322
2022,4,D,발달상권,2120124,개봉동 현대아파트,461,205,256,0,63,89,119,82,108,0,18,26,49,43,69,0,45,63,70,39,39
2022,4,D,발달상권,2120123,오류동역,2120,1645,475,1,313,413,505,594,294,0,276,331,389,425,224,1,37,82,116,169,70
2022,4,D,발달상권,2120122,강서구청,2137,1208,929,4,308,444,489,437,455,2,103,218,267,256,362,2,205,226,222,181,93
2022,4,D,발달상권,2120121,까치산역,344,135,209,2,49,40,67,101,85,2,12,14,27,41,39,0,37,26,40,60,46
2022,4,D,발달상권,2120120,화곡역,927,405,522,1,177,218,193,196,142,0,46,109,84,81,85,1,131,109,109,115,57
2022,4,D,발달상권,2120119,발산역(마곡),1427,686,741,2,184,339,416,350,136,1,54,148,211,174,98,1,130,191,205,176,38
2022,4,D,발달상권,2120117,강서농산물도매시장,430,263,167,0,12,60,121,145,92,0,9,46,75,82,51,0,3,14,46,63,41
2022,4,D,발달상권,2120116,송정역,117,64,53,0,17,27,28,20,25,0,9,11,15,10,19,0,8,16,13,10,6
2022,4,D,발달상권,2120114,목동신시가지,13614,9392,4222,46,2086,3824,3484,2915,1259,29,1130,2623,2555,2209,846,17,956,1201,929,706,413
2022,4,D,발달상권,2120113,오목교역,628,372,256,2,96,144,162,136,88,1,45,79,94,92,61,1,51,65,68,44,27
2022,4,D,발달상권,2120112,등촌역,1633,1138,495,10,223,388,373,358,281,6,100,270,265,265,232,4,123,118,108,93,49
2022,4,D,발달상권,2120111,목동사거리,1828,710,1118,1,551,601,341,219,115,0,101,248,161,116,84,1,450,353,180,103,31
2022,4,D,발달상권,2120110,목동역 8번출구,1858,1400,458,2,142,216,286,247,965,1,42,102,166,181,908,1,100,114,120,66,57
2022,4,D,발달상권,2120109,서울남부지방법원,608,342,266,2,56,104,110,170,166,1,18,40,50,104,129,1,38,64,60,66,37
2022,4,D,발달상권,2120108,신정네거리역,992,580,412,2,93,215,220,242,220,1,28,110,112,160,169,1,65,105,108,82,51
2022,4,D,발달상권,2120107,공덕역(공덕오거리),13077,7619,5458,43,2471,3470,3552,3026,515,9,1021,2002,2300,1900,387,34,1450,1468,1252,1126,128
2022,4,D,발달상권,2120106,마포역,11462,7104,4358,12,1804,2735,2677,2306,1928,8,917,1662,1889,1435,1193,4,887,1073,788,871,735
2022,4,D,발달상권,2120105,상수역(홍대),524,273,251,4,126,153,122,71,48,2,51,74,70,42,34,2,75,79,52,29,14
2022,4,D,발달상권,2120104,연남동(홍대),5955,3176,2779,20,1117,1491,1289,1103,935,12,428,824,772,620,520,8,689,667,517,483,415
2022,4,D,발달상권,2120103,홍대입구역(홍대),9580,5991,3589,87,2167,2434,2066,1613,1213,61,1145,1486,1404,988,907,26,1022,948,662,625,306
2022,4,D,발달상권,2120102,서교동(홍대),7276,3402,3874,18,1521,2551,1814,899,473,11,496,1065,913,566,351,7,1025,1486,901,333,122
2022,4,D,발달상권,2120101,합정역,1932,1048,884,2,302,520,515,399,194,2,89,236,312,266,143,0,213,284,203,133,51
2022,4,D,발달상권,2120100,망원역,900,436,464,3,192,236,215,153,101,1,49,107,117,103,59,2,143,129,98,50,42
2022,4,D,발달상권,2120099,월드컵경기장역(월드컵경기장),84,57,27,0,11,20,26,14,13,0,6,16,21,7,7,0,5,4,5,7,6
2022,4,D,발달상권,2120098,DMC(디지털미디어시티),8846,5391,3455,19,1691,3228,2856,875,177,11,813,1995,1821,616,135,8,878,1233,1035,259,42
2022,4,D,발달상권,2120097,충정로역,2246,1354,892,0,321,658,631,407,229,0,172,390,397,254,141,0,149,268,234,153,88
2022,4,D,발달상권,2120096,"이화여대(이대역, 이대)",470,195,275,1,79,135,125,79,51,0,27,51,46,38,33,1,52,84,79,41,18
2022,4,D,발달상권,2120095,홍제역,922,520,402,1,73,107,260,362,119,0,17,56,137,222,88,1,56,51,123,140,31
2022,4,D,발달상권,2120094,"신촌역(신촌역, 신촌로터리)",5355,2430,2925,67,2390,1192,681,594,431,23,999,589,299,279,241,44,1391,603,382,315,190
2022,4,D,발달상권,2120093,연희동,661,351,310,2,60,125,170,195,109,0,27,62,91,103,68,2,33,63,79,92,41
2022,4,D,발달상권,2120092,불광역,274,147,127,0,33,51,83,52,55,0,12,29,44,21,41,0,21,22,39,31,14
2022,4,D,발달상권,2120091,본서부병원,516,192,324,1,51,69,119,165,111,0,20,28,51,55,38,1,31,41,68,110,73
2022,4,D,발달상권,2120090,연신내역,687,262,425,5,180,133,134,129,106,1,64,55,49,45,48,4,116,78,85,84,58
2022,4,D,발달상권,2120089,구파발역,1,0,1,0,0,0,1,0,0,0,0,0,0,0,0,0,0,0,1,0,0
2022,4,D,발달상권,2120088,구산역,799,279,520,2,86,117,175,272,147,2,30,65,68,59,55,0,56,52,107,213,92
2022,4,D,발달상권,2120087,응암역,441,272,169,0,45,84,114,106,92,0,17,50,78,60,67,0,28,34,36,46,25
2022,4,D,발달상권,2120086,태릉입구역,382,205,177,0,42,78,82,102,78,0,24,43,35,49,54,0,18,35,47,53,24
2022,4,D,발달상권,2120085,은행사거리,317,121,196,4,51,48,80,78,56,3,11,14,21,40,32,1,40,34,59,38,24
2022,4,D,발달상권,2120084,공릉역,712,546,166,3,33,59,110,240,267,1,11,22,63,205,244,2,22,37,47,35,23
2022,4,D,발달상권,2120083,등나무근린공원,1184,787,397,0,166,325,271,283,139,0,114,228,171,179,95,0,52,97,100,104,44
2022,4,D,발달상권,2120082,상계백병원,426,148,278,0,85,102,118,82,39,0,21,24,39,43,21,0,64,78,79,39,18
2022,4,D,발달상권,2120081,노원역,1552,508,1044,9,369,295,343,307,229,2,66,87,125,121,107,7,303,208,218,186,122
2022,4,D,발달상권,2120080,마들역,180,46,134,0,30,45,46,36,23,0,2,7,9,13,15,0,28,38,37,23,8
2022,4,D,발달상권,2120079,창동역,1326,796,530,0,151,232,320,304,319,0,54,108,172,195,267,0,97,124,148,109,52
2022,4,D,발달상권,2120078,미아사거리역,145,90,55,0,27,29,29,31,29,0,12,17,21,18,22,0,15,12,8,13,7
2022,4,D,발달상권,2120077,미아역,218,97,121,0,32,37,52,64,33,0,11,8,18,38,22,0,21,29,34,26,11
2022,4,D,발달상권,2120076,수유역,1930,865,1065,7,241,303,422,465,492,4,62,102,176,240,281,3,179,201,246,225,211
2022,4,D,발달상권,2120075,월곡역,369,213,156,1,40,86,97,67,78,0,17,48,54,44,50,1,23,38,43,23,28
2022,4,D,발달상권,2120074,안암역,59,28,31,1,12,16,12,8,10,0,5,9,7,2,5,1,7,7,5,6,5
2022,4,D,발달상권,2120073,미아사거리,353,135,218,3,40,67,95,95,53,2,16,29,45,23,20,1,24,38,50,72,33
2022,4,D,발달상권,2120072,성신여대,1048,537,511,18,137,211,213,271,198,11,46,86,103,152,139,7,91,125,110,119,59
2022,4,D,발달상권,2120071,성북구청,255,127,128,0,36,55,64,62,38,0,14,22,38,31,22,0,22,33,26,31,16
2022,4,D,발달상권,2120070,한성대입구역,466,180,286,2,83,69,78,113,121,2,21,31,37,38,51,0,62,38,41,75,70
2022,4,D,발달상권,2120069,상봉역,932,597,335,6,147,258,263,151,107,4,102,158,163,99,71,2,45,100,100,52,36
2022,4,D,발달상권,2120068,사가정역,145,45,100,3,38,31,25,22,26,0,1,5,12,12,15,3,37,26,13,10,11
2022,4,D,발달상권,2120067,장안동사거리,2587,1169,1418,9,427,578,671,577,325,7,165,280,258,255,204,2,262,298,413,322,121
2022,4,D,발달상권,2120066,장한평역(장한평),7424,4770,2654,43,1531,1839,1491,1235,1285,10,739,1202,991,818,1010,33,792,637,500,417,275
2022,4,D,발달상권,2120065,회기역,326,207,119,3,48,55,89,76,55,1,27,39,49,49,42,2,21,16,40,27,13
2022,4,D,발달상권,2120064,경희대학교(경희대),97,44,53,0,14,27,21,13,22,0,9,13,10,4,8,0,5,14,11,9,14
2022,4,D,발달상권,2120063,청량리역(청량리),1182,514,668,3,225,221,239,246,248,2,66,86,89,116,155,1,159,135,150,130,93
2022,4,D,발달상권,2120062,신설동역,12641,5433,7208,13,1215,2605,3449,3480,1879,2,445,1435,1625,1123,803,11,770,1170,1824,2357,1076
2022,4,D,발달상권,2120061,올림픽대교북단,1094,864,230,1,228,403,324,95,43,0,165,326,290,55,28,1,63,77,34,40,15
2022,4,D,발달상권,2120060,강변역(테크노마트),3189,2348,841,12,402,686,870,703,516,2,209,509,686,549,393,10,193,177,184,154,123
2022,4,D,발달상권,2120059,구삼강변맛길,3279,1781,1498,6,431,676,555,747,864,4,244,472,367,322,372,2,187,204,188,425,492
2022,4,D,발달상권,2120058,구의사거리,688,333,355,2,92,158,174,181,81,1,33,79,80,77,63,1,59,79,94,104,18
2022,4,D,발달상권,2120057,아차산역,2218,1220,998,52,412,432,503,468,351,19,236,257,289,206,213,33,176,175,214,262,138
2022,4,D,발달상권,2120056,구의역,2200,1115,1085,7,350,431,596,491,325,6,119,173,290,313,214,1,231,258,306,178,111
2022,4,D,발달상권,2120055,군자역,4255,2030,2225,33,1138,780,911,991,402,23,548,430,436,330,263,10,590,350,475,661,139
2022,4,D,발달상권,2120054,어린이대공원역,1243,826,417,0,90,153,311,440,249,0,25,88,205,321,187,0,65,65,106,119,62
2022,4,D,발달상권,2120053,건대입구역(건대),859,491,368,5,147,141,172,187,207,2,40,61,95,130,163,3,107,80,77,57,44
2022,4,D,발달상권,2120052,성수역,11387,7284,4103,23,2113,2900,2661,2238,1452,12,1170,1971,1783,1298,1050,11,943,929,878,940,402
2022,4,D,발달상권,2120051,뚝섬역,3944,2582,1362,20,703,946,867,651,757,15,446,646,549,445,481,5,257,300,318,206,276
2022,4,D,발달상권,2120050,서울숲역,212,159,53,0,33,40,60,52,27,0,19,30,47,41,22,0,14,10,13,11,5
2022,4,D,발달상권,2120049,왕십리역(왕십리),1459,1004,455,1,183,301,377,468,129,1,92,187,272,371,81,0,91,114,105,97,48
2022,4,D,발달상권,2120048,금호역,80,31,49,0,16,10,18,24,12,0,2,2,6,13,8,0,14,8,12,11,4
2022,4,D,발달상권,2120047,한남오거리,2290,1458,832,11,366,751,623,343,196,9,152,461,438,249,149,2,214,290,185,94,47
2022,4,D,발달상권,2120046,이태원(이태원역),2276,1295,981,24,817,682,338,220,195,15,389,421,205,134,131,9,428,261,133,86,64
2022,4,D,발달상권,2120045,남영동 먹자골목,4044,1580,2464,7,424,908,1421,1162,122,1,257,576,502,205,39,6,167,332,919,957,83
2022,4,D,발달상권,2120044,삼각지역,1611,1164,447,5,313,408,385,330,170,5,185,303,315,234,122,0,128,105,70,96,48
2022,4,D,발달상권,2120043,서울역,22578,15322,7256,58,4087,7782,5513,3664,1474,27,2087,4897,4201,3033,1077,31,2000,2885,1312,631,397
2022,4,D,발달상권,2120042,"숙대입구역(남영역, 남영동)",4057,2797,1260,20,750,1490,1024,558,215,8,370,894,831,510,184,12,380,596,193,48,31
2022,4,D,발달상권,2120041,신용산역(용산역),16270,5741,10529,72,4012,5520,4509,1569,588,25,1308,1921,1510,595,382,47,2704,3599,2999,974,206
2022,4,D,발달상권,2120040,용산전자상가(용산역),8014,5960,2054,43,1390,2727,2224,1236,394,30,882,2007,1729,997,315,13,508,720,495,239,79
2022,4,D,발달상권,2120039,신당역,2321,1230,1091,31,793,486,404,333,274,11,347,244,225,219,184,20,446,242,179,114,90
2022,4,D,발달상권,2120038,약수역,2289,1360,929,7,436,739,579,320,208,1,189,451,383,195,141,6,247,288,196,125,67
2022,4,D,발달상권,2120037,동대문역사문화공원역,35320,17057,18263,421,11234,9194,6981,5237,2253,180,5605,5543,3901,1328,500,241,5629,3651,3080,3909,1753
2022,4,D,발달상권,2120036,장충동족발거리(남소영길),2289,1090,1199,14,616,783,556,223,97,0,122,393,365,155,55,14,494,390,191,68,42
2022,4,D,발달상권,2120035,퇴계로5가,2257,1368,889,7,650,570,525,321,184,3,282,379,388,200,116,4,368,191,137,121,68
2022,4,D,발달상권,2120034,중구청(퇴계로4가),1538,1044,494,7,107,227,400,437,360,5,47,128,262,325,277,2,60,99,138,112,83
2022,4,D,발달상권,2120033,을지로4가역,874,443,431,7,128,213,194,204,128,1,45,108,99,91,99,6,83,105,95,113,29
2022,4,D,발달상권,2120032,충무로역,11403,5304,6099,36,1756,2560,3266,2711,1074,15,589,1271,1554,1201,674,21,1167,1289,1712,1510,400
2022,4,D,발달상권,2120031,을지로3가역,6147,3450,2697,9,699,1541,1643,1286,969,0,223,730,924,892,681,9,476,811,719,394,288
2022,4,D,발달상권,2120030,중부경찰서(영화인의거리),11889,6798,5091,53,2154,3638,3423,1960,661,16,721,2139,2092,1366,464,37,1433,1499,1331,594,197
2022,4,D,발달상권,2120029,을지로2가,7461,4461,3000,27,1938,2808,1698,798,192,7,787,1650,1165,693,159,20,1151,1158,533,105,33
2022,4,D,발달상권,2120028,명동(명동거리),12797,7708,5089,41,2137,3592,3670,2246,1111,16,1028,1982,2334,1641,707,25,1109,1610,1336,605,404
2022,4,D,발달상권,2120027,명동역(명동재미로),18097,8477,9620,67,2695,5851,6070,3074,340,9,859,2588,2522,2321,178,58,1836,3263,3548,753,162
2022,4,D,발달상권,2120026,을지로입구역,30610,18501,12109,14,4275,11589,8473,5661,598,4,1729,5846,5959,4562,401,10,2546,5743,2514,1099,197
2022,4,D,발달상권,2120025,롯데백화점(시청광장 지하쇼핑센터),22641,6272,16369,229,12750,7002,1623,944,93,71,3075,2028,779,248,71,158,9675,4974,844,696,22
2022,4,D,발달상권,2120024,회현역,2167,1364,803,2,341,795,582,250,197,1,146,473,416,192,136,1,195,322,166,58,61
2022,4,D,발달상권,2120023,서울시청,10242,5534,4708,15,2234,3260,2778,1425,530,4,852,1657,1658,983,380,11,1382,1603,1120,442,150
2022,4,D,발달상권,2120022,북창동(시청역_6번),5197,3160,2037,24,1010,1611,1149,767,636,2,391,936,852,543,436,22,619,675,297,224,200
2022,4,D,발달상권,2120021,시청역_8번,24117,15220,8897,74,4137,8250,7186,3526,944,13,1738,4529,5241,3020,679,61,2399,3721,1945,506,265
2022,4,D,발달상권,2120020,시청역_1번,10375,7489,2886,40,2120,3185,2952,1721,357,21,1118,2220,2480,1370,280,19,1002,965,472,351,77
2022,4,D,발달상권,2120019,경찰청앞교차로,5958,3146,2812,26,1051,2221,1625,793,242,8,274,1044,982,619,219,18,777,1177,643,174,23
2022,4,D,발달상권,2120018,중림동,2187,1366,821,2,393,736,598,293,165,2,207,425,357,237,138,0,186,311,241,56,27
2022,4,D,발달상권,2120017,동묘앞역(동묘),626,149,477,0,62,124,251,120,69,0,7,33,35,27,47,0,55,91,216,93,22
2022,4,D,발달상권,2120016,동대문역,193,120,73,1,10,27,45,44,66,0,6,14,20,31,49,1,4,13,25,13,17
2022,4,D,발달상권,2120015,종로6가,302,153,149,0,49,64,69,65,55,0,17,23,27,42,44,0,32,41,42,23,11
2022,4,D,발달상권,2120014,종로5가역,4887,2839,2048,375,1123,1351,1205,597,236,112,456,860,851,397,163,263,667,491,354,200,73
2022,4,D,발달상권,2120013,이화사거리,7552,5465,2087,8,1309,2510,2065,1290,370,1,628,1731,1677,1167,261,7,681,779,388,123,109
2022,4,D,발달상권,2120012,대학로(혜화역),2061,929,1132,10,357,603,507,318,266,5,105,208,252,171,188,5,252,395,255,147,78
2022,4,D,발달상권,2120011,종로4가,2980,1663,1317,5,420,1022,880,514,139,0,165,497,518,378,105,5,255,525,362,136,34
2022,4,D,발달상권,2120010,원남동사거리,4107,2297,1810,50,1544,1305,655,383,170,2,585,793,487,297,133,48,959,512,168,86,37
2022,4,D,발달상권,2120009,종로3가역,8495,4786,3709,19,1355,2296,2026,1582,1217,8,563,1230,1198,953,834,11,792,1066,828,629,383
2022,4,D,발달상권,2120008,인사동,22070,13019,9051,1263,7895,5069,3940,2756,1147,589,4005,3077,2666,2006,676,674,3890,1992,1274,750,471
2022,4,D,발달상권,2120007,북촌(안국역),10172,8081,2091,7,1112,3577,3084,1913,479,5,623,2851,2568,1659,375,2,489,726,516,254,104
2022,4,D,발달상권,2120006,종각역,33181,16028,17153,59,5900,11133,9928,5489,672,14,2254,4920,4677,3672,491,45,3646,6213,5251,1817,181
2022,4,D,발달상권,2120005,삼청동,3053,2795,258,1,399,712,898,817,226,0,340,633,848,776,198,1,59,79,50,41,28
2022,4,D,발달상권,2120004,종로구청,12937,7078,5859,9,1442,4392,4485,2080,529,4,432,2050,2756,1493,343,5,1010,2342,1729,587,186
2022,4,D,발달상권,2120003,광화문역,44202,27021,17181,79,6413,12958,13138,8070,3544,12,2655,7612,8988,5645,2109,67,3758,5346,4150,2425,1435
2022,4,D,발달상권,2120002,서촌(경복궁역),2008,1079,929,37,492,680,426,224,149,0,190,388,263,133,105,37,302,292,163,91,44
2022,4,D,발달상권,2120001,서대문역,1510,1022,488,1,265,530,359,278,77,1,106,344,272,237,62,0,159,186,87,41,15
2022,4,A,골목상권,2111090,강일동주민센터,91,35,56,0,15,30,23,17,6,0,1,10,10,10,4,0,14,20,13,7,2
2022,4,A,골목상권,2111089,상일여고(상일초등학교),758,508,250,0,51,131,184,236,156,0,32,81,128,155,112,0,19,50,56,81,44
2022,4,A,골목상권,2111088,고덕동성당,123,54,69,0,15,32,32,31,13,0,4,15,10,15,10,0,11,17,22,16,3
2022,4,A,골목상권,2111087,고덕중학교(고덕2동주민센터),197,89,108,0,26,46,62,36,27,0,5,21,26,17,20,0,21,25,36,19,7
2022,4,A,골목상권,2111086,한영중고,297,202,95,1,27,45,73,101,50,1,17,22,52,69,41,0,10,23,21,32,9
2022,4,A,골목상권,2111085,묘곡초등학교(고덕아이파크아파트),800,452,348,0,68,111,152,196,273,0,35,72,80,84,181,0,33,39,72,112,92
2022,4,A,골목상권,2111084,길동신동아아파트,169,104,65,2,27,32,37,58,13,2,21,23,24,25,9,0,6,9,13,33,4
2022,4,A,골목상권,2111083,GS강동자이아파트,411,245,166,0,67,62,70,100,112,0,47,43,41,44,70,0,20,19,29,56,42
2022,4,A,골목상권,2111082,중앙보훈병원,64,44,20,0,3,9,11,23,18,0,1,3,5,18,17,0,2,6,6,5,1
2022,4,A,골목상권,2111081,둔촌푸르지오아파트,78,50,28,0,8,17,18,18,17,0,4,12,13,6,15,0,4,5,5,12,2
2022,4,A,골목상권,2111080,굽은다리역 3번,434,235,199,0,44,77,100,110,103,0,12,52,63,58,50,0,32,25,37,52,53
2022,4,A,골목상권,2111079,둔촌고등학교(둔촌중학교),395,202,193,1,52,59,66,79,138,1,32,35,35,28,71,0,20,24,31,51,67
2022,4,A,골목상권,2111078,굽은다리역 4번,1728,1017,711,1,135,299,374,480,439,1,75,185,212,270,274,0,60,114,162,210,165
2022,4,A,골목상권,2111077,길동주민센터(강동도서관),1272,737,535,4,121,258,294,321,274,1,49,138,167,188,194,3,72,120,127,133,80
2022,4,A,골목상권,2111076,둔촌2동주민센터,297,174,123,0,25,49,61,86,76,0,14,24,34,39,63,0,11,25,27,47,13
2022,4,A,골목상권,2111075,굽은다리역 2번,192,115,77,0,14,42,52,54,30,0,14,28,24,33,16,0,0,14,28,21,14
2022,4,A,골목상권,2111074,명일역 1번,148,77,71,2,31,38,40,16,21,1,9,23,23,10,11,1,22,15,17,6,10
2022,4,A,골목상권,2111073,둔촌동역 1번(한산중학교),973,578,395,1,134,224,250,206,158,1,58,122,160,124,113,0,76,102,90,82,45
2022,4,A,골목상권,2111072,굽은다리역 1번(십자성마을),739,467,272,1,56,119,199,185,179,0,18,70,114,126,139,1,38,49,85,59,40
2022,4,A,골목상권,2111071,천동초등학교,76,52,24,0,4,15,21,25,11,0,4,6,18,16,8,0,0,9,3,9,3
2022,4,A,골목상권,2111070,천호초등학교,127,73,54,1,7,23,40,28,28,0,3,10,23,17,20,1,4,13,17,11,8
2022,4,A,골목상권,2111069,천호1동주민센터,79,54,25,0,8,17,17,26,11,0,4,12,14,14,10,0,4,5,3,12,1
2022,4,A,골목상권,2111068,강동성심병원,1570,605,965,0,532,392,271,203,172,0,126,134,114,101,130,0,406,258,157,102,42
2022,4,A,골목상권,2111067,강동구립성내도서관,746,414,332,2,73,149,192,177,153,1,36,98,107,84,88,1,37,51,85,93,65
2022,4,A,골목상권,2111066,암사동성당(효정하나플러스아파트),395,235,160,3,40,95,100,106,51,0,9,46,65,84,31,3,31,49,35,22,20
2022,4,A,골목상권,2111065,천일초등학교,75,34,41,2,6,20,18,22,7,2,5,10,7,5,5,0,1,10,11,17,2
2022,4,A,골목상권,2111064,둔촌동역 4번,157,98,59,0,13,34,47,40,23,0,3,21,30,28,16,0,10,13,17,12,7
2022,4,A,골목상권,2111063,강동구립 천호도서관,368,182,186,0,25,44,81,85,133,0,5,15,21,30,111,0,20,29,60,55,22
2022,4,A,골목상권,2111062,둔촌동역 3번(성내3동주민센터),751,501,250,5,134,198,194,144,76,5,81,139,126,91,59,0,53,59,68,53,17
2022,4,A,골목상권,2111061,암사역 1번,831,551,280,0,149,186,182,170,144,0,82,128,126,125,90,0,67,58,56,45,54
2022,4,A,골목상권,2111060,암사역 2번(서울강동초등학교),871,457,414,1,101,210,241,202,116,1,41,96,131,107,81,0,60,114,110,95,35
2022,4,A,골목상권,2111059,강동역 4번(강풀만화거리),819,430,389,3,90,160,193,170,203,1,48,75,93,94,119,2,42,85,100,76,84
2022,4,A,골목상권,2111058,성내중학교,451,317,134,0,51,92,129,121,58,0,37,63,90,82,45,0,14,29,39,39,13
2022,4,A,골목상권,2111057,천호공원(해공체육문화센터),255,113,142,2,53,50,64,61,25,2,15,19,30,33,14,0,38,31,34,28,11
2022,4,A,골목상권,2111056,천호태영아파트,191,53,138,0,27,35,64,36,29,0,4,5,19,15,10,0,23,30,45,21,19
2022,4,A,골목상권,2111055,선사초등학교,673,29,644,0,14,28,137,373,121,0,4,7,8,6,4,0,10,21,129,367,117
2022,4,A,골목상권,2111054,암사역 4번(삼성광나루아파트),104,42,62,0,14,18,19,12,41,0,4,12,7,5,14,0,10,6,12,7,27
2022,4,A,골목상권,2111053,성내천어린이공원(하니사랑길),6288,4564,1724,6,799,940,1025,1564,1954,3,542,693,750,1053,1523,3,257,247,275,511,431
2022,4,A,골목상권,2111052,암사역 3번(천호동자전거거리),357,228,129,1,26,71,117,94,48,1,11,47,76,58,35,0,15,24,41,36,13
2022,4,A,골목상권,2111051,천호역 6번,407,252,155,2,65,80,90,88,82,1,44,56,58,47,46,1,21,24,32,41,36
2022,4,A,골목상권,2111050,강동구청(강동구청역 2번),131,96,35,0,21,14,21,32,43,0,12,5,12,27,40,0,9,9,9,5,3
2022,4,A,골목상권,2111049,천호지구대(천호동자전거거리),507,277,230,2,75,90,96,118,126,0,36,50,40,68,83,2,39,40,56,50,43
2022,4,A,골목상권,2111048,천호역 1번(천호문구완구거리),189,104,85,3,18,52,45,45,26,2,10,24,26,25,17,1,8,28,19,20,9
2022,4,A,골목상권,2111047,마천1치안센터,111,73,38,0,9,17,34,34,17,0,6,14,19,22,12,0,3,3,15,12,5
2022,4,A,골목상권,2111046,마천역(마천초등학교),705,400,305,2,76,145,170,193,119,1,47,85,83,94,90,1,29,60,87,99,29
2022,4,A,골목상권,2111045,개미어린이공원,36,18,18,0,2,7,12,12,3,0,1,1,7,7,2,0,1,6,5,5,1
2022,4,A,골목상권,2111044,남천초등학교,557,264,293,1,95,146,167,113,35,0,35,71,76,56,26,1,60,75,91,57,9
2022,4,A,골목상권,2111043,마천공원,32,13,19,0,1,3,7,12,9,0,0,0,1,6,6,0,1,3,6,6,3
2022,4,A,골목상권,2111042,거여역 1번(거여공원),867,597,270,3,147,186,247,200,84,3,121,134,159,130,50,0,26,52,88,70,34
2022,4,A,골목상권,2111041,거여역 8번,428,350,78,1,102,124,87,64,50,1,84,98,72,51,44,0,18,26,15,13,6
2022,4,A,골목상권,2111040,거여초등학교,346,137,209,0,26,86,124,77,33,0,9,27,48,30,23,0,17,59,76,47,10
2022,4,A,골목상권,2111039,벌말어린이공원,485,353,132,8,85,125,121,94,52,8,51,89,88,72,45,0,34,36,33,22,7
2022,4,A,골목상권,2111038,보인중학교,416,270,146,0,26,66,113,123,88,0,11,38,85,88,48,0,15,28,28,35,40
2022,4,A,골목상권,2111037,Sh수협은행 오금동금융센터(아랫말어린이공원),373,243,130,0,37,103,90,93,50,0,25,84,60,43,31,0,12,19,30,50,19
2022,4,A,골목상권,2111036,투구봉어린이공원,209,119,90,1,22,40,55,62,29,1,7,20,26,39,26,0,15,20,29,23,3
2022,4,A,골목상권,2111035,오금공원(오주중학교),531,398,133,0,41,90,148,148,104,0,32,66,121,102,77,0,9,24,27,46,27
2022,4,A,골목상권,2111034,오동나무공원(송파레미니스1단지),1443,1020,423,3,244,367,352,318,159,3,155,253,264,223,122,0,89,114,88,95,37
2022,4,A,골목상권,2111033,문정동성당,70,30,40,0,5,4,16,16,29,0,2,3,8,9,8,0,3,1,8,7,21
2022,4,A,골목상권,2111032,방이역 1번,3885,2552,1333,4,235,340,605,719,1982,3,139,237,411,469,1293,1,96,103,194,250,689
2022,4,A,골목상권,2111031,장지동주민센터(한림연예예술고교),3127,2317,810,8,263,415,651,857,933,2,170,330,497,648,670,6,93,85,154,209,263
2022,4,A,골목상권,2111030,방이역 2번,665,419,246,1,57,107,147,217,136,0,28,68,94,128,101,1,29,39,53,89,35
2022,4,A,골목상권,2111029,오금역 4번,427,314,113,3,71,108,91,79,75,1,51,81,67,55,59,2,20,27,24,24,16
2022,4,A,골목상권,2111028,문현중학교(장지역 1번),424,194,230,0,54,66,132,116,56,0,29,36,49,50,30,0,25,30,83,66,26
2022,4,A,골목상권,2111027,문정초등학교,1403,775,628,3,148,289,326,247,390,1,67,160,211,126,210,2,81,129,115,121,180
2022,4,A,골목상권,2111026,문정역 2번,2304,1506,798,7,431,634,546,428,258,3,236,427,385,239,216,4,195,207,161,189,42
2022,4,A,골목상권,2111025,경찰병원역 3번,686,412,274,1,84,164,149,157,131,0,45,102,103,88,74,1,39,62,46,69,57
2022,4,A,골목상권,2111024,경찰병원역 4번(건너말공원),240,150,90,0,27,53,63,68,29,0,16,33,45,35,21,0,11,20,18,33,8
2022,4,A,골목상권,2111023,문정역 1번,939,576,363,2,133,202,263,204,135,0,86,139,184,100,67,2,47,63,79,104,68
2022,4,A,골목상권,2111022,석촌중학교(방이육교),567,255,312,1,48,105,141,206,66,0,28,66,72,57,32,1,20,39,69,149,34
2022,4,A,골목상권,2111021,방이역 4번,7674,5867,1807,22,792,1328,1977,2139,1416,15,392,911,1551,1769,1229,7,400,417,426,370,187
2022,4,A,골목상권,2111020,방이동고분군(방산고등학교),304,225,79,1,20,103,84,54,42,0,7,73,64,48,33,1,13,30,20,6,9
2022,4,A,골목상권,2111019,한성백제역 3번,1524,1000,524,2,207,448,428,254,185,2,103,303,300,164,128,0,104,145,128,90,57
2022,4,A,골목상권,2111018,풍납초등학교(풍납백제문화공원),26,23,3,0,1,5,10,6,4,0,1,4,8,6,4,0,0,1,2,0,0
2022,4,A,골목상권,2111017,송파나루역 3번,688,480,208,5,317,167,84,70,45,4,217,116,53,50,40,1,100,51,31,20,5
2022,4,A,골목상권,2111016,송파역 2번,3803,1601,2202,15,1126,1104,801,601,156,8,407,533,427,165,61,7,719,571,374,436,95
2022,4,A,골목상권,2111015,석촌역 3번,1352,778,574,1,151,315,350,351,184,1,72,199,216,181,109,0,79,116,134,170,75
2022,4,A,골목상권,2111014,송파나루역 2번,525,275,250,1,43,76,121,190,94,0,21,42,69,83,60,1,22,34,52,107,34
2022,4,A,골목상권,2111013,송파나루역 1번(송리단길),2234,1456,778,8,320,568,650,435,253,3,160,384,445,290,174,5,160,184,205,145,79
2022,4,A,골목상권,2111012,석촌역 6번,732,332,400,2,91,127,180,183,149,2,23,56,83,93,75,0,68,71,97,90,74
2022,4,A,골목상권,2111011,잠실나루역,9608,7747,1861,42,1275,3018,2795,2046,432,18,924,2492,2309,1674,330,24,351,526,486,372,102
2022,4,A,골목상권,2111010,석촌역 7번,1428,975,453,3,162,289,351,325,298,1,88,176,244,224,242,2,74,113,107,101,56
2022,4,A,골목상권,2111009,송파책박물관,127,92,35,1,13,38,27,22,26,0,11,32,17,14,18,1,2,6,10,8,8
2022,4,A,골목상권,2111008,석촌고분역 3번,1600,1210,390,1,185,292,294,400,428,1,151,243,216,259,340,0,34,49,78,141,88
2022,4,A,골목상권,2111007,석촌고분역 4번,936,480,456,0,107,215,255,242,117,0,43,116,142,109,70,0,64,99,113,133,47
2022,4,A,골목상권,2111006,석촌고분역 1번,1112,721,391,0,127,292,337,203,153,0,56,169,242,135,119,0,71,123,95,68,34
2022,4,A,골목상권,2111005,삼전역 3번,1865,1358,507,0,320,617,459,302,167,0,215,449,339,222,133,0,105,168,120,80,34
2022,4,A,골목상권,2111004,삼전역 1번,2036,1331,705,13,263,407,504,376,473,0,108,261,337,239,386,13,155,146,167,137,87
2022,4,A,골목상권,2111003,삼전역 4번,1991,1333,658,6,249,412,547,436,341,1,160,278,331,307,256,5,89,134,216,129,85
2022,4,A,골목상권,2111002,한국교통안전공단 강남자동차검사소,317,115,202,0,22,63,65,96,71,0,7,31,21,26,30,0,15,32,44,70,41
2022,4,A,골목상권,2111001,아래방죽마을공원(율현초등학교),70,44,26,0,2,10,16,22,20,0,1,7,13,13,10,0,1,3,3,9,10
2022,4,A,골목상권,2111000,대왕초등학교(세곡동사거리서남측),39,20,19,0,7,10,12,8,2,0,0,4,10,4,2,0,7,6,2,4,0
2022,4,A,골목상권,2110999,윗방죽마을공원,268,130,138,2,19,43,44,83,77,1,12,27,27,39,24,1,7,16,17,44,53
2022,4,A,골목상권,2110998,은곡마을(은곡마을공원),23,15,8,0,2,8,6,5,2,0,0,4,5,5,1,0,2,4,1,0,1
2022,4,A,골목상권,2110997,대청초등학교,1724,959,765,4,230,291,391,383,425,2,111,162,200,210,274,2,119,129,191,173,151
2022,4,A,골목상권,2110996,대치2동주민센터,1959,1227,732,2,83,278,351,342,903,0,48,209,277,247,446,2,35,69,74,95,457
2022,4,A,골목상권,2110995,봉은사역 4번,5085,3711,1374,9,978,2002,1271,637,188,2,575,1477,990,523,144,7,403,525,281,114,44
2022,4,A,골목상권,2110994,개포고등학교,494,382,112,7,65,161,123,110,28,4,47,134,103,73,21,3,18,27,20,37,7
2022,4,A,골목상권,2110993,개포지하차도 북측,70,53,17,0,3,9,19,23,16,0,2,7,16,18,10,0,1,2,3,5,6
2022,4,A,골목상권,2110992,도곡초등학교,2179,1144,1035,3,269,440,484,524,459,1,108,253,258,260,264,2,161,187,226,264,195
2022,4,A,골목상권,2110991,삼성중앙역 5번,1246,794,452,1,111,415,339,275,105,1,28,243,229,216,77,0,83,172,110,59,28
2022,4,A,골목상권,2110990,청담역 12번,262,109,153,2,61,92,56,36,15,0,12,32,29,23,13,2,49,60,27,13,2
2022,4,A,골목상권,2110989,대치동아우편취급국,444,270,174,9,90,148,75,68,54,0,43,102,43,44,38,9,47,46,32,24,16
2022,4,A,골목상권,2110988,청담역 3번,1594,1016,578,1,243,425,364,346,215,1,82,247,247,262,177,0,161,178,117,84,38
2022,4,A,골목상권,2110987,영동대교남단,473,237,236,2,91,86,93,107,94,1,46,51,44,40,55,1,45,35,49,67,39
2022,4,A,골목상권,2110986,삼성중앙역 7번,90,59,31,0,9,18,36,19,8,0,3,6,29,15,6,0,6,12,7,4,2
2022,4,A,골목상권,2110985,청담근린공원,1338,948,390,0,193,447,374,226,98,0,98,346,275,157,72,0,95,101,99,69,26
2022,4,A,골목상권,2110984,포이초등학교(개포목련어린이공원),1556,1046,510,2,236,342,331,306,339,0,140,241,211,199,255,2,96,101,120,107,84
2022,4,A,골목상권,2110983,국립국악고등학교,783,534,249,6,126,212,125,145,169,2,44,137,94,111,146,4,82,75,31,34,23
2022,4,A,골목상권,2110982,강남구보훈회관,166,74,92,0,31,34,41,41,19,0,7,13,25,14,15,0,24,21,16,27,4
2022,4,A,골목상권,2110981,국악고교사거리,361,216,145,2,57,77,110,81,34,0,27,36,72,56,25,2,30,41,38,25,9
2022,4,A,골목상권,2110980,개포지구대옆,663,482,181,0,90,198,202,111,62,0,45,142,168,72,55,0,45,56,34,39,7
2022,4,A,골목상권,2110979,청담초등학교,2996,1912,1084,4,522,922,768,567,213,4,228,628,535,343,174,0,294,294,233,224,39
2022,4,A,골목상권,2110978,도곡2동주민센터(대치중학교),331,186,145,0,46,70,72,114,29,0,20,41,47,62,16,0,26,29,25,52,13
2022,4,A,골목상권,2110977,논현로18길,148,102,46,0,22,32,45,29,20,0,14,20,33,20,15,0,8,12,12,9,5
2022,4,A,골목상권,2110976,언북초등학교,578,332,246,1,111,188,126,86,66,0,41,115,83,49,44,1,70,73,43,37,22
2022,4,A,골목상권,2110975,매봉역 1번,10837,6932,3905,34,2175,2199,3202,3019,208,21,1010,1161,2184,2402,154,13,1165,1038,1018,617,54
2022,4,A,골목상권,2110974,언주중학교,292,179,113,3,60,72,89,44,24,3,27,43,62,28,16,0,33,29,27,16,8
2022,4,A,골목상권,2110973,강남구청역 4번,1451,786,665,4,275,333,289,271,279,1,146,203,162,130,144,3,129,130,127,141,135
2022,4,A,골목상권,2110972,강남세브란스병원미래의학연구센터,2628,1440,1188,17,539,669,692,581,130,4,240,428,438,258,72,13,299,241,254,323,58
2022,4,A,골목상권,2110971,선정릉역 4번,1542,900,642,11,278,455,380,254,164,6,140,270,245,120,119,5,138,185,135,134,45
2022,4,A,골목상권,2110970,학동초등학교,378,236,142,1,66,98,102,65,46,0,27,49,66,57,37,1,39,49,36,8,9
2022,4,A,골목상권,2110969,베르사이유1아파트,1546,1230,316,4,231,442,483,285,101,2,165,345,402,239,77,2,66,97,81,46,24
2022,4,A,골목상권,2110968,강남구청역 2번,1023,596,427,7,327,204,133,121,231,4,177,117,81,68,149,3,150,87,52,53,82
2022,4,A,골목상권,2110967,역삼역 8번,377,228,149,0,63,92,89,92,41,0,31,51,60,56,30,0,32,41,29,36,11
2022,4,A,골목상권,2110966,논현2동주민센터,1637,1017,620,18,470,498,300,218,133,7,256,298,200,147,109,11,214,200,100,71,24
2022,4,A,골목상권,2110965,언주역 6번,1139,788,351,1,174,379,378,142,65,1,104,276,284,74,49,0,70,103,94,68,16
2022,4,A,골목상권,2110964,싸리고개근린공원,217,124,93,0,29,60,59,34,35,0,8,32,36,23,25,0,21,28,23,11,10
2022,4,A,골목상권,2110963,역삼월드메르디앙아파트,780,547,233,1,126,185,226,154,88,0,79,146,171,97,54,1,47,39,55,57,34
2022,4,A,골목상권,2110962,도산공원북측,557,487,70,1,66,80,242,144,24,0,45,70,226,130,16,1,21,10,16,14,8
2022,4,A,골목상권,2110961,언주역 3번,962,673,289,5,172,286,248,140,111,3,97,184,187,112,90,2,75,102,61,28,21
2022,4,A,골목상권,2110960,은광여고,1522,692,830,5,207,255,373,502,180,4,55,110,190,212,121,1,152,145,183,290,59
2022,4,A,골목상권,2110959,신구중학교,271,140,131,0,14,66,82,79,30,0,7,36,49,29,19,0,7,30,33,50,11
2022,4,A,골목상권,2110958,역삼역 4번,994,759,235,1,96,197,300,295,105,1,46,133,254,240,85,0,50,64,46,55,20
2022,4,A,골목상권,2110957,언북중학교,1251,831,420,1,262,379,317,147,145,1,146,241,215,109,119,0,116,138,102,38,26
2022,4,A,골목상권,2110956,언주역 8번,1199,758,441,4,361,471,199,87,77,2,158,307,163,70,58,2,203,164,36,17,19
2022,4,A,골목상권,2110955,논현초등학교,3430,2238,1192,19,719,823,793,625,451,13,417,568,554,389,297,6,302,255,239,236,154
2022,4,A,골목상권,2110954,국기원,636,445,191,0,89,142,187,94,124,0,35,97,161,74,78,0,54,45,26,20,46
2022,4,A,골목상권,2110953,학동근린공원,2487,1583,904,15,679,891,571,218,113,0,336,572,409,180,86,15,343,319,162,38,27
2022,4,A,골목상권,2110952,논현목련공원,117,65,52,0,21,23,27,22,24,0,9,13,13,14,16,0,12,10,14,8,8
2022,4,A,골목상권,2110951,신사은행나무공원,273,75,198,0,35,83,96,51,8,0,6,24,27,15,3,0,29,59,69,36,5
2022,4,A,골목상권,2110950,논현역 7번,2981,1929,1052,1,829,1305,518,230,98,0,418,886,383,173,69,1,411,419,135,57,29
2022,4,A,골목상권,2110949,한남IC,1683,1193,490,5,288,565,435,305,85,2,112,398,347,261,73,3,176,167,88,44,12
2022,4,A,골목상권,2110947,청계산입구역 2번(내곡동주민센터),121,48,73,0,19,18,29,21,34,0,9,9,15,7,8,0,10,9,14,14,26
2022,4,A,골목상권,2110946,청계산원터골,48,24,24,0,2,6,8,16,16,0,2,3,6,3,10,0,0,3,2,13,6
2022,4,A,골목상권,2110945,본마을노인복지센터(서초구립내곡도서관),191,114,77,3,44,57,37,33,17,3,14,31,25,28,13,0,30,26,12,5,4
2022,4,A,골목상권,2110944,서울나래학교(염곡어린이공원),1053,735,318,10,133,246,201,217,246,8,98,194,153,139,143,2,35,52,48,78,103
2022,4,A,골목상권,2110943,법제교육센터(버들어린이공원),1122,578,544,1,67,165,357,323,209,1,36,99,151,140,151,0,31,66,206,183,58
2022,4,A,골목상권,2110942,염곡동 구룡사(포이동성당),3242,1952,1290,7,578,932,791,613,321,3,328,587,461,351,222,4,250,345,330,262,99
2022,4,A,골목상권,2110941,언남고등학교,261,158,103,0,33,46,89,58,35,0,14,26,51,40,27,0,19,20,38,18,8
2022,4,A,골목상권,2110940,양재근린공원(양재2동주민센터),1043,755,288,9,186,346,264,145,93,8,116,256,200,103,72,1,70,90,64,42,21
2022,4,A,골목상권,2110939,양재역 8번(양재동우체국),5945,4103,1842,23,971,1415,1465,1168,903,15,500,989,1056,798,745,8,471,426,409,370,158
2022,4,A,골목상권,2110938,바우뫼공원,1784,1137,647,1,294,551,489,326,123,0,172,392,303,169,101,1,122,159,186,157,22
2022,4,A,골목상권,2110937,방아다리근린공원(횃불트리니티신학대학원대학교),2465,1270,1195,7,634,861,542,318,103,6,246,507,335,113,63,1,388,354,207,205,40
2022,4,A,골목상권,2110936,더케이호텔(양재리본타워2단지아파트),832,552,280,3,109,260,215,175,70,0,53,154,159,131,55,3,56,106,56,44,15
2022,4,A,골목상권,2110935,한전아트센터,379,264,115,2,53,108,105,72,39,2,33,82,75,46,26,0,20,26,30,26,13
2022,4,A,골목상권,2110934,우면주공아파트,998,677,321,6,198,291,253,164,86,5,83,217,195,113,64,1,115,74,58,51,22
2022,4,A,골목상권,2110933,한국상담대학원대학교,679,60,619,0,344,156,86,63,30,0,10,15,15,5,15,0,334,141,71,58,15
2022,4,A,골목상권,2110932,서울시인재개발원,532,384,148,2,128,170,127,64,41,2,76,116,100,54,36,0,52,54,27,10,5
2022,4,A,골목상권,2110931,삼성전자서울R&D(서울우면초등학교),100,51,49,0,37,31,18,7,7,0,12,16,10,7,6,0,25,15,8,0,1
2022,4,A,골목상권,2110930,서초동성당,2178,1774,404,8,284,588,694,433,171,2,190,448,591,393,150,6,94,140,103,40,21
2022,4,A,골목상권,2110929,남부터미널역 1번,21130,10703,10427,21,4446,4558,3912,7143,1050,4,1209,1890,1718,5123,759,17,3237,2668,2194,2020,291
2022,4,A,골목상권,2110928,서초우방유쉘아파트,596,491,105,1,57,109,125,205,99,1,29,76,109,190,86,0,28,33,16,15,13
2022,4,A,골목상권,2110927,잠원역,745,553,192,2,93,342,198,98,12,2,82,218,159,81,11,0,11,124,39,17,1
2022,4,A,골목상권,2110926,신중초등학교,1610,1175,435,6,193,359,463,382,207,3,114,263,355,292,148,3,79,96,108,90,59
2022,4,A,골목상권,2110925,서초중학교,873,496,377,0,104,137,244,222,166,0,38,65,146,132,115,0,66,72,98,90,51
2022,4,A,골목상권,2110924,반포4동주민센터(몽마르뜨공원),1330,886,444,5,203,305,407,298,112,1,85,181,300,236,83,4,118,124,107,62,29
2022,4,A,골목상권,2110923,방배역 1번,210,153,57,0,34,56,55,41,24,0,21,38,42,34,18,0,13,18,13,7,6
2022,4,A,골목상권,2110922,내방역 1번,224,114,110,1,42,48,47,43,43,0,13,23,27,23,28,1,29,25,20,20,15
2022,4,A,골목상권,2110921,서울프랑스학교,522,321,201,7,63,71,118,142,121,2,30,43,82,90,74,5,33,28,36,52,47
2022,4,A,골목상권,2110920,방배역 2번(백석예술대학교),359,205,154,0,23,53,125,118,40,0,5,29,65,75,31,0,18,24,60,43,9
2022,4,A,골목상권,2110919,내방역 8번,1539,1126,413,3,142,311,413,419,251,1,60,179,331,354,201,2,82,132,82,65,50
2022,4,A,골목상권,2110918,방배역 3번,682,438,244,3,98,127,164,142,148,2,59,85,108,86,98,1,39,42,56,56,50
2022,4,A,골목상권,2110917,서초소방서,1505,939,566,6,157,432,402,355,153,2,72,281,295,181,108,4,85,151,107,174,45
2022,4,A,골목상권,2110916,내방역 4번,1152,592,560,9,216,272,301,208,146,6,58,167,187,91,83,3,158,105,114,117,63
2022,4,A,골목상권,2110915,서래초등학교,2807,2202,605,14,421,877,1027,379,89,11,280,648,849,336,78,3,141,229,178,43,11
2022,4,A,골목상권,2110914,내방역 6번,146,116,30,0,26,31,37,26,26,0,17,26,26,24,23,0,9,5,11,2,3
2022,4,A,골목상권,2110913,방현초등학교(방배119안전센터),3305,2117,1188,7,572,1265,879,376,206,4,272,824,627,237,153,3,300,441,252,139,53
2022,4,A,골목상권,2110912,방배동사이길,210,128,82,3,33,45,53,42,34,2,16,27,39,21,23,1,17,18,14,21,11
2022,4,A,골목상권,2110911,방배배수지체육공원,29,22,7,0,6,3,7,5,8,0,6,2,4,4,6,0,0,1,3,1,2
2022,4,A,골목상권,2110910,내방역 5번,614,240,374,5,72,124,157,176,80,3,30,69,52,49,37,2,42,55,105,127,43
2022,4,A,골목상권,2110909,남태령역(서울전자고등학교),132,97,35,1,11,29,23,34,34,1,4,19,16,29,28,0,7,10,7,5,6
2022,4,A,골목상권,2110908,구반포역,1525,377,1148,0,66,111,397,806,145,0,42,54,71,141,69,0,24,57,326,665,76
2022,4,A,골목상권,2110907,방배초등학교,878,506,372,8,144,197,239,157,133,5,66,109,122,99,105,3,78,88,117,58,28
2022,4,A,골목상권,2110906,서문여고,683,362,321,2,217,106,119,106,133,0,59,58,72,62,111,2,158,48,47,44,22
2022,4,A,골목상권,2110905,방배노인종합복지관(이수중학교),287,176,111,1,36,71,71,63,45,0,18,38,45,41,34,1,18,33,26,22,11
2022,4,A,골목상권,2110904,이수역 5번,835,468,367,4,167,217,239,139,69,1,90,125,135,59,58,3,77,92,104,80,11
2022,4,A,골목상권,2110903,방배아이파크아파트,7222,2653,4569,7,1242,1778,2487,1322,386,1,333,597,951,599,172,6,909,1181,1536,723,214
2022,4,A,골목상권,2110902,사당역 4번,1201,739,462,1,193,270,296,250,191,0,84,171,204,158,122,1,109,99,92,92,69
2022,4,A,골목상권,2110901,인헌고등학교(인헌중학교),262,154,108,3,44,64,75,55,21,3,23,40,40,32,16,0,21,24,35,23,5
2022,4,A,골목상권,2110900,낙성대역 1번(관악구민 종합체육센터),457,257,200,1,95,125,123,89,24,1,49,65,69,54,19,0,46,60,54,35,5
2022,4,A,골목상권,2110899,낙성대역 5번(관악중학교),690,448,242,0,167,185,166,123,49,0,107,135,96,71,39,0,60,50,70,52,10
2022,4,A,골목상권,2110898,청림동주민센터(상도중학교),66,27,39,0,16,14,14,16,6,0,5,3,8,7,4,0,11,11,6,9,2
2022,4,A,골목상권,2110897,서울대입구역 8번,219,139,80,0,16,45,69,64,25,0,7,24,40,44,24,0,9,21,29,20,1
2022,4,A,골목상권,2110896,관악우성아파트,202,49,153,0,41,37,44,47,33,0,5,7,11,13,13,0,36,30,33,34,20
2022,4,A,골목상권,2110895,샤로수길,1796,1222,574,3,307,721,360,233,172,2,170,534,234,152,130,1,137,187,126,81,42
2022,4,A,골목상권,2110894,관악동부센트레빌아파트(은천로35라길),20,8,12,0,2,4,3,6,5,0,0,2,1,2,3,0,2,2,2,4,2
2022,4,A,골목상권,2110893,관악소방서(문영여고),353,303,50,0,39,110,66,113,25,0,29,96,57,99,22,0,10,14,9,14,3
2022,4,A,골목상권,2110892,관악구 중앙길,709,341,368,0,69,110,159,221,150,0,25,55,76,105,80,0,44,55,83,116,70
2022,4,A,골목상권,2110891,구암초등학교,47,22,25,0,5,1,22,16,3,0,1,0,11,8,2,0,4,1,11,8,1
2022,4,A,골목상권,2110890,봉천역 1번(관악초등학교),261,152,109,1,22,44,95,70,29,0,4,22,59,46,21,1,18,22,36,24,8
2022,4,A,골목상권,2110889,봉천역 6번,376,317,59,0,29,36,69,136,106,0,18,20,47,130,102,0,11,16,22,6,4
2022,4,A,골목상권,2110888,청룡동주민센터,94,53,41,0,5,9,11,22,47,0,3,2,4,6,38,0,2,7,7,16,9
2022,4,A,골목상권,2110887,서울산업정보학교(서울삼성초등학교),19,11,8,0,1,4,7,6,1,0,0,0,4,6,1,0,1,4,3,0,0
2022,4,A,골목상권,2110886,관악해태어린이공원,188,103,85,1,38,50,41,36,22,1,18,28,21,23,12,0,20,22,20,13,10
2022,4,A,골목상권,2110885,영락고등학교,340,214,126,0,37,58,94,89,62,0,18,33,61,57,45,0,19,25,33,32,17
2022,4,A,골목상권,2110884,봉천역 4번(봉천110안전센터),372,284,88,1,17,30,61,98,165,0,1,8,49,84,142,1,16,22,12,14,23
2022,4,A,골목상권,2110883,은천초등학교(은천교앞),212,126,86,2,21,44,71,49,25,1,12,25,43,29,16,1,9,19,28,20,9
2022,4,A,골목상권,2110882,신성초등학교,733,444,289,1,95,131,215,168,123,0,52,67,122,109,94,1,43,64,93,59,29
2022,4,A,골목상권,2110881,구립대학경로당(관악산샘말공원),1601,1304,297,1,317,452,460,271,100,1,225,376,399,232,71,0,92,76,61,39,29
2022,4,A,골목상권,2110880,신림역 1번,995,275,720,0,379,296,157,128,35,0,78,87,66,33,11,0,301,209,91,95,24
2022,4,A,골목상권,2110879,신림현대아파트,17,7,10,0,2,3,5,5,2,0,1,2,2,2,0,0,1,1,3,3,2
2022,4,A,골목상권,2110878,미림여고,368,218,150,3,43,114,101,78,29,0,19,63,68,43,25,3,24,51,33,35,4
2022,4,A,골목상권,2110877,신림역 8번,319,154,165,2,23,63,86,80,65,0,10,30,36,39,39,2,13,33,50,41,26
2022,4,A,골목상권,2110876,서원동주민센터(신관중학교),49,29,20,0,5,9,16,9,10,0,2,4,10,4,9,0,3,5,6,5,1
2022,4,A,골목상권,2110875,보라매동주민센터(당곡고등학교),16,13,3,0,3,2,5,4,2,0,2,2,3,4,2,0,1,0,2,0,0
2022,4,A,골목상권,2110874,원신초등학교(구세군관악영문교회),46,15,31,1,4,19,7,12,3,1,1,3,3,6,1,0,3,16,4,6,2
2022,4,A,골목상권,2110873,당곡중학교,343,166,177,0,68,79,86,74,36,0,29,39,39,36,23,0,39,40,47,38,13
2022,4,A,골목상권,2110872,신림초등학교,277,195,82,3,54,68,69,53,30,3,36,54,54,41,7,0,18,14,15,12,23
2022,4,A,골목상권,2110871,신원동주민센터,159,101,58,1,12,40,45,37,24,0,8,25,27,25,16,1,4,15,18,12,8
2022,4,A,골목상권,2110869,"신림역 5번(신림동주민센터, 신림동별빛거리)",1026,681,345,1,79,136,248,233,329,1,36,73,143,155,273,0,43,63,105,78,56
2022,4,A,골목상권,2110868,남부초등학교,232,126,106,0,20,29,45,49,89,0,11,23,22,28,42,0,9,6,23,21,47
2022,4,A,골목상권,2110867,국제신학대학원대학교(남서울중학교),202,117,85,0,8,34,39,53,68,0,2,15,21,32,47,0,6,19,18,21,21
2022,4,A,골목상권,2110866,난우중학교,171,91,80,0,20,36,34,62,19,0,14,20,12,29,16,0,6,16,22,33,3
2022,4,A,골목상권,2110865,남강고등학교(남강중학교),336,143,193,4,66,72,69,85,40,2,16,34,28,34,29,2,50,38,41,51,11
2022,4,A,골목상권,2110864,신림우방아파트,236,161,75,0,31,48,53,60,44,0,21,31,37,43,29,0,10,17,16,17,15
2022,4,A,골목상권,2110863,난우초등학교,319,179,140,6,40,61,63,79,70,5,23,30,38,36,47,1,17,31,25,43,23
2022,4,A,골목상권,2110862,난곡초등학교(난곡동벽화마을),84,41,43,0,4,13,14,34,19,0,2,6,11,15,7,0,2,7,3,19,12
2022,4,A,골목상권,2110861,관악구신사동주민센터,1182,608,574,1,215,377,263,209,117,1,71,194,161,105,76,0,144,183,102,104,41
2022,4,A,골목상권,2110860,호림박물관(성보고등학교),410,314,96,1,57,102,66,110,74,1,44,84,47,78,60,0,13,18,19,32,14
2022,4,A,골목상권,2110859,난향초등학교,182,113,69,0,11,32,42,52,45,0,0,21,27,30,35,0,11,11,15,22,10
2022,4,A,골목상권,2110858,신대방역 1번,66,33,33,0,5,9,17,7,28,0,0,1,6,2,24,0,5,8,11,5,4
2022,4,A,골목상권,2110857,미성동주민센터,431,229,202,9,60,64,70,108,120,9,34,48,41,46,51,0,26,16,29,62,69
2022,4,A,골목상권,2110856,미성초등학교,538,295,243,3,58,85,170,150,72,1,28,44,99,71,52,2,30,41,71,79,20
2022,4,A,골목상권,2110855,신대방역 2번,429,275,154,2,53,111,126,90,47,0,22,81,83,55,34,2,31,30,43,35,13
2022,4,A,골목상권,2110854,조원동주민센터,55,39,16,0,4,5,17,21,8,0,3,5,9,15,7,0,1,0,8,6,1
2022,4,A,골목상권,2110853,KT구로지사,213,127,86,0,21,47,65,50,30,0,9,26,44,27,21,0,12,21,21,23,9
2022,4,A,골목상권,2110852,이수역 9번,198,121,77,0,26,35,54,38,45,0,12,20,30,23,36,0,14,15,24,15,9
2022,4,A,골목상권,2110851,경문고등학교(동작동성당),485,233,252,0,79,136,140,102,28,0,32,53,66,66,16,0,47,83,74,36,12
2022,4,A,골목상권,2110850,사당역 10번,969,487,482,4,217,207,185,162,194,1,54,88,92,95,157,3,163,119,93,67,37
2022,4,A,골목상권,2110849,이수역 10번,220,130,90,1,37,52,58,40,32,0,12,33,34,25,26,1,25,19,24,15,6
2022,4,A,골목상권,2110848,양지어린이공원,486,307,179,0,36,68,152,132,98,0,6,39,85,93,84,0,30,29,67,39,14
2022,4,A,골목상권,2110847,예술인마을,460,225,235,3,53,139,142,78,45,3,13,62,76,38,33,0,40,77,66,40,12
2022,4,A,골목상권,2110846,남성역 1번,535,290,245,1,66,120,146,135,67,0,25,59,78,74,54,1,41,61,68,61,13
2022,4,A,골목상권,2110845,사당종합체육관,119,51,68,0,9,17,39,36,18,0,5,8,19,9,10,0,4,9,20,27,8
2022,4,A,골목상권,2110844,흑석2치안센터,7,5,2,0,2,1,1,0,3,0,1,1,1,0,2,0,1,0,0,0,1
2022,4,A,골목상권,2110843,사당5동주민센터,181,135,46,1,22,25,55,52,26,0,16,17,34,44,24,1,6,8,21,8,2
2022,4,A,골목상권,2110842,흑리단길,43,14,29,0,7,8,8,12,8,0,2,2,3,2,5,0,5,6,5,10,3
2022,4,A,골목상권,2110841,중대부중,88,36,52,0,11,17,16,25,19,0,5,7,5,11,8,0,6,10,11,14,11
2022,4,A,골목상권,2110840,중앙대학교,165,92,73,0,24,22,52,43,24,0,12,12,32,21,15,0,12,10,20,22,9
2022,4,A,골목상권,2110839,숭실대입구역 4번,187,67,120,0,10,51,57,46,23,0,2,14,22,11,18,0,8,37,35,35,5
2022,4,A,골목상권,2110838,상도1동주민센터앞,131,122,9,0,3,32,30,35,31,0,3,27,27,35,30,0,0,5,3,0,1
2022,4,A,골목상권,2110837,숭실대입구역 1번,373,195,178,1,39,76,84,80,93,0,19,32,43,32,69,1,20,44,41,48,24
2022,4,A,골목상권,2110836,상도역 5번,3057,1846,1211,9,550,798,701,647,352,2,238,486,453,447,220,7,312,312,248,200,132
2022,4,A,골목상권,2110835,상도역 1번,285,161,124,0,81,92,57,35,20,0,32,59,36,16,18,0,49,33,21,19,2
2022,4,A,골목상권,2110834,동작구자원봉사센터,38,22,16,0,3,5,6,10,14,0,2,2,6,5,7,0,1,3,0,5,7
2022,4,A,골목상권,2110833,상도역 2번,266,172,94,2,20,64,76,77,27,0,17,51,48,37,19,2,3,13,28,40,8
2022,4,A,골목상권,2110832,노량진초등학교,377,171,206,0,38,51,93,141,54,0,14,22,57,55,23,0,24,29,36,86,31
2022,4,A,골목상권,2110831,상도4동주민센터,72,40,32,0,3,13,14,29,13,0,3,6,6,18,7,0,0,7,8,11,6
2022,4,A,골목상권,2110830,상도초등학교,281,152,129,0,22,61,73,85,40,0,7,29,36,54,26,0,15,32,37,31,14
2022,4,A,골목상권,2110829,장승배기역 5번,536,417,119,0,195,137,79,53,72,0,177,106,49,40,45,0,18,31,30,13,27
2022,4,A,골목상권,2110828,노량진역 6번,3010,2066,944,9,471,1047,854,467,162,3,252,711,639,357,104,6,219,336,215,110,58
2022,4,A,골목상권,2110827,NH농협은행 상도동지점,262,93,169,0,39,51,73,65,34,0,11,18,20,28,16,0,28,33,53,37,18
2022,4,A,골목상권,2110826,장승배기역 4번,366,149,217,2,20,37,57,103,147,1,8,22,28,38,52,1,12,15,29,65,95
2022,4,A,골목상권,2110825,신대방삼거리역 1번,316,205,111,0,33,63,94,71,55,0,23,41,57,46,38,0,10,22,37,25,17
2022,4,A,골목상권,2110824,대방역 3번,296,102,194,1,48,91,92,42,22,0,11,26,29,23,13,1,37,65,63,19,9
2022,4,A,골목상권,2110823,신대방삼거리역 3번,472,242,230,0,30,45,83,121,193,0,17,26,40,42,117,0,13,19,43,79,76
2022,4,A,골목상권,2110822,신대방삼거리역 4번(대림초등학교),311,130,181,0,57,71,68,74,41,0,13,28,34,34,21,0,44,43,34,40,20
2022,4,A,골목상권,2110821,보라매역 2번,595,353,242,0,73,109,140,135,138,0,34,65,79,87,88,0,39,44,61,48,50
2022,4,A,골목상권,2110820,성남고등학교,3101,2470,631,1,651,742,555,991,161,0,438,581,448,879,124,1,213,161,107,112,37
2022,4,A,골목상권,2110819,신대방역 4번,510,262,248,0,64,99,128,93,126,0,15,37,58,62,90,0,49,62,70,31,36
2022,4,A,골목상권,2110818,신대방역 3번,20,9,11,0,1,3,7,7,2,0,1,3,2,1,2,0,0,0,5,6,0
2022,4,A,골목상권,2110817,대방역 4번,286,227,59,1,38,51,90,59,47,0,19,35,79,53,41,1,19,16,11,6,6
2022,4,A,골목상권,2110816,대방역 6번,521,404,117,1,73,138,153,68,88,1,50,109,114,50,80,0,23,29,39,18,8
2022,4,A,골목상권,2110815,공군호텔,2240,785,1455,4,425,514,476,507,314,0,88,195,167,170,165,4,337,319,309,337,149
2022,4,A,골목상권,2110814,서울지방병무청,673,364,309,1,51,117,155,236,113,1,23,79,97,104,60,0,28,38,58,132,53
2022,4,A,골목상권,2110813,보라매역 6번,286,167,119,3,22,37,50,74,100,3,15,21,24,39,65,0,7,16,26,35,35
2022,4,A,골목상권,2110812,신길6동주민센터,363,245,118,0,69,115,106,50,23,0,34,78,85,29,19,0,35,37,21,21,4
2022,4,A,골목상권,2110811,보라매역 4번,187,94,93,0,22,41,49,52,23,0,8,22,18,27,19,0,14,19,31,25,4
2022,4,A,골목상권,2110810,영신초등학교,395,178,217,0,53,143,63,80,56,0,20,65,31,44,18,0,33,78,32,36,38
2022,4,A,골목상권,2110809,장훈고등학교,112,61,51,0,7,15,30,23,37,0,3,5,11,17,25,0,4,10,19,6,12
2022,4,A,골목상권,2110808,신길역 1번,67,48,19,0,3,22,21,13,8,0,3,15,14,9,7,0,0,7,7,4,1
2022,4,A,골목상권,2110807,신길역 3번,102,70,32,0,6,16,23,27,30,0,4,8,18,19,21,0,2,8,5,8,9
2022,4,A,골목상권,2110806,서울시립영등포장애인복지관,76,42,34,0,18,30,13,13,2,0,5,16,9,11,1,0,13,14,4,2,1
2022,4,A,골목상권,2110805,신길새마을금고신길4동지점,45,27,18,0,6,12,12,8,7,0,2,7,6,5,7,0,4,5,6,3,0
2022,4,A,골목상권,2110804,신풍역 1번,312,187,125,0,15,37,62,63,135,0,4,15,29,35,104,0,11,22,33,28,31
2022,4,A,골목상권,2110803,신길2동우편취급국,304,220,84,0,17,27,56,62,142,0,6,14,33,39,128,0,11,13,23,23,14
2022,4,A,골목상권,2110802,신길동홍어거리,336,159,177,1,59,113,86,61,16,0,18,45,44,40,12,1,41,68,42,21,4
2022,4,A,골목상권,2110800,영등포동성당,227,153,74,0,26,34,61,66,40,0,13,22,37,46,35,0,13,12,24,20,5
2022,4,A,골목상권,2110799,영등포본동주민센터,119,86,33,5,21,16,11,22,44,3,12,10,6,15,40,2,9,6,5,7,4
2022,4,A,골목상권,2110798,신풍역 2번,53,20,33,0,2,13,14,13,11,0,0,3,3,6,8,0,2,10,11,7,3
2022,4,A,골목상권,2110797,KT대방빌딩,52,10,42,1,7,10,12,11,11,0,0,0,1,3,6,1,7,10,11,8,5
2022,4,A,골목상권,2110796,한림대학교한강성심병원,87,52,35,1,7,19,26,19,15,0,4,11,17,9,11,1,3,8,9,10,4
2022,4,A,골목상권,2110795,도림초등학교,533,356,177,0,20,49,80,128,256,0,8,36,48,74,190,0,12,13,32,54,66
2022,4,A,골목상권,2110794,영동초등학교,632,494,138,0,87,115,178,167,85,0,47,89,148,135,75,0,40,26,30,32,10
2022,4,A,골목상권,2110792,영등포역 2번,3400,1767,1633,28,563,880,843,862,224,11,229,398,466,530,133,17,334,482,377,332,91
2022,4,A,골목상권,2110791,신풍역 3번,25,17,8,0,1,5,9,9,1,0,0,2,6,8,1,0,1,3,3,1,0
2022,4,A,골목상권,2110790,대림1동주민센터,739,336,403,1,74,163,280,161,60,1,46,71,88,77,53,0,28,92,192,84,7
2022,4,A,골목상권,2110789,대림성모병원,491,182,309,0,104,137,115,93,42,0,16,44,49,43,30,0,88,93,66,50,12
2022,4,A,골목상권,2110788,영등포시장역 3번,28,22,6,0,4,5,7,9,3,0,3,5,6,6,2,0,1,0,1,3,1
2022,4,A,골목상권,2110787,신길3동주민센터,171,122,49,0,19,35,47,42,28,0,8,25,36,31,22,0,11,10,11,11,6
2022,4,A,골목상권,2110786,당산역 8번,271,179,92,2,20,41,60,51,97,2,8,21,42,38,68,0,12,20,18,13,29
2022,4,A,골목상권,2110785,영등포푸르지오아파트,161,84,77,2,13,17,39,44,46,2,8,12,24,14,24,0,5,5,15,30,22
2022,4,A,골목상권,2110784,신대림초등학교,76,42,34,0,3,11,18,36,8,0,0,7,12,18,5,0,3,4,6,18,3
2022,4,A,골목상권,2110783,영등포시장역 1번,292,154,138,1,26,37,35,67,126,1,19,27,16,33,58,0,7,10,19,34,68
2022,4,A,골목상권,2110782,영등포시장역 4번,127,87,40,1,13,24,48,27,14,1,5,16,36,17,12,0,8,8,12,10,2
2022,4,A,골목상권,2110781,대림한신아파트,182,112,70,0,23,29,51,38,41,0,8,16,34,23,31,0,15,13,17,15,10
2022,4,A,골목상권,2110780,신길대성유니드아파트,223,171,52,0,22,42,71,56,32,0,18,34,51,41,27,0,4,8,20,15,5
2022,4,A,골목상권,2110779,대림갑을명가아파트,33,24,9,0,2,5,13,7,6,0,1,4,10,4,5,0,1,1,3,3,1
2022,4,A,골목상권,2110778,구로디지털단지역 4번,1615,878,737,0,248,461,489,233,184,0,122,282,196,145,133,0,126,179,293,88,51
2022,4,A,골목상권,2110777,구로세무서,282,210,72,0,36,41,47,83,75,0,13,30,32,66,69,0,23,11,15,17,6
2022,4,A,골목상권,2110776,도신초등학교,168,106,62,0,12,20,48,63,25,0,11,10,35,34,16,0,1,10,13,29,9
2022,4,A,골목상권,2110775,대동초등학교,61,30,31,0,5,13,20,15,8,0,2,6,6,10,6,0,3,7,14,5,2
2022,4,A,골목상권,2110774,당산반도유보라팰리스아파트,472,355,117,0,59,119,131,96,67,0,34,81,109,80,51,0,25,38,22,16,16
2022,4,A,골목상권,2110773,당산역 13번,272,218,54,0,46,65,45,40,76,0,36,53,32,34,63,0,10,12,13,6,13
2022,4,A,골목상권,2110772,신우어린이공원,94,55,39,0,9,15,22,26,22,0,5,8,12,19,11,0,4,7,10,7,11
2022,4,A,골목상권,2110771,대림역 11번,955,604,351,0,22,38,128,210,557,0,21,30,73,131,349,0,1,8,55,79,208
2022,4,A,골목상권,2110770,영등포구청역 6번,263,191,72,1,45,49,77,45,46,1,24,41,54,28,43,0,21,8,23,17,3
2022,4,A,골목상권,2110769,대림차이나타운(대림역 12번),18,8,10,0,3,4,6,4,1,0,0,1,4,2,1,0,3,3,2,2,0
2022,4,A,골목상권,2110768,도림2동유수지내체육시설,294,155,139,0,20,43,63,73,95,0,7,22,32,41,53,0,13,21,31,32,42
2022,4,A,골목상권,2110767,도림동주민센터,34,3,31,0,9,5,12,6,2,0,0,0,2,1,0,0,9,5,10,5,2
2022,4,A,골목상권,2110766,대림역 5번,360,205,155,0,30,82,85,99,64,0,15,54,42,56,38,0,15,28,43,43,26
2022,4,A,골목상권,2110765,문래동사거리,889,619,270,2,80,133,209,175,290,1,38,78,140,126,236,1,42,55,69,49,54
2022,4,A,골목상권,2110764,문래역 3번,541,223,318,0,93,127,159,102,60,0,27,39,54,54,49,0,66,88,105,48,11
2022,4,A,골목상권,2110763,영등포구청역 2번,480,353,127,2,84,147,107,84,56,0,53,100,79,72,49,2,31,47,28,12,7
2022,4,A,골목상권,2110762,선유도역 1번,3139,2286,853,6,392,669,739,809,524,4,217,459,529,629,448,2,175,210,210,180,76
2022,4,A,골목상권,2110761,문래동남성맨션,180,106,74,0,13,43,45,41,38,0,8,17,26,25,30,0,5,26,19,16,8
2022,4,A,골목상권,2110760,선유도역 6번,1792,1091,701,8,273,444,499,376,192,6,170,256,275,219,165,2,103,188,224,157,27
2022,4,A,골목상권,2110759,문래예술촌(문래창작촌),4221,2165,2056,9,520,837,996,1286,573,5,266,550,589,466,289,4,254,287,407,820,284
2022,4,A,골목상권,2110758,문래소공원,296,221,75,1,44,77,70,67,37,0,32,60,46,52,31,1,12,17,24,15,6
2022,4,A,골목상권,2110757,양평역 2번,1501,1114,387,1,111,230,356,424,379,0,51,176,286,314,287,1,60,54,70,110,92
2022,4,A,골목상권,2110756,문래중학교,275,179,96,0,48,79,78,35,35,0,21,58,52,21,27,0,27,21,26,14,8
2022,4,A,골목상권,2110755,동일여자고등학교,199,53,146,0,10,24,47,74,44,0,4,9,16,12,12,0,6,15,31,62,32
2022,4,A,골목상권,2110754,삼성산자연공원(서울금천초등학교),199,75,124,1,21,41,47,39,50,0,6,18,28,10,13,1,15,23,19,29,37
2022,4,A,골목상권,2110753,시흥동 은행나무사거리,617,387,230,0,69,100,149,166,133,0,28,68,90,96,105,0,41,32,59,70,28
2022,4,A,골목상권,2110752,한울중학교,269,117,152,2,25,46,81,79,36,2,13,16,34,33,19,0,12,30,47,46,17
2022,4,A,골목상권,2110751,난곡중학교,730,397,333,2,48,217,240,177,46,2,21,117,127,91,39,0,27,100,113,86,7
2022,4,A,골목상권,2110750,시흥4동주민센터(서울신흥초등학교),397,221,176,4,78,83,80,104,48,4,47,62,43,33,32,0,31,21,37,71,16
2022,4,A,골목상권,2110749,금산초등학교(금천고등학교),448,273,175,0,61,105,110,121,51,0,33,67,55,82,36,0,28,38,55,39,15
2022,4,A,골목상권,2110748,백산초등학교,102,64,38,0,6,19,21,26,30,0,2,9,11,22,20,0,4,10,10,4,10
2022,4,A,골목상권,2110747,석수역 1번 출입구,823,612,211,0,46,84,169,227,297,0,27,52,102,165,266,0,19,32,67,62,31
2022,4,A,골목상권,2110746,금천금빛공원(은행나무사거리서측),70,48,22,0,5,11,22,21,11,0,3,9,13,15,8,0,2,2,9,6,3
2022,4,A,골목상권,2110745,독산동정훈단지,251,191,60,0,11,20,33,86,101,0,3,12,22,64,90,0,8,8,11,22,11
2022,4,A,골목상권,2110744,독산동성당,531,327,204,0,49,107,129,152,94,0,36,71,75,86,59,0,13,36,54,66,35
2022,4,A,골목상권,2110743,시흥초등학교(시흥1동우체국),191,130,61,0,18,31,48,50,44,0,10,20,32,37,31,0,8,11,16,13,13
2022,4,A,골목상권,2110742,KT금천빌딩(금천구시설관리공단),426,237,189,0,42,83,106,125,70,0,21,57,71,54,34,0,21,26,35,71,36
2022,4,A,골목상권,2110741,독산2동주민센터,444,159,285,0,69,117,96,108,54,0,43,35,26,33,22,0,26,82,70,75,32
2022,4,A,골목상권,2110740,금천해태공원,650,283,367,1,135,136,138,170,70,1,47,55,58,71,51,0,88,81,80,99,19
2022,4,A,골목상권,2110739,시흥3동 우편취급국,1558,585,973,1,167,288,537,525,40,0,50,153,224,133,25,1,117,135,313,392,15
2022,4,A,골목상권,2110738,문성초등학교,249,125,124,0,17,27,65,90,50,0,12,14,34,40,25,0,5,13,31,50,25
2022,4,A,골목상권,2110737,금천세무서,506,324,182,8,78,85,96,117,122,0,28,49,51,91,105,8,50,36,45,26,17
2022,4,A,골목상권,2110736,독산119안전센터,450,196,254,0,45,52,74,114,165,0,21,31,34,41,69,0,24,21,40,73,96
2022,4,A,골목상권,2110735,말미고개,520,330,190,0,64,115,140,140,61,0,31,79,94,79,47,0,33,36,46,61,14
2022,4,A,골목상권,2110734,금천파출소,92,47,45,0,7,11,21,29,24,0,3,5,14,13,12,0,4,6,7,16,12
2022,4,A,골목상권,2110733,금천어울림복지센터,374,293,81,3,34,89,74,90,84,3,22,67,59,66,76,0,12,22,15,24,8
2022,4,A,골목상권,2110732,가산초등학교(세일중학교),338,239,99,1,41,60,98,76,62,0,22,34,71,60,52,1,19,26,27,16,10
2022,4,A,골목상권,2110731,금천구청역 1번 출입구,1041,563,478,7,306,383,206,96,43,2,149,229,102,55,26,5,157,154,104,41,17
2022,4,A,골목상권,2110730,서울축산농협 독산역지점(독산파출소),660,376,284,1,80,105,117,201,156,1,30,58,54,113,120,0,50,47,63,88,36
2022,4,A,골목상권,2110729,가산동우체국,151,112,39,0,19,30,40,39,23,0,14,19,30,30,19,0,5,11,10,9,4
2022,4,A,골목상권,2110728,두산초등학교,4560,2778,1782,8,88,138,245,530,3551,8,64,86,123,279,2218,0,24,52,122,251,1333
2022,4,A,골목상권,2110727,독산역 1번 출입구,659,514,145,4,72,152,169,191,71,4,48,118,128,165,51,0,24,34,41,26,20
2022,4,A,골목상권,2110726,금천철쭉어린이공원(금하마을),222,172,50,0,19,25,41,62,75,0,17,16,22,45,72,0,2,9,19,17,3
2022,4,A,골목상권,2110725,가산동주민센터,85,59,26,0,6,20,22,20,17,0,3,15,16,12,13,0,3,5,6,8,4
2022,4,A,골목상권,2110724,금천구립가산도서관,366,254,112,1,42,76,122,89,36,1,33,60,90,45,25,0,9,16,32,44,11
2022,4,A,골목상권,2110723,가산디지털단지역 1번 출입구,286,247,39,0,6,10,37,130,103,0,6,5,26,113,97,0,0,5,11,17,6
2022,4,A,골목상권,2110722,G타워,1221,876,345,5,246,423,354,139,54,5,163,311,281,79,37,0,83,112,73,60,17
2022,4,A,골목상권,2110721,가리봉파출소,215,104,111,1,6,36,42,42,88,0,2,19,17,22,44,1,4,17,25,20,44
2022,4,A,골목상권,2110720,대림역 2번,158,73,85,0,23,25,43,35,32,0,10,11,15,15,22,0,13,14,28,20,10
2022,4,A,골목상권,2110719,영서중학교,52,44,8,0,6,9,9,14,14,0,6,7,8,13,10,0,0,2,1,1,4
2022,4,A,골목상권,2110718,한국SGI본부,1614,1061,553,3,308,462,397,336,108,3,167,313,292,220,66,0,141,149,105,116,42
2022,4,A,골목상권,2110717,남구로역 2번,570,271,299,0,108,155,142,104,61,0,49,84,75,34,29,0,59,71,67,70,32
2022,4,A,골목상권,2110716,구로나눔길,666,398,268,1,132,256,164,77,36,0,39,154,115,60,30,1,93,102,49,17,6
2022,4,A,골목상권,2110715,구로구민회관,93,64,29,0,13,15,30,27,8,0,5,11,20,21,7,0,8,4,10,6,1
2022,4,A,골목상권,2110714,구로4동주민센터,271,156,115,0,34,44,57,79,57,0,8,19,32,53,44,0,26,25,25,26,13
2022,4,A,골목상권,2110713,구로보건소,2668,1817,851,5,474,650,706,533,300,3,323,472,514,332,173,2,151,178,192,201,127
2022,4,A,골목상권,2110712,남구로역 5번,233,108,125,1,32,36,66,64,34,0,10,17,24,32,25,1,22,19,42,32,9
2022,4,A,골목상권,2110711,구로초등학교,818,332,486,4,62,122,166,288,176,2,26,70,82,75,77,2,36,52,84,213,99
2022,4,A,골목상권,2110710,남구로역 3번,606,370,236,3,83,96,105,121,198,3,46,63,63,68,127,0,37,33,42,53,71
2022,4,A,골목상권,2110709,구로119안전센터,162,94,68,0,16,19,44,46,37,0,13,12,28,25,16,0,3,7,16,21,21
2022,4,A,골목상권,2110708,화원어린이공원,64,27,37,0,8,12,12,23,9,0,1,4,5,9,8,0,7,8,7,14,1
2022,4,A,골목상권,2110707,구로창업지원센터,1045,760,285,4,141,266,246,253,135,3,78,195,185,186,113,1,63,71,61,67,22
2022,4,A,골목상권,2110706,그라운드 고척,410,100,310,0,122,101,101,68,18,0,22,20,28,20,10,0,100,81,73,48,8
2022,4,A,골목상권,2110705,고산초등학교,33,19,14,0,3,2,8,7,13,0,3,1,8,2,5,0,0,1,0,5,8
2022,4,A,골목상권,2110704,고척중학교,62,36,26,0,12,23,10,12,5,0,7,12,3,11,3,0,5,11,7,1,2
2022,4,A,골목상권,2110703,개봉역,569,449,120,4,28,60,119,170,188,3,16,35,79,141,175,1,12,25,40,29,13
2022,4,A,골목상권,2110702,개봉초등학교,131,93,38,1,15,18,33,34,30,1,10,13,23,24,22,0,5,5,10,10,8
2022,4,A,골목상권,2110701,고척동성당,567,379,188,2,126,185,125,92,37,0,81,133,82,54,29,2,45,52,43,38,8
2022,4,A,골목상권,2110700,고척초등학교,3249,2648,601,3,209,680,974,1176,207,2,119,533,803,1021,170,1,90,147,171,155,37
2022,4,A,골목상권,2110699,덕의초등학교,150,89,61,0,15,24,32,48,31,0,8,15,15,28,23,0,7,9,17,20,8
2022,4,A,골목상권,2110698,개웅초등학교(개웅중학교),279,178,101,3,50,50,54,65,57,3,25,32,32,40,46,0,25,18,22,25,11
2022,4,A,골목상권,2110697,개봉3동주민센터,244,152,92,1,55,64,52,43,29,1,27,41,33,30,20,0,28,23,19,13,9
2022,4,A,골목상권,2110696,오류동역 1번,2453,1671,782,32,831,951,335,223,81,16,483,739,238,133,62,16,348,212,97,90,19
2022,4,A,골목상권,2110695,개봉1동주민센터,546,314,232,1,57,150,143,123,72,1,31,97,72,64,49,0,26,53,71,59,23
2022,4,A,골목상권,2110694,세곡초등학교,445,249,196,2,55,149,90,98,51,0,24,76,51,60,38,2,31,73,39,38,13
2022,4,A,골목상권,2110693,오류동역 4번,17,9,8,0,1,3,5,4,4,0,1,3,2,2,1,0,0,0,3,2,3
2022,4,A,골목상권,2110692,큰굴다리,233,148,85,0,12,52,54,66,49,0,7,19,35,49,38,0,5,33,19,17,11
2022,4,A,골목상권,2110691,개봉중학교,395,205,190,0,37,65,119,115,59,0,20,38,49,52,46,0,17,27,70,63,13
2022,4,A,골목상권,2110690,오류2동버들시장,625,318,307,1,105,200,143,105,71,0,42,115,72,46,43,1,63,85,71,59,28
2022,4,A,골목상권,2110689,오류동역 3번,259,188,71,3,41,45,52,66,52,3,25,32,40,48,40,0,16,13,12,18,12
2022,4,A,골목상권,2110688,오류지구대,171,60,111,1,18,20,40,59,33,0,7,11,15,19,8,1,11,9,25,40,25
2022,4,A,골목상권,2110687,"천왕역 3번(오류2동주민센터, 서울오류남초등학교)",21,16,5,0,2,3,5,6,5,0,1,3,4,4,4,0,1,0,1,2,1
2022,4,A,골목상권,2110686,수궁동주민센터,490,245,245,2,50,83,135,127,93,2,25,37,72,61,48,0,25,46,63,66,45
2022,4,A,골목상권,2110685,금강수목원아파트,181,143,38,0,13,32,53,57,26,0,10,25,38,47,23,0,3,7,15,10,3
2022,4,A,골목상권,2110684,서울공연예술고등학교,157,72,85,2,28,31,36,36,24,0,7,17,19,19,10,2,21,14,17,17,14
2022,4,A,골목상권,2110683,오류고등학교,185,125,60,0,24,46,55,41,19,0,18,33,33,23,18,0,6,13,22,18,1
2022,4,A,골목상권,2110682,온수역 8번,137,128,9,0,3,5,14,43,72,0,2,3,11,42,70,0,1,2,3,1,2
2022,4,A,골목상권,2110681,온수역 1번,152,106,46,0,13,52,39,21,27,0,10,38,25,13,20,0,3,14,14,8,7
2022,4,A,골목상권,2110680,온수역 5번(온수산업단지),1184,1003,181,18,161,205,235,343,222,18,129,175,191,286,204,0,32,30,44,57,18
2022,4,A,골목상권,2110679,염창역 2번,578,407,171,3,90,207,152,80,46,2,50,149,111,58,37,1,40,58,41,22,9
2022,4,A,골목상권,2110678,염창무학아파트,242,188,54,1,30,57,84,47,23,1,15,49,67,39,17,0,15,8,17,8,6
2022,4,A,골목상권,2110677,등촌역 1번,410,321,89,1,50,80,83,91,105,1,24,51,70,76,99,0,26,29,13,15,6
2022,4,A,골목상권,2110676,등촌역 7번,237,141,96,0,31,35,66,57,48,0,13,21,37,37,33,0,18,14,29,20,15
2022,4,A,골목상권,2110675,화곡4동주민센터,289,186,103,0,28,62,73,65,61,0,11,36,40,50,49,0,17,26,33,15,12
2022,4,A,골목상권,2110674,강서구청가양동별관,491,327,164,1,69,102,106,109,104,1,54,78,63,51,80,0,15,24,43,58,24
2022,4,A,골목상권,2110673,뜸부기어린이공원,253,143,110,0,37,52,62,64,38,0,21,29,31,34,28,0,16,23,31,30,10
2022,4,A,골목상권,2110672,백석중학교,155,99,56,1,21,37,40,43,13,1,18,26,18,25,11,0,3,11,22,18,2
2022,4,A,골목상권,2110671,등촌1동주민센터,5012,3056,1956,13,1252,1442,1027,802,476,5,391,945,826,556,333,8,861,497,201,246,143
2022,4,A,골목상권,2110670,신곡초등학교,527,322,205,6,79,119,122,101,100,3,45,78,71,59,66,3,34,41,51,42,34
2022,4,A,골목상권,2110669,화곡보람2차아파트,80,49,31,0,11,20,24,17,8,0,3,12,18,14,2,0,8,8,6,3,6
2022,4,A,골목상권,2110668,화곡2동주민센터,471,278,193,0,55,70,139,127,80,0,22,33,81,77,65,0,33,37,58,50,15
2022,4,A,골목상권,2110667,가양역 10번,177,126,51,0,33,32,56,36,20,0,21,20,38,29,18,0,12,12,18,7,2
2022,4,A,골목상권,2110666,KC대학교,257,131,126,0,26,51,66,72,42,0,16,23,31,26,35,0,10,28,35,46,7
2022,4,A,골목상권,2110665,곰달래도서관,469,285,184,0,36,92,123,138,80,0,25,60,79,74,47,0,11,32,44,64,33
2022,4,A,골목상권,2110664,강서구청옆,111,48,63,0,14,10,31,43,13,0,11,7,10,9,11,0,3,3,21,34,2
2022,4,A,골목상권,2110663,우장산롯데캐슬아파트앞,316,232,84,0,7,25,59,116,109,0,3,18,30,84,97,0,4,7,29,32,12
2022,4,A,골목상권,2110662,까치산역 1번,1480,885,595,4,245,501,396,234,100,4,129,301,207,171,73,0,116,200,189,63,27
2022,4,A,골목상권,2110661,강서새말어린이공원,126,48,78,0,3,13,30,38,42,0,2,8,10,9,19,0,1,5,20,29,23
2022,4,A,골목상권,2110660,등촌3동주민센터,4614,2039,2575,10,469,707,766,1291,1371,5,197,427,424,447,539,5,272,280,342,844,832
2022,4,A,골목상권,2110659,화곡역 4번,867,512,355,11,102,182,240,188,144,9,52,115,144,110,82,2,50,67,96,78,62
2022,4,A,골목상권,2110658,화곡초등학교,253,153,100,0,21,55,62,69,46,0,10,35,36,44,28,0,11,20,26,25,18
2022,4,A,골목상권,2110657,양천향교역 5번,3180,2118,1062,12,334,603,741,695,795,8,191,396,493,385,645,4,143,207,248,310,150
2022,4,A,골목상권,2110656,까치산역 3번,838,498,340,13,89,209,253,192,82,12,52,128,154,93,59,1,37,81,99,99,23
2022,4,A,골목상권,2110655,발산역 5번,587,355,232,0,97,156,147,112,75,0,29,94,98,76,58,0,68,62,49,36,17
2022,4,A,골목상권,2110654,까치산역 4번,1021,686,335,2,68,147,249,380,175,1,38,81,139,281,146,1,30,66,110,99,29
2022,4,A,골목상권,2110653,화곡역 2번,910,490,420,1,191,271,239,169,39,0,79,136,119,134,22,1,112,135,120,35,17
2022,4,A,골목상권,2110652,양천향교역 2번,643,483,160,0,70,131,146,169,127,0,32,102,104,139,106,0,38,29,42,30,21
2022,4,A,골목상권,2110651,화원중학교,377,214,163,2,29,50,102,105,89,1,19,31,68,52,43,1,10,19,34,53,46
2022,4,A,골목상권,2110650,우장산힐스테이트,146,118,28,0,24,30,52,21,19,0,15,25,43,18,17,0,9,5,9,3,2
2022,4,A,골목상권,2110649,우장산역 1번,366,197,169,0,41,92,83,98,52,0,12,49,39,63,34,0,29,43,44,35,18
2022,4,A,골목상권,2110648,양천향교역 7번,13,5,8,0,1,7,1,3,1,0,0,3,1,1,0,0,1,4,0,2,1
2022,4,A,골목상권,2110647,화곡역 5번,890,459,431,2,116,227,219,230,96,1,44,137,110,116,51,1,72,90,109,114,45
2022,4,A,골목상권,2110646,푸른들청소년도서관,782,401,381,1,93,124,208,189,167,1,27,53,103,100,117,0,66,71,105,89,50
2022,4,A,골목상권,2110645,우장산역 4번,794,391,403,0,64,125,239,221,145,0,33,65,87,90,116,0,31,60,152,131,29
2022,4,A,골목상권,2110644,신광명마을,333,288,45,1,24,22,60,107,119,1,7,13,52,100,115,0,17,9,8,7,4
2022,4,A,골목상권,2110643,강서구다솔마을,653,413,240,1,97,165,199,139,52,0,47,101,136,93,36,1,50,64,63,46,16
2022,4,A,골목상권,2110642,정곡초등학교,193,163,30,2,8,14,35,69,65,1,4,10,30,58,60,1,4,4,5,11,5
2022,4,A,골목상권,2110641,공항고등학교,345,236,109,2,46,95,100,79,23,1,30,72,61,52,20,1,16,23,39,27,3
2022,4,A,골목상권,2110640,방화역 1번,1019,638,381,3,139,292,240,195,150,3,62,119,167,158,129,0,77,173,73,37,21
2022,4,A,골목상권,2110639,신방화역 8번,523,369,154,1,74,61,88,153,146,1,17,22,51,139,139,0,57,39,37,14,7
2022,4,A,골목상권,2110638,신방화역 2번,372,202,170,3,53,75,88,87,66,3,22,40,44,43,50,0,31,35,44,44,16
2022,4,A,골목상권,2110637,송정역 2번,540,357,183,4,62,117,114,147,96,0,34,74,81,100,68,4,28,43,33,47,28
2022,4,A,골목상권,2110636,방화역 2번,152,76,76,1,25,49,41,21,15,0,9,26,27,4,10,1,16,23,14,17,5
2022,4,A,골목상권,2110635,공항시장역 3번,1482,399,1083,4,71,92,165,488,662,1,44,62,64,34,194,3,27,30,101,454,468
2022,4,A,골목상권,2110634,송정역 3번,664,434,230,0,64,143,178,145,134,0,33,90,116,101,94,0,31,53,62,44,40
2022,4,A,골목상권,2110633,개화산역 1번,115,89,26,2,29,34,27,15,8,2,28,22,19,10,8,0,1,12,8,5,0
2022,4,A,골목상권,2110632,방화역 3번,1075,887,188,2,42,127,400,334,170,1,21,90,353,281,141,1,21,37,47,53,29
2022,4,A,골목상권,2110631,방화초등학교,359,177,182,2,35,71,73,103,75,2,21,42,39,38,35,0,14,29,34,65,40
2022,4,A,골목상권,2110630,공항시장역 1번,1472,1008,464,0,157,294,298,328,395,0,67,180,202,240,319,0,90,114,96,88,76
2022,4,A,골목상권,2110629,송정역 4번,190,107,83,0,26,52,54,35,23,0,9,34,28,24,12,0,17,18,26,11,11
2022,4,A,골목상권,2110628,신목동역,496,319,177,0,58,88,124,120,106,0,30,58,82,89,60,0,28,30,42,31,46
2022,4,A,골목상권,2110627,신정롯데캐슬아파트,512,310,202,24,127,127,89,83,62,13,69,79,57,49,43,11,58,48,32,34,19
2022,4,A,골목상권,2110626,양화초등학교,652,271,381,1,127,138,149,147,90,0,37,57,76,63,38,1,90,81,73,84,52
2022,4,A,골목상권,2110625,신정2동주민센터,726,454,272,2,98,196,215,155,60,0,51,124,146,94,39,2,47,72,69,61,21
2022,4,A,골목상권,2110624,목동문화체육센터,382,234,148,0,93,118,75,65,31,0,40,79,46,50,19,0,53,39,29,15,12
2022,4,A,골목상권,2110623,갈산공원,118,94,24,0,27,32,24,27,8,0,23,26,21,19,5,0,4,6,3,8,3
2022,4,A,골목상권,2110622,달마을공원,458,261,197,0,58,90,102,138,70,0,26,47,63,65,60,0,32,43,39,73,10
2022,4,A,골목상권,2110621,목동역 5번,111,57,54,0,9,22,22,38,20,0,0,12,13,19,13,0,9,10,9,19,7
2022,4,A,골목상권,2110620,목동보건지소,451,235,216,4,51,81,102,125,88,4,20,45,47,65,54,0,31,36,55,60,34
2022,4,A,골목상권,2110619,목4동주민센터,311,203,108,1,51,87,89,64,19,1,16,52,58,57,19,0,35,35,31,7,0
2022,4,A,골목상권,2110618,강서고등학교,193,135,58,0,19,38,52,52,32,0,10,29,36,34,26,0,9,9,16,18,6
2022,4,A,골목상권,2110617,등촌역 4번,274,192,82,0,47,75,77,51,24,0,37,55,51,33,16,0,10,20,26,18,8
2022,4,A,골목상권,2110616,양목초등학교,161,103,58,0,3,23,19,40,76,0,2,18,14,32,37,0,1,5,5,8,39
2022,4,A,골목상권,2110615,신서초등학교,87,63,24,0,20,21,27,13,6,0,14,18,18,8,5,0,6,3,9,5,1
2022,4,A,골목상권,2110614,목동로데오거리,596,292,304,0,69,85,114,216,112,0,42,44,58,103,45,0,27,41,56,113,67
2022,4,A,골목상권,2110613,신정네거리역 4번,80,20,60,0,8,25,24,19,4,0,2,6,7,4,1,0,6,19,17,15,3
2022,4,A,골목상권,2110612,신정역 5번,644,303,341,1,85,88,143,197,130,0,44,62,74,70,53,1,41,26,69,127,77
2022,4,A,골목상권,2110611,신정역 1번,316,212,104,2,35,61,100,82,36,2,21,44,61,52,32,0,14,17,39,30,4
2022,4,A,골목상권,2110610,계남근린공원,126,85,41,0,5,11,41,44,25,0,3,6,28,35,13,0,2,5,13,9,12
2022,4,A,골목상권,2110609,신정네거리역 2번,1377,1358,19,0,14,15,52,171,1125,0,10,11,45,168,1124,0,4,4,7,3,1
2022,4,A,골목상권,2110608,신월2동주민센터,873,453,420,1,51,116,229,271,205,1,23,69,118,125,117,0,28,47,111,146,88
2022,4,A,골목상권,2110607,금빛새마을금고본점,53,31,22,0,2,10,11,19,11,0,1,4,5,12,9,0,1,6,6,7,2
2022,4,A,골목상권,2110606,신한은행 신월동지점,521,288,233,1,49,80,143,144,104,1,26,42,76,66,77,0,23,38,67,78,27
2022,4,A,골목상권,2110605,목동센트럴아이파크앞,155,89,66,0,15,22,26,47,45,0,5,15,11,27,31,0,10,7,15,20,14
2022,4,A,골목상권,2110604,신월4동주민센터,637,528,109,0,13,50,120,234,220,0,6,29,87,193,213,0,7,21,33,41,7
2022,4,A,골목상권,2110603,지향초등학교,205,119,86,0,13,56,60,44,32,0,5,30,37,25,22,0,8,26,23,19,10
2022,4,A,골목상권,2110602,신월시영아파트중문,644,574,70,1,7,22,68,238,308,0,4,13,52,214,291,1,3,9,16,24,17
2022,4,A,골목상권,2110601,신월1동우편취급국,1200,814,386,3,116,180,274,437,190,1,61,115,183,309,145,2,55,65,91,128,45
2022,4,A,골목상권,2110600,신월7동주민센터,350,263,87,0,32,30,66,101,121,0,17,14,38,79,115,0,15,16,28,22,6
2022,4,A,골목상권,2110599,신월1파출소,378,268,110,3,50,89,94,93,49,2,34,68,63,65,36,1,16,21,31,28,13
2022,4,A,골목상권,2110598,신월문화체육센터,428,195,233,0,21,58,112,150,87,0,5,28,45,66,51,0,16,30,67,84,36
2022,4,A,골목상권,2110597,신월1동주민센터,517,302,215,0,30,68,111,150,158,0,14,36,54,84,114,0,16,32,57,66,44
2022,4,A,골목상권,2110596,서서울호수공원,417,272,145,2,48,90,107,113,57,0,28,56,74,71,43,2,20,34,33,42,14
2022,4,A,골목상권,2110595,메디힐병원,731,459,272,0,80,148,163,185,155,0,34,85,86,136,118,0,46,63,77,49,37
2022,4,A,골목상권,2110594,신월중학교,453,225,228,0,54,166,104,96,33,0,14,66,56,59,30,0,40,100,48,37,3
2022,4,A,골목상권,2110593,신월3동주민센터,304,157,147,0,38,65,76,87,38,0,12,32,45,44,24,0,26,33,31,43,14
2022,4,A,골목상권,2110592,서울금융고등학교,449,344,105,0,19,35,74,156,165,0,9,13,45,128,149,0,10,22,29,28,16
2022,4,A,골목상권,2110591,충정로역 6번,627,422,205,0,99,158,178,126,66,0,55,103,135,92,37,0,44,55,43,34,29
2022,4,A,골목상권,2110590,만리재,97,50,47,0,19,23,23,25,7,0,6,12,11,16,5,0,13,11,12,9,2
2022,4,A,골목상권,2110589,애오개역 3번,58,14,44,0,4,8,19,13,14,0,0,1,5,6,2,0,4,7,14,7,12
2022,4,A,골목상권,2110588,한겨레신문사,169,92,77,0,34,44,41,33,17,0,14,22,20,21,15,0,20,22,21,12,2
2022,4,A,골목상권,2110587,공덕동주민센터,238,121,117,1,36,43,69,53,36,1,15,25,41,23,16,0,21,18,28,30,20
2022,4,A,골목상권,2110586,서울서부지방법원,1461,863,598,2,376,402,333,188,160,1,231,267,164,98,102,1,145,135,169,90,58
2022,4,A,골목상권,2110585,마포경찰서,918,790,128,0,192,360,176,181,9,0,150,313,153,166,8,0,42,47,23,15,1
2022,4,A,골목상권,2110584,아현역 4번,49,13,36,0,4,7,14,13,11,0,0,0,2,5,6,0,4,7,12,8,5
2022,4,A,골목상권,2110583,공덕래미안3차아파트,316,164,152,0,44,98,102,57,15,0,7,54,60,35,8,0,37,44,42,22,7
2022,4,A,골목상권,2110582,이대역 5번,59,19,40,0,6,11,16,16,10,0,0,4,4,6,5,0,6,7,12,10,5
2022,4,A,골목상권,2110581,염리초등학교,16,11,5,0,0,0,2,6,8,0,0,0,2,3,6,0,0,0,0,3,2
2022,4,A,골목상권,2110580,양원초등학교,78,20,58,0,3,6,16,25,28,0,0,1,3,11,5,0,3,5,13,14,23
2022,4,A,골목상권,2110579,마포역 4번,758,561,197,2,62,160,253,214,67,1,37,123,190,160,50,1,25,37,63,54,17
2022,4,A,골목상권,2110578,대흥역 2번,2091,1413,678,2,213,337,391,638,510,1,80,225,309,452,346,1,133,112,82,186,164
2022,4,A,골목상권,2110577,용강동주민센터,145,105,40,0,15,42,47,31,10,0,12,31,38,17,7,0,3,11,9,14,3
2022,4,A,골목상권,2110576,대흥역 3번,1605,1112,493,71,503,480,308,163,80,27,310,365,253,111,46,44,193,115,55,52,34
2022,4,A,골목상권,2110575,대흥동주민센터,206,156,50,2,25,47,36,48,48,2,11,35,25,40,43,0,14,12,11,8,5
2022,4,A,골목상권,2110574,서강대학교,173,123,50,0,35,41,49,38,10,0,17,30,41,30,5,0,18,11,8,8,5
2022,4,A,골목상권,2110573,신촌역 6번,33,14,19,0,7,4,6,8,8,0,2,0,3,3,6,0,5,4,3,5,2
2022,4,A,골목상권,2110572,서강대역 1번,470,254,216,1,63,130,117,116,43,1,32,67,58,66,30,0,31,63,59,50,13
2022,4,A,골목상권,2110571,신수동주민센터,635,358,277,5,109,159,187,126,49,5,57,88,98,74,36,0,52,71,89,52,13
2022,4,A,골목상권,2110570,KB국민은행 서강지점,61,39,22,0,4,22,18,12,5,0,4,13,10,7,5,0,0,9,8,5,0
2022,4,A,골목상권,2110569,홍대땡땡거리,358,153,205,2,62,108,97,53,36,1,18,48,46,19,21,1,44,60,51,34,15
2022,4,A,골목상권,2110568,광흥창역 1번,67,32,35,0,12,21,14,15,5,0,4,10,6,9,3,0,8,11,8,6,2
2022,4,A,골목상권,2110567,광흥창역 6번,91,61,30,0,16,26,27,12,10,0,8,20,13,11,9,0,8,6,14,1,1
2022,4,A,골목상권,2110566,경의선책거리,1690,934,756,2,359,547,406,290,86,1,137,328,252,157,59,1,222,219,154,133,27
2022,4,A,골목상권,2110565,홍익대,107,64,43,0,16,32,34,19,6,0,8,15,23,13,5,0,8,17,11,6,1
2022,4,A,골목상권,2110564,홍대입구역 3번,471,211,260,0,54,125,161,78,53,0,19,47,103,22,20,0,35,78,58,56,33
2022,4,A,골목상권,2110563,상수역 3번,355,274,81,12,83,130,78,23,29,10,63,101,61,16,23,2,20,29,17,7,6
2022,4,A,골목상권,2110562,연트럴파크(연남동주민센터),426,237,189,1,73,118,96,94,44,1,29,76,55,44,32,0,44,42,41,50,12
2022,4,A,골목상권,2110561,상수역 4번,395,247,148,4,59,102,94,89,47,2,21,56,64,68,36,2,38,46,30,21,11
2022,4,A,골목상권,2110560,마포FM,292,140,152,0,26,64,87,77,38,0,10,26,40,36,28,0,16,38,47,41,10
2022,4,A,골목상권,2110559,성산중학교,757,474,283,4,102,187,203,167,94,3,54,102,127,118,70,1,48,85,76,49,24
2022,4,A,골목상권,2110558,경성고등학교,2338,1579,759,11,302,556,565,513,391,10,149,343,406,384,287,1,153,213,159,129,104
2022,4,A,골목상권,2110557,홍대부속여중고앞,760,465,295,1,100,188,196,149,126,1,37,110,137,95,85,0,63,78,59,54,41
2022,4,A,골목상권,2110556,절두산순교성지,176,112,64,3,17,42,58,39,17,3,8,27,39,24,11,0,9,15,19,15,6
2022,4,A,골목상권,2110555,홍익지구대,335,161,174,1,58,69,68,50,89,0,16,32,34,21,58,1,42,37,34,29,31
2022,4,A,골목상권,2110554,망원역 1번,1499,727,772,2,210,352,484,333,118,2,105,174,225,147,74,0,105,178,259,186,44
2022,4,A,골목상권,2110553,가좌역 2번,257,150,107,0,23,42,73,79,40,0,14,23,39,41,33,0,9,19,34,38,7
2022,4,A,골목상권,2110552,성미산체육관,646,469,177,1,110,162,148,159,66,0,72,121,99,129,48,1,38,41,49,30,18
2022,4,A,골목상권,2110551,성서초등학교,803,387,416,1,110,164,235,172,121,1,42,90,114,81,59,0,68,74,121,91,62
2022,4,A,골목상권,2110550,합정역 8번,1578,740,838,1,240,411,414,333,179,0,84,165,221,171,99,1,156,246,193,162,80
2022,4,A,골목상권,2110549,새터산,283,137,146,1,48,61,76,46,51,1,18,31,43,16,28,0,30,30,33,30,23
2022,4,A,골목상권,2110548,마포구청역 4번,795,475,320,5,130,185,210,136,129,3,57,95,122,89,109,2,73,90,88,47,20
2022,4,A,골목상권,2110547,KB국민은행 망원동지점,284,168,116,0,13,47,93,76,55,0,4,25,55,45,39,0,9,22,38,31,16
2022,4,A,골목상권,2110546,양화대교북단,684,408,276,3,185,240,142,68,46,3,79,121,109,55,41,0,106,119,33,13,5
2022,4,A,골목상권,2110545,마포구청역 1번,880,496,384,1,74,169,241,262,133,1,30,100,116,154,95,0,44,69,125,108,38
2022,4,A,골목상권,2110544,망리단길,1203,718,485,1,179,248,331,253,191,1,107,153,171,147,139,0,72,95,160,106,52
2022,4,A,골목상권,2110543,중암중학교,38,25,13,0,6,8,14,7,3,0,3,5,8,6,3,0,3,3,6,1,0
2022,4,A,골목상권,2110542,마포구청역 7번,4013,2450,1563,16,528,715,782,1306,666,9,298,578,607,588,370,7,230,137,175,718,296
2022,4,A,골목상권,2110541,동교초등학교,377,221,156,0,43,59,101,96,78,0,23,37,63,50,48,0,20,22,38,46,30
2022,4,A,골목상권,2110540,망원나들목체육관,288,154,134,0,45,74,85,62,22,0,24,38,42,36,14,0,21,36,43,26,8
2022,4,A,골목상권,2110539,미근동,2792,1821,971,13,225,688,889,822,155,9,167,550,547,424,124,4,58,138,342,398,31
2022,4,A,골목상권,2110538,충정로역 3번,284,178,106,0,12,42,56,66,108,0,5,27,35,42,69,0,7,15,21,24,39
2022,4,A,골목상권,2110537,충정로현대아파트,1514,848,666,1,362,525,328,177,121,0,150,263,215,134,86,1,212,262,113,43,35
2022,4,A,골목상권,2110536,돈의문센트레빌아파트입구,141,105,36,0,12,23,61,32,13,0,7,17,50,21,10,0,5,6,11,11,3
2022,4,A,골목상권,2110535,영천시장입구,797,440,357,2,77,119,179,281,139,2,36,62,110,152,78,0,41,57,69,129,61
2022,4,A,골목상권,2110534,경기대학교,134,67,67,0,9,25,23,33,44,0,6,16,10,11,24,0,3,9,13,22,20
2022,4,A,골목상권,2110533,충정로역 7번,22,11,11,0,5,5,3,5,4,0,0,2,2,4,3,0,5,3,1,1,1
2022,4,A,골목상권,2110532,아현역 2번,330,205,125,0,52,33,48,78,119,0,17,13,23,57,95,0,35,20,25,21,24
2022,4,A,골목상권,2110531,홍지문,141,61,80,0,16,26,24,56,19,0,13,19,13,9,7,0,3,7,11,47,12
2022,4,A,골목상권,2110530,아현역 1번,36,20,16,0,5,5,7,15,4,0,2,5,4,6,3,0,3,0,3,9,1
2022,4,A,골목상권,2110529,홍제3동주민센터,136,67,69,0,14,22,30,27,43,0,2,6,11,16,32,0,12,16,19,11,11
2022,4,A,골목상권,2110528,서울여자간호대학교,309,149,160,0,11,22,32,69,175,0,10,12,16,22,89,0,1,10,16,47,86
2022,4,A,골목상권,2110527,홍제역 2번,177,83,94,1,35,39,35,38,29,1,11,26,14,19,12,0,24,13,21,19,17
2022,4,A,골목상권,2110526,봉원사,241,122,119,1,21,43,58,58,60,1,8,22,26,28,37,0,13,21,32,30,23
2022,4,A,골목상권,2110525,홍은종합사회복지관,61,17,44,0,10,12,15,10,14,0,1,3,0,4,9,0,9,9,15,6,5
2022,4,A,골목상권,2110524,연희세브란스병원,55,23,32,0,10,13,15,10,7,0,5,6,6,3,3,0,5,7,9,7,4
2022,4,A,골목상권,2110523,홍제성원아파트,25,11,14,0,0,6,7,7,5,0,0,1,3,5,2,0,0,5,4,2,3
2022,4,A,골목상권,2110522,홍제역 3번,8,3,5,0,3,0,1,1,3,0,0,0,0,1,2,0,3,0,1,0,1
2022,4,A,골목상권,2110521,홍제역 4번,63,36,27,0,4,7,19,17,16,0,0,4,10,9,13,0,4,3,9,8,3
2022,4,A,골목상권,2110520,경의중앙 신촌역,78,38,40,0,22,12,27,10,7,0,5,5,13,9,6,0,17,7,14,1,1
2022,4,A,골목상권,2110519,서대문구보건소별관,470,175,295,0,58,96,113,139,64,0,15,37,46,42,35,0,43,59,67,97,29
2022,4,A,골목상권,2110518,서대문구청,117,70,47,0,19,39,29,18,12,0,6,19,22,12,11,0,13,20,7,6,1
2022,4,A,골목상권,2110517,서대문소방서,1051,692,359,8,225,280,242,207,89,5,104,187,179,161,56,3,121,93,63,46,33
2022,4,A,골목상권,2110516,정원여중,114,85,29,0,24,19,35,22,14,0,17,14,26,19,9,0,7,5,9,3,5
2022,4,A,골목상권,2110515,홍은중학교,399,312,87,1,46,119,119,68,46,1,33,93,94,52,39,0,13,26,25,16,7
2022,4,A,골목상권,2110514,서대문우체국,86,19,67,0,26,26,17,9,8,0,0,4,7,4,4,0,26,22,10,5,4
2022,4,A,골목상권,2110513,연희파출소,457,241,216,0,51,87,110,130,79,0,17,46,58,69,51,0,34,41,52,61,28
2022,4,A,골목상권,2110512,연희지하차도,357,183,174,0,44,70,106,104,33,0,17,46,47,52,21,0,27,24,59,52,12
2022,4,A,골목상권,2110511,연희초등학교,3766,3317,449,2,465,768,660,1520,351,1,363,658,539,1427,329,1,102,110,121,93,22
2022,4,A,골목상권,2110510,홍연시장,99,59,40,0,8,14,35,26,16,0,4,6,23,14,12,0,4,8,12,12,4
2022,4,A,골목상권,2110509,연희대우아파트앞,691,333,358,0,73,177,151,193,97,0,29,73,77,101,53,0,44,104,74,92,44
2022,4,A,골목상권,2110508,서연중학교,1028,470,558,9,149,249,175,268,178,3,66,152,81,93,75,6,83,97,94,175,103
2022,4,A,골목상권,2110507,명지대학교,1537,1156,381,29,392,636,318,129,33,26,257,481,282,83,27,3,135,155,36,46,6
2022,4,A,골목상권,2110506,연희임광아파트,110,66,44,0,5,12,39,29,25,0,1,8,20,19,18,0,4,4,19,10,7
2022,4,A,골목상권,2110505,홍남교남측,14,9,5,0,1,0,3,7,3,0,0,0,2,5,2,0,1,0,1,2,1
2022,4,A,골목상권,2110504,명지전문대,139,35,104,0,8,17,27,38,49,0,3,4,6,11,11,0,5,13,21,27,38
2022,4,A,골목상권,2110503,명지대학교교회,230,123,107,0,27,52,59,64,28,0,9,30,26,36,22,0,18,22,33,28,6
2022,4,A,골목상권,2110502,남가좌파출소,290,147,143,0,29,34,73,92,62,0,14,16,35,47,35,0,15,18,38,45,27
2022,4,A,골목상권,2110501,연희어린이공원,214,82,132,0,12,33,40,75,54,0,3,20,15,18,26,0,9,13,25,57,28
2022,4,A,골목상권,2110500,남가좌동현대아파트,74,54,20,0,12,13,23,22,4,0,8,9,17,17,3,0,4,4,6,5,1
2022,4,A,골목상권,2110499,연가초등학교,282,123,159,0,44,47,83,67,41,0,8,22,32,35,26,0,36,25,51,32,15
2022,4,A,골목상권,2110498,증산역 1번,222,102,120,0,15,32,75,68,32,0,7,9,31,32,23,0,8,23,44,36,9
2022,4,A,골목상권,2110497,가좌역 3번,299,247,52,0,13,33,86,117,50,0,3,16,74,113,41,0,10,17,12,4,9
2022,4,A,골목상권,2110496,모래내우체국,611,333,278,2,88,190,160,89,82,2,20,100,117,42,52,0,68,90,43,47,30
2022,4,A,골목상권,2110495,북가좌2동주민센터,501,372,129,0,28,67,125,185,96,0,11,45,88,152,76,0,17,22,37,33,20
2022,4,A,골목상권,2110494,증산3교남측,31,24,7,0,1,8,7,9,6,0,0,7,5,7,5,0,1,1,2,2,1
2022,4,A,골목상권,2110493,북가좌초등학교,892,830,62,0,2,19,27,80,764,0,0,12,22,68,728,0,2,7,5,12,36
2022,4,A,골목상권,2110492,하나고등학교,247,43,204,1,6,15,13,98,114,0,1,8,7,10,17,1,5,7,6,88,97
2022,4,A,골목상권,2110491,불광중학교,195,90,105,0,13,35,71,56,20,0,8,20,32,18,12,0,5,15,39,38,8
2022,4,A,골목상권,2110490,녹번동근린공원,307,166,141,0,30,64,85,76,52,0,11,30,47,45,33,0,19,34,38,31,19
2022,4,A,골목상권,2110489,불광역 3번,35,25,10,0,3,7,10,10,5,0,3,4,7,6,5,0,0,3,3,4,0
2022,4,A,골목상권,2110488,우리은행응암동지점,171,103,68,1,14,24,41,36,55,0,8,16,19,15,45,1,6,8,22,21,10
2022,4,A,골목상권,2110487,불광역 8번,63,35,28,0,11,22,15,8,7,0,6,11,7,8,3,0,5,11,8,0,4
2022,4,A,골목상권,2110486,은평구청,629,292,337,0,86,110,146,178,109,0,55,72,56,64,45,0,31,38,90,114,64
2022,4,A,골목상권,2110485,연신내우체국,1259,678,581,0,7,24,35,160,1033,0,4,5,15,70,584,0,3,19,20,90,449
2022,4,A,골목상권,2110484,역촌역 3번,500,203,297,6,62,136,132,103,61,5,34,48,43,35,38,1,28,88,89,68,23
2022,4,A,골목상권,2110483,연천초등학교,147,90,57,0,13,21,45,22,46,0,5,11,31,13,30,0,8,10,14,9,16
2022,4,A,골목상권,2110482,연신초등학교,45,19,26,0,2,5,16,19,3,0,0,0,6,11,2,0,2,5,10,8,1
2022,4,A,골목상권,2110481,불광역 7번,193,86,107,0,13,43,41,57,39,0,2,22,11,24,27,0,11,21,30,33,12
2022,4,A,골목상권,2110480,연신내역 3번,117,34,83,0,7,27,37,29,17,0,0,7,12,9,6,0,7,20,25,20,11
2022,4,A,골목상권,2110479,연신내역 2번,304,177,127,1,50,83,64,66,40,0,28,71,33,32,13,1,22,12,31,34,27
2022,4,A,골목상권,2110478,응암1동주민센터,359,221,138,2,26,39,56,58,178,2,16,23,28,33,119,0,10,16,28,25,59
2022,4,A,골목상권,2110477,은평세무서,434,205,229,0,43,62,106,141,82,0,15,23,49,71,47,0,28,39,57,70,35
2022,4,A,골목상권,2110476,역촌역 2번,56,26,30,0,2,8,22,17,7,0,1,3,9,7,6,0,1,5,13,10,1
2022,4,A,골목상권,2110475,백련산해모로아파트,241,126,115,1,23,42,76,68,31,1,10,24,44,28,19,0,13,18,32,40,12
2022,4,A,골목상권,2110474,세명컴퓨터고등학교,196,68,128,0,12,41,40,59,44,0,3,19,15,11,20,0,9,22,25,48,24
2022,4,A,골목상권,2110473,구산역 1번,436,241,195,0,34,59,113,107,123,0,24,27,53,49,88,0,10,32,60,58,35
2022,4,A,골목상권,2110472,연신내역 4번,336,156,180,2,52,77,80,68,57,1,16,43,30,37,29,1,36,34,50,31,28
2022,4,A,골목상권,2110471,응암동우체국,258,110,148,0,33,58,70,72,25,0,10,17,25,36,22,0,23,41,45,36,3
2022,4,A,골목상권,2110470,신진과학기술고등학교,127,78,49,0,30,22,40,25,10,0,12,11,31,19,5,0,18,11,9,6,5
2022,4,A,골목상권,2110469,응암정보도서관,340,184,156,1,38,58,102,103,38,0,11,29,59,56,29,1,27,29,43,47,9
2022,4,A,골목상권,2110468,응암역 3번,1129,494,635,2,141,256,316,256,158,0,44,114,140,109,87,2,97,142,176,147,71
2022,4,A,골목상권,2110467,은평요양병원,487,284,203,3,90,154,110,68,62,2,46,100,61,37,38,1,44,54,49,31,24
2022,4,A,골목상권,2110466,구산역 2번,87,46,41,0,12,17,26,24,8,0,4,5,16,15,6,0,8,12,10,9,2
2022,4,A,골목상권,2110465,연신내역 7번,229,110,119,3,36,48,55,52,35,2,11,25,24,23,25,1,25,23,31,29,10
2022,4,A,골목상권,2110464,연신내역 5번,301,170,131,4,32,53,93,85,34,4,18,28,44,49,27,0,14,25,49,36,7
2022,4,A,골목상권,2110463,응암3동주민센터,123,54,69,0,7,23,36,26,31,0,3,6,14,11,20,0,4,17,22,15,11
2022,4,A,골목상권,2110462,갈현건영아파트,354,220,134,1,41,64,104,81,63,1,23,38,61,50,47,0,18,26,43,31,16
2022,4,A,골목상권,2110461,새절역 2번,39,21,18,0,2,8,11,10,8,0,2,2,6,6,5,0,0,6,5,4,3
2022,4,A,골목상권,2110460,구산역 4번,969,582,387,0,57,184,248,234,246,0,18,124,133,121,186,0,39,60,115,113,60
2022,4,A,골목상권,2110459,응암역 2번,547,198,349,1,50,105,159,154,78,0,9,38,77,41,33,1,41,67,82,113,45
2022,4,A,골목상권,2110458,선일여고,404,211,193,1,34,87,96,122,64,0,19,52,49,54,37,1,15,35,47,68,27
2022,4,A,골목상권,2110457,예일여고,484,284,200,1,60,89,88,132,114,0,27,47,47,71,92,1,33,42,41,61,22
2022,4,A,골목상권,2110456,구산보건지소,966,543,423,3,284,226,177,146,130,1,123,112,94,96,117,2,161,114,83,50,13
2022,4,A,골목상권,2110455,역촌노인복지관,678,360,318,2,69,118,187,198,104,0,34,63,89,105,69,2,35,55,98,93,35
2022,4,A,골목상권,2110454,선정중학교,481,268,213,3,56,71,142,108,101,2,42,35,53,66,70,1,14,36,89,42,31
2022,4,A,골목상권,2110453,신사1동주민센터,515,288,227,0,43,81,121,155,115,0,20,25,65,85,93,0,23,56,56,70,22
2022,4,A,골목상권,2110452,새절역 3번,420,347,73,1,17,47,78,132,145,1,11,29,58,113,135,0,6,18,20,19,10
2022,4,A,골목상권,2110451,증산역 4번,1296,986,310,2,153,384,374,298,85,2,78,294,312,235,65,0,75,90,62,63,20
2022,4,A,골목상권,2110450,시립서북병원,1576,644,932,4,301,361,344,339,227,2,124,172,146,108,92,2,177,189,198,231,135
2022,4,A,골목상권,2110449,증산역 3번,717,414,303,0,105,161,186,149,116,0,47,98,99,85,85,0,58,63,87,64,31
2022,4,A,골목상권,2110448,상신초등학교입구,120,76,44,1,20,27,26,26,20,1,17,17,12,14,15,0,3,10,14,12,5
2022,4,A,골목상권,2110447,구산초등학교,12,7,5,0,2,2,3,1,4,0,1,2,1,1,2,0,1,0,2,0,2
2022,4,A,골목상권,2110446,내를건너서숲으로도서관,375,294,81,0,65,88,84,69,69,0,61,77,55,44,57,0,4,11,29,25,12
2022,4,A,골목상권,2110445,덕산중학교,61,45,16,0,18,14,15,6,8,0,10,9,12,6,8,0,8,5,3,0,0
2022,4,A,골목상권,2110444,수색성당,170,73,97,0,13,53,46,45,13,0,5,27,13,17,11,0,8,26,33,28,2
2022,4,A,골목상권,2110443,수색역 1번,14,7,7,0,1,1,7,4,1,0,0,1,2,3,1,0,1,0,5,1,0
2022,4,A,골목상권,2110442,화랑대철도공원,76,20,56,0,1,4,14,49,8,0,0,2,4,10,4,0,1,2,10,39,4
2022,4,A,골목상권,2110441,영신여고,172,78,94,0,19,38,41,45,29,0,7,20,16,23,12,0,12,18,25,22,17
2022,4,A,골목상권,2110440,상계3동4동주민센터,49,16,33,0,8,6,15,10,10,0,1,1,4,2,8,0,7,5,11,8,2
2022,4,A,골목상권,2110439,당고개역 5번,63,21,42,0,3,7,6,19,28,0,0,4,2,7,8,0,3,3,4,12,20
2022,4,A,골목상권,2110438,경춘선숲길 우측,230,110,120,0,26,54,83,52,15,0,12,21,38,30,9,0,14,33,45,22,6
2022,4,A,골목상권,2110437,당고개역 2번,116,40,76,0,16,23,25,41,11,0,5,11,9,10,5,0,11,12,16,31,6
2022,4,A,골목상권,2110436,상계제일중학교,93,60,33,0,15,21,33,20,4,0,5,13,23,15,4,0,10,8,10,5,0
2022,4,A,골목상권,2110435,서울과학기술대,73,40,33,0,5,12,18,25,13,0,3,4,8,14,11,0,2,8,10,11,2
2022,4,A,골목상권,2110434,태릉입구역 4번,121,62,59,0,13,11,24,35,38,0,3,2,12,22,23,0,10,9,12,13,15
2022,4,A,골목상권,2110433,공릉역 2번,401,137,264,1,30,41,46,46,237,1,17,30,25,18,46,0,13,11,21,28,191
2022,4,A,골목상권,2110432,대진고등학교,894,734,160,0,55,146,248,343,102,0,27,96,214,311,86,0,28,50,34,32,16
2022,4,A,골목상권,2110431,상계역,124,72,52,1,16,24,28,37,18,0,2,13,17,27,13,1,14,11,11,10,5
2022,4,A,골목상권,2110430,중계초등학교,307,114,193,0,20,36,65,106,80,0,9,11,21,29,44,0,11,25,44,77,36
2022,4,A,골목상권,2110429,공릉동 국수거리,2074,916,1158,3,224,284,511,689,363,1,91,167,248,234,175,2,133,117,263,455,188
2022,4,A,골목상권,2110428,상계5동주민센터,491,217,274,1,43,52,106,158,131,0,14,25,45,70,63,1,29,27,61,88,68
2022,4,A,골목상권,2110427,노원 을지대학교병원,363,281,82,0,27,27,62,126,121,0,12,14,31,109,115,0,15,13,31,17,6
2022,4,A,골목상권,2110426,상계2동주민센터,337,169,168,0,32,57,83,96,69,0,15,30,39,45,40,0,17,27,44,51,29
2022,4,A,골목상권,2110425,계상초등학교,130,54,76,2,18,10,35,38,27,2,5,5,18,14,10,0,13,5,17,24,17
2022,4,A,골목상권,2110424,상계초등학교,388,157,231,2,42,50,96,106,92,2,18,32,32,42,31,0,24,18,64,64,61
2022,4,A,골목상권,2110423,석계역 2번,280,104,176,0,27,29,65,73,86,0,9,15,31,29,20,0,18,14,34,44,66
2022,4,A,골목상권,2110422,노원역 9번,277,221,56,0,27,70,94,54,32,0,24,59,79,37,22,0,3,11,15,17,10
2022,4,A,골목상권,2110421,석계역 1번,249,109,140,0,22,37,78,65,47,0,8,16,31,26,28,0,14,21,47,39,19
2022,4,A,골목상권,2110420,광운대역 1번,814,483,331,7,235,312,188,43,29,0,114,236,92,23,18,7,121,76,96,20,11
2022,4,A,골목상권,2110419,수락산디자인거리,789,536,253,5,96,138,186,200,164,5,51,79,130,146,125,0,45,59,56,54,39
2022,4,A,골목상권,2110418,광운대학교 남단,100,45,55,0,11,17,23,26,23,0,5,5,13,16,6,0,6,12,10,10,17
2022,4,A,골목상권,2110417,월계역 3번,26,14,12,0,11,9,2,4,0,0,4,6,2,2,0,0,7,3,0,2,0
2022,4,A,골목상권,2110416,노원초등학교,468,244,224,4,61,110,118,126,49,2,24,73,58,58,29,2,37,37,60,68,20
2022,4,A,골목상권,2110415,수락산역 4번,635,386,249,5,82,110,155,174,109,5,46,71,85,110,69,0,36,39,70,64,40
2022,4,A,골목상권,2110414,장석교회,61,47,14,0,5,13,15,20,8,0,3,11,11,17,5,0,2,2,4,3,3
2022,4,A,골목상권,2110413,누원고등학교,54,33,21,0,8,11,12,11,12,0,5,8,5,5,10,0,3,3,7,6,2
2022,4,A,골목상권,2110412,창동중학교,25,23,2,0,4,7,3,4,7,0,3,7,3,3,7,0,1,0,0,1,0
2022,4,A,골목상권,2110411,도봉역 3번,413,368,45,1,13,35,58,137,169,0,10,22,45,130,161,1,3,13,13,7,8
2022,4,A,골목상권,2110410,방학역 2번,957,833,124,3,75,187,185,224,283,2,61,162,154,194,260,1,14,25,31,30,23
2022,4,A,골목상권,2110409,창동역 2번,3957,2958,999,1,352,962,964,701,977,0,256,794,803,441,664,1,96,168,161,260,313
2022,4,A,골목상권,2110408,가인초등학교,359,108,251,0,68,70,101,86,34,0,13,24,33,22,16,0,55,46,68,64,18
2022,4,A,골목상권,2110407,도봉역 2번,562,338,224,1,32,77,115,203,134,1,8,41,57,126,105,0,24,36,58,77,29
2022,4,A,골목상권,2110406,도봉산역 1번,659,595,64,0,13,37,147,294,168,0,6,25,133,278,153,0,7,12,14,16,15
2022,4,A,골목상권,2110405,방학역 1번,1123,365,758,3,130,176,308,427,79,3,67,109,82,70,34,0,63,67,226,357,45
2022,4,A,골목상권,2110404,신창초등학교,520,300,220,1,42,96,163,136,82,0,11,57,109,76,47,1,31,39,54,60,35
2022,4,A,골목상권,2110403,방학1동주민센터,316,167,149,1,44,56,63,78,74,1,30,37,36,36,27,0,14,19,27,42,47
2022,4,A,골목상권,2110402,도봉구 정병원,471,221,250,1,85,98,98,106,83,0,24,38,54,59,46,1,61,60,44,47,37
2022,4,A,골목상권,2110401,도봉구민회관,243,65,178,0,29,32,38,87,57,0,4,14,14,22,11,0,25,18,24,65,46
2022,4,A,골목상권,2110400,도봉구보건소,191,111,80,0,20,35,53,51,32,0,9,22,32,26,22,0,11,13,21,25,10
2022,4,A,골목상권,2110399,창2동주민센터,852,519,333,8,114,210,262,189,69,8,71,159,139,94,48,0,43,51,123,95,21
2022,4,A,골목상권,2110398,쌍문2동우체국,474,326,148,0,30,65,96,153,130,0,11,27,50,124,114,0,19,38,46,29,16
2022,4,A,골목상권,2110397,도봉산입구,469,257,212,0,31,56,101,131,150,0,6,34,39,73,105,0,25,22,62,58,45
2022,4,A,골목상권,2110396,쌍문역1번(쌍리단길),259,94,165,2,41,49,52,76,39,0,13,15,22,29,15,2,28,34,30,47,24
2022,4,A,골목상권,2110395,신한은행 방학동지점,163,42,121,0,17,20,44,42,40,0,0,2,11,9,20,0,17,18,33,33,20
2022,4,A,골목상권,2110394,방학중학교,193,116,77,0,15,32,46,48,52,0,8,18,23,29,38,0,7,14,23,19,14
2022,4,A,골목상권,2110393,국민은행방학지점,49,13,36,0,2,10,17,15,5,0,0,0,4,6,3,0,2,10,13,9,2
2022,4,A,골목상권,2110392,발바닥공원,43,17,26,0,2,8,7,10,16,0,0,0,3,3,11,0,2,8,4,7,5
2022,4,A,골목상권,2110391,샘말어린이공원,373,154,219,0,29,54,74,53,163,0,14,28,40,26,46,0,15,26,34,27,117
2022,4,A,골목상권,2110390,방학초등학교,225,105,120,0,18,60,66,58,23,0,7,33,27,27,11,0,11,27,39,31,12
2022,4,A,골목상권,2110389,한일병원,209,120,89,0,23,37,57,53,39,0,10,19,35,30,26,0,13,18,22,23,13
2022,4,A,골목상권,2110388,도봉우체국,35,23,12,0,4,3,10,14,4,0,2,2,7,8,4,0,2,1,3,6,0
2022,4,A,골목상권,2110387,쌍문초등학교,335,185,150,0,38,53,98,88,58,0,13,29,51,47,45,0,25,24,47,41,13
2022,4,A,골목상권,2110386,연산군묘,124,114,10,0,4,3,10,44,63,0,1,3,7,40,63,0,3,0,3,4,0
2022,4,A,골목상권,2110385,효문고등학교,37,22,15,0,3,9,12,4,9,0,2,5,3,4,8,0,1,4,9,0,1
2022,4,A,골목상권,2110384,문이교,248,138,110,0,37,20,50,81,60,0,12,8,21,51,46,0,25,12,29,30,14
2022,4,A,골목상권,2110383,덕성여대시반거리,33,21,12,0,0,3,13,10,7,0,0,2,9,5,5,0,0,1,4,5,2
2022,4,A,골목상권,2110382,솔밭공원역 1번,32,25,7,0,1,9,8,7,7,0,0,5,6,7,7,0,1,4,2,0,0
2022,4,A,골목상권,2110381,번동주공2단지,171,88,83,5,31,28,38,55,14,4,11,14,21,30,8,1,20,14,17,25,6
2022,4,A,골목상권,2110380,강북문화정보도서관,48,15,33,0,12,10,12,10,4,0,0,3,5,4,3,0,12,7,7,6,1
2022,4,A,골목상권,2110379,KT&G 북부지사,12,3,9,1,1,1,3,3,3,0,0,0,1,1,1,1,1,1,2,2,2
2022,4,A,골목상권,2110378,송중동주민센터,23,13,10,0,1,4,6,9,3,0,1,2,2,6,2,0,0,2,4,3,1
2022,4,A,골목상권,2110377,미아사거리역 3번,21,14,7,0,2,2,2,9,6,0,2,2,1,4,5,0,0,0,1,5,1
2022,4,A,골목상권,2110376,수송초등학교,224,142,82,0,26,47,62,60,29,0,12,29,38,41,22,0,14,18,24,19,7
2022,4,A,골목상권,2110375,서울북부고용노동지청,178,99,79,1,23,32,47,52,23,0,18,26,25,19,11,1,5,6,22,33,12
2022,4,A,골목상권,2110374,송중초등학교,491,272,219,5,33,60,145,140,108,5,9,29,73,70,86,0,24,31,72,70,22
2022,4,A,골목상권,2110373,수유역 2번,891,705,186,0,129,255,172,236,99,0,90,208,134,205,68,0,39,47,38,31,31
2022,4,A,골목상권,2110372,강북중학교,188,100,88,0,21,43,50,48,26,0,17,25,18,20,20,0,4,18,32,28,6
2022,4,A,골목상권,2110371,삼양입구사거리,49,23,26,0,2,7,10,19,11,0,0,3,5,10,5,0,2,4,5,9,6
2022,4,A,골목상권,2110370,도봉세무서,367,255,112,0,17,61,76,105,108,0,11,31,42,80,91,0,6,30,34,25,17
2022,4,A,골목상권,2110369,성신여대운정그린캠퍼스,518,214,304,1,49,46,131,131,160,1,10,16,44,53,90,0,39,30,87,78,70
2022,4,A,골목상권,2110368,송천초등학교,196,176,20,0,9,16,36,71,64,0,5,11,32,66,62,0,4,5,4,5,2
2022,4,A,골목상권,2110367,강북구청,1943,976,967,5,195,512,483,522,226,4,64,205,237,340,126,1,131,307,246,182,100
2022,4,A,골목상권,2110366,광산사거리,91,64,27,0,17,20,17,22,15,0,13,13,11,16,11,0,4,7,6,6,4
2022,4,A,골목상권,2110365,미아역 5번,341,83,258,0,17,21,44,63,196,0,5,12,15,17,34,0,12,9,29,46,162
2022,4,A,골목상권,2110364,미아역 8번,146,75,71,0,9,26,51,39,21,0,3,9,25,23,15,0,6,17,26,16,6
2022,4,A,골목상권,2110363,송천동주민센터,19,12,7,0,0,4,3,7,5,0,0,3,1,4,4,0,0,1,2,3,1
2022,4,A,골목상권,2110362,우이천 계성교,205,110,95,1,24,34,61,63,22,0,11,19,28,35,17,1,13,15,33,28,5
2022,4,A,골목상권,2110361,삼양사거리역 1번,101,29,72,0,9,12,19,28,33,0,2,4,3,7,13,0,7,8,16,21,20
2022,4,A,골목상권,2110360,수유초등학교,321,222,99,0,34,61,63,67,96,0,7,43,42,44,86,0,27,18,21,23,10
2022,4,A,골목상권,2110359,수유시장옆,117,67,50,0,12,25,33,36,11,0,3,12,16,29,7,0,9,13,17,7,4
2022,4,A,골목상권,2110358,인수동 우편취급국,558,300,258,0,18,35,68,214,223,0,2,18,24,94,162,0,16,17,44,120,61
2022,4,A,골목상권,2110357,가오리역 1번,725,611,114,0,25,36,171,340,153,0,4,18,146,310,133,0,21,18,25,30,20
2022,4,A,골목상권,2110356,덕수교,228,114,114,0,13,34,55,60,66,0,4,17,22,30,41,0,9,17,33,30,25
2022,4,A,골목상권,2110355,삼양사거리역 2번,306,254,52,0,8,26,44,103,125,0,1,10,31,94,118,0,7,16,13,9,7
2022,4,A,골목상권,2110354,삼각산119안전센터,22,5,17,0,2,3,10,5,2,0,0,0,2,1,2,0,2,3,8,4,0
2022,4,A,골목상권,2110353,수유동우체국,187,91,96,0,4,18,48,60,57,0,1,12,33,27,18,0,3,6,15,33,39
2022,4,A,골목상권,2110352,수유1동주민센터,305,121,184,0,28,55,103,86,33,0,11,24,37,32,17,0,17,31,66,54,16
2022,4,A,골목상권,2110351,수유북부시장옆,214,93,121,0,27,45,51,59,32,0,9,17,20,25,22,0,18,28,31,34,10
2022,4,A,골목상권,2110350,가오리역 2번,148,77,71,0,11,27,37,49,24,0,5,11,18,26,17,0,6,16,19,23,7
2022,4,A,골목상권,2110349,화계역 2번,83,67,16,0,6,4,21,33,19,0,5,3,12,28,19,0,1,1,9,5,0
2022,4,A,골목상권,2110348,강북문화예술회관,343,174,169,0,27,59,108,96,53,0,4,31,63,43,33,0,23,28,45,53,20
2022,4,A,골목상권,2110347,구세군강북종합사회복지관,38,17,21,0,10,7,5,9,7,0,1,5,1,5,5,0,9,2,4,4,2
2022,4,A,골목상권,2110346,4.19민주묘지역 2번,96,48,48,0,12,13,19,19,33,0,3,7,8,7,23,0,9,6,11,12,10
2022,4,A,골목상권,2110345,솔밭공원역 2번,117,48,69,1,14,20,26,38,18,0,3,6,8,18,13,1,11,14,18,20,5
2022,4,A,골목상권,2110344,화계중학교,12,10,2,0,7,1,1,2,1,0,5,1,1,2,1,0,2,0,0,0,0
2022,4,A,골목상권,2110343,무너미어린이공원,100,74,26,0,7,21,28,32,12,0,4,14,22,25,9,0,3,7,6,7,3
2022,4,A,골목상권,2110342,국립재활원,59,44,15,0,5,11,20,15,8,0,3,8,14,13,6,0,2,3,6,2,2
2022,4,A,골목상권,2110341,북한산우이역 2번,492,408,84,0,15,25,80,255,117,0,4,10,52,235,107,0,11,15,28,20,10
2022,4,A,골목상권,2110340,인수중학교,176,99,77,0,24,55,50,29,18,0,8,43,31,7,10,0,16,12,19,22,8
2022,4,A,골목상권,2110339,국립4.19민주묘지,26,10,16,0,2,4,8,7,5,0,0,3,5,0,2,0,2,1,3,7,3
2022,4,A,골목상권,2110338,인수초등학교,190,135,55,0,34,59,43,46,8,0,18,42,33,35,7,0,16,17,10,11,1
2022,4,A,골목상권,2110337,아카데미하우스,512,368,144,6,70,69,94,159,114,6,43,58,60,98,103,0,27,11,34,61,11
2022,4,A,골목상권,2110336,석관고등학교,94,84,10,0,3,17,16,37,21,0,3,15,13,34,19,0,0,2,3,3,2
2022,4,A,골목상권,2110335,석계역 7번,249,172,77,1,19,32,66,64,67,0,13,18,34,45,62,1,6,14,32,19,5
2022,4,A,골목상권,2110334,석관중앙교회,170,105,65,0,21,43,31,41,34,0,8,19,19,29,30,0,13,24,12,12,4
2022,4,A,골목상권,2110333,돌곶이역 5번,988,746,242,0,15,23,38,74,838,0,2,13,20,42,669,0,13,10,18,32,169
2022,4,A,골목상권,2110332,돌곶이역 3번,164,63,101,0,28,29,42,47,18,0,6,18,19,14,6,0,22,11,23,33,12
2022,4,A,골목상권,2110331,돌곶이역 8번,436,292,144,3,54,146,112,76,45,0,17,105,82,53,35,3,37,41,30,23,10
2022,4,A,골목상권,2110330,돌곶이역 1번,220,172,48,0,12,18,33,31,126,0,4,12,20,23,113,0,8,6,13,8,13
2022,4,A,골목상권,2110329,우리은행체육관,53,27,26,1,7,9,12,17,7,1,0,5,5,10,6,0,7,4,7,7,1
2022,4,A,골목상권,2110328,상월곡역 3번,250,157,93,1,41,81,66,39,22,1,26,58,33,24,15,0,15,23,33,15,7
2022,4,A,골목상권,2110327,상월곡역 2번,104,55,49,0,8,15,39,26,16,0,3,6,23,14,9,0,5,9,16,12,7
2022,4,A,골목상권,2110326,장위동성당,84,40,44,0,2,9,16,13,44,0,1,2,6,5,26,0,1,7,10,8,18
2022,4,A,골목상권,2110325,장곡초등학교,62,22,40,0,0,14,22,20,6,0,0,3,8,7,4,0,0,11,14,13,2
2022,4,A,골목상권,2110324,월곡역 4번,99,55,44,0,31,21,19,18,10,0,9,10,13,14,9,0,22,11,6,4,1
2022,4,A,골목상권,2110323,상월곡역 1번,109,30,79,2,25,24,28,18,12,0,4,5,11,5,5,2,21,19,17,13,7
2022,4,A,골목상권,2110322,장위1동주민센터,237,158,79,0,14,15,42,74,92,0,9,11,30,52,56,0,5,4,12,22,36
2022,4,A,골목상권,2110321,동덕여대,43,29,14,0,2,6,17,12,6,0,2,6,9,7,5,0,0,0,8,5,1
2022,4,A,골목상권,2110320,KB국민은행 종암동지점,72,44,28,0,2,11,24,21,14,0,1,5,12,14,12,0,1,6,12,7,2
2022,4,A,골목상권,2110319,종암동주민센터,277,111,166,1,45,49,65,62,55,0,8,19,24,32,28,1,37,30,41,30,27
2022,4,A,골목상권,2110318,KT월곡지사,148,78,70,0,21,29,45,36,17,0,10,19,22,14,13,0,11,10,23,22,4
2022,4,A,골목상권,2110317,종암중학교,412,207,205,0,33,120,153,86,20,0,14,47,78,59,9,0,19,73,75,27,11
2022,4,A,골목상권,2110316,숭곡초등학교,439,217,222,2,68,114,129,88,38,2,19,58,73,42,23,0,49,56,56,46,15
2022,4,A,골목상권,2110315,종암아이파크2차,124,78,46,0,11,17,41,38,17,0,4,9,27,25,13,0,7,8,14,13,4
2022,4,A,골목상권,2110314,종암경찰서,953,701,252,1,127,272,224,287,42,0,72,207,163,231,28,1,55,65,61,56,14
2022,4,A,골목상권,2110313,안암역 3번,2079,1351,728,2,209,555,672,477,164,0,96,312,446,356,141,2,113,243,226,121,23
2022,4,A,골목상권,2110312,안암역 2번,175,96,79,0,18,24,52,54,27,0,9,17,27,27,16,0,9,7,25,27,11
2022,4,A,골목상권,2110311,종암아이파크2차후문,49,21,28,0,3,5,24,7,10,0,2,2,6,4,7,0,1,3,18,3,3
2022,4,A,골목상권,2110310,길음역 10번,45,14,31,0,12,8,5,15,5,0,4,1,2,4,3,0,8,7,3,11,2
2022,4,A,골목상권,2110309,대광초등학교,354,252,102,0,37,57,103,96,61,0,18,39,69,75,51,0,19,18,34,21,10
2022,4,A,골목상권,2110308,길음역 8번,174,85,89,0,17,36,56,41,24,0,8,17,26,20,14,0,9,19,30,21,10
2022,4,A,골목상권,2110307,길음역 7번,158,71,87,0,29,32,52,27,18,0,7,17,23,12,12,0,22,15,29,15,6
2022,4,A,골목상권,2110306,미아초등학교,291,194,97,2,13,46,66,71,93,0,3,25,39,45,82,2,10,21,27,26,11
2022,4,A,골목상권,2110305,보문역 5번,883,661,222,3,165,255,173,133,154,1,99,199,129,103,130,2,66,56,44,30,24
2022,4,A,골목상권,2110304,보문역 4번,248,146,102,0,40,77,61,48,22,0,10,46,35,37,18,0,30,31,26,11,4
2022,4,A,골목상권,2110303,성신여대입구역 1번,138,97,41,1,7,35,44,27,24,0,2,22,28,25,20,1,5,13,16,2,4
2022,4,A,골목상권,2110302,보문역 8번,3818,3195,623,1,369,1436,715,829,468,1,257,1276,659,708,294,0,112,160,56,121,174
2022,4,A,골목상권,2110301,성신여대입구역 7번,484,209,275,1,73,84,96,134,96,0,31,37,39,62,40,1,42,47,57,72,56
2022,4,A,골목상권,2110300,삼선동주민센터,2735,1587,1148,3,248,710,769,844,161,2,97,300,444,629,115,1,151,410,325,215,46
2022,4,A,골목상권,2110299,정릉역 1번,372,241,131,1,33,49,83,95,111,0,9,12,40,74,106,1,24,37,43,21,5
2022,4,A,골목상권,2110298,솔숲어린이공원,77,28,49,0,18,11,24,12,12,0,3,5,7,5,8,0,15,6,17,7,4
2022,4,A,골목상권,2110297,경동고등학교,654,311,343,0,74,123,156,164,137,0,31,65,74,79,62,0,43,58,82,85,75
2022,4,A,골목상권,2110296,성신여대입구역 4번,77,39,38,1,7,12,30,11,16,1,3,7,15,8,5,0,4,5,15,3,11
2022,4,A,골목상권,2110295,정릉우체국,679,248,431,0,166,178,163,119,53,0,36,67,49,52,44,0,130,111,114,67,9
2022,4,A,골목상권,2110294,서경대학교,391,262,129,0,35,30,93,120,113,0,18,14,46,87,97,0,17,16,47,33,16
2022,4,A,골목상권,2110293,삼선중학교,1730,860,870,4,248,467,527,319,165,3,116,277,268,111,85,1,132,190,259,208,80
2022,4,A,골목상권,2110292,정릉역 2번,43,17,26,0,2,7,21,7,6,0,1,5,6,3,2,0,1,2,15,4,4
2022,4,A,골목상권,2110291,한성대입구역 3번,345,174,171,2,27,49,96,92,79,0,14,24,50,52,34,2,13,25,46,40,45
2022,4,A,골목상권,2110290,북한산보국문역 1번,96,78,18,0,2,9,29,37,19,0,1,8,23,30,16,0,1,1,6,7,3
2022,4,A,골목상권,2110289,북한산보국문역 2번,144,105,39,0,9,28,49,32,26,0,6,23,30,24,22,0,3,5,19,8,4
2022,4,A,골목상권,2110288,동구여중,216,139,77,1,19,49,52,55,40,0,9,22,35,40,33,1,10,27,17,15,7
2022,4,A,골목상권,2110287,정릉3동주민센터,70,50,20,0,9,12,18,19,12,0,5,8,15,12,10,0,4,4,3,7,2
2022,4,A,골목상권,2110286,한성대입구역 5번,978,468,510,17,187,284,317,122,51,8,70,126,143,83,38,9,117,158,174,39,13
2022,4,A,골목상권,2110285,홍대부중,814,559,255,9,219,220,210,100,56,6,118,172,163,69,31,3,101,48,47,31,25
2022,4,A,골목상권,2110284,정릉북한산국립공원입구,644,558,86,0,13,85,200,250,96,0,8,69,176,220,85,0,5,16,24,30,11
2022,4,A,골목상권,2110283,성북초등학교앞,203,78,125,0,16,33,56,80,18,0,8,10,23,27,10,0,8,23,33,53,8
2022,4,A,골목상권,2110282,국민대학교앞,1403,1162,241,15,213,430,341,239,165,14,151,387,296,212,102,1,62,43,45,27,63
2022,4,A,골목상권,2110281,길상사,13811,12087,1724,12,1418,3093,4057,4963,268,1,960,2426,3678,4822,200,11,458,667,379,141,68
2022,4,A,골목상권,2110280,북정마을,78,40,38,0,6,12,25,24,11,0,2,4,11,15,8,0,4,8,14,9,3
2022,4,A,골목상권,2110279,신내역 2번,9,8,1,0,0,1,4,4,0,0,0,1,3,4,0,0,0,0,1,0,0
2022,4,A,골목상권,2110278,망우본동주민센터,279,168,111,1,32,46,78,83,39,0,10,25,44,57,32,1,22,21,34,26,7
2022,4,A,골목상권,2110277,러스크서울병원,178,100,78,0,16,32,39,52,39,0,6,15,23,29,27,0,10,17,16,23,12
2022,4,A,골목상권,2110276,신내IC북측,39,25,14,0,1,6,11,12,9,0,0,5,6,9,5,0,1,1,5,3,4
2022,4,A,골목상권,2110275,하나은행 망우동지점,63,33,30,0,4,9,19,16,15,0,3,6,9,5,10,0,1,3,10,11,5
2022,4,A,골목상권,2110274,서일대학교,552,385,167,0,49,66,143,153,141,0,10,43,97,121,114,0,39,23,46,32,27
2022,4,A,골목상권,2110273,장스여성병원,610,446,164,7,31,37,75,209,251,0,4,8,37,168,229,7,27,29,38,41,22
2022,4,A,골목상권,2110272,신내1동주민센터,471,318,153,0,45,69,93,149,115,0,15,35,60,103,105,0,30,34,33,46,10
2022,4,A,골목상권,2110271,신내역 1번,97,74,23,0,8,17,25,29,18,0,5,14,18,23,14,0,3,3,7,6,4
2022,4,A,골목상권,2110270,혜원여고,168,148,20,0,4,5,7,70,82,0,4,3,6,59,76,0,0,2,1,11,6
2022,4,A,골목상권,2110269,용마문화복지센터,169,98,71,0,19,53,52,28,17,0,13,32,30,19,4,0,6,21,22,9,13
2022,4,A,골목상권,2110268,망우3동주민센터,60,30,30,0,10,13,10,18,9,0,1,5,7,10,7,0,9,8,3,8,2
2022,4,A,골목상권,2110267,망우역 2번,139,49,90,1,15,28,50,28,17,1,2,10,19,13,4,0,13,18,31,15,13
2022,4,A,골목상권,2110266,면목동우체국,225,182,43,0,10,31,38,79,67,0,1,19,30,69,63,0,9,12,8,10,4
2022,4,A,골목상권,2110265,망우역 1번,198,91,107,1,23,43,54,57,20,0,7,18,21,32,13,1,16,25,33,25,7
2022,4,A,골목상권,2110264,면목역 2번,358,170,188,1,52,75,93,80,57,0,21,40,40,37,32,1,31,35,53,43,25
2022,4,A,골목상권,2110263,면목역 1번,128,69,59,0,12,27,34,24,31,0,6,12,11,14,26,0,6,15,23,10,5
2022,4,A,골목상권,2110262,상봉역 3번,1532,879,653,2,221,447,543,268,51,0,119,337,282,107,34,2,102,110,261,161,17
2022,4,A,골목상권,2110261,사가정역 4번,167,90,77,1,16,29,49,50,22,1,8,15,25,26,15,0,8,14,24,24,7
2022,4,A,골목상권,2110260,면목역 3번,126,74,52,0,24,21,24,29,28,0,14,8,12,20,20,0,10,13,12,9,8
2022,4,A,골목상권,2110259,사가정역 1번,543,425,118,2,48,108,172,159,54,2,29,73,131,140,50,0,19,35,41,19,4
2022,4,A,골목상권,2110258,면동초등학교,260,99,161,0,32,49,79,66,34,0,1,20,28,34,16,0,31,29,51,32,18
2022,4,A,골목상권,2110257,상봉역 7번,397,330,67,0,17,18,50,133,179,0,6,11,34,118,161,0,11,7,16,15,18
2022,4,A,골목상권,2110256,면목2동체육관,477,321,156,2,56,66,82,140,131,1,21,35,45,109,110,1,35,31,37,31,21
2022,4,A,골목상권,2110255,상봉역 4번,327,208,119,0,39,52,78,92,66,0,20,24,46,62,56,0,19,28,32,30,10
2022,4,A,골목상권,2110254,오거리공원,257,89,168,1,19,75,79,51,32,0,6,15,35,21,12,1,13,60,44,30,20
2022,4,A,골목상권,2110253,중곡초등학교,181,106,75,0,31,31,44,49,26,0,10,17,23,35,21,0,21,14,21,14,5
2022,4,A,골목상권,2110252,장안제일시장,712,505,207,1,64,101,159,195,192,1,42,73,87,131,171,0,22,28,72,64,21
2022,4,A,골목상권,2110251,장안중학교,147,104,43,0,8,34,46,39,20,0,3,23,34,27,17,0,5,11,12,12,3
2022,4,A,골목상권,2110250,화랑대역 7번,111,69,42,0,7,20,32,34,18,0,5,12,15,23,14,0,2,8,17,11,4
2022,4,A,골목상권,2110249,중화역 1번,783,496,287,0,71,131,213,207,161,0,34,62,112,143,145,0,37,69,101,64,16
2022,4,A,골목상권,2110248,먹골파출소,85,47,38,1,19,23,20,12,10,0,7,14,12,4,10,1,12,9,8,8,0
2022,4,A,골목상권,2110247,먹골역 1번,377,175,202,0,53,79,123,78,44,0,21,30,55,38,31,0,32,49,68,40,13
2022,4,A,골목상권,2110246,월드순복음교회,431,312,119,0,27,97,158,95,54,0,12,69,122,65,44,0,15,28,36,30,10
2022,4,A,골목상권,2110245,KB국민은행 중화동지점,108,69,39,0,5,18,41,27,17,0,4,10,24,17,14,0,1,8,17,10,3
2022,4,A,골목상권,2110244,중화역 4번,250,175,75,1,8,26,49,44,122,1,4,11,32,30,97,0,4,15,17,14,25
2022,4,A,골목상권,2110243,중랑노인종합복지관,317,126,191,1,32,51,76,111,46,0,7,22,39,36,22,1,25,29,37,75,24
2022,4,A,골목상권,2110242,면목5동주민센터,164,112,52,0,21,28,56,30,29,0,12,23,31,22,24,0,9,5,25,8,5
2022,4,A,골목상권,2110241,먹골역 5번,415,213,202,0,61,87,97,117,53,0,17,49,46,63,38,0,44,38,51,54,15
2022,4,A,골목상권,2110240,태릉시장 특화거리,97,39,58,2,20,13,28,16,18,1,3,8,7,8,12,1,17,5,21,8,6
2022,4,A,골목상권,2110238,배꽃어린이공원,66,48,18,0,6,7,15,23,15,0,4,5,9,15,15,0,2,2,6,8,0
2022,4,A,골목상권,2110237,메가박스 상봉,274,152,122,0,30,67,97,54,26,0,13,37,48,36,18,0,17,30,49,18,8
2022,4,A,골목상권,2110236,신묵초등학교,1015,836,179,0,185,302,228,255,45,0,135,246,194,228,33,0,50,56,34,27,12
2022,4,A,골목상권,2110235,세화어린이공원,17,12,5,0,6,3,1,5,2,0,5,1,1,3,2,0,1,2,0,2,0
2022,4,A,골목상권,2110234,중랑역 4번,96,41,55,0,15,16,23,25,17,0,2,5,10,14,10,0,13,11,13,11,7
2022,4,A,골목상권,2110233,중랑역 1번,142,46,96,1,23,27,50,35,6,1,6,7,16,11,5,0,17,20,34,24,1
2022,4,A,골목상권,2110232,동대부고,579,413,166,0,41,71,119,175,173,0,14,38,80,134,147,0,27,33,39,41,26
2022,4,A,골목상권,2110231,장안교,11,8,3,0,0,1,4,5,1,0,0,1,3,4,0,0,0,0,1,1,1
2022,4,A,골목상권,2110230,장안현대홈타운1차아파트,161,101,60,0,15,32,52,45,17,0,6,22,33,28,12,0,9,10,19,17,5
2022,4,A,골목상권,2110229,장평중학교,1339,865,474,0,145,164,192,320,518,0,81,103,125,212,344,0,64,61,67,108,174
2022,4,A,골목상권,2110228,장안근린공원,1992,1184,808,40,1381,313,92,101,65,24,788,223,60,54,35,16,593,90,32,47,30
2022,4,A,골목상권,2110227,답십리공원,216,82,134,0,13,28,73,82,20,0,10,14,25,21,12,0,3,14,48,61,8
2022,4,A,골목상권,2110226,장안1동주민센터,1882,1005,877,2,147,247,333,512,641,2,87,148,213,253,302,0,60,99,120,259,339
2022,4,A,골목상권,2110225,촬영소사거리,330,204,126,0,22,36,68,83,121,0,9,25,42,55,73,0,13,11,26,28,48
2022,4,A,골목상권,2110224,외대앞역 2번,95,39,56,0,9,14,16,27,29,0,2,4,9,15,9,0,7,10,7,12,20
2022,4,A,골목상권,2110223,군자초등학교,94,56,38,0,13,17,26,24,14,0,4,10,17,15,10,0,9,7,9,9,4
2022,4,A,골목상권,2110222,회기역 2번,20,17,3,0,0,3,2,6,9,0,0,2,2,4,9,0,0,1,0,2,0
2022,4,A,골목상권,2110221,의릉,95,69,26,0,10,12,36,29,8,0,6,10,24,22,7,0,4,2,12,7,1
2022,4,A,골목상권,2110220,외대앞역 1번,190,109,81,0,28,36,54,46,26,0,7,17,33,34,18,0,21,19,21,12,8
2022,4,A,골목상권,2110219,삼육보건대학교,249,145,104,0,18,42,68,82,39,0,11,20,31,53,30,0,7,22,37,29,9
2022,4,A,골목상권,2110218,답십리사거리,158,83,75,0,14,25,45,60,14,0,5,12,22,33,11,0,9,13,23,27,3
2022,4,A,골목상권,2110217,자동차부품상가,503,388,115,1,33,105,143,123,98,1,24,88,115,83,77,0,9,17,28,40,21
2022,4,A,골목상권,2110216,전농중학교,208,68,140,1,32,48,62,50,15,1,11,14,18,18,6,0,21,34,44,32,9
2022,4,A,골목상권,2110215,회기역 1번,28,18,10,0,3,4,9,7,5,0,3,2,6,3,4,0,0,2,3,4,1
2022,4,A,골목상권,2110214,경희대후문,86,42,44,0,18,17,24,17,10,0,6,6,13,10,7,0,12,11,11,7,3
2022,4,A,골목상권,2110213,청량초등학교,124,81,43,0,19,57,17,15,16,0,7,41,13,7,13,0,12,16,4,8,3
2022,4,A,골목상권,2110212,답십리초등학교,204,144,60,0,26,37,42,67,32,0,18,26,27,50,23,0,8,11,15,17,9
2022,4,A,골목상권,2110211,전곡마을마당공원,626,445,181,1,66,101,170,194,94,0,45,73,129,143,55,1,21,28,41,51,39
2022,4,A,골목상권,2110210,서울시립대,341,253,88,1,9,19,24,34,254,1,4,12,10,21,205,0,5,7,14,13,49
2022,4,A,골목상권,2110209,답십리 장령당공원,81,51,30,0,3,11,28,19,20,0,1,5,16,15,14,0,2,6,12,4,6
2022,4,A,골목상권,2110208,시조사삼거리,75,56,19,0,2,14,7,17,35,0,1,7,2,11,35,0,1,7,5,6,0
2022,4,A,골목상권,2110207,시립대앞사거리,50,26,24,0,4,12,12,10,12,0,2,8,6,3,7,0,2,4,6,7,5
2022,4,A,골목상권,2110206,텃골근린공원,81,29,52,0,5,14,23,23,16,0,2,7,7,7,6,0,3,7,16,16,10
2022,4,A,골목상권,2110205,경희대삼거리,82,48,34,0,4,13,23,23,19,0,2,10,7,17,12,0,2,3,16,6,7
2022,4,A,골목상권,2110204,간데메공원,411,268,143,3,83,97,82,89,57,3,57,64,46,58,40,0,26,33,36,31,17
2022,4,A,골목상권,2110203,떡전교사거리,99,63,36,1,9,15,32,29,13,1,0,7,26,20,9,0,9,8,6,9,4
2022,4,A,골목상권,2110202,전농1동주민센터(전농시장),111,68,43,0,14,35,31,20,11,0,9,19,21,14,5,0,5,16,10,6,6
2022,4,A,골목상권,2110201,전농119안전센터,27,11,16,0,2,1,9,10,5,0,1,0,3,4,3,0,1,1,6,6,2
2022,4,A,골목상권,2110200,동대문경찰서,74,50,24,0,1,6,21,13,33,0,0,1,11,6,32,0,1,5,10,7,1
2022,4,A,골목상권,2110199,홍릉시장,65,41,24,0,11,15,18,14,7,0,8,8,10,9,6,0,3,7,8,5,1
2022,4,A,골목상권,2110198,동대문중앙새마을금고본점,67,26,41,0,1,0,18,37,11,0,0,0,8,10,8,0,1,0,10,27,3
2022,4,A,골목상권,2110197,세종대왕기념관교차로,67,46,21,0,8,19,26,9,5,0,4,15,19,7,1,0,4,4,7,2,4
2022,4,A,골목상권,2110196,홍릉근린공원,23,12,11,0,1,6,8,5,3,0,1,4,3,2,2,0,0,2,5,3,1
2022,4,A,골목상권,2110195,동대문구청,221,115,106,0,41,58,47,40,35,0,12,28,23,27,25,0,29,30,24,13,10
2022,4,A,골목상권,2110194,홍파초등학교,112,85,27,0,6,32,24,36,14,0,4,20,20,31,10,0,2,12,4,5,4
2022,4,A,골목상권,2110193,고려대역 4번,48,37,11,0,5,11,11,10,11,0,3,5,10,10,9,0,2,6,1,0,2
2022,4,A,골목상권,2110192,동의보감타워,70,45,25,0,7,10,25,16,12,0,2,6,17,10,10,0,5,4,8,6,2
2022,4,A,골목상권,2110191,고려대역 6번,48,41,7,0,1,12,14,9,12,0,1,10,11,8,11,0,0,2,3,1,1
2022,4,A,골목상권,2110190,고대앞사거리,195,92,103,0,22,34,34,45,60,0,4,18,22,19,29,0,18,16,12,26,31
2022,4,A,골목상권,2110189,제기동역 1번,1545,1089,456,1,233,490,343,170,308,0,98,349,286,137,219,1,135,141,57,33,89
2022,4,A,골목상권,2110188,용두동신동아아파트,807,607,200,8,104,178,229,191,97,2,68,150,181,132,74,6,36,28,48,59,23
2022,4,A,골목상권,2110187,제기동역 6번,3124,2222,902,15,559,867,746,552,385,7,387,605,531,394,298,8,172,262,215,158,87
2022,4,A,골목상권,2110186,종암초등학교,94,71,23,0,5,13,15,30,31,0,1,12,9,23,26,0,4,1,6,7,5
2022,4,A,골목상권,2110185,용두초등학교,122,77,45,0,13,22,31,32,24,0,5,13,18,22,19,0,8,9,13,10,5
2022,4,A,골목상권,2110184,용두사거리,423,215,208,0,81,138,75,77,52,0,39,51,34,51,40,0,42,87,41,26,12
2022,4,A,골목상권,2110183,한국의류시험연구원,833,441,392,3,237,305,147,75,66,1,87,160,79,58,56,2,150,145,68,17,10
2022,4,A,골목상권,2110182,용두희망어린이공원,370,249,121,0,38,71,108,87,66,0,20,47,67,64,51,0,18,24,41,23,15
2022,4,A,골목상권,2110181,신설동역 9번,1864,1212,652,12,209,232,286,440,685,12,150,162,188,282,418,0,59,70,98,158,267
2022,4,A,골목상권,2110180,광진정보도서관,5946,4025,1921,18,1620,2093,1180,672,363,5,885,1485,859,489,302,13,735,608,321,183,61
2022,4,A,골목상권,2110179,광나루역 1번,911,620,291,0,142,209,188,233,139,0,82,160,157,154,67,0,60,49,31,79,72
2022,4,A,골목상권,2110178,장로회신학대학교,194,123,71,0,25,44,42,56,27,0,15,34,21,38,15,0,10,10,21,18,12
2022,4,A,골목상권,2110177,동의초등학교,135,90,45,0,11,31,32,35,26,0,3,15,21,27,24,0,8,16,11,8,2
2022,4,A,골목상권,2110176,해오름공원,758,432,326,1,70,206,221,168,92,1,30,116,125,90,70,0,40,90,96,78,22
2022,4,A,골목상권,2110175,푸른동산공원,370,235,135,0,41,74,109,86,60,0,24,48,70,53,40,0,17,26,39,33,20
2022,4,A,골목상권,2110174,아차산역 1번,432,305,127,1,49,80,115,104,83,1,25,57,76,69,77,0,24,23,39,35,6
2022,4,A,골목상권,2110173,구남초등학교,195,106,89,0,34,50,46,44,21,0,16,28,21,25,16,0,18,22,25,19,5
2022,4,A,골목상권,2110172,광진초등학교,351,227,124,0,42,73,97,92,47,0,17,48,61,65,36,0,25,25,36,27,11
2022,4,A,골목상권,2110171,중곡4동주민센터,59,36,23,0,4,8,7,22,18,0,1,2,3,15,15,0,3,6,4,7,3
2022,4,A,골목상권,2110170,동대부여고,189,105,84,1,35,39,58,39,17,0,16,16,35,26,12,1,19,23,23,13,5
2022,4,A,골목상권,2110169,성동초등학교,221,112,109,1,25,30,68,59,38,0,12,12,32,32,24,1,13,18,36,27,14
2022,4,A,골목상권,2110168,대원고등학교,688,531,157,0,66,102,139,225,156,0,38,73,103,173,144,0,28,29,36,52,12
2022,4,A,골목상권,2110167,용마초등학교,376,220,156,2,22,56,99,109,88,0,9,20,52,62,77,2,13,36,47,47,11
2022,4,A,골목상권,2110166,구의1동주민센터,552,292,260,1,70,121,177,115,68,1,20,59,99,60,53,0,50,62,78,55,15
2022,4,A,골목상권,2110165,국립정신건강센터,287,204,83,0,19,46,81,77,64,0,9,33,51,61,50,0,10,13,30,16,14
2022,4,A,골목상권,2110164,아차산역 5번,731,494,237,3,111,126,143,164,184,0,61,77,101,112,143,3,50,49,42,52,41
2022,4,A,골목상권,2110163,성자초등학교,272,134,138,0,37,44,65,72,54,0,13,26,31,26,38,0,24,18,34,46,16
2022,4,A,골목상권,2110162,군자역 4번,613,365,248,0,127,162,131,110,83,0,98,118,75,42,32,0,29,44,56,68,51
2022,4,A,골목상권,2110161,중곡역 3번,236,135,101,3,11,33,58,65,66,0,2,16,37,40,40,3,9,17,21,25,26
2022,4,A,골목상권,2110160,광진경찰서,832,690,142,0,149,323,182,167,11,0,110,261,152,157,10,0,39,62,30,10,1
2022,4,A,골목상권,2110159,구의역 4번,663,391,272,1,125,115,158,132,132,1,58,62,85,87,98,0,67,53,73,45,34
2022,4,A,골목상권,2110158,중곡3동주민센터,715,518,197,1,113,210,184,138,69,0,73,168,123,104,50,1,40,42,61,34,19
2022,4,A,골목상권,2110157,자양동우체국,1097,891,206,10,352,279,244,141,71,7,300,237,180,106,61,3,52,42,64,35,10
2022,4,A,골목상권,2110156,군자역 5번,624,365,259,0,96,182,174,113,59,0,41,115,102,67,40,0,55,67,72,46,19
2022,4,A,골목상권,2110155,광진구청,8356,7701,655,0,240,853,2408,4046,809,0,172,765,2256,3748,760,0,68,88,152,298,49
2022,4,A,골목상권,2110154,광진정말공원,307,161,146,1,43,62,79,78,44,1,19,37,35,37,32,0,24,25,44,41,12
2022,4,A,골목상권,2110153,중곡1동주민센터,241,83,158,1,42,57,67,57,17,0,14,22,22,17,8,1,28,35,45,40,9
2022,4,A,골목상권,2110152,중곡어린이공원,338,300,38,0,17,29,64,119,109,0,10,21,55,109,105,0,7,8,9,10,4
2022,4,A,골목상권,2110151,자양한강도서관,249,175,74,4,35,52,63,66,29,3,24,37,49,41,21,1,11,15,14,25,8
2022,4,A,골목상권,2110150,중곡1동 마을마당,1179,698,481,1,197,352,252,217,160,1,83,194,161,132,127,0,114,158,91,85,33
2022,4,A,골목상권,2110149,세종대학교,122,72,50,0,15,21,31,23,32,0,8,13,19,7,25,0,7,8,12,16,7
2022,4,A,골목상권,2110148,어린이대공원역 3번,17,12,5,0,3,3,6,5,0,0,0,2,5,5,0,0,3,1,1,0,0
2022,4,A,골목상권,2110147,능동우편취급국,815,464,351,4,120,172,160,137,222,2,56,88,104,77,137,2,64,84,56,60,85
2022,4,A,골목상권,2110146,신자초등학교,735,531,204,0,50,79,208,276,122,0,25,44,156,209,97,0,25,35,52,67,25
2022,4,A,골목상권,2110145,장안초등학교,7,4,3,0,0,1,2,3,1,0,0,0,1,3,0,0,0,1,1,0,1
2022,4,A,골목상권,2110144,어린이대공원역 4번,47,23,24,0,5,4,13,16,9,0,1,1,7,8,6,0,4,3,6,8,3
2022,4,A,골목상권,2110143,뚝섬유원지역 1번,63,26,37,1,5,15,12,20,10,1,0,3,7,7,8,0,5,12,5,13,2
2022,4,A,골목상권,2110142,화양사거리,213,107,106,1,37,47,44,52,32,1,20,25,24,16,21,0,17,22,20,36,11
2022,4,A,골목상권,2110141,건대입구역 1번,213,138,75,1,23,49,67,48,25,1,11,27,51,32,16,0,12,22,16,16,9
2022,4,A,골목상권,2110140,건대입구역 6번,552,361,191,6,51,90,136,158,111,5,28,47,82,114,85,1,23,43,54,44,26
2022,4,A,골목상권,2110139,자양4동주민센터,204,116,88,0,13,28,53,51,59,0,3,14,32,25,42,0,10,14,21,26,17
2022,4,A,골목상권,2110138,송정체육공원,160,79,81,0,15,27,53,41,24,0,4,12,21,23,19,0,11,15,32,18,5
2022,4,A,골목상권,2110137,성수초등학교,6605,4295,2310,31,1016,1740,1836,1344,638,22,557,1152,1250,828,486,9,459,588,586,516,152
2022,4,A,골목상권,2110136,경수초등학교,4745,2743,2002,43,1169,1097,978,875,583,32,439,633,615,593,431,11,730,464,363,282,152
2022,4,A,골목상권,2110135,성동세무서,355,182,173,0,41,69,96,66,83,0,7,34,41,34,66,0,34,35,55,32,17
2022,4,A,골목상권,2110134,성수119안전센터,771,587,184,4,65,108,185,252,157,4,38,78,143,200,124,0,27,30,42,52,33
2022,4,A,골목상권,2110133,서울교통공사,122,93,29,0,19,25,33,21,24,0,12,18,29,17,17,0,7,7,4,4,7
2022,4,A,골목상권,2110132,성수2가3동주민센터,786,521,265,0,97,182,220,197,90,0,67,133,145,108,68,0,30,49,75,89,22
2022,4,A,골목상권,2110131,성수동카페거리,4798,3110,1688,15,902,1536,1123,699,523,9,460,993,777,497,374,6,442,543,346,202,149
2022,4,A,골목상권,2110130,답십리역 6번,105,89,16,0,20,24,38,15,8,0,17,20,35,10,7,0,3,4,3,5,1
2022,4,A,골목상권,2110129,성원어린이공원,664,421,243,1,65,126,138,185,149,0,35,74,91,111,110,1,30,52,47,74,39
2022,4,A,골목상권,2110128,성원중학교,1237,712,525,1,127,206,296,338,269,1,66,118,185,203,139,0,61,88,111,135,130
2022,4,A,골목상권,2110127,성수1가1동주민센터,290,157,133,0,31,55,56,100,48,0,11,40,31,47,28,0,20,15,25,53,20
2022,4,A,골목상권,2110126,서울숲역 1번,27,18,9,0,0,7,2,12,6,0,0,6,0,7,5,0,0,1,2,5,1
2022,4,A,골목상권,2110125,사근동살곶이상점가,135,83,52,2,25,39,35,21,13,2,13,21,24,13,10,0,12,18,11,8,3
2022,4,A,골목상권,2110124,뚝섬역교차로,1253,1006,247,7,170,155,222,312,387,6,94,111,169,268,358,1,76,44,53,44,29
2022,4,A,골목상권,2110123,마장역 3번,511,382,129,0,42,56,91,185,137,0,21,36,63,141,121,0,21,20,28,44,16
2022,4,A,골목상권,2110122,마장역 2번,464,271,193,1,60,88,117,113,85,1,32,59,68,61,50,0,28,29,49,52,35
2022,4,A,골목상권,2110121,한양대역 4번,45,30,15,0,3,10,8,11,13,0,2,5,5,7,11,0,1,5,3,4,2
2022,4,A,골목상권,2110120,서울숲카페거리,79,49,30,0,8,12,35,18,6,0,3,8,23,10,5,0,5,4,12,8,1
2022,4,A,골목상권,2110119,마장지하차도,127,89,38,0,17,26,32,26,26,0,12,22,19,18,18,0,5,4,13,8,8
2022,4,A,골목상권,2110118,왕십리역 9번,697,487,210,1,90,182,204,129,91,0,62,110,144,93,78,1,28,72,60,36,13
2022,4,A,골목상권,2110117,성동구보건소,103,73,30,1,14,27,19,33,9,1,10,20,11,25,6,0,4,7,8,8,3
2022,4,A,골목상권,2110116,청계천박물관,4884,3674,1210,30,342,780,1090,1772,870,26,217,571,881,1319,660,4,125,209,209,453,210
2022,4,A,골목상권,2110115,상왕십리역 3번,945,362,583,10,392,218,156,113,56,0,76,84,93,75,34,10,316,134,63,38,22
2022,4,A,골목상권,2110114,왕십리파출소,68,21,47,0,3,2,11,24,28,0,1,1,4,10,5,0,2,1,7,14,23
2022,4,A,골목상권,2110113,응봉산,77,43,34,0,14,15,14,16,18,0,4,11,7,6,15,0,10,4,7,10,3
2022,4,A,골목상권,2110112,행당역 2번,205,100,105,0,37,37,36,53,42,0,14,19,15,26,26,0,23,18,21,27,16
2022,4,A,골목상권,2110111,대현산장미원,51,40,11,0,6,7,6,17,15,0,6,4,4,13,13,0,0,3,2,4,2
2022,4,A,골목상권,2110110,상왕십리역 6번,93,55,38,1,12,22,24,18,16,1,7,12,13,10,12,0,5,10,11,8,4
2022,4,A,골목상권,2110109,금호삼성래미안아파트,92,39,53,0,7,10,12,42,21,0,2,6,3,15,13,0,5,4,9,27,8
2022,4,A,골목상권,2110108,성동구립금호도서관,6,1,5,0,0,1,4,1,0,0,0,0,0,1,0,0,0,1,4,0,0
2022,4,A,골목상권,2110107,금호사거리,37,30,7,0,4,8,4,11,10,0,3,5,4,9,9,0,1,3,0,2,1
2022,4,A,골목상권,2110105,금동어린이공원,43,20,23,0,1,9,12,12,9,0,0,3,3,8,6,0,1,6,9,4,3
2022,4,A,골목상권,2110104,신금호역 4번,275,189,86,0,27,47,51,66,84,0,11,28,34,46,70,0,16,19,17,20,14
2022,4,A,골목상권,2110103,옥수터널,13,11,2,1,0,2,2,6,2,0,0,2,2,5,2,1,0,0,0,1,0
2022,4,A,골목상권,2110102,옥수역 6번,3362,1140,2222,0,968,1050,724,422,198,0,202,328,319,197,94,0,766,722,405,225,104
2022,4,A,골목상권,2110101,옥정중학교,218,121,97,0,55,51,65,31,16,0,24,34,43,13,7,0,31,17,22,18,9
2022,4,A,골목상권,2110100,옥수동우편취급국,46,31,15,0,5,18,13,6,4,0,0,15,7,5,4,0,5,3,6,1,0
2022,4,A,골목상권,2110099,유엔빌리지길,12646,10311,2335,33,1746,2596,3298,4558,415,25,904,1899,2859,4264,360,8,842,697,439,294,55
2022,4,A,골목상권,2110098,서울독일학교,242,91,151,0,57,85,68,23,9,0,15,22,34,15,5,0,42,63,34,8,4
2022,4,A,골목상권,2110097,한남초등학교,3116,1920,1196,1,597,1644,757,90,27,0,278,975,575,71,21,1,319,669,182,19,6
2022,4,A,골목상권,2110096,한남힐사이드아파트,4186,2661,1525,5,1055,1176,900,902,148,3,457,705,613,757,126,2,598,471,287,145,22
2022,4,A,골목상권,2110095,한강진역 3번,1186,801,385,16,160,326,321,298,65,8,61,235,227,226,44,8,99,91,94,72,21
2022,4,A,골목상권,2110094,오산중학교,26,12,14,0,0,1,4,13,8,0,0,0,2,6,4,0,0,1,2,7,4
2022,4,A,골목상권,2110093,우사단길,2482,1548,934,2,325,1015,734,327,79,1,101,529,548,305,64,1,224,486,186,22,15
2022,4,A,골목상권,2110092,NH농협은행 보광동지점,514,208,306,0,94,123,111,107,79,0,14,58,40,45,51,0,80,65,71,62,28
2022,4,A,골목상권,2110091,리움미술관,1106,810,296,0,216,345,343,155,47,0,117,236,293,128,36,0,99,109,50,27,11
2022,4,A,골목상권,2110090,한국폴리텍대학서울정수캠퍼스,3968,2447,1521,1,446,1358,1632,500,31,1,173,548,1231,467,27,0,273,810,401,33,4
2022,4,A,골목상권,2110089,서빙고동주민센터,752,503,249,1,94,230,220,107,100,0,33,136,159,88,87,1,61,94,61,19,13
2022,4,A,골목상권,2110088,오산고등학교,1696,1140,556,16,439,504,454,203,80,7,263,350,312,150,58,9,176,154,142,53,22
2022,4,A,골목상권,2110087,이태원엔틱가구거리,463,213,250,0,185,174,58,31,15,0,54,89,43,17,10,0,131,85,15,14,5
2022,4,A,골목상권,2110086,이태원역 북측,9251,3612,5639,12,3187,3893,1655,431,73,3,733,1559,905,357,55,9,2454,2334,750,74,18
2022,4,A,골목상권,2110085,경리단길남측,532,260,272,4,98,163,148,67,52,2,40,59,78,41,40,2,58,104,70,26,12
2022,4,A,골목상권,2110084,경리단길북측,315,168,147,0,47,85,84,57,42,0,23,36,39,36,34,0,24,49,45,21,8
2022,4,A,골목상권,2110083,서빙고역 1번,149,109,40,0,26,53,42,14,14,0,13,42,29,12,13,0,13,11,13,2,1
2022,4,A,골목상권,2110082,용산구청,1571,779,792,2,165,447,417,439,101,2,45,147,200,302,83,0,120,300,217,137,18
2022,4,A,골목상권,2110081,해방촌 남동측,291,170,121,0,46,68,58,64,55,0,14,37,30,41,48,0,32,31,28,23,7
2022,4,A,골목상권,2110080,해방촌예술마을,277,160,117,0,44,58,84,54,37,0,16,38,52,30,24,0,28,20,32,24,13
2022,4,A,골목상권,2110079,후암동주민센터,1084,584,500,4,223,262,267,196,132,3,73,156,156,105,91,1,150,106,111,91,41
2022,4,A,골목상권,2110078,이촌동점보아파트,69,29,40,0,12,15,17,13,12,0,3,8,7,5,6,0,9,7,10,8,6
2022,4,A,골목상권,2110077,삼광초등학교,385,317,68,0,37,86,148,98,16,0,21,66,130,88,12,0,16,20,18,10,4
2022,4,A,골목상권,2110076,삼각지역 14번,537,175,362,0,46,143,158,153,37,0,11,49,61,45,9,0,35,94,97,108,28
2022,4,A,골목상권,2110075,숙대입구역 1번,1630,736,894,9,270,506,417,289,139,5,69,188,182,181,111,4,201,318,235,108,28
2022,4,A,골목상권,2110074,서울역 12번,8149,1751,6398,152,5985,1340,330,181,161,9,598,652,233,134,125,143,5387,688,97,47,36
2022,4,A,골목상권,2110073,삼각지역 3번,7916,2353,5563,56,2498,2872,1896,491,103,25,856,912,415,109,36,31,1642,1960,1481,382,67
2022,4,A,골목상권,2110072,열정도,374,244,130,6,108,96,78,51,35,0,51,71,62,37,23,6,57,25,16,14,12
2022,4,A,골목상권,2110071,한강미주맨션아파트,281,182,99,0,36,68,68,55,54,0,20,44,40,41,37,0,16,24,28,14,17
2022,4,A,골목상권,2110070,용산세무서,184,130,54,0,21,54,55,24,30,0,8,37,41,18,26,0,13,17,14,6,4
2022,4,A,골목상권,2110069,숙대입구,829,295,534,3,200,295,168,86,77,3,34,90,82,40,46,0,166,205,86,46,31
2022,4,A,골목상권,2110068,남영역 1번,1039,595,444,8,154,224,240,224,189,6,59,124,144,138,124,2,95,100,96,86,65
2022,4,A,골목상권,2110067,배문고등학교,1574,907,667,1,219,377,391,329,257,0,85,177,202,230,213,1,134,200,189,99,44
2022,4,A,골목상권,2110066,서울역 15번,748,467,281,6,152,227,156,125,82,3,81,151,104,66,62,3,71,76,52,59,20
2022,4,A,골목상권,2110065,남정초등학교,137,92,45,0,17,45,48,17,10,0,9,37,31,10,5,0,8,8,17,7,5
2022,4,A,골목상권,2110064,효창공원앞역 2번,925,527,398,2,126,275,263,160,99,1,49,160,162,88,67,1,77,115,101,72,32
2022,4,A,골목상권,2110063,효창공원앞역 5번,530,347,183,8,47,104,139,132,100,6,25,71,93,87,65,2,22,33,46,45,35
2022,4,A,골목상권,2110062,한강로동땡땡거리(은행나무길),5667,3458,2209,9,735,1660,1587,1162,514,6,299,844,1074,890,345,3,436,816,513,272,169
2022,4,A,골목상권,2110061,효창동주민센터,473,301,172,1,61,90,150,113,58,1,38,52,96,67,47,0,23,38,54,46,11
2022,4,A,골목상권,2110060,효창공원앞역 6번,291,174,117,0,28,62,84,73,44,0,10,34,52,47,31,0,18,28,32,26,13
2022,4,A,골목상권,2110059,새남터성지,385,307,78,0,38,71,113,138,25,0,21,48,99,124,15,0,17,23,14,14,10
2022,4,A,골목상권,2110058,성심여자고등학교,947,659,288,10,141,228,254,194,120,3,71,162,181,141,101,7,70,66,73,53,19
2022,4,A,골목상권,2110057,황학코아루아파트,57,39,18,0,8,11,16,9,13,0,4,5,14,7,9,0,4,6,2,2,4
2022,4,A,골목상권,2110056,신당역 3번,506,288,218,0,60,129,115,112,90,0,29,63,68,70,58,0,31,66,47,42,32
2022,4,A,골목상권,2110055,황학동벼룩시장,29,19,10,0,1,4,6,11,7,0,1,3,5,6,4,0,0,1,1,5,3
2022,4,A,골목상권,2110054,청구역 3번,1537,849,688,3,259,378,315,336,246,1,90,204,220,211,123,2,169,174,95,125,123
2022,4,A,골목상권,2110053,청구역 1번,281,166,115,0,52,69,69,54,37,0,23,45,43,27,28,0,29,24,26,27,9
2022,4,A,골목상권,2110052,장충초등학교,484,281,203,0,43,100,132,130,79,0,16,63,75,82,45,0,27,37,57,48,34
2022,4,A,골목상권,2110051,한양공고앞 교차로,111,82,29,0,17,23,33,26,12,0,12,16,24,20,10,0,5,7,9,6,2
2022,4,A,골목상권,2110050,약수역 7번,309,230,79,0,34,81,76,76,42,0,21,59,60,57,33,0,13,22,16,19,9
2022,4,A,골목상권,2110049,장충단 고개,2303,1240,1063,4,566,582,448,431,272,2,174,314,281,257,212,2,392,268,167,174,60
2022,4,A,골목상권,2110048,장충동주민센터,5312,2706,2606,21,867,1339,1511,1367,207,5,338,768,756,707,132,16,529,571,755,660,75
2022,4,A,골목상권,2110047,다산성곽길,160,89,71,0,36,43,36,27,18,0,23,29,21,7,9,0,13,14,15,20,9
2022,4,A,골목상권,2110046,버티고개,106,76,30,0,6,23,41,28,8,0,3,17,29,20,7,0,3,6,12,8,1
2022,4,A,골목상권,2110045,동대문역사문화공원역 5번,234,174,60,0,24,54,64,55,37,0,11,38,46,47,32,0,13,16,18,8,5
2022,4,A,골목상권,2110044,관성묘,405,300,105,0,50,135,145,51,24,0,24,90,125,44,17,0,26,45,20,7,7
2022,4,A,골목상권,2110043,충무초등학교,1202,670,532,12,212,307,331,223,117,7,97,155,169,152,90,5,115,152,162,71,27
2022,4,A,골목상권,2110042,남산골공원옆,994,621,373,3,121,221,287,251,111,0,43,127,198,179,74,3,78,94,89,72,37
2022,4,A,골목상권,2110041,남산케이블카,967,435,532,2,118,152,175,254,266,2,51,69,83,87,143,0,67,83,92,167,123
2022,4,A,골목상권,2110040,중구회현체육센터(정화예술대남산캠퍼스),165,78,87,0,33,30,40,37,25,0,14,15,17,13,19,0,19,15,23,24,6
2022,4,A,골목상권,2110039,회현역 1번,49,26,23,0,2,8,12,14,13,0,0,4,9,8,5,0,2,4,3,6,8
2022,4,A,골목상권,2110038,경향신문사,2636,1651,985,0,377,783,808,593,75,0,119,436,540,491,65,0,258,347,268,102,10
2022,4,A,골목상권,2110037,신설동역 12번,208,124,84,0,16,46,51,61,34,0,6,20,32,41,25,0,10,26,19,20,9
2022,4,A,골목상권,2110036,동묘앞역 3번,65,42,23,0,3,7,20,15,20,0,1,3,10,13,15,0,2,4,10,2,5
2022,4,A,골목상권,2110035,동묘앞역 2번,276,161,115,2,18,43,75,88,50,0,5,18,42,65,31,2,13,25,33,23,19
2022,4,A,골목상권,2110034,창신1동주민센터,41,35,6,0,2,1,14,13,11,0,2,1,10,11,11,0,0,0,4,2,0
2022,4,A,골목상권,2110033,창신역 4번,166,89,77,0,26,42,35,40,23,0,6,22,17,25,19,0,20,20,18,15,4
2022,4,A,골목상권,2110032,수족관거리,31,16,15,0,3,6,4,13,5,0,2,2,2,7,3,0,1,4,2,6,2
2022,4,A,골목상권,2110031,창신역 1번,44,31,13,0,7,14,5,11,7,0,4,8,4,8,7,0,3,6,1,3,0
2022,4,A,골목상권,2110030,동대문역 3번,10,5,5,0,2,2,2,3,1,0,0,2,1,1,1,0,2,0,1,2,0
2022,4,A,골목상권,2110029,동대문역 1번,235,61,174,0,11,31,57,79,57,0,1,7,19,20,14,0,10,24,38,59,43
2022,4,A,골목상권,2110028,이화달팽이길,704,279,425,1,177,179,137,123,87,0,56,60,56,65,42,1,121,119,81,58,45
2022,4,A,골목상권,2110027,혜화역 1번,617,366,251,1,73,116,131,98,198,0,28,74,65,54,145,1,45,42,66,44,53
2022,4,A,골목상권,2110026,종로5가역 4번,190,120,70,0,22,41,73,27,27,0,9,28,47,14,22,0,13,13,26,13,5
2022,4,A,골목상권,2110025,충신시장옆,213,129,84,2,17,46,63,56,29,0,6,23,43,33,24,2,11,23,20,23,5
2022,4,A,골목상권,2110024,혜회동주민센터,928,263,665,0,135,264,294,184,51,0,17,64,90,55,37,0,118,200,204,129,14
2022,4,A,골목상권,2110023,서울대병원,186,55,131,0,18,37,42,47,42,0,5,12,14,10,14,0,13,25,28,37,28
2022,4,A,골목상권,2110022,경신고등학교,537,396,141,11,142,162,128,59,35,10,100,123,94,43,26,1,42,39,34,16,9
2022,4,A,골목상권,2110021,성균관대학교,387,297,90,2,15,39,109,145,77,2,7,26,88,125,49,0,8,13,21,20,28
2022,4,A,골목상권,2110020,서울국제고등학교,639,315,324,1,145,288,122,57,26,1,44,146,75,32,17,0,101,142,47,25,9
2022,4,A,골목상권,2110019,창덕궁,325,215,110,0,47,91,82,71,34,0,21,65,53,49,27,0,26,26,29,22,7
2022,4,A,골목상권,2110018,중앙고등학교,888,439,449,1,97,177,220,178,215,0,30,60,106,90,153,1,67,117,114,88,62
2022,4,A,골목상권,2110017,정독도서관,650,322,328,0,133,273,152,58,34,0,26,130,93,43,30,0,107,143,59,15,4
2022,4,A,골목상권,2110016,평창동동측,7589,3104,4485,10,716,2233,2858,1504,268,4,279,1021,1416,284,100,6,437,1212,1442,1220,168
2022,4,A,골목상권,2110015,청와대사랑채,578,345,233,0,64,147,166,126,75,0,16,63,110,91,65,0,48,84,56,35,10
2022,4,A,골목상권,2110014,경복고등학교,194,82,112,0,28,54,40,44,28,0,4,14,21,24,19,0,24,40,19,20,9
2022,4,A,골목상권,2110013,체부동홍종문가옥,119,70,49,0,5,26,31,25,32,0,2,11,18,13,26,0,3,15,13,12,6
2022,4,A,골목상권,2110012,성곡미술관,1061,503,558,0,262,337,262,118,82,0,72,159,150,73,49,0,190,178,112,45,33
2022,4,A,골목상권,2110011,청운초등학교,263,188,75,0,21,105,79,43,15,0,21,95,44,16,12,0,0,10,35,27,3
2022,4,A,골목상권,2110010,평창동서측,6687,3622,3065,12,676,1736,2550,1464,249,0,276,655,1387,1128,176,12,400,1081,1163,336,73
2022,4,A,골목상권,2110009,자하문터널,950,463,487,0,211,332,229,125,53,0,92,164,106,65,36,0,119,168,123,60,17
2022,4,A,골목상권,2110008,배화여자대학교(박노수미술관),552,379,173,1,52,82,133,180,104,0,16,46,102,135,80,1,36,36,31,45,24
2022,4,A,골목상권,2110007,사직공원(한국사회과학도서관),283,185,98,2,58,88,63,41,31,2,30,62,44,27,20,0,28,26,19,14,11
2022,4,A,골목상권,2110006,부암동주민센터,27,16,11,0,2,7,7,5,6,0,2,5,2,3,4,0,0,2,5,2,2
2022,4,A,골목상권,2110005,세검정,1006,510,496,3,125,296,290,195,97,0,36,137,157,121,59,3,89,159,133,74,38
2022,4,A,골목상권,2110004,대신고등학교,32,14,18,0,3,4,8,14,3,0,1,0,3,8,2,0,2,4,5,6,1
2022,4,A,골목상권,2110003,세검정초등학교,485,315,170,6,53,84,150,126,66,6,32,38,100,89,50,0,21,46,50,37,16
2022,4,A,골목상권,2110002,독립문역 1번,475,121,354,1,146,140,118,44,26,1,25,25,41,14,15,0,121,115,77,30,11
2022,4,A,골목상권,2110001,이북5도청사,1066,638,428,4,133,292,240,262,135,0,51,173,162,172,80,4,82,119,78,90,55
2022,3,U,관광특구,1001496,강남 마이스 관광특구,15904,8904,7000,59,3513,6185,4248,1596,303,25,1160,3361,2887,1246,225,34,2353,2824,1361,350,78
2022,3,U,관광특구,1001495,잠실 관광특구,24375,14199,10176,120,4722,6565,5617,4514,2837,51,2484,4186,3496,2297,1685,69,2238,2379,2121,2217,1152
2022,3,U,관광특구,1001494,종로?청계 관광특구,32935,17150,15785,68,5357,9965,9483,6401,1661,15,2285,4911,4591,4158,1190,53,3072,5054,4892,2243,471
2022,3,U,관광특구,1001493,동대문패션타운 관광특구,6054,2958,3096,36,1434,1695,1160,1061,668,13,543,737,662,600,403,23,891,958,498,461,265
2022,3,U,관광특구,1001492,명동 남대문 북창동 다동 무교동 관광특구,104830,53674,51156,423,27134,34007,23384,15726,4156,137,8860,16080,15133,10824,2640,286,18274,17927,8251,4902,1516
2022,3,U,관광특구,1001491,이태원 관광특구,5839,3064,2775,28,1377,2065,1290,768,311,18,514,986,777,541,228,10,863,1079,513,227,83
2022,3,R,전통시장,2130326,고덕 골목형상점가,935,850,85,0,8,37,165,395,330,0,4,31,147,360,308,0,4,6,18,35,22
2022,3,R,전통시장,2130325,명일전통시장,89,30,59,0,8,10,13,28,30,0,3,6,5,8,8,0,5,4,8,20,22
2022,3,R,전통시장,2130324,길동복조리시장,154,85,69,3,27,32,47,40,5,2,13,18,31,19,2,1,14,14,16,21,3
2022,3,R,전통시장,2130323,둔촌역전통시장,171,86,85,0,3,14,23,36,95,0,2,6,8,14,56,0,1,8,15,22,39
2022,3,R,전통시장,2130322,고분다리전통시장,8,5,3,0,0,1,2,4,1,0,0,1,1,2,1,0,0,0,1,2,0
2022,3,R,전통시장,2130321,장신구 특화거리 상점가,433,269,164,0,92,114,88,92,47,0,43,72,56,61,37,0,49,42,32,31,10
2022,3,R,전통시장,2130320,암사종합시장,173,97,76,1,16,29,50,31,46,1,5,12,31,19,29,0,11,17,19,12,17
2022,3,R,전통시장,2130319,성내전통시장,34,21,13,0,3,5,9,10,7,0,3,2,5,7,4,0,0,3,4,3,3
2022,3,R,전통시장,2130318,로데오거리상점가,266,132,134,0,31,43,49,55,88,0,9,12,19,26,66,0,22,31,30,29,22
2022,3,R,전통시장,2130317,마천중앙시장,107,77,30,0,15,35,24,17,16,0,11,24,12,14,16,0,4,11,12,3,0
2022,3,R,전통시장,2130316,마천시장,18,9,9,0,3,3,2,10,0,0,2,2,2,3,0,0,1,1,0,7,0
2022,3,R,전통시장,2130315,문정동 로데오거리 상점가(문정동 로데오거리),1372,808,564,6,313,289,260,251,253,3,118,168,164,145,210,3,195,121,96,106,43
2022,3,R,전통시장,2130314,풍납시장,202,99,103,1,24,42,50,60,25,1,15,27,22,18,16,0,9,15,28,42,9
2022,3,R,전통시장,2130313,방이시장,3469,1526,1943,5,449,529,612,1126,748,4,159,335,346,371,311,1,290,194,266,755,437
2022,3,R,전통시장,2130312,석촌시장,619,270,349,1,20,40,81,170,307,1,9,23,43,41,153,0,11,17,38,129,154
2022,3,R,전통시장,2130311,새마을시장,377,246,131,1,60,78,104,75,59,0,28,48,80,55,35,1,32,30,24,20,24
2022,3,R,전통시장,2130310,강남개포시장,298,173,125,0,29,56,71,82,60,0,8,23,42,56,44,0,21,33,29,26,16
2022,3,R,전통시장,2130308,청담삼익시장,48,30,18,0,5,11,13,7,12,0,3,6,8,4,9,0,2,5,5,3,3
2022,3,R,전통시장,2130307,도곡시장,57,25,32,0,3,7,15,13,19,0,1,4,4,6,10,0,2,3,11,7,9
2022,3,R,전통시장,2130306,강남언주로,235,151,84,2,48,48,63,45,29,2,27,34,47,23,18,0,21,14,16,22,11
2022,3,R,전통시장,2130305,논현종합시장,85,43,42,0,21,14,14,19,17,0,7,7,6,14,9,0,14,7,8,5,8
2022,3,R,전통시장,2130304,신사상가,138,79,59,1,12,22,32,42,29,0,3,8,11,32,25,1,9,14,21,10,4
2022,3,R,전통시장,2130303,영동전통시장,242,95,147,0,21,60,67,58,36,0,7,19,22,24,23,0,14,41,45,34,13
2022,3,R,전통시장,2130302,강남시장(강남구 강남시장),58,33,25,0,13,15,14,8,8,0,7,10,9,2,5,0,6,5,5,6,3
2022,3,R,전통시장,2130301,양재시장,35,22,13,0,2,10,9,7,7,0,1,7,6,3,5,0,1,3,3,4,2
2022,3,R,전통시장,2130299,엔터식스 강남점,1850,1551,299,18,189,270,602,601,170,5,97,197,542,558,152,13,92,73,60,43,18
2022,3,R,전통시장,2130298,강남터미널지하도상점가2구역,2,1,1,0,1,0,0,0,1,0,1,0,0,0,0,0,0,0,0,0,1
2022,3,R,전통시장,2130296,남부종합시장,85,63,22,0,2,8,25,35,15,0,1,8,16,24,14,0,1,0,9,11,1
2022,3,R,전통시장,2130295,인헌시장(원당종합시장),122,48,74,0,20,27,38,23,14,0,3,9,16,12,8,0,17,18,22,11,6
2022,3,R,전통시장,2130294,관악중부시장,102,40,62,1,5,10,22,39,25,0,2,3,7,16,12,1,3,7,15,23,13
2022,3,R,전통시장,2130293,봉천중앙시장,154,42,112,0,17,13,29,46,49,0,5,7,14,14,2,0,12,6,15,32,47
2022,3,R,전통시장,2130290,영림시장,417,183,234,0,74,101,107,92,43,0,14,49,43,44,33,0,60,52,64,48,10
2022,3,R,전통시장,2130289,봉일시장,36,20,16,1,1,2,5,14,13,0,0,1,5,3,11,1,1,1,0,11,2
2022,3,R,전통시장,2130288,신림현대종합상가,2,0,2,0,1,1,0,0,0,0,0,0,0,0,0,0,1,1,0,0,0
2022,3,R,전통시장,2130285,서원동상점가,615,316,299,4,28,56,85,160,282,1,17,38,45,60,155,3,11,18,40,100,127
2022,3,R,전통시장,2130284,관악종합시장(신원시장),17,10,7,0,0,1,3,10,3,0,0,1,1,6,2,0,0,0,2,4,1
2022,3,R,전통시장,2130283,신원시장,25,11,14,0,3,3,10,5,4,0,1,1,3,3,3,0,2,2,7,2,1
2022,3,R,전통시장,2130282,난곡 골목형상점가,20,8,12,0,4,2,10,4,0,0,2,1,4,1,0,0,2,1,6,3,0
2022,3,R,전통시장,2130281,우림시장,1,0,1,0,0,0,1,0,0,0,0,0,0,0,0,0,0,0,1,0,0
2022,3,R,전통시장,2130280,신림종합시장,8,7,1,0,0,0,0,2,6,0,0,0,0,1,6,0,0,0,0,1,0
2022,3,R,전통시장,2130279,관악신사시장,120,63,57,0,17,20,27,37,19,0,5,10,16,20,12,0,12,10,11,17,7
2022,3,R,전통시장,2130278,미성동 도깨비시장 골목형상점가,75,16,59,0,0,16,28,24,7,0,0,7,5,2,2,0,0,9,23,22,5
2022,3,R,전통시장,2130277,조원동 펭귄시장(신림중앙시장),98,56,42,1,15,26,31,19,6,1,8,18,16,9,4,0,7,8,15,10,2
2022,3,R,전통시장,2130276,신림중앙시장(조원동 펭귄시장),43,27,16,0,1,2,14,12,14,0,0,2,7,9,9,0,1,0,7,3,5
2022,3,R,전통시장,2130275,강남골목시장,168,124,44,0,17,40,46,35,30,0,15,33,30,24,22,0,2,7,16,11,8
2022,3,R,전통시장,2130274,사당1동먹자골목상점가(사당1동먹자골목),389,218,171,4,91,100,81,63,50,3,45,64,37,35,34,1,46,36,44,28,16
2022,3,R,전통시장,2130273,남성사계시장(남성시장),141,63,78,0,21,36,45,22,17,0,3,19,20,8,13,0,18,17,25,14,4
2022,3,R,전통시장,2130272,사당시장,45,20,25,0,4,6,10,11,14,0,0,1,4,6,9,0,4,5,6,5,5
2022,3,R,전통시장,2130271,남성역골목시장,467,268,199,1,36,33,39,47,311,1,12,20,22,16,197,0,24,13,17,31,114
2022,3,R,전통시장,2130270,흑석시장,4,3,1,0,2,0,0,2,0,0,1,0,0,2,0,0,1,0,0,0,0
2022,3,R,전통시장,2130268,상도전통시장,239,104,135,0,33,60,53,58,35,0,12,23,23,24,22,0,21,37,30,34,13
2022,3,R,전통시장,2130267,본동인정시장(기능상실),59,41,18,0,6,10,12,15,16,0,4,7,9,8,13,0,2,3,3,7,3
2022,3,R,전통시장,2130266,만양로상점가,129,75,54,0,6,37,51,21,14,0,1,23,33,14,4,0,5,14,18,7,10
2022,3,R,전통시장,2130265,노량진중앙시장,115,82,33,0,17,48,34,8,8,0,12,42,23,3,2,0,5,6,11,5,6
2022,3,R,전통시장,2130264,상도약수골목형상점가,65,35,30,1,14,8,15,20,7,0,4,3,9,12,7,1,10,5,6,8,0
2022,3,R,전통시장,2130263,신노량진시장(기능상실),11,3,8,0,0,3,3,5,0,0,0,0,1,2,0,0,0,3,2,3,0
2022,3,R,전통시장,2130262,상도도깨비 골목형상점가,18,8,10,0,1,0,12,2,3,0,0,0,6,0,2,0,1,0,6,2,1
2022,3,R,전통시장,2130261,성대전통시장(성대시장),211,104,107,0,15,47,61,61,27,0,4,26,33,23,18,0,11,21,28,38,9
2022,3,R,전통시장,2130260,신대방1동골목상권,70,31,39,0,8,22,15,15,10,0,0,7,7,10,7,0,8,15,8,5,3
2022,3,R,전통시장,2130259,대신시장,12,9,3,0,1,0,5,2,4,0,1,0,3,2,3,0,0,0,2,0,1
2022,3,R,전통시장,2130257,영등포시장기계공구상가,158,116,42,0,11,26,33,47,41,0,7,16,22,37,34,0,4,10,11,10,7
2022,3,R,전통시장,2130256,신동시장,2,2,0,0,0,0,0,1,1,0,0,0,0,1,1,0,0,0,0,0,0
2022,3,R,전통시장,2130255,영등포전통시장,45,29,16,0,1,7,5,10,22,0,1,5,3,4,16,0,0,2,2,6,6
2022,3,R,전통시장,2130253,영신상가(제일상가),9,7,2,0,2,3,0,2,2,0,2,3,0,1,1,0,0,0,0,1,1
2022,3,R,전통시장,2130250,삼구시장(로타리상가),1,0,1,0,0,0,0,1,0,0,0,0,0,0,0,0,0,0,0,1,0
2022,3,R,전통시장,2130249,동남상가,10,8,2,0,2,0,0,4,4,0,1,0,0,4,3,0,1,0,0,0,1
2022,3,R,전통시장,2130248,영등포역지하도상점가,12,5,7,0,0,2,4,3,3,0,0,0,2,0,3,0,0,2,2,3,0
2022,3,R,전통시장,2130247,우리시장,21,16,5,0,3,4,6,3,5,0,1,3,5,3,4,0,2,1,1,0,1
2022,3,R,전통시장,2130246,영등포청과시장(조광시장),237,126,111,0,24,33,47,77,56,0,9,11,28,39,39,0,15,22,19,38,17
2022,3,R,전통시장,2130245,영일시장,675,567,108,1,61,189,238,136,50,0,41,148,217,115,46,1,20,41,21,21,4
2022,3,R,전통시장,2130244,대림중앙시장,95,39,56,3,14,16,21,15,26,2,9,8,10,4,6,1,5,8,11,11,20
2022,3,R,전통시장,2130243,도림시장,6,4,2,0,0,1,4,0,1,0,0,1,3,0,0,0,0,0,1,0,1
2022,3,R,전통시장,2130242,대림중앙 골목형상점가,68,21,47,0,4,14,21,24,5,0,1,6,5,5,4,0,3,8,16,19,1
2022,3,R,전통시장,2130241,선유도역 골목형상점가,500,253,247,0,95,93,123,136,53,0,39,49,66,67,32,0,56,44,57,69,21
2022,3,R,전통시장,2130240,영등포유통상가,1183,753,430,0,95,232,273,252,331,0,52,127,178,168,228,0,43,105,95,84,103
2022,3,R,전통시장,2130238,은행나무시장,113,71,42,0,22,24,31,22,14,0,13,16,22,14,6,0,9,8,9,8,8
2022,3,R,전통시장,2130237,박미시장(기능상실),39,26,13,0,1,6,11,9,12,0,0,2,7,8,9,0,1,4,4,1,3
2022,3,R,전통시장,2130236,비단길현대시장(현대시장),139,42,97,0,13,23,49,40,14,0,4,3,12,17,6,0,9,20,37,23,8
2022,3,R,전통시장,2130235,대명여울빛거리시장(대명시장),298,80,218,0,39,52,77,82,48,0,11,14,25,19,11,0,28,38,52,63,37
2022,3,R,전통시장,2130234,푸른터시장(기능상실),3,2,1,0,0,1,0,2,0,0,0,1,0,1,0,0,0,0,0,1,0
2022,3,R,전통시장,2130233,남문시장,76,47,29,0,5,8,18,22,23,0,2,3,9,12,21,0,3,5,9,10,2
2022,3,R,전통시장,2130232,독산동 맛나는거리상점가(독산동 맛나는거리),33,24,9,0,3,12,5,10,3,0,2,9,4,6,3,0,1,3,1,4,0
2022,3,R,전통시장,2130231,독산동 우시장,611,476,135,2,31,74,126,196,182,0,16,55,97,145,163,2,15,19,29,51,19
2022,3,R,전통시장,2130229,남구로시장,249,139,110,1,16,53,61,62,56,0,7,30,31,32,39,1,9,23,30,30,17
2022,3,R,전통시장,2130228,구로시장,10,5,5,0,0,4,6,0,0,0,0,1,4,0,0,0,0,3,2,0,0
2022,3,R,전통시장,2130227,고척골목시장상점가(그라운드 고척),97,68,29,0,8,22,36,23,8,0,4,13,26,19,6,0,4,9,10,4,2
2022,3,R,전통시장,2130226,고척프라자,2,2,0,0,1,1,0,0,0,0,1,1,0,0,0,0,0,0,0,0,0
2022,3,R,전통시장,2130225,개봉중앙시장,147,59,88,0,15,21,39,44,28,0,3,4,19,22,11,0,12,17,20,22,17
2022,3,R,전통시장,2130224,개봉프라자(고척근린시장),5,4,1,0,0,0,1,2,2,0,0,0,1,1,2,0,0,0,0,1,0
2022,3,R,전통시장,2130223,고척근린시장,42,12,30,0,2,10,12,14,4,0,0,1,1,7,3,0,2,9,11,7,1
2022,3,R,전통시장,2130222,오류시장,132,21,111,0,10,26,46,43,7,0,5,1,4,5,6,0,5,25,42,38,1
2022,3,R,전통시장,2130221,"남부골목시장(남부화곡시장, 남부시장)",188,69,119,0,22,32,50,57,27,0,5,5,15,22,22,0,17,27,35,35,5
2022,3,R,전통시장,2130219,까치산시장,124,37,87,0,16,18,39,32,19,0,4,6,9,9,9,0,12,12,30,23,10
2022,3,R,전통시장,2130218,신월중앙시장,118,53,65,0,28,34,26,13,17,0,8,12,11,9,13,0,20,22,15,4,4
2022,3,R,전통시장,2130217,화곡본동시장,36,16,20,0,3,5,10,13,5,0,1,3,5,6,1,0,2,2,5,7,4
2022,3,R,전통시장,2130216,화곡중앙시장,75,32,43,0,4,11,21,22,17,0,2,2,9,8,11,0,2,9,12,14,6
2022,3,R,전통시장,2130215,대원종합시장,9,7,2,0,0,1,0,3,5,0,0,1,0,2,4,0,0,0,0,1,1
2022,3,R,전통시장,2130214,송화벽화시장(송화골목시장),119,44,75,2,23,18,25,33,18,0,6,7,9,13,9,2,17,11,16,20,9
2022,3,R,전통시장,2130213,방신전통시장,112,77,35,0,13,20,25,29,25,0,10,18,14,14,21,0,3,2,11,15,4
2022,3,R,전통시장,2130212,공항시장,8,6,2,0,1,0,3,2,2,0,1,0,3,0,2,0,0,0,0,2,0
2022,3,R,전통시장,2130211,신정2동 골목시장(오목교중앙시장),51,18,33,0,3,10,18,17,3,0,1,3,8,4,2,0,2,7,10,13,1
2022,3,R,전통시장,2130210,목2동시장,432,251,181,1,66,124,122,71,48,1,40,69,70,39,32,0,26,55,52,32,16
2022,3,R,전통시장,2130209,목사랑시장(목4동시장),111,61,50,0,7,15,23,42,24,0,2,13,10,20,16,0,5,2,13,22,8
2022,3,R,전통시장,2130208,목동깨비시장(목3동시장),148,67,81,0,13,20,55,37,23,0,7,6,18,19,17,0,6,14,37,18,6
2022,3,R,전통시장,2130207,신정1동 골목시장(신정제일시장),38,21,17,0,8,9,10,7,4,0,3,5,6,4,3,0,5,4,4,3,1
2022,3,R,전통시장,2130206,신정3동 골목시장,20,6,14,0,0,5,11,2,2,0,0,0,3,1,2,0,0,5,8,1,0
2022,3,R,전통시장,2130205,신곡종합시장(신월6동 골목시장),141,103,38,1,17,36,39,32,16,0,10,27,33,18,15,1,7,9,6,14,1
2022,3,R,전통시장,2130204,경창시장,100,50,50,0,5,12,27,27,29,0,2,5,12,16,15,0,3,7,15,11,14
2022,3,R,전통시장,2130203,서서울 골목형상점가,34,7,27,0,2,7,10,12,3,0,0,0,2,4,1,0,2,7,8,8,2
2022,3,R,전통시장,2130202,신영시장,40,13,27,0,3,4,13,16,4,0,2,0,3,6,2,0,1,4,10,10,2
2022,3,R,전통시장,2130201,월정로시장,27,17,10,0,2,8,10,7,0,0,0,7,6,4,0,0,2,1,4,3,0
2022,3,R,전통시장,2130200,"신월7동 골목시장(약수시장, 우성상가)",27,18,9,0,0,3,9,6,9,0,0,0,7,4,7,0,0,3,2,2,2
2022,3,R,전통시장,2130199,신월3동 골목시장,18,8,10,0,1,4,4,9,0,0,0,1,3,4,0,0,1,3,1,5,0
2022,3,R,전통시장,2130198,아현시장,203,45,158,1,51,84,52,10,5,0,8,5,26,4,2,1,43,79,26,6,3
2022,3,R,전통시장,2130197,마포시장,15,5,10,0,0,1,5,4,5,0,0,1,0,2,2,0,0,0,5,2,3
2022,3,R,전통시장,2130196,공덕시장,3948,2001,1947,52,1323,1296,891,287,99,28,467,646,599,181,80,24,856,650,292,106,19
2022,3,R,전통시장,2130195,도화동 상점가,1055,510,545,2,201,269,228,163,192,1,86,133,121,95,74,1,115,136,107,68,118
2022,3,R,전통시장,2130194,용강동 상점가,875,502,373,0,103,131,179,170,292,0,39,75,104,114,170,0,64,56,75,56,122
2022,3,R,전통시장,2130193,신수시장,34,19,15,0,4,7,12,5,6,0,1,5,5,4,4,0,3,2,7,1,2
2022,3,R,전통시장,2130192,동진시장,10,6,4,0,1,1,4,3,1,0,1,1,1,2,1,0,0,0,3,1,0
2022,3,R,전통시장,2130191,홍대 걷고싶은 거리,367,225,142,6,65,65,81,82,68,4,40,41,54,47,39,2,25,24,27,35,29
2022,3,R,전통시장,2130190,홍대소상공인상점가,150,77,73,1,55,35,30,18,11,0,18,22,18,10,9,1,37,13,12,8,2
2022,3,R,전통시장,2130189,서교시장,24,10,14,0,2,1,7,6,8,0,0,1,2,3,4,0,2,0,5,3,4
2022,3,R,전통시장,2130187,영진시장,29,14,15,0,4,5,11,7,2,0,2,2,6,2,2,0,2,3,5,5,0
2022,3,R,전통시장,2130186,망원시장,178,84,94,0,16,30,47,50,35,0,13,19,20,17,15,0,3,11,27,33,20
2022,3,R,전통시장,2130185,망원월드컵시장,190,123,67,1,26,69,53,25,16,1,14,43,35,16,14,0,12,26,18,9,2
2022,3,R,전통시장,2130184,마포농수산물시장,77,40,37,0,2,12,24,26,13,0,1,8,12,14,5,0,1,4,12,12,8
2022,3,R,전통시장,2130183,상암동상점가,816,607,209,1,89,204,283,187,52,0,49,150,227,143,38,1,40,54,56,44,14
2022,3,R,전통시장,2130182,영천시장,78,35,43,0,13,8,24,22,11,0,3,4,10,12,6,0,10,4,14,10,5
2022,3,R,전통시장,2130181,아현가구거리상점가,59,30,29,0,8,11,13,10,17,0,0,7,9,4,10,0,8,4,4,6,7
2022,3,R,전통시장,2130180,포방터시장,59,34,25,0,13,11,15,6,14,0,4,4,11,5,10,0,9,7,4,1,4
2022,3,R,전통시장,2130179,"이화여대 3,5,7길 상점가",147,65,82,3,34,15,41,31,23,1,12,3,14,17,18,2,22,12,27,14,5
2022,3,R,전통시장,2130178,이대 앞 스타트업 상점가,32,7,25,0,5,5,10,6,6,0,1,0,4,0,2,0,4,5,6,6,4
2022,3,R,전통시장,2130177,인왕시장(홍제골목형상점가),44,7,37,0,1,1,8,7,27,0,0,0,1,3,3,0,1,1,7,4,24
2022,3,R,전통시장,2130176,유진상가,38,23,15,0,20,16,1,1,0,0,9,13,1,0,0,0,11,3,0,1,0
2022,3,R,전통시장,2130175,신촌 상인회(신촌상점가),13,5,8,0,1,3,5,4,0,0,1,0,1,3,0,0,0,3,4,1,0
2022,3,R,전통시장,2130173,백련시장,5,3,2,0,0,1,0,2,2,0,0,1,0,0,2,0,0,0,0,2,0
2022,3,R,전통시장,2130172,모래내시장(서중시장),41,13,28,0,5,12,8,10,6,0,0,2,3,5,3,0,5,10,5,5,3
2022,3,R,전통시장,2130171,불광먹자골목 골목형상점가,155,54,101,0,18,31,24,37,45,0,4,9,11,16,14,0,14,22,13,21,31
2022,3,R,전통시장,2130170,제일시장,58,26,32,1,7,9,13,19,9,1,2,2,5,11,5,0,5,7,8,8,4
2022,3,R,전통시장,2130169,대조시장,67,31,36,0,5,11,21,23,7,0,1,3,11,11,5,0,4,8,10,12,2
2022,3,R,전통시장,2130168,연서시장,242,157,85,0,19,50,53,65,55,0,5,23,33,49,47,0,14,27,20,16,8
2022,3,R,전통시장,2130167,연신내상점가(연빛거리),636,239,397,1,144,143,157,120,71,1,31,52,57,53,45,0,113,91,100,67,26
2022,3,R,전통시장,2130166,응암시장(신응암시장),17,10,7,0,0,3,2,5,7,0,0,0,1,3,6,0,0,3,1,2,1
2022,3,R,전통시장,2130165,"대림골목시장(대림시장, 양지시장)",214,34,180,0,20,45,56,62,31,0,1,7,5,11,10,0,19,38,51,51,21
2022,3,R,전통시장,2130164,역촌중앙시장,9,3,6,0,0,1,2,2,4,0,0,0,1,1,1,0,0,1,1,1,3
2022,3,R,전통시장,2130163,응암오거리상점가,182,49,133,0,24,28,44,50,36,0,4,8,11,12,14,0,20,20,33,38,22
2022,3,R,전통시장,2130162,증산골목시장,7,3,4,0,0,2,2,1,2,0,0,0,0,1,2,0,0,2,2,0,0
2022,3,R,전통시장,2130161,증산종합시장,8,5,3,0,0,1,2,2,3,0,0,0,1,2,2,0,0,1,1,0,1
2022,3,R,전통시장,2130160,수일시장,7,2,5,0,0,2,1,2,2,0,0,0,0,1,1,0,0,2,1,1,1
2022,3,R,전통시장,2130159,공릉동 도깨비시장,101,47,54,0,12,22,24,26,17,0,4,8,9,15,11,0,8,14,15,11,6
2022,3,R,전통시장,2130157,상계중앙시장,74,40,34,0,14,19,14,17,10,0,8,15,7,7,3,0,6,4,7,10,7
2022,3,R,전통시장,2130155,시영B상가(중계 그린아파트 B 상가),12,8,4,0,1,5,3,3,0,0,0,5,2,1,0,0,1,0,1,2,0
2022,3,R,전통시장,2130153,창동역상점가,229,138,91,0,18,48,54,56,53,0,7,31,30,31,39,0,11,17,24,25,14
2022,3,R,전통시장,2130152,오!도봉거리 상점가,61,34,27,0,5,14,19,13,10,0,1,5,10,10,8,0,4,9,9,3,2
2022,3,R,전통시장,2130151,신도봉시장,5,5,0,0,1,0,2,2,0,0,1,0,2,2,0,0,0,0,0,0,0
2022,3,R,전통시장,2130150,창동골목시장,84,47,37,0,19,30,14,8,13,0,7,20,9,5,6,0,12,10,5,3,7
2022,3,R,전통시장,2130149,창동신창시장,104,40,64,0,2,21,32,29,20,0,0,7,14,8,11,0,2,14,18,21,9
2022,3,R,전통시장,2130148,방학동도깨비시장,60,33,27,0,6,9,16,18,11,0,4,3,8,14,4,0,2,6,8,4,7
2022,3,R,전통시장,2130147,쌍문역동측상점가,69,32,37,0,7,17,18,9,18,0,2,6,10,5,9,0,5,11,8,4,9
2022,3,R,전통시장,2130146,쌍문시장(쌍문역골목시장),263,124,139,0,29,33,54,80,67,0,10,12,28,32,42,0,19,21,26,48,25
2022,3,R,전통시장,2130145,쌍문역둘리상점가,244,202,42,0,39,44,77,62,22,0,28,35,65,56,18,0,11,9,12,6,4
2022,3,R,전통시장,2130144,백운시장,38,17,21,0,0,3,13,14,8,0,0,0,5,5,7,0,0,3,8,9,1
2022,3,R,전통시장,2130143,방천골목시장,65,36,29,0,11,7,19,24,4,0,6,5,9,13,3,0,5,2,10,11,1
2022,3,R,전통시장,2130142,강북북부시장,7,5,2,0,1,1,0,2,3,0,0,1,0,2,2,0,1,0,0,0,1
2022,3,R,전통시장,2130141,강북북부골목시장,43,20,23,0,16,4,11,6,6,0,3,2,6,6,3,0,13,2,5,0,3
2022,3,R,전통시장,2130140,숭인시장,62,27,35,0,9,13,10,15,15,0,0,4,1,9,13,0,9,9,9,6,2
2022,3,R,전통시장,2130139,강북종합전통시장(강북종합골목시장),166,114,52,0,16,45,61,28,16,0,11,33,42,19,9,0,5,12,19,9,7
2022,3,R,전통시장,2130138,수유프라자,142,24,118,1,31,24,16,42,28,0,1,4,5,4,10,1,30,20,11,38,18
2022,3,R,전통시장,2130137,"수유전통시장(수유시장, 수유골목시장)",89,31,58,0,5,10,19,26,29,0,0,3,8,8,12,0,5,7,11,18,17
2022,3,R,전통시장,2130136,수유재래시장,29,11,18,0,6,5,7,5,6,0,2,1,0,2,6,0,4,4,7,3,0
2022,3,R,전통시장,2130135,수유중앙골목시장(수유중앙시장),24,12,12,0,0,3,4,5,12,0,0,2,2,0,8,0,0,1,2,5,4
2022,3,R,전통시장,2130134,"솔샘시장(미아6,7동골목시장)",73,30,43,1,7,19,25,18,3,0,3,4,12,8,3,1,4,15,13,10,0
2022,3,R,전통시장,2130133,우이골목시장(우이시장),69,61,8,0,7,7,19,20,16,0,6,6,17,17,15,0,1,1,2,3,1
2022,3,R,전통시장,2130132,삼양골목시장(삼양시장),57,19,38,0,10,13,12,14,8,0,0,4,5,5,5,0,10,9,7,9,3
2022,3,R,전통시장,2130131,동북프라자,121,49,72,0,9,23,37,29,23,0,4,8,17,9,11,0,5,15,20,20,12
2022,3,R,전통시장,2130130,수유북부골목시장,20,14,6,0,1,1,7,5,6,0,0,0,6,3,5,0,1,1,1,2,1
2022,3,R,전통시장,2130129,장미원골목시장,911,571,340,0,15,14,38,89,755,0,1,4,12,40,514,0,14,10,26,49,241
2022,3,R,전통시장,2130128,돌곶이시장(석관황금시장),191,157,34,0,30,36,41,72,12,0,28,26,29,62,12,0,2,10,12,10,0
2022,3,R,전통시장,2130126,새석관시장,3,1,2,0,0,0,1,2,0,0,0,0,0,1,0,0,0,0,1,1,0
2022,3,R,전통시장,2130125,장위전통시장,40,20,20,0,5,6,7,8,14,0,0,2,5,5,8,0,5,4,2,3,6
2022,3,R,전통시장,2130123,꿈의숲 장곡 골목형상점가,6,5,1,0,1,0,1,4,0,0,1,0,1,3,0,0,0,0,0,1,0
2022,3,R,전통시장,2130122,밤나무골시장,17,5,12,0,2,4,6,4,1,0,1,1,2,1,0,0,1,3,4,3,1
2022,3,R,전통시장,2130121,길음시장,91,19,72,0,36,24,10,8,13,0,2,5,3,2,7,0,34,19,7,6,6
2022,3,R,전통시장,2130120,돈암시장(돈암제일시장),99,23,76,1,20,20,25,18,15,0,0,2,7,8,6,1,20,18,18,10,9
2022,3,R,전통시장,2130119,정릉아리랑시장,15,4,11,0,0,4,5,5,1,0,0,0,0,3,1,0,0,4,5,2,0
2022,3,R,전통시장,2130118,정릉골 골목형상점가,67,30,37,0,11,13,11,19,13,0,0,2,6,12,10,0,11,11,5,7,3
2022,3,R,전통시장,2130117,정릉시장,119,62,57,0,4,15,34,41,25,0,2,8,20,18,14,0,2,7,14,23,11
2022,3,R,전통시장,2130116,동성타워프라자,31,22,9,0,2,9,7,8,5,0,2,4,4,7,5,0,0,5,3,1,0
2022,3,R,전통시장,2130115,우림골목시장,307,106,201,2,80,61,68,64,32,0,29,11,30,20,16,2,51,50,38,44,16
2022,3,R,전통시장,2130114,유영시장,31,20,11,0,9,5,3,8,6,0,7,2,2,5,4,0,2,3,1,3,2
2022,3,R,전통시장,2130113,신아타운,148,27,121,1,31,31,28,39,18,1,4,9,3,4,6,0,27,22,25,35,12
2022,3,R,전통시장,2130112,사가정시장,86,28,58,0,13,17,24,19,13,0,0,3,6,8,11,0,13,14,18,11,2
2022,3,R,전통시장,2130111,"동원전통종합시장(동원시장, 동원전통시장 상점가)",224,109,115,0,24,37,49,82,32,0,11,17,21,38,22,0,13,20,28,44,10
2022,3,R,전통시장,2130110,면목골목시장(면목시장),103,59,44,0,1,8,32,38,24,0,1,5,19,18,16,0,0,3,13,20,8
2022,3,R,전통시장,2130109,묵1동도깨비시장,47,33,14,0,2,9,16,9,11,0,1,5,13,5,9,0,1,4,3,4,2
2022,3,R,전통시장,2130108,태능엔터피아(태릉시장),3,1,2,0,0,0,1,2,0,0,0,0,0,1,0,0,0,0,1,1,0
2022,3,R,전통시장,2130107,중랑동부시장(중랑교종합상가),13,3,10,0,0,1,4,5,3,0,0,0,0,1,2,0,0,1,4,4,1
2022,3,R,전통시장,2130106,중랑동부시장,166,56,110,1,20,40,34,39,32,0,1,8,7,21,19,1,19,32,27,18,13
2022,3,R,전통시장,2130105,장미제일시장(중화동제일시장),63,27,36,0,8,14,22,11,8,0,3,6,14,3,1,0,5,8,8,8,7
2022,3,R,전통시장,2130104,전곡시장,93,54,39,0,8,17,28,26,14,0,5,8,16,13,12,0,3,9,12,13,2
2022,3,R,전통시장,2130103,이경시장,16,8,8,0,0,1,2,2,11,0,0,1,1,1,5,0,0,0,1,1,6
2022,3,R,전통시장,2130101,답십리현대시장,8,5,3,0,0,1,3,2,2,0,0,1,1,2,1,0,0,0,2,0,1
2022,3,R,전통시장,2130100,답십리시장,93,40,53,2,19,25,23,11,13,2,4,9,11,6,8,0,15,16,12,5,5
2022,3,R,전통시장,2130099,전농로터리시장,7,3,4,0,1,0,2,3,1,0,0,0,1,1,1,0,1,0,1,2,0
2022,3,R,전통시장,2130098,회기시장,55,17,38,0,9,14,15,12,5,0,2,3,4,6,2,0,7,11,11,6,3
2022,3,R,전통시장,2130097,답십리 건축자재시장,315,202,113,1,17,46,46,44,161,0,8,37,25,23,109,1,9,9,21,21,52
2022,3,R,전통시장,2130096,동부시장,14,9,5,0,0,0,1,1,12,0,0,0,0,0,9,0,0,0,1,1,3
2022,3,R,전통시장,2130095,청량리전통시장,95,38,57,0,6,16,18,33,22,0,4,6,9,10,9,0,2,10,9,23,13
2022,3,R,전통시장,2130094,청량리청과물시장,54,24,30,0,7,13,17,7,10,0,0,4,10,2,8,0,7,9,7,5,2
2022,3,R,전통시장,2130093,동서시장,5,3,2,0,0,0,1,2,2,0,0,0,1,0,2,0,0,0,0,2,0
2022,3,R,전통시장,2130092,청량리농수산물시장,12,9,3,0,0,1,3,5,3,0,0,0,3,3,3,0,0,1,0,2,0
2022,3,R,전통시장,2130091,청량종합도매시장,36,27,9,0,1,3,11,14,7,0,0,3,8,10,6,0,1,0,3,4,1
2022,3,R,전통시장,2130090,청량리종합시장,19,13,6,0,1,4,3,5,6,0,1,2,3,3,4,0,0,2,0,2,2
2022,3,R,전통시장,2130089,청량리수산시장,42,33,9,0,4,7,16,6,9,0,3,7,12,4,7,0,1,0,4,2,2
2022,3,R,전통시장,2130088,경동시장,126,57,69,0,18,32,24,17,35,0,3,11,11,10,22,0,15,21,13,7,13
2022,3,R,전통시장,2130087,경동광성상가(경동시장),28,20,8,0,5,3,8,7,5,0,3,2,6,5,4,0,2,1,2,2,1
2022,3,R,전통시장,2130086,서울약령시장,1184,651,533,4,113,208,305,341,213,0,56,128,165,181,121,4,57,80,140,160,92
2022,3,R,전통시장,2130085,용두시장,4,2,2,0,0,0,1,2,1,0,0,0,0,1,1,0,0,0,1,1,0
2022,3,R,전통시장,2130084,신성시장(신성골목시장),21,6,15,0,3,5,8,4,1,0,0,1,2,2,1,0,3,4,6,2,0
2022,3,R,전통시장,2130083,"중곡제일시장(중곡제일골목시장, 광성시장)",111,68,43,0,15,21,29,24,22,0,7,14,20,10,17,0,8,7,9,14,5
2022,3,R,전통시장,2130082,면곡골목시장,20,11,9,0,4,0,1,9,6,0,4,0,0,3,4,0,0,0,1,6,2
2022,3,R,전통시장,2130081,자양골목전통시장(자양골목시장),54,36,18,0,7,17,14,9,7,0,5,12,9,6,4,0,2,5,5,3,3
2022,3,R,전통시장,2130080,자양종합시장(기능상실),14,10,4,0,0,1,6,6,1,0,0,1,4,4,1,0,0,0,2,2,0
2022,3,R,전통시장,2130079,한아름시장,40,29,11,0,5,6,6,10,13,0,4,4,5,6,10,0,1,2,1,4,3
2022,3,R,전통시장,2130078,화양제일골목시장,65,23,42,0,6,17,20,18,4,0,1,7,8,6,1,0,5,10,12,12,3
2022,3,R,전통시장,2130077,조양시장,31,19,12,0,11,7,8,5,0,0,6,5,4,4,0,0,5,2,4,1,0
2022,3,R,전통시장,2130076,능동로골목시장,88,67,21,0,2,11,14,16,45,0,1,4,13,10,39,0,1,7,1,6,6
2022,3,R,전통시장,2130075,노룬산시장(노룬산골목시장),23,13,10,0,4,5,10,2,2,0,3,3,6,0,1,0,1,2,4,2,1
2022,3,R,전통시장,2130074,영동교골목시장,21,15,6,0,6,9,2,3,1,0,3,9,0,2,1,0,3,0,2,1,0
2022,3,R,전통시장,2130073,뚝도시장,45,17,28,1,3,10,9,11,11,0,0,2,4,5,6,1,3,8,5,6,5
2022,3,R,전통시장,2130072,성동용답상가시장,132,71,61,0,21,19,35,39,18,0,9,9,16,26,11,0,12,10,19,13,7
2022,3,R,전통시장,2130071,성수역 골목형상점가,335,180,155,1,61,89,70,43,71,0,27,43,43,29,38,1,34,46,27,14,33
2022,3,R,전통시장,2130070,뚝섬역상점가,1016,697,319,6,178,259,217,222,134,4,105,179,143,157,109,2,73,80,74,65,25
2022,3,R,전통시장,2130069,"한양대앞상점가(한양시장, 왕십리맛골목)",32,19,13,0,6,6,4,8,8,0,4,4,0,5,6,0,2,2,4,3,2
2022,3,R,전통시장,2130068,마장축산물시장,975,630,345,1,102,202,250,248,172,1,68,127,155,165,114,0,34,75,95,83,58
2022,3,R,전통시장,2130067,왕십리도선동상점가,1670,335,1335,3,166,202,291,591,417,1,78,98,69,49,40,2,88,104,222,542,377
2022,3,R,전통시장,2130066,행당시장상점가,397,182,215,0,49,86,115,100,47,0,17,38,54,45,28,0,32,48,61,55,19
2022,3,R,전통시장,2130065,무학봉상점가,144,67,77,0,22,29,34,37,22,0,4,10,14,22,17,0,18,19,20,15,5
2022,3,R,전통시장,2130064,금남시장,36,13,23,0,6,7,8,4,11,0,1,0,5,2,5,0,5,7,3,2,6
2022,3,R,전통시장,2130063,신금호역 골목형상점가,30,21,9,0,2,4,5,9,10,0,1,3,4,7,6,0,1,1,1,2,4
2022,3,R,전통시장,2130062,보광시장,31,12,19,0,0,6,10,13,2,0,0,3,4,4,1,0,0,3,6,9,1
2022,3,R,전통시장,2130061,이태원시장,32,20,12,0,18,3,4,6,1,0,12,1,3,3,1,0,6,2,1,3,0
2022,3,R,전통시장,2130060,신흥시장,4,1,3,0,0,2,0,2,0,0,0,1,0,0,0,0,0,1,0,2,0
2022,3,R,전통시장,2130059,후암시장,64,40,24,0,6,12,16,11,19,0,4,5,10,7,14,0,2,7,6,4,5
2022,3,R,전통시장,2130058,이촌종합시장,109,78,31,0,13,19,25,26,26,0,7,12,15,21,23,0,6,7,10,5,3
2022,3,R,전통시장,2130057,만리시장,12,9,3,0,0,2,1,4,5,0,0,1,1,3,4,0,0,1,0,1,1
2022,3,R,전통시장,2130056,용산용문시장,65,34,31,0,7,15,18,10,15,0,4,6,7,6,11,0,3,9,11,4,4
2022,3,R,전통시장,2130055,"황학시장(서울중앙시장, 신중앙시장)",203,117,86,0,24,49,47,52,31,0,12,25,24,32,24,0,12,24,23,20,7
2022,3,R,전통시장,2130054,황학동주방가구거리상점가,374,266,108,0,25,80,116,106,47,0,18,60,77,74,37,0,7,20,39,32,10
2022,3,R,전통시장,2130053,백학시장,160,69,91,0,22,24,46,37,31,0,8,8,20,15,18,0,14,16,26,22,13
2022,3,R,전통시장,2130052,서울중앙시장(신중앙시장),479,342,137,0,106,156,101,61,55,0,80,110,57,45,50,0,26,46,44,16,5
2022,3,R,전통시장,2130051,동화동 골목형상점가,391,156,235,1,82,94,98,66,50,1,18,25,43,36,33,0,64,69,55,30,17
2022,3,R,전통시장,2130050,청평화시장,120,50,70,1,18,26,31,29,15,1,9,13,5,15,7,0,9,13,26,14,8
2022,3,R,전통시장,2130049,신당 미래유산 먹거리 골목형상점가,42,19,23,0,3,5,9,13,12,0,1,3,0,7,8,0,2,2,9,6,4
2022,3,R,전통시장,2130048,동평화시장,18,9,9,0,7,8,0,3,0,0,3,4,0,2,0,0,4,4,0,1,0
2022,3,R,전통시장,2130047,테크노상가(엘리시움),160,112,48,0,10,26,34,61,29,0,5,20,21,42,24,0,5,6,13,19,5
2022,3,R,전통시장,2130046,team204(팀204),20,13,7,0,1,3,4,2,10,0,0,2,3,1,7,0,1,1,1,1,3
2022,3,R,전통시장,2130045,광희패션몰,49,29,20,0,1,5,11,17,15,0,0,2,7,11,9,0,1,3,4,6,6
2022,3,R,전통시장,2130044,에리어식스(벨포스트),10,2,8,1,0,2,3,3,1,1,0,1,0,0,0,0,0,1,3,3,1
2022,3,R,전통시장,2130043,제일평화시장,43,27,16,0,6,14,13,8,2,0,1,9,9,6,2,0,5,5,4,2,0
2022,3,R,전통시장,2130042,약수시장,158,67,91,2,36,30,40,21,29,2,9,9,19,8,20,0,27,21,21,13,9
2022,3,R,전통시장,2130041,신평화패션타운(청계6가 지하도상가),28,21,7,0,1,5,9,8,5,0,0,4,9,5,3,0,1,1,0,3,2
2022,3,R,전통시장,2130040,남평화시장,5,3,2,0,0,4,0,0,1,0,0,2,0,0,1,0,0,2,0,0,0
2022,3,R,전통시장,2130039,청계6가 지하도상가,36,26,10,0,1,1,7,6,21,0,1,1,5,5,14,0,0,0,2,1,7
2022,3,R,전통시장,2130038,"평화시장(통일상가, 동화상가)",930,630,300,3,110,293,273,172,79,0,61,165,211,134,59,3,49,128,62,38,20
2022,3,R,전통시장,2130036,중부시장(신중부시장),3089,921,2168,8,1868,593,250,198,172,3,316,189,171,120,122,5,1552,404,79,78,50
2022,3,R,전통시장,2130035,방산종합시장(방산시장),1190,736,454,1,96,200,284,312,297,0,56,117,154,191,218,1,40,83,130,121,79
2022,3,R,전통시장,2130034,필동 골목형상점가,14,7,7,0,2,4,5,2,1,0,1,2,2,2,0,0,1,2,3,0,1
2022,3,R,전통시장,2130033,대림상가(청계상가),169,121,48,0,7,29,54,39,40,0,3,19,35,30,34,0,4,10,19,9,6
2022,3,R,전통시장,2130032,인현시장,167,123,44,0,3,25,47,54,38,0,3,16,35,40,29,0,0,9,12,14,9
2022,3,R,전통시장,2130031,청계천공구상가,921,698,223,2,101,281,234,159,144,1,64,230,181,104,118,1,37,51,53,55,26
2022,3,R,전통시장,2130028,을지입구지하상가(을지로지하보도쇼핑센터),2,2,0,0,0,0,1,1,0,0,0,0,1,1,0,0,0,0,0,0,0
2022,3,R,전통시장,2130025,삼익패션타운(남대문시장),5494,2675,2819,69,1760,1561,1124,794,186,31,674,837,763,292,78,38,1086,724,361,502,108
2022,3,R,전통시장,2130024,남대문시장(자유상가),732,426,306,2,54,129,172,177,198,1,15,75,95,108,132,1,39,54,77,69,66
2022,3,R,전통시장,2130022,숭례문수입상가(남대문시장),1907,850,1057,0,330,855,598,113,11,0,55,378,338,70,9,0,275,477,260,43,2
2022,3,R,전통시장,2130021,신설종합시장,50,37,13,1,1,10,12,13,13,0,0,9,10,10,8,1,1,1,2,3,5
2022,3,R,전통시장,2130020,동묘시장(동묘벼룩시장),407,177,230,5,154,93,73,58,24,5,43,31,45,32,21,0,111,62,28,26,3
2022,3,R,전통시장,2130019,동대문상가D동,28,21,7,0,6,5,5,4,8,0,4,2,4,4,7,0,2,3,1,0,1
2022,3,R,전통시장,2130018,동대문문구완구거리(동대문문구완구시장),215,124,91,0,27,45,50,52,41,0,12,24,33,31,24,0,15,21,17,21,17
2022,3,R,전통시장,2130017,동대문상가C동,12,9,3,0,1,4,4,2,1,0,1,4,3,0,1,0,0,0,1,2,0
2022,3,R,전통시장,2130016,동대문상가B동,2,1,1,0,0,1,1,0,0,0,0,0,1,0,0,0,0,1,0,0,0
2022,3,R,전통시장,2130015,창신골목시장,22,12,10,0,0,2,8,9,3,0,0,2,6,2,2,0,0,0,2,7,1
2022,3,R,전통시장,2130014,동문시장,3,1,2,0,0,2,0,0,1,0,0,0,0,0,1,0,0,2,0,0,0
2022,3,R,전통시장,2130012,"동대문종합시장(동대문종합시장 신관, 동대문종합시장D동상가)",1319,965,354,2,156,325,348,339,149,0,116,251,238,247,113,2,40,74,110,92,36
2022,3,R,전통시장,2130011,충신시장,88,44,44,0,19,19,20,17,13,0,7,11,8,8,10,0,12,8,12,9,3
2022,3,R,전통시장,2130010,종로신진시장,200,113,87,0,20,29,55,48,48,0,14,17,24,26,32,0,6,12,31,22,16
2022,3,R,전통시장,2130009,마전교지하쇼핑센터(구 한일상가),24,16,8,0,0,2,3,7,12,0,0,2,2,4,8,0,0,0,1,3,4
2022,3,R,전통시장,2130007,광장시장(광장전통시장),466,310,156,0,39,77,97,129,124,0,22,41,73,77,97,0,17,36,24,52,27
2022,3,R,전통시장,2130005,세운상가가동,137,96,41,0,7,34,35,22,39,0,5,23,28,8,32,0,2,11,7,14,7
2022,3,R,전통시장,2130004,낙원시장(낙원지하시장(대일상가)),364,258,106,0,29,70,99,78,88,0,14,51,68,57,68,0,15,19,31,21,20
2022,3,R,전통시장,2130002,세종마을음식문화거리(금천교시장),564,392,172,4,56,109,120,121,154,0,26,74,75,90,127,4,30,35,45,31,27
2022,3,R,전통시장,2130001,통인시장,59,29,30,0,4,14,11,12,18,0,2,4,6,6,11,0,2,10,5,6,7
2022,3,D,발달상권,2120249,고덕역,1359,916,443,3,172,305,337,317,225,1,75,198,249,221,172,2,97,107,88,96,53
2022,3,D,발달상권,2120248,명일역,860,332,528,4,114,141,223,204,174,2,41,59,84,69,77,2,73,82,139,135,97
2022,3,D,발달상권,2120247,굽은다리역,565,307,258,4,91,118,142,102,108,1,37,76,71,55,67,3,54,42,71,47,41
2022,3,D,발달상권,2120246,길동역,3399,1536,1863,14,384,560,835,905,701,8,169,317,417,296,329,6,215,243,418,609,372
2022,3,D,발달상권,2120245,둔촌역,1884,1135,749,7,312,460,446,371,288,6,169,309,271,195,185,1,143,151,175,176,103
2022,3,D,발달상권,2120244,암사역,916,401,515,0,70,85,103,111,547,0,14,44,49,42,252,0,56,41,54,69,295
2022,3,D,발달상권,2120243,천호역,1353,629,724,6,186,250,315,291,305,2,63,108,142,123,191,4,123,142,173,168,114
2022,3,D,발달상권,2120242,강동구청역,4528,2937,1591,33,536,1064,1055,893,947,13,287,678,695,560,704,20,249,386,360,333,243
2022,3,D,발달상권,2120241,거여역,1197,650,547,5,110,221,296,277,288,2,80,152,161,83,172,3,30,69,135,194,116
2022,3,D,발달상권,2120240,개롱역,1609,1102,507,7,212,314,404,431,241,5,125,230,269,295,178,2,87,84,135,136,63
2022,3,D,발달상권,2120239,오금역,4700,3006,1694,17,851,1243,1186,911,492,11,456,826,848,495,370,6,395,417,338,416,122
2022,3,D,발달상권,2120238,방이역,412,251,161,4,47,97,113,76,75,3,22,45,60,57,64,1,25,52,53,19,11
2022,3,D,발달상권,2120237,경찰병원역,8608,5226,3382,58,1222,1655,1718,1449,2506,24,537,1057,1126,725,1757,34,685,598,592,724,749
2022,3,D,발달상권,2120236,장지역(가든파이브),4622,3221,1401,15,678,1056,1076,989,808,10,373,711,778,710,639,5,305,345,298,279,169
2022,3,D,발달상권,2120235,문정역,907,621,286,1,116,196,202,236,156,0,69,151,148,144,109,1,47,45,54,92,47
2022,3,D,발달상권,2120234,가락시장역,10268,6224,4044,11,1350,2490,2149,1678,2590,3,586,1468,1439,927,1801,8,764,1022,710,751,789
2022,3,D,발달상권,2120233,몽촌토성역,10357,5705,4652,28,1787,2711,2252,2152,1427,22,1123,1846,1193,782,739,6,664,865,1059,1370,688
2022,3,D,발달상권,2120232,송파나루역,1269,856,413,0,212,350,295,218,194,0,91,220,204,165,176,0,121,130,91,53,18
2022,3,D,발달상권,2120231,가락시장,5698,4083,1615,0,368,1051,1564,1654,1061,0,264,836,1185,1098,700,0,104,215,379,556,361
2022,3,D,발달상권,2120230,송파사거리(송파역),876,470,406,4,96,176,202,193,205,1,38,99,115,92,125,3,58,77,87,101,80
2022,3,D,발달상권,2120229,방이동먹자골목,7319,4732,2587,12,1062,2182,1915,1302,846,5,588,1347,1338,913,541,7,474,835,577,389,305
2022,3,D,발달상권,2120228,석촌역(석촌호수),4494,2725,1769,7,707,1306,1038,695,741,1,288,851,680,410,495,6,419,455,358,285,246
2022,3,D,발달상권,2120227,잠실역,45438,24212,21226,163,8139,11821,12755,11278,1282,51,3785,7433,7435,4548,960,112,4354,4388,5320,6730,322
2022,3,D,발달상권,2120226,석촌고분역,2408,1777,631,8,277,341,447,352,983,7,130,207,264,234,935,1,147,134,183,118,48
2022,3,D,발달상권,2120225,잠실새내역(신천),5750,3738,2012,25,929,1190,1248,1210,1148,3,467,728,831,853,856,22,462,462,417,357,292
2022,3,D,발달상권,2120224,수서역,12418,6339,6079,23,1900,3177,3167,2346,1805,12,860,1669,1497,1232,1069,11,1040,1508,1670,1114,736
2022,3,D,발달상권,2120223,휘문고교사거리,9166,5574,3592,20,1785,2926,2736,1401,298,4,1102,2061,1597,609,201,16,683,865,1139,792,97
2022,3,D,발달상권,2120222,삼성역,43324,24141,19183,244,8091,13641,10294,6385,4669,119,3186,7703,6883,3711,2539,125,4905,5938,3411,2674,2130
2022,3,D,발달상권,2120221,봉은사역,19513,12605,6908,22,4375,5782,3654,2813,2867,8,2402,4217,2849,1721,1408,14,1973,1565,805,1092,1459
2022,3,D,발달상권,2120220,대치역,5578,3302,2276,26,1841,2261,972,319,159,2,769,1465,717,225,124,24,1072,796,255,94,35
2022,3,D,발달상권,2120219,은마아파트,17161,5791,11370,202,3396,3816,3174,4058,2515,83,1254,1870,1373,817,394,119,2142,1946,1801,3241,2121
2022,3,D,발달상권,2120218,코엑스,290,54,236,0,116,103,58,13,0,0,13,16,16,9,0,0,103,87,42,4,0
2022,3,D,발달상권,2120217,대치사거리,2779,1478,1301,11,552,771,700,452,293,10,220,379,381,264,224,1,332,392,319,188,69
2022,3,D,발달상권,2120216,경기고교사거리(경기고교앞사거리),4934,3621,1313,8,712,1628,1666,772,148,5,291,1070,1431,703,121,3,421,558,235,69,27
2022,3,D,발달상권,2120215,포스코사거리,61656,40699,20957,170,9756,22505,18176,8404,2645,29,4305,14324,13853,6406,1782,141,5451,8181,4323,1998,863
2022,3,D,발달상권,2120214,영동대교남단교차로,3990,2902,1088,7,489,1173,1108,931,282,3,271,811,866,755,196,4,218,362,242,176,86
2022,3,D,발달상권,2120213,삼성중앙역,8472,5131,3341,50,1855,2469,1898,1065,1135,12,828,1511,1297,712,771,38,1027,958,601,353,364
2022,3,D,발달상권,2120212,한티역,713,378,335,1,115,178,190,137,92,1,36,85,116,78,62,0,79,93,74,59,30
2022,3,D,발달상권,2120211,도성초등학교,984,516,468,7,180,282,189,161,165,3,68,120,112,117,96,4,112,162,77,44,69
2022,3,D,발달상권,2120210,선릉역,48780,26797,21983,117,11358,13636,11065,7952,4652,54,5356,8026,6479,4158,2724,63,6002,5610,4586,3794,1928
2022,3,D,발달상권,2120209,"강남구청(청담역_8번, 강남세무서)",8984,2608,6376,34,2050,2683,2467,1170,580,9,538,752,537,393,379,25,1512,1931,1930,777,201
2022,3,D,발달상권,2120208,청담사거리(청담동명품거리),10577,4635,5942,38,3354,3776,2024,878,507,13,1031,1619,1113,501,358,25,2323,2157,911,377,149
2022,3,D,발달상권,2120207,선정릉역,12151,7422,4729,32,2685,4209,2741,1595,889,16,1111,2464,1939,1147,745,16,1574,1745,802,448,144
2022,3,D,발달상권,2120206,개나리아파트,5280,3376,1904,87,1661,1418,1095,666,353,27,868,957,784,463,277,60,793,461,311,203,76
2022,3,D,발달상권,2120205,매봉역,13950,9370,4580,95,2838,4203,3126,1781,1907,44,1450,2959,2521,1302,1094,51,1388,1244,605,479,813
2022,3,D,발달상권,2120204,르네상스호텔사거리,41471,20644,20827,102,8167,11056,10671,10081,1394,54,5016,7567,4988,2062,957,48,3151,3489,5683,8019,437
2022,3,D,발달상권,2120203,강남구청역,7726,4602,3124,27,1589,2070,1890,1381,769,8,650,1218,1293,882,551,19,939,852,597,499,218
2022,3,D,발달상권,2120202,압구정로데오역(압구정로데오),11735,6075,5660,41,2963,4419,2469,1425,418,11,793,2184,1593,1195,299,30,2170,2235,876,230,119
2022,3,D,발달상권,2120201,도곡1동,11559,6387,5172,116,3565,3472,2482,1299,625,31,1365,2021,1730,754,486,85,2200,1451,752,545,139
2022,3,D,발달상권,2120200,학동사거리,9363,3808,5555,26,2868,3075,1848,1005,541,9,654,1122,937,687,399,17,2214,1953,911,318,142
2022,3,D,발달상권,2120199,경복아파트교차로,3830,2283,1547,10,796,1196,781,572,475,4,317,721,498,390,353,6,479,475,283,182,122
2022,3,D,발달상권,2120198,구역삼세무서,11531,7246,4285,23,2691,3529,2889,1562,837,12,1141,2216,2115,1139,623,11,1550,1313,774,423,214
2022,3,D,발달상권,2120197,역삼역,58694,38567,20127,93,10088,18053,15887,10835,3738,43,5227,11916,11864,7079,2438,50,4861,6137,4023,3756,1300
2022,3,D,발달상권,2120196,서울세관,9687,5900,3787,15,1708,2897,2579,1614,874,2,604,1527,1719,1323,725,13,1104,1370,860,291,149
2022,3,D,발달상권,2120195,성수대교남단,5611,2685,2926,39,1393,2394,1102,426,257,15,487,1194,634,208,147,24,906,1200,468,218,110
2022,3,D,발달상권,2120194,언주역(차병원),12628,8724,3904,37,2790,4202,2802,1923,874,14,1366,2863,2239,1588,654,23,1424,1339,563,335,220
2022,3,D,발달상권,2120193,도산공원교차로,6384,3798,2586,15,1278,1918,1493,983,697,6,466,1071,1021,696,538,9,812,847,472,287,159
2022,3,D,발달상권,2120192,뱅뱅사거리,27462,18935,8527,73,5758,8273,6703,4372,2283,38,3280,5616,5106,3189,1706,35,2478,2657,1597,1183,577
2022,3,D,발달상권,2120191,학동역,13862,8102,5760,40,2889,3759,2967,1864,2343,17,1120,2144,2011,1130,1680,23,1769,1615,956,734,663
2022,3,D,발달상권,2120190,강남을지병원,11703,6183,5520,44,3417,3226,2498,1508,1010,14,1228,1648,1560,985,748,30,2189,1578,938,523,262
2022,3,D,발달상권,2120189,강남역,72613,38819,33794,234,17636,24305,18411,9151,2876,59,6629,13226,10962,5914,2029,175,11007,11079,7449,3237,847
2022,3,D,발달상권,2120188,압구정역,8579,3750,4829,134,2204,2146,1550,1314,1231,47,698,969,897,556,583,87,1506,1177,653,758,648
2022,3,D,발달상권,2120187,신논현역,13076,7778,5298,64,3624,3962,2984,1673,769,27,1516,2302,2121,1247,565,37,2108,1660,863,426,204
2022,3,D,발달상권,2120186,가로수길,6518,3580,2938,19,1316,2133,1570,895,585,5,447,1174,950,573,431,14,869,959,620,322,154
2022,3,D,발달상권,2120185,논현역,12764,7403,5361,29,2731,4125,3228,1879,772,10,1040,2435,2232,1195,491,19,1691,1690,996,684,281
2022,3,D,발달상권,2120184,포이사거리(삼호물산),10139,7003,3136,20,1553,3044,2666,1705,1151,10,846,2068,2010,1212,857,10,707,976,656,493,294
2022,3,D,발달상권,2120183,양재천카페거리,3558,2626,932,12,586,972,848,551,589,10,364,717,638,413,484,2,222,255,210,138,105
2022,3,D,발달상권,2120182,"양재시민의숲역(양재동꽃시장, aT센터)",6144,4255,1889,33,1041,1652,1482,1259,677,14,539,1144,1089,924,545,19,502,508,393,335,132
2022,3,D,발달상권,2120181,교육개발원입구사거리,7278,4440,2838,316,2978,1563,1247,730,444,145,1506,983,939,536,331,171,1472,580,308,194,113
2022,3,D,발달상권,2120180,양재화물트럭터미널앞,2562,2146,416,13,637,812,554,409,137,10,466,711,481,363,115,3,171,101,73,46,22
2022,3,D,발달상권,2120179,양재역,21445,16961,4484,59,3105,7307,5206,3969,1799,34,2177,6101,4309,3030,1310,25,928,1206,897,939,489
2022,3,D,발달상권,2120178,신사역,10933,5953,4980,34,2539,2847,2355,1810,1348,13,871,1570,1480,999,1020,21,1668,1277,875,811,328
2022,3,D,발달상권,2120177,신논현역 1번,694,436,258,1,84,187,202,143,77,0,34,111,130,106,55,1,50,76,72,37,22
2022,3,D,발달상권,2120176,논현역 4번,893,566,327,1,130,216,195,168,183,1,67,126,129,106,137,0,63,90,66,62,46
2022,3,D,발달상권,2120175,남부터미널역,8239,5313,2926,32,1702,2478,1995,1290,742,6,856,1691,1361,852,547,26,846,787,634,438,195
2022,3,D,발달상권,2120174,논현역 5번,682,380,302,6,108,196,155,95,122,4,39,108,90,59,80,2,69,88,65,36,42
2022,3,D,발달상권,2120173,교대역(법원.검찰청),18197,10449,7748,74,3267,5392,4725,3068,1671,29,1418,3003,2843,1896,1260,45,1849,2389,1882,1172,411
2022,3,D,발달상권,2120172,교대입구교차로,10241,5712,4529,53,2062,2700,2445,1945,1036,33,854,1635,1489,1004,697,20,1208,1065,956,941,339
2022,3,D,발달상권,2120171,서초3동사거리,11750,6206,5544,15,1990,3845,2551,1862,1487,6,827,1746,1496,1064,1067,9,1163,2099,1055,798,420
2022,3,D,발달상권,2120170,삼호가든사거리,2026,1161,865,8,279,587,623,346,183,7,113,333,412,168,128,1,166,254,211,178,55
2022,3,D,발달상권,2120169,서초역,15771,7185,8586,70,3824,4195,3945,2657,1080,30,1313,1990,1801,1235,816,40,2511,2205,2144,1422,264
2022,3,D,발달상권,2120168,서울고교교차로,569,378,191,1,58,166,147,103,94,0,28,98,107,78,67,1,30,68,40,25,27
2022,3,D,발달상권,2120167,고속터미널(고속터미널역),5078,2994,2084,6,600,1311,1087,924,1150,5,318,915,786,488,482,1,282,396,301,436,668
2022,3,D,발달상권,2120166,방배역,5467,3282,2185,90,1234,1594,1033,699,817,26,523,920,713,451,649,64,711,674,320,248,168
2022,3,D,발달상권,2120165,서래마을카페거리(서래마을),3467,2266,1201,11,605,1119,949,516,267,3,277,716,707,369,194,8,328,403,242,147,73
2022,3,D,발달상권,2120164,내방역,8574,5973,2601,56,1923,2821,1862,1128,784,48,1160,1998,1383,799,585,8,763,823,479,329,199
2022,3,D,발달상권,2120163,사당역 11번(사당역먹자골목),491,290,201,0,55,119,99,86,132,0,28,73,57,50,82,0,27,46,42,36,50
2022,3,D,발달상권,2120162,방배동카페골목,1253,717,536,61,207,200,219,215,351,57,126,142,110,93,189,4,81,58,109,122,162
2022,3,D,발달상권,2120161,방배동가구거리(사당동가구거리),2517,1833,684,3,187,342,315,347,1323,2,78,178,165,202,1208,1,109,164,150,145,115
2022,3,D,발달상권,2120160,사당역(사당),9153,4750,4403,14,1560,2594,2716,1534,735,4,617,1307,1324,997,501,10,943,1287,1392,537,234
2022,3,D,발달상권,2120159,서울대입구역,1430,763,667,12,289,320,321,238,250,6,116,164,174,133,170,6,173,156,147,105,80
2022,3,D,발달상권,2120158,녹두거리(대학동),695,550,145,2,31,73,200,279,110,0,7,41,163,241,98,2,24,32,37,38,12
2022,3,D,발달상권,2120157,신림역(신림),593,255,338,1,95,115,145,125,112,0,19,40,81,48,67,1,76,75,64,77,45
2022,3,D,발달상권,2120156,"총신대입구역(이수, 총신대)",3255,1425,1830,14,615,769,718,629,510,7,201,327,374,254,262,7,414,442,344,375,248
2022,3,D,발달상권,2120155,총신대학교,111,57,54,0,13,27,27,26,18,0,7,8,15,15,12,0,6,19,12,11,6
2022,3,D,발달상권,2120154,장승배기역,479,199,280,1,61,123,126,106,62,0,16,58,67,35,23,1,45,65,59,71,39
2022,3,D,발달상권,2120153,노량진역(노량진),3699,1844,1855,10,521,1209,935,690,334,2,193,496,461,465,227,8,328,713,474,225,107
2022,3,D,발달상권,2120152,신대방삼거리역,594,291,303,1,66,127,155,154,91,1,22,63,84,74,47,0,44,64,71,80,44
2022,3,D,발달상권,2120151,보라매공원,2417,1455,962,6,401,736,707,383,184,4,194,433,450,237,137,2,207,303,257,146,47
2022,3,D,발달상권,2120150,63빌딩,7632,4749,2883,29,989,1932,2741,1691,250,5,494,1296,1379,1422,153,24,495,636,1362,269,97
2022,3,D,발달상권,2120149,여의도역(여의도),69255,45888,23367,184,11383,22550,19240,12096,3802,34,5884,14085,14147,9350,2388,150,5499,8465,5093,2746,1414
2022,3,D,발달상권,2120148,국회의사당역(국회의사당),31135,19451,11684,82,6815,10231,7641,4493,1873,27,3082,6187,5424,3397,1334,55,3733,4044,2217,1096,539
2022,3,D,발달상권,2120147,보라매역,1981,1262,719,6,292,455,377,378,473,3,99,312,255,270,323,3,193,143,122,108,150
2022,3,D,발달상권,2120146,한강성심병원,5045,2866,2179,18,1237,1249,1097,821,623,8,395,663,729,584,487,10,842,586,368,237,136
2022,3,D,발달상권,2120145,영등포역(영등포),3856,1817,2039,22,673,1021,921,702,517,0,202,441,486,388,300,22,471,580,435,314,217
2022,3,D,발달상권,2120144,영중로,2015,1072,943,1,254,394,507,598,261,1,142,276,288,230,135,0,112,118,219,368,126
2022,3,D,발달상권,2120143,당산역,2723,2018,705,9,329,524,575,532,754,2,194,398,412,396,616,7,135,126,163,136,138
2022,3,D,발달상권,2120142,대림역,1559,847,712,2,235,282,348,386,306,0,69,145,190,230,213,2,166,137,158,156,93
2022,3,D,발달상권,2120141,영등포청과시장교차로,601,418,183,2,71,137,188,115,88,1,36,85,133,86,77,1,35,52,55,29,11
2022,3,D,발달상권,2120140,문래동주민센터,6162,3296,2866,22,1447,1840,1635,916,302,11,558,993,992,517,225,11,889,847,643,399,77
2022,3,D,발달상권,2120139,대림3동사거리,3619,2404,1215,14,423,867,992,727,596,5,220,632,783,462,302,9,203,235,209,265,294
2022,3,D,발달상권,2120138,당산2동(영등포우체국),2754,1653,1101,23,745,579,479,488,440,15,395,347,312,309,275,8,350,232,167,179,165
2022,3,D,발달상권,2120137,문래역(문래로데오거리),50,21,29,2,11,8,13,12,4,0,4,1,7,7,2,2,7,7,6,5,2
2022,3,D,발달상권,2120136,영등포구청역,6617,3299,3318,20,1193,1504,1423,1444,1033,12,575,848,775,592,497,8,618,656,648,852,536
2022,3,D,발달상권,2120135,양평역,5072,3013,2059,32,1300,1280,1187,776,497,11,626,825,676,441,434,21,674,455,511,335,63
2022,3,D,발달상권,2120134,구로전화국,2014,1668,346,0,107,157,172,223,1355,0,44,75,96,153,1300,0,63,82,76,70,55
2022,3,D,발달상권,2120133,서울시흥동우체국(홈플러스시흥점),142,55,87,1,14,22,27,42,36,1,5,10,12,11,16,0,9,12,15,31,20
2022,3,D,발달상권,2120132,독산동,4203,2884,1319,13,512,908,1016,1074,680,12,350,650,695,701,476,1,162,258,321,373,204
2022,3,D,발달상권,2120131,가산디지털단지,81100,53404,27696,289,16340,25683,20119,11582,7087,184,8639,17229,14518,7692,5142,105,7701,8454,5601,3890,1945
2022,3,D,발달상권,2120130,구로디지털단지역,1136,620,516,1,169,376,236,212,142,0,59,208,125,125,103,1,110,168,111,87,39
2022,3,D,발달상권,2120129,구로디지털단지,47750,31091,16659,195,10197,16227,12034,5678,3419,126,5117,10736,8454,3920,2738,69,5080,5491,3580,1758,681
2022,3,D,발달상권,2120128,신도림역,1253,656,597,7,191,318,382,243,112,1,75,153,191,149,87,6,116,165,191,94,25
2022,3,D,발달상권,2120127,구로구청,5918,3878,2040,6,614,1229,1440,1444,1185,5,365,976,1050,808,674,1,249,253,390,636,511
2022,3,D,발달상권,2120126,디지털단지오거리,135,86,49,0,11,30,48,26,20,0,2,16,38,15,15,0,9,14,10,11,5
2022,3,D,발달상권,2120125,구로역,9291,6324,2967,24,1029,2136,2412,2271,1419,12,581,1466,1596,1572,1097,12,448,670,816,699,322
2022,3,D,발달상권,2120124,개봉동 현대아파트,461,205,256,0,63,89,119,82,108,0,18,26,49,43,69,0,45,63,70,39,39
2022,3,D,발달상권,2120123,오류동역,2120,1645,475,1,313,413,505,594,294,0,276,331,389,425,224,1,37,82,116,169,70
2022,3,D,발달상권,2120122,강서구청,2137,1208,929,4,308,444,489,437,455,2,103,218,267,256,362,2,205,226,222,181,93
2022,3,D,발달상권,2120121,까치산역,344,135,209,2,49,40,67,101,85,2,12,14,27,41,39,0,37,26,40,60,46
2022,3,D,발달상권,2120120,화곡역,927,405,522,1,177,218,193,196,142,0,46,109,84,81,85,1,131,109,109,115,57
2022,3,D,발달상권,2120119,발산역(마곡),1427,686,741,2,184,339,416,350,136,1,54,148,211,174,98,1,130,191,205,176,38
2022,3,D,발달상권,2120117,강서농산물도매시장,430,263,167,0,12,60,121,145,92,0,9,46,75,82,51,0,3,14,46,63,41
2022,3,D,발달상권,2120116,송정역,117,64,53,0,17,27,28,20,25,0,9,11,15,10,19,0,8,16,13,10,6
2022,3,D,발달상권,2120114,목동신시가지,13614,9392,4222,46,2086,3824,3484,2915,1259,29,1130,2623,2555,2209,846,17,956,1201,929,706,413
2022,3,D,발달상권,2120113,오목교역,628,372,256,2,96,144,162,136,88,1,45,79,94,92,61,1,51,65,68,44,27
2022,3,D,발달상권,2120112,등촌역,1633,1138,495,10,223,388,373,358,281,6,100,270,265,265,232,4,123,118,108,93,49
2022,3,D,발달상권,2120111,목동사거리,1828,710,1118,1,551,601,341,219,115,0,101,248,161,116,84,1,450,353,180,103,31
2022,3,D,발달상권,2120110,목동역 8번출구,1858,1400,458,2,142,216,286,247,965,1,42,102,166,181,908,1,100,114,120,66,57
2022,3,D,발달상권,2120109,서울남부지방법원,608,342,266,2,56,104,110,170,166,1,18,40,50,104,129,1,38,64,60,66,37
2022,3,D,발달상권,2120108,신정네거리역,992,580,412,2,93,215,220,242,220,1,28,110,112,160,169,1,65,105,108,82,51
2022,3,D,발달상권,2120107,공덕역(공덕오거리),13077,7619,5458,43,2471,3470,3552,3026,515,9,1021,2002,2300,1900,387,34,1450,1468,1252,1126,128
2022,3,D,발달상권,2120106,마포역,11462,7104,4358,12,1804,2735,2677,2306,1928,8,917,1662,1889,1435,1193,4,887,1073,788,871,735
2022,3,D,발달상권,2120105,상수역(홍대),524,273,251,4,126,153,122,71,48,2,51,74,70,42,34,2,75,79,52,29,14
2022,3,D,발달상권,2120104,연남동(홍대),5955,3176,2779,20,1117,1491,1289,1103,935,12,428,824,772,620,520,8,689,667,517,483,415
2022,3,D,발달상권,2120103,홍대입구역(홍대),9580,5991,3589,87,2167,2434,2066,1613,1213,61,1145,1486,1404,988,907,26,1022,948,662,625,306
2022,3,D,발달상권,2120102,서교동(홍대),7276,3402,3874,18,1521,2551,1814,899,473,11,496,1065,913,566,351,7,1025,1486,901,333,122
2022,3,D,발달상권,2120101,합정역,1932,1048,884,2,302,520,515,399,194,2,89,236,312,266,143,0,213,284,203,133,51
2022,3,D,발달상권,2120100,망원역,900,436,464,3,192,236,215,153,101,1,49,107,117,103,59,2,143,129,98,50,42
2022,3,D,발달상권,2120099,월드컵경기장역(월드컵경기장),84,57,27,0,11,20,26,14,13,0,6,16,21,7,7,0,5,4,5,7,6
2022,3,D,발달상권,2120098,DMC(디지털미디어시티),8846,5391,3455,19,1691,3228,2856,875,177,11,813,1995,1821,616,135,8,878,1233,1035,259,42
2022,3,D,발달상권,2120097,충정로역,2246,1354,892,0,321,658,631,407,229,0,172,390,397,254,141,0,149,268,234,153,88
2022,3,D,발달상권,2120096,"이화여대(이대역, 이대)",470,195,275,1,79,135,125,79,51,0,27,51,46,38,33,1,52,84,79,41,18
2022,3,D,발달상권,2120095,홍제역,922,520,402,1,73,107,260,362,119,0,17,56,137,222,88,1,56,51,123,140,31
2022,3,D,발달상권,2120094,"신촌역(신촌역, 신촌로터리)",5355,2430,2925,67,2390,1192,681,594,431,23,999,589,299,279,241,44,1391,603,382,315,190
2022,3,D,발달상권,2120093,연희동,661,351,310,2,60,125,170,195,109,0,27,62,91,103,68,2,33,63,79,92,41
2022,3,D,발달상권,2120092,불광역,274,147,127,0,33,51,83,52,55,0,12,29,44,21,41,0,21,22,39,31,14
2022,3,D,발달상권,2120091,본서부병원,516,192,324,1,51,69,119,165,111,0,20,28,51,55,38,1,31,41,68,110,73
2022,3,D,발달상권,2120090,연신내역,687,262,425,5,180,133,134,129,106,1,64,55,49,45,48,4,116,78,85,84,58
2022,3,D,발달상권,2120089,구파발역,1,0,1,0,0,0,1,0,0,0,0,0,0,0,0,0,0,0,1,0,0
2022,3,D,발달상권,2120088,구산역,799,279,520,2,86,117,175,272,147,2,30,65,68,59,55,0,56,52,107,213,92
2022,3,D,발달상권,2120087,응암역,441,272,169,0,45,84,114,106,92,0,17,50,78,60,67,0,28,34,36,46,25
2022,3,D,발달상권,2120086,태릉입구역,382,205,177,0,42,78,82,102,78,0,24,43,35,49,54,0,18,35,47,53,24
2022,3,D,발달상권,2120085,은행사거리,317,121,196,4,51,48,80,78,56,3,11,14,21,40,32,1,40,34,59,38,24
2022,3,D,발달상권,2120084,공릉역,712,546,166,3,33,59,110,240,267,1,11,22,63,205,244,2,22,37,47,35,23
2022,3,D,발달상권,2120083,등나무근린공원,1184,787,397,0,166,325,271,283,139,0,114,228,171,179,95,0,52,97,100,104,44
2022,3,D,발달상권,2120082,상계백병원,426,148,278,0,85,102,118,82,39,0,21,24,39,43,21,0,64,78,79,39,18
2022,3,D,발달상권,2120081,노원역,1552,508,1044,9,369,295,343,307,229,2,66,87,125,121,107,7,303,208,218,186,122
2022,3,D,발달상권,2120080,마들역,180,46,134,0,30,45,46,36,23,0,2,7,9,13,15,0,28,38,37,23,8
2022,3,D,발달상권,2120079,창동역,1326,796,530,0,151,232,320,304,319,0,54,108,172,195,267,0,97,124,148,109,52
2022,3,D,발달상권,2120078,미아사거리역,145,90,55,0,27,29,29,31,29,0,12,17,21,18,22,0,15,12,8,13,7
2022,3,D,발달상권,2120077,미아역,218,97,121,0,32,37,52,64,33,0,11,8,18,38,22,0,21,29,34,26,11
2022,3,D,발달상권,2120076,수유역,1930,865,1065,7,241,303,422,465,492,4,62,102,176,240,281,3,179,201,246,225,211
2022,3,D,발달상권,2120075,월곡역,369,213,156,1,40,86,97,67,78,0,17,48,54,44,50,1,23,38,43,23,28
2022,3,D,발달상권,2120074,안암역,59,28,31,1,12,16,12,8,10,0,5,9,7,2,5,1,7,7,5,6,5
2022,3,D,발달상권,2120073,미아사거리,353,135,218,3,40,67,95,95,53,2,16,29,45,23,20,1,24,38,50,72,33
2022,3,D,발달상권,2120072,성신여대,1048,537,511,18,137,211,213,271,198,11,46,86,103,152,139,7,91,125,110,119,59
2022,3,D,발달상권,2120071,성북구청,255,127,128,0,36,55,64,62,38,0,14,22,38,31,22,0,22,33,26,31,16
2022,3,D,발달상권,2120070,한성대입구역,466,180,286,2,83,69,78,113,121,2,21,31,37,38,51,0,62,38,41,75,70
2022,3,D,발달상권,2120069,상봉역,932,597,335,6,147,258,263,151,107,4,102,158,163,99,71,2,45,100,100,52,36
2022,3,D,발달상권,2120068,사가정역,145,45,100,3,38,31,25,22,26,0,1,5,12,12,15,3,37,26,13,10,11
2022,3,D,발달상권,2120067,장안동사거리,2587,1169,1418,9,427,578,671,577,325,7,165,280,258,255,204,2,262,298,413,322,121
2022,3,D,발달상권,2120066,장한평역(장한평),7424,4770,2654,43,1531,1839,1491,1235,1285,10,739,1202,991,818,1010,33,792,637,500,417,275
2022,3,D,발달상권,2120065,회기역,326,207,119,3,48,55,89,76,55,1,27,39,49,49,42,2,21,16,40,27,13
2022,3,D,발달상권,2120064,경희대학교(경희대),97,44,53,0,14,27,21,13,22,0,9,13,10,4,8,0,5,14,11,9,14
2022,3,D,발달상권,2120063,청량리역(청량리),1182,514,668,3,225,221,239,246,248,2,66,86,89,116,155,1,159,135,150,130,93
2022,3,D,발달상권,2120062,신설동역,12641,5433,7208,13,1215,2605,3449,3480,1879,2,445,1435,1625,1123,803,11,770,1170,1824,2357,1076
2022,3,D,발달상권,2120061,올림픽대교북단,1094,864,230,1,228,403,324,95,43,0,165,326,290,55,28,1,63,77,34,40,15
2022,3,D,발달상권,2120060,강변역(테크노마트),3189,2348,841,12,402,686,870,703,516,2,209,509,686,549,393,10,193,177,184,154,123
2022,3,D,발달상권,2120059,구삼강변맛길,3279,1781,1498,6,431,676,555,747,864,4,244,472,367,322,372,2,187,204,188,425,492
2022,3,D,발달상권,2120058,구의사거리,688,333,355,2,92,158,174,181,81,1,33,79,80,77,63,1,59,79,94,104,18
2022,3,D,발달상권,2120057,아차산역,2218,1220,998,52,412,432,503,468,351,19,236,257,289,206,213,33,176,175,214,262,138
2022,3,D,발달상권,2120056,구의역,2200,1115,1085,7,350,431,596,491,325,6,119,173,290,313,214,1,231,258,306,178,111
2022,3,D,발달상권,2120055,군자역,4255,2030,2225,33,1138,780,911,991,402,23,548,430,436,330,263,10,590,350,475,661,139
2022,3,D,발달상권,2120054,어린이대공원역,1243,826,417,0,90,153,311,440,249,0,25,88,205,321,187,0,65,65,106,119,62
2022,3,D,발달상권,2120053,건대입구역(건대),859,491,368,5,147,141,172,187,207,2,40,61,95,130,163,3,107,80,77,57,44
2022,3,D,발달상권,2120052,성수역,11387,7284,4103,23,2113,2900,2661,2238,1452,12,1170,1971,1783,1298,1050,11,943,929,878,940,402
2022,3,D,발달상권,2120051,뚝섬역,3944,2582,1362,20,703,946,867,651,757,15,446,646,549,445,481,5,257,300,318,206,276
2022,3,D,발달상권,2120050,서울숲역,212,159,53,0,33,40,60,52,27,0,19,30,47,41,22,0,14,10,13,11,5
2022,3,D,발달상권,2120049,왕십리역(왕십리),1459,1004,455,1,183,301,377,468,129,1,92,187,272,371,81,0,91,114,105,97,48
2022,3,D,발달상권,2120048,금호역,80,31,49,0,16,10,18,24,12,0,2,2,6,13,8,0,14,8,12,11,4
2022,3,D,발달상권,2120047,한남오거리,2290,1458,832,11,366,751,623,343,196,9,152,461,438,249,149,2,214,290,185,94,47
2022,3,D,발달상권,2120046,이태원(이태원역),2276,1295,981,24,817,682,338,220,195,15,389,421,205,134,131,9,428,261,133,86,64
2022,3,D,발달상권,2120045,남영동 먹자골목,4044,1580,2464,7,424,908,1421,1162,122,1,257,576,502,205,39,6,167,332,919,957,83
2022,3,D,발달상권,2120044,삼각지역,1611,1164,447,5,313,408,385,330,170,5,185,303,315,234,122,0,128,105,70,96,48
2022,3,D,발달상권,2120043,서울역,22578,15322,7256,58,4087,7782,5513,3664,1474,27,2087,4897,4201,3033,1077,31,2000,2885,1312,631,397
2022,3,D,발달상권,2120042,"숙대입구역(남영역, 남영동)",4057,2797,1260,20,750,1490,1024,558,215,8,370,894,831,510,184,12,380,596,193,48,31
2022,3,D,발달상권,2120041,신용산역(용산역),16270,5741,10529,72,4012,5520,4509,1569,588,25,1308,1921,1510,595,382,47,2704,3599,2999,974,206
2022,3,D,발달상권,2120040,용산전자상가(용산역),8014,5960,2054,43,1390,2727,2224,1236,394,30,882,2007,1729,997,315,13,508,720,495,239,79
2022,3,D,발달상권,2120039,신당역,2321,1230,1091,31,793,486,404,333,274,11,347,244,225,219,184,20,446,242,179,114,90
2022,3,D,발달상권,2120038,약수역,2289,1360,929,7,436,739,579,320,208,1,189,451,383,195,141,6,247,288,196,125,67
2022,3,D,발달상권,2120037,동대문역사문화공원역,35320,17057,18263,421,11234,9194,6981,5237,2253,180,5605,5543,3901,1328,500,241,5629,3651,3080,3909,1753
2022,3,D,발달상권,2120036,장충동족발거리(남소영길),2289,1090,1199,14,616,783,556,223,97,0,122,393,365,155,55,14,494,390,191,68,42
2022,3,D,발달상권,2120035,퇴계로5가,2257,1368,889,7,650,570,525,321,184,3,282,379,388,200,116,4,368,191,137,121,68
2022,3,D,발달상권,2120034,중구청(퇴계로4가),1538,1044,494,7,107,227,400,437,360,5,47,128,262,325,277,2,60,99,138,112,83
2022,3,D,발달상권,2120033,을지로4가역,874,443,431,7,128,213,194,204,128,1,45,108,99,91,99,6,83,105,95,113,29
2022,3,D,발달상권,2120032,충무로역,11403,5304,6099,36,1756,2560,3266,2711,1074,15,589,1271,1554,1201,674,21,1167,1289,1712,1510,400
2022,3,D,발달상권,2120031,을지로3가역,6147,3450,2697,9,699,1541,1643,1286,969,0,223,730,924,892,681,9,476,811,719,394,288
2022,3,D,발달상권,2120030,중부경찰서(영화인의거리),11889,6798,5091,53,2154,3638,3423,1960,661,16,721,2139,2092,1366,464,37,1433,1499,1331,594,197
2022,3,D,발달상권,2120029,을지로2가,7461,4461,3000,27,1938,2808,1698,798,192,7,787,1650,1165,693,159,20,1151,1158,533,105,33
2022,3,D,발달상권,2120028,명동(명동거리),12797,7708,5089,41,2137,3592,3670,2246,1111,16,1028,1982,2334,1641,707,25,1109,1610,1336,605,404
2022,3,D,발달상권,2120027,명동역(명동재미로),18097,8477,9620,67,2695,5851,6070,3074,340,9,859,2588,2522,2321,178,58,1836,3263,3548,753,162
2022,3,D,발달상권,2120026,을지로입구역,30610,18501,12109,14,4275,11589,8473,5661,598,4,1729,5846,5959,4562,401,10,2546,5743,2514,1099,197
2022,3,D,발달상권,2120025,롯데백화점(시청광장 지하쇼핑센터),22641,6272,16369,229,12750,7002,1623,944,93,71,3075,2028,779,248,71,158,9675,4974,844,696,22
2022,3,D,발달상권,2120024,회현역,2167,1364,803,2,341,795,582,250,197,1,146,473,416,192,136,1,195,322,166,58,61
2022,3,D,발달상권,2120023,서울시청,10242,5534,4708,15,2234,3260,2778,1425,530,4,852,1657,1658,983,380,11,1382,1603,1120,442,150
2022,3,D,발달상권,2120022,북창동(시청역_6번),5197,3160,2037,24,1010,1611,1149,767,636,2,391,936,852,543,436,22,619,675,297,224,200
2022,3,D,발달상권,2120021,시청역_8번,24117,15220,8897,74,4137,8250,7186,3526,944,13,1738,4529,5241,3020,679,61,2399,3721,1945,506,265
2022,3,D,발달상권,2120020,시청역_1번,10375,7489,2886,40,2120,3185,2952,1721,357,21,1118,2220,2480,1370,280,19,1002,965,472,351,77
2022,3,D,발달상권,2120019,경찰청앞교차로,5958,3146,2812,26,1051,2221,1625,793,242,8,274,1044,982,619,219,18,777,1177,643,174,23
2022,3,D,발달상권,2120018,중림동,2187,1366,821,2,393,736,598,293,165,2,207,425,357,237,138,0,186,311,241,56,27
2022,3,D,발달상권,2120017,동묘앞역(동묘),626,149,477,0,62,124,251,120,69,0,7,33,35,27,47,0,55,91,216,93,22
2022,3,D,발달상권,2120016,동대문역,193,120,73,1,10,27,45,44,66,0,6,14,20,31,49,1,4,13,25,13,17
2022,3,D,발달상권,2120015,종로6가,302,153,149,0,49,64,69,65,55,0,17,23,27,42,44,0,32,41,42,23,11
2022,3,D,발달상권,2120014,종로5가역,4887,2839,2048,375,1123,1351,1205,597,236,112,456,860,851,397,163,263,667,491,354,200,73
2022,3,D,발달상권,2120013,이화사거리,7552,5465,2087,8,1309,2510,2065,1290,370,1,628,1731,1677,1167,261,7,681,779,388,123,109
2022,3,D,발달상권,2120012,대학로(혜화역),2061,929,1132,10,357,603,507,318,266,5,105,208,252,171,188,5,252,395,255,147,78
2022,3,D,발달상권,2120011,종로4가,2980,1663,1317,5,420,1022,880,514,139,0,165,497,518,378,105,5,255,525,362,136,34
2022,3,D,발달상권,2120010,원남동사거리,4107,2297,1810,50,1544,1305,655,383,170,2,585,793,487,297,133,48,959,512,168,86,37
2022,3,D,발달상권,2120009,종로3가역,8495,4786,3709,19,1355,2296,2026,1582,1217,8,563,1230,1198,953,834,11,792,1066,828,629,383
2022,3,D,발달상권,2120008,인사동,22070,13019,9051,1263,7895,5069,3940,2756,1147,589,4005,3077,2666,2006,676,674,3890,1992,1274,750,471
2022,3,D,발달상권,2120007,북촌(안국역),10172,8081,2091,7,1112,3577,3084,1913,479,5,623,2851,2568,1659,375,2,489,726,516,254,104
2022,3,D,발달상권,2120006,종각역,33181,16028,17153,59,5900,11133,9928,5489,672,14,2254,4920,4677,3672,491,45,3646,6213,5251,1817,181
2022,3,D,발달상권,2120005,삼청동,3053,2795,258,1,399,712,898,817,226,0,340,633,848,776,198,1,59,79,50,41,28
2022,3,D,발달상권,2120004,종로구청,12937,7078,5859,9,1442,4392,4485,2080,529,4,432,2050,2756,1493,343,5,1010,2342,1729,587,186
2022,3,D,발달상권,2120003,광화문역,44202,27021,17181,79,6413,12958,13138,8070,3544,12,2655,7612,8988,5645,2109,67,3758,5346,4150,2425,1435
2022,3,D,발달상권,2120002,서촌(경복궁역),2008,1079,929,37,492,680,426,224,149,0,190,388,263,133,105,37,302,292,163,91,44
2022,3,D,발달상권,2120001,서대문역,1510,1022,488,1,265,530,359,278,77,1,106,344,272,237,62,0,159,186,87,41,15
2022,3,A,골목상권,2111090,강일동주민센터,91,35,56,0,15,30,23,17,6,0,1,10,10,10,4,0,14,20,13,7,2
2022,3,A,골목상권,2111089,상일여고(상일초등학교),758,508,250,0,51,131,184,236,156,0,32,81,128,155,112,0,19,50,56,81,44
2022,3,A,골목상권,2111088,고덕동성당,123,54,69,0,15,32,32,31,13,0,4,15,10,15,10,0,11,17,22,16,3
2022,3,A,골목상권,2111087,고덕중학교(고덕2동주민센터),197,89,108,0,26,46,62,36,27,0,5,21,26,17,20,0,21,25,36,19,7
2022,3,A,골목상권,2111086,한영중고,297,202,95,1,27,45,73,101,50,1,17,22,52,69,41,0,10,23,21,32,9
2022,3,A,골목상권,2111085,묘곡초등학교(고덕아이파크아파트),800,452,348,0,68,111,152,196,273,0,35,72,80,84,181,0,33,39,72,112,92
2022,3,A,골목상권,2111084,길동신동아아파트,169,104,65,2,27,32,37,58,13,2,21,23,24,25,9,0,6,9,13,33,4
2022,3,A,골목상권,2111083,GS강동자이아파트,411,245,166,0,67,62,70,100,112,0,47,43,41,44,70,0,20,19,29,56,42
2022,3,A,골목상권,2111082,중앙보훈병원,64,44,20,0,3,9,11,23,18,0,1,3,5,18,17,0,2,6,6,5,1
2022,3,A,골목상권,2111081,둔촌푸르지오아파트,78,50,28,0,8,17,18,18,17,0,4,12,13,6,15,0,4,5,5,12,2
2022,3,A,골목상권,2111080,굽은다리역 3번,434,235,199,0,44,77,100,110,103,0,12,52,63,58,50,0,32,25,37,52,53
2022,3,A,골목상권,2111079,둔촌고등학교(둔촌중학교),395,202,193,1,52,59,66,79,138,1,32,35,35,28,71,0,20,24,31,51,67
2022,3,A,골목상권,2111078,굽은다리역 4번,1728,1017,711,1,135,299,374,480,439,1,75,185,212,270,274,0,60,114,162,210,165
2022,3,A,골목상권,2111077,길동주민센터(강동도서관),1272,737,535,4,121,258,294,321,274,1,49,138,167,188,194,3,72,120,127,133,80
2022,3,A,골목상권,2111076,둔촌2동주민센터,297,174,123,0,25,49,61,86,76,0,14,24,34,39,63,0,11,25,27,47,13
2022,3,A,골목상권,2111075,굽은다리역 2번,192,115,77,0,14,42,52,54,30,0,14,28,24,33,16,0,0,14,28,21,14
2022,3,A,골목상권,2111074,명일역 1번,148,77,71,2,31,38,40,16,21,1,9,23,23,10,11,1,22,15,17,6,10
2022,3,A,골목상권,2111073,둔촌동역 1번(한산중학교),973,578,395,1,134,224,250,206,158,1,58,122,160,124,113,0,76,102,90,82,45
2022,3,A,골목상권,2111072,굽은다리역 1번(십자성마을),739,467,272,1,56,119,199,185,179,0,18,70,114,126,139,1,38,49,85,59,40
2022,3,A,골목상권,2111071,천동초등학교,76,52,24,0,4,15,21,25,11,0,4,6,18,16,8,0,0,9,3,9,3
2022,3,A,골목상권,2111070,천호초등학교,127,73,54,1,7,23,40,28,28,0,3,10,23,17,20,1,4,13,17,11,8
2022,3,A,골목상권,2111069,천호1동주민센터,79,54,25,0,8,17,17,26,11,0,4,12,14,14,10,0,4,5,3,12,1
2022,3,A,골목상권,2111068,강동성심병원,1570,605,965,0,532,392,271,203,172,0,126,134,114,101,130,0,406,258,157,102,42
2022,3,A,골목상권,2111067,강동구립성내도서관,746,414,332,2,73,149,192,177,153,1,36,98,107,84,88,1,37,51,85,93,65
2022,3,A,골목상권,2111066,암사동성당(효정하나플러스아파트),395,235,160,3,40,95,100,106,51,0,9,46,65,84,31,3,31,49,35,22,20
2022,3,A,골목상권,2111065,천일초등학교,75,34,41,2,6,20,18,22,7,2,5,10,7,5,5,0,1,10,11,17,2
2022,3,A,골목상권,2111064,둔촌동역 4번,157,98,59,0,13,34,47,40,23,0,3,21,30,28,16,0,10,13,17,12,7
2022,3,A,골목상권,2111063,강동구립 천호도서관,368,182,186,0,25,44,81,85,133,0,5,15,21,30,111,0,20,29,60,55,22
2022,3,A,골목상권,2111062,둔촌동역 3번(성내3동주민센터),751,501,250,5,134,198,194,144,76,5,81,139,126,91,59,0,53,59,68,53,17
2022,3,A,골목상권,2111061,암사역 1번,831,551,280,0,149,186,182,170,144,0,82,128,126,125,90,0,67,58,56,45,54
2022,3,A,골목상권,2111060,암사역 2번(서울강동초등학교),871,457,414,1,101,210,241,202,116,1,41,96,131,107,81,0,60,114,110,95,35
2022,3,A,골목상권,2111059,강동역 4번(강풀만화거리),819,430,389,3,90,160,193,170,203,1,48,75,93,94,119,2,42,85,100,76,84
2022,3,A,골목상권,2111058,성내중학교,451,317,134,0,51,92,129,121,58,0,37,63,90,82,45,0,14,29,39,39,13
2022,3,A,골목상권,2111057,천호공원(해공체육문화센터),255,113,142,2,53,50,64,61,25,2,15,19,30,33,14,0,38,31,34,28,11
2022,3,A,골목상권,2111056,천호태영아파트,191,53,138,0,27,35,64,36,29,0,4,5,19,15,10,0,23,30,45,21,19
2022,3,A,골목상권,2111055,선사초등학교,673,29,644,0,14,28,137,373,121,0,4,7,8,6,4,0,10,21,129,367,117
2022,3,A,골목상권,2111054,암사역 4번(삼성광나루아파트),104,42,62,0,14,18,19,12,41,0,4,12,7,5,14,0,10,6,12,7,27
2022,3,A,골목상권,2111053,성내천어린이공원(하니사랑길),6288,4564,1724,6,799,940,1025,1564,1954,3,542,693,750,1053,1523,3,257,247,275,511,431
2022,3,A,골목상권,2111052,암사역 3번(천호동자전거거리),357,228,129,1,26,71,117,94,48,1,11,47,76,58,35,0,15,24,41,36,13
2022,3,A,골목상권,2111051,천호역 6번,407,252,155,2,65,80,90,88,82,1,44,56,58,47,46,1,21,24,32,41,36
2022,3,A,골목상권,2111050,강동구청(강동구청역 2번),131,96,35,0,21,14,21,32,43,0,12,5,12,27,40,0,9,9,9,5,3
2022,3,A,골목상권,2111049,천호지구대(천호동자전거거리),507,277,230,2,75,90,96,118,126,0,36,50,40,68,83,2,39,40,56,50,43
2022,3,A,골목상권,2111048,천호역 1번(천호문구완구거리),189,104,85,3,18,52,45,45,26,2,10,24,26,25,17,1,8,28,19,20,9
2022,3,A,골목상권,2111047,마천1치안센터,111,73,38,0,9,17,34,34,17,0,6,14,19,22,12,0,3,3,15,12,5
2022,3,A,골목상권,2111046,마천역(마천초등학교),705,400,305,2,76,145,170,193,119,1,47,85,83,94,90,1,29,60,87,99,29
2022,3,A,골목상권,2111045,개미어린이공원,36,18,18,0,2,7,12,12,3,0,1,1,7,7,2,0,1,6,5,5,1
2022,3,A,골목상권,2111044,남천초등학교,557,264,293,1,95,146,167,113,35,0,35,71,76,56,26,1,60,75,91,57,9
2022,3,A,골목상권,2111043,마천공원,32,13,19,0,1,3,7,12,9,0,0,0,1,6,6,0,1,3,6,6,3
2022,3,A,골목상권,2111042,거여역 1번(거여공원),867,597,270,3,147,186,247,200,84,3,121,134,159,130,50,0,26,52,88,70,34
2022,3,A,골목상권,2111041,거여역 8번,428,350,78,1,102,124,87,64,50,1,84,98,72,51,44,0,18,26,15,13,6
2022,3,A,골목상권,2111040,거여초등학교,346,137,209,0,26,86,124,77,33,0,9,27,48,30,23,0,17,59,76,47,10
2022,3,A,골목상권,2111039,벌말어린이공원,485,353,132,8,85,125,121,94,52,8,51,89,88,72,45,0,34,36,33,22,7
2022,3,A,골목상권,2111038,보인중학교,416,270,146,0,26,66,113,123,88,0,11,38,85,88,48,0,15,28,28,35,40
2022,3,A,골목상권,2111037,Sh수협은행 오금동금융센터(아랫말어린이공원),373,243,130,0,37,103,90,93,50,0,25,84,60,43,31,0,12,19,30,50,19
2022,3,A,골목상권,2111036,투구봉어린이공원,209,119,90,1,22,40,55,62,29,1,7,20,26,39,26,0,15,20,29,23,3
2022,3,A,골목상권,2111035,오금공원(오주중학교),531,398,133,0,41,90,148,148,104,0,32,66,121,102,77,0,9,24,27,46,27
2022,3,A,골목상권,2111034,오동나무공원(송파레미니스1단지),1443,1020,423,3,244,367,352,318,159,3,155,253,264,223,122,0,89,114,88,95,37
2022,3,A,골목상권,2111033,문정동성당,70,30,40,0,5,4,16,16,29,0,2,3,8,9,8,0,3,1,8,7,21
2022,3,A,골목상권,2111032,방이역 1번,3885,2552,1333,4,235,340,605,719,1982,3,139,237,411,469,1293,1,96,103,194,250,689
2022,3,A,골목상권,2111031,장지동주민센터(한림연예예술고교),3127,2317,810,8,263,415,651,857,933,2,170,330,497,648,670,6,93,85,154,209,263
2022,3,A,골목상권,2111030,방이역 2번,665,419,246,1,57,107,147,217,136,0,28,68,94,128,101,1,29,39,53,89,35
2022,3,A,골목상권,2111029,오금역 4번,427,314,113,3,71,108,91,79,75,1,51,81,67,55,59,2,20,27,24,24,16
2022,3,A,골목상권,2111028,문현중학교(장지역 1번),424,194,230,0,54,66,132,116,56,0,29,36,49,50,30,0,25,30,83,66,26
2022,3,A,골목상권,2111027,문정초등학교,1403,775,628,3,148,289,326,247,390,1,67,160,211,126,210,2,81,129,115,121,180
2022,3,A,골목상권,2111026,문정역 2번,2304,1506,798,7,431,634,546,428,258,3,236,427,385,239,216,4,195,207,161,189,42
2022,3,A,골목상권,2111025,경찰병원역 3번,686,412,274,1,84,164,149,157,131,0,45,102,103,88,74,1,39,62,46,69,57
2022,3,A,골목상권,2111024,경찰병원역 4번(건너말공원),240,150,90,0,27,53,63,68,29,0,16,33,45,35,21,0,11,20,18,33,8
2022,3,A,골목상권,2111023,문정역 1번,939,576,363,2,133,202,263,204,135,0,86,139,184,100,67,2,47,63,79,104,68
2022,3,A,골목상권,2111022,석촌중학교(방이육교),567,255,312,1,48,105,141,206,66,0,28,66,72,57,32,1,20,39,69,149,34
2022,3,A,골목상권,2111021,방이역 4번,7674,5867,1807,22,792,1328,1977,2139,1416,15,392,911,1551,1769,1229,7,400,417,426,370,187
2022,3,A,골목상권,2111020,방이동고분군(방산고등학교),304,225,79,1,20,103,84,54,42,0,7,73,64,48,33,1,13,30,20,6,9
2022,3,A,골목상권,2111019,한성백제역 3번,1524,1000,524,2,207,448,428,254,185,2,103,303,300,164,128,0,104,145,128,90,57
2022,3,A,골목상권,2111018,풍납초등학교(풍납백제문화공원),26,23,3,0,1,5,10,6,4,0,1,4,8,6,4,0,0,1,2,0,0
2022,3,A,골목상권,2111017,송파나루역 3번,688,480,208,5,317,167,84,70,45,4,217,116,53,50,40,1,100,51,31,20,5
2022,3,A,골목상권,2111016,송파역 2번,3803,1601,2202,15,1126,1104,801,601,156,8,407,533,427,165,61,7,719,571,374,436,95
2022,3,A,골목상권,2111015,석촌역 3번,1352,778,574,1,151,315,350,351,184,1,72,199,216,181,109,0,79,116,134,170,75
2022,3,A,골목상권,2111014,송파나루역 2번,525,275,250,1,43,76,121,190,94,0,21,42,69,83,60,1,22,34,52,107,34
2022,3,A,골목상권,2111013,송파나루역 1번(송리단길),2234,1456,778,8,320,568,650,435,253,3,160,384,445,290,174,5,160,184,205,145,79
2022,3,A,골목상권,2111012,석촌역 6번,732,332,400,2,91,127,180,183,149,2,23,56,83,93,75,0,68,71,97,90,74
2022,3,A,골목상권,2111011,잠실나루역,9608,7747,1861,42,1275,3018,2795,2046,432,18,924,2492,2309,1674,330,24,351,526,486,372,102
2022,3,A,골목상권,2111010,석촌역 7번,1428,975,453,3,162,289,351,325,298,1,88,176,244,224,242,2,74,113,107,101,56
2022,3,A,골목상권,2111009,송파책박물관,127,92,35,1,13,38,27,22,26,0,11,32,17,14,18,1,2,6,10,8,8
2022,3,A,골목상권,2111008,석촌고분역 3번,1600,1210,390,1,185,292,294,400,428,1,151,243,216,259,340,0,34,49,78,141,88
2022,3,A,골목상권,2111007,석촌고분역 4번,936,480,456,0,107,215,255,242,117,0,43,116,142,109,70,0,64,99,113,133,47
2022,3,A,골목상권,2111006,석촌고분역 1번,1112,721,391,0,127,292,337,203,153,0,56,169,242,135,119,0,71,123,95,68,34
2022,3,A,골목상권,2111005,삼전역 3번,1865,1358,507,0,320,617,459,302,167,0,215,449,339,222,133,0,105,168,120,80,34
2022,3,A,골목상권,2111004,삼전역 1번,2036,1331,705,13,263,407,504,376,473,0,108,261,337,239,386,13,155,146,167,137,87
2022,3,A,골목상권,2111003,삼전역 4번,1991,1333,658,6,249,412,547,436,341,1,160,278,331,307,256,5,89,134,216,129,85
2022,3,A,골목상권,2111002,한국교통안전공단 강남자동차검사소,317,115,202,0,22,63,65,96,71,0,7,31,21,26,30,0,15,32,44,70,41
2022,3,A,골목상권,2111001,아래방죽마을공원(율현초등학교),70,44,26,0,2,10,16,22,20,0,1,7,13,13,10,0,1,3,3,9,10
2022,3,A,골목상권,2111000,대왕초등학교(세곡동사거리서남측),39,20,19,0,7,10,12,8,2,0,0,4,10,4,2,0,7,6,2,4,0
2022,3,A,골목상권,2110999,윗방죽마을공원,268,130,138,2,19,43,44,83,77,1,12,27,27,39,24,1,7,16,17,44,53
2022,3,A,골목상권,2110998,은곡마을(은곡마을공원),23,15,8,0,2,8,6,5,2,0,0,4,5,5,1,0,2,4,1,0,1
2022,3,A,골목상권,2110997,대청초등학교,1724,959,765,4,230,291,391,383,425,2,111,162,200,210,274,2,119,129,191,173,151
2022,3,A,골목상권,2110996,대치2동주민센터,1959,1227,732,2,83,278,351,342,903,0,48,209,277,247,446,2,35,69,74,95,457
2022,3,A,골목상권,2110995,봉은사역 4번,5085,3711,1374,9,978,2002,1271,637,188,2,575,1477,990,523,144,7,403,525,281,114,44
2022,3,A,골목상권,2110994,개포고등학교,494,382,112,7,65,161,123,110,28,4,47,134,103,73,21,3,18,27,20,37,7
2022,3,A,골목상권,2110993,개포지하차도 북측,70,53,17,0,3,9,19,23,16,0,2,7,16,18,10,0,1,2,3,5,6
2022,3,A,골목상권,2110992,도곡초등학교,2179,1144,1035,3,269,440,484,524,459,1,108,253,258,260,264,2,161,187,226,264,195
2022,3,A,골목상권,2110991,삼성중앙역 5번,1246,794,452,1,111,415,339,275,105,1,28,243,229,216,77,0,83,172,110,59,28
2022,3,A,골목상권,2110990,청담역 12번,262,109,153,2,61,92,56,36,15,0,12,32,29,23,13,2,49,60,27,13,2
2022,3,A,골목상권,2110989,대치동아우편취급국,444,270,174,9,90,148,75,68,54,0,43,102,43,44,38,9,47,46,32,24,16
2022,3,A,골목상권,2110988,청담역 3번,1594,1016,578,1,243,425,364,346,215,1,82,247,247,262,177,0,161,178,117,84,38
2022,3,A,골목상권,2110987,영동대교남단,473,237,236,2,91,86,93,107,94,1,46,51,44,40,55,1,45,35,49,67,39
2022,3,A,골목상권,2110986,삼성중앙역 7번,90,59,31,0,9,18,36,19,8,0,3,6,29,15,6,0,6,12,7,4,2
2022,3,A,골목상권,2110985,청담근린공원,1338,948,390,0,193,447,374,226,98,0,98,346,275,157,72,0,95,101,99,69,26
2022,3,A,골목상권,2110984,포이초등학교(개포목련어린이공원),1556,1046,510,2,236,342,331,306,339,0,140,241,211,199,255,2,96,101,120,107,84
2022,3,A,골목상권,2110983,국립국악고등학교,783,534,249,6,126,212,125,145,169,2,44,137,94,111,146,4,82,75,31,34,23
2022,3,A,골목상권,2110982,강남구보훈회관,166,74,92,0,31,34,41,41,19,0,7,13,25,14,15,0,24,21,16,27,4
2022,3,A,골목상권,2110981,국악고교사거리,361,216,145,2,57,77,110,81,34,0,27,36,72,56,25,2,30,41,38,25,9
2022,3,A,골목상권,2110980,개포지구대옆,663,482,181,0,90,198,202,111,62,0,45,142,168,72,55,0,45,56,34,39,7
2022,3,A,골목상권,2110979,청담초등학교,2996,1912,1084,4,522,922,768,567,213,4,228,628,535,343,174,0,294,294,233,224,39
2022,3,A,골목상권,2110978,도곡2동주민센터(대치중학교),331,186,145,0,46,70,72,114,29,0,20,41,47,62,16,0,26,29,25,52,13
2022,3,A,골목상권,2110977,논현로18길,148,102,46,0,22,32,45,29,20,0,14,20,33,20,15,0,8,12,12,9,5
2022,3,A,골목상권,2110976,언북초등학교,578,332,246,1,111,188,126,86,66,0,41,115,83,49,44,1,70,73,43,37,22
2022,3,A,골목상권,2110975,매봉역 1번,10837,6932,3905,34,2175,2199,3202,3019,208,21,1010,1161,2184,2402,154,13,1165,1038,1018,617,54
2022,3,A,골목상권,2110974,언주중학교,292,179,113,3,60,72,89,44,24,3,27,43,62,28,16,0,33,29,27,16,8
2022,3,A,골목상권,2110973,강남구청역 4번,1451,786,665,4,275,333,289,271,279,1,146,203,162,130,144,3,129,130,127,141,135
2022,3,A,골목상권,2110972,강남세브란스병원미래의학연구센터,2628,1440,1188,17,539,669,692,581,130,4,240,428,438,258,72,13,299,241,254,323,58
2022,3,A,골목상권,2110971,선정릉역 4번,1542,900,642,11,278,455,380,254,164,6,140,270,245,120,119,5,138,185,135,134,45
2022,3,A,골목상권,2110970,학동초등학교,378,236,142,1,66,98,102,65,46,0,27,49,66,57,37,1,39,49,36,8,9
2022,3,A,골목상권,2110969,베르사이유1아파트,1546,1230,316,4,231,442,483,285,101,2,165,345,402,239,77,2,66,97,81,46,24
2022,3,A,골목상권,2110968,강남구청역 2번,1023,596,427,7,327,204,133,121,231,4,177,117,81,68,149,3,150,87,52,53,82
2022,3,A,골목상권,2110967,역삼역 8번,377,228,149,0,63,92,89,92,41,0,31,51,60,56,30,0,32,41,29,36,11
2022,3,A,골목상권,2110966,논현2동주민센터,1637,1017,620,18,470,498,300,218,133,7,256,298,200,147,109,11,214,200,100,71,24
2022,3,A,골목상권,2110965,언주역 6번,1139,788,351,1,174,379,378,142,65,1,104,276,284,74,49,0,70,103,94,68,16
2022,3,A,골목상권,2110964,싸리고개근린공원,217,124,93,0,29,60,59,34,35,0,8,32,36,23,25,0,21,28,23,11,10
2022,3,A,골목상권,2110963,역삼월드메르디앙아파트,780,547,233,1,126,185,226,154,88,0,79,146,171,97,54,1,47,39,55,57,34
2022,3,A,골목상권,2110962,도산공원북측,557,487,70,1,66,80,242,144,24,0,45,70,226,130,16,1,21,10,16,14,8
2022,3,A,골목상권,2110961,언주역 3번,962,673,289,5,172,286,248,140,111,3,97,184,187,112,90,2,75,102,61,28,21
2022,3,A,골목상권,2110960,은광여고,1522,692,830,5,207,255,373,502,180,4,55,110,190,212,121,1,152,145,183,290,59
2022,3,A,골목상권,2110959,신구중학교,271,140,131,0,14,66,82,79,30,0,7,36,49,29,19,0,7,30,33,50,11
2022,3,A,골목상권,2110958,역삼역 4번,994,759,235,1,96,197,300,295,105,1,46,133,254,240,85,0,50,64,46,55,20
2022,3,A,골목상권,2110957,언북중학교,1251,831,420,1,262,379,317,147,145,1,146,241,215,109,119,0,116,138,102,38,26
2022,3,A,골목상권,2110956,언주역 8번,1199,758,441,4,361,471,199,87,77,2,158,307,163,70,58,2,203,164,36,17,19
2022,3,A,골목상권,2110955,논현초등학교,3430,2238,1192,19,719,823,793,625,451,13,417,568,554,389,297,6,302,255,239,236,154
2022,3,A,골목상권,2110954,국기원,636,445,191,0,89,142,187,94,124,0,35,97,161,74,78,0,54,45,26,20,46
2022,3,A,골목상권,2110953,학동근린공원,2487,1583,904,15,679,891,571,218,113,0,336,572,409,180,86,15,343,319,162,38,27
2022,3,A,골목상권,2110952,논현목련공원,117,65,52,0,21,23,27,22,24,0,9,13,13,14,16,0,12,10,14,8,8
2022,3,A,골목상권,2110951,신사은행나무공원,273,75,198,0,35,83,96,51,8,0,6,24,27,15,3,0,29,59,69,36,5
2022,3,A,골목상권,2110950,논현역 7번,2981,1929,1052,1,829,1305,518,230,98,0,418,886,383,173,69,1,411,419,135,57,29
2022,3,A,골목상권,2110949,한남IC,1683,1193,490,5,288,565,435,305,85,2,112,398,347,261,73,3,176,167,88,44,12
2022,3,A,골목상권,2110947,청계산입구역 2번(내곡동주민센터),121,48,73,0,19,18,29,21,34,0,9,9,15,7,8,0,10,9,14,14,26
2022,3,A,골목상권,2110946,청계산원터골,48,24,24,0,2,6,8,16,16,0,2,3,6,3,10,0,0,3,2,13,6
2022,3,A,골목상권,2110945,본마을노인복지센터(서초구립내곡도서관),191,114,77,3,44,57,37,33,17,3,14,31,25,28,13,0,30,26,12,5,4
2022,3,A,골목상권,2110944,서울나래학교(염곡어린이공원),1053,735,318,10,133,246,201,217,246,8,98,194,153,139,143,2,35,52,48,78,103
2022,3,A,골목상권,2110943,법제교육센터(버들어린이공원),1122,578,544,1,67,165,357,323,209,1,36,99,151,140,151,0,31,66,206,183,58
2022,3,A,골목상권,2110942,염곡동 구룡사(포이동성당),3242,1952,1290,7,578,932,791,613,321,3,328,587,461,351,222,4,250,345,330,262,99
2022,3,A,골목상권,2110941,언남고등학교,261,158,103,0,33,46,89,58,35,0,14,26,51,40,27,0,19,20,38,18,8
2022,3,A,골목상권,2110940,양재근린공원(양재2동주민센터),1043,755,288,9,186,346,264,145,93,8,116,256,200,103,72,1,70,90,64,42,21
2022,3,A,골목상권,2110939,양재역 8번(양재동우체국),5945,4103,1842,23,971,1415,1465,1168,903,15,500,989,1056,798,745,8,471,426,409,370,158
2022,3,A,골목상권,2110938,바우뫼공원,1784,1137,647,1,294,551,489,326,123,0,172,392,303,169,101,1,122,159,186,157,22
2022,3,A,골목상권,2110937,방아다리근린공원(횃불트리니티신학대학원대학교),2465,1270,1195,7,634,861,542,318,103,6,246,507,335,113,63,1,388,354,207,205,40
2022,3,A,골목상권,2110936,더케이호텔(양재리본타워2단지아파트),832,552,280,3,109,260,215,175,70,0,53,154,159,131,55,3,56,106,56,44,15
2022,3,A,골목상권,2110935,한전아트센터,379,264,115,2,53,108,105,72,39,2,33,82,75,46,26,0,20,26,30,26,13
2022,3,A,골목상권,2110934,우면주공아파트,998,677,321,6,198,291,253,164,86,5,83,217,195,113,64,1,115,74,58,51,22
2022,3,A,골목상권,2110933,한국상담대학원대학교,679,60,619,0,344,156,86,63,30,0,10,15,15,5,15,0,334,141,71,58,15
2022,3,A,골목상권,2110932,서울시인재개발원,532,384,148,2,128,170,127,64,41,2,76,116,100,54,36,0,52,54,27,10,5
2022,3,A,골목상권,2110931,삼성전자서울R&D(서울우면초등학교),100,51,49,0,37,31,18,7,7,0,12,16,10,7,6,0,25,15,8,0,1
2022,3,A,골목상권,2110930,서초동성당,2178,1774,404,8,284,588,694,433,171,2,190,448,591,393,150,6,94,140,103,40,21
2022,3,A,골목상권,2110929,남부터미널역 1번,21130,10703,10427,21,4446,4558,3912,7143,1050,4,1209,1890,1718,5123,759,17,3237,2668,2194,2020,291
2022,3,A,골목상권,2110928,서초우방유쉘아파트,596,491,105,1,57,109,125,205,99,1,29,76,109,190,86,0,28,33,16,15,13
2022,3,A,골목상권,2110927,잠원역,745,553,192,2,93,342,198,98,12,2,82,218,159,81,11,0,11,124,39,17,1
2022,3,A,골목상권,2110926,신중초등학교,1610,1175,435,6,193,359,463,382,207,3,114,263,355,292,148,3,79,96,108,90,59
2022,3,A,골목상권,2110925,서초중학교,873,496,377,0,104,137,244,222,166,0,38,65,146,132,115,0,66,72,98,90,51
2022,3,A,골목상권,2110924,반포4동주민센터(몽마르뜨공원),1330,886,444,5,203,305,407,298,112,1,85,181,300,236,83,4,118,124,107,62,29
2022,3,A,골목상권,2110923,방배역 1번,210,153,57,0,34,56,55,41,24,0,21,38,42,34,18,0,13,18,13,7,6
2022,3,A,골목상권,2110922,내방역 1번,224,114,110,1,42,48,47,43,43,0,13,23,27,23,28,1,29,25,20,20,15
2022,3,A,골목상권,2110921,서울프랑스학교,522,321,201,7,63,71,118,142,121,2,30,43,82,90,74,5,33,28,36,52,47
2022,3,A,골목상권,2110920,방배역 2번(백석예술대학교),359,205,154,0,23,53,125,118,40,0,5,29,65,75,31,0,18,24,60,43,9
2022,3,A,골목상권,2110919,내방역 8번,1539,1126,413,3,142,311,413,419,251,1,60,179,331,354,201,2,82,132,82,65,50
2022,3,A,골목상권,2110918,방배역 3번,682,438,244,3,98,127,164,142,148,2,59,85,108,86,98,1,39,42,56,56,50
2022,3,A,골목상권,2110917,서초소방서,1505,939,566,6,157,432,402,355,153,2,72,281,295,181,108,4,85,151,107,174,45
2022,3,A,골목상권,2110916,내방역 4번,1152,592,560,9,216,272,301,208,146,6,58,167,187,91,83,3,158,105,114,117,63
2022,3,A,골목상권,2110915,서래초등학교,2807,2202,605,14,421,877,1027,379,89,11,280,648,849,336,78,3,141,229,178,43,11
2022,3,A,골목상권,2110914,내방역 6번,146,116,30,0,26,31,37,26,26,0,17,26,26,24,23,0,9,5,11,2,3
2022,3,A,골목상권,2110913,방현초등학교(방배119안전센터),3305,2117,1188,7,572,1265,879,376,206,4,272,824,627,237,153,3,300,441,252,139,53
2022,3,A,골목상권,2110912,방배동사이길,210,128,82,3,33,45,53,42,34,2,16,27,39,21,23,1,17,18,14,21,11
2022,3,A,골목상권,2110911,방배배수지체육공원,29,22,7,0,6,3,7,5,8,0,6,2,4,4,6,0,0,1,3,1,2
2022,3,A,골목상권,2110910,내방역 5번,614,240,374,5,72,124,157,176,80,3,30,69,52,49,37,2,42,55,105,127,43
2022,3,A,골목상권,2110909,남태령역(서울전자고등학교),132,97,35,1,11,29,23,34,34,1,4,19,16,29,28,0,7,10,7,5,6
2022,3,A,골목상권,2110908,구반포역,1525,377,1148,0,66,111,397,806,145,0,42,54,71,141,69,0,24,57,326,665,76
2022,3,A,골목상권,2110907,방배초등학교,878,506,372,8,144,197,239,157,133,5,66,109,122,99,105,3,78,88,117,58,28
2022,3,A,골목상권,2110906,서문여고,683,362,321,2,217,106,119,106,133,0,59,58,72,62,111,2,158,48,47,44,22
2022,3,A,골목상권,2110905,방배노인종합복지관(이수중학교),287,176,111,1,36,71,71,63,45,0,18,38,45,41,34,1,18,33,26,22,11
2022,3,A,골목상권,2110904,이수역 5번,835,468,367,4,167,217,239,139,69,1,90,125,135,59,58,3,77,92,104,80,11
2022,3,A,골목상권,2110903,방배아이파크아파트,7222,2653,4569,7,1242,1778,2487,1322,386,1,333,597,951,599,172,6,909,1181,1536,723,214
2022,3,A,골목상권,2110902,사당역 4번,1201,739,462,1,193,270,296,250,191,0,84,171,204,158,122,1,109,99,92,92,69
2022,3,A,골목상권,2110901,인헌고등학교(인헌중학교),262,154,108,3,44,64,75,55,21,3,23,40,40,32,16,0,21,24,35,23,5
2022,3,A,골목상권,2110900,낙성대역 1번(관악구민 종합체육센터),457,257,200,1,95,125,123,89,24,1,49,65,69,54,19,0,46,60,54,35,5
2022,3,A,골목상권,2110899,낙성대역 5번(관악중학교),690,448,242,0,167,185,166,123,49,0,107,135,96,71,39,0,60,50,70,52,10
2022,3,A,골목상권,2110898,청림동주민센터(상도중학교),66,27,39,0,16,14,14,16,6,0,5,3,8,7,4,0,11,11,6,9,2
2022,3,A,골목상권,2110897,서울대입구역 8번,219,139,80,0,16,45,69,64,25,0,7,24,40,44,24,0,9,21,29,20,1
2022,3,A,골목상권,2110896,관악우성아파트,202,49,153,0,41,37,44,47,33,0,5,7,11,13,13,0,36,30,33,34,20
2022,3,A,골목상권,2110895,샤로수길,1796,1222,574,3,307,721,360,233,172,2,170,534,234,152,130,1,137,187,126,81,42
2022,3,A,골목상권,2110894,관악동부센트레빌아파트(은천로35라길),20,8,12,0,2,4,3,6,5,0,0,2,1,2,3,0,2,2,2,4,2
2022,3,A,골목상권,2110893,관악소방서(문영여고),353,303,50,0,39,110,66,113,25,0,29,96,57,99,22,0,10,14,9,14,3
2022,3,A,골목상권,2110892,관악구 중앙길,709,341,368,0,69,110,159,221,150,0,25,55,76,105,80,0,44,55,83,116,70
2022,3,A,골목상권,2110891,구암초등학교,47,22,25,0,5,1,22,16,3,0,1,0,11,8,2,0,4,1,11,8,1
2022,3,A,골목상권,2110890,봉천역 1번(관악초등학교),261,152,109,1,22,44,95,70,29,0,4,22,59,46,21,1,18,22,36,24,8
2022,3,A,골목상권,2110889,봉천역 6번,376,317,59,0,29,36,69,136,106,0,18,20,47,130,102,0,11,16,22,6,4
2022,3,A,골목상권,2110888,청룡동주민센터,94,53,41,0,5,9,11,22,47,0,3,2,4,6,38,0,2,7,7,16,9
2022,3,A,골목상권,2110887,서울산업정보학교(서울삼성초등학교),19,11,8,0,1,4,7,6,1,0,0,0,4,6,1,0,1,4,3,0,0
2022,3,A,골목상권,2110886,관악해태어린이공원,188,103,85,1,38,50,41,36,22,1,18,28,21,23,12,0,20,22,20,13,10
2022,3,A,골목상권,2110885,영락고등학교,340,214,126,0,37,58,94,89,62,0,18,33,61,57,45,0,19,25,33,32,17
2022,3,A,골목상권,2110884,봉천역 4번(봉천110안전센터),372,284,88,1,17,30,61,98,165,0,1,8,49,84,142,1,16,22,12,14,23
2022,3,A,골목상권,2110883,은천초등학교(은천교앞),212,126,86,2,21,44,71,49,25,1,12,25,43,29,16,1,9,19,28,20,9
2022,3,A,골목상권,2110882,신성초등학교,733,444,289,1,95,131,215,168,123,0,52,67,122,109,94,1,43,64,93,59,29
2022,3,A,골목상권,2110881,구립대학경로당(관악산샘말공원),1601,1304,297,1,317,452,460,271,100,1,225,376,399,232,71,0,92,76,61,39,29
2022,3,A,골목상권,2110880,신림역 1번,995,275,720,0,379,296,157,128,35,0,78,87,66,33,11,0,301,209,91,95,24
2022,3,A,골목상권,2110879,신림현대아파트,17,7,10,0,2,3,5,5,2,0,1,2,2,2,0,0,1,1,3,3,2
2022,3,A,골목상권,2110878,미림여고,368,218,150,3,43,114,101,78,29,0,19,63,68,43,25,3,24,51,33,35,4
2022,3,A,골목상권,2110877,신림역 8번,319,154,165,2,23,63,86,80,65,0,10,30,36,39,39,2,13,33,50,41,26
2022,3,A,골목상권,2110876,서원동주민센터(신관중학교),49,29,20,0,5,9,16,9,10,0,2,4,10,4,9,0,3,5,6,5,1
2022,3,A,골목상권,2110875,보라매동주민센터(당곡고등학교),16,13,3,0,3,2,5,4,2,0,2,2,3,4,2,0,1,0,2,0,0
2022,3,A,골목상권,2110874,원신초등학교(구세군관악영문교회),46,15,31,1,4,19,7,12,3,1,1,3,3,6,1,0,3,16,4,6,2
2022,3,A,골목상권,2110873,당곡중학교,343,166,177,0,68,79,86,74,36,0,29,39,39,36,23,0,39,40,47,38,13
2022,3,A,골목상권,2110872,신림초등학교,277,195,82,3,54,68,69,53,30,3,36,54,54,41,7,0,18,14,15,12,23
2022,3,A,골목상권,2110871,신원동주민센터,159,101,58,1,12,40,45,37,24,0,8,25,27,25,16,1,4,15,18,12,8
2022,3,A,골목상권,2110869,"신림역 5번(신림동주민센터, 신림동별빛거리)",1026,681,345,1,79,136,248,233,329,1,36,73,143,155,273,0,43,63,105,78,56
2022,3,A,골목상권,2110868,남부초등학교,232,126,106,0,20,29,45,49,89,0,11,23,22,28,42,0,9,6,23,21,47
2022,3,A,골목상권,2110867,국제신학대학원대학교(남서울중학교),202,117,85,0,8,34,39,53,68,0,2,15,21,32,47,0,6,19,18,21,21
2022,3,A,골목상권,2110866,난우중학교,171,91,80,0,20,36,34,62,19,0,14,20,12,29,16,0,6,16,22,33,3
2022,3,A,골목상권,2110865,남강고등학교(남강중학교),336,143,193,4,66,72,69,85,40,2,16,34,28,34,29,2,50,38,41,51,11
2022,3,A,골목상권,2110864,신림우방아파트,236,161,75,0,31,48,53,60,44,0,21,31,37,43,29,0,10,17,16,17,15
2022,3,A,골목상권,2110863,난우초등학교,319,179,140,6,40,61,63,79,70,5,23,30,38,36,47,1,17,31,25,43,23
2022,3,A,골목상권,2110862,난곡초등학교(난곡동벽화마을),84,41,43,0,4,13,14,34,19,0,2,6,11,15,7,0,2,7,3,19,12
2022,3,A,골목상권,2110861,관악구신사동주민센터,1182,608,574,1,215,377,263,209,117,1,71,194,161,105,76,0,144,183,102,104,41
2022,3,A,골목상권,2110860,호림박물관(성보고등학교),410,314,96,1,57,102,66,110,74,1,44,84,47,78,60,0,13,18,19,32,14
2022,3,A,골목상권,2110859,난향초등학교,182,113,69,0,11,32,42,52,45,0,0,21,27,30,35,0,11,11,15,22,10
2022,3,A,골목상권,2110858,신대방역 1번,66,33,33,0,5,9,17,7,28,0,0,1,6,2,24,0,5,8,11,5,4
2022,3,A,골목상권,2110857,미성동주민센터,431,229,202,9,60,64,70,108,120,9,34,48,41,46,51,0,26,16,29,62,69
2022,3,A,골목상권,2110856,미성초등학교,538,295,243,3,58,85,170,150,72,1,28,44,99,71,52,2,30,41,71,79,20
2022,3,A,골목상권,2110855,신대방역 2번,429,275,154,2,53,111,126,90,47,0,22,81,83,55,34,2,31,30,43,35,13
2022,3,A,골목상권,2110854,조원동주민센터,55,39,16,0,4,5,17,21,8,0,3,5,9,15,7,0,1,0,8,6,1
2022,3,A,골목상권,2110853,KT구로지사,213,127,86,0,21,47,65,50,30,0,9,26,44,27,21,0,12,21,21,23,9
2022,3,A,골목상권,2110852,이수역 9번,198,121,77,0,26,35,54,38,45,0,12,20,30,23,36,0,14,15,24,15,9
2022,3,A,골목상권,2110851,경문고등학교(동작동성당),485,233,252,0,79,136,140,102,28,0,32,53,66,66,16,0,47,83,74,36,12
2022,3,A,골목상권,2110850,사당역 10번,969,487,482,4,217,207,185,162,194,1,54,88,92,95,157,3,163,119,93,67,37
2022,3,A,골목상권,2110849,이수역 10번,220,130,90,1,37,52,58,40,32,0,12,33,34,25,26,1,25,19,24,15,6
2022,3,A,골목상권,2110848,양지어린이공원,486,307,179,0,36,68,152,132,98,0,6,39,85,93,84,0,30,29,67,39,14
2022,3,A,골목상권,2110847,예술인마을,460,225,235,3,53,139,142,78,45,3,13,62,76,38,33,0,40,77,66,40,12
2022,3,A,골목상권,2110846,남성역 1번,535,290,245,1,66,120,146,135,67,0,25,59,78,74,54,1,41,61,68,61,13
2022,3,A,골목상권,2110845,사당종합체육관,119,51,68,0,9,17,39,36,18,0,5,8,19,9,10,0,4,9,20,27,8
2022,3,A,골목상권,2110844,흑석2치안센터,7,5,2,0,2,1,1,0,3,0,1,1,1,0,2,0,1,0,0,0,1
2022,3,A,골목상권,2110843,사당5동주민센터,181,135,46,1,22,25,55,52,26,0,16,17,34,44,24,1,6,8,21,8,2
2022,3,A,골목상권,2110842,흑리단길,43,14,29,0,7,8,8,12,8,0,2,2,3,2,5,0,5,6,5,10,3
2022,3,A,골목상권,2110841,중대부중,88,36,52,0,11,17,16,25,19,0,5,7,5,11,8,0,6,10,11,14,11
2022,3,A,골목상권,2110840,중앙대학교,165,92,73,0,24,22,52,43,24,0,12,12,32,21,15,0,12,10,20,22,9
2022,3,A,골목상권,2110839,숭실대입구역 4번,187,67,120,0,10,51,57,46,23,0,2,14,22,11,18,0,8,37,35,35,5
2022,3,A,골목상권,2110838,상도1동주민센터앞,131,122,9,0,3,32,30,35,31,0,3,27,27,35,30,0,0,5,3,0,1
2022,3,A,골목상권,2110837,숭실대입구역 1번,373,195,178,1,39,76,84,80,93,0,19,32,43,32,69,1,20,44,41,48,24
2022,3,A,골목상권,2110836,상도역 5번,3057,1846,1211,9,550,798,701,647,352,2,238,486,453,447,220,7,312,312,248,200,132
2022,3,A,골목상권,2110835,상도역 1번,285,161,124,0,81,92,57,35,20,0,32,59,36,16,18,0,49,33,21,19,2
2022,3,A,골목상권,2110834,동작구자원봉사센터,38,22,16,0,3,5,6,10,14,0,2,2,6,5,7,0,1,3,0,5,7
2022,3,A,골목상권,2110833,상도역 2번,266,172,94,2,20,64,76,77,27,0,17,51,48,37,19,2,3,13,28,40,8
2022,3,A,골목상권,2110832,노량진초등학교,377,171,206,0,38,51,93,141,54,0,14,22,57,55,23,0,24,29,36,86,31
2022,3,A,골목상권,2110831,상도4동주민센터,72,40,32,0,3,13,14,29,13,0,3,6,6,18,7,0,0,7,8,11,6
2022,3,A,골목상권,2110830,상도초등학교,281,152,129,0,22,61,73,85,40,0,7,29,36,54,26,0,15,32,37,31,14
2022,3,A,골목상권,2110829,장승배기역 5번,536,417,119,0,195,137,79,53,72,0,177,106,49,40,45,0,18,31,30,13,27
2022,3,A,골목상권,2110828,노량진역 6번,3010,2066,944,9,471,1047,854,467,162,3,252,711,639,357,104,6,219,336,215,110,58
2022,3,A,골목상권,2110827,NH농협은행 상도동지점,262,93,169,0,39,51,73,65,34,0,11,18,20,28,16,0,28,33,53,37,18
2022,3,A,골목상권,2110826,장승배기역 4번,366,149,217,2,20,37,57,103,147,1,8,22,28,38,52,1,12,15,29,65,95
2022,3,A,골목상권,2110825,신대방삼거리역 1번,316,205,111,0,33,63,94,71,55,0,23,41,57,46,38,0,10,22,37,25,17
2022,3,A,골목상권,2110824,대방역 3번,296,102,194,1,48,91,92,42,22,0,11,26,29,23,13,1,37,65,63,19,9
2022,3,A,골목상권,2110823,신대방삼거리역 3번,472,242,230,0,30,45,83,121,193,0,17,26,40,42,117,0,13,19,43,79,76
2022,3,A,골목상권,2110822,신대방삼거리역 4번(대림초등학교),311,130,181,0,57,71,68,74,41,0,13,28,34,34,21,0,44,43,34,40,20
2022,3,A,골목상권,2110821,보라매역 2번,595,353,242,0,73,109,140,135,138,0,34,65,79,87,88,0,39,44,61,48,50
2022,3,A,골목상권,2110820,성남고등학교,3101,2470,631,1,651,742,555,991,161,0,438,581,448,879,124,1,213,161,107,112,37
2022,3,A,골목상권,2110819,신대방역 4번,510,262,248,0,64,99,128,93,126,0,15,37,58,62,90,0,49,62,70,31,36
2022,3,A,골목상권,2110818,신대방역 3번,20,9,11,0,1,3,7,7,2,0,1,3,2,1,2,0,0,0,5,6,0
2022,3,A,골목상권,2110817,대방역 4번,286,227,59,1,38,51,90,59,47,0,19,35,79,53,41,1,19,16,11,6,6
2022,3,A,골목상권,2110816,대방역 6번,521,404,117,1,73,138,153,68,88,1,50,109,114,50,80,0,23,29,39,18,8
2022,3,A,골목상권,2110815,공군호텔,2240,785,1455,4,425,514,476,507,314,0,88,195,167,170,165,4,337,319,309,337,149
2022,3,A,골목상권,2110814,서울지방병무청,673,364,309,1,51,117,155,236,113,1,23,79,97,104,60,0,28,38,58,132,53
2022,3,A,골목상권,2110813,보라매역 6번,286,167,119,3,22,37,50,74,100,3,15,21,24,39,65,0,7,16,26,35,35
2022,3,A,골목상권,2110812,신길6동주민센터,363,245,118,0,69,115,106,50,23,0,34,78,85,29,19,0,35,37,21,21,4
2022,3,A,골목상권,2110811,보라매역 4번,187,94,93,0,22,41,49,52,23,0,8,22,18,27,19,0,14,19,31,25,4
2022,3,A,골목상권,2110810,영신초등학교,395,178,217,0,53,143,63,80,56,0,20,65,31,44,18,0,33,78,32,36,38
2022,3,A,골목상권,2110809,장훈고등학교,112,61,51,0,7,15,30,23,37,0,3,5,11,17,25,0,4,10,19,6,12
2022,3,A,골목상권,2110808,신길역 1번,67,48,19,0,3,22,21,13,8,0,3,15,14,9,7,0,0,7,7,4,1
2022,3,A,골목상권,2110807,신길역 3번,102,70,32,0,6,16,23,27,30,0,4,8,18,19,21,0,2,8,5,8,9
2022,3,A,골목상권,2110806,서울시립영등포장애인복지관,76,42,34,0,18,30,13,13,2,0,5,16,9,11,1,0,13,14,4,2,1
2022,3,A,골목상권,2110805,신길새마을금고신길4동지점,45,27,18,0,6,12,12,8,7,0,2,7,6,5,7,0,4,5,6,3,0
2022,3,A,골목상권,2110804,신풍역 1번,312,187,125,0,15,37,62,63,135,0,4,15,29,35,104,0,11,22,33,28,31
2022,3,A,골목상권,2110803,신길2동우편취급국,304,220,84,0,17,27,56,62,142,0,6,14,33,39,128,0,11,13,23,23,14
2022,3,A,골목상권,2110802,신길동홍어거리,336,159,177,1,59,113,86,61,16,0,18,45,44,40,12,1,41,68,42,21,4
2022,3,A,골목상권,2110800,영등포동성당,227,153,74,0,26,34,61,66,40,0,13,22,37,46,35,0,13,12,24,20,5
2022,3,A,골목상권,2110799,영등포본동주민센터,119,86,33,5,21,16,11,22,44,3,12,10,6,15,40,2,9,6,5,7,4
2022,3,A,골목상권,2110798,신풍역 2번,53,20,33,0,2,13,14,13,11,0,0,3,3,6,8,0,2,10,11,7,3
2022,3,A,골목상권,2110797,KT대방빌딩,52,10,42,1,7,10,12,11,11,0,0,0,1,3,6,1,7,10,11,8,5
2022,3,A,골목상권,2110796,한림대학교한강성심병원,87,52,35,1,7,19,26,19,15,0,4,11,17,9,11,1,3,8,9,10,4
2022,3,A,골목상권,2110795,도림초등학교,533,356,177,0,20,49,80,128,256,0,8,36,48,74,190,0,12,13,32,54,66
2022,3,A,골목상권,2110794,영동초등학교,632,494,138,0,87,115,178,167,85,0,47,89,148,135,75,0,40,26,30,32,10
2022,3,A,골목상권,2110792,영등포역 2번,3400,1767,1633,28,563,880,843,862,224,11,229,398,466,530,133,17,334,482,377,332,91
2022,3,A,골목상권,2110791,신풍역 3번,25,17,8,0,1,5,9,9,1,0,0,2,6,8,1,0,1,3,3,1,0
2022,3,A,골목상권,2110790,대림1동주민센터,739,336,403,1,74,163,280,161,60,1,46,71,88,77,53,0,28,92,192,84,7
2022,3,A,골목상권,2110789,대림성모병원,491,182,309,0,104,137,115,93,42,0,16,44,49,43,30,0,88,93,66,50,12
2022,3,A,골목상권,2110788,영등포시장역 3번,28,22,6,0,4,5,7,9,3,0,3,5,6,6,2,0,1,0,1,3,1
2022,3,A,골목상권,2110787,신길3동주민센터,171,122,49,0,19,35,47,42,28,0,8,25,36,31,22,0,11,10,11,11,6
2022,3,A,골목상권,2110786,당산역 8번,271,179,92,2,20,41,60,51,97,2,8,21,42,38,68,0,12,20,18,13,29
2022,3,A,골목상권,2110785,영등포푸르지오아파트,161,84,77,2,13,17,39,44,46,2,8,12,24,14,24,0,5,5,15,30,22
2022,3,A,골목상권,2110784,신대림초등학교,76,42,34,0,3,11,18,36,8,0,0,7,12,18,5,0,3,4,6,18,3
2022,3,A,골목상권,2110783,영등포시장역 1번,292,154,138,1,26,37,35,67,126,1,19,27,16,33,58,0,7,10,19,34,68
2022,3,A,골목상권,2110782,영등포시장역 4번,127,87,40,1,13,24,48,27,14,1,5,16,36,17,12,0,8,8,12,10,2
2022,3,A,골목상권,2110781,대림한신아파트,182,112,70,0,23,29,51,38,41,0,8,16,34,23,31,0,15,13,17,15,10
2022,3,A,골목상권,2110780,신길대성유니드아파트,223,171,52,0,22,42,71,56,32,0,18,34,51,41,27,0,4,8,20,15,5
2022,3,A,골목상권,2110779,대림갑을명가아파트,33,24,9,0,2,5,13,7,6,0,1,4,10,4,5,0,1,1,3,3,1
2022,3,A,골목상권,2110778,구로디지털단지역 4번,1615,878,737,0,248,461,489,233,184,0,122,282,196,145,133,0,126,179,293,88,51
2022,3,A,골목상권,2110777,구로세무서,282,210,72,0,36,41,47,83,75,0,13,30,32,66,69,0,23,11,15,17,6
2022,3,A,골목상권,2110776,도신초등학교,168,106,62,0,12,20,48,63,25,0,11,10,35,34,16,0,1,10,13,29,9
2022,3,A,골목상권,2110775,대동초등학교,61,30,31,0,5,13,20,15,8,0,2,6,6,10,6,0,3,7,14,5,2
2022,3,A,골목상권,2110774,당산반도유보라팰리스아파트,472,355,117,0,59,119,131,96,67,0,34,81,109,80,51,0,25,38,22,16,16
2022,3,A,골목상권,2110773,당산역 13번,272,218,54,0,46,65,45,40,76,0,36,53,32,34,63,0,10,12,13,6,13
2022,3,A,골목상권,2110772,신우어린이공원,94,55,39,0,9,15,22,26,22,0,5,8,12,19,11,0,4,7,10,7,11
2022,3,A,골목상권,2110771,대림역 11번,955,604,351,0,22,38,128,210,557,0,21,30,73,131,349,0,1,8,55,79,208
2022,3,A,골목상권,2110770,영등포구청역 6번,263,191,72,1,45,49,77,45,46,1,24,41,54,28,43,0,21,8,23,17,3
2022,3,A,골목상권,2110769,대림차이나타운(대림역 12번),18,8,10,0,3,4,6,4,1,0,0,1,4,2,1,0,3,3,2,2,0
2022,3,A,골목상권,2110768,도림2동유수지내체육시설,294,155,139,0,20,43,63,73,95,0,7,22,32,41,53,0,13,21,31,32,42
2022,3,A,골목상권,2110767,도림동주민센터,34,3,31,0,9,5,12,6,2,0,0,0,2,1,0,0,9,5,10,5,2
2022,3,A,골목상권,2110766,대림역 5번,360,205,155,0,30,82,85,99,64,0,15,54,42,56,38,0,15,28,43,43,26
2022,3,A,골목상권,2110765,문래동사거리,889,619,270,2,80,133,209,175,290,1,38,78,140,126,236,1,42,55,69,49,54
2022,3,A,골목상권,2110764,문래역 3번,541,223,318,0,93,127,159,102,60,0,27,39,54,54,49,0,66,88,105,48,11
2022,3,A,골목상권,2110763,영등포구청역 2번,480,353,127,2,84,147,107,84,56,0,53,100,79,72,49,2,31,47,28,12,7
2022,3,A,골목상권,2110762,선유도역 1번,3139,2286,853,6,392,669,739,809,524,4,217,459,529,629,448,2,175,210,210,180,76
2022,3,A,골목상권,2110761,문래동남성맨션,180,106,74,0,13,43,45,41,38,0,8,17,26,25,30,0,5,26,19,16,8
2022,3,A,골목상권,2110760,선유도역 6번,1792,1091,701,8,273,444,499,376,192,6,170,256,275,219,165,2,103,188,224,157,27
2022,3,A,골목상권,2110759,문래예술촌(문래창작촌),4221,2165,2056,9,520,837,996,1286,573,5,266,550,589,466,289,4,254,287,407,820,284
2022,3,A,골목상권,2110758,문래소공원,296,221,75,1,44,77,70,67,37,0,32,60,46,52,31,1,12,17,24,15,6
2022,3,A,골목상권,2110757,양평역 2번,1501,1114,387,1,111,230,356,424,379,0,51,176,286,314,287,1,60,54,70,110,92
2022,3,A,골목상권,2110756,문래중학교,275,179,96,0,48,79,78,35,35,0,21,58,52,21,27,0,27,21,26,14,8
2022,3,A,골목상권,2110755,동일여자고등학교,199,53,146,0,10,24,47,74,44,0,4,9,16,12,12,0,6,15,31,62,32
2022,3,A,골목상권,2110754,삼성산자연공원(서울금천초등학교),199,75,124,1,21,41,47,39,50,0,6,18,28,10,13,1,15,23,19,29,37
2022,3,A,골목상권,2110753,시흥동 은행나무사거리,617,387,230,0,69,100,149,166,133,0,28,68,90,96,105,0,41,32,59,70,28
2022,3,A,골목상권,2110752,한울중학교,269,117,152,2,25,46,81,79,36,2,13,16,34,33,19,0,12,30,47,46,17
2022,3,A,골목상권,2110751,난곡중학교,730,397,333,2,48,217,240,177,46,2,21,117,127,91,39,0,27,100,113,86,7
2022,3,A,골목상권,2110750,시흥4동주민센터(서울신흥초등학교),397,221,176,4,78,83,80,104,48,4,47,62,43,33,32,0,31,21,37,71,16
2022,3,A,골목상권,2110749,금산초등학교(금천고등학교),448,273,175,0,61,105,110,121,51,0,33,67,55,82,36,0,28,38,55,39,15
2022,3,A,골목상권,2110748,백산초등학교,102,64,38,0,6,19,21,26,30,0,2,9,11,22,20,0,4,10,10,4,10
2022,3,A,골목상권,2110747,석수역 1번 출입구,823,612,211,0,46,84,169,227,297,0,27,52,102,165,266,0,19,32,67,62,31
2022,3,A,골목상권,2110746,금천금빛공원(은행나무사거리서측),70,48,22,0,5,11,22,21,11,0,3,9,13,15,8,0,2,2,9,6,3
2022,3,A,골목상권,2110745,독산동정훈단지,251,191,60,0,11,20,33,86,101,0,3,12,22,64,90,0,8,8,11,22,11
2022,3,A,골목상권,2110744,독산동성당,531,327,204,0,49,107,129,152,94,0,36,71,75,86,59,0,13,36,54,66,35
2022,3,A,골목상권,2110743,시흥초등학교(시흥1동우체국),191,130,61,0,18,31,48,50,44,0,10,20,32,37,31,0,8,11,16,13,13
2022,3,A,골목상권,2110742,KT금천빌딩(금천구시설관리공단),426,237,189,0,42,83,106,125,70,0,21,57,71,54,34,0,21,26,35,71,36
2022,3,A,골목상권,2110741,독산2동주민센터,444,159,285,0,69,117,96,108,54,0,43,35,26,33,22,0,26,82,70,75,32
2022,3,A,골목상권,2110740,금천해태공원,650,283,367,1,135,136,138,170,70,1,47,55,58,71,51,0,88,81,80,99,19
2022,3,A,골목상권,2110739,시흥3동 우편취급국,1558,585,973,1,167,288,537,525,40,0,50,153,224,133,25,1,117,135,313,392,15
2022,3,A,골목상권,2110738,문성초등학교,249,125,124,0,17,27,65,90,50,0,12,14,34,40,25,0,5,13,31,50,25
2022,3,A,골목상권,2110737,금천세무서,506,324,182,8,78,85,96,117,122,0,28,49,51,91,105,8,50,36,45,26,17
2022,3,A,골목상권,2110736,독산119안전센터,450,196,254,0,45,52,74,114,165,0,21,31,34,41,69,0,24,21,40,73,96
2022,3,A,골목상권,2110735,말미고개,520,330,190,0,64,115,140,140,61,0,31,79,94,79,47,0,33,36,46,61,14
2022,3,A,골목상권,2110734,금천파출소,92,47,45,0,7,11,21,29,24,0,3,5,14,13,12,0,4,6,7,16,12
2022,3,A,골목상권,2110733,금천어울림복지센터,374,293,81,3,34,89,74,90,84,3,22,67,59,66,76,0,12,22,15,24,8
2022,3,A,골목상권,2110732,가산초등학교(세일중학교),338,239,99,1,41,60,98,76,62,0,22,34,71,60,52,1,19,26,27,16,10
2022,3,A,골목상권,2110731,금천구청역 1번 출입구,1041,563,478,7,306,383,206,96,43,2,149,229,102,55,26,5,157,154,104,41,17
2022,3,A,골목상권,2110730,서울축산농협 독산역지점(독산파출소),660,376,284,1,80,105,117,201,156,1,30,58,54,113,120,0,50,47,63,88,36
2022,3,A,골목상권,2110729,가산동우체국,151,112,39,0,19,30,40,39,23,0,14,19,30,30,19,0,5,11,10,9,4
2022,3,A,골목상권,2110728,두산초등학교,4560,2778,1782,8,88,138,245,530,3551,8,64,86,123,279,2218,0,24,52,122,251,1333
2022,3,A,골목상권,2110727,독산역 1번 출입구,659,514,145,4,72,152,169,191,71,4,48,118,128,165,51,0,24,34,41,26,20
2022,3,A,골목상권,2110726,금천철쭉어린이공원(금하마을),222,172,50,0,19,25,41,62,75,0,17,16,22,45,72,0,2,9,19,17,3
2022,3,A,골목상권,2110725,가산동주민센터,85,59,26,0,6,20,22,20,17,0,3,15,16,12,13,0,3,5,6,8,4
2022,3,A,골목상권,2110724,금천구립가산도서관,366,254,112,1,42,76,122,89,36,1,33,60,90,45,25,0,9,16,32,44,11
2022,3,A,골목상권,2110723,가산디지털단지역 1번 출입구,286,247,39,0,6,10,37,130,103,0,6,5,26,113,97,0,0,5,11,17,6
2022,3,A,골목상권,2110722,G타워,1221,876,345,5,246,423,354,139,54,5,163,311,281,79,37,0,83,112,73,60,17
2022,3,A,골목상권,2110721,가리봉파출소,215,104,111,1,6,36,42,42,88,0,2,19,17,22,44,1,4,17,25,20,44
2022,3,A,골목상권,2110720,대림역 2번,158,73,85,0,23,25,43,35,32,0,10,11,15,15,22,0,13,14,28,20,10
2022,3,A,골목상권,2110719,영서중학교,52,44,8,0,6,9,9,14,14,0,6,7,8,13,10,0,0,2,1,1,4
2022,3,A,골목상권,2110718,한국SGI본부,1614,1061,553,3,308,462,397,336,108,3,167,313,292,220,66,0,141,149,105,116,42
2022,3,A,골목상권,2110717,남구로역 2번,570,271,299,0,108,155,142,104,61,0,49,84,75,34,29,0,59,71,67,70,32
2022,3,A,골목상권,2110716,구로나눔길,666,398,268,1,132,256,164,77,36,0,39,154,115,60,30,1,93,102,49,17,6
2022,3,A,골목상권,2110715,구로구민회관,93,64,29,0,13,15,30,27,8,0,5,11,20,21,7,0,8,4,10,6,1
2022,3,A,골목상권,2110714,구로4동주민센터,271,156,115,0,34,44,57,79,57,0,8,19,32,53,44,0,26,25,25,26,13
2022,3,A,골목상권,2110713,구로보건소,2668,1817,851,5,474,650,706,533,300,3,323,472,514,332,173,2,151,178,192,201,127
2022,3,A,골목상권,2110712,남구로역 5번,233,108,125,1,32,36,66,64,34,0,10,17,24,32,25,1,22,19,42,32,9
2022,3,A,골목상권,2110711,구로초등학교,818,332,486,4,62,122,166,288,176,2,26,70,82,75,77,2,36,52,84,213,99
2022,3,A,골목상권,2110710,남구로역 3번,606,370,236,3,83,96,105,121,198,3,46,63,63,68,127,0,37,33,42,53,71
2022,3,A,골목상권,2110709,구로119안전센터,162,94,68,0,16,19,44,46,37,0,13,12,28,25,16,0,3,7,16,21,21
2022,3,A,골목상권,2110708,화원어린이공원,64,27,37,0,8,12,12,23,9,0,1,4,5,9,8,0,7,8,7,14,1
2022,3,A,골목상권,2110707,구로창업지원센터,1045,760,285,4,141,266,246,253,135,3,78,195,185,186,113,1,63,71,61,67,22
2022,3,A,골목상권,2110706,그라운드 고척,410,100,310,0,122,101,101,68,18,0,22,20,28,20,10,0,100,81,73,48,8
2022,3,A,골목상권,2110705,고산초등학교,33,19,14,0,3,2,8,7,13,0,3,1,8,2,5,0,0,1,0,5,8
2022,3,A,골목상권,2110704,고척중학교,62,36,26,0,12,23,10,12,5,0,7,12,3,11,3,0,5,11,7,1,2
2022,3,A,골목상권,2110703,개봉역,569,449,120,4,28,60,119,170,188,3,16,35,79,141,175,1,12,25,40,29,13
2022,3,A,골목상권,2110702,개봉초등학교,131,93,38,1,15,18,33,34,30,1,10,13,23,24,22,0,5,5,10,10,8
2022,3,A,골목상권,2110701,고척동성당,567,379,188,2,126,185,125,92,37,0,81,133,82,54,29,2,45,52,43,38,8
2022,3,A,골목상권,2110700,고척초등학교,3249,2648,601,3,209,680,974,1176,207,2,119,533,803,1021,170,1,90,147,171,155,37
2022,3,A,골목상권,2110699,덕의초등학교,150,89,61,0,15,24,32,48,31,0,8,15,15,28,23,0,7,9,17,20,8
2022,3,A,골목상권,2110698,개웅초등학교(개웅중학교),279,178,101,3,50,50,54,65,57,3,25,32,32,40,46,0,25,18,22,25,11
2022,3,A,골목상권,2110697,개봉3동주민센터,244,152,92,1,55,64,52,43,29,1,27,41,33,30,20,0,28,23,19,13,9
2022,3,A,골목상권,2110696,오류동역 1번,2453,1671,782,32,831,951,335,223,81,16,483,739,238,133,62,16,348,212,97,90,19
2022,3,A,골목상권,2110695,개봉1동주민센터,546,314,232,1,57,150,143,123,72,1,31,97,72,64,49,0,26,53,71,59,23
2022,3,A,골목상권,2110694,세곡초등학교,445,249,196,2,55,149,90,98,51,0,24,76,51,60,38,2,31,73,39,38,13
2022,3,A,골목상권,2110693,오류동역 4번,17,9,8,0,1,3,5,4,4,0,1,3,2,2,1,0,0,0,3,2,3
2022,3,A,골목상권,2110692,큰굴다리,233,148,85,0,12,52,54,66,49,0,7,19,35,49,38,0,5,33,19,17,11
2022,3,A,골목상권,2110691,개봉중학교,395,205,190,0,37,65,119,115,59,0,20,38,49,52,46,0,17,27,70,63,13
2022,3,A,골목상권,2110690,오류2동버들시장,625,318,307,1,105,200,143,105,71,0,42,115,72,46,43,1,63,85,71,59,28
2022,3,A,골목상권,2110689,오류동역 3번,259,188,71,3,41,45,52,66,52,3,25,32,40,48,40,0,16,13,12,18,12
2022,3,A,골목상권,2110688,오류지구대,171,60,111,1,18,20,40,59,33,0,7,11,15,19,8,1,11,9,25,40,25
2022,3,A,골목상권,2110687,"천왕역 3번(오류2동주민센터, 서울오류남초등학교)",21,16,5,0,2,3,5,6,5,0,1,3,4,4,4,0,1,0,1,2,1
2022,3,A,골목상권,2110686,수궁동주민센터,490,245,245,2,50,83,135,127,93,2,25,37,72,61,48,0,25,46,63,66,45
2022,3,A,골목상권,2110685,금강수목원아파트,181,143,38,0,13,32,53,57,26,0,10,25,38,47,23,0,3,7,15,10,3
2022,3,A,골목상권,2110684,서울공연예술고등학교,157,72,85,2,28,31,36,36,24,0,7,17,19,19,10,2,21,14,17,17,14
2022,3,A,골목상권,2110683,오류고등학교,185,125,60,0,24,46,55,41,19,0,18,33,33,23,18,0,6,13,22,18,1
2022,3,A,골목상권,2110682,온수역 8번,137,128,9,0,3,5,14,43,72,0,2,3,11,42,70,0,1,2,3,1,2
2022,3,A,골목상권,2110681,온수역 1번,152,106,46,0,13,52,39,21,27,0,10,38,25,13,20,0,3,14,14,8,7
2022,3,A,골목상권,2110680,온수역 5번(온수산업단지),1184,1003,181,18,161,205,235,343,222,18,129,175,191,286,204,0,32,30,44,57,18
2022,3,A,골목상권,2110679,염창역 2번,578,407,171,3,90,207,152,80,46,2,50,149,111,58,37,1,40,58,41,22,9
2022,3,A,골목상권,2110678,염창무학아파트,242,188,54,1,30,57,84,47,23,1,15,49,67,39,17,0,15,8,17,8,6
2022,3,A,골목상권,2110677,등촌역 1번,410,321,89,1,50,80,83,91,105,1,24,51,70,76,99,0,26,29,13,15,6
2022,3,A,골목상권,2110676,등촌역 7번,237,141,96,0,31,35,66,57,48,0,13,21,37,37,33,0,18,14,29,20,15
2022,3,A,골목상권,2110675,화곡4동주민센터,289,186,103,0,28,62,73,65,61,0,11,36,40,50,49,0,17,26,33,15,12
2022,3,A,골목상권,2110674,강서구청가양동별관,491,327,164,1,69,102,106,109,104,1,54,78,63,51,80,0,15,24,43,58,24
2022,3,A,골목상권,2110673,뜸부기어린이공원,253,143,110,0,37,52,62,64,38,0,21,29,31,34,28,0,16,23,31,30,10
2022,3,A,골목상권,2110672,백석중학교,155,99,56,1,21,37,40,43,13,1,18,26,18,25,11,0,3,11,22,18,2
2022,3,A,골목상권,2110671,등촌1동주민센터,5012,3056,1956,13,1252,1442,1027,802,476,5,391,945,826,556,333,8,861,497,201,246,143
2022,3,A,골목상권,2110670,신곡초등학교,527,322,205,6,79,119,122,101,100,3,45,78,71,59,66,3,34,41,51,42,34
2022,3,A,골목상권,2110669,화곡보람2차아파트,80,49,31,0,11,20,24,17,8,0,3,12,18,14,2,0,8,8,6,3,6
2022,3,A,골목상권,2110668,화곡2동주민센터,471,278,193,0,55,70,139,127,80,0,22,33,81,77,65,0,33,37,58,50,15
2022,3,A,골목상권,2110667,가양역 10번,177,126,51,0,33,32,56,36,20,0,21,20,38,29,18,0,12,12,18,7,2
2022,3,A,골목상권,2110666,KC대학교,257,131,126,0,26,51,66,72,42,0,16,23,31,26,35,0,10,28,35,46,7
2022,3,A,골목상권,2110665,곰달래도서관,469,285,184,0,36,92,123,138,80,0,25,60,79,74,47,0,11,32,44,64,33
2022,3,A,골목상권,2110664,강서구청옆,111,48,63,0,14,10,31,43,13,0,11,7,10,9,11,0,3,3,21,34,2
2022,3,A,골목상권,2110663,우장산롯데캐슬아파트앞,316,232,84,0,7,25,59,116,109,0,3,18,30,84,97,0,4,7,29,32,12
2022,3,A,골목상권,2110662,까치산역 1번,1480,885,595,4,245,501,396,234,100,4,129,301,207,171,73,0,116,200,189,63,27
2022,3,A,골목상권,2110661,강서새말어린이공원,126,48,78,0,3,13,30,38,42,0,2,8,10,9,19,0,1,5,20,29,23
2022,3,A,골목상권,2110660,등촌3동주민센터,4614,2039,2575,10,469,707,766,1291,1371,5,197,427,424,447,539,5,272,280,342,844,832
2022,3,A,골목상권,2110659,화곡역 4번,867,512,355,11,102,182,240,188,144,9,52,115,144,110,82,2,50,67,96,78,62
2022,3,A,골목상권,2110658,화곡초등학교,253,153,100,0,21,55,62,69,46,0,10,35,36,44,28,0,11,20,26,25,18
2022,3,A,골목상권,2110657,양천향교역 5번,3180,2118,1062,12,334,603,741,695,795,8,191,396,493,385,645,4,143,207,248,310,150
2022,3,A,골목상권,2110656,까치산역 3번,838,498,340,13,89,209,253,192,82,12,52,128,154,93,59,1,37,81,99,99,23
2022,3,A,골목상권,2110655,발산역 5번,587,355,232,0,97,156,147,112,75,0,29,94,98,76,58,0,68,62,49,36,17
2022,3,A,골목상권,2110654,까치산역 4번,1021,686,335,2,68,147,249,380,175,1,38,81,139,281,146,1,30,66,110,99,29
2022,3,A,골목상권,2110653,화곡역 2번,910,490,420,1,191,271,239,169,39,0,79,136,119,134,22,1,112,135,120,35,17
2022,3,A,골목상권,2110652,양천향교역 2번,643,483,160,0,70,131,146,169,127,0,32,102,104,139,106,0,38,29,42,30,21
2022,3,A,골목상권,2110651,화원중학교,377,214,163,2,29,50,102,105,89,1,19,31,68,52,43,1,10,19,34,53,46
2022,3,A,골목상권,2110650,우장산힐스테이트,146,118,28,0,24,30,52,21,19,0,15,25,43,18,17,0,9,5,9,3,2
2022,3,A,골목상권,2110649,우장산역 1번,366,197,169,0,41,92,83,98,52,0,12,49,39,63,34,0,29,43,44,35,18
2022,3,A,골목상권,2110648,양천향교역 7번,13,5,8,0,1,7,1,3,1,0,0,3,1,1,0,0,1,4,0,2,1
2022,3,A,골목상권,2110647,화곡역 5번,890,459,431,2,116,227,219,230,96,1,44,137,110,116,51,1,72,90,109,114,45
2022,3,A,골목상권,2110646,푸른들청소년도서관,782,401,381,1,93,124,208,189,167,1,27,53,103,100,117,0,66,71,105,89,50
2022,3,A,골목상권,2110645,우장산역 4번,794,391,403,0,64,125,239,221,145,0,33,65,87,90,116,0,31,60,152,131,29
2022,3,A,골목상권,2110644,신광명마을,333,288,45,1,24,22,60,107,119,1,7,13,52,100,115,0,17,9,8,7,4
2022,3,A,골목상권,2110643,강서구다솔마을,653,413,240,1,97,165,199,139,52,0,47,101,136,93,36,1,50,64,63,46,16
2022,3,A,골목상권,2110642,정곡초등학교,193,163,30,2,8,14,35,69,65,1,4,10,30,58,60,1,4,4,5,11,5
2022,3,A,골목상권,2110641,공항고등학교,345,236,109,2,46,95,100,79,23,1,30,72,61,52,20,1,16,23,39,27,3
2022,3,A,골목상권,2110640,방화역 1번,1019,638,381,3,139,292,240,195,150,3,62,119,167,158,129,0,77,173,73,37,21
2022,3,A,골목상권,2110639,신방화역 8번,523,369,154,1,74,61,88,153,146,1,17,22,51,139,139,0,57,39,37,14,7
2022,3,A,골목상권,2110638,신방화역 2번,372,202,170,3,53,75,88,87,66,3,22,40,44,43,50,0,31,35,44,44,16
2022,3,A,골목상권,2110637,송정역 2번,540,357,183,4,62,117,114,147,96,0,34,74,81,100,68,4,28,43,33,47,28
2022,3,A,골목상권,2110636,방화역 2번,152,76,76,1,25,49,41,21,15,0,9,26,27,4,10,1,16,23,14,17,5
2022,3,A,골목상권,2110635,공항시장역 3번,1482,399,1083,4,71,92,165,488,662,1,44,62,64,34,194,3,27,30,101,454,468
2022,3,A,골목상권,2110634,송정역 3번,664,434,230,0,64,143,178,145,134,0,33,90,116,101,94,0,31,53,62,44,40
2022,3,A,골목상권,2110633,개화산역 1번,115,89,26,2,29,34,27,15,8,2,28,22,19,10,8,0,1,12,8,5,0
2022,3,A,골목상권,2110632,방화역 3번,1075,887,188,2,42,127,400,334,170,1,21,90,353,281,141,1,21,37,47,53,29
2022,3,A,골목상권,2110631,방화초등학교,359,177,182,2,35,71,73,103,75,2,21,42,39,38,35,0,14,29,34,65,40
2022,3,A,골목상권,2110630,공항시장역 1번,1472,1008,464,0,157,294,298,328,395,0,67,180,202,240,319,0,90,114,96,88,76
2022,3,A,골목상권,2110629,송정역 4번,190,107,83,0,26,52,54,35,23,0,9,34,28,24,12,0,17,18,26,11,11
2022,3,A,골목상권,2110628,신목동역,496,319,177,0,58,88,124,120,106,0,30,58,82,89,60,0,28,30,42,31,46
2022,3,A,골목상권,2110627,신정롯데캐슬아파트,512,310,202,24,127,127,89,83,62,13,69,79,57,49,43,11,58,48,32,34,19
2022,3,A,골목상권,2110626,양화초등학교,652,271,381,1,127,138,149,147,90,0,37,57,76,63,38,1,90,81,73,84,52
2022,3,A,골목상권,2110625,신정2동주민센터,726,454,272,2,98,196,215,155,60,0,51,124,146,94,39,2,47,72,69,61,21
2022,3,A,골목상권,2110624,목동문화체육센터,382,234,148,0,93,118,75,65,31,0,40,79,46,50,19,0,53,39,29,15,12
2022,3,A,골목상권,2110623,갈산공원,118,94,24,0,27,32,24,27,8,0,23,26,21,19,5,0,4,6,3,8,3
2022,3,A,골목상권,2110622,달마을공원,458,261,197,0,58,90,102,138,70,0,26,47,63,65,60,0,32,43,39,73,10
2022,3,A,골목상권,2110621,목동역 5번,111,57,54,0,9,22,22,38,20,0,0,12,13,19,13,0,9,10,9,19,7
2022,3,A,골목상권,2110620,목동보건지소,451,235,216,4,51,81,102,125,88,4,20,45,47,65,54,0,31,36,55,60,34
2022,3,A,골목상권,2110619,목4동주민센터,311,203,108,1,51,87,89,64,19,1,16,52,58,57,19,0,35,35,31,7,0
2022,3,A,골목상권,2110618,강서고등학교,193,135,58,0,19,38,52,52,32,0,10,29,36,34,26,0,9,9,16,18,6
2022,3,A,골목상권,2110617,등촌역 4번,274,192,82,0,47,75,77,51,24,0,37,55,51,33,16,0,10,20,26,18,8
2022,3,A,골목상권,2110616,양목초등학교,161,103,58,0,3,23,19,40,76,0,2,18,14,32,37,0,1,5,5,8,39
2022,3,A,골목상권,2110615,신서초등학교,87,63,24,0,20,21,27,13,6,0,14,18,18,8,5,0,6,3,9,5,1
2022,3,A,골목상권,2110614,목동로데오거리,596,292,304,0,69,85,114,216,112,0,42,44,58,103,45,0,27,41,56,113,67
2022,3,A,골목상권,2110613,신정네거리역 4번,80,20,60,0,8,25,24,19,4,0,2,6,7,4,1,0,6,19,17,15,3
2022,3,A,골목상권,2110612,신정역 5번,644,303,341,1,85,88,143,197,130,0,44,62,74,70,53,1,41,26,69,127,77
2022,3,A,골목상권,2110611,신정역 1번,316,212,104,2,35,61,100,82,36,2,21,44,61,52,32,0,14,17,39,30,4
2022,3,A,골목상권,2110610,계남근린공원,126,85,41,0,5,11,41,44,25,0,3,6,28,35,13,0,2,5,13,9,12
2022,3,A,골목상권,2110609,신정네거리역 2번,1377,1358,19,0,14,15,52,171,1125,0,10,11,45,168,1124,0,4,4,7,3,1
2022,3,A,골목상권,2110608,신월2동주민센터,873,453,420,1,51,116,229,271,205,1,23,69,118,125,117,0,28,47,111,146,88
2022,3,A,골목상권,2110607,금빛새마을금고본점,53,31,22,0,2,10,11,19,11,0,1,4,5,12,9,0,1,6,6,7,2
2022,3,A,골목상권,2110606,신한은행 신월동지점,521,288,233,1,49,80,143,144,104,1,26,42,76,66,77,0,23,38,67,78,27
2022,3,A,골목상권,2110605,목동센트럴아이파크앞,155,89,66,0,15,22,26,47,45,0,5,15,11,27,31,0,10,7,15,20,14
2022,3,A,골목상권,2110604,신월4동주민센터,637,528,109,0,13,50,120,234,220,0,6,29,87,193,213,0,7,21,33,41,7
2022,3,A,골목상권,2110603,지향초등학교,205,119,86,0,13,56,60,44,32,0,5,30,37,25,22,0,8,26,23,19,10
2022,3,A,골목상권,2110602,신월시영아파트중문,644,574,70,1,7,22,68,238,308,0,4,13,52,214,291,1,3,9,16,24,17
2022,3,A,골목상권,2110601,신월1동우편취급국,1200,814,386,3,116,180,274,437,190,1,61,115,183,309,145,2,55,65,91,128,45
2022,3,A,골목상권,2110600,신월7동주민센터,350,263,87,0,32,30,66,101,121,0,17,14,38,79,115,0,15,16,28,22,6
2022,3,A,골목상권,2110599,신월1파출소,378,268,110,3,50,89,94,93,49,2,34,68,63,65,36,1,16,21,31,28,13
2022,3,A,골목상권,2110598,신월문화체육센터,428,195,233,0,21,58,112,150,87,0,5,28,45,66,51,0,16,30,67,84,36
2022,3,A,골목상권,2110597,신월1동주민센터,517,302,215,0,30,68,111,150,158,0,14,36,54,84,114,0,16,32,57,66,44
2022,3,A,골목상권,2110596,서서울호수공원,417,272,145,2,48,90,107,113,57,0,28,56,74,71,43,2,20,34,33,42,14
2022,3,A,골목상권,2110595,메디힐병원,731,459,272,0,80,148,163,185,155,0,34,85,86,136,118,0,46,63,77,49,37
2022,3,A,골목상권,2110594,신월중학교,453,225,228,0,54,166,104,96,33,0,14,66,56,59,30,0,40,100,48,37,3
2022,3,A,골목상권,2110593,신월3동주민센터,304,157,147,0,38,65,76,87,38,0,12,32,45,44,24,0,26,33,31,43,14
2022,3,A,골목상권,2110592,서울금융고등학교,449,344,105,0,19,35,74,156,165,0,9,13,45,128,149,0,10,22,29,28,16
2022,3,A,골목상권,2110591,충정로역 6번,627,422,205,0,99,158,178,126,66,0,55,103,135,92,37,0,44,55,43,34,29
2022,3,A,골목상권,2110590,만리재,97,50,47,0,19,23,23,25,7,0,6,12,11,16,5,0,13,11,12,9,2
2022,3,A,골목상권,2110589,애오개역 3번,58,14,44,0,4,8,19,13,14,0,0,1,5,6,2,0,4,7,14,7,12
2022,3,A,골목상권,2110588,한겨레신문사,169,92,77,0,34,44,41,33,17,0,14,22,20,21,15,0,20,22,21,12,2
2022,3,A,골목상권,2110587,공덕동주민센터,238,121,117,1,36,43,69,53,36,1,15,25,41,23,16,0,21,18,28,30,20
2022,3,A,골목상권,2110586,서울서부지방법원,1461,863,598,2,376,402,333,188,160,1,231,267,164,98,102,1,145,135,169,90,58
2022,3,A,골목상권,2110585,마포경찰서,918,790,128,0,192,360,176,181,9,0,150,313,153,166,8,0,42,47,23,15,1
2022,3,A,골목상권,2110584,아현역 4번,49,13,36,0,4,7,14,13,11,0,0,0,2,5,6,0,4,7,12,8,5
2022,3,A,골목상권,2110583,공덕래미안3차아파트,316,164,152,0,44,98,102,57,15,0,7,54,60,35,8,0,37,44,42,22,7
2022,3,A,골목상권,2110582,이대역 5번,59,19,40,0,6,11,16,16,10,0,0,4,4,6,5,0,6,7,12,10,5
2022,3,A,골목상권,2110581,염리초등학교,16,11,5,0,0,0,2,6,8,0,0,0,2,3,6,0,0,0,0,3,2
2022,3,A,골목상권,2110580,양원초등학교,78,20,58,0,3,6,16,25,28,0,0,1,3,11,5,0,3,5,13,14,23
2022,3,A,골목상권,2110579,마포역 4번,758,561,197,2,62,160,253,214,67,1,37,123,190,160,50,1,25,37,63,54,17
2022,3,A,골목상권,2110578,대흥역 2번,2091,1413,678,2,213,337,391,638,510,1,80,225,309,452,346,1,133,112,82,186,164
2022,3,A,골목상권,2110577,용강동주민센터,145,105,40,0,15,42,47,31,10,0,12,31,38,17,7,0,3,11,9,14,3
2022,3,A,골목상권,2110576,대흥역 3번,1605,1112,493,71,503,480,308,163,80,27,310,365,253,111,46,44,193,115,55,52,34
2022,3,A,골목상권,2110575,대흥동주민센터,206,156,50,2,25,47,36,48,48,2,11,35,25,40,43,0,14,12,11,8,5
2022,3,A,골목상권,2110574,서강대학교,173,123,50,0,35,41,49,38,10,0,17,30,41,30,5,0,18,11,8,8,5
2022,3,A,골목상권,2110573,신촌역 6번,33,14,19,0,7,4,6,8,8,0,2,0,3,3,6,0,5,4,3,5,2
2022,3,A,골목상권,2110572,서강대역 1번,470,254,216,1,63,130,117,116,43,1,32,67,58,66,30,0,31,63,59,50,13
2022,3,A,골목상권,2110571,신수동주민센터,635,358,277,5,109,159,187,126,49,5,57,88,98,74,36,0,52,71,89,52,13
2022,3,A,골목상권,2110570,KB국민은행 서강지점,61,39,22,0,4,22,18,12,5,0,4,13,10,7,5,0,0,9,8,5,0
2022,3,A,골목상권,2110569,홍대땡땡거리,358,153,205,2,62,108,97,53,36,1,18,48,46,19,21,1,44,60,51,34,15
2022,3,A,골목상권,2110568,광흥창역 1번,67,32,35,0,12,21,14,15,5,0,4,10,6,9,3,0,8,11,8,6,2
2022,3,A,골목상권,2110567,광흥창역 6번,91,61,30,0,16,26,27,12,10,0,8,20,13,11,9,0,8,6,14,1,1
2022,3,A,골목상권,2110566,경의선책거리,1690,934,756,2,359,547,406,290,86,1,137,328,252,157,59,1,222,219,154,133,27
2022,3,A,골목상권,2110565,홍익대,107,64,43,0,16,32,34,19,6,0,8,15,23,13,5,0,8,17,11,6,1
2022,3,A,골목상권,2110564,홍대입구역 3번,471,211,260,0,54,125,161,78,53,0,19,47,103,22,20,0,35,78,58,56,33
2022,3,A,골목상권,2110563,상수역 3번,355,274,81,12,83,130,78,23,29,10,63,101,61,16,23,2,20,29,17,7,6
2022,3,A,골목상권,2110562,연트럴파크(연남동주민센터),426,237,189,1,73,118,96,94,44,1,29,76,55,44,32,0,44,42,41,50,12
2022,3,A,골목상권,2110561,상수역 4번,395,247,148,4,59,102,94,89,47,2,21,56,64,68,36,2,38,46,30,21,11
2022,3,A,골목상권,2110560,마포FM,292,140,152,0,26,64,87,77,38,0,10,26,40,36,28,0,16,38,47,41,10
2022,3,A,골목상권,2110559,성산중학교,757,474,283,4,102,187,203,167,94,3,54,102,127,118,70,1,48,85,76,49,24
2022,3,A,골목상권,2110558,경성고등학교,2338,1579,759,11,302,556,565,513,391,10,149,343,406,384,287,1,153,213,159,129,104
2022,3,A,골목상권,2110557,홍대부속여중고앞,760,465,295,1,100,188,196,149,126,1,37,110,137,95,85,0,63,78,59,54,41
2022,3,A,골목상권,2110556,절두산순교성지,176,112,64,3,17,42,58,39,17,3,8,27,39,24,11,0,9,15,19,15,6
2022,3,A,골목상권,2110555,홍익지구대,335,161,174,1,58,69,68,50,89,0,16,32,34,21,58,1,42,37,34,29,31
2022,3,A,골목상권,2110554,망원역 1번,1499,727,772,2,210,352,484,333,118,2,105,174,225,147,74,0,105,178,259,186,44
2022,3,A,골목상권,2110553,가좌역 2번,257,150,107,0,23,42,73,79,40,0,14,23,39,41,33,0,9,19,34,38,7
2022,3,A,골목상권,2110552,성미산체육관,646,469,177,1,110,162,148,159,66,0,72,121,99,129,48,1,38,41,49,30,18
2022,3,A,골목상권,2110551,성서초등학교,803,387,416,1,110,164,235,172,121,1,42,90,114,81,59,0,68,74,121,91,62
2022,3,A,골목상권,2110550,합정역 8번,1578,740,838,1,240,411,414,333,179,0,84,165,221,171,99,1,156,246,193,162,80
2022,3,A,골목상권,2110549,새터산,283,137,146,1,48,61,76,46,51,1,18,31,43,16,28,0,30,30,33,30,23
2022,3,A,골목상권,2110548,마포구청역 4번,795,475,320,5,130,185,210,136,129,3,57,95,122,89,109,2,73,90,88,47,20
2022,3,A,골목상권,2110547,KB국민은행 망원동지점,284,168,116,0,13,47,93,76,55,0,4,25,55,45,39,0,9,22,38,31,16
2022,3,A,골목상권,2110546,양화대교북단,684,408,276,3,185,240,142,68,46,3,79,121,109,55,41,0,106,119,33,13,5
2022,3,A,골목상권,2110545,마포구청역 1번,880,496,384,1,74,169,241,262,133,1,30,100,116,154,95,0,44,69,125,108,38
2022,3,A,골목상권,2110544,망리단길,1203,718,485,1,179,248,331,253,191,1,107,153,171,147,139,0,72,95,160,106,52
2022,3,A,골목상권,2110543,중암중학교,38,25,13,0,6,8,14,7,3,0,3,5,8,6,3,0,3,3,6,1,0
2022,3,A,골목상권,2110542,마포구청역 7번,4013,2450,1563,16,528,715,782,1306,666,9,298,578,607,588,370,7,230,137,175,718,296
2022,3,A,골목상권,2110541,동교초등학교,377,221,156,0,43,59,101,96,78,0,23,37,63,50,48,0,20,22,38,46,30
2022,3,A,골목상권,2110540,망원나들목체육관,288,154,134,0,45,74,85,62,22,0,24,38,42,36,14,0,21,36,43,26,8
2022,3,A,골목상권,2110539,미근동,2792,1821,971,13,225,688,889,822,155,9,167,550,547,424,124,4,58,138,342,398,31
2022,3,A,골목상권,2110538,충정로역 3번,284,178,106,0,12,42,56,66,108,0,5,27,35,42,69,0,7,15,21,24,39
2022,3,A,골목상권,2110537,충정로현대아파트,1514,848,666,1,362,525,328,177,121,0,150,263,215,134,86,1,212,262,113,43,35
2022,3,A,골목상권,2110536,돈의문센트레빌아파트입구,141,105,36,0,12,23,61,32,13,0,7,17,50,21,10,0,5,6,11,11,3
2022,3,A,골목상권,2110535,영천시장입구,797,440,357,2,77,119,179,281,139,2,36,62,110,152,78,0,41,57,69,129,61
2022,3,A,골목상권,2110534,경기대학교,134,67,67,0,9,25,23,33,44,0,6,16,10,11,24,0,3,9,13,22,20
2022,3,A,골목상권,2110533,충정로역 7번,22,11,11,0,5,5,3,5,4,0,0,2,2,4,3,0,5,3,1,1,1
2022,3,A,골목상권,2110532,아현역 2번,330,205,125,0,52,33,48,78,119,0,17,13,23,57,95,0,35,20,25,21,24
2022,3,A,골목상권,2110531,홍지문,141,61,80,0,16,26,24,56,19,0,13,19,13,9,7,0,3,7,11,47,12
2022,3,A,골목상권,2110530,아현역 1번,36,20,16,0,5,5,7,15,4,0,2,5,4,6,3,0,3,0,3,9,1
2022,3,A,골목상권,2110529,홍제3동주민센터,136,67,69,0,14,22,30,27,43,0,2,6,11,16,32,0,12,16,19,11,11
2022,3,A,골목상권,2110528,서울여자간호대학교,309,149,160,0,11,22,32,69,175,0,10,12,16,22,89,0,1,10,16,47,86
2022,3,A,골목상권,2110527,홍제역 2번,177,83,94,1,35,39,35,38,29,1,11,26,14,19,12,0,24,13,21,19,17
2022,3,A,골목상권,2110526,봉원사,241,122,119,1,21,43,58,58,60,1,8,22,26,28,37,0,13,21,32,30,23
2022,3,A,골목상권,2110525,홍은종합사회복지관,61,17,44,0,10,12,15,10,14,0,1,3,0,4,9,0,9,9,15,6,5
2022,3,A,골목상권,2110524,연희세브란스병원,55,23,32,0,10,13,15,10,7,0,5,6,6,3,3,0,5,7,9,7,4
2022,3,A,골목상권,2110523,홍제성원아파트,25,11,14,0,0,6,7,7,5,0,0,1,3,5,2,0,0,5,4,2,3
2022,3,A,골목상권,2110522,홍제역 3번,8,3,5,0,3,0,1,1,3,0,0,0,0,1,2,0,3,0,1,0,1
2022,3,A,골목상권,2110521,홍제역 4번,63,36,27,0,4,7,19,17,16,0,0,4,10,9,13,0,4,3,9,8,3
2022,3,A,골목상권,2110520,경의중앙 신촌역,78,38,40,0,22,12,27,10,7,0,5,5,13,9,6,0,17,7,14,1,1
2022,3,A,골목상권,2110519,서대문구보건소별관,470,175,295,0,58,96,113,139,64,0,15,37,46,42,35,0,43,59,67,97,29
2022,3,A,골목상권,2110518,서대문구청,117,70,47,0,19,39,29,18,12,0,6,19,22,12,11,0,13,20,7,6,1
2022,3,A,골목상권,2110517,서대문소방서,1051,692,359,8,225,280,242,207,89,5,104,187,179,161,56,3,121,93,63,46,33
2022,3,A,골목상권,2110516,정원여중,114,85,29,0,24,19,35,22,14,0,17,14,26,19,9,0,7,5,9,3,5
2022,3,A,골목상권,2110515,홍은중학교,399,312,87,1,46,119,119,68,46,1,33,93,94,52,39,0,13,26,25,16,7
2022,3,A,골목상권,2110514,서대문우체국,86,19,67,0,26,26,17,9,8,0,0,4,7,4,4,0,26,22,10,5,4
2022,3,A,골목상권,2110513,연희파출소,457,241,216,0,51,87,110,130,79,0,17,46,58,69,51,0,34,41,52,61,28
2022,3,A,골목상권,2110512,연희지하차도,357,183,174,0,44,70,106,104,33,0,17,46,47,52,21,0,27,24,59,52,12
2022,3,A,골목상권,2110511,연희초등학교,3766,3317,449,2,465,768,660,1520,351,1,363,658,539,1427,329,1,102,110,121,93,22
2022,3,A,골목상권,2110510,홍연시장,99,59,40,0,8,14,35,26,16,0,4,6,23,14,12,0,4,8,12,12,4
2022,3,A,골목상권,2110509,연희대우아파트앞,691,333,358,0,73,177,151,193,97,0,29,73,77,101,53,0,44,104,74,92,44
2022,3,A,골목상권,2110508,서연중학교,1028,470,558,9,149,249,175,268,178,3,66,152,81,93,75,6,83,97,94,175,103
2022,3,A,골목상권,2110507,명지대학교,1537,1156,381,29,392,636,318,129,33,26,257,481,282,83,27,3,135,155,36,46,6
2022,3,A,골목상권,2110506,연희임광아파트,110,66,44,0,5,12,39,29,25,0,1,8,20,19,18,0,4,4,19,10,7
2022,3,A,골목상권,2110505,홍남교남측,14,9,5,0,1,0,3,7,3,0,0,0,2,5,2,0,1,0,1,2,1
2022,3,A,골목상권,2110504,명지전문대,139,35,104,0,8,17,27,38,49,0,3,4,6,11,11,0,5,13,21,27,38
2022,3,A,골목상권,2110503,명지대학교교회,230,123,107,0,27,52,59,64,28,0,9,30,26,36,22,0,18,22,33,28,6
2022,3,A,골목상권,2110502,남가좌파출소,290,147,143,0,29,34,73,92,62,0,14,16,35,47,35,0,15,18,38,45,27
2022,3,A,골목상권,2110501,연희어린이공원,214,82,132,0,12,33,40,75,54,0,3,20,15,18,26,0,9,13,25,57,28
2022,3,A,골목상권,2110500,남가좌동현대아파트,74,54,20,0,12,13,23,22,4,0,8,9,17,17,3,0,4,4,6,5,1
2022,3,A,골목상권,2110499,연가초등학교,282,123,159,0,44,47,83,67,41,0,8,22,32,35,26,0,36,25,51,32,15
2022,3,A,골목상권,2110498,증산역 1번,222,102,120,0,15,32,75,68,32,0,7,9,31,32,23,0,8,23,44,36,9
2022,3,A,골목상권,2110497,가좌역 3번,299,247,52,0,13,33,86,117,50,0,3,16,74,113,41,0,10,17,12,4,9
2022,3,A,골목상권,2110496,모래내우체국,611,333,278,2,88,190,160,89,82,2,20,100,117,42,52,0,68,90,43,47,30
2022,3,A,골목상권,2110495,북가좌2동주민센터,501,372,129,0,28,67,125,185,96,0,11,45,88,152,76,0,17,22,37,33,20
2022,3,A,골목상권,2110494,증산3교남측,31,24,7,0,1,8,7,9,6,0,0,7,5,7,5,0,1,1,2,2,1
2022,3,A,골목상권,2110493,북가좌초등학교,892,830,62,0,2,19,27,80,764,0,0,12,22,68,728,0,2,7,5,12,36
2022,3,A,골목상권,2110492,하나고등학교,247,43,204,1,6,15,13,98,114,0,1,8,7,10,17,1,5,7,6,88,97
2022,3,A,골목상권,2110491,불광중학교,195,90,105,0,13,35,71,56,20,0,8,20,32,18,12,0,5,15,39,38,8
2022,3,A,골목상권,2110490,녹번동근린공원,307,166,141,0,30,64,85,76,52,0,11,30,47,45,33,0,19,34,38,31,19
2022,3,A,골목상권,2110489,불광역 3번,35,25,10,0,3,7,10,10,5,0,3,4,7,6,5,0,0,3,3,4,0
2022,3,A,골목상권,2110488,우리은행응암동지점,171,103,68,1,14,24,41,36,55,0,8,16,19,15,45,1,6,8,22,21,10
2022,3,A,골목상권,2110487,불광역 8번,63,35,28,0,11,22,15,8,7,0,6,11,7,8,3,0,5,11,8,0,4
2022,3,A,골목상권,2110486,은평구청,629,292,337,0,86,110,146,178,109,0,55,72,56,64,45,0,31,38,90,114,64
2022,3,A,골목상권,2110485,연신내우체국,1259,678,581,0,7,24,35,160,1033,0,4,5,15,70,584,0,3,19,20,90,449
2022,3,A,골목상권,2110484,역촌역 3번,500,203,297,6,62,136,132,103,61,5,34,48,43,35,38,1,28,88,89,68,23
2022,3,A,골목상권,2110483,연천초등학교,147,90,57,0,13,21,45,22,46,0,5,11,31,13,30,0,8,10,14,9,16
2022,3,A,골목상권,2110482,연신초등학교,45,19,26,0,2,5,16,19,3,0,0,0,6,11,2,0,2,5,10,8,1
2022,3,A,골목상권,2110481,불광역 7번,193,86,107,0,13,43,41,57,39,0,2,22,11,24,27,0,11,21,30,33,12
2022,3,A,골목상권,2110480,연신내역 3번,117,34,83,0,7,27,37,29,17,0,0,7,12,9,6,0,7,20,25,20,11
2022,3,A,골목상권,2110479,연신내역 2번,304,177,127,1,50,83,64,66,40,0,28,71,33,32,13,1,22,12,31,34,27
2022,3,A,골목상권,2110478,응암1동주민센터,359,221,138,2,26,39,56,58,178,2,16,23,28,33,119,0,10,16,28,25,59
2022,3,A,골목상권,2110477,은평세무서,434,205,229,0,43,62,106,141,82,0,15,23,49,71,47,0,28,39,57,70,35
2022,3,A,골목상권,2110476,역촌역 2번,56,26,30,0,2,8,22,17,7,0,1,3,9,7,6,0,1,5,13,10,1
2022,3,A,골목상권,2110475,백련산해모로아파트,241,126,115,1,23,42,76,68,31,1,10,24,44,28,19,0,13,18,32,40,12
2022,3,A,골목상권,2110474,세명컴퓨터고등학교,196,68,128,0,12,41,40,59,44,0,3,19,15,11,20,0,9,22,25,48,24
2022,3,A,골목상권,2110473,구산역 1번,436,241,195,0,34,59,113,107,123,0,24,27,53,49,88,0,10,32,60,58,35
2022,3,A,골목상권,2110472,연신내역 4번,336,156,180,2,52,77,80,68,57,1,16,43,30,37,29,1,36,34,50,31,28
2022,3,A,골목상권,2110471,응암동우체국,258,110,148,0,33,58,70,72,25,0,10,17,25,36,22,0,23,41,45,36,3
2022,3,A,골목상권,2110470,신진과학기술고등학교,127,78,49,0,30,22,40,25,10,0,12,11,31,19,5,0,18,11,9,6,5
2022,3,A,골목상권,2110469,응암정보도서관,340,184,156,1,38,58,102,103,38,0,11,29,59,56,29,1,27,29,43,47,9
2022,3,A,골목상권,2110468,응암역 3번,1129,494,635,2,141,256,316,256,158,0,44,114,140,109,87,2,97,142,176,147,71
2022,3,A,골목상권,2110467,은평요양병원,487,284,203,3,90,154,110,68,62,2,46,100,61,37,38,1,44,54,49,31,24
2022,3,A,골목상권,2110466,구산역 2번,87,46,41,0,12,17,26,24,8,0,4,5,16,15,6,0,8,12,10,9,2
2022,3,A,골목상권,2110465,연신내역 7번,229,110,119,3,36,48,55,52,35,2,11,25,24,23,25,1,25,23,31,29,10
2022,3,A,골목상권,2110464,연신내역 5번,301,170,131,4,32,53,93,85,34,4,18,28,44,49,27,0,14,25,49,36,7
2022,3,A,골목상권,2110463,응암3동주민센터,123,54,69,0,7,23,36,26,31,0,3,6,14,11,20,0,4,17,22,15,11
2022,3,A,골목상권,2110462,갈현건영아파트,354,220,134,1,41,64,104,81,63,1,23,38,61,50,47,0,18,26,43,31,16
2022,3,A,골목상권,2110461,새절역 2번,39,21,18,0,2,8,11,10,8,0,2,2,6,6,5,0,0,6,5,4,3
2022,3,A,골목상권,2110460,구산역 4번,969,582,387,0,57,184,248,234,246,0,18,124,133,121,186,0,39,60,115,113,60
2022,3,A,골목상권,2110459,응암역 2번,547,198,349,1,50,105,159,154,78,0,9,38,77,41,33,1,41,67,82,113,45
2022,3,A,골목상권,2110458,선일여고,404,211,193,1,34,87,96,122,64,0,19,52,49,54,37,1,15,35,47,68,27
2022,3,A,골목상권,2110457,예일여고,484,284,200,1,60,89,88,132,114,0,27,47,47,71,92,1,33,42,41,61,22
2022,3,A,골목상권,2110456,구산보건지소,966,543,423,3,284,226,177,146,130,1,123,112,94,96,117,2,161,114,83,50,13
2022,3,A,골목상권,2110455,역촌노인복지관,678,360,318,2,69,118,187,198,104,0,34,63,89,105,69,2,35,55,98,93,35
2022,3,A,골목상권,2110454,선정중학교,481,268,213,3,56,71,142,108,101,2,42,35,53,66,70,1,14,36,89,42,31
2022,3,A,골목상권,2110453,신사1동주민센터,515,288,227,0,43,81,121,155,115,0,20,25,65,85,93,0,23,56,56,70,22
2022,3,A,골목상권,2110452,새절역 3번,420,347,73,1,17,47,78,132,145,1,11,29,58,113,135,0,6,18,20,19,10
2022,3,A,골목상권,2110451,증산역 4번,1296,986,310,2,153,384,374,298,85,2,78,294,312,235,65,0,75,90,62,63,20
2022,3,A,골목상권,2110450,시립서북병원,1576,644,932,4,301,361,344,339,227,2,124,172,146,108,92,2,177,189,198,231,135
2022,3,A,골목상권,2110449,증산역 3번,717,414,303,0,105,161,186,149,116,0,47,98,99,85,85,0,58,63,87,64,31
2022,3,A,골목상권,2110448,상신초등학교입구,120,76,44,1,20,27,26,26,20,1,17,17,12,14,15,0,3,10,14,12,5
2022,3,A,골목상권,2110447,구산초등학교,12,7,5,0,2,2,3,1,4,0,1,2,1,1,2,0,1,0,2,0,2
2022,3,A,골목상권,2110446,내를건너서숲으로도서관,375,294,81,0,65,88,84,69,69,0,61,77,55,44,57,0,4,11,29,25,12
2022,3,A,골목상권,2110445,덕산중학교,61,45,16,0,18,14,15,6,8,0,10,9,12,6,8,0,8,5,3,0,0
2022,3,A,골목상권,2110444,수색성당,170,73,97,0,13,53,46,45,13,0,5,27,13,17,11,0,8,26,33,28,2
2022,3,A,골목상권,2110443,수색역 1번,14,7,7,0,1,1,7,4,1,0,0,1,2,3,1,0,1,0,5,1,0
2022,3,A,골목상권,2110442,화랑대철도공원,76,20,56,0,1,4,14,49,8,0,0,2,4,10,4,0,1,2,10,39,4
2022,3,A,골목상권,2110441,영신여고,172,78,94,0,19,38,41,45,29,0,7,20,16,23,12,0,12,18,25,22,17
2022,3,A,골목상권,2110440,상계3동4동주민센터,49,16,33,0,8,6,15,10,10,0,1,1,4,2,8,0,7,5,11,8,2
2022,3,A,골목상권,2110439,당고개역 5번,63,21,42,0,3,7,6,19,28,0,0,4,2,7,8,0,3,3,4,12,20
2022,3,A,골목상권,2110438,경춘선숲길 우측,230,110,120,0,26,54,83,52,15,0,12,21,38,30,9,0,14,33,45,22,6
2022,3,A,골목상권,2110437,당고개역 2번,116,40,76,0,16,23,25,41,11,0,5,11,9,10,5,0,11,12,16,31,6
2022,3,A,골목상권,2110436,상계제일중학교,93,60,33,0,15,21,33,20,4,0,5,13,23,15,4,0,10,8,10,5,0
2022,3,A,골목상권,2110435,서울과학기술대,73,40,33,0,5,12,18,25,13,0,3,4,8,14,11,0,2,8,10,11,2
2022,3,A,골목상권,2110434,태릉입구역 4번,121,62,59,0,13,11,24,35,38,0,3,2,12,22,23,0,10,9,12,13,15
2022,3,A,골목상권,2110433,공릉역 2번,401,137,264,1,30,41,46,46,237,1,17,30,25,18,46,0,13,11,21,28,191
2022,3,A,골목상권,2110432,대진고등학교,894,734,160,0,55,146,248,343,102,0,27,96,214,311,86,0,28,50,34,32,16
2022,3,A,골목상권,2110431,상계역,124,72,52,1,16,24,28,37,18,0,2,13,17,27,13,1,14,11,11,10,5
2022,3,A,골목상권,2110430,중계초등학교,307,114,193,0,20,36,65,106,80,0,9,11,21,29,44,0,11,25,44,77,36
2022,3,A,골목상권,2110429,공릉동 국수거리,2074,916,1158,3,224,284,511,689,363,1,91,167,248,234,175,2,133,117,263,455,188
2022,3,A,골목상권,2110428,상계5동주민센터,491,217,274,1,43,52,106,158,131,0,14,25,45,70,63,1,29,27,61,88,68
2022,3,A,골목상권,2110427,노원 을지대학교병원,363,281,82,0,27,27,62,126,121,0,12,14,31,109,115,0,15,13,31,17,6
2022,3,A,골목상권,2110426,상계2동주민센터,337,169,168,0,32,57,83,96,69,0,15,30,39,45,40,0,17,27,44,51,29
2022,3,A,골목상권,2110425,계상초등학교,130,54,76,2,18,10,35,38,27,2,5,5,18,14,10,0,13,5,17,24,17
2022,3,A,골목상권,2110424,상계초등학교,388,157,231,2,42,50,96,106,92,2,18,32,32,42,31,0,24,18,64,64,61
2022,3,A,골목상권,2110423,석계역 2번,280,104,176,0,27,29,65,73,86,0,9,15,31,29,20,0,18,14,34,44,66
2022,3,A,골목상권,2110422,노원역 9번,277,221,56,0,27,70,94,54,32,0,24,59,79,37,22,0,3,11,15,17,10
2022,3,A,골목상권,2110421,석계역 1번,249,109,140,0,22,37,78,65,47,0,8,16,31,26,28,0,14,21,47,39,19
2022,3,A,골목상권,2110420,광운대역 1번,814,483,331,7,235,312,188,43,29,0,114,236,92,23,18,7,121,76,96,20,11
2022,3,A,골목상권,2110419,수락산디자인거리,789,536,253,5,96,138,186,200,164,5,51,79,130,146,125,0,45,59,56,54,39
2022,3,A,골목상권,2110418,광운대학교 남단,100,45,55,0,11,17,23,26,23,0,5,5,13,16,6,0,6,12,10,10,17
2022,3,A,골목상권,2110417,월계역 3번,26,14,12,0,11,9,2,4,0,0,4,6,2,2,0,0,7,3,0,2,0
2022,3,A,골목상권,2110416,노원초등학교,468,244,224,4,61,110,118,126,49,2,24,73,58,58,29,2,37,37,60,68,20
2022,3,A,골목상권,2110415,수락산역 4번,635,386,249,5,82,110,155,174,109,5,46,71,85,110,69,0,36,39,70,64,40
2022,3,A,골목상권,2110414,장석교회,61,47,14,0,5,13,15,20,8,0,3,11,11,17,5,0,2,2,4,3,3
2022,3,A,골목상권,2110413,누원고등학교,54,33,21,0,8,11,12,11,12,0,5,8,5,5,10,0,3,3,7,6,2
2022,3,A,골목상권,2110412,창동중학교,25,23,2,0,4,7,3,4,7,0,3,7,3,3,7,0,1,0,0,1,0
2022,3,A,골목상권,2110411,도봉역 3번,413,368,45,1,13,35,58,137,169,0,10,22,45,130,161,1,3,13,13,7,8
2022,3,A,골목상권,2110410,방학역 2번,957,833,124,3,75,187,185,224,283,2,61,162,154,194,260,1,14,25,31,30,23
2022,3,A,골목상권,2110409,창동역 2번,3957,2958,999,1,352,962,964,701,977,0,256,794,803,441,664,1,96,168,161,260,313
2022,3,A,골목상권,2110408,가인초등학교,359,108,251,0,68,70,101,86,34,0,13,24,33,22,16,0,55,46,68,64,18
2022,3,A,골목상권,2110407,도봉역 2번,562,338,224,1,32,77,115,203,134,1,8,41,57,126,105,0,24,36,58,77,29
2022,3,A,골목상권,2110406,도봉산역 1번,659,595,64,0,13,37,147,294,168,0,6,25,133,278,153,0,7,12,14,16,15
2022,3,A,골목상권,2110405,방학역 1번,1123,365,758,3,130,176,308,427,79,3,67,109,82,70,34,0,63,67,226,357,45
2022,3,A,골목상권,2110404,신창초등학교,520,300,220,1,42,96,163,136,82,0,11,57,109,76,47,1,31,39,54,60,35
2022,3,A,골목상권,2110403,방학1동주민센터,316,167,149,1,44,56,63,78,74,1,30,37,36,36,27,0,14,19,27,42,47
2022,3,A,골목상권,2110402,도봉구 정병원,471,221,250,1,85,98,98,106,83,0,24,38,54,59,46,1,61,60,44,47,37
2022,3,A,골목상권,2110401,도봉구민회관,243,65,178,0,29,32,38,87,57,0,4,14,14,22,11,0,25,18,24,65,46
2022,3,A,골목상권,2110400,도봉구보건소,191,111,80,0,20,35,53,51,32,0,9,22,32,26,22,0,11,13,21,25,10
2022,3,A,골목상권,2110399,창2동주민센터,852,519,333,8,114,210,262,189,69,8,71,159,139,94,48,0,43,51,123,95,21
2022,3,A,골목상권,2110398,쌍문2동우체국,474,326,148,0,30,65,96,153,130,0,11,27,50,124,114,0,19,38,46,29,16
2022,3,A,골목상권,2110397,도봉산입구,469,257,212,0,31,56,101,131,150,0,6,34,39,73,105,0,25,22,62,58,45
2022,3,A,골목상권,2110396,쌍문역1번(쌍리단길),259,94,165,2,41,49,52,76,39,0,13,15,22,29,15,2,28,34,30,47,24
2022,3,A,골목상권,2110395,신한은행 방학동지점,163,42,121,0,17,20,44,42,40,0,0,2,11,9,20,0,17,18,33,33,20
2022,3,A,골목상권,2110394,방학중학교,193,116,77,0,15,32,46,48,52,0,8,18,23,29,38,0,7,14,23,19,14
2022,3,A,골목상권,2110393,국민은행방학지점,49,13,36,0,2,10,17,15,5,0,0,0,4,6,3,0,2,10,13,9,2
2022,3,A,골목상권,2110392,발바닥공원,43,17,26,0,2,8,7,10,16,0,0,0,3,3,11,0,2,8,4,7,5
2022,3,A,골목상권,2110391,샘말어린이공원,373,154,219,0,29,54,74,53,163,0,14,28,40,26,46,0,15,26,34,27,117
2022,3,A,골목상권,2110390,방학초등학교,225,105,120,0,18,60,66,58,23,0,7,33,27,27,11,0,11,27,39,31,12
2022,3,A,골목상권,2110389,한일병원,209,120,89,0,23,37,57,53,39,0,10,19,35,30,26,0,13,18,22,23,13
2022,3,A,골목상권,2110388,도봉우체국,35,23,12,0,4,3,10,14,4,0,2,2,7,8,4,0,2,1,3,6,0
2022,3,A,골목상권,2110387,쌍문초등학교,335,185,150,0,38,53,98,88,58,0,13,29,51,47,45,0,25,24,47,41,13
2022,3,A,골목상권,2110386,연산군묘,124,114,10,0,4,3,10,44,63,0,1,3,7,40,63,0,3,0,3,4,0
2022,3,A,골목상권,2110385,효문고등학교,37,22,15,0,3,9,12,4,9,0,2,5,3,4,8,0,1,4,9,0,1
2022,3,A,골목상권,2110384,문이교,248,138,110,0,37,20,50,81,60,0,12,8,21,51,46,0,25,12,29,30,14
2022,3,A,골목상권,2110383,덕성여대시반거리,33,21,12,0,0,3,13,10,7,0,0,2,9,5,5,0,0,1,4,5,2
2022,3,A,골목상권,2110382,솔밭공원역 1번,32,25,7,0,1,9,8,7,7,0,0,5,6,7,7,0,1,4,2,0,0
2022,3,A,골목상권,2110381,번동주공2단지,171,88,83,5,31,28,38,55,14,4,11,14,21,30,8,1,20,14,17,25,6
2022,3,A,골목상권,2110380,강북문화정보도서관,48,15,33,0,12,10,12,10,4,0,0,3,5,4,3,0,12,7,7,6,1
2022,3,A,골목상권,2110379,KT&G 북부지사,12,3,9,1,1,1,3,3,3,0,0,0,1,1,1,1,1,1,2,2,2
2022,3,A,골목상권,2110378,송중동주민센터,23,13,10,0,1,4,6,9,3,0,1,2,2,6,2,0,0,2,4,3,1
2022,3,A,골목상권,2110377,미아사거리역 3번,21,14,7,0,2,2,2,9,6,0,2,2,1,4,5,0,0,0,1,5,1
2022,3,A,골목상권,2110376,수송초등학교,224,142,82,0,26,47,62,60,29,0,12,29,38,41,22,0,14,18,24,19,7
2022,3,A,골목상권,2110375,서울북부고용노동지청,178,99,79,1,23,32,47,52,23,0,18,26,25,19,11,1,5,6,22,33,12
2022,3,A,골목상권,2110374,송중초등학교,491,272,219,5,33,60,145,140,108,5,9,29,73,70,86,0,24,31,72,70,22
2022,3,A,골목상권,2110373,수유역 2번,891,705,186,0,129,255,172,236,99,0,90,208,134,205,68,0,39,47,38,31,31
2022,3,A,골목상권,2110372,강북중학교,188,100,88,0,21,43,50,48,26,0,17,25,18,20,20,0,4,18,32,28,6
2022,3,A,골목상권,2110371,삼양입구사거리,49,23,26,0,2,7,10,19,11,0,0,3,5,10,5,0,2,4,5,9,6
2022,3,A,골목상권,2110370,도봉세무서,367,255,112,0,17,61,76,105,108,0,11,31,42,80,91,0,6,30,34,25,17
2022,3,A,골목상권,2110369,성신여대운정그린캠퍼스,518,214,304,1,49,46,131,131,160,1,10,16,44,53,90,0,39,30,87,78,70
2022,3,A,골목상권,2110368,송천초등학교,196,176,20,0,9,16,36,71,64,0,5,11,32,66,62,0,4,5,4,5,2
2022,3,A,골목상권,2110367,강북구청,1943,976,967,5,195,512,483,522,226,4,64,205,237,340,126,1,131,307,246,182,100
2022,3,A,골목상권,2110366,광산사거리,91,64,27,0,17,20,17,22,15,0,13,13,11,16,11,0,4,7,6,6,4
2022,3,A,골목상권,2110365,미아역 5번,341,83,258,0,17,21,44,63,196,0,5,12,15,17,34,0,12,9,29,46,162
2022,3,A,골목상권,2110364,미아역 8번,146,75,71,0,9,26,51,39,21,0,3,9,25,23,15,0,6,17,26,16,6
2022,3,A,골목상권,2110363,송천동주민센터,19,12,7,0,0,4,3,7,5,0,0,3,1,4,4,0,0,1,2,3,1
2022,3,A,골목상권,2110362,우이천 계성교,205,110,95,1,24,34,61,63,22,0,11,19,28,35,17,1,13,15,33,28,5
2022,3,A,골목상권,2110361,삼양사거리역 1번,101,29,72,0,9,12,19,28,33,0,2,4,3,7,13,0,7,8,16,21,20
2022,3,A,골목상권,2110360,수유초등학교,321,222,99,0,34,61,63,67,96,0,7,43,42,44,86,0,27,18,21,23,10
2022,3,A,골목상권,2110359,수유시장옆,117,67,50,0,12,25,33,36,11,0,3,12,16,29,7,0,9,13,17,7,4
2022,3,A,골목상권,2110358,인수동 우편취급국,558,300,258,0,18,35,68,214,223,0,2,18,24,94,162,0,16,17,44,120,61
2022,3,A,골목상권,2110357,가오리역 1번,725,611,114,0,25,36,171,340,153,0,4,18,146,310,133,0,21,18,25,30,20
2022,3,A,골목상권,2110356,덕수교,228,114,114,0,13,34,55,60,66,0,4,17,22,30,41,0,9,17,33,30,25
2022,3,A,골목상권,2110355,삼양사거리역 2번,306,254,52,0,8,26,44,103,125,0,1,10,31,94,118,0,7,16,13,9,7
2022,3,A,골목상권,2110354,삼각산119안전센터,22,5,17,0,2,3,10,5,2,0,0,0,2,1,2,0,2,3,8,4,0
2022,3,A,골목상권,2110353,수유동우체국,187,91,96,0,4,18,48,60,57,0,1,12,33,27,18,0,3,6,15,33,39
2022,3,A,골목상권,2110352,수유1동주민센터,305,121,184,0,28,55,103,86,33,0,11,24,37,32,17,0,17,31,66,54,16
2022,3,A,골목상권,2110351,수유북부시장옆,214,93,121,0,27,45,51,59,32,0,9,17,20,25,22,0,18,28,31,34,10
2022,3,A,골목상권,2110350,가오리역 2번,148,77,71,0,11,27,37,49,24,0,5,11,18,26,17,0,6,16,19,23,7
2022,3,A,골목상권,2110349,화계역 2번,83,67,16,0,6,4,21,33,19,0,5,3,12,28,19,0,1,1,9,5,0
2022,3,A,골목상권,2110348,강북문화예술회관,343,174,169,0,27,59,108,96,53,0,4,31,63,43,33,0,23,28,45,53,20
2022,3,A,골목상권,2110347,구세군강북종합사회복지관,38,17,21,0,10,7,5,9,7,0,1,5,1,5,5,0,9,2,4,4,2
2022,3,A,골목상권,2110346,4.19민주묘지역 2번,96,48,48,0,12,13,19,19,33,0,3,7,8,7,23,0,9,6,11,12,10
2022,3,A,골목상권,2110345,솔밭공원역 2번,117,48,69,1,14,20,26,38,18,0,3,6,8,18,13,1,11,14,18,20,5
2022,3,A,골목상권,2110344,화계중학교,12,10,2,0,7,1,1,2,1,0,5,1,1,2,1,0,2,0,0,0,0
2022,3,A,골목상권,2110343,무너미어린이공원,100,74,26,0,7,21,28,32,12,0,4,14,22,25,9,0,3,7,6,7,3
2022,3,A,골목상권,2110342,국립재활원,59,44,15,0,5,11,20,15,8,0,3,8,14,13,6,0,2,3,6,2,2
2022,3,A,골목상권,2110341,북한산우이역 2번,492,408,84,0,15,25,80,255,117,0,4,10,52,235,107,0,11,15,28,20,10
2022,3,A,골목상권,2110340,인수중학교,176,99,77,0,24,55,50,29,18,0,8,43,31,7,10,0,16,12,19,22,8
2022,3,A,골목상권,2110339,국립4.19민주묘지,26,10,16,0,2,4,8,7,5,0,0,3,5,0,2,0,2,1,3,7,3
2022,3,A,골목상권,2110338,인수초등학교,190,135,55,0,34,59,43,46,8,0,18,42,33,35,7,0,16,17,10,11,1
2022,3,A,골목상권,2110337,아카데미하우스,512,368,144,6,70,69,94,159,114,6,43,58,60,98,103,0,27,11,34,61,11
2022,3,A,골목상권,2110336,석관고등학교,94,84,10,0,3,17,16,37,21,0,3,15,13,34,19,0,0,2,3,3,2
2022,3,A,골목상권,2110335,석계역 7번,249,172,77,1,19,32,66,64,67,0,13,18,34,45,62,1,6,14,32,19,5
2022,3,A,골목상권,2110334,석관중앙교회,170,105,65,0,21,43,31,41,34,0,8,19,19,29,30,0,13,24,12,12,4
2022,3,A,골목상권,2110333,돌곶이역 5번,988,746,242,0,15,23,38,74,838,0,2,13,20,42,669,0,13,10,18,32,169
2022,3,A,골목상권,2110332,돌곶이역 3번,164,63,101,0,28,29,42,47,18,0,6,18,19,14,6,0,22,11,23,33,12
2022,3,A,골목상권,2110331,돌곶이역 8번,436,292,144,3,54,146,112,76,45,0,17,105,82,53,35,3,37,41,30,23,10
2022,3,A,골목상권,2110330,돌곶이역 1번,220,172,48,0,12,18,33,31,126,0,4,12,20,23,113,0,8,6,13,8,13
2022,3,A,골목상권,2110329,우리은행체육관,53,27,26,1,7,9,12,17,7,1,0,5,5,10,6,0,7,4,7,7,1
2022,3,A,골목상권,2110328,상월곡역 3번,250,157,93,1,41,81,66,39,22,1,26,58,33,24,15,0,15,23,33,15,7
2022,3,A,골목상권,2110327,상월곡역 2번,104,55,49,0,8,15,39,26,16,0,3,6,23,14,9,0,5,9,16,12,7
2022,3,A,골목상권,2110326,장위동성당,84,40,44,0,2,9,16,13,44,0,1,2,6,5,26,0,1,7,10,8,18
2022,3,A,골목상권,2110325,장곡초등학교,62,22,40,0,0,14,22,20,6,0,0,3,8,7,4,0,0,11,14,13,2
2022,3,A,골목상권,2110324,월곡역 4번,99,55,44,0,31,21,19,18,10,0,9,10,13,14,9,0,22,11,6,4,1
2022,3,A,골목상권,2110323,상월곡역 1번,109,30,79,2,25,24,28,18,12,0,4,5,11,5,5,2,21,19,17,13,7
2022,3,A,골목상권,2110322,장위1동주민센터,237,158,79,0,14,15,42,74,92,0,9,11,30,52,56,0,5,4,12,22,36
2022,3,A,골목상권,2110321,동덕여대,43,29,14,0,2,6,17,12,6,0,2,6,9,7,5,0,0,0,8,5,1
2022,3,A,골목상권,2110320,KB국민은행 종암동지점,72,44,28,0,2,11,24,21,14,0,1,5,12,14,12,0,1,6,12,7,2
2022,3,A,골목상권,2110319,종암동주민센터,277,111,166,1,45,49,65,62,55,0,8,19,24,32,28,1,37,30,41,30,27
2022,3,A,골목상권,2110318,KT월곡지사,148,78,70,0,21,29,45,36,17,0,10,19,22,14,13,0,11,10,23,22,4
2022,3,A,골목상권,2110317,종암중학교,412,207,205,0,33,120,153,86,20,0,14,47,78,59,9,0,19,73,75,27,11
2022,3,A,골목상권,2110316,숭곡초등학교,439,217,222,2,68,114,129,88,38,2,19,58,73,42,23,0,49,56,56,46,15
2022,3,A,골목상권,2110315,종암아이파크2차,124,78,46,0,11,17,41,38,17,0,4,9,27,25,13,0,7,8,14,13,4
2022,3,A,골목상권,2110314,종암경찰서,953,701,252,1,127,272,224,287,42,0,72,207,163,231,28,1,55,65,61,56,14
2022,3,A,골목상권,2110313,안암역 3번,2079,1351,728,2,209,555,672,477,164,0,96,312,446,356,141,2,113,243,226,121,23
2022,3,A,골목상권,2110312,안암역 2번,175,96,79,0,18,24,52,54,27,0,9,17,27,27,16,0,9,7,25,27,11
2022,3,A,골목상권,2110311,종암아이파크2차후문,49,21,28,0,3,5,24,7,10,0,2,2,6,4,7,0,1,3,18,3,3
2022,3,A,골목상권,2110310,길음역 10번,45,14,31,0,12,8,5,15,5,0,4,1,2,4,3,0,8,7,3,11,2
2022,3,A,골목상권,2110309,대광초등학교,354,252,102,0,37,57,103,96,61,0,18,39,69,75,51,0,19,18,34,21,10
2022,3,A,골목상권,2110308,길음역 8번,174,85,89,0,17,36,56,41,24,0,8,17,26,20,14,0,9,19,30,21,10
2022,3,A,골목상권,2110307,길음역 7번,158,71,87,0,29,32,52,27,18,0,7,17,23,12,12,0,22,15,29,15,6
2022,3,A,골목상권,2110306,미아초등학교,291,194,97,2,13,46,66,71,93,0,3,25,39,45,82,2,10,21,27,26,11
2022,3,A,골목상권,2110305,보문역 5번,883,661,222,3,165,255,173,133,154,1,99,199,129,103,130,2,66,56,44,30,24
2022,3,A,골목상권,2110304,보문역 4번,248,146,102,0,40,77,61,48,22,0,10,46,35,37,18,0,30,31,26,11,4
2022,3,A,골목상권,2110303,성신여대입구역 1번,138,97,41,1,7,35,44,27,24,0,2,22,28,25,20,1,5,13,16,2,4
2022,3,A,골목상권,2110302,보문역 8번,3818,3195,623,1,369,1436,715,829,468,1,257,1276,659,708,294,0,112,160,56,121,174
2022,3,A,골목상권,2110301,성신여대입구역 7번,484,209,275,1,73,84,96,134,96,0,31,37,39,62,40,1,42,47,57,72,56
2022,3,A,골목상권,2110300,삼선동주민센터,2735,1587,1148,3,248,710,769,844,161,2,97,300,444,629,115,1,151,410,325,215,46
2022,3,A,골목상권,2110299,정릉역 1번,372,241,131,1,33,49,83,95,111,0,9,12,40,74,106,1,24,37,43,21,5
2022,3,A,골목상권,2110298,솔숲어린이공원,77,28,49,0,18,11,24,12,12,0,3,5,7,5,8,0,15,6,17,7,4
2022,3,A,골목상권,2110297,경동고등학교,654,311,343,0,74,123,156,164,137,0,31,65,74,79,62,0,43,58,82,85,75
2022,3,A,골목상권,2110296,성신여대입구역 4번,77,39,38,1,7,12,30,11,16,1,3,7,15,8,5,0,4,5,15,3,11
2022,3,A,골목상권,2110295,정릉우체국,679,248,431,0,166,178,163,119,53,0,36,67,49,52,44,0,130,111,114,67,9
2022,3,A,골목상권,2110294,서경대학교,391,262,129,0,35,30,93,120,113,0,18,14,46,87,97,0,17,16,47,33,16
2022,3,A,골목상권,2110293,삼선중학교,1730,860,870,4,248,467,527,319,165,3,116,277,268,111,85,1,132,190,259,208,80
2022,3,A,골목상권,2110292,정릉역 2번,43,17,26,0,2,7,21,7,6,0,1,5,6,3,2,0,1,2,15,4,4
2022,3,A,골목상권,2110291,한성대입구역 3번,345,174,171,2,27,49,96,92,79,0,14,24,50,52,34,2,13,25,46,40,45
2022,3,A,골목상권,2110290,북한산보국문역 1번,96,78,18,0,2,9,29,37,19,0,1,8,23,30,16,0,1,1,6,7,3
2022,3,A,골목상권,2110289,북한산보국문역 2번,144,105,39,0,9,28,49,32,26,0,6,23,30,24,22,0,3,5,19,8,4
2022,3,A,골목상권,2110288,동구여중,216,139,77,1,19,49,52,55,40,0,9,22,35,40,33,1,10,27,17,15,7
2022,3,A,골목상권,2110287,정릉3동주민센터,70,50,20,0,9,12,18,19,12,0,5,8,15,12,10,0,4,4,3,7,2
2022,3,A,골목상권,2110286,한성대입구역 5번,978,468,510,17,187,284,317,122,51,8,70,126,143,83,38,9,117,158,174,39,13
2022,3,A,골목상권,2110285,홍대부중,814,559,255,9,219,220,210,100,56,6,118,172,163,69,31,3,101,48,47,31,25
2022,3,A,골목상권,2110284,정릉북한산국립공원입구,644,558,86,0,13,85,200,250,96,0,8,69,176,220,85,0,5,16,24,30,11
2022,3,A,골목상권,2110283,성북초등학교앞,203,78,125,0,16,33,56,80,18,0,8,10,23,27,10,0,8,23,33,53,8
2022,3,A,골목상권,2110282,국민대학교앞,1403,1162,241,15,213,430,341,239,165,14,151,387,296,212,102,1,62,43,45,27,63
2022,3,A,골목상권,2110281,길상사,13811,12087,1724,12,1418,3093,4057,4963,268,1,960,2426,3678,4822,200,11,458,667,379,141,68
2022,3,A,골목상권,2110280,북정마을,78,40,38,0,6,12,25,24,11,0,2,4,11,15,8,0,4,8,14,9,3
2022,3,A,골목상권,2110279,신내역 2번,9,8,1,0,0,1,4,4,0,0,0,1,3,4,0,0,0,0,1,0,0
2022,3,A,골목상권,2110278,망우본동주민센터,279,168,111,1,32,46,78,83,39,0,10,25,44,57,32,1,22,21,34,26,7
2022,3,A,골목상권,2110277,러스크서울병원,178,100,78,0,16,32,39,52,39,0,6,15,23,29,27,0,10,17,16,23,12
2022,3,A,골목상권,2110276,신내IC북측,39,25,14,0,1,6,11,12,9,0,0,5,6,9,5,0,1,1,5,3,4
2022,3,A,골목상권,2110275,하나은행 망우동지점,63,33,30,0,4,9,19,16,15,0,3,6,9,5,10,0,1,3,10,11,5
2022,3,A,골목상권,2110274,서일대학교,552,385,167,0,49,66,143,153,141,0,10,43,97,121,114,0,39,23,46,32,27
2022,3,A,골목상권,2110273,장스여성병원,610,446,164,7,31,37,75,209,251,0,4,8,37,168,229,7,27,29,38,41,22
2022,3,A,골목상권,2110272,신내1동주민센터,471,318,153,0,45,69,93,149,115,0,15,35,60,103,105,0,30,34,33,46,10
2022,3,A,골목상권,2110271,신내역 1번,97,74,23,0,8,17,25,29,18,0,5,14,18,23,14,0,3,3,7,6,4
2022,3,A,골목상권,2110270,혜원여고,168,148,20,0,4,5,7,70,82,0,4,3,6,59,76,0,0,2,1,11,6
2022,3,A,골목상권,2110269,용마문화복지센터,169,98,71,0,19,53,52,28,17,0,13,32,30,19,4,0,6,21,22,9,13
2022,3,A,골목상권,2110268,망우3동주민센터,60,30,30,0,10,13,10,18,9,0,1,5,7,10,7,0,9,8,3,8,2
2022,3,A,골목상권,2110267,망우역 2번,139,49,90,1,15,28,50,28,17,1,2,10,19,13,4,0,13,18,31,15,13
2022,3,A,골목상권,2110266,면목동우체국,225,182,43,0,10,31,38,79,67,0,1,19,30,69,63,0,9,12,8,10,4
2022,3,A,골목상권,2110265,망우역 1번,198,91,107,1,23,43,54,57,20,0,7,18,21,32,13,1,16,25,33,25,7
2022,3,A,골목상권,2110264,면목역 2번,358,170,188,1,52,75,93,80,57,0,21,40,40,37,32,1,31,35,53,43,25
2022,3,A,골목상권,2110263,면목역 1번,128,69,59,0,12,27,34,24,31,0,6,12,11,14,26,0,6,15,23,10,5
2022,3,A,골목상권,2110262,상봉역 3번,1532,879,653,2,221,447,543,268,51,0,119,337,282,107,34,2,102,110,261,161,17
2022,3,A,골목상권,2110261,사가정역 4번,167,90,77,1,16,29,49,50,22,1,8,15,25,26,15,0,8,14,24,24,7
2022,3,A,골목상권,2110260,면목역 3번,126,74,52,0,24,21,24,29,28,0,14,8,12,20,20,0,10,13,12,9,8
2022,3,A,골목상권,2110259,사가정역 1번,543,425,118,2,48,108,172,159,54,2,29,73,131,140,50,0,19,35,41,19,4
2022,3,A,골목상권,2110258,면동초등학교,260,99,161,0,32,49,79,66,34,0,1,20,28,34,16,0,31,29,51,32,18
2022,3,A,골목상권,2110257,상봉역 7번,397,330,67,0,17,18,50,133,179,0,6,11,34,118,161,0,11,7,16,15,18
2022,3,A,골목상권,2110256,면목2동체육관,477,321,156,2,56,66,82,140,131,1,21,35,45,109,110,1,35,31,37,31,21
2022,3,A,골목상권,2110255,상봉역 4번,327,208,119,0,39,52,78,92,66,0,20,24,46,62,56,0,19,28,32,30,10
2022,3,A,골목상권,2110254,오거리공원,257,89,168,1,19,75,79,51,32,0,6,15,35,21,12,1,13,60,44,30,20
2022,3,A,골목상권,2110253,중곡초등학교,181,106,75,0,31,31,44,49,26,0,10,17,23,35,21,0,21,14,21,14,5
2022,3,A,골목상권,2110252,장안제일시장,712,505,207,1,64,101,159,195,192,1,42,73,87,131,171,0,22,28,72,64,21
2022,3,A,골목상권,2110251,장안중학교,147,104,43,0,8,34,46,39,20,0,3,23,34,27,17,0,5,11,12,12,3
2022,3,A,골목상권,2110250,화랑대역 7번,111,69,42,0,7,20,32,34,18,0,5,12,15,23,14,0,2,8,17,11,4
2022,3,A,골목상권,2110249,중화역 1번,783,496,287,0,71,131,213,207,161,0,34,62,112,143,145,0,37,69,101,64,16
2022,3,A,골목상권,2110248,먹골파출소,85,47,38,1,19,23,20,12,10,0,7,14,12,4,10,1,12,9,8,8,0
2022,3,A,골목상권,2110247,먹골역 1번,377,175,202,0,53,79,123,78,44,0,21,30,55,38,31,0,32,49,68,40,13
2022,3,A,골목상권,2110246,월드순복음교회,431,312,119,0,27,97,158,95,54,0,12,69,122,65,44,0,15,28,36,30,10
2022,3,A,골목상권,2110245,KB국민은행 중화동지점,108,69,39,0,5,18,41,27,17,0,4,10,24,17,14,0,1,8,17,10,3
2022,3,A,골목상권,2110244,중화역 4번,250,175,75,1,8,26,49,44,122,1,4,11,32,30,97,0,4,15,17,14,25
2022,3,A,골목상권,2110243,중랑노인종합복지관,317,126,191,1,32,51,76,111,46,0,7,22,39,36,22,1,25,29,37,75,24
2022,3,A,골목상권,2110242,면목5동주민센터,164,112,52,0,21,28,56,30,29,0,12,23,31,22,24,0,9,5,25,8,5
2022,3,A,골목상권,2110241,먹골역 5번,415,213,202,0,61,87,97,117,53,0,17,49,46,63,38,0,44,38,51,54,15
2022,3,A,골목상권,2110240,태릉시장 특화거리,97,39,58,2,20,13,28,16,18,1,3,8,7,8,12,1,17,5,21,8,6
2022,3,A,골목상권,2110238,배꽃어린이공원,66,48,18,0,6,7,15,23,15,0,4,5,9,15,15,0,2,2,6,8,0
2022,3,A,골목상권,2110237,메가박스 상봉,274,152,122,0,30,67,97,54,26,0,13,37,48,36,18,0,17,30,49,18,8
2022,3,A,골목상권,2110236,신묵초등학교,1015,836,179,0,185,302,228,255,45,0,135,246,194,228,33,0,50,56,34,27,12
2022,3,A,골목상권,2110235,세화어린이공원,17,12,5,0,6,3,1,5,2,0,5,1,1,3,2,0,1,2,0,2,0
2022,3,A,골목상권,2110234,중랑역 4번,96,41,55,0,15,16,23,25,17,0,2,5,10,14,10,0,13,11,13,11,7
2022,3,A,골목상권,2110233,중랑역 1번,142,46,96,1,23,27,50,35,6,1,6,7,16,11,5,0,17,20,34,24,1
2022,3,A,골목상권,2110232,동대부고,579,413,166,0,41,71,119,175,173,0,14,38,80,134,147,0,27,33,39,41,26
2022,3,A,골목상권,2110231,장안교,11,8,3,0,0,1,4,5,1,0,0,1,3,4,0,0,0,0,1,1,1
2022,3,A,골목상권,2110230,장안현대홈타운1차아파트,161,101,60,0,15,32,52,45,17,0,6,22,33,28,12,0,9,10,19,17,5
2022,3,A,골목상권,2110229,장평중학교,1339,865,474,0,145,164,192,320,518,0,81,103,125,212,344,0,64,61,67,108,174
2022,3,A,골목상권,2110228,장안근린공원,1992,1184,808,40,1381,313,92,101,65,24,788,223,60,54,35,16,593,90,32,47,30
2022,3,A,골목상권,2110227,답십리공원,216,82,134,0,13,28,73,82,20,0,10,14,25,21,12,0,3,14,48,61,8
2022,3,A,골목상권,2110226,장안1동주민센터,1882,1005,877,2,147,247,333,512,641,2,87,148,213,253,302,0,60,99,120,259,339
2022,3,A,골목상권,2110225,촬영소사거리,330,204,126,0,22,36,68,83,121,0,9,25,42,55,73,0,13,11,26,28,48
2022,3,A,골목상권,2110224,외대앞역 2번,95,39,56,0,9,14,16,27,29,0,2,4,9,15,9,0,7,10,7,12,20
2022,3,A,골목상권,2110223,군자초등학교,94,56,38,0,13,17,26,24,14,0,4,10,17,15,10,0,9,7,9,9,4
2022,3,A,골목상권,2110222,회기역 2번,20,17,3,0,0,3,2,6,9,0,0,2,2,4,9,0,0,1,0,2,0
2022,3,A,골목상권,2110221,의릉,95,69,26,0,10,12,36,29,8,0,6,10,24,22,7,0,4,2,12,7,1
2022,3,A,골목상권,2110220,외대앞역 1번,190,109,81,0,28,36,54,46,26,0,7,17,33,34,18,0,21,19,21,12,8
2022,3,A,골목상권,2110219,삼육보건대학교,249,145,104,0,18,42,68,82,39,0,11,20,31,53,30,0,7,22,37,29,9
2022,3,A,골목상권,2110218,답십리사거리,158,83,75,0,14,25,45,60,14,0,5,12,22,33,11,0,9,13,23,27,3
2022,3,A,골목상권,2110217,자동차부품상가,503,388,115,1,33,105,143,123,98,1,24,88,115,83,77,0,9,17,28,40,21
2022,3,A,골목상권,2110216,전농중학교,208,68,140,1,32,48,62,50,15,1,11,14,18,18,6,0,21,34,44,32,9
2022,3,A,골목상권,2110215,회기역 1번,28,18,10,0,3,4,9,7,5,0,3,2,6,3,4,0,0,2,3,4,1
2022,3,A,골목상권,2110214,경희대후문,86,42,44,0,18,17,24,17,10,0,6,6,13,10,7,0,12,11,11,7,3
2022,3,A,골목상권,2110213,청량초등학교,124,81,43,0,19,57,17,15,16,0,7,41,13,7,13,0,12,16,4,8,3
2022,3,A,골목상권,2110212,답십리초등학교,204,144,60,0,26,37,42,67,32,0,18,26,27,50,23,0,8,11,15,17,9
2022,3,A,골목상권,2110211,전곡마을마당공원,626,445,181,1,66,101,170,194,94,0,45,73,129,143,55,1,21,28,41,51,39
2022,3,A,골목상권,2110210,서울시립대,341,253,88,1,9,19,24,34,254,1,4,12,10,21,205,0,5,7,14,13,49
2022,3,A,골목상권,2110209,답십리 장령당공원,81,51,30,0,3,11,28,19,20,0,1,5,16,15,14,0,2,6,12,4,6
2022,3,A,골목상권,2110208,시조사삼거리,75,56,19,0,2,14,7,17,35,0,1,7,2,11,35,0,1,7,5,6,0
2022,3,A,골목상권,2110207,시립대앞사거리,50,26,24,0,4,12,12,10,12,0,2,8,6,3,7,0,2,4,6,7,5
2022,3,A,골목상권,2110206,텃골근린공원,81,29,52,0,5,14,23,23,16,0,2,7,7,7,6,0,3,7,16,16,10
2022,3,A,골목상권,2110205,경희대삼거리,82,48,34,0,4,13,23,23,19,0,2,10,7,17,12,0,2,3,16,6,7
2022,3,A,골목상권,2110204,간데메공원,411,268,143,3,83,97,82,89,57,3,57,64,46,58,40,0,26,33,36,31,17
2022,3,A,골목상권,2110203,떡전교사거리,99,63,36,1,9,15,32,29,13,1,0,7,26,20,9,0,9,8,6,9,4
2022,3,A,골목상권,2110202,전농1동주민센터(전농시장),111,68,43,0,14,35,31,20,11,0,9,19,21,14,5,0,5,16,10,6,6
2022,3,A,골목상권,2110201,전농119안전센터,27,11,16,0,2,1,9,10,5,0,1,0,3,4,3,0,1,1,6,6,2
2022,3,A,골목상권,2110200,동대문경찰서,74,50,24,0,1,6,21,13,33,0,0,1,11,6,32,0,1,5,10,7,1
2022,3,A,골목상권,2110199,홍릉시장,65,41,24,0,11,15,18,14,7,0,8,8,10,9,6,0,3,7,8,5,1
2022,3,A,골목상권,2110198,동대문중앙새마을금고본점,67,26,41,0,1,0,18,37,11,0,0,0,8,10,8,0,1,0,10,27,3
2022,3,A,골목상권,2110197,세종대왕기념관교차로,67,46,21,0,8,19,26,9,5,0,4,15,19,7,1,0,4,4,7,2,4
2022,3,A,골목상권,2110196,홍릉근린공원,23,12,11,0,1,6,8,5,3,0,1,4,3,2,2,0,0,2,5,3,1
2022,3,A,골목상권,2110195,동대문구청,221,115,106,0,41,58,47,40,35,0,12,28,23,27,25,0,29,30,24,13,10
2022,3,A,골목상권,2110194,홍파초등학교,112,85,27,0,6,32,24,36,14,0,4,20,20,31,10,0,2,12,4,5,4
2022,3,A,골목상권,2110193,고려대역 4번,48,37,11,0,5,11,11,10,11,0,3,5,10,10,9,0,2,6,1,0,2
2022,3,A,골목상권,2110192,동의보감타워,70,45,25,0,7,10,25,16,12,0,2,6,17,10,10,0,5,4,8,6,2
2022,3,A,골목상권,2110191,고려대역 6번,48,41,7,0,1,12,14,9,12,0,1,10,11,8,11,0,0,2,3,1,1
2022,3,A,골목상권,2110190,고대앞사거리,195,92,103,0,22,34,34,45,60,0,4,18,22,19,29,0,18,16,12,26,31
2022,3,A,골목상권,2110189,제기동역 1번,1545,1089,456,1,233,490,343,170,308,0,98,349,286,137,219,1,135,141,57,33,89
2022,3,A,골목상권,2110188,용두동신동아아파트,807,607,200,8,104,178,229,191,97,2,68,150,181,132,74,6,36,28,48,59,23
2022,3,A,골목상권,2110187,제기동역 6번,3124,2222,902,15,559,867,746,552,385,7,387,605,531,394,298,8,172,262,215,158,87
2022,3,A,골목상권,2110186,종암초등학교,94,71,23,0,5,13,15,30,31,0,1,12,9,23,26,0,4,1,6,7,5
2022,3,A,골목상권,2110185,용두초등학교,122,77,45,0,13,22,31,32,24,0,5,13,18,22,19,0,8,9,13,10,5
2022,3,A,골목상권,2110184,용두사거리,423,215,208,0,81,138,75,77,52,0,39,51,34,51,40,0,42,87,41,26,12
2022,3,A,골목상권,2110183,한국의류시험연구원,833,441,392,3,237,305,147,75,66,1,87,160,79,58,56,2,150,145,68,17,10
2022,3,A,골목상권,2110182,용두희망어린이공원,370,249,121,0,38,71,108,87,66,0,20,47,67,64,51,0,18,24,41,23,15
2022,3,A,골목상권,2110181,신설동역 9번,1864,1212,652,12,209,232,286,440,685,12,150,162,188,282,418,0,59,70,98,158,267
2022,3,A,골목상권,2110180,광진정보도서관,5946,4025,1921,18,1620,2093,1180,672,363,5,885,1485,859,489,302,13,735,608,321,183,61
2022,3,A,골목상권,2110179,광나루역 1번,911,620,291,0,142,209,188,233,139,0,82,160,157,154,67,0,60,49,31,79,72
2022,3,A,골목상권,2110178,장로회신학대학교,194,123,71,0,25,44,42,56,27,0,15,34,21,38,15,0,10,10,21,18,12
2022,3,A,골목상권,2110177,동의초등학교,135,90,45,0,11,31,32,35,26,0,3,15,21,27,24,0,8,16,11,8,2
2022,3,A,골목상권,2110176,해오름공원,758,432,326,1,70,206,221,168,92,1,30,116,125,90,70,0,40,90,96,78,22
2022,3,A,골목상권,2110175,푸른동산공원,370,235,135,0,41,74,109,86,60,0,24,48,70,53,40,0,17,26,39,33,20
2022,3,A,골목상권,2110174,아차산역 1번,432,305,127,1,49,80,115,104,83,1,25,57,76,69,77,0,24,23,39,35,6
2022,3,A,골목상권,2110173,구남초등학교,195,106,89,0,34,50,46,44,21,0,16,28,21,25,16,0,18,22,25,19,5
2022,3,A,골목상권,2110172,광진초등학교,351,227,124,0,42,73,97,92,47,0,17,48,61,65,36,0,25,25,36,27,11
2022,3,A,골목상권,2110171,중곡4동주민센터,59,36,23,0,4,8,7,22,18,0,1,2,3,15,15,0,3,6,4,7,3
2022,3,A,골목상권,2110170,동대부여고,189,105,84,1,35,39,58,39,17,0,16,16,35,26,12,1,19,23,23,13,5
2022,3,A,골목상권,2110169,성동초등학교,221,112,109,1,25,30,68,59,38,0,12,12,32,32,24,1,13,18,36,27,14
2022,3,A,골목상권,2110168,대원고등학교,688,531,157,0,66,102,139,225,156,0,38,73,103,173,144,0,28,29,36,52,12
2022,3,A,골목상권,2110167,용마초등학교,376,220,156,2,22,56,99,109,88,0,9,20,52,62,77,2,13,36,47,47,11
2022,3,A,골목상권,2110166,구의1동주민센터,552,292,260,1,70,121,177,115,68,1,20,59,99,60,53,0,50,62,78,55,15
2022,3,A,골목상권,2110165,국립정신건강센터,287,204,83,0,19,46,81,77,64,0,9,33,51,61,50,0,10,13,30,16,14
2022,3,A,골목상권,2110164,아차산역 5번,731,494,237,3,111,126,143,164,184,0,61,77,101,112,143,3,50,49,42,52,41
2022,3,A,골목상권,2110163,성자초등학교,272,134,138,0,37,44,65,72,54,0,13,26,31,26,38,0,24,18,34,46,16
2022,3,A,골목상권,2110162,군자역 4번,613,365,248,0,127,162,131,110,83,0,98,118,75,42,32,0,29,44,56,68,51
2022,3,A,골목상권,2110161,중곡역 3번,236,135,101,3,11,33,58,65,66,0,2,16,37,40,40,3,9,17,21,25,26
2022,3,A,골목상권,2110160,광진경찰서,832,690,142,0,149,323,182,167,11,0,110,261,152,157,10,0,39,62,30,10,1
2022,3,A,골목상권,2110159,구의역 4번,663,391,272,1,125,115,158,132,132,1,58,62,85,87,98,0,67,53,73,45,34
2022,3,A,골목상권,2110158,중곡3동주민센터,715,518,197,1,113,210,184,138,69,0,73,168,123,104,50,1,40,42,61,34,19
2022,3,A,골목상권,2110157,자양동우체국,1097,891,206,10,352,279,244,141,71,7,300,237,180,106,61,3,52,42,64,35,10
2022,3,A,골목상권,2110156,군자역 5번,624,365,259,0,96,182,174,113,59,0,41,115,102,67,40,0,55,67,72,46,19
2022,3,A,골목상권,2110155,광진구청,8356,7701,655,0,240,853,2408,4046,809,0,172,765,2256,3748,760,0,68,88,152,298,49
2022,3,A,골목상권,2110154,광진정말공원,307,161,146,1,43,62,79,78,44,1,19,37,35,37,32,0,24,25,44,41,12
2022,3,A,골목상권,2110153,중곡1동주민센터,241,83,158,1,42,57,67,57,17,0,14,22,22,17,8,1,28,35,45,40,9
2022,3,A,골목상권,2110152,중곡어린이공원,338,300,38,0,17,29,64,119,109,0,10,21,55,109,105,0,7,8,9,10,4
2022,3,A,골목상권,2110151,자양한강도서관,249,175,74,4,35,52,63,66,29,3,24,37,49,41,21,1,11,15,14,25,8
2022,3,A,골목상권,2110150,중곡1동 마을마당,1179,698,481,1,197,352,252,217,160,1,83,194,161,132,127,0,114,158,91,85,33
2022,3,A,골목상권,2110149,세종대학교,122,72,50,0,15,21,31,23,32,0,8,13,19,7,25,0,7,8,12,16,7
2022,3,A,골목상권,2110148,어린이대공원역 3번,17,12,5,0,3,3,6,5,0,0,0,2,5,5,0,0,3,1,1,0,0
2022,3,A,골목상권,2110147,능동우편취급국,815,464,351,4,120,172,160,137,222,2,56,88,104,77,137,2,64,84,56,60,85
2022,3,A,골목상권,2110146,신자초등학교,735,531,204,0,50,79,208,276,122,0,25,44,156,209,97,0,25,35,52,67,25
2022,3,A,골목상권,2110145,장안초등학교,7,4,3,0,0,1,2,3,1,0,0,0,1,3,0,0,0,1,1,0,1
2022,3,A,골목상권,2110144,어린이대공원역 4번,47,23,24,0,5,4,13,16,9,0,1,1,7,8,6,0,4,3,6,8,3
2022,3,A,골목상권,2110143,뚝섬유원지역 1번,63,26,37,1,5,15,12,20,10,1,0,3,7,7,8,0,5,12,5,13,2
2022,3,A,골목상권,2110142,화양사거리,213,107,106,1,37,47,44,52,32,1,20,25,24,16,21,0,17,22,20,36,11
2022,3,A,골목상권,2110141,건대입구역 1번,213,138,75,1,23,49,67,48,25,1,11,27,51,32,16,0,12,22,16,16,9
2022,3,A,골목상권,2110140,건대입구역 6번,552,361,191,6,51,90,136,158,111,5,28,47,82,114,85,1,23,43,54,44,26
2022,3,A,골목상권,2110139,자양4동주민센터,204,116,88,0,13,28,53,51,59,0,3,14,32,25,42,0,10,14,21,26,17
2022,3,A,골목상권,2110138,송정체육공원,160,79,81,0,15,27,53,41,24,0,4,12,21,23,19,0,11,15,32,18,5
2022,3,A,골목상권,2110137,성수초등학교,6605,4295,2310,31,1016,1740,1836,1344,638,22,557,1152,1250,828,486,9,459,588,586,516,152
2022,3,A,골목상권,2110136,경수초등학교,4745,2743,2002,43,1169,1097,978,875,583,32,439,633,615,593,431,11,730,464,363,282,152
2022,3,A,골목상권,2110135,성동세무서,355,182,173,0,41,69,96,66,83,0,7,34,41,34,66,0,34,35,55,32,17
2022,3,A,골목상권,2110134,성수119안전센터,771,587,184,4,65,108,185,252,157,4,38,78,143,200,124,0,27,30,42,52,33
2022,3,A,골목상권,2110133,서울교통공사,122,93,29,0,19,25,33,21,24,0,12,18,29,17,17,0,7,7,4,4,7
2022,3,A,골목상권,2110132,성수2가3동주민센터,786,521,265,0,97,182,220,197,90,0,67,133,145,108,68,0,30,49,75,89,22
2022,3,A,골목상권,2110131,성수동카페거리,4798,3110,1688,15,902,1536,1123,699,523,9,460,993,777,497,374,6,442,543,346,202,149
2022,3,A,골목상권,2110130,답십리역 6번,105,89,16,0,20,24,38,15,8,0,17,20,35,10,7,0,3,4,3,5,1
2022,3,A,골목상권,2110129,성원어린이공원,664,421,243,1,65,126,138,185,149,0,35,74,91,111,110,1,30,52,47,74,39
2022,3,A,골목상권,2110128,성원중학교,1237,712,525,1,127,206,296,338,269,1,66,118,185,203,139,0,61,88,111,135,130
2022,3,A,골목상권,2110127,성수1가1동주민센터,290,157,133,0,31,55,56,100,48,0,11,40,31,47,28,0,20,15,25,53,20
2022,3,A,골목상권,2110126,서울숲역 1번,27,18,9,0,0,7,2,12,6,0,0,6,0,7,5,0,0,1,2,5,1
2022,3,A,골목상권,2110125,사근동살곶이상점가,135,83,52,2,25,39,35,21,13,2,13,21,24,13,10,0,12,18,11,8,3
2022,3,A,골목상권,2110124,뚝섬역교차로,1253,1006,247,7,170,155,222,312,387,6,94,111,169,268,358,1,76,44,53,44,29
2022,3,A,골목상권,2110123,마장역 3번,511,382,129,0,42,56,91,185,137,0,21,36,63,141,121,0,21,20,28,44,16
2022,3,A,골목상권,2110122,마장역 2번,464,271,193,1,60,88,117,113,85,1,32,59,68,61,50,0,28,29,49,52,35
2022,3,A,골목상권,2110121,한양대역 4번,45,30,15,0,3,10,8,11,13,0,2,5,5,7,11,0,1,5,3,4,2
2022,3,A,골목상권,2110120,서울숲카페거리,79,49,30,0,8,12,35,18,6,0,3,8,23,10,5,0,5,4,12,8,1
2022,3,A,골목상권,2110119,마장지하차도,127,89,38,0,17,26,32,26,26,0,12,22,19,18,18,0,5,4,13,8,8
2022,3,A,골목상권,2110118,왕십리역 9번,697,487,210,1,90,182,204,129,91,0,62,110,144,93,78,1,28,72,60,36,13
2022,3,A,골목상권,2110117,성동구보건소,103,73,30,1,14,27,19,33,9,1,10,20,11,25,6,0,4,7,8,8,3
2022,3,A,골목상권,2110116,청계천박물관,4884,3674,1210,30,342,780,1090,1772,870,26,217,571,881,1319,660,4,125,209,209,453,210
2022,3,A,골목상권,2110115,상왕십리역 3번,945,362,583,10,392,218,156,113,56,0,76,84,93,75,34,10,316,134,63,38,22
2022,3,A,골목상권,2110114,왕십리파출소,68,21,47,0,3,2,11,24,28,0,1,1,4,10,5,0,2,1,7,14,23
2022,3,A,골목상권,2110113,응봉산,77,43,34,0,14,15,14,16,18,0,4,11,7,6,15,0,10,4,7,10,3
2022,3,A,골목상권,2110112,행당역 2번,205,100,105,0,37,37,36,53,42,0,14,19,15,26,26,0,23,18,21,27,16
2022,3,A,골목상권,2110111,대현산장미원,51,40,11,0,6,7,6,17,15,0,6,4,4,13,13,0,0,3,2,4,2
2022,3,A,골목상권,2110110,상왕십리역 6번,93,55,38,1,12,22,24,18,16,1,7,12,13,10,12,0,5,10,11,8,4
2022,3,A,골목상권,2110109,금호삼성래미안아파트,92,39,53,0,7,10,12,42,21,0,2,6,3,15,13,0,5,4,9,27,8
2022,3,A,골목상권,2110108,성동구립금호도서관,6,1,5,0,0,1,4,1,0,0,0,0,0,1,0,0,0,1,4,0,0
2022,3,A,골목상권,2110107,금호사거리,37,30,7,0,4,8,4,11,10,0,3,5,4,9,9,0,1,3,0,2,1
2022,3,A,골목상권,2110105,금동어린이공원,43,20,23,0,1,9,12,12,9,0,0,3,3,8,6,0,1,6,9,4,3
2022,3,A,골목상권,2110104,신금호역 4번,275,189,86,0,27,47,51,66,84,0,11,28,34,46,70,0,16,19,17,20,14
2022,3,A,골목상권,2110103,옥수터널,13,11,2,1,0,2,2,6,2,0,0,2,2,5,2,1,0,0,0,1,0
2022,3,A,골목상권,2110102,옥수역 6번,3362,1140,2222,0,968,1050,724,422,198,0,202,328,319,197,94,0,766,722,405,225,104
2022,3,A,골목상권,2110101,옥정중학교,218,121,97,0,55,51,65,31,16,0,24,34,43,13,7,0,31,17,22,18,9
2022,3,A,골목상권,2110100,옥수동우편취급국,46,31,15,0,5,18,13,6,4,0,0,15,7,5,4,0,5,3,6,1,0
2022,3,A,골목상권,2110099,유엔빌리지길,12646,10311,2335,33,1746,2596,3298,4558,415,25,904,1899,2859,4264,360,8,842,697,439,294,55
2022,3,A,골목상권,2110098,서울독일학교,242,91,151,0,57,85,68,23,9,0,15,22,34,15,5,0,42,63,34,8,4
2022,3,A,골목상권,2110097,한남초등학교,3116,1920,1196,1,597,1644,757,90,27,0,278,975,575,71,21,1,319,669,182,19,6
2022,3,A,골목상권,2110096,한남힐사이드아파트,4186,2661,1525,5,1055,1176,900,902,148,3,457,705,613,757,126,2,598,471,287,145,22
2022,3,A,골목상권,2110095,한강진역 3번,1186,801,385,16,160,326,321,298,65,8,61,235,227,226,44,8,99,91,94,72,21
2022,3,A,골목상권,2110094,오산중학교,26,12,14,0,0,1,4,13,8,0,0,0,2,6,4,0,0,1,2,7,4
2022,3,A,골목상권,2110093,우사단길,2482,1548,934,2,325,1015,734,327,79,1,101,529,548,305,64,1,224,486,186,22,15
2022,3,A,골목상권,2110092,NH농협은행 보광동지점,514,208,306,0,94,123,111,107,79,0,14,58,40,45,51,0,80,65,71,62,28
2022,3,A,골목상권,2110091,리움미술관,1106,810,296,0,216,345,343,155,47,0,117,236,293,128,36,0,99,109,50,27,11
2022,3,A,골목상권,2110090,한국폴리텍대학서울정수캠퍼스,3968,2447,1521,1,446,1358,1632,500,31,1,173,548,1231,467,27,0,273,810,401,33,4
2022,3,A,골목상권,2110089,서빙고동주민센터,752,503,249,1,94,230,220,107,100,0,33,136,159,88,87,1,61,94,61,19,13
2022,3,A,골목상권,2110088,오산고등학교,1696,1140,556,16,439,504,454,203,80,7,263,350,312,150,58,9,176,154,142,53,22
2022,3,A,골목상권,2110087,이태원엔틱가구거리,463,213,250,0,185,174,58,31,15,0,54,89,43,17,10,0,131,85,15,14,5
2022,3,A,골목상권,2110086,이태원역 북측,9251,3612,5639,12,3187,3893,1655,431,73,3,733,1559,905,357,55,9,2454,2334,750,74,18
2022,3,A,골목상권,2110085,경리단길남측,532,260,272,4,98,163,148,67,52,2,40,59,78,41,40,2,58,104,70,26,12
2022,3,A,골목상권,2110084,경리단길북측,315,168,147,0,47,85,84,57,42,0,23,36,39,36,34,0,24,49,45,21,8
2022,3,A,골목상권,2110083,서빙고역 1번,149,109,40,0,26,53,42,14,14,0,13,42,29,12,13,0,13,11,13,2,1
2022,3,A,골목상권,2110082,용산구청,1571,779,792,2,165,447,417,439,101,2,45,147,200,302,83,0,120,300,217,137,18
2022,3,A,골목상권,2110081,해방촌 남동측,291,170,121,0,46,68,58,64,55,0,14,37,30,41,48,0,32,31,28,23,7
2022,3,A,골목상권,2110080,해방촌예술마을,277,160,117,0,44,58,84,54,37,0,16,38,52,30,24,0,28,20,32,24,13
2022,3,A,골목상권,2110079,후암동주민센터,1084,584,500,4,223,262,267,196,132,3,73,156,156,105,91,1,150,106,111,91,41
2022,3,A,골목상권,2110078,이촌동점보아파트,69,29,40,0,12,15,17,13,12,0,3,8,7,5,6,0,9,7,10,8,6
2022,3,A,골목상권,2110077,삼광초등학교,385,317,68,0,37,86,148,98,16,0,21,66,130,88,12,0,16,20,18,10,4
2022,3,A,골목상권,2110076,삼각지역 14번,537,175,362,0,46,143,158,153,37,0,11,49,61,45,9,0,35,94,97,108,28
2022,3,A,골목상권,2110075,숙대입구역 1번,1630,736,894,9,270,506,417,289,139,5,69,188,182,181,111,4,201,318,235,108,28
2022,3,A,골목상권,2110074,서울역 12번,8149,1751,6398,152,5985,1340,330,181,161,9,598,652,233,134,125,143,5387,688,97,47,36
2022,3,A,골목상권,2110073,삼각지역 3번,7916,2353,5563,56,2498,2872,1896,491,103,25,856,912,415,109,36,31,1642,1960,1481,382,67
2022,3,A,골목상권,2110072,열정도,374,244,130,6,108,96,78,51,35,0,51,71,62,37,23,6,57,25,16,14,12
2022,3,A,골목상권,2110071,한강미주맨션아파트,281,182,99,0,36,68,68,55,54,0,20,44,40,41,37,0,16,24,28,14,17
2022,3,A,골목상권,2110070,용산세무서,184,130,54,0,21,54,55,24,30,0,8,37,41,18,26,0,13,17,14,6,4
2022,3,A,골목상권,2110069,숙대입구,829,295,534,3,200,295,168,86,77,3,34,90,82,40,46,0,166,205,86,46,31
2022,3,A,골목상권,2110068,남영역 1번,1039,595,444,8,154,224,240,224,189,6,59,124,144,138,124,2,95,100,96,86,65
2022,3,A,골목상권,2110067,배문고등학교,1574,907,667,1,219,377,391,329,257,0,85,177,202,230,213,1,134,200,189,99,44
2022,3,A,골목상권,2110066,서울역 15번,748,467,281,6,152,227,156,125,82,3,81,151,104,66,62,3,71,76,52,59,20
2022,3,A,골목상권,2110065,남정초등학교,137,92,45,0,17,45,48,17,10,0,9,37,31,10,5,0,8,8,17,7,5
2022,3,A,골목상권,2110064,효창공원앞역 2번,925,527,398,2,126,275,263,160,99,1,49,160,162,88,67,1,77,115,101,72,32
2022,3,A,골목상권,2110063,효창공원앞역 5번,530,347,183,8,47,104,139,132,100,6,25,71,93,87,65,2,22,33,46,45,35
2022,3,A,골목상권,2110062,한강로동땡땡거리(은행나무길),5667,3458,2209,9,735,1660,1587,1162,514,6,299,844,1074,890,345,3,436,816,513,272,169
2022,3,A,골목상권,2110061,효창동주민센터,473,301,172,1,61,90,150,113,58,1,38,52,96,67,47,0,23,38,54,46,11
2022,3,A,골목상권,2110060,효창공원앞역 6번,291,174,117,0,28,62,84,73,44,0,10,34,52,47,31,0,18,28,32,26,13
2022,3,A,골목상권,2110059,새남터성지,385,307,78,0,38,71,113,138,25,0,21,48,99,124,15,0,17,23,14,14,10
2022,3,A,골목상권,2110058,성심여자고등학교,947,659,288,10,141,228,254,194,120,3,71,162,181,141,101,7,70,66,73,53,19
2022,3,A,골목상권,2110057,황학코아루아파트,57,39,18,0,8,11,16,9,13,0,4,5,14,7,9,0,4,6,2,2,4
2022,3,A,골목상권,2110056,신당역 3번,506,288,218,0,60,129,115,112,90,0,29,63,68,70,58,0,31,66,47,42,32
2022,3,A,골목상권,2110055,황학동벼룩시장,29,19,10,0,1,4,6,11,7,0,1,3,5,6,4,0,0,1,1,5,3
2022,3,A,골목상권,2110054,청구역 3번,1537,849,688,3,259,378,315,336,246,1,90,204,220,211,123,2,169,174,95,125,123
2022,3,A,골목상권,2110053,청구역 1번,281,166,115,0,52,69,69,54,37,0,23,45,43,27,28,0,29,24,26,27,9
2022,3,A,골목상권,2110052,장충초등학교,484,281,203,0,43,100,132,130,79,0,16,63,75,82,45,0,27,37,57,48,34
2022,3,A,골목상권,2110051,한양공고앞 교차로,111,82,29,0,17,23,33,26,12,0,12,16,24,20,10,0,5,7,9,6,2
2022,3,A,골목상권,2110050,약수역 7번,309,230,79,0,34,81,76,76,42,0,21,59,60,57,33,0,13,22,16,19,9
2022,3,A,골목상권,2110049,장충단 고개,2303,1240,1063,4,566,582,448,431,272,2,174,314,281,257,212,2,392,268,167,174,60
2022,3,A,골목상권,2110048,장충동주민센터,5312,2706,2606,21,867,1339,1511,1367,207,5,338,768,756,707,132,16,529,571,755,660,75
2022,3,A,골목상권,2110047,다산성곽길,160,89,71,0,36,43,36,27,18,0,23,29,21,7,9,0,13,14,15,20,9
2022,3,A,골목상권,2110046,버티고개,106,76,30,0,6,23,41,28,8,0,3,17,29,20,7,0,3,6,12,8,1
2022,3,A,골목상권,2110045,동대문역사문화공원역 5번,234,174,60,0,24,54,64,55,37,0,11,38,46,47,32,0,13,16,18,8,5
2022,3,A,골목상권,2110044,관성묘,405,300,105,0,50,135,145,51,24,0,24,90,125,44,17,0,26,45,20,7,7
2022,3,A,골목상권,2110043,충무초등학교,1202,670,532,12,212,307,331,223,117,7,97,155,169,152,90,5,115,152,162,71,27
2022,3,A,골목상권,2110042,남산골공원옆,994,621,373,3,121,221,287,251,111,0,43,127,198,179,74,3,78,94,89,72,37
2022,3,A,골목상권,2110041,남산케이블카,967,435,532,2,118,152,175,254,266,2,51,69,83,87,143,0,67,83,92,167,123
2022,3,A,골목상권,2110040,중구회현체육센터(정화예술대남산캠퍼스),165,78,87,0,33,30,40,37,25,0,14,15,17,13,19,0,19,15,23,24,6
2022,3,A,골목상권,2110039,회현역 1번,49,26,23,0,2,8,12,14,13,0,0,4,9,8,5,0,2,4,3,6,8
2022,3,A,골목상권,2110038,경향신문사,2636,1651,985,0,377,783,808,593,75,0,119,436,540,491,65,0,258,347,268,102,10
2022,3,A,골목상권,2110037,신설동역 12번,208,124,84,0,16,46,51,61,34,0,6,20,32,41,25,0,10,26,19,20,9
2022,3,A,골목상권,2110036,동묘앞역 3번,65,42,23,0,3,7,20,15,20,0,1,3,10,13,15,0,2,4,10,2,5
2022,3,A,골목상권,2110035,동묘앞역 2번,276,161,115,2,18,43,75,88,50,0,5,18,42,65,31,2,13,25,33,23,19
2022,3,A,골목상권,2110034,창신1동주민센터,41,35,6,0,2,1,14,13,11,0,2,1,10,11,11,0,0,0,4,2,0
2022,3,A,골목상권,2110033,창신역 4번,166,89,77,0,26,42,35,40,23,0,6,22,17,25,19,0,20,20,18,15,4
2022,3,A,골목상권,2110032,수족관거리,31,16,15,0,3,6,4,13,5,0,2,2,2,7,3,0,1,4,2,6,2
2022,3,A,골목상권,2110031,창신역 1번,44,31,13,0,7,14,5,11,7,0,4,8,4,8,7,0,3,6,1,3,0
2022,3,A,골목상권,2110030,동대문역 3번,10,5,5,0,2,2,2,3,1,0,0,2,1,1,1,0,2,0,1,2,0
2022,3,A,골목상권,2110029,동대문역 1번,235,61,174,0,11,31,57,79,57,0,1,7,19,20,14,0,10,24,38,59,43
2022,3,A,골목상권,2110028,이화달팽이길,704,279,425,1,177,179,137,123,87,0,56,60,56,65,42,1,121,119,81,58,45
2022,3,A,골목상권,2110027,혜화역 1번,617,366,251,1,73,116,131,98,198,0,28,74,65,54,145,1,45,42,66,44,53
2022,3,A,골목상권,2110026,종로5가역 4번,190,120,70,0,22,41,73,27,27,0,9,28,47,14,22,0,13,13,26,13,5
2022,3,A,골목상권,2110025,충신시장옆,213,129,84,2,17,46,63,56,29,0,6,23,43,33,24,2,11,23,20,23,5
2022,3,A,골목상권,2110024,혜회동주민센터,928,263,665,0,135,264,294,184,51,0,17,64,90,55,37,0,118,200,204,129,14
2022,3,A,골목상권,2110023,서울대병원,186,55,131,0,18,37,42,47,42,0,5,12,14,10,14,0,13,25,28,37,28
2022,3,A,골목상권,2110022,경신고등학교,537,396,141,11,142,162,128,59,35,10,100,123,94,43,26,1,42,39,34,16,9
2022,3,A,골목상권,2110021,성균관대학교,387,297,90,2,15,39,109,145,77,2,7,26,88,125,49,0,8,13,21,20,28
2022,3,A,골목상권,2110020,서울국제고등학교,639,315,324,1,145,288,122,57,26,1,44,146,75,32,17,0,101,142,47,25,9
2022,3,A,골목상권,2110019,창덕궁,325,215,110,0,47,91,82,71,34,0,21,65,53,49,27,0,26,26,29,22,7
2022,3,A,골목상권,2110018,중앙고등학교,888,439,449,1,97,177,220,178,215,0,30,60,106,90,153,1,67,117,114,88,62
2022,3,A,골목상권,2110017,정독도서관,650,322,328,0,133,273,152,58,34,0,26,130,93,43,30,0,107,143,59,15,4
2022,3,A,골목상권,2110016,평창동동측,7589,3104,4485,10,716,2233,2858,1504,268,4,279,1021,1416,284,100,6,437,1212,1442,1220,168
2022,3,A,골목상권,2110015,청와대사랑채,578,345,233,0,64,147,166,126,75,0,16,63,110,91,65,0,48,84,56,35,10
2022,3,A,골목상권,2110014,경복고등학교,194,82,112,0,28,54,40,44,28,0,4,14,21,24,19,0,24,40,19,20,9
2022,3,A,골목상권,2110013,체부동홍종문가옥,119,70,49,0,5,26,31,25,32,0,2,11,18,13,26,0,3,15,13,12,6
2022,3,A,골목상권,2110012,성곡미술관,1061,503,558,0,262,337,262,118,82,0,72,159,150,73,49,0,190,178,112,45,33
2022,3,A,골목상권,2110011,청운초등학교,263,188,75,0,21,105,79,43,15,0,21,95,44,16,12,0,0,10,35,27,3
2022,3,A,골목상권,2110010,평창동서측,6687,3622,3065,12,676,1736,2550,1464,249,0,276,655,1387,1128,176,12,400,1081,1163,336,73
2022,3,A,골목상권,2110009,자하문터널,950,463,487,0,211,332,229,125,53,0,92,164,106,65,36,0,119,168,123,60,17
2022,3,A,골목상권,2110008,배화여자대학교(박노수미술관),552,379,173,1,52,82,133,180,104,0,16,46,102,135,80,1,36,36,31,45,24
2022,3,A,골목상권,2110007,사직공원(한국사회과학도서관),283,185,98,2,58,88,63,41,31,2,30,62,44,27,20,0,28,26,19,14,11
2022,3,A,골목상권,2110006,부암동주민센터,27,16,11,0,2,7,7,5,6,0,2,5,2,3,4,0,0,2,5,2,2
2022,3,A,골목상권,2110005,세검정,1006,510,496,3,125,296,290,195,97,0,36,137,157,121,59,3,89,159,133,74,38
2022,3,A,골목상권,2110004,대신고등학교,32,14,18,0,3,4,8,14,3,0,1,0,3,8,2,0,2,4,5,6,1
2022,3,A,골목상권,2110003,세검정초등학교,485,315,170,6,53,84,150,126,66,6,32,38,100,89,50,0,21,46,50,37,16
2022,3,A,골목상권,2110002,독립문역 1번,475,121,354,1,146,140,118,44,26,1,25,25,41,14,15,0,121,115,77,30,11
2022,3,A,골목상권,2110001,이북5도청사,1066,638,428,4,133,292,240,262,135,0,51,173,162,172,80,4,82,119,78,90,55
2022,2,U,관광특구,1001496,강남 마이스 관광특구,15904,8904,7000,59,3513,6185,4248,1596,303,25,1160,3361,2887,1246,225,34,2353,2824,1361,350,78
2022,2,U,관광특구,1001495,잠실 관광특구,24375,14199,10176,120,4722,6565,5617,4514,2837,51,2484,4186,3496,2297,1685,69,2238,2379,2121,2217,1152
2022,2,U,관광특구,1001494,종로?청계 관광특구,32935,17150,15785,68,5357,9965,9483,6401,1661,15,2285,4911,4591,4158,1190,53,3072,5054,4892,2243,471
2022,2,U,관광특구,1001493,동대문패션타운 관광특구,6054,2958,3096,36,1434,1695,1160,1061,668,13,543,737,662,600,403,23,891,958,498,461,265
2022,2,U,관광특구,1001492,명동 남대문 북창동 다동 무교동 관광특구,104830,53674,51156,423,27134,34007,23384,15726,4156,137,8860,16080,15133,10824,2640,286,18274,17927,8251,4902,1516
2022,2,U,관광특구,1001491,이태원 관광특구,5839,3064,2775,28,1377,2065,1290,768,311,18,514,986,777,541,228,10,863,1079,513,227,83
2022,2,R,전통시장,2130326,고덕 골목형상점가,935,850,85,0,8,37,165,395,330,0,4,31,147,360,308,0,4,6,18,35,22
2022,2,R,전통시장,2130325,명일전통시장,89,30,59,0,8,10,13,28,30,0,3,6,5,8,8,0,5,4,8,20,22
2022,2,R,전통시장,2130324,길동복조리시장,154,85,69,3,27,32,47,40,5,2,13,18,31,19,2,1,14,14,16,21,3
2022,2,R,전통시장,2130323,둔촌역전통시장,171,86,85,0,3,14,23,36,95,0,2,6,8,14,56,0,1,8,15,22,39
2022,2,R,전통시장,2130322,고분다리전통시장,8,5,3,0,0,1,2,4,1,0,0,1,1,2,1,0,0,0,1,2,0
2022,2,R,전통시장,2130321,장신구 특화거리 상점가,433,269,164,0,92,114,88,92,47,0,43,72,56,61,37,0,49,42,32,31,10
2022,2,R,전통시장,2130320,암사종합시장,173,97,76,1,16,29,50,31,46,1,5,12,31,19,29,0,11,17,19,12,17
2022,2,R,전통시장,2130319,성내전통시장,34,21,13,0,3,5,9,10,7,0,3,2,5,7,4,0,0,3,4,3,3
2022,2,R,전통시장,2130318,로데오거리상점가,266,132,134,0,31,43,49,55,88,0,9,12,19,26,66,0,22,31,30,29,22
2022,2,R,전통시장,2130317,마천중앙시장,107,77,30,0,15,35,24,17,16,0,11,24,12,14,16,0,4,11,12,3,0
2022,2,R,전통시장,2130316,마천시장,18,9,9,0,3,3,2,10,0,0,2,2,2,3,0,0,1,1,0,7,0
2022,2,R,전통시장,2130315,문정동 로데오거리 상점가(문정동 로데오거리),1372,808,564,6,313,289,260,251,253,3,118,168,164,145,210,3,195,121,96,106,43
2022,2,R,전통시장,2130314,풍납시장,202,99,103,1,24,42,50,60,25,1,15,27,22,18,16,0,9,15,28,42,9
2022,2,R,전통시장,2130313,방이시장,3469,1526,1943,5,449,529,612,1126,748,4,159,335,346,371,311,1,290,194,266,755,437
2022,2,R,전통시장,2130312,석촌시장,619,270,349,1,20,40,81,170,307,1,9,23,43,41,153,0,11,17,38,129,154
2022,2,R,전통시장,2130311,새마을시장,377,246,131,1,60,78,104,75,59,0,28,48,80,55,35,1,32,30,24,20,24
2022,2,R,전통시장,2130310,강남개포시장,298,173,125,0,29,56,71,82,60,0,8,23,42,56,44,0,21,33,29,26,16
2022,2,R,전통시장,2130308,청담삼익시장,48,30,18,0,5,11,13,7,12,0,3,6,8,4,9,0,2,5,5,3,3
2022,2,R,전통시장,2130307,도곡시장,57,25,32,0,3,7,15,13,19,0,1,4,4,6,10,0,2,3,11,7,9
2022,2,R,전통시장,2130306,강남언주로,235,151,84,2,48,48,63,45,29,2,27,34,47,23,18,0,21,14,16,22,11
2022,2,R,전통시장,2130305,논현종합시장,85,43,42,0,21,14,14,19,17,0,7,7,6,14,9,0,14,7,8,5,8
2022,2,R,전통시장,2130304,신사상가,138,79,59,1,12,22,32,42,29,0,3,8,11,32,25,1,9,14,21,10,4
2022,2,R,전통시장,2130303,영동전통시장,242,95,147,0,21,60,67,58,36,0,7,19,22,24,23,0,14,41,45,34,13
2022,2,R,전통시장,2130302,강남시장(강남구 강남시장),58,33,25,0,13,15,14,8,8,0,7,10,9,2,5,0,6,5,5,6,3
2022,2,R,전통시장,2130301,양재시장,35,22,13,0,2,10,9,7,7,0,1,7,6,3,5,0,1,3,3,4,2
2022,2,R,전통시장,2130299,엔터식스 강남점,1850,1551,299,18,189,270,602,601,170,5,97,197,542,558,152,13,92,73,60,43,18
2022,2,R,전통시장,2130298,강남터미널지하도상점가2구역,2,1,1,0,1,0,0,0,1,0,1,0,0,0,0,0,0,0,0,0,1
2022,2,R,전통시장,2130296,남부종합시장,85,63,22,0,2,8,25,35,15,0,1,8,16,24,14,0,1,0,9,11,1
2022,2,R,전통시장,2130295,인헌시장(원당종합시장),122,48,74,0,20,27,38,23,14,0,3,9,16,12,8,0,17,18,22,11,6
2022,2,R,전통시장,2130294,관악중부시장,102,40,62,1,5,10,22,39,25,0,2,3,7,16,12,1,3,7,15,23,13
2022,2,R,전통시장,2130293,봉천중앙시장,154,42,112,0,17,13,29,46,49,0,5,7,14,14,2,0,12,6,15,32,47
2022,2,R,전통시장,2130290,영림시장,417,183,234,0,74,101,107,92,43,0,14,49,43,44,33,0,60,52,64,48,10
2022,2,R,전통시장,2130289,봉일시장,36,20,16,1,1,2,5,14,13,0,0,1,5,3,11,1,1,1,0,11,2
2022,2,R,전통시장,2130288,신림현대종합상가,2,0,2,0,1,1,0,0,0,0,0,0,0,0,0,0,1,1,0,0,0
2022,2,R,전통시장,2130285,서원동상점가,615,316,299,4,28,56,85,160,282,1,17,38,45,60,155,3,11,18,40,100,127
2022,2,R,전통시장,2130284,관악종합시장(신원시장),17,10,7,0,0,1,3,10,3,0,0,1,1,6,2,0,0,0,2,4,1
2022,2,R,전통시장,2130283,신원시장,25,11,14,0,3,3,10,5,4,0,1,1,3,3,3,0,2,2,7,2,1
2022,2,R,전통시장,2130282,난곡 골목형상점가,20,8,12,0,4,2,10,4,0,0,2,1,4,1,0,0,2,1,6,3,0
2022,2,R,전통시장,2130281,우림시장,1,0,1,0,0,0,1,0,0,0,0,0,0,0,0,0,0,0,1,0,0
2022,2,R,전통시장,2130280,신림종합시장,8,7,1,0,0,0,0,2,6,0,0,0,0,1,6,0,0,0,0,1,0
2022,2,R,전통시장,2130279,관악신사시장,120,63,57,0,17,20,27,37,19,0,5,10,16,20,12,0,12,10,11,17,7
2022,2,R,전통시장,2130278,미성동 도깨비시장 골목형상점가,75,16,59,0,0,16,28,24,7,0,0,7,5,2,2,0,0,9,23,22,5
2022,2,R,전통시장,2130277,조원동 펭귄시장(신림중앙시장),98,56,42,1,15,26,31,19,6,1,8,18,16,9,4,0,7,8,15,10,2
2022,2,R,전통시장,2130276,신림중앙시장(조원동 펭귄시장),43,27,16,0,1,2,14,12,14,0,0,2,7,9,9,0,1,0,7,3,5
2022,2,R,전통시장,2130275,강남골목시장,168,124,44,0,17,40,46,35,30,0,15,33,30,24,22,0,2,7,16,11,8
2022,2,R,전통시장,2130274,사당1동먹자골목상점가(사당1동먹자골목),389,218,171,4,91,100,81,63,50,3,45,64,37,35,34,1,46,36,44,28,16
2022,2,R,전통시장,2130273,남성사계시장(남성시장),141,63,78,0,21,36,45,22,17,0,3,19,20,8,13,0,18,17,25,14,4
2022,2,R,전통시장,2130272,사당시장,45,20,25,0,4,6,10,11,14,0,0,1,4,6,9,0,4,5,6,5,5
2022,2,R,전통시장,2130271,남성역골목시장,467,268,199,1,36,33,39,47,311,1,12,20,22,16,197,0,24,13,17,31,114
2022,2,R,전통시장,2130270,흑석시장,4,3,1,0,2,0,0,2,0,0,1,0,0,2,0,0,1,0,0,0,0
2022,2,R,전통시장,2130268,상도전통시장,239,104,135,0,33,60,53,58,35,0,12,23,23,24,22,0,21,37,30,34,13
2022,2,R,전통시장,2130267,본동인정시장(기능상실),59,41,18,0,6,10,12,15,16,0,4,7,9,8,13,0,2,3,3,7,3
2022,2,R,전통시장,2130266,만양로상점가,129,75,54,0,6,37,51,21,14,0,1,23,33,14,4,0,5,14,18,7,10
2022,2,R,전통시장,2130265,노량진중앙시장,115,82,33,0,17,48,34,8,8,0,12,42,23,3,2,0,5,6,11,5,6
2022,2,R,전통시장,2130264,상도약수골목형상점가,65,35,30,1,14,8,15,20,7,0,4,3,9,12,7,1,10,5,6,8,0
2022,2,R,전통시장,2130263,신노량진시장(기능상실),11,3,8,0,0,3,3,5,0,0,0,0,1,2,0,0,0,3,2,3,0
2022,2,R,전통시장,2130262,상도도깨비 골목형상점가,18,8,10,0,1,0,12,2,3,0,0,0,6,0,2,0,1,0,6,2,1
2022,2,R,전통시장,2130261,성대전통시장(성대시장),211,104,107,0,15,47,61,61,27,0,4,26,33,23,18,0,11,21,28,38,9
2022,2,R,전통시장,2130260,신대방1동골목상권,70,31,39,0,8,22,15,15,10,0,0,7,7,10,7,0,8,15,8,5,3
2022,2,R,전통시장,2130259,대신시장,12,9,3,0,1,0,5,2,4,0,1,0,3,2,3,0,0,0,2,0,1
2022,2,R,전통시장,2130257,영등포시장기계공구상가,158,116,42,0,11,26,33,47,41,0,7,16,22,37,34,0,4,10,11,10,7
2022,2,R,전통시장,2130256,신동시장,2,2,0,0,0,0,0,1,1,0,0,0,0,1,1,0,0,0,0,0,0
2022,2,R,전통시장,2130255,영등포전통시장,45,29,16,0,1,7,5,10,22,0,1,5,3,4,16,0,0,2,2,6,6
2022,2,R,전통시장,2130253,영신상가(제일상가),9,7,2,0,2,3,0,2,2,0,2,3,0,1,1,0,0,0,0,1,1
2022,2,R,전통시장,2130250,삼구시장(로타리상가),1,0,1,0,0,0,0,1,0,0,0,0,0,0,0,0,0,0,0,1,0
2022,2,R,전통시장,2130249,동남상가,10,8,2,0,2,0,0,4,4,0,1,0,0,4,3,0,1,0,0,0,1
2022,2,R,전통시장,2130248,영등포역지하도상점가,12,5,7,0,0,2,4,3,3,0,0,0,2,0,3,0,0,2,2,3,0
2022,2,R,전통시장,2130247,우리시장,21,16,5,0,3,4,6,3,5,0,1,3,5,3,4,0,2,1,1,0,1
2022,2,R,전통시장,2130246,영등포청과시장(조광시장),237,126,111,0,24,33,47,77,56,0,9,11,28,39,39,0,15,22,19,38,17
2022,2,R,전통시장,2130245,영일시장,675,567,108,1,61,189,238,136,50,0,41,148,217,115,46,1,20,41,21,21,4
2022,2,R,전통시장,2130244,대림중앙시장,95,39,56,3,14,16,21,15,26,2,9,8,10,4,6,1,5,8,11,11,20
2022,2,R,전통시장,2130243,도림시장,6,4,2,0,0,1,4,0,1,0,0,1,3,0,0,0,0,0,1,0,1
2022,2,R,전통시장,2130242,대림중앙 골목형상점가,68,21,47,0,4,14,21,24,5,0,1,6,5,5,4,0,3,8,16,19,1
2022,2,R,전통시장,2130241,선유도역 골목형상점가,500,253,247,0,95,93,123,136,53,0,39,49,66,67,32,0,56,44,57,69,21
2022,2,R,전통시장,2130240,영등포유통상가,1183,753,430,0,95,232,273,252,331,0,52,127,178,168,228,0,43,105,95,84,103
2022,2,R,전통시장,2130238,은행나무시장,113,71,42,0,22,24,31,22,14,0,13,16,22,14,6,0,9,8,9,8,8
2022,2,R,전통시장,2130237,박미시장(기능상실),39,26,13,0,1,6,11,9,12,0,0,2,7,8,9,0,1,4,4,1,3
2022,2,R,전통시장,2130236,비단길현대시장(현대시장),139,42,97,0,13,23,49,40,14,0,4,3,12,17,6,0,9,20,37,23,8
2022,2,R,전통시장,2130235,대명여울빛거리시장(대명시장),298,80,218,0,39,52,77,82,48,0,11,14,25,19,11,0,28,38,52,63,37
2022,2,R,전통시장,2130234,푸른터시장(기능상실),3,2,1,0,0,1,0,2,0,0,0,1,0,1,0,0,0,0,0,1,0
2022,2,R,전통시장,2130233,남문시장,76,47,29,0,5,8,18,22,23,0,2,3,9,12,21,0,3,5,9,10,2
2022,2,R,전통시장,2130232,독산동 맛나는거리상점가(독산동 맛나는거리),33,24,9,0,3,12,5,10,3,0,2,9,4,6,3,0,1,3,1,4,0
2022,2,R,전통시장,2130231,독산동 우시장,611,476,135,2,31,74,126,196,182,0,16,55,97,145,163,2,15,19,29,51,19
2022,2,R,전통시장,2130229,남구로시장,249,139,110,1,16,53,61,62,56,0,7,30,31,32,39,1,9,23,30,30,17
2022,2,R,전통시장,2130228,구로시장,10,5,5,0,0,4,6,0,0,0,0,1,4,0,0,0,0,3,2,0,0
2022,2,R,전통시장,2130227,고척골목시장상점가(그라운드 고척),97,68,29,0,8,22,36,23,8,0,4,13,26,19,6,0,4,9,10,4,2
2022,2,R,전통시장,2130226,고척프라자,2,2,0,0,1,1,0,0,0,0,1,1,0,0,0,0,0,0,0,0,0
2022,2,R,전통시장,2130225,개봉중앙시장,147,59,88,0,15,21,39,44,28,0,3,4,19,22,11,0,12,17,20,22,17
2022,2,R,전통시장,2130224,개봉프라자(고척근린시장),5,4,1,0,0,0,1,2,2,0,0,0,1,1,2,0,0,0,0,1,0
2022,2,R,전통시장,2130223,고척근린시장,42,12,30,0,2,10,12,14,4,0,0,1,1,7,3,0,2,9,11,7,1
2022,2,R,전통시장,2130222,오류시장,132,21,111,0,10,26,46,43,7,0,5,1,4,5,6,0,5,25,42,38,1
2022,2,R,전통시장,2130221,"남부골목시장(남부화곡시장, 남부시장)",188,69,119,0,22,32,50,57,27,0,5,5,15,22,22,0,17,27,35,35,5
2022,2,R,전통시장,2130219,까치산시장,124,37,87,0,16,18,39,32,19,0,4,6,9,9,9,0,12,12,30,23,10
2022,2,R,전통시장,2130218,신월중앙시장,118,53,65,0,28,34,26,13,17,0,8,12,11,9,13,0,20,22,15,4,4
2022,2,R,전통시장,2130217,화곡본동시장,36,16,20,0,3,5,10,13,5,0,1,3,5,6,1,0,2,2,5,7,4
2022,2,R,전통시장,2130216,화곡중앙시장,75,32,43,0,4,11,21,22,17,0,2,2,9,8,11,0,2,9,12,14,6
2022,2,R,전통시장,2130215,대원종합시장,9,7,2,0,0,1,0,3,5,0,0,1,0,2,4,0,0,0,0,1,1
2022,2,R,전통시장,2130214,송화벽화시장(송화골목시장),119,44,75,2,23,18,25,33,18,0,6,7,9,13,9,2,17,11,16,20,9
2022,2,R,전통시장,2130213,방신전통시장,112,77,35,0,13,20,25,29,25,0,10,18,14,14,21,0,3,2,11,15,4
2022,2,R,전통시장,2130212,공항시장,8,6,2,0,1,0,3,2,2,0,1,0,3,0,2,0,0,0,0,2,0
2022,2,R,전통시장,2130211,신정2동 골목시장(오목교중앙시장),51,18,33,0,3,10,18,17,3,0,1,3,8,4,2,0,2,7,10,13,1
2022,2,R,전통시장,2130210,목2동시장,432,251,181,1,66,124,122,71,48,1,40,69,70,39,32,0,26,55,52,32,16
2022,2,R,전통시장,2130209,목사랑시장(목4동시장),111,61,50,0,7,15,23,42,24,0,2,13,10,20,16,0,5,2,13,22,8
2022,2,R,전통시장,2130208,목동깨비시장(목3동시장),148,67,81,0,13,20,55,37,23,0,7,6,18,19,17,0,6,14,37,18,6
2022,2,R,전통시장,2130207,신정1동 골목시장(신정제일시장),38,21,17,0,8,9,10,7,4,0,3,5,6,4,3,0,5,4,4,3,1
2022,2,R,전통시장,2130206,신정3동 골목시장,20,6,14,0,0,5,11,2,2,0,0,0,3,1,2,0,0,5,8,1,0
2022,2,R,전통시장,2130205,신곡종합시장(신월6동 골목시장),141,103,38,1,17,36,39,32,16,0,10,27,33,18,15,1,7,9,6,14,1
2022,2,R,전통시장,2130204,경창시장,100,50,50,0,5,12,27,27,29,0,2,5,12,16,15,0,3,7,15,11,14
2022,2,R,전통시장,2130203,서서울 골목형상점가,34,7,27,0,2,7,10,12,3,0,0,0,2,4,1,0,2,7,8,8,2
2022,2,R,전통시장,2130202,신영시장,40,13,27,0,3,4,13,16,4,0,2,0,3,6,2,0,1,4,10,10,2
2022,2,R,전통시장,2130201,월정로시장,27,17,10,0,2,8,10,7,0,0,0,7,6,4,0,0,2,1,4,3,0
2022,2,R,전통시장,2130200,"신월7동 골목시장(약수시장, 우성상가)",27,18,9,0,0,3,9,6,9,0,0,0,7,4,7,0,0,3,2,2,2
2022,2,R,전통시장,2130199,신월3동 골목시장,18,8,10,0,1,4,4,9,0,0,0,1,3,4,0,0,1,3,1,5,0
2022,2,R,전통시장,2130198,아현시장,203,45,158,1,51,84,52,10,5,0,8,5,26,4,2,1,43,79,26,6,3
2022,2,R,전통시장,2130197,마포시장,15,5,10,0,0,1,5,4,5,0,0,1,0,2,2,0,0,0,5,2,3
2022,2,R,전통시장,2130196,공덕시장,3948,2001,1947,52,1323,1296,891,287,99,28,467,646,599,181,80,24,856,650,292,106,19
2022,2,R,전통시장,2130195,도화동 상점가,1055,510,545,2,201,269,228,163,192,1,86,133,121,95,74,1,115,136,107,68,118
2022,2,R,전통시장,2130194,용강동 상점가,875,502,373,0,103,131,179,170,292,0,39,75,104,114,170,0,64,56,75,56,122
2022,2,R,전통시장,2130193,신수시장,34,19,15,0,4,7,12,5,6,0,1,5,5,4,4,0,3,2,7,1,2
2022,2,R,전통시장,2130192,동진시장,10,6,4,0,1,1,4,3,1,0,1,1,1,2,1,0,0,0,3,1,0
2022,2,R,전통시장,2130191,홍대 걷고싶은 거리,367,225,142,6,65,65,81,82,68,4,40,41,54,47,39,2,25,24,27,35,29
2022,2,R,전통시장,2130190,홍대소상공인상점가,150,77,73,1,55,35,30,18,11,0,18,22,18,10,9,1,37,13,12,8,2
2022,2,R,전통시장,2130189,서교시장,24,10,14,0,2,1,7,6,8,0,0,1,2,3,4,0,2,0,5,3,4
2022,2,R,전통시장,2130187,영진시장,29,14,15,0,4,5,11,7,2,0,2,2,6,2,2,0,2,3,5,5,0
2022,2,R,전통시장,2130186,망원시장,178,84,94,0,16,30,47,50,35,0,13,19,20,17,15,0,3,11,27,33,20
2022,2,R,전통시장,2130185,망원월드컵시장,190,123,67,1,26,69,53,25,16,1,14,43,35,16,14,0,12,26,18,9,2
2022,2,R,전통시장,2130184,마포농수산물시장,77,40,37,0,2,12,24,26,13,0,1,8,12,14,5,0,1,4,12,12,8
2022,2,R,전통시장,2130183,상암동상점가,816,607,209,1,89,204,283,187,52,0,49,150,227,143,38,1,40,54,56,44,14
2022,2,R,전통시장,2130182,영천시장,78,35,43,0,13,8,24,22,11,0,3,4,10,12,6,0,10,4,14,10,5
2022,2,R,전통시장,2130181,아현가구거리상점가,59,30,29,0,8,11,13,10,17,0,0,7,9,4,10,0,8,4,4,6,7
2022,2,R,전통시장,2130180,포방터시장,59,34,25,0,13,11,15,6,14,0,4,4,11,5,10,0,9,7,4,1,4
2022,2,R,전통시장,2130179,"이화여대 3,5,7길 상점가",147,65,82,3,34,15,41,31,23,1,12,3,14,17,18,2,22,12,27,14,5
2022,2,R,전통시장,2130178,이대 앞 스타트업 상점가,32,7,25,0,5,5,10,6,6,0,1,0,4,0,2,0,4,5,6,6,4
2022,2,R,전통시장,2130177,인왕시장(홍제골목형상점가),44,7,37,0,1,1,8,7,27,0,0,0,1,3,3,0,1,1,7,4,24
2022,2,R,전통시장,2130176,유진상가,38,23,15,0,20,16,1,1,0,0,9,13,1,0,0,0,11,3,0,1,0
2022,2,R,전통시장,2130175,신촌 상인회(신촌상점가),13,5,8,0,1,3,5,4,0,0,1,0,1,3,0,0,0,3,4,1,0
2022,2,R,전통시장,2130173,백련시장,5,3,2,0,0,1,0,2,2,0,0,1,0,0,2,0,0,0,0,2,0
2022,2,R,전통시장,2130172,모래내시장(서중시장),41,13,28,0,5,12,8,10,6,0,0,2,3,5,3,0,5,10,5,5,3
2022,2,R,전통시장,2130171,불광먹자골목 골목형상점가,155,54,101,0,18,31,24,37,45,0,4,9,11,16,14,0,14,22,13,21,31
2022,2,R,전통시장,2130170,제일시장,58,26,32,1,7,9,13,19,9,1,2,2,5,11,5,0,5,7,8,8,4
2022,2,R,전통시장,2130169,대조시장,67,31,36,0,5,11,21,23,7,0,1,3,11,11,5,0,4,8,10,12,2
2022,2,R,전통시장,2130168,연서시장,242,157,85,0,19,50,53,65,55,0,5,23,33,49,47,0,14,27,20,16,8
2022,2,R,전통시장,2130167,연신내상점가(연빛거리),636,239,397,1,144,143,157,120,71,1,31,52,57,53,45,0,113,91,100,67,26
2022,2,R,전통시장,2130166,응암시장(신응암시장),17,10,7,0,0,3,2,5,7,0,0,0,1,3,6,0,0,3,1,2,1
2022,2,R,전통시장,2130165,"대림골목시장(대림시장, 양지시장)",214,34,180,0,20,45,56,62,31,0,1,7,5,11,10,0,19,38,51,51,21
2022,2,R,전통시장,2130164,역촌중앙시장,9,3,6,0,0,1,2,2,4,0,0,0,1,1,1,0,0,1,1,1,3
2022,2,R,전통시장,2130163,응암오거리상점가,182,49,133,0,24,28,44,50,36,0,4,8,11,12,14,0,20,20,33,38,22
2022,2,R,전통시장,2130162,증산골목시장,7,3,4,0,0,2,2,1,2,0,0,0,0,1,2,0,0,2,2,0,0
2022,2,R,전통시장,2130161,증산종합시장,8,5,3,0,0,1,2,2,3,0,0,0,1,2,2,0,0,1,1,0,1
2022,2,R,전통시장,2130160,수일시장,7,2,5,0,0,2,1,2,2,0,0,0,0,1,1,0,0,2,1,1,1
2022,2,R,전통시장,2130159,공릉동 도깨비시장,101,47,54,0,12,22,24,26,17,0,4,8,9,15,11,0,8,14,15,11,6
2022,2,R,전통시장,2130157,상계중앙시장,74,40,34,0,14,19,14,17,10,0,8,15,7,7,3,0,6,4,7,10,7
2022,2,R,전통시장,2130155,시영B상가(중계 그린아파트 B 상가),12,8,4,0,1,5,3,3,0,0,0,5,2,1,0,0,1,0,1,2,0
2022,2,R,전통시장,2130153,창동역상점가,229,138,91,0,18,48,54,56,53,0,7,31,30,31,39,0,11,17,24,25,14
2022,2,R,전통시장,2130152,오!도봉거리 상점가,61,34,27,0,5,14,19,13,10,0,1,5,10,10,8,0,4,9,9,3,2
2022,2,R,전통시장,2130151,신도봉시장,5,5,0,0,1,0,2,2,0,0,1,0,2,2,0,0,0,0,0,0,0
2022,2,R,전통시장,2130150,창동골목시장,84,47,37,0,19,30,14,8,13,0,7,20,9,5,6,0,12,10,5,3,7
2022,2,R,전통시장,2130149,창동신창시장,104,40,64,0,2,21,32,29,20,0,0,7,14,8,11,0,2,14,18,21,9
2022,2,R,전통시장,2130148,방학동도깨비시장,60,33,27,0,6,9,16,18,11,0,4,3,8,14,4,0,2,6,8,4,7
2022,2,R,전통시장,2130147,쌍문역동측상점가,69,32,37,0,7,17,18,9,18,0,2,6,10,5,9,0,5,11,8,4,9
2022,2,R,전통시장,2130146,쌍문시장(쌍문역골목시장),263,124,139,0,29,33,54,80,67,0,10,12,28,32,42,0,19,21,26,48,25
2022,2,R,전통시장,2130145,쌍문역둘리상점가,244,202,42,0,39,44,77,62,22,0,28,35,65,56,18,0,11,9,12,6,4
2022,2,R,전통시장,2130144,백운시장,38,17,21,0,0,3,13,14,8,0,0,0,5,5,7,0,0,3,8,9,1
2022,2,R,전통시장,2130143,방천골목시장,65,36,29,0,11,7,19,24,4,0,6,5,9,13,3,0,5,2,10,11,1
2022,2,R,전통시장,2130142,강북북부시장,7,5,2,0,1,1,0,2,3,0,0,1,0,2,2,0,1,0,0,0,1
2022,2,R,전통시장,2130141,강북북부골목시장,43,20,23,0,16,4,11,6,6,0,3,2,6,6,3,0,13,2,5,0,3
2022,2,R,전통시장,2130140,숭인시장,62,27,35,0,9,13,10,15,15,0,0,4,1,9,13,0,9,9,9,6,2
2022,2,R,전통시장,2130139,강북종합전통시장(강북종합골목시장),166,114,52,0,16,45,61,28,16,0,11,33,42,19,9,0,5,12,19,9,7
2022,2,R,전통시장,2130138,수유프라자,142,24,118,1,31,24,16,42,28,0,1,4,5,4,10,1,30,20,11,38,18
2022,2,R,전통시장,2130137,"수유전통시장(수유시장, 수유골목시장)",89,31,58,0,5,10,19,26,29,0,0,3,8,8,12,0,5,7,11,18,17
2022,2,R,전통시장,2130136,수유재래시장,29,11,18,0,6,5,7,5,6,0,2,1,0,2,6,0,4,4,7,3,0
2022,2,R,전통시장,2130135,수유중앙골목시장(수유중앙시장),24,12,12,0,0,3,4,5,12,0,0,2,2,0,8,0,0,1,2,5,4
2022,2,R,전통시장,2130134,"솔샘시장(미아6,7동골목시장)",73,30,43,1,7,19,25,18,3,0,3,4,12,8,3,1,4,15,13,10,0
2022,2,R,전통시장,2130133,우이골목시장(우이시장),69,61,8,0,7,7,19,20,16,0,6,6,17,17,15,0,1,1,2,3,1
2022,2,R,전통시장,2130132,삼양골목시장(삼양시장),57,19,38,0,10,13,12,14,8,0,0,4,5,5,5,0,10,9,7,9,3
2022,2,R,전통시장,2130131,동북프라자,121,49,72,0,9,23,37,29,23,0,4,8,17,9,11,0,5,15,20,20,12
2022,2,R,전통시장,2130130,수유북부골목시장,20,14,6,0,1,1,7,5,6,0,0,0,6,3,5,0,1,1,1,2,1
2022,2,R,전통시장,2130129,장미원골목시장,911,571,340,0,15,14,38,89,755,0,1,4,12,40,514,0,14,10,26,49,241
2022,2,R,전통시장,2130128,돌곶이시장(석관황금시장),191,157,34,0,30,36,41,72,12,0,28,26,29,62,12,0,2,10,12,10,0
2022,2,R,전통시장,2130126,새석관시장,3,1,2,0,0,0,1,2,0,0,0,0,0,1,0,0,0,0,1,1,0
2022,2,R,전통시장,2130125,장위전통시장,40,20,20,0,5,6,7,8,14,0,0,2,5,5,8,0,5,4,2,3,6
2022,2,R,전통시장,2130123,꿈의숲 장곡 골목형상점가,6,5,1,0,1,0,1,4,0,0,1,0,1,3,0,0,0,0,0,1,0
2022,2,R,전통시장,2130122,밤나무골시장,17,5,12,0,2,4,6,4,1,0,1,1,2,1,0,0,1,3,4,3,1
2022,2,R,전통시장,2130121,길음시장,91,19,72,0,36,24,10,8,13,0,2,5,3,2,7,0,34,19,7,6,6
2022,2,R,전통시장,2130120,돈암시장(돈암제일시장),99,23,76,1,20,20,25,18,15,0,0,2,7,8,6,1,20,18,18,10,9
2022,2,R,전통시장,2130119,정릉아리랑시장,15,4,11,0,0,4,5,5,1,0,0,0,0,3,1,0,0,4,5,2,0
2022,2,R,전통시장,2130118,정릉골 골목형상점가,67,30,37,0,11,13,11,19,13,0,0,2,6,12,10,0,11,11,5,7,3
2022,2,R,전통시장,2130117,정릉시장,119,62,57,0,4,15,34,41,25,0,2,8,20,18,14,0,2,7,14,23,11
2022,2,R,전통시장,2130116,동성타워프라자,31,22,9,0,2,9,7,8,5,0,2,4,4,7,5,0,0,5,3,1,0
2022,2,R,전통시장,2130115,우림골목시장,307,106,201,2,80,61,68,64,32,0,29,11,30,20,16,2,51,50,38,44,16
2022,2,R,전통시장,2130114,유영시장,31,20,11,0,9,5,3,8,6,0,7,2,2,5,4,0,2,3,1,3,2
2022,2,R,전통시장,2130113,신아타운,148,27,121,1,31,31,28,39,18,1,4,9,3,4,6,0,27,22,25,35,12
2022,2,R,전통시장,2130112,사가정시장,86,28,58,0,13,17,24,19,13,0,0,3,6,8,11,0,13,14,18,11,2
2022,2,R,전통시장,2130111,"동원전통종합시장(동원시장, 동원전통시장 상점가)",224,109,115,0,24,37,49,82,32,0,11,17,21,38,22,0,13,20,28,44,10
2022,2,R,전통시장,2130110,면목골목시장(면목시장),103,59,44,0,1,8,32,38,24,0,1,5,19,18,16,0,0,3,13,20,8
2022,2,R,전통시장,2130109,묵1동도깨비시장,47,33,14,0,2,9,16,9,11,0,1,5,13,5,9,0,1,4,3,4,2
2022,2,R,전통시장,2130108,태능엔터피아(태릉시장),3,1,2,0,0,0,1,2,0,0,0,0,0,1,0,0,0,0,1,1,0
2022,2,R,전통시장,2130107,중랑동부시장(중랑교종합상가),13,3,10,0,0,1,4,5,3,0,0,0,0,1,2,0,0,1,4,4,1
2022,2,R,전통시장,2130106,중랑동부시장,166,56,110,1,20,40,34,39,32,0,1,8,7,21,19,1,19,32,27,18,13
2022,2,R,전통시장,2130105,장미제일시장(중화동제일시장),63,27,36,0,8,14,22,11,8,0,3,6,14,3,1,0,5,8,8,8,7
2022,2,R,전통시장,2130104,전곡시장,93,54,39,0,8,17,28,26,14,0,5,8,16,13,12,0,3,9,12,13,2
2022,2,R,전통시장,2130103,이경시장,16,8,8,0,0,1,2,2,11,0,0,1,1,1,5,0,0,0,1,1,6
2022,2,R,전통시장,2130101,답십리현대시장,8,5,3,0,0,1,3,2,2,0,0,1,1,2,1,0,0,0,2,0,1
2022,2,R,전통시장,2130100,답십리시장,93,40,53,2,19,25,23,11,13,2,4,9,11,6,8,0,15,16,12,5,5
2022,2,R,전통시장,2130099,전농로터리시장,7,3,4,0,1,0,2,3,1,0,0,0,1,1,1,0,1,0,1,2,0
2022,2,R,전통시장,2130098,회기시장,55,17,38,0,9,14,15,12,5,0,2,3,4,6,2,0,7,11,11,6,3
2022,2,R,전통시장,2130097,답십리 건축자재시장,315,202,113,1,17,46,46,44,161,0,8,37,25,23,109,1,9,9,21,21,52
2022,2,R,전통시장,2130096,동부시장,14,9,5,0,0,0,1,1,12,0,0,0,0,0,9,0,0,0,1,1,3
2022,2,R,전통시장,2130095,청량리전통시장,95,38,57,0,6,16,18,33,22,0,4,6,9,10,9,0,2,10,9,23,13
2022,2,R,전통시장,2130094,청량리청과물시장,54,24,30,0,7,13,17,7,10,0,0,4,10,2,8,0,7,9,7,5,2
2022,2,R,전통시장,2130093,동서시장,5,3,2,0,0,0,1,2,2,0,0,0,1,0,2,0,0,0,0,2,0
2022,2,R,전통시장,2130092,청량리농수산물시장,12,9,3,0,0,1,3,5,3,0,0,0,3,3,3,0,0,1,0,2,0
2022,2,R,전통시장,2130091,청량종합도매시장,36,27,9,0,1,3,11,14,7,0,0,3,8,10,6,0,1,0,3,4,1
2022,2,R,전통시장,2130090,청량리종합시장,19,13,6,0,1,4,3,5,6,0,1,2,3,3,4,0,0,2,0,2,2
2022,2,R,전통시장,2130089,청량리수산시장,42,33,9,0,4,7,16,6,9,0,3,7,12,4,7,0,1,0,4,2,2
2022,2,R,전통시장,2130088,경동시장,126,57,69,0,18,32,24,17,35,0,3,11,11,10,22,0,15,21,13,7,13
2022,2,R,전통시장,2130087,경동광성상가(경동시장),28,20,8,0,5,3,8,7,5,0,3,2,6,5,4,0,2,1,2,2,1
2022,2,R,전통시장,2130086,서울약령시장,1184,651,533,4,113,208,305,341,213,0,56,128,165,181,121,4,57,80,140,160,92
2022,2,R,전통시장,2130085,용두시장,4,2,2,0,0,0,1,2,1,0,0,0,0,1,1,0,0,0,1,1,0
2022,2,R,전통시장,2130084,신성시장(신성골목시장),21,6,15,0,3,5,8,4,1,0,0,1,2,2,1,0,3,4,6,2,0
2022,2,R,전통시장,2130083,"중곡제일시장(중곡제일골목시장, 광성시장)",111,68,43,0,15,21,29,24,22,0,7,14,20,10,17,0,8,7,9,14,5
2022,2,R,전통시장,2130082,면곡골목시장,20,11,9,0,4,0,1,9,6,0,4,0,0,3,4,0,0,0,1,6,2
2022,2,R,전통시장,2130081,자양골목전통시장(자양골목시장),54,36,18,0,7,17,14,9,7,0,5,12,9,6,4,0,2,5,5,3,3
2022,2,R,전통시장,2130080,자양종합시장(기능상실),14,10,4,0,0,1,6,6,1,0,0,1,4,4,1,0,0,0,2,2,0
2022,2,R,전통시장,2130079,한아름시장,40,29,11,0,5,6,6,10,13,0,4,4,5,6,10,0,1,2,1,4,3
2022,2,R,전통시장,2130078,화양제일골목시장,65,23,42,0,6,17,20,18,4,0,1,7,8,6,1,0,5,10,12,12,3
2022,2,R,전통시장,2130077,조양시장,31,19,12,0,11,7,8,5,0,0,6,5,4,4,0,0,5,2,4,1,0
2022,2,R,전통시장,2130076,능동로골목시장,88,67,21,0,2,11,14,16,45,0,1,4,13,10,39,0,1,7,1,6,6
2022,2,R,전통시장,2130075,노룬산시장(노룬산골목시장),23,13,10,0,4,5,10,2,2,0,3,3,6,0,1,0,1,2,4,2,1
2022,2,R,전통시장,2130074,영동교골목시장,21,15,6,0,6,9,2,3,1,0,3,9,0,2,1,0,3,0,2,1,0
2022,2,R,전통시장,2130073,뚝도시장,45,17,28,1,3,10,9,11,11,0,0,2,4,5,6,1,3,8,5,6,5
2022,2,R,전통시장,2130072,성동용답상가시장,132,71,61,0,21,19,35,39,18,0,9,9,16,26,11,0,12,10,19,13,7
2022,2,R,전통시장,2130071,성수역 골목형상점가,335,180,155,1,61,89,70,43,71,0,27,43,43,29,38,1,34,46,27,14,33
2022,2,R,전통시장,2130070,뚝섬역상점가,1016,697,319,6,178,259,217,222,134,4,105,179,143,157,109,2,73,80,74,65,25
2022,2,R,전통시장,2130069,"한양대앞상점가(한양시장, 왕십리맛골목)",32,19,13,0,6,6,4,8,8,0,4,4,0,5,6,0,2,2,4,3,2
2022,2,R,전통시장,2130068,마장축산물시장,975,630,345,1,102,202,250,248,172,1,68,127,155,165,114,0,34,75,95,83,58
2022,2,R,전통시장,2130067,왕십리도선동상점가,1670,335,1335,3,166,202,291,591,417,1,78,98,69,49,40,2,88,104,222,542,377
2022,2,R,전통시장,2130066,행당시장상점가,397,182,215,0,49,86,115,100,47,0,17,38,54,45,28,0,32,48,61,55,19
2022,2,R,전통시장,2130065,무학봉상점가,144,67,77,0,22,29,34,37,22,0,4,10,14,22,17,0,18,19,20,15,5
2022,2,R,전통시장,2130064,금남시장,36,13,23,0,6,7,8,4,11,0,1,0,5,2,5,0,5,7,3,2,6
2022,2,R,전통시장,2130063,신금호역 골목형상점가,30,21,9,0,2,4,5,9,10,0,1,3,4,7,6,0,1,1,1,2,4
2022,2,R,전통시장,2130062,보광시장,31,12,19,0,0,6,10,13,2,0,0,3,4,4,1,0,0,3,6,9,1
2022,2,R,전통시장,2130061,이태원시장,32,20,12,0,18,3,4,6,1,0,12,1,3,3,1,0,6,2,1,3,0
2022,2,R,전통시장,2130060,신흥시장,4,1,3,0,0,2,0,2,0,0,0,1,0,0,0,0,0,1,0,2,0
2022,2,R,전통시장,2130059,후암시장,64,40,24,0,6,12,16,11,19,0,4,5,10,7,14,0,2,7,6,4,5
2022,2,R,전통시장,2130058,이촌종합시장,109,78,31,0,13,19,25,26,26,0,7,12,15,21,23,0,6,7,10,5,3
2022,2,R,전통시장,2130057,만리시장,12,9,3,0,0,2,1,4,5,0,0,1,1,3,4,0,0,1,0,1,1
2022,2,R,전통시장,2130056,용산용문시장,65,34,31,0,7,15,18,10,15,0,4,6,7,6,11,0,3,9,11,4,4
2022,2,R,전통시장,2130055,"황학시장(서울중앙시장, 신중앙시장)",203,117,86,0,24,49,47,52,31,0,12,25,24,32,24,0,12,24,23,20,7
2022,2,R,전통시장,2130054,황학동주방가구거리상점가,374,266,108,0,25,80,116,106,47,0,18,60,77,74,37,0,7,20,39,32,10
2022,2,R,전통시장,2130053,백학시장,160,69,91,0,22,24,46,37,31,0,8,8,20,15,18,0,14,16,26,22,13
2022,2,R,전통시장,2130052,서울중앙시장(신중앙시장),479,342,137,0,106,156,101,61,55,0,80,110,57,45,50,0,26,46,44,16,5
2022,2,R,전통시장,2130051,동화동 골목형상점가,391,156,235,1,82,94,98,66,50,1,18,25,43,36,33,0,64,69,55,30,17
2022,2,R,전통시장,2130050,청평화시장,120,50,70,1,18,26,31,29,15,1,9,13,5,15,7,0,9,13,26,14,8
2022,2,R,전통시장,2130049,신당 미래유산 먹거리 골목형상점가,42,19,23,0,3,5,9,13,12,0,1,3,0,7,8,0,2,2,9,6,4
2022,2,R,전통시장,2130048,동평화시장,18,9,9,0,7,8,0,3,0,0,3,4,0,2,0,0,4,4,0,1,0
2022,2,R,전통시장,2130047,테크노상가(엘리시움),160,112,48,0,10,26,34,61,29,0,5,20,21,42,24,0,5,6,13,19,5
2022,2,R,전통시장,2130046,team204(팀204),20,13,7,0,1,3,4,2,10,0,0,2,3,1,7,0,1,1,1,1,3
2022,2,R,전통시장,2130045,광희패션몰,49,29,20,0,1,5,11,17,15,0,0,2,7,11,9,0,1,3,4,6,6
2022,2,R,전통시장,2130044,에리어식스(벨포스트),10,2,8,1,0,2,3,3,1,1,0,1,0,0,0,0,0,1,3,3,1
2022,2,R,전통시장,2130043,제일평화시장,43,27,16,0,6,14,13,8,2,0,1,9,9,6,2,0,5,5,4,2,0
2022,2,R,전통시장,2130042,약수시장,158,67,91,2,36,30,40,21,29,2,9,9,19,8,20,0,27,21,21,13,9
2022,2,R,전통시장,2130041,신평화패션타운(청계6가 지하도상가),28,21,7,0,1,5,9,8,5,0,0,4,9,5,3,0,1,1,0,3,2
2022,2,R,전통시장,2130040,남평화시장,5,3,2,0,0,4,0,0,1,0,0,2,0,0,1,0,0,2,0,0,0
2022,2,R,전통시장,2130039,청계6가 지하도상가,36,26,10,0,1,1,7,6,21,0,1,1,5,5,14,0,0,0,2,1,7
2022,2,R,전통시장,2130038,"평화시장(통일상가, 동화상가)",930,630,300,3,110,293,273,172,79,0,61,165,211,134,59,3,49,128,62,38,20
2022,2,R,전통시장,2130036,중부시장(신중부시장),3089,921,2168,8,1868,593,250,198,172,3,316,189,171,120,122,5,1552,404,79,78,50
2022,2,R,전통시장,2130035,방산종합시장(방산시장),1190,736,454,1,96,200,284,312,297,0,56,117,154,191,218,1,40,83,130,121,79
2022,2,R,전통시장,2130034,필동 골목형상점가,14,7,7,0,2,4,5,2,1,0,1,2,2,2,0,0,1,2,3,0,1
2022,2,R,전통시장,2130033,대림상가(청계상가),169,121,48,0,7,29,54,39,40,0,3,19,35,30,34,0,4,10,19,9,6
2022,2,R,전통시장,2130032,인현시장,167,123,44,0,3,25,47,54,38,0,3,16,35,40,29,0,0,9,12,14,9
2022,2,R,전통시장,2130031,청계천공구상가,921,698,223,2,101,281,234,159,144,1,64,230,181,104,118,1,37,51,53,55,26
2022,2,R,전통시장,2130028,을지입구지하상가(을지로지하보도쇼핑센터),2,2,0,0,0,0,1,1,0,0,0,0,1,1,0,0,0,0,0,0,0
2022,2,R,전통시장,2130025,삼익패션타운(남대문시장),5494,2675,2819,69,1760,1561,1124,794,186,31,674,837,763,292,78,38,1086,724,361,502,108
2022,2,R,전통시장,2130024,남대문시장(자유상가),732,426,306,2,54,129,172,177,198,1,15,75,95,108,132,1,39,54,77,69,66
2022,2,R,전통시장,2130022,숭례문수입상가(남대문시장),1907,850,1057,0,330,855,598,113,11,0,55,378,338,70,9,0,275,477,260,43,2
2022,2,R,전통시장,2130021,신설종합시장,50,37,13,1,1,10,12,13,13,0,0,9,10,10,8,1,1,1,2,3,5
2022,2,R,전통시장,2130020,동묘시장(동묘벼룩시장),407,177,230,5,154,93,73,58,24,5,43,31,45,32,21,0,111,62,28,26,3
2022,2,R,전통시장,2130019,동대문상가D동,28,21,7,0,6,5,5,4,8,0,4,2,4,4,7,0,2,3,1,0,1
2022,2,R,전통시장,2130018,동대문문구완구거리(동대문문구완구시장),215,124,91,0,27,45,50,52,41,0,12,24,33,31,24,0,15,21,17,21,17
2022,2,R,전통시장,2130017,동대문상가C동,12,9,3,0,1,4,4,2,1,0,1,4,3,0,1,0,0,0,1,2,0
2022,2,R,전통시장,2130016,동대문상가B동,2,1,1,0,0,1,1,0,0,0,0,0,1,0,0,0,0,1,0,0,0
2022,2,R,전통시장,2130015,창신골목시장,22,12,10,0,0,2,8,9,3,0,0,2,6,2,2,0,0,0,2,7,1
2022,2,R,전통시장,2130014,동문시장,3,1,2,0,0,2,0,0,1,0,0,0,0,0,1,0,0,2,0,0,0
2022,2,R,전통시장,2130012,"동대문종합시장(동대문종합시장 신관, 동대문종합시장D동상가)",1319,965,354,2,156,325,348,339,149,0,116,251,238,247,113,2,40,74,110,92,36
2022,2,R,전통시장,2130011,충신시장,88,44,44,0,19,19,20,17,13,0,7,11,8,8,10,0,12,8,12,9,3
2022,2,R,전통시장,2130010,종로신진시장,200,113,87,0,20,29,55,48,48,0,14,17,24,26,32,0,6,12,31,22,16
2022,2,R,전통시장,2130009,마전교지하쇼핑센터(구 한일상가),24,16,8,0,0,2,3,7,12,0,0,2,2,4,8,0,0,0,1,3,4
2022,2,R,전통시장,2130007,광장시장(광장전통시장),466,310,156,0,39,77,97,129,124,0,22,41,73,77,97,0,17,36,24,52,27
2022,2,R,전통시장,2130005,세운상가가동,137,96,41,0,7,34,35,22,39,0,5,23,28,8,32,0,2,11,7,14,7
2022,2,R,전통시장,2130004,낙원시장(낙원지하시장(대일상가)),364,258,106,0,29,70,99,78,88,0,14,51,68,57,68,0,15,19,31,21,20
2022,2,R,전통시장,2130002,세종마을음식문화거리(금천교시장),564,392,172,4,56,109,120,121,154,0,26,74,75,90,127,4,30,35,45,31,27
2022,2,R,전통시장,2130001,통인시장,59,29,30,0,4,14,11,12,18,0,2,4,6,6,11,0,2,10,5,6,7
2022,2,D,발달상권,2120249,고덕역,1359,916,443,3,172,305,337,317,225,1,75,198,249,221,172,2,97,107,88,96,53
2022,2,D,발달상권,2120248,명일역,860,332,528,4,114,141,223,204,174,2,41,59,84,69,77,2,73,82,139,135,97
2022,2,D,발달상권,2120247,굽은다리역,565,307,258,4,91,118,142,102,108,1,37,76,71,55,67,3,54,42,71,47,41
2022,2,D,발달상권,2120246,길동역,3399,1536,1863,14,384,560,835,905,701,8,169,317,417,296,329,6,215,243,418,609,372
2022,2,D,발달상권,2120245,둔촌역,1884,1135,749,7,312,460,446,371,288,6,169,309,271,195,185,1,143,151,175,176,103
2022,2,D,발달상권,2120244,암사역,916,401,515,0,70,85,103,111,547,0,14,44,49,42,252,0,56,41,54,69,295
2022,2,D,발달상권,2120243,천호역,1353,629,724,6,186,250,315,291,305,2,63,108,142,123,191,4,123,142,173,168,114
2022,2,D,발달상권,2120242,강동구청역,4528,2937,1591,33,536,1064,1055,893,947,13,287,678,695,560,704,20,249,386,360,333,243
2022,2,D,발달상권,2120241,거여역,1197,650,547,5,110,221,296,277,288,2,80,152,161,83,172,3,30,69,135,194,116
2022,2,D,발달상권,2120240,개롱역,1609,1102,507,7,212,314,404,431,241,5,125,230,269,295,178,2,87,84,135,136,63
2022,2,D,발달상권,2120239,오금역,4700,3006,1694,17,851,1243,1186,911,492,11,456,826,848,495,370,6,395,417,338,416,122
2022,2,D,발달상권,2120238,방이역,412,251,161,4,47,97,113,76,75,3,22,45,60,57,64,1,25,52,53,19,11
2022,2,D,발달상권,2120237,경찰병원역,8608,5226,3382,58,1222,1655,1718,1449,2506,24,537,1057,1126,725,1757,34,685,598,592,724,749
2022,2,D,발달상권,2120236,장지역(가든파이브),4622,3221,1401,15,678,1056,1076,989,808,10,373,711,778,710,639,5,305,345,298,279,169
2022,2,D,발달상권,2120235,문정역,907,621,286,1,116,196,202,236,156,0,69,151,148,144,109,1,47,45,54,92,47
2022,2,D,발달상권,2120234,가락시장역,10268,6224,4044,11,1350,2490,2149,1678,2590,3,586,1468,1439,927,1801,8,764,1022,710,751,789
2022,2,D,발달상권,2120233,몽촌토성역,10357,5705,4652,28,1787,2711,2252,2152,1427,22,1123,1846,1193,782,739,6,664,865,1059,1370,688
2022,2,D,발달상권,2120232,송파나루역,1269,856,413,0,212,350,295,218,194,0,91,220,204,165,176,0,121,130,91,53,18
2022,2,D,발달상권,2120231,가락시장,5698,4083,1615,0,368,1051,1564,1654,1061,0,264,836,1185,1098,700,0,104,215,379,556,361
2022,2,D,발달상권,2120230,송파사거리(송파역),876,470,406,4,96,176,202,193,205,1,38,99,115,92,125,3,58,77,87,101,80
2022,2,D,발달상권,2120229,방이동먹자골목,7319,4732,2587,12,1062,2182,1915,1302,846,5,588,1347,1338,913,541,7,474,835,577,389,305
2022,2,D,발달상권,2120228,석촌역(석촌호수),4494,2725,1769,7,707,1306,1038,695,741,1,288,851,680,410,495,6,419,455,358,285,246
2022,2,D,발달상권,2120227,잠실역,45438,24212,21226,163,8139,11821,12755,11278,1282,51,3785,7433,7435,4548,960,112,4354,4388,5320,6730,322
2022,2,D,발달상권,2120226,석촌고분역,2408,1777,631,8,277,341,447,352,983,7,130,207,264,234,935,1,147,134,183,118,48
2022,2,D,발달상권,2120225,잠실새내역(신천),5750,3738,2012,25,929,1190,1248,1210,1148,3,467,728,831,853,856,22,462,462,417,357,292
2022,2,D,발달상권,2120224,수서역,12418,6339,6079,23,1900,3177,3167,2346,1805,12,860,1669,1497,1232,1069,11,1040,1508,1670,1114,736
2022,2,D,발달상권,2120223,휘문고교사거리,9166,5574,3592,20,1785,2926,2736,1401,298,4,1102,2061,1597,609,201,16,683,865,1139,792,97
2022,2,D,발달상권,2120222,삼성역,43324,24141,19183,244,8091,13641,10294,6385,4669,119,3186,7703,6883,3711,2539,125,4905,5938,3411,2674,2130
2022,2,D,발달상권,2120221,봉은사역,19513,12605,6908,22,4375,5782,3654,2813,2867,8,2402,4217,2849,1721,1408,14,1973,1565,805,1092,1459
2022,2,D,발달상권,2120220,대치역,5578,3302,2276,26,1841,2261,972,319,159,2,769,1465,717,225,124,24,1072,796,255,94,35
2022,2,D,발달상권,2120219,은마아파트,17161,5791,11370,202,3396,3816,3174,4058,2515,83,1254,1870,1373,817,394,119,2142,1946,1801,3241,2121
2022,2,D,발달상권,2120218,코엑스,290,54,236,0,116,103,58,13,0,0,13,16,16,9,0,0,103,87,42,4,0
2022,2,D,발달상권,2120217,대치사거리,2779,1478,1301,11,552,771,700,452,293,10,220,379,381,264,224,1,332,392,319,188,69
2022,2,D,발달상권,2120216,경기고교사거리(경기고교앞사거리),4934,3621,1313,8,712,1628,1666,772,148,5,291,1070,1431,703,121,3,421,558,235,69,27
2022,2,D,발달상권,2120215,포스코사거리,61656,40699,20957,170,9756,22505,18176,8404,2645,29,4305,14324,13853,6406,1782,141,5451,8181,4323,1998,863
2022,2,D,발달상권,2120214,영동대교남단교차로,3990,2902,1088,7,489,1173,1108,931,282,3,271,811,866,755,196,4,218,362,242,176,86
2022,2,D,발달상권,2120213,삼성중앙역,8472,5131,3341,50,1855,2469,1898,1065,1135,12,828,1511,1297,712,771,38,1027,958,601,353,364
2022,2,D,발달상권,2120212,한티역,713,378,335,1,115,178,190,137,92,1,36,85,116,78,62,0,79,93,74,59,30
2022,2,D,발달상권,2120211,도성초등학교,984,516,468,7,180,282,189,161,165,3,68,120,112,117,96,4,112,162,77,44,69
2022,2,D,발달상권,2120210,선릉역,48780,26797,21983,117,11358,13636,11065,7952,4652,54,5356,8026,6479,4158,2724,63,6002,5610,4586,3794,1928
2022,2,D,발달상권,2120209,"강남구청(청담역_8번, 강남세무서)",8984,2608,6376,34,2050,2683,2467,1170,580,9,538,752,537,393,379,25,1512,1931,1930,777,201
2022,2,D,발달상권,2120208,청담사거리(청담동명품거리),10577,4635,5942,38,3354,3776,2024,878,507,13,1031,1619,1113,501,358,25,2323,2157,911,377,149
2022,2,D,발달상권,2120207,선정릉역,12151,7422,4729,32,2685,4209,2741,1595,889,16,1111,2464,1939,1147,745,16,1574,1745,802,448,144
2022,2,D,발달상권,2120206,개나리아파트,5280,3376,1904,87,1661,1418,1095,666,353,27,868,957,784,463,277,60,793,461,311,203,76
2022,2,D,발달상권,2120205,매봉역,13950,9370,4580,95,2838,4203,3126,1781,1907,44,1450,2959,2521,1302,1094,51,1388,1244,605,479,813
2022,2,D,발달상권,2120204,르네상스호텔사거리,41471,20644,20827,102,8167,11056,10671,10081,1394,54,5016,7567,4988,2062,957,48,3151,3489,5683,8019,437
2022,2,D,발달상권,2120203,강남구청역,7726,4602,3124,27,1589,2070,1890,1381,769,8,650,1218,1293,882,551,19,939,852,597,499,218
2022,2,D,발달상권,2120202,압구정로데오역(압구정로데오),11735,6075,5660,41,2963,4419,2469,1425,418,11,793,2184,1593,1195,299,30,2170,2235,876,230,119
2022,2,D,발달상권,2120201,도곡1동,11559,6387,5172,116,3565,3472,2482,1299,625,31,1365,2021,1730,754,486,85,2200,1451,752,545,139
2022,2,D,발달상권,2120200,학동사거리,9363,3808,5555,26,2868,3075,1848,1005,541,9,654,1122,937,687,399,17,2214,1953,911,318,142
2022,2,D,발달상권,2120199,경복아파트교차로,3830,2283,1547,10,796,1196,781,572,475,4,317,721,498,390,353,6,479,475,283,182,122
2022,2,D,발달상권,2120198,구역삼세무서,11531,7246,4285,23,2691,3529,2889,1562,837,12,1141,2216,2115,1139,623,11,1550,1313,774,423,214
2022,2,D,발달상권,2120197,역삼역,58694,38567,20127,93,10088,18053,15887,10835,3738,43,5227,11916,11864,7079,2438,50,4861,6137,4023,3756,1300
2022,2,D,발달상권,2120196,서울세관,9687,5900,3787,15,1708,2897,2579,1614,874,2,604,1527,1719,1323,725,13,1104,1370,860,291,149
2022,2,D,발달상권,2120195,성수대교남단,5611,2685,2926,39,1393,2394,1102,426,257,15,487,1194,634,208,147,24,906,1200,468,218,110
2022,2,D,발달상권,2120194,언주역(차병원),12628,8724,3904,37,2790,4202,2802,1923,874,14,1366,2863,2239,1588,654,23,1424,1339,563,335,220
2022,2,D,발달상권,2120193,도산공원교차로,6384,3798,2586,15,1278,1918,1493,983,697,6,466,1071,1021,696,538,9,812,847,472,287,159
2022,2,D,발달상권,2120192,뱅뱅사거리,27462,18935,8527,73,5758,8273,6703,4372,2283,38,3280,5616,5106,3189,1706,35,2478,2657,1597,1183,577
2022,2,D,발달상권,2120191,학동역,13862,8102,5760,40,2889,3759,2967,1864,2343,17,1120,2144,2011,1130,1680,23,1769,1615,956,734,663
2022,2,D,발달상권,2120190,강남을지병원,11703,6183,5520,44,3417,3226,2498,1508,1010,14,1228,1648,1560,985,748,30,2189,1578,938,523,262
2022,2,D,발달상권,2120189,강남역,72613,38819,33794,234,17636,24305,18411,9151,2876,59,6629,13226,10962,5914,2029,175,11007,11079,7449,3237,847
2022,2,D,발달상권,2120188,압구정역,8579,3750,4829,134,2204,2146,1550,1314,1231,47,698,969,897,556,583,87,1506,1177,653,758,648
2022,2,D,발달상권,2120187,신논현역,13076,7778,5298,64,3624,3962,2984,1673,769,27,1516,2302,2121,1247,565,37,2108,1660,863,426,204
2022,2,D,발달상권,2120186,가로수길,6518,3580,2938,19,1316,2133,1570,895,585,5,447,1174,950,573,431,14,869,959,620,322,154
2022,2,D,발달상권,2120185,논현역,12764,7403,5361,29,2731,4125,3228,1879,772,10,1040,2435,2232,1195,491,19,1691,1690,996,684,281
2022,2,D,발달상권,2120184,포이사거리(삼호물산),10139,7003,3136,20,1553,3044,2666,1705,1151,10,846,2068,2010,1212,857,10,707,976,656,493,294
2022,2,D,발달상권,2120183,양재천카페거리,3558,2626,932,12,586,972,848,551,589,10,364,717,638,413,484,2,222,255,210,138,105
2022,2,D,발달상권,2120182,"양재시민의숲역(양재동꽃시장, aT센터)",6144,4255,1889,33,1041,1652,1482,1259,677,14,539,1144,1089,924,545,19,502,508,393,335,132
2022,2,D,발달상권,2120181,교육개발원입구사거리,7278,4440,2838,316,2978,1563,1247,730,444,145,1506,983,939,536,331,171,1472,580,308,194,113
2022,2,D,발달상권,2120180,양재화물트럭터미널앞,2562,2146,416,13,637,812,554,409,137,10,466,711,481,363,115,3,171,101,73,46,22
2022,2,D,발달상권,2120179,양재역,21445,16961,4484,59,3105,7307,5206,3969,1799,34,2177,6101,4309,3030,1310,25,928,1206,897,939,489
2022,2,D,발달상권,2120178,신사역,10933,5953,4980,34,2539,2847,2355,1810,1348,13,871,1570,1480,999,1020,21,1668,1277,875,811,328
2022,2,D,발달상권,2120177,신논현역 1번,694,436,258,1,84,187,202,143,77,0,34,111,130,106,55,1,50,76,72,37,22
2022,2,D,발달상권,2120176,논현역 4번,893,566,327,1,130,216,195,168,183,1,67,126,129,106,137,0,63,90,66,62,46
2022,2,D,발달상권,2120175,남부터미널역,8239,5313,2926,32,1702,2478,1995,1290,742,6,856,1691,1361,852,547,26,846,787,634,438,195
2022,2,D,발달상권,2120174,논현역 5번,682,380,302,6,108,196,155,95,122,4,39,108,90,59,80,2,69,88,65,36,42
2022,2,D,발달상권,2120173,교대역(법원.검찰청),18197,10449,7748,74,3267,5392,4725,3068,1671,29,1418,3003,2843,1896,1260,45,1849,2389,1882,1172,411
2022,2,D,발달상권,2120172,교대입구교차로,10241,5712,4529,53,2062,2700,2445,1945,1036,33,854,1635,1489,1004,697,20,1208,1065,956,941,339
2022,2,D,발달상권,2120171,서초3동사거리,11750,6206,5544,15,1990,3845,2551,1862,1487,6,827,1746,1496,1064,1067,9,1163,2099,1055,798,420
2022,2,D,발달상권,2120170,삼호가든사거리,2026,1161,865,8,279,587,623,346,183,7,113,333,412,168,128,1,166,254,211,178,55
2022,2,D,발달상권,2120169,서초역,15771,7185,8586,70,3824,4195,3945,2657,1080,30,1313,1990,1801,1235,816,40,2511,2205,2144,1422,264
2022,2,D,발달상권,2120168,서울고교교차로,569,378,191,1,58,166,147,103,94,0,28,98,107,78,67,1,30,68,40,25,27
2022,2,D,발달상권,2120167,고속터미널(고속터미널역),5078,2994,2084,6,600,1311,1087,924,1150,5,318,915,786,488,482,1,282,396,301,436,668
2022,2,D,발달상권,2120166,방배역,5467,3282,2185,90,1234,1594,1033,699,817,26,523,920,713,451,649,64,711,674,320,248,168
2022,2,D,발달상권,2120165,서래마을카페거리(서래마을),3467,2266,1201,11,605,1119,949,516,267,3,277,716,707,369,194,8,328,403,242,147,73
2022,2,D,발달상권,2120164,내방역,8574,5973,2601,56,1923,2821,1862,1128,784,48,1160,1998,1383,799,585,8,763,823,479,329,199
2022,2,D,발달상권,2120163,사당역 11번(사당역먹자골목),491,290,201,0,55,119,99,86,132,0,28,73,57,50,82,0,27,46,42,36,50
2022,2,D,발달상권,2120162,방배동카페골목,1253,717,536,61,207,200,219,215,351,57,126,142,110,93,189,4,81,58,109,122,162
2022,2,D,발달상권,2120161,방배동가구거리(사당동가구거리),2517,1833,684,3,187,342,315,347,1323,2,78,178,165,202,1208,1,109,164,150,145,115
2022,2,D,발달상권,2120160,사당역(사당),9153,4750,4403,14,1560,2594,2716,1534,735,4,617,1307,1324,997,501,10,943,1287,1392,537,234
2022,2,D,발달상권,2120159,서울대입구역,1430,763,667,12,289,320,321,238,250,6,116,164,174,133,170,6,173,156,147,105,80
2022,2,D,발달상권,2120158,녹두거리(대학동),695,550,145,2,31,73,200,279,110,0,7,41,163,241,98,2,24,32,37,38,12
2022,2,D,발달상권,2120157,신림역(신림),593,255,338,1,95,115,145,125,112,0,19,40,81,48,67,1,76,75,64,77,45
2022,2,D,발달상권,2120156,"총신대입구역(이수, 총신대)",3255,1425,1830,14,615,769,718,629,510,7,201,327,374,254,262,7,414,442,344,375,248
2022,2,D,발달상권,2120155,총신대학교,111,57,54,0,13,27,27,26,18,0,7,8,15,15,12,0,6,19,12,11,6
2022,2,D,발달상권,2120154,장승배기역,479,199,280,1,61,123,126,106,62,0,16,58,67,35,23,1,45,65,59,71,39
2022,2,D,발달상권,2120153,노량진역(노량진),3699,1844,1855,10,521,1209,935,690,334,2,193,496,461,465,227,8,328,713,474,225,107
2022,2,D,발달상권,2120152,신대방삼거리역,594,291,303,1,66,127,155,154,91,1,22,63,84,74,47,0,44,64,71,80,44
2022,2,D,발달상권,2120151,보라매공원,2417,1455,962,6,401,736,707,383,184,4,194,433,450,237,137,2,207,303,257,146,47
2022,2,D,발달상권,2120150,63빌딩,7632,4749,2883,29,989,1932,2741,1691,250,5,494,1296,1379,1422,153,24,495,636,1362,269,97
2022,2,D,발달상권,2120149,여의도역(여의도),69255,45888,23367,184,11383,22550,19240,12096,3802,34,5884,14085,14147,9350,2388,150,5499,8465,5093,2746,1414
2022,2,D,발달상권,2120148,국회의사당역(국회의사당),31135,19451,11684,82,6815,10231,7641,4493,1873,27,3082,6187,5424,3397,1334,55,3733,4044,2217,1096,539
2022,2,D,발달상권,2120147,보라매역,1981,1262,719,6,292,455,377,378,473,3,99,312,255,270,323,3,193,143,122,108,150
2022,2,D,발달상권,2120146,한강성심병원,5045,2866,2179,18,1237,1249,1097,821,623,8,395,663,729,584,487,10,842,586,368,237,136
2022,2,D,발달상권,2120145,영등포역(영등포),3856,1817,2039,22,673,1021,921,702,517,0,202,441,486,388,300,22,471,580,435,314,217
2022,2,D,발달상권,2120144,영중로,2015,1072,943,1,254,394,507,598,261,1,142,276,288,230,135,0,112,118,219,368,126
2022,2,D,발달상권,2120143,당산역,2723,2018,705,9,329,524,575,532,754,2,194,398,412,396,616,7,135,126,163,136,138
2022,2,D,발달상권,2120142,대림역,1559,847,712,2,235,282,348,386,306,0,69,145,190,230,213,2,166,137,158,156,93
2022,2,D,발달상권,2120141,영등포청과시장교차로,601,418,183,2,71,137,188,115,88,1,36,85,133,86,77,1,35,52,55,29,11
2022,2,D,발달상권,2120140,문래동주민센터,6162,3296,2866,22,1447,1840,1635,916,302,11,558,993,992,517,225,11,889,847,643,399,77
2022,2,D,발달상권,2120139,대림3동사거리,3619,2404,1215,14,423,867,992,727,596,5,220,632,783,462,302,9,203,235,209,265,294
2022,2,D,발달상권,2120138,당산2동(영등포우체국),2754,1653,1101,23,745,579,479,488,440,15,395,347,312,309,275,8,350,232,167,179,165
2022,2,D,발달상권,2120137,문래역(문래로데오거리),50,21,29,2,11,8,13,12,4,0,4,1,7,7,2,2,7,7,6,5,2
2022,2,D,발달상권,2120136,영등포구청역,6617,3299,3318,20,1193,1504,1423,1444,1033,12,575,848,775,592,497,8,618,656,648,852,536
2022,2,D,발달상권,2120135,양평역,5072,3013,2059,32,1300,1280,1187,776,497,11,626,825,676,441,434,21,674,455,511,335,63
2022,2,D,발달상권,2120134,구로전화국,2014,1668,346,0,107,157,172,223,1355,0,44,75,96,153,1300,0,63,82,76,70,55
2022,2,D,발달상권,2120133,서울시흥동우체국(홈플러스시흥점),142,55,87,1,14,22,27,42,36,1,5,10,12,11,16,0,9,12,15,31,20
2022,2,D,발달상권,2120132,독산동,4203,2884,1319,13,512,908,1016,1074,680,12,350,650,695,701,476,1,162,258,321,373,204
2022,2,D,발달상권,2120131,가산디지털단지,81100,53404,27696,289,16340,25683,20119,11582,7087,184,8639,17229,14518,7692,5142,105,7701,8454,5601,3890,1945
2022,2,D,발달상권,2120130,구로디지털단지역,1136,620,516,1,169,376,236,212,142,0,59,208,125,125,103,1,110,168,111,87,39
2022,2,D,발달상권,2120129,구로디지털단지,47750,31091,16659,195,10197,16227,12034,5678,3419,126,5117,10736,8454,3920,2738,69,5080,5491,3580,1758,681
2022,2,D,발달상권,2120128,신도림역,1253,656,597,7,191,318,382,243,112,1,75,153,191,149,87,6,116,165,191,94,25
2022,2,D,발달상권,2120127,구로구청,5918,3878,2040,6,614,1229,1440,1444,1185,5,365,976,1050,808,674,1,249,253,390,636,511
2022,2,D,발달상권,2120126,디지털단지오거리,135,86,49,0,11,30,48,26,20,0,2,16,38,15,15,0,9,14,10,11,5
2022,2,D,발달상권,2120125,구로역,9291,6324,2967,24,1029,2136,2412,2271,1419,12,581,1466,1596,1572,1097,12,448,670,816,699,322
2022,2,D,발달상권,2120124,개봉동 현대아파트,461,205,256,0,63,89,119,82,108,0,18,26,49,43,69,0,45,63,70,39,39
2022,2,D,발달상권,2120123,오류동역,2120,1645,475,1,313,413,505,594,294,0,276,331,389,425,224,1,37,82,116,169,70
2022,2,D,발달상권,2120122,강서구청,2137,1208,929,4,308,444,489,437,455,2,103,218,267,256,362,2,205,226,222,181,93
2022,2,D,발달상권,2120121,까치산역,344,135,209,2,49,40,67,101,85,2,12,14,27,41,39,0,37,26,40,60,46
2022,2,D,발달상권,2120120,화곡역,927,405,522,1,177,218,193,196,142,0,46,109,84,81,85,1,131,109,109,115,57
2022,2,D,발달상권,2120119,발산역(마곡),1427,686,741,2,184,339,416,350,136,1,54,148,211,174,98,1,130,191,205,176,38
2022,2,D,발달상권,2120117,강서농산물도매시장,430,263,167,0,12,60,121,145,92,0,9,46,75,82,51,0,3,14,46,63,41
2022,2,D,발달상권,2120116,송정역,117,64,53,0,17,27,28,20,25,0,9,11,15,10,19,0,8,16,13,10,6
2022,2,D,발달상권,2120114,목동신시가지,13614,9392,4222,46,2086,3824,3484,2915,1259,29,1130,2623,2555,2209,846,17,956,1201,929,706,413
2022,2,D,발달상권,2120113,오목교역,628,372,256,2,96,144,162,136,88,1,45,79,94,92,61,1,51,65,68,44,27
2022,2,D,발달상권,2120112,등촌역,1633,1138,495,10,223,388,373,358,281,6,100,270,265,265,232,4,123,118,108,93,49
2022,2,D,발달상권,2120111,목동사거리,1828,710,1118,1,551,601,341,219,115,0,101,248,161,116,84,1,450,353,180,103,31
2022,2,D,발달상권,2120110,목동역 8번출구,1858,1400,458,2,142,216,286,247,965,1,42,102,166,181,908,1,100,114,120,66,57
2022,2,D,발달상권,2120109,서울남부지방법원,608,342,266,2,56,104,110,170,166,1,18,40,50,104,129,1,38,64,60,66,37
2022,2,D,발달상권,2120108,신정네거리역,992,580,412,2,93,215,220,242,220,1,28,110,112,160,169,1,65,105,108,82,51
2022,2,D,발달상권,2120107,공덕역(공덕오거리),13077,7619,5458,43,2471,3470,3552,3026,515,9,1021,2002,2300,1900,387,34,1450,1468,1252,1126,128
2022,2,D,발달상권,2120106,마포역,11462,7104,4358,12,1804,2735,2677,2306,1928,8,917,1662,1889,1435,1193,4,887,1073,788,871,735
2022,2,D,발달상권,2120105,상수역(홍대),524,273,251,4,126,153,122,71,48,2,51,74,70,42,34,2,75,79,52,29,14
2022,2,D,발달상권,2120104,연남동(홍대),5955,3176,2779,20,1117,1491,1289,1103,935,12,428,824,772,620,520,8,689,667,517,483,415
2022,2,D,발달상권,2120103,홍대입구역(홍대),9580,5991,3589,87,2167,2434,2066,1613,1213,61,1145,1486,1404,988,907,26,1022,948,662,625,306
2022,2,D,발달상권,2120102,서교동(홍대),7276,3402,3874,18,1521,2551,1814,899,473,11,496,1065,913,566,351,7,1025,1486,901,333,122
2022,2,D,발달상권,2120101,합정역,1932,1048,884,2,302,520,515,399,194,2,89,236,312,266,143,0,213,284,203,133,51
2022,2,D,발달상권,2120100,망원역,900,436,464,3,192,236,215,153,101,1,49,107,117,103,59,2,143,129,98,50,42
2022,2,D,발달상권,2120099,월드컵경기장역(월드컵경기장),84,57,27,0,11,20,26,14,13,0,6,16,21,7,7,0,5,4,5,7,6
2022,2,D,발달상권,2120098,DMC(디지털미디어시티),8846,5391,3455,19,1691,3228,2856,875,177,11,813,1995,1821,616,135,8,878,1233,1035,259,42
2022,2,D,발달상권,2120097,충정로역,2246,1354,892,0,321,658,631,407,229,0,172,390,397,254,141,0,149,268,234,153,88
2022,2,D,발달상권,2120096,"이화여대(이대역, 이대)",470,195,275,1,79,135,125,79,51,0,27,51,46,38,33,1,52,84,79,41,18
2022,2,D,발달상권,2120095,홍제역,922,520,402,1,73,107,260,362,119,0,17,56,137,222,88,1,56,51,123,140,31
2022,2,D,발달상권,2120094,"신촌역(신촌역, 신촌로터리)",5355,2430,2925,67,2390,1192,681,594,431,23,999,589,299,279,241,44,1391,603,382,315,190
2022,2,D,발달상권,2120093,연희동,661,351,310,2,60,125,170,195,109,0,27,62,91,103,68,2,33,63,79,92,41
2022,2,D,발달상권,2120092,불광역,274,147,127,0,33,51,83,52,55,0,12,29,44,21,41,0,21,22,39,31,14
2022,2,D,발달상권,2120091,본서부병원,516,192,324,1,51,69,119,165,111,0,20,28,51,55,38,1,31,41,68,110,73
2022,2,D,발달상권,2120090,연신내역,687,262,425,5,180,133,134,129,106,1,64,55,49,45,48,4,116,78,85,84,58
2022,2,D,발달상권,2120089,구파발역,1,0,1,0,0,0,1,0,0,0,0,0,0,0,0,0,0,0,1,0,0
2022,2,D,발달상권,2120088,구산역,799,279,520,2,86,117,175,272,147,2,30,65,68,59,55,0,56,52,107,213,92
2022,2,D,발달상권,2120087,응암역,441,272,169,0,45,84,114,106,92,0,17,50,78,60,67,0,28,34,36,46,25
2022,2,D,발달상권,2120086,태릉입구역,382,205,177,0,42,78,82,102,78,0,24,43,35,49,54,0,18,35,47,53,24
2022,2,D,발달상권,2120085,은행사거리,317,121,196,4,51,48,80,78,56,3,11,14,21,40,32,1,40,34,59,38,24
2022,2,D,발달상권,2120084,공릉역,712,546,166,3,33,59,110,240,267,1,11,22,63,205,244,2,22,37,47,35,23
2022,2,D,발달상권,2120083,등나무근린공원,1184,787,397,0,166,325,271,283,139,0,114,228,171,179,95,0,52,97,100,104,44
2022,2,D,발달상권,2120082,상계백병원,426,148,278,0,85,102,118,82,39,0,21,24,39,43,21,0,64,78,79,39,18
2022,2,D,발달상권,2120081,노원역,1552,508,1044,9,369,295,343,307,229,2,66,87,125,121,107,7,303,208,218,186,122
2022,2,D,발달상권,2120080,마들역,180,46,134,0,30,45,46,36,23,0,2,7,9,13,15,0,28,38,37,23,8
2022,2,D,발달상권,2120079,창동역,1326,796,530,0,151,232,320,304,319,0,54,108,172,195,267,0,97,124,148,109,52
2022,2,D,발달상권,2120078,미아사거리역,145,90,55,0,27,29,29,31,29,0,12,17,21,18,22,0,15,12,8,13,7
2022,2,D,발달상권,2120077,미아역,218,97,121,0,32,37,52,64,33,0,11,8,18,38,22,0,21,29,34,26,11
2022,2,D,발달상권,2120076,수유역,1930,865,1065,7,241,303,422,465,492,4,62,102,176,240,281,3,179,201,246,225,211
2022,2,D,발달상권,2120075,월곡역,369,213,156,1,40,86,97,67,78,0,17,48,54,44,50,1,23,38,43,23,28
2022,2,D,발달상권,2120074,안암역,59,28,31,1,12,16,12,8,10,0,5,9,7,2,5,1,7,7,5,6,5
2022,2,D,발달상권,2120073,미아사거리,353,135,218,3,40,67,95,95,53,2,16,29,45,23,20,1,24,38,50,72,33
2022,2,D,발달상권,2120072,성신여대,1048,537,511,18,137,211,213,271,198,11,46,86,103,152,139,7,91,125,110,119,59
2022,2,D,발달상권,2120071,성북구청,255,127,128,0,36,55,64,62,38,0,14,22,38,31,22,0,22,33,26,31,16
2022,2,D,발달상권,2120070,한성대입구역,466,180,286,2,83,69,78,113,121,2,21,31,37,38,51,0,62,38,41,75,70
2022,2,D,발달상권,2120069,상봉역,932,597,335,6,147,258,263,151,107,4,102,158,163,99,71,2,45,100,100,52,36
2022,2,D,발달상권,2120068,사가정역,145,45,100,3,38,31,25,22,26,0,1,5,12,12,15,3,37,26,13,10,11
2022,2,D,발달상권,2120067,장안동사거리,2587,1169,1418,9,427,578,671,577,325,7,165,280,258,255,204,2,262,298,413,322,121
2022,2,D,발달상권,2120066,장한평역(장한평),7424,4770,2654,43,1531,1839,1491,1235,1285,10,739,1202,991,818,1010,33,792,637,500,417,275
2022,2,D,발달상권,2120065,회기역,326,207,119,3,48,55,89,76,55,1,27,39,49,49,42,2,21,16,40,27,13
2022,2,D,발달상권,2120064,경희대학교(경희대),97,44,53,0,14,27,21,13,22,0,9,13,10,4,8,0,5,14,11,9,14
2022,2,D,발달상권,2120063,청량리역(청량리),1182,514,668,3,225,221,239,246,248,2,66,86,89,116,155,1,159,135,150,130,93
2022,2,D,발달상권,2120062,신설동역,12641,5433,7208,13,1215,2605,3449,3480,1879,2,445,1435,1625,1123,803,11,770,1170,1824,2357,1076
2022,2,D,발달상권,2120061,올림픽대교북단,1094,864,230,1,228,403,324,95,43,0,165,326,290,55,28,1,63,77,34,40,15
2022,2,D,발달상권,2120060,강변역(테크노마트),3189,2348,841,12,402,686,870,703,516,2,209,509,686,549,393,10,193,177,184,154,123
2022,2,D,발달상권,2120059,구삼강변맛길,3279,1781,1498,6,431,676,555,747,864,4,244,472,367,322,372,2,187,204,188,425,492
2022,2,D,발달상권,2120058,구의사거리,688,333,355,2,92,158,174,181,81,1,33,79,80,77,63,1,59,79,94,104,18
2022,2,D,발달상권,2120057,아차산역,2218,1220,998,52,412,432,503,468,351,19,236,257,289,206,213,33,176,175,214,262,138
2022,2,D,발달상권,2120056,구의역,2200,1115,1085,7,350,431,596,491,325,6,119,173,290,313,214,1,231,258,306,178,111
2022,2,D,발달상권,2120055,군자역,4255,2030,2225,33,1138,780,911,991,402,23,548,430,436,330,263,10,590,350,475,661,139
2022,2,D,발달상권,2120054,어린이대공원역,1243,826,417,0,90,153,311,440,249,0,25,88,205,321,187,0,65,65,106,119,62
2022,2,D,발달상권,2120053,건대입구역(건대),859,491,368,5,147,141,172,187,207,2,40,61,95,130,163,3,107,80,77,57,44
2022,2,D,발달상권,2120052,성수역,11387,7284,4103,23,2113,2900,2661,2238,1452,12,1170,1971,1783,1298,1050,11,943,929,878,940,402
2022,2,D,발달상권,2120051,뚝섬역,3944,2582,1362,20,703,946,867,651,757,15,446,646,549,445,481,5,257,300,318,206,276
2022,2,D,발달상권,2120050,서울숲역,212,159,53,0,33,40,60,52,27,0,19,30,47,41,22,0,14,10,13,11,5
2022,2,D,발달상권,2120049,왕십리역(왕십리),1459,1004,455,1,183,301,377,468,129,1,92,187,272,371,81,0,91,114,105,97,48
2022,2,D,발달상권,2120048,금호역,80,31,49,0,16,10,18,24,12,0,2,2,6,13,8,0,14,8,12,11,4
2022,2,D,발달상권,2120047,한남오거리,2290,1458,832,11,366,751,623,343,196,9,152,461,438,249,149,2,214,290,185,94,47
2022,2,D,발달상권,2120046,이태원(이태원역),2276,1295,981,24,817,682,338,220,195,15,389,421,205,134,131,9,428,261,133,86,64
2022,2,D,발달상권,2120045,남영동 먹자골목,4044,1580,2464,7,424,908,1421,1162,122,1,257,576,502,205,39,6,167,332,919,957,83
2022,2,D,발달상권,2120044,삼각지역,1611,1164,447,5,313,408,385,330,170,5,185,303,315,234,122,0,128,105,70,96,48
2022,2,D,발달상권,2120043,서울역,22578,15322,7256,58,4087,7782,5513,3664,1474,27,2087,4897,4201,3033,1077,31,2000,2885,1312,631,397
2022,2,D,발달상권,2120042,"숙대입구역(남영역, 남영동)",4057,2797,1260,20,750,1490,1024,558,215,8,370,894,831,510,184,12,380,596,193,48,31
2022,2,D,발달상권,2120041,신용산역(용산역),16270,5741,10529,72,4012,5520,4509,1569,588,25,1308,1921,1510,595,382,47,2704,3599,2999,974,206
2022,2,D,발달상권,2120040,용산전자상가(용산역),8014,5960,2054,43,1390,2727,2224,1236,394,30,882,2007,1729,997,315,13,508,720,495,239,79
2022,2,D,발달상권,2120039,신당역,2321,1230,1091,31,793,486,404,333,274,11,347,244,225,219,184,20,446,242,179,114,90
2022,2,D,발달상권,2120038,약수역,2289,1360,929,7,436,739,579,320,208,1,189,451,383,195,141,6,247,288,196,125,67
2022,2,D,발달상권,2120037,동대문역사문화공원역,35320,17057,18263,421,11234,9194,6981,5237,2253,180,5605,5543,3901,1328,500,241,5629,3651,3080,3909,1753
2022,2,D,발달상권,2120036,장충동족발거리(남소영길),2289,1090,1199,14,616,783,556,223,97,0,122,393,365,155,55,14,494,390,191,68,42
2022,2,D,발달상권,2120035,퇴계로5가,2257,1368,889,7,650,570,525,321,184,3,282,379,388,200,116,4,368,191,137,121,68
2022,2,D,발달상권,2120034,중구청(퇴계로4가),1538,1044,494,7,107,227,400,437,360,5,47,128,262,325,277,2,60,99,138,112,83
2022,2,D,발달상권,2120033,을지로4가역,874,443,431,7,128,213,194,204,128,1,45,108,99,91,99,6,83,105,95,113,29
2022,2,D,발달상권,2120032,충무로역,11403,5304,6099,36,1756,2560,3266,2711,1074,15,589,1271,1554,1201,674,21,1167,1289,1712,1510,400
2022,2,D,발달상권,2120031,을지로3가역,6147,3450,2697,9,699,1541,1643,1286,969,0,223,730,924,892,681,9,476,811,719,394,288
2022,2,D,발달상권,2120030,중부경찰서(영화인의거리),11889,6798,5091,53,2154,3638,3423,1960,661,16,721,2139,2092,1366,464,37,1433,1499,1331,594,197
2022,2,D,발달상권,2120029,을지로2가,7461,4461,3000,27,1938,2808,1698,798,192,7,787,1650,1165,693,159,20,1151,1158,533,105,33
2022,2,D,발달상권,2120028,명동(명동거리),12797,7708,5089,41,2137,3592,3670,2246,1111,16,1028,1982,2334,1641,707,25,1109,1610,1336,605,404
2022,2,D,발달상권,2120027,명동역(명동재미로),18097,8477,9620,67,2695,5851,6070,3074,340,9,859,2588,2522,2321,178,58,1836,3263,3548,753,162
2022,2,D,발달상권,2120026,을지로입구역,30610,18501,12109,14,4275,11589,8473,5661,598,4,1729,5846,5959,4562,401,10,2546,5743,2514,1099,197
2022,2,D,발달상권,2120025,롯데백화점(시청광장 지하쇼핑센터),22641,6272,16369,229,12750,7002,1623,944,93,71,3075,2028,779,248,71,158,9675,4974,844,696,22
2022,2,D,발달상권,2120024,회현역,2167,1364,803,2,341,795,582,250,197,1,146,473,416,192,136,1,195,322,166,58,61
2022,2,D,발달상권,2120023,서울시청,10242,5534,4708,15,2234,3260,2778,1425,530,4,852,1657,1658,983,380,11,1382,1603,1120,442,150
2022,2,D,발달상권,2120022,북창동(시청역_6번),5197,3160,2037,24,1010,1611,1149,767,636,2,391,936,852,543,436,22,619,675,297,224,200
2022,2,D,발달상권,2120021,시청역_8번,24117,15220,8897,74,4137,8250,7186,3526,944,13,1738,4529,5241,3020,679,61,2399,3721,1945,506,265
2022,2,D,발달상권,2120020,시청역_1번,10375,7489,2886,40,2120,3185,2952,1721,357,21,1118,2220,2480,1370,280,19,1002,965,472,351,77
2022,2,D,발달상권,2120019,경찰청앞교차로,5958,3146,2812,26,1051,2221,1625,793,242,8,274,1044,982,619,219,18,777,1177,643,174,23
2022,2,D,발달상권,2120018,중림동,2187,1366,821,2,393,736,598,293,165,2,207,425,357,237,138,0,186,311,241,56,27
2022,2,D,발달상권,2120017,동묘앞역(동묘),626,149,477,0,62,124,251,120,69,0,7,33,35,27,47,0,55,91,216,93,22
2022,2,D,발달상권,2120016,동대문역,193,120,73,1,10,27,45,44,66,0,6,14,20,31,49,1,4,13,25,13,17
2022,2,D,발달상권,2120015,종로6가,302,153,149,0,49,64,69,65,55,0,17,23,27,42,44,0,32,41,42,23,11
2022,2,D,발달상권,2120014,종로5가역,4887,2839,2048,375,1123,1351,1205,597,236,112,456,860,851,397,163,263,667,491,354,200,73
2022,2,D,발달상권,2120013,이화사거리,7552,5465,2087,8,1309,2510,2065,1290,370,1,628,1731,1677,1167,261,7,681,779,388,123,109
2022,2,D,발달상권,2120012,대학로(혜화역),2061,929,1132,10,357,603,507,318,266,5,105,208,252,171,188,5,252,395,255,147,78
2022,2,D,발달상권,2120011,종로4가,2980,1663,1317,5,420,1022,880,514,139,0,165,497,518,378,105,5,255,525,362,136,34
2022,2,D,발달상권,2120010,원남동사거리,4107,2297,1810,50,1544,1305,655,383,170,2,585,793,487,297,133,48,959,512,168,86,37
2022,2,D,발달상권,2120009,종로3가역,8495,4786,3709,19,1355,2296,2026,1582,1217,8,563,1230,1198,953,834,11,792,1066,828,629,383
2022,2,D,발달상권,2120008,인사동,22070,13019,9051,1263,7895,5069,3940,2756,1147,589,4005,3077,2666,2006,676,674,3890,1992,1274,750,471
2022,2,D,발달상권,2120007,북촌(안국역),10172,8081,2091,7,1112,3577,3084,1913,479,5,623,2851,2568,1659,375,2,489,726,516,254,104
2022,2,D,발달상권,2120006,종각역,33181,16028,17153,59,5900,11133,9928,5489,672,14,2254,4920,4677,3672,491,45,3646,6213,5251,1817,181
2022,2,D,발달상권,2120005,삼청동,3053,2795,258,1,399,712,898,817,226,0,340,633,848,776,198,1,59,79,50,41,28
2022,2,D,발달상권,2120004,종로구청,12937,7078,5859,9,1442,4392,4485,2080,529,4,432,2050,2756,1493,343,5,1010,2342,1729,587,186
2022,2,D,발달상권,2120003,광화문역,44202,27021,17181,79,6413,12958,13138,8070,3544,12,2655,7612,8988,5645,2109,67,3758,5346,4150,2425,1435
2022,2,D,발달상권,2120002,서촌(경복궁역),2008,1079,929,37,492,680,426,224,149,0,190,388,263,133,105,37,302,292,163,91,44
2022,2,D,발달상권,2120001,서대문역,1510,1022,488,1,265,530,359,278,77,1,106,344,272,237,62,0,159,186,87,41,15
2022,2,A,골목상권,2111090,강일동주민센터,91,35,56,0,15,30,23,17,6,0,1,10,10,10,4,0,14,20,13,7,2
2022,2,A,골목상권,2111089,상일여고(상일초등학교),758,508,250,0,51,131,184,236,156,0,32,81,128,155,112,0,19,50,56,81,44
2022,2,A,골목상권,2111088,고덕동성당,123,54,69,0,15,32,32,31,13,0,4,15,10,15,10,0,11,17,22,16,3
2022,2,A,골목상권,2111087,고덕중학교(고덕2동주민센터),197,89,108,0,26,46,62,36,27,0,5,21,26,17,20,0,21,25,36,19,7
2022,2,A,골목상권,2111086,한영중고,297,202,95,1,27,45,73,101,50,1,17,22,52,69,41,0,10,23,21,32,9
2022,2,A,골목상권,2111085,묘곡초등학교(고덕아이파크아파트),800,452,348,0,68,111,152,196,273,0,35,72,80,84,181,0,33,39,72,112,92
2022,2,A,골목상권,2111084,길동신동아아파트,169,104,65,2,27,32,37,58,13,2,21,23,24,25,9,0,6,9,13,33,4
2022,2,A,골목상권,2111083,GS강동자이아파트,411,245,166,0,67,62,70,100,112,0,47,43,41,44,70,0,20,19,29,56,42
2022,2,A,골목상권,2111082,중앙보훈병원,64,44,20,0,3,9,11,23,18,0,1,3,5,18,17,0,2,6,6,5,1
2022,2,A,골목상권,2111081,둔촌푸르지오아파트,78,50,28,0,8,17,18,18,17,0,4,12,13,6,15,0,4,5,5,12,2
2022,2,A,골목상권,2111080,굽은다리역 3번,434,235,199,0,44,77,100,110,103,0,12,52,63,58,50,0,32,25,37,52,53
2022,2,A,골목상권,2111079,둔촌고등학교(둔촌중학교),395,202,193,1,52,59,66,79,138,1,32,35,35,28,71,0,20,24,31,51,67
2022,2,A,골목상권,2111078,굽은다리역 4번,1728,1017,711,1,135,299,374,480,439,1,75,185,212,270,274,0,60,114,162,210,165
2022,2,A,골목상권,2111077,길동주민센터(강동도서관),1272,737,535,4,121,258,294,321,274,1,49,138,167,188,194,3,72,120,127,133,80
2022,2,A,골목상권,2111076,둔촌2동주민센터,297,174,123,0,25,49,61,86,76,0,14,24,34,39,63,0,11,25,27,47,13
2022,2,A,골목상권,2111075,굽은다리역 2번,192,115,77,0,14,42,52,54,30,0,14,28,24,33,16,0,0,14,28,21,14
2022,2,A,골목상권,2111074,명일역 1번,148,77,71,2,31,38,40,16,21,1,9,23,23,10,11,1,22,15,17,6,10
2022,2,A,골목상권,2111073,둔촌동역 1번(한산중학교),973,578,395,1,134,224,250,206,158,1,58,122,160,124,113,0,76,102,90,82,45
2022,2,A,골목상권,2111072,굽은다리역 1번(십자성마을),739,467,272,1,56,119,199,185,179,0,18,70,114,126,139,1,38,49,85,59,40
2022,2,A,골목상권,2111071,천동초등학교,76,52,24,0,4,15,21,25,11,0,4,6,18,16,8,0,0,9,3,9,3
2022,2,A,골목상권,2111070,천호초등학교,127,73,54,1,7,23,40,28,28,0,3,10,23,17,20,1,4,13,17,11,8
2022,2,A,골목상권,2111069,천호1동주민센터,79,54,25,0,8,17,17,26,11,0,4,12,14,14,10,0,4,5,3,12,1
2022,2,A,골목상권,2111068,강동성심병원,1570,605,965,0,532,392,271,203,172,0,126,134,114,101,130,0,406,258,157,102,42
2022,2,A,골목상권,2111067,강동구립성내도서관,746,414,332,2,73,149,192,177,153,1,36,98,107,84,88,1,37,51,85,93,65
2022,2,A,골목상권,2111066,암사동성당(효정하나플러스아파트),395,235,160,3,40,95,100,106,51,0,9,46,65,84,31,3,31,49,35,22,20
2022,2,A,골목상권,2111065,천일초등학교,75,34,41,2,6,20,18,22,7,2,5,10,7,5,5,0,1,10,11,17,2
2022,2,A,골목상권,2111064,둔촌동역 4번,157,98,59,0,13,34,47,40,23,0,3,21,30,28,16,0,10,13,17,12,7
2022,2,A,골목상권,2111063,강동구립 천호도서관,368,182,186,0,25,44,81,85,133,0,5,15,21,30,111,0,20,29,60,55,22
2022,2,A,골목상권,2111062,둔촌동역 3번(성내3동주민센터),751,501,250,5,134,198,194,144,76,5,81,139,126,91,59,0,53,59,68,53,17
2022,2,A,골목상권,2111061,암사역 1번,831,551,280,0,149,186,182,170,144,0,82,128,126,125,90,0,67,58,56,45,54
2022,2,A,골목상권,2111060,암사역 2번(서울강동초등학교),871,457,414,1,101,210,241,202,116,1,41,96,131,107,81,0,60,114,110,95,35
2022,2,A,골목상권,2111059,강동역 4번(강풀만화거리),819,430,389,3,90,160,193,170,203,1,48,75,93,94,119,2,42,85,100,76,84
2022,2,A,골목상권,2111058,성내중학교,451,317,134,0,51,92,129,121,58,0,37,63,90,82,45,0,14,29,39,39,13
2022,2,A,골목상권,2111057,천호공원(해공체육문화센터),255,113,142,2,53,50,64,61,25,2,15,19,30,33,14,0,38,31,34,28,11
2022,2,A,골목상권,2111056,천호태영아파트,191,53,138,0,27,35,64,36,29,0,4,5,19,15,10,0,23,30,45,21,19
2022,2,A,골목상권,2111055,선사초등학교,673,29,644,0,14,28,137,373,121,0,4,7,8,6,4,0,10,21,129,367,117
2022,2,A,골목상권,2111054,암사역 4번(삼성광나루아파트),104,42,62,0,14,18,19,12,41,0,4,12,7,5,14,0,10,6,12,7,27
2022,2,A,골목상권,2111053,성내천어린이공원(하니사랑길),6288,4564,1724,6,799,940,1025,1564,1954,3,542,693,750,1053,1523,3,257,247,275,511,431
2022,2,A,골목상권,2111052,암사역 3번(천호동자전거거리),357,228,129,1,26,71,117,94,48,1,11,47,76,58,35,0,15,24,41,36,13
2022,2,A,골목상권,2111051,천호역 6번,407,252,155,2,65,80,90,88,82,1,44,56,58,47,46,1,21,24,32,41,36
2022,2,A,골목상권,2111050,강동구청(강동구청역 2번),131,96,35,0,21,14,21,32,43,0,12,5,12,27,40,0,9,9,9,5,3
2022,2,A,골목상권,2111049,천호지구대(천호동자전거거리),507,277,230,2,75,90,96,118,126,0,36,50,40,68,83,2,39,40,56,50,43
2022,2,A,골목상권,2111048,천호역 1번(천호문구완구거리),189,104,85,3,18,52,45,45,26,2,10,24,26,25,17,1,8,28,19,20,9
2022,2,A,골목상권,2111047,마천1치안센터,111,73,38,0,9,17,34,34,17,0,6,14,19,22,12,0,3,3,15,12,5
2022,2,A,골목상권,2111046,마천역(마천초등학교),705,400,305,2,76,145,170,193,119,1,47,85,83,94,90,1,29,60,87,99,29
2022,2,A,골목상권,2111045,개미어린이공원,36,18,18,0,2,7,12,12,3,0,1,1,7,7,2,0,1,6,5,5,1
2022,2,A,골목상권,2111044,남천초등학교,557,264,293,1,95,146,167,113,35,0,35,71,76,56,26,1,60,75,91,57,9
2022,2,A,골목상권,2111043,마천공원,32,13,19,0,1,3,7,12,9,0,0,0,1,6,6,0,1,3,6,6,3
2022,2,A,골목상권,2111042,거여역 1번(거여공원),867,597,270,3,147,186,247,200,84,3,121,134,159,130,50,0,26,52,88,70,34
2022,2,A,골목상권,2111041,거여역 8번,428,350,78,1,102,124,87,64,50,1,84,98,72,51,44,0,18,26,15,13,6
2022,2,A,골목상권,2111040,거여초등학교,346,137,209,0,26,86,124,77,33,0,9,27,48,30,23,0,17,59,76,47,10
2022,2,A,골목상권,2111039,벌말어린이공원,485,353,132,8,85,125,121,94,52,8,51,89,88,72,45,0,34,36,33,22,7
2022,2,A,골목상권,2111038,보인중학교,416,270,146,0,26,66,113,123,88,0,11,38,85,88,48,0,15,28,28,35,40
2022,2,A,골목상권,2111037,Sh수협은행 오금동금융센터(아랫말어린이공원),373,243,130,0,37,103,90,93,50,0,25,84,60,43,31,0,12,19,30,50,19
2022,2,A,골목상권,2111036,투구봉어린이공원,209,119,90,1,22,40,55,62,29,1,7,20,26,39,26,0,15,20,29,23,3
2022,2,A,골목상권,2111035,오금공원(오주중학교),531,398,133,0,41,90,148,148,104,0,32,66,121,102,77,0,9,24,27,46,27
2022,2,A,골목상권,2111034,오동나무공원(송파레미니스1단지),1443,1020,423,3,244,367,352,318,159,3,155,253,264,223,122,0,89,114,88,95,37
2022,2,A,골목상권,2111033,문정동성당,70,30,40,0,5,4,16,16,29,0,2,3,8,9,8,0,3,1,8,7,21
2022,2,A,골목상권,2111032,방이역 1번,3885,2552,1333,4,235,340,605,719,1982,3,139,237,411,469,1293,1,96,103,194,250,689
2022,2,A,골목상권,2111031,장지동주민센터(한림연예예술고교),3127,2317,810,8,263,415,651,857,933,2,170,330,497,648,670,6,93,85,154,209,263
2022,2,A,골목상권,2111030,방이역 2번,665,419,246,1,57,107,147,217,136,0,28,68,94,128,101,1,29,39,53,89,35
2022,2,A,골목상권,2111029,오금역 4번,427,314,113,3,71,108,91,79,75,1,51,81,67,55,59,2,20,27,24,24,16
2022,2,A,골목상권,2111028,문현중학교(장지역 1번),424,194,230,0,54,66,132,116,56,0,29,36,49,50,30,0,25,30,83,66,26
2022,2,A,골목상권,2111027,문정초등학교,1403,775,628,3,148,289,326,247,390,1,67,160,211,126,210,2,81,129,115,121,180
2022,2,A,골목상권,2111026,문정역 2번,2304,1506,798,7,431,634,546,428,258,3,236,427,385,239,216,4,195,207,161,189,42
2022,2,A,골목상권,2111025,경찰병원역 3번,686,412,274,1,84,164,149,157,131,0,45,102,103,88,74,1,39,62,46,69,57
2022,2,A,골목상권,2111024,경찰병원역 4번(건너말공원),240,150,90,0,27,53,63,68,29,0,16,33,45,35,21,0,11,20,18,33,8
2022,2,A,골목상권,2111023,문정역 1번,939,576,363,2,133,202,263,204,135,0,86,139,184,100,67,2,47,63,79,104,68
2022,2,A,골목상권,2111022,석촌중학교(방이육교),567,255,312,1,48,105,141,206,66,0,28,66,72,57,32,1,20,39,69,149,34
2022,2,A,골목상권,2111021,방이역 4번,7674,5867,1807,22,792,1328,1977,2139,1416,15,392,911,1551,1769,1229,7,400,417,426,370,187
2022,2,A,골목상권,2111020,방이동고분군(방산고등학교),304,225,79,1,20,103,84,54,42,0,7,73,64,48,33,1,13,30,20,6,9
2022,2,A,골목상권,2111019,한성백제역 3번,1524,1000,524,2,207,448,428,254,185,2,103,303,300,164,128,0,104,145,128,90,57
2022,2,A,골목상권,2111018,풍납초등학교(풍납백제문화공원),26,23,3,0,1,5,10,6,4,0,1,4,8,6,4,0,0,1,2,0,0
2022,2,A,골목상권,2111017,송파나루역 3번,688,480,208,5,317,167,84,70,45,4,217,116,53,50,40,1,100,51,31,20,5
2022,2,A,골목상권,2111016,송파역 2번,3803,1601,2202,15,1126,1104,801,601,156,8,407,533,427,165,61,7,719,571,374,436,95
2022,2,A,골목상권,2111015,석촌역 3번,1352,778,574,1,151,315,350,351,184,1,72,199,216,181,109,0,79,116,134,170,75
2022,2,A,골목상권,2111014,송파나루역 2번,525,275,250,1,43,76,121,190,94,0,21,42,69,83,60,1,22,34,52,107,34
2022,2,A,골목상권,2111013,송파나루역 1번(송리단길),2234,1456,778,8,320,568,650,435,253,3,160,384,445,290,174,5,160,184,205,145,79
2022,2,A,골목상권,2111012,석촌역 6번,732,332,400,2,91,127,180,183,149,2,23,56,83,93,75,0,68,71,97,90,74
2022,2,A,골목상권,2111011,잠실나루역,9608,7747,1861,42,1275,3018,2795,2046,432,18,924,2492,2309,1674,330,24,351,526,486,372,102
2022,2,A,골목상권,2111010,석촌역 7번,1428,975,453,3,162,289,351,325,298,1,88,176,244,224,242,2,74,113,107,101,56
2022,2,A,골목상권,2111009,송파책박물관,127,92,35,1,13,38,27,22,26,0,11,32,17,14,18,1,2,6,10,8,8
2022,2,A,골목상권,2111008,석촌고분역 3번,1600,1210,390,1,185,292,294,400,428,1,151,243,216,259,340,0,34,49,78,141,88
2022,2,A,골목상권,2111007,석촌고분역 4번,936,480,456,0,107,215,255,242,117,0,43,116,142,109,70,0,64,99,113,133,47
2022,2,A,골목상권,2111006,석촌고분역 1번,1112,721,391,0,127,292,337,203,153,0,56,169,242,135,119,0,71,123,95,68,34
2022,2,A,골목상권,2111005,삼전역 3번,1865,1358,507,0,320,617,459,302,167,0,215,449,339,222,133,0,105,168,120,80,34
2022,2,A,골목상권,2111004,삼전역 1번,2036,1331,705,13,263,407,504,376,473,0,108,261,337,239,386,13,155,146,167,137,87
2022,2,A,골목상권,2111003,삼전역 4번,1991,1333,658,6,249,412,547,436,341,1,160,278,331,307,256,5,89,134,216,129,85
2022,2,A,골목상권,2111002,한국교통안전공단 강남자동차검사소,317,115,202,0,22,63,65,96,71,0,7,31,21,26,30,0,15,32,44,70,41
2022,2,A,골목상권,2111001,아래방죽마을공원(율현초등학교),70,44,26,0,2,10,16,22,20,0,1,7,13,13,10,0,1,3,3,9,10
2022,2,A,골목상권,2111000,대왕초등학교(세곡동사거리서남측),39,20,19,0,7,10,12,8,2,0,0,4,10,4,2,0,7,6,2,4,0
2022,2,A,골목상권,2110999,윗방죽마을공원,268,130,138,2,19,43,44,83,77,1,12,27,27,39,24,1,7,16,17,44,53
2022,2,A,골목상권,2110998,은곡마을(은곡마을공원),23,15,8,0,2,8,6,5,2,0,0,4,5,5,1,0,2,4,1,0,1
2022,2,A,골목상권,2110997,대청초등학교,1724,959,765,4,230,291,391,383,425,2,111,162,200,210,274,2,119,129,191,173,151
2022,2,A,골목상권,2110996,대치2동주민센터,1959,1227,732,2,83,278,351,342,903,0,48,209,277,247,446,2,35,69,74,95,457
2022,2,A,골목상권,2110995,봉은사역 4번,5085,3711,1374,9,978,2002,1271,637,188,2,575,1477,990,523,144,7,403,525,281,114,44
2022,2,A,골목상권,2110994,개포고등학교,494,382,112,7,65,161,123,110,28,4,47,134,103,73,21,3,18,27,20,37,7
2022,2,A,골목상권,2110993,개포지하차도 북측,70,53,17,0,3,9,19,23,16,0,2,7,16,18,10,0,1,2,3,5,6
2022,2,A,골목상권,2110992,도곡초등학교,2179,1144,1035,3,269,440,484,524,459,1,108,253,258,260,264,2,161,187,226,264,195
2022,2,A,골목상권,2110991,삼성중앙역 5번,1246,794,452,1,111,415,339,275,105,1,28,243,229,216,77,0,83,172,110,59,28
2022,2,A,골목상권,2110990,청담역 12번,262,109,153,2,61,92,56,36,15,0,12,32,29,23,13,2,49,60,27,13,2
2022,2,A,골목상권,2110989,대치동아우편취급국,444,270,174,9,90,148,75,68,54,0,43,102,43,44,38,9,47,46,32,24,16
2022,2,A,골목상권,2110988,청담역 3번,1594,1016,578,1,243,425,364,346,215,1,82,247,247,262,177,0,161,178,117,84,38
2022,2,A,골목상권,2110987,영동대교남단,473,237,236,2,91,86,93,107,94,1,46,51,44,40,55,1,45,35,49,67,39
2022,2,A,골목상권,2110986,삼성중앙역 7번,90,59,31,0,9,18,36,19,8,0,3,6,29,15,6,0,6,12,7,4,2
2022,2,A,골목상권,2110985,청담근린공원,1338,948,390,0,193,447,374,226,98,0,98,346,275,157,72,0,95,101,99,69,26
2022,2,A,골목상권,2110984,포이초등학교(개포목련어린이공원),1556,1046,510,2,236,342,331,306,339,0,140,241,211,199,255,2,96,101,120,107,84
2022,2,A,골목상권,2110983,국립국악고등학교,783,534,249,6,126,212,125,145,169,2,44,137,94,111,146,4,82,75,31,34,23
2022,2,A,골목상권,2110982,강남구보훈회관,166,74,92,0,31,34,41,41,19,0,7,13,25,14,15,0,24,21,16,27,4
2022,2,A,골목상권,2110981,국악고교사거리,361,216,145,2,57,77,110,81,34,0,27,36,72,56,25,2,30,41,38,25,9
2022,2,A,골목상권,2110980,개포지구대옆,663,482,181,0,90,198,202,111,62,0,45,142,168,72,55,0,45,56,34,39,7
2022,2,A,골목상권,2110979,청담초등학교,2996,1912,1084,4,522,922,768,567,213,4,228,628,535,343,174,0,294,294,233,224,39
2022,2,A,골목상권,2110978,도곡2동주민센터(대치중학교),331,186,145,0,46,70,72,114,29,0,20,41,47,62,16,0,26,29,25,52,13
2022,2,A,골목상권,2110977,논현로18길,148,102,46,0,22,32,45,29,20,0,14,20,33,20,15,0,8,12,12,9,5
2022,2,A,골목상권,2110976,언북초등학교,578,332,246,1,111,188,126,86,66,0,41,115,83,49,44,1,70,73,43,37,22
2022,2,A,골목상권,2110975,매봉역 1번,10837,6932,3905,34,2175,2199,3202,3019,208,21,1010,1161,2184,2402,154,13,1165,1038,1018,617,54
2022,2,A,골목상권,2110974,언주중학교,292,179,113,3,60,72,89,44,24,3,27,43,62,28,16,0,33,29,27,16,8
2022,2,A,골목상권,2110973,강남구청역 4번,1451,786,665,4,275,333,289,271,279,1,146,203,162,130,144,3,129,130,127,141,135
2022,2,A,골목상권,2110972,강남세브란스병원미래의학연구센터,2628,1440,1188,17,539,669,692,581,130,4,240,428,438,258,72,13,299,241,254,323,58
2022,2,A,골목상권,2110971,선정릉역 4번,1542,900,642,11,278,455,380,254,164,6,140,270,245,120,119,5,138,185,135,134,45
2022,2,A,골목상권,2110970,학동초등학교,378,236,142,1,66,98,102,65,46,0,27,49,66,57,37,1,39,49,36,8,9
2022,2,A,골목상권,2110969,베르사이유1아파트,1546,1230,316,4,231,442,483,285,101,2,165,345,402,239,77,2,66,97,81,46,24
2022,2,A,골목상권,2110968,강남구청역 2번,1023,596,427,7,327,204,133,121,231,4,177,117,81,68,149,3,150,87,52,53,82
2022,2,A,골목상권,2110967,역삼역 8번,377,228,149,0,63,92,89,92,41,0,31,51,60,56,30,0,32,41,29,36,11
2022,2,A,골목상권,2110966,논현2동주민센터,1637,1017,620,18,470,498,300,218,133,7,256,298,200,147,109,11,214,200,100,71,24
2022,2,A,골목상권,2110965,언주역 6번,1139,788,351,1,174,379,378,142,65,1,104,276,284,74,49,0,70,103,94,68,16
2022,2,A,골목상권,2110964,싸리고개근린공원,217,124,93,0,29,60,59,34,35,0,8,32,36,23,25,0,21,28,23,11,10
2022,2,A,골목상권,2110963,역삼월드메르디앙아파트,780,547,233,1,126,185,226,154,88,0,79,146,171,97,54,1,47,39,55,57,34
2022,2,A,골목상권,2110962,도산공원북측,557,487,70,1,66,80,242,144,24,0,45,70,226,130,16,1,21,10,16,14,8
2022,2,A,골목상권,2110961,언주역 3번,962,673,289,5,172,286,248,140,111,3,97,184,187,112,90,2,75,102,61,28,21
2022,2,A,골목상권,2110960,은광여고,1522,692,830,5,207,255,373,502,180,4,55,110,190,212,121,1,152,145,183,290,59
2022,2,A,골목상권,2110959,신구중학교,271,140,131,0,14,66,82,79,30,0,7,36,49,29,19,0,7,30,33,50,11
2022,2,A,골목상권,2110958,역삼역 4번,994,759,235,1,96,197,300,295,105,1,46,133,254,240,85,0,50,64,46,55,20
2022,2,A,골목상권,2110957,언북중학교,1251,831,420,1,262,379,317,147,145,1,146,241,215,109,119,0,116,138,102,38,26
2022,2,A,골목상권,2110956,언주역 8번,1199,758,441,4,361,471,199,87,77,2,158,307,163,70,58,2,203,164,36,17,19
2022,2,A,골목상권,2110955,논현초등학교,3430,2238,1192,19,719,823,793,625,451,13,417,568,554,389,297,6,302,255,239,236,154
2022,2,A,골목상권,2110954,국기원,636,445,191,0,89,142,187,94,124,0,35,97,161,74,78,0,54,45,26,20,46
2022,2,A,골목상권,2110953,학동근린공원,2487,1583,904,15,679,891,571,218,113,0,336,572,409,180,86,15,343,319,162,38,27
2022,2,A,골목상권,2110952,논현목련공원,117,65,52,0,21,23,27,22,24,0,9,13,13,14,16,0,12,10,14,8,8
2022,2,A,골목상권,2110951,신사은행나무공원,273,75,198,0,35,83,96,51,8,0,6,24,27,15,3,0,29,59,69,36,5
2022,2,A,골목상권,2110950,논현역 7번,2981,1929,1052,1,829,1305,518,230,98,0,418,886,383,173,69,1,411,419,135,57,29
2022,2,A,골목상권,2110949,한남IC,1683,1193,490,5,288,565,435,305,85,2,112,398,347,261,73,3,176,167,88,44,12
2022,2,A,골목상권,2110947,청계산입구역 2번(내곡동주민센터),121,48,73,0,19,18,29,21,34,0,9,9,15,7,8,0,10,9,14,14,26
2022,2,A,골목상권,2110946,청계산원터골,48,24,24,0,2,6,8,16,16,0,2,3,6,3,10,0,0,3,2,13,6
2022,2,A,골목상권,2110945,본마을노인복지센터(서초구립내곡도서관),191,114,77,3,44,57,37,33,17,3,14,31,25,28,13,0,30,26,12,5,4
2022,2,A,골목상권,2110944,서울나래학교(염곡어린이공원),1053,735,318,10,133,246,201,217,246,8,98,194,153,139,143,2,35,52,48,78,103
2022,2,A,골목상권,2110943,법제교육센터(버들어린이공원),1122,578,544,1,67,165,357,323,209,1,36,99,151,140,151,0,31,66,206,183,58
2022,2,A,골목상권,2110942,염곡동 구룡사(포이동성당),3242,1952,1290,7,578,932,791,613,321,3,328,587,461,351,222,4,250,345,330,262,99
2022,2,A,골목상권,2110941,언남고등학교,261,158,103,0,33,46,89,58,35,0,14,26,51,40,27,0,19,20,38,18,8
2022,2,A,골목상권,2110940,양재근린공원(양재2동주민센터),1043,755,288,9,186,346,264,145,93,8,116,256,200,103,72,1,70,90,64,42,21
2022,2,A,골목상권,2110939,양재역 8번(양재동우체국),5945,4103,1842,23,971,1415,1465,1168,903,15,500,989,1056,798,745,8,471,426,409,370,158
2022,2,A,골목상권,2110938,바우뫼공원,1784,1137,647,1,294,551,489,326,123,0,172,392,303,169,101,1,122,159,186,157,22
2022,2,A,골목상권,2110937,방아다리근린공원(횃불트리니티신학대학원대학교),2465,1270,1195,7,634,861,542,318,103,6,246,507,335,113,63,1,388,354,207,205,40
2022,2,A,골목상권,2110936,더케이호텔(양재리본타워2단지아파트),832,552,280,3,109,260,215,175,70,0,53,154,159,131,55,3,56,106,56,44,15
2022,2,A,골목상권,2110935,한전아트센터,379,264,115,2,53,108,105,72,39,2,33,82,75,46,26,0,20,26,30,26,13
2022,2,A,골목상권,2110934,우면주공아파트,998,677,321,6,198,291,253,164,86,5,83,217,195,113,64,1,115,74,58,51,22
2022,2,A,골목상권,2110933,한국상담대학원대학교,679,60,619,0,344,156,86,63,30,0,10,15,15,5,15,0,334,141,71,58,15
2022,2,A,골목상권,2110932,서울시인재개발원,532,384,148,2,128,170,127,64,41,2,76,116,100,54,36,0,52,54,27,10,5
2022,2,A,골목상권,2110931,삼성전자서울R&D(서울우면초등학교),100,51,49,0,37,31,18,7,7,0,12,16,10,7,6,0,25,15,8,0,1
2022,2,A,골목상권,2110930,서초동성당,2178,1774,404,8,284,588,694,433,171,2,190,448,591,393,150,6,94,140,103,40,21
2022,2,A,골목상권,2110929,남부터미널역 1번,21130,10703,10427,21,4446,4558,3912,7143,1050,4,1209,1890,1718,5123,759,17,3237,2668,2194,2020,291
2022,2,A,골목상권,2110928,서초우방유쉘아파트,596,491,105,1,57,109,125,205,99,1,29,76,109,190,86,0,28,33,16,15,13
2022,2,A,골목상권,2110927,잠원역,745,553,192,2,93,342,198,98,12,2,82,218,159,81,11,0,11,124,39,17,1
2022,2,A,골목상권,2110926,신중초등학교,1610,1175,435,6,193,359,463,382,207,3,114,263,355,292,148,3,79,96,108,90,59
2022,2,A,골목상권,2110925,서초중학교,873,496,377,0,104,137,244,222,166,0,38,65,146,132,115,0,66,72,98,90,51
2022,2,A,골목상권,2110924,반포4동주민센터(몽마르뜨공원),1330,886,444,5,203,305,407,298,112,1,85,181,300,236,83,4,118,124,107,62,29
2022,2,A,골목상권,2110923,방배역 1번,210,153,57,0,34,56,55,41,24,0,21,38,42,34,18,0,13,18,13,7,6
2022,2,A,골목상권,2110922,내방역 1번,224,114,110,1,42,48,47,43,43,0,13,23,27,23,28,1,29,25,20,20,15
2022,2,A,골목상권,2110921,서울프랑스학교,522,321,201,7,63,71,118,142,121,2,30,43,82,90,74,5,33,28,36,52,47
2022,2,A,골목상권,2110920,방배역 2번(백석예술대학교),359,205,154,0,23,53,125,118,40,0,5,29,65,75,31,0,18,24,60,43,9
2022,2,A,골목상권,2110919,내방역 8번,1539,1126,413,3,142,311,413,419,251,1,60,179,331,354,201,2,82,132,82,65,50
2022,2,A,골목상권,2110918,방배역 3번,682,438,244,3,98,127,164,142,148,2,59,85,108,86,98,1,39,42,56,56,50
2022,2,A,골목상권,2110917,서초소방서,1505,939,566,6,157,432,402,355,153,2,72,281,295,181,108,4,85,151,107,174,45
2022,2,A,골목상권,2110916,내방역 4번,1152,592,560,9,216,272,301,208,146,6,58,167,187,91,83,3,158,105,114,117,63
2022,2,A,골목상권,2110915,서래초등학교,2807,2202,605,14,421,877,1027,379,89,11,280,648,849,336,78,3,141,229,178,43,11
2022,2,A,골목상권,2110914,내방역 6번,146,116,30,0,26,31,37,26,26,0,17,26,26,24,23,0,9,5,11,2,3
2022,2,A,골목상권,2110913,방현초등학교(방배119안전센터),3305,2117,1188,7,572,1265,879,376,206,4,272,824,627,237,153,3,300,441,252,139,53
2022,2,A,골목상권,2110912,방배동사이길,210,128,82,3,33,45,53,42,34,2,16,27,39,21,23,1,17,18,14,21,11
2022,2,A,골목상권,2110911,방배배수지체육공원,29,22,7,0,6,3,7,5,8,0,6,2,4,4,6,0,0,1,3,1,2
2022,2,A,골목상권,2110910,내방역 5번,614,240,374,5,72,124,157,176,80,3,30,69,52,49,37,2,42,55,105,127,43
2022,2,A,골목상권,2110909,남태령역(서울전자고등학교),132,97,35,1,11,29,23,34,34,1,4,19,16,29,28,0,7,10,7,5,6
2022,2,A,골목상권,2110908,구반포역,1525,377,1148,0,66,111,397,806,145,0,42,54,71,141,69,0,24,57,326,665,76
2022,2,A,골목상권,2110907,방배초등학교,878,506,372,8,144,197,239,157,133,5,66,109,122,99,105,3,78,88,117,58,28
2022,2,A,골목상권,2110906,서문여고,683,362,321,2,217,106,119,106,133,0,59,58,72,62,111,2,158,48,47,44,22
2022,2,A,골목상권,2110905,방배노인종합복지관(이수중학교),287,176,111,1,36,71,71,63,45,0,18,38,45,41,34,1,18,33,26,22,11
2022,2,A,골목상권,2110904,이수역 5번,835,468,367,4,167,217,239,139,69,1,90,125,135,59,58,3,77,92,104,80,11
2022,2,A,골목상권,2110903,방배아이파크아파트,7222,2653,4569,7,1242,1778,2487,1322,386,1,333,597,951,599,172,6,909,1181,1536,723,214
2022,2,A,골목상권,2110902,사당역 4번,1201,739,462,1,193,270,296,250,191,0,84,171,204,158,122,1,109,99,92,92,69
2022,2,A,골목상권,2110901,인헌고등학교(인헌중학교),262,154,108,3,44,64,75,55,21,3,23,40,40,32,16,0,21,24,35,23,5
2022,2,A,골목상권,2110900,낙성대역 1번(관악구민 종합체육센터),457,257,200,1,95,125,123,89,24,1,49,65,69,54,19,0,46,60,54,35,5
2022,2,A,골목상권,2110899,낙성대역 5번(관악중학교),690,448,242,0,167,185,166,123,49,0,107,135,96,71,39,0,60,50,70,52,10
2022,2,A,골목상권,2110898,청림동주민센터(상도중학교),66,27,39,0,16,14,14,16,6,0,5,3,8,7,4,0,11,11,6,9,2
2022,2,A,골목상권,2110897,서울대입구역 8번,219,139,80,0,16,45,69,64,25,0,7,24,40,44,24,0,9,21,29,20,1
2022,2,A,골목상권,2110896,관악우성아파트,202,49,153,0,41,37,44,47,33,0,5,7,11,13,13,0,36,30,33,34,20
2022,2,A,골목상권,2110895,샤로수길,1796,1222,574,3,307,721,360,233,172,2,170,534,234,152,130,1,137,187,126,81,42
2022,2,A,골목상권,2110894,관악동부센트레빌아파트(은천로35라길),20,8,12,0,2,4,3,6,5,0,0,2,1,2,3,0,2,2,2,4,2
2022,2,A,골목상권,2110893,관악소방서(문영여고),353,303,50,0,39,110,66,113,25,0,29,96,57,99,22,0,10,14,9,14,3
2022,2,A,골목상권,2110892,관악구 중앙길,709,341,368,0,69,110,159,221,150,0,25,55,76,105,80,0,44,55,83,116,70
2022,2,A,골목상권,2110891,구암초등학교,47,22,25,0,5,1,22,16,3,0,1,0,11,8,2,0,4,1,11,8,1
2022,2,A,골목상권,2110890,봉천역 1번(관악초등학교),261,152,109,1,22,44,95,70,29,0,4,22,59,46,21,1,18,22,36,24,8
2022,2,A,골목상권,2110889,봉천역 6번,376,317,59,0,29,36,69,136,106,0,18,20,47,130,102,0,11,16,22,6,4
2022,2,A,골목상권,2110888,청룡동주민센터,94,53,41,0,5,9,11,22,47,0,3,2,4,6,38,0,2,7,7,16,9
2022,2,A,골목상권,2110887,서울산업정보학교(서울삼성초등학교),19,11,8,0,1,4,7,6,1,0,0,0,4,6,1,0,1,4,3,0,0
2022,2,A,골목상권,2110886,관악해태어린이공원,188,103,85,1,38,50,41,36,22,1,18,28,21,23,12,0,20,22,20,13,10
2022,2,A,골목상권,2110885,영락고등학교,340,214,126,0,37,58,94,89,62,0,18,33,61,57,45,0,19,25,33,32,17
2022,2,A,골목상권,2110884,봉천역 4번(봉천110안전센터),372,284,88,1,17,30,61,98,165,0,1,8,49,84,142,1,16,22,12,14,23
2022,2,A,골목상권,2110883,은천초등학교(은천교앞),212,126,86,2,21,44,71,49,25,1,12,25,43,29,16,1,9,19,28,20,9
2022,2,A,골목상권,2110882,신성초등학교,733,444,289,1,95,131,215,168,123,0,52,67,122,109,94,1,43,64,93,59,29
2022,2,A,골목상권,2110881,구립대학경로당(관악산샘말공원),1601,1304,297,1,317,452,460,271,100,1,225,376,399,232,71,0,92,76,61,39,29
2022,2,A,골목상권,2110880,신림역 1번,995,275,720,0,379,296,157,128,35,0,78,87,66,33,11,0,301,209,91,95,24
2022,2,A,골목상권,2110879,신림현대아파트,17,7,10,0,2,3,5,5,2,0,1,2,2,2,0,0,1,1,3,3,2
2022,2,A,골목상권,2110878,미림여고,368,218,150,3,43,114,101,78,29,0,19,63,68,43,25,3,24,51,33,35,4
2022,2,A,골목상권,2110877,신림역 8번,319,154,165,2,23,63,86,80,65,0,10,30,36,39,39,2,13,33,50,41,26
2022,2,A,골목상권,2110876,서원동주민센터(신관중학교),49,29,20,0,5,9,16,9,10,0,2,4,10,4,9,0,3,5,6,5,1
2022,2,A,골목상권,2110875,보라매동주민센터(당곡고등학교),16,13,3,0,3,2,5,4,2,0,2,2,3,4,2,0,1,0,2,0,0
2022,2,A,골목상권,2110874,원신초등학교(구세군관악영문교회),46,15,31,1,4,19,7,12,3,1,1,3,3,6,1,0,3,16,4,6,2
2022,2,A,골목상권,2110873,당곡중학교,343,166,177,0,68,79,86,74,36,0,29,39,39,36,23,0,39,40,47,38,13
2022,2,A,골목상권,2110872,신림초등학교,277,195,82,3,54,68,69,53,30,3,36,54,54,41,7,0,18,14,15,12,23
2022,2,A,골목상권,2110871,신원동주민센터,159,101,58,1,12,40,45,37,24,0,8,25,27,25,16,1,4,15,18,12,8
2022,2,A,골목상권,2110869,"신림역 5번(신림동주민센터, 신림동별빛거리)",1026,681,345,1,79,136,248,233,329,1,36,73,143,155,273,0,43,63,105,78,56
2022,2,A,골목상권,2110868,남부초등학교,232,126,106,0,20,29,45,49,89,0,11,23,22,28,42,0,9,6,23,21,47
2022,2,A,골목상권,2110867,국제신학대학원대학교(남서울중학교),202,117,85,0,8,34,39,53,68,0,2,15,21,32,47,0,6,19,18,21,21
2022,2,A,골목상권,2110866,난우중학교,171,91,80,0,20,36,34,62,19,0,14,20,12,29,16,0,6,16,22,33,3
2022,2,A,골목상권,2110865,남강고등학교(남강중학교),336,143,193,4,66,72,69,85,40,2,16,34,28,34,29,2,50,38,41,51,11
2022,2,A,골목상권,2110864,신림우방아파트,236,161,75,0,31,48,53,60,44,0,21,31,37,43,29,0,10,17,16,17,15
2022,2,A,골목상권,2110863,난우초등학교,319,179,140,6,40,61,63,79,70,5,23,30,38,36,47,1,17,31,25,43,23
2022,2,A,골목상권,2110862,난곡초등학교(난곡동벽화마을),84,41,43,0,4,13,14,34,19,0,2,6,11,15,7,0,2,7,3,19,12
2022,2,A,골목상권,2110861,관악구신사동주민센터,1182,608,574,1,215,377,263,209,117,1,71,194,161,105,76,0,144,183,102,104,41
2022,2,A,골목상권,2110860,호림박물관(성보고등학교),410,314,96,1,57,102,66,110,74,1,44,84,47,78,60,0,13,18,19,32,14
2022,2,A,골목상권,2110859,난향초등학교,182,113,69,0,11,32,42,52,45,0,0,21,27,30,35,0,11,11,15,22,10
2022,2,A,골목상권,2110858,신대방역 1번,66,33,33,0,5,9,17,7,28,0,0,1,6,2,24,0,5,8,11,5,4
2022,2,A,골목상권,2110857,미성동주민센터,431,229,202,9,60,64,70,108,120,9,34,48,41,46,51,0,26,16,29,62,69
2022,2,A,골목상권,2110856,미성초등학교,538,295,243,3,58,85,170,150,72,1,28,44,99,71,52,2,30,41,71,79,20
2022,2,A,골목상권,2110855,신대방역 2번,429,275,154,2,53,111,126,90,47,0,22,81,83,55,34,2,31,30,43,35,13
2022,2,A,골목상권,2110854,조원동주민센터,55,39,16,0,4,5,17,21,8,0,3,5,9,15,7,0,1,0,8,6,1
2022,2,A,골목상권,2110853,KT구로지사,213,127,86,0,21,47,65,50,30,0,9,26,44,27,21,0,12,21,21,23,9
2022,2,A,골목상권,2110852,이수역 9번,198,121,77,0,26,35,54,38,45,0,12,20,30,23,36,0,14,15,24,15,9
2022,2,A,골목상권,2110851,경문고등학교(동작동성당),485,233,252,0,79,136,140,102,28,0,32,53,66,66,16,0,47,83,74,36,12
2022,2,A,골목상권,2110850,사당역 10번,969,487,482,4,217,207,185,162,194,1,54,88,92,95,157,3,163,119,93,67,37
2022,2,A,골목상권,2110849,이수역 10번,220,130,90,1,37,52,58,40,32,0,12,33,34,25,26,1,25,19,24,15,6
2022,2,A,골목상권,2110848,양지어린이공원,486,307,179,0,36,68,152,132,98,0,6,39,85,93,84,0,30,29,67,39,14
2022,2,A,골목상권,2110847,예술인마을,460,225,235,3,53,139,142,78,45,3,13,62,76,38,33,0,40,77,66,40,12
2022,2,A,골목상권,2110846,남성역 1번,535,290,245,1,66,120,146,135,67,0,25,59,78,74,54,1,41,61,68,61,13
2022,2,A,골목상권,2110845,사당종합체육관,119,51,68,0,9,17,39,36,18,0,5,8,19,9,10,0,4,9,20,27,8
2022,2,A,골목상권,2110844,흑석2치안센터,7,5,2,0,2,1,1,0,3,0,1,1,1,0,2,0,1,0,0,0,1
2022,2,A,골목상권,2110843,사당5동주민센터,181,135,46,1,22,25,55,52,26,0,16,17,34,44,24,1,6,8,21,8,2
2022,2,A,골목상권,2110842,흑리단길,43,14,29,0,7,8,8,12,8,0,2,2,3,2,5,0,5,6,5,10,3
2022,2,A,골목상권,2110841,중대부중,88,36,52,0,11,17,16,25,19,0,5,7,5,11,8,0,6,10,11,14,11
2022,2,A,골목상권,2110840,중앙대학교,165,92,73,0,24,22,52,43,24,0,12,12,32,21,15,0,12,10,20,22,9
2022,2,A,골목상권,2110839,숭실대입구역 4번,187,67,120,0,10,51,57,46,23,0,2,14,22,11,18,0,8,37,35,35,5
2022,2,A,골목상권,2110838,상도1동주민센터앞,131,122,9,0,3,32,30,35,31,0,3,27,27,35,30,0,0,5,3,0,1
2022,2,A,골목상권,2110837,숭실대입구역 1번,373,195,178,1,39,76,84,80,93,0,19,32,43,32,69,1,20,44,41,48,24
2022,2,A,골목상권,2110836,상도역 5번,3057,1846,1211,9,550,798,701,647,352,2,238,486,453,447,220,7,312,312,248,200,132
2022,2,A,골목상권,2110835,상도역 1번,285,161,124,0,81,92,57,35,20,0,32,59,36,16,18,0,49,33,21,19,2
2022,2,A,골목상권,2110834,동작구자원봉사센터,38,22,16,0,3,5,6,10,14,0,2,2,6,5,7,0,1,3,0,5,7
2022,2,A,골목상권,2110833,상도역 2번,266,172,94,2,20,64,76,77,27,0,17,51,48,37,19,2,3,13,28,40,8
2022,2,A,골목상권,2110832,노량진초등학교,377,171,206,0,38,51,93,141,54,0,14,22,57,55,23,0,24,29,36,86,31
2022,2,A,골목상권,2110831,상도4동주민센터,72,40,32,0,3,13,14,29,13,0,3,6,6,18,7,0,0,7,8,11,6
2022,2,A,골목상권,2110830,상도초등학교,281,152,129,0,22,61,73,85,40,0,7,29,36,54,26,0,15,32,37,31,14
2022,2,A,골목상권,2110829,장승배기역 5번,536,417,119,0,195,137,79,53,72,0,177,106,49,40,45,0,18,31,30,13,27
2022,2,A,골목상권,2110828,노량진역 6번,3010,2066,944,9,471,1047,854,467,162,3,252,711,639,357,104,6,219,336,215,110,58
2022,2,A,골목상권,2110827,NH농협은행 상도동지점,262,93,169,0,39,51,73,65,34,0,11,18,20,28,16,0,28,33,53,37,18
2022,2,A,골목상권,2110826,장승배기역 4번,366,149,217,2,20,37,57,103,147,1,8,22,28,38,52,1,12,15,29,65,95
2022,2,A,골목상권,2110825,신대방삼거리역 1번,316,205,111,0,33,63,94,71,55,0,23,41,57,46,38,0,10,22,37,25,17
2022,2,A,골목상권,2110824,대방역 3번,296,102,194,1,48,91,92,42,22,0,11,26,29,23,13,1,37,65,63,19,9
2022,2,A,골목상권,2110823,신대방삼거리역 3번,472,242,230,0,30,45,83,121,193,0,17,26,40,42,117,0,13,19,43,79,76
2022,2,A,골목상권,2110822,신대방삼거리역 4번(대림초등학교),311,130,181,0,57,71,68,74,41,0,13,28,34,34,21,0,44,43,34,40,20
2022,2,A,골목상권,2110821,보라매역 2번,595,353,242,0,73,109,140,135,138,0,34,65,79,87,88,0,39,44,61,48,50
2022,2,A,골목상권,2110820,성남고등학교,3101,2470,631,1,651,742,555,991,161,0,438,581,448,879,124,1,213,161,107,112,37
2022,2,A,골목상권,2110819,신대방역 4번,510,262,248,0,64,99,128,93,126,0,15,37,58,62,90,0,49,62,70,31,36
2022,2,A,골목상권,2110818,신대방역 3번,20,9,11,0,1,3,7,7,2,0,1,3,2,1,2,0,0,0,5,6,0
2022,2,A,골목상권,2110817,대방역 4번,286,227,59,1,38,51,90,59,47,0,19,35,79,53,41,1,19,16,11,6,6
2022,2,A,골목상권,2110816,대방역 6번,521,404,117,1,73,138,153,68,88,1,50,109,114,50,80,0,23,29,39,18,8
2022,2,A,골목상권,2110815,공군호텔,2240,785,1455,4,425,514,476,507,314,0,88,195,167,170,165,4,337,319,309,337,149
2022,2,A,골목상권,2110814,서울지방병무청,673,364,309,1,51,117,155,236,113,1,23,79,97,104,60,0,28,38,58,132,53
2022,2,A,골목상권,2110813,보라매역 6번,286,167,119,3,22,37,50,74,100,3,15,21,24,39,65,0,7,16,26,35,35
2022,2,A,골목상권,2110812,신길6동주민센터,363,245,118,0,69,115,106,50,23,0,34,78,85,29,19,0,35,37,21,21,4
2022,2,A,골목상권,2110811,보라매역 4번,187,94,93,0,22,41,49,52,23,0,8,22,18,27,19,0,14,19,31,25,4
2022,2,A,골목상권,2110810,영신초등학교,395,178,217,0,53,143,63,80,56,0,20,65,31,44,18,0,33,78,32,36,38
2022,2,A,골목상권,2110809,장훈고등학교,112,61,51,0,7,15,30,23,37,0,3,5,11,17,25,0,4,10,19,6,12
2022,2,A,골목상권,2110808,신길역 1번,67,48,19,0,3,22,21,13,8,0,3,15,14,9,7,0,0,7,7,4,1
2022,2,A,골목상권,2110807,신길역 3번,102,70,32,0,6,16,23,27,30,0,4,8,18,19,21,0,2,8,5,8,9
2022,2,A,골목상권,2110806,서울시립영등포장애인복지관,76,42,34,0,18,30,13,13,2,0,5,16,9,11,1,0,13,14,4,2,1
2022,2,A,골목상권,2110805,신길새마을금고신길4동지점,45,27,18,0,6,12,12,8,7,0,2,7,6,5,7,0,4,5,6,3,0
2022,2,A,골목상권,2110804,신풍역 1번,312,187,125,0,15,37,62,63,135,0,4,15,29,35,104,0,11,22,33,28,31
2022,2,A,골목상권,2110803,신길2동우편취급국,304,220,84,0,17,27,56,62,142,0,6,14,33,39,128,0,11,13,23,23,14
2022,2,A,골목상권,2110802,신길동홍어거리,336,159,177,1,59,113,86,61,16,0,18,45,44,40,12,1,41,68,42,21,4
2022,2,A,골목상권,2110800,영등포동성당,227,153,74,0,26,34,61,66,40,0,13,22,37,46,35,0,13,12,24,20,5
2022,2,A,골목상권,2110799,영등포본동주민센터,119,86,33,5,21,16,11,22,44,3,12,10,6,15,40,2,9,6,5,7,4
2022,2,A,골목상권,2110798,신풍역 2번,53,20,33,0,2,13,14,13,11,0,0,3,3,6,8,0,2,10,11,7,3
2022,2,A,골목상권,2110797,KT대방빌딩,52,10,42,1,7,10,12,11,11,0,0,0,1,3,6,1,7,10,11,8,5
2022,2,A,골목상권,2110796,한림대학교한강성심병원,87,52,35,1,7,19,26,19,15,0,4,11,17,9,11,1,3,8,9,10,4
2022,2,A,골목상권,2110795,도림초등학교,533,356,177,0,20,49,80,128,256,0,8,36,48,74,190,0,12,13,32,54,66
2022,2,A,골목상권,2110794,영동초등학교,632,494,138,0,87,115,178,167,85,0,47,89,148,135,75,0,40,26,30,32,10
2022,2,A,골목상권,2110792,영등포역 2번,3400,1767,1633,28,563,880,843,862,224,11,229,398,466,530,133,17,334,482,377,332,91
2022,2,A,골목상권,2110791,신풍역 3번,25,17,8,0,1,5,9,9,1,0,0,2,6,8,1,0,1,3,3,1,0
2022,2,A,골목상권,2110790,대림1동주민센터,739,336,403,1,74,163,280,161,60,1,46,71,88,77,53,0,28,92,192,84,7
2022,2,A,골목상권,2110789,대림성모병원,491,182,309,0,104,137,115,93,42,0,16,44,49,43,30,0,88,93,66,50,12
2022,2,A,골목상권,2110788,영등포시장역 3번,28,22,6,0,4,5,7,9,3,0,3,5,6,6,2,0,1,0,1,3,1
2022,2,A,골목상권,2110787,신길3동주민센터,171,122,49,0,19,35,47,42,28,0,8,25,36,31,22,0,11,10,11,11,6
2022,2,A,골목상권,2110786,당산역 8번,271,179,92,2,20,41,60,51,97,2,8,21,42,38,68,0,12,20,18,13,29
2022,2,A,골목상권,2110785,영등포푸르지오아파트,161,84,77,2,13,17,39,44,46,2,8,12,24,14,24,0,5,5,15,30,22
2022,2,A,골목상권,2110784,신대림초등학교,76,42,34,0,3,11,18,36,8,0,0,7,12,18,5,0,3,4,6,18,3
2022,2,A,골목상권,2110783,영등포시장역 1번,292,154,138,1,26,37,35,67,126,1,19,27,16,33,58,0,7,10,19,34,68
2022,2,A,골목상권,2110782,영등포시장역 4번,127,87,40,1,13,24,48,27,14,1,5,16,36,17,12,0,8,8,12,10,2
2022,2,A,골목상권,2110781,대림한신아파트,182,112,70,0,23,29,51,38,41,0,8,16,34,23,31,0,15,13,17,15,10
2022,2,A,골목상권,2110780,신길대성유니드아파트,223,171,52,0,22,42,71,56,32,0,18,34,51,41,27,0,4,8,20,15,5
2022,2,A,골목상권,2110779,대림갑을명가아파트,33,24,9,0,2,5,13,7,6,0,1,4,10,4,5,0,1,1,3,3,1
2022,2,A,골목상권,2110778,구로디지털단지역 4번,1615,878,737,0,248,461,489,233,184,0,122,282,196,145,133,0,126,179,293,88,51
2022,2,A,골목상권,2110777,구로세무서,282,210,72,0,36,41,47,83,75,0,13,30,32,66,69,0,23,11,15,17,6
2022,2,A,골목상권,2110776,도신초등학교,168,106,62,0,12,20,48,63,25,0,11,10,35,34,16,0,1,10,13,29,9
2022,2,A,골목상권,2110775,대동초등학교,61,30,31,0,5,13,20,15,8,0,2,6,6,10,6,0,3,7,14,5,2
2022,2,A,골목상권,2110774,당산반도유보라팰리스아파트,472,355,117,0,59,119,131,96,67,0,34,81,109,80,51,0,25,38,22,16,16
2022,2,A,골목상권,2110773,당산역 13번,272,218,54,0,46,65,45,40,76,0,36,53,32,34,63,0,10,12,13,6,13
2022,2,A,골목상권,2110772,신우어린이공원,94,55,39,0,9,15,22,26,22,0,5,8,12,19,11,0,4,7,10,7,11
2022,2,A,골목상권,2110771,대림역 11번,955,604,351,0,22,38,128,210,557,0,21,30,73,131,349,0,1,8,55,79,208
2022,2,A,골목상권,2110770,영등포구청역 6번,263,191,72,1,45,49,77,45,46,1,24,41,54,28,43,0,21,8,23,17,3
2022,2,A,골목상권,2110769,대림차이나타운(대림역 12번),18,8,10,0,3,4,6,4,1,0,0,1,4,2,1,0,3,3,2,2,0
2022,2,A,골목상권,2110768,도림2동유수지내체육시설,294,155,139,0,20,43,63,73,95,0,7,22,32,41,53,0,13,21,31,32,42
2022,2,A,골목상권,2110767,도림동주민센터,34,3,31,0,9,5,12,6,2,0,0,0,2,1,0,0,9,5,10,5,2
2022,2,A,골목상권,2110766,대림역 5번,360,205,155,0,30,82,85,99,64,0,15,54,42,56,38,0,15,28,43,43,26
2022,2,A,골목상권,2110765,문래동사거리,889,619,270,2,80,133,209,175,290,1,38,78,140,126,236,1,42,55,69,49,54
2022,2,A,골목상권,2110764,문래역 3번,541,223,318,0,93,127,159,102,60,0,27,39,54,54,49,0,66,88,105,48,11
2022,2,A,골목상권,2110763,영등포구청역 2번,480,353,127,2,84,147,107,84,56,0,53,100,79,72,49,2,31,47,28,12,7
2022,2,A,골목상권,2110762,선유도역 1번,3139,2286,853,6,392,669,739,809,524,4,217,459,529,629,448,2,175,210,210,180,76
2022,2,A,골목상권,2110761,문래동남성맨션,180,106,74,0,13,43,45,41,38,0,8,17,26,25,30,0,5,26,19,16,8
2022,2,A,골목상권,2110760,선유도역 6번,1792,1091,701,8,273,444,499,376,192,6,170,256,275,219,165,2,103,188,224,157,27
2022,2,A,골목상권,2110759,문래예술촌(문래창작촌),4221,2165,2056,9,520,837,996,1286,573,5,266,550,589,466,289,4,254,287,407,820,284
2022,2,A,골목상권,2110758,문래소공원,296,221,75,1,44,77,70,67,37,0,32,60,46,52,31,1,12,17,24,15,6
2022,2,A,골목상권,2110757,양평역 2번,1501,1114,387,1,111,230,356,424,379,0,51,176,286,314,287,1,60,54,70,110,92
2022,2,A,골목상권,2110756,문래중학교,275,179,96,0,48,79,78,35,35,0,21,58,52,21,27,0,27,21,26,14,8
2022,2,A,골목상권,2110755,동일여자고등학교,199,53,146,0,10,24,47,74,44,0,4,9,16,12,12,0,6,15,31,62,32
2022,2,A,골목상권,2110754,삼성산자연공원(서울금천초등학교),199,75,124,1,21,41,47,39,50,0,6,18,28,10,13,1,15,23,19,29,37
2022,2,A,골목상권,2110753,시흥동 은행나무사거리,617,387,230,0,69,100,149,166,133,0,28,68,90,96,105,0,41,32,59,70,28
2022,2,A,골목상권,2110752,한울중학교,269,117,152,2,25,46,81,79,36,2,13,16,34,33,19,0,12,30,47,46,17
2022,2,A,골목상권,2110751,난곡중학교,730,397,333,2,48,217,240,177,46,2,21,117,127,91,39,0,27,100,113,86,7
2022,2,A,골목상권,2110750,시흥4동주민센터(서울신흥초등학교),397,221,176,4,78,83,80,104,48,4,47,62,43,33,32,0,31,21,37,71,16
2022,2,A,골목상권,2110749,금산초등학교(금천고등학교),448,273,175,0,61,105,110,121,51,0,33,67,55,82,36,0,28,38,55,39,15
2022,2,A,골목상권,2110748,백산초등학교,102,64,38,0,6,19,21,26,30,0,2,9,11,22,20,0,4,10,10,4,10
2022,2,A,골목상권,2110747,석수역 1번 출입구,823,612,211,0,46,84,169,227,297,0,27,52,102,165,266,0,19,32,67,62,31
2022,2,A,골목상권,2110746,금천금빛공원(은행나무사거리서측),70,48,22,0,5,11,22,21,11,0,3,9,13,15,8,0,2,2,9,6,3
2022,2,A,골목상권,2110745,독산동정훈단지,251,191,60,0,11,20,33,86,101,0,3,12,22,64,90,0,8,8,11,22,11
2022,2,A,골목상권,2110744,독산동성당,531,327,204,0,49,107,129,152,94,0,36,71,75,86,59,0,13,36,54,66,35
2022,2,A,골목상권,2110743,시흥초등학교(시흥1동우체국),191,130,61,0,18,31,48,50,44,0,10,20,32,37,31,0,8,11,16,13,13
2022,2,A,골목상권,2110742,KT금천빌딩(금천구시설관리공단),426,237,189,0,42,83,106,125,70,0,21,57,71,54,34,0,21,26,35,71,36
2022,2,A,골목상권,2110741,독산2동주민센터,444,159,285,0,69,117,96,108,54,0,43,35,26,33,22,0,26,82,70,75,32
2022,2,A,골목상권,2110740,금천해태공원,650,283,367,1,135,136,138,170,70,1,47,55,58,71,51,0,88,81,80,99,19
2022,2,A,골목상권,2110739,시흥3동 우편취급국,1558,585,973,1,167,288,537,525,40,0,50,153,224,133,25,1,117,135,313,392,15
2022,2,A,골목상권,2110738,문성초등학교,249,125,124,0,17,27,65,90,50,0,12,14,34,40,25,0,5,13,31,50,25
2022,2,A,골목상권,2110737,금천세무서,506,324,182,8,78,85,96,117,122,0,28,49,51,91,105,8,50,36,45,26,17
2022,2,A,골목상권,2110736,독산119안전센터,450,196,254,0,45,52,74,114,165,0,21,31,34,41,69,0,24,21,40,73,96
2022,2,A,골목상권,2110735,말미고개,520,330,190,0,64,115,140,140,61,0,31,79,94,79,47,0,33,36,46,61,14
2022,2,A,골목상권,2110734,금천파출소,92,47,45,0,7,11,21,29,24,0,3,5,14,13,12,0,4,6,7,16,12
2022,2,A,골목상권,2110733,금천어울림복지센터,374,293,81,3,34,89,74,90,84,3,22,67,59,66,76,0,12,22,15,24,8
2022,2,A,골목상권,2110732,가산초등학교(세일중학교),338,239,99,1,41,60,98,76,62,0,22,34,71,60,52,1,19,26,27,16,10
2022,2,A,골목상권,2110731,금천구청역 1번 출입구,1041,563,478,7,306,383,206,96,43,2,149,229,102,55,26,5,157,154,104,41,17
2022,2,A,골목상권,2110730,서울축산농협 독산역지점(독산파출소),660,376,284,1,80,105,117,201,156,1,30,58,54,113,120,0,50,47,63,88,36
2022,2,A,골목상권,2110729,가산동우체국,151,112,39,0,19,30,40,39,23,0,14,19,30,30,19,0,5,11,10,9,4
2022,2,A,골목상권,2110728,두산초등학교,4560,2778,1782,8,88,138,245,530,3551,8,64,86,123,279,2218,0,24,52,122,251,1333
2022,2,A,골목상권,2110727,독산역 1번 출입구,659,514,145,4,72,152,169,191,71,4,48,118,128,165,51,0,24,34,41,26,20
2022,2,A,골목상권,2110726,금천철쭉어린이공원(금하마을),222,172,50,0,19,25,41,62,75,0,17,16,22,45,72,0,2,9,19,17,3
2022,2,A,골목상권,2110725,가산동주민센터,85,59,26,0,6,20,22,20,17,0,3,15,16,12,13,0,3,5,6,8,4
2022,2,A,골목상권,2110724,금천구립가산도서관,366,254,112,1,42,76,122,89,36,1,33,60,90,45,25,0,9,16,32,44,11
2022,2,A,골목상권,2110723,가산디지털단지역 1번 출입구,286,247,39,0,6,10,37,130,103,0,6,5,26,113,97,0,0,5,11,17,6
2022,2,A,골목상권,2110722,G타워,1221,876,345,5,246,423,354,139,54,5,163,311,281,79,37,0,83,112,73,60,17
2022,2,A,골목상권,2110721,가리봉파출소,215,104,111,1,6,36,42,42,88,0,2,19,17,22,44,1,4,17,25,20,44
2022,2,A,골목상권,2110720,대림역 2번,158,73,85,0,23,25,43,35,32,0,10,11,15,15,22,0,13,14,28,20,10
2022,2,A,골목상권,2110719,영서중학교,52,44,8,0,6,9,9,14,14,0,6,7,8,13,10,0,0,2,1,1,4
2022,2,A,골목상권,2110718,한국SGI본부,1614,1061,553,3,308,462,397,336,108,3,167,313,292,220,66,0,141,149,105,116,42
2022,2,A,골목상권,2110717,남구로역 2번,570,271,299,0,108,155,142,104,61,0,49,84,75,34,29,0,59,71,67,70,32
2022,2,A,골목상권,2110716,구로나눔길,666,398,268,1,132,256,164,77,36,0,39,154,115,60,30,1,93,102,49,17,6
2022,2,A,골목상권,2110715,구로구민회관,93,64,29,0,13,15,30,27,8,0,5,11,20,21,7,0,8,4,10,6,1
2022,2,A,골목상권,2110714,구로4동주민센터,271,156,115,0,34,44,57,79,57,0,8,19,32,53,44,0,26,25,25,26,13
2022,2,A,골목상권,2110713,구로보건소,2668,1817,851,5,474,650,706,533,300,3,323,472,514,332,173,2,151,178,192,201,127
2022,2,A,골목상권,2110712,남구로역 5번,233,108,125,1,32,36,66,64,34,0,10,17,24,32,25,1,22,19,42,32,9
2022,2,A,골목상권,2110711,구로초등학교,818,332,486,4,62,122,166,288,176,2,26,70,82,75,77,2,36,52,84,213,99
2022,2,A,골목상권,2110710,남구로역 3번,606,370,236,3,83,96,105,121,198,3,46,63,63,68,127,0,37,33,42,53,71
2022,2,A,골목상권,2110709,구로119안전센터,162,94,68,0,16,19,44,46,37,0,13,12,28,25,16,0,3,7,16,21,21
2022,2,A,골목상권,2110708,화원어린이공원,64,27,37,0,8,12,12,23,9,0,1,4,5,9,8,0,7,8,7,14,1
2022,2,A,골목상권,2110707,구로창업지원센터,1045,760,285,4,141,266,246,253,135,3,78,195,185,186,113,1,63,71,61,67,22
2022,2,A,골목상권,2110706,그라운드 고척,410,100,310,0,122,101,101,68,18,0,22,20,28,20,10,0,100,81,73,48,8
2022,2,A,골목상권,2110705,고산초등학교,33,19,14,0,3,2,8,7,13,0,3,1,8,2,5,0,0,1,0,5,8
2022,2,A,골목상권,2110704,고척중학교,62,36,26,0,12,23,10,12,5,0,7,12,3,11,3,0,5,11,7,1,2
2022,2,A,골목상권,2110703,개봉역,569,449,120,4,28,60,119,170,188,3,16,35,79,141,175,1,12,25,40,29,13
2022,2,A,골목상권,2110702,개봉초등학교,131,93,38,1,15,18,33,34,30,1,10,13,23,24,22,0,5,5,10,10,8
2022,2,A,골목상권,2110701,고척동성당,567,379,188,2,126,185,125,92,37,0,81,133,82,54,29,2,45,52,43,38,8
2022,2,A,골목상권,2110700,고척초등학교,3249,2648,601,3,209,680,974,1176,207,2,119,533,803,1021,170,1,90,147,171,155,37
2022,2,A,골목상권,2110699,덕의초등학교,150,89,61,0,15,24,32,48,31,0,8,15,15,28,23,0,7,9,17,20,8
2022,2,A,골목상권,2110698,개웅초등학교(개웅중학교),279,178,101,3,50,50,54,65,57,3,25,32,32,40,46,0,25,18,22,25,11
2022,2,A,골목상권,2110697,개봉3동주민센터,244,152,92,1,55,64,52,43,29,1,27,41,33,30,20,0,28,23,19,13,9
2022,2,A,골목상권,2110696,오류동역 1번,2453,1671,782,32,831,951,335,223,81,16,483,739,238,133,62,16,348,212,97,90,19
2022,2,A,골목상권,2110695,개봉1동주민센터,546,314,232,1,57,150,143,123,72,1,31,97,72,64,49,0,26,53,71,59,23
2022,2,A,골목상권,2110694,세곡초등학교,445,249,196,2,55,149,90,98,51,0,24,76,51,60,38,2,31,73,39,38,13
2022,2,A,골목상권,2110693,오류동역 4번,17,9,8,0,1,3,5,4,4,0,1,3,2,2,1,0,0,0,3,2,3
2022,2,A,골목상권,2110692,큰굴다리,233,148,85,0,12,52,54,66,49,0,7,19,35,49,38,0,5,33,19,17,11
2022,2,A,골목상권,2110691,개봉중학교,395,205,190,0,37,65,119,115,59,0,20,38,49,52,46,0,17,27,70,63,13
2022,2,A,골목상권,2110690,오류2동버들시장,625,318,307,1,105,200,143,105,71,0,42,115,72,46,43,1,63,85,71,59,28
2022,2,A,골목상권,2110689,오류동역 3번,259,188,71,3,41,45,52,66,52,3,25,32,40,48,40,0,16,13,12,18,12
2022,2,A,골목상권,2110688,오류지구대,171,60,111,1,18,20,40,59,33,0,7,11,15,19,8,1,11,9,25,40,25
2022,2,A,골목상권,2110687,"천왕역 3번(오류2동주민센터, 서울오류남초등학교)",21,16,5,0,2,3,5,6,5,0,1,3,4,4,4,0,1,0,1,2,1
2022,2,A,골목상권,2110686,수궁동주민센터,490,245,245,2,50,83,135,127,93,2,25,37,72,61,48,0,25,46,63,66,45
2022,2,A,골목상권,2110685,금강수목원아파트,181,143,38,0,13,32,53,57,26,0,10,25,38,47,23,0,3,7,15,10,3
2022,2,A,골목상권,2110684,서울공연예술고등학교,157,72,85,2,28,31,36,36,24,0,7,17,19,19,10,2,21,14,17,17,14
2022,2,A,골목상권,2110683,오류고등학교,185,125,60,0,24,46,55,41,19,0,18,33,33,23,18,0,6,13,22,18,1
2022,2,A,골목상권,2110682,온수역 8번,137,128,9,0,3,5,14,43,72,0,2,3,11,42,70,0,1,2,3,1,2
2022,2,A,골목상권,2110681,온수역 1번,152,106,46,0,13,52,39,21,27,0,10,38,25,13,20,0,3,14,14,8,7
2022,2,A,골목상권,2110680,온수역 5번(온수산업단지),1184,1003,181,18,161,205,235,343,222,18,129,175,191,286,204,0,32,30,44,57,18
2022,2,A,골목상권,2110679,염창역 2번,578,407,171,3,90,207,152,80,46,2,50,149,111,58,37,1,40,58,41,22,9
2022,2,A,골목상권,2110678,염창무학아파트,242,188,54,1,30,57,84,47,23,1,15,49,67,39,17,0,15,8,17,8,6
2022,2,A,골목상권,2110677,등촌역 1번,410,321,89,1,50,80,83,91,105,1,24,51,70,76,99,0,26,29,13,15,6
2022,2,A,골목상권,2110676,등촌역 7번,237,141,96,0,31,35,66,57,48,0,13,21,37,37,33,0,18,14,29,20,15
2022,2,A,골목상권,2110675,화곡4동주민센터,289,186,103,0,28,62,73,65,61,0,11,36,40,50,49,0,17,26,33,15,12
2022,2,A,골목상권,2110674,강서구청가양동별관,491,327,164,1,69,102,106,109,104,1,54,78,63,51,80,0,15,24,43,58,24
2022,2,A,골목상권,2110673,뜸부기어린이공원,253,143,110,0,37,52,62,64,38,0,21,29,31,34,28,0,16,23,31,30,10
2022,2,A,골목상권,2110672,백석중학교,155,99,56,1,21,37,40,43,13,1,18,26,18,25,11,0,3,11,22,18,2
2022,2,A,골목상권,2110671,등촌1동주민센터,5012,3056,1956,13,1252,1442,1027,802,476,5,391,945,826,556,333,8,861,497,201,246,143
2022,2,A,골목상권,2110670,신곡초등학교,527,322,205,6,79,119,122,101,100,3,45,78,71,59,66,3,34,41,51,42,34
2022,2,A,골목상권,2110669,화곡보람2차아파트,80,49,31,0,11,20,24,17,8,0,3,12,18,14,2,0,8,8,6,3,6
2022,2,A,골목상권,2110668,화곡2동주민센터,471,278,193,0,55,70,139,127,80,0,22,33,81,77,65,0,33,37,58,50,15
2022,2,A,골목상권,2110667,가양역 10번,177,126,51,0,33,32,56,36,20,0,21,20,38,29,18,0,12,12,18,7,2
2022,2,A,골목상권,2110666,KC대학교,257,131,126,0,26,51,66,72,42,0,16,23,31,26,35,0,10,28,35,46,7
2022,2,A,골목상권,2110665,곰달래도서관,469,285,184,0,36,92,123,138,80,0,25,60,79,74,47,0,11,32,44,64,33
2022,2,A,골목상권,2110664,강서구청옆,111,48,63,0,14,10,31,43,13,0,11,7,10,9,11,0,3,3,21,34,2
2022,2,A,골목상권,2110663,우장산롯데캐슬아파트앞,316,232,84,0,7,25,59,116,109,0,3,18,30,84,97,0,4,7,29,32,12
2022,2,A,골목상권,2110662,까치산역 1번,1480,885,595,4,245,501,396,234,100,4,129,301,207,171,73,0,116,200,189,63,27
2022,2,A,골목상권,2110661,강서새말어린이공원,126,48,78,0,3,13,30,38,42,0,2,8,10,9,19,0,1,5,20,29,23
2022,2,A,골목상권,2110660,등촌3동주민센터,4614,2039,2575,10,469,707,766,1291,1371,5,197,427,424,447,539,5,272,280,342,844,832
2022,2,A,골목상권,2110659,화곡역 4번,867,512,355,11,102,182,240,188,144,9,52,115,144,110,82,2,50,67,96,78,62
2022,2,A,골목상권,2110658,화곡초등학교,253,153,100,0,21,55,62,69,46,0,10,35,36,44,28,0,11,20,26,25,18
2022,2,A,골목상권,2110657,양천향교역 5번,3180,2118,1062,12,334,603,741,695,795,8,191,396,493,385,645,4,143,207,248,310,150
2022,2,A,골목상권,2110656,까치산역 3번,838,498,340,13,89,209,253,192,82,12,52,128,154,93,59,1,37,81,99,99,23
2022,2,A,골목상권,2110655,발산역 5번,587,355,232,0,97,156,147,112,75,0,29,94,98,76,58,0,68,62,49,36,17
2022,2,A,골목상권,2110654,까치산역 4번,1021,686,335,2,68,147,249,380,175,1,38,81,139,281,146,1,30,66,110,99,29
2022,2,A,골목상권,2110653,화곡역 2번,910,490,420,1,191,271,239,169,39,0,79,136,119,134,22,1,112,135,120,35,17
2022,2,A,골목상권,2110652,양천향교역 2번,643,483,160,0,70,131,146,169,127,0,32,102,104,139,106,0,38,29,42,30,21
2022,2,A,골목상권,2110651,화원중학교,377,214,163,2,29,50,102,105,89,1,19,31,68,52,43,1,10,19,34,53,46
2022,2,A,골목상권,2110650,우장산힐스테이트,146,118,28,0,24,30,52,21,19,0,15,25,43,18,17,0,9,5,9,3,2
2022,2,A,골목상권,2110649,우장산역 1번,366,197,169,0,41,92,83,98,52,0,12,49,39,63,34,0,29,43,44,35,18
2022,2,A,골목상권,2110648,양천향교역 7번,13,5,8,0,1,7,1,3,1,0,0,3,1,1,0,0,1,4,0,2,1
2022,2,A,골목상권,2110647,화곡역 5번,890,459,431,2,116,227,219,230,96,1,44,137,110,116,51,1,72,90,109,114,45
2022,2,A,골목상권,2110646,푸른들청소년도서관,782,401,381,1,93,124,208,189,167,1,27,53,103,100,117,0,66,71,105,89,50
2022,2,A,골목상권,2110645,우장산역 4번,794,391,403,0,64,125,239,221,145,0,33,65,87,90,116,0,31,60,152,131,29
2022,2,A,골목상권,2110644,신광명마을,333,288,45,1,24,22,60,107,119,1,7,13,52,100,115,0,17,9,8,7,4
2022,2,A,골목상권,2110643,강서구다솔마을,653,413,240,1,97,165,199,139,52,0,47,101,136,93,36,1,50,64,63,46,16
2022,2,A,골목상권,2110642,정곡초등학교,193,163,30,2,8,14,35,69,65,1,4,10,30,58,60,1,4,4,5,11,5
2022,2,A,골목상권,2110641,공항고등학교,345,236,109,2,46,95,100,79,23,1,30,72,61,52,20,1,16,23,39,27,3
2022,2,A,골목상권,2110640,방화역 1번,1019,638,381,3,139,292,240,195,150,3,62,119,167,158,129,0,77,173,73,37,21
2022,2,A,골목상권,2110639,신방화역 8번,523,369,154,1,74,61,88,153,146,1,17,22,51,139,139,0,57,39,37,14,7
2022,2,A,골목상권,2110638,신방화역 2번,372,202,170,3,53,75,88,87,66,3,22,40,44,43,50,0,31,35,44,44,16
2022,2,A,골목상권,2110637,송정역 2번,540,357,183,4,62,117,114,147,96,0,34,74,81,100,68,4,28,43,33,47,28
2022,2,A,골목상권,2110636,방화역 2번,152,76,76,1,25,49,41,21,15,0,9,26,27,4,10,1,16,23,14,17,5
2022,2,A,골목상권,2110635,공항시장역 3번,1482,399,1083,4,71,92,165,488,662,1,44,62,64,34,194,3,27,30,101,454,468
2022,2,A,골목상권,2110634,송정역 3번,664,434,230,0,64,143,178,145,134,0,33,90,116,101,94,0,31,53,62,44,40
2022,2,A,골목상권,2110633,개화산역 1번,115,89,26,2,29,34,27,15,8,2,28,22,19,10,8,0,1,12,8,5,0
2022,2,A,골목상권,2110632,방화역 3번,1075,887,188,2,42,127,400,334,170,1,21,90,353,281,141,1,21,37,47,53,29
2022,2,A,골목상권,2110631,방화초등학교,359,177,182,2,35,71,73,103,75,2,21,42,39,38,35,0,14,29,34,65,40
2022,2,A,골목상권,2110630,공항시장역 1번,1472,1008,464,0,157,294,298,328,395,0,67,180,202,240,319,0,90,114,96,88,76
2022,2,A,골목상권,2110629,송정역 4번,190,107,83,0,26,52,54,35,23,0,9,34,28,24,12,0,17,18,26,11,11
2022,2,A,골목상권,2110628,신목동역,496,319,177,0,58,88,124,120,106,0,30,58,82,89,60,0,28,30,42,31,46
2022,2,A,골목상권,2110627,신정롯데캐슬아파트,512,310,202,24,127,127,89,83,62,13,69,79,57,49,43,11,58,48,32,34,19
2022,2,A,골목상권,2110626,양화초등학교,652,271,381,1,127,138,149,147,90,0,37,57,76,63,38,1,90,81,73,84,52
2022,2,A,골목상권,2110625,신정2동주민센터,726,454,272,2,98,196,215,155,60,0,51,124,146,94,39,2,47,72,69,61,21
2022,2,A,골목상권,2110624,목동문화체육센터,382,234,148,0,93,118,75,65,31,0,40,79,46,50,19,0,53,39,29,15,12
2022,2,A,골목상권,2110623,갈산공원,118,94,24,0,27,32,24,27,8,0,23,26,21,19,5,0,4,6,3,8,3
2022,2,A,골목상권,2110622,달마을공원,458,261,197,0,58,90,102,138,70,0,26,47,63,65,60,0,32,43,39,73,10
2022,2,A,골목상권,2110621,목동역 5번,111,57,54,0,9,22,22,38,20,0,0,12,13,19,13,0,9,10,9,19,7
2022,2,A,골목상권,2110620,목동보건지소,451,235,216,4,51,81,102,125,88,4,20,45,47,65,54,0,31,36,55,60,34
2022,2,A,골목상권,2110619,목4동주민센터,311,203,108,1,51,87,89,64,19,1,16,52,58,57,19,0,35,35,31,7,0
2022,2,A,골목상권,2110618,강서고등학교,193,135,58,0,19,38,52,52,32,0,10,29,36,34,26,0,9,9,16,18,6
2022,2,A,골목상권,2110617,등촌역 4번,274,192,82,0,47,75,77,51,24,0,37,55,51,33,16,0,10,20,26,18,8
2022,2,A,골목상권,2110616,양목초등학교,161,103,58,0,3,23,19,40,76,0,2,18,14,32,37,0,1,5,5,8,39
2022,2,A,골목상권,2110615,신서초등학교,87,63,24,0,20,21,27,13,6,0,14,18,18,8,5,0,6,3,9,5,1
2022,2,A,골목상권,2110614,목동로데오거리,596,292,304,0,69,85,114,216,112,0,42,44,58,103,45,0,27,41,56,113,67
2022,2,A,골목상권,2110613,신정네거리역 4번,80,20,60,0,8,25,24,19,4,0,2,6,7,4,1,0,6,19,17,15,3
2022,2,A,골목상권,2110612,신정역 5번,644,303,341,1,85,88,143,197,130,0,44,62,74,70,53,1,41,26,69,127,77
2022,2,A,골목상권,2110611,신정역 1번,316,212,104,2,35,61,100,82,36,2,21,44,61,52,32,0,14,17,39,30,4
2022,2,A,골목상권,2110610,계남근린공원,126,85,41,0,5,11,41,44,25,0,3,6,28,35,13,0,2,5,13,9,12
2022,2,A,골목상권,2110609,신정네거리역 2번,1377,1358,19,0,14,15,52,171,1125,0,10,11,45,168,1124,0,4,4,7,3,1
2022,2,A,골목상권,2110608,신월2동주민센터,873,453,420,1,51,116,229,271,205,1,23,69,118,125,117,0,28,47,111,146,88
2022,2,A,골목상권,2110607,금빛새마을금고본점,53,31,22,0,2,10,11,19,11,0,1,4,5,12,9,0,1,6,6,7,2
2022,2,A,골목상권,2110606,신한은행 신월동지점,521,288,233,1,49,80,143,144,104,1,26,42,76,66,77,0,23,38,67,78,27
2022,2,A,골목상권,2110605,목동센트럴아이파크앞,155,89,66,0,15,22,26,47,45,0,5,15,11,27,31,0,10,7,15,20,14
2022,2,A,골목상권,2110604,신월4동주민센터,637,528,109,0,13,50,120,234,220,0,6,29,87,193,213,0,7,21,33,41,7
2022,2,A,골목상권,2110603,지향초등학교,205,119,86,0,13,56,60,44,32,0,5,30,37,25,22,0,8,26,23,19,10
2022,2,A,골목상권,2110602,신월시영아파트중문,644,574,70,1,7,22,68,238,308,0,4,13,52,214,291,1,3,9,16,24,17
2022,2,A,골목상권,2110601,신월1동우편취급국,1200,814,386,3,116,180,274,437,190,1,61,115,183,309,145,2,55,65,91,128,45
2022,2,A,골목상권,2110600,신월7동주민센터,350,263,87,0,32,30,66,101,121,0,17,14,38,79,115,0,15,16,28,22,6
2022,2,A,골목상권,2110599,신월1파출소,378,268,110,3,50,89,94,93,49,2,34,68,63,65,36,1,16,21,31,28,13
2022,2,A,골목상권,2110598,신월문화체육센터,428,195,233,0,21,58,112,150,87,0,5,28,45,66,51,0,16,30,67,84,36
2022,2,A,골목상권,2110597,신월1동주민센터,517,302,215,0,30,68,111,150,158,0,14,36,54,84,114,0,16,32,57,66,44
2022,2,A,골목상권,2110596,서서울호수공원,417,272,145,2,48,90,107,113,57,0,28,56,74,71,43,2,20,34,33,42,14
2022,2,A,골목상권,2110595,메디힐병원,731,459,272,0,80,148,163,185,155,0,34,85,86,136,118,0,46,63,77,49,37
2022,2,A,골목상권,2110594,신월중학교,453,225,228,0,54,166,104,96,33,0,14,66,56,59,30,0,40,100,48,37,3
2022,2,A,골목상권,2110593,신월3동주민센터,304,157,147,0,38,65,76,87,38,0,12,32,45,44,24,0,26,33,31,43,14
2022,2,A,골목상권,2110592,서울금융고등학교,449,344,105,0,19,35,74,156,165,0,9,13,45,128,149,0,10,22,29,28,16
2022,2,A,골목상권,2110591,충정로역 6번,627,422,205,0,99,158,178,126,66,0,55,103,135,92,37,0,44,55,43,34,29
2022,2,A,골목상권,2110590,만리재,97,50,47,0,19,23,23,25,7,0,6,12,11,16,5,0,13,11,12,9,2
2022,2,A,골목상권,2110589,애오개역 3번,58,14,44,0,4,8,19,13,14,0,0,1,5,6,2,0,4,7,14,7,12
2022,2,A,골목상권,2110588,한겨레신문사,169,92,77,0,34,44,41,33,17,0,14,22,20,21,15,0,20,22,21,12,2
2022,2,A,골목상권,2110587,공덕동주민센터,238,121,117,1,36,43,69,53,36,1,15,25,41,23,16,0,21,18,28,30,20
2022,2,A,골목상권,2110586,서울서부지방법원,1461,863,598,2,376,402,333,188,160,1,231,267,164,98,102,1,145,135,169,90,58
2022,2,A,골목상권,2110585,마포경찰서,918,790,128,0,192,360,176,181,9,0,150,313,153,166,8,0,42,47,23,15,1
2022,2,A,골목상권,2110584,아현역 4번,49,13,36,0,4,7,14,13,11,0,0,0,2,5,6,0,4,7,12,8,5
2022,2,A,골목상권,2110583,공덕래미안3차아파트,316,164,152,0,44,98,102,57,15,0,7,54,60,35,8,0,37,44,42,22,7
2022,2,A,골목상권,2110582,이대역 5번,59,19,40,0,6,11,16,16,10,0,0,4,4,6,5,0,6,7,12,10,5
2022,2,A,골목상권,2110581,염리초등학교,16,11,5,0,0,0,2,6,8,0,0,0,2,3,6,0,0,0,0,3,2
2022,2,A,골목상권,2110580,양원초등학교,78,20,58,0,3,6,16,25,28,0,0,1,3,11,5,0,3,5,13,14,23
2022,2,A,골목상권,2110579,마포역 4번,758,561,197,2,62,160,253,214,67,1,37,123,190,160,50,1,25,37,63,54,17
2022,2,A,골목상권,2110578,대흥역 2번,2091,1413,678,2,213,337,391,638,510,1,80,225,309,452,346,1,133,112,82,186,164
2022,2,A,골목상권,2110577,용강동주민센터,145,105,40,0,15,42,47,31,10,0,12,31,38,17,7,0,3,11,9,14,3
2022,2,A,골목상권,2110576,대흥역 3번,1605,1112,493,71,503,480,308,163,80,27,310,365,253,111,46,44,193,115,55,52,34
2022,2,A,골목상권,2110575,대흥동주민센터,206,156,50,2,25,47,36,48,48,2,11,35,25,40,43,0,14,12,11,8,5
2022,2,A,골목상권,2110574,서강대학교,173,123,50,0,35,41,49,38,10,0,17,30,41,30,5,0,18,11,8,8,5
2022,2,A,골목상권,2110573,신촌역 6번,33,14,19,0,7,4,6,8,8,0,2,0,3,3,6,0,5,4,3,5,2
2022,2,A,골목상권,2110572,서강대역 1번,470,254,216,1,63,130,117,116,43,1,32,67,58,66,30,0,31,63,59,50,13
2022,2,A,골목상권,2110571,신수동주민센터,635,358,277,5,109,159,187,126,49,5,57,88,98,74,36,0,52,71,89,52,13
2022,2,A,골목상권,2110570,KB국민은행 서강지점,61,39,22,0,4,22,18,12,5,0,4,13,10,7,5,0,0,9,8,5,0
2022,2,A,골목상권,2110569,홍대땡땡거리,358,153,205,2,62,108,97,53,36,1,18,48,46,19,21,1,44,60,51,34,15
2022,2,A,골목상권,2110568,광흥창역 1번,67,32,35,0,12,21,14,15,5,0,4,10,6,9,3,0,8,11,8,6,2
2022,2,A,골목상권,2110567,광흥창역 6번,91,61,30,0,16,26,27,12,10,0,8,20,13,11,9,0,8,6,14,1,1
2022,2,A,골목상권,2110566,경의선책거리,1690,934,756,2,359,547,406,290,86,1,137,328,252,157,59,1,222,219,154,133,27
2022,2,A,골목상권,2110565,홍익대,107,64,43,0,16,32,34,19,6,0,8,15,23,13,5,0,8,17,11,6,1
2022,2,A,골목상권,2110564,홍대입구역 3번,471,211,260,0,54,125,161,78,53,0,19,47,103,22,20,0,35,78,58,56,33
2022,2,A,골목상권,2110563,상수역 3번,355,274,81,12,83,130,78,23,29,10,63,101,61,16,23,2,20,29,17,7,6
2022,2,A,골목상권,2110562,연트럴파크(연남동주민센터),426,237,189,1,73,118,96,94,44,1,29,76,55,44,32,0,44,42,41,50,12
2022,2,A,골목상권,2110561,상수역 4번,395,247,148,4,59,102,94,89,47,2,21,56,64,68,36,2,38,46,30,21,11
2022,2,A,골목상권,2110560,마포FM,292,140,152,0,26,64,87,77,38,0,10,26,40,36,28,0,16,38,47,41,10
2022,2,A,골목상권,2110559,성산중학교,757,474,283,4,102,187,203,167,94,3,54,102,127,118,70,1,48,85,76,49,24
2022,2,A,골목상권,2110558,경성고등학교,2338,1579,759,11,302,556,565,513,391,10,149,343,406,384,287,1,153,213,159,129,104
2022,2,A,골목상권,2110557,홍대부속여중고앞,760,465,295,1,100,188,196,149,126,1,37,110,137,95,85,0,63,78,59,54,41
2022,2,A,골목상권,2110556,절두산순교성지,176,112,64,3,17,42,58,39,17,3,8,27,39,24,11,0,9,15,19,15,6
2022,2,A,골목상권,2110555,홍익지구대,335,161,174,1,58,69,68,50,89,0,16,32,34,21,58,1,42,37,34,29,31
2022,2,A,골목상권,2110554,망원역 1번,1499,727,772,2,210,352,484,333,118,2,105,174,225,147,74,0,105,178,259,186,44
2022,2,A,골목상권,2110553,가좌역 2번,257,150,107,0,23,42,73,79,40,0,14,23,39,41,33,0,9,19,34,38,7
2022,2,A,골목상권,2110552,성미산체육관,646,469,177,1,110,162,148,159,66,0,72,121,99,129,48,1,38,41,49,30,18
2022,2,A,골목상권,2110551,성서초등학교,803,387,416,1,110,164,235,172,121,1,42,90,114,81,59,0,68,74,121,91,62
2022,2,A,골목상권,2110550,합정역 8번,1578,740,838,1,240,411,414,333,179,0,84,165,221,171,99,1,156,246,193,162,80
2022,2,A,골목상권,2110549,새터산,283,137,146,1,48,61,76,46,51,1,18,31,43,16,28,0,30,30,33,30,23
2022,2,A,골목상권,2110548,마포구청역 4번,795,475,320,5,130,185,210,136,129,3,57,95,122,89,109,2,73,90,88,47,20
2022,2,A,골목상권,2110547,KB국민은행 망원동지점,284,168,116,0,13,47,93,76,55,0,4,25,55,45,39,0,9,22,38,31,16
2022,2,A,골목상권,2110546,양화대교북단,684,408,276,3,185,240,142,68,46,3,79,121,109,55,41,0,106,119,33,13,5
2022,2,A,골목상권,2110545,마포구청역 1번,880,496,384,1,74,169,241,262,133,1,30,100,116,154,95,0,44,69,125,108,38
2022,2,A,골목상권,2110544,망리단길,1203,718,485,1,179,248,331,253,191,1,107,153,171,147,139,0,72,95,160,106,52
2022,2,A,골목상권,2110543,중암중학교,38,25,13,0,6,8,14,7,3,0,3,5,8,6,3,0,3,3,6,1,0
2022,2,A,골목상권,2110542,마포구청역 7번,4013,2450,1563,16,528,715,782,1306,666,9,298,578,607,588,370,7,230,137,175,718,296
2022,2,A,골목상권,2110541,동교초등학교,377,221,156,0,43,59,101,96,78,0,23,37,63,50,48,0,20,22,38,46,30
2022,2,A,골목상권,2110540,망원나들목체육관,288,154,134,0,45,74,85,62,22,0,24,38,42,36,14,0,21,36,43,26,8
2022,2,A,골목상권,2110539,미근동,2792,1821,971,13,225,688,889,822,155,9,167,550,547,424,124,4,58,138,342,398,31
2022,2,A,골목상권,2110538,충정로역 3번,284,178,106,0,12,42,56,66,108,0,5,27,35,42,69,0,7,15,21,24,39
2022,2,A,골목상권,2110537,충정로현대아파트,1514,848,666,1,362,525,328,177,121,0,150,263,215,134,86,1,212,262,113,43,35
2022,2,A,골목상권,2110536,돈의문센트레빌아파트입구,141,105,36,0,12,23,61,32,13,0,7,17,50,21,10,0,5,6,11,11,3
2022,2,A,골목상권,2110535,영천시장입구,797,440,357,2,77,119,179,281,139,2,36,62,110,152,78,0,41,57,69,129,61
2022,2,A,골목상권,2110534,경기대학교,134,67,67,0,9,25,23,33,44,0,6,16,10,11,24,0,3,9,13,22,20
2022,2,A,골목상권,2110533,충정로역 7번,22,11,11,0,5,5,3,5,4,0,0,2,2,4,3,0,5,3,1,1,1
2022,2,A,골목상권,2110532,아현역 2번,330,205,125,0,52,33,48,78,119,0,17,13,23,57,95,0,35,20,25,21,24
2022,2,A,골목상권,2110531,홍지문,141,61,80,0,16,26,24,56,19,0,13,19,13,9,7,0,3,7,11,47,12
2022,2,A,골목상권,2110530,아현역 1번,36,20,16,0,5,5,7,15,4,0,2,5,4,6,3,0,3,0,3,9,1
2022,2,A,골목상권,2110529,홍제3동주민센터,136,67,69,0,14,22,30,27,43,0,2,6,11,16,32,0,12,16,19,11,11
2022,2,A,골목상권,2110528,서울여자간호대학교,309,149,160,0,11,22,32,69,175,0,10,12,16,22,89,0,1,10,16,47,86
2022,2,A,골목상권,2110527,홍제역 2번,177,83,94,1,35,39,35,38,29,1,11,26,14,19,12,0,24,13,21,19,17
2022,2,A,골목상권,2110526,봉원사,241,122,119,1,21,43,58,58,60,1,8,22,26,28,37,0,13,21,32,30,23
2022,2,A,골목상권,2110525,홍은종합사회복지관,61,17,44,0,10,12,15,10,14,0,1,3,0,4,9,0,9,9,15,6,5
2022,2,A,골목상권,2110524,연희세브란스병원,55,23,32,0,10,13,15,10,7,0,5,6,6,3,3,0,5,7,9,7,4
2022,2,A,골목상권,2110523,홍제성원아파트,25,11,14,0,0,6,7,7,5,0,0,1,3,5,2,0,0,5,4,2,3
2022,2,A,골목상권,2110522,홍제역 3번,8,3,5,0,3,0,1,1,3,0,0,0,0,1,2,0,3,0,1,0,1
2022,2,A,골목상권,2110521,홍제역 4번,63,36,27,0,4,7,19,17,16,0,0,4,10,9,13,0,4,3,9,8,3
2022,2,A,골목상권,2110520,경의중앙 신촌역,78,38,40,0,22,12,27,10,7,0,5,5,13,9,6,0,17,7,14,1,1
2022,2,A,골목상권,2110519,서대문구보건소별관,470,175,295,0,58,96,113,139,64,0,15,37,46,42,35,0,43,59,67,97,29
2022,2,A,골목상권,2110518,서대문구청,117,70,47,0,19,39,29,18,12,0,6,19,22,12,11,0,13,20,7,6,1
2022,2,A,골목상권,2110517,서대문소방서,1051,692,359,8,225,280,242,207,89,5,104,187,179,161,56,3,121,93,63,46,33
2022,2,A,골목상권,2110516,정원여중,114,85,29,0,24,19,35,22,14,0,17,14,26,19,9,0,7,5,9,3,5
2022,2,A,골목상권,2110515,홍은중학교,399,312,87,1,46,119,119,68,46,1,33,93,94,52,39,0,13,26,25,16,7
2022,2,A,골목상권,2110514,서대문우체국,86,19,67,0,26,26,17,9,8,0,0,4,7,4,4,0,26,22,10,5,4
2022,2,A,골목상권,2110513,연희파출소,457,241,216,0,51,87,110,130,79,0,17,46,58,69,51,0,34,41,52,61,28
2022,2,A,골목상권,2110512,연희지하차도,357,183,174,0,44,70,106,104,33,0,17,46,47,52,21,0,27,24,59,52,12
2022,2,A,골목상권,2110511,연희초등학교,3766,3317,449,2,465,768,660,1520,351,1,363,658,539,1427,329,1,102,110,121,93,22
2022,2,A,골목상권,2110510,홍연시장,99,59,40,0,8,14,35,26,16,0,4,6,23,14,12,0,4,8,12,12,4
2022,2,A,골목상권,2110509,연희대우아파트앞,691,333,358,0,73,177,151,193,97,0,29,73,77,101,53,0,44,104,74,92,44
2022,2,A,골목상권,2110508,서연중학교,1028,470,558,9,149,249,175,268,178,3,66,152,81,93,75,6,83,97,94,175,103
2022,2,A,골목상권,2110507,명지대학교,1537,1156,381,29,392,636,318,129,33,26,257,481,282,83,27,3,135,155,36,46,6
2022,2,A,골목상권,2110506,연희임광아파트,110,66,44,0,5,12,39,29,25,0,1,8,20,19,18,0,4,4,19,10,7
2022,2,A,골목상권,2110505,홍남교남측,14,9,5,0,1,0,3,7,3,0,0,0,2,5,2,0,1,0,1,2,1
2022,2,A,골목상권,2110504,명지전문대,139,35,104,0,8,17,27,38,49,0,3,4,6,11,11,0,5,13,21,27,38
2022,2,A,골목상권,2110503,명지대학교교회,230,123,107,0,27,52,59,64,28,0,9,30,26,36,22,0,18,22,33,28,6
2022,2,A,골목상권,2110502,남가좌파출소,290,147,143,0,29,34,73,92,62,0,14,16,35,47,35,0,15,18,38,45,27
2022,2,A,골목상권,2110501,연희어린이공원,214,82,132,0,12,33,40,75,54,0,3,20,15,18,26,0,9,13,25,57,28
2022,2,A,골목상권,2110500,남가좌동현대아파트,74,54,20,0,12,13,23,22,4,0,8,9,17,17,3,0,4,4,6,5,1
2022,2,A,골목상권,2110499,연가초등학교,282,123,159,0,44,47,83,67,41,0,8,22,32,35,26,0,36,25,51,32,15
2022,2,A,골목상권,2110498,증산역 1번,222,102,120,0,15,32,75,68,32,0,7,9,31,32,23,0,8,23,44,36,9
2022,2,A,골목상권,2110497,가좌역 3번,299,247,52,0,13,33,86,117,50,0,3,16,74,113,41,0,10,17,12,4,9
2022,2,A,골목상권,2110496,모래내우체국,611,333,278,2,88,190,160,89,82,2,20,100,117,42,52,0,68,90,43,47,30
2022,2,A,골목상권,2110495,북가좌2동주민센터,501,372,129,0,28,67,125,185,96,0,11,45,88,152,76,0,17,22,37,33,20
2022,2,A,골목상권,2110494,증산3교남측,31,24,7,0,1,8,7,9,6,0,0,7,5,7,5,0,1,1,2,2,1
2022,2,A,골목상권,2110493,북가좌초등학교,892,830,62,0,2,19,27,80,764,0,0,12,22,68,728,0,2,7,5,12,36
2022,2,A,골목상권,2110492,하나고등학교,247,43,204,1,6,15,13,98,114,0,1,8,7,10,17,1,5,7,6,88,97
2022,2,A,골목상권,2110491,불광중학교,195,90,105,0,13,35,71,56,20,0,8,20,32,18,12,0,5,15,39,38,8
2022,2,A,골목상권,2110490,녹번동근린공원,307,166,141,0,30,64,85,76,52,0,11,30,47,45,33,0,19,34,38,31,19
2022,2,A,골목상권,2110489,불광역 3번,35,25,10,0,3,7,10,10,5,0,3,4,7,6,5,0,0,3,3,4,0
2022,2,A,골목상권,2110488,우리은행응암동지점,171,103,68,1,14,24,41,36,55,0,8,16,19,15,45,1,6,8,22,21,10
2022,2,A,골목상권,2110487,불광역 8번,63,35,28,0,11,22,15,8,7,0,6,11,7,8,3,0,5,11,8,0,4
2022,2,A,골목상권,2110486,은평구청,629,292,337,0,86,110,146,178,109,0,55,72,56,64,45,0,31,38,90,114,64
2022,2,A,골목상권,2110485,연신내우체국,1259,678,581,0,7,24,35,160,1033,0,4,5,15,70,584,0,3,19,20,90,449
2022,2,A,골목상권,2110484,역촌역 3번,500,203,297,6,62,136,132,103,61,5,34,48,43,35,38,1,28,88,89,68,23
2022,2,A,골목상권,2110483,연천초등학교,147,90,57,0,13,21,45,22,46,0,5,11,31,13,30,0,8,10,14,9,16
2022,2,A,골목상권,2110482,연신초등학교,45,19,26,0,2,5,16,19,3,0,0,0,6,11,2,0,2,5,10,8,1
2022,2,A,골목상권,2110481,불광역 7번,193,86,107,0,13,43,41,57,39,0,2,22,11,24,27,0,11,21,30,33,12
2022,2,A,골목상권,2110480,연신내역 3번,117,34,83,0,7,27,37,29,17,0,0,7,12,9,6,0,7,20,25,20,11
2022,2,A,골목상권,2110479,연신내역 2번,304,177,127,1,50,83,64,66,40,0,28,71,33,32,13,1,22,12,31,34,27
2022,2,A,골목상권,2110478,응암1동주민센터,359,221,138,2,26,39,56,58,178,2,16,23,28,33,119,0,10,16,28,25,59
2022,2,A,골목상권,2110477,은평세무서,434,205,229,0,43,62,106,141,82,0,15,23,49,71,47,0,28,39,57,70,35
2022,2,A,골목상권,2110476,역촌역 2번,56,26,30,0,2,8,22,17,7,0,1,3,9,7,6,0,1,5,13,10,1
2022,2,A,골목상권,2110475,백련산해모로아파트,241,126,115,1,23,42,76,68,31,1,10,24,44,28,19,0,13,18,32,40,12
2022,2,A,골목상권,2110474,세명컴퓨터고등학교,196,68,128,0,12,41,40,59,44,0,3,19,15,11,20,0,9,22,25,48,24
2022,2,A,골목상권,2110473,구산역 1번,436,241,195,0,34,59,113,107,123,0,24,27,53,49,88,0,10,32,60,58,35
2022,2,A,골목상권,2110472,연신내역 4번,336,156,180,2,52,77,80,68,57,1,16,43,30,37,29,1,36,34,50,31,28
2022,2,A,골목상권,2110471,응암동우체국,258,110,148,0,33,58,70,72,25,0,10,17,25,36,22,0,23,41,45,36,3
2022,2,A,골목상권,2110470,신진과학기술고등학교,127,78,49,0,30,22,40,25,10,0,12,11,31,19,5,0,18,11,9,6,5
2022,2,A,골목상권,2110469,응암정보도서관,340,184,156,1,38,58,102,103,38,0,11,29,59,56,29,1,27,29,43,47,9
2022,2,A,골목상권,2110468,응암역 3번,1129,494,635,2,141,256,316,256,158,0,44,114,140,109,87,2,97,142,176,147,71
2022,2,A,골목상권,2110467,은평요양병원,487,284,203,3,90,154,110,68,62,2,46,100,61,37,38,1,44,54,49,31,24
2022,2,A,골목상권,2110466,구산역 2번,87,46,41,0,12,17,26,24,8,0,4,5,16,15,6,0,8,12,10,9,2
2022,2,A,골목상권,2110465,연신내역 7번,229,110,119,3,36,48,55,52,35,2,11,25,24,23,25,1,25,23,31,29,10
2022,2,A,골목상권,2110464,연신내역 5번,301,170,131,4,32,53,93,85,34,4,18,28,44,49,27,0,14,25,49,36,7
2022,2,A,골목상권,2110463,응암3동주민센터,123,54,69,0,7,23,36,26,31,0,3,6,14,11,20,0,4,17,22,15,11
2022,2,A,골목상권,2110462,갈현건영아파트,354,220,134,1,41,64,104,81,63,1,23,38,61,50,47,0,18,26,43,31,16
2022,2,A,골목상권,2110461,새절역 2번,39,21,18,0,2,8,11,10,8,0,2,2,6,6,5,0,0,6,5,4,3
2022,2,A,골목상권,2110460,구산역 4번,969,582,387,0,57,184,248,234,246,0,18,124,133,121,186,0,39,60,115,113,60
2022,2,A,골목상권,2110459,응암역 2번,547,198,349,1,50,105,159,154,78,0,9,38,77,41,33,1,41,67,82,113,45
2022,2,A,골목상권,2110458,선일여고,404,211,193,1,34,87,96,122,64,0,19,52,49,54,37,1,15,35,47,68,27
2022,2,A,골목상권,2110457,예일여고,484,284,200,1,60,89,88,132,114,0,27,47,47,71,92,1,33,42,41,61,22
2022,2,A,골목상권,2110456,구산보건지소,966,543,423,3,284,226,177,146,130,1,123,112,94,96,117,2,161,114,83,50,13
2022,2,A,골목상권,2110455,역촌노인복지관,678,360,318,2,69,118,187,198,104,0,34,63,89,105,69,2,35,55,98,93,35
2022,2,A,골목상권,2110454,선정중학교,481,268,213,3,56,71,142,108,101,2,42,35,53,66,70,1,14,36,89,42,31
2022,2,A,골목상권,2110453,신사1동주민센터,515,288,227,0,43,81,121,155,115,0,20,25,65,85,93,0,23,56,56,70,22
2022,2,A,골목상권,2110452,새절역 3번,420,347,73,1,17,47,78,132,145,1,11,29,58,113,135,0,6,18,20,19,10
2022,2,A,골목상권,2110451,증산역 4번,1296,986,310,2,153,384,374,298,85,2,78,294,312,235,65,0,75,90,62,63,20
2022,2,A,골목상권,2110450,시립서북병원,1576,644,932,4,301,361,344,339,227,2,124,172,146,108,92,2,177,189,198,231,135
2022,2,A,골목상권,2110449,증산역 3번,717,414,303,0,105,161,186,149,116,0,47,98,99,85,85,0,58,63,87,64,31
2022,2,A,골목상권,2110448,상신초등학교입구,120,76,44,1,20,27,26,26,20,1,17,17,12,14,15,0,3,10,14,12,5
2022,2,A,골목상권,2110447,구산초등학교,12,7,5,0,2,2,3,1,4,0,1,2,1,1,2,0,1,0,2,0,2
2022,2,A,골목상권,2110446,내를건너서숲으로도서관,375,294,81,0,65,88,84,69,69,0,61,77,55,44,57,0,4,11,29,25,12
2022,2,A,골목상권,2110445,덕산중학교,61,45,16,0,18,14,15,6,8,0,10,9,12,6,8,0,8,5,3,0,0
2022,2,A,골목상권,2110444,수색성당,170,73,97,0,13,53,46,45,13,0,5,27,13,17,11,0,8,26,33,28,2
2022,2,A,골목상권,2110443,수색역 1번,14,7,7,0,1,1,7,4,1,0,0,1,2,3,1,0,1,0,5,1,0
2022,2,A,골목상권,2110442,화랑대철도공원,76,20,56,0,1,4,14,49,8,0,0,2,4,10,4,0,1,2,10,39,4
2022,2,A,골목상권,2110441,영신여고,172,78,94,0,19,38,41,45,29,0,7,20,16,23,12,0,12,18,25,22,17
2022,2,A,골목상권,2110440,상계3동4동주민센터,49,16,33,0,8,6,15,10,10,0,1,1,4,2,8,0,7,5,11,8,2
2022,2,A,골목상권,2110439,당고개역 5번,63,21,42,0,3,7,6,19,28,0,0,4,2,7,8,0,3,3,4,12,20
2022,2,A,골목상권,2110438,경춘선숲길 우측,230,110,120,0,26,54,83,52,15,0,12,21,38,30,9,0,14,33,45,22,6
2022,2,A,골목상권,2110437,당고개역 2번,116,40,76,0,16,23,25,41,11,0,5,11,9,10,5,0,11,12,16,31,6
2022,2,A,골목상권,2110436,상계제일중학교,93,60,33,0,15,21,33,20,4,0,5,13,23,15,4,0,10,8,10,5,0
2022,2,A,골목상권,2110435,서울과학기술대,73,40,33,0,5,12,18,25,13,0,3,4,8,14,11,0,2,8,10,11,2
2022,2,A,골목상권,2110434,태릉입구역 4번,121,62,59,0,13,11,24,35,38,0,3,2,12,22,23,0,10,9,12,13,15
2022,2,A,골목상권,2110433,공릉역 2번,401,137,264,1,30,41,46,46,237,1,17,30,25,18,46,0,13,11,21,28,191
2022,2,A,골목상권,2110432,대진고등학교,894,734,160,0,55,146,248,343,102,0,27,96,214,311,86,0,28,50,34,32,16
2022,2,A,골목상권,2110431,상계역,124,72,52,1,16,24,28,37,18,0,2,13,17,27,13,1,14,11,11,10,5
2022,2,A,골목상권,2110430,중계초등학교,307,114,193,0,20,36,65,106,80,0,9,11,21,29,44,0,11,25,44,77,36
2022,2,A,골목상권,2110429,공릉동 국수거리,2074,916,1158,3,224,284,511,689,363,1,91,167,248,234,175,2,133,117,263,455,188
2022,2,A,골목상권,2110428,상계5동주민센터,491,217,274,1,43,52,106,158,131,0,14,25,45,70,63,1,29,27,61,88,68
2022,2,A,골목상권,2110427,노원 을지대학교병원,363,281,82,0,27,27,62,126,121,0,12,14,31,109,115,0,15,13,31,17,6
2022,2,A,골목상권,2110426,상계2동주민센터,337,169,168,0,32,57,83,96,69,0,15,30,39,45,40,0,17,27,44,51,29
2022,2,A,골목상권,2110425,계상초등학교,130,54,76,2,18,10,35,38,27,2,5,5,18,14,10,0,13,5,17,24,17
2022,2,A,골목상권,2110424,상계초등학교,388,157,231,2,42,50,96,106,92,2,18,32,32,42,31,0,24,18,64,64,61
2022,2,A,골목상권,2110423,석계역 2번,280,104,176,0,27,29,65,73,86,0,9,15,31,29,20,0,18,14,34,44,66
2022,2,A,골목상권,2110422,노원역 9번,277,221,56,0,27,70,94,54,32,0,24,59,79,37,22,0,3,11,15,17,10
2022,2,A,골목상권,2110421,석계역 1번,249,109,140,0,22,37,78,65,47,0,8,16,31,26,28,0,14,21,47,39,19
2022,2,A,골목상권,2110420,광운대역 1번,814,483,331,7,235,312,188,43,29,0,114,236,92,23,18,7,121,76,96,20,11
2022,2,A,골목상권,2110419,수락산디자인거리,789,536,253,5,96,138,186,200,164,5,51,79,130,146,125,0,45,59,56,54,39
2022,2,A,골목상권,2110418,광운대학교 남단,100,45,55,0,11,17,23,26,23,0,5,5,13,16,6,0,6,12,10,10,17
2022,2,A,골목상권,2110417,월계역 3번,26,14,12,0,11,9,2,4,0,0,4,6,2,2,0,0,7,3,0,2,0
2022,2,A,골목상권,2110416,노원초등학교,468,244,224,4,61,110,118,126,49,2,24,73,58,58,29,2,37,37,60,68,20
2022,2,A,골목상권,2110415,수락산역 4번,635,386,249,5,82,110,155,174,109,5,46,71,85,110,69,0,36,39,70,64,40
2022,2,A,골목상권,2110414,장석교회,61,47,14,0,5,13,15,20,8,0,3,11,11,17,5,0,2,2,4,3,3
2022,2,A,골목상권,2110413,누원고등학교,54,33,21,0,8,11,12,11,12,0,5,8,5,5,10,0,3,3,7,6,2
2022,2,A,골목상권,2110412,창동중학교,25,23,2,0,4,7,3,4,7,0,3,7,3,3,7,0,1,0,0,1,0
2022,2,A,골목상권,2110411,도봉역 3번,413,368,45,1,13,35,58,137,169,0,10,22,45,130,161,1,3,13,13,7,8
2022,2,A,골목상권,2110410,방학역 2번,957,833,124,3,75,187,185,224,283,2,61,162,154,194,260,1,14,25,31,30,23
2022,2,A,골목상권,2110409,창동역 2번,3957,2958,999,1,352,962,964,701,977,0,256,794,803,441,664,1,96,168,161,260,313
2022,2,A,골목상권,2110408,가인초등학교,359,108,251,0,68,70,101,86,34,0,13,24,33,22,16,0,55,46,68,64,18
2022,2,A,골목상권,2110407,도봉역 2번,562,338,224,1,32,77,115,203,134,1,8,41,57,126,105,0,24,36,58,77,29
2022,2,A,골목상권,2110406,도봉산역 1번,659,595,64,0,13,37,147,294,168,0,6,25,133,278,153,0,7,12,14,16,15
2022,2,A,골목상권,2110405,방학역 1번,1123,365,758,3,130,176,308,427,79,3,67,109,82,70,34,0,63,67,226,357,45
2022,2,A,골목상권,2110404,신창초등학교,520,300,220,1,42,96,163,136,82,0,11,57,109,76,47,1,31,39,54,60,35
2022,2,A,골목상권,2110403,방학1동주민센터,316,167,149,1,44,56,63,78,74,1,30,37,36,36,27,0,14,19,27,42,47
2022,2,A,골목상권,2110402,도봉구 정병원,471,221,250,1,85,98,98,106,83,0,24,38,54,59,46,1,61,60,44,47,37
2022,2,A,골목상권,2110401,도봉구민회관,243,65,178,0,29,32,38,87,57,0,4,14,14,22,11,0,25,18,24,65,46
2022,2,A,골목상권,2110400,도봉구보건소,191,111,80,0,20,35,53,51,32,0,9,22,32,26,22,0,11,13,21,25,10
2022,2,A,골목상권,2110399,창2동주민센터,852,519,333,8,114,210,262,189,69,8,71,159,139,94,48,0,43,51,123,95,21
2022,2,A,골목상권,2110398,쌍문2동우체국,474,326,148,0,30,65,96,153,130,0,11,27,50,124,114,0,19,38,46,29,16
2022,2,A,골목상권,2110397,도봉산입구,469,257,212,0,31,56,101,131,150,0,6,34,39,73,105,0,25,22,62,58,45
2022,2,A,골목상권,2110396,쌍문역1번(쌍리단길),259,94,165,2,41,49,52,76,39,0,13,15,22,29,15,2,28,34,30,47,24
2022,2,A,골목상권,2110395,신한은행 방학동지점,163,42,121,0,17,20,44,42,40,0,0,2,11,9,20,0,17,18,33,33,20
2022,2,A,골목상권,2110394,방학중학교,193,116,77,0,15,32,46,48,52,0,8,18,23,29,38,0,7,14,23,19,14
2022,2,A,골목상권,2110393,국민은행방학지점,49,13,36,0,2,10,17,15,5,0,0,0,4,6,3,0,2,10,13,9,2
2022,2,A,골목상권,2110392,발바닥공원,43,17,26,0,2,8,7,10,16,0,0,0,3,3,11,0,2,8,4,7,5
2022,2,A,골목상권,2110391,샘말어린이공원,373,154,219,0,29,54,74,53,163,0,14,28,40,26,46,0,15,26,34,27,117
2022,2,A,골목상권,2110390,방학초등학교,225,105,120,0,18,60,66,58,23,0,7,33,27,27,11,0,11,27,39,31,12
2022,2,A,골목상권,2110389,한일병원,209,120,89,0,23,37,57,53,39,0,10,19,35,30,26,0,13,18,22,23,13
2022,2,A,골목상권,2110388,도봉우체국,35,23,12,0,4,3,10,14,4,0,2,2,7,8,4,0,2,1,3,6,0
2022,2,A,골목상권,2110387,쌍문초등학교,335,185,150,0,38,53,98,88,58,0,13,29,51,47,45,0,25,24,47,41,13
2022,2,A,골목상권,2110386,연산군묘,124,114,10,0,4,3,10,44,63,0,1,3,7,40,63,0,3,0,3,4,0
2022,2,A,골목상권,2110385,효문고등학교,37,22,15,0,3,9,12,4,9,0,2,5,3,4,8,0,1,4,9,0,1
2022,2,A,골목상권,2110384,문이교,248,138,110,0,37,20,50,81,60,0,12,8,21,51,46,0,25,12,29,30,14
2022,2,A,골목상권,2110383,덕성여대시반거리,33,21,12,0,0,3,13,10,7,0,0,2,9,5,5,0,0,1,4,5,2
2022,2,A,골목상권,2110382,솔밭공원역 1번,32,25,7,0,1,9,8,7,7,0,0,5,6,7,7,0,1,4,2,0,0
2022,2,A,골목상권,2110381,번동주공2단지,171,88,83,5,31,28,38,55,14,4,11,14,21,30,8,1,20,14,17,25,6
2022,2,A,골목상권,2110380,강북문화정보도서관,48,15,33,0,12,10,12,10,4,0,0,3,5,4,3,0,12,7,7,6,1
2022,2,A,골목상권,2110379,KT&G 북부지사,12,3,9,1,1,1,3,3,3,0,0,0,1,1,1,1,1,1,2,2,2
2022,2,A,골목상권,2110378,송중동주민센터,23,13,10,0,1,4,6,9,3,0,1,2,2,6,2,0,0,2,4,3,1
2022,2,A,골목상권,2110377,미아사거리역 3번,21,14,7,0,2,2,2,9,6,0,2,2,1,4,5,0,0,0,1,5,1
2022,2,A,골목상권,2110376,수송초등학교,224,142,82,0,26,47,62,60,29,0,12,29,38,41,22,0,14,18,24,19,7
2022,2,A,골목상권,2110375,서울북부고용노동지청,178,99,79,1,23,32,47,52,23,0,18,26,25,19,11,1,5,6,22,33,12
2022,2,A,골목상권,2110374,송중초등학교,491,272,219,5,33,60,145,140,108,5,9,29,73,70,86,0,24,31,72,70,22
2022,2,A,골목상권,2110373,수유역 2번,891,705,186,0,129,255,172,236,99,0,90,208,134,205,68,0,39,47,38,31,31
2022,2,A,골목상권,2110372,강북중학교,188,100,88,0,21,43,50,48,26,0,17,25,18,20,20,0,4,18,32,28,6
2022,2,A,골목상권,2110371,삼양입구사거리,49,23,26,0,2,7,10,19,11,0,0,3,5,10,5,0,2,4,5,9,6
2022,2,A,골목상권,2110370,도봉세무서,367,255,112,0,17,61,76,105,108,0,11,31,42,80,91,0,6,30,34,25,17
2022,2,A,골목상권,2110369,성신여대운정그린캠퍼스,518,214,304,1,49,46,131,131,160,1,10,16,44,53,90,0,39,30,87,78,70
2022,2,A,골목상권,2110368,송천초등학교,196,176,20,0,9,16,36,71,64,0,5,11,32,66,62,0,4,5,4,5,2
2022,2,A,골목상권,2110367,강북구청,1943,976,967,5,195,512,483,522,226,4,64,205,237,340,126,1,131,307,246,182,100
2022,2,A,골목상권,2110366,광산사거리,91,64,27,0,17,20,17,22,15,0,13,13,11,16,11,0,4,7,6,6,4
2022,2,A,골목상권,2110365,미아역 5번,341,83,258,0,17,21,44,63,196,0,5,12,15,17,34,0,12,9,29,46,162
2022,2,A,골목상권,2110364,미아역 8번,146,75,71,0,9,26,51,39,21,0,3,9,25,23,15,0,6,17,26,16,6
2022,2,A,골목상권,2110363,송천동주민센터,19,12,7,0,0,4,3,7,5,0,0,3,1,4,4,0,0,1,2,3,1
2022,2,A,골목상권,2110362,우이천 계성교,205,110,95,1,24,34,61,63,22,0,11,19,28,35,17,1,13,15,33,28,5
2022,2,A,골목상권,2110361,삼양사거리역 1번,101,29,72,0,9,12,19,28,33,0,2,4,3,7,13,0,7,8,16,21,20
2022,2,A,골목상권,2110360,수유초등학교,321,222,99,0,34,61,63,67,96,0,7,43,42,44,86,0,27,18,21,23,10
2022,2,A,골목상권,2110359,수유시장옆,117,67,50,0,12,25,33,36,11,0,3,12,16,29,7,0,9,13,17,7,4
2022,2,A,골목상권,2110358,인수동 우편취급국,558,300,258,0,18,35,68,214,223,0,2,18,24,94,162,0,16,17,44,120,61
2022,2,A,골목상권,2110357,가오리역 1번,725,611,114,0,25,36,171,340,153,0,4,18,146,310,133,0,21,18,25,30,20
2022,2,A,골목상권,2110356,덕수교,228,114,114,0,13,34,55,60,66,0,4,17,22,30,41,0,9,17,33,30,25
2022,2,A,골목상권,2110355,삼양사거리역 2번,306,254,52,0,8,26,44,103,125,0,1,10,31,94,118,0,7,16,13,9,7
2022,2,A,골목상권,2110354,삼각산119안전센터,22,5,17,0,2,3,10,5,2,0,0,0,2,1,2,0,2,3,8,4,0
2022,2,A,골목상권,2110353,수유동우체국,187,91,96,0,4,18,48,60,57,0,1,12,33,27,18,0,3,6,15,33,39
2022,2,A,골목상권,2110352,수유1동주민센터,305,121,184,0,28,55,103,86,33,0,11,24,37,32,17,0,17,31,66,54,16
2022,2,A,골목상권,2110351,수유북부시장옆,214,93,121,0,27,45,51,59,32,0,9,17,20,25,22,0,18,28,31,34,10
2022,2,A,골목상권,2110350,가오리역 2번,148,77,71,0,11,27,37,49,24,0,5,11,18,26,17,0,6,16,19,23,7
2022,2,A,골목상권,2110349,화계역 2번,83,67,16,0,6,4,21,33,19,0,5,3,12,28,19,0,1,1,9,5,0
2022,2,A,골목상권,2110348,강북문화예술회관,343,174,169,0,27,59,108,96,53,0,4,31,63,43,33,0,23,28,45,53,20
2022,2,A,골목상권,2110347,구세군강북종합사회복지관,38,17,21,0,10,7,5,9,7,0,1,5,1,5,5,0,9,2,4,4,2
2022,2,A,골목상권,2110346,4.19민주묘지역 2번,96,48,48,0,12,13,19,19,33,0,3,7,8,7,23,0,9,6,11,12,10
2022,2,A,골목상권,2110345,솔밭공원역 2번,117,48,69,1,14,20,26,38,18,0,3,6,8,18,13,1,11,14,18,20,5
2022,2,A,골목상권,2110344,화계중학교,12,10,2,0,7,1,1,2,1,0,5,1,1,2,1,0,2,0,0,0,0
2022,2,A,골목상권,2110343,무너미어린이공원,100,74,26,0,7,21,28,32,12,0,4,14,22,25,9,0,3,7,6,7,3
2022,2,A,골목상권,2110342,국립재활원,59,44,15,0,5,11,20,15,8,0,3,8,14,13,6,0,2,3,6,2,2
2022,2,A,골목상권,2110341,북한산우이역 2번,492,408,84,0,15,25,80,255,117,0,4,10,52,235,107,0,11,15,28,20,10
2022,2,A,골목상권,2110340,인수중학교,176,99,77,0,24,55,50,29,18,0,8,43,31,7,10,0,16,12,19,22,8
2022,2,A,골목상권,2110339,국립4.19민주묘지,26,10,16,0,2,4,8,7,5,0,0,3,5,0,2,0,2,1,3,7,3
2022,2,A,골목상권,2110338,인수초등학교,190,135,55,0,34,59,43,46,8,0,18,42,33,35,7,0,16,17,10,11,1
2022,2,A,골목상권,2110337,아카데미하우스,512,368,144,6,70,69,94,159,114,6,43,58,60,98,103,0,27,11,34,61,11
2022,2,A,골목상권,2110336,석관고등학교,94,84,10,0,3,17,16,37,21,0,3,15,13,34,19,0,0,2,3,3,2
2022,2,A,골목상권,2110335,석계역 7번,249,172,77,1,19,32,66,64,67,0,13,18,34,45,62,1,6,14,32,19,5
2022,2,A,골목상권,2110334,석관중앙교회,170,105,65,0,21,43,31,41,34,0,8,19,19,29,30,0,13,24,12,12,4
2022,2,A,골목상권,2110333,돌곶이역 5번,988,746,242,0,15,23,38,74,838,0,2,13,20,42,669,0,13,10,18,32,169
2022,2,A,골목상권,2110332,돌곶이역 3번,164,63,101,0,28,29,42,47,18,0,6,18,19,14,6,0,22,11,23,33,12
2022,2,A,골목상권,2110331,돌곶이역 8번,436,292,144,3,54,146,112,76,45,0,17,105,82,53,35,3,37,41,30,23,10
2022,2,A,골목상권,2110330,돌곶이역 1번,220,172,48,0,12,18,33,31,126,0,4,12,20,23,113,0,8,6,13,8,13
2022,2,A,골목상권,2110329,우리은행체육관,53,27,26,1,7,9,12,17,7,1,0,5,5,10,6,0,7,4,7,7,1
2022,2,A,골목상권,2110328,상월곡역 3번,250,157,93,1,41,81,66,39,22,1,26,58,33,24,15,0,15,23,33,15,7
2022,2,A,골목상권,2110327,상월곡역 2번,104,55,49,0,8,15,39,26,16,0,3,6,23,14,9,0,5,9,16,12,7
2022,2,A,골목상권,2110326,장위동성당,84,40,44,0,2,9,16,13,44,0,1,2,6,5,26,0,1,7,10,8,18
2022,2,A,골목상권,2110325,장곡초등학교,62,22,40,0,0,14,22,20,6,0,0,3,8,7,4,0,0,11,14,13,2
2022,2,A,골목상권,2110324,월곡역 4번,99,55,44,0,31,21,19,18,10,0,9,10,13,14,9,0,22,11,6,4,1
2022,2,A,골목상권,2110323,상월곡역 1번,109,30,79,2,25,24,28,18,12,0,4,5,11,5,5,2,21,19,17,13,7
2022,2,A,골목상권,2110322,장위1동주민센터,237,158,79,0,14,15,42,74,92,0,9,11,30,52,56,0,5,4,12,22,36
2022,2,A,골목상권,2110321,동덕여대,43,29,14,0,2,6,17,12,6,0,2,6,9,7,5,0,0,0,8,5,1
2022,2,A,골목상권,2110320,KB국민은행 종암동지점,72,44,28,0,2,11,24,21,14,0,1,5,12,14,12,0,1,6,12,7,2
2022,2,A,골목상권,2110319,종암동주민센터,277,111,166,1,45,49,65,62,55,0,8,19,24,32,28,1,37,30,41,30,27
2022,2,A,골목상권,2110318,KT월곡지사,148,78,70,0,21,29,45,36,17,0,10,19,22,14,13,0,11,10,23,22,4
2022,2,A,골목상권,2110317,종암중학교,412,207,205,0,33,120,153,86,20,0,14,47,78,59,9,0,19,73,75,27,11
2022,2,A,골목상권,2110316,숭곡초등학교,439,217,222,2,68,114,129,88,38,2,19,58,73,42,23,0,49,56,56,46,15
2022,2,A,골목상권,2110315,종암아이파크2차,124,78,46,0,11,17,41,38,17,0,4,9,27,25,13,0,7,8,14,13,4
2022,2,A,골목상권,2110314,종암경찰서,953,701,252,1,127,272,224,287,42,0,72,207,163,231,28,1,55,65,61,56,14
2022,2,A,골목상권,2110313,안암역 3번,2079,1351,728,2,209,555,672,477,164,0,96,312,446,356,141,2,113,243,226,121,23
2022,2,A,골목상권,2110312,안암역 2번,175,96,79,0,18,24,52,54,27,0,9,17,27,27,16,0,9,7,25,27,11
2022,2,A,골목상권,2110311,종암아이파크2차후문,49,21,28,0,3,5,24,7,10,0,2,2,6,4,7,0,1,3,18,3,3
2022,2,A,골목상권,2110310,길음역 10번,45,14,31,0,12,8,5,15,5,0,4,1,2,4,3,0,8,7,3,11,2
2022,2,A,골목상권,2110309,대광초등학교,354,252,102,0,37,57,103,96,61,0,18,39,69,75,51,0,19,18,34,21,10
2022,2,A,골목상권,2110308,길음역 8번,174,85,89,0,17,36,56,41,24,0,8,17,26,20,14,0,9,19,30,21,10
2022,2,A,골목상권,2110307,길음역 7번,158,71,87,0,29,32,52,27,18,0,7,17,23,12,12,0,22,15,29,15,6
2022,2,A,골목상권,2110306,미아초등학교,291,194,97,2,13,46,66,71,93,0,3,25,39,45,82,2,10,21,27,26,11
2022,2,A,골목상권,2110305,보문역 5번,883,661,222,3,165,255,173,133,154,1,99,199,129,103,130,2,66,56,44,30,24
2022,2,A,골목상권,2110304,보문역 4번,248,146,102,0,40,77,61,48,22,0,10,46,35,37,18,0,30,31,26,11,4
2022,2,A,골목상권,2110303,성신여대입구역 1번,138,97,41,1,7,35,44,27,24,0,2,22,28,25,20,1,5,13,16,2,4
2022,2,A,골목상권,2110302,보문역 8번,3818,3195,623,1,369,1436,715,829,468,1,257,1276,659,708,294,0,112,160,56,121,174
2022,2,A,골목상권,2110301,성신여대입구역 7번,484,209,275,1,73,84,96,134,96,0,31,37,39,62,40,1,42,47,57,72,56
2022,2,A,골목상권,2110300,삼선동주민센터,2735,1587,1148,3,248,710,769,844,161,2,97,300,444,629,115,1,151,410,325,215,46
2022,2,A,골목상권,2110299,정릉역 1번,372,241,131,1,33,49,83,95,111,0,9,12,40,74,106,1,24,37,43,21,5
2022,2,A,골목상권,2110298,솔숲어린이공원,77,28,49,0,18,11,24,12,12,0,3,5,7,5,8,0,15,6,17,7,4
2022,2,A,골목상권,2110297,경동고등학교,654,311,343,0,74,123,156,164,137,0,31,65,74,79,62,0,43,58,82,85,75
2022,2,A,골목상권,2110296,성신여대입구역 4번,77,39,38,1,7,12,30,11,16,1,3,7,15,8,5,0,4,5,15,3,11
2022,2,A,골목상권,2110295,정릉우체국,679,248,431,0,166,178,163,119,53,0,36,67,49,52,44,0,130,111,114,67,9
2022,2,A,골목상권,2110294,서경대학교,391,262,129,0,35,30,93,120,113,0,18,14,46,87,97,0,17,16,47,33,16
2022,2,A,골목상권,2110293,삼선중학교,1730,860,870,4,248,467,527,319,165,3,116,277,268,111,85,1,132,190,259,208,80
2022,2,A,골목상권,2110292,정릉역 2번,43,17,26,0,2,7,21,7,6,0,1,5,6,3,2,0,1,2,15,4,4
2022,2,A,골목상권,2110291,한성대입구역 3번,345,174,171,2,27,49,96,92,79,0,14,24,50,52,34,2,13,25,46,40,45
2022,2,A,골목상권,2110290,북한산보국문역 1번,96,78,18,0,2,9,29,37,19,0,1,8,23,30,16,0,1,1,6,7,3
2022,2,A,골목상권,2110289,북한산보국문역 2번,144,105,39,0,9,28,49,32,26,0,6,23,30,24,22,0,3,5,19,8,4
2022,2,A,골목상권,2110288,동구여중,216,139,77,1,19,49,52,55,40,0,9,22,35,40,33,1,10,27,17,15,7
2022,2,A,골목상권,2110287,정릉3동주민센터,70,50,20,0,9,12,18,19,12,0,5,8,15,12,10,0,4,4,3,7,2
2022,2,A,골목상권,2110286,한성대입구역 5번,978,468,510,17,187,284,317,122,51,8,70,126,143,83,38,9,117,158,174,39,13
2022,2,A,골목상권,2110285,홍대부중,814,559,255,9,219,220,210,100,56,6,118,172,163,69,31,3,101,48,47,31,25
2022,2,A,골목상권,2110284,정릉북한산국립공원입구,644,558,86,0,13,85,200,250,96,0,8,69,176,220,85,0,5,16,24,30,11
2022,2,A,골목상권,2110283,성북초등학교앞,203,78,125,0,16,33,56,80,18,0,8,10,23,27,10,0,8,23,33,53,8
2022,2,A,골목상권,2110282,국민대학교앞,1403,1162,241,15,213,430,341,239,165,14,151,387,296,212,102,1,62,43,45,27,63
2022,2,A,골목상권,2110281,길상사,13811,12087,1724,12,1418,3093,4057,4963,268,1,960,2426,3678,4822,200,11,458,667,379,141,68
2022,2,A,골목상권,2110280,북정마을,78,40,38,0,6,12,25,24,11,0,2,4,11,15,8,0,4,8,14,9,3
2022,2,A,골목상권,2110279,신내역 2번,9,8,1,0,0,1,4,4,0,0,0,1,3,4,0,0,0,0,1,0,0
2022,2,A,골목상권,2110278,망우본동주민센터,279,168,111,1,32,46,78,83,39,0,10,25,44,57,32,1,22,21,34,26,7
2022,2,A,골목상권,2110277,러스크서울병원,178,100,78,0,16,32,39,52,39,0,6,15,23,29,27,0,10,17,16,23,12
2022,2,A,골목상권,2110276,신내IC북측,39,25,14,0,1,6,11,12,9,0,0,5,6,9,5,0,1,1,5,3,4
2022,2,A,골목상권,2110275,하나은행 망우동지점,63,33,30,0,4,9,19,16,15,0,3,6,9,5,10,0,1,3,10,11,5
2022,2,A,골목상권,2110274,서일대학교,552,385,167,0,49,66,143,153,141,0,10,43,97,121,114,0,39,23,46,32,27
2022,2,A,골목상권,2110273,장스여성병원,610,446,164,7,31,37,75,209,251,0,4,8,37,168,229,7,27,29,38,41,22
2022,2,A,골목상권,2110272,신내1동주민센터,471,318,153,0,45,69,93,149,115,0,15,35,60,103,105,0,30,34,33,46,10
2022,2,A,골목상권,2110271,신내역 1번,97,74,23,0,8,17,25,29,18,0,5,14,18,23,14,0,3,3,7,6,4
2022,2,A,골목상권,2110270,혜원여고,168,148,20,0,4,5,7,70,82,0,4,3,6,59,76,0,0,2,1,11,6
2022,2,A,골목상권,2110269,용마문화복지센터,169,98,71,0,19,53,52,28,17,0,13,32,30,19,4,0,6,21,22,9,13
2022,2,A,골목상권,2110268,망우3동주민센터,60,30,30,0,10,13,10,18,9,0,1,5,7,10,7,0,9,8,3,8,2
2022,2,A,골목상권,2110267,망우역 2번,139,49,90,1,15,28,50,28,17,1,2,10,19,13,4,0,13,18,31,15,13
2022,2,A,골목상권,2110266,면목동우체국,225,182,43,0,10,31,38,79,67,0,1,19,30,69,63,0,9,12,8,10,4
2022,2,A,골목상권,2110265,망우역 1번,198,91,107,1,23,43,54,57,20,0,7,18,21,32,13,1,16,25,33,25,7
2022,2,A,골목상권,2110264,면목역 2번,358,170,188,1,52,75,93,80,57,0,21,40,40,37,32,1,31,35,53,43,25
2022,2,A,골목상권,2110263,면목역 1번,128,69,59,0,12,27,34,24,31,0,6,12,11,14,26,0,6,15,23,10,5
2022,2,A,골목상권,2110262,상봉역 3번,1532,879,653,2,221,447,543,268,51,0,119,337,282,107,34,2,102,110,261,161,17
2022,2,A,골목상권,2110261,사가정역 4번,167,90,77,1,16,29,49,50,22,1,8,15,25,26,15,0,8,14,24,24,7
2022,2,A,골목상권,2110260,면목역 3번,126,74,52,0,24,21,24,29,28,0,14,8,12,20,20,0,10,13,12,9,8
2022,2,A,골목상권,2110259,사가정역 1번,543,425,118,2,48,108,172,159,54,2,29,73,131,140,50,0,19,35,41,19,4
2022,2,A,골목상권,2110258,면동초등학교,260,99,161,0,32,49,79,66,34,0,1,20,28,34,16,0,31,29,51,32,18
2022,2,A,골목상권,2110257,상봉역 7번,397,330,67,0,17,18,50,133,179,0,6,11,34,118,161,0,11,7,16,15,18
2022,2,A,골목상권,2110256,면목2동체육관,477,321,156,2,56,66,82,140,131,1,21,35,45,109,110,1,35,31,37,31,21
2022,2,A,골목상권,2110255,상봉역 4번,327,208,119,0,39,52,78,92,66,0,20,24,46,62,56,0,19,28,32,30,10
2022,2,A,골목상권,2110254,오거리공원,257,89,168,1,19,75,79,51,32,0,6,15,35,21,12,1,13,60,44,30,20
2022,2,A,골목상권,2110253,중곡초등학교,181,106,75,0,31,31,44,49,26,0,10,17,23,35,21,0,21,14,21,14,5
2022,2,A,골목상권,2110252,장안제일시장,712,505,207,1,64,101,159,195,192,1,42,73,87,131,171,0,22,28,72,64,21
2022,2,A,골목상권,2110251,장안중학교,147,104,43,0,8,34,46,39,20,0,3,23,34,27,17,0,5,11,12,12,3
2022,2,A,골목상권,2110250,화랑대역 7번,111,69,42,0,7,20,32,34,18,0,5,12,15,23,14,0,2,8,17,11,4
2022,2,A,골목상권,2110249,중화역 1번,783,496,287,0,71,131,213,207,161,0,34,62,112,143,145,0,37,69,101,64,16
2022,2,A,골목상권,2110248,먹골파출소,85,47,38,1,19,23,20,12,10,0,7,14,12,4,10,1,12,9,8,8,0
2022,2,A,골목상권,2110247,먹골역 1번,377,175,202,0,53,79,123,78,44,0,21,30,55,38,31,0,32,49,68,40,13
2022,2,A,골목상권,2110246,월드순복음교회,431,312,119,0,27,97,158,95,54,0,12,69,122,65,44,0,15,28,36,30,10
2022,2,A,골목상권,2110245,KB국민은행 중화동지점,108,69,39,0,5,18,41,27,17,0,4,10,24,17,14,0,1,8,17,10,3
2022,2,A,골목상권,2110244,중화역 4번,250,175,75,1,8,26,49,44,122,1,4,11,32,30,97,0,4,15,17,14,25
2022,2,A,골목상권,2110243,중랑노인종합복지관,317,126,191,1,32,51,76,111,46,0,7,22,39,36,22,1,25,29,37,75,24
2022,2,A,골목상권,2110242,면목5동주민센터,164,112,52,0,21,28,56,30,29,0,12,23,31,22,24,0,9,5,25,8,5
2022,2,A,골목상권,2110241,먹골역 5번,415,213,202,0,61,87,97,117,53,0,17,49,46,63,38,0,44,38,51,54,15
2022,2,A,골목상권,2110240,태릉시장 특화거리,97,39,58,2,20,13,28,16,18,1,3,8,7,8,12,1,17,5,21,8,6
2022,2,A,골목상권,2110238,배꽃어린이공원,66,48,18,0,6,7,15,23,15,0,4,5,9,15,15,0,2,2,6,8,0
2022,2,A,골목상권,2110237,메가박스 상봉,274,152,122,0,30,67,97,54,26,0,13,37,48,36,18,0,17,30,49,18,8
2022,2,A,골목상권,2110236,신묵초등학교,1015,836,179,0,185,302,228,255,45,0,135,246,194,228,33,0,50,56,34,27,12
2022,2,A,골목상권,2110235,세화어린이공원,17,12,5,0,6,3,1,5,2,0,5,1,1,3,2,0,1,2,0,2,0
2022,2,A,골목상권,2110234,중랑역 4번,96,41,55,0,15,16,23,25,17,0,2,5,10,14,10,0,13,11,13,11,7
2022,2,A,골목상권,2110233,중랑역 1번,142,46,96,1,23,27,50,35,6,1,6,7,16,11,5,0,17,20,34,24,1
2022,2,A,골목상권,2110232,동대부고,579,413,166,0,41,71,119,175,173,0,14,38,80,134,147,0,27,33,39,41,26
2022,2,A,골목상권,2110231,장안교,11,8,3,0,0,1,4,5,1,0,0,1,3,4,0,0,0,0,1,1,1
2022,2,A,골목상권,2110230,장안현대홈타운1차아파트,161,101,60,0,15,32,52,45,17,0,6,22,33,28,12,0,9,10,19,17,5
2022,2,A,골목상권,2110229,장평중학교,1339,865,474,0,145,164,192,320,518,0,81,103,125,212,344,0,64,61,67,108,174
2022,2,A,골목상권,2110228,장안근린공원,1992,1184,808,40,1381,313,92,101,65,24,788,223,60,54,35,16,593,90,32,47,30
2022,2,A,골목상권,2110227,답십리공원,216,82,134,0,13,28,73,82,20,0,10,14,25,21,12,0,3,14,48,61,8
2022,2,A,골목상권,2110226,장안1동주민센터,1882,1005,877,2,147,247,333,512,641,2,87,148,213,253,302,0,60,99,120,259,339
2022,2,A,골목상권,2110225,촬영소사거리,330,204,126,0,22,36,68,83,121,0,9,25,42,55,73,0,13,11,26,28,48
2022,2,A,골목상권,2110224,외대앞역 2번,95,39,56,0,9,14,16,27,29,0,2,4,9,15,9,0,7,10,7,12,20
2022,2,A,골목상권,2110223,군자초등학교,94,56,38,0,13,17,26,24,14,0,4,10,17,15,10,0,9,7,9,9,4
2022,2,A,골목상권,2110222,회기역 2번,20,17,3,0,0,3,2,6,9,0,0,2,2,4,9,0,0,1,0,2,0
2022,2,A,골목상권,2110221,의릉,95,69,26,0,10,12,36,29,8,0,6,10,24,22,7,0,4,2,12,7,1
2022,2,A,골목상권,2110220,외대앞역 1번,190,109,81,0,28,36,54,46,26,0,7,17,33,34,18,0,21,19,21,12,8
2022,2,A,골목상권,2110219,삼육보건대학교,249,145,104,0,18,42,68,82,39,0,11,20,31,53,30,0,7,22,37,29,9
2022,2,A,골목상권,2110218,답십리사거리,158,83,75,0,14,25,45,60,14,0,5,12,22,33,11,0,9,13,23,27,3
2022,2,A,골목상권,2110217,자동차부품상가,503,388,115,1,33,105,143,123,98,1,24,88,115,83,77,0,9,17,28,40,21
2022,2,A,골목상권,2110216,전농중학교,208,68,140,1,32,48,62,50,15,1,11,14,18,18,6,0,21,34,44,32,9
2022,2,A,골목상권,2110215,회기역 1번,28,18,10,0,3,4,9,7,5,0,3,2,6,3,4,0,0,2,3,4,1
2022,2,A,골목상권,2110214,경희대후문,86,42,44,0,18,17,24,17,10,0,6,6,13,10,7,0,12,11,11,7,3
2022,2,A,골목상권,2110213,청량초등학교,124,81,43,0,19,57,17,15,16,0,7,41,13,7,13,0,12,16,4,8,3
2022,2,A,골목상권,2110212,답십리초등학교,204,144,60,0,26,37,42,67,32,0,18,26,27,50,23,0,8,11,15,17,9
2022,2,A,골목상권,2110211,전곡마을마당공원,626,445,181,1,66,101,170,194,94,0,45,73,129,143,55,1,21,28,41,51,39
2022,2,A,골목상권,2110210,서울시립대,341,253,88,1,9,19,24,34,254,1,4,12,10,21,205,0,5,7,14,13,49
2022,2,A,골목상권,2110209,답십리 장령당공원,81,51,30,0,3,11,28,19,20,0,1,5,16,15,14,0,2,6,12,4,6
2022,2,A,골목상권,2110208,시조사삼거리,75,56,19,0,2,14,7,17,35,0,1,7,2,11,35,0,1,7,5,6,0
2022,2,A,골목상권,2110207,시립대앞사거리,50,26,24,0,4,12,12,10,12,0,2,8,6,3,7,0,2,4,6,7,5
2022,2,A,골목상권,2110206,텃골근린공원,81,29,52,0,5,14,23,23,16,0,2,7,7,7,6,0,3,7,16,16,10
2022,2,A,골목상권,2110205,경희대삼거리,82,48,34,0,4,13,23,23,19,0,2,10,7,17,12,0,2,3,16,6,7
2022,2,A,골목상권,2110204,간데메공원,411,268,143,3,83,97,82,89,57,3,57,64,46,58,40,0,26,33,36,31,17
2022,2,A,골목상권,2110203,떡전교사거리,99,63,36,1,9,15,32,29,13,1,0,7,26,20,9,0,9,8,6,9,4
2022,2,A,골목상권,2110202,전농1동주민센터(전농시장),111,68,43,0,14,35,31,20,11,0,9,19,21,14,5,0,5,16,10,6,6
2022,2,A,골목상권,2110201,전농119안전센터,27,11,16,0,2,1,9,10,5,0,1,0,3,4,3,0,1,1,6,6,2
2022,2,A,골목상권,2110200,동대문경찰서,74,50,24,0,1,6,21,13,33,0,0,1,11,6,32,0,1,5,10,7,1
2022,2,A,골목상권,2110199,홍릉시장,65,41,24,0,11,15,18,14,7,0,8,8,10,9,6,0,3,7,8,5,1
2022,2,A,골목상권,2110198,동대문중앙새마을금고본점,67,26,41,0,1,0,18,37,11,0,0,0,8,10,8,0,1,0,10,27,3
2022,2,A,골목상권,2110197,세종대왕기념관교차로,67,46,21,0,8,19,26,9,5,0,4,15,19,7,1,0,4,4,7,2,4
2022,2,A,골목상권,2110196,홍릉근린공원,23,12,11,0,1,6,8,5,3,0,1,4,3,2,2,0,0,2,5,3,1
2022,2,A,골목상권,2110195,동대문구청,221,115,106,0,41,58,47,40,35,0,12,28,23,27,25,0,29,30,24,13,10
2022,2,A,골목상권,2110194,홍파초등학교,112,85,27,0,6,32,24,36,14,0,4,20,20,31,10,0,2,12,4,5,4
2022,2,A,골목상권,2110193,고려대역 4번,48,37,11,0,5,11,11,10,11,0,3,5,10,10,9,0,2,6,1,0,2
2022,2,A,골목상권,2110192,동의보감타워,70,45,25,0,7,10,25,16,12,0,2,6,17,10,10,0,5,4,8,6,2
2022,2,A,골목상권,2110191,고려대역 6번,48,41,7,0,1,12,14,9,12,0,1,10,11,8,11,0,0,2,3,1,1
2022,2,A,골목상권,2110190,고대앞사거리,195,92,103,0,22,34,34,45,60,0,4,18,22,19,29,0,18,16,12,26,31
2022,2,A,골목상권,2110189,제기동역 1번,1545,1089,456,1,233,490,343,170,308,0,98,349,286,137,219,1,135,141,57,33,89
2022,2,A,골목상권,2110188,용두동신동아아파트,807,607,200,8,104,178,229,191,97,2,68,150,181,132,74,6,36,28,48,59,23
2022,2,A,골목상권,2110187,제기동역 6번,3124,2222,902,15,559,867,746,552,385,7,387,605,531,394,298,8,172,262,215,158,87
2022,2,A,골목상권,2110186,종암초등학교,94,71,23,0,5,13,15,30,31,0,1,12,9,23,26,0,4,1,6,7,5
2022,2,A,골목상권,2110185,용두초등학교,122,77,45,0,13,22,31,32,24,0,5,13,18,22,19,0,8,9,13,10,5
2022,2,A,골목상권,2110184,용두사거리,423,215,208,0,81,138,75,77,52,0,39,51,34,51,40,0,42,87,41,26,12
2022,2,A,골목상권,2110183,한국의류시험연구원,833,441,392,3,237,305,147,75,66,1,87,160,79,58,56,2,150,145,68,17,10
2022,2,A,골목상권,2110182,용두희망어린이공원,370,249,121,0,38,71,108,87,66,0,20,47,67,64,51,0,18,24,41,23,15
2022,2,A,골목상권,2110181,신설동역 9번,1864,1212,652,12,209,232,286,440,685,12,150,162,188,282,418,0,59,70,98,158,267
2022,2,A,골목상권,2110180,광진정보도서관,5946,4025,1921,18,1620,2093,1180,672,363,5,885,1485,859,489,302,13,735,608,321,183,61
2022,2,A,골목상권,2110179,광나루역 1번,911,620,291,0,142,209,188,233,139,0,82,160,157,154,67,0,60,49,31,79,72
2022,2,A,골목상권,2110178,장로회신학대학교,194,123,71,0,25,44,42,56,27,0,15,34,21,38,15,0,10,10,21,18,12
2022,2,A,골목상권,2110177,동의초등학교,135,90,45,0,11,31,32,35,26,0,3,15,21,27,24,0,8,16,11,8,2
2022,2,A,골목상권,2110176,해오름공원,758,432,326,1,70,206,221,168,92,1,30,116,125,90,70,0,40,90,96,78,22
2022,2,A,골목상권,2110175,푸른동산공원,370,235,135,0,41,74,109,86,60,0,24,48,70,53,40,0,17,26,39,33,20
2022,2,A,골목상권,2110174,아차산역 1번,432,305,127,1,49,80,115,104,83,1,25,57,76,69,77,0,24,23,39,35,6
2022,2,A,골목상권,2110173,구남초등학교,195,106,89,0,34,50,46,44,21,0,16,28,21,25,16,0,18,22,25,19,5
2022,2,A,골목상권,2110172,광진초등학교,351,227,124,0,42,73,97,92,47,0,17,48,61,65,36,0,25,25,36,27,11
2022,2,A,골목상권,2110171,중곡4동주민센터,59,36,23,0,4,8,7,22,18,0,1,2,3,15,15,0,3,6,4,7,3
2022,2,A,골목상권,2110170,동대부여고,189,105,84,1,35,39,58,39,17,0,16,16,35,26,12,1,19,23,23,13,5
2022,2,A,골목상권,2110169,성동초등학교,221,112,109,1,25,30,68,59,38,0,12,12,32,32,24,1,13,18,36,27,14
2022,2,A,골목상권,2110168,대원고등학교,688,531,157,0,66,102,139,225,156,0,38,73,103,173,144,0,28,29,36,52,12
2022,2,A,골목상권,2110167,용마초등학교,376,220,156,2,22,56,99,109,88,0,9,20,52,62,77,2,13,36,47,47,11
2022,2,A,골목상권,2110166,구의1동주민센터,552,292,260,1,70,121,177,115,68,1,20,59,99,60,53,0,50,62,78,55,15
2022,2,A,골목상권,2110165,국립정신건강센터,287,204,83,0,19,46,81,77,64,0,9,33,51,61,50,0,10,13,30,16,14
2022,2,A,골목상권,2110164,아차산역 5번,731,494,237,3,111,126,143,164,184,0,61,77,101,112,143,3,50,49,42,52,41
2022,2,A,골목상권,2110163,성자초등학교,272,134,138,0,37,44,65,72,54,0,13,26,31,26,38,0,24,18,34,46,16
2022,2,A,골목상권,2110162,군자역 4번,613,365,248,0,127,162,131,110,83,0,98,118,75,42,32,0,29,44,56,68,51
2022,2,A,골목상권,2110161,중곡역 3번,236,135,101,3,11,33,58,65,66,0,2,16,37,40,40,3,9,17,21,25,26
2022,2,A,골목상권,2110160,광진경찰서,832,690,142,0,149,323,182,167,11,0,110,261,152,157,10,0,39,62,30,10,1
2022,2,A,골목상권,2110159,구의역 4번,663,391,272,1,125,115,158,132,132,1,58,62,85,87,98,0,67,53,73,45,34
2022,2,A,골목상권,2110158,중곡3동주민센터,715,518,197,1,113,210,184,138,69,0,73,168,123,104,50,1,40,42,61,34,19
2022,2,A,골목상권,2110157,자양동우체국,1097,891,206,10,352,279,244,141,71,7,300,237,180,106,61,3,52,42,64,35,10
2022,2,A,골목상권,2110156,군자역 5번,624,365,259,0,96,182,174,113,59,0,41,115,102,67,40,0,55,67,72,46,19
2022,2,A,골목상권,2110155,광진구청,8356,7701,655,0,240,853,2408,4046,809,0,172,765,2256,3748,760,0,68,88,152,298,49
2022,2,A,골목상권,2110154,광진정말공원,307,161,146,1,43,62,79,78,44,1,19,37,35,37,32,0,24,25,44,41,12
2022,2,A,골목상권,2110153,중곡1동주민센터,241,83,158,1,42,57,67,57,17,0,14,22,22,17,8,1,28,35,45,40,9
2022,2,A,골목상권,2110152,중곡어린이공원,338,300,38,0,17,29,64,119,109,0,10,21,55,109,105,0,7,8,9,10,4
2022,2,A,골목상권,2110151,자양한강도서관,249,175,74,4,35,52,63,66,29,3,24,37,49,41,21,1,11,15,14,25,8
2022,2,A,골목상권,2110150,중곡1동 마을마당,1179,698,481,1,197,352,252,217,160,1,83,194,161,132,127,0,114,158,91,85,33
2022,2,A,골목상권,2110149,세종대학교,122,72,50,0,15,21,31,23,32,0,8,13,19,7,25,0,7,8,12,16,7
2022,2,A,골목상권,2110148,어린이대공원역 3번,17,12,5,0,3,3,6,5,0,0,0,2,5,5,0,0,3,1,1,0,0
2022,2,A,골목상권,2110147,능동우편취급국,815,464,351,4,120,172,160,137,222,2,56,88,104,77,137,2,64,84,56,60,85
2022,2,A,골목상권,2110146,신자초등학교,735,531,204,0,50,79,208,276,122,0,25,44,156,209,97,0,25,35,52,67,25
2022,2,A,골목상권,2110145,장안초등학교,7,4,3,0,0,1,2,3,1,0,0,0,1,3,0,0,0,1,1,0,1
2022,2,A,골목상권,2110144,어린이대공원역 4번,47,23,24,0,5,4,13,16,9,0,1,1,7,8,6,0,4,3,6,8,3
2022,2,A,골목상권,2110143,뚝섬유원지역 1번,63,26,37,1,5,15,12,20,10,1,0,3,7,7,8,0,5,12,5,13,2
2022,2,A,골목상권,2110142,화양사거리,213,107,106,1,37,47,44,52,32,1,20,25,24,16,21,0,17,22,20,36,11
2022,2,A,골목상권,2110141,건대입구역 1번,213,138,75,1,23,49,67,48,25,1,11,27,51,32,16,0,12,22,16,16,9
2022,2,A,골목상권,2110140,건대입구역 6번,552,361,191,6,51,90,136,158,111,5,28,47,82,114,85,1,23,43,54,44,26
2022,2,A,골목상권,2110139,자양4동주민센터,204,116,88,0,13,28,53,51,59,0,3,14,32,25,42,0,10,14,21,26,17
2022,2,A,골목상권,2110138,송정체육공원,160,79,81,0,15,27,53,41,24,0,4,12,21,23,19,0,11,15,32,18,5
2022,2,A,골목상권,2110137,성수초등학교,6605,4295,2310,31,1016,1740,1836,1344,638,22,557,1152,1250,828,486,9,459,588,586,516,152
2022,2,A,골목상권,2110136,경수초등학교,4745,2743,2002,43,1169,1097,978,875,583,32,439,633,615,593,431,11,730,464,363,282,152
2022,2,A,골목상권,2110135,성동세무서,355,182,173,0,41,69,96,66,83,0,7,34,41,34,66,0,34,35,55,32,17
2022,2,A,골목상권,2110134,성수119안전센터,771,587,184,4,65,108,185,252,157,4,38,78,143,200,124,0,27,30,42,52,33
2022,2,A,골목상권,2110133,서울교통공사,122,93,29,0,19,25,33,21,24,0,12,18,29,17,17,0,7,7,4,4,7
2022,2,A,골목상권,2110132,성수2가3동주민센터,786,521,265,0,97,182,220,197,90,0,67,133,145,108,68,0,30,49,75,89,22
2022,2,A,골목상권,2110131,성수동카페거리,4798,3110,1688,15,902,1536,1123,699,523,9,460,993,777,497,374,6,442,543,346,202,149
2022,2,A,골목상권,2110130,답십리역 6번,105,89,16,0,20,24,38,15,8,0,17,20,35,10,7,0,3,4,3,5,1
2022,2,A,골목상권,2110129,성원어린이공원,664,421,243,1,65,126,138,185,149,0,35,74,91,111,110,1,30,52,47,74,39
2022,2,A,골목상권,2110128,성원중학교,1237,712,525,1,127,206,296,338,269,1,66,118,185,203,139,0,61,88,111,135,130
2022,2,A,골목상권,2110127,성수1가1동주민센터,290,157,133,0,31,55,56,100,48,0,11,40,31,47,28,0,20,15,25,53,20
2022,2,A,골목상권,2110126,서울숲역 1번,27,18,9,0,0,7,2,12,6,0,0,6,0,7,5,0,0,1,2,5,1
2022,2,A,골목상권,2110125,사근동살곶이상점가,135,83,52,2,25,39,35,21,13,2,13,21,24,13,10,0,12,18,11,8,3
2022,2,A,골목상권,2110124,뚝섬역교차로,1253,1006,247,7,170,155,222,312,387,6,94,111,169,268,358,1,76,44,53,44,29
2022,2,A,골목상권,2110123,마장역 3번,511,382,129,0,42,56,91,185,137,0,21,36,63,141,121,0,21,20,28,44,16
2022,2,A,골목상권,2110122,마장역 2번,464,271,193,1,60,88,117,113,85,1,32,59,68,61,50,0,28,29,49,52,35
2022,2,A,골목상권,2110121,한양대역 4번,45,30,15,0,3,10,8,11,13,0,2,5,5,7,11,0,1,5,3,4,2
2022,2,A,골목상권,2110120,서울숲카페거리,79,49,30,0,8,12,35,18,6,0,3,8,23,10,5,0,5,4,12,8,1
2022,2,A,골목상권,2110119,마장지하차도,127,89,38,0,17,26,32,26,26,0,12,22,19,18,18,0,5,4,13,8,8
2022,2,A,골목상권,2110118,왕십리역 9번,697,487,210,1,90,182,204,129,91,0,62,110,144,93,78,1,28,72,60,36,13
2022,2,A,골목상권,2110117,성동구보건소,103,73,30,1,14,27,19,33,9,1,10,20,11,25,6,0,4,7,8,8,3
2022,2,A,골목상권,2110116,청계천박물관,4884,3674,1210,30,342,780,1090,1772,870,26,217,571,881,1319,660,4,125,209,209,453,210
2022,2,A,골목상권,2110115,상왕십리역 3번,945,362,583,10,392,218,156,113,56,0,76,84,93,75,34,10,316,134,63,38,22
2022,2,A,골목상권,2110114,왕십리파출소,68,21,47,0,3,2,11,24,28,0,1,1,4,10,5,0,2,1,7,14,23
2022,2,A,골목상권,2110113,응봉산,77,43,34,0,14,15,14,16,18,0,4,11,7,6,15,0,10,4,7,10,3
2022,2,A,골목상권,2110112,행당역 2번,205,100,105,0,37,37,36,53,42,0,14,19,15,26,26,0,23,18,21,27,16
2022,2,A,골목상권,2110111,대현산장미원,51,40,11,0,6,7,6,17,15,0,6,4,4,13,13,0,0,3,2,4,2
2022,2,A,골목상권,2110110,상왕십리역 6번,93,55,38,1,12,22,24,18,16,1,7,12,13,10,12,0,5,10,11,8,4
2022,2,A,골목상권,2110109,금호삼성래미안아파트,92,39,53,0,7,10,12,42,21,0,2,6,3,15,13,0,5,4,9,27,8
2022,2,A,골목상권,2110108,성동구립금호도서관,6,1,5,0,0,1,4,1,0,0,0,0,0,1,0,0,0,1,4,0,0
2022,2,A,골목상권,2110107,금호사거리,37,30,7,0,4,8,4,11,10,0,3,5,4,9,9,0,1,3,0,2,1
2022,2,A,골목상권,2110105,금동어린이공원,43,20,23,0,1,9,12,12,9,0,0,3,3,8,6,0,1,6,9,4,3
2022,2,A,골목상권,2110104,신금호역 4번,275,189,86,0,27,47,51,66,84,0,11,28,34,46,70,0,16,19,17,20,14
2022,2,A,골목상권,2110103,옥수터널,13,11,2,1,0,2,2,6,2,0,0,2,2,5,2,1,0,0,0,1,0
2022,2,A,골목상권,2110102,옥수역 6번,3362,1140,2222,0,968,1050,724,422,198,0,202,328,319,197,94,0,766,722,405,225,104
2022,2,A,골목상권,2110101,옥정중학교,218,121,97,0,55,51,65,31,16,0,24,34,43,13,7,0,31,17,22,18,9
2022,2,A,골목상권,2110100,옥수동우편취급국,46,31,15,0,5,18,13,6,4,0,0,15,7,5,4,0,5,3,6,1,0
2022,2,A,골목상권,2110099,유엔빌리지길,12646,10311,2335,33,1746,2596,3298,4558,415,25,904,1899,2859,4264,360,8,842,697,439,294,55
2022,2,A,골목상권,2110098,서울독일학교,242,91,151,0,57,85,68,23,9,0,15,22,34,15,5,0,42,63,34,8,4
2022,2,A,골목상권,2110097,한남초등학교,3116,1920,1196,1,597,1644,757,90,27,0,278,975,575,71,21,1,319,669,182,19,6
2022,2,A,골목상권,2110096,한남힐사이드아파트,4186,2661,1525,5,1055,1176,900,902,148,3,457,705,613,757,126,2,598,471,287,145,22
2022,2,A,골목상권,2110095,한강진역 3번,1186,801,385,16,160,326,321,298,65,8,61,235,227,226,44,8,99,91,94,72,21
2022,2,A,골목상권,2110094,오산중학교,26,12,14,0,0,1,4,13,8,0,0,0,2,6,4,0,0,1,2,7,4
2022,2,A,골목상권,2110093,우사단길,2482,1548,934,2,325,1015,734,327,79,1,101,529,548,305,64,1,224,486,186,22,15
2022,2,A,골목상권,2110092,NH농협은행 보광동지점,514,208,306,0,94,123,111,107,79,0,14,58,40,45,51,0,80,65,71,62,28
2022,2,A,골목상권,2110091,리움미술관,1106,810,296,0,216,345,343,155,47,0,117,236,293,128,36,0,99,109,50,27,11
2022,2,A,골목상권,2110090,한국폴리텍대학서울정수캠퍼스,3968,2447,1521,1,446,1358,1632,500,31,1,173,548,1231,467,27,0,273,810,401,33,4
2022,2,A,골목상권,2110089,서빙고동주민센터,752,503,249,1,94,230,220,107,100,0,33,136,159,88,87,1,61,94,61,19,13
2022,2,A,골목상권,2110088,오산고등학교,1696,1140,556,16,439,504,454,203,80,7,263,350,312,150,58,9,176,154,142,53,22
2022,2,A,골목상권,2110087,이태원엔틱가구거리,463,213,250,0,185,174,58,31,15,0,54,89,43,17,10,0,131,85,15,14,5
2022,2,A,골목상권,2110086,이태원역 북측,9251,3612,5639,12,3187,3893,1655,431,73,3,733,1559,905,357,55,9,2454,2334,750,74,18
2022,2,A,골목상권,2110085,경리단길남측,532,260,272,4,98,163,148,67,52,2,40,59,78,41,40,2,58,104,70,26,12
2022,2,A,골목상권,2110084,경리단길북측,315,168,147,0,47,85,84,57,42,0,23,36,39,36,34,0,24,49,45,21,8
2022,2,A,골목상권,2110083,서빙고역 1번,149,109,40,0,26,53,42,14,14,0,13,42,29,12,13,0,13,11,13,2,1
2022,2,A,골목상권,2110082,용산구청,1571,779,792,2,165,447,417,439,101,2,45,147,200,302,83,0,120,300,217,137,18
2022,2,A,골목상권,2110081,해방촌 남동측,291,170,121,0,46,68,58,64,55,0,14,37,30,41,48,0,32,31,28,23,7
2022,2,A,골목상권,2110080,해방촌예술마을,277,160,117,0,44,58,84,54,37,0,16,38,52,30,24,0,28,20,32,24,13
2022,2,A,골목상권,2110079,후암동주민센터,1084,584,500,4,223,262,267,196,132,3,73,156,156,105,91,1,150,106,111,91,41
2022,2,A,골목상권,2110078,이촌동점보아파트,69,29,40,0,12,15,17,13,12,0,3,8,7,5,6,0,9,7,10,8,6
2022,2,A,골목상권,2110077,삼광초등학교,385,317,68,0,37,86,148,98,16,0,21,66,130,88,12,0,16,20,18,10,4
2022,2,A,골목상권,2110076,삼각지역 14번,537,175,362,0,46,143,158,153,37,0,11,49,61,45,9,0,35,94,97,108,28
2022,2,A,골목상권,2110075,숙대입구역 1번,1630,736,894,9,270,506,417,289,139,5,69,188,182,181,111,4,201,318,235,108,28
2022,2,A,골목상권,2110074,서울역 12번,8149,1751,6398,152,5985,1340,330,181,161,9,598,652,233,134,125,143,5387,688,97,47,36
2022,2,A,골목상권,2110073,삼각지역 3번,7916,2353,5563,56,2498,2872,1896,491,103,25,856,912,415,109,36,31,1642,1960,1481,382,67
2022,2,A,골목상권,2110072,열정도,374,244,130,6,108,96,78,51,35,0,51,71,62,37,23,6,57,25,16,14,12
2022,2,A,골목상권,2110071,한강미주맨션아파트,281,182,99,0,36,68,68,55,54,0,20,44,40,41,37,0,16,24,28,14,17
2022,2,A,골목상권,2110070,용산세무서,184,130,54,0,21,54,55,24,30,0,8,37,41,18,26,0,13,17,14,6,4
2022,2,A,골목상권,2110069,숙대입구,829,295,534,3,200,295,168,86,77,3,34,90,82,40,46,0,166,205,86,46,31
2022,2,A,골목상권,2110068,남영역 1번,1039,595,444,8,154,224,240,224,189,6,59,124,144,138,124,2,95,100,96,86,65
2022,2,A,골목상권,2110067,배문고등학교,1574,907,667,1,219,377,391,329,257,0,85,177,202,230,213,1,134,200,189,99,44
2022,2,A,골목상권,2110066,서울역 15번,748,467,281,6,152,227,156,125,82,3,81,151,104,66,62,3,71,76,52,59,20
2022,2,A,골목상권,2110065,남정초등학교,137,92,45,0,17,45,48,17,10,0,9,37,31,10,5,0,8,8,17,7,5
2022,2,A,골목상권,2110064,효창공원앞역 2번,925,527,398,2,126,275,263,160,99,1,49,160,162,88,67,1,77,115,101,72,32
2022,2,A,골목상권,2110063,효창공원앞역 5번,530,347,183,8,47,104,139,132,100,6,25,71,93,87,65,2,22,33,46,45,35
2022,2,A,골목상권,2110062,한강로동땡땡거리(은행나무길),5667,3458,2209,9,735,1660,1587,1162,514,6,299,844,1074,890,345,3,436,816,513,272,169
2022,2,A,골목상권,2110061,효창동주민센터,473,301,172,1,61,90,150,113,58,1,38,52,96,67,47,0,23,38,54,46,11
2022,2,A,골목상권,2110060,효창공원앞역 6번,291,174,117,0,28,62,84,73,44,0,10,34,52,47,31,0,18,28,32,26,13
2022,2,A,골목상권,2110059,새남터성지,385,307,78,0,38,71,113,138,25,0,21,48,99,124,15,0,17,23,14,14,10
2022,2,A,골목상권,2110058,성심여자고등학교,947,659,288,10,141,228,254,194,120,3,71,162,181,141,101,7,70,66,73,53,19
2022,2,A,골목상권,2110057,황학코아루아파트,57,39,18,0,8,11,16,9,13,0,4,5,14,7,9,0,4,6,2,2,4
2022,2,A,골목상권,2110056,신당역 3번,506,288,218,0,60,129,115,112,90,0,29,63,68,70,58,0,31,66,47,42,32
2022,2,A,골목상권,2110055,황학동벼룩시장,29,19,10,0,1,4,6,11,7,0,1,3,5,6,4,0,0,1,1,5,3
2022,2,A,골목상권,2110054,청구역 3번,1537,849,688,3,259,378,315,336,246,1,90,204,220,211,123,2,169,174,95,125,123
2022,2,A,골목상권,2110053,청구역 1번,281,166,115,0,52,69,69,54,37,0,23,45,43,27,28,0,29,24,26,27,9
2022,2,A,골목상권,2110052,장충초등학교,484,281,203,0,43,100,132,130,79,0,16,63,75,82,45,0,27,37,57,48,34
2022,2,A,골목상권,2110051,한양공고앞 교차로,111,82,29,0,17,23,33,26,12,0,12,16,24,20,10,0,5,7,9,6,2
2022,2,A,골목상권,2110050,약수역 7번,309,230,79,0,34,81,76,76,42,0,21,59,60,57,33,0,13,22,16,19,9
2022,2,A,골목상권,2110049,장충단 고개,2303,1240,1063,4,566,582,448,431,272,2,174,314,281,257,212,2,392,268,167,174,60
2022,2,A,골목상권,2110048,장충동주민센터,5312,2706,2606,21,867,1339,1511,1367,207,5,338,768,756,707,132,16,529,571,755,660,75
2022,2,A,골목상권,2110047,다산성곽길,160,89,71,0,36,43,36,27,18,0,23,29,21,7,9,0,13,14,15,20,9
2022,2,A,골목상권,2110046,버티고개,106,76,30,0,6,23,41,28,8,0,3,17,29,20,7,0,3,6,12,8,1
2022,2,A,골목상권,2110045,동대문역사문화공원역 5번,234,174,60,0,24,54,64,55,37,0,11,38,46,47,32,0,13,16,18,8,5
2022,2,A,골목상권,2110044,관성묘,405,300,105,0,50,135,145,51,24,0,24,90,125,44,17,0,26,45,20,7,7
2022,2,A,골목상권,2110043,충무초등학교,1202,670,532,12,212,307,331,223,117,7,97,155,169,152,90,5,115,152,162,71,27
2022,2,A,골목상권,2110042,남산골공원옆,994,621,373,3,121,221,287,251,111,0,43,127,198,179,74,3,78,94,89,72,37
2022,2,A,골목상권,2110041,남산케이블카,967,435,532,2,118,152,175,254,266,2,51,69,83,87,143,0,67,83,92,167,123
2022,2,A,골목상권,2110040,중구회현체육센터(정화예술대남산캠퍼스),165,78,87,0,33,30,40,37,25,0,14,15,17,13,19,0,19,15,23,24,6
2022,2,A,골목상권,2110039,회현역 1번,49,26,23,0,2,8,12,14,13,0,0,4,9,8,5,0,2,4,3,6,8
2022,2,A,골목상권,2110038,경향신문사,2636,1651,985,0,377,783,808,593,75,0,119,436,540,491,65,0,258,347,268,102,10
2022,2,A,골목상권,2110037,신설동역 12번,208,124,84,0,16,46,51,61,34,0,6,20,32,41,25,0,10,26,19,20,9
2022,2,A,골목상권,2110036,동묘앞역 3번,65,42,23,0,3,7,20,15,20,0,1,3,10,13,15,0,2,4,10,2,5
2022,2,A,골목상권,2110035,동묘앞역 2번,276,161,115,2,18,43,75,88,50,0,5,18,42,65,31,2,13,25,33,23,19
2022,2,A,골목상권,2110034,창신1동주민센터,41,35,6,0,2,1,14,13,11,0,2,1,10,11,11,0,0,0,4,2,0
2022,2,A,골목상권,2110033,창신역 4번,166,89,77,0,26,42,35,40,23,0,6,22,17,25,19,0,20,20,18,15,4
2022,2,A,골목상권,2110032,수족관거리,31,16,15,0,3,6,4,13,5,0,2,2,2,7,3,0,1,4,2,6,2
2022,2,A,골목상권,2110031,창신역 1번,44,31,13,0,7,14,5,11,7,0,4,8,4,8,7,0,3,6,1,3,0
2022,2,A,골목상권,2110030,동대문역 3번,10,5,5,0,2,2,2,3,1,0,0,2,1,1,1,0,2,0,1,2,0
2022,2,A,골목상권,2110029,동대문역 1번,235,61,174,0,11,31,57,79,57,0,1,7,19,20,14,0,10,24,38,59,43
2022,2,A,골목상권,2110028,이화달팽이길,704,279,425,1,177,179,137,123,87,0,56,60,56,65,42,1,121,119,81,58,45
2022,2,A,골목상권,2110027,혜화역 1번,617,366,251,1,73,116,131,98,198,0,28,74,65,54,145,1,45,42,66,44,53
2022,2,A,골목상권,2110026,종로5가역 4번,190,120,70,0,22,41,73,27,27,0,9,28,47,14,22,0,13,13,26,13,5
2022,2,A,골목상권,2110025,충신시장옆,213,129,84,2,17,46,63,56,29,0,6,23,43,33,24,2,11,23,20,23,5
2022,2,A,골목상권,2110024,혜회동주민센터,928,263,665,0,135,264,294,184,51,0,17,64,90,55,37,0,118,200,204,129,14
2022,2,A,골목상권,2110023,서울대병원,186,55,131,0,18,37,42,47,42,0,5,12,14,10,14,0,13,25,28,37,28
2022,2,A,골목상권,2110022,경신고등학교,537,396,141,11,142,162,128,59,35,10,100,123,94,43,26,1,42,39,34,16,9
2022,2,A,골목상권,2110021,성균관대학교,387,297,90,2,15,39,109,145,77,2,7,26,88,125,49,0,8,13,21,20,28
2022,2,A,골목상권,2110020,서울국제고등학교,639,315,324,1,145,288,122,57,26,1,44,146,75,32,17,0,101,142,47,25,9
2022,2,A,골목상권,2110019,창덕궁,325,215,110,0,47,91,82,71,34,0,21,65,53,49,27,0,26,26,29,22,7
2022,2,A,골목상권,2110018,중앙고등학교,888,439,449,1,97,177,220,178,215,0,30,60,106,90,153,1,67,117,114,88,62
2022,2,A,골목상권,2110017,정독도서관,650,322,328,0,133,273,152,58,34,0,26,130,93,43,30,0,107,143,59,15,4
2022,2,A,골목상권,2110016,평창동동측,7589,3104,4485,10,716,2233,2858,1504,268,4,279,1021,1416,284,100,6,437,1212,1442,1220,168
2022,2,A,골목상권,2110015,청와대사랑채,578,345,233,0,64,147,166,126,75,0,16,63,110,91,65,0,48,84,56,35,10
2022,2,A,골목상권,2110014,경복고등학교,194,82,112,0,28,54,40,44,28,0,4,14,21,24,19,0,24,40,19,20,9
2022,2,A,골목상권,2110013,체부동홍종문가옥,119,70,49,0,5,26,31,25,32,0,2,11,18,13,26,0,3,15,13,12,6
2022,2,A,골목상권,2110012,성곡미술관,1061,503,558,0,262,337,262,118,82,0,72,159,150,73,49,0,190,178,112,45,33
2022,2,A,골목상권,2110011,청운초등학교,263,188,75,0,21,105,79,43,15,0,21,95,44,16,12,0,0,10,35,27,3
2022,2,A,골목상권,2110010,평창동서측,6687,3622,3065,12,676,1736,2550,1464,249,0,276,655,1387,1128,176,12,400,1081,1163,336,73
2022,2,A,골목상권,2110009,자하문터널,950,463,487,0,211,332,229,125,53,0,92,164,106,65,36,0,119,168,123,60,17
2022,2,A,골목상권,2110008,배화여자대학교(박노수미술관),552,379,173,1,52,82,133,180,104,0,16,46,102,135,80,1,36,36,31,45,24
2022,2,A,골목상권,2110007,사직공원(한국사회과학도서관),283,185,98,2,58,88,63,41,31,2,30,62,44,27,20,0,28,26,19,14,11
2022,2,A,골목상권,2110006,부암동주민센터,27,16,11,0,2,7,7,5,6,0,2,5,2,3,4,0,0,2,5,2,2
2022,2,A,골목상권,2110005,세검정,1006,510,496,3,125,296,290,195,97,0,36,137,157,121,59,3,89,159,133,74,38
2022,2,A,골목상권,2110004,대신고등학교,32,14,18,0,3,4,8,14,3,0,1,0,3,8,2,0,2,4,5,6,1
2022,2,A,골목상권,2110003,세검정초등학교,485,315,170,6,53,84,150,126,66,6,32,38,100,89,50,0,21,46,50,37,16
2022,2,A,골목상권,2110002,독립문역 1번,475,121,354,1,146,140,118,44,26,1,25,25,41,14,15,0,121,115,77,30,11
2022,2,A,골목상권,2110001,이북5도청사,1066,638,428,4,133,292,240,262,135,0,51,173,162,172,80,4,82,119,78,90,55
2022,1,U,관광특구,1001496,강남 마이스 관광특구,15904,8904,7000,59,3513,6185,4248,1596,303,25,1160,3361,2887,1246,225,34,2353,2824,1361,350,78
2022,1,U,관광특구,1001495,잠실 관광특구,24375,14199,10176,120,4722,6565,5617,4514,2837,51,2484,4186,3496,2297,1685,69,2238,2379,2121,2217,1152
2022,1,U,관광특구,1001494,종로?청계 관광특구,32935,17150,15785,68,5357,9965,9483,6401,1661,15,2285,4911,4591,4158,1190,53,3072,5054,4892,2243,471
2022,1,U,관광특구,1001493,동대문패션타운 관광특구,6054,2958,3096,36,1434,1695,1160,1061,668,13,543,737,662,600,403,23,891,958,498,461,265
2022,1,U,관광특구,1001492,명동 남대문 북창동 다동 무교동 관광특구,104830,53674,51156,423,27134,34007,23384,15726,4156,137,8860,16080,15133,10824,2640,286,18274,17927,8251,4902,1516
2022,1,U,관광특구,1001491,이태원 관광특구,5839,3064,2775,28,1377,2065,1290,768,311,18,514,986,777,541,228,10,863,1079,513,227,83
2022,1,R,전통시장,2130326,고덕 골목형상점가,935,850,85,0,8,37,165,395,330,0,4,31,147,360,308,0,4,6,18,35,22
2022,1,R,전통시장,2130325,명일전통시장,89,30,59,0,8,10,13,28,30,0,3,6,5,8,8,0,5,4,8,20,22
2022,1,R,전통시장,2130324,길동복조리시장,154,85,69,3,27,32,47,40,5,2,13,18,31,19,2,1,14,14,16,21,3
2022,1,R,전통시장,2130323,둔촌역전통시장,171,86,85,0,3,14,23,36,95,0,2,6,8,14,56,0,1,8,15,22,39
2022,1,R,전통시장,2130322,고분다리전통시장,8,5,3,0,0,1,2,4,1,0,0,1,1,2,1,0,0,0,1,2,0
2022,1,R,전통시장,2130321,장신구 특화거리 상점가,433,269,164,0,92,114,88,92,47,0,43,72,56,61,37,0,49,42,32,31,10
2022,1,R,전통시장,2130320,암사종합시장,173,97,76,1,16,29,50,31,46,1,5,12,31,19,29,0,11,17,19,12,17
2022,1,R,전통시장,2130319,성내전통시장,34,21,13,0,3,5,9,10,7,0,3,2,5,7,4,0,0,3,4,3,3
2022,1,R,전통시장,2130318,로데오거리상점가,266,132,134,0,31,43,49,55,88,0,9,12,19,26,66,0,22,31,30,29,22
2022,1,R,전통시장,2130317,마천중앙시장,107,77,30,0,15,35,24,17,16,0,11,24,12,14,16,0,4,11,12,3,0
2022,1,R,전통시장,2130316,마천시장,18,9,9,0,3,3,2,10,0,0,2,2,2,3,0,0,1,1,0,7,0
2022,1,R,전통시장,2130315,문정동 로데오거리 상점가(문정동 로데오거리),1372,808,564,6,313,289,260,251,253,3,118,168,164,145,210,3,195,121,96,106,43
2022,1,R,전통시장,2130314,풍납시장,202,99,103,1,24,42,50,60,25,1,15,27,22,18,16,0,9,15,28,42,9
2022,1,R,전통시장,2130313,방이시장,3469,1526,1943,5,449,529,612,1126,748,4,159,335,346,371,311,1,290,194,266,755,437
2022,1,R,전통시장,2130312,석촌시장,619,270,349,1,20,40,81,170,307,1,9,23,43,41,153,0,11,17,38,129,154
2022,1,R,전통시장,2130311,새마을시장,377,246,131,1,60,78,104,75,59,0,28,48,80,55,35,1,32,30,24,20,24
2022,1,R,전통시장,2130310,강남개포시장,298,173,125,0,29,56,71,82,60,0,8,23,42,56,44,0,21,33,29,26,16
2022,1,R,전통시장,2130308,청담삼익시장,48,30,18,0,5,11,13,7,12,0,3,6,8,4,9,0,2,5,5,3,3
2022,1,R,전통시장,2130307,도곡시장,57,25,32,0,3,7,15,13,19,0,1,4,4,6,10,0,2,3,11,7,9
2022,1,R,전통시장,2130306,강남언주로,235,151,84,2,48,48,63,45,29,2,27,34,47,23,18,0,21,14,16,22,11
2022,1,R,전통시장,2130305,논현종합시장,85,43,42,0,21,14,14,19,17,0,7,7,6,14,9,0,14,7,8,5,8
2022,1,R,전통시장,2130304,신사상가,138,79,59,1,12,22,32,42,29,0,3,8,11,32,25,1,9,14,21,10,4
2022,1,R,전통시장,2130303,영동전통시장,242,95,147,0,21,60,67,58,36,0,7,19,22,24,23,0,14,41,45,34,13
2022,1,R,전통시장,2130302,강남시장(강남구 강남시장),58,33,25,0,13,15,14,8,8,0,7,10,9,2,5,0,6,5,5,6,3
2022,1,R,전통시장,2130301,양재시장,35,22,13,0,2,10,9,7,7,0,1,7,6,3,5,0,1,3,3,4,2
2022,1,R,전통시장,2130299,엔터식스 강남점,1850,1551,299,18,189,270,602,601,170,5,97,197,542,558,152,13,92,73,60,43,18
2022,1,R,전통시장,2130298,강남터미널지하도상점가2구역,2,1,1,0,1,0,0,0,1,0,1,0,0,0,0,0,0,0,0,0,1
2022,1,R,전통시장,2130296,남부종합시장,85,63,22,0,2,8,25,35,15,0,1,8,16,24,14,0,1,0,9,11,1
2022,1,R,전통시장,2130295,인헌시장(원당종합시장),122,48,74,0,20,27,38,23,14,0,3,9,16,12,8,0,17,18,22,11,6
2022,1,R,전통시장,2130294,관악중부시장,102,40,62,1,5,10,22,39,25,0,2,3,7,16,12,1,3,7,15,23,13
2022,1,R,전통시장,2130293,봉천중앙시장,154,42,112,0,17,13,29,46,49,0,5,7,14,14,2,0,12,6,15,32,47
2022,1,R,전통시장,2130290,영림시장,417,183,234,0,74,101,107,92,43,0,14,49,43,44,33,0,60,52,64,48,10
2022,1,R,전통시장,2130289,봉일시장,36,20,16,1,1,2,5,14,13,0,0,1,5,3,11,1,1,1,0,11,2
2022,1,R,전통시장,2130288,신림현대종합상가,2,0,2,0,1,1,0,0,0,0,0,0,0,0,0,0,1,1,0,0,0
2022,1,R,전통시장,2130285,서원동상점가,615,316,299,4,28,56,85,160,282,1,17,38,45,60,155,3,11,18,40,100,127
2022,1,R,전통시장,2130284,관악종합시장(신원시장),17,10,7,0,0,1,3,10,3,0,0,1,1,6,2,0,0,0,2,4,1
2022,1,R,전통시장,2130283,신원시장,25,11,14,0,3,3,10,5,4,0,1,1,3,3,3,0,2,2,7,2,1
2022,1,R,전통시장,2130282,난곡 골목형상점가,20,8,12,0,4,2,10,4,0,0,2,1,4,1,0,0,2,1,6,3,0
2022,1,R,전통시장,2130281,우림시장,1,0,1,0,0,0,1,0,0,0,0,0,0,0,0,0,0,0,1,0,0
2022,1,R,전통시장,2130280,신림종합시장,8,7,1,0,0,0,0,2,6,0,0,0,0,1,6,0,0,0,0,1,0
2022,1,R,전통시장,2130279,관악신사시장,120,63,57,0,17,20,27,37,19,0,5,10,16,20,12,0,12,10,11,17,7
2022,1,R,전통시장,2130278,미성동 도깨비시장 골목형상점가,75,16,59,0,0,16,28,24,7,0,0,7,5,2,2,0,0,9,23,22,5
2022,1,R,전통시장,2130277,조원동 펭귄시장(신림중앙시장),98,56,42,1,15,26,31,19,6,1,8,18,16,9,4,0,7,8,15,10,2
2022,1,R,전통시장,2130276,신림중앙시장(조원동 펭귄시장),43,27,16,0,1,2,14,12,14,0,0,2,7,9,9,0,1,0,7,3,5
2022,1,R,전통시장,2130275,강남골목시장,168,124,44,0,17,40,46,35,30,0,15,33,30,24,22,0,2,7,16,11,8
2022,1,R,전통시장,2130274,사당1동먹자골목상점가(사당1동먹자골목),389,218,171,4,91,100,81,63,50,3,45,64,37,35,34,1,46,36,44,28,16
2022,1,R,전통시장,2130273,남성사계시장(남성시장),141,63,78,0,21,36,45,22,17,0,3,19,20,8,13,0,18,17,25,14,4
2022,1,R,전통시장,2130272,사당시장,45,20,25,0,4,6,10,11,14,0,0,1,4,6,9,0,4,5,6,5,5
2022,1,R,전통시장,2130271,남성역골목시장,467,268,199,1,36,33,39,47,311,1,12,20,22,16,197,0,24,13,17,31,114
2022,1,R,전통시장,2130270,흑석시장,4,3,1,0,2,0,0,2,0,0,1,0,0,2,0,0,1,0,0,0,0
2022,1,R,전통시장,2130268,상도전통시장,239,104,135,0,33,60,53,58,35,0,12,23,23,24,22,0,21,37,30,34,13
2022,1,R,전통시장,2130267,본동인정시장(기능상실),59,41,18,0,6,10,12,15,16,0,4,7,9,8,13,0,2,3,3,7,3
2022,1,R,전통시장,2130266,만양로상점가,129,75,54,0,6,37,51,21,14,0,1,23,33,14,4,0,5,14,18,7,10
2022,1,R,전통시장,2130265,노량진중앙시장,115,82,33,0,17,48,34,8,8,0,12,42,23,3,2,0,5,6,11,5,6
2022,1,R,전통시장,2130264,상도약수골목형상점가,65,35,30,1,14,8,15,20,7,0,4,3,9,12,7,1,10,5,6,8,0
2022,1,R,전통시장,2130263,신노량진시장(기능상실),11,3,8,0,0,3,3,5,0,0,0,0,1,2,0,0,0,3,2,3,0
2022,1,R,전통시장,2130262,상도도깨비 골목형상점가,18,8,10,0,1,0,12,2,3,0,0,0,6,0,2,0,1,0,6,2,1
2022,1,R,전통시장,2130261,성대전통시장(성대시장),211,104,107,0,15,47,61,61,27,0,4,26,33,23,18,0,11,21,28,38,9
2022,1,R,전통시장,2130260,신대방1동골목상권,70,31,39,0,8,22,15,15,10,0,0,7,7,10,7,0,8,15,8,5,3
2022,1,R,전통시장,2130259,대신시장,12,9,3,0,1,0,5,2,4,0,1,0,3,2,3,0,0,0,2,0,1
2022,1,R,전통시장,2130257,영등포시장기계공구상가,158,116,42,0,11,26,33,47,41,0,7,16,22,37,34,0,4,10,11,10,7
2022,1,R,전통시장,2130256,신동시장,2,2,0,0,0,0,0,1,1,0,0,0,0,1,1,0,0,0,0,0,0
2022,1,R,전통시장,2130255,영등포전통시장,45,29,16,0,1,7,5,10,22,0,1,5,3,4,16,0,0,2,2,6,6
2022,1,R,전통시장,2130253,영신상가(제일상가),9,7,2,0,2,3,0,2,2,0,2,3,0,1,1,0,0,0,0,1,1
2022,1,R,전통시장,2130250,삼구시장(로타리상가),1,0,1,0,0,0,0,1,0,0,0,0,0,0,0,0,0,0,0,1,0
2022,1,R,전통시장,2130249,동남상가,10,8,2,0,2,0,0,4,4,0,1,0,0,4,3,0,1,0,0,0,1
2022,1,R,전통시장,2130248,영등포역지하도상점가,12,5,7,0,0,2,4,3,3,0,0,0,2,0,3,0,0,2,2,3,0
2022,1,R,전통시장,2130247,우리시장,21,16,5,0,3,4,6,3,5,0,1,3,5,3,4,0,2,1,1,0,1
2022,1,R,전통시장,2130246,영등포청과시장(조광시장),237,126,111,0,24,33,47,77,56,0,9,11,28,39,39,0,15,22,19,38,17
2022,1,R,전통시장,2130245,영일시장,675,567,108,1,61,189,238,136,50,0,41,148,217,115,46,1,20,41,21,21,4
2022,1,R,전통시장,2130244,대림중앙시장,95,39,56,3,14,16,21,15,26,2,9,8,10,4,6,1,5,8,11,11,20
2022,1,R,전통시장,2130243,도림시장,6,4,2,0,0,1,4,0,1,0,0,1,3,0,0,0,0,0,1,0,1
2022,1,R,전통시장,2130242,대림중앙 골목형상점가,68,21,47,0,4,14,21,24,5,0,1,6,5,5,4,0,3,8,16,19,1
2022,1,R,전통시장,2130241,선유도역 골목형상점가,500,253,247,0,95,93,123,136,53,0,39,49,66,67,32,0,56,44,57,69,21
2022,1,R,전통시장,2130240,영등포유통상가,1183,753,430,0,95,232,273,252,331,0,52,127,178,168,228,0,43,105,95,84,103
2022,1,R,전통시장,2130238,은행나무시장,113,71,42,0,22,24,31,22,14,0,13,16,22,14,6,0,9,8,9,8,8
2022,1,R,전통시장,2130237,박미시장(기능상실),39,26,13,0,1,6,11,9,12,0,0,2,7,8,9,0,1,4,4,1,3
2022,1,R,전통시장,2130236,비단길현대시장(현대시장),139,42,97,0,13,23,49,40,14,0,4,3,12,17,6,0,9,20,37,23,8
2022,1,R,전통시장,2130235,대명여울빛거리시장(대명시장),298,80,218,0,39,52,77,82,48,0,11,14,25,19,11,0,28,38,52,63,37
2022,1,R,전통시장,2130234,푸른터시장(기능상실),3,2,1,0,0,1,0,2,0,0,0,1,0,1,0,0,0,0,0,1,0
2022,1,R,전통시장,2130233,남문시장,76,47,29,0,5,8,18,22,23,0,2,3,9,12,21,0,3,5,9,10,2
2022,1,R,전통시장,2130232,독산동 맛나는거리상점가(독산동 맛나는거리),33,24,9,0,3,12,5,10,3,0,2,9,4,6,3,0,1,3,1,4,0
2022,1,R,전통시장,2130231,독산동 우시장,611,476,135,2,31,74,126,196,182,0,16,55,97,145,163,2,15,19,29,51,19
2022,1,R,전통시장,2130229,남구로시장,249,139,110,1,16,53,61,62,56,0,7,30,31,32,39,1,9,23,30,30,17
2022,1,R,전통시장,2130228,구로시장,10,5,5,0,0,4,6,0,0,0,0,1,4,0,0,0,0,3,2,0,0
2022,1,R,전통시장,2130227,고척골목시장상점가(그라운드 고척),97,68,29,0,8,22,36,23,8,0,4,13,26,19,6,0,4,9,10,4,2
2022,1,R,전통시장,2130226,고척프라자,2,2,0,0,1,1,0,0,0,0,1,1,0,0,0,0,0,0,0,0,0
2022,1,R,전통시장,2130225,개봉중앙시장,147,59,88,0,15,21,39,44,28,0,3,4,19,22,11,0,12,17,20,22,17
2022,1,R,전통시장,2130224,개봉프라자(고척근린시장),5,4,1,0,0,0,1,2,2,0,0,0,1,1,2,0,0,0,0,1,0
2022,1,R,전통시장,2130223,고척근린시장,42,12,30,0,2,10,12,14,4,0,0,1,1,7,3,0,2,9,11,7,1
2022,1,R,전통시장,2130222,오류시장,132,21,111,0,10,26,46,43,7,0,5,1,4,5,6,0,5,25,42,38,1
2022,1,R,전통시장,2130221,"남부골목시장(남부화곡시장, 남부시장)",188,69,119,0,22,32,50,57,27,0,5,5,15,22,22,0,17,27,35,35,5
2022,1,R,전통시장,2130219,까치산시장,124,37,87,0,16,18,39,32,19,0,4,6,9,9,9,0,12,12,30,23,10
2022,1,R,전통시장,2130218,신월중앙시장,118,53,65,0,28,34,26,13,17,0,8,12,11,9,13,0,20,22,15,4,4
2022,1,R,전통시장,2130217,화곡본동시장,36,16,20,0,3,5,10,13,5,0,1,3,5,6,1,0,2,2,5,7,4
2022,1,R,전통시장,2130216,화곡중앙시장,75,32,43,0,4,11,21,22,17,0,2,2,9,8,11,0,2,9,12,14,6
2022,1,R,전통시장,2130215,대원종합시장,9,7,2,0,0,1,0,3,5,0,0,1,0,2,4,0,0,0,0,1,1
2022,1,R,전통시장,2130214,송화벽화시장(송화골목시장),119,44,75,2,23,18,25,33,18,0,6,7,9,13,9,2,17,11,16,20,9
2022,1,R,전통시장,2130213,방신전통시장,112,77,35,0,13,20,25,29,25,0,10,18,14,14,21,0,3,2,11,15,4
2022,1,R,전통시장,2130212,공항시장,8,6,2,0,1,0,3,2,2,0,1,0,3,0,2,0,0,0,0,2,0
2022,1,R,전통시장,2130211,신정2동 골목시장(오목교중앙시장),51,18,33,0,3,10,18,17,3,0,1,3,8,4,2,0,2,7,10,13,1
2022,1,R,전통시장,2130210,목2동시장,432,251,181,1,66,124,122,71,48,1,40,69,70,39,32,0,26,55,52,32,16
2022,1,R,전통시장,2130209,목사랑시장(목4동시장),111,61,50,0,7,15,23,42,24,0,2,13,10,20,16,0,5,2,13,22,8
2022,1,R,전통시장,2130208,목동깨비시장(목3동시장),148,67,81,0,13,20,55,37,23,0,7,6,18,19,17,0,6,14,37,18,6
2022,1,R,전통시장,2130207,신정1동 골목시장(신정제일시장),38,21,17,0,8,9,10,7,4,0,3,5,6,4,3,0,5,4,4,3,1
2022,1,R,전통시장,2130206,신정3동 골목시장,20,6,14,0,0,5,11,2,2,0,0,0,3,1,2,0,0,5,8,1,0
2022,1,R,전통시장,2130205,신곡종합시장(신월6동 골목시장),141,103,38,1,17,36,39,32,16,0,10,27,33,18,15,1,7,9,6,14,1
2022,1,R,전통시장,2130204,경창시장,100,50,50,0,5,12,27,27,29,0,2,5,12,16,15,0,3,7,15,11,14
2022,1,R,전통시장,2130203,서서울 골목형상점가,34,7,27,0,2,7,10,12,3,0,0,0,2,4,1,0,2,7,8,8,2
2022,1,R,전통시장,2130202,신영시장,40,13,27,0,3,4,13,16,4,0,2,0,3,6,2,0,1,4,10,10,2
2022,1,R,전통시장,2130201,월정로시장,27,17,10,0,2,8,10,7,0,0,0,7,6,4,0,0,2,1,4,3,0
2022,1,R,전통시장,2130200,"신월7동 골목시장(약수시장, 우성상가)",27,18,9,0,0,3,9,6,9,0,0,0,7,4,7,0,0,3,2,2,2
2022,1,R,전통시장,2130199,신월3동 골목시장,18,8,10,0,1,4,4,9,0,0,0,1,3,4,0,0,1,3,1,5,0
2022,1,R,전통시장,2130198,아현시장,203,45,158,1,51,84,52,10,5,0,8,5,26,4,2,1,43,79,26,6,3
2022,1,R,전통시장,2130197,마포시장,15,5,10,0,0,1,5,4,5,0,0,1,0,2,2,0,0,0,5,2,3
2022,1,R,전통시장,2130196,공덕시장,3948,2001,1947,52,1323,1296,891,287,99,28,467,646,599,181,80,24,856,650,292,106,19
2022,1,R,전통시장,2130195,도화동 상점가,1055,510,545,2,201,269,228,163,192,1,86,133,121,95,74,1,115,136,107,68,118
2022,1,R,전통시장,2130194,용강동 상점가,875,502,373,0,103,131,179,170,292,0,39,75,104,114,170,0,64,56,75,56,122
2022,1,R,전통시장,2130193,신수시장,34,19,15,0,4,7,12,5,6,0,1,5,5,4,4,0,3,2,7,1,2
2022,1,R,전통시장,2130192,동진시장,10,6,4,0,1,1,4,3,1,0,1,1,1,2,1,0,0,0,3,1,0
2022,1,R,전통시장,2130191,홍대 걷고싶은 거리,367,225,142,6,65,65,81,82,68,4,40,41,54,47,39,2,25,24,27,35,29
2022,1,R,전통시장,2130190,홍대소상공인상점가,150,77,73,1,55,35,30,18,11,0,18,22,18,10,9,1,37,13,12,8,2
2022,1,R,전통시장,2130189,서교시장,24,10,14,0,2,1,7,6,8,0,0,1,2,3,4,0,2,0,5,3,4
2022,1,R,전통시장,2130187,영진시장,29,14,15,0,4,5,11,7,2,0,2,2,6,2,2,0,2,3,5,5,0
2022,1,R,전통시장,2130186,망원시장,178,84,94,0,16,30,47,50,35,0,13,19,20,17,15,0,3,11,27,33,20
2022,1,R,전통시장,2130185,망원월드컵시장,190,123,67,1,26,69,53,25,16,1,14,43,35,16,14,0,12,26,18,9,2
2022,1,R,전통시장,2130184,마포농수산물시장,77,40,37,0,2,12,24,26,13,0,1,8,12,14,5,0,1,4,12,12,8
2022,1,R,전통시장,2130183,상암동상점가,816,607,209,1,89,204,283,187,52,0,49,150,227,143,38,1,40,54,56,44,14
2022,1,R,전통시장,2130182,영천시장,78,35,43,0,13,8,24,22,11,0,3,4,10,12,6,0,10,4,14,10,5
2022,1,R,전통시장,2130181,아현가구거리상점가,59,30,29,0,8,11,13,10,17,0,0,7,9,4,10,0,8,4,4,6,7
2022,1,R,전통시장,2130180,포방터시장,59,34,25,0,13,11,15,6,14,0,4,4,11,5,10,0,9,7,4,1,4
2022,1,R,전통시장,2130179,"이화여대 3,5,7길 상점가",147,65,82,3,34,15,41,31,23,1,12,3,14,17,18,2,22,12,27,14,5
2022,1,R,전통시장,2130178,이대 앞 스타트업 상점가,32,7,25,0,5,5,10,6,6,0,1,0,4,0,2,0,4,5,6,6,4
2022,1,R,전통시장,2130177,인왕시장(홍제골목형상점가),44,7,37,0,1,1,8,7,27,0,0,0,1,3,3,0,1,1,7,4,24
2022,1,R,전통시장,2130176,유진상가,38,23,15,0,20,16,1,1,0,0,9,13,1,0,0,0,11,3,0,1,0
2022,1,R,전통시장,2130175,신촌 상인회(신촌상점가),13,5,8,0,1,3,5,4,0,0,1,0,1,3,0,0,0,3,4,1,0
2022,1,R,전통시장,2130173,백련시장,5,3,2,0,0,1,0,2,2,0,0,1,0,0,2,0,0,0,0,2,0
2022,1,R,전통시장,2130172,모래내시장(서중시장),41,13,28,0,5,12,8,10,6,0,0,2,3,5,3,0,5,10,5,5,3
2022,1,R,전통시장,2130171,불광먹자골목 골목형상점가,155,54,101,0,18,31,24,37,45,0,4,9,11,16,14,0,14,22,13,21,31
2022,1,R,전통시장,2130170,제일시장,58,26,32,1,7,9,13,19,9,1,2,2,5,11,5,0,5,7,8,8,4
2022,1,R,전통시장,2130169,대조시장,67,31,36,0,5,11,21,23,7,0,1,3,11,11,5,0,4,8,10,12,2
2022,1,R,전통시장,2130168,연서시장,242,157,85,0,19,50,53,65,55,0,5,23,33,49,47,0,14,27,20,16,8
2022,1,R,전통시장,2130167,연신내상점가(연빛거리),636,239,397,1,144,143,157,120,71,1,31,52,57,53,45,0,113,91,100,67,26
2022,1,R,전통시장,2130166,응암시장(신응암시장),17,10,7,0,0,3,2,5,7,0,0,0,1,3,6,0,0,3,1,2,1
2022,1,R,전통시장,2130165,"대림골목시장(대림시장, 양지시장)",214,34,180,0,20,45,56,62,31,0,1,7,5,11,10,0,19,38,51,51,21
2022,1,R,전통시장,2130164,역촌중앙시장,9,3,6,0,0,1,2,2,4,0,0,0,1,1,1,0,0,1,1,1,3
2022,1,R,전통시장,2130163,응암오거리상점가,182,49,133,0,24,28,44,50,36,0,4,8,11,12,14,0,20,20,33,38,22
2022,1,R,전통시장,2130162,증산골목시장,7,3,4,0,0,2,2,1,2,0,0,0,0,1,2,0,0,2,2,0,0
2022,1,R,전통시장,2130161,증산종합시장,8,5,3,0,0,1,2,2,3,0,0,0,1,2,2,0,0,1,1,0,1
2022,1,R,전통시장,2130160,수일시장,7,2,5,0,0,2,1,2,2,0,0,0,0,1,1,0,0,2,1,1,1
2022,1,R,전통시장,2130159,공릉동 도깨비시장,101,47,54,0,12,22,24,26,17,0,4,8,9,15,11,0,8,14,15,11,6
2022,1,R,전통시장,2130157,상계중앙시장,74,40,34,0,14,19,14,17,10,0,8,15,7,7,3,0,6,4,7,10,7
2022,1,R,전통시장,2130155,시영B상가(중계 그린아파트 B 상가),12,8,4,0,1,5,3,3,0,0,0,5,2,1,0,0,1,0,1,2,0
2022,1,R,전통시장,2130153,창동역상점가,229,138,91,0,18,48,54,56,53,0,7,31,30,31,39,0,11,17,24,25,14
2022,1,R,전통시장,2130152,오!도봉거리 상점가,61,34,27,0,5,14,19,13,10,0,1,5,10,10,8,0,4,9,9,3,2
2022,1,R,전통시장,2130151,신도봉시장,5,5,0,0,1,0,2,2,0,0,1,0,2,2,0,0,0,0,0,0,0
2022,1,R,전통시장,2130150,창동골목시장,84,47,37,0,19,30,14,8,13,0,7,20,9,5,6,0,12,10,5,3,7
2022,1,R,전통시장,2130149,창동신창시장,104,40,64,0,2,21,32,29,20,0,0,7,14,8,11,0,2,14,18,21,9
2022,1,R,전통시장,2130148,방학동도깨비시장,60,33,27,0,6,9,16,18,11,0,4,3,8,14,4,0,2,6,8,4,7
2022,1,R,전통시장,2130147,쌍문역동측상점가,69,32,37,0,7,17,18,9,18,0,2,6,10,5,9,0,5,11,8,4,9
2022,1,R,전통시장,2130146,쌍문시장(쌍문역골목시장),263,124,139,0,29,33,54,80,67,0,10,12,28,32,42,0,19,21,26,48,25
2022,1,R,전통시장,2130145,쌍문역둘리상점가,244,202,42,0,39,44,77,62,22,0,28,35,65,56,18,0,11,9,12,6,4
2022,1,R,전통시장,2130144,백운시장,38,17,21,0,0,3,13,14,8,0,0,0,5,5,7,0,0,3,8,9,1
2022,1,R,전통시장,2130143,방천골목시장,65,36,29,0,11,7,19,24,4,0,6,5,9,13,3,0,5,2,10,11,1
2022,1,R,전통시장,2130142,강북북부시장,7,5,2,0,1,1,0,2,3,0,0,1,0,2,2,0,1,0,0,0,1
2022,1,R,전통시장,2130141,강북북부골목시장,43,20,23,0,16,4,11,6,6,0,3,2,6,6,3,0,13,2,5,0,3
2022,1,R,전통시장,2130140,숭인시장,62,27,35,0,9,13,10,15,15,0,0,4,1,9,13,0,9,9,9,6,2
2022,1,R,전통시장,2130139,강북종합전통시장(강북종합골목시장),166,114,52,0,16,45,61,28,16,0,11,33,42,19,9,0,5,12,19,9,7
2022,1,R,전통시장,2130138,수유프라자,142,24,118,1,31,24,16,42,28,0,1,4,5,4,10,1,30,20,11,38,18
2022,1,R,전통시장,2130137,"수유전통시장(수유시장, 수유골목시장)",89,31,58,0,5,10,19,26,29,0,0,3,8,8,12,0,5,7,11,18,17
2022,1,R,전통시장,2130136,수유재래시장,29,11,18,0,6,5,7,5,6,0,2,1,0,2,6,0,4,4,7,3,0
2022,1,R,전통시장,2130135,수유중앙골목시장(수유중앙시장),24,12,12,0,0,3,4,5,12,0,0,2,2,0,8,0,0,1,2,5,4
2022,1,R,전통시장,2130134,"솔샘시장(미아6,7동골목시장)",73,30,43,1,7,19,25,18,3,0,3,4,12,8,3,1,4,15,13,10,0
2022,1,R,전통시장,2130133,우이골목시장(우이시장),69,61,8,0,7,7,19,20,16,0,6,6,17,17,15,0,1,1,2,3,1
2022,1,R,전통시장,2130132,삼양골목시장(삼양시장),57,19,38,0,10,13,12,14,8,0,0,4,5,5,5,0,10,9,7,9,3
2022,1,R,전통시장,2130131,동북프라자,121,49,72,0,9,23,37,29,23,0,4,8,17,9,11,0,5,15,20,20,12
2022,1,R,전통시장,2130130,수유북부골목시장,20,14,6,0,1,1,7,5,6,0,0,0,6,3,5,0,1,1,1,2,1
2022,1,R,전통시장,2130129,장미원골목시장,911,571,340,0,15,14,38,89,755,0,1,4,12,40,514,0,14,10,26,49,241
2022,1,R,전통시장,2130128,돌곶이시장(석관황금시장),191,157,34,0,30,36,41,72,12,0,28,26,29,62,12,0,2,10,12,10,0
2022,1,R,전통시장,2130126,새석관시장,3,1,2,0,0,0,1,2,0,0,0,0,0,1,0,0,0,0,1,1,0
2022,1,R,전통시장,2130125,장위전통시장,40,20,20,0,5,6,7,8,14,0,0,2,5,5,8,0,5,4,2,3,6
2022,1,R,전통시장,2130123,꿈의숲 장곡 골목형상점가,6,5,1,0,1,0,1,4,0,0,1,0,1,3,0,0,0,0,0,1,0
2022,1,R,전통시장,2130122,밤나무골시장,17,5,12,0,2,4,6,4,1,0,1,1,2,1,0,0,1,3,4,3,1
2022,1,R,전통시장,2130121,길음시장,91,19,72,0,36,24,10,8,13,0,2,5,3,2,7,0,34,19,7,6,6
2022,1,R,전통시장,2130120,돈암시장(돈암제일시장),99,23,76,1,20,20,25,18,15,0,0,2,7,8,6,1,20,18,18,10,9
2022,1,R,전통시장,2130119,정릉아리랑시장,15,4,11,0,0,4,5,5,1,0,0,0,0,3,1,0,0,4,5,2,0
2022,1,R,전통시장,2130118,정릉골 골목형상점가,67,30,37,0,11,13,11,19,13,0,0,2,6,12,10,0,11,11,5,7,3
2022,1,R,전통시장,2130117,정릉시장,119,62,57,0,4,15,34,41,25,0,2,8,20,18,14,0,2,7,14,23,11
2022,1,R,전통시장,2130116,동성타워프라자,31,22,9,0,2,9,7,8,5,0,2,4,4,7,5,0,0,5,3,1,0
2022,1,R,전통시장,2130115,우림골목시장,307,106,201,2,80,61,68,64,32,0,29,11,30,20,16,2,51,50,38,44,16
2022,1,R,전통시장,2130114,유영시장,31,20,11,0,9,5,3,8,6,0,7,2,2,5,4,0,2,3,1,3,2
2022,1,R,전통시장,2130113,신아타운,148,27,121,1,31,31,28,39,18,1,4,9,3,4,6,0,27,22,25,35,12
2022,1,R,전통시장,2130112,사가정시장,86,28,58,0,13,17,24,19,13,0,0,3,6,8,11,0,13,14,18,11,2
2022,1,R,전통시장,2130111,"동원전통종합시장(동원시장, 동원전통시장 상점가)",224,109,115,0,24,37,49,82,32,0,11,17,21,38,22,0,13,20,28,44,10
2022,1,R,전통시장,2130110,면목골목시장(면목시장),103,59,44,0,1,8,32,38,24,0,1,5,19,18,16,0,0,3,13,20,8
2022,1,R,전통시장,2130109,묵1동도깨비시장,47,33,14,0,2,9,16,9,11,0,1,5,13,5,9,0,1,4,3,4,2
2022,1,R,전통시장,2130108,태능엔터피아(태릉시장),3,1,2,0,0,0,1,2,0,0,0,0,0,1,0,0,0,0,1,1,0
2022,1,R,전통시장,2130107,중랑동부시장(중랑교종합상가),13,3,10,0,0,1,4,5,3,0,0,0,0,1,2,0,0,1,4,4,1
2022,1,R,전통시장,2130106,중랑동부시장,166,56,110,1,20,40,34,39,32,0,1,8,7,21,19,1,19,32,27,18,13
2022,1,R,전통시장,2130105,장미제일시장(중화동제일시장),63,27,36,0,8,14,22,11,8,0,3,6,14,3,1,0,5,8,8,8,7
2022,1,R,전통시장,2130104,전곡시장,93,54,39,0,8,17,28,26,14,0,5,8,16,13,12,0,3,9,12,13,2
2022,1,R,전통시장,2130103,이경시장,16,8,8,0,0,1,2,2,11,0,0,1,1,1,5,0,0,0,1,1,6
2022,1,R,전통시장,2130101,답십리현대시장,8,5,3,0,0,1,3,2,2,0,0,1,1,2,1,0,0,0,2,0,1
2022,1,R,전통시장,2130100,답십리시장,93,40,53,2,19,25,23,11,13,2,4,9,11,6,8,0,15,16,12,5,5
2022,1,R,전통시장,2130099,전농로터리시장,7,3,4,0,1,0,2,3,1,0,0,0,1,1,1,0,1,0,1,2,0
2022,1,R,전통시장,2130098,회기시장,55,17,38,0,9,14,15,12,5,0,2,3,4,6,2,0,7,11,11,6,3
2022,1,R,전통시장,2130097,답십리 건축자재시장,315,202,113,1,17,46,46,44,161,0,8,37,25,23,109,1,9,9,21,21,52
2022,1,R,전통시장,2130096,동부시장,14,9,5,0,0,0,1,1,12,0,0,0,0,0,9,0,0,0,1,1,3
2022,1,R,전통시장,2130095,청량리전통시장,95,38,57,0,6,16,18,33,22,0,4,6,9,10,9,0,2,10,9,23,13
2022,1,R,전통시장,2130094,청량리청과물시장,54,24,30,0,7,13,17,7,10,0,0,4,10,2,8,0,7,9,7,5,2
2022,1,R,전통시장,2130093,동서시장,5,3,2,0,0,0,1,2,2,0,0,0,1,0,2,0,0,0,0,2,0
2022,1,R,전통시장,2130092,청량리농수산물시장,12,9,3,0,0,1,3,5,3,0,0,0,3,3,3,0,0,1,0,2,0
2022,1,R,전통시장,2130091,청량종합도매시장,36,27,9,0,1,3,11,14,7,0,0,3,8,10,6,0,1,0,3,4,1
2022,1,R,전통시장,2130090,청량리종합시장,19,13,6,0,1,4,3,5,6,0,1,2,3,3,4,0,0,2,0,2,2
2022,1,R,전통시장,2130089,청량리수산시장,42,33,9,0,4,7,16,6,9,0,3,7,12,4,7,0,1,0,4,2,2
2022,1,R,전통시장,2130088,경동시장,126,57,69,0,18,32,24,17,35,0,3,11,11,10,22,0,15,21,13,7,13
2022,1,R,전통시장,2130087,경동광성상가(경동시장),28,20,8,0,5,3,8,7,5,0,3,2,6,5,4,0,2,1,2,2,1
2022,1,R,전통시장,2130086,서울약령시장,1184,651,533,4,113,208,305,341,213,0,56,128,165,181,121,4,57,80,140,160,92
2022,1,R,전통시장,2130085,용두시장,4,2,2,0,0,0,1,2,1,0,0,0,0,1,1,0,0,0,1,1,0
2022,1,R,전통시장,2130084,신성시장(신성골목시장),21,6,15,0,3,5,8,4,1,0,0,1,2,2,1,0,3,4,6,2,0
2022,1,R,전통시장,2130083,"중곡제일시장(중곡제일골목시장, 광성시장)",111,68,43,0,15,21,29,24,22,0,7,14,20,10,17,0,8,7,9,14,5
2022,1,R,전통시장,2130082,면곡골목시장,20,11,9,0,4,0,1,9,6,0,4,0,0,3,4,0,0,0,1,6,2
2022,1,R,전통시장,2130081,자양골목전통시장(자양골목시장),54,36,18,0,7,17,14,9,7,0,5,12,9,6,4,0,2,5,5,3,3
2022,1,R,전통시장,2130080,자양종합시장(기능상실),14,10,4,0,0,1,6,6,1,0,0,1,4,4,1,0,0,0,2,2,0
2022,1,R,전통시장,2130079,한아름시장,40,29,11,0,5,6,6,10,13,0,4,4,5,6,10,0,1,2,1,4,3
2022,1,R,전통시장,2130078,화양제일골목시장,65,23,42,0,6,17,20,18,4,0,1,7,8,6,1,0,5,10,12,12,3
2022,1,R,전통시장,2130077,조양시장,31,19,12,0,11,7,8,5,0,0,6,5,4,4,0,0,5,2,4,1,0
2022,1,R,전통시장,2130076,능동로골목시장,88,67,21,0,2,11,14,16,45,0,1,4,13,10,39,0,1,7,1,6,6
2022,1,R,전통시장,2130075,노룬산시장(노룬산골목시장),23,13,10,0,4,5,10,2,2,0,3,3,6,0,1,0,1,2,4,2,1
2022,1,R,전통시장,2130074,영동교골목시장,21,15,6,0,6,9,2,3,1,0,3,9,0,2,1,0,3,0,2,1,0
2022,1,R,전통시장,2130073,뚝도시장,45,17,28,1,3,10,9,11,11,0,0,2,4,5,6,1,3,8,5,6,5
2022,1,R,전통시장,2130072,성동용답상가시장,132,71,61,0,21,19,35,39,18,0,9,9,16,26,11,0,12,10,19,13,7
2022,1,R,전통시장,2130071,성수역 골목형상점가,335,180,155,1,61,89,70,43,71,0,27,43,43,29,38,1,34,46,27,14,33
2022,1,R,전통시장,2130070,뚝섬역상점가,1016,697,319,6,178,259,217,222,134,4,105,179,143,157,109,2,73,80,74,65,25
2022,1,R,전통시장,2130069,"한양대앞상점가(한양시장, 왕십리맛골목)",32,19,13,0,6,6,4,8,8,0,4,4,0,5,6,0,2,2,4,3,2
2022,1,R,전통시장,2130068,마장축산물시장,975,630,345,1,102,202,250,248,172,1,68,127,155,165,114,0,34,75,95,83,58
2022,1,R,전통시장,2130067,왕십리도선동상점가,1670,335,1335,3,166,202,291,591,417,1,78,98,69,49,40,2,88,104,222,542,377
2022,1,R,전통시장,2130066,행당시장상점가,397,182,215,0,49,86,115,100,47,0,17,38,54,45,28,0,32,48,61,55,19
2022,1,R,전통시장,2130065,무학봉상점가,144,67,77,0,22,29,34,37,22,0,4,10,14,22,17,0,18,19,20,15,5
2022,1,R,전통시장,2130064,금남시장,36,13,23,0,6,7,8,4,11,0,1,0,5,2,5,0,5,7,3,2,6
2022,1,R,전통시장,2130063,신금호역 골목형상점가,30,21,9,0,2,4,5,9,10,0,1,3,4,7,6,0,1,1,1,2,4
2022,1,R,전통시장,2130062,보광시장,31,12,19,0,0,6,10,13,2,0,0,3,4,4,1,0,0,3,6,9,1
2022,1,R,전통시장,2130061,이태원시장,32,20,12,0,18,3,4,6,1,0,12,1,3,3,1,0,6,2,1,3,0
2022,1,R,전통시장,2130060,신흥시장,4,1,3,0,0,2,0,2,0,0,0,1,0,0,0,0,0,1,0,2,0
2022,1,R,전통시장,2130059,후암시장,64,40,24,0,6,12,16,11,19,0,4,5,10,7,14,0,2,7,6,4,5
2022,1,R,전통시장,2130058,이촌종합시장,109,78,31,0,13,19,25,26,26,0,7,12,15,21,23,0,6,7,10,5,3
2022,1,R,전통시장,2130057,만리시장,12,9,3,0,0,2,1,4,5,0,0,1,1,3,4,0,0,1,0,1,1
2022,1,R,전통시장,2130056,용산용문시장,65,34,31,0,7,15,18,10,15,0,4,6,7,6,11,0,3,9,11,4,4
2022,1,R,전통시장,2130055,"황학시장(서울중앙시장, 신중앙시장)",203,117,86,0,24,49,47,52,31,0,12,25,24,32,24,0,12,24,23,20,7
2022,1,R,전통시장,2130054,황학동주방가구거리상점가,374,266,108,0,25,80,116,106,47,0,18,60,77,74,37,0,7,20,39,32,10
2022,1,R,전통시장,2130053,백학시장,160,69,91,0,22,24,46,37,31,0,8,8,20,15,18,0,14,16,26,22,13
2022,1,R,전통시장,2130052,서울중앙시장(신중앙시장),479,342,137,0,106,156,101,61,55,0,80,110,57,45,50,0,26,46,44,16,5
2022,1,R,전통시장,2130051,동화동 골목형상점가,391,156,235,1,82,94,98,66,50,1,18,25,43,36,33,0,64,69,55,30,17
2022,1,R,전통시장,2130050,청평화시장,120,50,70,1,18,26,31,29,15,1,9,13,5,15,7,0,9,13,26,14,8
2022,1,R,전통시장,2130049,신당 미래유산 먹거리 골목형상점가,42,19,23,0,3,5,9,13,12,0,1,3,0,7,8,0,2,2,9,6,4
2022,1,R,전통시장,2130048,동평화시장,18,9,9,0,7,8,0,3,0,0,3,4,0,2,0,0,4,4,0,1,0
2022,1,R,전통시장,2130047,테크노상가(엘리시움),160,112,48,0,10,26,34,61,29,0,5,20,21,42,24,0,5,6,13,19,5
2022,1,R,전통시장,2130046,team204(팀204),20,13,7,0,1,3,4,2,10,0,0,2,3,1,7,0,1,1,1,1,3
2022,1,R,전통시장,2130045,광희패션몰,49,29,20,0,1,5,11,17,15,0,0,2,7,11,9,0,1,3,4,6,6
2022,1,R,전통시장,2130044,에리어식스(벨포스트),10,2,8,1,0,2,3,3,1,1,0,1,0,0,0,0,0,1,3,3,1
2022,1,R,전통시장,2130043,제일평화시장,43,27,16,0,6,14,13,8,2,0,1,9,9,6,2,0,5,5,4,2,0
2022,1,R,전통시장,2130042,약수시장,158,67,91,2,36,30,40,21,29,2,9,9,19,8,20,0,27,21,21,13,9
2022,1,R,전통시장,2130041,신평화패션타운(청계6가 지하도상가),28,21,7,0,1,5,9,8,5,0,0,4,9,5,3,0,1,1,0,3,2
2022,1,R,전통시장,2130040,남평화시장,5,3,2,0,0,4,0,0,1,0,0,2,0,0,1,0,0,2,0,0,0
2022,1,R,전통시장,2130039,청계6가 지하도상가,36,26,10,0,1,1,7,6,21,0,1,1,5,5,14,0,0,0,2,1,7
2022,1,R,전통시장,2130038,"평화시장(통일상가, 동화상가)",930,630,300,3,110,293,273,172,79,0,61,165,211,134,59,3,49,128,62,38,20
2022,1,R,전통시장,2130036,중부시장(신중부시장),3089,921,2168,8,1868,593,250,198,172,3,316,189,171,120,122,5,1552,404,79,78,50
2022,1,R,전통시장,2130035,방산종합시장(방산시장),1190,736,454,1,96,200,284,312,297,0,56,117,154,191,218,1,40,83,130,121,79
2022,1,R,전통시장,2130034,필동 골목형상점가,14,7,7,0,2,4,5,2,1,0,1,2,2,2,0,0,1,2,3,0,1
2022,1,R,전통시장,2130033,대림상가(청계상가),169,121,48,0,7,29,54,39,40,0,3,19,35,30,34,0,4,10,19,9,6
2022,1,R,전통시장,2130032,인현시장,167,123,44,0,3,25,47,54,38,0,3,16,35,40,29,0,0,9,12,14,9
2022,1,R,전통시장,2130031,청계천공구상가,921,698,223,2,101,281,234,159,144,1,64,230,181,104,118,1,37,51,53,55,26
2022,1,R,전통시장,2130028,을지입구지하상가(을지로지하보도쇼핑센터),2,2,0,0,0,0,1,1,0,0,0,0,1,1,0,0,0,0,0,0,0
2022,1,R,전통시장,2130025,삼익패션타운(남대문시장),5494,2675,2819,69,1760,1561,1124,794,186,31,674,837,763,292,78,38,1086,724,361,502,108
2022,1,R,전통시장,2130024,남대문시장(자유상가),732,426,306,2,54,129,172,177,198,1,15,75,95,108,132,1,39,54,77,69,66
2022,1,R,전통시장,2130022,숭례문수입상가(남대문시장),1907,850,1057,0,330,855,598,113,11,0,55,378,338,70,9,0,275,477,260,43,2
2022,1,R,전통시장,2130021,신설종합시장,50,37,13,1,1,10,12,13,13,0,0,9,10,10,8,1,1,1,2,3,5
2022,1,R,전통시장,2130020,동묘시장(동묘벼룩시장),407,177,230,5,154,93,73,58,24,5,43,31,45,32,21,0,111,62,28,26,3
2022,1,R,전통시장,2130019,동대문상가D동,28,21,7,0,6,5,5,4,8,0,4,2,4,4,7,0,2,3,1,0,1
2022,1,R,전통시장,2130018,동대문문구완구거리(동대문문구완구시장),215,124,91,0,27,45,50,52,41,0,12,24,33,31,24,0,15,21,17,21,17
2022,1,R,전통시장,2130017,동대문상가C동,12,9,3,0,1,4,4,2,1,0,1,4,3,0,1,0,0,0,1,2,0
2022,1,R,전통시장,2130016,동대문상가B동,2,1,1,0,0,1,1,0,0,0,0,0,1,0,0,0,0,1,0,0,0
2022,1,R,전통시장,2130015,창신골목시장,22,12,10,0,0,2,8,9,3,0,0,2,6,2,2,0,0,0,2,7,1
2022,1,R,전통시장,2130014,동문시장,3,1,2,0,0,2,0,0,1,0,0,0,0,0,1,0,0,2,0,0,0
2022,1,R,전통시장,2130012,"동대문종합시장(동대문종합시장 신관, 동대문종합시장D동상가)",1319,965,354,2,156,325,348,339,149,0,116,251,238,247,113,2,40,74,110,92,36
2022,1,R,전통시장,2130011,충신시장,88,44,44,0,19,19,20,17,13,0,7,11,8,8,10,0,12,8,12,9,3
2022,1,R,전통시장,2130010,종로신진시장,200,113,87,0,20,29,55,48,48,0,14,17,24,26,32,0,6,12,31,22,16
2022,1,R,전통시장,2130009,마전교지하쇼핑센터(구 한일상가),24,16,8,0,0,2,3,7,12,0,0,2,2,4,8,0,0,0,1,3,4
2022,1,R,전통시장,2130007,광장시장(광장전통시장),466,310,156,0,39,77,97,129,124,0,22,41,73,77,97,0,17,36,24,52,27
2022,1,R,전통시장,2130005,세운상가가동,137,96,41,0,7,34,35,22,39,0,5,23,28,8,32,0,2,11,7,14,7
2022,1,R,전통시장,2130004,낙원시장(낙원지하시장(대일상가)),364,258,106,0,29,70,99,78,88,0,14,51,68,57,68,0,15,19,31,21,20
2022,1,R,전통시장,2130002,세종마을음식문화거리(금천교시장),564,392,172,4,56,109,120,121,154,0,26,74,75,90,127,4,30,35,45,31,27
2022,1,R,전통시장,2130001,통인시장,59,29,30,0,4,14,11,12,18,0,2,4,6,6,11,0,2,10,5,6,7
2022,1,D,발달상권,2120249,고덕역,1359,916,443,3,172,305,337,317,225,1,75,198,249,221,172,2,97,107,88,96,53
2022,1,D,발달상권,2120248,명일역,860,332,528,4,114,141,223,204,174,2,41,59,84,69,77,2,73,82,139,135,97
2022,1,D,발달상권,2120247,굽은다리역,565,307,258,4,91,118,142,102,108,1,37,76,71,55,67,3,54,42,71,47,41
2022,1,D,발달상권,2120246,길동역,3399,1536,1863,14,384,560,835,905,701,8,169,317,417,296,329,6,215,243,418,609,372
2022,1,D,발달상권,2120245,둔촌역,1884,1135,749,7,312,460,446,371,288,6,169,309,271,195,185,1,143,151,175,176,103
2022,1,D,발달상권,2120244,암사역,916,401,515,0,70,85,103,111,547,0,14,44,49,42,252,0,56,41,54,69,295
2022,1,D,발달상권,2120243,천호역,1353,629,724,6,186,250,315,291,305,2,63,108,142,123,191,4,123,142,173,168,114
2022,1,D,발달상권,2120242,강동구청역,4528,2937,1591,33,536,1064,1055,893,947,13,287,678,695,560,704,20,249,386,360,333,243
2022,1,D,발달상권,2120241,거여역,1197,650,547,5,110,221,296,277,288,2,80,152,161,83,172,3,30,69,135,194,116
2022,1,D,발달상권,2120240,개롱역,1609,1102,507,7,212,314,404,431,241,5,125,230,269,295,178,2,87,84,135,136,63
2022,1,D,발달상권,2120239,오금역,4700,3006,1694,17,851,1243,1186,911,492,11,456,826,848,495,370,6,395,417,338,416,122
2022,1,D,발달상권,2120238,방이역,412,251,161,4,47,97,113,76,75,3,22,45,60,57,64,1,25,52,53,19,11
2022,1,D,발달상권,2120237,경찰병원역,8608,5226,3382,58,1222,1655,1718,1449,2506,24,537,1057,1126,725,1757,34,685,598,592,724,749
2022,1,D,발달상권,2120236,장지역(가든파이브),4622,3221,1401,15,678,1056,1076,989,808,10,373,711,778,710,639,5,305,345,298,279,169
2022,1,D,발달상권,2120235,문정역,907,621,286,1,116,196,202,236,156,0,69,151,148,144,109,1,47,45,54,92,47
2022,1,D,발달상권,2120234,가락시장역,10268,6224,4044,11,1350,2490,2149,1678,2590,3,586,1468,1439,927,1801,8,764,1022,710,751,789
2022,1,D,발달상권,2120233,몽촌토성역,10357,5705,4652,28,1787,2711,2252,2152,1427,22,1123,1846,1193,782,739,6,664,865,1059,1370,688
2022,1,D,발달상권,2120232,송파나루역,1269,856,413,0,212,350,295,218,194,0,91,220,204,165,176,0,121,130,91,53,18
2022,1,D,발달상권,2120231,가락시장,5698,4083,1615,0,368,1051,1564,1654,1061,0,264,836,1185,1098,700,0,104,215,379,556,361
2022,1,D,발달상권,2120230,송파사거리(송파역),876,470,406,4,96,176,202,193,205,1,38,99,115,92,125,3,58,77,87,101,80
2022,1,D,발달상권,2120229,방이동먹자골목,7319,4732,2587,12,1062,2182,1915,1302,846,5,588,1347,1338,913,541,7,474,835,577,389,305
2022,1,D,발달상권,2120228,석촌역(석촌호수),4494,2725,1769,7,707,1306,1038,695,741,1,288,851,680,410,495,6,419,455,358,285,246
2022,1,D,발달상권,2120227,잠실역,45438,24212,21226,163,8139,11821,12755,11278,1282,51,3785,7433,7435,4548,960,112,4354,4388,5320,6730,322
2022,1,D,발달상권,2120226,석촌고분역,2408,1777,631,8,277,341,447,352,983,7,130,207,264,234,935,1,147,134,183,118,48
2022,1,D,발달상권,2120225,잠실새내역(신천),5750,3738,2012,25,929,1190,1248,1210,1148,3,467,728,831,853,856,22,462,462,417,357,292
2022,1,D,발달상권,2120224,수서역,12418,6339,6079,23,1900,3177,3167,2346,1805,12,860,1669,1497,1232,1069,11,1040,1508,1670,1114,736
2022,1,D,발달상권,2120223,휘문고교사거리,9166,5574,3592,20,1785,2926,2736,1401,298,4,1102,2061,1597,609,201,16,683,865,1139,792,97
2022,1,D,발달상권,2120222,삼성역,43324,24141,19183,244,8091,13641,10294,6385,4669,119,3186,7703,6883,3711,2539,125,4905,5938,3411,2674,2130
2022,1,D,발달상권,2120221,봉은사역,19513,12605,6908,22,4375,5782,3654,2813,2867,8,2402,4217,2849,1721,1408,14,1973,1565,805,1092,1459
2022,1,D,발달상권,2120220,대치역,5578,3302,2276,26,1841,2261,972,319,159,2,769,1465,717,225,124,24,1072,796,255,94,35
2022,1,D,발달상권,2120219,은마아파트,17161,5791,11370,202,3396,3816,3174,4058,2515,83,1254,1870,1373,817,394,119,2142,1946,1801,3241,2121
2022,1,D,발달상권,2120218,코엑스,290,54,236,0,116,103,58,13,0,0,13,16,16,9,0,0,103,87,42,4,0
2022,1,D,발달상권,2120217,대치사거리,2779,1478,1301,11,552,771,700,452,293,10,220,379,381,264,224,1,332,392,319,188,69
2022,1,D,발달상권,2120216,경기고교사거리(경기고교앞사거리),4934,3621,1313,8,712,1628,1666,772,148,5,291,1070,1431,703,121,3,421,558,235,69,27
2022,1,D,발달상권,2120215,포스코사거리,61656,40699,20957,170,9756,22505,18176,8404,2645,29,4305,14324,13853,6406,1782,141,5451,8181,4323,1998,863
2022,1,D,발달상권,2120214,영동대교남단교차로,3990,2902,1088,7,489,1173,1108,931,282,3,271,811,866,755,196,4,218,362,242,176,86
2022,1,D,발달상권,2120213,삼성중앙역,8472,5131,3341,50,1855,2469,1898,1065,1135,12,828,1511,1297,712,771,38,1027,958,601,353,364
2022,1,D,발달상권,2120212,한티역,713,378,335,1,115,178,190,137,92,1,36,85,116,78,62,0,79,93,74,59,30
2022,1,D,발달상권,2120211,도성초등학교,984,516,468,7,180,282,189,161,165,3,68,120,112,117,96,4,112,162,77,44,69
2022,1,D,발달상권,2120210,선릉역,48780,26797,21983,117,11358,13636,11065,7952,4652,54,5356,8026,6479,4158,2724,63,6002,5610,4586,3794,1928
2022,1,D,발달상권,2120209,"강남구청(청담역_8번, 강남세무서)",8984,2608,6376,34,2050,2683,2467,1170,580,9,538,752,537,393,379,25,1512,1931,1930,777,201
2022,1,D,발달상권,2120208,청담사거리(청담동명품거리),10577,4635,5942,38,3354,3776,2024,878,507,13,1031,1619,1113,501,358,25,2323,2157,911,377,149
2022,1,D,발달상권,2120207,선정릉역,12151,7422,4729,32,2685,4209,2741,1595,889,16,1111,2464,1939,1147,745,16,1574,1745,802,448,144
2022,1,D,발달상권,2120206,개나리아파트,5280,3376,1904,87,1661,1418,1095,666,353,27,868,957,784,463,277,60,793,461,311,203,76
2022,1,D,발달상권,2120205,매봉역,13950,9370,4580,95,2838,4203,3126,1781,1907,44,1450,2959,2521,1302,1094,51,1388,1244,605,479,813
2022,1,D,발달상권,2120204,르네상스호텔사거리,41471,20644,20827,102,8167,11056,10671,10081,1394,54,5016,7567,4988,2062,957,48,3151,3489,5683,8019,437
2022,1,D,발달상권,2120203,강남구청역,7726,4602,3124,27,1589,2070,1890,1381,769,8,650,1218,1293,882,551,19,939,852,597,499,218
2022,1,D,발달상권,2120202,압구정로데오역(압구정로데오),11735,6075,5660,41,2963,4419,2469,1425,418,11,793,2184,1593,1195,299,30,2170,2235,876,230,119
2022,1,D,발달상권,2120201,도곡1동,11559,6387,5172,116,3565,3472,2482,1299,625,31,1365,2021,1730,754,486,85,2200,1451,752,545,139
2022,1,D,발달상권,2120200,학동사거리,9363,3808,5555,26,2868,3075,1848,1005,541,9,654,1122,937,687,399,17,2214,1953,911,318,142
2022,1,D,발달상권,2120199,경복아파트교차로,3830,2283,1547,10,796,1196,781,572,475,4,317,721,498,390,353,6,479,475,283,182,122
2022,1,D,발달상권,2120198,구역삼세무서,11531,7246,4285,23,2691,3529,2889,1562,837,12,1141,2216,2115,1139,623,11,1550,1313,774,423,214
2022,1,D,발달상권,2120197,역삼역,58694,38567,20127,93,10088,18053,15887,10835,3738,43,5227,11916,11864,7079,2438,50,4861,6137,4023,3756,1300
2022,1,D,발달상권,2120196,서울세관,9687,5900,3787,15,1708,2897,2579,1614,874,2,604,1527,1719,1323,725,13,1104,1370,860,291,149
2022,1,D,발달상권,2120195,성수대교남단,5611,2685,2926,39,1393,2394,1102,426,257,15,487,1194,634,208,147,24,906,1200,468,218,110
2022,1,D,발달상권,2120194,언주역(차병원),12628,8724,3904,37,2790,4202,2802,1923,874,14,1366,2863,2239,1588,654,23,1424,1339,563,335,220
2022,1,D,발달상권,2120193,도산공원교차로,6384,3798,2586,15,1278,1918,1493,983,697,6,466,1071,1021,696,538,9,812,847,472,287,159
2022,1,D,발달상권,2120192,뱅뱅사거리,27462,18935,8527,73,5758,8273,6703,4372,2283,38,3280,5616,5106,3189,1706,35,2478,2657,1597,1183,577
2022,1,D,발달상권,2120191,학동역,13862,8102,5760,40,2889,3759,2967,1864,2343,17,1120,2144,2011,1130,1680,23,1769,1615,956,734,663
2022,1,D,발달상권,2120190,강남을지병원,11703,6183,5520,44,3417,3226,2498,1508,1010,14,1228,1648,1560,985,748,30,2189,1578,938,523,262
2022,1,D,발달상권,2120189,강남역,72613,38819,33794,234,17636,24305,18411,9151,2876,59,6629,13226,10962,5914,2029,175,11007,11079,7449,3237,847
2022,1,D,발달상권,2120188,압구정역,8579,3750,4829,134,2204,2146,1550,1314,1231,47,698,969,897,556,583,87,1506,1177,653,758,648
2022,1,D,발달상권,2120187,신논현역,13076,7778,5298,64,3624,3962,2984,1673,769,27,1516,2302,2121,1247,565,37,2108,1660,863,426,204
2022,1,D,발달상권,2120186,가로수길,6518,3580,2938,19,1316,2133,1570,895,585,5,447,1174,950,573,431,14,869,959,620,322,154
2022,1,D,발달상권,2120185,논현역,12764,7403,5361,29,2731,4125,3228,1879,772,10,1040,2435,2232,1195,491,19,1691,1690,996,684,281
2022,1,D,발달상권,2120184,포이사거리(삼호물산),10139,7003,3136,20,1553,3044,2666,1705,1151,10,846,2068,2010,1212,857,10,707,976,656,493,294
2022,1,D,발달상권,2120183,양재천카페거리,3558,2626,932,12,586,972,848,551,589,10,364,717,638,413,484,2,222,255,210,138,105
2022,1,D,발달상권,2120182,"양재시민의숲역(양재동꽃시장, aT센터)",6144,4255,1889,33,1041,1652,1482,1259,677,14,539,1144,1089,924,545,19,502,508,393,335,132
2022,1,D,발달상권,2120181,교육개발원입구사거리,7278,4440,2838,316,2978,1563,1247,730,444,145,1506,983,939,536,331,171,1472,580,308,194,113
2022,1,D,발달상권,2120180,양재화물트럭터미널앞,2562,2146,416,13,637,812,554,409,137,10,466,711,481,363,115,3,171,101,73,46,22
2022,1,D,발달상권,2120179,양재역,21445,16961,4484,59,3105,7307,5206,3969,1799,34,2177,6101,4309,3030,1310,25,928,1206,897,939,489
2022,1,D,발달상권,2120178,신사역,10933,5953,4980,34,2539,2847,2355,1810,1348,13,871,1570,1480,999,1020,21,1668,1277,875,811,328
2022,1,D,발달상권,2120177,신논현역 1번,694,436,258,1,84,187,202,143,77,0,34,111,130,106,55,1,50,76,72,37,22
2022,1,D,발달상권,2120176,논현역 4번,893,566,327,1,130,216,195,168,183,1,67,126,129,106,137,0,63,90,66,62,46
2022,1,D,발달상권,2120175,남부터미널역,8239,5313,2926,32,1702,2478,1995,1290,742,6,856,1691,1361,852,547,26,846,787,634,438,195
2022,1,D,발달상권,2120174,논현역 5번,682,380,302,6,108,196,155,95,122,4,39,108,90,59,80,2,69,88,65,36,42
2022,1,D,발달상권,2120173,교대역(법원.검찰청),18197,10449,7748,74,3267,5392,4725,3068,1671,29,1418,3003,2843,1896,1260,45,1849,2389,1882,1172,411
2022,1,D,발달상권,2120172,교대입구교차로,10241,5712,4529,53,2062,2700,2445,1945,1036,33,854,1635,1489,1004,697,20,1208,1065,956,941,339
2022,1,D,발달상권,2120171,서초3동사거리,11750,6206,5544,15,1990,3845,2551,1862,1487,6,827,1746,1496,1064,1067,9,1163,2099,1055,798,420
2022,1,D,발달상권,2120170,삼호가든사거리,2026,1161,865,8,279,587,623,346,183,7,113,333,412,168,128,1,166,254,211,178,55
2022,1,D,발달상권,2120169,서초역,15771,7185,8586,70,3824,4195,3945,2657,1080,30,1313,1990,1801,1235,816,40,2511,2205,2144,1422,264
2022,1,D,발달상권,2120168,서울고교교차로,569,378,191,1,58,166,147,103,94,0,28,98,107,78,67,1,30,68,40,25,27
2022,1,D,발달상권,2120167,고속터미널(고속터미널역),5078,2994,2084,6,600,1311,1087,924,1150,5,318,915,786,488,482,1,282,396,301,436,668
2022,1,D,발달상권,2120166,방배역,5467,3282,2185,90,1234,1594,1033,699,817,26,523,920,713,451,649,64,711,674,320,248,168
2022,1,D,발달상권,2120165,서래마을카페거리(서래마을),3467,2266,1201,11,605,1119,949,516,267,3,277,716,707,369,194,8,328,403,242,147,73
2022,1,D,발달상권,2120164,내방역,8574,5973,2601,56,1923,2821,1862,1128,784,48,1160,1998,1383,799,585,8,763,823,479,329,199
2022,1,D,발달상권,2120163,사당역 11번(사당역먹자골목),491,290,201,0,55,119,99,86,132,0,28,73,57,50,82,0,27,46,42,36,50
2022,1,D,발달상권,2120162,방배동카페골목,1253,717,536,61,207,200,219,215,351,57,126,142,110,93,189,4,81,58,109,122,162
2022,1,D,발달상권,2120161,방배동가구거리(사당동가구거리),2517,1833,684,3,187,342,315,347,1323,2,78,178,165,202,1208,1,109,164,150,145,115
2022,1,D,발달상권,2120160,사당역(사당),9153,4750,4403,14,1560,2594,2716,1534,735,4,617,1307,1324,997,501,10,943,1287,1392,537,234
2022,1,D,발달상권,2120159,서울대입구역,1430,763,667,12,289,320,321,238,250,6,116,164,174,133,170,6,173,156,147,105,80
2022,1,D,발달상권,2120158,녹두거리(대학동),695,550,145,2,31,73,200,279,110,0,7,41,163,241,98,2,24,32,37,38,12
2022,1,D,발달상권,2120157,신림역(신림),593,255,338,1,95,115,145,125,112,0,19,40,81,48,67,1,76,75,64,77,45
2022,1,D,발달상권,2120156,"총신대입구역(이수, 총신대)",3255,1425,1830,14,615,769,718,629,510,7,201,327,374,254,262,7,414,442,344,375,248
2022,1,D,발달상권,2120155,총신대학교,111,57,54,0,13,27,27,26,18,0,7,8,15,15,12,0,6,19,12,11,6
2022,1,D,발달상권,2120154,장승배기역,479,199,280,1,61,123,126,106,62,0,16,58,67,35,23,1,45,65,59,71,39
2022,1,D,발달상권,2120153,노량진역(노량진),3699,1844,1855,10,521,1209,935,690,334,2,193,496,461,465,227,8,328,713,474,225,107
2022,1,D,발달상권,2120152,신대방삼거리역,594,291,303,1,66,127,155,154,91,1,22,63,84,74,47,0,44,64,71,80,44
2022,1,D,발달상권,2120151,보라매공원,2417,1455,962,6,401,736,707,383,184,4,194,433,450,237,137,2,207,303,257,146,47
2022,1,D,발달상권,2120150,63빌딩,7632,4749,2883,29,989,1932,2741,1691,250,5,494,1296,1379,1422,153,24,495,636,1362,269,97
2022,1,D,발달상권,2120149,여의도역(여의도),69255,45888,23367,184,11383,22550,19240,12096,3802,34,5884,14085,14147,9350,2388,150,5499,8465,5093,2746,1414
2022,1,D,발달상권,2120148,국회의사당역(국회의사당),31135,19451,11684,82,6815,10231,7641,4493,1873,27,3082,6187,5424,3397,1334,55,3733,4044,2217,1096,539
2022,1,D,발달상권,2120147,보라매역,1981,1262,719,6,292,455,377,378,473,3,99,312,255,270,323,3,193,143,122,108,150
2022,1,D,발달상권,2120146,한강성심병원,5045,2866,2179,18,1237,1249,1097,821,623,8,395,663,729,584,487,10,842,586,368,237,136
2022,1,D,발달상권,2120145,영등포역(영등포),3856,1817,2039,22,673,1021,921,702,517,0,202,441,486,388,300,22,471,580,435,314,217
2022,1,D,발달상권,2120144,영중로,2015,1072,943,1,254,394,507,598,261,1,142,276,288,230,135,0,112,118,219,368,126
2022,1,D,발달상권,2120143,당산역,2723,2018,705,9,329,524,575,532,754,2,194,398,412,396,616,7,135,126,163,136,138
2022,1,D,발달상권,2120142,대림역,1559,847,712,2,235,282,348,386,306,0,69,145,190,230,213,2,166,137,158,156,93
2022,1,D,발달상권,2120141,영등포청과시장교차로,601,418,183,2,71,137,188,115,88,1,36,85,133,86,77,1,35,52,55,29,11
2022,1,D,발달상권,2120140,문래동주민센터,6162,3296,2866,22,1447,1840,1635,916,302,11,558,993,992,517,225,11,889,847,643,399,77
2022,1,D,발달상권,2120139,대림3동사거리,3619,2404,1215,14,423,867,992,727,596,5,220,632,783,462,302,9,203,235,209,265,294
2022,1,D,발달상권,2120138,당산2동(영등포우체국),2754,1653,1101,23,745,579,479,488,440,15,395,347,312,309,275,8,350,232,167,179,165
2022,1,D,발달상권,2120137,문래역(문래로데오거리),50,21,29,2,11,8,13,12,4,0,4,1,7,7,2,2,7,7,6,5,2
2022,1,D,발달상권,2120136,영등포구청역,6617,3299,3318,20,1193,1504,1423,1444,1033,12,575,848,775,592,497,8,618,656,648,852,536
2022,1,D,발달상권,2120135,양평역,5072,3013,2059,32,1300,1280,1187,776,497,11,626,825,676,441,434,21,674,455,511,335,63
2022,1,D,발달상권,2120134,구로전화국,2014,1668,346,0,107,157,172,223,1355,0,44,75,96,153,1300,0,63,82,76,70,55
2022,1,D,발달상권,2120133,서울시흥동우체국(홈플러스시흥점),142,55,87,1,14,22,27,42,36,1,5,10,12,11,16,0,9,12,15,31,20
2022,1,D,발달상권,2120132,독산동,4203,2884,1319,13,512,908,1016,1074,680,12,350,650,695,701,476,1,162,258,321,373,204
2022,1,D,발달상권,2120131,가산디지털단지,81100,53404,27696,289,16340,25683,20119,11582,7087,184,8639,17229,14518,7692,5142,105,7701,8454,5601,3890,1945
2022,1,D,발달상권,2120130,구로디지털단지역,1136,620,516,1,169,376,236,212,142,0,59,208,125,125,103,1,110,168,111,87,39
2022,1,D,발달상권,2120129,구로디지털단지,47750,31091,16659,195,10197,16227,12034,5678,3419,126,5117,10736,8454,3920,2738,69,5080,5491,3580,1758,681
2022,1,D,발달상권,2120128,신도림역,1253,656,597,7,191,318,382,243,112,1,75,153,191,149,87,6,116,165,191,94,25
2022,1,D,발달상권,2120127,구로구청,5918,3878,2040,6,614,1229,1440,1444,1185,5,365,976,1050,808,674,1,249,253,390,636,511
2022,1,D,발달상권,2120126,디지털단지오거리,135,86,49,0,11,30,48,26,20,0,2,16,38,15,15,0,9,14,10,11,5
2022,1,D,발달상권,2120125,구로역,9291,6324,2967,24,1029,2136,2412,2271,1419,12,581,1466,1596,1572,1097,12,448,670,816,699,322
2022,1,D,발달상권,2120124,개봉동 현대아파트,461,205,256,0,63,89,119,82,108,0,18,26,49,43,69,0,45,63,70,39,39
2022,1,D,발달상권,2120123,오류동역,2120,1645,475,1,313,413,505,594,294,0,276,331,389,425,224,1,37,82,116,169,70
2022,1,D,발달상권,2120122,강서구청,2137,1208,929,4,308,444,489,437,455,2,103,218,267,256,362,2,205,226,222,181,93
2022,1,D,발달상권,2120121,까치산역,344,135,209,2,49,40,67,101,85,2,12,14,27,41,39,0,37,26,40,60,46
2022,1,D,발달상권,2120120,화곡역,927,405,522,1,177,218,193,196,142,0,46,109,84,81,85,1,131,109,109,115,57
2022,1,D,발달상권,2120119,발산역(마곡),1427,686,741,2,184,339,416,350,136,1,54,148,211,174,98,1,130,191,205,176,38
2022,1,D,발달상권,2120117,강서농산물도매시장,430,263,167,0,12,60,121,145,92,0,9,46,75,82,51,0,3,14,46,63,41
2022,1,D,발달상권,2120116,송정역,117,64,53,0,17,27,28,20,25,0,9,11,15,10,19,0,8,16,13,10,6
2022,1,D,발달상권,2120114,목동신시가지,13614,9392,4222,46,2086,3824,3484,2915,1259,29,1130,2623,2555,2209,846,17,956,1201,929,706,413
2022,1,D,발달상권,2120113,오목교역,628,372,256,2,96,144,162,136,88,1,45,79,94,92,61,1,51,65,68,44,27
2022,1,D,발달상권,2120112,등촌역,1633,1138,495,10,223,388,373,358,281,6,100,270,265,265,232,4,123,118,108,93,49
2022,1,D,발달상권,2120111,목동사거리,1828,710,1118,1,551,601,341,219,115,0,101,248,161,116,84,1,450,353,180,103,31
2022,1,D,발달상권,2120110,목동역 8번출구,1858,1400,458,2,142,216,286,247,965,1,42,102,166,181,908,1,100,114,120,66,57
2022,1,D,발달상권,2120109,서울남부지방법원,608,342,266,2,56,104,110,170,166,1,18,40,50,104,129,1,38,64,60,66,37
2022,1,D,발달상권,2120108,신정네거리역,992,580,412,2,93,215,220,242,220,1,28,110,112,160,169,1,65,105,108,82,51
2022,1,D,발달상권,2120107,공덕역(공덕오거리),13077,7619,5458,43,2471,3470,3552,3026,515,9,1021,2002,2300,1900,387,34,1450,1468,1252,1126,128
2022,1,D,발달상권,2120106,마포역,11462,7104,4358,12,1804,2735,2677,2306,1928,8,917,1662,1889,1435,1193,4,887,1073,788,871,735
2022,1,D,발달상권,2120105,상수역(홍대),524,273,251,4,126,153,122,71,48,2,51,74,70,42,34,2,75,79,52,29,14
2022,1,D,발달상권,2120104,연남동(홍대),5955,3176,2779,20,1117,1491,1289,1103,935,12,428,824,772,620,520,8,689,667,517,483,415
2022,1,D,발달상권,2120103,홍대입구역(홍대),9580,5991,3589,87,2167,2434,2066,1613,1213,61,1145,1486,1404,988,907,26,1022,948,662,625,306
2022,1,D,발달상권,2120102,서교동(홍대),7276,3402,3874,18,1521,2551,1814,899,473,11,496,1065,913,566,351,7,1025,1486,901,333,122
2022,1,D,발달상권,2120101,합정역,1932,1048,884,2,302,520,515,399,194,2,89,236,312,266,143,0,213,284,203,133,51
2022,1,D,발달상권,2120100,망원역,900,436,464,3,192,236,215,153,101,1,49,107,117,103,59,2,143,129,98,50,42
2022,1,D,발달상권,2120099,월드컵경기장역(월드컵경기장),84,57,27,0,11,20,26,14,13,0,6,16,21,7,7,0,5,4,5,7,6
2022,1,D,발달상권,2120098,DMC(디지털미디어시티),8846,5391,3455,19,1691,3228,2856,875,177,11,813,1995,1821,616,135,8,878,1233,1035,259,42
2022,1,D,발달상권,2120097,충정로역,2246,1354,892,0,321,658,631,407,229,0,172,390,397,254,141,0,149,268,234,153,88
2022,1,D,발달상권,2120096,"이화여대(이대역, 이대)",470,195,275,1,79,135,125,79,51,0,27,51,46,38,33,1,52,84,79,41,18
2022,1,D,발달상권,2120095,홍제역,922,520,402,1,73,107,260,362,119,0,17,56,137,222,88,1,56,51,123,140,31
2022,1,D,발달상권,2120094,"신촌역(신촌역, 신촌로터리)",5355,2430,2925,67,2390,1192,681,594,431,23,999,589,299,279,241,44,1391,603,382,315,190
2022,1,D,발달상권,2120093,연희동,661,351,310,2,60,125,170,195,109,0,27,62,91,103,68,2,33,63,79,92,41
2022,1,D,발달상권,2120092,불광역,274,147,127,0,33,51,83,52,55,0,12,29,44,21,41,0,21,22,39,31,14
2022,1,D,발달상권,2120091,본서부병원,516,192,324,1,51,69,119,165,111,0,20,28,51,55,38,1,31,41,68,110,73
2022,1,D,발달상권,2120090,연신내역,687,262,425,5,180,133,134,129,106,1,64,55,49,45,48,4,116,78,85,84,58
2022,1,D,발달상권,2120089,구파발역,1,0,1,0,0,0,1,0,0,0,0,0,0,0,0,0,0,0,1,0,0
2022,1,D,발달상권,2120088,구산역,799,279,520,2,86,117,175,272,147,2,30,65,68,59,55,0,56,52,107,213,92
2022,1,D,발달상권,2120087,응암역,441,272,169,0,45,84,114,106,92,0,17,50,78,60,67,0,28,34,36,46,25
2022,1,D,발달상권,2120086,태릉입구역,382,205,177,0,42,78,82,102,78,0,24,43,35,49,54,0,18,35,47,53,24
2022,1,D,발달상권,2120085,은행사거리,317,121,196,4,51,48,80,78,56,3,11,14,21,40,32,1,40,34,59,38,24
2022,1,D,발달상권,2120084,공릉역,712,546,166,3,33,59,110,240,267,1,11,22,63,205,244,2,22,37,47,35,23
2022,1,D,발달상권,2120083,등나무근린공원,1184,787,397,0,166,325,271,283,139,0,114,228,171,179,95,0,52,97,100,104,44
2022,1,D,발달상권,2120082,상계백병원,426,148,278,0,85,102,118,82,39,0,21,24,39,43,21,0,64,78,79,39,18
2022,1,D,발달상권,2120081,노원역,1552,508,1044,9,369,295,343,307,229,2,66,87,125,121,107,7,303,208,218,186,122
2022,1,D,발달상권,2120080,마들역,180,46,134,0,30,45,46,36,23,0,2,7,9,13,15,0,28,38,37,23,8
2022,1,D,발달상권,2120079,창동역,1326,796,530,0,151,232,320,304,319,0,54,108,172,195,267,0,97,124,148,109,52
2022,1,D,발달상권,2120078,미아사거리역,145,90,55,0,27,29,29,31,29,0,12,17,21,18,22,0,15,12,8,13,7
2022,1,D,발달상권,2120077,미아역,218,97,121,0,32,37,52,64,33,0,11,8,18,38,22,0,21,29,34,26,11
2022,1,D,발달상권,2120076,수유역,1930,865,1065,7,241,303,422,465,492,4,62,102,176,240,281,3,179,201,246,225,211
2022,1,D,발달상권,2120075,월곡역,369,213,156,1,40,86,97,67,78,0,17,48,54,44,50,1,23,38,43,23,28
2022,1,D,발달상권,2120074,안암역,59,28,31,1,12,16,12,8,10,0,5,9,7,2,5,1,7,7,5,6,5
2022,1,D,발달상권,2120073,미아사거리,353,135,218,3,40,67,95,95,53,2,16,29,45,23,20,1,24,38,50,72,33
2022,1,D,발달상권,2120072,성신여대,1048,537,511,18,137,211,213,271,198,11,46,86,103,152,139,7,91,125,110,119,59
2022,1,D,발달상권,2120071,성북구청,255,127,128,0,36,55,64,62,38,0,14,22,38,31,22,0,22,33,26,31,16
2022,1,D,발달상권,2120070,한성대입구역,466,180,286,2,83,69,78,113,121,2,21,31,37,38,51,0,62,38,41,75,70
2022,1,D,발달상권,2120069,상봉역,932,597,335,6,147,258,263,151,107,4,102,158,163,99,71,2,45,100,100,52,36
2022,1,D,발달상권,2120068,사가정역,145,45,100,3,38,31,25,22,26,0,1,5,12,12,15,3,37,26,13,10,11
2022,1,D,발달상권,2120067,장안동사거리,2587,1169,1418,9,427,578,671,577,325,7,165,280,258,255,204,2,262,298,413,322,121
2022,1,D,발달상권,2120066,장한평역(장한평),7424,4770,2654,43,1531,1839,1491,1235,1285,10,739,1202,991,818,1010,33,792,637,500,417,275
2022,1,D,발달상권,2120065,회기역,326,207,119,3,48,55,89,76,55,1,27,39,49,49,42,2,21,16,40,27,13
2022,1,D,발달상권,2120064,경희대학교(경희대),97,44,53,0,14,27,21,13,22,0,9,13,10,4,8,0,5,14,11,9,14
2022,1,D,발달상권,2120063,청량리역(청량리),1182,514,668,3,225,221,239,246,248,2,66,86,89,116,155,1,159,135,150,130,93
2022,1,D,발달상권,2120062,신설동역,12641,5433,7208,13,1215,2605,3449,3480,1879,2,445,1435,1625,1123,803,11,770,1170,1824,2357,1076
2022,1,D,발달상권,2120061,올림픽대교북단,1094,864,230,1,228,403,324,95,43,0,165,326,290,55,28,1,63,77,34,40,15
2022,1,D,발달상권,2120060,강변역(테크노마트),3189,2348,841,12,402,686,870,703,516,2,209,509,686,549,393,10,193,177,184,154,123
2022,1,D,발달상권,2120059,구삼강변맛길,3279,1781,1498,6,431,676,555,747,864,4,244,472,367,322,372,2,187,204,188,425,492
2022,1,D,발달상권,2120058,구의사거리,688,333,355,2,92,158,174,181,81,1,33,79,80,77,63,1,59,79,94,104,18
2022,1,D,발달상권,2120057,아차산역,2218,1220,998,52,412,432,503,468,351,19,236,257,289,206,213,33,176,175,214,262,138
2022,1,D,발달상권,2120056,구의역,2200,1115,1085,7,350,431,596,491,325,6,119,173,290,313,214,1,231,258,306,178,111
2022,1,D,발달상권,2120055,군자역,4255,2030,2225,33,1138,780,911,991,402,23,548,430,436,330,263,10,590,350,475,661,139
2022,1,D,발달상권,2120054,어린이대공원역,1243,826,417,0,90,153,311,440,249,0,25,88,205,321,187,0,65,65,106,119,62
2022,1,D,발달상권,2120053,건대입구역(건대),859,491,368,5,147,141,172,187,207,2,40,61,95,130,163,3,107,80,77,57,44
2022,1,D,발달상권,2120052,성수역,11387,7284,4103,23,2113,2900,2661,2238,1452,12,1170,1971,1783,1298,1050,11,943,929,878,940,402
2022,1,D,발달상권,2120051,뚝섬역,3944,2582,1362,20,703,946,867,651,757,15,446,646,549,445,481,5,257,300,318,206,276
2022,1,D,발달상권,2120050,서울숲역,212,159,53,0,33,40,60,52,27,0,19,30,47,41,22,0,14,10,13,11,5
2022,1,D,발달상권,2120049,왕십리역(왕십리),1459,1004,455,1,183,301,377,468,129,1,92,187,272,371,81,0,91,114,105,97,48
2022,1,D,발달상권,2120048,금호역,80,31,49,0,16,10,18,24,12,0,2,2,6,13,8,0,14,8,12,11,4
2022,1,D,발달상권,2120047,한남오거리,2290,1458,832,11,366,751,623,343,196,9,152,461,438,249,149,2,214,290,185,94,47
2022,1,D,발달상권,2120046,이태원(이태원역),2276,1295,981,24,817,682,338,220,195,15,389,421,205,134,131,9,428,261,133,86,64
2022,1,D,발달상권,2120045,남영동 먹자골목,4044,1580,2464,7,424,908,1421,1162,122,1,257,576,502,205,39,6,167,332,919,957,83
2022,1,D,발달상권,2120044,삼각지역,1611,1164,447,5,313,408,385,330,170,5,185,303,315,234,122,0,128,105,70,96,48
2022,1,D,발달상권,2120043,서울역,22578,15322,7256,58,4087,7782,5513,3664,1474,27,2087,4897,4201,3033,1077,31,2000,2885,1312,631,397
2022,1,D,발달상권,2120042,"숙대입구역(남영역, 남영동)",4057,2797,1260,20,750,1490,1024,558,215,8,370,894,831,510,184,12,380,596,193,48,31
2022,1,D,발달상권,2120041,신용산역(용산역),16270,5741,10529,72,4012,5520,4509,1569,588,25,1308,1921,1510,595,382,47,2704,3599,2999,974,206
2022,1,D,발달상권,2120040,용산전자상가(용산역),8014,5960,2054,43,1390,2727,2224,1236,394,30,882,2007,1729,997,315,13,508,720,495,239,79
2022,1,D,발달상권,2120039,신당역,2321,1230,1091,31,793,486,404,333,274,11,347,244,225,219,184,20,446,242,179,114,90
2022,1,D,발달상권,2120038,약수역,2289,1360,929,7,436,739,579,320,208,1,189,451,383,195,141,6,247,288,196,125,67
2022,1,D,발달상권,2120037,동대문역사문화공원역,35320,17057,18263,421,11234,9194,6981,5237,2253,180,5605,5543,3901,1328,500,241,5629,3651,3080,3909,1753
2022,1,D,발달상권,2120036,장충동족발거리(남소영길),2289,1090,1199,14,616,783,556,223,97,0,122,393,365,155,55,14,494,390,191,68,42
2022,1,D,발달상권,2120035,퇴계로5가,2257,1368,889,7,650,570,525,321,184,3,282,379,388,200,116,4,368,191,137,121,68
2022,1,D,발달상권,2120034,중구청(퇴계로4가),1538,1044,494,7,107,227,400,437,360,5,47,128,262,325,277,2,60,99,138,112,83
2022,1,D,발달상권,2120033,을지로4가역,874,443,431,7,128,213,194,204,128,1,45,108,99,91,99,6,83,105,95,113,29
2022,1,D,발달상권,2120032,충무로역,11403,5304,6099,36,1756,2560,3266,2711,1074,15,589,1271,1554,1201,674,21,1167,1289,1712,1510,400
2022,1,D,발달상권,2120031,을지로3가역,6147,3450,2697,9,699,1541,1643,1286,969,0,223,730,924,892,681,9,476,811,719,394,288
2022,1,D,발달상권,2120030,중부경찰서(영화인의거리),11889,6798,5091,53,2154,3638,3423,1960,661,16,721,2139,2092,1366,464,37,1433,1499,1331,594,197
2022,1,D,발달상권,2120029,을지로2가,7461,4461,3000,27,1938,2808,1698,798,192,7,787,1650,1165,693,159,20,1151,1158,533,105,33
2022,1,D,발달상권,2120028,명동(명동거리),12797,7708,5089,41,2137,3592,3670,2246,1111,16,1028,1982,2334,1641,707,25,1109,1610,1336,605,404
2022,1,D,발달상권,2120027,명동역(명동재미로),18097,8477,9620,67,2695,5851,6070,3074,340,9,859,2588,2522,2321,178,58,1836,3263,3548,753,162
2022,1,D,발달상권,2120026,을지로입구역,30610,18501,12109,14,4275,11589,8473,5661,598,4,1729,5846,5959,4562,401,10,2546,5743,2514,1099,197
2022,1,D,발달상권,2120025,롯데백화점(시청광장 지하쇼핑센터),22641,6272,16369,229,12750,7002,1623,944,93,71,3075,2028,779,248,71,158,9675,4974,844,696,22
2022,1,D,발달상권,2120024,회현역,2167,1364,803,2,341,795,582,250,197,1,146,473,416,192,136,1,195,322,166,58,61
2022,1,D,발달상권,2120023,서울시청,10242,5534,4708,15,2234,3260,2778,1425,530,4,852,1657,1658,983,380,11,1382,1603,1120,442,150
2022,1,D,발달상권,2120022,북창동(시청역_6번),5197,3160,2037,24,1010,1611,1149,767,636,2,391,936,852,543,436,22,619,675,297,224,200
2022,1,D,발달상권,2120021,시청역_8번,24117,15220,8897,74,4137,8250,7186,3526,944,13,1738,4529,5241,3020,679,61,2399,3721,1945,506,265
2022,1,D,발달상권,2120020,시청역_1번,10375,7489,2886,40,2120,3185,2952,1721,357,21,1118,2220,2480,1370,280,19,1002,965,472,351,77
2022,1,D,발달상권,2120019,경찰청앞교차로,5958,3146,2812,26,1051,2221,1625,793,242,8,274,1044,982,619,219,18,777,1177,643,174,23
2022,1,D,발달상권,2120018,중림동,2187,1366,821,2,393,736,598,293,165,2,207,425,357,237,138,0,186,311,241,56,27
2022,1,D,발달상권,2120017,동묘앞역(동묘),626,149,477,0,62,124,251,120,69,0,7,33,35,27,47,0,55,91,216,93,22
2022,1,D,발달상권,2120016,동대문역,193,120,73,1,10,27,45,44,66,0,6,14,20,31,49,1,4,13,25,13,17
2022,1,D,발달상권,2120015,종로6가,302,153,149,0,49,64,69,65,55,0,17,23,27,42,44,0,32,41,42,23,11
2022,1,D,발달상권,2120014,종로5가역,4887,2839,2048,375,1123,1351,1205,597,236,112,456,860,851,397,163,263,667,491,354,200,73
2022,1,D,발달상권,2120013,이화사거리,7552,5465,2087,8,1309,2510,2065,1290,370,1,628,1731,1677,1167,261,7,681,779,388,123,109
2022,1,D,발달상권,2120012,대학로(혜화역),2061,929,1132,10,357,603,507,318,266,5,105,208,252,171,188,5,252,395,255,147,78
2022,1,D,발달상권,2120011,종로4가,2980,1663,1317,5,420,1022,880,514,139,0,165,497,518,378,105,5,255,525,362,136,34
2022,1,D,발달상권,2120010,원남동사거리,4107,2297,1810,50,1544,1305,655,383,170,2,585,793,487,297,133,48,959,512,168,86,37
2022,1,D,발달상권,2120009,종로3가역,8495,4786,3709,19,1355,2296,2026,1582,1217,8,563,1230,1198,953,834,11,792,1066,828,629,383
2022,1,D,발달상권,2120008,인사동,22070,13019,9051,1263,7895,5069,3940,2756,1147,589,4005,3077,2666,2006,676,674,3890,1992,1274,750,471
2022,1,D,발달상권,2120007,북촌(안국역),10172,8081,2091,7,1112,3577,3084,1913,479,5,623,2851,2568,1659,375,2,489,726,516,254,104
2022,1,D,발달상권,2120006,종각역,33181,16028,17153,59,5900,11133,9928,5489,672,14,2254,4920,4677,3672,491,45,3646,6213,5251,1817,181
2022,1,D,발달상권,2120005,삼청동,3053,2795,258,1,399,712,898,817,226,0,340,633,848,776,198,1,59,79,50,41,28
2022,1,D,발달상권,2120004,종로구청,12937,7078,5859,9,1442,4392,4485,2080,529,4,432,2050,2756,1493,343,5,1010,2342,1729,587,186
2022,1,D,발달상권,2120003,광화문역,44202,27021,17181,79,6413,12958,13138,8070,3544,12,2655,7612,8988,5645,2109,67,3758,5346,4150,2425,1435
2022,1,D,발달상권,2120002,서촌(경복궁역),2008,1079,929,37,492,680,426,224,149,0,190,388,263,133,105,37,302,292,163,91,44
2022,1,D,발달상권,2120001,서대문역,1510,1022,488,1,265,530,359,278,77,1,106,344,272,237,62,0,159,186,87,41,15
2022,1,A,골목상권,2111090,강일동주민센터,91,35,56,0,15,30,23,17,6,0,1,10,10,10,4,0,14,20,13,7,2
2022,1,A,골목상권,2111089,상일여고(상일초등학교),758,508,250,0,51,131,184,236,156,0,32,81,128,155,112,0,19,50,56,81,44
2022,1,A,골목상권,2111088,고덕동성당,123,54,69,0,15,32,32,31,13,0,4,15,10,15,10,0,11,17,22,16,3
2022,1,A,골목상권,2111087,고덕중학교(고덕2동주민센터),197,89,108,0,26,46,62,36,27,0,5,21,26,17,20,0,21,25,36,19,7
2022,1,A,골목상권,2111086,한영중고,297,202,95,1,27,45,73,101,50,1,17,22,52,69,41,0,10,23,21,32,9
2022,1,A,골목상권,2111085,묘곡초등학교(고덕아이파크아파트),800,452,348,0,68,111,152,196,273,0,35,72,80,84,181,0,33,39,72,112,92
2022,1,A,골목상권,2111084,길동신동아아파트,169,104,65,2,27,32,37,58,13,2,21,23,24,25,9,0,6,9,13,33,4
2022,1,A,골목상권,2111083,GS강동자이아파트,411,245,166,0,67,62,70,100,112,0,47,43,41,44,70,0,20,19,29,56,42
2022,1,A,골목상권,2111082,중앙보훈병원,64,44,20,0,3,9,11,23,18,0,1,3,5,18,17,0,2,6,6,5,1
2022,1,A,골목상권,2111081,둔촌푸르지오아파트,78,50,28,0,8,17,18,18,17,0,4,12,13,6,15,0,4,5,5,12,2
2022,1,A,골목상권,2111080,굽은다리역 3번,434,235,199,0,44,77,100,110,103,0,12,52,63,58,50,0,32,25,37,52,53
2022,1,A,골목상권,2111079,둔촌고등학교(둔촌중학교),395,202,193,1,52,59,66,79,138,1,32,35,35,28,71,0,20,24,31,51,67
2022,1,A,골목상권,2111078,굽은다리역 4번,1728,1017,711,1,135,299,374,480,439,1,75,185,212,270,274,0,60,114,162,210,165
2022,1,A,골목상권,2111077,길동주민센터(강동도서관),1272,737,535,4,121,258,294,321,274,1,49,138,167,188,194,3,72,120,127,133,80
2022,1,A,골목상권,2111076,둔촌2동주민센터,297,174,123,0,25,49,61,86,76,0,14,24,34,39,63,0,11,25,27,47,13
2022,1,A,골목상권,2111075,굽은다리역 2번,192,115,77,0,14,42,52,54,30,0,14,28,24,33,16,0,0,14,28,21,14
2022,1,A,골목상권,2111074,명일역 1번,148,77,71,2,31,38,40,16,21,1,9,23,23,10,11,1,22,15,17,6,10
2022,1,A,골목상권,2111073,둔촌동역 1번(한산중학교),973,578,395,1,134,224,250,206,158,1,58,122,160,124,113,0,76,102,90,82,45
2022,1,A,골목상권,2111072,굽은다리역 1번(십자성마을),739,467,272,1,56,119,199,185,179,0,18,70,114,126,139,1,38,49,85,59,40
2022,1,A,골목상권,2111071,천동초등학교,76,52,24,0,4,15,21,25,11,0,4,6,18,16,8,0,0,9,3,9,3
2022,1,A,골목상권,2111070,천호초등학교,127,73,54,1,7,23,40,28,28,0,3,10,23,17,20,1,4,13,17,11,8
2022,1,A,골목상권,2111069,천호1동주민센터,79,54,25,0,8,17,17,26,11,0,4,12,14,14,10,0,4,5,3,12,1
2022,1,A,골목상권,2111068,강동성심병원,1570,605,965,0,532,392,271,203,172,0,126,134,114,101,130,0,406,258,157,102,42
2022,1,A,골목상권,2111067,강동구립성내도서관,746,414,332,2,73,149,192,177,153,1,36,98,107,84,88,1,37,51,85,93,65
2022,1,A,골목상권,2111066,암사동성당(효정하나플러스아파트),395,235,160,3,40,95,100,106,51,0,9,46,65,84,31,3,31,49,35,22,20
2022,1,A,골목상권,2111065,천일초등학교,75,34,41,2,6,20,18,22,7,2,5,10,7,5,5,0,1,10,11,17,2
2022,1,A,골목상권,2111064,둔촌동역 4번,157,98,59,0,13,34,47,40,23,0,3,21,30,28,16,0,10,13,17,12,7
2022,1,A,골목상권,2111063,강동구립 천호도서관,368,182,186,0,25,44,81,85,133,0,5,15,21,30,111,0,20,29,60,55,22
2022,1,A,골목상권,2111062,둔촌동역 3번(성내3동주민센터),751,501,250,5,134,198,194,144,76,5,81,139,126,91,59,0,53,59,68,53,17
2022,1,A,골목상권,2111061,암사역 1번,831,551,280,0,149,186,182,170,144,0,82,128,126,125,90,0,67,58,56,45,54
2022,1,A,골목상권,2111060,암사역 2번(서울강동초등학교),871,457,414,1,101,210,241,202,116,1,41,96,131,107,81,0,60,114,110,95,35
2022,1,A,골목상권,2111059,강동역 4번(강풀만화거리),819,430,389,3,90,160,193,170,203,1,48,75,93,94,119,2,42,85,100,76,84
2022,1,A,골목상권,2111058,성내중학교,451,317,134,0,51,92,129,121,58,0,37,63,90,82,45,0,14,29,39,39,13
2022,1,A,골목상권,2111057,천호공원(해공체육문화센터),255,113,142,2,53,50,64,61,25,2,15,19,30,33,14,0,38,31,34,28,11
2022,1,A,골목상권,2111056,천호태영아파트,191,53,138,0,27,35,64,36,29,0,4,5,19,15,10,0,23,30,45,21,19
2022,1,A,골목상권,2111055,선사초등학교,673,29,644,0,14,28,137,373,121,0,4,7,8,6,4,0,10,21,129,367,117
2022,1,A,골목상권,2111054,암사역 4번(삼성광나루아파트),104,42,62,0,14,18,19,12,41,0,4,12,7,5,14,0,10,6,12,7,27
2022,1,A,골목상권,2111053,성내천어린이공원(하니사랑길),6288,4564,1724,6,799,940,1025,1564,1954,3,542,693,750,1053,1523,3,257,247,275,511,431
2022,1,A,골목상권,2111052,암사역 3번(천호동자전거거리),357,228,129,1,26,71,117,94,48,1,11,47,76,58,35,0,15,24,41,36,13
2022,1,A,골목상권,2111051,천호역 6번,407,252,155,2,65,80,90,88,82,1,44,56,58,47,46,1,21,24,32,41,36
2022,1,A,골목상권,2111050,강동구청(강동구청역 2번),131,96,35,0,21,14,21,32,43,0,12,5,12,27,40,0,9,9,9,5,3
2022,1,A,골목상권,2111049,천호지구대(천호동자전거거리),507,277,230,2,75,90,96,118,126,0,36,50,40,68,83,2,39,40,56,50,43
2022,1,A,골목상권,2111048,천호역 1번(천호문구완구거리),189,104,85,3,18,52,45,45,26,2,10,24,26,25,17,1,8,28,19,20,9
2022,1,A,골목상권,2111047,마천1치안센터,111,73,38,0,9,17,34,34,17,0,6,14,19,22,12,0,3,3,15,12,5
2022,1,A,골목상권,2111046,마천역(마천초등학교),705,400,305,2,76,145,170,193,119,1,47,85,83,94,90,1,29,60,87,99,29
2022,1,A,골목상권,2111045,개미어린이공원,36,18,18,0,2,7,12,12,3,0,1,1,7,7,2,0,1,6,5,5,1
2022,1,A,골목상권,2111044,남천초등학교,557,264,293,1,95,146,167,113,35,0,35,71,76,56,26,1,60,75,91,57,9
2022,1,A,골목상권,2111043,마천공원,32,13,19,0,1,3,7,12,9,0,0,0,1,6,6,0,1,3,6,6,3
2022,1,A,골목상권,2111042,거여역 1번(거여공원),867,597,270,3,147,186,247,200,84,3,121,134,159,130,50,0,26,52,88,70,34
2022,1,A,골목상권,2111041,거여역 8번,428,350,78,1,102,124,87,64,50,1,84,98,72,51,44,0,18,26,15,13,6
2022,1,A,골목상권,2111040,거여초등학교,346,137,209,0,26,86,124,77,33,0,9,27,48,30,23,0,17,59,76,47,10
2022,1,A,골목상권,2111039,벌말어린이공원,485,353,132,8,85,125,121,94,52,8,51,89,88,72,45,0,34,36,33,22,7
2022,1,A,골목상권,2111038,보인중학교,416,270,146,0,26,66,113,123,88,0,11,38,85,88,48,0,15,28,28,35,40
2022,1,A,골목상권,2111037,Sh수협은행 오금동금융센터(아랫말어린이공원),373,243,130,0,37,103,90,93,50,0,25,84,60,43,31,0,12,19,30,50,19
2022,1,A,골목상권,2111036,투구봉어린이공원,209,119,90,1,22,40,55,62,29,1,7,20,26,39,26,0,15,20,29,23,3
2022,1,A,골목상권,2111035,오금공원(오주중학교),531,398,133,0,41,90,148,148,104,0,32,66,121,102,77,0,9,24,27,46,27
2022,1,A,골목상권,2111034,오동나무공원(송파레미니스1단지),1443,1020,423,3,244,367,352,318,159,3,155,253,264,223,122,0,89,114,88,95,37
2022,1,A,골목상권,2111033,문정동성당,70,30,40,0,5,4,16,16,29,0,2,3,8,9,8,0,3,1,8,7,21
2022,1,A,골목상권,2111032,방이역 1번,3885,2552,1333,4,235,340,605,719,1982,3,139,237,411,469,1293,1,96,103,194,250,689
2022,1,A,골목상권,2111031,장지동주민센터(한림연예예술고교),3127,2317,810,8,263,415,651,857,933,2,170,330,497,648,670,6,93,85,154,209,263
2022,1,A,골목상권,2111030,방이역 2번,665,419,246,1,57,107,147,217,136,0,28,68,94,128,101,1,29,39,53,89,35
2022,1,A,골목상권,2111029,오금역 4번,427,314,113,3,71,108,91,79,75,1,51,81,67,55,59,2,20,27,24,24,16
2022,1,A,골목상권,2111028,문현중학교(장지역 1번),424,194,230,0,54,66,132,116,56,0,29,36,49,50,30,0,25,30,83,66,26
2022,1,A,골목상권,2111027,문정초등학교,1403,775,628,3,148,289,326,247,390,1,67,160,211,126,210,2,81,129,115,121,180
2022,1,A,골목상권,2111026,문정역 2번,2304,1506,798,7,431,634,546,428,258,3,236,427,385,239,216,4,195,207,161,189,42
2022,1,A,골목상권,2111025,경찰병원역 3번,686,412,274,1,84,164,149,157,131,0,45,102,103,88,74,1,39,62,46,69,57
2022,1,A,골목상권,2111024,경찰병원역 4번(건너말공원),240,150,90,0,27,53,63,68,29,0,16,33,45,35,21,0,11,20,18,33,8
2022,1,A,골목상권,2111023,문정역 1번,939,576,363,2,133,202,263,204,135,0,86,139,184,100,67,2,47,63,79,104,68
2022,1,A,골목상권,2111022,석촌중학교(방이육교),567,255,312,1,48,105,141,206,66,0,28,66,72,57,32,1,20,39,69,149,34
2022,1,A,골목상권,2111021,방이역 4번,7674,5867,1807,22,792,1328,1977,2139,1416,15,392,911,1551,1769,1229,7,400,417,426,370,187
2022,1,A,골목상권,2111020,방이동고분군(방산고등학교),304,225,79,1,20,103,84,54,42,0,7,73,64,48,33,1,13,30,20,6,9
2022,1,A,골목상권,2111019,한성백제역 3번,1524,1000,524,2,207,448,428,254,185,2,103,303,300,164,128,0,104,145,128,90,57
2022,1,A,골목상권,2111018,풍납초등학교(풍납백제문화공원),26,23,3,0,1,5,10,6,4,0,1,4,8,6,4,0,0,1,2,0,0
2022,1,A,골목상권,2111017,송파나루역 3번,688,480,208,5,317,167,84,70,45,4,217,116,53,50,40,1,100,51,31,20,5
2022,1,A,골목상권,2111016,송파역 2번,3803,1601,2202,15,1126,1104,801,601,156,8,407,533,427,165,61,7,719,571,374,436,95
2022,1,A,골목상권,2111015,석촌역 3번,1352,778,574,1,151,315,350,351,184,1,72,199,216,181,109,0,79,116,134,170,75
2022,1,A,골목상권,2111014,송파나루역 2번,525,275,250,1,43,76,121,190,94,0,21,42,69,83,60,1,22,34,52,107,34
2022,1,A,골목상권,2111013,송파나루역 1번(송리단길),2234,1456,778,8,320,568,650,435,253,3,160,384,445,290,174,5,160,184,205,145,79
2022,1,A,골목상권,2111012,석촌역 6번,732,332,400,2,91,127,180,183,149,2,23,56,83,93,75,0,68,71,97,90,74
2022,1,A,골목상권,2111011,잠실나루역,9608,7747,1861,42,1275,3018,2795,2046,432,18,924,2492,2309,1674,330,24,351,526,486,372,102
2022,1,A,골목상권,2111010,석촌역 7번,1428,975,453,3,162,289,351,325,298,1,88,176,244,224,242,2,74,113,107,101,56
2022,1,A,골목상권,2111009,송파책박물관,127,92,35,1,13,38,27,22,26,0,11,32,17,14,18,1,2,6,10,8,8
2022,1,A,골목상권,2111008,석촌고분역 3번,1600,1210,390,1,185,292,294,400,428,1,151,243,216,259,340,0,34,49,78,141,88
2022,1,A,골목상권,2111007,석촌고분역 4번,936,480,456,0,107,215,255,242,117,0,43,116,142,109,70,0,64,99,113,133,47
2022,1,A,골목상권,2111006,석촌고분역 1번,1112,721,391,0,127,292,337,203,153,0,56,169,242,135,119,0,71,123,95,68,34
2022,1,A,골목상권,2111005,삼전역 3번,1865,1358,507,0,320,617,459,302,167,0,215,449,339,222,133,0,105,168,120,80,34
2022,1,A,골목상권,2111004,삼전역 1번,2036,1331,705,13,263,407,504,376,473,0,108,261,337,239,386,13,155,146,167,137,87
2022,1,A,골목상권,2111003,삼전역 4번,1991,1333,658,6,249,412,547,436,341,1,160,278,331,307,256,5,89,134,216,129,85
2022,1,A,골목상권,2111002,한국교통안전공단 강남자동차검사소,317,115,202,0,22,63,65,96,71,0,7,31,21,26,30,0,15,32,44,70,41
2022,1,A,골목상권,2111001,아래방죽마을공원(율현초등학교),70,44,26,0,2,10,16,22,20,0,1,7,13,13,10,0,1,3,3,9,10
2022,1,A,골목상권,2111000,대왕초등학교(세곡동사거리서남측),39,20,19,0,7,10,12,8,2,0,0,4,10,4,2,0,7,6,2,4,0
2022,1,A,골목상권,2110999,윗방죽마을공원,268,130,138,2,19,43,44,83,77,1,12,27,27,39,24,1,7,16,17,44,53
2022,1,A,골목상권,2110998,은곡마을(은곡마을공원),23,15,8,0,2,8,6,5,2,0,0,4,5,5,1,0,2,4,1,0,1
2022,1,A,골목상권,2110997,대청초등학교,1724,959,765,4,230,291,391,383,425,2,111,162,200,210,274,2,119,129,191,173,151
2022,1,A,골목상권,2110996,대치2동주민센터,1959,1227,732,2,83,278,351,342,903,0,48,209,277,247,446,2,35,69,74,95,457
2022,1,A,골목상권,2110995,봉은사역 4번,5085,3711,1374,9,978,2002,1271,637,188,2,575,1477,990,523,144,7,403,525,281,114,44
2022,1,A,골목상권,2110994,개포고등학교,494,382,112,7,65,161,123,110,28,4,47,134,103,73,21,3,18,27,20,37,7
2022,1,A,골목상권,2110993,개포지하차도 북측,70,53,17,0,3,9,19,23,16,0,2,7,16,18,10,0,1,2,3,5,6
2022,1,A,골목상권,2110992,도곡초등학교,2179,1144,1035,3,269,440,484,524,459,1,108,253,258,260,264,2,161,187,226,264,195
2022,1,A,골목상권,2110991,삼성중앙역 5번,1246,794,452,1,111,415,339,275,105,1,28,243,229,216,77,0,83,172,110,59,28
2022,1,A,골목상권,2110990,청담역 12번,262,109,153,2,61,92,56,36,15,0,12,32,29,23,13,2,49,60,27,13,2
2022,1,A,골목상권,2110989,대치동아우편취급국,444,270,174,9,90,148,75,68,54,0,43,102,43,44,38,9,47,46,32,24,16
2022,1,A,골목상권,2110988,청담역 3번,1594,1016,578,1,243,425,364,346,215,1,82,247,247,262,177,0,161,178,117,84,38
2022,1,A,골목상권,2110987,영동대교남단,473,237,236,2,91,86,93,107,94,1,46,51,44,40,55,1,45,35,49,67,39
2022,1,A,골목상권,2110986,삼성중앙역 7번,90,59,31,0,9,18,36,19,8,0,3,6,29,15,6,0,6,12,7,4,2
2022,1,A,골목상권,2110985,청담근린공원,1338,948,390,0,193,447,374,226,98,0,98,346,275,157,72,0,95,101,99,69,26
2022,1,A,골목상권,2110984,포이초등학교(개포목련어린이공원),1556,1046,510,2,236,342,331,306,339,0,140,241,211,199,255,2,96,101,120,107,84
2022,1,A,골목상권,2110983,국립국악고등학교,783,534,249,6,126,212,125,145,169,2,44,137,94,111,146,4,82,75,31,34,23
2022,1,A,골목상권,2110982,강남구보훈회관,166,74,92,0,31,34,41,41,19,0,7,13,25,14,15,0,24,21,16,27,4
2022,1,A,골목상권,2110981,국악고교사거리,361,216,145,2,57,77,110,81,34,0,27,36,72,56,25,2,30,41,38,25,9
2022,1,A,골목상권,2110980,개포지구대옆,663,482,181,0,90,198,202,111,62,0,45,142,168,72,55,0,45,56,34,39,7
2022,1,A,골목상권,2110979,청담초등학교,2996,1912,1084,4,522,922,768,567,213,4,228,628,535,343,174,0,294,294,233,224,39
2022,1,A,골목상권,2110978,도곡2동주민센터(대치중학교),331,186,145,0,46,70,72,114,29,0,20,41,47,62,16,0,26,29,25,52,13
2022,1,A,골목상권,2110977,논현로18길,148,102,46,0,22,32,45,29,20,0,14,20,33,20,15,0,8,12,12,9,5
2022,1,A,골목상권,2110976,언북초등학교,578,332,246,1,111,188,126,86,66,0,41,115,83,49,44,1,70,73,43,37,22
2022,1,A,골목상권,2110975,매봉역 1번,10837,6932,3905,34,2175,2199,3202,3019,208,21,1010,1161,2184,2402,154,13,1165,1038,1018,617,54
2022,1,A,골목상권,2110974,언주중학교,292,179,113,3,60,72,89,44,24,3,27,43,62,28,16,0,33,29,27,16,8
2022,1,A,골목상권,2110973,강남구청역 4번,1451,786,665,4,275,333,289,271,279,1,146,203,162,130,144,3,129,130,127,141,135
2022,1,A,골목상권,2110972,강남세브란스병원미래의학연구센터,2628,1440,1188,17,539,669,692,581,130,4,240,428,438,258,72,13,299,241,254,323,58
2022,1,A,골목상권,2110971,선정릉역 4번,1542,900,642,11,278,455,380,254,164,6,140,270,245,120,119,5,138,185,135,134,45
2022,1,A,골목상권,2110970,학동초등학교,378,236,142,1,66,98,102,65,46,0,27,49,66,57,37,1,39,49,36,8,9
2022,1,A,골목상권,2110969,베르사이유1아파트,1546,1230,316,4,231,442,483,285,101,2,165,345,402,239,77,2,66,97,81,46,24
2022,1,A,골목상권,2110968,강남구청역 2번,1023,596,427,7,327,204,133,121,231,4,177,117,81,68,149,3,150,87,52,53,82
2022,1,A,골목상권,2110967,역삼역 8번,377,228,149,0,63,92,89,92,41,0,31,51,60,56,30,0,32,41,29,36,11
2022,1,A,골목상권,2110966,논현2동주민센터,1637,1017,620,18,470,498,300,218,133,7,256,298,200,147,109,11,214,200,100,71,24
2022,1,A,골목상권,2110965,언주역 6번,1139,788,351,1,174,379,378,142,65,1,104,276,284,74,49,0,70,103,94,68,16
2022,1,A,골목상권,2110964,싸리고개근린공원,217,124,93,0,29,60,59,34,35,0,8,32,36,23,25,0,21,28,23,11,10
2022,1,A,골목상권,2110963,역삼월드메르디앙아파트,780,547,233,1,126,185,226,154,88,0,79,146,171,97,54,1,47,39,55,57,34
2022,1,A,골목상권,2110962,도산공원북측,557,487,70,1,66,80,242,144,24,0,45,70,226,130,16,1,21,10,16,14,8
2022,1,A,골목상권,2110961,언주역 3번,962,673,289,5,172,286,248,140,111,3,97,184,187,112,90,2,75,102,61,28,21
2022,1,A,골목상권,2110960,은광여고,1522,692,830,5,207,255,373,502,180,4,55,110,190,212,121,1,152,145,183,290,59
2022,1,A,골목상권,2110959,신구중학교,271,140,131,0,14,66,82,79,30,0,7,36,49,29,19,0,7,30,33,50,11
2022,1,A,골목상권,2110958,역삼역 4번,994,759,235,1,96,197,300,295,105,1,46,133,254,240,85,0,50,64,46,55,20
2022,1,A,골목상권,2110957,언북중학교,1251,831,420,1,262,379,317,147,145,1,146,241,215,109,119,0,116,138,102,38,26
2022,1,A,골목상권,2110956,언주역 8번,1199,758,441,4,361,471,199,87,77,2,158,307,163,70,58,2,203,164,36,17,19
2022,1,A,골목상권,2110955,논현초등학교,3430,2238,1192,19,719,823,793,625,451,13,417,568,554,389,297,6,302,255,239,236,154
2022,1,A,골목상권,2110954,국기원,636,445,191,0,89,142,187,94,124,0,35,97,161,74,78,0,54,45,26,20,46
2022,1,A,골목상권,2110953,학동근린공원,2487,1583,904,15,679,891,571,218,113,0,336,572,409,180,86,15,343,319,162,38,27
2022,1,A,골목상권,2110952,논현목련공원,117,65,52,0,21,23,27,22,24,0,9,13,13,14,16,0,12,10,14,8,8
2022,1,A,골목상권,2110951,신사은행나무공원,273,75,198,0,35,83,96,51,8,0,6,24,27,15,3,0,29,59,69,36,5
2022,1,A,골목상권,2110950,논현역 7번,2981,1929,1052,1,829,1305,518,230,98,0,418,886,383,173,69,1,411,419,135,57,29
2022,1,A,골목상권,2110949,한남IC,1683,1193,490,5,288,565,435,305,85,2,112,398,347,261,73,3,176,167,88,44,12
2022,1,A,골목상권,2110947,청계산입구역 2번(내곡동주민센터),121,48,73,0,19,18,29,21,34,0,9,9,15,7,8,0,10,9,14,14,26
2022,1,A,골목상권,2110946,청계산원터골,48,24,24,0,2,6,8,16,16,0,2,3,6,3,10,0,0,3,2,13,6
2022,1,A,골목상권,2110945,본마을노인복지센터(서초구립내곡도서관),191,114,77,3,44,57,37,33,17,3,14,31,25,28,13,0,30,26,12,5,4
2022,1,A,골목상권,2110944,서울나래학교(염곡어린이공원),1053,735,318,10,133,246,201,217,246,8,98,194,153,139,143,2,35,52,48,78,103
2022,1,A,골목상권,2110943,법제교육센터(버들어린이공원),1122,578,544,1,67,165,357,323,209,1,36,99,151,140,151,0,31,66,206,183,58
2022,1,A,골목상권,2110942,염곡동 구룡사(포이동성당),3242,1952,1290,7,578,932,791,613,321,3,328,587,461,351,222,4,250,345,330,262,99
2022,1,A,골목상권,2110941,언남고등학교,261,158,103,0,33,46,89,58,35,0,14,26,51,40,27,0,19,20,38,18,8
2022,1,A,골목상권,2110940,양재근린공원(양재2동주민센터),1043,755,288,9,186,346,264,145,93,8,116,256,200,103,72,1,70,90,64,42,21
2022,1,A,골목상권,2110939,양재역 8번(양재동우체국),5945,4103,1842,23,971,1415,1465,1168,903,15,500,989,1056,798,745,8,471,426,409,370,158
2022,1,A,골목상권,2110938,바우뫼공원,1784,1137,647,1,294,551,489,326,123,0,172,392,303,169,101,1,122,159,186,157,22
2022,1,A,골목상권,2110937,방아다리근린공원(횃불트리니티신학대학원대학교),2465,1270,1195,7,634,861,542,318,103,6,246,507,335,113,63,1,388,354,207,205,40
2022,1,A,골목상권,2110936,더케이호텔(양재리본타워2단지아파트),832,552,280,3,109,260,215,175,70,0,53,154,159,131,55,3,56,106,56,44,15
2022,1,A,골목상권,2110935,한전아트센터,379,264,115,2,53,108,105,72,39,2,33,82,75,46,26,0,20,26,30,26,13
2022,1,A,골목상권,2110934,우면주공아파트,998,677,321,6,198,291,253,164,86,5,83,217,195,113,64,1,115,74,58,51,22
2022,1,A,골목상권,2110933,한국상담대학원대학교,679,60,619,0,344,156,86,63,30,0,10,15,15,5,15,0,334,141,71,58,15
2022,1,A,골목상권,2110932,서울시인재개발원,532,384,148,2,128,170,127,64,41,2,76,116,100,54,36,0,52,54,27,10,5
2022,1,A,골목상권,2110931,삼성전자서울R&D(서울우면초등학교),100,51,49,0,37,31,18,7,7,0,12,16,10,7,6,0,25,15,8,0,1
2022,1,A,골목상권,2110930,서초동성당,2178,1774,404,8,284,588,694,433,171,2,190,448,591,393,150,6,94,140,103,40,21
2022,1,A,골목상권,2110929,남부터미널역 1번,21130,10703,10427,21,4446,4558,3912,7143,1050,4,1209,1890,1718,5123,759,17,3237,2668,2194,2020,291
2022,1,A,골목상권,2110928,서초우방유쉘아파트,596,491,105,1,57,109,125,205,99,1,29,76,109,190,86,0,28,33,16,15,13
2022,1,A,골목상권,2110927,잠원역,745,553,192,2,93,342,198,98,12,2,82,218,159,81,11,0,11,124,39,17,1
2022,1,A,골목상권,2110926,신중초등학교,1610,1175,435,6,193,359,463,382,207,3,114,263,355,292,148,3,79,96,108,90,59
2022,1,A,골목상권,2110925,서초중학교,873,496,377,0,104,137,244,222,166,0,38,65,146,132,115,0,66,72,98,90,51
2022,1,A,골목상권,2110924,반포4동주민센터(몽마르뜨공원),1330,886,444,5,203,305,407,298,112,1,85,181,300,236,83,4,118,124,107,62,29
2022,1,A,골목상권,2110923,방배역 1번,210,153,57,0,34,56,55,41,24,0,21,38,42,34,18,0,13,18,13,7,6
2022,1,A,골목상권,2110922,내방역 1번,224,114,110,1,42,48,47,43,43,0,13,23,27,23,28,1,29,25,20,20,15
2022,1,A,골목상권,2110921,서울프랑스학교,522,321,201,7,63,71,118,142,121,2,30,43,82,90,74,5,33,28,36,52,47
2022,1,A,골목상권,2110920,방배역 2번(백석예술대학교),359,205,154,0,23,53,125,118,40,0,5,29,65,75,31,0,18,24,60,43,9
2022,1,A,골목상권,2110919,내방역 8번,1539,1126,413,3,142,311,413,419,251,1,60,179,331,354,201,2,82,132,82,65,50
2022,1,A,골목상권,2110918,방배역 3번,682,438,244,3,98,127,164,142,148,2,59,85,108,86,98,1,39,42,56,56,50
2022,1,A,골목상권,2110917,서초소방서,1505,939,566,6,157,432,402,355,153,2,72,281,295,181,108,4,85,151,107,174,45
2022,1,A,골목상권,2110916,내방역 4번,1152,592,560,9,216,272,301,208,146,6,58,167,187,91,83,3,158,105,114,117,63
2022,1,A,골목상권,2110915,서래초등학교,2807,2202,605,14,421,877,1027,379,89,11,280,648,849,336,78,3,141,229,178,43,11
2022,1,A,골목상권,2110914,내방역 6번,146,116,30,0,26,31,37,26,26,0,17,26,26,24,23,0,9,5,11,2,3
2022,1,A,골목상권,2110913,방현초등학교(방배119안전센터),3305,2117,1188,7,572,1265,879,376,206,4,272,824,627,237,153,3,300,441,252,139,53
2022,1,A,골목상권,2110912,방배동사이길,210,128,82,3,33,45,53,42,34,2,16,27,39,21,23,1,17,18,14,21,11
2022,1,A,골목상권,2110911,방배배수지체육공원,29,22,7,0,6,3,7,5,8,0,6,2,4,4,6,0,0,1,3,1,2
2022,1,A,골목상권,2110910,내방역 5번,614,240,374,5,72,124,157,176,80,3,30,69,52,49,37,2,42,55,105,127,43
2022,1,A,골목상권,2110909,남태령역(서울전자고등학교),132,97,35,1,11,29,23,34,34,1,4,19,16,29,28,0,7,10,7,5,6
2022,1,A,골목상권,2110908,구반포역,1525,377,1148,0,66,111,397,806,145,0,42,54,71,141,69,0,24,57,326,665,76
2022,1,A,골목상권,2110907,방배초등학교,878,506,372,8,144,197,239,157,133,5,66,109,122,99,105,3,78,88,117,58,28
2022,1,A,골목상권,2110906,서문여고,683,362,321,2,217,106,119,106,133,0,59,58,72,62,111,2,158,48,47,44,22
2022,1,A,골목상권,2110905,방배노인종합복지관(이수중학교),287,176,111,1,36,71,71,63,45,0,18,38,45,41,34,1,18,33,26,22,11
2022,1,A,골목상권,2110904,이수역 5번,835,468,367,4,167,217,239,139,69,1,90,125,135,59,58,3,77,92,104,80,11
2022,1,A,골목상권,2110903,방배아이파크아파트,7222,2653,4569,7,1242,1778,2487,1322,386,1,333,597,951,599,172,6,909,1181,1536,723,214
2022,1,A,골목상권,2110902,사당역 4번,1201,739,462,1,193,270,296,250,191,0,84,171,204,158,122,1,109,99,92,92,69
2022,1,A,골목상권,2110901,인헌고등학교(인헌중학교),262,154,108,3,44,64,75,55,21,3,23,40,40,32,16,0,21,24,35,23,5
2022,1,A,골목상권,2110900,낙성대역 1번(관악구민 종합체육센터),457,257,200,1,95,125,123,89,24,1,49,65,69,54,19,0,46,60,54,35,5
2022,1,A,골목상권,2110899,낙성대역 5번(관악중학교),690,448,242,0,167,185,166,123,49,0,107,135,96,71,39,0,60,50,70,52,10
2022,1,A,골목상권,2110898,청림동주민센터(상도중학교),66,27,39,0,16,14,14,16,6,0,5,3,8,7,4,0,11,11,6,9,2
2022,1,A,골목상권,2110897,서울대입구역 8번,219,139,80,0,16,45,69,64,25,0,7,24,40,44,24,0,9,21,29,20,1
2022,1,A,골목상권,2110896,관악우성아파트,202,49,153,0,41,37,44,47,33,0,5,7,11,13,13,0,36,30,33,34,20
2022,1,A,골목상권,2110895,샤로수길,1796,1222,574,3,307,721,360,233,172,2,170,534,234,152,130,1,137,187,126,81,42
2022,1,A,골목상권,2110894,관악동부센트레빌아파트(은천로35라길),20,8,12,0,2,4,3,6,5,0,0,2,1,2,3,0,2,2,2,4,2
2022,1,A,골목상권,2110893,관악소방서(문영여고),353,303,50,0,39,110,66,113,25,0,29,96,57,99,22,0,10,14,9,14,3
2022,1,A,골목상권,2110892,관악구 중앙길,709,341,368,0,69,110,159,221,150,0,25,55,76,105,80,0,44,55,83,116,70
2022,1,A,골목상권,2110891,구암초등학교,47,22,25,0,5,1,22,16,3,0,1,0,11,8,2,0,4,1,11,8,1
2022,1,A,골목상권,2110890,봉천역 1번(관악초등학교),261,152,109,1,22,44,95,70,29,0,4,22,59,46,21,1,18,22,36,24,8
2022,1,A,골목상권,2110889,봉천역 6번,376,317,59,0,29,36,69,136,106,0,18,20,47,130,102,0,11,16,22,6,4
2022,1,A,골목상권,2110888,청룡동주민센터,94,53,41,0,5,9,11,22,47,0,3,2,4,6,38,0,2,7,7,16,9
2022,1,A,골목상권,2110887,서울산업정보학교(서울삼성초등학교),19,11,8,0,1,4,7,6,1,0,0,0,4,6,1,0,1,4,3,0,0
2022,1,A,골목상권,2110886,관악해태어린이공원,188,103,85,1,38,50,41,36,22,1,18,28,21,23,12,0,20,22,20,13,10
2022,1,A,골목상권,2110885,영락고등학교,340,214,126,0,37,58,94,89,62,0,18,33,61,57,45,0,19,25,33,32,17
2022,1,A,골목상권,2110884,봉천역 4번(봉천110안전센터),372,284,88,1,17,30,61,98,165,0,1,8,49,84,142,1,16,22,12,14,23
2022,1,A,골목상권,2110883,은천초등학교(은천교앞),212,126,86,2,21,44,71,49,25,1,12,25,43,29,16,1,9,19,28,20,9
2022,1,A,골목상권,2110882,신성초등학교,733,444,289,1,95,131,215,168,123,0,52,67,122,109,94,1,43,64,93,59,29
2022,1,A,골목상권,2110881,구립대학경로당(관악산샘말공원),1601,1304,297,1,317,452,460,271,100,1,225,376,399,232,71,0,92,76,61,39,29
2022,1,A,골목상권,2110880,신림역 1번,995,275,720,0,379,296,157,128,35,0,78,87,66,33,11,0,301,209,91,95,24
2022,1,A,골목상권,2110879,신림현대아파트,17,7,10,0,2,3,5,5,2,0,1,2,2,2,0,0,1,1,3,3,2
2022,1,A,골목상권,2110878,미림여고,368,218,150,3,43,114,101,78,29,0,19,63,68,43,25,3,24,51,33,35,4
2022,1,A,골목상권,2110877,신림역 8번,319,154,165,2,23,63,86,80,65,0,10,30,36,39,39,2,13,33,50,41,26
2022,1,A,골목상권,2110876,서원동주민센터(신관중학교),49,29,20,0,5,9,16,9,10,0,2,4,10,4,9,0,3,5,6,5,1
2022,1,A,골목상권,2110875,보라매동주민센터(당곡고등학교),16,13,3,0,3,2,5,4,2,0,2,2,3,4,2,0,1,0,2,0,0
2022,1,A,골목상권,2110874,원신초등학교(구세군관악영문교회),46,15,31,1,4,19,7,12,3,1,1,3,3,6,1,0,3,16,4,6,2
2022,1,A,골목상권,2110873,당곡중학교,343,166,177,0,68,79,86,74,36,0,29,39,39,36,23,0,39,40,47,38,13
2022,1,A,골목상권,2110872,신림초등학교,277,195,82,3,54,68,69,53,30,3,36,54,54,41,7,0,18,14,15,12,23
2022,1,A,골목상권,2110871,신원동주민센터,159,101,58,1,12,40,45,37,24,0,8,25,27,25,16,1,4,15,18,12,8
2022,1,A,골목상권,2110869,"신림역 5번(신림동주민센터, 신림동별빛거리)",1026,681,345,1,79,136,248,233,329,1,36,73,143,155,273,0,43,63,105,78,56
2022,1,A,골목상권,2110868,남부초등학교,232,126,106,0,20,29,45,49,89,0,11,23,22,28,42,0,9,6,23,21,47
2022,1,A,골목상권,2110867,국제신학대학원대학교(남서울중학교),202,117,85,0,8,34,39,53,68,0,2,15,21,32,47,0,6,19,18,21,21
2022,1,A,골목상권,2110866,난우중학교,171,91,80,0,20,36,34,62,19,0,14,20,12,29,16,0,6,16,22,33,3
2022,1,A,골목상권,2110865,남강고등학교(남강중학교),336,143,193,4,66,72,69,85,40,2,16,34,28,34,29,2,50,38,41,51,11
2022,1,A,골목상권,2110864,신림우방아파트,236,161,75,0,31,48,53,60,44,0,21,31,37,43,29,0,10,17,16,17,15
2022,1,A,골목상권,2110863,난우초등학교,319,179,140,6,40,61,63,79,70,5,23,30,38,36,47,1,17,31,25,43,23
2022,1,A,골목상권,2110862,난곡초등학교(난곡동벽화마을),84,41,43,0,4,13,14,34,19,0,2,6,11,15,7,0,2,7,3,19,12
2022,1,A,골목상권,2110861,관악구신사동주민센터,1182,608,574,1,215,377,263,209,117,1,71,194,161,105,76,0,144,183,102,104,41
2022,1,A,골목상권,2110860,호림박물관(성보고등학교),410,314,96,1,57,102,66,110,74,1,44,84,47,78,60,0,13,18,19,32,14
2022,1,A,골목상권,2110859,난향초등학교,182,113,69,0,11,32,42,52,45,0,0,21,27,30,35,0,11,11,15,22,10
2022,1,A,골목상권,2110858,신대방역 1번,66,33,33,0,5,9,17,7,28,0,0,1,6,2,24,0,5,8,11,5,4
2022,1,A,골목상권,2110857,미성동주민센터,431,229,202,9,60,64,70,108,120,9,34,48,41,46,51,0,26,16,29,62,69
2022,1,A,골목상권,2110856,미성초등학교,538,295,243,3,58,85,170,150,72,1,28,44,99,71,52,2,30,41,71,79,20
2022,1,A,골목상권,2110855,신대방역 2번,429,275,154,2,53,111,126,90,47,0,22,81,83,55,34,2,31,30,43,35,13
2022,1,A,골목상권,2110854,조원동주민센터,55,39,16,0,4,5,17,21,8,0,3,5,9,15,7,0,1,0,8,6,1
2022,1,A,골목상권,2110853,KT구로지사,213,127,86,0,21,47,65,50,30,0,9,26,44,27,21,0,12,21,21,23,9
2022,1,A,골목상권,2110852,이수역 9번,198,121,77,0,26,35,54,38,45,0,12,20,30,23,36,0,14,15,24,15,9
2022,1,A,골목상권,2110851,경문고등학교(동작동성당),485,233,252,0,79,136,140,102,28,0,32,53,66,66,16,0,47,83,74,36,12
2022,1,A,골목상권,2110850,사당역 10번,969,487,482,4,217,207,185,162,194,1,54,88,92,95,157,3,163,119,93,67,37
2022,1,A,골목상권,2110849,이수역 10번,220,130,90,1,37,52,58,40,32,0,12,33,34,25,26,1,25,19,24,15,6
2022,1,A,골목상권,2110848,양지어린이공원,486,307,179,0,36,68,152,132,98,0,6,39,85,93,84,0,30,29,67,39,14
2022,1,A,골목상권,2110847,예술인마을,460,225,235,3,53,139,142,78,45,3,13,62,76,38,33,0,40,77,66,40,12
2022,1,A,골목상권,2110846,남성역 1번,535,290,245,1,66,120,146,135,67,0,25,59,78,74,54,1,41,61,68,61,13
2022,1,A,골목상권,2110845,사당종합체육관,119,51,68,0,9,17,39,36,18,0,5,8,19,9,10,0,4,9,20,27,8
2022,1,A,골목상권,2110844,흑석2치안센터,7,5,2,0,2,1,1,0,3,0,1,1,1,0,2,0,1,0,0,0,1
2022,1,A,골목상권,2110843,사당5동주민센터,181,135,46,1,22,25,55,52,26,0,16,17,34,44,24,1,6,8,21,8,2
2022,1,A,골목상권,2110842,흑리단길,43,14,29,0,7,8,8,12,8,0,2,2,3,2,5,0,5,6,5,10,3
2022,1,A,골목상권,2110841,중대부중,88,36,52,0,11,17,16,25,19,0,5,7,5,11,8,0,6,10,11,14,11
2022,1,A,골목상권,2110840,중앙대학교,165,92,73,0,24,22,52,43,24,0,12,12,32,21,15,0,12,10,20,22,9
2022,1,A,골목상권,2110839,숭실대입구역 4번,187,67,120,0,10,51,57,46,23,0,2,14,22,11,18,0,8,37,35,35,5
2022,1,A,골목상권,2110838,상도1동주민센터앞,131,122,9,0,3,32,30,35,31,0,3,27,27,35,30,0,0,5,3,0,1
2022,1,A,골목상권,2110837,숭실대입구역 1번,373,195,178,1,39,76,84,80,93,0,19,32,43,32,69,1,20,44,41,48,24
2022,1,A,골목상권,2110836,상도역 5번,3057,1846,1211,9,550,798,701,647,352,2,238,486,453,447,220,7,312,312,248,200,132
2022,1,A,골목상권,2110835,상도역 1번,285,161,124,0,81,92,57,35,20,0,32,59,36,16,18,0,49,33,21,19,2
2022,1,A,골목상권,2110834,동작구자원봉사센터,38,22,16,0,3,5,6,10,14,0,2,2,6,5,7,0,1,3,0,5,7
2022,1,A,골목상권,2110833,상도역 2번,266,172,94,2,20,64,76,77,27,0,17,51,48,37,19,2,3,13,28,40,8
2022,1,A,골목상권,2110832,노량진초등학교,377,171,206,0,38,51,93,141,54,0,14,22,57,55,23,0,24,29,36,86,31
2022,1,A,골목상권,2110831,상도4동주민센터,72,40,32,0,3,13,14,29,13,0,3,6,6,18,7,0,0,7,8,11,6
2022,1,A,골목상권,2110830,상도초등학교,281,152,129,0,22,61,73,85,40,0,7,29,36,54,26,0,15,32,37,31,14
2022,1,A,골목상권,2110829,장승배기역 5번,536,417,119,0,195,137,79,53,72,0,177,106,49,40,45,0,18,31,30,13,27
2022,1,A,골목상권,2110828,노량진역 6번,3010,2066,944,9,471,1047,854,467,162,3,252,711,639,357,104,6,219,336,215,110,58
2022,1,A,골목상권,2110827,NH농협은행 상도동지점,262,93,169,0,39,51,73,65,34,0,11,18,20,28,16,0,28,33,53,37,18
2022,1,A,골목상권,2110826,장승배기역 4번,366,149,217,2,20,37,57,103,147,1,8,22,28,38,52,1,12,15,29,65,95
2022,1,A,골목상권,2110825,신대방삼거리역 1번,316,205,111,0,33,63,94,71,55,0,23,41,57,46,38,0,10,22,37,25,17
2022,1,A,골목상권,2110824,대방역 3번,296,102,194,1,48,91,92,42,22,0,11,26,29,23,13,1,37,65,63,19,9
2022,1,A,골목상권,2110823,신대방삼거리역 3번,472,242,230,0,30,45,83,121,193,0,17,26,40,42,117,0,13,19,43,79,76
2022,1,A,골목상권,2110822,신대방삼거리역 4번(대림초등학교),311,130,181,0,57,71,68,74,41,0,13,28,34,34,21,0,44,43,34,40,20
2022,1,A,골목상권,2110821,보라매역 2번,595,353,242,0,73,109,140,135,138,0,34,65,79,87,88,0,39,44,61,48,50
2022,1,A,골목상권,2110820,성남고등학교,3101,2470,631,1,651,742,555,991,161,0,438,581,448,879,124,1,213,161,107,112,37
2022,1,A,골목상권,2110819,신대방역 4번,510,262,248,0,64,99,128,93,126,0,15,37,58,62,90,0,49,62,70,31,36
2022,1,A,골목상권,2110818,신대방역 3번,20,9,11,0,1,3,7,7,2,0,1,3,2,1,2,0,0,0,5,6,0
2022,1,A,골목상권,2110817,대방역 4번,286,227,59,1,38,51,90,59,47,0,19,35,79,53,41,1,19,16,11,6,6
2022,1,A,골목상권,2110816,대방역 6번,521,404,117,1,73,138,153,68,88,1,50,109,114,50,80,0,23,29,39,18,8
2022,1,A,골목상권,2110815,공군호텔,2240,785,1455,4,425,514,476,507,314,0,88,195,167,170,165,4,337,319,309,337,149
2022,1,A,골목상권,2110814,서울지방병무청,673,364,309,1,51,117,155,236,113,1,23,79,97,104,60,0,28,38,58,132,53
2022,1,A,골목상권,2110813,보라매역 6번,286,167,119,3,22,37,50,74,100,3,15,21,24,39,65,0,7,16,26,35,35
2022,1,A,골목상권,2110812,신길6동주민센터,363,245,118,0,69,115,106,50,23,0,34,78,85,29,19,0,35,37,21,21,4
2022,1,A,골목상권,2110811,보라매역 4번,187,94,93,0,22,41,49,52,23,0,8,22,18,27,19,0,14,19,31,25,4
2022,1,A,골목상권,2110810,영신초등학교,395,178,217,0,53,143,63,80,56,0,20,65,31,44,18,0,33,78,32,36,38
2022,1,A,골목상권,2110809,장훈고등학교,112,61,51,0,7,15,30,23,37,0,3,5,11,17,25,0,4,10,19,6,12
2022,1,A,골목상권,2110808,신길역 1번,67,48,19,0,3,22,21,13,8,0,3,15,14,9,7,0,0,7,7,4,1
2022,1,A,골목상권,2110807,신길역 3번,102,70,32,0,6,16,23,27,30,0,4,8,18,19,21,0,2,8,5,8,9
2022,1,A,골목상권,2110806,서울시립영등포장애인복지관,76,42,34,0,18,30,13,13,2,0,5,16,9,11,1,0,13,14,4,2,1
2022,1,A,골목상권,2110805,신길새마을금고신길4동지점,45,27,18,0,6,12,12,8,7,0,2,7,6,5,7,0,4,5,6,3,0
2022,1,A,골목상권,2110804,신풍역 1번,312,187,125,0,15,37,62,63,135,0,4,15,29,35,104,0,11,22,33,28,31
2022,1,A,골목상권,2110803,신길2동우편취급국,304,220,84,0,17,27,56,62,142,0,6,14,33,39,128,0,11,13,23,23,14
2022,1,A,골목상권,2110802,신길동홍어거리,336,159,177,1,59,113,86,61,16,0,18,45,44,40,12,1,41,68,42,21,4
2022,1,A,골목상권,2110800,영등포동성당,227,153,74,0,26,34,61,66,40,0,13,22,37,46,35,0,13,12,24,20,5
2022,1,A,골목상권,2110799,영등포본동주민센터,119,86,33,5,21,16,11,22,44,3,12,10,6,15,40,2,9,6,5,7,4
2022,1,A,골목상권,2110798,신풍역 2번,53,20,33,0,2,13,14,13,11,0,0,3,3,6,8,0,2,10,11,7,3
2022,1,A,골목상권,2110797,KT대방빌딩,52,10,42,1,7,10,12,11,11,0,0,0,1,3,6,1,7,10,11,8,5
2022,1,A,골목상권,2110796,한림대학교한강성심병원,87,52,35,1,7,19,26,19,15,0,4,11,17,9,11,1,3,8,9,10,4
2022,1,A,골목상권,2110795,도림초등학교,533,356,177,0,20,49,80,128,256,0,8,36,48,74,190,0,12,13,32,54,66
2022,1,A,골목상권,2110794,영동초등학교,632,494,138,0,87,115,178,167,85,0,47,89,148,135,75,0,40,26,30,32,10
2022,1,A,골목상권,2110792,영등포역 2번,3400,1767,1633,28,563,880,843,862,224,11,229,398,466,530,133,17,334,482,377,332,91
2022,1,A,골목상권,2110791,신풍역 3번,25,17,8,0,1,5,9,9,1,0,0,2,6,8,1,0,1,3,3,1,0
2022,1,A,골목상권,2110790,대림1동주민센터,739,336,403,1,74,163,280,161,60,1,46,71,88,77,53,0,28,92,192,84,7
2022,1,A,골목상권,2110789,대림성모병원,491,182,309,0,104,137,115,93,42,0,16,44,49,43,30,0,88,93,66,50,12
2022,1,A,골목상권,2110788,영등포시장역 3번,28,22,6,0,4,5,7,9,3,0,3,5,6,6,2,0,1,0,1,3,1
2022,1,A,골목상권,2110787,신길3동주민센터,171,122,49,0,19,35,47,42,28,0,8,25,36,31,22,0,11,10,11,11,6
2022,1,A,골목상권,2110786,당산역 8번,271,179,92,2,20,41,60,51,97,2,8,21,42,38,68,0,12,20,18,13,29
2022,1,A,골목상권,2110785,영등포푸르지오아파트,161,84,77,2,13,17,39,44,46,2,8,12,24,14,24,0,5,5,15,30,22
2022,1,A,골목상권,2110784,신대림초등학교,76,42,34,0,3,11,18,36,8,0,0,7,12,18,5,0,3,4,6,18,3
2022,1,A,골목상권,2110783,영등포시장역 1번,292,154,138,1,26,37,35,67,126,1,19,27,16,33,58,0,7,10,19,34,68
2022,1,A,골목상권,2110782,영등포시장역 4번,127,87,40,1,13,24,48,27,14,1,5,16,36,17,12,0,8,8,12,10,2
2022,1,A,골목상권,2110781,대림한신아파트,182,112,70,0,23,29,51,38,41,0,8,16,34,23,31,0,15,13,17,15,10
2022,1,A,골목상권,2110780,신길대성유니드아파트,223,171,52,0,22,42,71,56,32,0,18,34,51,41,27,0,4,8,20,15,5
2022,1,A,골목상권,2110779,대림갑을명가아파트,33,24,9,0,2,5,13,7,6,0,1,4,10,4,5,0,1,1,3,3,1
2022,1,A,골목상권,2110778,구로디지털단지역 4번,1615,878,737,0,248,461,489,233,184,0,122,282,196,145,133,0,126,179,293,88,51
2022,1,A,골목상권,2110777,구로세무서,282,210,72,0,36,41,47,83,75,0,13,30,32,66,69,0,23,11,15,17,6
2022,1,A,골목상권,2110776,도신초등학교,168,106,62,0,12,20,48,63,25,0,11,10,35,34,16,0,1,10,13,29,9
2022,1,A,골목상권,2110775,대동초등학교,61,30,31,0,5,13,20,15,8,0,2,6,6,10,6,0,3,7,14,5,2
2022,1,A,골목상권,2110774,당산반도유보라팰리스아파트,472,355,117,0,59,119,131,96,67,0,34,81,109,80,51,0,25,38,22,16,16
2022,1,A,골목상권,2110773,당산역 13번,272,218,54,0,46,65,45,40,76,0,36,53,32,34,63,0,10,12,13,6,13
2022,1,A,골목상권,2110772,신우어린이공원,94,55,39,0,9,15,22,26,22,0,5,8,12,19,11,0,4,7,10,7,11
2022,1,A,골목상권,2110771,대림역 11번,955,604,351,0,22,38,128,210,557,0,21,30,73,131,349,0,1,8,55,79,208
2022,1,A,골목상권,2110770,영등포구청역 6번,263,191,72,1,45,49,77,45,46,1,24,41,54,28,43,0,21,8,23,17,3
2022,1,A,골목상권,2110769,대림차이나타운(대림역 12번),18,8,10,0,3,4,6,4,1,0,0,1,4,2,1,0,3,3,2,2,0
2022,1,A,골목상권,2110768,도림2동유수지내체육시설,294,155,139,0,20,43,63,73,95,0,7,22,32,41,53,0,13,21,31,32,42
2022,1,A,골목상권,2110767,도림동주민센터,34,3,31,0,9,5,12,6,2,0,0,0,2,1,0,0,9,5,10,5,2
2022,1,A,골목상권,2110766,대림역 5번,360,205,155,0,30,82,85,99,64,0,15,54,42,56,38,0,15,28,43,43,26
2022,1,A,골목상권,2110765,문래동사거리,889,619,270,2,80,133,209,175,290,1,38,78,140,126,236,1,42,55,69,49,54
2022,1,A,골목상권,2110764,문래역 3번,541,223,318,0,93,127,159,102,60,0,27,39,54,54,49,0,66,88,105,48,11
2022,1,A,골목상권,2110763,영등포구청역 2번,480,353,127,2,84,147,107,84,56,0,53,100,79,72,49,2,31,47,28,12,7
2022,1,A,골목상권,2110762,선유도역 1번,3139,2286,853,6,392,669,739,809,524,4,217,459,529,629,448,2,175,210,210,180,76
2022,1,A,골목상권,2110761,문래동남성맨션,180,106,74,0,13,43,45,41,38,0,8,17,26,25,30,0,5,26,19,16,8
2022,1,A,골목상권,2110760,선유도역 6번,1792,1091,701,8,273,444,499,376,192,6,170,256,275,219,165,2,103,188,224,157,27
2022,1,A,골목상권,2110759,문래예술촌(문래창작촌),4221,2165,2056,9,520,837,996,1286,573,5,266,550,589,466,289,4,254,287,407,820,284
2022,1,A,골목상권,2110758,문래소공원,296,221,75,1,44,77,70,67,37,0,32,60,46,52,31,1,12,17,24,15,6
2022,1,A,골목상권,2110757,양평역 2번,1501,1114,387,1,111,230,356,424,379,0,51,176,286,314,287,1,60,54,70,110,92
2022,1,A,골목상권,2110756,문래중학교,275,179,96,0,48,79,78,35,35,0,21,58,52,21,27,0,27,21,26,14,8
2022,1,A,골목상권,2110755,동일여자고등학교,199,53,146,0,10,24,47,74,44,0,4,9,16,12,12,0,6,15,31,62,32
2022,1,A,골목상권,2110754,삼성산자연공원(서울금천초등학교),199,75,124,1,21,41,47,39,50,0,6,18,28,10,13,1,15,23,19,29,37
2022,1,A,골목상권,2110753,시흥동 은행나무사거리,617,387,230,0,69,100,149,166,133,0,28,68,90,96,105,0,41,32,59,70,28
2022,1,A,골목상권,2110752,한울중학교,269,117,152,2,25,46,81,79,36,2,13,16,34,33,19,0,12,30,47,46,17
2022,1,A,골목상권,2110751,난곡중학교,730,397,333,2,48,217,240,177,46,2,21,117,127,91,39,0,27,100,113,86,7
2022,1,A,골목상권,2110750,시흥4동주민센터(서울신흥초등학교),397,221,176,4,78,83,80,104,48,4,47,62,43,33,32,0,31,21,37,71,16
2022,1,A,골목상권,2110749,금산초등학교(금천고등학교),448,273,175,0,61,105,110,121,51,0,33,67,55,82,36,0,28,38,55,39,15
2022,1,A,골목상권,2110748,백산초등학교,102,64,38,0,6,19,21,26,30,0,2,9,11,22,20,0,4,10,10,4,10
2022,1,A,골목상권,2110747,석수역 1번 출입구,823,612,211,0,46,84,169,227,297,0,27,52,102,165,266,0,19,32,67,62,31
2022,1,A,골목상권,2110746,금천금빛공원(은행나무사거리서측),70,48,22,0,5,11,22,21,11,0,3,9,13,15,8,0,2,2,9,6,3
2022,1,A,골목상권,2110745,독산동정훈단지,251,191,60,0,11,20,33,86,101,0,3,12,22,64,90,0,8,8,11,22,11
2022,1,A,골목상권,2110744,독산동성당,531,327,204,0,49,107,129,152,94,0,36,71,75,86,59,0,13,36,54,66,35
2022,1,A,골목상권,2110743,시흥초등학교(시흥1동우체국),191,130,61,0,18,31,48,50,44,0,10,20,32,37,31,0,8,11,16,13,13
2022,1,A,골목상권,2110742,KT금천빌딩(금천구시설관리공단),426,237,189,0,42,83,106,125,70,0,21,57,71,54,34,0,21,26,35,71,36
2022,1,A,골목상권,2110741,독산2동주민센터,444,159,285,0,69,117,96,108,54,0,43,35,26,33,22,0,26,82,70,75,32
2022,1,A,골목상권,2110740,금천해태공원,650,283,367,1,135,136,138,170,70,1,47,55,58,71,51,0,88,81,80,99,19
2022,1,A,골목상권,2110739,시흥3동 우편취급국,1558,585,973,1,167,288,537,525,40,0,50,153,224,133,25,1,117,135,313,392,15
2022,1,A,골목상권,2110738,문성초등학교,249,125,124,0,17,27,65,90,50,0,12,14,34,40,25,0,5,13,31,50,25
2022,1,A,골목상권,2110737,금천세무서,506,324,182,8,78,85,96,117,122,0,28,49,51,91,105,8,50,36,45,26,17
2022,1,A,골목상권,2110736,독산119안전센터,450,196,254,0,45,52,74,114,165,0,21,31,34,41,69,0,24,21,40,73,96
2022,1,A,골목상권,2110735,말미고개,520,330,190,0,64,115,140,140,61,0,31,79,94,79,47,0,33,36,46,61,14
2022,1,A,골목상권,2110734,금천파출소,92,47,45,0,7,11,21,29,24,0,3,5,14,13,12,0,4,6,7,16,12
2022,1,A,골목상권,2110733,금천어울림복지센터,374,293,81,3,34,89,74,90,84,3,22,67,59,66,76,0,12,22,15,24,8
2022,1,A,골목상권,2110732,가산초등학교(세일중학교),338,239,99,1,41,60,98,76,62,0,22,34,71,60,52,1,19,26,27,16,10
2022,1,A,골목상권,2110731,금천구청역 1번 출입구,1041,563,478,7,306,383,206,96,43,2,149,229,102,55,26,5,157,154,104,41,17
2022,1,A,골목상권,2110730,서울축산농협 독산역지점(독산파출소),660,376,284,1,80,105,117,201,156,1,30,58,54,113,120,0,50,47,63,88,36
2022,1,A,골목상권,2110729,가산동우체국,151,112,39,0,19,30,40,39,23,0,14,19,30,30,19,0,5,11,10,9,4
2022,1,A,골목상권,2110728,두산초등학교,4560,2778,1782,8,88,138,245,530,3551,8,64,86,123,279,2218,0,24,52,122,251,1333
2022,1,A,골목상권,2110727,독산역 1번 출입구,659,514,145,4,72,152,169,191,71,4,48,118,128,165,51,0,24,34,41,26,20
2022,1,A,골목상권,2110726,금천철쭉어린이공원(금하마을),222,172,50,0,19,25,41,62,75,0,17,16,22,45,72,0,2,9,19,17,3
2022,1,A,골목상권,2110725,가산동주민센터,85,59,26,0,6,20,22,20,17,0,3,15,16,12,13,0,3,5,6,8,4
2022,1,A,골목상권,2110724,금천구립가산도서관,366,254,112,1,42,76,122,89,36,1,33,60,90,45,25,0,9,16,32,44,11
2022,1,A,골목상권,2110723,가산디지털단지역 1번 출입구,286,247,39,0,6,10,37,130,103,0,6,5,26,113,97,0,0,5,11,17,6
2022,1,A,골목상권,2110722,G타워,1221,876,345,5,246,423,354,139,54,5,163,311,281,79,37,0,83,112,73,60,17
2022,1,A,골목상권,2110721,가리봉파출소,215,104,111,1,6,36,42,42,88,0,2,19,17,22,44,1,4,17,25,20,44
2022,1,A,골목상권,2110720,대림역 2번,158,73,85,0,23,25,43,35,32,0,10,11,15,15,22,0,13,14,28,20,10
2022,1,A,골목상권,2110719,영서중학교,52,44,8,0,6,9,9,14,14,0,6,7,8,13,10,0,0,2,1,1,4
2022,1,A,골목상권,2110718,한국SGI본부,1614,1061,553,3,308,462,397,336,108,3,167,313,292,220,66,0,141,149,105,116,42
2022,1,A,골목상권,2110717,남구로역 2번,570,271,299,0,108,155,142,104,61,0,49,84,75,34,29,0,59,71,67,70,32
2022,1,A,골목상권,2110716,구로나눔길,666,398,268,1,132,256,164,77,36,0,39,154,115,60,30,1,93,102,49,17,6
2022,1,A,골목상권,2110715,구로구민회관,93,64,29,0,13,15,30,27,8,0,5,11,20,21,7,0,8,4,10,6,1
2022,1,A,골목상권,2110714,구로4동주민센터,271,156,115,0,34,44,57,79,57,0,8,19,32,53,44,0,26,25,25,26,13
2022,1,A,골목상권,2110713,구로보건소,2668,1817,851,5,474,650,706,533,300,3,323,472,514,332,173,2,151,178,192,201,127
2022,1,A,골목상권,2110712,남구로역 5번,233,108,125,1,32,36,66,64,34,0,10,17,24,32,25,1,22,19,42,32,9
2022,1,A,골목상권,2110711,구로초등학교,818,332,486,4,62,122,166,288,176,2,26,70,82,75,77,2,36,52,84,213,99
2022,1,A,골목상권,2110710,남구로역 3번,606,370,236,3,83,96,105,121,198,3,46,63,63,68,127,0,37,33,42,53,71
2022,1,A,골목상권,2110709,구로119안전센터,162,94,68,0,16,19,44,46,37,0,13,12,28,25,16,0,3,7,16,21,21
2022,1,A,골목상권,2110708,화원어린이공원,64,27,37,0,8,12,12,23,9,0,1,4,5,9,8,0,7,8,7,14,1
2022,1,A,골목상권,2110707,구로창업지원센터,1045,760,285,4,141,266,246,253,135,3,78,195,185,186,113,1,63,71,61,67,22
2022,1,A,골목상권,2110706,그라운드 고척,410,100,310,0,122,101,101,68,18,0,22,20,28,20,10,0,100,81,73,48,8
2022,1,A,골목상권,2110705,고산초등학교,33,19,14,0,3,2,8,7,13,0,3,1,8,2,5,0,0,1,0,5,8
2022,1,A,골목상권,2110704,고척중학교,62,36,26,0,12,23,10,12,5,0,7,12,3,11,3,0,5,11,7,1,2
2022,1,A,골목상권,2110703,개봉역,569,449,120,4,28,60,119,170,188,3,16,35,79,141,175,1,12,25,40,29,13
2022,1,A,골목상권,2110702,개봉초등학교,131,93,38,1,15,18,33,34,30,1,10,13,23,24,22,0,5,5,10,10,8
2022,1,A,골목상권,2110701,고척동성당,567,379,188,2,126,185,125,92,37,0,81,133,82,54,29,2,45,52,43,38,8
2022,1,A,골목상권,2110700,고척초등학교,3249,2648,601,3,209,680,974,1176,207,2,119,533,803,1021,170,1,90,147,171,155,37
2022,1,A,골목상권,2110699,덕의초등학교,150,89,61,0,15,24,32,48,31,0,8,15,15,28,23,0,7,9,17,20,8
2022,1,A,골목상권,2110698,개웅초등학교(개웅중학교),279,178,101,3,50,50,54,65,57,3,25,32,32,40,46,0,25,18,22,25,11
2022,1,A,골목상권,2110697,개봉3동주민센터,244,152,92,1,55,64,52,43,29,1,27,41,33,30,20,0,28,23,19,13,9
2022,1,A,골목상권,2110696,오류동역 1번,2453,1671,782,32,831,951,335,223,81,16,483,739,238,133,62,16,348,212,97,90,19
2022,1,A,골목상권,2110695,개봉1동주민센터,546,314,232,1,57,150,143,123,72,1,31,97,72,64,49,0,26,53,71,59,23
2022,1,A,골목상권,2110694,세곡초등학교,445,249,196,2,55,149,90,98,51,0,24,76,51,60,38,2,31,73,39,38,13
2022,1,A,골목상권,2110693,오류동역 4번,17,9,8,0,1,3,5,4,4,0,1,3,2,2,1,0,0,0,3,2,3
2022,1,A,골목상권,2110692,큰굴다리,233,148,85,0,12,52,54,66,49,0,7,19,35,49,38,0,5,33,19,17,11
2022,1,A,골목상권,2110691,개봉중학교,395,205,190,0,37,65,119,115,59,0,20,38,49,52,46,0,17,27,70,63,13
2022,1,A,골목상권,2110690,오류2동버들시장,625,318,307,1,105,200,143,105,71,0,42,115,72,46,43,1,63,85,71,59,28
2022,1,A,골목상권,2110689,오류동역 3번,259,188,71,3,41,45,52,66,52,3,25,32,40,48,40,0,16,13,12,18,12
2022,1,A,골목상권,2110688,오류지구대,171,60,111,1,18,20,40,59,33,0,7,11,15,19,8,1,11,9,25,40,25
2022,1,A,골목상권,2110687,"천왕역 3번(오류2동주민센터, 서울오류남초등학교)",21,16,5,0,2,3,5,6,5,0,1,3,4,4,4,0,1,0,1,2,1
2022,1,A,골목상권,2110686,수궁동주민센터,490,245,245,2,50,83,135,127,93,2,25,37,72,61,48,0,25,46,63,66,45
2022,1,A,골목상권,2110685,금강수목원아파트,181,143,38,0,13,32,53,57,26,0,10,25,38,47,23,0,3,7,15,10,3
2022,1,A,골목상권,2110684,서울공연예술고등학교,157,72,85,2,28,31,36,36,24,0,7,17,19,19,10,2,21,14,17,17,14
2022,1,A,골목상권,2110683,오류고등학교,185,125,60,0,24,46,55,41,19,0,18,33,33,23,18,0,6,13,22,18,1
2022,1,A,골목상권,2110682,온수역 8번,137,128,9,0,3,5,14,43,72,0,2,3,11,42,70,0,1,2,3,1,2
2022,1,A,골목상권,2110681,온수역 1번,152,106,46,0,13,52,39,21,27,0,10,38,25,13,20,0,3,14,14,8,7
2022,1,A,골목상권,2110680,온수역 5번(온수산업단지),1184,1003,181,18,161,205,235,343,222,18,129,175,191,286,204,0,32,30,44,57,18
2022,1,A,골목상권,2110679,염창역 2번,578,407,171,3,90,207,152,80,46,2,50,149,111,58,37,1,40,58,41,22,9
2022,1,A,골목상권,2110678,염창무학아파트,242,188,54,1,30,57,84,47,23,1,15,49,67,39,17,0,15,8,17,8,6
2022,1,A,골목상권,2110677,등촌역 1번,410,321,89,1,50,80,83,91,105,1,24,51,70,76,99,0,26,29,13,15,6
2022,1,A,골목상권,2110676,등촌역 7번,237,141,96,0,31,35,66,57,48,0,13,21,37,37,33,0,18,14,29,20,15
2022,1,A,골목상권,2110675,화곡4동주민센터,289,186,103,0,28,62,73,65,61,0,11,36,40,50,49,0,17,26,33,15,12
2022,1,A,골목상권,2110674,강서구청가양동별관,491,327,164,1,69,102,106,109,104,1,54,78,63,51,80,0,15,24,43,58,24
2022,1,A,골목상권,2110673,뜸부기어린이공원,253,143,110,0,37,52,62,64,38,0,21,29,31,34,28,0,16,23,31,30,10
2022,1,A,골목상권,2110672,백석중학교,155,99,56,1,21,37,40,43,13,1,18,26,18,25,11,0,3,11,22,18,2
2022,1,A,골목상권,2110671,등촌1동주민센터,5012,3056,1956,13,1252,1442,1027,802,476,5,391,945,826,556,333,8,861,497,201,246,143
2022,1,A,골목상권,2110670,신곡초등학교,527,322,205,6,79,119,122,101,100,3,45,78,71,59,66,3,34,41,51,42,34
2022,1,A,골목상권,2110669,화곡보람2차아파트,80,49,31,0,11,20,24,17,8,0,3,12,18,14,2,0,8,8,6,3,6
2022,1,A,골목상권,2110668,화곡2동주민센터,471,278,193,0,55,70,139,127,80,0,22,33,81,77,65,0,33,37,58,50,15
2022,1,A,골목상권,2110667,가양역 10번,177,126,51,0,33,32,56,36,20,0,21,20,38,29,18,0,12,12,18,7,2
2022,1,A,골목상권,2110666,KC대학교,257,131,126,0,26,51,66,72,42,0,16,23,31,26,35,0,10,28,35,46,7
2022,1,A,골목상권,2110665,곰달래도서관,469,285,184,0,36,92,123,138,80,0,25,60,79,74,47,0,11,32,44,64,33
2022,1,A,골목상권,2110664,강서구청옆,111,48,63,0,14,10,31,43,13,0,11,7,10,9,11,0,3,3,21,34,2
2022,1,A,골목상권,2110663,우장산롯데캐슬아파트앞,316,232,84,0,7,25,59,116,109,0,3,18,30,84,97,0,4,7,29,32,12
2022,1,A,골목상권,2110662,까치산역 1번,1480,885,595,4,245,501,396,234,100,4,129,301,207,171,73,0,116,200,189,63,27
2022,1,A,골목상권,2110661,강서새말어린이공원,126,48,78,0,3,13,30,38,42,0,2,8,10,9,19,0,1,5,20,29,23
2022,1,A,골목상권,2110660,등촌3동주민센터,4614,2039,2575,10,469,707,766,1291,1371,5,197,427,424,447,539,5,272,280,342,844,832
2022,1,A,골목상권,2110659,화곡역 4번,867,512,355,11,102,182,240,188,144,9,52,115,144,110,82,2,50,67,96,78,62
2022,1,A,골목상권,2110658,화곡초등학교,253,153,100,0,21,55,62,69,46,0,10,35,36,44,28,0,11,20,26,25,18
2022,1,A,골목상권,2110657,양천향교역 5번,3180,2118,1062,12,334,603,741,695,795,8,191,396,493,385,645,4,143,207,248,310,150
2022,1,A,골목상권,2110656,까치산역 3번,838,498,340,13,89,209,253,192,82,12,52,128,154,93,59,1,37,81,99,99,23
2022,1,A,골목상권,2110655,발산역 5번,587,355,232,0,97,156,147,112,75,0,29,94,98,76,58,0,68,62,49,36,17
2022,1,A,골목상권,2110654,까치산역 4번,1021,686,335,2,68,147,249,380,175,1,38,81,139,281,146,1,30,66,110,99,29
2022,1,A,골목상권,2110653,화곡역 2번,910,490,420,1,191,271,239,169,39,0,79,136,119,134,22,1,112,135,120,35,17
2022,1,A,골목상권,2110652,양천향교역 2번,643,483,160,0,70,131,146,169,127,0,32,102,104,139,106,0,38,29,42,30,21
2022,1,A,골목상권,2110651,화원중학교,377,214,163,2,29,50,102,105,89,1,19,31,68,52,43,1,10,19,34,53,46
2022,1,A,골목상권,2110650,우장산힐스테이트,146,118,28,0,24,30,52,21,19,0,15,25,43,18,17,0,9,5,9,3,2
2022,1,A,골목상권,2110649,우장산역 1번,366,197,169,0,41,92,83,98,52,0,12,49,39,63,34,0,29,43,44,35,18
2022,1,A,골목상권,2110648,양천향교역 7번,13,5,8,0,1,7,1,3,1,0,0,3,1,1,0,0,1,4,0,2,1
2022,1,A,골목상권,2110647,화곡역 5번,890,459,431,2,116,227,219,230,96,1,44,137,110,116,51,1,72,90,109,114,45
2022,1,A,골목상권,2110646,푸른들청소년도서관,782,401,381,1,93,124,208,189,167,1,27,53,103,100,117,0,66,71,105,89,50
2022,1,A,골목상권,2110645,우장산역 4번,794,391,403,0,64,125,239,221,145,0,33,65,87,90,116,0,31,60,152,131,29
2022,1,A,골목상권,2110644,신광명마을,333,288,45,1,24,22,60,107,119,1,7,13,52,100,115,0,17,9,8,7,4
2022,1,A,골목상권,2110643,강서구다솔마을,653,413,240,1,97,165,199,139,52,0,47,101,136,93,36,1,50,64,63,46,16
2022,1,A,골목상권,2110642,정곡초등학교,193,163,30,2,8,14,35,69,65,1,4,10,30,58,60,1,4,4,5,11,5
2022,1,A,골목상권,2110641,공항고등학교,345,236,109,2,46,95,100,79,23,1,30,72,61,52,20,1,16,23,39,27,3
2022,1,A,골목상권,2110640,방화역 1번,1019,638,381,3,139,292,240,195,150,3,62,119,167,158,129,0,77,173,73,37,21
2022,1,A,골목상권,2110639,신방화역 8번,523,369,154,1,74,61,88,153,146,1,17,22,51,139,139,0,57,39,37,14,7
2022,1,A,골목상권,2110638,신방화역 2번,372,202,170,3,53,75,88,87,66,3,22,40,44,43,50,0,31,35,44,44,16
2022,1,A,골목상권,2110637,송정역 2번,540,357,183,4,62,117,114,147,96,0,34,74,81,100,68,4,28,43,33,47,28
2022,1,A,골목상권,2110636,방화역 2번,152,76,76,1,25,49,41,21,15,0,9,26,27,4,10,1,16,23,14,17,5
2022,1,A,골목상권,2110635,공항시장역 3번,1482,399,1083,4,71,92,165,488,662,1,44,62,64,34,194,3,27,30,101,454,468
2022,1,A,골목상권,2110634,송정역 3번,664,434,230,0,64,143,178,145,134,0,33,90,116,101,94,0,31,53,62,44,40
2022,1,A,골목상권,2110633,개화산역 1번,115,89,26,2,29,34,27,15,8,2,28,22,19,10,8,0,1,12,8,5,0
2022,1,A,골목상권,2110632,방화역 3번,1075,887,188,2,42,127,400,334,170,1,21,90,353,281,141,1,21,37,47,53,29
2022,1,A,골목상권,2110631,방화초등학교,359,177,182,2,35,71,73,103,75,2,21,42,39,38,35,0,14,29,34,65,40
2022,1,A,골목상권,2110630,공항시장역 1번,1472,1008,464,0,157,294,298,328,395,0,67,180,202,240,319,0,90,114,96,88,76
2022,1,A,골목상권,2110629,송정역 4번,190,107,83,0,26,52,54,35,23,0,9,34,28,24,12,0,17,18,26,11,11
2022,1,A,골목상권,2110628,신목동역,496,319,177,0,58,88,124,120,106,0,30,58,82,89,60,0,28,30,42,31,46
2022,1,A,골목상권,2110627,신정롯데캐슬아파트,512,310,202,24,127,127,89,83,62,13,69,79,57,49,43,11,58,48,32,34,19
2022,1,A,골목상권,2110626,양화초등학교,652,271,381,1,127,138,149,147,90,0,37,57,76,63,38,1,90,81,73,84,52
2022,1,A,골목상권,2110625,신정2동주민센터,726,454,272,2,98,196,215,155,60,0,51,124,146,94,39,2,47,72,69,61,21
2022,1,A,골목상권,2110624,목동문화체육센터,382,234,148,0,93,118,75,65,31,0,40,79,46,50,19,0,53,39,29,15,12
2022,1,A,골목상권,2110623,갈산공원,118,94,24,0,27,32,24,27,8,0,23,26,21,19,5,0,4,6,3,8,3
2022,1,A,골목상권,2110622,달마을공원,458,261,197,0,58,90,102,138,70,0,26,47,63,65,60,0,32,43,39,73,10
2022,1,A,골목상권,2110621,목동역 5번,111,57,54,0,9,22,22,38,20,0,0,12,13,19,13,0,9,10,9,19,7
2022,1,A,골목상권,2110620,목동보건지소,451,235,216,4,51,81,102,125,88,4,20,45,47,65,54,0,31,36,55,60,34
2022,1,A,골목상권,2110619,목4동주민센터,311,203,108,1,51,87,89,64,19,1,16,52,58,57,19,0,35,35,31,7,0
2022,1,A,골목상권,2110618,강서고등학교,193,135,58,0,19,38,52,52,32,0,10,29,36,34,26,0,9,9,16,18,6
2022,1,A,골목상권,2110617,등촌역 4번,274,192,82,0,47,75,77,51,24,0,37,55,51,33,16,0,10,20,26,18,8
2022,1,A,골목상권,2110616,양목초등학교,161,103,58,0,3,23,19,40,76,0,2,18,14,32,37,0,1,5,5,8,39
2022,1,A,골목상권,2110615,신서초등학교,87,63,24,0,20,21,27,13,6,0,14,18,18,8,5,0,6,3,9,5,1
2022,1,A,골목상권,2110614,목동로데오거리,596,292,304,0,69,85,114,216,112,0,42,44,58,103,45,0,27,41,56,113,67
2022,1,A,골목상권,2110613,신정네거리역 4번,80,20,60,0,8,25,24,19,4,0,2,6,7,4,1,0,6,19,17,15,3
2022,1,A,골목상권,2110612,신정역 5번,644,303,341,1,85,88,143,197,130,0,44,62,74,70,53,1,41,26,69,127,77
2022,1,A,골목상권,2110611,신정역 1번,316,212,104,2,35,61,100,82,36,2,21,44,61,52,32,0,14,17,39,30,4
2022,1,A,골목상권,2110610,계남근린공원,126,85,41,0,5,11,41,44,25,0,3,6,28,35,13,0,2,5,13,9,12
2022,1,A,골목상권,2110609,신정네거리역 2번,1377,1358,19,0,14,15,52,171,1125,0,10,11,45,168,1124,0,4,4,7,3,1
2022,1,A,골목상권,2110608,신월2동주민센터,873,453,420,1,51,116,229,271,205,1,23,69,118,125,117,0,28,47,111,146,88
2022,1,A,골목상권,2110607,금빛새마을금고본점,53,31,22,0,2,10,11,19,11,0,1,4,5,12,9,0,1,6,6,7,2
2022,1,A,골목상권,2110606,신한은행 신월동지점,521,288,233,1,49,80,143,144,104,1,26,42,76,66,77,0,23,38,67,78,27
2022,1,A,골목상권,2110605,목동센트럴아이파크앞,155,89,66,0,15,22,26,47,45,0,5,15,11,27,31,0,10,7,15,20,14
2022,1,A,골목상권,2110604,신월4동주민센터,637,528,109,0,13,50,120,234,220,0,6,29,87,193,213,0,7,21,33,41,7
2022,1,A,골목상권,2110603,지향초등학교,205,119,86,0,13,56,60,44,32,0,5,30,37,25,22,0,8,26,23,19,10
2022,1,A,골목상권,2110602,신월시영아파트중문,644,574,70,1,7,22,68,238,308,0,4,13,52,214,291,1,3,9,16,24,17
2022,1,A,골목상권,2110601,신월1동우편취급국,1200,814,386,3,116,180,274,437,190,1,61,115,183,309,145,2,55,65,91,128,45
2022,1,A,골목상권,2110600,신월7동주민센터,350,263,87,0,32,30,66,101,121,0,17,14,38,79,115,0,15,16,28,22,6
2022,1,A,골목상권,2110599,신월1파출소,378,268,110,3,50,89,94,93,49,2,34,68,63,65,36,1,16,21,31,28,13
2022,1,A,골목상권,2110598,신월문화체육센터,428,195,233,0,21,58,112,150,87,0,5,28,45,66,51,0,16,30,67,84,36
2022,1,A,골목상권,2110597,신월1동주민센터,517,302,215,0,30,68,111,150,158,0,14,36,54,84,114,0,16,32,57,66,44
2022,1,A,골목상권,2110596,서서울호수공원,417,272,145,2,48,90,107,113,57,0,28,56,74,71,43,2,20,34,33,42,14
2022,1,A,골목상권,2110595,메디힐병원,731,459,272,0,80,148,163,185,155,0,34,85,86,136,118,0,46,63,77,49,37
2022,1,A,골목상권,2110594,신월중학교,453,225,228,0,54,166,104,96,33,0,14,66,56,59,30,0,40,100,48,37,3
2022,1,A,골목상권,2110593,신월3동주민센터,304,157,147,0,38,65,76,87,38,0,12,32,45,44,24,0,26,33,31,43,14
2022,1,A,골목상권,2110592,서울금융고등학교,449,344,105,0,19,35,74,156,165,0,9,13,45,128,149,0,10,22,29,28,16
2022,1,A,골목상권,2110591,충정로역 6번,627,422,205,0,99,158,178,126,66,0,55,103,135,92,37,0,44,55,43,34,29
2022,1,A,골목상권,2110590,만리재,97,50,47,0,19,23,23,25,7,0,6,12,11,16,5,0,13,11,12,9,2
2022,1,A,골목상권,2110589,애오개역 3번,58,14,44,0,4,8,19,13,14,0,0,1,5,6,2,0,4,7,14,7,12
2022,1,A,골목상권,2110588,한겨레신문사,169,92,77,0,34,44,41,33,17,0,14,22,20,21,15,0,20,22,21,12,2
2022,1,A,골목상권,2110587,공덕동주민센터,238,121,117,1,36,43,69,53,36,1,15,25,41,23,16,0,21,18,28,30,20
2022,1,A,골목상권,2110586,서울서부지방법원,1461,863,598,2,376,402,333,188,160,1,231,267,164,98,102,1,145,135,169,90,58
2022,1,A,골목상권,2110585,마포경찰서,918,790,128,0,192,360,176,181,9,0,150,313,153,166,8,0,42,47,23,15,1
2022,1,A,골목상권,2110584,아현역 4번,49,13,36,0,4,7,14,13,11,0,0,0,2,5,6,0,4,7,12,8,5
2022,1,A,골목상권,2110583,공덕래미안3차아파트,316,164,152,0,44,98,102,57,15,0,7,54,60,35,8,0,37,44,42,22,7
2022,1,A,골목상권,2110582,이대역 5번,59,19,40,0,6,11,16,16,10,0,0,4,4,6,5,0,6,7,12,10,5
2022,1,A,골목상권,2110581,염리초등학교,16,11,5,0,0,0,2,6,8,0,0,0,2,3,6,0,0,0,0,3,2
2022,1,A,골목상권,2110580,양원초등학교,78,20,58,0,3,6,16,25,28,0,0,1,3,11,5,0,3,5,13,14,23
2022,1,A,골목상권,2110579,마포역 4번,758,561,197,2,62,160,253,214,67,1,37,123,190,160,50,1,25,37,63,54,17
2022,1,A,골목상권,2110578,대흥역 2번,2091,1413,678,2,213,337,391,638,510,1,80,225,309,452,346,1,133,112,82,186,164
2022,1,A,골목상권,2110577,용강동주민센터,145,105,40,0,15,42,47,31,10,0,12,31,38,17,7,0,3,11,9,14,3
2022,1,A,골목상권,2110576,대흥역 3번,1605,1112,493,71,503,480,308,163,80,27,310,365,253,111,46,44,193,115,55,52,34
2022,1,A,골목상권,2110575,대흥동주민센터,206,156,50,2,25,47,36,48,48,2,11,35,25,40,43,0,14,12,11,8,5
2022,1,A,골목상권,2110574,서강대학교,173,123,50,0,35,41,49,38,10,0,17,30,41,30,5,0,18,11,8,8,5
2022,1,A,골목상권,2110573,신촌역 6번,33,14,19,0,7,4,6,8,8,0,2,0,3,3,6,0,5,4,3,5,2
2022,1,A,골목상권,2110572,서강대역 1번,470,254,216,1,63,130,117,116,43,1,32,67,58,66,30,0,31,63,59,50,13
2022,1,A,골목상권,2110571,신수동주민센터,635,358,277,5,109,159,187,126,49,5,57,88,98,74,36,0,52,71,89,52,13
2022,1,A,골목상권,2110570,KB국민은행 서강지점,61,39,22,0,4,22,18,12,5,0,4,13,10,7,5,0,0,9,8,5,0
2022,1,A,골목상권,2110569,홍대땡땡거리,358,153,205,2,62,108,97,53,36,1,18,48,46,19,21,1,44,60,51,34,15
2022,1,A,골목상권,2110568,광흥창역 1번,67,32,35,0,12,21,14,15,5,0,4,10,6,9,3,0,8,11,8,6,2
2022,1,A,골목상권,2110567,광흥창역 6번,91,61,30,0,16,26,27,12,10,0,8,20,13,11,9,0,8,6,14,1,1
2022,1,A,골목상권,2110566,경의선책거리,1690,934,756,2,359,547,406,290,86,1,137,328,252,157,59,1,222,219,154,133,27
2022,1,A,골목상권,2110565,홍익대,107,64,43,0,16,32,34,19,6,0,8,15,23,13,5,0,8,17,11,6,1
2022,1,A,골목상권,2110564,홍대입구역 3번,471,211,260,0,54,125,161,78,53,0,19,47,103,22,20,0,35,78,58,56,33
2022,1,A,골목상권,2110563,상수역 3번,355,274,81,12,83,130,78,23,29,10,63,101,61,16,23,2,20,29,17,7,6
2022,1,A,골목상권,2110562,연트럴파크(연남동주민센터),426,237,189,1,73,118,96,94,44,1,29,76,55,44,32,0,44,42,41,50,12
2022,1,A,골목상권,2110561,상수역 4번,395,247,148,4,59,102,94,89,47,2,21,56,64,68,36,2,38,46,30,21,11
2022,1,A,골목상권,2110560,마포FM,292,140,152,0,26,64,87,77,38,0,10,26,40,36,28,0,16,38,47,41,10
2022,1,A,골목상권,2110559,성산중학교,757,474,283,4,102,187,203,167,94,3,54,102,127,118,70,1,48,85,76,49,24
2022,1,A,골목상권,2110558,경성고등학교,2338,1579,759,11,302,556,565,513,391,10,149,343,406,384,287,1,153,213,159,129,104
2022,1,A,골목상권,2110557,홍대부속여중고앞,760,465,295,1,100,188,196,149,126,1,37,110,137,95,85,0,63,78,59,54,41
2022,1,A,골목상권,2110556,절두산순교성지,176,112,64,3,17,42,58,39,17,3,8,27,39,24,11,0,9,15,19,15,6
2022,1,A,골목상권,2110555,홍익지구대,335,161,174,1,58,69,68,50,89,0,16,32,34,21,58,1,42,37,34,29,31
2022,1,A,골목상권,2110554,망원역 1번,1499,727,772,2,210,352,484,333,118,2,105,174,225,147,74,0,105,178,259,186,44
2022,1,A,골목상권,2110553,가좌역 2번,257,150,107,0,23,42,73,79,40,0,14,23,39,41,33,0,9,19,34,38,7
2022,1,A,골목상권,2110552,성미산체육관,646,469,177,1,110,162,148,159,66,0,72,121,99,129,48,1,38,41,49,30,18
2022,1,A,골목상권,2110551,성서초등학교,803,387,416,1,110,164,235,172,121,1,42,90,114,81,59,0,68,74,121,91,62
2022,1,A,골목상권,2110550,합정역 8번,1578,740,838,1,240,411,414,333,179,0,84,165,221,171,99,1,156,246,193,162,80
2022,1,A,골목상권,2110549,새터산,283,137,146,1,48,61,76,46,51,1,18,31,43,16,28,0,30,30,33,30,23
2022,1,A,골목상권,2110548,마포구청역 4번,795,475,320,5,130,185,210,136,129,3,57,95,122,89,109,2,73,90,88,47,20
2022,1,A,골목상권,2110547,KB국민은행 망원동지점,284,168,116,0,13,47,93,76,55,0,4,25,55,45,39,0,9,22,38,31,16
2022,1,A,골목상권,2110546,양화대교북단,684,408,276,3,185,240,142,68,46,3,79,121,109,55,41,0,106,119,33,13,5
2022,1,A,골목상권,2110545,마포구청역 1번,880,496,384,1,74,169,241,262,133,1,30,100,116,154,95,0,44,69,125,108,38
2022,1,A,골목상권,2110544,망리단길,1203,718,485,1,179,248,331,253,191,1,107,153,171,147,139,0,72,95,160,106,52
2022,1,A,골목상권,2110543,중암중학교,38,25,13,0,6,8,14,7,3,0,3,5,8,6,3,0,3,3,6,1,0
2022,1,A,골목상권,2110542,마포구청역 7번,4013,2450,1563,16,528,715,782,1306,666,9,298,578,607,588,370,7,230,137,175,718,296
2022,1,A,골목상권,2110541,동교초등학교,377,221,156,0,43,59,101,96,78,0,23,37,63,50,48,0,20,22,38,46,30
2022,1,A,골목상권,2110540,망원나들목체육관,288,154,134,0,45,74,85,62,22,0,24,38,42,36,14,0,21,36,43,26,8
2022,1,A,골목상권,2110539,미근동,2792,1821,971,13,225,688,889,822,155,9,167,550,547,424,124,4,58,138,342,398,31
2022,1,A,골목상권,2110538,충정로역 3번,284,178,106,0,12,42,56,66,108,0,5,27,35,42,69,0,7,15,21,24,39
2022,1,A,골목상권,2110537,충정로현대아파트,1514,848,666,1,362,525,328,177,121,0,150,263,215,134,86,1,212,262,113,43,35
2022,1,A,골목상권,2110536,돈의문센트레빌아파트입구,141,105,36,0,12,23,61,32,13,0,7,17,50,21,10,0,5,6,11,11,3
2022,1,A,골목상권,2110535,영천시장입구,797,440,357,2,77,119,179,281,139,2,36,62,110,152,78,0,41,57,69,129,61
2022,1,A,골목상권,2110534,경기대학교,134,67,67,0,9,25,23,33,44,0,6,16,10,11,24,0,3,9,13,22,20
2022,1,A,골목상권,2110533,충정로역 7번,22,11,11,0,5,5,3,5,4,0,0,2,2,4,3,0,5,3,1,1,1
2022,1,A,골목상권,2110532,아현역 2번,330,205,125,0,52,33,48,78,119,0,17,13,23,57,95,0,35,20,25,21,24
2022,1,A,골목상권,2110531,홍지문,141,61,80,0,16,26,24,56,19,0,13,19,13,9,7,0,3,7,11,47,12
2022,1,A,골목상권,2110530,아현역 1번,36,20,16,0,5,5,7,15,4,0,2,5,4,6,3,0,3,0,3,9,1
2022,1,A,골목상권,2110529,홍제3동주민센터,136,67,69,0,14,22,30,27,43,0,2,6,11,16,32,0,12,16,19,11,11
2022,1,A,골목상권,2110528,서울여자간호대학교,309,149,160,0,11,22,32,69,175,0,10,12,16,22,89,0,1,10,16,47,86
2022,1,A,골목상권,2110527,홍제역 2번,177,83,94,1,35,39,35,38,29,1,11,26,14,19,12,0,24,13,21,19,17
2022,1,A,골목상권,2110526,봉원사,241,122,119,1,21,43,58,58,60,1,8,22,26,28,37,0,13,21,32,30,23
2022,1,A,골목상권,2110525,홍은종합사회복지관,61,17,44,0,10,12,15,10,14,0,1,3,0,4,9,0,9,9,15,6,5
2022,1,A,골목상권,2110524,연희세브란스병원,55,23,32,0,10,13,15,10,7,0,5,6,6,3,3,0,5,7,9,7,4
2022,1,A,골목상권,2110523,홍제성원아파트,25,11,14,0,0,6,7,7,5,0,0,1,3,5,2,0,0,5,4,2,3
2022,1,A,골목상권,2110522,홍제역 3번,8,3,5,0,3,0,1,1,3,0,0,0,0,1,2,0,3,0,1,0,1
2022,1,A,골목상권,2110521,홍제역 4번,63,36,27,0,4,7,19,17,16,0,0,4,10,9,13,0,4,3,9,8,3
2022,1,A,골목상권,2110520,경의중앙 신촌역,78,38,40,0,22,12,27,10,7,0,5,5,13,9,6,0,17,7,14,1,1
2022,1,A,골목상권,2110519,서대문구보건소별관,470,175,295,0,58,96,113,139,64,0,15,37,46,42,35,0,43,59,67,97,29
2022,1,A,골목상권,2110518,서대문구청,117,70,47,0,19,39,29,18,12,0,6,19,22,12,11,0,13,20,7,6,1
2022,1,A,골목상권,2110517,서대문소방서,1051,692,359,8,225,280,242,207,89,5,104,187,179,161,56,3,121,93,63,46,33
2022,1,A,골목상권,2110516,정원여중,114,85,29,0,24,19,35,22,14,0,17,14,26,19,9,0,7,5,9,3,5
2022,1,A,골목상권,2110515,홍은중학교,399,312,87,1,46,119,119,68,46,1,33,93,94,52,39,0,13,26,25,16,7
2022,1,A,골목상권,2110514,서대문우체국,86,19,67,0,26,26,17,9,8,0,0,4,7,4,4,0,26,22,10,5,4
2022,1,A,골목상권,2110513,연희파출소,457,241,216,0,51,87,110,130,79,0,17,46,58,69,51,0,34,41,52,61,28
2022,1,A,골목상권,2110512,연희지하차도,357,183,174,0,44,70,106,104,33,0,17,46,47,52,21,0,27,24,59,52,12
2022,1,A,골목상권,2110511,연희초등학교,3766,3317,449,2,465,768,660,1520,351,1,363,658,539,1427,329,1,102,110,121,93,22
2022,1,A,골목상권,2110510,홍연시장,99,59,40,0,8,14,35,26,16,0,4,6,23,14,12,0,4,8,12,12,4
2022,1,A,골목상권,2110509,연희대우아파트앞,691,333,358,0,73,177,151,193,97,0,29,73,77,101,53,0,44,104,74,92,44
2022,1,A,골목상권,2110508,서연중학교,1028,470,558,9,149,249,175,268,178,3,66,152,81,93,75,6,83,97,94,175,103
2022,1,A,골목상권,2110507,명지대학교,1537,1156,381,29,392,636,318,129,33,26,257,481,282,83,27,3,135,155,36,46,6
2022,1,A,골목상권,2110506,연희임광아파트,110,66,44,0,5,12,39,29,25,0,1,8,20,19,18,0,4,4,19,10,7
2022,1,A,골목상권,2110505,홍남교남측,14,9,5,0,1,0,3,7,3,0,0,0,2,5,2,0,1,0,1,2,1
2022,1,A,골목상권,2110504,명지전문대,139,35,104,0,8,17,27,38,49,0,3,4,6,11,11,0,5,13,21,27,38
2022,1,A,골목상권,2110503,명지대학교교회,230,123,107,0,27,52,59,64,28,0,9,30,26,36,22,0,18,22,33,28,6
2022,1,A,골목상권,2110502,남가좌파출소,290,147,143,0,29,34,73,92,62,0,14,16,35,47,35,0,15,18,38,45,27
2022,1,A,골목상권,2110501,연희어린이공원,214,82,132,0,12,33,40,75,54,0,3,20,15,18,26,0,9,13,25,57,28
2022,1,A,골목상권,2110500,남가좌동현대아파트,74,54,20,0,12,13,23,22,4,0,8,9,17,17,3,0,4,4,6,5,1
2022,1,A,골목상권,2110499,연가초등학교,282,123,159,0,44,47,83,67,41,0,8,22,32,35,26,0,36,25,51,32,15
2022,1,A,골목상권,2110498,증산역 1번,222,102,120,0,15,32,75,68,32,0,7,9,31,32,23,0,8,23,44,36,9
2022,1,A,골목상권,2110497,가좌역 3번,299,247,52,0,13,33,86,117,50,0,3,16,74,113,41,0,10,17,12,4,9
2022,1,A,골목상권,2110496,모래내우체국,611,333,278,2,88,190,160,89,82,2,20,100,117,42,52,0,68,90,43,47,30
2022,1,A,골목상권,2110495,북가좌2동주민센터,501,372,129,0,28,67,125,185,96,0,11,45,88,152,76,0,17,22,37,33,20
2022,1,A,골목상권,2110494,증산3교남측,31,24,7,0,1,8,7,9,6,0,0,7,5,7,5,0,1,1,2,2,1
2022,1,A,골목상권,2110493,북가좌초등학교,892,830,62,0,2,19,27,80,764,0,0,12,22,68,728,0,2,7,5,12,36
2022,1,A,골목상권,2110492,하나고등학교,247,43,204,1,6,15,13,98,114,0,1,8,7,10,17,1,5,7,6,88,97
2022,1,A,골목상권,2110491,불광중학교,195,90,105,0,13,35,71,56,20,0,8,20,32,18,12,0,5,15,39,38,8
2022,1,A,골목상권,2110490,녹번동근린공원,307,166,141,0,30,64,85,76,52,0,11,30,47,45,33,0,19,34,38,31,19
2022,1,A,골목상권,2110489,불광역 3번,35,25,10,0,3,7,10,10,5,0,3,4,7,6,5,0,0,3,3,4,0
2022,1,A,골목상권,2110488,우리은행응암동지점,171,103,68,1,14,24,41,36,55,0,8,16,19,15,45,1,6,8,22,21,10
2022,1,A,골목상권,2110487,불광역 8번,63,35,28,0,11,22,15,8,7,0,6,11,7,8,3,0,5,11,8,0,4
2022,1,A,골목상권,2110486,은평구청,629,292,337,0,86,110,146,178,109,0,55,72,56,64,45,0,31,38,90,114,64
2022,1,A,골목상권,2110485,연신내우체국,1259,678,581,0,7,24,35,160,1033,0,4,5,15,70,584,0,3,19,20,90,449
2022,1,A,골목상권,2110484,역촌역 3번,500,203,297,6,62,136,132,103,61,5,34,48,43,35,38,1,28,88,89,68,23
2022,1,A,골목상권,2110483,연천초등학교,147,90,57,0,13,21,45,22,46,0,5,11,31,13,30,0,8,10,14,9,16
2022,1,A,골목상권,2110482,연신초등학교,45,19,26,0,2,5,16,19,3,0,0,0,6,11,2,0,2,5,10,8,1
2022,1,A,골목상권,2110481,불광역 7번,193,86,107,0,13,43,41,57,39,0,2,22,11,24,27,0,11,21,30,33,12
2022,1,A,골목상권,2110480,연신내역 3번,117,34,83,0,7,27,37,29,17,0,0,7,12,9,6,0,7,20,25,20,11
2022,1,A,골목상권,2110479,연신내역 2번,304,177,127,1,50,83,64,66,40,0,28,71,33,32,13,1,22,12,31,34,27
2022,1,A,골목상권,2110478,응암1동주민센터,359,221,138,2,26,39,56,58,178,2,16,23,28,33,119,0,10,16,28,25,59
2022,1,A,골목상권,2110477,은평세무서,434,205,229,0,43,62,106,141,82,0,15,23,49,71,47,0,28,39,57,70,35
2022,1,A,골목상권,2110476,역촌역 2번,56,26,30,0,2,8,22,17,7,0,1,3,9,7,6,0,1,5,13,10,1
2022,1,A,골목상권,2110475,백련산해모로아파트,241,126,115,1,23,42,76,68,31,1,10,24,44,28,19,0,13,18,32,40,12
2022,1,A,골목상권,2110474,세명컴퓨터고등학교,196,68,128,0,12,41,40,59,44,0,3,19,15,11,20,0,9,22,25,48,24
2022,1,A,골목상권,2110473,구산역 1번,436,241,195,0,34,59,113,107,123,0,24,27,53,49,88,0,10,32,60,58,35
2022,1,A,골목상권,2110472,연신내역 4번,336,156,180,2,52,77,80,68,57,1,16,43,30,37,29,1,36,34,50,31,28
2022,1,A,골목상권,2110471,응암동우체국,258,110,148,0,33,58,70,72,25,0,10,17,25,36,22,0,23,41,45,36,3
2022,1,A,골목상권,2110470,신진과학기술고등학교,127,78,49,0,30,22,40,25,10,0,12,11,31,19,5,0,18,11,9,6,5
2022,1,A,골목상권,2110469,응암정보도서관,340,184,156,1,38,58,102,103,38,0,11,29,59,56,29,1,27,29,43,47,9
2022,1,A,골목상권,2110468,응암역 3번,1129,494,635,2,141,256,316,256,158,0,44,114,140,109,87,2,97,142,176,147,71
2022,1,A,골목상권,2110467,은평요양병원,487,284,203,3,90,154,110,68,62,2,46,100,61,37,38,1,44,54,49,31,24
2022,1,A,골목상권,2110466,구산역 2번,87,46,41,0,12,17,26,24,8,0,4,5,16,15,6,0,8,12,10,9,2
2022,1,A,골목상권,2110465,연신내역 7번,229,110,119,3,36,48,55,52,35,2,11,25,24,23,25,1,25,23,31,29,10
2022,1,A,골목상권,2110464,연신내역 5번,301,170,131,4,32,53,93,85,34,4,18,28,44,49,27,0,14,25,49,36,7
2022,1,A,골목상권,2110463,응암3동주민센터,123,54,69,0,7,23,36,26,31,0,3,6,14,11,20,0,4,17,22,15,11
2022,1,A,골목상권,2110462,갈현건영아파트,354,220,134,1,41,64,104,81,63,1,23,38,61,50,47,0,18,26,43,31,16
2022,1,A,골목상권,2110461,새절역 2번,39,21,18,0,2,8,11,10,8,0,2,2,6,6,5,0,0,6,5,4,3
2022,1,A,골목상권,2110460,구산역 4번,969,582,387,0,57,184,248,234,246,0,18,124,133,121,186,0,39,60,115,113,60
2022,1,A,골목상권,2110459,응암역 2번,547,198,349,1,50,105,159,154,78,0,9,38,77,41,33,1,41,67,82,113,45
2022,1,A,골목상권,2110458,선일여고,404,211,193,1,34,87,96,122,64,0,19,52,49,54,37,1,15,35,47,68,27
2022,1,A,골목상권,2110457,예일여고,484,284,200,1,60,89,88,132,114,0,27,47,47,71,92,1,33,42,41,61,22
2022,1,A,골목상권,2110456,구산보건지소,966,543,423,3,284,226,177,146,130,1,123,112,94,96,117,2,161,114,83,50,13
2022,1,A,골목상권,2110455,역촌노인복지관,678,360,318,2,69,118,187,198,104,0,34,63,89,105,69,2,35,55,98,93,35
2022,1,A,골목상권,2110454,선정중학교,481,268,213,3,56,71,142,108,101,2,42,35,53,66,70,1,14,36,89,42,31
2022,1,A,골목상권,2110453,신사1동주민센터,515,288,227,0,43,81,121,155,115,0,20,25,65,85,93,0,23,56,56,70,22
2022,1,A,골목상권,2110452,새절역 3번,420,347,73,1,17,47,78,132,145,1,11,29,58,113,135,0,6,18,20,19,10
2022,1,A,골목상권,2110451,증산역 4번,1296,986,310,2,153,384,374,298,85,2,78,294,312,235,65,0,75,90,62,63,20
2022,1,A,골목상권,2110450,시립서북병원,1576,644,932,4,301,361,344,339,227,2,124,172,146,108,92,2,177,189,198,231,135
2022,1,A,골목상권,2110449,증산역 3번,717,414,303,0,105,161,186,149,116,0,47,98,99,85,85,0,58,63,87,64,31
2022,1,A,골목상권,2110448,상신초등학교입구,120,76,44,1,20,27,26,26,20,1,17,17,12,14,15,0,3,10,14,12,5
2022,1,A,골목상권,2110447,구산초등학교,12,7,5,0,2,2,3,1,4,0,1,2,1,1,2,0,1,0,2,0,2
2022,1,A,골목상권,2110446,내를건너서숲으로도서관,375,294,81,0,65,88,84,69,69,0,61,77,55,44,57,0,4,11,29,25,12
2022,1,A,골목상권,2110445,덕산중학교,61,45,16,0,18,14,15,6,8,0,10,9,12,6,8,0,8,5,3,0,0
2022,1,A,골목상권,2110444,수색성당,170,73,97,0,13,53,46,45,13,0,5,27,13,17,11,0,8,26,33,28,2
2022,1,A,골목상권,2110443,수색역 1번,14,7,7,0,1,1,7,4,1,0,0,1,2,3,1,0,1,0,5,1,0
2022,1,A,골목상권,2110442,화랑대철도공원,76,20,56,0,1,4,14,49,8,0,0,2,4,10,4,0,1,2,10,39,4
2022,1,A,골목상권,2110441,영신여고,172,78,94,0,19,38,41,45,29,0,7,20,16,23,12,0,12,18,25,22,17
2022,1,A,골목상권,2110440,상계3동4동주민센터,49,16,33,0,8,6,15,10,10,0,1,1,4,2,8,0,7,5,11,8,2
2022,1,A,골목상권,2110439,당고개역 5번,63,21,42,0,3,7,6,19,28,0,0,4,2,7,8,0,3,3,4,12,20
2022,1,A,골목상권,2110438,경춘선숲길 우측,230,110,120,0,26,54,83,52,15,0,12,21,38,30,9,0,14,33,45,22,6
2022,1,A,골목상권,2110437,당고개역 2번,116,40,76,0,16,23,25,41,11,0,5,11,9,10,5,0,11,12,16,31,6
2022,1,A,골목상권,2110436,상계제일중학교,93,60,33,0,15,21,33,20,4,0,5,13,23,15,4,0,10,8,10,5,0
2022,1,A,골목상권,2110435,서울과학기술대,73,40,33,0,5,12,18,25,13,0,3,4,8,14,11,0,2,8,10,11,2
2022,1,A,골목상권,2110434,태릉입구역 4번,121,62,59,0,13,11,24,35,38,0,3,2,12,22,23,0,10,9,12,13,15
2022,1,A,골목상권,2110433,공릉역 2번,401,137,264,1,30,41,46,46,237,1,17,30,25,18,46,0,13,11,21,28,191
2022,1,A,골목상권,2110432,대진고등학교,894,734,160,0,55,146,248,343,102,0,27,96,214,311,86,0,28,50,34,32,16
2022,1,A,골목상권,2110431,상계역,124,72,52,1,16,24,28,37,18,0,2,13,17,27,13,1,14,11,11,10,5
2022,1,A,골목상권,2110430,중계초등학교,307,114,193,0,20,36,65,106,80,0,9,11,21,29,44,0,11,25,44,77,36
2022,1,A,골목상권,2110429,공릉동 국수거리,2074,916,1158,3,224,284,511,689,363,1,91,167,248,234,175,2,133,117,263,455,188
2022,1,A,골목상권,2110428,상계5동주민센터,491,217,274,1,43,52,106,158,131,0,14,25,45,70,63,1,29,27,61,88,68
2022,1,A,골목상권,2110427,노원 을지대학교병원,363,281,82,0,27,27,62,126,121,0,12,14,31,109,115,0,15,13,31,17,6
2022,1,A,골목상권,2110426,상계2동주민센터,337,169,168,0,32,57,83,96,69,0,15,30,39,45,40,0,17,27,44,51,29
2022,1,A,골목상권,2110425,계상초등학교,130,54,76,2,18,10,35,38,27,2,5,5,18,14,10,0,13,5,17,24,17
2022,1,A,골목상권,2110424,상계초등학교,388,157,231,2,42,50,96,106,92,2,18,32,32,42,31,0,24,18,64,64,61
2022,1,A,골목상권,2110423,석계역 2번,280,104,176,0,27,29,65,73,86,0,9,15,31,29,20,0,18,14,34,44,66
2022,1,A,골목상권,2110422,노원역 9번,277,221,56,0,27,70,94,54,32,0,24,59,79,37,22,0,3,11,15,17,10
2022,1,A,골목상권,2110421,석계역 1번,249,109,140,0,22,37,78,65,47,0,8,16,31,26,28,0,14,21,47,39,19
2022,1,A,골목상권,2110420,광운대역 1번,814,483,331,7,235,312,188,43,29,0,114,236,92,23,18,7,121,76,96,20,11
2022,1,A,골목상권,2110419,수락산디자인거리,789,536,253,5,96,138,186,200,164,5,51,79,130,146,125,0,45,59,56,54,39
2022,1,A,골목상권,2110418,광운대학교 남단,100,45,55,0,11,17,23,26,23,0,5,5,13,16,6,0,6,12,10,10,17
2022,1,A,골목상권,2110417,월계역 3번,26,14,12,0,11,9,2,4,0,0,4,6,2,2,0,0,7,3,0,2,0
2022,1,A,골목상권,2110416,노원초등학교,468,244,224,4,61,110,118,126,49,2,24,73,58,58,29,2,37,37,60,68,20
2022,1,A,골목상권,2110415,수락산역 4번,635,386,249,5,82,110,155,174,109,5,46,71,85,110,69,0,36,39,70,64,40
2022,1,A,골목상권,2110414,장석교회,61,47,14,0,5,13,15,20,8,0,3,11,11,17,5,0,2,2,4,3,3
2022,1,A,골목상권,2110413,누원고등학교,54,33,21,0,8,11,12,11,12,0,5,8,5,5,10,0,3,3,7,6,2
2022,1,A,골목상권,2110412,창동중학교,25,23,2,0,4,7,3,4,7,0,3,7,3,3,7,0,1,0,0,1,0
2022,1,A,골목상권,2110411,도봉역 3번,413,368,45,1,13,35,58,137,169,0,10,22,45,130,161,1,3,13,13,7,8
2022,1,A,골목상권,2110410,방학역 2번,957,833,124,3,75,187,185,224,283,2,61,162,154,194,260,1,14,25,31,30,23
2022,1,A,골목상권,2110409,창동역 2번,3957,2958,999,1,352,962,964,701,977,0,256,794,803,441,664,1,96,168,161,260,313
2022,1,A,골목상권,2110408,가인초등학교,359,108,251,0,68,70,101,86,34,0,13,24,33,22,16,0,55,46,68,64,18
2022,1,A,골목상권,2110407,도봉역 2번,562,338,224,1,32,77,115,203,134,1,8,41,57,126,105,0,24,36,58,77,29
2022,1,A,골목상권,2110406,도봉산역 1번,659,595,64,0,13,37,147,294,168,0,6,25,133,278,153,0,7,12,14,16,15
2022,1,A,골목상권,2110405,방학역 1번,1123,365,758,3,130,176,308,427,79,3,67,109,82,70,34,0,63,67,226,357,45
2022,1,A,골목상권,2110404,신창초등학교,520,300,220,1,42,96,163,136,82,0,11,57,109,76,47,1,31,39,54,60,35
2022,1,A,골목상권,2110403,방학1동주민센터,316,167,149,1,44,56,63,78,74,1,30,37,36,36,27,0,14,19,27,42,47
2022,1,A,골목상권,2110402,도봉구 정병원,471,221,250,1,85,98,98,106,83,0,24,38,54,59,46,1,61,60,44,47,37
2022,1,A,골목상권,2110401,도봉구민회관,243,65,178,0,29,32,38,87,57,0,4,14,14,22,11,0,25,18,24,65,46
2022,1,A,골목상권,2110400,도봉구보건소,191,111,80,0,20,35,53,51,32,0,9,22,32,26,22,0,11,13,21,25,10
2022,1,A,골목상권,2110399,창2동주민센터,852,519,333,8,114,210,262,189,69,8,71,159,139,94,48,0,43,51,123,95,21
2022,1,A,골목상권,2110398,쌍문2동우체국,474,326,148,0,30,65,96,153,130,0,11,27,50,124,114,0,19,38,46,29,16
2022,1,A,골목상권,2110397,도봉산입구,469,257,212,0,31,56,101,131,150,0,6,34,39,73,105,0,25,22,62,58,45
2022,1,A,골목상권,2110396,쌍문역1번(쌍리단길),259,94,165,2,41,49,52,76,39,0,13,15,22,29,15,2,28,34,30,47,24
2022,1,A,골목상권,2110395,신한은행 방학동지점,163,42,121,0,17,20,44,42,40,0,0,2,11,9,20,0,17,18,33,33,20
2022,1,A,골목상권,2110394,방학중학교,193,116,77,0,15,32,46,48,52,0,8,18,23,29,38,0,7,14,23,19,14
2022,1,A,골목상권,2110393,국민은행방학지점,49,13,36,0,2,10,17,15,5,0,0,0,4,6,3,0,2,10,13,9,2
2022,1,A,골목상권,2110392,발바닥공원,43,17,26,0,2,8,7,10,16,0,0,0,3,3,11,0,2,8,4,7,5
2022,1,A,골목상권,2110391,샘말어린이공원,373,154,219,0,29,54,74,53,163,0,14,28,40,26,46,0,15,26,34,27,117
2022,1,A,골목상권,2110390,방학초등학교,225,105,120,0,18,60,66,58,23,0,7,33,27,27,11,0,11,27,39,31,12
2022,1,A,골목상권,2110389,한일병원,209,120,89,0,23,37,57,53,39,0,10,19,35,30,26,0,13,18,22,23,13
2022,1,A,골목상권,2110388,도봉우체국,35,23,12,0,4,3,10,14,4,0,2,2,7,8,4,0,2,1,3,6,0
2022,1,A,골목상권,2110387,쌍문초등학교,335,185,150,0,38,53,98,88,58,0,13,29,51,47,45,0,25,24,47,41,13
2022,1,A,골목상권,2110386,연산군묘,124,114,10,0,4,3,10,44,63,0,1,3,7,40,63,0,3,0,3,4,0
2022,1,A,골목상권,2110385,효문고등학교,37,22,15,0,3,9,12,4,9,0,2,5,3,4,8,0,1,4,9,0,1
2022,1,A,골목상권,2110384,문이교,248,138,110,0,37,20,50,81,60,0,12,8,21,51,46,0,25,12,29,30,14
2022,1,A,골목상권,2110383,덕성여대시반거리,33,21,12,0,0,3,13,10,7,0,0,2,9,5,5,0,0,1,4,5,2
2022,1,A,골목상권,2110382,솔밭공원역 1번,32,25,7,0,1,9,8,7,7,0,0,5,6,7,7,0,1,4,2,0,0
2022,1,A,골목상권,2110381,번동주공2단지,171,88,83,5,31,28,38,55,14,4,11,14,21,30,8,1,20,14,17,25,6
2022,1,A,골목상권,2110380,강북문화정보도서관,48,15,33,0,12,10,12,10,4,0,0,3,5,4,3,0,12,7,7,6,1
2022,1,A,골목상권,2110379,KT&G 북부지사,12,3,9,1,1,1,3,3,3,0,0,0,1,1,1,1,1,1,2,2,2
2022,1,A,골목상권,2110378,송중동주민센터,23,13,10,0,1,4,6,9,3,0,1,2,2,6,2,0,0,2,4,3,1
2022,1,A,골목상권,2110377,미아사거리역 3번,21,14,7,0,2,2,2,9,6,0,2,2,1,4,5,0,0,0,1,5,1
2022,1,A,골목상권,2110376,수송초등학교,224,142,82,0,26,47,62,60,29,0,12,29,38,41,22,0,14,18,24,19,7
2022,1,A,골목상권,2110375,서울북부고용노동지청,178,99,79,1,23,32,47,52,23,0,18,26,25,19,11,1,5,6,22,33,12
2022,1,A,골목상권,2110374,송중초등학교,491,272,219,5,33,60,145,140,108,5,9,29,73,70,86,0,24,31,72,70,22
2022,1,A,골목상권,2110373,수유역 2번,891,705,186,0,129,255,172,236,99,0,90,208,134,205,68,0,39,47,38,31,31
2022,1,A,골목상권,2110372,강북중학교,188,100,88,0,21,43,50,48,26,0,17,25,18,20,20,0,4,18,32,28,6
2022,1,A,골목상권,2110371,삼양입구사거리,49,23,26,0,2,7,10,19,11,0,0,3,5,10,5,0,2,4,5,9,6
2022,1,A,골목상권,2110370,도봉세무서,367,255,112,0,17,61,76,105,108,0,11,31,42,80,91,0,6,30,34,25,17
2022,1,A,골목상권,2110369,성신여대운정그린캠퍼스,518,214,304,1,49,46,131,131,160,1,10,16,44,53,90,0,39,30,87,78,70
2022,1,A,골목상권,2110368,송천초등학교,196,176,20,0,9,16,36,71,64,0,5,11,32,66,62,0,4,5,4,5,2
2022,1,A,골목상권,2110367,강북구청,1943,976,967,5,195,512,483,522,226,4,64,205,237,340,126,1,131,307,246,182,100
2022,1,A,골목상권,2110366,광산사거리,91,64,27,0,17,20,17,22,15,0,13,13,11,16,11,0,4,7,6,6,4
2022,1,A,골목상권,2110365,미아역 5번,341,83,258,0,17,21,44,63,196,0,5,12,15,17,34,0,12,9,29,46,162
2022,1,A,골목상권,2110364,미아역 8번,146,75,71,0,9,26,51,39,21,0,3,9,25,23,15,0,6,17,26,16,6
2022,1,A,골목상권,2110363,송천동주민센터,19,12,7,0,0,4,3,7,5,0,0,3,1,4,4,0,0,1,2,3,1
2022,1,A,골목상권,2110362,우이천 계성교,205,110,95,1,24,34,61,63,22,0,11,19,28,35,17,1,13,15,33,28,5
2022,1,A,골목상권,2110361,삼양사거리역 1번,101,29,72,0,9,12,19,28,33,0,2,4,3,7,13,0,7,8,16,21,20
2022,1,A,골목상권,2110360,수유초등학교,321,222,99,0,34,61,63,67,96,0,7,43,42,44,86,0,27,18,21,23,10
2022,1,A,골목상권,2110359,수유시장옆,117,67,50,0,12,25,33,36,11,0,3,12,16,29,7,0,9,13,17,7,4
2022,1,A,골목상권,2110358,인수동 우편취급국,558,300,258,0,18,35,68,214,223,0,2,18,24,94,162,0,16,17,44,120,61
2022,1,A,골목상권,2110357,가오리역 1번,725,611,114,0,25,36,171,340,153,0,4,18,146,310,133,0,21,18,25,30,20
2022,1,A,골목상권,2110356,덕수교,228,114,114,0,13,34,55,60,66,0,4,17,22,30,41,0,9,17,33,30,25
2022,1,A,골목상권,2110355,삼양사거리역 2번,306,254,52,0,8,26,44,103,125,0,1,10,31,94,118,0,7,16,13,9,7
2022,1,A,골목상권,2110354,삼각산119안전센터,22,5,17,0,2,3,10,5,2,0,0,0,2,1,2,0,2,3,8,4,0
2022,1,A,골목상권,2110353,수유동우체국,187,91,96,0,4,18,48,60,57,0,1,12,33,27,18,0,3,6,15,33,39
2022,1,A,골목상권,2110352,수유1동주민센터,305,121,184,0,28,55,103,86,33,0,11,24,37,32,17,0,17,31,66,54,16
2022,1,A,골목상권,2110351,수유북부시장옆,214,93,121,0,27,45,51,59,32,0,9,17,20,25,22,0,18,28,31,34,10
2022,1,A,골목상권,2110350,가오리역 2번,148,77,71,0,11,27,37,49,24,0,5,11,18,26,17,0,6,16,19,23,7
2022,1,A,골목상권,2110349,화계역 2번,83,67,16,0,6,4,21,33,19,0,5,3,12,28,19,0,1,1,9,5,0
2022,1,A,골목상권,2110348,강북문화예술회관,343,174,169,0,27,59,108,96,53,0,4,31,63,43,33,0,23,28,45,53,20
2022,1,A,골목상권,2110347,구세군강북종합사회복지관,38,17,21,0,10,7,5,9,7,0,1,5,1,5,5,0,9,2,4,4,2
2022,1,A,골목상권,2110346,4.19민주묘지역 2번,96,48,48,0,12,13,19,19,33,0,3,7,8,7,23,0,9,6,11,12,10
2022,1,A,골목상권,2110345,솔밭공원역 2번,117,48,69,1,14,20,26,38,18,0,3,6,8,18,13,1,11,14,18,20,5
2022,1,A,골목상권,2110344,화계중학교,12,10,2,0,7,1,1,2,1,0,5,1,1,2,1,0,2,0,0,0,0
2022,1,A,골목상권,2110343,무너미어린이공원,100,74,26,0,7,21,28,32,12,0,4,14,22,25,9,0,3,7,6,7,3
2022,1,A,골목상권,2110342,국립재활원,59,44,15,0,5,11,20,15,8,0,3,8,14,13,6,0,2,3,6,2,2
2022,1,A,골목상권,2110341,북한산우이역 2번,492,408,84,0,15,25,80,255,117,0,4,10,52,235,107,0,11,15,28,20,10
2022,1,A,골목상권,2110340,인수중학교,176,99,77,0,24,55,50,29,18,0,8,43,31,7,10,0,16,12,19,22,8
2022,1,A,골목상권,2110339,국립4.19민주묘지,26,10,16,0,2,4,8,7,5,0,0,3,5,0,2,0,2,1,3,7,3
2022,1,A,골목상권,2110338,인수초등학교,190,135,55,0,34,59,43,46,8,0,18,42,33,35,7,0,16,17,10,11,1
2022,1,A,골목상권,2110337,아카데미하우스,512,368,144,6,70,69,94,159,114,6,43,58,60,98,103,0,27,11,34,61,11
2022,1,A,골목상권,2110336,석관고등학교,94,84,10,0,3,17,16,37,21,0,3,15,13,34,19,0,0,2,3,3,2
2022,1,A,골목상권,2110335,석계역 7번,249,172,77,1,19,32,66,64,67,0,13,18,34,45,62,1,6,14,32,19,5
2022,1,A,골목상권,2110334,석관중앙교회,170,105,65,0,21,43,31,41,34,0,8,19,19,29,30,0,13,24,12,12,4
2022,1,A,골목상권,2110333,돌곶이역 5번,988,746,242,0,15,23,38,74,838,0,2,13,20,42,669,0,13,10,18,32,169
2022,1,A,골목상권,2110332,돌곶이역 3번,164,63,101,0,28,29,42,47,18,0,6,18,19,14,6,0,22,11,23,33,12
2022,1,A,골목상권,2110331,돌곶이역 8번,436,292,144,3,54,146,112,76,45,0,17,105,82,53,35,3,37,41,30,23,10
2022,1,A,골목상권,2110330,돌곶이역 1번,220,172,48,0,12,18,33,31,126,0,4,12,20,23,113,0,8,6,13,8,13
2022,1,A,골목상권,2110329,우리은행체육관,53,27,26,1,7,9,12,17,7,1,0,5,5,10,6,0,7,4,7,7,1
2022,1,A,골목상권,2110328,상월곡역 3번,250,157,93,1,41,81,66,39,22,1,26,58,33,24,15,0,15,23,33,15,7
2022,1,A,골목상권,2110327,상월곡역 2번,104,55,49,0,8,15,39,26,16,0,3,6,23,14,9,0,5,9,16,12,7
2022,1,A,골목상권,2110326,장위동성당,84,40,44,0,2,9,16,13,44,0,1,2,6,5,26,0,1,7,10,8,18
2022,1,A,골목상권,2110325,장곡초등학교,62,22,40,0,0,14,22,20,6,0,0,3,8,7,4,0,0,11,14,13,2
2022,1,A,골목상권,2110324,월곡역 4번,99,55,44,0,31,21,19,18,10,0,9,10,13,14,9,0,22,11,6,4,1
2022,1,A,골목상권,2110323,상월곡역 1번,109,30,79,2,25,24,28,18,12,0,4,5,11,5,5,2,21,19,17,13,7
2022,1,A,골목상권,2110322,장위1동주민센터,237,158,79,0,14,15,42,74,92,0,9,11,30,52,56,0,5,4,12,22,36
2022,1,A,골목상권,2110321,동덕여대,43,29,14,0,2,6,17,12,6,0,2,6,9,7,5,0,0,0,8,5,1
2022,1,A,골목상권,2110320,KB국민은행 종암동지점,72,44,28,0,2,11,24,21,14,0,1,5,12,14,12,0,1,6,12,7,2
2022,1,A,골목상권,2110319,종암동주민센터,277,111,166,1,45,49,65,62,55,0,8,19,24,32,28,1,37,30,41,30,27
2022,1,A,골목상권,2110318,KT월곡지사,148,78,70,0,21,29,45,36,17,0,10,19,22,14,13,0,11,10,23,22,4
2022,1,A,골목상권,2110317,종암중학교,412,207,205,0,33,120,153,86,20,0,14,47,78,59,9,0,19,73,75,27,11
2022,1,A,골목상권,2110316,숭곡초등학교,439,217,222,2,68,114,129,88,38,2,19,58,73,42,23,0,49,56,56,46,15
2022,1,A,골목상권,2110315,종암아이파크2차,124,78,46,0,11,17,41,38,17,0,4,9,27,25,13,0,7,8,14,13,4
2022,1,A,골목상권,2110314,종암경찰서,953,701,252,1,127,272,224,287,42,0,72,207,163,231,28,1,55,65,61,56,14
2022,1,A,골목상권,2110313,안암역 3번,2079,1351,728,2,209,555,672,477,164,0,96,312,446,356,141,2,113,243,226,121,23
2022,1,A,골목상권,2110312,안암역 2번,175,96,79,0,18,24,52,54,27,0,9,17,27,27,16,0,9,7,25,27,11
2022,1,A,골목상권,2110311,종암아이파크2차후문,49,21,28,0,3,5,24,7,10,0,2,2,6,4,7,0,1,3,18,3,3
2022,1,A,골목상권,2110310,길음역 10번,45,14,31,0,12,8,5,15,5,0,4,1,2,4,3,0,8,7,3,11,2
2022,1,A,골목상권,2110309,대광초등학교,354,252,102,0,37,57,103,96,61,0,18,39,69,75,51,0,19,18,34,21,10
2022,1,A,골목상권,2110308,길음역 8번,174,85,89,0,17,36,56,41,24,0,8,17,26,20,14,0,9,19,30,21,10
2022,1,A,골목상권,2110307,길음역 7번,158,71,87,0,29,32,52,27,18,0,7,17,23,12,12,0,22,15,29,15,6
2022,1,A,골목상권,2110306,미아초등학교,291,194,97,2,13,46,66,71,93,0,3,25,39,45,82,2,10,21,27,26,11
2022,1,A,골목상권,2110305,보문역 5번,883,661,222,3,165,255,173,133,154,1,99,199,129,103,130,2,66,56,44,30,24
2022,1,A,골목상권,2110304,보문역 4번,248,146,102,0,40,77,61,48,22,0,10,46,35,37,18,0,30,31,26,11,4
2022,1,A,골목상권,2110303,성신여대입구역 1번,138,97,41,1,7,35,44,27,24,0,2,22,28,25,20,1,5,13,16,2,4
2022,1,A,골목상권,2110302,보문역 8번,3818,3195,623,1,369,1436,715,829,468,1,257,1276,659,708,294,0,112,160,56,121,174
2022,1,A,골목상권,2110301,성신여대입구역 7번,484,209,275,1,73,84,96,134,96,0,31,37,39,62,40,1,42,47,57,72,56
2022,1,A,골목상권,2110300,삼선동주민센터,2735,1587,1148,3,248,710,769,844,161,2,97,300,444,629,115,1,151,410,325,215,46
2022,1,A,골목상권,2110299,정릉역 1번,372,241,131,1,33,49,83,95,111,0,9,12,40,74,106,1,24,37,43,21,5
2022,1,A,골목상권,2110298,솔숲어린이공원,77,28,49,0,18,11,24,12,12,0,3,5,7,5,8,0,15,6,17,7,4
2022,1,A,골목상권,2110297,경동고등학교,654,311,343,0,74,123,156,164,137,0,31,65,74,79,62,0,43,58,82,85,75
2022,1,A,골목상권,2110296,성신여대입구역 4번,77,39,38,1,7,12,30,11,16,1,3,7,15,8,5,0,4,5,15,3,11
2022,1,A,골목상권,2110295,정릉우체국,679,248,431,0,166,178,163,119,53,0,36,67,49,52,44,0,130,111,114,67,9
2022,1,A,골목상권,2110294,서경대학교,391,262,129,0,35,30,93,120,113,0,18,14,46,87,97,0,17,16,47,33,16
2022,1,A,골목상권,2110293,삼선중학교,1730,860,870,4,248,467,527,319,165,3,116,277,268,111,85,1,132,190,259,208,80
2022,1,A,골목상권,2110292,정릉역 2번,43,17,26,0,2,7,21,7,6,0,1,5,6,3,2,0,1,2,15,4,4
2022,1,A,골목상권,2110291,한성대입구역 3번,345,174,171,2,27,49,96,92,79,0,14,24,50,52,34,2,13,25,46,40,45
2022,1,A,골목상권,2110290,북한산보국문역 1번,96,78,18,0,2,9,29,37,19,0,1,8,23,30,16,0,1,1,6,7,3
2022,1,A,골목상권,2110289,북한산보국문역 2번,144,105,39,0,9,28,49,32,26,0,6,23,30,24,22,0,3,5,19,8,4
2022,1,A,골목상권,2110288,동구여중,216,139,77,1,19,49,52,55,40,0,9,22,35,40,33,1,10,27,17,15,7
2022,1,A,골목상권,2110287,정릉3동주민센터,70,50,20,0,9,12,18,19,12,0,5,8,15,12,10,0,4,4,3,7,2
2022,1,A,골목상권,2110286,한성대입구역 5번,978,468,510,17,187,284,317,122,51,8,70,126,143,83,38,9,117,158,174,39,13
2022,1,A,골목상권,2110285,홍대부중,814,559,255,9,219,220,210,100,56,6,118,172,163,69,31,3,101,48,47,31,25
2022,1,A,골목상권,2110284,정릉북한산국립공원입구,644,558,86,0,13,85,200,250,96,0,8,69,176,220,85,0,5,16,24,30,11
2022,1,A,골목상권,2110283,성북초등학교앞,203,78,125,0,16,33,56,80,18,0,8,10,23,27,10,0,8,23,33,53,8
2022,1,A,골목상권,2110282,국민대학교앞,1403,1162,241,15,213,430,341,239,165,14,151,387,296,212,102,1,62,43,45,27,63
2022,1,A,골목상권,2110281,길상사,13811,12087,1724,12,1418,3093,4057,4963,268,1,960,2426,3678,4822,200,11,458,667,379,141,68
2022,1,A,골목상권,2110280,북정마을,78,40,38,0,6,12,25,24,11,0,2,4,11,15,8,0,4,8,14,9,3
2022,1,A,골목상권,2110279,신내역 2번,9,8,1,0,0,1,4,4,0,0,0,1,3,4,0,0,0,0,1,0,0
2022,1,A,골목상권,2110278,망우본동주민센터,279,168,111,1,32,46,78,83,39,0,10,25,44,57,32,1,22,21,34,26,7
2022,1,A,골목상권,2110277,러스크서울병원,178,100,78,0,16,32,39,52,39,0,6,15,23,29,27,0,10,17,16,23,12
2022,1,A,골목상권,2110276,신내IC북측,39,25,14,0,1,6,11,12,9,0,0,5,6,9,5,0,1,1,5,3,4
2022,1,A,골목상권,2110275,하나은행 망우동지점,63,33,30,0,4,9,19,16,15,0,3,6,9,5,10,0,1,3,10,11,5
2022,1,A,골목상권,2110274,서일대학교,552,385,167,0,49,66,143,153,141,0,10,43,97,121,114,0,39,23,46,32,27
2022,1,A,골목상권,2110273,장스여성병원,610,446,164,7,31,37,75,209,251,0,4,8,37,168,229,7,27,29,38,41,22
2022,1,A,골목상권,2110272,신내1동주민센터,471,318,153,0,45,69,93,149,115,0,15,35,60,103,105,0,30,34,33,46,10
2022,1,A,골목상권,2110271,신내역 1번,97,74,23,0,8,17,25,29,18,0,5,14,18,23,14,0,3,3,7,6,4
2022,1,A,골목상권,2110270,혜원여고,168,148,20,0,4,5,7,70,82,0,4,3,6,59,76,0,0,2,1,11,6
2022,1,A,골목상권,2110269,용마문화복지센터,169,98,71,0,19,53,52,28,17,0,13,32,30,19,4,0,6,21,22,9,13
2022,1,A,골목상권,2110268,망우3동주민센터,60,30,30,0,10,13,10,18,9,0,1,5,7,10,7,0,9,8,3,8,2
2022,1,A,골목상권,2110267,망우역 2번,139,49,90,1,15,28,50,28,17,1,2,10,19,13,4,0,13,18,31,15,13
2022,1,A,골목상권,2110266,면목동우체국,225,182,43,0,10,31,38,79,67,0,1,19,30,69,63,0,9,12,8,10,4
2022,1,A,골목상권,2110265,망우역 1번,198,91,107,1,23,43,54,57,20,0,7,18,21,32,13,1,16,25,33,25,7
2022,1,A,골목상권,2110264,면목역 2번,358,170,188,1,52,75,93,80,57,0,21,40,40,37,32,1,31,35,53,43,25
2022,1,A,골목상권,2110263,면목역 1번,128,69,59,0,12,27,34,24,31,0,6,12,11,14,26,0,6,15,23,10,5
2022,1,A,골목상권,2110262,상봉역 3번,1532,879,653,2,221,447,543,268,51,0,119,337,282,107,34,2,102,110,261,161,17
2022,1,A,골목상권,2110261,사가정역 4번,167,90,77,1,16,29,49,50,22,1,8,15,25,26,15,0,8,14,24,24,7
2022,1,A,골목상권,2110260,면목역 3번,126,74,52,0,24,21,24,29,28,0,14,8,12,20,20,0,10,13,12,9,8
2022,1,A,골목상권,2110259,사가정역 1번,543,425,118,2,48,108,172,159,54,2,29,73,131,140,50,0,19,35,41,19,4
2022,1,A,골목상권,2110258,면동초등학교,260,99,161,0,32,49,79,66,34,0,1,20,28,34,16,0,31,29,51,32,18
2022,1,A,골목상권,2110257,상봉역 7번,397,330,67,0,17,18,50,133,179,0,6,11,34,118,161,0,11,7,16,15,18
2022,1,A,골목상권,2110256,면목2동체육관,477,321,156,2,56,66,82,140,131,1,21,35,45,109,110,1,35,31,37,31,21
2022,1,A,골목상권,2110255,상봉역 4번,327,208,119,0,39,52,78,92,66,0,20,24,46,62,56,0,19,28,32,30,10
2022,1,A,골목상권,2110254,오거리공원,257,89,168,1,19,75,79,51,32,0,6,15,35,21,12,1,13,60,44,30,20
2022,1,A,골목상권,2110253,중곡초등학교,181,106,75,0,31,31,44,49,26,0,10,17,23,35,21,0,21,14,21,14,5
2022,1,A,골목상권,2110252,장안제일시장,712,505,207,1,64,101,159,195,192,1,42,73,87,131,171,0,22,28,72,64,21
2022,1,A,골목상권,2110251,장안중학교,147,104,43,0,8,34,46,39,20,0,3,23,34,27,17,0,5,11,12,12,3
2022,1,A,골목상권,2110250,화랑대역 7번,111,69,42,0,7,20,32,34,18,0,5,12,15,23,14,0,2,8,17,11,4
2022,1,A,골목상권,2110249,중화역 1번,783,496,287,0,71,131,213,207,161,0,34,62,112,143,145,0,37,69,101,64,16
2022,1,A,골목상권,2110248,먹골파출소,85,47,38,1,19,23,20,12,10,0,7,14,12,4,10,1,12,9,8,8,0
2022,1,A,골목상권,2110247,먹골역 1번,377,175,202,0,53,79,123,78,44,0,21,30,55,38,31,0,32,49,68,40,13
2022,1,A,골목상권,2110246,월드순복음교회,431,312,119,0,27,97,158,95,54,0,12,69,122,65,44,0,15,28,36,30,10
2022,1,A,골목상권,2110245,KB국민은행 중화동지점,108,69,39,0,5,18,41,27,17,0,4,10,24,17,14,0,1,8,17,10,3
2022,1,A,골목상권,2110244,중화역 4번,250,175,75,1,8,26,49,44,122,1,4,11,32,30,97,0,4,15,17,14,25
2022,1,A,골목상권,2110243,중랑노인종합복지관,317,126,191,1,32,51,76,111,46,0,7,22,39,36,22,1,25,29,37,75,24
2022,1,A,골목상권,2110242,면목5동주민센터,164,112,52,0,21,28,56,30,29,0,12,23,31,22,24,0,9,5,25,8,5
2022,1,A,골목상권,2110241,먹골역 5번,415,213,202,0,61,87,97,117,53,0,17,49,46,63,38,0,44,38,51,54,15
2022,1,A,골목상권,2110240,태릉시장 특화거리,97,39,58,2,20,13,28,16,18,1,3,8,7,8,12,1,17,5,21,8,6
2022,1,A,골목상권,2110238,배꽃어린이공원,66,48,18,0,6,7,15,23,15,0,4,5,9,15,15,0,2,2,6,8,0
2022,1,A,골목상권,2110237,메가박스 상봉,274,152,122,0,30,67,97,54,26,0,13,37,48,36,18,0,17,30,49,18,8
2022,1,A,골목상권,2110236,신묵초등학교,1015,836,179,0,185,302,228,255,45,0,135,246,194,228,33,0,50,56,34,27,12
2022,1,A,골목상권,2110235,세화어린이공원,17,12,5,0,6,3,1,5,2,0,5,1,1,3,2,0,1,2,0,2,0
2022,1,A,골목상권,2110234,중랑역 4번,96,41,55,0,15,16,23,25,17,0,2,5,10,14,10,0,13,11,13,11,7
2022,1,A,골목상권,2110233,중랑역 1번,142,46,96,1,23,27,50,35,6,1,6,7,16,11,5,0,17,20,34,24,1
2022,1,A,골목상권,2110232,동대부고,579,413,166,0,41,71,119,175,173,0,14,38,80,134,147,0,27,33,39,41,26
2022,1,A,골목상권,2110231,장안교,11,8,3,0,0,1,4,5,1,0,0,1,3,4,0,0,0,0,1,1,1
2022,1,A,골목상권,2110230,장안현대홈타운1차아파트,161,101,60,0,15,32,52,45,17,0,6,22,33,28,12,0,9,10,19,17,5
2022,1,A,골목상권,2110229,장평중학교,1339,865,474,0,145,164,192,320,518,0,81,103,125,212,344,0,64,61,67,108,174
2022,1,A,골목상권,2110228,장안근린공원,1992,1184,808,40,1381,313,92,101,65,24,788,223,60,54,35,16,593,90,32,47,30
2022,1,A,골목상권,2110227,답십리공원,216,82,134,0,13,28,73,82,20,0,10,14,25,21,12,0,3,14,48,61,8
2022,1,A,골목상권,2110226,장안1동주민센터,1882,1005,877,2,147,247,333,512,641,2,87,148,213,253,302,0,60,99,120,259,339
2022,1,A,골목상권,2110225,촬영소사거리,330,204,126,0,22,36,68,83,121,0,9,25,42,55,73,0,13,11,26,28,48
2022,1,A,골목상권,2110224,외대앞역 2번,95,39,56,0,9,14,16,27,29,0,2,4,9,15,9,0,7,10,7,12,20
2022,1,A,골목상권,2110223,군자초등학교,94,56,38,0,13,17,26,24,14,0,4,10,17,15,10,0,9,7,9,9,4
2022,1,A,골목상권,2110222,회기역 2번,20,17,3,0,0,3,2,6,9,0,0,2,2,4,9,0,0,1,0,2,0
2022,1,A,골목상권,2110221,의릉,95,69,26,0,10,12,36,29,8,0,6,10,24,22,7,0,4,2,12,7,1
2022,1,A,골목상권,2110220,외대앞역 1번,190,109,81,0,28,36,54,46,26,0,7,17,33,34,18,0,21,19,21,12,8
2022,1,A,골목상권,2110219,삼육보건대학교,249,145,104,0,18,42,68,82,39,0,11,20,31,53,30,0,7,22,37,29,9
2022,1,A,골목상권,2110218,답십리사거리,158,83,75,0,14,25,45,60,14,0,5,12,22,33,11,0,9,13,23,27,3
2022,1,A,골목상권,2110217,자동차부품상가,503,388,115,1,33,105,143,123,98,1,24,88,115,83,77,0,9,17,28,40,21
2022,1,A,골목상권,2110216,전농중학교,208,68,140,1,32,48,62,50,15,1,11,14,18,18,6,0,21,34,44,32,9
2022,1,A,골목상권,2110215,회기역 1번,28,18,10,0,3,4,9,7,5,0,3,2,6,3,4,0,0,2,3,4,1
2022,1,A,골목상권,2110214,경희대후문,86,42,44,0,18,17,24,17,10,0,6,6,13,10,7,0,12,11,11,7,3
2022,1,A,골목상권,2110213,청량초등학교,124,81,43,0,19,57,17,15,16,0,7,41,13,7,13,0,12,16,4,8,3
2022,1,A,골목상권,2110212,답십리초등학교,204,144,60,0,26,37,42,67,32,0,18,26,27,50,23,0,8,11,15,17,9
2022,1,A,골목상권,2110211,전곡마을마당공원,626,445,181,1,66,101,170,194,94,0,45,73,129,143,55,1,21,28,41,51,39
2022,1,A,골목상권,2110210,서울시립대,341,253,88,1,9,19,24,34,254,1,4,12,10,21,205,0,5,7,14,13,49
2022,1,A,골목상권,2110209,답십리 장령당공원,81,51,30,0,3,11,28,19,20,0,1,5,16,15,14,0,2,6,12,4,6
2022,1,A,골목상권,2110208,시조사삼거리,75,56,19,0,2,14,7,17,35,0,1,7,2,11,35,0,1,7,5,6,0
2022,1,A,골목상권,2110207,시립대앞사거리,50,26,24,0,4,12,12,10,12,0,2,8,6,3,7,0,2,4,6,7,5
2022,1,A,골목상권,2110206,텃골근린공원,81,29,52,0,5,14,23,23,16,0,2,7,7,7,6,0,3,7,16,16,10
2022,1,A,골목상권,2110205,경희대삼거리,82,48,34,0,4,13,23,23,19,0,2,10,7,17,12,0,2,3,16,6,7
2022,1,A,골목상권,2110204,간데메공원,411,268,143,3,83,97,82,89,57,3,57,64,46,58,40,0,26,33,36,31,17
2022,1,A,골목상권,2110203,떡전교사거리,99,63,36,1,9,15,32,29,13,1,0,7,26,20,9,0,9,8,6,9,4
2022,1,A,골목상권,2110202,전농1동주민센터(전농시장),111,68,43,0,14,35,31,20,11,0,9,19,21,14,5,0,5,16,10,6,6
2022,1,A,골목상권,2110201,전농119안전센터,27,11,16,0,2,1,9,10,5,0,1,0,3,4,3,0,1,1,6,6,2
2022,1,A,골목상권,2110200,동대문경찰서,74,50,24,0,1,6,21,13,33,0,0,1,11,6,32,0,1,5,10,7,1
2022,1,A,골목상권,2110199,홍릉시장,65,41,24,0,11,15,18,14,7,0,8,8,10,9,6,0,3,7,8,5,1
2022,1,A,골목상권,2110198,동대문중앙새마을금고본점,67,26,41,0,1,0,18,37,11,0,0,0,8,10,8,0,1,0,10,27,3
2022,1,A,골목상권,2110197,세종대왕기념관교차로,67,46,21,0,8,19,26,9,5,0,4,15,19,7,1,0,4,4,7,2,4
2022,1,A,골목상권,2110196,홍릉근린공원,23,12,11,0,1,6,8,5,3,0,1,4,3,2,2,0,0,2,5,3,1
2022,1,A,골목상권,2110195,동대문구청,221,115,106,0,41,58,47,40,35,0,12,28,23,27,25,0,29,30,24,13,10
2022,1,A,골목상권,2110194,홍파초등학교,112,85,27,0,6,32,24,36,14,0,4,20,20,31,10,0,2,12,4,5,4
2022,1,A,골목상권,2110193,고려대역 4번,48,37,11,0,5,11,11,10,11,0,3,5,10,10,9,0,2,6,1,0,2
2022,1,A,골목상권,2110192,동의보감타워,70,45,25,0,7,10,25,16,12,0,2,6,17,10,10,0,5,4,8,6,2
2022,1,A,골목상권,2110191,고려대역 6번,48,41,7,0,1,12,14,9,12,0,1,10,11,8,11,0,0,2,3,1,1
2022,1,A,골목상권,2110190,고대앞사거리,195,92,103,0,22,34,34,45,60,0,4,18,22,19,29,0,18,16,12,26,31
2022,1,A,골목상권,2110189,제기동역 1번,1545,1089,456,1,233,490,343,170,308,0,98,349,286,137,219,1,135,141,57,33,89
2022,1,A,골목상권,2110188,용두동신동아아파트,807,607,200,8,104,178,229,191,97,2,68,150,181,132,74,6,36,28,48,59,23
2022,1,A,골목상권,2110187,제기동역 6번,3124,2222,902,15,559,867,746,552,385,7,387,605,531,394,298,8,172,262,215,158,87
2022,1,A,골목상권,2110186,종암초등학교,94,71,23,0,5,13,15,30,31,0,1,12,9,23,26,0,4,1,6,7,5
2022,1,A,골목상권,2110185,용두초등학교,122,77,45,0,13,22,31,32,24,0,5,13,18,22,19,0,8,9,13,10,5
2022,1,A,골목상권,2110184,용두사거리,423,215,208,0,81,138,75,77,52,0,39,51,34,51,40,0,42,87,41,26,12
2022,1,A,골목상권,2110183,한국의류시험연구원,833,441,392,3,237,305,147,75,66,1,87,160,79,58,56,2,150,145,68,17,10
2022,1,A,골목상권,2110182,용두희망어린이공원,370,249,121,0,38,71,108,87,66,0,20,47,67,64,51,0,18,24,41,23,15
2022,1,A,골목상권,2110181,신설동역 9번,1864,1212,652,12,209,232,286,440,685,12,150,162,188,282,418,0,59,70,98,158,267
2022,1,A,골목상권,2110180,광진정보도서관,5946,4025,1921,18,1620,2093,1180,672,363,5,885,1485,859,489,302,13,735,608,321,183,61
2022,1,A,골목상권,2110179,광나루역 1번,911,620,291,0,142,209,188,233,139,0,82,160,157,154,67,0,60,49,31,79,72
2022,1,A,골목상권,2110178,장로회신학대학교,194,123,71,0,25,44,42,56,27,0,15,34,21,38,15,0,10,10,21,18,12
2022,1,A,골목상권,2110177,동의초등학교,135,90,45,0,11,31,32,35,26,0,3,15,21,27,24,0,8,16,11,8,2
2022,1,A,골목상권,2110176,해오름공원,758,432,326,1,70,206,221,168,92,1,30,116,125,90,70,0,40,90,96,78,22
2022,1,A,골목상권,2110175,푸른동산공원,370,235,135,0,41,74,109,86,60,0,24,48,70,53,40,0,17,26,39,33,20
2022,1,A,골목상권,2110174,아차산역 1번,432,305,127,1,49,80,115,104,83,1,25,57,76,69,77,0,24,23,39,35,6
2022,1,A,골목상권,2110173,구남초등학교,195,106,89,0,34,50,46,44,21,0,16,28,21,25,16,0,18,22,25,19,5
2022,1,A,골목상권,2110172,광진초등학교,351,227,124,0,42,73,97,92,47,0,17,48,61,65,36,0,25,25,36,27,11
2022,1,A,골목상권,2110171,중곡4동주민센터,59,36,23,0,4,8,7,22,18,0,1,2,3,15,15,0,3,6,4,7,3
2022,1,A,골목상권,2110170,동대부여고,189,105,84,1,35,39,58,39,17,0,16,16,35,26,12,1,19,23,23,13,5
2022,1,A,골목상권,2110169,성동초등학교,221,112,109,1,25,30,68,59,38,0,12,12,32,32,24,1,13,18,36,27,14
2022,1,A,골목상권,2110168,대원고등학교,688,531,157,0,66,102,139,225,156,0,38,73,103,173,144,0,28,29,36,52,12
2022,1,A,골목상권,2110167,용마초등학교,376,220,156,2,22,56,99,109,88,0,9,20,52,62,77,2,13,36,47,47,11
2022,1,A,골목상권,2110166,구의1동주민센터,552,292,260,1,70,121,177,115,68,1,20,59,99,60,53,0,50,62,78,55,15
2022,1,A,골목상권,2110165,국립정신건강센터,287,204,83,0,19,46,81,77,64,0,9,33,51,61,50,0,10,13,30,16,14
2022,1,A,골목상권,2110164,아차산역 5번,731,494,237,3,111,126,143,164,184,0,61,77,101,112,143,3,50,49,42,52,41
2022,1,A,골목상권,2110163,성자초등학교,272,134,138,0,37,44,65,72,54,0,13,26,31,26,38,0,24,18,34,46,16
2022,1,A,골목상권,2110162,군자역 4번,613,365,248,0,127,162,131,110,83,0,98,118,75,42,32,0,29,44,56,68,51
2022,1,A,골목상권,2110161,중곡역 3번,236,135,101,3,11,33,58,65,66,0,2,16,37,40,40,3,9,17,21,25,26
2022,1,A,골목상권,2110160,광진경찰서,832,690,142,0,149,323,182,167,11,0,110,261,152,157,10,0,39,62,30,10,1
2022,1,A,골목상권,2110159,구의역 4번,663,391,272,1,125,115,158,132,132,1,58,62,85,87,98,0,67,53,73,45,34
2022,1,A,골목상권,2110158,중곡3동주민센터,715,518,197,1,113,210,184,138,69,0,73,168,123,104,50,1,40,42,61,34,19
2022,1,A,골목상권,2110157,자양동우체국,1097,891,206,10,352,279,244,141,71,7,300,237,180,106,61,3,52,42,64,35,10
2022,1,A,골목상권,2110156,군자역 5번,624,365,259,0,96,182,174,113,59,0,41,115,102,67,40,0,55,67,72,46,19
2022,1,A,골목상권,2110155,광진구청,8356,7701,655,0,240,853,2408,4046,809,0,172,765,2256,3748,760,0,68,88,152,298,49
2022,1,A,골목상권,2110154,광진정말공원,307,161,146,1,43,62,79,78,44,1,19,37,35,37,32,0,24,25,44,41,12
2022,1,A,골목상권,2110153,중곡1동주민센터,241,83,158,1,42,57,67,57,17,0,14,22,22,17,8,1,28,35,45,40,9
2022,1,A,골목상권,2110152,중곡어린이공원,338,300,38,0,17,29,64,119,109,0,10,21,55,109,105,0,7,8,9,10,4
2022,1,A,골목상권,2110151,자양한강도서관,249,175,74,4,35,52,63,66,29,3,24,37,49,41,21,1,11,15,14,25,8
2022,1,A,골목상권,2110150,중곡1동 마을마당,1179,698,481,1,197,352,252,217,160,1,83,194,161,132,127,0,114,158,91,85,33
2022,1,A,골목상권,2110149,세종대학교,122,72,50,0,15,21,31,23,32,0,8,13,19,7,25,0,7,8,12,16,7
2022,1,A,골목상권,2110148,어린이대공원역 3번,17,12,5,0,3,3,6,5,0,0,0,2,5,5,0,0,3,1,1,0,0
2022,1,A,골목상권,2110147,능동우편취급국,815,464,351,4,120,172,160,137,222,2,56,88,104,77,137,2,64,84,56,60,85
2022,1,A,골목상권,2110146,신자초등학교,735,531,204,0,50,79,208,276,122,0,25,44,156,209,97,0,25,35,52,67,25
2022,1,A,골목상권,2110145,장안초등학교,7,4,3,0,0,1,2,3,1,0,0,0,1,3,0,0,0,1,1,0,1
2022,1,A,골목상권,2110144,어린이대공원역 4번,47,23,24,0,5,4,13,16,9,0,1,1,7,8,6,0,4,3,6,8,3
2022,1,A,골목상권,2110143,뚝섬유원지역 1번,63,26,37,1,5,15,12,20,10,1,0,3,7,7,8,0,5,12,5,13,2
2022,1,A,골목상권,2110142,화양사거리,213,107,106,1,37,47,44,52,32,1,20,25,24,16,21,0,17,22,20,36,11
2022,1,A,골목상권,2110141,건대입구역 1번,213,138,75,1,23,49,67,48,25,1,11,27,51,32,16,0,12,22,16,16,9
2022,1,A,골목상권,2110140,건대입구역 6번,552,361,191,6,51,90,136,158,111,5,28,47,82,114,85,1,23,43,54,44,26
2022,1,A,골목상권,2110139,자양4동주민센터,204,116,88,0,13,28,53,51,59,0,3,14,32,25,42,0,10,14,21,26,17
2022,1,A,골목상권,2110138,송정체육공원,160,79,81,0,15,27,53,41,24,0,4,12,21,23,19,0,11,15,32,18,5
2022,1,A,골목상권,2110137,성수초등학교,6605,4295,2310,31,1016,1740,1836,1344,638,22,557,1152,1250,828,486,9,459,588,586,516,152
2022,1,A,골목상권,2110136,경수초등학교,4745,2743,2002,43,1169,1097,978,875,583,32,439,633,615,593,431,11,730,464,363,282,152
2022,1,A,골목상권,2110135,성동세무서,355,182,173,0,41,69,96,66,83,0,7,34,41,34,66,0,34,35,55,32,17
2022,1,A,골목상권,2110134,성수119안전센터,771,587,184,4,65,108,185,252,157,4,38,78,143,200,124,0,27,30,42,52,33
2022,1,A,골목상권,2110133,서울교통공사,122,93,29,0,19,25,33,21,24,0,12,18,29,17,17,0,7,7,4,4,7
2022,1,A,골목상권,2110132,성수2가3동주민센터,786,521,265,0,97,182,220,197,90,0,67,133,145,108,68,0,30,49,75,89,22
2022,1,A,골목상권,2110131,성수동카페거리,4798,3110,1688,15,902,1536,1123,699,523,9,460,993,777,497,374,6,442,543,346,202,149
2022,1,A,골목상권,2110130,답십리역 6번,105,89,16,0,20,24,38,15,8,0,17,20,35,10,7,0,3,4,3,5,1
2022,1,A,골목상권,2110129,성원어린이공원,664,421,243,1,65,126,138,185,149,0,35,74,91,111,110,1,30,52,47,74,39
2022,1,A,골목상권,2110128,성원중학교,1237,712,525,1,127,206,296,338,269,1,66,118,185,203,139,0,61,88,111,135,130
2022,1,A,골목상권,2110127,성수1가1동주민센터,290,157,133,0,31,55,56,100,48,0,11,40,31,47,28,0,20,15,25,53,20
2022,1,A,골목상권,2110126,서울숲역 1번,27,18,9,0,0,7,2,12,6,0,0,6,0,7,5,0,0,1,2,5,1
2022,1,A,골목상권,2110125,사근동살곶이상점가,135,83,52,2,25,39,35,21,13,2,13,21,24,13,10,0,12,18,11,8,3
2022,1,A,골목상권,2110124,뚝섬역교차로,1253,1006,247,7,170,155,222,312,387,6,94,111,169,268,358,1,76,44,53,44,29
2022,1,A,골목상권,2110123,마장역 3번,511,382,129,0,42,56,91,185,137,0,21,36,63,141,121,0,21,20,28,44,16
2022,1,A,골목상권,2110122,마장역 2번,464,271,193,1,60,88,117,113,85,1,32,59,68,61,50,0,28,29,49,52,35
2022,1,A,골목상권,2110121,한양대역 4번,45,30,15,0,3,10,8,11,13,0,2,5,5,7,11,0,1,5,3,4,2
2022,1,A,골목상권,2110120,서울숲카페거리,79,49,30,0,8,12,35,18,6,0,3,8,23,10,5,0,5,4,12,8,1
2022,1,A,골목상권,2110119,마장지하차도,127,89,38,0,17,26,32,26,26,0,12,22,19,18,18,0,5,4,13,8,8
2022,1,A,골목상권,2110118,왕십리역 9번,697,487,210,1,90,182,204,129,91,0,62,110,144,93,78,1,28,72,60,36,13
2022,1,A,골목상권,2110117,성동구보건소,103,73,30,1,14,27,19,33,9,1,10,20,11,25,6,0,4,7,8,8,3
2022,1,A,골목상권,2110116,청계천박물관,4884,3674,1210,30,342,780,1090,1772,870,26,217,571,881,1319,660,4,125,209,209,453,210
2022,1,A,골목상권,2110115,상왕십리역 3번,945,362,583,10,392,218,156,113,56,0,76,84,93,75,34,10,316,134,63,38,22
2022,1,A,골목상권,2110114,왕십리파출소,68,21,47,0,3,2,11,24,28,0,1,1,4,10,5,0,2,1,7,14,23
2022,1,A,골목상권,2110113,응봉산,77,43,34,0,14,15,14,16,18,0,4,11,7,6,15,0,10,4,7,10,3
2022,1,A,골목상권,2110112,행당역 2번,205,100,105,0,37,37,36,53,42,0,14,19,15,26,26,0,23,18,21,27,16
2022,1,A,골목상권,2110111,대현산장미원,51,40,11,0,6,7,6,17,15,0,6,4,4,13,13,0,0,3,2,4,2
2022,1,A,골목상권,2110110,상왕십리역 6번,93,55,38,1,12,22,24,18,16,1,7,12,13,10,12,0,5,10,11,8,4
2022,1,A,골목상권,2110109,금호삼성래미안아파트,92,39,53,0,7,10,12,42,21,0,2,6,3,15,13,0,5,4,9,27,8
2022,1,A,골목상권,2110108,성동구립금호도서관,6,1,5,0,0,1,4,1,0,0,0,0,0,1,0,0,0,1,4,0,0
2022,1,A,골목상권,2110107,금호사거리,37,30,7,0,4,8,4,11,10,0,3,5,4,9,9,0,1,3,0,2,1
2022,1,A,골목상권,2110105,금동어린이공원,43,20,23,0,1,9,12,12,9,0,0,3,3,8,6,0,1,6,9,4,3
2022,1,A,골목상권,2110104,신금호역 4번,275,189,86,0,27,47,51,66,84,0,11,28,34,46,70,0,16,19,17,20,14
2022,1,A,골목상권,2110103,옥수터널,13,11,2,1,0,2,2,6,2,0,0,2,2,5,2,1,0,0,0,1,0
2022,1,A,골목상권,2110102,옥수역 6번,3362,1140,2222,0,968,1050,724,422,198,0,202,328,319,197,94,0,766,722,405,225,104
2022,1,A,골목상권,2110101,옥정중학교,218,121,97,0,55,51,65,31,16,0,24,34,43,13,7,0,31,17,22,18,9
2022,1,A,골목상권,2110100,옥수동우편취급국,46,31,15,0,5,18,13,6,4,0,0,15,7,5,4,0,5,3,6,1,0
2022,1,A,골목상권,2110099,유엔빌리지길,12646,10311,2335,33,1746,2596,3298,4558,415,25,904,1899,2859,4264,360,8,842,697,439,294,55
2022,1,A,골목상권,2110098,서울독일학교,242,91,151,0,57,85,68,23,9,0,15,22,34,15,5,0,42,63,34,8,4
2022,1,A,골목상권,2110097,한남초등학교,3116,1920,1196,1,597,1644,757,90,27,0,278,975,575,71,21,1,319,669,182,19,6
2022,1,A,골목상권,2110096,한남힐사이드아파트,4186,2661,1525,5,1055,1176,900,902,148,3,457,705,613,757,126,2,598,471,287,145,22
2022,1,A,골목상권,2110095,한강진역 3번,1186,801,385,16,160,326,321,298,65,8,61,235,227,226,44,8,99,91,94,72,21
2022,1,A,골목상권,2110094,오산중학교,26,12,14,0,0,1,4,13,8,0,0,0,2,6,4,0,0,1,2,7,4
2022,1,A,골목상권,2110093,우사단길,2482,1548,934,2,325,1015,734,327,79,1,101,529,548,305,64,1,224,486,186,22,15
2022,1,A,골목상권,2110092,NH농협은행 보광동지점,514,208,306,0,94,123,111,107,79,0,14,58,40,45,51,0,80,65,71,62,28
2022,1,A,골목상권,2110091,리움미술관,1106,810,296,0,216,345,343,155,47,0,117,236,293,128,36,0,99,109,50,27,11
2022,1,A,골목상권,2110090,한국폴리텍대학서울정수캠퍼스,3968,2447,1521,1,446,1358,1632,500,31,1,173,548,1231,467,27,0,273,810,401,33,4
2022,1,A,골목상권,2110089,서빙고동주민센터,752,503,249,1,94,230,220,107,100,0,33,136,159,88,87,1,61,94,61,19,13
2022,1,A,골목상권,2110088,오산고등학교,1696,1140,556,16,439,504,454,203,80,7,263,350,312,150,58,9,176,154,142,53,22
2022,1,A,골목상권,2110087,이태원엔틱가구거리,463,213,250,0,185,174,58,31,15,0,54,89,43,17,10,0,131,85,15,14,5
2022,1,A,골목상권,2110086,이태원역 북측,9251,3612,5639,12,3187,3893,1655,431,73,3,733,1559,905,357,55,9,2454,2334,750,74,18
2022,1,A,골목상권,2110085,경리단길남측,532,260,272,4,98,163,148,67,52,2,40,59,78,41,40,2,58,104,70,26,12
2022,1,A,골목상권,2110084,경리단길북측,315,168,147,0,47,85,84,57,42,0,23,36,39,36,34,0,24,49,45,21,8
2022,1,A,골목상권,2110083,서빙고역 1번,149,109,40,0,26,53,42,14,14,0,13,42,29,12,13,0,13,11,13,2,1
2022,1,A,골목상권,2110082,용산구청,1571,779,792,2,165,447,417,439,101,2,45,147,200,302,83,0,120,300,217,137,18
2022,1,A,골목상권,2110081,해방촌 남동측,291,170,121,0,46,68,58,64,55,0,14,37,30,41,48,0,32,31,28,23,7
2022,1,A,골목상권,2110080,해방촌예술마을,277,160,117,0,44,58,84,54,37,0,16,38,52,30,24,0,28,20,32,24,13
2022,1,A,골목상권,2110079,후암동주민센터,1084,584,500,4,223,262,267,196,132,3,73,156,156,105,91,1,150,106,111,91,41
2022,1,A,골목상권,2110078,이촌동점보아파트,69,29,40,0,12,15,17,13,12,0,3,8,7,5,6,0,9,7,10,8,6
2022,1,A,골목상권,2110077,삼광초등학교,385,317,68,0,37,86,148,98,16,0,21,66,130,88,12,0,16,20,18,10,4
2022,1,A,골목상권,2110076,삼각지역 14번,537,175,362,0,46,143,158,153,37,0,11,49,61,45,9,0,35,94,97,108,28
2022,1,A,골목상권,2110075,숙대입구역 1번,1630,736,894,9,270,506,417,289,139,5,69,188,182,181,111,4,201,318,235,108,28
2022,1,A,골목상권,2110074,서울역 12번,8149,1751,6398,152,5985,1340,330,181,161,9,598,652,233,134,125,143,5387,688,97,47,36
2022,1,A,골목상권,2110073,삼각지역 3번,7916,2353,5563,56,2498,2872,1896,491,103,25,856,912,415,109,36,31,1642,1960,1481,382,67
2022,1,A,골목상권,2110072,열정도,374,244,130,6,108,96,78,51,35,0,51,71,62,37,23,6,57,25,16,14,12
2022,1,A,골목상권,2110071,한강미주맨션아파트,281,182,99,0,36,68,68,55,54,0,20,44,40,41,37,0,16,24,28,14,17
2022,1,A,골목상권,2110070,용산세무서,184,130,54,0,21,54,55,24,30,0,8,37,41,18,26,0,13,17,14,6,4
2022,1,A,골목상권,2110069,숙대입구,829,295,534,3,200,295,168,86,77,3,34,90,82,40,46,0,166,205,86,46,31
2022,1,A,골목상권,2110068,남영역 1번,1039,595,444,8,154,224,240,224,189,6,59,124,144,138,124,2,95,100,96,86,65
2022,1,A,골목상권,2110067,배문고등학교,1574,907,667,1,219,377,391,329,257,0,85,177,202,230,213,1,134,200,189,99,44
2022,1,A,골목상권,2110066,서울역 15번,748,467,281,6,152,227,156,125,82,3,81,151,104,66,62,3,71,76,52,59,20
2022,1,A,골목상권,2110065,남정초등학교,137,92,45,0,17,45,48,17,10,0,9,37,31,10,5,0,8,8,17,7,5
2022,1,A,골목상권,2110064,효창공원앞역 2번,925,527,398,2,126,275,263,160,99,1,49,160,162,88,67,1,77,115,101,72,32
2022,1,A,골목상권,2110063,효창공원앞역 5번,530,347,183,8,47,104,139,132,100,6,25,71,93,87,65,2,22,33,46,45,35
2022,1,A,골목상권,2110062,한강로동땡땡거리(은행나무길),5667,3458,2209,9,735,1660,1587,1162,514,6,299,844,1074,890,345,3,436,816,513,272,169
2022,1,A,골목상권,2110061,효창동주민센터,473,301,172,1,61,90,150,113,58,1,38,52,96,67,47,0,23,38,54,46,11
2022,1,A,골목상권,2110060,효창공원앞역 6번,291,174,117,0,28,62,84,73,44,0,10,34,52,47,31,0,18,28,32,26,13
2022,1,A,골목상권,2110059,새남터성지,385,307,78,0,38,71,113,138,25,0,21,48,99,124,15,0,17,23,14,14,10
2022,1,A,골목상권,2110058,성심여자고등학교,947,659,288,10,141,228,254,194,120,3,71,162,181,141,101,7,70,66,73,53,19
2022,1,A,골목상권,2110057,황학코아루아파트,57,39,18,0,8,11,16,9,13,0,4,5,14,7,9,0,4,6,2,2,4
2022,1,A,골목상권,2110056,신당역 3번,506,288,218,0,60,129,115,112,90,0,29,63,68,70,58,0,31,66,47,42,32
2022,1,A,골목상권,2110055,황학동벼룩시장,29,19,10,0,1,4,6,11,7,0,1,3,5,6,4,0,0,1,1,5,3
2022,1,A,골목상권,2110054,청구역 3번,1537,849,688,3,259,378,315,336,246,1,90,204,220,211,123,2,169,174,95,125,123
2022,1,A,골목상권,2110053,청구역 1번,281,166,115,0,52,69,69,54,37,0,23,45,43,27,28,0,29,24,26,27,9
2022,1,A,골목상권,2110052,장충초등학교,484,281,203,0,43,100,132,130,79,0,16,63,75,82,45,0,27,37,57,48,34
2022,1,A,골목상권,2110051,한양공고앞 교차로,111,82,29,0,17,23,33,26,12,0,12,16,24,20,10,0,5,7,9,6,2
2022,1,A,골목상권,2110050,약수역 7번,309,230,79,0,34,81,76,76,42,0,21,59,60,57,33,0,13,22,16,19,9
2022,1,A,골목상권,2110049,장충단 고개,2303,1240,1063,4,566,582,448,431,272,2,174,314,281,257,212,2,392,268,167,174,60
2022,1,A,골목상권,2110048,장충동주민센터,5312,2706,2606,21,867,1339,1511,1367,207,5,338,768,756,707,132,16,529,571,755,660,75
2022,1,A,골목상권,2110047,다산성곽길,160,89,71,0,36,43,36,27,18,0,23,29,21,7,9,0,13,14,15,20,9
2022,1,A,골목상권,2110046,버티고개,106,76,30,0,6,23,41,28,8,0,3,17,29,20,7,0,3,6,12,8,1
2022,1,A,골목상권,2110045,동대문역사문화공원역 5번,234,174,60,0,24,54,64,55,37,0,11,38,46,47,32,0,13,16,18,8,5
2022,1,A,골목상권,2110044,관성묘,405,300,105,0,50,135,145,51,24,0,24,90,125,44,17,0,26,45,20,7,7
2022,1,A,골목상권,2110043,충무초등학교,1202,670,532,12,212,307,331,223,117,7,97,155,169,152,90,5,115,152,162,71,27
2022,1,A,골목상권,2110042,남산골공원옆,994,621,373,3,121,221,287,251,111,0,43,127,198,179,74,3,78,94,89,72,37
2022,1,A,골목상권,2110041,남산케이블카,967,435,532,2,118,152,175,254,266,2,51,69,83,87,143,0,67,83,92,167,123
2022,1,A,골목상권,2110040,중구회현체육센터(정화예술대남산캠퍼스),165,78,87,0,33,30,40,37,25,0,14,15,17,13,19,0,19,15,23,24,6
2022,1,A,골목상권,2110039,회현역 1번,49,26,23,0,2,8,12,14,13,0,0,4,9,8,5,0,2,4,3,6,8
2022,1,A,골목상권,2110038,경향신문사,2636,1651,985,0,377,783,808,593,75,0,119,436,540,491,65,0,258,347,268,102,10
2022,1,A,골목상권,2110037,신설동역 12번,208,124,84,0,16,46,51,61,34,0,6,20,32,41,25,0,10,26,19,20,9
2022,1,A,골목상권,2110036,동묘앞역 3번,65,42,23,0,3,7,20,15,20,0,1,3,10,13,15,0,2,4,10,2,5
2022,1,A,골목상권,2110035,동묘앞역 2번,276,161,115,2,18,43,75,88,50,0,5,18,42,65,31,2,13,25,33,23,19
2022,1,A,골목상권,2110034,창신1동주민센터,41,35,6,0,2,1,14,13,11,0,2,1,10,11,11,0,0,0,4,2,0
2022,1,A,골목상권,2110033,창신역 4번,166,89,77,0,26,42,35,40,23,0,6,22,17,25,19,0,20,20,18,15,4
2022,1,A,골목상권,2110032,수족관거리,31,16,15,0,3,6,4,13,5,0,2,2,2,7,3,0,1,4,2,6,2
2022,1,A,골목상권,2110031,창신역 1번,44,31,13,0,7,14,5,11,7,0,4,8,4,8,7,0,3,6,1,3,0
2022,1,A,골목상권,2110030,동대문역 3번,10,5,5,0,2,2,2,3,1,0,0,2,1,1,1,0,2,0,1,2,0
2022,1,A,골목상권,2110029,동대문역 1번,235,61,174,0,11,31,57,79,57,0,1,7,19,20,14,0,10,24,38,59,43
2022,1,A,골목상권,2110028,이화달팽이길,704,279,425,1,177,179,137,123,87,0,56,60,56,65,42,1,121,119,81,58,45
2022,1,A,골목상권,2110027,혜화역 1번,617,366,251,1,73,116,131,98,198,0,28,74,65,54,145,1,45,42,66,44,53
2022,1,A,골목상권,2110026,종로5가역 4번,190,120,70,0,22,41,73,27,27,0,9,28,47,14,22,0,13,13,26,13,5
2022,1,A,골목상권,2110025,충신시장옆,213,129,84,2,17,46,63,56,29,0,6,23,43,33,24,2,11,23,20,23,5
2022,1,A,골목상권,2110024,혜회동주민센터,928,263,665,0,135,264,294,184,51,0,17,64,90,55,37,0,118,200,204,129,14
2022,1,A,골목상권,2110023,서울대병원,186,55,131,0,18,37,42,47,42,0,5,12,14,10,14,0,13,25,28,37,28
2022,1,A,골목상권,2110022,경신고등학교,537,396,141,11,142,162,128,59,35,10,100,123,94,43,26,1,42,39,34,16,9
2022,1,A,골목상권,2110021,성균관대학교,387,297,90,2,15,39,109,145,77,2,7,26,88,125,49,0,8,13,21,20,28
2022,1,A,골목상권,2110020,서울국제고등학교,639,315,324,1,145,288,122,57,26,1,44,146,75,32,17,0,101,142,47,25,9
2022,1,A,골목상권,2110019,창덕궁,325,215,110,0,47,91,82,71,34,0,21,65,53,49,27,0,26,26,29,22,7
2022,1,A,골목상권,2110018,중앙고등학교,888,439,449,1,97,177,220,178,215,0,30,60,106,90,153,1,67,117,114,88,62
2022,1,A,골목상권,2110017,정독도서관,650,322,328,0,133,273,152,58,34,0,26,130,93,43,30,0,107,143,59,15,4
2022,1,A,골목상권,2110016,평창동동측,7589,3104,4485,10,716,2233,2858,1504,268,4,279,1021,1416,284,100,6,437,1212,1442,1220,168
2022,1,A,골목상권,2110015,청와대사랑채,578,345,233,0,64,147,166,126,75,0,16,63,110,91,65,0,48,84,56,35,10
2022,1,A,골목상권,2110014,경복고등학교,194,82,112,0,28,54,40,44,28,0,4,14,21,24,19,0,24,40,19,20,9
2022,1,A,골목상권,2110013,체부동홍종문가옥,119,70,49,0,5,26,31,25,32,0,2,11,18,13,26,0,3,15,13,12,6
2022,1,A,골목상권,2110012,성곡미술관,1061,503,558,0,262,337,262,118,82,0,72,159,150,73,49,0,190,178,112,45,33
2022,1,A,골목상권,2110011,청운초등학교,263,188,75,0,21,105,79,43,15,0,21,95,44,16,12,0,0,10,35,27,3
2022,1,A,골목상권,2110010,평창동서측,6687,3622,3065,12,676,1736,2550,1464,249,0,276,655,1387,1128,176,12,400,1081,1163,336,73
2022,1,A,골목상권,2110009,자하문터널,950,463,487,0,211,332,229,125,53,0,92,164,106,65,36,0,119,168,123,60,17
2022,1,A,골목상권,2110008,배화여자대학교(박노수미술관),552,379,173,1,52,82,133,180,104,0,16,46,102,135,80,1,36,36,31,45,24
2022,1,A,골목상권,2110007,사직공원(한국사회과학도서관),283,185,98,2,58,88,63,41,31,2,30,62,44,27,20,0,28,26,19,14,11
2022,1,A,골목상권,2110006,부암동주민센터,27,16,11,0,2,7,7,5,6,0,2,5,2,3,4,0,0,2,5,2,2
2022,1,A,골목상권,2110005,세검정,1006,510,496,3,125,296,290,195,97,0,36,137,157,121,59,3,89,159,133,74,38
2022,1,A,골목상권,2110004,대신고등학교,32,14,18,0,3,4,8,14,3,0,1,0,3,8,2,0,2,4,5,6,1
2022,1,A,골목상권,2110003,세검정초등학교,485,315,170,6,53,84,150,126,66,6,32,38,100,89,50,0,21,46,50,37,16
2022,1,A,골목상권,2110002,독립문역 1번,475,121,354,1,146,140,118,44,26,1,25,25,41,14,15,0,121,115,77,30,11
2022,1,A,골목상권,2110001,이북5도청사,1066,638,428,4,133,292,240,262,135,0,51,173,162,172,80,4,82,119,78,90,55
2021,4,U,관광특구,1001496,강남 마이스 관광특구,15904,8904,7000,59,3513,6185,4248,1596,303,25,1160,3361,2887,1246,225,34,2353,2824,1361,350,78
2021,4,U,관광특구,1001495,잠실 관광특구,24375,14199,10176,120,4722,6565,5617,4514,2837,51,2484,4186,3496,2297,1685,69,2238,2379,2121,2217,1152
2021,4,U,관광특구,1001494,종로?청계 관광특구,32935,17150,15785,68,5357,9965,9483,6401,1661,15,2285,4911,4591,4158,1190,53,3072,5054,4892,2243,471
2021,4,U,관광특구,1001493,동대문패션타운 관광특구,6054,2958,3096,36,1434,1695,1160,1061,668,13,543,737,662,600,403,23,891,958,498,461,265
2021,4,U,관광특구,1001492,명동 남대문 북창동 다동 무교동 관광특구,104830,53674,51156,423,27134,34007,23384,15726,4156,137,8860,16080,15133,10824,2640,286,18274,17927,8251,4902,1516
2021,4,U,관광특구,1001491,이태원 관광특구,5839,3064,2775,28,1377,2065,1290,768,311,18,514,986,777,541,228,10,863,1079,513,227,83
2021,4,R,전통시장,2130326,고덕 골목형상점가,935,850,85,0,8,37,165,395,330,0,4,31,147,360,308,0,4,6,18,35,22
2021,4,R,전통시장,2130325,명일전통시장,89,30,59,0,8,10,13,28,30,0,3,6,5,8,8,0,5,4,8,20,22
2021,4,R,전통시장,2130324,길동복조리시장,154,85,69,3,27,32,47,40,5,2,13,18,31,19,2,1,14,14,16,21,3
2021,4,R,전통시장,2130323,둔촌역전통시장,171,86,85,0,3,14,23,36,95,0,2,6,8,14,56,0,1,8,15,22,39
2021,4,R,전통시장,2130322,고분다리전통시장,8,5,3,0,0,1,2,4,1,0,0,1,1,2,1,0,0,0,1,2,0
2021,4,R,전통시장,2130321,장신구 특화거리 상점가,433,269,164,0,92,114,88,92,47,0,43,72,56,61,37,0,49,42,32,31,10
2021,4,R,전통시장,2130320,암사종합시장,173,97,76,1,16,29,50,31,46,1,5,12,31,19,29,0,11,17,19,12,17
2021,4,R,전통시장,2130319,성내전통시장,34,21,13,0,3,5,9,10,7,0,3,2,5,7,4,0,0,3,4,3,3
2021,4,R,전통시장,2130318,로데오거리상점가,266,132,134,0,31,43,49,55,88,0,9,12,19,26,66,0,22,31,30,29,22
2021,4,R,전통시장,2130317,마천중앙시장,107,77,30,0,15,35,24,17,16,0,11,24,12,14,16,0,4,11,12,3,0
2021,4,R,전통시장,2130316,마천시장,18,9,9,0,3,3,2,10,0,0,2,2,2,3,0,0,1,1,0,7,0
2021,4,R,전통시장,2130315,문정동 로데오거리 상점가(문정동 로데오거리),1372,808,564,6,313,289,260,251,253,3,118,168,164,145,210,3,195,121,96,106,43
2021,4,R,전통시장,2130314,풍납시장,202,99,103,1,24,42,50,60,25,1,15,27,22,18,16,0,9,15,28,42,9
2021,4,R,전통시장,2130313,방이시장,3469,1526,1943,5,449,529,612,1126,748,4,159,335,346,371,311,1,290,194,266,755,437
2021,4,R,전통시장,2130312,석촌시장,619,270,349,1,20,40,81,170,307,1,9,23,43,41,153,0,11,17,38,129,154
2021,4,R,전통시장,2130311,새마을시장,377,246,131,1,60,78,104,75,59,0,28,48,80,55,35,1,32,30,24,20,24
2021,4,R,전통시장,2130310,강남개포시장,298,173,125,0,29,56,71,82,60,0,8,23,42,56,44,0,21,33,29,26,16
2021,4,R,전통시장,2130308,청담삼익시장,48,30,18,0,5,11,13,7,12,0,3,6,8,4,9,0,2,5,5,3,3
2021,4,R,전통시장,2130307,도곡시장,57,25,32,0,3,7,15,13,19,0,1,4,4,6,10,0,2,3,11,7,9
2021,4,R,전통시장,2130306,강남언주로,235,151,84,2,48,48,63,45,29,2,27,34,47,23,18,0,21,14,16,22,11
2021,4,R,전통시장,2130305,논현종합시장,85,43,42,0,21,14,14,19,17,0,7,7,6,14,9,0,14,7,8,5,8
2021,4,R,전통시장,2130304,신사상가,138,79,59,1,12,22,32,42,29,0,3,8,11,32,25,1,9,14,21,10,4
2021,4,R,전통시장,2130303,영동전통시장,242,95,147,0,21,60,67,58,36,0,7,19,22,24,23,0,14,41,45,34,13
2021,4,R,전통시장,2130302,강남시장(강남구 강남시장),58,33,25,0,13,15,14,8,8,0,7,10,9,2,5,0,6,5,5,6,3
2021,4,R,전통시장,2130301,양재시장,35,22,13,0,2,10,9,7,7,0,1,7,6,3,5,0,1,3,3,4,2
2021,4,R,전통시장,2130299,엔터식스 강남점,1850,1551,299,18,189,270,602,601,170,5,97,197,542,558,152,13,92,73,60,43,18
2021,4,R,전통시장,2130298,강남터미널지하도상점가2구역,2,1,1,0,1,0,0,0,1,0,1,0,0,0,0,0,0,0,0,0,1
2021,4,R,전통시장,2130296,남부종합시장,85,63,22,0,2,8,25,35,15,0,1,8,16,24,14,0,1,0,9,11,1
2021,4,R,전통시장,2130295,인헌시장(원당종합시장),122,48,74,0,20,27,38,23,14,0,3,9,16,12,8,0,17,18,22,11,6
2021,4,R,전통시장,2130294,관악중부시장,102,40,62,1,5,10,22,39,25,0,2,3,7,16,12,1,3,7,15,23,13
2021,4,R,전통시장,2130293,봉천중앙시장,154,42,112,0,17,13,29,46,49,0,5,7,14,14,2,0,12,6,15,32,47
2021,4,R,전통시장,2130290,영림시장,417,183,234,0,74,101,107,92,43,0,14,49,43,44,33,0,60,52,64,48,10
2021,4,R,전통시장,2130289,봉일시장,36,20,16,1,1,2,5,14,13,0,0,1,5,3,11,1,1,1,0,11,2
2021,4,R,전통시장,2130288,신림현대종합상가,2,0,2,0,1,1,0,0,0,0,0,0,0,0,0,0,1,1,0,0,0
2021,4,R,전통시장,2130285,서원동상점가,615,316,299,4,28,56,85,160,282,1,17,38,45,60,155,3,11,18,40,100,127
2021,4,R,전통시장,2130284,관악종합시장(신원시장),17,10,7,0,0,1,3,10,3,0,0,1,1,6,2,0,0,0,2,4,1
2021,4,R,전통시장,2130283,신원시장,25,11,14,0,3,3,10,5,4,0,1,1,3,3,3,0,2,2,7,2,1
2021,4,R,전통시장,2130282,난곡 골목형상점가,20,8,12,0,4,2,10,4,0,0,2,1,4,1,0,0,2,1,6,3,0
2021,4,R,전통시장,2130281,우림시장,1,0,1,0,0,0,1,0,0,0,0,0,0,0,0,0,0,0,1,0,0
2021,4,R,전통시장,2130280,신림종합시장,8,7,1,0,0,0,0,2,6,0,0,0,0,1,6,0,0,0,0,1,0
2021,4,R,전통시장,2130279,관악신사시장,120,63,57,0,17,20,27,37,19,0,5,10,16,20,12,0,12,10,11,17,7
2021,4,R,전통시장,2130278,미성동 도깨비시장 골목형상점가,75,16,59,0,0,16,28,24,7,0,0,7,5,2,2,0,0,9,23,22,5
2021,4,R,전통시장,2130277,조원동 펭귄시장(신림중앙시장),98,56,42,1,15,26,31,19,6,1,8,18,16,9,4,0,7,8,15,10,2
2021,4,R,전통시장,2130276,신림중앙시장(조원동 펭귄시장),43,27,16,0,1,2,14,12,14,0,0,2,7,9,9,0,1,0,7,3,5
2021,4,R,전통시장,2130275,강남골목시장,168,124,44,0,17,40,46,35,30,0,15,33,30,24,22,0,2,7,16,11,8
2021,4,R,전통시장,2130274,사당1동먹자골목상점가(사당1동먹자골목),389,218,171,4,91,100,81,63,50,3,45,64,37,35,34,1,46,36,44,28,16
2021,4,R,전통시장,2130273,남성사계시장(남성시장),141,63,78,0,21,36,45,22,17,0,3,19,20,8,13,0,18,17,25,14,4
2021,4,R,전통시장,2130272,사당시장,45,20,25,0,4,6,10,11,14,0,0,1,4,6,9,0,4,5,6,5,5
2021,4,R,전통시장,2130271,남성역골목시장,467,268,199,1,36,33,39,47,311,1,12,20,22,16,197,0,24,13,17,31,114
2021,4,R,전통시장,2130270,흑석시장,4,3,1,0,2,0,0,2,0,0,1,0,0,2,0,0,1,0,0,0,0
2021,4,R,전통시장,2130268,상도전통시장,239,104,135,0,33,60,53,58,35,0,12,23,23,24,22,0,21,37,30,34,13
2021,4,R,전통시장,2130267,본동인정시장(기능상실),59,41,18,0,6,10,12,15,16,0,4,7,9,8,13,0,2,3,3,7,3
2021,4,R,전통시장,2130266,만양로상점가,129,75,54,0,6,37,51,21,14,0,1,23,33,14,4,0,5,14,18,7,10
2021,4,R,전통시장,2130265,노량진중앙시장,115,82,33,0,17,48,34,8,8,0,12,42,23,3,2,0,5,6,11,5,6
2021,4,R,전통시장,2130264,상도약수골목형상점가,65,35,30,1,14,8,15,20,7,0,4,3,9,12,7,1,10,5,6,8,0
2021,4,R,전통시장,2130263,신노량진시장(기능상실),11,3,8,0,0,3,3,5,0,0,0,0,1,2,0,0,0,3,2,3,0
2021,4,R,전통시장,2130262,상도도깨비 골목형상점가,18,8,10,0,1,0,12,2,3,0,0,0,6,0,2,0,1,0,6,2,1
2021,4,R,전통시장,2130261,성대전통시장(성대시장),211,104,107,0,15,47,61,61,27,0,4,26,33,23,18,0,11,21,28,38,9
2021,4,R,전통시장,2130260,신대방1동골목상권,70,31,39,0,8,22,15,15,10,0,0,7,7,10,7,0,8,15,8,5,3
2021,4,R,전통시장,2130259,대신시장,12,9,3,0,1,0,5,2,4,0,1,0,3,2,3,0,0,0,2,0,1
2021,4,R,전통시장,2130257,영등포시장기계공구상가,158,116,42,0,11,26,33,47,41,0,7,16,22,37,34,0,4,10,11,10,7
2021,4,R,전통시장,2130256,신동시장,2,2,0,0,0,0,0,1,1,0,0,0,0,1,1,0,0,0,0,0,0
2021,4,R,전통시장,2130255,영등포전통시장,45,29,16,0,1,7,5,10,22,0,1,5,3,4,16,0,0,2,2,6,6
2021,4,R,전통시장,2130253,영신상가(제일상가),9,7,2,0,2,3,0,2,2,0,2,3,0,1,1,0,0,0,0,1,1
2021,4,R,전통시장,2130250,삼구시장(로타리상가),1,0,1,0,0,0,0,1,0,0,0,0,0,0,0,0,0,0,0,1,0
2021,4,R,전통시장,2130249,동남상가,10,8,2,0,2,0,0,4,4,0,1,0,0,4,3,0,1,0,0,0,1
2021,4,R,전통시장,2130248,영등포역지하도상점가,12,5,7,0,0,2,4,3,3,0,0,0,2,0,3,0,0,2,2,3,0
2021,4,R,전통시장,2130247,우리시장,21,16,5,0,3,4,6,3,5,0,1,3,5,3,4,0,2,1,1,0,1
2021,4,R,전통시장,2130246,영등포청과시장(조광시장),237,126,111,0,24,33,47,77,56,0,9,11,28,39,39,0,15,22,19,38,17
2021,4,R,전통시장,2130245,영일시장,675,567,108,1,61,189,238,136,50,0,41,148,217,115,46,1,20,41,21,21,4
2021,4,R,전통시장,2130244,대림중앙시장,95,39,56,3,14,16,21,15,26,2,9,8,10,4,6,1,5,8,11,11,20
2021,4,R,전통시장,2130243,도림시장,6,4,2,0,0,1,4,0,1,0,0,1,3,0,0,0,0,0,1,0,1
2021,4,R,전통시장,2130242,대림중앙 골목형상점가,68,21,47,0,4,14,21,24,5,0,1,6,5,5,4,0,3,8,16,19,1
2021,4,R,전통시장,2130241,선유도역 골목형상점가,500,253,247,0,95,93,123,136,53,0,39,49,66,67,32,0,56,44,57,69,21
2021,4,R,전통시장,2130240,영등포유통상가,1183,753,430,0,95,232,273,252,331,0,52,127,178,168,228,0,43,105,95,84,103
2021,4,R,전통시장,2130238,은행나무시장,113,71,42,0,22,24,31,22,14,0,13,16,22,14,6,0,9,8,9,8,8
2021,4,R,전통시장,2130237,박미시장(기능상실),39,26,13,0,1,6,11,9,12,0,0,2,7,8,9,0,1,4,4,1,3
2021,4,R,전통시장,2130236,비단길현대시장(현대시장),139,42,97,0,13,23,49,40,14,0,4,3,12,17,6,0,9,20,37,23,8
2021,4,R,전통시장,2130235,대명여울빛거리시장(대명시장),298,80,218,0,39,52,77,82,48,0,11,14,25,19,11,0,28,38,52,63,37
2021,4,R,전통시장,2130234,푸른터시장(기능상실),3,2,1,0,0,1,0,2,0,0,0,1,0,1,0,0,0,0,0,1,0
2021,4,R,전통시장,2130233,남문시장,76,47,29,0,5,8,18,22,23,0,2,3,9,12,21,0,3,5,9,10,2
2021,4,R,전통시장,2130232,독산동 맛나는거리상점가(독산동 맛나는거리),33,24,9,0,3,12,5,10,3,0,2,9,4,6,3,0,1,3,1,4,0
2021,4,R,전통시장,2130231,독산동 우시장,611,476,135,2,31,74,126,196,182,0,16,55,97,145,163,2,15,19,29,51,19
2021,4,R,전통시장,2130229,남구로시장,249,139,110,1,16,53,61,62,56,0,7,30,31,32,39,1,9,23,30,30,17
2021,4,R,전통시장,2130228,구로시장,10,5,5,0,0,4,6,0,0,0,0,1,4,0,0,0,0,3,2,0,0
2021,4,R,전통시장,2130227,고척골목시장상점가(그라운드 고척),97,68,29,0,8,22,36,23,8,0,4,13,26,19,6,0,4,9,10,4,2
2021,4,R,전통시장,2130226,고척프라자,2,2,0,0,1,1,0,0,0,0,1,1,0,0,0,0,0,0,0,0,0
2021,4,R,전통시장,2130225,개봉중앙시장,147,59,88,0,15,21,39,44,28,0,3,4,19,22,11,0,12,17,20,22,17
2021,4,R,전통시장,2130224,개봉프라자(고척근린시장),5,4,1,0,0,0,1,2,2,0,0,0,1,1,2,0,0,0,0,1,0
2021,4,R,전통시장,2130223,고척근린시장,42,12,30,0,2,10,12,14,4,0,0,1,1,7,3,0,2,9,11,7,1
2021,4,R,전통시장,2130222,오류시장,132,21,111,0,10,26,46,43,7,0,5,1,4,5,6,0,5,25,42,38,1
2021,4,R,전통시장,2130221,"남부골목시장(남부화곡시장, 남부시장)",188,69,119,0,22,32,50,57,27,0,5,5,15,22,22,0,17,27,35,35,5
2021,4,R,전통시장,2130219,까치산시장,124,37,87,0,16,18,39,32,19,0,4,6,9,9,9,0,12,12,30,23,10
2021,4,R,전통시장,2130218,신월중앙시장,118,53,65,0,28,34,26,13,17,0,8,12,11,9,13,0,20,22,15,4,4
2021,4,R,전통시장,2130217,화곡본동시장,36,16,20,0,3,5,10,13,5,0,1,3,5,6,1,0,2,2,5,7,4
2021,4,R,전통시장,2130216,화곡중앙시장,75,32,43,0,4,11,21,22,17,0,2,2,9,8,11,0,2,9,12,14,6
2021,4,R,전통시장,2130215,대원종합시장,9,7,2,0,0,1,0,3,5,0,0,1,0,2,4,0,0,0,0,1,1
2021,4,R,전통시장,2130214,송화벽화시장(송화골목시장),119,44,75,2,23,18,25,33,18,0,6,7,9,13,9,2,17,11,16,20,9
2021,4,R,전통시장,2130213,방신전통시장,112,77,35,0,13,20,25,29,25,0,10,18,14,14,21,0,3,2,11,15,4
2021,4,R,전통시장,2130212,공항시장,8,6,2,0,1,0,3,2,2,0,1,0,3,0,2,0,0,0,0,2,0
2021,4,R,전통시장,2130211,신정2동 골목시장(오목교중앙시장),51,18,33,0,3,10,18,17,3,0,1,3,8,4,2,0,2,7,10,13,1
2021,4,R,전통시장,2130210,목2동시장,432,251,181,1,66,124,122,71,48,1,40,69,70,39,32,0,26,55,52,32,16
2021,4,R,전통시장,2130209,목사랑시장(목4동시장),111,61,50,0,7,15,23,42,24,0,2,13,10,20,16,0,5,2,13,22,8
2021,4,R,전통시장,2130208,목동깨비시장(목3동시장),148,67,81,0,13,20,55,37,23,0,7,6,18,19,17,0,6,14,37,18,6
2021,4,R,전통시장,2130207,신정1동 골목시장(신정제일시장),38,21,17,0,8,9,10,7,4,0,3,5,6,4,3,0,5,4,4,3,1
2021,4,R,전통시장,2130206,신정3동 골목시장,20,6,14,0,0,5,11,2,2,0,0,0,3,1,2,0,0,5,8,1,0
2021,4,R,전통시장,2130205,신곡종합시장(신월6동 골목시장),141,103,38,1,17,36,39,32,16,0,10,27,33,18,15,1,7,9,6,14,1
2021,4,R,전통시장,2130204,경창시장,100,50,50,0,5,12,27,27,29,0,2,5,12,16,15,0,3,7,15,11,14
2021,4,R,전통시장,2130203,서서울 골목형상점가,34,7,27,0,2,7,10,12,3,0,0,0,2,4,1,0,2,7,8,8,2
2021,4,R,전통시장,2130202,신영시장,40,13,27,0,3,4,13,16,4,0,2,0,3,6,2,0,1,4,10,10,2
2021,4,R,전통시장,2130201,월정로시장,27,17,10,0,2,8,10,7,0,0,0,7,6,4,0,0,2,1,4,3,0
2021,4,R,전통시장,2130200,"신월7동 골목시장(약수시장, 우성상가)",27,18,9,0,0,3,9,6,9,0,0,0,7,4,7,0,0,3,2,2,2
2021,4,R,전통시장,2130199,신월3동 골목시장,18,8,10,0,1,4,4,9,0,0,0,1,3,4,0,0,1,3,1,5,0
2021,4,R,전통시장,2130198,아현시장,203,45,158,1,51,84,52,10,5,0,8,5,26,4,2,1,43,79,26,6,3
2021,4,R,전통시장,2130197,마포시장,15,5,10,0,0,1,5,4,5,0,0,1,0,2,2,0,0,0,5,2,3
2021,4,R,전통시장,2130196,공덕시장,3948,2001,1947,52,1323,1296,891,287,99,28,467,646,599,181,80,24,856,650,292,106,19
2021,4,R,전통시장,2130195,도화동 상점가,1055,510,545,2,201,269,228,163,192,1,86,133,121,95,74,1,115,136,107,68,118
2021,4,R,전통시장,2130194,용강동 상점가,875,502,373,0,103,131,179,170,292,0,39,75,104,114,170,0,64,56,75,56,122
2021,4,R,전통시장,2130193,신수시장,34,19,15,0,4,7,12,5,6,0,1,5,5,4,4,0,3,2,7,1,2
2021,4,R,전통시장,2130192,동진시장,10,6,4,0,1,1,4,3,1,0,1,1,1,2,1,0,0,0,3,1,0
2021,4,R,전통시장,2130191,홍대 걷고싶은 거리,367,225,142,6,65,65,81,82,68,4,40,41,54,47,39,2,25,24,27,35,29
2021,4,R,전통시장,2130190,홍대소상공인상점가,150,77,73,1,55,35,30,18,11,0,18,22,18,10,9,1,37,13,12,8,2
2021,4,R,전통시장,2130189,서교시장,24,10,14,0,2,1,7,6,8,0,0,1,2,3,4,0,2,0,5,3,4
2021,4,R,전통시장,2130187,영진시장,29,14,15,0,4,5,11,7,2,0,2,2,6,2,2,0,2,3,5,5,0
2021,4,R,전통시장,2130186,망원시장,178,84,94,0,16,30,47,50,35,0,13,19,20,17,15,0,3,11,27,33,20
2021,4,R,전통시장,2130185,망원월드컵시장,190,123,67,1,26,69,53,25,16,1,14,43,35,16,14,0,12,26,18,9,2
2021,4,R,전통시장,2130184,마포농수산물시장,77,40,37,0,2,12,24,26,13,0,1,8,12,14,5,0,1,4,12,12,8
2021,4,R,전통시장,2130183,상암동상점가,816,607,209,1,89,204,283,187,52,0,49,150,227,143,38,1,40,54,56,44,14
2021,4,R,전통시장,2130182,영천시장,78,35,43,0,13,8,24,22,11,0,3,4,10,12,6,0,10,4,14,10,5
2021,4,R,전통시장,2130181,아현가구거리상점가,59,30,29,0,8,11,13,10,17,0,0,7,9,4,10,0,8,4,4,6,7
2021,4,R,전통시장,2130180,포방터시장,59,34,25,0,13,11,15,6,14,0,4,4,11,5,10,0,9,7,4,1,4
2021,4,R,전통시장,2130179,"이화여대 3,5,7길 상점가",147,65,82,3,34,15,41,31,23,1,12,3,14,17,18,2,22,12,27,14,5
2021,4,R,전통시장,2130178,이대 앞 스타트업 상점가,32,7,25,0,5,5,10,6,6,0,1,0,4,0,2,0,4,5,6,6,4
2021,4,R,전통시장,2130177,인왕시장(홍제골목형상점가),44,7,37,0,1,1,8,7,27,0,0,0,1,3,3,0,1,1,7,4,24
2021,4,R,전통시장,2130176,유진상가,38,23,15,0,20,16,1,1,0,0,9,13,1,0,0,0,11,3,0,1,0
2021,4,R,전통시장,2130175,신촌 상인회(신촌상점가),13,5,8,0,1,3,5,4,0,0,1,0,1,3,0,0,0,3,4,1,0
2021,4,R,전통시장,2130173,백련시장,5,3,2,0,0,1,0,2,2,0,0,1,0,0,2,0,0,0,0,2,0
2021,4,R,전통시장,2130172,모래내시장(서중시장),41,13,28,0,5,12,8,10,6,0,0,2,3,5,3,0,5,10,5,5,3
2021,4,R,전통시장,2130171,불광먹자골목 골목형상점가,155,54,101,0,18,31,24,37,45,0,4,9,11,16,14,0,14,22,13,21,31
2021,4,R,전통시장,2130170,제일시장,58,26,32,1,7,9,13,19,9,1,2,2,5,11,5,0,5,7,8,8,4
2021,4,R,전통시장,2130169,대조시장,67,31,36,0,5,11,21,23,7,0,1,3,11,11,5,0,4,8,10,12,2
2021,4,R,전통시장,2130168,연서시장,242,157,85,0,19,50,53,65,55,0,5,23,33,49,47,0,14,27,20,16,8
2021,4,R,전통시장,2130167,연신내상점가(연빛거리),636,239,397,1,144,143,157,120,71,1,31,52,57,53,45,0,113,91,100,67,26
2021,4,R,전통시장,2130166,응암시장(신응암시장),17,10,7,0,0,3,2,5,7,0,0,0,1,3,6,0,0,3,1,2,1
2021,4,R,전통시장,2130165,"대림골목시장(대림시장, 양지시장)",214,34,180,0,20,45,56,62,31,0,1,7,5,11,10,0,19,38,51,51,21
2021,4,R,전통시장,2130164,역촌중앙시장,9,3,6,0,0,1,2,2,4,0,0,0,1,1,1,0,0,1,1,1,3
2021,4,R,전통시장,2130163,응암오거리상점가,182,49,133,0,24,28,44,50,36,0,4,8,11,12,14,0,20,20,33,38,22
2021,4,R,전통시장,2130162,증산골목시장,7,3,4,0,0,2,2,1,2,0,0,0,0,1,2,0,0,2,2,0,0
2021,4,R,전통시장,2130161,증산종합시장,8,5,3,0,0,1,2,2,3,0,0,0,1,2,2,0,0,1,1,0,1
2021,4,R,전통시장,2130160,수일시장,7,2,5,0,0,2,1,2,2,0,0,0,0,1,1,0,0,2,1,1,1
2021,4,R,전통시장,2130159,공릉동 도깨비시장,101,47,54,0,12,22,24,26,17,0,4,8,9,15,11,0,8,14,15,11,6
2021,4,R,전통시장,2130157,상계중앙시장,74,40,34,0,14,19,14,17,10,0,8,15,7,7,3,0,6,4,7,10,7
2021,4,R,전통시장,2130155,시영B상가(중계 그린아파트 B 상가),12,8,4,0,1,5,3,3,0,0,0,5,2,1,0,0,1,0,1,2,0
2021,4,R,전통시장,2130153,창동역상점가,229,138,91,0,18,48,54,56,53,0,7,31,30,31,39,0,11,17,24,25,14
2021,4,R,전통시장,2130152,오!도봉거리 상점가,61,34,27,0,5,14,19,13,10,0,1,5,10,10,8,0,4,9,9,3,2
2021,4,R,전통시장,2130151,신도봉시장,5,5,0,0,1,0,2,2,0,0,1,0,2,2,0,0,0,0,0,0,0
2021,4,R,전통시장,2130150,창동골목시장,84,47,37,0,19,30,14,8,13,0,7,20,9,5,6,0,12,10,5,3,7
2021,4,R,전통시장,2130149,창동신창시장,104,40,64,0,2,21,32,29,20,0,0,7,14,8,11,0,2,14,18,21,9
2021,4,R,전통시장,2130148,방학동도깨비시장,60,33,27,0,6,9,16,18,11,0,4,3,8,14,4,0,2,6,8,4,7
2021,4,R,전통시장,2130147,쌍문역동측상점가,69,32,37,0,7,17,18,9,18,0,2,6,10,5,9,0,5,11,8,4,9
2021,4,R,전통시장,2130146,쌍문시장(쌍문역골목시장),263,124,139,0,29,33,54,80,67,0,10,12,28,32,42,0,19,21,26,48,25
2021,4,R,전통시장,2130145,쌍문역둘리상점가,244,202,42,0,39,44,77,62,22,0,28,35,65,56,18,0,11,9,12,6,4
2021,4,R,전통시장,2130144,백운시장,38,17,21,0,0,3,13,14,8,0,0,0,5,5,7,0,0,3,8,9,1
2021,4,R,전통시장,2130143,방천골목시장,65,36,29,0,11,7,19,24,4,0,6,5,9,13,3,0,5,2,10,11,1
2021,4,R,전통시장,2130142,강북북부시장,7,5,2,0,1,1,0,2,3,0,0,1,0,2,2,0,1,0,0,0,1
2021,4,R,전통시장,2130141,강북북부골목시장,43,20,23,0,16,4,11,6,6,0,3,2,6,6,3,0,13,2,5,0,3
2021,4,R,전통시장,2130140,숭인시장,62,27,35,0,9,13,10,15,15,0,0,4,1,9,13,0,9,9,9,6,2
2021,4,R,전통시장,2130139,강북종합전통시장(강북종합골목시장),166,114,52,0,16,45,61,28,16,0,11,33,42,19,9,0,5,12,19,9,7
2021,4,R,전통시장,2130138,수유프라자,142,24,118,1,31,24,16,42,28,0,1,4,5,4,10,1,30,20,11,38,18
2021,4,R,전통시장,2130137,"수유전통시장(수유시장, 수유골목시장)",89,31,58,0,5,10,19,26,29,0,0,3,8,8,12,0,5,7,11,18,17
2021,4,R,전통시장,2130136,수유재래시장,29,11,18,0,6,5,7,5,6,0,2,1,0,2,6,0,4,4,7,3,0
2021,4,R,전통시장,2130135,수유중앙골목시장(수유중앙시장),24,12,12,0,0,3,4,5,12,0,0,2,2,0,8,0,0,1,2,5,4
2021,4,R,전통시장,2130134,"솔샘시장(미아6,7동골목시장)",73,30,43,1,7,19,25,18,3,0,3,4,12,8,3,1,4,15,13,10,0
2021,4,R,전통시장,2130133,우이골목시장(우이시장),69,61,8,0,7,7,19,20,16,0,6,6,17,17,15,0,1,1,2,3,1
2021,4,R,전통시장,2130132,삼양골목시장(삼양시장),57,19,38,0,10,13,12,14,8,0,0,4,5,5,5,0,10,9,7,9,3
2021,4,R,전통시장,2130131,동북프라자,121,49,72,0,9,23,37,29,23,0,4,8,17,9,11,0,5,15,20,20,12
2021,4,R,전통시장,2130130,수유북부골목시장,20,14,6,0,1,1,7,5,6,0,0,0,6,3,5,0,1,1,1,2,1
2021,4,R,전통시장,2130129,장미원골목시장,911,571,340,0,15,14,38,89,755,0,1,4,12,40,514,0,14,10,26,49,241
2021,4,R,전통시장,2130128,돌곶이시장(석관황금시장),191,157,34,0,30,36,41,72,12,0,28,26,29,62,12,0,2,10,12,10,0
2021,4,R,전통시장,2130126,새석관시장,3,1,2,0,0,0,1,2,0,0,0,0,0,1,0,0,0,0,1,1,0
2021,4,R,전통시장,2130125,장위전통시장,40,20,20,0,5,6,7,8,14,0,0,2,5,5,8,0,5,4,2,3,6
2021,4,R,전통시장,2130123,꿈의숲 장곡 골목형상점가,6,5,1,0,1,0,1,4,0,0,1,0,1,3,0,0,0,0,0,1,0
2021,4,R,전통시장,2130122,밤나무골시장,17,5,12,0,2,4,6,4,1,0,1,1,2,1,0,0,1,3,4,3,1
2021,4,R,전통시장,2130121,길음시장,91,19,72,0,36,24,10,8,13,0,2,5,3,2,7,0,34,19,7,6,6
2021,4,R,전통시장,2130120,돈암시장(돈암제일시장),99,23,76,1,20,20,25,18,15,0,0,2,7,8,6,1,20,18,18,10,9
2021,4,R,전통시장,2130119,정릉아리랑시장,15,4,11,0,0,4,5,5,1,0,0,0,0,3,1,0,0,4,5,2,0
2021,4,R,전통시장,2130118,정릉골 골목형상점가,67,30,37,0,11,13,11,19,13,0,0,2,6,12,10,0,11,11,5,7,3
2021,4,R,전통시장,2130117,정릉시장,119,62,57,0,4,15,34,41,25,0,2,8,20,18,14,0,2,7,14,23,11
2021,4,R,전통시장,2130116,동성타워프라자,31,22,9,0,2,9,7,8,5,0,2,4,4,7,5,0,0,5,3,1,0
2021,4,R,전통시장,2130115,우림골목시장,307,106,201,2,80,61,68,64,32,0,29,11,30,20,16,2,51,50,38,44,16
2021,4,R,전통시장,2130114,유영시장,31,20,11,0,9,5,3,8,6,0,7,2,2,5,4,0,2,3,1,3,2
2021,4,R,전통시장,2130113,신아타운,148,27,121,1,31,31,28,39,18,1,4,9,3,4,6,0,27,22,25,35,12
2021,4,R,전통시장,2130112,사가정시장,86,28,58,0,13,17,24,19,13,0,0,3,6,8,11,0,13,14,18,11,2
2021,4,R,전통시장,2130111,"동원전통종합시장(동원시장, 동원전통시장 상점가)",224,109,115,0,24,37,49,82,32,0,11,17,21,38,22,0,13,20,28,44,10
2021,4,R,전통시장,2130110,면목골목시장(면목시장),103,59,44,0,1,8,32,38,24,0,1,5,19,18,16,0,0,3,13,20,8
2021,4,R,전통시장,2130109,묵1동도깨비시장,47,33,14,0,2,9,16,9,11,0,1,5,13,5,9,0,1,4,3,4,2
2021,4,R,전통시장,2130108,태능엔터피아(태릉시장),3,1,2,0,0,0,1,2,0,0,0,0,0,1,0,0,0,0,1,1,0
2021,4,R,전통시장,2130107,중랑동부시장(중랑교종합상가),13,3,10,0,0,1,4,5,3,0,0,0,0,1,2,0,0,1,4,4,1
2021,4,R,전통시장,2130106,중랑동부시장,166,56,110,1,20,40,34,39,32,0,1,8,7,21,19,1,19,32,27,18,13
2021,4,R,전통시장,2130105,장미제일시장(중화동제일시장),63,27,36,0,8,14,22,11,8,0,3,6,14,3,1,0,5,8,8,8,7
2021,4,R,전통시장,2130104,전곡시장,93,54,39,0,8,17,28,26,14,0,5,8,16,13,12,0,3,9,12,13,2
2021,4,R,전통시장,2130103,이경시장,16,8,8,0,0,1,2,2,11,0,0,1,1,1,5,0,0,0,1,1,6
2021,4,R,전통시장,2130101,답십리현대시장,8,5,3,0,0,1,3,2,2,0,0,1,1,2,1,0,0,0,2,0,1
2021,4,R,전통시장,2130100,답십리시장,93,40,53,2,19,25,23,11,13,2,4,9,11,6,8,0,15,16,12,5,5
2021,4,R,전통시장,2130099,전농로터리시장,7,3,4,0,1,0,2,3,1,0,0,0,1,1,1,0,1,0,1,2,0
2021,4,R,전통시장,2130098,회기시장,55,17,38,0,9,14,15,12,5,0,2,3,4,6,2,0,7,11,11,6,3
2021,4,R,전통시장,2130097,답십리 건축자재시장,315,202,113,1,17,46,46,44,161,0,8,37,25,23,109,1,9,9,21,21,52
2021,4,R,전통시장,2130096,동부시장,14,9,5,0,0,0,1,1,12,0,0,0,0,0,9,0,0,0,1,1,3
2021,4,R,전통시장,2130095,청량리전통시장,95,38,57,0,6,16,18,33,22,0,4,6,9,10,9,0,2,10,9,23,13
2021,4,R,전통시장,2130094,청량리청과물시장,54,24,30,0,7,13,17,7,10,0,0,4,10,2,8,0,7,9,7,5,2
2021,4,R,전통시장,2130093,동서시장,5,3,2,0,0,0,1,2,2,0,0,0,1,0,2,0,0,0,0,2,0
2021,4,R,전통시장,2130092,청량리농수산물시장,12,9,3,0,0,1,3,5,3,0,0,0,3,3,3,0,0,1,0,2,0
2021,4,R,전통시장,2130091,청량종합도매시장,36,27,9,0,1,3,11,14,7,0,0,3,8,10,6,0,1,0,3,4,1
2021,4,R,전통시장,2130090,청량리종합시장,19,13,6,0,1,4,3,5,6,0,1,2,3,3,4,0,0,2,0,2,2
2021,4,R,전통시장,2130089,청량리수산시장,42,33,9,0,4,7,16,6,9,0,3,7,12,4,7,0,1,0,4,2,2
2021,4,R,전통시장,2130088,경동시장,126,57,69,0,18,32,24,17,35,0,3,11,11,10,22,0,15,21,13,7,13
2021,4,R,전통시장,2130087,경동광성상가(경동시장),28,20,8,0,5,3,8,7,5,0,3,2,6,5,4,0,2,1,2,2,1
2021,4,R,전통시장,2130086,서울약령시장,1184,651,533,4,113,208,305,341,213,0,56,128,165,181,121,4,57,80,140,160,92
2021,4,R,전통시장,2130085,용두시장,4,2,2,0,0,0,1,2,1,0,0,0,0,1,1,0,0,0,1,1,0
2021,4,R,전통시장,2130084,신성시장(신성골목시장),21,6,15,0,3,5,8,4,1,0,0,1,2,2,1,0,3,4,6,2,0
2021,4,R,전통시장,2130083,"중곡제일시장(중곡제일골목시장, 광성시장)",111,68,43,0,15,21,29,24,22,0,7,14,20,10,17,0,8,7,9,14,5
2021,4,R,전통시장,2130082,면곡골목시장,20,11,9,0,4,0,1,9,6,0,4,0,0,3,4,0,0,0,1,6,2
2021,4,R,전통시장,2130081,자양골목전통시장(자양골목시장),54,36,18,0,7,17,14,9,7,0,5,12,9,6,4,0,2,5,5,3,3
2021,4,R,전통시장,2130080,자양종합시장(기능상실),14,10,4,0,0,1,6,6,1,0,0,1,4,4,1,0,0,0,2,2,0
2021,4,R,전통시장,2130079,한아름시장,40,29,11,0,5,6,6,10,13,0,4,4,5,6,10,0,1,2,1,4,3
2021,4,R,전통시장,2130078,화양제일골목시장,65,23,42,0,6,17,20,18,4,0,1,7,8,6,1,0,5,10,12,12,3
2021,4,R,전통시장,2130077,조양시장,31,19,12,0,11,7,8,5,0,0,6,5,4,4,0,0,5,2,4,1,0
2021,4,R,전통시장,2130076,능동로골목시장,88,67,21,0,2,11,14,16,45,0,1,4,13,10,39,0,1,7,1,6,6
2021,4,R,전통시장,2130075,노룬산시장(노룬산골목시장),23,13,10,0,4,5,10,2,2,0,3,3,6,0,1,0,1,2,4,2,1
2021,4,R,전통시장,2130074,영동교골목시장,21,15,6,0,6,9,2,3,1,0,3,9,0,2,1,0,3,0,2,1,0
2021,4,R,전통시장,2130073,뚝도시장,45,17,28,1,3,10,9,11,11,0,0,2,4,5,6,1,3,8,5,6,5
2021,4,R,전통시장,2130072,성동용답상가시장,132,71,61,0,21,19,35,39,18,0,9,9,16,26,11,0,12,10,19,13,7
2021,4,R,전통시장,2130071,성수역 골목형상점가,335,180,155,1,61,89,70,43,71,0,27,43,43,29,38,1,34,46,27,14,33
2021,4,R,전통시장,2130070,뚝섬역상점가,1016,697,319,6,178,259,217,222,134,4,105,179,143,157,109,2,73,80,74,65,25
2021,4,R,전통시장,2130069,"한양대앞상점가(한양시장, 왕십리맛골목)",32,19,13,0,6,6,4,8,8,0,4,4,0,5,6,0,2,2,4,3,2
2021,4,R,전통시장,2130068,마장축산물시장,975,630,345,1,102,202,250,248,172,1,68,127,155,165,114,0,34,75,95,83,58
2021,4,R,전통시장,2130067,왕십리도선동상점가,1670,335,1335,3,166,202,291,591,417,1,78,98,69,49,40,2,88,104,222,542,377
2021,4,R,전통시장,2130066,행당시장상점가,397,182,215,0,49,86,115,100,47,0,17,38,54,45,28,0,32,48,61,55,19
2021,4,R,전통시장,2130065,무학봉상점가,144,67,77,0,22,29,34,37,22,0,4,10,14,22,17,0,18,19,20,15,5
2021,4,R,전통시장,2130064,금남시장,36,13,23,0,6,7,8,4,11,0,1,0,5,2,5,0,5,7,3,2,6
2021,4,R,전통시장,2130063,신금호역 골목형상점가,30,21,9,0,2,4,5,9,10,0,1,3,4,7,6,0,1,1,1,2,4
2021,4,R,전통시장,2130062,보광시장,31,12,19,0,0,6,10,13,2,0,0,3,4,4,1,0,0,3,6,9,1
2021,4,R,전통시장,2130061,이태원시장,32,20,12,0,18,3,4,6,1,0,12,1,3,3,1,0,6,2,1,3,0
2021,4,R,전통시장,2130060,신흥시장,4,1,3,0,0,2,0,2,0,0,0,1,0,0,0,0,0,1,0,2,0
2021,4,R,전통시장,2130059,후암시장,64,40,24,0,6,12,16,11,19,0,4,5,10,7,14,0,2,7,6,4,5
2021,4,R,전통시장,2130058,이촌종합시장,109,78,31,0,13,19,25,26,26,0,7,12,15,21,23,0,6,7,10,5,3
2021,4,R,전통시장,2130057,만리시장,12,9,3,0,0,2,1,4,5,0,0,1,1,3,4,0,0,1,0,1,1
2021,4,R,전통시장,2130056,용산용문시장,65,34,31,0,7,15,18,10,15,0,4,6,7,6,11,0,3,9,11,4,4
2021,4,R,전통시장,2130055,"황학시장(서울중앙시장, 신중앙시장)",203,117,86,0,24,49,47,52,31,0,12,25,24,32,24,0,12,24,23,20,7
2021,4,R,전통시장,2130054,황학동주방가구거리상점가,374,266,108,0,25,80,116,106,47,0,18,60,77,74,37,0,7,20,39,32,10
2021,4,R,전통시장,2130053,백학시장,160,69,91,0,22,24,46,37,31,0,8,8,20,15,18,0,14,16,26,22,13
2021,4,R,전통시장,2130052,서울중앙시장(신중앙시장),479,342,137,0,106,156,101,61,55,0,80,110,57,45,50,0,26,46,44,16,5
2021,4,R,전통시장,2130051,동화동 골목형상점가,391,156,235,1,82,94,98,66,50,1,18,25,43,36,33,0,64,69,55,30,17
2021,4,R,전통시장,2130050,청평화시장,120,50,70,1,18,26,31,29,15,1,9,13,5,15,7,0,9,13,26,14,8
2021,4,R,전통시장,2130049,신당 미래유산 먹거리 골목형상점가,42,19,23,0,3,5,9,13,12,0,1,3,0,7,8,0,2,2,9,6,4
2021,4,R,전통시장,2130048,동평화시장,18,9,9,0,7,8,0,3,0,0,3,4,0,2,0,0,4,4,0,1,0
2021,4,R,전통시장,2130047,테크노상가(엘리시움),160,112,48,0,10,26,34,61,29,0,5,20,21,42,24,0,5,6,13,19,5
2021,4,R,전통시장,2130046,team204(팀204),20,13,7,0,1,3,4,2,10,0,0,2,3,1,7,0,1,1,1,1,3
2021,4,R,전통시장,2130045,광희패션몰,49,29,20,0,1,5,11,17,15,0,0,2,7,11,9,0,1,3,4,6,6
2021,4,R,전통시장,2130044,에리어식스(벨포스트),10,2,8,1,0,2,3,3,1,1,0,1,0,0,0,0,0,1,3,3,1
2021,4,R,전통시장,2130043,제일평화시장,43,27,16,0,6,14,13,8,2,0,1,9,9,6,2,0,5,5,4,2,0
2021,4,R,전통시장,2130042,약수시장,158,67,91,2,36,30,40,21,29,2,9,9,19,8,20,0,27,21,21,13,9
2021,4,R,전통시장,2130041,신평화패션타운(청계6가 지하도상가),28,21,7,0,1,5,9,8,5,0,0,4,9,5,3,0,1,1,0,3,2
2021,4,R,전통시장,2130040,남평화시장,5,3,2,0,0,4,0,0,1,0,0,2,0,0,1,0,0,2,0,0,0
2021,4,R,전통시장,2130039,청계6가 지하도상가,36,26,10,0,1,1,7,6,21,0,1,1,5,5,14,0,0,0,2,1,7
2021,4,R,전통시장,2130038,"평화시장(통일상가, 동화상가)",930,630,300,3,110,293,273,172,79,0,61,165,211,134,59,3,49,128,62,38,20
2021,4,R,전통시장,2130036,중부시장(신중부시장),3089,921,2168,8,1868,593,250,198,172,3,316,189,171,120,122,5,1552,404,79,78,50
2021,4,R,전통시장,2130035,방산종합시장(방산시장),1190,736,454,1,96,200,284,312,297,0,56,117,154,191,218,1,40,83,130,121,79
2021,4,R,전통시장,2130034,필동 골목형상점가,14,7,7,0,2,4,5,2,1,0,1,2,2,2,0,0,1,2,3,0,1
2021,4,R,전통시장,2130033,대림상가(청계상가),169,121,48,0,7,29,54,39,40,0,3,19,35,30,34,0,4,10,19,9,6
2021,4,R,전통시장,2130032,인현시장,167,123,44,0,3,25,47,54,38,0,3,16,35,40,29,0,0,9,12,14,9
2021,4,R,전통시장,2130031,청계천공구상가,921,698,223,2,101,281,234,159,144,1,64,230,181,104,118,1,37,51,53,55,26
2021,4,R,전통시장,2130028,을지입구지하상가(을지로지하보도쇼핑센터),2,2,0,0,0,0,1,1,0,0,0,0,1,1,0,0,0,0,0,0,0
2021,4,R,전통시장,2130025,삼익패션타운(남대문시장),5494,2675,2819,69,1760,1561,1124,794,186,31,674,837,763,292,78,38,1086,724,361,502,108
2021,4,R,전통시장,2130024,남대문시장(자유상가),732,426,306,2,54,129,172,177,198,1,15,75,95,108,132,1,39,54,77,69,66
2021,4,R,전통시장,2130022,숭례문수입상가(남대문시장),1907,850,1057,0,330,855,598,113,11,0,55,378,338,70,9,0,275,477,260,43,2
2021,4,R,전통시장,2130021,신설종합시장,50,37,13,1,1,10,12,13,13,0,0,9,10,10,8,1,1,1,2,3,5
2021,4,R,전통시장,2130020,동묘시장(동묘벼룩시장),407,177,230,5,154,93,73,58,24,5,43,31,45,32,21,0,111,62,28,26,3
2021,4,R,전통시장,2130019,동대문상가D동,28,21,7,0,6,5,5,4,8,0,4,2,4,4,7,0,2,3,1,0,1
2021,4,R,전통시장,2130018,동대문문구완구거리(동대문문구완구시장),215,124,91,0,27,45,50,52,41,0,12,24,33,31,24,0,15,21,17,21,17
2021,4,R,전통시장,2130017,동대문상가C동,12,9,3,0,1,4,4,2,1,0,1,4,3,0,1,0,0,0,1,2,0
2021,4,R,전통시장,2130016,동대문상가B동,2,1,1,0,0,1,1,0,0,0,0,0,1,0,0,0,0,1,0,0,0
2021,4,R,전통시장,2130015,창신골목시장,22,12,10,0,0,2,8,9,3,0,0,2,6,2,2,0,0,0,2,7,1
2021,4,R,전통시장,2130014,동문시장,3,1,2,0,0,2,0,0,1,0,0,0,0,0,1,0,0,2,0,0,0
2021,4,R,전통시장,2130012,"동대문종합시장(동대문종합시장 신관, 동대문종합시장D동상가)",1319,965,354,2,156,325,348,339,149,0,116,251,238,247,113,2,40,74,110,92,36
2021,4,R,전통시장,2130011,충신시장,88,44,44,0,19,19,20,17,13,0,7,11,8,8,10,0,12,8,12,9,3
2021,4,R,전통시장,2130010,종로신진시장,200,113,87,0,20,29,55,48,48,0,14,17,24,26,32,0,6,12,31,22,16
2021,4,R,전통시장,2130009,마전교지하쇼핑센터(구 한일상가),24,16,8,0,0,2,3,7,12,0,0,2,2,4,8,0,0,0,1,3,4
2021,4,R,전통시장,2130007,광장시장(광장전통시장),466,310,156,0,39,77,97,129,124,0,22,41,73,77,97,0,17,36,24,52,27
2021,4,R,전통시장,2130005,세운상가가동,137,96,41,0,7,34,35,22,39,0,5,23,28,8,32,0,2,11,7,14,7
2021,4,R,전통시장,2130004,낙원시장(낙원지하시장(대일상가)),364,258,106,0,29,70,99,78,88,0,14,51,68,57,68,0,15,19,31,21,20
2021,4,R,전통시장,2130002,세종마을음식문화거리(금천교시장),564,392,172,4,56,109,120,121,154,0,26,74,75,90,127,4,30,35,45,31,27
2021,4,R,전통시장,2130001,통인시장,59,29,30,0,4,14,11,12,18,0,2,4,6,6,11,0,2,10,5,6,7
2021,4,D,발달상권,2120249,고덕역,1359,916,443,3,172,305,337,317,225,1,75,198,249,221,172,2,97,107,88,96,53
2021,4,D,발달상권,2120248,명일역,860,332,528,4,114,141,223,204,174,2,41,59,84,69,77,2,73,82,139,135,97
2021,4,D,발달상권,2120247,굽은다리역,565,307,258,4,91,118,142,102,108,1,37,76,71,55,67,3,54,42,71,47,41
2021,4,D,발달상권,2120246,길동역,3399,1536,1863,14,384,560,835,905,701,8,169,317,417,296,329,6,215,243,418,609,372
2021,4,D,발달상권,2120245,둔촌역,1884,1135,749,7,312,460,446,371,288,6,169,309,271,195,185,1,143,151,175,176,103
2021,4,D,발달상권,2120244,암사역,916,401,515,0,70,85,103,111,547,0,14,44,49,42,252,0,56,41,54,69,295
2021,4,D,발달상권,2120243,천호역,1353,629,724,6,186,250,315,291,305,2,63,108,142,123,191,4,123,142,173,168,114
2021,4,D,발달상권,2120242,강동구청역,4528,2937,1591,33,536,1064,1055,893,947,13,287,678,695,560,704,20,249,386,360,333,243
2021,4,D,발달상권,2120241,거여역,1197,650,547,5,110,221,296,277,288,2,80,152,161,83,172,3,30,69,135,194,116
2021,4,D,발달상권,2120240,개롱역,1609,1102,507,7,212,314,404,431,241,5,125,230,269,295,178,2,87,84,135,136,63
2021,4,D,발달상권,2120239,오금역,4700,3006,1694,17,851,1243,1186,911,492,11,456,826,848,495,370,6,395,417,338,416,122
2021,4,D,발달상권,2120238,방이역,412,251,161,4,47,97,113,76,75,3,22,45,60,57,64,1,25,52,53,19,11
2021,4,D,발달상권,2120237,경찰병원역,8608,5226,3382,58,1222,1655,1718,1449,2506,24,537,1057,1126,725,1757,34,685,598,592,724,749
2021,4,D,발달상권,2120236,장지역(가든파이브),4622,3221,1401,15,678,1056,1076,989,808,10,373,711,778,710,639,5,305,345,298,279,169
2021,4,D,발달상권,2120235,문정역,907,621,286,1,116,196,202,236,156,0,69,151,148,144,109,1,47,45,54,92,47
2021,4,D,발달상권,2120234,가락시장역,10268,6224,4044,11,1350,2490,2149,1678,2590,3,586,1468,1439,927,1801,8,764,1022,710,751,789
2021,4,D,발달상권,2120233,몽촌토성역,10357,5705,4652,28,1787,2711,2252,2152,1427,22,1123,1846,1193,782,739,6,664,865,1059,1370,688
2021,4,D,발달상권,2120232,송파나루역,1269,856,413,0,212,350,295,218,194,0,91,220,204,165,176,0,121,130,91,53,18
2021,4,D,발달상권,2120231,가락시장,5698,4083,1615,0,368,1051,1564,1654,1061,0,264,836,1185,1098,700,0,104,215,379,556,361
2021,4,D,발달상권,2120230,송파사거리(송파역),876,470,406,4,96,176,202,193,205,1,38,99,115,92,125,3,58,77,87,101,80
2021,4,D,발달상권,2120229,방이동먹자골목,7319,4732,2587,12,1062,2182,1915,1302,846,5,588,1347,1338,913,541,7,474,835,577,389,305
2021,4,D,발달상권,2120228,석촌역(석촌호수),4494,2725,1769,7,707,1306,1038,695,741,1,288,851,680,410,495,6,419,455,358,285,246
2021,4,D,발달상권,2120227,잠실역,45438,24212,21226,163,8139,11821,12755,11278,1282,51,3785,7433,7435,4548,960,112,4354,4388,5320,6730,322
2021,4,D,발달상권,2120226,석촌고분역,2408,1777,631,8,277,341,447,352,983,7,130,207,264,234,935,1,147,134,183,118,48
2021,4,D,발달상권,2120225,잠실새내역(신천),5750,3738,2012,25,929,1190,1248,1210,1148,3,467,728,831,853,856,22,462,462,417,357,292
2021,4,D,발달상권,2120224,수서역,12418,6339,6079,23,1900,3177,3167,2346,1805,12,860,1669,1497,1232,1069,11,1040,1508,1670,1114,736
2021,4,D,발달상권,2120223,휘문고교사거리,9166,5574,3592,20,1785,2926,2736,1401,298,4,1102,2061,1597,609,201,16,683,865,1139,792,97
2021,4,D,발달상권,2120222,삼성역,43324,24141,19183,244,8091,13641,10294,6385,4669,119,3186,7703,6883,3711,2539,125,4905,5938,3411,2674,2130
2021,4,D,발달상권,2120221,봉은사역,19513,12605,6908,22,4375,5782,3654,2813,2867,8,2402,4217,2849,1721,1408,14,1973,1565,805,1092,1459
2021,4,D,발달상권,2120220,대치역,5578,3302,2276,26,1841,2261,972,319,159,2,769,1465,717,225,124,24,1072,796,255,94,35
2021,4,D,발달상권,2120219,은마아파트,17161,5791,11370,202,3396,3816,3174,4058,2515,83,1254,1870,1373,817,394,119,2142,1946,1801,3241,2121
2021,4,D,발달상권,2120218,코엑스,290,54,236,0,116,103,58,13,0,0,13,16,16,9,0,0,103,87,42,4,0
2021,4,D,발달상권,2120217,대치사거리,2779,1478,1301,11,552,771,700,452,293,10,220,379,381,264,224,1,332,392,319,188,69
2021,4,D,발달상권,2120216,경기고교사거리(경기고교앞사거리),4934,3621,1313,8,712,1628,1666,772,148,5,291,1070,1431,703,121,3,421,558,235,69,27
2021,4,D,발달상권,2120215,포스코사거리,61656,40699,20957,170,9756,22505,18176,8404,2645,29,4305,14324,13853,6406,1782,141,5451,8181,4323,1998,863
2021,4,D,발달상권,2120214,영동대교남단교차로,3990,2902,1088,7,489,1173,1108,931,282,3,271,811,866,755,196,4,218,362,242,176,86
2021,4,D,발달상권,2120213,삼성중앙역,8472,5131,3341,50,1855,2469,1898,1065,1135,12,828,1511,1297,712,771,38,1027,958,601,353,364
2021,4,D,발달상권,2120212,한티역,713,378,335,1,115,178,190,137,92,1,36,85,116,78,62,0,79,93,74,59,30
2021,4,D,발달상권,2120211,도성초등학교,984,516,468,7,180,282,189,161,165,3,68,120,112,117,96,4,112,162,77,44,69
2021,4,D,발달상권,2120210,선릉역,48780,26797,21983,117,11358,13636,11065,7952,4652,54,5356,8026,6479,4158,2724,63,6002,5610,4586,3794,1928
2021,4,D,발달상권,2120209,"강남구청(청담역_8번, 강남세무서)",8984,2608,6376,34,2050,2683,2467,1170,580,9,538,752,537,393,379,25,1512,1931,1930,777,201
2021,4,D,발달상권,2120208,청담사거리(청담동명품거리),10577,4635,5942,38,3354,3776,2024,878,507,13,1031,1619,1113,501,358,25,2323,2157,911,377,149
2021,4,D,발달상권,2120207,선정릉역,12151,7422,4729,32,2685,4209,2741,1595,889,16,1111,2464,1939,1147,745,16,1574,1745,802,448,144
2021,4,D,발달상권,2120206,개나리아파트,5280,3376,1904,87,1661,1418,1095,666,353,27,868,957,784,463,277,60,793,461,311,203,76
2021,4,D,발달상권,2120205,매봉역,13950,9370,4580,95,2838,4203,3126,1781,1907,44,1450,2959,2521,1302,1094,51,1388,1244,605,479,813
2021,4,D,발달상권,2120204,르네상스호텔사거리,41471,20644,20827,102,8167,11056,10671,10081,1394,54,5016,7567,4988,2062,957,48,3151,3489,5683,8019,437
2021,4,D,발달상권,2120203,강남구청역,7726,4602,3124,27,1589,2070,1890,1381,769,8,650,1218,1293,882,551,19,939,852,597,499,218
2021,4,D,발달상권,2120202,압구정로데오역(압구정로데오),11735,6075,5660,41,2963,4419,2469,1425,418,11,793,2184,1593,1195,299,30,2170,2235,876,230,119
2021,4,D,발달상권,2120201,도곡1동,11559,6387,5172,116,3565,3472,2482,1299,625,31,1365,2021,1730,754,486,85,2200,1451,752,545,139
2021,4,D,발달상권,2120200,학동사거리,9363,3808,5555,26,2868,3075,1848,1005,541,9,654,1122,937,687,399,17,2214,1953,911,318,142
2021,4,D,발달상권,2120199,경복아파트교차로,3830,2283,1547,10,796,1196,781,572,475,4,317,721,498,390,353,6,479,475,283,182,122
2021,4,D,발달상권,2120198,구역삼세무서,11531,7246,4285,23,2691,3529,2889,1562,837,12,1141,2216,2115,1139,623,11,1550,1313,774,423,214
2021,4,D,발달상권,2120197,역삼역,58694,38567,20127,93,10088,18053,15887,10835,3738,43,5227,11916,11864,7079,2438,50,4861,6137,4023,3756,1300
2021,4,D,발달상권,2120196,서울세관,9687,5900,3787,15,1708,2897,2579,1614,874,2,604,1527,1719,1323,725,13,1104,1370,860,291,149
2021,4,D,발달상권,2120195,성수대교남단,5611,2685,2926,39,1393,2394,1102,426,257,15,487,1194,634,208,147,24,906,1200,468,218,110
2021,4,D,발달상권,2120194,언주역(차병원),12628,8724,3904,37,2790,4202,2802,1923,874,14,1366,2863,2239,1588,654,23,1424,1339,563,335,220
2021,4,D,발달상권,2120193,도산공원교차로,6384,3798,2586,15,1278,1918,1493,983,697,6,466,1071,1021,696,538,9,812,847,472,287,159
2021,4,D,발달상권,2120192,뱅뱅사거리,27462,18935,8527,73,5758,8273,6703,4372,2283,38,3280,5616,5106,3189,1706,35,2478,2657,1597,1183,577
2021,4,D,발달상권,2120191,학동역,13862,8102,5760,40,2889,3759,2967,1864,2343,17,1120,2144,2011,1130,1680,23,1769,1615,956,734,663
2021,4,D,발달상권,2120190,강남을지병원,11703,6183,5520,44,3417,3226,2498,1508,1010,14,1228,1648,1560,985,748,30,2189,1578,938,523,262
2021,4,D,발달상권,2120189,강남역,72613,38819,33794,234,17636,24305,18411,9151,2876,59,6629,13226,10962,5914,2029,175,11007,11079,7449,3237,847
2021,4,D,발달상권,2120188,압구정역,8579,3750,4829,134,2204,2146,1550,1314,1231,47,698,969,897,556,583,87,1506,1177,653,758,648
2021,4,D,발달상권,2120187,신논현역,13076,7778,5298,64,3624,3962,2984,1673,769,27,1516,2302,2121,1247,565,37,2108,1660,863,426,204
2021,4,D,발달상권,2120186,가로수길,6518,3580,2938,19,1316,2133,1570,895,585,5,447,1174,950,573,431,14,869,959,620,322,154
2021,4,D,발달상권,2120185,논현역,12764,7403,5361,29,2731,4125,3228,1879,772,10,1040,2435,2232,1195,491,19,1691,1690,996,684,281
2021,4,D,발달상권,2120184,포이사거리(삼호물산),10139,7003,3136,20,1553,3044,2666,1705,1151,10,846,2068,2010,1212,857,10,707,976,656,493,294
2021,4,D,발달상권,2120183,양재천카페거리,3558,2626,932,12,586,972,848,551,589,10,364,717,638,413,484,2,222,255,210,138,105
2021,4,D,발달상권,2120182,"양재시민의숲역(양재동꽃시장, aT센터)",6144,4255,1889,33,1041,1652,1482,1259,677,14,539,1144,1089,924,545,19,502,508,393,335,132
2021,4,D,발달상권,2120181,교육개발원입구사거리,7278,4440,2838,316,2978,1563,1247,730,444,145,1506,983,939,536,331,171,1472,580,308,194,113
2021,4,D,발달상권,2120180,양재화물트럭터미널앞,2562,2146,416,13,637,812,554,409,137,10,466,711,481,363,115,3,171,101,73,46,22
2021,4,D,발달상권,2120179,양재역,21445,16961,4484,59,3105,7307,5206,3969,1799,34,2177,6101,4309,3030,1310,25,928,1206,897,939,489
2021,4,D,발달상권,2120178,신사역,10933,5953,4980,34,2539,2847,2355,1810,1348,13,871,1570,1480,999,1020,21,1668,1277,875,811,328
2021,4,D,발달상권,2120177,신논현역 1번,694,436,258,1,84,187,202,143,77,0,34,111,130,106,55,1,50,76,72,37,22
2021,4,D,발달상권,2120176,논현역 4번,893,566,327,1,130,216,195,168,183,1,67,126,129,106,137,0,63,90,66,62,46
2021,4,D,발달상권,2120175,남부터미널역,8239,5313,2926,32,1702,2478,1995,1290,742,6,856,1691,1361,852,547,26,846,787,634,438,195
2021,4,D,발달상권,2120174,논현역 5번,682,380,302,6,108,196,155,95,122,4,39,108,90,59,80,2,69,88,65,36,42
2021,4,D,발달상권,2120173,교대역(법원.검찰청),18197,10449,7748,74,3267,5392,4725,3068,1671,29,1418,3003,2843,1896,1260,45,1849,2389,1882,1172,411
2021,4,D,발달상권,2120172,교대입구교차로,10241,5712,4529,53,2062,2700,2445,1945,1036,33,854,1635,1489,1004,697,20,1208,1065,956,941,339
2021,4,D,발달상권,2120171,서초3동사거리,11750,6206,5544,15,1990,3845,2551,1862,1487,6,827,1746,1496,1064,1067,9,1163,2099,1055,798,420
2021,4,D,발달상권,2120170,삼호가든사거리,2026,1161,865,8,279,587,623,346,183,7,113,333,412,168,128,1,166,254,211,178,55
2021,4,D,발달상권,2120169,서초역,15771,7185,8586,70,3824,4195,3945,2657,1080,30,1313,1990,1801,1235,816,40,2511,2205,2144,1422,264
2021,4,D,발달상권,2120168,서울고교교차로,569,378,191,1,58,166,147,103,94,0,28,98,107,78,67,1,30,68,40,25,27
2021,4,D,발달상권,2120167,고속터미널(고속터미널역),5078,2994,2084,6,600,1311,1087,924,1150,5,318,915,786,488,482,1,282,396,301,436,668
2021,4,D,발달상권,2120166,방배역,5467,3282,2185,90,1234,1594,1033,699,817,26,523,920,713,451,649,64,711,674,320,248,168
2021,4,D,발달상권,2120165,서래마을카페거리(서래마을),3467,2266,1201,11,605,1119,949,516,267,3,277,716,707,369,194,8,328,403,242,147,73
2021,4,D,발달상권,2120164,내방역,8574,5973,2601,56,1923,2821,1862,1128,784,48,1160,1998,1383,799,585,8,763,823,479,329,199
2021,4,D,발달상권,2120163,사당역 11번(사당역먹자골목),491,290,201,0,55,119,99,86,132,0,28,73,57,50,82,0,27,46,42,36,50
2021,4,D,발달상권,2120162,방배동카페골목,1253,717,536,61,207,200,219,215,351,57,126,142,110,93,189,4,81,58,109,122,162
2021,4,D,발달상권,2120161,방배동가구거리(사당동가구거리),2517,1833,684,3,187,342,315,347,1323,2,78,178,165,202,1208,1,109,164,150,145,115
2021,4,D,발달상권,2120160,사당역(사당),9153,4750,4403,14,1560,2594,2716,1534,735,4,617,1307,1324,997,501,10,943,1287,1392,537,234
2021,4,D,발달상권,2120159,서울대입구역,1430,763,667,12,289,320,321,238,250,6,116,164,174,133,170,6,173,156,147,105,80
2021,4,D,발달상권,2120158,녹두거리(대학동),695,550,145,2,31,73,200,279,110,0,7,41,163,241,98,2,24,32,37,38,12
2021,4,D,발달상권,2120157,신림역(신림),593,255,338,1,95,115,145,125,112,0,19,40,81,48,67,1,76,75,64,77,45
2021,4,D,발달상권,2120156,"총신대입구역(이수, 총신대)",3255,1425,1830,14,615,769,718,629,510,7,201,327,374,254,262,7,414,442,344,375,248
2021,4,D,발달상권,2120155,총신대학교,111,57,54,0,13,27,27,26,18,0,7,8,15,15,12,0,6,19,12,11,6
2021,4,D,발달상권,2120154,장승배기역,479,199,280,1,61,123,126,106,62,0,16,58,67,35,23,1,45,65,59,71,39
2021,4,D,발달상권,2120153,노량진역(노량진),3699,1844,1855,10,521,1209,935,690,334,2,193,496,461,465,227,8,328,713,474,225,107
2021,4,D,발달상권,2120152,신대방삼거리역,594,291,303,1,66,127,155,154,91,1,22,63,84,74,47,0,44,64,71,80,44
2021,4,D,발달상권,2120151,보라매공원,2417,1455,962,6,401,736,707,383,184,4,194,433,450,237,137,2,207,303,257,146,47
2021,4,D,발달상권,2120150,63빌딩,7632,4749,2883,29,989,1932,2741,1691,250,5,494,1296,1379,1422,153,24,495,636,1362,269,97
2021,4,D,발달상권,2120149,여의도역(여의도),69255,45888,23367,184,11383,22550,19240,12096,3802,34,5884,14085,14147,9350,2388,150,5499,8465,5093,2746,1414
2021,4,D,발달상권,2120148,국회의사당역(국회의사당),31135,19451,11684,82,6815,10231,7641,4493,1873,27,3082,6187,5424,3397,1334,55,3733,4044,2217,1096,539
2021,4,D,발달상권,2120147,보라매역,1981,1262,719,6,292,455,377,378,473,3,99,312,255,270,323,3,193,143,122,108,150
2021,4,D,발달상권,2120146,한강성심병원,5045,2866,2179,18,1237,1249,1097,821,623,8,395,663,729,584,487,10,842,586,368,237,136
2021,4,D,발달상권,2120145,영등포역(영등포),3856,1817,2039,22,673,1021,921,702,517,0,202,441,486,388,300,22,471,580,435,314,217
2021,4,D,발달상권,2120144,영중로,2015,1072,943,1,254,394,507,598,261,1,142,276,288,230,135,0,112,118,219,368,126
2021,4,D,발달상권,2120143,당산역,2723,2018,705,9,329,524,575,532,754,2,194,398,412,396,616,7,135,126,163,136,138
2021,4,D,발달상권,2120142,대림역,1559,847,712,2,235,282,348,386,306,0,69,145,190,230,213,2,166,137,158,156,93
2021,4,D,발달상권,2120141,영등포청과시장교차로,601,418,183,2,71,137,188,115,88,1,36,85,133,86,77,1,35,52,55,29,11
2021,4,D,발달상권,2120140,문래동주민센터,6162,3296,2866,22,1447,1840,1635,916,302,11,558,993,992,517,225,11,889,847,643,399,77
2021,4,D,발달상권,2120139,대림3동사거리,3619,2404,1215,14,423,867,992,727,596,5,220,632,783,462,302,9,203,235,209,265,294
2021,4,D,발달상권,2120138,당산2동(영등포우체국),2754,1653,1101,23,745,579,479,488,440,15,395,347,312,309,275,8,350,232,167,179,165
2021,4,D,발달상권,2120137,문래역(문래로데오거리),50,21,29,2,11,8,13,12,4,0,4,1,7,7,2,2,7,7,6,5,2
2021,4,D,발달상권,2120136,영등포구청역,6617,3299,3318,20,1193,1504,1423,1444,1033,12,575,848,775,592,497,8,618,656,648,852,536
2021,4,D,발달상권,2120135,양평역,5072,3013,2059,32,1300,1280,1187,776,497,11,626,825,676,441,434,21,674,455,511,335,63
2021,4,D,발달상권,2120134,구로전화국,2014,1668,346,0,107,157,172,223,1355,0,44,75,96,153,1300,0,63,82,76,70,55
2021,4,D,발달상권,2120133,서울시흥동우체국(홈플러스시흥점),142,55,87,1,14,22,27,42,36,1,5,10,12,11,16,0,9,12,15,31,20
2021,4,D,발달상권,2120132,독산동,4203,2884,1319,13,512,908,1016,1074,680,12,350,650,695,701,476,1,162,258,321,373,204
2021,4,D,발달상권,2120131,가산디지털단지,81100,53404,27696,289,16340,25683,20119,11582,7087,184,8639,17229,14518,7692,5142,105,7701,8454,5601,3890,1945
2021,4,D,발달상권,2120130,구로디지털단지역,1136,620,516,1,169,376,236,212,142,0,59,208,125,125,103,1,110,168,111,87,39
2021,4,D,발달상권,2120129,구로디지털단지,47750,31091,16659,195,10197,16227,12034,5678,3419,126,5117,10736,8454,3920,2738,69,5080,5491,3580,1758,681
2021,4,D,발달상권,2120128,신도림역,1253,656,597,7,191,318,382,243,112,1,75,153,191,149,87,6,116,165,191,94,25
2021,4,D,발달상권,2120127,구로구청,5918,3878,2040,6,614,1229,1440,1444,1185,5,365,976,1050,808,674,1,249,253,390,636,511
2021,4,D,발달상권,2120126,디지털단지오거리,135,86,49,0,11,30,48,26,20,0,2,16,38,15,15,0,9,14,10,11,5
2021,4,D,발달상권,2120125,구로역,9291,6324,2967,24,1029,2136,2412,2271,1419,12,581,1466,1596,1572,1097,12,448,670,816,699,322
2021,4,D,발달상권,2120124,개봉동 현대아파트,461,205,256,0,63,89,119,82,108,0,18,26,49,43,69,0,45,63,70,39,39
2021,4,D,발달상권,2120123,오류동역,2120,1645,475,1,313,413,505,594,294,0,276,331,389,425,224,1,37,82,116,169,70
2021,4,D,발달상권,2120122,강서구청,2137,1208,929,4,308,444,489,437,455,2,103,218,267,256,362,2,205,226,222,181,93
2021,4,D,발달상권,2120121,까치산역,344,135,209,2,49,40,67,101,85,2,12,14,27,41,39,0,37,26,40,60,46
2021,4,D,발달상권,2120120,화곡역,927,405,522,1,177,218,193,196,142,0,46,109,84,81,85,1,131,109,109,115,57
2021,4,D,발달상권,2120119,발산역(마곡),1427,686,741,2,184,339,416,350,136,1,54,148,211,174,98,1,130,191,205,176,38
2021,4,D,발달상권,2120117,강서농산물도매시장,430,263,167,0,12,60,121,145,92,0,9,46,75,82,51,0,3,14,46,63,41
2021,4,D,발달상권,2120116,송정역,117,64,53,0,17,27,28,20,25,0,9,11,15,10,19,0,8,16,13,10,6
2021,4,D,발달상권,2120114,목동신시가지,13614,9392,4222,46,2086,3824,3484,2915,1259,29,1130,2623,2555,2209,846,17,956,1201,929,706,413
2021,4,D,발달상권,2120113,오목교역,628,372,256,2,96,144,162,136,88,1,45,79,94,92,61,1,51,65,68,44,27
2021,4,D,발달상권,2120112,등촌역,1633,1138,495,10,223,388,373,358,281,6,100,270,265,265,232,4,123,118,108,93,49
2021,4,D,발달상권,2120111,목동사거리,1828,710,1118,1,551,601,341,219,115,0,101,248,161,116,84,1,450,353,180,103,31
2021,4,D,발달상권,2120110,목동역 8번출구,1858,1400,458,2,142,216,286,247,965,1,42,102,166,181,908,1,100,114,120,66,57
2021,4,D,발달상권,2120109,서울남부지방법원,608,342,266,2,56,104,110,170,166,1,18,40,50,104,129,1,38,64,60,66,37
2021,4,D,발달상권,2120108,신정네거리역,992,580,412,2,93,215,220,242,220,1,28,110,112,160,169,1,65,105,108,82,51
2021,4,D,발달상권,2120107,공덕역(공덕오거리),13077,7619,5458,43,2471,3470,3552,3026,515,9,1021,2002,2300,1900,387,34,1450,1468,1252,1126,128
2021,4,D,발달상권,2120106,마포역,11462,7104,4358,12,1804,2735,2677,2306,1928,8,917,1662,1889,1435,1193,4,887,1073,788,871,735
2021,4,D,발달상권,2120105,상수역(홍대),524,273,251,4,126,153,122,71,48,2,51,74,70,42,34,2,75,79,52,29,14
2021,4,D,발달상권,2120104,연남동(홍대),5955,3176,2779,20,1117,1491,1289,1103,935,12,428,824,772,620,520,8,689,667,517,483,415
2021,4,D,발달상권,2120103,홍대입구역(홍대),9580,5991,3589,87,2167,2434,2066,1613,1213,61,1145,1486,1404,988,907,26,1022,948,662,625,306
2021,4,D,발달상권,2120102,서교동(홍대),7276,3402,3874,18,1521,2551,1814,899,473,11,496,1065,913,566,351,7,1025,1486,901,333,122
2021,4,D,발달상권,2120101,합정역,1932,1048,884,2,302,520,515,399,194,2,89,236,312,266,143,0,213,284,203,133,51
2021,4,D,발달상권,2120100,망원역,900,436,464,3,192,236,215,153,101,1,49,107,117,103,59,2,143,129,98,50,42
2021,4,D,발달상권,2120099,월드컵경기장역(월드컵경기장),84,57,27,0,11,20,26,14,13,0,6,16,21,7,7,0,5,4,5,7,6
2021,4,D,발달상권,2120098,DMC(디지털미디어시티),8846,5391,3455,19,1691,3228,2856,875,177,11,813,1995,1821,616,135,8,878,1233,1035,259,42
2021,4,D,발달상권,2120097,충정로역,2246,1354,892,0,321,658,631,407,229,0,172,390,397,254,141,0,149,268,234,153,88
2021,4,D,발달상권,2120096,"이화여대(이대역, 이대)",470,195,275,1,79,135,125,79,51,0,27,51,46,38,33,1,52,84,79,41,18
2021,4,D,발달상권,2120095,홍제역,922,520,402,1,73,107,260,362,119,0,17,56,137,222,88,1,56,51,123,140,31
2021,4,D,발달상권,2120094,"신촌역(신촌역, 신촌로터리)",5355,2430,2925,67,2390,1192,681,594,431,23,999,589,299,279,241,44,1391,603,382,315,190
2021,4,D,발달상권,2120093,연희동,661,351,310,2,60,125,170,195,109,0,27,62,91,103,68,2,33,63,79,92,41
2021,4,D,발달상권,2120092,불광역,274,147,127,0,33,51,83,52,55,0,12,29,44,21,41,0,21,22,39,31,14
2021,4,D,발달상권,2120091,본서부병원,516,192,324,1,51,69,119,165,111,0,20,28,51,55,38,1,31,41,68,110,73
2021,4,D,발달상권,2120090,연신내역,687,262,425,5,180,133,134,129,106,1,64,55,49,45,48,4,116,78,85,84,58
2021,4,D,발달상권,2120089,구파발역,1,0,1,0,0,0,1,0,0,0,0,0,0,0,0,0,0,0,1,0,0
2021,4,D,발달상권,2120088,구산역,799,279,520,2,86,117,175,272,147,2,30,65,68,59,55,0,56,52,107,213,92
2021,4,D,발달상권,2120087,응암역,441,272,169,0,45,84,114,106,92,0,17,50,78,60,67,0,28,34,36,46,25
2021,4,D,발달상권,2120086,태릉입구역,382,205,177,0,42,78,82,102,78,0,24,43,35,49,54,0,18,35,47,53,24
2021,4,D,발달상권,2120085,은행사거리,317,121,196,4,51,48,80,78,56,3,11,14,21,40,32,1,40,34,59,38,24
2021,4,D,발달상권,2120084,공릉역,712,546,166,3,33,59,110,240,267,1,11,22,63,205,244,2,22,37,47,35,23
2021,4,D,발달상권,2120083,등나무근린공원,1184,787,397,0,166,325,271,283,139,0,114,228,171,179,95,0,52,97,100,104,44
2021,4,D,발달상권,2120082,상계백병원,426,148,278,0,85,102,118,82,39,0,21,24,39,43,21,0,64,78,79,39,18
2021,4,D,발달상권,2120081,노원역,1552,508,1044,9,369,295,343,307,229,2,66,87,125,121,107,7,303,208,218,186,122
2021,4,D,발달상권,2120080,마들역,180,46,134,0,30,45,46,36,23,0,2,7,9,13,15,0,28,38,37,23,8
2021,4,D,발달상권,2120079,창동역,1326,796,530,0,151,232,320,304,319,0,54,108,172,195,267,0,97,124,148,109,52
2021,4,D,발달상권,2120078,미아사거리역,145,90,55,0,27,29,29,31,29,0,12,17,21,18,22,0,15,12,8,13,7
2021,4,D,발달상권,2120077,미아역,218,97,121,0,32,37,52,64,33,0,11,8,18,38,22,0,21,29,34,26,11
2021,4,D,발달상권,2120076,수유역,1930,865,1065,7,241,303,422,465,492,4,62,102,176,240,281,3,179,201,246,225,211
2021,4,D,발달상권,2120075,월곡역,369,213,156,1,40,86,97,67,78,0,17,48,54,44,50,1,23,38,43,23,28
2021,4,D,발달상권,2120074,안암역,59,28,31,1,12,16,12,8,10,0,5,9,7,2,5,1,7,7,5,6,5
2021,4,D,발달상권,2120073,미아사거리,353,135,218,3,40,67,95,95,53,2,16,29,45,23,20,1,24,38,50,72,33
2021,4,D,발달상권,2120072,성신여대,1048,537,511,18,137,211,213,271,198,11,46,86,103,152,139,7,91,125,110,119,59
2021,4,D,발달상권,2120071,성북구청,255,127,128,0,36,55,64,62,38,0,14,22,38,31,22,0,22,33,26,31,16
2021,4,D,발달상권,2120070,한성대입구역,466,180,286,2,83,69,78,113,121,2,21,31,37,38,51,0,62,38,41,75,70
2021,4,D,발달상권,2120069,상봉역,932,597,335,6,147,258,263,151,107,4,102,158,163,99,71,2,45,100,100,52,36
2021,4,D,발달상권,2120068,사가정역,145,45,100,3,38,31,25,22,26,0,1,5,12,12,15,3,37,26,13,10,11
2021,4,D,발달상권,2120067,장안동사거리,2587,1169,1418,9,427,578,671,577,325,7,165,280,258,255,204,2,262,298,413,322,121
2021,4,D,발달상권,2120066,장한평역(장한평),7424,4770,2654,43,1531,1839,1491,1235,1285,10,739,1202,991,818,1010,33,792,637,500,417,275
2021,4,D,발달상권,2120065,회기역,326,207,119,3,48,55,89,76,55,1,27,39,49,49,42,2,21,16,40,27,13
2021,4,D,발달상권,2120064,경희대학교(경희대),97,44,53,0,14,27,21,13,22,0,9,13,10,4,8,0,5,14,11,9,14
2021,4,D,발달상권,2120063,청량리역(청량리),1182,514,668,3,225,221,239,246,248,2,66,86,89,116,155,1,159,135,150,130,93
2021,4,D,발달상권,2120062,신설동역,12641,5433,7208,13,1215,2605,3449,3480,1879,2,445,1435,1625,1123,803,11,770,1170,1824,2357,1076
2021,4,D,발달상권,2120061,올림픽대교북단,1094,864,230,1,228,403,324,95,43,0,165,326,290,55,28,1,63,77,34,40,15
2021,4,D,발달상권,2120060,강변역(테크노마트),3189,2348,841,12,402,686,870,703,516,2,209,509,686,549,393,10,193,177,184,154,123
2021,4,D,발달상권,2120059,구삼강변맛길,3279,1781,1498,6,431,676,555,747,864,4,244,472,367,322,372,2,187,204,188,425,492
2021,4,D,발달상권,2120058,구의사거리,688,333,355,2,92,158,174,181,81,1,33,79,80,77,63,1,59,79,94,104,18
2021,4,D,발달상권,2120057,아차산역,2218,1220,998,52,412,432,503,468,351,19,236,257,289,206,213,33,176,175,214,262,138
2021,4,D,발달상권,2120056,구의역,2200,1115,1085,7,350,431,596,491,325,6,119,173,290,313,214,1,231,258,306,178,111
2021,4,D,발달상권,2120055,군자역,4255,2030,2225,33,1138,780,911,991,402,23,548,430,436,330,263,10,590,350,475,661,139
2021,4,D,발달상권,2120054,어린이대공원역,1243,826,417,0,90,153,311,440,249,0,25,88,205,321,187,0,65,65,106,119,62
2021,4,D,발달상권,2120053,건대입구역(건대),859,491,368,5,147,141,172,187,207,2,40,61,95,130,163,3,107,80,77,57,44
2021,4,D,발달상권,2120052,성수역,11387,7284,4103,23,2113,2900,2661,2238,1452,12,1170,1971,1783,1298,1050,11,943,929,878,940,402
2021,4,D,발달상권,2120051,뚝섬역,3944,2582,1362,20,703,946,867,651,757,15,446,646,549,445,481,5,257,300,318,206,276
2021,4,D,발달상권,2120050,서울숲역,212,159,53,0,33,40,60,52,27,0,19,30,47,41,22,0,14,10,13,11,5
2021,4,D,발달상권,2120049,왕십리역(왕십리),1459,1004,455,1,183,301,377,468,129,1,92,187,272,371,81,0,91,114,105,97,48
2021,4,D,발달상권,2120048,금호역,80,31,49,0,16,10,18,24,12,0,2,2,6,13,8,0,14,8,12,11,4
2021,4,D,발달상권,2120047,한남오거리,2290,1458,832,11,366,751,623,343,196,9,152,461,438,249,149,2,214,290,185,94,47
2021,4,D,발달상권,2120046,이태원(이태원역),2276,1295,981,24,817,682,338,220,195,15,389,421,205,134,131,9,428,261,133,86,64
2021,4,D,발달상권,2120045,남영동 먹자골목,4044,1580,2464,7,424,908,1421,1162,122,1,257,576,502,205,39,6,167,332,919,957,83
2021,4,D,발달상권,2120044,삼각지역,1611,1164,447,5,313,408,385,330,170,5,185,303,315,234,122,0,128,105,70,96,48
2021,4,D,발달상권,2120043,서울역,22578,15322,7256,58,4087,7782,5513,3664,1474,27,2087,4897,4201,3033,1077,31,2000,2885,1312,631,397
2021,4,D,발달상권,2120042,"숙대입구역(남영역, 남영동)",4057,2797,1260,20,750,1490,1024,558,215,8,370,894,831,510,184,12,380,596,193,48,31
2021,4,D,발달상권,2120041,신용산역(용산역),16270,5741,10529,72,4012,5520,4509,1569,588,25,1308,1921,1510,595,382,47,2704,3599,2999,974,206
2021,4,D,발달상권,2120040,용산전자상가(용산역),8014,5960,2054,43,1390,2727,2224,1236,394,30,882,2007,1729,997,315,13,508,720,495,239,79
2021,4,D,발달상권,2120039,신당역,2321,1230,1091,31,793,486,404,333,274,11,347,244,225,219,184,20,446,242,179,114,90
2021,4,D,발달상권,2120038,약수역,2289,1360,929,7,436,739,579,320,208,1,189,451,383,195,141,6,247,288,196,125,67
2021,4,D,발달상권,2120037,동대문역사문화공원역,35320,17057,18263,421,11234,9194,6981,5237,2253,180,5605,5543,3901,1328,500,241,5629,3651,3080,3909,1753
2021,4,D,발달상권,2120036,장충동족발거리(남소영길),2289,1090,1199,14,616,783,556,223,97,0,122,393,365,155,55,14,494,390,191,68,42
2021,4,D,발달상권,2120035,퇴계로5가,2257,1368,889,7,650,570,525,321,184,3,282,379,388,200,116,4,368,191,137,121,68
2021,4,D,발달상권,2120034,중구청(퇴계로4가),1538,1044,494,7,107,227,400,437,360,5,47,128,262,325,277,2,60,99,138,112,83
2021,4,D,발달상권,2120033,을지로4가역,874,443,431,7,128,213,194,204,128,1,45,108,99,91,99,6,83,105,95,113,29
2021,4,D,발달상권,2120032,충무로역,11403,5304,6099,36,1756,2560,3266,2711,1074,15,589,1271,1554,1201,674,21,1167,1289,1712,1510,400
2021,4,D,발달상권,2120031,을지로3가역,6147,3450,2697,9,699,1541,1643,1286,969,0,223,730,924,892,681,9,476,811,719,394,288
2021,4,D,발달상권,2120030,중부경찰서(영화인의거리),11889,6798,5091,53,2154,3638,3423,1960,661,16,721,2139,2092,1366,464,37,1433,1499,1331,594,197
2021,4,D,발달상권,2120029,을지로2가,7461,4461,3000,27,1938,2808,1698,798,192,7,787,1650,1165,693,159,20,1151,1158,533,105,33
2021,4,D,발달상권,2120028,명동(명동거리),12797,7708,5089,41,2137,3592,3670,2246,1111,16,1028,1982,2334,1641,707,25,1109,1610,1336,605,404
2021,4,D,발달상권,2120027,명동역(명동재미로),18097,8477,9620,67,2695,5851,6070,3074,340,9,859,2588,2522,2321,178,58,1836,3263,3548,753,162
2021,4,D,발달상권,2120026,을지로입구역,30610,18501,12109,14,4275,11589,8473,5661,598,4,1729,5846,5959,4562,401,10,2546,5743,2514,1099,197
2021,4,D,발달상권,2120025,롯데백화점(시청광장 지하쇼핑센터),22641,6272,16369,229,12750,7002,1623,944,93,71,3075,2028,779,248,71,158,9675,4974,844,696,22
2021,4,D,발달상권,2120024,회현역,2167,1364,803,2,341,795,582,250,197,1,146,473,416,192,136,1,195,322,166,58,61
2021,4,D,발달상권,2120023,서울시청,10242,5534,4708,15,2234,3260,2778,1425,530,4,852,1657,1658,983,380,11,1382,1603,1120,442,150
2021,4,D,발달상권,2120022,북창동(시청역_6번),5197,3160,2037,24,1010,1611,1149,767,636,2,391,936,852,543,436,22,619,675,297,224,200
2021,4,D,발달상권,2120021,시청역_8번,24117,15220,8897,74,4137,8250,7186,3526,944,13,1738,4529,5241,3020,679,61,2399,3721,1945,506,265
2021,4,D,발달상권,2120020,시청역_1번,10375,7489,2886,40,2120,3185,2952,1721,357,21,1118,2220,2480,1370,280,19,1002,965,472,351,77
2021,4,D,발달상권,2120019,경찰청앞교차로,5958,3146,2812,26,1051,2221,1625,793,242,8,274,1044,982,619,219,18,777,1177,643,174,23
2021,4,D,발달상권,2120018,중림동,2187,1366,821,2,393,736,598,293,165,2,207,425,357,237,138,0,186,311,241,56,27
2021,4,D,발달상권,2120017,동묘앞역(동묘),626,149,477,0,62,124,251,120,69,0,7,33,35,27,47,0,55,91,216,93,22
2021,4,D,발달상권,2120016,동대문역,193,120,73,1,10,27,45,44,66,0,6,14,20,31,49,1,4,13,25,13,17
2021,4,D,발달상권,2120015,종로6가,302,153,149,0,49,64,69,65,55,0,17,23,27,42,44,0,32,41,42,23,11
2021,4,D,발달상권,2120014,종로5가역,4887,2839,2048,375,1123,1351,1205,597,236,112,456,860,851,397,163,263,667,491,354,200,73
2021,4,D,발달상권,2120013,이화사거리,7552,5465,2087,8,1309,2510,2065,1290,370,1,628,1731,1677,1167,261,7,681,779,388,123,109
2021,4,D,발달상권,2120012,대학로(혜화역),2061,929,1132,10,357,603,507,318,266,5,105,208,252,171,188,5,252,395,255,147,78
2021,4,D,발달상권,2120011,종로4가,2980,1663,1317,5,420,1022,880,514,139,0,165,497,518,378,105,5,255,525,362,136,34
2021,4,D,발달상권,2120010,원남동사거리,4107,2297,1810,50,1544,1305,655,383,170,2,585,793,487,297,133,48,959,512,168,86,37
2021,4,D,발달상권,2120009,종로3가역,8495,4786,3709,19,1355,2296,2026,1582,1217,8,563,1230,1198,953,834,11,792,1066,828,629,383
2021,4,D,발달상권,2120008,인사동,22070,13019,9051,1263,7895,5069,3940,2756,1147,589,4005,3077,2666,2006,676,674,3890,1992,1274,750,471
2021,4,D,발달상권,2120007,북촌(안국역),10172,8081,2091,7,1112,3577,3084,1913,479,5,623,2851,2568,1659,375,2,489,726,516,254,104
2021,4,D,발달상권,2120006,종각역,33181,16028,17153,59,5900,11133,9928,5489,672,14,2254,4920,4677,3672,491,45,3646,6213,5251,1817,181
2021,4,D,발달상권,2120005,삼청동,3053,2795,258,1,399,712,898,817,226,0,340,633,848,776,198,1,59,79,50,41,28
2021,4,D,발달상권,2120004,종로구청,12937,7078,5859,9,1442,4392,4485,2080,529,4,432,2050,2756,1493,343,5,1010,2342,1729,587,186
2021,4,D,발달상권,2120003,광화문역,44202,27021,17181,79,6413,12958,13138,8070,3544,12,2655,7612,8988,5645,2109,67,3758,5346,4150,2425,1435
2021,4,D,발달상권,2120002,서촌(경복궁역),2008,1079,929,37,492,680,426,224,149,0,190,388,263,133,105,37,302,292,163,91,44
2021,4,D,발달상권,2120001,서대문역,1510,1022,488,1,265,530,359,278,77,1,106,344,272,237,62,0,159,186,87,41,15
2021,4,A,골목상권,2111090,강일동주민센터,91,35,56,0,15,30,23,17,6,0,1,10,10,10,4,0,14,20,13,7,2
2021,4,A,골목상권,2111089,상일여고(상일초등학교),758,508,250,0,51,131,184,236,156,0,32,81,128,155,112,0,19,50,56,81,44
2021,4,A,골목상권,2111088,고덕동성당,123,54,69,0,15,32,32,31,13,0,4,15,10,15,10,0,11,17,22,16,3
2021,4,A,골목상권,2111087,고덕중학교(고덕2동주민센터),197,89,108,0,26,46,62,36,27,0,5,21,26,17,20,0,21,25,36,19,7
2021,4,A,골목상권,2111086,한영중고,297,202,95,1,27,45,73,101,50,1,17,22,52,69,41,0,10,23,21,32,9
2021,4,A,골목상권,2111085,묘곡초등학교(고덕아이파크아파트),800,452,348,0,68,111,152,196,273,0,35,72,80,84,181,0,33,39,72,112,92
2021,4,A,골목상권,2111084,길동신동아아파트,169,104,65,2,27,32,37,58,13,2,21,23,24,25,9,0,6,9,13,33,4
2021,4,A,골목상권,2111083,GS강동자이아파트,411,245,166,0,67,62,70,100,112,0,47,43,41,44,70,0,20,19,29,56,42
2021,4,A,골목상권,2111082,중앙보훈병원,64,44,20,0,3,9,11,23,18,0,1,3,5,18,17,0,2,6,6,5,1
2021,4,A,골목상권,2111081,둔촌푸르지오아파트,78,50,28,0,8,17,18,18,17,0,4,12,13,6,15,0,4,5,5,12,2
2021,4,A,골목상권,2111080,굽은다리역 3번,434,235,199,0,44,77,100,110,103,0,12,52,63,58,50,0,32,25,37,52,53
2021,4,A,골목상권,2111079,둔촌고등학교(둔촌중학교),395,202,193,1,52,59,66,79,138,1,32,35,35,28,71,0,20,24,31,51,67
2021,4,A,골목상권,2111078,굽은다리역 4번,1728,1017,711,1,135,299,374,480,439,1,75,185,212,270,274,0,60,114,162,210,165
2021,4,A,골목상권,2111077,길동주민센터(강동도서관),1272,737,535,4,121,258,294,321,274,1,49,138,167,188,194,3,72,120,127,133,80
2021,4,A,골목상권,2111076,둔촌2동주민센터,297,174,123,0,25,49,61,86,76,0,14,24,34,39,63,0,11,25,27,47,13
2021,4,A,골목상권,2111075,굽은다리역 2번,192,115,77,0,14,42,52,54,30,0,14,28,24,33,16,0,0,14,28,21,14
2021,4,A,골목상권,2111074,명일역 1번,148,77,71,2,31,38,40,16,21,1,9,23,23,10,11,1,22,15,17,6,10
2021,4,A,골목상권,2111073,둔촌동역 1번(한산중학교),973,578,395,1,134,224,250,206,158,1,58,122,160,124,113,0,76,102,90,82,45
2021,4,A,골목상권,2111072,굽은다리역 1번(십자성마을),739,467,272,1,56,119,199,185,179,0,18,70,114,126,139,1,38,49,85,59,40
2021,4,A,골목상권,2111071,천동초등학교,76,52,24,0,4,15,21,25,11,0,4,6,18,16,8,0,0,9,3,9,3
2021,4,A,골목상권,2111070,천호초등학교,127,73,54,1,7,23,40,28,28,0,3,10,23,17,20,1,4,13,17,11,8
2021,4,A,골목상권,2111069,천호1동주민센터,79,54,25,0,8,17,17,26,11,0,4,12,14,14,10,0,4,5,3,12,1
2021,4,A,골목상권,2111068,강동성심병원,1570,605,965,0,532,392,271,203,172,0,126,134,114,101,130,0,406,258,157,102,42
2021,4,A,골목상권,2111067,강동구립성내도서관,746,414,332,2,73,149,192,177,153,1,36,98,107,84,88,1,37,51,85,93,65
2021,4,A,골목상권,2111066,암사동성당(효정하나플러스아파트),395,235,160,3,40,95,100,106,51,0,9,46,65,84,31,3,31,49,35,22,20
2021,4,A,골목상권,2111065,천일초등학교,75,34,41,2,6,20,18,22,7,2,5,10,7,5,5,0,1,10,11,17,2
2021,4,A,골목상권,2111064,둔촌동역 4번,157,98,59,0,13,34,47,40,23,0,3,21,30,28,16,0,10,13,17,12,7
2021,4,A,골목상권,2111063,강동구립 천호도서관,368,182,186,0,25,44,81,85,133,0,5,15,21,30,111,0,20,29,60,55,22
2021,4,A,골목상권,2111062,둔촌동역 3번(성내3동주민센터),751,501,250,5,134,198,194,144,76,5,81,139,126,91,59,0,53,59,68,53,17
2021,4,A,골목상권,2111061,암사역 1번,831,551,280,0,149,186,182,170,144,0,82,128,126,125,90,0,67,58,56,45,54
2021,4,A,골목상권,2111060,암사역 2번(서울강동초등학교),871,457,414,1,101,210,241,202,116,1,41,96,131,107,81,0,60,114,110,95,35
2021,4,A,골목상권,2111059,강동역 4번(강풀만화거리),819,430,389,3,90,160,193,170,203,1,48,75,93,94,119,2,42,85,100,76,84
2021,4,A,골목상권,2111058,성내중학교,451,317,134,0,51,92,129,121,58,0,37,63,90,82,45,0,14,29,39,39,13
2021,4,A,골목상권,2111057,천호공원(해공체육문화센터),255,113,142,2,53,50,64,61,25,2,15,19,30,33,14,0,38,31,34,28,11
2021,4,A,골목상권,2111056,천호태영아파트,191,53,138,0,27,35,64,36,29,0,4,5,19,15,10,0,23,30,45,21,19
2021,4,A,골목상권,2111055,선사초등학교,673,29,644,0,14,28,137,373,121,0,4,7,8,6,4,0,10,21,129,367,117
2021,4,A,골목상권,2111054,암사역 4번(삼성광나루아파트),104,42,62,0,14,18,19,12,41,0,4,12,7,5,14,0,10,6,12,7,27
2021,4,A,골목상권,2111053,성내천어린이공원(하니사랑길),6288,4564,1724,6,799,940,1025,1564,1954,3,542,693,750,1053,1523,3,257,247,275,511,431
2021,4,A,골목상권,2111052,암사역 3번(천호동자전거거리),357,228,129,1,26,71,117,94,48,1,11,47,76,58,35,0,15,24,41,36,13
2021,4,A,골목상권,2111051,천호역 6번,407,252,155,2,65,80,90,88,82,1,44,56,58,47,46,1,21,24,32,41,36
2021,4,A,골목상권,2111050,강동구청(강동구청역 2번),131,96,35,0,21,14,21,32,43,0,12,5,12,27,40,0,9,9,9,5,3
2021,4,A,골목상권,2111049,천호지구대(천호동자전거거리),507,277,230,2,75,90,96,118,126,0,36,50,40,68,83,2,39,40,56,50,43
2021,4,A,골목상권,2111048,천호역 1번(천호문구완구거리),189,104,85,3,18,52,45,45,26,2,10,24,26,25,17,1,8,28,19,20,9
2021,4,A,골목상권,2111047,마천1치안센터,111,73,38,0,9,17,34,34,17,0,6,14,19,22,12,0,3,3,15,12,5
2021,4,A,골목상권,2111046,마천역(마천초등학교),705,400,305,2,76,145,170,193,119,1,47,85,83,94,90,1,29,60,87,99,29
2021,4,A,골목상권,2111045,개미어린이공원,36,18,18,0,2,7,12,12,3,0,1,1,7,7,2,0,1,6,5,5,1
2021,4,A,골목상권,2111044,남천초등학교,557,264,293,1,95,146,167,113,35,0,35,71,76,56,26,1,60,75,91,57,9
2021,4,A,골목상권,2111043,마천공원,32,13,19,0,1,3,7,12,9,0,0,0,1,6,6,0,1,3,6,6,3
2021,4,A,골목상권,2111042,거여역 1번(거여공원),867,597,270,3,147,186,247,200,84,3,121,134,159,130,50,0,26,52,88,70,34
2021,4,A,골목상권,2111041,거여역 8번,428,350,78,1,102,124,87,64,50,1,84,98,72,51,44,0,18,26,15,13,6
2021,4,A,골목상권,2111040,거여초등학교,346,137,209,0,26,86,124,77,33,0,9,27,48,30,23,0,17,59,76,47,10
2021,4,A,골목상권,2111039,벌말어린이공원,485,353,132,8,85,125,121,94,52,8,51,89,88,72,45,0,34,36,33,22,7
2021,4,A,골목상권,2111038,보인중학교,416,270,146,0,26,66,113,123,88,0,11,38,85,88,48,0,15,28,28,35,40
2021,4,A,골목상권,2111037,Sh수협은행 오금동금융센터(아랫말어린이공원),373,243,130,0,37,103,90,93,50,0,25,84,60,43,31,0,12,19,30,50,19
2021,4,A,골목상권,2111036,투구봉어린이공원,209,119,90,1,22,40,55,62,29,1,7,20,26,39,26,0,15,20,29,23,3
2021,4,A,골목상권,2111035,오금공원(오주중학교),531,398,133,0,41,90,148,148,104,0,32,66,121,102,77,0,9,24,27,46,27
2021,4,A,골목상권,2111034,오동나무공원(송파레미니스1단지),1443,1020,423,3,244,367,352,318,159,3,155,253,264,223,122,0,89,114,88,95,37
2021,4,A,골목상권,2111033,문정동성당,70,30,40,0,5,4,16,16,29,0,2,3,8,9,8,0,3,1,8,7,21
2021,4,A,골목상권,2111032,방이역 1번,3885,2552,1333,4,235,340,605,719,1982,3,139,237,411,469,1293,1,96,103,194,250,689
2021,4,A,골목상권,2111031,장지동주민센터(한림연예예술고교),3127,2317,810,8,263,415,651,857,933,2,170,330,497,648,670,6,93,85,154,209,263
2021,4,A,골목상권,2111030,방이역 2번,665,419,246,1,57,107,147,217,136,0,28,68,94,128,101,1,29,39,53,89,35
2021,4,A,골목상권,2111029,오금역 4번,427,314,113,3,71,108,91,79,75,1,51,81,67,55,59,2,20,27,24,24,16
2021,4,A,골목상권,2111028,문현중학교(장지역 1번),424,194,230,0,54,66,132,116,56,0,29,36,49,50,30,0,25,30,83,66,26
2021,4,A,골목상권,2111027,문정초등학교,1403,775,628,3,148,289,326,247,390,1,67,160,211,126,210,2,81,129,115,121,180
2021,4,A,골목상권,2111026,문정역 2번,2304,1506,798,7,431,634,546,428,258,3,236,427,385,239,216,4,195,207,161,189,42
2021,4,A,골목상권,2111025,경찰병원역 3번,686,412,274,1,84,164,149,157,131,0,45,102,103,88,74,1,39,62,46,69,57
2021,4,A,골목상권,2111024,경찰병원역 4번(건너말공원),240,150,90,0,27,53,63,68,29,0,16,33,45,35,21,0,11,20,18,33,8
2021,4,A,골목상권,2111023,문정역 1번,939,576,363,2,133,202,263,204,135,0,86,139,184,100,67,2,47,63,79,104,68
2021,4,A,골목상권,2111022,석촌중학교(방이육교),567,255,312,1,48,105,141,206,66,0,28,66,72,57,32,1,20,39,69,149,34
2021,4,A,골목상권,2111021,방이역 4번,7674,5867,1807,22,792,1328,1977,2139,1416,15,392,911,1551,1769,1229,7,400,417,426,370,187
2021,4,A,골목상권,2111020,방이동고분군(방산고등학교),304,225,79,1,20,103,84,54,42,0,7,73,64,48,33,1,13,30,20,6,9
2021,4,A,골목상권,2111019,한성백제역 3번,1524,1000,524,2,207,448,428,254,185,2,103,303,300,164,128,0,104,145,128,90,57
2021,4,A,골목상권,2111018,풍납초등학교(풍납백제문화공원),26,23,3,0,1,5,10,6,4,0,1,4,8,6,4,0,0,1,2,0,0
2021,4,A,골목상권,2111017,송파나루역 3번,688,480,208,5,317,167,84,70,45,4,217,116,53,50,40,1,100,51,31,20,5
2021,4,A,골목상권,2111016,송파역 2번,3803,1601,2202,15,1126,1104,801,601,156,8,407,533,427,165,61,7,719,571,374,436,95
2021,4,A,골목상권,2111015,석촌역 3번,1352,778,574,1,151,315,350,351,184,1,72,199,216,181,109,0,79,116,134,170,75
2021,4,A,골목상권,2111014,송파나루역 2번,525,275,250,1,43,76,121,190,94,0,21,42,69,83,60,1,22,34,52,107,34
2021,4,A,골목상권,2111013,송파나루역 1번(송리단길),2234,1456,778,8,320,568,650,435,253,3,160,384,445,290,174,5,160,184,205,145,79
2021,4,A,골목상권,2111012,석촌역 6번,732,332,400,2,91,127,180,183,149,2,23,56,83,93,75,0,68,71,97,90,74
2021,4,A,골목상권,2111011,잠실나루역,9608,7747,1861,42,1275,3018,2795,2046,432,18,924,2492,2309,1674,330,24,351,526,486,372,102
2021,4,A,골목상권,2111010,석촌역 7번,1428,975,453,3,162,289,351,325,298,1,88,176,244,224,242,2,74,113,107,101,56
2021,4,A,골목상권,2111009,송파책박물관,127,92,35,1,13,38,27,22,26,0,11,32,17,14,18,1,2,6,10,8,8
2021,4,A,골목상권,2111008,석촌고분역 3번,1600,1210,390,1,185,292,294,400,428,1,151,243,216,259,340,0,34,49,78,141,88
2021,4,A,골목상권,2111007,석촌고분역 4번,936,480,456,0,107,215,255,242,117,0,43,116,142,109,70,0,64,99,113,133,47
2021,4,A,골목상권,2111006,석촌고분역 1번,1112,721,391,0,127,292,337,203,153,0,56,169,242,135,119,0,71,123,95,68,34
2021,4,A,골목상권,2111005,삼전역 3번,1865,1358,507,0,320,617,459,302,167,0,215,449,339,222,133,0,105,168,120,80,34
2021,4,A,골목상권,2111004,삼전역 1번,2036,1331,705,13,263,407,504,376,473,0,108,261,337,239,386,13,155,146,167,137,87
2021,4,A,골목상권,2111003,삼전역 4번,1991,1333,658,6,249,412,547,436,341,1,160,278,331,307,256,5,89,134,216,129,85
2021,4,A,골목상권,2111002,한국교통안전공단 강남자동차검사소,317,115,202,0,22,63,65,96,71,0,7,31,21,26,30,0,15,32,44,70,41
2021,4,A,골목상권,2111001,아래방죽마을공원(율현초등학교),70,44,26,0,2,10,16,22,20,0,1,7,13,13,10,0,1,3,3,9,10
2021,4,A,골목상권,2111000,대왕초등학교(세곡동사거리서남측),39,20,19,0,7,10,12,8,2,0,0,4,10,4,2,0,7,6,2,4,0
2021,4,A,골목상권,2110999,윗방죽마을공원,268,130,138,2,19,43,44,83,77,1,12,27,27,39,24,1,7,16,17,44,53
2021,4,A,골목상권,2110998,은곡마을(은곡마을공원),23,15,8,0,2,8,6,5,2,0,0,4,5,5,1,0,2,4,1,0,1
2021,4,A,골목상권,2110997,대청초등학교,1724,959,765,4,230,291,391,383,425,2,111,162,200,210,274,2,119,129,191,173,151
2021,4,A,골목상권,2110996,대치2동주민센터,1959,1227,732,2,83,278,351,342,903,0,48,209,277,247,446,2,35,69,74,95,457
2021,4,A,골목상권,2110995,봉은사역 4번,5085,3711,1374,9,978,2002,1271,637,188,2,575,1477,990,523,144,7,403,525,281,114,44
2021,4,A,골목상권,2110994,개포고등학교,494,382,112,7,65,161,123,110,28,4,47,134,103,73,21,3,18,27,20,37,7
2021,4,A,골목상권,2110993,개포지하차도 북측,70,53,17,0,3,9,19,23,16,0,2,7,16,18,10,0,1,2,3,5,6
2021,4,A,골목상권,2110992,도곡초등학교,2179,1144,1035,3,269,440,484,524,459,1,108,253,258,260,264,2,161,187,226,264,195
2021,4,A,골목상권,2110991,삼성중앙역 5번,1246,794,452,1,111,415,339,275,105,1,28,243,229,216,77,0,83,172,110,59,28
2021,4,A,골목상권,2110990,청담역 12번,262,109,153,2,61,92,56,36,15,0,12,32,29,23,13,2,49,60,27,13,2
2021,4,A,골목상권,2110989,대치동아우편취급국,444,270,174,9,90,148,75,68,54,0,43,102,43,44,38,9,47,46,32,24,16
2021,4,A,골목상권,2110988,청담역 3번,1594,1016,578,1,243,425,364,346,215,1,82,247,247,262,177,0,161,178,117,84,38
2021,4,A,골목상권,2110987,영동대교남단,473,237,236,2,91,86,93,107,94,1,46,51,44,40,55,1,45,35,49,67,39
2021,4,A,골목상권,2110986,삼성중앙역 7번,90,59,31,0,9,18,36,19,8,0,3,6,29,15,6,0,6,12,7,4,2
2021,4,A,골목상권,2110985,청담근린공원,1338,948,390,0,193,447,374,226,98,0,98,346,275,157,72,0,95,101,99,69,26
2021,4,A,골목상권,2110984,포이초등학교(개포목련어린이공원),1556,1046,510,2,236,342,331,306,339,0,140,241,211,199,255,2,96,101,120,107,84
2021,4,A,골목상권,2110983,국립국악고등학교,783,534,249,6,126,212,125,145,169,2,44,137,94,111,146,4,82,75,31,34,23
2021,4,A,골목상권,2110982,강남구보훈회관,166,74,92,0,31,34,41,41,19,0,7,13,25,14,15,0,24,21,16,27,4
2021,4,A,골목상권,2110981,국악고교사거리,361,216,145,2,57,77,110,81,34,0,27,36,72,56,25,2,30,41,38,25,9
2021,4,A,골목상권,2110980,개포지구대옆,663,482,181,0,90,198,202,111,62,0,45,142,168,72,55,0,45,56,34,39,7
2021,4,A,골목상권,2110979,청담초등학교,2996,1912,1084,4,522,922,768,567,213,4,228,628,535,343,174,0,294,294,233,224,39
2021,4,A,골목상권,2110978,도곡2동주민센터(대치중학교),331,186,145,0,46,70,72,114,29,0,20,41,47,62,16,0,26,29,25,52,13
2021,4,A,골목상권,2110977,논현로18길,148,102,46,0,22,32,45,29,20,0,14,20,33,20,15,0,8,12,12,9,5
2021,4,A,골목상권,2110976,언북초등학교,578,332,246,1,111,188,126,86,66,0,41,115,83,49,44,1,70,73,43,37,22
2021,4,A,골목상권,2110975,매봉역 1번,10837,6932,3905,34,2175,2199,3202,3019,208,21,1010,1161,2184,2402,154,13,1165,1038,1018,617,54
2021,4,A,골목상권,2110974,언주중학교,292,179,113,3,60,72,89,44,24,3,27,43,62,28,16,0,33,29,27,16,8
2021,4,A,골목상권,2110973,강남구청역 4번,1451,786,665,4,275,333,289,271,279,1,146,203,162,130,144,3,129,130,127,141,135
2021,4,A,골목상권,2110972,강남세브란스병원미래의학연구센터,2628,1440,1188,17,539,669,692,581,130,4,240,428,438,258,72,13,299,241,254,323,58
2021,4,A,골목상권,2110971,선정릉역 4번,1542,900,642,11,278,455,380,254,164,6,140,270,245,120,119,5,138,185,135,134,45
2021,4,A,골목상권,2110970,학동초등학교,378,236,142,1,66,98,102,65,46,0,27,49,66,57,37,1,39,49,36,8,9
2021,4,A,골목상권,2110969,베르사이유1아파트,1546,1230,316,4,231,442,483,285,101,2,165,345,402,239,77,2,66,97,81,46,24
2021,4,A,골목상권,2110968,강남구청역 2번,1023,596,427,7,327,204,133,121,231,4,177,117,81,68,149,3,150,87,52,53,82
2021,4,A,골목상권,2110967,역삼역 8번,377,228,149,0,63,92,89,92,41,0,31,51,60,56,30,0,32,41,29,36,11
2021,4,A,골목상권,2110966,논현2동주민센터,1637,1017,620,18,470,498,300,218,133,7,256,298,200,147,109,11,214,200,100,71,24
2021,4,A,골목상권,2110965,언주역 6번,1139,788,351,1,174,379,378,142,65,1,104,276,284,74,49,0,70,103,94,68,16
2021,4,A,골목상권,2110964,싸리고개근린공원,217,124,93,0,29,60,59,34,35,0,8,32,36,23,25,0,21,28,23,11,10
2021,4,A,골목상권,2110963,역삼월드메르디앙아파트,780,547,233,1,126,185,226,154,88,0,79,146,171,97,54,1,47,39,55,57,34
2021,4,A,골목상권,2110962,도산공원북측,557,487,70,1,66,80,242,144,24,0,45,70,226,130,16,1,21,10,16,14,8
2021,4,A,골목상권,2110961,언주역 3번,962,673,289,5,172,286,248,140,111,3,97,184,187,112,90,2,75,102,61,28,21
2021,4,A,골목상권,2110960,은광여고,1522,692,830,5,207,255,373,502,180,4,55,110,190,212,121,1,152,145,183,290,59
2021,4,A,골목상권,2110959,신구중학교,271,140,131,0,14,66,82,79,30,0,7,36,49,29,19,0,7,30,33,50,11
2021,4,A,골목상권,2110958,역삼역 4번,994,759,235,1,96,197,300,295,105,1,46,133,254,240,85,0,50,64,46,55,20
2021,4,A,골목상권,2110957,언북중학교,1251,831,420,1,262,379,317,147,145,1,146,241,215,109,119,0,116,138,102,38,26
2021,4,A,골목상권,2110956,언주역 8번,1199,758,441,4,361,471,199,87,77,2,158,307,163,70,58,2,203,164,36,17,19
2021,4,A,골목상권,2110955,논현초등학교,3430,2238,1192,19,719,823,793,625,451,13,417,568,554,389,297,6,302,255,239,236,154
2021,4,A,골목상권,2110954,국기원,636,445,191,0,89,142,187,94,124,0,35,97,161,74,78,0,54,45,26,20,46
2021,4,A,골목상권,2110953,학동근린공원,2487,1583,904,15,679,891,571,218,113,0,336,572,409,180,86,15,343,319,162,38,27
2021,4,A,골목상권,2110952,논현목련공원,117,65,52,0,21,23,27,22,24,0,9,13,13,14,16,0,12,10,14,8,8
2021,4,A,골목상권,2110951,신사은행나무공원,273,75,198,0,35,83,96,51,8,0,6,24,27,15,3,0,29,59,69,36,5
2021,4,A,골목상권,2110950,논현역 7번,2981,1929,1052,1,829,1305,518,230,98,0,418,886,383,173,69,1,411,419,135,57,29
2021,4,A,골목상권,2110949,한남IC,1683,1193,490,5,288,565,435,305,85,2,112,398,347,261,73,3,176,167,88,44,12
2021,4,A,골목상권,2110947,청계산입구역 2번(내곡동주민센터),121,48,73,0,19,18,29,21,34,0,9,9,15,7,8,0,10,9,14,14,26
2021,4,A,골목상권,2110946,청계산원터골,48,24,24,0,2,6,8,16,16,0,2,3,6,3,10,0,0,3,2,13,6
2021,4,A,골목상권,2110945,본마을노인복지센터(서초구립내곡도서관),191,114,77,3,44,57,37,33,17,3,14,31,25,28,13,0,30,26,12,5,4
2021,4,A,골목상권,2110944,서울나래학교(염곡어린이공원),1053,735,318,10,133,246,201,217,246,8,98,194,153,139,143,2,35,52,48,78,103
2021,4,A,골목상권,2110943,법제교육센터(버들어린이공원),1122,578,544,1,67,165,357,323,209,1,36,99,151,140,151,0,31,66,206,183,58
2021,4,A,골목상권,2110942,염곡동 구룡사(포이동성당),3242,1952,1290,7,578,932,791,613,321,3,328,587,461,351,222,4,250,345,330,262,99
2021,4,A,골목상권,2110941,언남고등학교,261,158,103,0,33,46,89,58,35,0,14,26,51,40,27,0,19,20,38,18,8
2021,4,A,골목상권,2110940,양재근린공원(양재2동주민센터),1043,755,288,9,186,346,264,145,93,8,116,256,200,103,72,1,70,90,64,42,21
2021,4,A,골목상권,2110939,양재역 8번(양재동우체국),5945,4103,1842,23,971,1415,1465,1168,903,15,500,989,1056,798,745,8,471,426,409,370,158
2021,4,A,골목상권,2110938,바우뫼공원,1784,1137,647,1,294,551,489,326,123,0,172,392,303,169,101,1,122,159,186,157,22
2021,4,A,골목상권,2110937,방아다리근린공원(횃불트리니티신학대학원대학교),2465,1270,1195,7,634,861,542,318,103,6,246,507,335,113,63,1,388,354,207,205,40
2021,4,A,골목상권,2110936,더케이호텔(양재리본타워2단지아파트),832,552,280,3,109,260,215,175,70,0,53,154,159,131,55,3,56,106,56,44,15
2021,4,A,골목상권,2110935,한전아트센터,379,264,115,2,53,108,105,72,39,2,33,82,75,46,26,0,20,26,30,26,13
2021,4,A,골목상권,2110934,우면주공아파트,998,677,321,6,198,291,253,164,86,5,83,217,195,113,64,1,115,74,58,51,22
2021,4,A,골목상권,2110933,한국상담대학원대학교,679,60,619,0,344,156,86,63,30,0,10,15,15,5,15,0,334,141,71,58,15
2021,4,A,골목상권,2110932,서울시인재개발원,532,384,148,2,128,170,127,64,41,2,76,116,100,54,36,0,52,54,27,10,5
2021,4,A,골목상권,2110931,삼성전자서울R&D(서울우면초등학교),100,51,49,0,37,31,18,7,7,0,12,16,10,7,6,0,25,15,8,0,1
2021,4,A,골목상권,2110930,서초동성당,2178,1774,404,8,284,588,694,433,171,2,190,448,591,393,150,6,94,140,103,40,21
2021,4,A,골목상권,2110929,남부터미널역 1번,21130,10703,10427,21,4446,4558,3912,7143,1050,4,1209,1890,1718,5123,759,17,3237,2668,2194,2020,291
2021,4,A,골목상권,2110928,서초우방유쉘아파트,596,491,105,1,57,109,125,205,99,1,29,76,109,190,86,0,28,33,16,15,13
2021,4,A,골목상권,2110927,잠원역,745,553,192,2,93,342,198,98,12,2,82,218,159,81,11,0,11,124,39,17,1
2021,4,A,골목상권,2110926,신중초등학교,1610,1175,435,6,193,359,463,382,207,3,114,263,355,292,148,3,79,96,108,90,59
2021,4,A,골목상권,2110925,서초중학교,873,496,377,0,104,137,244,222,166,0,38,65,146,132,115,0,66,72,98,90,51
2021,4,A,골목상권,2110924,반포4동주민센터(몽마르뜨공원),1330,886,444,5,203,305,407,298,112,1,85,181,300,236,83,4,118,124,107,62,29
2021,4,A,골목상권,2110923,방배역 1번,210,153,57,0,34,56,55,41,24,0,21,38,42,34,18,0,13,18,13,7,6
2021,4,A,골목상권,2110922,내방역 1번,224,114,110,1,42,48,47,43,43,0,13,23,27,23,28,1,29,25,20,20,15
2021,4,A,골목상권,2110921,서울프랑스학교,522,321,201,7,63,71,118,142,121,2,30,43,82,90,74,5,33,28,36,52,47
2021,4,A,골목상권,2110920,방배역 2번(백석예술대학교),359,205,154,0,23,53,125,118,40,0,5,29,65,75,31,0,18,24,60,43,9
2021,4,A,골목상권,2110919,내방역 8번,1539,1126,413,3,142,311,413,419,251,1,60,179,331,354,201,2,82,132,82,65,50
2021,4,A,골목상권,2110918,방배역 3번,682,438,244,3,98,127,164,142,148,2,59,85,108,86,98,1,39,42,56,56,50
2021,4,A,골목상권,2110917,서초소방서,1505,939,566,6,157,432,402,355,153,2,72,281,295,181,108,4,85,151,107,174,45
2021,4,A,골목상권,2110916,내방역 4번,1152,592,560,9,216,272,301,208,146,6,58,167,187,91,83,3,158,105,114,117,63
2021,4,A,골목상권,2110915,서래초등학교,2807,2202,605,14,421,877,1027,379,89,11,280,648,849,336,78,3,141,229,178,43,11
2021,4,A,골목상권,2110914,내방역 6번,146,116,30,0,26,31,37,26,26,0,17,26,26,24,23,0,9,5,11,2,3
2021,4,A,골목상권,2110913,방현초등학교(방배119안전센터),3305,2117,1188,7,572,1265,879,376,206,4,272,824,627,237,153,3,300,441,252,139,53
2021,4,A,골목상권,2110912,방배동사이길,210,128,82,3,33,45,53,42,34,2,16,27,39,21,23,1,17,18,14,21,11
2021,4,A,골목상권,2110911,방배배수지체육공원,29,22,7,0,6,3,7,5,8,0,6,2,4,4,6,0,0,1,3,1,2
2021,4,A,골목상권,2110910,내방역 5번,614,240,374,5,72,124,157,176,80,3,30,69,52,49,37,2,42,55,105,127,43
2021,4,A,골목상권,2110909,남태령역(서울전자고등학교),132,97,35,1,11,29,23,34,34,1,4,19,16,29,28,0,7,10,7,5,6
2021,4,A,골목상권,2110908,구반포역,1525,377,1148,0,66,111,397,806,145,0,42,54,71,141,69,0,24,57,326,665,76
2021,4,A,골목상권,2110907,방배초등학교,878,506,372,8,144,197,239,157,133,5,66,109,122,99,105,3,78,88,117,58,28
2021,4,A,골목상권,2110906,서문여고,683,362,321,2,217,106,119,106,133,0,59,58,72,62,111,2,158,48,47,44,22
2021,4,A,골목상권,2110905,방배노인종합복지관(이수중학교),287,176,111,1,36,71,71,63,45,0,18,38,45,41,34,1,18,33,26,22,11
2021,4,A,골목상권,2110904,이수역 5번,835,468,367,4,167,217,239,139,69,1,90,125,135,59,58,3,77,92,104,80,11
2021,4,A,골목상권,2110903,방배아이파크아파트,7222,2653,4569,7,1242,1778,2487,1322,386,1,333,597,951,599,172,6,909,1181,1536,723,214
2021,4,A,골목상권,2110902,사당역 4번,1201,739,462,1,193,270,296,250,191,0,84,171,204,158,122,1,109,99,92,92,69
2021,4,A,골목상권,2110901,인헌고등학교(인헌중학교),262,154,108,3,44,64,75,55,21,3,23,40,40,32,16,0,21,24,35,23,5
2021,4,A,골목상권,2110900,낙성대역 1번(관악구민 종합체육센터),457,257,200,1,95,125,123,89,24,1,49,65,69,54,19,0,46,60,54,35,5
2021,4,A,골목상권,2110899,낙성대역 5번(관악중학교),690,448,242,0,167,185,166,123,49,0,107,135,96,71,39,0,60,50,70,52,10
2021,4,A,골목상권,2110898,청림동주민센터(상도중학교),66,27,39,0,16,14,14,16,6,0,5,3,8,7,4,0,11,11,6,9,2
2021,4,A,골목상권,2110897,서울대입구역 8번,219,139,80,0,16,45,69,64,25,0,7,24,40,44,24,0,9,21,29,20,1
2021,4,A,골목상권,2110896,관악우성아파트,202,49,153,0,41,37,44,47,33,0,5,7,11,13,13,0,36,30,33,34,20
2021,4,A,골목상권,2110895,샤로수길,1796,1222,574,3,307,721,360,233,172,2,170,534,234,152,130,1,137,187,126,81,42
2021,4,A,골목상권,2110894,관악동부센트레빌아파트(은천로35라길),20,8,12,0,2,4,3,6,5,0,0,2,1,2,3,0,2,2,2,4,2
2021,4,A,골목상권,2110893,관악소방서(문영여고),353,303,50,0,39,110,66,113,25,0,29,96,57,99,22,0,10,14,9,14,3
2021,4,A,골목상권,2110892,관악구 중앙길,709,341,368,0,69,110,159,221,150,0,25,55,76,105,80,0,44,55,83,116,70
2021,4,A,골목상권,2110891,구암초등학교,47,22,25,0,5,1,22,16,3,0,1,0,11,8,2,0,4,1,11,8,1
2021,4,A,골목상권,2110890,봉천역 1번(관악초등학교),261,152,109,1,22,44,95,70,29,0,4,22,59,46,21,1,18,22,36,24,8
2021,4,A,골목상권,2110889,봉천역 6번,376,317,59,0,29,36,69,136,106,0,18,20,47,130,102,0,11,16,22,6,4
2021,4,A,골목상권,2110888,청룡동주민센터,94,53,41,0,5,9,11,22,47,0,3,2,4,6,38,0,2,7,7,16,9
2021,4,A,골목상권,2110887,서울산업정보학교(서울삼성초등학교),19,11,8,0,1,4,7,6,1,0,0,0,4,6,1,0,1,4,3,0,0
2021,4,A,골목상권,2110886,관악해태어린이공원,188,103,85,1,38,50,41,36,22,1,18,28,21,23,12,0,20,22,20,13,10
2021,4,A,골목상권,2110885,영락고등학교,340,214,126,0,37,58,94,89,62,0,18,33,61,57,45,0,19,25,33,32,17
2021,4,A,골목상권,2110884,봉천역 4번(봉천110안전센터),372,284,88,1,17,30,61,98,165,0,1,8,49,84,142,1,16,22,12,14,23
2021,4,A,골목상권,2110883,은천초등학교(은천교앞),212,126,86,2,21,44,71,49,25,1,12,25,43,29,16,1,9,19,28,20,9
2021,4,A,골목상권,2110882,신성초등학교,733,444,289,1,95,131,215,168,123,0,52,67,122,109,94,1,43,64,93,59,29
2021,4,A,골목상권,2110881,구립대학경로당(관악산샘말공원),1601,1304,297,1,317,452,460,271,100,1,225,376,399,232,71,0,92,76,61,39,29
2021,4,A,골목상권,2110880,신림역 1번,995,275,720,0,379,296,157,128,35,0,78,87,66,33,11,0,301,209,91,95,24
2021,4,A,골목상권,2110879,신림현대아파트,17,7,10,0,2,3,5,5,2,0,1,2,2,2,0,0,1,1,3,3,2
2021,4,A,골목상권,2110878,미림여고,368,218,150,3,43,114,101,78,29,0,19,63,68,43,25,3,24,51,33,35,4
2021,4,A,골목상권,2110877,신림역 8번,319,154,165,2,23,63,86,80,65,0,10,30,36,39,39,2,13,33,50,41,26
2021,4,A,골목상권,2110876,서원동주민센터(신관중학교),49,29,20,0,5,9,16,9,10,0,2,4,10,4,9,0,3,5,6,5,1
2021,4,A,골목상권,2110875,보라매동주민센터(당곡고등학교),16,13,3,0,3,2,5,4,2,0,2,2,3,4,2,0,1,0,2,0,0
2021,4,A,골목상권,2110874,원신초등학교(구세군관악영문교회),46,15,31,1,4,19,7,12,3,1,1,3,3,6,1,0,3,16,4,6,2
2021,4,A,골목상권,2110873,당곡중학교,343,166,177,0,68,79,86,74,36,0,29,39,39,36,23,0,39,40,47,38,13
2021,4,A,골목상권,2110872,신림초등학교,277,195,82,3,54,68,69,53,30,3,36,54,54,41,7,0,18,14,15,12,23
2021,4,A,골목상권,2110871,신원동주민센터,159,101,58,1,12,40,45,37,24,0,8,25,27,25,16,1,4,15,18,12,8
2021,4,A,골목상권,2110869,"신림역 5번(신림동주민센터, 신림동별빛거리)",1026,681,345,1,79,136,248,233,329,1,36,73,143,155,273,0,43,63,105,78,56
2021,4,A,골목상권,2110868,남부초등학교,232,126,106,0,20,29,45,49,89,0,11,23,22,28,42,0,9,6,23,21,47
2021,4,A,골목상권,2110867,국제신학대학원대학교(남서울중학교),202,117,85,0,8,34,39,53,68,0,2,15,21,32,47,0,6,19,18,21,21
2021,4,A,골목상권,2110866,난우중학교,171,91,80,0,20,36,34,62,19,0,14,20,12,29,16,0,6,16,22,33,3
2021,4,A,골목상권,2110865,남강고등학교(남강중학교),336,143,193,4,66,72,69,85,40,2,16,34,28,34,29,2,50,38,41,51,11
2021,4,A,골목상권,2110864,신림우방아파트,236,161,75,0,31,48,53,60,44,0,21,31,37,43,29,0,10,17,16,17,15
2021,4,A,골목상권,2110863,난우초등학교,319,179,140,6,40,61,63,79,70,5,23,30,38,36,47,1,17,31,25,43,23
2021,4,A,골목상권,2110862,난곡초등학교(난곡동벽화마을),84,41,43,0,4,13,14,34,19,0,2,6,11,15,7,0,2,7,3,19,12
2021,4,A,골목상권,2110861,관악구신사동주민센터,1182,608,574,1,215,377,263,209,117,1,71,194,161,105,76,0,144,183,102,104,41
2021,4,A,골목상권,2110860,호림박물관(성보고등학교),410,314,96,1,57,102,66,110,74,1,44,84,47,78,60,0,13,18,19,32,14
2021,4,A,골목상권,2110859,난향초등학교,182,113,69,0,11,32,42,52,45,0,0,21,27,30,35,0,11,11,15,22,10
2021,4,A,골목상권,2110858,신대방역 1번,66,33,33,0,5,9,17,7,28,0,0,1,6,2,24,0,5,8,11,5,4
2021,4,A,골목상권,2110857,미성동주민센터,431,229,202,9,60,64,70,108,120,9,34,48,41,46,51,0,26,16,29,62,69
2021,4,A,골목상권,2110856,미성초등학교,538,295,243,3,58,85,170,150,72,1,28,44,99,71,52,2,30,41,71,79,20
2021,4,A,골목상권,2110855,신대방역 2번,429,275,154,2,53,111,126,90,47,0,22,81,83,55,34,2,31,30,43,35,13
2021,4,A,골목상권,2110854,조원동주민센터,55,39,16,0,4,5,17,21,8,0,3,5,9,15,7,0,1,0,8,6,1
2021,4,A,골목상권,2110853,KT구로지사,213,127,86,0,21,47,65,50,30,0,9,26,44,27,21,0,12,21,21,23,9
2021,4,A,골목상권,2110852,이수역 9번,198,121,77,0,26,35,54,38,45,0,12,20,30,23,36,0,14,15,24,15,9
2021,4,A,골목상권,2110851,경문고등학교(동작동성당),485,233,252,0,79,136,140,102,28,0,32,53,66,66,16,0,47,83,74,36,12
2021,4,A,골목상권,2110850,사당역 10번,969,487,482,4,217,207,185,162,194,1,54,88,92,95,157,3,163,119,93,67,37
2021,4,A,골목상권,2110849,이수역 10번,220,130,90,1,37,52,58,40,32,0,12,33,34,25,26,1,25,19,24,15,6
2021,4,A,골목상권,2110848,양지어린이공원,486,307,179,0,36,68,152,132,98,0,6,39,85,93,84,0,30,29,67,39,14
2021,4,A,골목상권,2110847,예술인마을,460,225,235,3,53,139,142,78,45,3,13,62,76,38,33,0,40,77,66,40,12
2021,4,A,골목상권,2110846,남성역 1번,535,290,245,1,66,120,146,135,67,0,25,59,78,74,54,1,41,61,68,61,13
2021,4,A,골목상권,2110845,사당종합체육관,119,51,68,0,9,17,39,36,18,0,5,8,19,9,10,0,4,9,20,27,8
2021,4,A,골목상권,2110844,흑석2치안센터,7,5,2,0,2,1,1,0,3,0,1,1,1,0,2,0,1,0,0,0,1
2021,4,A,골목상권,2110843,사당5동주민센터,181,135,46,1,22,25,55,52,26,0,16,17,34,44,24,1,6,8,21,8,2
2021,4,A,골목상권,2110842,흑리단길,43,14,29,0,7,8,8,12,8,0,2,2,3,2,5,0,5,6,5,10,3
2021,4,A,골목상권,2110841,중대부중,88,36,52,0,11,17,16,25,19,0,5,7,5,11,8,0,6,10,11,14,11
2021,4,A,골목상권,2110840,중앙대학교,165,92,73,0,24,22,52,43,24,0,12,12,32,21,15,0,12,10,20,22,9
2021,4,A,골목상권,2110839,숭실대입구역 4번,187,67,120,0,10,51,57,46,23,0,2,14,22,11,18,0,8,37,35,35,5
2021,4,A,골목상권,2110838,상도1동주민센터앞,131,122,9,0,3,32,30,35,31,0,3,27,27,35,30,0,0,5,3,0,1
2021,4,A,골목상권,2110837,숭실대입구역 1번,373,195,178,1,39,76,84,80,93,0,19,32,43,32,69,1,20,44,41,48,24
2021,4,A,골목상권,2110836,상도역 5번,3057,1846,1211,9,550,798,701,647,352,2,238,486,453,447,220,7,312,312,248,200,132
2021,4,A,골목상권,2110835,상도역 1번,285,161,124,0,81,92,57,35,20,0,32,59,36,16,18,0,49,33,21,19,2
2021,4,A,골목상권,2110834,동작구자원봉사센터,38,22,16,0,3,5,6,10,14,0,2,2,6,5,7,0,1,3,0,5,7
2021,4,A,골목상권,2110833,상도역 2번,266,172,94,2,20,64,76,77,27,0,17,51,48,37,19,2,3,13,28,40,8
2021,4,A,골목상권,2110832,노량진초등학교,377,171,206,0,38,51,93,141,54,0,14,22,57,55,23,0,24,29,36,86,31
2021,4,A,골목상권,2110831,상도4동주민센터,72,40,32,0,3,13,14,29,13,0,3,6,6,18,7,0,0,7,8,11,6
2021,4,A,골목상권,2110830,상도초등학교,281,152,129,0,22,61,73,85,40,0,7,29,36,54,26,0,15,32,37,31,14
2021,4,A,골목상권,2110829,장승배기역 5번,536,417,119,0,195,137,79,53,72,0,177,106,49,40,45,0,18,31,30,13,27
2021,4,A,골목상권,2110828,노량진역 6번,3010,2066,944,9,471,1047,854,467,162,3,252,711,639,357,104,6,219,336,215,110,58
2021,4,A,골목상권,2110827,NH농협은행 상도동지점,262,93,169,0,39,51,73,65,34,0,11,18,20,28,16,0,28,33,53,37,18
2021,4,A,골목상권,2110826,장승배기역 4번,366,149,217,2,20,37,57,103,147,1,8,22,28,38,52,1,12,15,29,65,95
2021,4,A,골목상권,2110825,신대방삼거리역 1번,316,205,111,0,33,63,94,71,55,0,23,41,57,46,38,0,10,22,37,25,17
2021,4,A,골목상권,2110824,대방역 3번,296,102,194,1,48,91,92,42,22,0,11,26,29,23,13,1,37,65,63,19,9
2021,4,A,골목상권,2110823,신대방삼거리역 3번,472,242,230,0,30,45,83,121,193,0,17,26,40,42,117,0,13,19,43,79,76
2021,4,A,골목상권,2110822,신대방삼거리역 4번(대림초등학교),311,130,181,0,57,71,68,74,41,0,13,28,34,34,21,0,44,43,34,40,20
2021,4,A,골목상권,2110821,보라매역 2번,595,353,242,0,73,109,140,135,138,0,34,65,79,87,88,0,39,44,61,48,50
2021,4,A,골목상권,2110820,성남고등학교,3101,2470,631,1,651,742,555,991,161,0,438,581,448,879,124,1,213,161,107,112,37
2021,4,A,골목상권,2110819,신대방역 4번,510,262,248,0,64,99,128,93,126,0,15,37,58,62,90,0,49,62,70,31,36
2021,4,A,골목상권,2110818,신대방역 3번,20,9,11,0,1,3,7,7,2,0,1,3,2,1,2,0,0,0,5,6,0
2021,4,A,골목상권,2110817,대방역 4번,286,227,59,1,38,51,90,59,47,0,19,35,79,53,41,1,19,16,11,6,6
2021,4,A,골목상권,2110816,대방역 6번,521,404,117,1,73,138,153,68,88,1,50,109,114,50,80,0,23,29,39,18,8
2021,4,A,골목상권,2110815,공군호텔,2240,785,1455,4,425,514,476,507,314,0,88,195,167,170,165,4,337,319,309,337,149
2021,4,A,골목상권,2110814,서울지방병무청,673,364,309,1,51,117,155,236,113,1,23,79,97,104,60,0,28,38,58,132,53
2021,4,A,골목상권,2110813,보라매역 6번,286,167,119,3,22,37,50,74,100,3,15,21,24,39,65,0,7,16,26,35,35
2021,4,A,골목상권,2110812,신길6동주민센터,363,245,118,0,69,115,106,50,23,0,34,78,85,29,19,0,35,37,21,21,4
2021,4,A,골목상권,2110811,보라매역 4번,187,94,93,0,22,41,49,52,23,0,8,22,18,27,19,0,14,19,31,25,4
2021,4,A,골목상권,2110810,영신초등학교,395,178,217,0,53,143,63,80,56,0,20,65,31,44,18,0,33,78,32,36,38
2021,4,A,골목상권,2110809,장훈고등학교,112,61,51,0,7,15,30,23,37,0,3,5,11,17,25,0,4,10,19,6,12
2021,4,A,골목상권,2110808,신길역 1번,67,48,19,0,3,22,21,13,8,0,3,15,14,9,7,0,0,7,7,4,1
2021,4,A,골목상권,2110807,신길역 3번,102,70,32,0,6,16,23,27,30,0,4,8,18,19,21,0,2,8,5,8,9
2021,4,A,골목상권,2110806,서울시립영등포장애인복지관,76,42,34,0,18,30,13,13,2,0,5,16,9,11,1,0,13,14,4,2,1
2021,4,A,골목상권,2110805,신길새마을금고신길4동지점,45,27,18,0,6,12,12,8,7,0,2,7,6,5,7,0,4,5,6,3,0
2021,4,A,골목상권,2110804,신풍역 1번,312,187,125,0,15,37,62,63,135,0,4,15,29,35,104,0,11,22,33,28,31
2021,4,A,골목상권,2110803,신길2동우편취급국,304,220,84,0,17,27,56,62,142,0,6,14,33,39,128,0,11,13,23,23,14
2021,4,A,골목상권,2110802,신길동홍어거리,336,159,177,1,59,113,86,61,16,0,18,45,44,40,12,1,41,68,42,21,4
2021,4,A,골목상권,2110800,영등포동성당,227,153,74,0,26,34,61,66,40,0,13,22,37,46,35,0,13,12,24,20,5
2021,4,A,골목상권,2110799,영등포본동주민센터,119,86,33,5,21,16,11,22,44,3,12,10,6,15,40,2,9,6,5,7,4
2021,4,A,골목상권,2110798,신풍역 2번,53,20,33,0,2,13,14,13,11,0,0,3,3,6,8,0,2,10,11,7,3
2021,4,A,골목상권,2110797,KT대방빌딩,52,10,42,1,7,10,12,11,11,0,0,0,1,3,6,1,7,10,11,8,5
2021,4,A,골목상권,2110796,한림대학교한강성심병원,87,52,35,1,7,19,26,19,15,0,4,11,17,9,11,1,3,8,9,10,4
2021,4,A,골목상권,2110795,도림초등학교,533,356,177,0,20,49,80,128,256,0,8,36,48,74,190,0,12,13,32,54,66
2021,4,A,골목상권,2110794,영동초등학교,632,494,138,0,87,115,178,167,85,0,47,89,148,135,75,0,40,26,30,32,10
2021,4,A,골목상권,2110792,영등포역 2번,3400,1767,1633,28,563,880,843,862,224,11,229,398,466,530,133,17,334,482,377,332,91
2021,4,A,골목상권,2110791,신풍역 3번,25,17,8,0,1,5,9,9,1,0,0,2,6,8,1,0,1,3,3,1,0
2021,4,A,골목상권,2110790,대림1동주민센터,739,336,403,1,74,163,280,161,60,1,46,71,88,77,53,0,28,92,192,84,7
2021,4,A,골목상권,2110789,대림성모병원,491,182,309,0,104,137,115,93,42,0,16,44,49,43,30,0,88,93,66,50,12
2021,4,A,골목상권,2110788,영등포시장역 3번,28,22,6,0,4,5,7,9,3,0,3,5,6,6,2,0,1,0,1,3,1
2021,4,A,골목상권,2110787,신길3동주민센터,171,122,49,0,19,35,47,42,28,0,8,25,36,31,22,0,11,10,11,11,6
2021,4,A,골목상권,2110786,당산역 8번,271,179,92,2,20,41,60,51,97,2,8,21,42,38,68,0,12,20,18,13,29
2021,4,A,골목상권,2110785,영등포푸르지오아파트,161,84,77,2,13,17,39,44,46,2,8,12,24,14,24,0,5,5,15,30,22
2021,4,A,골목상권,2110784,신대림초등학교,76,42,34,0,3,11,18,36,8,0,0,7,12,18,5,0,3,4,6,18,3
2021,4,A,골목상권,2110783,영등포시장역 1번,292,154,138,1,26,37,35,67,126,1,19,27,16,33,58,0,7,10,19,34,68
2021,4,A,골목상권,2110782,영등포시장역 4번,127,87,40,1,13,24,48,27,14,1,5,16,36,17,12,0,8,8,12,10,2
2021,4,A,골목상권,2110781,대림한신아파트,182,112,70,0,23,29,51,38,41,0,8,16,34,23,31,0,15,13,17,15,10
2021,4,A,골목상권,2110780,신길대성유니드아파트,223,171,52,0,22,42,71,56,32,0,18,34,51,41,27,0,4,8,20,15,5
2021,4,A,골목상권,2110779,대림갑을명가아파트,33,24,9,0,2,5,13,7,6,0,1,4,10,4,5,0,1,1,3,3,1
2021,4,A,골목상권,2110778,구로디지털단지역 4번,1615,878,737,0,248,461,489,233,184,0,122,282,196,145,133,0,126,179,293,88,51
2021,4,A,골목상권,2110777,구로세무서,282,210,72,0,36,41,47,83,75,0,13,30,32,66,69,0,23,11,15,17,6
2021,4,A,골목상권,2110776,도신초등학교,168,106,62,0,12,20,48,63,25,0,11,10,35,34,16,0,1,10,13,29,9
2021,4,A,골목상권,2110775,대동초등학교,61,30,31,0,5,13,20,15,8,0,2,6,6,10,6,0,3,7,14,5,2
2021,4,A,골목상권,2110774,당산반도유보라팰리스아파트,472,355,117,0,59,119,131,96,67,0,34,81,109,80,51,0,25,38,22,16,16
2021,4,A,골목상권,2110773,당산역 13번,272,218,54,0,46,65,45,40,76,0,36,53,32,34,63,0,10,12,13,6,13
2021,4,A,골목상권,2110772,신우어린이공원,94,55,39,0,9,15,22,26,22,0,5,8,12,19,11,0,4,7,10,7,11
2021,4,A,골목상권,2110771,대림역 11번,955,604,351,0,22,38,128,210,557,0,21,30,73,131,349,0,1,8,55,79,208
2021,4,A,골목상권,2110770,영등포구청역 6번,263,191,72,1,45,49,77,45,46,1,24,41,54,28,43,0,21,8,23,17,3
2021,4,A,골목상권,2110769,대림차이나타운(대림역 12번),18,8,10,0,3,4,6,4,1,0,0,1,4,2,1,0,3,3,2,2,0
2021,4,A,골목상권,2110768,도림2동유수지내체육시설,294,155,139,0,20,43,63,73,95,0,7,22,32,41,53,0,13,21,31,32,42
2021,4,A,골목상권,2110767,도림동주민센터,34,3,31,0,9,5,12,6,2,0,0,0,2,1,0,0,9,5,10,5,2
2021,4,A,골목상권,2110766,대림역 5번,360,205,155,0,30,82,85,99,64,0,15,54,42,56,38,0,15,28,43,43,26
2021,4,A,골목상권,2110765,문래동사거리,889,619,270,2,80,133,209,175,290,1,38,78,140,126,236,1,42,55,69,49,54
2021,4,A,골목상권,2110764,문래역 3번,541,223,318,0,93,127,159,102,60,0,27,39,54,54,49,0,66,88,105,48,11
2021,4,A,골목상권,2110763,영등포구청역 2번,480,353,127,2,84,147,107,84,56,0,53,100,79,72,49,2,31,47,28,12,7
2021,4,A,골목상권,2110762,선유도역 1번,3139,2286,853,6,392,669,739,809,524,4,217,459,529,629,448,2,175,210,210,180,76
2021,4,A,골목상권,2110761,문래동남성맨션,180,106,74,0,13,43,45,41,38,0,8,17,26,25,30,0,5,26,19,16,8
2021,4,A,골목상권,2110760,선유도역 6번,1792,1091,701,8,273,444,499,376,192,6,170,256,275,219,165,2,103,188,224,157,27
2021,4,A,골목상권,2110759,문래예술촌(문래창작촌),4221,2165,2056,9,520,837,996,1286,573,5,266,550,589,466,289,4,254,287,407,820,284
2021,4,A,골목상권,2110758,문래소공원,296,221,75,1,44,77,70,67,37,0,32,60,46,52,31,1,12,17,24,15,6
2021,4,A,골목상권,2110757,양평역 2번,1501,1114,387,1,111,230,356,424,379,0,51,176,286,314,287,1,60,54,70,110,92
2021,4,A,골목상권,2110756,문래중학교,275,179,96,0,48,79,78,35,35,0,21,58,52,21,27,0,27,21,26,14,8
2021,4,A,골목상권,2110755,동일여자고등학교,199,53,146,0,10,24,47,74,44,0,4,9,16,12,12,0,6,15,31,62,32
2021,4,A,골목상권,2110754,삼성산자연공원(서울금천초등학교),199,75,124,1,21,41,47,39,50,0,6,18,28,10,13,1,15,23,19,29,37
2021,4,A,골목상권,2110753,시흥동 은행나무사거리,617,387,230,0,69,100,149,166,133,0,28,68,90,96,105,0,41,32,59,70,28
2021,4,A,골목상권,2110752,한울중학교,269,117,152,2,25,46,81,79,36,2,13,16,34,33,19,0,12,30,47,46,17
2021,4,A,골목상권,2110751,난곡중학교,730,397,333,2,48,217,240,177,46,2,21,117,127,91,39,0,27,100,113,86,7
2021,4,A,골목상권,2110750,시흥4동주민센터(서울신흥초등학교),397,221,176,4,78,83,80,104,48,4,47,62,43,33,32,0,31,21,37,71,16
2021,4,A,골목상권,2110749,금산초등학교(금천고등학교),448,273,175,0,61,105,110,121,51,0,33,67,55,82,36,0,28,38,55,39,15
2021,4,A,골목상권,2110748,백산초등학교,102,64,38,0,6,19,21,26,30,0,2,9,11,22,20,0,4,10,10,4,10
2021,4,A,골목상권,2110747,석수역 1번 출입구,823,612,211,0,46,84,169,227,297,0,27,52,102,165,266,0,19,32,67,62,31
2021,4,A,골목상권,2110746,금천금빛공원(은행나무사거리서측),70,48,22,0,5,11,22,21,11,0,3,9,13,15,8,0,2,2,9,6,3
2021,4,A,골목상권,2110745,독산동정훈단지,251,191,60,0,11,20,33,86,101,0,3,12,22,64,90,0,8,8,11,22,11
2021,4,A,골목상권,2110744,독산동성당,531,327,204,0,49,107,129,152,94,0,36,71,75,86,59,0,13,36,54,66,35
2021,4,A,골목상권,2110743,시흥초등학교(시흥1동우체국),191,130,61,0,18,31,48,50,44,0,10,20,32,37,31,0,8,11,16,13,13
2021,4,A,골목상권,2110742,KT금천빌딩(금천구시설관리공단),426,237,189,0,42,83,106,125,70,0,21,57,71,54,34,0,21,26,35,71,36
2021,4,A,골목상권,2110741,독산2동주민센터,444,159,285,0,69,117,96,108,54,0,43,35,26,33,22,0,26,82,70,75,32
2021,4,A,골목상권,2110740,금천해태공원,650,283,367,1,135,136,138,170,70,1,47,55,58,71,51,0,88,81,80,99,19
2021,4,A,골목상권,2110739,시흥3동 우편취급국,1558,585,973,1,167,288,537,525,40,0,50,153,224,133,25,1,117,135,313,392,15
2021,4,A,골목상권,2110738,문성초등학교,249,125,124,0,17,27,65,90,50,0,12,14,34,40,25,0,5,13,31,50,25
2021,4,A,골목상권,2110737,금천세무서,506,324,182,8,78,85,96,117,122,0,28,49,51,91,105,8,50,36,45,26,17
2021,4,A,골목상권,2110736,독산119안전센터,450,196,254,0,45,52,74,114,165,0,21,31,34,41,69,0,24,21,40,73,96
2021,4,A,골목상권,2110735,말미고개,520,330,190,0,64,115,140,140,61,0,31,79,94,79,47,0,33,36,46,61,14
2021,4,A,골목상권,2110734,금천파출소,92,47,45,0,7,11,21,29,24,0,3,5,14,13,12,0,4,6,7,16,12
2021,4,A,골목상권,2110733,금천어울림복지센터,374,293,81,3,34,89,74,90,84,3,22,67,59,66,76,0,12,22,15,24,8
2021,4,A,골목상권,2110732,가산초등학교(세일중학교),338,239,99,1,41,60,98,76,62,0,22,34,71,60,52,1,19,26,27,16,10
2021,4,A,골목상권,2110731,금천구청역 1번 출입구,1041,563,478,7,306,383,206,96,43,2,149,229,102,55,26,5,157,154,104,41,17
2021,4,A,골목상권,2110730,서울축산농협 독산역지점(독산파출소),660,376,284,1,80,105,117,201,156,1,30,58,54,113,120,0,50,47,63,88,36
2021,4,A,골목상권,2110729,가산동우체국,151,112,39,0,19,30,40,39,23,0,14,19,30,30,19,0,5,11,10,9,4
2021,4,A,골목상권,2110728,두산초등학교,4560,2778,1782,8,88,138,245,530,3551,8,64,86,123,279,2218,0,24,52,122,251,1333
2021,4,A,골목상권,2110727,독산역 1번 출입구,659,514,145,4,72,152,169,191,71,4,48,118,128,165,51,0,24,34,41,26,20
2021,4,A,골목상권,2110726,금천철쭉어린이공원(금하마을),222,172,50,0,19,25,41,62,75,0,17,16,22,45,72,0,2,9,19,17,3
2021,4,A,골목상권,2110725,가산동주민센터,85,59,26,0,6,20,22,20,17,0,3,15,16,12,13,0,3,5,6,8,4
2021,4,A,골목상권,2110724,금천구립가산도서관,366,254,112,1,42,76,122,89,36,1,33,60,90,45,25,0,9,16,32,44,11
2021,4,A,골목상권,2110723,가산디지털단지역 1번 출입구,286,247,39,0,6,10,37,130,103,0,6,5,26,113,97,0,0,5,11,17,6
2021,4,A,골목상권,2110722,G타워,1221,876,345,5,246,423,354,139,54,5,163,311,281,79,37,0,83,112,73,60,17
2021,4,A,골목상권,2110721,가리봉파출소,215,104,111,1,6,36,42,42,88,0,2,19,17,22,44,1,4,17,25,20,44
2021,4,A,골목상권,2110720,대림역 2번,158,73,85,0,23,25,43,35,32,0,10,11,15,15,22,0,13,14,28,20,10
2021,4,A,골목상권,2110719,영서중학교,52,44,8,0,6,9,9,14,14,0,6,7,8,13,10,0,0,2,1,1,4
2021,4,A,골목상권,2110718,한국SGI본부,1614,1061,553,3,308,462,397,336,108,3,167,313,292,220,66,0,141,149,105,116,42
2021,4,A,골목상권,2110717,남구로역 2번,570,271,299,0,108,155,142,104,61,0,49,84,75,34,29,0,59,71,67,70,32
2021,4,A,골목상권,2110716,구로나눔길,666,398,268,1,132,256,164,77,36,0,39,154,115,60,30,1,93,102,49,17,6
2021,4,A,골목상권,2110715,구로구민회관,93,64,29,0,13,15,30,27,8,0,5,11,20,21,7,0,8,4,10,6,1
2021,4,A,골목상권,2110714,구로4동주민센터,271,156,115,0,34,44,57,79,57,0,8,19,32,53,44,0,26,25,25,26,13
2021,4,A,골목상권,2110713,구로보건소,2668,1817,851,5,474,650,706,533,300,3,323,472,514,332,173,2,151,178,192,201,127
2021,4,A,골목상권,2110712,남구로역 5번,233,108,125,1,32,36,66,64,34,0,10,17,24,32,25,1,22,19,42,32,9
2021,4,A,골목상권,2110711,구로초등학교,818,332,486,4,62,122,166,288,176,2,26,70,82,75,77,2,36,52,84,213,99
2021,4,A,골목상권,2110710,남구로역 3번,606,370,236,3,83,96,105,121,198,3,46,63,63,68,127,0,37,33,42,53,71
2021,4,A,골목상권,2110709,구로119안전센터,162,94,68,0,16,19,44,46,37,0,13,12,28,25,16,0,3,7,16,21,21
2021,4,A,골목상권,2110708,화원어린이공원,64,27,37,0,8,12,12,23,9,0,1,4,5,9,8,0,7,8,7,14,1
2021,4,A,골목상권,2110707,구로창업지원센터,1045,760,285,4,141,266,246,253,135,3,78,195,185,186,113,1,63,71,61,67,22
2021,4,A,골목상권,2110706,그라운드 고척,410,100,310,0,122,101,101,68,18,0,22,20,28,20,10,0,100,81,73,48,8
2021,4,A,골목상권,2110705,고산초등학교,33,19,14,0,3,2,8,7,13,0,3,1,8,2,5,0,0,1,0,5,8
2021,4,A,골목상권,2110704,고척중학교,62,36,26,0,12,23,10,12,5,0,7,12,3,11,3,0,5,11,7,1,2
2021,4,A,골목상권,2110703,개봉역,569,449,120,4,28,60,119,170,188,3,16,35,79,141,175,1,12,25,40,29,13
2021,4,A,골목상권,2110702,개봉초등학교,131,93,38,1,15,18,33,34,30,1,10,13,23,24,22,0,5,5,10,10,8
2021,4,A,골목상권,2110701,고척동성당,567,379,188,2,126,185,125,92,37,0,81,133,82,54,29,2,45,52,43,38,8
2021,4,A,골목상권,2110700,고척초등학교,3249,2648,601,3,209,680,974,1176,207,2,119,533,803,1021,170,1,90,147,171,155,37
2021,4,A,골목상권,2110699,덕의초등학교,150,89,61,0,15,24,32,48,31,0,8,15,15,28,23,0,7,9,17,20,8
2021,4,A,골목상권,2110698,개웅초등학교(개웅중학교),279,178,101,3,50,50,54,65,57,3,25,32,32,40,46,0,25,18,22,25,11
2021,4,A,골목상권,2110697,개봉3동주민센터,244,152,92,1,55,64,52,43,29,1,27,41,33,30,20,0,28,23,19,13,9
2021,4,A,골목상권,2110696,오류동역 1번,2453,1671,782,32,831,951,335,223,81,16,483,739,238,133,62,16,348,212,97,90,19
2021,4,A,골목상권,2110695,개봉1동주민센터,546,314,232,1,57,150,143,123,72,1,31,97,72,64,49,0,26,53,71,59,23
2021,4,A,골목상권,2110694,세곡초등학교,445,249,196,2,55,149,90,98,51,0,24,76,51,60,38,2,31,73,39,38,13
2021,4,A,골목상권,2110693,오류동역 4번,17,9,8,0,1,3,5,4,4,0,1,3,2,2,1,0,0,0,3,2,3
2021,4,A,골목상권,2110692,큰굴다리,233,148,85,0,12,52,54,66,49,0,7,19,35,49,38,0,5,33,19,17,11
2021,4,A,골목상권,2110691,개봉중학교,395,205,190,0,37,65,119,115,59,0,20,38,49,52,46,0,17,27,70,63,13
2021,4,A,골목상권,2110690,오류2동버들시장,625,318,307,1,105,200,143,105,71,0,42,115,72,46,43,1,63,85,71,59,28
2021,4,A,골목상권,2110689,오류동역 3번,259,188,71,3,41,45,52,66,52,3,25,32,40,48,40,0,16,13,12,18,12
2021,4,A,골목상권,2110688,오류지구대,171,60,111,1,18,20,40,59,33,0,7,11,15,19,8,1,11,9,25,40,25
2021,4,A,골목상권,2110687,"천왕역 3번(오류2동주민센터, 서울오류남초등학교)",21,16,5,0,2,3,5,6,5,0,1,3,4,4,4,0,1,0,1,2,1
2021,4,A,골목상권,2110686,수궁동주민센터,490,245,245,2,50,83,135,127,93,2,25,37,72,61,48,0,25,46,63,66,45
2021,4,A,골목상권,2110685,금강수목원아파트,181,143,38,0,13,32,53,57,26,0,10,25,38,47,23,0,3,7,15,10,3
2021,4,A,골목상권,2110684,서울공연예술고등학교,157,72,85,2,28,31,36,36,24,0,7,17,19,19,10,2,21,14,17,17,14
2021,4,A,골목상권,2110683,오류고등학교,185,125,60,0,24,46,55,41,19,0,18,33,33,23,18,0,6,13,22,18,1
2021,4,A,골목상권,2110682,온수역 8번,137,128,9,0,3,5,14,43,72,0,2,3,11,42,70,0,1,2,3,1,2
2021,4,A,골목상권,2110681,온수역 1번,152,106,46,0,13,52,39,21,27,0,10,38,25,13,20,0,3,14,14,8,7
2021,4,A,골목상권,2110680,온수역 5번(온수산업단지),1184,1003,181,18,161,205,235,343,222,18,129,175,191,286,204,0,32,30,44,57,18
2021,4,A,골목상권,2110679,염창역 2번,578,407,171,3,90,207,152,80,46,2,50,149,111,58,37,1,40,58,41,22,9
2021,4,A,골목상권,2110678,염창무학아파트,242,188,54,1,30,57,84,47,23,1,15,49,67,39,17,0,15,8,17,8,6
2021,4,A,골목상권,2110677,등촌역 1번,410,321,89,1,50,80,83,91,105,1,24,51,70,76,99,0,26,29,13,15,6
2021,4,A,골목상권,2110676,등촌역 7번,237,141,96,0,31,35,66,57,48,0,13,21,37,37,33,0,18,14,29,20,15
2021,4,A,골목상권,2110675,화곡4동주민센터,289,186,103,0,28,62,73,65,61,0,11,36,40,50,49,0,17,26,33,15,12
2021,4,A,골목상권,2110674,강서구청가양동별관,491,327,164,1,69,102,106,109,104,1,54,78,63,51,80,0,15,24,43,58,24
2021,4,A,골목상권,2110673,뜸부기어린이공원,253,143,110,0,37,52,62,64,38,0,21,29,31,34,28,0,16,23,31,30,10
2021,4,A,골목상권,2110672,백석중학교,155,99,56,1,21,37,40,43,13,1,18,26,18,25,11,0,3,11,22,18,2
2021,4,A,골목상권,2110671,등촌1동주민센터,5012,3056,1956,13,1252,1442,1027,802,476,5,391,945,826,556,333,8,861,497,201,246,143
2021,4,A,골목상권,2110670,신곡초등학교,527,322,205,6,79,119,122,101,100,3,45,78,71,59,66,3,34,41,51,42,34
2021,4,A,골목상권,2110669,화곡보람2차아파트,80,49,31,0,11,20,24,17,8,0,3,12,18,14,2,0,8,8,6,3,6
2021,4,A,골목상권,2110668,화곡2동주민센터,471,278,193,0,55,70,139,127,80,0,22,33,81,77,65,0,33,37,58,50,15
2021,4,A,골목상권,2110667,가양역 10번,177,126,51,0,33,32,56,36,20,0,21,20,38,29,18,0,12,12,18,7,2
2021,4,A,골목상권,2110666,KC대학교,257,131,126,0,26,51,66,72,42,0,16,23,31,26,35,0,10,28,35,46,7
2021,4,A,골목상권,2110665,곰달래도서관,469,285,184,0,36,92,123,138,80,0,25,60,79,74,47,0,11,32,44,64,33
2021,4,A,골목상권,2110664,강서구청옆,111,48,63,0,14,10,31,43,13,0,11,7,10,9,11,0,3,3,21,34,2
2021,4,A,골목상권,2110663,우장산롯데캐슬아파트앞,316,232,84,0,7,25,59,116,109,0,3,18,30,84,97,0,4,7,29,32,12
2021,4,A,골목상권,2110662,까치산역 1번,1480,885,595,4,245,501,396,234,100,4,129,301,207,171,73,0,116,200,189,63,27
2021,4,A,골목상권,2110661,강서새말어린이공원,126,48,78,0,3,13,30,38,42,0,2,8,10,9,19,0,1,5,20,29,23
2021,4,A,골목상권,2110660,등촌3동주민센터,4614,2039,2575,10,469,707,766,1291,1371,5,197,427,424,447,539,5,272,280,342,844,832
2021,4,A,골목상권,2110659,화곡역 4번,867,512,355,11,102,182,240,188,144,9,52,115,144,110,82,2,50,67,96,78,62
2021,4,A,골목상권,2110658,화곡초등학교,253,153,100,0,21,55,62,69,46,0,10,35,36,44,28,0,11,20,26,25,18
2021,4,A,골목상권,2110657,양천향교역 5번,3180,2118,1062,12,334,603,741,695,795,8,191,396,493,385,645,4,143,207,248,310,150
2021,4,A,골목상권,2110656,까치산역 3번,838,498,340,13,89,209,253,192,82,12,52,128,154,93,59,1,37,81,99,99,23
2021,4,A,골목상권,2110655,발산역 5번,587,355,232,0,97,156,147,112,75,0,29,94,98,76,58,0,68,62,49,36,17
2021,4,A,골목상권,2110654,까치산역 4번,1021,686,335,2,68,147,249,380,175,1,38,81,139,281,146,1,30,66,110,99,29
2021,4,A,골목상권,2110653,화곡역 2번,910,490,420,1,191,271,239,169,39,0,79,136,119,134,22,1,112,135,120,35,17
2021,4,A,골목상권,2110652,양천향교역 2번,643,483,160,0,70,131,146,169,127,0,32,102,104,139,106,0,38,29,42,30,21
2021,4,A,골목상권,2110651,화원중학교,377,214,163,2,29,50,102,105,89,1,19,31,68,52,43,1,10,19,34,53,46
2021,4,A,골목상권,2110650,우장산힐스테이트,146,118,28,0,24,30,52,21,19,0,15,25,43,18,17,0,9,5,9,3,2
2021,4,A,골목상권,2110649,우장산역 1번,366,197,169,0,41,92,83,98,52,0,12,49,39,63,34,0,29,43,44,35,18
2021,4,A,골목상권,2110648,양천향교역 7번,13,5,8,0,1,7,1,3,1,0,0,3,1,1,0,0,1,4,0,2,1
2021,4,A,골목상권,2110647,화곡역 5번,890,459,431,2,116,227,219,230,96,1,44,137,110,116,51,1,72,90,109,114,45
2021,4,A,골목상권,2110646,푸른들청소년도서관,782,401,381,1,93,124,208,189,167,1,27,53,103,100,117,0,66,71,105,89,50
2021,4,A,골목상권,2110645,우장산역 4번,794,391,403,0,64,125,239,221,145,0,33,65,87,90,116,0,31,60,152,131,29
2021,4,A,골목상권,2110644,신광명마을,333,288,45,1,24,22,60,107,119,1,7,13,52,100,115,0,17,9,8,7,4
2021,4,A,골목상권,2110643,강서구다솔마을,653,413,240,1,97,165,199,139,52,0,47,101,136,93,36,1,50,64,63,46,16
2021,4,A,골목상권,2110642,정곡초등학교,193,163,30,2,8,14,35,69,65,1,4,10,30,58,60,1,4,4,5,11,5
2021,4,A,골목상권,2110641,공항고등학교,345,236,109,2,46,95,100,79,23,1,30,72,61,52,20,1,16,23,39,27,3
2021,4,A,골목상권,2110640,방화역 1번,1019,638,381,3,139,292,240,195,150,3,62,119,167,158,129,0,77,173,73,37,21
2021,4,A,골목상권,2110639,신방화역 8번,523,369,154,1,74,61,88,153,146,1,17,22,51,139,139,0,57,39,37,14,7
2021,4,A,골목상권,2110638,신방화역 2번,372,202,170,3,53,75,88,87,66,3,22,40,44,43,50,0,31,35,44,44,16
2021,4,A,골목상권,2110637,송정역 2번,540,357,183,4,62,117,114,147,96,0,34,74,81,100,68,4,28,43,33,47,28
2021,4,A,골목상권,2110636,방화역 2번,152,76,76,1,25,49,41,21,15,0,9,26,27,4,10,1,16,23,14,17,5
2021,4,A,골목상권,2110635,공항시장역 3번,1482,399,1083,4,71,92,165,488,662,1,44,62,64,34,194,3,27,30,101,454,468
2021,4,A,골목상권,2110634,송정역 3번,664,434,230,0,64,143,178,145,134,0,33,90,116,101,94,0,31,53,62,44,40
2021,4,A,골목상권,2110633,개화산역 1번,115,89,26,2,29,34,27,15,8,2,28,22,19,10,8,0,1,12,8,5,0
2021,4,A,골목상권,2110632,방화역 3번,1075,887,188,2,42,127,400,334,170,1,21,90,353,281,141,1,21,37,47,53,29
2021,4,A,골목상권,2110631,방화초등학교,359,177,182,2,35,71,73,103,75,2,21,42,39,38,35,0,14,29,34,65,40
2021,4,A,골목상권,2110630,공항시장역 1번,1472,1008,464,0,157,294,298,328,395,0,67,180,202,240,319,0,90,114,96,88,76
2021,4,A,골목상권,2110629,송정역 4번,190,107,83,0,26,52,54,35,23,0,9,34,28,24,12,0,17,18,26,11,11
2021,4,A,골목상권,2110628,신목동역,496,319,177,0,58,88,124,120,106,0,30,58,82,89,60,0,28,30,42,31,46
2021,4,A,골목상권,2110627,신정롯데캐슬아파트,512,310,202,24,127,127,89,83,62,13,69,79,57,49,43,11,58,48,32,34,19
2021,4,A,골목상권,2110626,양화초등학교,652,271,381,1,127,138,149,147,90,0,37,57,76,63,38,1,90,81,73,84,52
2021,4,A,골목상권,2110625,신정2동주민센터,726,454,272,2,98,196,215,155,60,0,51,124,146,94,39,2,47,72,69,61,21
2021,4,A,골목상권,2110624,목동문화체육센터,382,234,148,0,93,118,75,65,31,0,40,79,46,50,19,0,53,39,29,15,12
2021,4,A,골목상권,2110623,갈산공원,118,94,24,0,27,32,24,27,8,0,23,26,21,19,5,0,4,6,3,8,3
2021,4,A,골목상권,2110622,달마을공원,458,261,197,0,58,90,102,138,70,0,26,47,63,65,60,0,32,43,39,73,10
2021,4,A,골목상권,2110621,목동역 5번,111,57,54,0,9,22,22,38,20,0,0,12,13,19,13,0,9,10,9,19,7
2021,4,A,골목상권,2110620,목동보건지소,451,235,216,4,51,81,102,125,88,4,20,45,47,65,54,0,31,36,55,60,34
2021,4,A,골목상권,2110619,목4동주민센터,311,203,108,1,51,87,89,64,19,1,16,52,58,57,19,0,35,35,31,7,0
2021,4,A,골목상권,2110618,강서고등학교,193,135,58,0,19,38,52,52,32,0,10,29,36,34,26,0,9,9,16,18,6
2021,4,A,골목상권,2110617,등촌역 4번,274,192,82,0,47,75,77,51,24,0,37,55,51,33,16,0,10,20,26,18,8
2021,4,A,골목상권,2110616,양목초등학교,161,103,58,0,3,23,19,40,76,0,2,18,14,32,37,0,1,5,5,8,39
2021,4,A,골목상권,2110615,신서초등학교,87,63,24,0,20,21,27,13,6,0,14,18,18,8,5,0,6,3,9,5,1
2021,4,A,골목상권,2110614,목동로데오거리,596,292,304,0,69,85,114,216,112,0,42,44,58,103,45,0,27,41,56,113,67
2021,4,A,골목상권,2110613,신정네거리역 4번,80,20,60,0,8,25,24,19,4,0,2,6,7,4,1,0,6,19,17,15,3
2021,4,A,골목상권,2110612,신정역 5번,644,303,341,1,85,88,143,197,130,0,44,62,74,70,53,1,41,26,69,127,77
2021,4,A,골목상권,2110611,신정역 1번,316,212,104,2,35,61,100,82,36,2,21,44,61,52,32,0,14,17,39,30,4
2021,4,A,골목상권,2110610,계남근린공원,126,85,41,0,5,11,41,44,25,0,3,6,28,35,13,0,2,5,13,9,12
2021,4,A,골목상권,2110609,신정네거리역 2번,1377,1358,19,0,14,15,52,171,1125,0,10,11,45,168,1124,0,4,4,7,3,1
2021,4,A,골목상권,2110608,신월2동주민센터,873,453,420,1,51,116,229,271,205,1,23,69,118,125,117,0,28,47,111,146,88
2021,4,A,골목상권,2110607,금빛새마을금고본점,53,31,22,0,2,10,11,19,11,0,1,4,5,12,9,0,1,6,6,7,2
2021,4,A,골목상권,2110606,신한은행 신월동지점,521,288,233,1,49,80,143,144,104,1,26,42,76,66,77,0,23,38,67,78,27
2021,4,A,골목상권,2110605,목동센트럴아이파크앞,155,89,66,0,15,22,26,47,45,0,5,15,11,27,31,0,10,7,15,20,14
2021,4,A,골목상권,2110604,신월4동주민센터,637,528,109,0,13,50,120,234,220,0,6,29,87,193,213,0,7,21,33,41,7
2021,4,A,골목상권,2110603,지향초등학교,205,119,86,0,13,56,60,44,32,0,5,30,37,25,22,0,8,26,23,19,10
2021,4,A,골목상권,2110602,신월시영아파트중문,644,574,70,1,7,22,68,238,308,0,4,13,52,214,291,1,3,9,16,24,17
2021,4,A,골목상권,2110601,신월1동우편취급국,1200,814,386,3,116,180,274,437,190,1,61,115,183,309,145,2,55,65,91,128,45
2021,4,A,골목상권,2110600,신월7동주민센터,350,263,87,0,32,30,66,101,121,0,17,14,38,79,115,0,15,16,28,22,6
2021,4,A,골목상권,2110599,신월1파출소,378,268,110,3,50,89,94,93,49,2,34,68,63,65,36,1,16,21,31,28,13
2021,4,A,골목상권,2110598,신월문화체육센터,428,195,233,0,21,58,112,150,87,0,5,28,45,66,51,0,16,30,67,84,36
2021,4,A,골목상권,2110597,신월1동주민센터,517,302,215,0,30,68,111,150,158,0,14,36,54,84,114,0,16,32,57,66,44
2021,4,A,골목상권,2110596,서서울호수공원,417,272,145,2,48,90,107,113,57,0,28,56,74,71,43,2,20,34,33,42,14
2021,4,A,골목상권,2110595,메디힐병원,731,459,272,0,80,148,163,185,155,0,34,85,86,136,118,0,46,63,77,49,37
2021,4,A,골목상권,2110594,신월중학교,453,225,228,0,54,166,104,96,33,0,14,66,56,59,30,0,40,100,48,37,3
2021,4,A,골목상권,2110593,신월3동주민센터,304,157,147,0,38,65,76,87,38,0,12,32,45,44,24,0,26,33,31,43,14
2021,4,A,골목상권,2110592,서울금융고등학교,449,344,105,0,19,35,74,156,165,0,9,13,45,128,149,0,10,22,29,28,16
2021,4,A,골목상권,2110591,충정로역 6번,627,422,205,0,99,158,178,126,66,0,55,103,135,92,37,0,44,55,43,34,29
2021,4,A,골목상권,2110590,만리재,97,50,47,0,19,23,23,25,7,0,6,12,11,16,5,0,13,11,12,9,2
2021,4,A,골목상권,2110589,애오개역 3번,58,14,44,0,4,8,19,13,14,0,0,1,5,6,2,0,4,7,14,7,12
2021,4,A,골목상권,2110588,한겨레신문사,169,92,77,0,34,44,41,33,17,0,14,22,20,21,15,0,20,22,21,12,2
2021,4,A,골목상권,2110587,공덕동주민센터,238,121,117,1,36,43,69,53,36,1,15,25,41,23,16,0,21,18,28,30,20
2021,4,A,골목상권,2110586,서울서부지방법원,1461,863,598,2,376,402,333,188,160,1,231,267,164,98,102,1,145,135,169,90,58
2021,4,A,골목상권,2110585,마포경찰서,918,790,128,0,192,360,176,181,9,0,150,313,153,166,8,0,42,47,23,15,1
2021,4,A,골목상권,2110584,아현역 4번,49,13,36,0,4,7,14,13,11,0,0,0,2,5,6,0,4,7,12,8,5
2021,4,A,골목상권,2110583,공덕래미안3차아파트,316,164,152,0,44,98,102,57,15,0,7,54,60,35,8,0,37,44,42,22,7
2021,4,A,골목상권,2110582,이대역 5번,59,19,40,0,6,11,16,16,10,0,0,4,4,6,5,0,6,7,12,10,5
2021,4,A,골목상권,2110581,염리초등학교,16,11,5,0,0,0,2,6,8,0,0,0,2,3,6,0,0,0,0,3,2
2021,4,A,골목상권,2110580,양원초등학교,78,20,58,0,3,6,16,25,28,0,0,1,3,11,5,0,3,5,13,14,23
2021,4,A,골목상권,2110579,마포역 4번,758,561,197,2,62,160,253,214,67,1,37,123,190,160,50,1,25,37,63,54,17
2021,4,A,골목상권,2110578,대흥역 2번,2091,1413,678,2,213,337,391,638,510,1,80,225,309,452,346,1,133,112,82,186,164
2021,4,A,골목상권,2110577,용강동주민센터,145,105,40,0,15,42,47,31,10,0,12,31,38,17,7,0,3,11,9,14,3
2021,4,A,골목상권,2110576,대흥역 3번,1605,1112,493,71,503,480,308,163,80,27,310,365,253,111,46,44,193,115,55,52,34
2021,4,A,골목상권,2110575,대흥동주민센터,206,156,50,2,25,47,36,48,48,2,11,35,25,40,43,0,14,12,11,8,5
2021,4,A,골목상권,2110574,서강대학교,173,123,50,0,35,41,49,38,10,0,17,30,41,30,5,0,18,11,8,8,5
2021,4,A,골목상권,2110573,신촌역 6번,33,14,19,0,7,4,6,8,8,0,2,0,3,3,6,0,5,4,3,5,2
2021,4,A,골목상권,2110572,서강대역 1번,470,254,216,1,63,130,117,116,43,1,32,67,58,66,30,0,31,63,59,50,13
2021,4,A,골목상권,2110571,신수동주민센터,635,358,277,5,109,159,187,126,49,5,57,88,98,74,36,0,52,71,89,52,13
2021,4,A,골목상권,2110570,KB국민은행 서강지점,61,39,22,0,4,22,18,12,5,0,4,13,10,7,5,0,0,9,8,5,0
2021,4,A,골목상권,2110569,홍대땡땡거리,358,153,205,2,62,108,97,53,36,1,18,48,46,19,21,1,44,60,51,34,15
2021,4,A,골목상권,2110568,광흥창역 1번,67,32,35,0,12,21,14,15,5,0,4,10,6,9,3,0,8,11,8,6,2
2021,4,A,골목상권,2110567,광흥창역 6번,91,61,30,0,16,26,27,12,10,0,8,20,13,11,9,0,8,6,14,1,1
2021,4,A,골목상권,2110566,경의선책거리,1690,934,756,2,359,547,406,290,86,1,137,328,252,157,59,1,222,219,154,133,27
2021,4,A,골목상권,2110565,홍익대,107,64,43,0,16,32,34,19,6,0,8,15,23,13,5,0,8,17,11,6,1
2021,4,A,골목상권,2110564,홍대입구역 3번,471,211,260,0,54,125,161,78,53,0,19,47,103,22,20,0,35,78,58,56,33
2021,4,A,골목상권,2110563,상수역 3번,355,274,81,12,83,130,78,23,29,10,63,101,61,16,23,2,20,29,17,7,6
2021,4,A,골목상권,2110562,연트럴파크(연남동주민센터),426,237,189,1,73,118,96,94,44,1,29,76,55,44,32,0,44,42,41,50,12
2021,4,A,골목상권,2110561,상수역 4번,395,247,148,4,59,102,94,89,47,2,21,56,64,68,36,2,38,46,30,21,11
2021,4,A,골목상권,2110560,마포FM,292,140,152,0,26,64,87,77,38,0,10,26,40,36,28,0,16,38,47,41,10
2021,4,A,골목상권,2110559,성산중학교,757,474,283,4,102,187,203,167,94,3,54,102,127,118,70,1,48,85,76,49,24
2021,4,A,골목상권,2110558,경성고등학교,2338,1579,759,11,302,556,565,513,391,10,149,343,406,384,287,1,153,213,159,129,104
2021,4,A,골목상권,2110557,홍대부속여중고앞,760,465,295,1,100,188,196,149,126,1,37,110,137,95,85,0,63,78,59,54,41
2021,4,A,골목상권,2110556,절두산순교성지,176,112,64,3,17,42,58,39,17,3,8,27,39,24,11,0,9,15,19,15,6
2021,4,A,골목상권,2110555,홍익지구대,335,161,174,1,58,69,68,50,89,0,16,32,34,21,58,1,42,37,34,29,31
2021,4,A,골목상권,2110554,망원역 1번,1499,727,772,2,210,352,484,333,118,2,105,174,225,147,74,0,105,178,259,186,44
2021,4,A,골목상권,2110553,가좌역 2번,257,150,107,0,23,42,73,79,40,0,14,23,39,41,33,0,9,19,34,38,7
2021,4,A,골목상권,2110552,성미산체육관,646,469,177,1,110,162,148,159,66,0,72,121,99,129,48,1,38,41,49,30,18
2021,4,A,골목상권,2110551,성서초등학교,803,387,416,1,110,164,235,172,121,1,42,90,114,81,59,0,68,74,121,91,62
2021,4,A,골목상권,2110550,합정역 8번,1578,740,838,1,240,411,414,333,179,0,84,165,221,171,99,1,156,246,193,162,80
2021,4,A,골목상권,2110549,새터산,283,137,146,1,48,61,76,46,51,1,18,31,43,16,28,0,30,30,33,30,23
2021,4,A,골목상권,2110548,마포구청역 4번,795,475,320,5,130,185,210,136,129,3,57,95,122,89,109,2,73,90,88,47,20
2021,4,A,골목상권,2110547,KB국민은행 망원동지점,284,168,116,0,13,47,93,76,55,0,4,25,55,45,39,0,9,22,38,31,16
2021,4,A,골목상권,2110546,양화대교북단,684,408,276,3,185,240,142,68,46,3,79,121,109,55,41,0,106,119,33,13,5
2021,4,A,골목상권,2110545,마포구청역 1번,880,496,384,1,74,169,241,262,133,1,30,100,116,154,95,0,44,69,125,108,38
2021,4,A,골목상권,2110544,망리단길,1203,718,485,1,179,248,331,253,191,1,107,153,171,147,139,0,72,95,160,106,52
2021,4,A,골목상권,2110543,중암중학교,38,25,13,0,6,8,14,7,3,0,3,5,8,6,3,0,3,3,6,1,0
2021,4,A,골목상권,2110542,마포구청역 7번,4013,2450,1563,16,528,715,782,1306,666,9,298,578,607,588,370,7,230,137,175,718,296
2021,4,A,골목상권,2110541,동교초등학교,377,221,156,0,43,59,101,96,78,0,23,37,63,50,48,0,20,22,38,46,30
2021,4,A,골목상권,2110540,망원나들목체육관,288,154,134,0,45,74,85,62,22,0,24,38,42,36,14,0,21,36,43,26,8
2021,4,A,골목상권,2110539,미근동,2792,1821,971,13,225,688,889,822,155,9,167,550,547,424,124,4,58,138,342,398,31
2021,4,A,골목상권,2110538,충정로역 3번,284,178,106,0,12,42,56,66,108,0,5,27,35,42,69,0,7,15,21,24,39
2021,4,A,골목상권,2110537,충정로현대아파트,1514,848,666,1,362,525,328,177,121,0,150,263,215,134,86,1,212,262,113,43,35
2021,4,A,골목상권,2110536,돈의문센트레빌아파트입구,141,105,36,0,12,23,61,32,13,0,7,17,50,21,10,0,5,6,11,11,3
2021,4,A,골목상권,2110535,영천시장입구,797,440,357,2,77,119,179,281,139,2,36,62,110,152,78,0,41,57,69,129,61
2021,4,A,골목상권,2110534,경기대학교,134,67,67,0,9,25,23,33,44,0,6,16,10,11,24,0,3,9,13,22,20
2021,4,A,골목상권,2110533,충정로역 7번,22,11,11,0,5,5,3,5,4,0,0,2,2,4,3,0,5,3,1,1,1
2021,4,A,골목상권,2110532,아현역 2번,330,205,125,0,52,33,48,78,119,0,17,13,23,57,95,0,35,20,25,21,24
2021,4,A,골목상권,2110531,홍지문,141,61,80,0,16,26,24,56,19,0,13,19,13,9,7,0,3,7,11,47,12
2021,4,A,골목상권,2110530,아현역 1번,36,20,16,0,5,5,7,15,4,0,2,5,4,6,3,0,3,0,3,9,1
2021,4,A,골목상권,2110529,홍제3동주민센터,136,67,69,0,14,22,30,27,43,0,2,6,11,16,32,0,12,16,19,11,11
2021,4,A,골목상권,2110528,서울여자간호대학교,309,149,160,0,11,22,32,69,175,0,10,12,16,22,89,0,1,10,16,47,86
2021,4,A,골목상권,2110527,홍제역 2번,177,83,94,1,35,39,35,38,29,1,11,26,14,19,12,0,24,13,21,19,17
2021,4,A,골목상권,2110526,봉원사,241,122,119,1,21,43,58,58,60,1,8,22,26,28,37,0,13,21,32,30,23
2021,4,A,골목상권,2110525,홍은종합사회복지관,61,17,44,0,10,12,15,10,14,0,1,3,0,4,9,0,9,9,15,6,5
2021,4,A,골목상권,2110524,연희세브란스병원,55,23,32,0,10,13,15,10,7,0,5,6,6,3,3,0,5,7,9,7,4
2021,4,A,골목상권,2110523,홍제성원아파트,25,11,14,0,0,6,7,7,5,0,0,1,3,5,2,0,0,5,4,2,3
2021,4,A,골목상권,2110522,홍제역 3번,8,3,5,0,3,0,1,1,3,0,0,0,0,1,2,0,3,0,1,0,1
2021,4,A,골목상권,2110521,홍제역 4번,63,36,27,0,4,7,19,17,16,0,0,4,10,9,13,0,4,3,9,8,3
2021,4,A,골목상권,2110520,경의중앙 신촌역,78,38,40,0,22,12,27,10,7,0,5,5,13,9,6,0,17,7,14,1,1
2021,4,A,골목상권,2110519,서대문구보건소별관,470,175,295,0,58,96,113,139,64,0,15,37,46,42,35,0,43,59,67,97,29
2021,4,A,골목상권,2110518,서대문구청,117,70,47,0,19,39,29,18,12,0,6,19,22,12,11,0,13,20,7,6,1
2021,4,A,골목상권,2110517,서대문소방서,1051,692,359,8,225,280,242,207,89,5,104,187,179,161,56,3,121,93,63,46,33
2021,4,A,골목상권,2110516,정원여중,114,85,29,0,24,19,35,22,14,0,17,14,26,19,9,0,7,5,9,3,5
2021,4,A,골목상권,2110515,홍은중학교,399,312,87,1,46,119,119,68,46,1,33,93,94,52,39,0,13,26,25,16,7
2021,4,A,골목상권,2110514,서대문우체국,86,19,67,0,26,26,17,9,8,0,0,4,7,4,4,0,26,22,10,5,4
2021,4,A,골목상권,2110513,연희파출소,457,241,216,0,51,87,110,130,79,0,17,46,58,69,51,0,34,41,52,61,28
2021,4,A,골목상권,2110512,연희지하차도,357,183,174,0,44,70,106,104,33,0,17,46,47,52,21,0,27,24,59,52,12
2021,4,A,골목상권,2110511,연희초등학교,3766,3317,449,2,465,768,660,1520,351,1,363,658,539,1427,329,1,102,110,121,93,22
2021,4,A,골목상권,2110510,홍연시장,99,59,40,0,8,14,35,26,16,0,4,6,23,14,12,0,4,8,12,12,4
2021,4,A,골목상권,2110509,연희대우아파트앞,691,333,358,0,73,177,151,193,97,0,29,73,77,101,53,0,44,104,74,92,44
2021,4,A,골목상권,2110508,서연중학교,1028,470,558,9,149,249,175,268,178,3,66,152,81,93,75,6,83,97,94,175,103
2021,4,A,골목상권,2110507,명지대학교,1537,1156,381,29,392,636,318,129,33,26,257,481,282,83,27,3,135,155,36,46,6
2021,4,A,골목상권,2110506,연희임광아파트,110,66,44,0,5,12,39,29,25,0,1,8,20,19,18,0,4,4,19,10,7
2021,4,A,골목상권,2110505,홍남교남측,14,9,5,0,1,0,3,7,3,0,0,0,2,5,2,0,1,0,1,2,1
2021,4,A,골목상권,2110504,명지전문대,139,35,104,0,8,17,27,38,49,0,3,4,6,11,11,0,5,13,21,27,38
2021,4,A,골목상권,2110503,명지대학교교회,230,123,107,0,27,52,59,64,28,0,9,30,26,36,22,0,18,22,33,28,6
2021,4,A,골목상권,2110502,남가좌파출소,290,147,143,0,29,34,73,92,62,0,14,16,35,47,35,0,15,18,38,45,27
2021,4,A,골목상권,2110501,연희어린이공원,214,82,132,0,12,33,40,75,54,0,3,20,15,18,26,0,9,13,25,57,28
2021,4,A,골목상권,2110500,남가좌동현대아파트,74,54,20,0,12,13,23,22,4,0,8,9,17,17,3,0,4,4,6,5,1
2021,4,A,골목상권,2110499,연가초등학교,282,123,159,0,44,47,83,67,41,0,8,22,32,35,26,0,36,25,51,32,15
2021,4,A,골목상권,2110498,증산역 1번,222,102,120,0,15,32,75,68,32,0,7,9,31,32,23,0,8,23,44,36,9
2021,4,A,골목상권,2110497,가좌역 3번,299,247,52,0,13,33,86,117,50,0,3,16,74,113,41,0,10,17,12,4,9
2021,4,A,골목상권,2110496,모래내우체국,611,333,278,2,88,190,160,89,82,2,20,100,117,42,52,0,68,90,43,47,30
2021,4,A,골목상권,2110495,북가좌2동주민센터,501,372,129,0,28,67,125,185,96,0,11,45,88,152,76,0,17,22,37,33,20
2021,4,A,골목상권,2110494,증산3교남측,31,24,7,0,1,8,7,9,6,0,0,7,5,7,5,0,1,1,2,2,1
2021,4,A,골목상권,2110493,북가좌초등학교,892,830,62,0,2,19,27,80,764,0,0,12,22,68,728,0,2,7,5,12,36
2021,4,A,골목상권,2110492,하나고등학교,247,43,204,1,6,15,13,98,114,0,1,8,7,10,17,1,5,7,6,88,97
2021,4,A,골목상권,2110491,불광중학교,195,90,105,0,13,35,71,56,20,0,8,20,32,18,12,0,5,15,39,38,8
2021,4,A,골목상권,2110490,녹번동근린공원,307,166,141,0,30,64,85,76,52,0,11,30,47,45,33,0,19,34,38,31,19
2021,4,A,골목상권,2110489,불광역 3번,35,25,10,0,3,7,10,10,5,0,3,4,7,6,5,0,0,3,3,4,0
2021,4,A,골목상권,2110488,우리은행응암동지점,171,103,68,1,14,24,41,36,55,0,8,16,19,15,45,1,6,8,22,21,10
2021,4,A,골목상권,2110487,불광역 8번,63,35,28,0,11,22,15,8,7,0,6,11,7,8,3,0,5,11,8,0,4
2021,4,A,골목상권,2110486,은평구청,629,292,337,0,86,110,146,178,109,0,55,72,56,64,45,0,31,38,90,114,64
2021,4,A,골목상권,2110485,연신내우체국,1259,678,581,0,7,24,35,160,1033,0,4,5,15,70,584,0,3,19,20,90,449
2021,4,A,골목상권,2110484,역촌역 3번,500,203,297,6,62,136,132,103,61,5,34,48,43,35,38,1,28,88,89,68,23
2021,4,A,골목상권,2110483,연천초등학교,147,90,57,0,13,21,45,22,46,0,5,11,31,13,30,0,8,10,14,9,16
2021,4,A,골목상권,2110482,연신초등학교,45,19,26,0,2,5,16,19,3,0,0,0,6,11,2,0,2,5,10,8,1
2021,4,A,골목상권,2110481,불광역 7번,193,86,107,0,13,43,41,57,39,0,2,22,11,24,27,0,11,21,30,33,12
2021,4,A,골목상권,2110480,연신내역 3번,117,34,83,0,7,27,37,29,17,0,0,7,12,9,6,0,7,20,25,20,11
2021,4,A,골목상권,2110479,연신내역 2번,304,177,127,1,50,83,64,66,40,0,28,71,33,32,13,1,22,12,31,34,27
2021,4,A,골목상권,2110478,응암1동주민센터,359,221,138,2,26,39,56,58,178,2,16,23,28,33,119,0,10,16,28,25,59
2021,4,A,골목상권,2110477,은평세무서,434,205,229,0,43,62,106,141,82,0,15,23,49,71,47,0,28,39,57,70,35
2021,4,A,골목상권,2110476,역촌역 2번,56,26,30,0,2,8,22,17,7,0,1,3,9,7,6,0,1,5,13,10,1
2021,4,A,골목상권,2110475,백련산해모로아파트,241,126,115,1,23,42,76,68,31,1,10,24,44,28,19,0,13,18,32,40,12
2021,4,A,골목상권,2110474,세명컴퓨터고등학교,196,68,128,0,12,41,40,59,44,0,3,19,15,11,20,0,9,22,25,48,24
2021,4,A,골목상권,2110473,구산역 1번,436,241,195,0,34,59,113,107,123,0,24,27,53,49,88,0,10,32,60,58,35
2021,4,A,골목상권,2110472,연신내역 4번,336,156,180,2,52,77,80,68,57,1,16,43,30,37,29,1,36,34,50,31,28
2021,4,A,골목상권,2110471,응암동우체국,258,110,148,0,33,58,70,72,25,0,10,17,25,36,22,0,23,41,45,36,3
2021,4,A,골목상권,2110470,신진과학기술고등학교,127,78,49,0,30,22,40,25,10,0,12,11,31,19,5,0,18,11,9,6,5
2021,4,A,골목상권,2110469,응암정보도서관,340,184,156,1,38,58,102,103,38,0,11,29,59,56,29,1,27,29,43,47,9
2021,4,A,골목상권,2110468,응암역 3번,1129,494,635,2,141,256,316,256,158,0,44,114,140,109,87,2,97,142,176,147,71
2021,4,A,골목상권,2110467,은평요양병원,487,284,203,3,90,154,110,68,62,2,46,100,61,37,38,1,44,54,49,31,24
2021,4,A,골목상권,2110466,구산역 2번,87,46,41,0,12,17,26,24,8,0,4,5,16,15,6,0,8,12,10,9,2
2021,4,A,골목상권,2110465,연신내역 7번,229,110,119,3,36,48,55,52,35,2,11,25,24,23,25,1,25,23,31,29,10
2021,4,A,골목상권,2110464,연신내역 5번,301,170,131,4,32,53,93,85,34,4,18,28,44,49,27,0,14,25,49,36,7
2021,4,A,골목상권,2110463,응암3동주민센터,123,54,69,0,7,23,36,26,31,0,3,6,14,11,20,0,4,17,22,15,11
2021,4,A,골목상권,2110462,갈현건영아파트,354,220,134,1,41,64,104,81,63,1,23,38,61,50,47,0,18,26,43,31,16
2021,4,A,골목상권,2110461,새절역 2번,39,21,18,0,2,8,11,10,8,0,2,2,6,6,5,0,0,6,5,4,3
2021,4,A,골목상권,2110460,구산역 4번,969,582,387,0,57,184,248,234,246,0,18,124,133,121,186,0,39,60,115,113,60
2021,4,A,골목상권,2110459,응암역 2번,547,198,349,1,50,105,159,154,78,0,9,38,77,41,33,1,41,67,82,113,45
2021,4,A,골목상권,2110458,선일여고,404,211,193,1,34,87,96,122,64,0,19,52,49,54,37,1,15,35,47,68,27
2021,4,A,골목상권,2110457,예일여고,484,284,200,1,60,89,88,132,114,0,27,47,47,71,92,1,33,42,41,61,22
2021,4,A,골목상권,2110456,구산보건지소,966,543,423,3,284,226,177,146,130,1,123,112,94,96,117,2,161,114,83,50,13
2021,4,A,골목상권,2110455,역촌노인복지관,678,360,318,2,69,118,187,198,104,0,34,63,89,105,69,2,35,55,98,93,35
2021,4,A,골목상권,2110454,선정중학교,481,268,213,3,56,71,142,108,101,2,42,35,53,66,70,1,14,36,89,42,31
2021,4,A,골목상권,2110453,신사1동주민센터,515,288,227,0,43,81,121,155,115,0,20,25,65,85,93,0,23,56,56,70,22
2021,4,A,골목상권,2110452,새절역 3번,420,347,73,1,17,47,78,132,145,1,11,29,58,113,135,0,6,18,20,19,10
2021,4,A,골목상권,2110451,증산역 4번,1296,986,310,2,153,384,374,298,85,2,78,294,312,235,65,0,75,90,62,63,20
2021,4,A,골목상권,2110450,시립서북병원,1576,644,932,4,301,361,344,339,227,2,124,172,146,108,92,2,177,189,198,231,135
2021,4,A,골목상권,2110449,증산역 3번,717,414,303,0,105,161,186,149,116,0,47,98,99,85,85,0,58,63,87,64,31
2021,4,A,골목상권,2110448,상신초등학교입구,120,76,44,1,20,27,26,26,20,1,17,17,12,14,15,0,3,10,14,12,5
2021,4,A,골목상권,2110447,구산초등학교,12,7,5,0,2,2,3,1,4,0,1,2,1,1,2,0,1,0,2,0,2
2021,4,A,골목상권,2110446,내를건너서숲으로도서관,375,294,81,0,65,88,84,69,69,0,61,77,55,44,57,0,4,11,29,25,12
2021,4,A,골목상권,2110445,덕산중학교,61,45,16,0,18,14,15,6,8,0,10,9,12,6,8,0,8,5,3,0,0
2021,4,A,골목상권,2110444,수색성당,170,73,97,0,13,53,46,45,13,0,5,27,13,17,11,0,8,26,33,28,2
2021,4,A,골목상권,2110443,수색역 1번,14,7,7,0,1,1,7,4,1,0,0,1,2,3,1,0,1,0,5,1,0
2021,4,A,골목상권,2110442,화랑대철도공원,76,20,56,0,1,4,14,49,8,0,0,2,4,10,4,0,1,2,10,39,4
2021,4,A,골목상권,2110441,영신여고,172,78,94,0,19,38,41,45,29,0,7,20,16,23,12,0,12,18,25,22,17
2021,4,A,골목상권,2110440,상계3동4동주민센터,49,16,33,0,8,6,15,10,10,0,1,1,4,2,8,0,7,5,11,8,2
2021,4,A,골목상권,2110439,당고개역 5번,63,21,42,0,3,7,6,19,28,0,0,4,2,7,8,0,3,3,4,12,20
2021,4,A,골목상권,2110438,경춘선숲길 우측,230,110,120,0,26,54,83,52,15,0,12,21,38,30,9,0,14,33,45,22,6
2021,4,A,골목상권,2110437,당고개역 2번,116,40,76,0,16,23,25,41,11,0,5,11,9,10,5,0,11,12,16,31,6
2021,4,A,골목상권,2110436,상계제일중학교,93,60,33,0,15,21,33,20,4,0,5,13,23,15,4,0,10,8,10,5,0
2021,4,A,골목상권,2110435,서울과학기술대,73,40,33,0,5,12,18,25,13,0,3,4,8,14,11,0,2,8,10,11,2
2021,4,A,골목상권,2110434,태릉입구역 4번,121,62,59,0,13,11,24,35,38,0,3,2,12,22,23,0,10,9,12,13,15
2021,4,A,골목상권,2110433,공릉역 2번,401,137,264,1,30,41,46,46,237,1,17,30,25,18,46,0,13,11,21,28,191
2021,4,A,골목상권,2110432,대진고등학교,894,734,160,0,55,146,248,343,102,0,27,96,214,311,86,0,28,50,34,32,16
2021,4,A,골목상권,2110431,상계역,124,72,52,1,16,24,28,37,18,0,2,13,17,27,13,1,14,11,11,10,5
2021,4,A,골목상권,2110430,중계초등학교,307,114,193,0,20,36,65,106,80,0,9,11,21,29,44,0,11,25,44,77,36
2021,4,A,골목상권,2110429,공릉동 국수거리,2074,916,1158,3,224,284,511,689,363,1,91,167,248,234,175,2,133,117,263,455,188
2021,4,A,골목상권,2110428,상계5동주민센터,491,217,274,1,43,52,106,158,131,0,14,25,45,70,63,1,29,27,61,88,68
2021,4,A,골목상권,2110427,노원 을지대학교병원,363,281,82,0,27,27,62,126,121,0,12,14,31,109,115,0,15,13,31,17,6
2021,4,A,골목상권,2110426,상계2동주민센터,337,169,168,0,32,57,83,96,69,0,15,30,39,45,40,0,17,27,44,51,29
2021,4,A,골목상권,2110425,계상초등학교,130,54,76,2,18,10,35,38,27,2,5,5,18,14,10,0,13,5,17,24,17
2021,4,A,골목상권,2110424,상계초등학교,388,157,231,2,42,50,96,106,92,2,18,32,32,42,31,0,24,18,64,64,61
2021,4,A,골목상권,2110423,석계역 2번,280,104,176,0,27,29,65,73,86,0,9,15,31,29,20,0,18,14,34,44,66
2021,4,A,골목상권,2110422,노원역 9번,277,221,56,0,27,70,94,54,32,0,24,59,79,37,22,0,3,11,15,17,10
2021,4,A,골목상권,2110421,석계역 1번,249,109,140,0,22,37,78,65,47,0,8,16,31,26,28,0,14,21,47,39,19
2021,4,A,골목상권,2110420,광운대역 1번,814,483,331,7,235,312,188,43,29,0,114,236,92,23,18,7,121,76,96,20,11
2021,4,A,골목상권,2110419,수락산디자인거리,789,536,253,5,96,138,186,200,164,5,51,79,130,146,125,0,45,59,56,54,39
2021,4,A,골목상권,2110418,광운대학교 남단,100,45,55,0,11,17,23,26,23,0,5,5,13,16,6,0,6,12,10,10,17
2021,4,A,골목상권,2110417,월계역 3번,26,14,12,0,11,9,2,4,0,0,4,6,2,2,0,0,7,3,0,2,0
2021,4,A,골목상권,2110416,노원초등학교,468,244,224,4,61,110,118,126,49,2,24,73,58,58,29,2,37,37,60,68,20
2021,4,A,골목상권,2110415,수락산역 4번,635,386,249,5,82,110,155,174,109,5,46,71,85,110,69,0,36,39,70,64,40
2021,4,A,골목상권,2110414,장석교회,61,47,14,0,5,13,15,20,8,0,3,11,11,17,5,0,2,2,4,3,3
2021,4,A,골목상권,2110413,누원고등학교,54,33,21,0,8,11,12,11,12,0,5,8,5,5,10,0,3,3,7,6,2
2021,4,A,골목상권,2110412,창동중학교,25,23,2,0,4,7,3,4,7,0,3,7,3,3,7,0,1,0,0,1,0
2021,4,A,골목상권,2110411,도봉역 3번,413,368,45,1,13,35,58,137,169,0,10,22,45,130,161,1,3,13,13,7,8
2021,4,A,골목상권,2110410,방학역 2번,957,833,124,3,75,187,185,224,283,2,61,162,154,194,260,1,14,25,31,30,23
2021,4,A,골목상권,2110409,창동역 2번,3957,2958,999,1,352,962,964,701,977,0,256,794,803,441,664,1,96,168,161,260,313
2021,4,A,골목상권,2110408,가인초등학교,359,108,251,0,68,70,101,86,34,0,13,24,33,22,16,0,55,46,68,64,18
2021,4,A,골목상권,2110407,도봉역 2번,562,338,224,1,32,77,115,203,134,1,8,41,57,126,105,0,24,36,58,77,29
2021,4,A,골목상권,2110406,도봉산역 1번,659,595,64,0,13,37,147,294,168,0,6,25,133,278,153,0,7,12,14,16,15
2021,4,A,골목상권,2110405,방학역 1번,1123,365,758,3,130,176,308,427,79,3,67,109,82,70,34,0,63,67,226,357,45
2021,4,A,골목상권,2110404,신창초등학교,520,300,220,1,42,96,163,136,82,0,11,57,109,76,47,1,31,39,54,60,35
2021,4,A,골목상권,2110403,방학1동주민센터,316,167,149,1,44,56,63,78,74,1,30,37,36,36,27,0,14,19,27,42,47
2021,4,A,골목상권,2110402,도봉구 정병원,471,221,250,1,85,98,98,106,83,0,24,38,54,59,46,1,61,60,44,47,37
2021,4,A,골목상권,2110401,도봉구민회관,243,65,178,0,29,32,38,87,57,0,4,14,14,22,11,0,25,18,24,65,46
2021,4,A,골목상권,2110400,도봉구보건소,191,111,80,0,20,35,53,51,32,0,9,22,32,26,22,0,11,13,21,25,10
2021,4,A,골목상권,2110399,창2동주민센터,852,519,333,8,114,210,262,189,69,8,71,159,139,94,48,0,43,51,123,95,21
2021,4,A,골목상권,2110398,쌍문2동우체국,474,326,148,0,30,65,96,153,130,0,11,27,50,124,114,0,19,38,46,29,16
2021,4,A,골목상권,2110397,도봉산입구,469,257,212,0,31,56,101,131,150,0,6,34,39,73,105,0,25,22,62,58,45
2021,4,A,골목상권,2110396,쌍문역1번(쌍리단길),259,94,165,2,41,49,52,76,39,0,13,15,22,29,15,2,28,34,30,47,24
2021,4,A,골목상권,2110395,신한은행 방학동지점,163,42,121,0,17,20,44,42,40,0,0,2,11,9,20,0,17,18,33,33,20
2021,4,A,골목상권,2110394,방학중학교,193,116,77,0,15,32,46,48,52,0,8,18,23,29,38,0,7,14,23,19,14
2021,4,A,골목상권,2110393,국민은행방학지점,49,13,36,0,2,10,17,15,5,0,0,0,4,6,3,0,2,10,13,9,2
2021,4,A,골목상권,2110392,발바닥공원,43,17,26,0,2,8,7,10,16,0,0,0,3,3,11,0,2,8,4,7,5
2021,4,A,골목상권,2110391,샘말어린이공원,373,154,219,0,29,54,74,53,163,0,14,28,40,26,46,0,15,26,34,27,117
2021,4,A,골목상권,2110390,방학초등학교,225,105,120,0,18,60,66,58,23,0,7,33,27,27,11,0,11,27,39,31,12
2021,4,A,골목상권,2110389,한일병원,209,120,89,0,23,37,57,53,39,0,10,19,35,30,26,0,13,18,22,23,13
2021,4,A,골목상권,2110388,도봉우체국,35,23,12,0,4,3,10,14,4,0,2,2,7,8,4,0,2,1,3,6,0
2021,4,A,골목상권,2110387,쌍문초등학교,335,185,150,0,38,53,98,88,58,0,13,29,51,47,45,0,25,24,47,41,13
2021,4,A,골목상권,2110386,연산군묘,124,114,10,0,4,3,10,44,63,0,1,3,7,40,63,0,3,0,3,4,0
2021,4,A,골목상권,2110385,효문고등학교,37,22,15,0,3,9,12,4,9,0,2,5,3,4,8,0,1,4,9,0,1
2021,4,A,골목상권,2110384,문이교,248,138,110,0,37,20,50,81,60,0,12,8,21,51,46,0,25,12,29,30,14
2021,4,A,골목상권,2110383,덕성여대시반거리,33,21,12,0,0,3,13,10,7,0,0,2,9,5,5,0,0,1,4,5,2
2021,4,A,골목상권,2110382,솔밭공원역 1번,32,25,7,0,1,9,8,7,7,0,0,5,6,7,7,0,1,4,2,0,0
2021,4,A,골목상권,2110381,번동주공2단지,171,88,83,5,31,28,38,55,14,4,11,14,21,30,8,1,20,14,17,25,6
2021,4,A,골목상권,2110380,강북문화정보도서관,48,15,33,0,12,10,12,10,4,0,0,3,5,4,3,0,12,7,7,6,1
2021,4,A,골목상권,2110379,KT&G 북부지사,12,3,9,1,1,1,3,3,3,0,0,0,1,1,1,1,1,1,2,2,2
2021,4,A,골목상권,2110378,송중동주민센터,23,13,10,0,1,4,6,9,3,0,1,2,2,6,2,0,0,2,4,3,1
2021,4,A,골목상권,2110377,미아사거리역 3번,21,14,7,0,2,2,2,9,6,0,2,2,1,4,5,0,0,0,1,5,1
2021,4,A,골목상권,2110376,수송초등학교,224,142,82,0,26,47,62,60,29,0,12,29,38,41,22,0,14,18,24,19,7
2021,4,A,골목상권,2110375,서울북부고용노동지청,178,99,79,1,23,32,47,52,23,0,18,26,25,19,11,1,5,6,22,33,12
2021,4,A,골목상권,2110374,송중초등학교,491,272,219,5,33,60,145,140,108,5,9,29,73,70,86,0,24,31,72,70,22
2021,4,A,골목상권,2110373,수유역 2번,891,705,186,0,129,255,172,236,99,0,90,208,134,205,68,0,39,47,38,31,31
2021,4,A,골목상권,2110372,강북중학교,188,100,88,0,21,43,50,48,26,0,17,25,18,20,20,0,4,18,32,28,6
2021,4,A,골목상권,2110371,삼양입구사거리,49,23,26,0,2,7,10,19,11,0,0,3,5,10,5,0,2,4,5,9,6
2021,4,A,골목상권,2110370,도봉세무서,367,255,112,0,17,61,76,105,108,0,11,31,42,80,91,0,6,30,34,25,17
2021,4,A,골목상권,2110369,성신여대운정그린캠퍼스,518,214,304,1,49,46,131,131,160,1,10,16,44,53,90,0,39,30,87,78,70
2021,4,A,골목상권,2110368,송천초등학교,196,176,20,0,9,16,36,71,64,0,5,11,32,66,62,0,4,5,4,5,2
2021,4,A,골목상권,2110367,강북구청,1943,976,967,5,195,512,483,522,226,4,64,205,237,340,126,1,131,307,246,182,100
2021,4,A,골목상권,2110366,광산사거리,91,64,27,0,17,20,17,22,15,0,13,13,11,16,11,0,4,7,6,6,4
2021,4,A,골목상권,2110365,미아역 5번,341,83,258,0,17,21,44,63,196,0,5,12,15,17,34,0,12,9,29,46,162
2021,4,A,골목상권,2110364,미아역 8번,146,75,71,0,9,26,51,39,21,0,3,9,25,23,15,0,6,17,26,16,6
2021,4,A,골목상권,2110363,송천동주민센터,19,12,7,0,0,4,3,7,5,0,0,3,1,4,4,0,0,1,2,3,1
2021,4,A,골목상권,2110362,우이천 계성교,205,110,95,1,24,34,61,63,22,0,11,19,28,35,17,1,13,15,33,28,5
2021,4,A,골목상권,2110361,삼양사거리역 1번,101,29,72,0,9,12,19,28,33,0,2,4,3,7,13,0,7,8,16,21,20
2021,4,A,골목상권,2110360,수유초등학교,321,222,99,0,34,61,63,67,96,0,7,43,42,44,86,0,27,18,21,23,10
2021,4,A,골목상권,2110359,수유시장옆,117,67,50,0,12,25,33,36,11,0,3,12,16,29,7,0,9,13,17,7,4
2021,4,A,골목상권,2110358,인수동 우편취급국,558,300,258,0,18,35,68,214,223,0,2,18,24,94,162,0,16,17,44,120,61
2021,4,A,골목상권,2110357,가오리역 1번,725,611,114,0,25,36,171,340,153,0,4,18,146,310,133,0,21,18,25,30,20
2021,4,A,골목상권,2110356,덕수교,228,114,114,0,13,34,55,60,66,0,4,17,22,30,41,0,9,17,33,30,25
2021,4,A,골목상권,2110355,삼양사거리역 2번,306,254,52,0,8,26,44,103,125,0,1,10,31,94,118,0,7,16,13,9,7
2021,4,A,골목상권,2110354,삼각산119안전센터,22,5,17,0,2,3,10,5,2,0,0,0,2,1,2,0,2,3,8,4,0
2021,4,A,골목상권,2110353,수유동우체국,187,91,96,0,4,18,48,60,57,0,1,12,33,27,18,0,3,6,15,33,39
2021,4,A,골목상권,2110352,수유1동주민센터,305,121,184,0,28,55,103,86,33,0,11,24,37,32,17,0,17,31,66,54,16
2021,4,A,골목상권,2110351,수유북부시장옆,214,93,121,0,27,45,51,59,32,0,9,17,20,25,22,0,18,28,31,34,10
2021,4,A,골목상권,2110350,가오리역 2번,148,77,71,0,11,27,37,49,24,0,5,11,18,26,17,0,6,16,19,23,7
2021,4,A,골목상권,2110349,화계역 2번,83,67,16,0,6,4,21,33,19,0,5,3,12,28,19,0,1,1,9,5,0
2021,4,A,골목상권,2110348,강북문화예술회관,343,174,169,0,27,59,108,96,53,0,4,31,63,43,33,0,23,28,45,53,20
2021,4,A,골목상권,2110347,구세군강북종합사회복지관,38,17,21,0,10,7,5,9,7,0,1,5,1,5,5,0,9,2,4,4,2
2021,4,A,골목상권,2110346,4.19민주묘지역 2번,96,48,48,0,12,13,19,19,33,0,3,7,8,7,23,0,9,6,11,12,10
2021,4,A,골목상권,2110345,솔밭공원역 2번,117,48,69,1,14,20,26,38,18,0,3,6,8,18,13,1,11,14,18,20,5
2021,4,A,골목상권,2110344,화계중학교,12,10,2,0,7,1,1,2,1,0,5,1,1,2,1,0,2,0,0,0,0
2021,4,A,골목상권,2110343,무너미어린이공원,100,74,26,0,7,21,28,32,12,0,4,14,22,25,9,0,3,7,6,7,3
2021,4,A,골목상권,2110342,국립재활원,59,44,15,0,5,11,20,15,8,0,3,8,14,13,6,0,2,3,6,2,2
2021,4,A,골목상권,2110341,북한산우이역 2번,492,408,84,0,15,25,80,255,117,0,4,10,52,235,107,0,11,15,28,20,10
2021,4,A,골목상권,2110340,인수중학교,176,99,77,0,24,55,50,29,18,0,8,43,31,7,10,0,16,12,19,22,8
2021,4,A,골목상권,2110339,국립4.19민주묘지,26,10,16,0,2,4,8,7,5,0,0,3,5,0,2,0,2,1,3,7,3
2021,4,A,골목상권,2110338,인수초등학교,190,135,55,0,34,59,43,46,8,0,18,42,33,35,7,0,16,17,10,11,1
2021,4,A,골목상권,2110337,아카데미하우스,512,368,144,6,70,69,94,159,114,6,43,58,60,98,103,0,27,11,34,61,11
2021,4,A,골목상권,2110336,석관고등학교,94,84,10,0,3,17,16,37,21,0,3,15,13,34,19,0,0,2,3,3,2
2021,4,A,골목상권,2110335,석계역 7번,249,172,77,1,19,32,66,64,67,0,13,18,34,45,62,1,6,14,32,19,5
2021,4,A,골목상권,2110334,석관중앙교회,170,105,65,0,21,43,31,41,34,0,8,19,19,29,30,0,13,24,12,12,4
2021,4,A,골목상권,2110333,돌곶이역 5번,988,746,242,0,15,23,38,74,838,0,2,13,20,42,669,0,13,10,18,32,169
2021,4,A,골목상권,2110332,돌곶이역 3번,164,63,101,0,28,29,42,47,18,0,6,18,19,14,6,0,22,11,23,33,12
2021,4,A,골목상권,2110331,돌곶이역 8번,436,292,144,3,54,146,112,76,45,0,17,105,82,53,35,3,37,41,30,23,10
2021,4,A,골목상권,2110330,돌곶이역 1번,220,172,48,0,12,18,33,31,126,0,4,12,20,23,113,0,8,6,13,8,13
2021,4,A,골목상권,2110329,우리은행체육관,53,27,26,1,7,9,12,17,7,1,0,5,5,10,6,0,7,4,7,7,1
2021,4,A,골목상권,2110328,상월곡역 3번,250,157,93,1,41,81,66,39,22,1,26,58,33,24,15,0,15,23,33,15,7
2021,4,A,골목상권,2110327,상월곡역 2번,104,55,49,0,8,15,39,26,16,0,3,6,23,14,9,0,5,9,16,12,7
2021,4,A,골목상권,2110326,장위동성당,84,40,44,0,2,9,16,13,44,0,1,2,6,5,26,0,1,7,10,8,18
2021,4,A,골목상권,2110325,장곡초등학교,62,22,40,0,0,14,22,20,6,0,0,3,8,7,4,0,0,11,14,13,2
2021,4,A,골목상권,2110324,월곡역 4번,99,55,44,0,31,21,19,18,10,0,9,10,13,14,9,0,22,11,6,4,1
2021,4,A,골목상권,2110323,상월곡역 1번,109,30,79,2,25,24,28,18,12,0,4,5,11,5,5,2,21,19,17,13,7
2021,4,A,골목상권,2110322,장위1동주민센터,237,158,79,0,14,15,42,74,92,0,9,11,30,52,56,0,5,4,12,22,36
2021,4,A,골목상권,2110321,동덕여대,43,29,14,0,2,6,17,12,6,0,2,6,9,7,5,0,0,0,8,5,1
2021,4,A,골목상권,2110320,KB국민은행 종암동지점,72,44,28,0,2,11,24,21,14,0,1,5,12,14,12,0,1,6,12,7,2
2021,4,A,골목상권,2110319,종암동주민센터,277,111,166,1,45,49,65,62,55,0,8,19,24,32,28,1,37,30,41,30,27
2021,4,A,골목상권,2110318,KT월곡지사,148,78,70,0,21,29,45,36,17,0,10,19,22,14,13,0,11,10,23,22,4
2021,4,A,골목상권,2110317,종암중학교,412,207,205,0,33,120,153,86,20,0,14,47,78,59,9,0,19,73,75,27,11
2021,4,A,골목상권,2110316,숭곡초등학교,439,217,222,2,68,114,129,88,38,2,19,58,73,42,23,0,49,56,56,46,15
2021,4,A,골목상권,2110315,종암아이파크2차,124,78,46,0,11,17,41,38,17,0,4,9,27,25,13,0,7,8,14,13,4
2021,4,A,골목상권,2110314,종암경찰서,953,701,252,1,127,272,224,287,42,0,72,207,163,231,28,1,55,65,61,56,14
2021,4,A,골목상권,2110313,안암역 3번,2079,1351,728,2,209,555,672,477,164,0,96,312,446,356,141,2,113,243,226,121,23
2021,4,A,골목상권,2110312,안암역 2번,175,96,79,0,18,24,52,54,27,0,9,17,27,27,16,0,9,7,25,27,11
2021,4,A,골목상권,2110311,종암아이파크2차후문,49,21,28,0,3,5,24,7,10,0,2,2,6,4,7,0,1,3,18,3,3
2021,4,A,골목상권,2110310,길음역 10번,45,14,31,0,12,8,5,15,5,0,4,1,2,4,3,0,8,7,3,11,2
2021,4,A,골목상권,2110309,대광초등학교,354,252,102,0,37,57,103,96,61,0,18,39,69,75,51,0,19,18,34,21,10
2021,4,A,골목상권,2110308,길음역 8번,174,85,89,0,17,36,56,41,24,0,8,17,26,20,14,0,9,19,30,21,10
2021,4,A,골목상권,2110307,길음역 7번,158,71,87,0,29,32,52,27,18,0,7,17,23,12,12,0,22,15,29,15,6
2021,4,A,골목상권,2110306,미아초등학교,291,194,97,2,13,46,66,71,93,0,3,25,39,45,82,2,10,21,27,26,11
2021,4,A,골목상권,2110305,보문역 5번,883,661,222,3,165,255,173,133,154,1,99,199,129,103,130,2,66,56,44,30,24
2021,4,A,골목상권,2110304,보문역 4번,248,146,102,0,40,77,61,48,22,0,10,46,35,37,18,0,30,31,26,11,4
2021,4,A,골목상권,2110303,성신여대입구역 1번,138,97,41,1,7,35,44,27,24,0,2,22,28,25,20,1,5,13,16,2,4
2021,4,A,골목상권,2110302,보문역 8번,3818,3195,623,1,369,1436,715,829,468,1,257,1276,659,708,294,0,112,160,56,121,174
2021,4,A,골목상권,2110301,성신여대입구역 7번,484,209,275,1,73,84,96,134,96,0,31,37,39,62,40,1,42,47,57,72,56
2021,4,A,골목상권,2110300,삼선동주민센터,2735,1587,1148,3,248,710,769,844,161,2,97,300,444,629,115,1,151,410,325,215,46
2021,4,A,골목상권,2110299,정릉역 1번,372,241,131,1,33,49,83,95,111,0,9,12,40,74,106,1,24,37,43,21,5
2021,4,A,골목상권,2110298,솔숲어린이공원,77,28,49,0,18,11,24,12,12,0,3,5,7,5,8,0,15,6,17,7,4
2021,4,A,골목상권,2110297,경동고등학교,654,311,343,0,74,123,156,164,137,0,31,65,74,79,62,0,43,58,82,85,75
2021,4,A,골목상권,2110296,성신여대입구역 4번,77,39,38,1,7,12,30,11,16,1,3,7,15,8,5,0,4,5,15,3,11
2021,4,A,골목상권,2110295,정릉우체국,679,248,431,0,166,178,163,119,53,0,36,67,49,52,44,0,130,111,114,67,9
2021,4,A,골목상권,2110294,서경대학교,391,262,129,0,35,30,93,120,113,0,18,14,46,87,97,0,17,16,47,33,16
2021,4,A,골목상권,2110293,삼선중학교,1730,860,870,4,248,467,527,319,165,3,116,277,268,111,85,1,132,190,259,208,80
2021,4,A,골목상권,2110292,정릉역 2번,43,17,26,0,2,7,21,7,6,0,1,5,6,3,2,0,1,2,15,4,4
2021,4,A,골목상권,2110291,한성대입구역 3번,345,174,171,2,27,49,96,92,79,0,14,24,50,52,34,2,13,25,46,40,45
2021,4,A,골목상권,2110290,북한산보국문역 1번,96,78,18,0,2,9,29,37,19,0,1,8,23,30,16,0,1,1,6,7,3
2021,4,A,골목상권,2110289,북한산보국문역 2번,144,105,39,0,9,28,49,32,26,0,6,23,30,24,22,0,3,5,19,8,4
2021,4,A,골목상권,2110288,동구여중,216,139,77,1,19,49,52,55,40,0,9,22,35,40,33,1,10,27,17,15,7
2021,4,A,골목상권,2110287,정릉3동주민센터,70,50,20,0,9,12,18,19,12,0,5,8,15,12,10,0,4,4,3,7,2
2021,4,A,골목상권,2110286,한성대입구역 5번,978,468,510,17,187,284,317,122,51,8,70,126,143,83,38,9,117,158,174,39,13
2021,4,A,골목상권,2110285,홍대부중,814,559,255,9,219,220,210,100,56,6,118,172,163,69,31,3,101,48,47,31,25
2021,4,A,골목상권,2110284,정릉북한산국립공원입구,644,558,86,0,13,85,200,250,96,0,8,69,176,220,85,0,5,16,24,30,11
2021,4,A,골목상권,2110283,성북초등학교앞,203,78,125,0,16,33,56,80,18,0,8,10,23,27,10,0,8,23,33,53,8
2021,4,A,골목상권,2110282,국민대학교앞,1403,1162,241,15,213,430,341,239,165,14,151,387,296,212,102,1,62,43,45,27,63
2021,4,A,골목상권,2110281,길상사,13811,12087,1724,12,1418,3093,4057,4963,268,1,960,2426,3678,4822,200,11,458,667,379,141,68
2021,4,A,골목상권,2110280,북정마을,78,40,38,0,6,12,25,24,11,0,2,4,11,15,8,0,4,8,14,9,3
2021,4,A,골목상권,2110279,신내역 2번,9,8,1,0,0,1,4,4,0,0,0,1,3,4,0,0,0,0,1,0,0
2021,4,A,골목상권,2110278,망우본동주민센터,279,168,111,1,32,46,78,83,39,0,10,25,44,57,32,1,22,21,34,26,7
2021,4,A,골목상권,2110277,러스크서울병원,178,100,78,0,16,32,39,52,39,0,6,15,23,29,27,0,10,17,16,23,12
2021,4,A,골목상권,2110276,신내IC북측,39,25,14,0,1,6,11,12,9,0,0,5,6,9,5,0,1,1,5,3,4
2021,4,A,골목상권,2110275,하나은행 망우동지점,63,33,30,0,4,9,19,16,15,0,3,6,9,5,10,0,1,3,10,11,5
2021,4,A,골목상권,2110274,서일대학교,552,385,167,0,49,66,143,153,141,0,10,43,97,121,114,0,39,23,46,32,27
2021,4,A,골목상권,2110273,장스여성병원,610,446,164,7,31,37,75,209,251,0,4,8,37,168,229,7,27,29,38,41,22
2021,4,A,골목상권,2110272,신내1동주민센터,471,318,153,0,45,69,93,149,115,0,15,35,60,103,105,0,30,34,33,46,10
2021,4,A,골목상권,2110271,신내역 1번,97,74,23,0,8,17,25,29,18,0,5,14,18,23,14,0,3,3,7,6,4
2021,4,A,골목상권,2110270,혜원여고,168,148,20,0,4,5,7,70,82,0,4,3,6,59,76,0,0,2,1,11,6
2021,4,A,골목상권,2110269,용마문화복지센터,169,98,71,0,19,53,52,28,17,0,13,32,30,19,4,0,6,21,22,9,13
2021,4,A,골목상권,2110268,망우3동주민센터,60,30,30,0,10,13,10,18,9,0,1,5,7,10,7,0,9,8,3,8,2
2021,4,A,골목상권,2110267,망우역 2번,139,49,90,1,15,28,50,28,17,1,2,10,19,13,4,0,13,18,31,15,13
2021,4,A,골목상권,2110266,면목동우체국,225,182,43,0,10,31,38,79,67,0,1,19,30,69,63,0,9,12,8,10,4
2021,4,A,골목상권,2110265,망우역 1번,198,91,107,1,23,43,54,57,20,0,7,18,21,32,13,1,16,25,33,25,7
2021,4,A,골목상권,2110264,면목역 2번,358,170,188,1,52,75,93,80,57,0,21,40,40,37,32,1,31,35,53,43,25
2021,4,A,골목상권,2110263,면목역 1번,128,69,59,0,12,27,34,24,31,0,6,12,11,14,26,0,6,15,23,10,5
2021,4,A,골목상권,2110262,상봉역 3번,1532,879,653,2,221,447,543,268,51,0,119,337,282,107,34,2,102,110,261,161,17
2021,4,A,골목상권,2110261,사가정역 4번,167,90,77,1,16,29,49,50,22,1,8,15,25,26,15,0,8,14,24,24,7
2021,4,A,골목상권,2110260,면목역 3번,126,74,52,0,24,21,24,29,28,0,14,8,12,20,20,0,10,13,12,9,8
2021,4,A,골목상권,2110259,사가정역 1번,543,425,118,2,48,108,172,159,54,2,29,73,131,140,50,0,19,35,41,19,4
2021,4,A,골목상권,2110258,면동초등학교,260,99,161,0,32,49,79,66,34,0,1,20,28,34,16,0,31,29,51,32,18
2021,4,A,골목상권,2110257,상봉역 7번,397,330,67,0,17,18,50,133,179,0,6,11,34,118,161,0,11,7,16,15,18
2021,4,A,골목상권,2110256,면목2동체육관,477,321,156,2,56,66,82,140,131,1,21,35,45,109,110,1,35,31,37,31,21
2021,4,A,골목상권,2110255,상봉역 4번,327,208,119,0,39,52,78,92,66,0,20,24,46,62,56,0,19,28,32,30,10
2021,4,A,골목상권,2110254,오거리공원,257,89,168,1,19,75,79,51,32,0,6,15,35,21,12,1,13,60,44,30,20
2021,4,A,골목상권,2110253,중곡초등학교,181,106,75,0,31,31,44,49,26,0,10,17,23,35,21,0,21,14,21,14,5
2021,4,A,골목상권,2110252,장안제일시장,712,505,207,1,64,101,159,195,192,1,42,73,87,131,171,0,22,28,72,64,21
2021,4,A,골목상권,2110251,장안중학교,147,104,43,0,8,34,46,39,20,0,3,23,34,27,17,0,5,11,12,12,3
2021,4,A,골목상권,2110250,화랑대역 7번,111,69,42,0,7,20,32,34,18,0,5,12,15,23,14,0,2,8,17,11,4
2021,4,A,골목상권,2110249,중화역 1번,783,496,287,0,71,131,213,207,161,0,34,62,112,143,145,0,37,69,101,64,16
2021,4,A,골목상권,2110248,먹골파출소,85,47,38,1,19,23,20,12,10,0,7,14,12,4,10,1,12,9,8,8,0
2021,4,A,골목상권,2110247,먹골역 1번,377,175,202,0,53,79,123,78,44,0,21,30,55,38,31,0,32,49,68,40,13
2021,4,A,골목상권,2110246,월드순복음교회,431,312,119,0,27,97,158,95,54,0,12,69,122,65,44,0,15,28,36,30,10
2021,4,A,골목상권,2110245,KB국민은행 중화동지점,108,69,39,0,5,18,41,27,17,0,4,10,24,17,14,0,1,8,17,10,3
2021,4,A,골목상권,2110244,중화역 4번,250,175,75,1,8,26,49,44,122,1,4,11,32,30,97,0,4,15,17,14,25
2021,4,A,골목상권,2110243,중랑노인종합복지관,317,126,191,1,32,51,76,111,46,0,7,22,39,36,22,1,25,29,37,75,24
2021,4,A,골목상권,2110242,면목5동주민센터,164,112,52,0,21,28,56,30,29,0,12,23,31,22,24,0,9,5,25,8,5
2021,4,A,골목상권,2110241,먹골역 5번,415,213,202,0,61,87,97,117,53,0,17,49,46,63,38,0,44,38,51,54,15
2021,4,A,골목상권,2110240,태릉시장 특화거리,97,39,58,2,20,13,28,16,18,1,3,8,7,8,12,1,17,5,21,8,6
2021,4,A,골목상권,2110238,배꽃어린이공원,66,48,18,0,6,7,15,23,15,0,4,5,9,15,15,0,2,2,6,8,0
2021,4,A,골목상권,2110237,메가박스 상봉,274,152,122,0,30,67,97,54,26,0,13,37,48,36,18,0,17,30,49,18,8
2021,4,A,골목상권,2110236,신묵초등학교,1015,836,179,0,185,302,228,255,45,0,135,246,194,228,33,0,50,56,34,27,12
2021,4,A,골목상권,2110235,세화어린이공원,17,12,5,0,6,3,1,5,2,0,5,1,1,3,2,0,1,2,0,2,0
2021,4,A,골목상권,2110234,중랑역 4번,96,41,55,0,15,16,23,25,17,0,2,5,10,14,10,0,13,11,13,11,7
2021,4,A,골목상권,2110233,중랑역 1번,142,46,96,1,23,27,50,35,6,1,6,7,16,11,5,0,17,20,34,24,1
2021,4,A,골목상권,2110232,동대부고,579,413,166,0,41,71,119,175,173,0,14,38,80,134,147,0,27,33,39,41,26
2021,4,A,골목상권,2110231,장안교,11,8,3,0,0,1,4,5,1,0,0,1,3,4,0,0,0,0,1,1,1
2021,4,A,골목상권,2110230,장안현대홈타운1차아파트,161,101,60,0,15,32,52,45,17,0,6,22,33,28,12,0,9,10,19,17,5
2021,4,A,골목상권,2110229,장평중학교,1339,865,474,0,145,164,192,320,518,0,81,103,125,212,344,0,64,61,67,108,174
2021,4,A,골목상권,2110228,장안근린공원,1992,1184,808,40,1381,313,92,101,65,24,788,223,60,54,35,16,593,90,32,47,30
2021,4,A,골목상권,2110227,답십리공원,216,82,134,0,13,28,73,82,20,0,10,14,25,21,12,0,3,14,48,61,8
2021,4,A,골목상권,2110226,장안1동주민센터,1882,1005,877,2,147,247,333,512,641,2,87,148,213,253,302,0,60,99,120,259,339
2021,4,A,골목상권,2110225,촬영소사거리,330,204,126,0,22,36,68,83,121,0,9,25,42,55,73,0,13,11,26,28,48
2021,4,A,골목상권,2110224,외대앞역 2번,95,39,56,0,9,14,16,27,29,0,2,4,9,15,9,0,7,10,7,12,20
2021,4,A,골목상권,2110223,군자초등학교,94,56,38,0,13,17,26,24,14,0,4,10,17,15,10,0,9,7,9,9,4
2021,4,A,골목상권,2110222,회기역 2번,20,17,3,0,0,3,2,6,9,0,0,2,2,4,9,0,0,1,0,2,0
2021,4,A,골목상권,2110221,의릉,95,69,26,0,10,12,36,29,8,0,6,10,24,22,7,0,4,2,12,7,1
2021,4,A,골목상권,2110220,외대앞역 1번,190,109,81,0,28,36,54,46,26,0,7,17,33,34,18,0,21,19,21,12,8
2021,4,A,골목상권,2110219,삼육보건대학교,249,145,104,0,18,42,68,82,39,0,11,20,31,53,30,0,7,22,37,29,9
2021,4,A,골목상권,2110218,답십리사거리,158,83,75,0,14,25,45,60,14,0,5,12,22,33,11,0,9,13,23,27,3
2021,4,A,골목상권,2110217,자동차부품상가,503,388,115,1,33,105,143,123,98,1,24,88,115,83,77,0,9,17,28,40,21
2021,4,A,골목상권,2110216,전농중학교,208,68,140,1,32,48,62,50,15,1,11,14,18,18,6,0,21,34,44,32,9
2021,4,A,골목상권,2110215,회기역 1번,28,18,10,0,3,4,9,7,5,0,3,2,6,3,4,0,0,2,3,4,1
2021,4,A,골목상권,2110214,경희대후문,86,42,44,0,18,17,24,17,10,0,6,6,13,10,7,0,12,11,11,7,3
2021,4,A,골목상권,2110213,청량초등학교,124,81,43,0,19,57,17,15,16,0,7,41,13,7,13,0,12,16,4,8,3
2021,4,A,골목상권,2110212,답십리초등학교,204,144,60,0,26,37,42,67,32,0,18,26,27,50,23,0,8,11,15,17,9
2021,4,A,골목상권,2110211,전곡마을마당공원,626,445,181,1,66,101,170,194,94,0,45,73,129,143,55,1,21,28,41,51,39
2021,4,A,골목상권,2110210,서울시립대,341,253,88,1,9,19,24,34,254,1,4,12,10,21,205,0,5,7,14,13,49
2021,4,A,골목상권,2110209,답십리 장령당공원,81,51,30,0,3,11,28,19,20,0,1,5,16,15,14,0,2,6,12,4,6
2021,4,A,골목상권,2110208,시조사삼거리,75,56,19,0,2,14,7,17,35,0,1,7,2,11,35,0,1,7,5,6,0
2021,4,A,골목상권,2110207,시립대앞사거리,50,26,24,0,4,12,12,10,12,0,2,8,6,3,7,0,2,4,6,7,5
2021,4,A,골목상권,2110206,텃골근린공원,81,29,52,0,5,14,23,23,16,0,2,7,7,7,6,0,3,7,16,16,10
2021,4,A,골목상권,2110205,경희대삼거리,82,48,34,0,4,13,23,23,19,0,2,10,7,17,12,0,2,3,16,6,7
2021,4,A,골목상권,2110204,간데메공원,411,268,143,3,83,97,82,89,57,3,57,64,46,58,40,0,26,33,36,31,17
2021,4,A,골목상권,2110203,떡전교사거리,99,63,36,1,9,15,32,29,13,1,0,7,26,20,9,0,9,8,6,9,4
2021,4,A,골목상권,2110202,전농1동주민센터(전농시장),111,68,43,0,14,35,31,20,11,0,9,19,21,14,5,0,5,16,10,6,6
2021,4,A,골목상권,2110201,전농119안전센터,27,11,16,0,2,1,9,10,5,0,1,0,3,4,3,0,1,1,6,6,2
2021,4,A,골목상권,2110200,동대문경찰서,74,50,24,0,1,6,21,13,33,0,0,1,11,6,32,0,1,5,10,7,1
2021,4,A,골목상권,2110199,홍릉시장,65,41,24,0,11,15,18,14,7,0,8,8,10,9,6,0,3,7,8,5,1
2021,4,A,골목상권,2110198,동대문중앙새마을금고본점,67,26,41,0,1,0,18,37,11,0,0,0,8,10,8,0,1,0,10,27,3
2021,4,A,골목상권,2110197,세종대왕기념관교차로,67,46,21,0,8,19,26,9,5,0,4,15,19,7,1,0,4,4,7,2,4
2021,4,A,골목상권,2110196,홍릉근린공원,23,12,11,0,1,6,8,5,3,0,1,4,3,2,2,0,0,2,5,3,1
2021,4,A,골목상권,2110195,동대문구청,221,115,106,0,41,58,47,40,35,0,12,28,23,27,25,0,29,30,24,13,10
2021,4,A,골목상권,2110194,홍파초등학교,112,85,27,0,6,32,24,36,14,0,4,20,20,31,10,0,2,12,4,5,4
2021,4,A,골목상권,2110193,고려대역 4번,48,37,11,0,5,11,11,10,11,0,3,5,10,10,9,0,2,6,1,0,2
2021,4,A,골목상권,2110192,동의보감타워,70,45,25,0,7,10,25,16,12,0,2,6,17,10,10,0,5,4,8,6,2
2021,4,A,골목상권,2110191,고려대역 6번,48,41,7,0,1,12,14,9,12,0,1,10,11,8,11,0,0,2,3,1,1
2021,4,A,골목상권,2110190,고대앞사거리,195,92,103,0,22,34,34,45,60,0,4,18,22,19,29,0,18,16,12,26,31
2021,4,A,골목상권,2110189,제기동역 1번,1545,1089,456,1,233,490,343,170,308,0,98,349,286,137,219,1,135,141,57,33,89
2021,4,A,골목상권,2110188,용두동신동아아파트,807,607,200,8,104,178,229,191,97,2,68,150,181,132,74,6,36,28,48,59,23
2021,4,A,골목상권,2110187,제기동역 6번,3124,2222,902,15,559,867,746,552,385,7,387,605,531,394,298,8,172,262,215,158,87
2021,4,A,골목상권,2110186,종암초등학교,94,71,23,0,5,13,15,30,31,0,1,12,9,23,26,0,4,1,6,7,5
2021,4,A,골목상권,2110185,용두초등학교,122,77,45,0,13,22,31,32,24,0,5,13,18,22,19,0,8,9,13,10,5
2021,4,A,골목상권,2110184,용두사거리,423,215,208,0,81,138,75,77,52,0,39,51,34,51,40,0,42,87,41,26,12
2021,4,A,골목상권,2110183,한국의류시험연구원,833,441,392,3,237,305,147,75,66,1,87,160,79,58,56,2,150,145,68,17,10
2021,4,A,골목상권,2110182,용두희망어린이공원,370,249,121,0,38,71,108,87,66,0,20,47,67,64,51,0,18,24,41,23,15
2021,4,A,골목상권,2110181,신설동역 9번,1864,1212,652,12,209,232,286,440,685,12,150,162,188,282,418,0,59,70,98,158,267
2021,4,A,골목상권,2110180,광진정보도서관,5946,4025,1921,18,1620,2093,1180,672,363,5,885,1485,859,489,302,13,735,608,321,183,61
2021,4,A,골목상권,2110179,광나루역 1번,911,620,291,0,142,209,188,233,139,0,82,160,157,154,67,0,60,49,31,79,72
2021,4,A,골목상권,2110178,장로회신학대학교,194,123,71,0,25,44,42,56,27,0,15,34,21,38,15,0,10,10,21,18,12
2021,4,A,골목상권,2110177,동의초등학교,135,90,45,0,11,31,32,35,26,0,3,15,21,27,24,0,8,16,11,8,2
2021,4,A,골목상권,2110176,해오름공원,758,432,326,1,70,206,221,168,92,1,30,116,125,90,70,0,40,90,96,78,22
2021,4,A,골목상권,2110175,푸른동산공원,370,235,135,0,41,74,109,86,60,0,24,48,70,53,40,0,17,26,39,33,20
2021,4,A,골목상권,2110174,아차산역 1번,432,305,127,1,49,80,115,104,83,1,25,57,76,69,77,0,24,23,39,35,6
2021,4,A,골목상권,2110173,구남초등학교,195,106,89,0,34,50,46,44,21,0,16,28,21,25,16,0,18,22,25,19,5
2021,4,A,골목상권,2110172,광진초등학교,351,227,124,0,42,73,97,92,47,0,17,48,61,65,36,0,25,25,36,27,11
2021,4,A,골목상권,2110171,중곡4동주민센터,59,36,23,0,4,8,7,22,18,0,1,2,3,15,15,0,3,6,4,7,3
2021,4,A,골목상권,2110170,동대부여고,189,105,84,1,35,39,58,39,17,0,16,16,35,26,12,1,19,23,23,13,5
2021,4,A,골목상권,2110169,성동초등학교,221,112,109,1,25,30,68,59,38,0,12,12,32,32,24,1,13,18,36,27,14
2021,4,A,골목상권,2110168,대원고등학교,688,531,157,0,66,102,139,225,156,0,38,73,103,173,144,0,28,29,36,52,12
2021,4,A,골목상권,2110167,용마초등학교,376,220,156,2,22,56,99,109,88,0,9,20,52,62,77,2,13,36,47,47,11
2021,4,A,골목상권,2110166,구의1동주민센터,552,292,260,1,70,121,177,115,68,1,20,59,99,60,53,0,50,62,78,55,15
2021,4,A,골목상권,2110165,국립정신건강센터,287,204,83,0,19,46,81,77,64,0,9,33,51,61,50,0,10,13,30,16,14
2021,4,A,골목상권,2110164,아차산역 5번,731,494,237,3,111,126,143,164,184,0,61,77,101,112,143,3,50,49,42,52,41
2021,4,A,골목상권,2110163,성자초등학교,272,134,138,0,37,44,65,72,54,0,13,26,31,26,38,0,24,18,34,46,16
2021,4,A,골목상권,2110162,군자역 4번,613,365,248,0,127,162,131,110,83,0,98,118,75,42,32,0,29,44,56,68,51
2021,4,A,골목상권,2110161,중곡역 3번,236,135,101,3,11,33,58,65,66,0,2,16,37,40,40,3,9,17,21,25,26
2021,4,A,골목상권,2110160,광진경찰서,832,690,142,0,149,323,182,167,11,0,110,261,152,157,10,0,39,62,30,10,1
2021,4,A,골목상권,2110159,구의역 4번,663,391,272,1,125,115,158,132,132,1,58,62,85,87,98,0,67,53,73,45,34
2021,4,A,골목상권,2110158,중곡3동주민센터,715,518,197,1,113,210,184,138,69,0,73,168,123,104,50,1,40,42,61,34,19
2021,4,A,골목상권,2110157,자양동우체국,1097,891,206,10,352,279,244,141,71,7,300,237,180,106,61,3,52,42,64,35,10
2021,4,A,골목상권,2110156,군자역 5번,624,365,259,0,96,182,174,113,59,0,41,115,102,67,40,0,55,67,72,46,19
2021,4,A,골목상권,2110155,광진구청,8356,7701,655,0,240,853,2408,4046,809,0,172,765,2256,3748,760,0,68,88,152,298,49
2021,4,A,골목상권,2110154,광진정말공원,307,161,146,1,43,62,79,78,44,1,19,37,35,37,32,0,24,25,44,41,12
2021,4,A,골목상권,2110153,중곡1동주민센터,241,83,158,1,42,57,67,57,17,0,14,22,22,17,8,1,28,35,45,40,9
2021,4,A,골목상권,2110152,중곡어린이공원,338,300,38,0,17,29,64,119,109,0,10,21,55,109,105,0,7,8,9,10,4
2021,4,A,골목상권,2110151,자양한강도서관,249,175,74,4,35,52,63,66,29,3,24,37,49,41,21,1,11,15,14,25,8
2021,4,A,골목상권,2110150,중곡1동 마을마당,1179,698,481,1,197,352,252,217,160,1,83,194,161,132,127,0,114,158,91,85,33
2021,4,A,골목상권,2110149,세종대학교,122,72,50,0,15,21,31,23,32,0,8,13,19,7,25,0,7,8,12,16,7
2021,4,A,골목상권,2110148,어린이대공원역 3번,17,12,5,0,3,3,6,5,0,0,0,2,5,5,0,0,3,1,1,0,0
2021,4,A,골목상권,2110147,능동우편취급국,815,464,351,4,120,172,160,137,222,2,56,88,104,77,137,2,64,84,56,60,85
2021,4,A,골목상권,2110146,신자초등학교,735,531,204,0,50,79,208,276,122,0,25,44,156,209,97,0,25,35,52,67,25
2021,4,A,골목상권,2110145,장안초등학교,7,4,3,0,0,1,2,3,1,0,0,0,1,3,0,0,0,1,1,0,1
2021,4,A,골목상권,2110144,어린이대공원역 4번,47,23,24,0,5,4,13,16,9,0,1,1,7,8,6,0,4,3,6,8,3
2021,4,A,골목상권,2110143,뚝섬유원지역 1번,63,26,37,1,5,15,12,20,10,1,0,3,7,7,8,0,5,12,5,13,2
2021,4,A,골목상권,2110142,화양사거리,213,107,106,1,37,47,44,52,32,1,20,25,24,16,21,0,17,22,20,36,11
2021,4,A,골목상권,2110141,건대입구역 1번,213,138,75,1,23,49,67,48,25,1,11,27,51,32,16,0,12,22,16,16,9
2021,4,A,골목상권,2110140,건대입구역 6번,552,361,191,6,51,90,136,158,111,5,28,47,82,114,85,1,23,43,54,44,26
2021,4,A,골목상권,2110139,자양4동주민센터,204,116,88,0,13,28,53,51,59,0,3,14,32,25,42,0,10,14,21,26,17
2021,4,A,골목상권,2110138,송정체육공원,160,79,81,0,15,27,53,41,24,0,4,12,21,23,19,0,11,15,32,18,5
2021,4,A,골목상권,2110137,성수초등학교,6605,4295,2310,31,1016,1740,1836,1344,638,22,557,1152,1250,828,486,9,459,588,586,516,152
2021,4,A,골목상권,2110136,경수초등학교,4745,2743,2002,43,1169,1097,978,875,583,32,439,633,615,593,431,11,730,464,363,282,152
2021,4,A,골목상권,2110135,성동세무서,355,182,173,0,41,69,96,66,83,0,7,34,41,34,66,0,34,35,55,32,17
2021,4,A,골목상권,2110134,성수119안전센터,771,587,184,4,65,108,185,252,157,4,38,78,143,200,124,0,27,30,42,52,33
2021,4,A,골목상권,2110133,서울교통공사,122,93,29,0,19,25,33,21,24,0,12,18,29,17,17,0,7,7,4,4,7
2021,4,A,골목상권,2110132,성수2가3동주민센터,786,521,265,0,97,182,220,197,90,0,67,133,145,108,68,0,30,49,75,89,22
2021,4,A,골목상권,2110131,성수동카페거리,4798,3110,1688,15,902,1536,1123,699,523,9,460,993,777,497,374,6,442,543,346,202,149
2021,4,A,골목상권,2110130,답십리역 6번,105,89,16,0,20,24,38,15,8,0,17,20,35,10,7,0,3,4,3,5,1
2021,4,A,골목상권,2110129,성원어린이공원,664,421,243,1,65,126,138,185,149,0,35,74,91,111,110,1,30,52,47,74,39
2021,4,A,골목상권,2110128,성원중학교,1237,712,525,1,127,206,296,338,269,1,66,118,185,203,139,0,61,88,111,135,130
2021,4,A,골목상권,2110127,성수1가1동주민센터,290,157,133,0,31,55,56,100,48,0,11,40,31,47,28,0,20,15,25,53,20
2021,4,A,골목상권,2110126,서울숲역 1번,27,18,9,0,0,7,2,12,6,0,0,6,0,7,5,0,0,1,2,5,1
2021,4,A,골목상권,2110125,사근동살곶이상점가,135,83,52,2,25,39,35,21,13,2,13,21,24,13,10,0,12,18,11,8,3
2021,4,A,골목상권,2110124,뚝섬역교차로,1253,1006,247,7,170,155,222,312,387,6,94,111,169,268,358,1,76,44,53,44,29
2021,4,A,골목상권,2110123,마장역 3번,511,382,129,0,42,56,91,185,137,0,21,36,63,141,121,0,21,20,28,44,16
2021,4,A,골목상권,2110122,마장역 2번,464,271,193,1,60,88,117,113,85,1,32,59,68,61,50,0,28,29,49,52,35
2021,4,A,골목상권,2110121,한양대역 4번,45,30,15,0,3,10,8,11,13,0,2,5,5,7,11,0,1,5,3,4,2
2021,4,A,골목상권,2110120,서울숲카페거리,79,49,30,0,8,12,35,18,6,0,3,8,23,10,5,0,5,4,12,8,1
2021,4,A,골목상권,2110119,마장지하차도,127,89,38,0,17,26,32,26,26,0,12,22,19,18,18,0,5,4,13,8,8
2021,4,A,골목상권,2110118,왕십리역 9번,697,487,210,1,90,182,204,129,91,0,62,110,144,93,78,1,28,72,60,36,13
2021,4,A,골목상권,2110117,성동구보건소,103,73,30,1,14,27,19,33,9,1,10,20,11,25,6,0,4,7,8,8,3
2021,4,A,골목상권,2110116,청계천박물관,4884,3674,1210,30,342,780,1090,1772,870,26,217,571,881,1319,660,4,125,209,209,453,210
2021,4,A,골목상권,2110115,상왕십리역 3번,945,362,583,10,392,218,156,113,56,0,76,84,93,75,34,10,316,134,63,38,22
2021,4,A,골목상권,2110114,왕십리파출소,68,21,47,0,3,2,11,24,28,0,1,1,4,10,5,0,2,1,7,14,23
2021,4,A,골목상권,2110113,응봉산,77,43,34,0,14,15,14,16,18,0,4,11,7,6,15,0,10,4,7,10,3
2021,4,A,골목상권,2110112,행당역 2번,205,100,105,0,37,37,36,53,42,0,14,19,15,26,26,0,23,18,21,27,16
2021,4,A,골목상권,2110111,대현산장미원,51,40,11,0,6,7,6,17,15,0,6,4,4,13,13,0,0,3,2,4,2
2021,4,A,골목상권,2110110,상왕십리역 6번,93,55,38,1,12,22,24,18,16,1,7,12,13,10,12,0,5,10,11,8,4
2021,4,A,골목상권,2110109,금호삼성래미안아파트,92,39,53,0,7,10,12,42,21,0,2,6,3,15,13,0,5,4,9,27,8
2021,4,A,골목상권,2110108,성동구립금호도서관,6,1,5,0,0,1,4,1,0,0,0,0,0,1,0,0,0,1,4,0,0
2021,4,A,골목상권,2110107,금호사거리,37,30,7,0,4,8,4,11,10,0,3,5,4,9,9,0,1,3,0,2,1
2021,4,A,골목상권,2110105,금동어린이공원,43,20,23,0,1,9,12,12,9,0,0,3,3,8,6,0,1,6,9,4,3
2021,4,A,골목상권,2110104,신금호역 4번,275,189,86,0,27,47,51,66,84,0,11,28,34,46,70,0,16,19,17,20,14
2021,4,A,골목상권,2110103,옥수터널,13,11,2,1,0,2,2,6,2,0,0,2,2,5,2,1,0,0,0,1,0
2021,4,A,골목상권,2110102,옥수역 6번,3362,1140,2222,0,968,1050,724,422,198,0,202,328,319,197,94,0,766,722,405,225,104
2021,4,A,골목상권,2110101,옥정중학교,218,121,97,0,55,51,65,31,16,0,24,34,43,13,7,0,31,17,22,18,9
2021,4,A,골목상권,2110100,옥수동우편취급국,46,31,15,0,5,18,13,6,4,0,0,15,7,5,4,0,5,3,6,1,0
2021,4,A,골목상권,2110099,유엔빌리지길,12646,10311,2335,33,1746,2596,3298,4558,415,25,904,1899,2859,4264,360,8,842,697,439,294,55
2021,4,A,골목상권,2110098,서울독일학교,242,91,151,0,57,85,68,23,9,0,15,22,34,15,5,0,42,63,34,8,4
2021,4,A,골목상권,2110097,한남초등학교,3116,1920,1196,1,597,1644,757,90,27,0,278,975,575,71,21,1,319,669,182,19,6
2021,4,A,골목상권,2110096,한남힐사이드아파트,4186,2661,1525,5,1055,1176,900,902,148,3,457,705,613,757,126,2,598,471,287,145,22
2021,4,A,골목상권,2110095,한강진역 3번,1186,801,385,16,160,326,321,298,65,8,61,235,227,226,44,8,99,91,94,72,21
2021,4,A,골목상권,2110094,오산중학교,26,12,14,0,0,1,4,13,8,0,0,0,2,6,4,0,0,1,2,7,4
2021,4,A,골목상권,2110093,우사단길,2482,1548,934,2,325,1015,734,327,79,1,101,529,548,305,64,1,224,486,186,22,15
2021,4,A,골목상권,2110092,NH농협은행 보광동지점,514,208,306,0,94,123,111,107,79,0,14,58,40,45,51,0,80,65,71,62,28
2021,4,A,골목상권,2110091,리움미술관,1106,810,296,0,216,345,343,155,47,0,117,236,293,128,36,0,99,109,50,27,11
2021,4,A,골목상권,2110090,한국폴리텍대학서울정수캠퍼스,3968,2447,1521,1,446,1358,1632,500,31,1,173,548,1231,467,27,0,273,810,401,33,4
2021,4,A,골목상권,2110089,서빙고동주민센터,752,503,249,1,94,230,220,107,100,0,33,136,159,88,87,1,61,94,61,19,13
2021,4,A,골목상권,2110088,오산고등학교,1696,1140,556,16,439,504,454,203,80,7,263,350,312,150,58,9,176,154,142,53,22
2021,4,A,골목상권,2110087,이태원엔틱가구거리,463,213,250,0,185,174,58,31,15,0,54,89,43,17,10,0,131,85,15,14,5
2021,4,A,골목상권,2110086,이태원역 북측,9251,3612,5639,12,3187,3893,1655,431,73,3,733,1559,905,357,55,9,2454,2334,750,74,18
2021,4,A,골목상권,2110085,경리단길남측,532,260,272,4,98,163,148,67,52,2,40,59,78,41,40,2,58,104,70,26,12
2021,4,A,골목상권,2110084,경리단길북측,315,168,147,0,47,85,84,57,42,0,23,36,39,36,34,0,24,49,45,21,8
2021,4,A,골목상권,2110083,서빙고역 1번,149,109,40,0,26,53,42,14,14,0,13,42,29,12,13,0,13,11,13,2,1
2021,4,A,골목상권,2110082,용산구청,1571,779,792,2,165,447,417,439,101,2,45,147,200,302,83,0,120,300,217,137,18
2021,4,A,골목상권,2110081,해방촌 남동측,291,170,121,0,46,68,58,64,55,0,14,37,30,41,48,0,32,31,28,23,7
2021,4,A,골목상권,2110080,해방촌예술마을,277,160,117,0,44,58,84,54,37,0,16,38,52,30,24,0,28,20,32,24,13
2021,4,A,골목상권,2110079,후암동주민센터,1084,584,500,4,223,262,267,196,132,3,73,156,156,105,91,1,150,106,111,91,41
2021,4,A,골목상권,2110078,이촌동점보아파트,69,29,40,0,12,15,17,13,12,0,3,8,7,5,6,0,9,7,10,8,6
2021,4,A,골목상권,2110077,삼광초등학교,385,317,68,0,37,86,148,98,16,0,21,66,130,88,12,0,16,20,18,10,4
2021,4,A,골목상권,2110076,삼각지역 14번,537,175,362,0,46,143,158,153,37,0,11,49,61,45,9,0,35,94,97,108,28
2021,4,A,골목상권,2110075,숙대입구역 1번,1630,736,894,9,270,506,417,289,139,5,69,188,182,181,111,4,201,318,235,108,28
2021,4,A,골목상권,2110074,서울역 12번,8149,1751,6398,152,5985,1340,330,181,161,9,598,652,233,134,125,143,5387,688,97,47,36
2021,4,A,골목상권,2110073,삼각지역 3번,7916,2353,5563,56,2498,2872,1896,491,103,25,856,912,415,109,36,31,1642,1960,1481,382,67
2021,4,A,골목상권,2110072,열정도,374,244,130,6,108,96,78,51,35,0,51,71,62,37,23,6,57,25,16,14,12
2021,4,A,골목상권,2110071,한강미주맨션아파트,281,182,99,0,36,68,68,55,54,0,20,44,40,41,37,0,16,24,28,14,17
2021,4,A,골목상권,2110070,용산세무서,184,130,54,0,21,54,55,24,30,0,8,37,41,18,26,0,13,17,14,6,4
2021,4,A,골목상권,2110069,숙대입구,829,295,534,3,200,295,168,86,77,3,34,90,82,40,46,0,166,205,86,46,31
2021,4,A,골목상권,2110068,남영역 1번,1039,595,444,8,154,224,240,224,189,6,59,124,144,138,124,2,95,100,96,86,65
2021,4,A,골목상권,2110067,배문고등학교,1574,907,667,1,219,377,391,329,257,0,85,177,202,230,213,1,134,200,189,99,44
2021,4,A,골목상권,2110066,서울역 15번,748,467,281,6,152,227,156,125,82,3,81,151,104,66,62,3,71,76,52,59,20
2021,4,A,골목상권,2110065,남정초등학교,137,92,45,0,17,45,48,17,10,0,9,37,31,10,5,0,8,8,17,7,5
2021,4,A,골목상권,2110064,효창공원앞역 2번,925,527,398,2,126,275,263,160,99,1,49,160,162,88,67,1,77,115,101,72,32
2021,4,A,골목상권,2110063,효창공원앞역 5번,530,347,183,8,47,104,139,132,100,6,25,71,93,87,65,2,22,33,46,45,35
2021,4,A,골목상권,2110062,한강로동땡땡거리(은행나무길),5667,3458,2209,9,735,1660,1587,1162,514,6,299,844,1074,890,345,3,436,816,513,272,169
2021,4,A,골목상권,2110061,효창동주민센터,473,301,172,1,61,90,150,113,58,1,38,52,96,67,47,0,23,38,54,46,11
2021,4,A,골목상권,2110060,효창공원앞역 6번,291,174,117,0,28,62,84,73,44,0,10,34,52,47,31,0,18,28,32,26,13
2021,4,A,골목상권,2110059,새남터성지,385,307,78,0,38,71,113,138,25,0,21,48,99,124,15,0,17,23,14,14,10
2021,4,A,골목상권,2110058,성심여자고등학교,947,659,288,10,141,228,254,194,120,3,71,162,181,141,101,7,70,66,73,53,19
2021,4,A,골목상권,2110057,황학코아루아파트,57,39,18,0,8,11,16,9,13,0,4,5,14,7,9,0,4,6,2,2,4
2021,4,A,골목상권,2110056,신당역 3번,506,288,218,0,60,129,115,112,90,0,29,63,68,70,58,0,31,66,47,42,32
2021,4,A,골목상권,2110055,황학동벼룩시장,29,19,10,0,1,4,6,11,7,0,1,3,5,6,4,0,0,1,1,5,3
2021,4,A,골목상권,2110054,청구역 3번,1537,849,688,3,259,378,315,336,246,1,90,204,220,211,123,2,169,174,95,125,123
2021,4,A,골목상권,2110053,청구역 1번,281,166,115,0,52,69,69,54,37,0,23,45,43,27,28,0,29,24,26,27,9
2021,4,A,골목상권,2110052,장충초등학교,484,281,203,0,43,100,132,130,79,0,16,63,75,82,45,0,27,37,57,48,34
2021,4,A,골목상권,2110051,한양공고앞 교차로,111,82,29,0,17,23,33,26,12,0,12,16,24,20,10,0,5,7,9,6,2
2021,4,A,골목상권,2110050,약수역 7번,309,230,79,0,34,81,76,76,42,0,21,59,60,57,33,0,13,22,16,19,9
2021,4,A,골목상권,2110049,장충단 고개,2303,1240,1063,4,566,582,448,431,272,2,174,314,281,257,212,2,392,268,167,174,60
2021,4,A,골목상권,2110048,장충동주민센터,5312,2706,2606,21,867,1339,1511,1367,207,5,338,768,756,707,132,16,529,571,755,660,75
2021,4,A,골목상권,2110047,다산성곽길,160,89,71,0,36,43,36,27,18,0,23,29,21,7,9,0,13,14,15,20,9
2021,4,A,골목상권,2110046,버티고개,106,76,30,0,6,23,41,28,8,0,3,17,29,20,7,0,3,6,12,8,1
2021,4,A,골목상권,2110045,동대문역사문화공원역 5번,234,174,60,0,24,54,64,55,37,0,11,38,46,47,32,0,13,16,18,8,5
2021,4,A,골목상권,2110044,관성묘,405,300,105,0,50,135,145,51,24,0,24,90,125,44,17,0,26,45,20,7,7
2021,4,A,골목상권,2110043,충무초등학교,1202,670,532,12,212,307,331,223,117,7,97,155,169,152,90,5,115,152,162,71,27
2021,4,A,골목상권,2110042,남산골공원옆,994,621,373,3,121,221,287,251,111,0,43,127,198,179,74,3,78,94,89,72,37
2021,4,A,골목상권,2110041,남산케이블카,967,435,532,2,118,152,175,254,266,2,51,69,83,87,143,0,67,83,92,167,123
2021,4,A,골목상권,2110040,중구회현체육센터(정화예술대남산캠퍼스),165,78,87,0,33,30,40,37,25,0,14,15,17,13,19,0,19,15,23,24,6
2021,4,A,골목상권,2110039,회현역 1번,49,26,23,0,2,8,12,14,13,0,0,4,9,8,5,0,2,4,3,6,8
2021,4,A,골목상권,2110038,경향신문사,2636,1651,985,0,377,783,808,593,75,0,119,436,540,491,65,0,258,347,268,102,10
2021,4,A,골목상권,2110037,신설동역 12번,208,124,84,0,16,46,51,61,34,0,6,20,32,41,25,0,10,26,19,20,9
2021,4,A,골목상권,2110036,동묘앞역 3번,65,42,23,0,3,7,20,15,20,0,1,3,10,13,15,0,2,4,10,2,5
2021,4,A,골목상권,2110035,동묘앞역 2번,276,161,115,2,18,43,75,88,50,0,5,18,42,65,31,2,13,25,33,23,19
2021,4,A,골목상권,2110034,창신1동주민센터,41,35,6,0,2,1,14,13,11,0,2,1,10,11,11,0,0,0,4,2,0
2021,4,A,골목상권,2110033,창신역 4번,166,89,77,0,26,42,35,40,23,0,6,22,17,25,19,0,20,20,18,15,4
2021,4,A,골목상권,2110032,수족관거리,31,16,15,0,3,6,4,13,5,0,2,2,2,7,3,0,1,4,2,6,2
2021,4,A,골목상권,2110031,창신역 1번,44,31,13,0,7,14,5,11,7,0,4,8,4,8,7,0,3,6,1,3,0
2021,4,A,골목상권,2110030,동대문역 3번,10,5,5,0,2,2,2,3,1,0,0,2,1,1,1,0,2,0,1,2,0
2021,4,A,골목상권,2110029,동대문역 1번,235,61,174,0,11,31,57,79,57,0,1,7,19,20,14,0,10,24,38,59,43
2021,4,A,골목상권,2110028,이화달팽이길,704,279,425,1,177,179,137,123,87,0,56,60,56,65,42,1,121,119,81,58,45
2021,4,A,골목상권,2110027,혜화역 1번,617,366,251,1,73,116,131,98,198,0,28,74,65,54,145,1,45,42,66,44,53
2021,4,A,골목상권,2110026,종로5가역 4번,190,120,70,0,22,41,73,27,27,0,9,28,47,14,22,0,13,13,26,13,5
2021,4,A,골목상권,2110025,충신시장옆,213,129,84,2,17,46,63,56,29,0,6,23,43,33,24,2,11,23,20,23,5
2021,4,A,골목상권,2110024,혜회동주민센터,928,263,665,0,135,264,294,184,51,0,17,64,90,55,37,0,118,200,204,129,14
2021,4,A,골목상권,2110023,서울대병원,186,55,131,0,18,37,42,47,42,0,5,12,14,10,14,0,13,25,28,37,28
2021,4,A,골목상권,2110022,경신고등학교,537,396,141,11,142,162,128,59,35,10,100,123,94,43,26,1,42,39,34,16,9
2021,4,A,골목상권,2110021,성균관대학교,387,297,90,2,15,39,109,145,77,2,7,26,88,125,49,0,8,13,21,20,28
2021,4,A,골목상권,2110020,서울국제고등학교,639,315,324,1,145,288,122,57,26,1,44,146,75,32,17,0,101,142,47,25,9
2021,4,A,골목상권,2110019,창덕궁,325,215,110,0,47,91,82,71,34,0,21,65,53,49,27,0,26,26,29,22,7
2021,4,A,골목상권,2110018,중앙고등학교,888,439,449,1,97,177,220,178,215,0,30,60,106,90,153,1,67,117,114,88,62
2021,4,A,골목상권,2110017,정독도서관,650,322,328,0,133,273,152,58,34,0,26,130,93,43,30,0,107,143,59,15,4
2021,4,A,골목상권,2110016,평창동동측,7589,3104,4485,10,716,2233,2858,1504,268,4,279,1021,1416,284,100,6,437,1212,1442,1220,168
2021,4,A,골목상권,2110015,청와대사랑채,578,345,233,0,64,147,166,126,75,0,16,63,110,91,65,0,48,84,56,35,10
2021,4,A,골목상권,2110014,경복고등학교,194,82,112,0,28,54,40,44,28,0,4,14,21,24,19,0,24,40,19,20,9
2021,4,A,골목상권,2110013,체부동홍종문가옥,119,70,49,0,5,26,31,25,32,0,2,11,18,13,26,0,3,15,13,12,6
2021,4,A,골목상권,2110012,성곡미술관,1061,503,558,0,262,337,262,118,82,0,72,159,150,73,49,0,190,178,112,45,33
2021,4,A,골목상권,2110011,청운초등학교,263,188,75,0,21,105,79,43,15,0,21,95,44,16,12,0,0,10,35,27,3
2021,4,A,골목상권,2110010,평창동서측,6687,3622,3065,12,676,1736,2550,1464,249,0,276,655,1387,1128,176,12,400,1081,1163,336,73
2021,4,A,골목상권,2110009,자하문터널,950,463,487,0,211,332,229,125,53,0,92,164,106,65,36,0,119,168,123,60,17
2021,4,A,골목상권,2110008,배화여자대학교(박노수미술관),552,379,173,1,52,82,133,180,104,0,16,46,102,135,80,1,36,36,31,45,24
2021,4,A,골목상권,2110007,사직공원(한국사회과학도서관),283,185,98,2,58,88,63,41,31,2,30,62,44,27,20,0,28,26,19,14,11
2021,4,A,골목상권,2110006,부암동주민센터,27,16,11,0,2,7,7,5,6,0,2,5,2,3,4,0,0,2,5,2,2
2021,4,A,골목상권,2110005,세검정,1006,510,496,3,125,296,290,195,97,0,36,137,157,121,59,3,89,159,133,74,38
2021,4,A,골목상권,2110004,대신고등학교,32,14,18,0,3,4,8,14,3,0,1,0,3,8,2,0,2,4,5,6,1
2021,4,A,골목상권,2110003,세검정초등학교,485,315,170,6,53,84,150,126,66,6,32,38,100,89,50,0,21,46,50,37,16
2021,4,A,골목상권,2110002,독립문역 1번,475,121,354,1,146,140,118,44,26,1,25,25,41,14,15,0,121,115,77,30,11
2021,4,A,골목상권,2110001,이북5도청사,1066,638,428,4,133,292,240,262,135,0,51,173,162,172,80,4,82,119,78,90,55
2021,3,U,관광특구,1001496,강남 마이스 관광특구,15904,8904,7000,59,3513,6185,4248,1596,303,25,1160,3361,2887,1246,225,34,2353,2824,1361,350,78
2021,3,U,관광특구,1001495,잠실 관광특구,24375,14199,10176,120,4722,6565,5617,4514,2837,51,2484,4186,3496,2297,1685,69,2238,2379,2121,2217,1152
2021,3,U,관광특구,1001494,종로?청계 관광특구,32935,17150,15785,68,5357,9965,9483,6401,1661,15,2285,4911,4591,4158,1190,53,3072,5054,4892,2243,471
2021,3,U,관광특구,1001493,동대문패션타운 관광특구,6054,2958,3096,36,1434,1695,1160,1061,668,13,543,737,662,600,403,23,891,958,498,461,265
2021,3,U,관광특구,1001492,명동 남대문 북창동 다동 무교동 관광특구,104830,53674,51156,423,27134,34007,23384,15726,4156,137,8860,16080,15133,10824,2640,286,18274,17927,8251,4902,1516
2021,3,U,관광특구,1001491,이태원 관광특구,5839,3064,2775,28,1377,2065,1290,768,311,18,514,986,777,541,228,10,863,1079,513,227,83
2021,3,R,전통시장,2130326,고덕 골목형상점가,935,850,85,0,8,37,165,395,330,0,4,31,147,360,308,0,4,6,18,35,22
2021,3,R,전통시장,2130325,명일전통시장,89,30,59,0,8,10,13,28,30,0,3,6,5,8,8,0,5,4,8,20,22
2021,3,R,전통시장,2130324,길동복조리시장,154,85,69,3,27,32,47,40,5,2,13,18,31,19,2,1,14,14,16,21,3
2021,3,R,전통시장,2130323,둔촌역전통시장,171,86,85,0,3,14,23,36,95,0,2,6,8,14,56,0,1,8,15,22,39
2021,3,R,전통시장,2130322,고분다리전통시장,8,5,3,0,0,1,2,4,1,0,0,1,1,2,1,0,0,0,1,2,0
2021,3,R,전통시장,2130321,장신구 특화거리 상점가,433,269,164,0,92,114,88,92,47,0,43,72,56,61,37,0,49,42,32,31,10
2021,3,R,전통시장,2130320,암사종합시장,173,97,76,1,16,29,50,31,46,1,5,12,31,19,29,0,11,17,19,12,17
2021,3,R,전통시장,2130319,성내전통시장,34,21,13,0,3,5,9,10,7,0,3,2,5,7,4,0,0,3,4,3,3
2021,3,R,전통시장,2130318,로데오거리상점가,266,132,134,0,31,43,49,55,88,0,9,12,19,26,66,0,22,31,30,29,22
2021,3,R,전통시장,2130317,마천중앙시장,107,77,30,0,15,35,24,17,16,0,11,24,12,14,16,0,4,11,12,3,0
2021,3,R,전통시장,2130316,마천시장,18,9,9,0,3,3,2,10,0,0,2,2,2,3,0,0,1,1,0,7,0
2021,3,R,전통시장,2130315,문정동 로데오거리 상점가(문정동 로데오거리),1372,808,564,6,313,289,260,251,253,3,118,168,164,145,210,3,195,121,96,106,43
2021,3,R,전통시장,2130314,풍납시장,202,99,103,1,24,42,50,60,25,1,15,27,22,18,16,0,9,15,28,42,9
2021,3,R,전통시장,2130313,방이시장,3469,1526,1943,5,449,529,612,1126,748,4,159,335,346,371,311,1,290,194,266,755,437
2021,3,R,전통시장,2130312,석촌시장,619,270,349,1,20,40,81,170,307,1,9,23,43,41,153,0,11,17,38,129,154
2021,3,R,전통시장,2130311,새마을시장,377,246,131,1,60,78,104,75,59,0,28,48,80,55,35,1,32,30,24,20,24
2021,3,R,전통시장,2130310,강남개포시장,298,173,125,0,29,56,71,82,60,0,8,23,42,56,44,0,21,33,29,26,16
2021,3,R,전통시장,2130308,청담삼익시장,48,30,18,0,5,11,13,7,12,0,3,6,8,4,9,0,2,5,5,3,3
2021,3,R,전통시장,2130307,도곡시장,57,25,32,0,3,7,15,13,19,0,1,4,4,6,10,0,2,3,11,7,9
2021,3,R,전통시장,2130306,강남언주로,235,151,84,2,48,48,63,45,29,2,27,34,47,23,18,0,21,14,16,22,11
2021,3,R,전통시장,2130305,논현종합시장,85,43,42,0,21,14,14,19,17,0,7,7,6,14,9,0,14,7,8,5,8
2021,3,R,전통시장,2130304,신사상가,138,79,59,1,12,22,32,42,29,0,3,8,11,32,25,1,9,14,21,10,4
2021,3,R,전통시장,2130303,영동전통시장,242,95,147,0,21,60,67,58,36,0,7,19,22,24,23,0,14,41,45,34,13
2021,3,R,전통시장,2130302,강남시장(강남구 강남시장),58,33,25,0,13,15,14,8,8,0,7,10,9,2,5,0,6,5,5,6,3
2021,3,R,전통시장,2130301,양재시장,35,22,13,0,2,10,9,7,7,0,1,7,6,3,5,0,1,3,3,4,2
2021,3,R,전통시장,2130299,엔터식스 강남점,1850,1551,299,18,189,270,602,601,170,5,97,197,542,558,152,13,92,73,60,43,18
2021,3,R,전통시장,2130298,강남터미널지하도상점가2구역,2,1,1,0,1,0,0,0,1,0,1,0,0,0,0,0,0,0,0,0,1
2021,3,R,전통시장,2130296,남부종합시장,85,63,22,0,2,8,25,35,15,0,1,8,16,24,14,0,1,0,9,11,1
2021,3,R,전통시장,2130295,인헌시장(원당종합시장),122,48,74,0,20,27,38,23,14,0,3,9,16,12,8,0,17,18,22,11,6
2021,3,R,전통시장,2130294,관악중부시장,102,40,62,1,5,10,22,39,25,0,2,3,7,16,12,1,3,7,15,23,13
2021,3,R,전통시장,2130293,봉천중앙시장,154,42,112,0,17,13,29,46,49,0,5,7,14,14,2,0,12,6,15,32,47
2021,3,R,전통시장,2130290,영림시장,417,183,234,0,74,101,107,92,43,0,14,49,43,44,33,0,60,52,64,48,10
2021,3,R,전통시장,2130289,봉일시장,36,20,16,1,1,2,5,14,13,0,0,1,5,3,11,1,1,1,0,11,2
2021,3,R,전통시장,2130288,신림현대종합상가,2,0,2,0,1,1,0,0,0,0,0,0,0,0,0,0,1,1,0,0,0
2021,3,R,전통시장,2130285,서원동상점가,615,316,299,4,28,56,85,160,282,1,17,38,45,60,155,3,11,18,40,100,127
2021,3,R,전통시장,2130284,관악종합시장(신원시장),17,10,7,0,0,1,3,10,3,0,0,1,1,6,2,0,0,0,2,4,1
2021,3,R,전통시장,2130283,신원시장,25,11,14,0,3,3,10,5,4,0,1,1,3,3,3,0,2,2,7,2,1
2021,3,R,전통시장,2130282,난곡 골목형상점가,20,8,12,0,4,2,10,4,0,0,2,1,4,1,0,0,2,1,6,3,0
2021,3,R,전통시장,2130281,우림시장,1,0,1,0,0,0,1,0,0,0,0,0,0,0,0,0,0,0,1,0,0
2021,3,R,전통시장,2130280,신림종합시장,8,7,1,0,0,0,0,2,6,0,0,0,0,1,6,0,0,0,0,1,0
2021,3,R,전통시장,2130279,관악신사시장,120,63,57,0,17,20,27,37,19,0,5,10,16,20,12,0,12,10,11,17,7
2021,3,R,전통시장,2130278,미성동 도깨비시장 골목형상점가,75,16,59,0,0,16,28,24,7,0,0,7,5,2,2,0,0,9,23,22,5
2021,3,R,전통시장,2130277,조원동 펭귄시장(신림중앙시장),98,56,42,1,15,26,31,19,6,1,8,18,16,9,4,0,7,8,15,10,2
2021,3,R,전통시장,2130276,신림중앙시장(조원동 펭귄시장),43,27,16,0,1,2,14,12,14,0,0,2,7,9,9,0,1,0,7,3,5
2021,3,R,전통시장,2130275,강남골목시장,168,124,44,0,17,40,46,35,30,0,15,33,30,24,22,0,2,7,16,11,8
2021,3,R,전통시장,2130274,사당1동먹자골목상점가(사당1동먹자골목),389,218,171,4,91,100,81,63,50,3,45,64,37,35,34,1,46,36,44,28,16
2021,3,R,전통시장,2130273,남성사계시장(남성시장),141,63,78,0,21,36,45,22,17,0,3,19,20,8,13,0,18,17,25,14,4
2021,3,R,전통시장,2130272,사당시장,45,20,25,0,4,6,10,11,14,0,0,1,4,6,9,0,4,5,6,5,5
2021,3,R,전통시장,2130271,남성역골목시장,467,268,199,1,36,33,39,47,311,1,12,20,22,16,197,0,24,13,17,31,114
2021,3,R,전통시장,2130270,흑석시장,4,3,1,0,2,0,0,2,0,0,1,0,0,2,0,0,1,0,0,0,0
2021,3,R,전통시장,2130268,상도전통시장,239,104,135,0,33,60,53,58,35,0,12,23,23,24,22,0,21,37,30,34,13
2021,3,R,전통시장,2130267,본동인정시장(기능상실),59,41,18,0,6,10,12,15,16,0,4,7,9,8,13,0,2,3,3,7,3
2021,3,R,전통시장,2130266,만양로상점가,129,75,54,0,6,37,51,21,14,0,1,23,33,14,4,0,5,14,18,7,10
2021,3,R,전통시장,2130265,노량진중앙시장,115,82,33,0,17,48,34,8,8,0,12,42,23,3,2,0,5,6,11,5,6
2021,3,R,전통시장,2130264,상도약수골목형상점가,65,35,30,1,14,8,15,20,7,0,4,3,9,12,7,1,10,5,6,8,0
2021,3,R,전통시장,2130263,신노량진시장(기능상실),11,3,8,0,0,3,3,5,0,0,0,0,1,2,0,0,0,3,2,3,0
2021,3,R,전통시장,2130262,상도도깨비 골목형상점가,18,8,10,0,1,0,12,2,3,0,0,0,6,0,2,0,1,0,6,2,1
2021,3,R,전통시장,2130261,성대전통시장(성대시장),211,104,107,0,15,47,61,61,27,0,4,26,33,23,18,0,11,21,28,38,9
2021,3,R,전통시장,2130260,신대방1동골목상권,70,31,39,0,8,22,15,15,10,0,0,7,7,10,7,0,8,15,8,5,3
2021,3,R,전통시장,2130259,대신시장,12,9,3,0,1,0,5,2,4,0,1,0,3,2,3,0,0,0,2,0,1
2021,3,R,전통시장,2130257,영등포시장기계공구상가,158,116,42,0,11,26,33,47,41,0,7,16,22,37,34,0,4,10,11,10,7
2021,3,R,전통시장,2130256,신동시장,2,2,0,0,0,0,0,1,1,0,0,0,0,1,1,0,0,0,0,0,0
2021,3,R,전통시장,2130255,영등포전통시장,45,29,16,0,1,7,5,10,22,0,1,5,3,4,16,0,0,2,2,6,6
2021,3,R,전통시장,2130253,영신상가(제일상가),9,7,2,0,2,3,0,2,2,0,2,3,0,1,1,0,0,0,0,1,1
2021,3,R,전통시장,2130250,삼구시장(로타리상가),1,0,1,0,0,0,0,1,0,0,0,0,0,0,0,0,0,0,0,1,0
2021,3,R,전통시장,2130249,동남상가,10,8,2,0,2,0,0,4,4,0,1,0,0,4,3,0,1,0,0,0,1
2021,3,R,전통시장,2130248,영등포역지하도상점가,12,5,7,0,0,2,4,3,3,0,0,0,2,0,3,0,0,2,2,3,0
2021,3,R,전통시장,2130247,우리시장,21,16,5,0,3,4,6,3,5,0,1,3,5,3,4,0,2,1,1,0,1
2021,3,R,전통시장,2130246,영등포청과시장(조광시장),237,126,111,0,24,33,47,77,56,0,9,11,28,39,39,0,15,22,19,38,17
2021,3,R,전통시장,2130245,영일시장,675,567,108,1,61,189,238,136,50,0,41,148,217,115,46,1,20,41,21,21,4
2021,3,R,전통시장,2130244,대림중앙시장,95,39,56,3,14,16,21,15,26,2,9,8,10,4,6,1,5,8,11,11,20
2021,3,R,전통시장,2130243,도림시장,6,4,2,0,0,1,4,0,1,0,0,1,3,0,0,0,0,0,1,0,1
2021,3,R,전통시장,2130242,대림중앙 골목형상점가,68,21,47,0,4,14,21,24,5,0,1,6,5,5,4,0,3,8,16,19,1
2021,3,R,전통시장,2130241,선유도역 골목형상점가,500,253,247,0,95,93,123,136,53,0,39,49,66,67,32,0,56,44,57,69,21
2021,3,R,전통시장,2130240,영등포유통상가,1183,753,430,0,95,232,273,252,331,0,52,127,178,168,228,0,43,105,95,84,103
2021,3,R,전통시장,2130238,은행나무시장,113,71,42,0,22,24,31,22,14,0,13,16,22,14,6,0,9,8,9,8,8
2021,3,R,전통시장,2130237,박미시장(기능상실),39,26,13,0,1,6,11,9,12,0,0,2,7,8,9,0,1,4,4,1,3
2021,3,R,전통시장,2130236,비단길현대시장(현대시장),139,42,97,0,13,23,49,40,14,0,4,3,12,17,6,0,9,20,37,23,8
2021,3,R,전통시장,2130235,대명여울빛거리시장(대명시장),298,80,218,0,39,52,77,82,48,0,11,14,25,19,11,0,28,38,52,63,37
2021,3,R,전통시장,2130234,푸른터시장(기능상실),3,2,1,0,0,1,0,2,0,0,0,1,0,1,0,0,0,0,0,1,0
2021,3,R,전통시장,2130233,남문시장,76,47,29,0,5,8,18,22,23,0,2,3,9,12,21,0,3,5,9,10,2
2021,3,R,전통시장,2130232,독산동 맛나는거리상점가(독산동 맛나는거리),33,24,9,0,3,12,5,10,3,0,2,9,4,6,3,0,1,3,1,4,0
2021,3,R,전통시장,2130231,독산동 우시장,611,476,135,2,31,74,126,196,182,0,16,55,97,145,163,2,15,19,29,51,19
2021,3,R,전통시장,2130229,남구로시장,249,139,110,1,16,53,61,62,56,0,7,30,31,32,39,1,9,23,30,30,17
2021,3,R,전통시장,2130228,구로시장,10,5,5,0,0,4,6,0,0,0,0,1,4,0,0,0,0,3,2,0,0
2021,3,R,전통시장,2130227,고척골목시장상점가(그라운드 고척),97,68,29,0,8,22,36,23,8,0,4,13,26,19,6,0,4,9,10,4,2
2021,3,R,전통시장,2130226,고척프라자,2,2,0,0,1,1,0,0,0,0,1,1,0,0,0,0,0,0,0,0,0
2021,3,R,전통시장,2130225,개봉중앙시장,147,59,88,0,15,21,39,44,28,0,3,4,19,22,11,0,12,17,20,22,17
2021,3,R,전통시장,2130224,개봉프라자(고척근린시장),5,4,1,0,0,0,1,2,2,0,0,0,1,1,2,0,0,0,0,1,0
2021,3,R,전통시장,2130223,고척근린시장,42,12,30,0,2,10,12,14,4,0,0,1,1,7,3,0,2,9,11,7,1
2021,3,R,전통시장,2130222,오류시장,132,21,111,0,10,26,46,43,7,0,5,1,4,5,6,0,5,25,42,38,1
2021,3,R,전통시장,2130221,"남부골목시장(남부화곡시장, 남부시장)",188,69,119,0,22,32,50,57,27,0,5,5,15,22,22,0,17,27,35,35,5
2021,3,R,전통시장,2130219,까치산시장,124,37,87,0,16,18,39,32,19,0,4,6,9,9,9,0,12,12,30,23,10
2021,3,R,전통시장,2130218,신월중앙시장,118,53,65,0,28,34,26,13,17,0,8,12,11,9,13,0,20,22,15,4,4
2021,3,R,전통시장,2130217,화곡본동시장,36,16,20,0,3,5,10,13,5,0,1,3,5,6,1,0,2,2,5,7,4
2021,3,R,전통시장,2130216,화곡중앙시장,75,32,43,0,4,11,21,22,17,0,2,2,9,8,11,0,2,9,12,14,6
2021,3,R,전통시장,2130215,대원종합시장,9,7,2,0,0,1,0,3,5,0,0,1,0,2,4,0,0,0,0,1,1
2021,3,R,전통시장,2130214,송화벽화시장(송화골목시장),119,44,75,2,23,18,25,33,18,0,6,7,9,13,9,2,17,11,16,20,9
2021,3,R,전통시장,2130213,방신전통시장,112,77,35,0,13,20,25,29,25,0,10,18,14,14,21,0,3,2,11,15,4
2021,3,R,전통시장,2130212,공항시장,8,6,2,0,1,0,3,2,2,0,1,0,3,0,2,0,0,0,0,2,0
2021,3,R,전통시장,2130211,신정2동 골목시장(오목교중앙시장),51,18,33,0,3,10,18,17,3,0,1,3,8,4,2,0,2,7,10,13,1
2021,3,R,전통시장,2130210,목2동시장,432,251,181,1,66,124,122,71,48,1,40,69,70,39,32,0,26,55,52,32,16
2021,3,R,전통시장,2130209,목사랑시장(목4동시장),111,61,50,0,7,15,23,42,24,0,2,13,10,20,16,0,5,2,13,22,8
2021,3,R,전통시장,2130208,목동깨비시장(목3동시장),148,67,81,0,13,20,55,37,23,0,7,6,18,19,17,0,6,14,37,18,6
2021,3,R,전통시장,2130207,신정1동 골목시장(신정제일시장),38,21,17,0,8,9,10,7,4,0,3,5,6,4,3,0,5,4,4,3,1
2021,3,R,전통시장,2130206,신정3동 골목시장,20,6,14,0,0,5,11,2,2,0,0,0,3,1,2,0,0,5,8,1,0
2021,3,R,전통시장,2130205,신곡종합시장(신월6동 골목시장),141,103,38,1,17,36,39,32,16,0,10,27,33,18,15,1,7,9,6,14,1
2021,3,R,전통시장,2130204,경창시장,100,50,50,0,5,12,27,27,29,0,2,5,12,16,15,0,3,7,15,11,14
2021,3,R,전통시장,2130203,서서울 골목형상점가,34,7,27,0,2,7,10,12,3,0,0,0,2,4,1,0,2,7,8,8,2
2021,3,R,전통시장,2130202,신영시장,40,13,27,0,3,4,13,16,4,0,2,0,3,6,2,0,1,4,10,10,2
2021,3,R,전통시장,2130201,월정로시장,27,17,10,0,2,8,10,7,0,0,0,7,6,4,0,0,2,1,4,3,0
2021,3,R,전통시장,2130200,"신월7동 골목시장(약수시장, 우성상가)",27,18,9,0,0,3,9,6,9,0,0,0,7,4,7,0,0,3,2,2,2
2021,3,R,전통시장,2130199,신월3동 골목시장,18,8,10,0,1,4,4,9,0,0,0,1,3,4,0,0,1,3,1,5,0
2021,3,R,전통시장,2130198,아현시장,203,45,158,1,51,84,52,10,5,0,8,5,26,4,2,1,43,79,26,6,3
2021,3,R,전통시장,2130197,마포시장,15,5,10,0,0,1,5,4,5,0,0,1,0,2,2,0,0,0,5,2,3
2021,3,R,전통시장,2130196,공덕시장,3948,2001,1947,52,1323,1296,891,287,99,28,467,646,599,181,80,24,856,650,292,106,19
2021,3,R,전통시장,2130195,도화동 상점가,1055,510,545,2,201,269,228,163,192,1,86,133,121,95,74,1,115,136,107,68,118
2021,3,R,전통시장,2130194,용강동 상점가,875,502,373,0,103,131,179,170,292,0,39,75,104,114,170,0,64,56,75,56,122
2021,3,R,전통시장,2130193,신수시장,34,19,15,0,4,7,12,5,6,0,1,5,5,4,4,0,3,2,7,1,2
2021,3,R,전통시장,2130192,동진시장,10,6,4,0,1,1,4,3,1,0,1,1,1,2,1,0,0,0,3,1,0
2021,3,R,전통시장,2130191,홍대 걷고싶은 거리,367,225,142,6,65,65,81,82,68,4,40,41,54,47,39,2,25,24,27,35,29
2021,3,R,전통시장,2130190,홍대소상공인상점가,150,77,73,1,55,35,30,18,11,0,18,22,18,10,9,1,37,13,12,8,2
2021,3,R,전통시장,2130189,서교시장,24,10,14,0,2,1,7,6,8,0,0,1,2,3,4,0,2,0,5,3,4
2021,3,R,전통시장,2130187,영진시장,29,14,15,0,4,5,11,7,2,0,2,2,6,2,2,0,2,3,5,5,0
2021,3,R,전통시장,2130186,망원시장,178,84,94,0,16,30,47,50,35,0,13,19,20,17,15,0,3,11,27,33,20
2021,3,R,전통시장,2130185,망원월드컵시장,190,123,67,1,26,69,53,25,16,1,14,43,35,16,14,0,12,26,18,9,2
2021,3,R,전통시장,2130184,마포농수산물시장,77,40,37,0,2,12,24,26,13,0,1,8,12,14,5,0,1,4,12,12,8
2021,3,R,전통시장,2130183,상암동상점가,816,607,209,1,89,204,283,187,52,0,49,150,227,143,38,1,40,54,56,44,14
2021,3,R,전통시장,2130182,영천시장,78,35,43,0,13,8,24,22,11,0,3,4,10,12,6,0,10,4,14,10,5
2021,3,R,전통시장,2130181,아현가구거리상점가,59,30,29,0,8,11,13,10,17,0,0,7,9,4,10,0,8,4,4,6,7
2021,3,R,전통시장,2130180,포방터시장,59,34,25,0,13,11,15,6,14,0,4,4,11,5,10,0,9,7,4,1,4
2021,3,R,전통시장,2130179,"이화여대 3,5,7길 상점가",147,65,82,3,34,15,41,31,23,1,12,3,14,17,18,2,22,12,27,14,5
2021,3,R,전통시장,2130178,이대 앞 스타트업 상점가,32,7,25,0,5,5,10,6,6,0,1,0,4,0,2,0,4,5,6,6,4
2021,3,R,전통시장,2130177,인왕시장(홍제골목형상점가),44,7,37,0,1,1,8,7,27,0,0,0,1,3,3,0,1,1,7,4,24
2021,3,R,전통시장,2130176,유진상가,38,23,15,0,20,16,1,1,0,0,9,13,1,0,0,0,11,3,0,1,0
2021,3,R,전통시장,2130175,신촌 상인회(신촌상점가),13,5,8,0,1,3,5,4,0,0,1,0,1,3,0,0,0,3,4,1,0
2021,3,R,전통시장,2130173,백련시장,5,3,2,0,0,1,0,2,2,0,0,1,0,0,2,0,0,0,0,2,0
2021,3,R,전통시장,2130172,모래내시장(서중시장),41,13,28,0,5,12,8,10,6,0,0,2,3,5,3,0,5,10,5,5,3
2021,3,R,전통시장,2130171,불광먹자골목 골목형상점가,155,54,101,0,18,31,24,37,45,0,4,9,11,16,14,0,14,22,13,21,31
2021,3,R,전통시장,2130170,제일시장,58,26,32,1,7,9,13,19,9,1,2,2,5,11,5,0,5,7,8,8,4
2021,3,R,전통시장,2130169,대조시장,67,31,36,0,5,11,21,23,7,0,1,3,11,11,5,0,4,8,10,12,2
2021,3,R,전통시장,2130168,연서시장,242,157,85,0,19,50,53,65,55,0,5,23,33,49,47,0,14,27,20,16,8
2021,3,R,전통시장,2130167,연신내상점가(연빛거리),636,239,397,1,144,143,157,120,71,1,31,52,57,53,45,0,113,91,100,67,26
2021,3,R,전통시장,2130166,응암시장(신응암시장),17,10,7,0,0,3,2,5,7,0,0,0,1,3,6,0,0,3,1,2,1
2021,3,R,전통시장,2130165,"대림골목시장(대림시장, 양지시장)",214,34,180,0,20,45,56,62,31,0,1,7,5,11,10,0,19,38,51,51,21
2021,3,R,전통시장,2130164,역촌중앙시장,9,3,6,0,0,1,2,2,4,0,0,0,1,1,1,0,0,1,1,1,3
2021,3,R,전통시장,2130163,응암오거리상점가,182,49,133,0,24,28,44,50,36,0,4,8,11,12,14,0,20,20,33,38,22
2021,3,R,전통시장,2130162,증산골목시장,7,3,4,0,0,2,2,1,2,0,0,0,0,1,2,0,0,2,2,0,0
2021,3,R,전통시장,2130161,증산종합시장,8,5,3,0,0,1,2,2,3,0,0,0,1,2,2,0,0,1,1,0,1
2021,3,R,전통시장,2130160,수일시장,7,2,5,0,0,2,1,2,2,0,0,0,0,1,1,0,0,2,1,1,1
2021,3,R,전통시장,2130159,공릉동 도깨비시장,101,47,54,0,12,22,24,26,17,0,4,8,9,15,11,0,8,14,15,11,6
2021,3,R,전통시장,2130157,상계중앙시장,74,40,34,0,14,19,14,17,10,0,8,15,7,7,3,0,6,4,7,10,7
2021,3,R,전통시장,2130155,시영B상가(중계 그린아파트 B 상가),12,8,4,0,1,5,3,3,0,0,0,5,2,1,0,0,1,0,1,2,0
2021,3,R,전통시장,2130153,창동역상점가,229,138,91,0,18,48,54,56,53,0,7,31,30,31,39,0,11,17,24,25,14
2021,3,R,전통시장,2130152,오!도봉거리 상점가,61,34,27,0,5,14,19,13,10,0,1,5,10,10,8,0,4,9,9,3,2
2021,3,R,전통시장,2130151,신도봉시장,5,5,0,0,1,0,2,2,0,0,1,0,2,2,0,0,0,0,0,0,0
2021,3,R,전통시장,2130150,창동골목시장,84,47,37,0,19,30,14,8,13,0,7,20,9,5,6,0,12,10,5,3,7
2021,3,R,전통시장,2130149,창동신창시장,104,40,64,0,2,21,32,29,20,0,0,7,14,8,11,0,2,14,18,21,9
2021,3,R,전통시장,2130148,방학동도깨비시장,60,33,27,0,6,9,16,18,11,0,4,3,8,14,4,0,2,6,8,4,7
2021,3,R,전통시장,2130147,쌍문역동측상점가,69,32,37,0,7,17,18,9,18,0,2,6,10,5,9,0,5,11,8,4,9
2021,3,R,전통시장,2130146,쌍문시장(쌍문역골목시장),263,124,139,0,29,33,54,80,67,0,10,12,28,32,42,0,19,21,26,48,25
2021,3,R,전통시장,2130145,쌍문역둘리상점가,244,202,42,0,39,44,77,62,22,0,28,35,65,56,18,0,11,9,12,6,4
2021,3,R,전통시장,2130144,백운시장,38,17,21,0,0,3,13,14,8,0,0,0,5,5,7,0,0,3,8,9,1
2021,3,R,전통시장,2130143,방천골목시장,65,36,29,0,11,7,19,24,4,0,6,5,9,13,3,0,5,2,10,11,1
2021,3,R,전통시장,2130142,강북북부시장,7,5,2,0,1,1,0,2,3,0,0,1,0,2,2,0,1,0,0,0,1
2021,3,R,전통시장,2130141,강북북부골목시장,43,20,23,0,16,4,11,6,6,0,3,2,6,6,3,0,13,2,5,0,3
2021,3,R,전통시장,2130140,숭인시장,62,27,35,0,9,13,10,15,15,0,0,4,1,9,13,0,9,9,9,6,2
2021,3,R,전통시장,2130139,강북종합전통시장(강북종합골목시장),166,114,52,0,16,45,61,28,16,0,11,33,42,19,9,0,5,12,19,9,7
2021,3,R,전통시장,2130138,수유프라자,142,24,118,1,31,24,16,42,28,0,1,4,5,4,10,1,30,20,11,38,18
2021,3,R,전통시장,2130137,"수유전통시장(수유시장, 수유골목시장)",89,31,58,0,5,10,19,26,29,0,0,3,8,8,12,0,5,7,11,18,17
2021,3,R,전통시장,2130136,수유재래시장,29,11,18,0,6,5,7,5,6,0,2,1,0,2,6,0,4,4,7,3,0
2021,3,R,전통시장,2130135,수유중앙골목시장(수유중앙시장),24,12,12,0,0,3,4,5,12,0,0,2,2,0,8,0,0,1,2,5,4
2021,3,R,전통시장,2130134,"솔샘시장(미아6,7동골목시장)",73,30,43,1,7,19,25,18,3,0,3,4,12,8,3,1,4,15,13,10,0
2021,3,R,전통시장,2130133,우이골목시장(우이시장),69,61,8,0,7,7,19,20,16,0,6,6,17,17,15,0,1,1,2,3,1
2021,3,R,전통시장,2130132,삼양골목시장(삼양시장),57,19,38,0,10,13,12,14,8,0,0,4,5,5,5,0,10,9,7,9,3
2021,3,R,전통시장,2130131,동북프라자,121,49,72,0,9,23,37,29,23,0,4,8,17,9,11,0,5,15,20,20,12
2021,3,R,전통시장,2130130,수유북부골목시장,20,14,6,0,1,1,7,5,6,0,0,0,6,3,5,0,1,1,1,2,1
2021,3,R,전통시장,2130129,장미원골목시장,911,571,340,0,15,14,38,89,755,0,1,4,12,40,514,0,14,10,26,49,241
2021,3,R,전통시장,2130128,돌곶이시장(석관황금시장),191,157,34,0,30,36,41,72,12,0,28,26,29,62,12,0,2,10,12,10,0
2021,3,R,전통시장,2130126,새석관시장,3,1,2,0,0,0,1,2,0,0,0,0,0,1,0,0,0,0,1,1,0
2021,3,R,전통시장,2130125,장위전통시장,40,20,20,0,5,6,7,8,14,0,0,2,5,5,8,0,5,4,2,3,6
2021,3,R,전통시장,2130123,꿈의숲 장곡 골목형상점가,6,5,1,0,1,0,1,4,0,0,1,0,1,3,0,0,0,0,0,1,0
2021,3,R,전통시장,2130122,밤나무골시장,17,5,12,0,2,4,6,4,1,0,1,1,2,1,0,0,1,3,4,3,1
2021,3,R,전통시장,2130121,길음시장,91,19,72,0,36,24,10,8,13,0,2,5,3,2,7,0,34,19,7,6,6
2021,3,R,전통시장,2130120,돈암시장(돈암제일시장),99,23,76,1,20,20,25,18,15,0,0,2,7,8,6,1,20,18,18,10,9
2021,3,R,전통시장,2130119,정릉아리랑시장,15,4,11,0,0,4,5,5,1,0,0,0,0,3,1,0,0,4,5,2,0
2021,3,R,전통시장,2130118,정릉골 골목형상점가,67,30,37,0,11,13,11,19,13,0,0,2,6,12,10,0,11,11,5,7,3
2021,3,R,전통시장,2130117,정릉시장,119,62,57,0,4,15,34,41,25,0,2,8,20,18,14,0,2,7,14,23,11
2021,3,R,전통시장,2130116,동성타워프라자,31,22,9,0,2,9,7,8,5,0,2,4,4,7,5,0,0,5,3,1,0
2021,3,R,전통시장,2130115,우림골목시장,307,106,201,2,80,61,68,64,32,0,29,11,30,20,16,2,51,50,38,44,16
2021,3,R,전통시장,2130114,유영시장,31,20,11,0,9,5,3,8,6,0,7,2,2,5,4,0,2,3,1,3,2
2021,3,R,전통시장,2130113,신아타운,148,27,121,1,31,31,28,39,18,1,4,9,3,4,6,0,27,22,25,35,12
2021,3,R,전통시장,2130112,사가정시장,86,28,58,0,13,17,24,19,13,0,0,3,6,8,11,0,13,14,18,11,2
2021,3,R,전통시장,2130111,"동원전통종합시장(동원시장, 동원전통시장 상점가)",224,109,115,0,24,37,49,82,32,0,11,17,21,38,22,0,13,20,28,44,10
2021,3,R,전통시장,2130110,면목골목시장(면목시장),103,59,44,0,1,8,32,38,24,0,1,5,19,18,16,0,0,3,13,20,8
2021,3,R,전통시장,2130109,묵1동도깨비시장,47,33,14,0,2,9,16,9,11,0,1,5,13,5,9,0,1,4,3,4,2
2021,3,R,전통시장,2130108,태능엔터피아(태릉시장),3,1,2,0,0,0,1,2,0,0,0,0,0,1,0,0,0,0,1,1,0
2021,3,R,전통시장,2130107,중랑동부시장(중랑교종합상가),13,3,10,0,0,1,4,5,3,0,0,0,0,1,2,0,0,1,4,4,1
2021,3,R,전통시장,2130106,중랑동부시장,166,56,110,1,20,40,34,39,32,0,1,8,7,21,19,1,19,32,27,18,13
2021,3,R,전통시장,2130105,장미제일시장(중화동제일시장),63,27,36,0,8,14,22,11,8,0,3,6,14,3,1,0,5,8,8,8,7
2021,3,R,전통시장,2130104,전곡시장,93,54,39,0,8,17,28,26,14,0,5,8,16,13,12,0,3,9,12,13,2
2021,3,R,전통시장,2130103,이경시장,16,8,8,0,0,1,2,2,11,0,0,1,1,1,5,0,0,0,1,1,6
2021,3,R,전통시장,2130101,답십리현대시장,8,5,3,0,0,1,3,2,2,0,0,1,1,2,1,0,0,0,2,0,1
2021,3,R,전통시장,2130100,답십리시장,93,40,53,2,19,25,23,11,13,2,4,9,11,6,8,0,15,16,12,5,5
2021,3,R,전통시장,2130099,전농로터리시장,7,3,4,0,1,0,2,3,1,0,0,0,1,1,1,0,1,0,1,2,0
2021,3,R,전통시장,2130098,회기시장,55,17,38,0,9,14,15,12,5,0,2,3,4,6,2,0,7,11,11,6,3
2021,3,R,전통시장,2130097,답십리 건축자재시장,315,202,113,1,17,46,46,44,161,0,8,37,25,23,109,1,9,9,21,21,52
2021,3,R,전통시장,2130096,동부시장,14,9,5,0,0,0,1,1,12,0,0,0,0,0,9,0,0,0,1,1,3
2021,3,R,전통시장,2130095,청량리전통시장,95,38,57,0,6,16,18,33,22,0,4,6,9,10,9,0,2,10,9,23,13
2021,3,R,전통시장,2130094,청량리청과물시장,54,24,30,0,7,13,17,7,10,0,0,4,10,2,8,0,7,9,7,5,2
2021,3,R,전통시장,2130093,동서시장,5,3,2,0,0,0,1,2,2,0,0,0,1,0,2,0,0,0,0,2,0
2021,3,R,전통시장,2130092,청량리농수산물시장,12,9,3,0,0,1,3,5,3,0,0,0,3,3,3,0,0,1,0,2,0
2021,3,R,전통시장,2130091,청량종합도매시장,36,27,9,0,1,3,11,14,7,0,0,3,8,10,6,0,1,0,3,4,1
2021,3,R,전통시장,2130090,청량리종합시장,19,13,6,0,1,4,3,5,6,0,1,2,3,3,4,0,0,2,0,2,2
2021,3,R,전통시장,2130089,청량리수산시장,42,33,9,0,4,7,16,6,9,0,3,7,12,4,7,0,1,0,4,2,2
2021,3,R,전통시장,2130088,경동시장,126,57,69,0,18,32,24,17,35,0,3,11,11,10,22,0,15,21,13,7,13
2021,3,R,전통시장,2130087,경동광성상가(경동시장),28,20,8,0,5,3,8,7,5,0,3,2,6,5,4,0,2,1,2,2,1
2021,3,R,전통시장,2130086,서울약령시장,1184,651,533,4,113,208,305,341,213,0,56,128,165,181,121,4,57,80,140,160,92
2021,3,R,전통시장,2130085,용두시장,4,2,2,0,0,0,1,2,1,0,0,0,0,1,1,0,0,0,1,1,0
2021,3,R,전통시장,2130084,신성시장(신성골목시장),21,6,15,0,3,5,8,4,1,0,0,1,2,2,1,0,3,4,6,2,0
2021,3,R,전통시장,2130083,"중곡제일시장(중곡제일골목시장, 광성시장)",111,68,43,0,15,21,29,24,22,0,7,14,20,10,17,0,8,7,9,14,5
2021,3,R,전통시장,2130082,면곡골목시장,20,11,9,0,4,0,1,9,6,0,4,0,0,3,4,0,0,0,1,6,2
2021,3,R,전통시장,2130081,자양골목전통시장(자양골목시장),54,36,18,0,7,17,14,9,7,0,5,12,9,6,4,0,2,5,5,3,3
2021,3,R,전통시장,2130080,자양종합시장(기능상실),14,10,4,0,0,1,6,6,1,0,0,1,4,4,1,0,0,0,2,2,0
2021,3,R,전통시장,2130079,한아름시장,40,29,11,0,5,6,6,10,13,0,4,4,5,6,10,0,1,2,1,4,3
2021,3,R,전통시장,2130078,화양제일골목시장,65,23,42,0,6,17,20,18,4,0,1,7,8,6,1,0,5,10,12,12,3
2021,3,R,전통시장,2130077,조양시장,31,19,12,0,11,7,8,5,0,0,6,5,4,4,0,0,5,2,4,1,0
2021,3,R,전통시장,2130076,능동로골목시장,88,67,21,0,2,11,14,16,45,0,1,4,13,10,39,0,1,7,1,6,6
2021,3,R,전통시장,2130075,노룬산시장(노룬산골목시장),23,13,10,0,4,5,10,2,2,0,3,3,6,0,1,0,1,2,4,2,1
2021,3,R,전통시장,2130074,영동교골목시장,21,15,6,0,6,9,2,3,1,0,3,9,0,2,1,0,3,0,2,1,0
2021,3,R,전통시장,2130073,뚝도시장,45,17,28,1,3,10,9,11,11,0,0,2,4,5,6,1,3,8,5,6,5
2021,3,R,전통시장,2130072,성동용답상가시장,132,71,61,0,21,19,35,39,18,0,9,9,16,26,11,0,12,10,19,13,7
2021,3,R,전통시장,2130071,성수역 골목형상점가,335,180,155,1,61,89,70,43,71,0,27,43,43,29,38,1,34,46,27,14,33
2021,3,R,전통시장,2130070,뚝섬역상점가,1016,697,319,6,178,259,217,222,134,4,105,179,143,157,109,2,73,80,74,65,25
2021,3,R,전통시장,2130069,"한양대앞상점가(한양시장, 왕십리맛골목)",32,19,13,0,6,6,4,8,8,0,4,4,0,5,6,0,2,2,4,3,2
2021,3,R,전통시장,2130068,마장축산물시장,975,630,345,1,102,202,250,248,172,1,68,127,155,165,114,0,34,75,95,83,58
2021,3,R,전통시장,2130067,왕십리도선동상점가,1670,335,1335,3,166,202,291,591,417,1,78,98,69,49,40,2,88,104,222,542,377
2021,3,R,전통시장,2130066,행당시장상점가,397,182,215,0,49,86,115,100,47,0,17,38,54,45,28,0,32,48,61,55,19
2021,3,R,전통시장,2130065,무학봉상점가,144,67,77,0,22,29,34,37,22,0,4,10,14,22,17,0,18,19,20,15,5
2021,3,R,전통시장,2130064,금남시장,36,13,23,0,6,7,8,4,11,0,1,0,5,2,5,0,5,7,3,2,6
2021,3,R,전통시장,2130063,신금호역 골목형상점가,30,21,9,0,2,4,5,9,10,0,1,3,4,7,6,0,1,1,1,2,4
2021,3,R,전통시장,2130062,보광시장,31,12,19,0,0,6,10,13,2,0,0,3,4,4,1,0,0,3,6,9,1
2021,3,R,전통시장,2130061,이태원시장,32,20,12,0,18,3,4,6,1,0,12,1,3,3,1,0,6,2,1,3,0
2021,3,R,전통시장,2130060,신흥시장,4,1,3,0,0,2,0,2,0,0,0,1,0,0,0,0,0,1,0,2,0
2021,3,R,전통시장,2130059,후암시장,64,40,24,0,6,12,16,11,19,0,4,5,10,7,14,0,2,7,6,4,5
2021,3,R,전통시장,2130058,이촌종합시장,109,78,31,0,13,19,25,26,26,0,7,12,15,21,23,0,6,7,10,5,3
2021,3,R,전통시장,2130057,만리시장,12,9,3,0,0,2,1,4,5,0,0,1,1,3,4,0,0,1,0,1,1
2021,3,R,전통시장,2130056,용산용문시장,65,34,31,0,7,15,18,10,15,0,4,6,7,6,11,0,3,9,11,4,4
2021,3,R,전통시장,2130055,"황학시장(서울중앙시장, 신중앙시장)",203,117,86,0,24,49,47,52,31,0,12,25,24,32,24,0,12,24,23,20,7
2021,3,R,전통시장,2130054,황학동주방가구거리상점가,374,266,108,0,25,80,116,106,47,0,18,60,77,74,37,0,7,20,39,32,10
2021,3,R,전통시장,2130053,백학시장,160,69,91,0,22,24,46,37,31,0,8,8,20,15,18,0,14,16,26,22,13
2021,3,R,전통시장,2130052,서울중앙시장(신중앙시장),479,342,137,0,106,156,101,61,55,0,80,110,57,45,50,0,26,46,44,16,5
2021,3,R,전통시장,2130051,동화동 골목형상점가,391,156,235,1,82,94,98,66,50,1,18,25,43,36,33,0,64,69,55,30,17
2021,3,R,전통시장,2130050,청평화시장,120,50,70,1,18,26,31,29,15,1,9,13,5,15,7,0,9,13,26,14,8
2021,3,R,전통시장,2130049,신당 미래유산 먹거리 골목형상점가,42,19,23,0,3,5,9,13,12,0,1,3,0,7,8,0,2,2,9,6,4
2021,3,R,전통시장,2130048,동평화시장,18,9,9,0,7,8,0,3,0,0,3,4,0,2,0,0,4,4,0,1,0
2021,3,R,전통시장,2130047,테크노상가(엘리시움),160,112,48,0,10,26,34,61,29,0,5,20,21,42,24,0,5,6,13,19,5
2021,3,R,전통시장,2130046,team204(팀204),20,13,7,0,1,3,4,2,10,0,0,2,3,1,7,0,1,1,1,1,3
2021,3,R,전통시장,2130045,광희패션몰,49,29,20,0,1,5,11,17,15,0,0,2,7,11,9,0,1,3,4,6,6
2021,3,R,전통시장,2130044,에리어식스(벨포스트),10,2,8,1,0,2,3,3,1,1,0,1,0,0,0,0,0,1,3,3,1
2021,3,R,전통시장,2130043,제일평화시장,43,27,16,0,6,14,13,8,2,0,1,9,9,6,2,0,5,5,4,2,0
2021,3,R,전통시장,2130042,약수시장,158,67,91,2,36,30,40,21,29,2,9,9,19,8,20,0,27,21,21,13,9
2021,3,R,전통시장,2130041,신평화패션타운(청계6가 지하도상가),28,21,7,0,1,5,9,8,5,0,0,4,9,5,3,0,1,1,0,3,2
2021,3,R,전통시장,2130040,남평화시장,5,3,2,0,0,4,0,0,1,0,0,2,0,0,1,0,0,2,0,0,0
2021,3,R,전통시장,2130039,청계6가 지하도상가,36,26,10,0,1,1,7,6,21,0,1,1,5,5,14,0,0,0,2,1,7
2021,3,R,전통시장,2130038,"평화시장(통일상가, 동화상가)",930,630,300,3,110,293,273,172,79,0,61,165,211,134,59,3,49,128,62,38,20
2021,3,R,전통시장,2130036,중부시장(신중부시장),3089,921,2168,8,1868,593,250,198,172,3,316,189,171,120,122,5,1552,404,79,78,50
2021,3,R,전통시장,2130035,방산종합시장(방산시장),1190,736,454,1,96,200,284,312,297,0,56,117,154,191,218,1,40,83,130,121,79
2021,3,R,전통시장,2130034,필동 골목형상점가,14,7,7,0,2,4,5,2,1,0,1,2,2,2,0,0,1,2,3,0,1
2021,3,R,전통시장,2130033,대림상가(청계상가),169,121,48,0,7,29,54,39,40,0,3,19,35,30,34,0,4,10,19,9,6
2021,3,R,전통시장,2130032,인현시장,167,123,44,0,3,25,47,54,38,0,3,16,35,40,29,0,0,9,12,14,9
2021,3,R,전통시장,2130031,청계천공구상가,921,698,223,2,101,281,234,159,144,1,64,230,181,104,118,1,37,51,53,55,26
2021,3,R,전통시장,2130028,을지입구지하상가(을지로지하보도쇼핑센터),2,2,0,0,0,0,1,1,0,0,0,0,1,1,0,0,0,0,0,0,0
2021,3,R,전통시장,2130025,삼익패션타운(남대문시장),5494,2675,2819,69,1760,1561,1124,794,186,31,674,837,763,292,78,38,1086,724,361,502,108
2021,3,R,전통시장,2130024,남대문시장(자유상가),732,426,306,2,54,129,172,177,198,1,15,75,95,108,132,1,39,54,77,69,66
2021,3,R,전통시장,2130022,숭례문수입상가(남대문시장),1907,850,1057,0,330,855,598,113,11,0,55,378,338,70,9,0,275,477,260,43,2
2021,3,R,전통시장,2130021,신설종합시장,50,37,13,1,1,10,12,13,13,0,0,9,10,10,8,1,1,1,2,3,5
2021,3,R,전통시장,2130020,동묘시장(동묘벼룩시장),407,177,230,5,154,93,73,58,24,5,43,31,45,32,21,0,111,62,28,26,3
2021,3,R,전통시장,2130019,동대문상가D동,28,21,7,0,6,5,5,4,8,0,4,2,4,4,7,0,2,3,1,0,1
2021,3,R,전통시장,2130018,동대문문구완구거리(동대문문구완구시장),215,124,91,0,27,45,50,52,41,0,12,24,33,31,24,0,15,21,17,21,17
2021,3,R,전통시장,2130017,동대문상가C동,12,9,3,0,1,4,4,2,1,0,1,4,3,0,1,0,0,0,1,2,0
2021,3,R,전통시장,2130016,동대문상가B동,2,1,1,0,0,1,1,0,0,0,0,0,1,0,0,0,0,1,0,0,0
2021,3,R,전통시장,2130015,창신골목시장,22,12,10,0,0,2,8,9,3,0,0,2,6,2,2,0,0,0,2,7,1
2021,3,R,전통시장,2130014,동문시장,3,1,2,0,0,2,0,0,1,0,0,0,0,0,1,0,0,2,0,0,0
2021,3,R,전통시장,2130012,"동대문종합시장(동대문종합시장 신관, 동대문종합시장D동상가)",1319,965,354,2,156,325,348,339,149,0,116,251,238,247,113,2,40,74,110,92,36
2021,3,R,전통시장,2130011,충신시장,88,44,44,0,19,19,20,17,13,0,7,11,8,8,10,0,12,8,12,9,3
2021,3,R,전통시장,2130010,종로신진시장,200,113,87,0,20,29,55,48,48,0,14,17,24,26,32,0,6,12,31,22,16
2021,3,R,전통시장,2130009,마전교지하쇼핑센터(구 한일상가),24,16,8,0,0,2,3,7,12,0,0,2,2,4,8,0,0,0,1,3,4
2021,3,R,전통시장,2130007,광장시장(광장전통시장),466,310,156,0,39,77,97,129,124,0,22,41,73,77,97,0,17,36,24,52,27
2021,3,R,전통시장,2130005,세운상가가동,137,96,41,0,7,34,35,22,39,0,5,23,28,8,32,0,2,11,7,14,7
2021,3,R,전통시장,2130004,낙원시장(낙원지하시장(대일상가)),364,258,106,0,29,70,99,78,88,0,14,51,68,57,68,0,15,19,31,21,20
2021,3,R,전통시장,2130002,세종마을음식문화거리(금천교시장),564,392,172,4,56,109,120,121,154,0,26,74,75,90,127,4,30,35,45,31,27
2021,3,R,전통시장,2130001,통인시장,59,29,30,0,4,14,11,12,18,0,2,4,6,6,11,0,2,10,5,6,7
2021,3,D,발달상권,2120249,고덕역,1359,916,443,3,172,305,337,317,225,1,75,198,249,221,172,2,97,107,88,96,53
2021,3,D,발달상권,2120248,명일역,860,332,528,4,114,141,223,204,174,2,41,59,84,69,77,2,73,82,139,135,97
2021,3,D,발달상권,2120247,굽은다리역,565,307,258,4,91,118,142,102,108,1,37,76,71,55,67,3,54,42,71,47,41
2021,3,D,발달상권,2120246,길동역,3399,1536,1863,14,384,560,835,905,701,8,169,317,417,296,329,6,215,243,418,609,372
2021,3,D,발달상권,2120245,둔촌역,1884,1135,749,7,312,460,446,371,288,6,169,309,271,195,185,1,143,151,175,176,103
2021,3,D,발달상권,2120244,암사역,916,401,515,0,70,85,103,111,547,0,14,44,49,42,252,0,56,41,54,69,295
2021,3,D,발달상권,2120243,천호역,1353,629,724,6,186,250,315,291,305,2,63,108,142,123,191,4,123,142,173,168,114
2021,3,D,발달상권,2120242,강동구청역,4528,2937,1591,33,536,1064,1055,893,947,13,287,678,695,560,704,20,249,386,360,333,243
2021,3,D,발달상권,2120241,거여역,1197,650,547,5,110,221,296,277,288,2,80,152,161,83,172,3,30,69,135,194,116
2021,3,D,발달상권,2120240,개롱역,1609,1102,507,7,212,314,404,431,241,5,125,230,269,295,178,2,87,84,135,136,63
2021,3,D,발달상권,2120239,오금역,4700,3006,1694,17,851,1243,1186,911,492,11,456,826,848,495,370,6,395,417,338,416,122
2021,3,D,발달상권,2120238,방이역,412,251,161,4,47,97,113,76,75,3,22,45,60,57,64,1,25,52,53,19,11
2021,3,D,발달상권,2120237,경찰병원역,8608,5226,3382,58,1222,1655,1718,1449,2506,24,537,1057,1126,725,1757,34,685,598,592,724,749
2021,3,D,발달상권,2120236,장지역(가든파이브),4622,3221,1401,15,678,1056,1076,989,808,10,373,711,778,710,639,5,305,345,298,279,169
2021,3,D,발달상권,2120235,문정역,907,621,286,1,116,196,202,236,156,0,69,151,148,144,109,1,47,45,54,92,47
2021,3,D,발달상권,2120234,가락시장역,10268,6224,4044,11,1350,2490,2149,1678,2590,3,586,1468,1439,927,1801,8,764,1022,710,751,789
2021,3,D,발달상권,2120233,몽촌토성역,10357,5705,4652,28,1787,2711,2252,2152,1427,22,1123,1846,1193,782,739,6,664,865,1059,1370,688
2021,3,D,발달상권,2120232,송파나루역,1269,856,413,0,212,350,295,218,194,0,91,220,204,165,176,0,121,130,91,53,18
2021,3,D,발달상권,2120231,가락시장,5698,4083,1615,0,368,1051,1564,1654,1061,0,264,836,1185,1098,700,0,104,215,379,556,361
2021,3,D,발달상권,2120230,송파사거리(송파역),876,470,406,4,96,176,202,193,205,1,38,99,115,92,125,3,58,77,87,101,80
2021,3,D,발달상권,2120229,방이동먹자골목,7319,4732,2587,12,1062,2182,1915,1302,846,5,588,1347,1338,913,541,7,474,835,577,389,305
2021,3,D,발달상권,2120228,석촌역(석촌호수),4494,2725,1769,7,707,1306,1038,695,741,1,288,851,680,410,495,6,419,455,358,285,246
2021,3,D,발달상권,2120227,잠실역,45438,24212,21226,163,8139,11821,12755,11278,1282,51,3785,7433,7435,4548,960,112,4354,4388,5320,6730,322
2021,3,D,발달상권,2120226,석촌고분역,2408,1777,631,8,277,341,447,352,983,7,130,207,264,234,935,1,147,134,183,118,48
2021,3,D,발달상권,2120225,잠실새내역(신천),5750,3738,2012,25,929,1190,1248,1210,1148,3,467,728,831,853,856,22,462,462,417,357,292
2021,3,D,발달상권,2120224,수서역,12418,6339,6079,23,1900,3177,3167,2346,1805,12,860,1669,1497,1232,1069,11,1040,1508,1670,1114,736
2021,3,D,발달상권,2120223,휘문고교사거리,9166,5574,3592,20,1785,2926,2736,1401,298,4,1102,2061,1597,609,201,16,683,865,1139,792,97
2021,3,D,발달상권,2120222,삼성역,43324,24141,19183,244,8091,13641,10294,6385,4669,119,3186,7703,6883,3711,2539,125,4905,5938,3411,2674,2130
2021,3,D,발달상권,2120221,봉은사역,19513,12605,6908,22,4375,5782,3654,2813,2867,8,2402,4217,2849,1721,1408,14,1973,1565,805,1092,1459
2021,3,D,발달상권,2120220,대치역,5578,3302,2276,26,1841,2261,972,319,159,2,769,1465,717,225,124,24,1072,796,255,94,35
2021,3,D,발달상권,2120219,은마아파트,17161,5791,11370,202,3396,3816,3174,4058,2515,83,1254,1870,1373,817,394,119,2142,1946,1801,3241,2121
2021,3,D,발달상권,2120218,코엑스,290,54,236,0,116,103,58,13,0,0,13,16,16,9,0,0,103,87,42,4,0
2021,3,D,발달상권,2120217,대치사거리,2779,1478,1301,11,552,771,700,452,293,10,220,379,381,264,224,1,332,392,319,188,69
2021,3,D,발달상권,2120216,경기고교사거리(경기고교앞사거리),4934,3621,1313,8,712,1628,1666,772,148,5,291,1070,1431,703,121,3,421,558,235,69,27
2021,3,D,발달상권,2120215,포스코사거리,61656,40699,20957,170,9756,22505,18176,8404,2645,29,4305,14324,13853,6406,1782,141,5451,8181,4323,1998,863
2021,3,D,발달상권,2120214,영동대교남단교차로,3990,2902,1088,7,489,1173,1108,931,282,3,271,811,866,755,196,4,218,362,242,176,86
2021,3,D,발달상권,2120213,삼성중앙역,8472,5131,3341,50,1855,2469,1898,1065,1135,12,828,1511,1297,712,771,38,1027,958,601,353,364
2021,3,D,발달상권,2120212,한티역,713,378,335,1,115,178,190,137,92,1,36,85,116,78,62,0,79,93,74,59,30
2021,3,D,발달상권,2120211,도성초등학교,984,516,468,7,180,282,189,161,165,3,68,120,112,117,96,4,112,162,77,44,69
2021,3,D,발달상권,2120210,선릉역,48780,26797,21983,117,11358,13636,11065,7952,4652,54,5356,8026,6479,4158,2724,63,6002,5610,4586,3794,1928
2021,3,D,발달상권,2120209,"강남구청(청담역_8번, 강남세무서)",8984,2608,6376,34,2050,2683,2467,1170,580,9,538,752,537,393,379,25,1512,1931,1930,777,201
2021,3,D,발달상권,2120208,청담사거리(청담동명품거리),10577,4635,5942,38,3354,3776,2024,878,507,13,1031,1619,1113,501,358,25,2323,2157,911,377,149
2021,3,D,발달상권,2120207,선정릉역,12151,7422,4729,32,2685,4209,2741,1595,889,16,1111,2464,1939,1147,745,16,1574,1745,802,448,144
2021,3,D,발달상권,2120206,개나리아파트,5280,3376,1904,87,1661,1418,1095,666,353,27,868,957,784,463,277,60,793,461,311,203,76
2021,3,D,발달상권,2120205,매봉역,13950,9370,4580,95,2838,4203,3126,1781,1907,44,1450,2959,2521,1302,1094,51,1388,1244,605,479,813
2021,3,D,발달상권,2120204,르네상스호텔사거리,41471,20644,20827,102,8167,11056,10671,10081,1394,54,5016,7567,4988,2062,957,48,3151,3489,5683,8019,437
2021,3,D,발달상권,2120203,강남구청역,7726,4602,3124,27,1589,2070,1890,1381,769,8,650,1218,1293,882,551,19,939,852,597,499,218
2021,3,D,발달상권,2120202,압구정로데오역(압구정로데오),11735,6075,5660,41,2963,4419,2469,1425,418,11,793,2184,1593,1195,299,30,2170,2235,876,230,119
2021,3,D,발달상권,2120201,도곡1동,11559,6387,5172,116,3565,3472,2482,1299,625,31,1365,2021,1730,754,486,85,2200,1451,752,545,139
2021,3,D,발달상권,2120200,학동사거리,9363,3808,5555,26,2868,3075,1848,1005,541,9,654,1122,937,687,399,17,2214,1953,911,318,142
2021,3,D,발달상권,2120199,경복아파트교차로,3830,2283,1547,10,796,1196,781,572,475,4,317,721,498,390,353,6,479,475,283,182,122
2021,3,D,발달상권,2120198,구역삼세무서,11531,7246,4285,23,2691,3529,2889,1562,837,12,1141,2216,2115,1139,623,11,1550,1313,774,423,214
2021,3,D,발달상권,2120197,역삼역,58694,38567,20127,93,10088,18053,15887,10835,3738,43,5227,11916,11864,7079,2438,50,4861,6137,4023,3756,1300
2021,3,D,발달상권,2120196,서울세관,9687,5900,3787,15,1708,2897,2579,1614,874,2,604,1527,1719,1323,725,13,1104,1370,860,291,149
2021,3,D,발달상권,2120195,성수대교남단,5611,2685,2926,39,1393,2394,1102,426,257,15,487,1194,634,208,147,24,906,1200,468,218,110
2021,3,D,발달상권,2120194,언주역(차병원),12628,8724,3904,37,2790,4202,2802,1923,874,14,1366,2863,2239,1588,654,23,1424,1339,563,335,220
2021,3,D,발달상권,2120193,도산공원교차로,6384,3798,2586,15,1278,1918,1493,983,697,6,466,1071,1021,696,538,9,812,847,472,287,159
2021,3,D,발달상권,2120192,뱅뱅사거리,27462,18935,8527,73,5758,8273,6703,4372,2283,38,3280,5616,5106,3189,1706,35,2478,2657,1597,1183,577
2021,3,D,발달상권,2120191,학동역,13862,8102,5760,40,2889,3759,2967,1864,2343,17,1120,2144,2011,1130,1680,23,1769,1615,956,734,663
2021,3,D,발달상권,2120190,강남을지병원,11703,6183,5520,44,3417,3226,2498,1508,1010,14,1228,1648,1560,985,748,30,2189,1578,938,523,262
2021,3,D,발달상권,2120189,강남역,72613,38819,33794,234,17636,24305,18411,9151,2876,59,6629,13226,10962,5914,2029,175,11007,11079,7449,3237,847
2021,3,D,발달상권,2120188,압구정역,8579,3750,4829,134,2204,2146,1550,1314,1231,47,698,969,897,556,583,87,1506,1177,653,758,648
2021,3,D,발달상권,2120187,신논현역,13076,7778,5298,64,3624,3962,2984,1673,769,27,1516,2302,2121,1247,565,37,2108,1660,863,426,204
2021,3,D,발달상권,2120186,가로수길,6518,3580,2938,19,1316,2133,1570,895,585,5,447,1174,950,573,431,14,869,959,620,322,154
2021,3,D,발달상권,2120185,논현역,12764,7403,5361,29,2731,4125,3228,1879,772,10,1040,2435,2232,1195,491,19,1691,1690,996,684,281
2021,3,D,발달상권,2120184,포이사거리(삼호물산),10139,7003,3136,20,1553,3044,2666,1705,1151,10,846,2068,2010,1212,857,10,707,976,656,493,294
2021,3,D,발달상권,2120183,양재천카페거리,3558,2626,932,12,586,972,848,551,589,10,364,717,638,413,484,2,222,255,210,138,105
2021,3,D,발달상권,2120182,"양재시민의숲역(양재동꽃시장, aT센터)",6144,4255,1889,33,1041,1652,1482,1259,677,14,539,1144,1089,924,545,19,502,508,393,335,132
2021,3,D,발달상권,2120181,교육개발원입구사거리,7278,4440,2838,316,2978,1563,1247,730,444,145,1506,983,939,536,331,171,1472,580,308,194,113
2021,3,D,발달상권,2120180,양재화물트럭터미널앞,2562,2146,416,13,637,812,554,409,137,10,466,711,481,363,115,3,171,101,73,46,22
2021,3,D,발달상권,2120179,양재역,21445,16961,4484,59,3105,7307,5206,3969,1799,34,2177,6101,4309,3030,1310,25,928,1206,897,939,489
2021,3,D,발달상권,2120178,신사역,10933,5953,4980,34,2539,2847,2355,1810,1348,13,871,1570,1480,999,1020,21,1668,1277,875,811,328
2021,3,D,발달상권,2120177,신논현역 1번,694,436,258,1,84,187,202,143,77,0,34,111,130,106,55,1,50,76,72,37,22
2021,3,D,발달상권,2120176,논현역 4번,893,566,327,1,130,216,195,168,183,1,67,126,129,106,137,0,63,90,66,62,46
2021,3,D,발달상권,2120175,남부터미널역,8239,5313,2926,32,1702,2478,1995,1290,742,6,856,1691,1361,852,547,26,846,787,634,438,195
2021,3,D,발달상권,2120174,논현역 5번,682,380,302,6,108,196,155,95,122,4,39,108,90,59,80,2,69,88,65,36,42
2021,3,D,발달상권,2120173,교대역(법원.검찰청),18197,10449,7748,74,3267,5392,4725,3068,1671,29,1418,3003,2843,1896,1260,45,1849,2389,1882,1172,411
2021,3,D,발달상권,2120172,교대입구교차로,10241,5712,4529,53,2062,2700,2445,1945,1036,33,854,1635,1489,1004,697,20,1208,1065,956,941,339
2021,3,D,발달상권,2120171,서초3동사거리,11750,6206,5544,15,1990,3845,2551,1862,1487,6,827,1746,1496,1064,1067,9,1163,2099,1055,798,420
2021,3,D,발달상권,2120170,삼호가든사거리,2026,1161,865,8,279,587,623,346,183,7,113,333,412,168,128,1,166,254,211,178,55
2021,3,D,발달상권,2120169,서초역,15771,7185,8586,70,3824,4195,3945,2657,1080,30,1313,1990,1801,1235,816,40,2511,2205,2144,1422,264
2021,3,D,발달상권,2120168,서울고교교차로,569,378,191,1,58,166,147,103,94,0,28,98,107,78,67,1,30,68,40,25,27
2021,3,D,발달상권,2120167,고속터미널(고속터미널역),5078,2994,2084,6,600,1311,1087,924,1150,5,318,915,786,488,482,1,282,396,301,436,668
2021,3,D,발달상권,2120166,방배역,5467,3282,2185,90,1234,1594,1033,699,817,26,523,920,713,451,649,64,711,674,320,248,168
2021,3,D,발달상권,2120165,서래마을카페거리(서래마을),3467,2266,1201,11,605,1119,949,516,267,3,277,716,707,369,194,8,328,403,242,147,73
2021,3,D,발달상권,2120164,내방역,8574,5973,2601,56,1923,2821,1862,1128,784,48,1160,1998,1383,799,585,8,763,823,479,329,199
2021,3,D,발달상권,2120163,사당역 11번(사당역먹자골목),491,290,201,0,55,119,99,86,132,0,28,73,57,50,82,0,27,46,42,36,50
2021,3,D,발달상권,2120162,방배동카페골목,1253,717,536,61,207,200,219,215,351,57,126,142,110,93,189,4,81,58,109,122,162
2021,3,D,발달상권,2120161,방배동가구거리(사당동가구거리),2517,1833,684,3,187,342,315,347,1323,2,78,178,165,202,1208,1,109,164,150,145,115
2021,3,D,발달상권,2120160,사당역(사당),9153,4750,4403,14,1560,2594,2716,1534,735,4,617,1307,1324,997,501,10,943,1287,1392,537,234
2021,3,D,발달상권,2120159,서울대입구역,1430,763,667,12,289,320,321,238,250,6,116,164,174,133,170,6,173,156,147,105,80
2021,3,D,발달상권,2120158,녹두거리(대학동),695,550,145,2,31,73,200,279,110,0,7,41,163,241,98,2,24,32,37,38,12
2021,3,D,발달상권,2120157,신림역(신림),593,255,338,1,95,115,145,125,112,0,19,40,81,48,67,1,76,75,64,77,45
2021,3,D,발달상권,2120156,"총신대입구역(이수, 총신대)",3255,1425,1830,14,615,769,718,629,510,7,201,327,374,254,262,7,414,442,344,375,248
2021,3,D,발달상권,2120155,총신대학교,111,57,54,0,13,27,27,26,18,0,7,8,15,15,12,0,6,19,12,11,6
2021,3,D,발달상권,2120154,장승배기역,479,199,280,1,61,123,126,106,62,0,16,58,67,35,23,1,45,65,59,71,39
2021,3,D,발달상권,2120153,노량진역(노량진),3699,1844,1855,10,521,1209,935,690,334,2,193,496,461,465,227,8,328,713,474,225,107
2021,3,D,발달상권,2120152,신대방삼거리역,594,291,303,1,66,127,155,154,91,1,22,63,84,74,47,0,44,64,71,80,44
2021,3,D,발달상권,2120151,보라매공원,2417,1455,962,6,401,736,707,383,184,4,194,433,450,237,137,2,207,303,257,146,47
2021,3,D,발달상권,2120150,63빌딩,7632,4749,2883,29,989,1932,2741,1691,250,5,494,1296,1379,1422,153,24,495,636,1362,269,97
2021,3,D,발달상권,2120149,여의도역(여의도),69255,45888,23367,184,11383,22550,19240,12096,3802,34,5884,14085,14147,9350,2388,150,5499,8465,5093,2746,1414
2021,3,D,발달상권,2120148,국회의사당역(국회의사당),31135,19451,11684,82,6815,10231,7641,4493,1873,27,3082,6187,5424,3397,1334,55,3733,4044,2217,1096,539
2021,3,D,발달상권,2120147,보라매역,1981,1262,719,6,292,455,377,378,473,3,99,312,255,270,323,3,193,143,122,108,150
2021,3,D,발달상권,2120146,한강성심병원,5045,2866,2179,18,1237,1249,1097,821,623,8,395,663,729,584,487,10,842,586,368,237,136
2021,3,D,발달상권,2120145,영등포역(영등포),3856,1817,2039,22,673,1021,921,702,517,0,202,441,486,388,300,22,471,580,435,314,217
2021,3,D,발달상권,2120144,영중로,2015,1072,943,1,254,394,507,598,261,1,142,276,288,230,135,0,112,118,219,368,126
2021,3,D,발달상권,2120143,당산역,2723,2018,705,9,329,524,575,532,754,2,194,398,412,396,616,7,135,126,163,136,138
2021,3,D,발달상권,2120142,대림역,1559,847,712,2,235,282,348,386,306,0,69,145,190,230,213,2,166,137,158,156,93
2021,3,D,발달상권,2120141,영등포청과시장교차로,601,418,183,2,71,137,188,115,88,1,36,85,133,86,77,1,35,52,55,29,11
2021,3,D,발달상권,2120140,문래동주민센터,6162,3296,2866,22,1447,1840,1635,916,302,11,558,993,992,517,225,11,889,847,643,399,77
2021,3,D,발달상권,2120139,대림3동사거리,3619,2404,1215,14,423,867,992,727,596,5,220,632,783,462,302,9,203,235,209,265,294
2021,3,D,발달상권,2120138,당산2동(영등포우체국),2754,1653,1101,23,745,579,479,488,440,15,395,347,312,309,275,8,350,232,167,179,165
2021,3,D,발달상권,2120137,문래역(문래로데오거리),50,21,29,2,11,8,13,12,4,0,4,1,7,7,2,2,7,7,6,5,2
2021,3,D,발달상권,2120136,영등포구청역,6617,3299,3318,20,1193,1504,1423,1444,1033,12,575,848,775,592,497,8,618,656,648,852,536
2021,3,D,발달상권,2120135,양평역,5072,3013,2059,32,1300,1280,1187,776,497,11,626,825,676,441,434,21,674,455,511,335,63
2021,3,D,발달상권,2120134,구로전화국,2014,1668,346,0,107,157,172,223,1355,0,44,75,96,153,1300,0,63,82,76,70,55
2021,3,D,발달상권,2120133,서울시흥동우체국(홈플러스시흥점),142,55,87,1,14,22,27,42,36,1,5,10,12,11,16,0,9,12,15,31,20
2021,3,D,발달상권,2120132,독산동,4203,2884,1319,13,512,908,1016,1074,680,12,350,650,695,701,476,1,162,258,321,373,204
2021,3,D,발달상권,2120131,가산디지털단지,81100,53404,27696,289,16340,25683,20119,11582,7087,184,8639,17229,14518,7692,5142,105,7701,8454,5601,3890,1945
2021,3,D,발달상권,2120130,구로디지털단지역,1136,620,516,1,169,376,236,212,142,0,59,208,125,125,103,1,110,168,111,87,39
2021,3,D,발달상권,2120129,구로디지털단지,47750,31091,16659,195,10197,16227,12034,5678,3419,126,5117,10736,8454,3920,2738,69,5080,5491,3580,1758,681
2021,3,D,발달상권,2120128,신도림역,1253,656,597,7,191,318,382,243,112,1,75,153,191,149,87,6,116,165,191,94,25
2021,3,D,발달상권,2120127,구로구청,5918,3878,2040,6,614,1229,1440,1444,1185,5,365,976,1050,808,674,1,249,253,390,636,511
2021,3,D,발달상권,2120126,디지털단지오거리,135,86,49,0,11,30,48,26,20,0,2,16,38,15,15,0,9,14,10,11,5
2021,3,D,발달상권,2120125,구로역,9291,6324,2967,24,1029,2136,2412,2271,1419,12,581,1466,1596,1572,1097,12,448,670,816,699,322
2021,3,D,발달상권,2120124,개봉동 현대아파트,461,205,256,0,63,89,119,82,108,0,18,26,49,43,69,0,45,63,70,39,39
2021,3,D,발달상권,2120123,오류동역,2120,1645,475,1,313,413,505,594,294,0,276,331,389,425,224,1,37,82,116,169,70
2021,3,D,발달상권,2120122,강서구청,2137,1208,929,4,308,444,489,437,455,2,103,218,267,256,362,2,205,226,222,181,93
2021,3,D,발달상권,2120121,까치산역,344,135,209,2,49,40,67,101,85,2,12,14,27,41,39,0,37,26,40,60,46
2021,3,D,발달상권,2120120,화곡역,927,405,522,1,177,218,193,196,142,0,46,109,84,81,85,1,131,109,109,115,57
2021,3,D,발달상권,2120119,발산역(마곡),1427,686,741,2,184,339,416,350,136,1,54,148,211,174,98,1,130,191,205,176,38
2021,3,D,발달상권,2120117,강서농산물도매시장,430,263,167,0,12,60,121,145,92,0,9,46,75,82,51,0,3,14,46,63,41
2021,3,D,발달상권,2120116,송정역,117,64,53,0,17,27,28,20,25,0,9,11,15,10,19,0,8,16,13,10,6
2021,3,D,발달상권,2120114,목동신시가지,13614,9392,4222,46,2086,3824,3484,2915,1259,29,1130,2623,2555,2209,846,17,956,1201,929,706,413
2021,3,D,발달상권,2120113,오목교역,628,372,256,2,96,144,162,136,88,1,45,79,94,92,61,1,51,65,68,44,27
2021,3,D,발달상권,2120112,등촌역,1633,1138,495,10,223,388,373,358,281,6,100,270,265,265,232,4,123,118,108,93,49
2021,3,D,발달상권,2120111,목동사거리,1828,710,1118,1,551,601,341,219,115,0,101,248,161,116,84,1,450,353,180,103,31
2021,3,D,발달상권,2120110,목동역 8번출구,1858,1400,458,2,142,216,286,247,965,1,42,102,166,181,908,1,100,114,120,66,57
2021,3,D,발달상권,2120109,서울남부지방법원,608,342,266,2,56,104,110,170,166,1,18,40,50,104,129,1,38,64,60,66,37
2021,3,D,발달상권,2120108,신정네거리역,992,580,412,2,93,215,220,242,220,1,28,110,112,160,169,1,65,105,108,82,51
2021,3,D,발달상권,2120107,공덕역(공덕오거리),13077,7619,5458,43,2471,3470,3552,3026,515,9,1021,2002,2300,1900,387,34,1450,1468,1252,1126,128
2021,3,D,발달상권,2120106,마포역,11462,7104,4358,12,1804,2735,2677,2306,1928,8,917,1662,1889,1435,1193,4,887,1073,788,871,735
2021,3,D,발달상권,2120105,상수역(홍대),524,273,251,4,126,153,122,71,48,2,51,74,70,42,34,2,75,79,52,29,14
2021,3,D,발달상권,2120104,연남동(홍대),5955,3176,2779,20,1117,1491,1289,1103,935,12,428,824,772,620,520,8,689,667,517,483,415
2021,3,D,발달상권,2120103,홍대입구역(홍대),9580,5991,3589,87,2167,2434,2066,1613,1213,61,1145,1486,1404,988,907,26,1022,948,662,625,306
2021,3,D,발달상권,2120102,서교동(홍대),7276,3402,3874,18,1521,2551,1814,899,473,11,496,1065,913,566,351,7,1025,1486,901,333,122
2021,3,D,발달상권,2120101,합정역,1932,1048,884,2,302,520,515,399,194,2,89,236,312,266,143,0,213,284,203,133,51
2021,3,D,발달상권,2120100,망원역,900,436,464,3,192,236,215,153,101,1,49,107,117,103,59,2,143,129,98,50,42
2021,3,D,발달상권,2120099,월드컵경기장역(월드컵경기장),84,57,27,0,11,20,26,14,13,0,6,16,21,7,7,0,5,4,5,7,6
2021,3,D,발달상권,2120098,DMC(디지털미디어시티),8846,5391,3455,19,1691,3228,2856,875,177,11,813,1995,1821,616,135,8,878,1233,1035,259,42
2021,3,D,발달상권,2120097,충정로역,2246,1354,892,0,321,658,631,407,229,0,172,390,397,254,141,0,149,268,234,153,88
2021,3,D,발달상권,2120096,"이화여대(이대역, 이대)",470,195,275,1,79,135,125,79,51,0,27,51,46,38,33,1,52,84,79,41,18
2021,3,D,발달상권,2120095,홍제역,922,520,402,1,73,107,260,362,119,0,17,56,137,222,88,1,56,51,123,140,31
2021,3,D,발달상권,2120094,"신촌역(신촌역, 신촌로터리)",5355,2430,2925,67,2390,1192,681,594,431,23,999,589,299,279,241,44,1391,603,382,315,190
2021,3,D,발달상권,2120093,연희동,661,351,310,2,60,125,170,195,109,0,27,62,91,103,68,2,33,63,79,92,41
2021,3,D,발달상권,2120092,불광역,274,147,127,0,33,51,83,52,55,0,12,29,44,21,41,0,21,22,39,31,14
2021,3,D,발달상권,2120091,본서부병원,516,192,324,1,51,69,119,165,111,0,20,28,51,55,38,1,31,41,68,110,73
2021,3,D,발달상권,2120090,연신내역,687,262,425,5,180,133,134,129,106,1,64,55,49,45,48,4,116,78,85,84,58
2021,3,D,발달상권,2120089,구파발역,1,0,1,0,0,0,1,0,0,0,0,0,0,0,0,0,0,0,1,0,0
2021,3,D,발달상권,2120088,구산역,799,279,520,2,86,117,175,272,147,2,30,65,68,59,55,0,56,52,107,213,92
2021,3,D,발달상권,2120087,응암역,441,272,169,0,45,84,114,106,92,0,17,50,78,60,67,0,28,34,36,46,25
2021,3,D,발달상권,2120086,태릉입구역,382,205,177,0,42,78,82,102,78,0,24,43,35,49,54,0,18,35,47,53,24
2021,3,D,발달상권,2120085,은행사거리,317,121,196,4,51,48,80,78,56,3,11,14,21,40,32,1,40,34,59,38,24
2021,3,D,발달상권,2120084,공릉역,712,546,166,3,33,59,110,240,267,1,11,22,63,205,244,2,22,37,47,35,23
2021,3,D,발달상권,2120083,등나무근린공원,1184,787,397,0,166,325,271,283,139,0,114,228,171,179,95,0,52,97,100,104,44
2021,3,D,발달상권,2120082,상계백병원,426,148,278,0,85,102,118,82,39,0,21,24,39,43,21,0,64,78,79,39,18
2021,3,D,발달상권,2120081,노원역,1552,508,1044,9,369,295,343,307,229,2,66,87,125,121,107,7,303,208,218,186,122
2021,3,D,발달상권,2120080,마들역,180,46,134,0,30,45,46,36,23,0,2,7,9,13,15,0,28,38,37,23,8
2021,3,D,발달상권,2120079,창동역,1326,796,530,0,151,232,320,304,319,0,54,108,172,195,267,0,97,124,148,109,52
2021,3,D,발달상권,2120078,미아사거리역,145,90,55,0,27,29,29,31,29,0,12,17,21,18,22,0,15,12,8,13,7
2021,3,D,발달상권,2120077,미아역,218,97,121,0,32,37,52,64,33,0,11,8,18,38,22,0,21,29,34,26,11
2021,3,D,발달상권,2120076,수유역,1930,865,1065,7,241,303,422,465,492,4,62,102,176,240,281,3,179,201,246,225,211
2021,3,D,발달상권,2120075,월곡역,369,213,156,1,40,86,97,67,78,0,17,48,54,44,50,1,23,38,43,23,28
2021,3,D,발달상권,2120074,안암역,59,28,31,1,12,16,12,8,10,0,5,9,7,2,5,1,7,7,5,6,5
2021,3,D,발달상권,2120073,미아사거리,353,135,218,3,40,67,95,95,53,2,16,29,45,23,20,1,24,38,50,72,33
2021,3,D,발달상권,2120072,성신여대,1048,537,511,18,137,211,213,271,198,11,46,86,103,152,139,7,91,125,110,119,59
2021,3,D,발달상권,2120071,성북구청,255,127,128,0,36,55,64,62,38,0,14,22,38,31,22,0,22,33,26,31,16
2021,3,D,발달상권,2120070,한성대입구역,466,180,286,2,83,69,78,113,121,2,21,31,37,38,51,0,62,38,41,75,70
2021,3,D,발달상권,2120069,상봉역,932,597,335,6,147,258,263,151,107,4,102,158,163,99,71,2,45,100,100,52,36
2021,3,D,발달상권,2120068,사가정역,145,45,100,3,38,31,25,22,26,0,1,5,12,12,15,3,37,26,13,10,11
2021,3,D,발달상권,2120067,장안동사거리,2587,1169,1418,9,427,578,671,577,325,7,165,280,258,255,204,2,262,298,413,322,121
2021,3,D,발달상권,2120066,장한평역(장한평),7424,4770,2654,43,1531,1839,1491,1235,1285,10,739,1202,991,818,1010,33,792,637,500,417,275
2021,3,D,발달상권,2120065,회기역,326,207,119,3,48,55,89,76,55,1,27,39,49,49,42,2,21,16,40,27,13
2021,3,D,발달상권,2120064,경희대학교(경희대),97,44,53,0,14,27,21,13,22,0,9,13,10,4,8,0,5,14,11,9,14
2021,3,D,발달상권,2120063,청량리역(청량리),1182,514,668,3,225,221,239,246,248,2,66,86,89,116,155,1,159,135,150,130,93
2021,3,D,발달상권,2120062,신설동역,12641,5433,7208,13,1215,2605,3449,3480,1879,2,445,1435,1625,1123,803,11,770,1170,1824,2357,1076
2021,3,D,발달상권,2120061,올림픽대교북단,1094,864,230,1,228,403,324,95,43,0,165,326,290,55,28,1,63,77,34,40,15
2021,3,D,발달상권,2120060,강변역(테크노마트),3189,2348,841,12,402,686,870,703,516,2,209,509,686,549,393,10,193,177,184,154,123
2021,3,D,발달상권,2120059,구삼강변맛길,3279,1781,1498,6,431,676,555,747,864,4,244,472,367,322,372,2,187,204,188,425,492
2021,3,D,발달상권,2120058,구의사거리,688,333,355,2,92,158,174,181,81,1,33,79,80,77,63,1,59,79,94,104,18
2021,3,D,발달상권,2120057,아차산역,2218,1220,998,52,412,432,503,468,351,19,236,257,289,206,213,33,176,175,214,262,138
2021,3,D,발달상권,2120056,구의역,2200,1115,1085,7,350,431,596,491,325,6,119,173,290,313,214,1,231,258,306,178,111
2021,3,D,발달상권,2120055,군자역,4255,2030,2225,33,1138,780,911,991,402,23,548,430,436,330,263,10,590,350,475,661,139
2021,3,D,발달상권,2120054,어린이대공원역,1243,826,417,0,90,153,311,440,249,0,25,88,205,321,187,0,65,65,106,119,62
2021,3,D,발달상권,2120053,건대입구역(건대),859,491,368,5,147,141,172,187,207,2,40,61,95,130,163,3,107,80,77,57,44
2021,3,D,발달상권,2120052,성수역,11387,7284,4103,23,2113,2900,2661,2238,1452,12,1170,1971,1783,1298,1050,11,943,929,878,940,402
2021,3,D,발달상권,2120051,뚝섬역,3944,2582,1362,20,703,946,867,651,757,15,446,646,549,445,481,5,257,300,318,206,276
2021,3,D,발달상권,2120050,서울숲역,212,159,53,0,33,40,60,52,27,0,19,30,47,41,22,0,14,10,13,11,5
2021,3,D,발달상권,2120049,왕십리역(왕십리),1459,1004,455,1,183,301,377,468,129,1,92,187,272,371,81,0,91,114,105,97,48
2021,3,D,발달상권,2120048,금호역,80,31,49,0,16,10,18,24,12,0,2,2,6,13,8,0,14,8,12,11,4
2021,3,D,발달상권,2120047,한남오거리,2290,1458,832,11,366,751,623,343,196,9,152,461,438,249,149,2,214,290,185,94,47
2021,3,D,발달상권,2120046,이태원(이태원역),2276,1295,981,24,817,682,338,220,195,15,389,421,205,134,131,9,428,261,133,86,64
2021,3,D,발달상권,2120045,남영동 먹자골목,4044,1580,2464,7,424,908,1421,1162,122,1,257,576,502,205,39,6,167,332,919,957,83
2021,3,D,발달상권,2120044,삼각지역,1611,1164,447,5,313,408,385,330,170,5,185,303,315,234,122,0,128,105,70,96,48
2021,3,D,발달상권,2120043,서울역,22578,15322,7256,58,4087,7782,5513,3664,1474,27,2087,4897,4201,3033,1077,31,2000,2885,1312,631,397
2021,3,D,발달상권,2120042,"숙대입구역(남영역, 남영동)",4057,2797,1260,20,750,1490,1024,558,215,8,370,894,831,510,184,12,380,596,193,48,31
2021,3,D,발달상권,2120041,신용산역(용산역),16270,5741,10529,72,4012,5520,4509,1569,588,25,1308,1921,1510,595,382,47,2704,3599,2999,974,206
2021,3,D,발달상권,2120040,용산전자상가(용산역),8014,5960,2054,43,1390,2727,2224,1236,394,30,882,2007,1729,997,315,13,508,720,495,239,79
2021,3,D,발달상권,2120039,신당역,2321,1230,1091,31,793,486,404,333,274,11,347,244,225,219,184,20,446,242,179,114,90
2021,3,D,발달상권,2120038,약수역,2289,1360,929,7,436,739,579,320,208,1,189,451,383,195,141,6,247,288,196,125,67
2021,3,D,발달상권,2120037,동대문역사문화공원역,35320,17057,18263,421,11234,9194,6981,5237,2253,180,5605,5543,3901,1328,500,241,5629,3651,3080,3909,1753
2021,3,D,발달상권,2120036,장충동족발거리(남소영길),2289,1090,1199,14,616,783,556,223,97,0,122,393,365,155,55,14,494,390,191,68,42
2021,3,D,발달상권,2120035,퇴계로5가,2257,1368,889,7,650,570,525,321,184,3,282,379,388,200,116,4,368,191,137,121,68
2021,3,D,발달상권,2120034,중구청(퇴계로4가),1538,1044,494,7,107,227,400,437,360,5,47,128,262,325,277,2,60,99,138,112,83
2021,3,D,발달상권,2120033,을지로4가역,874,443,431,7,128,213,194,204,128,1,45,108,99,91,99,6,83,105,95,113,29
2021,3,D,발달상권,2120032,충무로역,11403,5304,6099,36,1756,2560,3266,2711,1074,15,589,1271,1554,1201,674,21,1167,1289,1712,1510,400
2021,3,D,발달상권,2120031,을지로3가역,6147,3450,2697,9,699,1541,1643,1286,969,0,223,730,924,892,681,9,476,811,719,394,288
2021,3,D,발달상권,2120030,중부경찰서(영화인의거리),11889,6798,5091,53,2154,3638,3423,1960,661,16,721,2139,2092,1366,464,37,1433,1499,1331,594,197
2021,3,D,발달상권,2120029,을지로2가,7461,4461,3000,27,1938,2808,1698,798,192,7,787,1650,1165,693,159,20,1151,1158,533,105,33
2021,3,D,발달상권,2120028,명동(명동거리),12797,7708,5089,41,2137,3592,3670,2246,1111,16,1028,1982,2334,1641,707,25,1109,1610,1336,605,404
2021,3,D,발달상권,2120027,명동역(명동재미로),18097,8477,9620,67,2695,5851,6070,3074,340,9,859,2588,2522,2321,178,58,1836,3263,3548,753,162
2021,3,D,발달상권,2120026,을지로입구역,30610,18501,12109,14,4275,11589,8473,5661,598,4,1729,5846,5959,4562,401,10,2546,5743,2514,1099,197
2021,3,D,발달상권,2120025,롯데백화점(시청광장 지하쇼핑센터),22641,6272,16369,229,12750,7002,1623,944,93,71,3075,2028,779,248,71,158,9675,4974,844,696,22
2021,3,D,발달상권,2120024,회현역,2167,1364,803,2,341,795,582,250,197,1,146,473,416,192,136,1,195,322,166,58,61
2021,3,D,발달상권,2120023,서울시청,10242,5534,4708,15,2234,3260,2778,1425,530,4,852,1657,1658,983,380,11,1382,1603,1120,442,150
2021,3,D,발달상권,2120022,북창동(시청역_6번),5197,3160,2037,24,1010,1611,1149,767,636,2,391,936,852,543,436,22,619,675,297,224,200
2021,3,D,발달상권,2120021,시청역_8번,24117,15220,8897,74,4137,8250,7186,3526,944,13,1738,4529,5241,3020,679,61,2399,3721,1945,506,265
2021,3,D,발달상권,2120020,시청역_1번,10375,7489,2886,40,2120,3185,2952,1721,357,21,1118,2220,2480,1370,280,19,1002,965,472,351,77
2021,3,D,발달상권,2120019,경찰청앞교차로,5958,3146,2812,26,1051,2221,1625,793,242,8,274,1044,982,619,219,18,777,1177,643,174,23
2021,3,D,발달상권,2120018,중림동,2187,1366,821,2,393,736,598,293,165,2,207,425,357,237,138,0,186,311,241,56,27
2021,3,D,발달상권,2120017,동묘앞역(동묘),626,149,477,0,62,124,251,120,69,0,7,33,35,27,47,0,55,91,216,93,22
2021,3,D,발달상권,2120016,동대문역,193,120,73,1,10,27,45,44,66,0,6,14,20,31,49,1,4,13,25,13,17
2021,3,D,발달상권,2120015,종로6가,302,153,149,0,49,64,69,65,55,0,17,23,27,42,44,0,32,41,42,23,11
2021,3,D,발달상권,2120014,종로5가역,4887,2839,2048,375,1123,1351,1205,597,236,112,456,860,851,397,163,263,667,491,354,200,73
2021,3,D,발달상권,2120013,이화사거리,7552,5465,2087,8,1309,2510,2065,1290,370,1,628,1731,1677,1167,261,7,681,779,388,123,109
2021,3,D,발달상권,2120012,대학로(혜화역),2061,929,1132,10,357,603,507,318,266,5,105,208,252,171,188,5,252,395,255,147,78
2021,3,D,발달상권,2120011,종로4가,2980,1663,1317,5,420,1022,880,514,139,0,165,497,518,378,105,5,255,525,362,136,34
2021,3,D,발달상권,2120010,원남동사거리,4107,2297,1810,50,1544,1305,655,383,170,2,585,793,487,297,133,48,959,512,168,86,37
2021,3,D,발달상권,2120009,종로3가역,8495,4786,3709,19,1355,2296,2026,1582,1217,8,563,1230,1198,953,834,11,792,1066,828,629,383
2021,3,D,발달상권,2120008,인사동,22070,13019,9051,1263,7895,5069,3940,2756,1147,589,4005,3077,2666,2006,676,674,3890,1992,1274,750,471
2021,3,D,발달상권,2120007,북촌(안국역),10172,8081,2091,7,1112,3577,3084,1913,479,5,623,2851,2568,1659,375,2,489,726,516,254,104
2021,3,D,발달상권,2120006,종각역,33181,16028,17153,59,5900,11133,9928,5489,672,14,2254,4920,4677,3672,491,45,3646,6213,5251,1817,181
2021,3,D,발달상권,2120005,삼청동,3053,2795,258,1,399,712,898,817,226,0,340,633,848,776,198,1,59,79,50,41,28
2021,3,D,발달상권,2120004,종로구청,12937,7078,5859,9,1442,4392,4485,2080,529,4,432,2050,2756,1493,343,5,1010,2342,1729,587,186
2021,3,D,발달상권,2120003,광화문역,44202,27021,17181,79,6413,12958,13138,8070,3544,12,2655,7612,8988,5645,2109,67,3758,5346,4150,2425,1435
2021,3,D,발달상권,2120002,서촌(경복궁역),2008,1079,929,37,492,680,426,224,149,0,190,388,263,133,105,37,302,292,163,91,44
2021,3,D,발달상권,2120001,서대문역,1510,1022,488,1,265,530,359,278,77,1,106,344,272,237,62,0,159,186,87,41,15
2021,3,A,골목상권,2111090,강일동주민센터,91,35,56,0,15,30,23,17,6,0,1,10,10,10,4,0,14,20,13,7,2
2021,3,A,골목상권,2111089,상일여고(상일초등학교),758,508,250,0,51,131,184,236,156,0,32,81,128,155,112,0,19,50,56,81,44
2021,3,A,골목상권,2111088,고덕동성당,123,54,69,0,15,32,32,31,13,0,4,15,10,15,10,0,11,17,22,16,3
2021,3,A,골목상권,2111087,고덕중학교(고덕2동주민센터),197,89,108,0,26,46,62,36,27,0,5,21,26,17,20,0,21,25,36,19,7
2021,3,A,골목상권,2111086,한영중고,297,202,95,1,27,45,73,101,50,1,17,22,52,69,41,0,10,23,21,32,9
2021,3,A,골목상권,2111085,묘곡초등학교(고덕아이파크아파트),800,452,348,0,68,111,152,196,273,0,35,72,80,84,181,0,33,39,72,112,92
2021,3,A,골목상권,2111084,길동신동아아파트,169,104,65,2,27,32,37,58,13,2,21,23,24,25,9,0,6,9,13,33,4
2021,3,A,골목상권,2111083,GS강동자이아파트,411,245,166,0,67,62,70,100,112,0,47,43,41,44,70,0,20,19,29,56,42
2021,3,A,골목상권,2111082,중앙보훈병원,64,44,20,0,3,9,11,23,18,0,1,3,5,18,17,0,2,6,6,5,1
2021,3,A,골목상권,2111081,둔촌푸르지오아파트,78,50,28,0,8,17,18,18,17,0,4,12,13,6,15,0,4,5,5,12,2
2021,3,A,골목상권,2111080,굽은다리역 3번,434,235,199,0,44,77,100,110,103,0,12,52,63,58,50,0,32,25,37,52,53
2021,3,A,골목상권,2111079,둔촌고등학교(둔촌중학교),395,202,193,1,52,59,66,79,138,1,32,35,35,28,71,0,20,24,31,51,67
2021,3,A,골목상권,2111078,굽은다리역 4번,1728,1017,711,1,135,299,374,480,439,1,75,185,212,270,274,0,60,114,162,210,165
2021,3,A,골목상권,2111077,길동주민센터(강동도서관),1272,737,535,4,121,258,294,321,274,1,49,138,167,188,194,3,72,120,127,133,80
2021,3,A,골목상권,2111076,둔촌2동주민센터,297,174,123,0,25,49,61,86,76,0,14,24,34,39,63,0,11,25,27,47,13
2021,3,A,골목상권,2111075,굽은다리역 2번,192,115,77,0,14,42,52,54,30,0,14,28,24,33,16,0,0,14,28,21,14
2021,3,A,골목상권,2111074,명일역 1번,148,77,71,2,31,38,40,16,21,1,9,23,23,10,11,1,22,15,17,6,10
2021,3,A,골목상권,2111073,둔촌동역 1번(한산중학교),973,578,395,1,134,224,250,206,158,1,58,122,160,124,113,0,76,102,90,82,45
2021,3,A,골목상권,2111072,굽은다리역 1번(십자성마을),739,467,272,1,56,119,199,185,179,0,18,70,114,126,139,1,38,49,85,59,40
2021,3,A,골목상권,2111071,천동초등학교,76,52,24,0,4,15,21,25,11,0,4,6,18,16,8,0,0,9,3,9,3
2021,3,A,골목상권,2111070,천호초등학교,127,73,54,1,7,23,40,28,28,0,3,10,23,17,20,1,4,13,17,11,8
2021,3,A,골목상권,2111069,천호1동주민센터,79,54,25,0,8,17,17,26,11,0,4,12,14,14,10,0,4,5,3,12,1
2021,3,A,골목상권,2111068,강동성심병원,1570,605,965,0,532,392,271,203,172,0,126,134,114,101,130,0,406,258,157,102,42
2021,3,A,골목상권,2111067,강동구립성내도서관,746,414,332,2,73,149,192,177,153,1,36,98,107,84,88,1,37,51,85,93,65
2021,3,A,골목상권,2111066,암사동성당(효정하나플러스아파트),395,235,160,3,40,95,100,106,51,0,9,46,65,84,31,3,31,49,35,22,20
2021,3,A,골목상권,2111065,천일초등학교,75,34,41,2,6,20,18,22,7,2,5,10,7,5,5,0,1,10,11,17,2
2021,3,A,골목상권,2111064,둔촌동역 4번,157,98,59,0,13,34,47,40,23,0,3,21,30,28,16,0,10,13,17,12,7
2021,3,A,골목상권,2111063,강동구립 천호도서관,368,182,186,0,25,44,81,85,133,0,5,15,21,30,111,0,20,29,60,55,22
2021,3,A,골목상권,2111062,둔촌동역 3번(성내3동주민센터),751,501,250,5,134,198,194,144,76,5,81,139,126,91,59,0,53,59,68,53,17
2021,3,A,골목상권,2111061,암사역 1번,831,551,280,0,149,186,182,170,144,0,82,128,126,125,90,0,67,58,56,45,54
2021,3,A,골목상권,2111060,암사역 2번(서울강동초등학교),871,457,414,1,101,210,241,202,116,1,41,96,131,107,81,0,60,114,110,95,35
2021,3,A,골목상권,2111059,강동역 4번(강풀만화거리),819,430,389,3,90,160,193,170,203,1,48,75,93,94,119,2,42,85,100,76,84
2021,3,A,골목상권,2111058,성내중학교,451,317,134,0,51,92,129,121,58,0,37,63,90,82,45,0,14,29,39,39,13
2021,3,A,골목상권,2111057,천호공원(해공체육문화센터),255,113,142,2,53,50,64,61,25,2,15,19,30,33,14,0,38,31,34,28,11
2021,3,A,골목상권,2111056,천호태영아파트,191,53,138,0,27,35,64,36,29,0,4,5,19,15,10,0,23,30,45,21,19
2021,3,A,골목상권,2111055,선사초등학교,673,29,644,0,14,28,137,373,121,0,4,7,8,6,4,0,10,21,129,367,117
2021,3,A,골목상권,2111054,암사역 4번(삼성광나루아파트),104,42,62,0,14,18,19,12,41,0,4,12,7,5,14,0,10,6,12,7,27
2021,3,A,골목상권,2111053,성내천어린이공원(하니사랑길),6288,4564,1724,6,799,940,1025,1564,1954,3,542,693,750,1053,1523,3,257,247,275,511,431
2021,3,A,골목상권,2111052,암사역 3번(천호동자전거거리),357,228,129,1,26,71,117,94,48,1,11,47,76,58,35,0,15,24,41,36,13
2021,3,A,골목상권,2111051,천호역 6번,407,252,155,2,65,80,90,88,82,1,44,56,58,47,46,1,21,24,32,41,36
2021,3,A,골목상권,2111050,강동구청(강동구청역 2번),131,96,35,0,21,14,21,32,43,0,12,5,12,27,40,0,9,9,9,5,3
2021,3,A,골목상권,2111049,천호지구대(천호동자전거거리),507,277,230,2,75,90,96,118,126,0,36,50,40,68,83,2,39,40,56,50,43
2021,3,A,골목상권,2111048,천호역 1번(천호문구완구거리),189,104,85,3,18,52,45,45,26,2,10,24,26,25,17,1,8,28,19,20,9
2021,3,A,골목상권,2111047,마천1치안센터,111,73,38,0,9,17,34,34,17,0,6,14,19,22,12,0,3,3,15,12,5
2021,3,A,골목상권,2111046,마천역(마천초등학교),705,400,305,2,76,145,170,193,119,1,47,85,83,94,90,1,29,60,87,99,29
2021,3,A,골목상권,2111045,개미어린이공원,36,18,18,0,2,7,12,12,3,0,1,1,7,7,2,0,1,6,5,5,1
2021,3,A,골목상권,2111044,남천초등학교,557,264,293,1,95,146,167,113,35,0,35,71,76,56,26,1,60,75,91,57,9
2021,3,A,골목상권,2111043,마천공원,32,13,19,0,1,3,7,12,9,0,0,0,1,6,6,0,1,3,6,6,3
2021,3,A,골목상권,2111042,거여역 1번(거여공원),867,597,270,3,147,186,247,200,84,3,121,134,159,130,50,0,26,52,88,70,34
2021,3,A,골목상권,2111041,거여역 8번,428,350,78,1,102,124,87,64,50,1,84,98,72,51,44,0,18,26,15,13,6
2021,3,A,골목상권,2111040,거여초등학교,346,137,209,0,26,86,124,77,33,0,9,27,48,30,23,0,17,59,76,47,10
2021,3,A,골목상권,2111039,벌말어린이공원,485,353,132,8,85,125,121,94,52,8,51,89,88,72,45,0,34,36,33,22,7
2021,3,A,골목상권,2111038,보인중학교,416,270,146,0,26,66,113,123,88,0,11,38,85,88,48,0,15,28,28,35,40
2021,3,A,골목상권,2111037,Sh수협은행 오금동금융센터(아랫말어린이공원),373,243,130,0,37,103,90,93,50,0,25,84,60,43,31,0,12,19,30,50,19
2021,3,A,골목상권,2111036,투구봉어린이공원,209,119,90,1,22,40,55,62,29,1,7,20,26,39,26,0,15,20,29,23,3
2021,3,A,골목상권,2111035,오금공원(오주중학교),531,398,133,0,41,90,148,148,104,0,32,66,121,102,77,0,9,24,27,46,27
2021,3,A,골목상권,2111034,오동나무공원(송파레미니스1단지),1443,1020,423,3,244,367,352,318,159,3,155,253,264,223,122,0,89,114,88,95,37
2021,3,A,골목상권,2111033,문정동성당,70,30,40,0,5,4,16,16,29,0,2,3,8,9,8,0,3,1,8,7,21
2021,3,A,골목상권,2111032,방이역 1번,3885,2552,1333,4,235,340,605,719,1982,3,139,237,411,469,1293,1,96,103,194,250,689
2021,3,A,골목상권,2111031,장지동주민센터(한림연예예술고교),3127,2317,810,8,263,415,651,857,933,2,170,330,497,648,670,6,93,85,154,209,263
2021,3,A,골목상권,2111030,방이역 2번,665,419,246,1,57,107,147,217,136,0,28,68,94,128,101,1,29,39,53,89,35
2021,3,A,골목상권,2111029,오금역 4번,427,314,113,3,71,108,91,79,75,1,51,81,67,55,59,2,20,27,24,24,16
2021,3,A,골목상권,2111028,문현중학교(장지역 1번),424,194,230,0,54,66,132,116,56,0,29,36,49,50,30,0,25,30,83,66,26
2021,3,A,골목상권,2111027,문정초등학교,1403,775,628,3,148,289,326,247,390,1,67,160,211,126,210,2,81,129,115,121,180
2021,3,A,골목상권,2111026,문정역 2번,2304,1506,798,7,431,634,546,428,258,3,236,427,385,239,216,4,195,207,161,189,42
2021,3,A,골목상권,2111025,경찰병원역 3번,686,412,274,1,84,164,149,157,131,0,45,102,103,88,74,1,39,62,46,69,57
2021,3,A,골목상권,2111024,경찰병원역 4번(건너말공원),240,150,90,0,27,53,63,68,29,0,16,33,45,35,21,0,11,20,18,33,8
2021,3,A,골목상권,2111023,문정역 1번,939,576,363,2,133,202,263,204,135,0,86,139,184,100,67,2,47,63,79,104,68
2021,3,A,골목상권,2111022,석촌중학교(방이육교),567,255,312,1,48,105,141,206,66,0,28,66,72,57,32,1,20,39,69,149,34
2021,3,A,골목상권,2111021,방이역 4번,7674,5867,1807,22,792,1328,1977,2139,1416,15,392,911,1551,1769,1229,7,400,417,426,370,187
2021,3,A,골목상권,2111020,방이동고분군(방산고등학교),304,225,79,1,20,103,84,54,42,0,7,73,64,48,33,1,13,30,20,6,9
2021,3,A,골목상권,2111019,한성백제역 3번,1524,1000,524,2,207,448,428,254,185,2,103,303,300,164,128,0,104,145,128,90,57
2021,3,A,골목상권,2111018,풍납초등학교(풍납백제문화공원),26,23,3,0,1,5,10,6,4,0,1,4,8,6,4,0,0,1,2,0,0
2021,3,A,골목상권,2111017,송파나루역 3번,688,480,208,5,317,167,84,70,45,4,217,116,53,50,40,1,100,51,31,20,5
2021,3,A,골목상권,2111016,송파역 2번,3803,1601,2202,15,1126,1104,801,601,156,8,407,533,427,165,61,7,719,571,374,436,95
2021,3,A,골목상권,2111015,석촌역 3번,1352,778,574,1,151,315,350,351,184,1,72,199,216,181,109,0,79,116,134,170,75
2021,3,A,골목상권,2111014,송파나루역 2번,525,275,250,1,43,76,121,190,94,0,21,42,69,83,60,1,22,34,52,107,34
2021,3,A,골목상권,2111013,송파나루역 1번(송리단길),2234,1456,778,8,320,568,650,435,253,3,160,384,445,290,174,5,160,184,205,145,79
2021,3,A,골목상권,2111012,석촌역 6번,732,332,400,2,91,127,180,183,149,2,23,56,83,93,75,0,68,71,97,90,74
2021,3,A,골목상권,2111011,잠실나루역,9608,7747,1861,42,1275,3018,2795,2046,432,18,924,2492,2309,1674,330,24,351,526,486,372,102
2021,3,A,골목상권,2111010,석촌역 7번,1428,975,453,3,162,289,351,325,298,1,88,176,244,224,242,2,74,113,107,101,56
2021,3,A,골목상권,2111009,송파책박물관,127,92,35,1,13,38,27,22,26,0,11,32,17,14,18,1,2,6,10,8,8
2021,3,A,골목상권,2111008,석촌고분역 3번,1600,1210,390,1,185,292,294,400,428,1,151,243,216,259,340,0,34,49,78,141,88
2021,3,A,골목상권,2111007,석촌고분역 4번,936,480,456,0,107,215,255,242,117,0,43,116,142,109,70,0,64,99,113,133,47
2021,3,A,골목상권,2111006,석촌고분역 1번,1112,721,391,0,127,292,337,203,153,0,56,169,242,135,119,0,71,123,95,68,34
2021,3,A,골목상권,2111005,삼전역 3번,1865,1358,507,0,320,617,459,302,167,0,215,449,339,222,133,0,105,168,120,80,34
2021,3,A,골목상권,2111004,삼전역 1번,2036,1331,705,13,263,407,504,376,473,0,108,261,337,239,386,13,155,146,167,137,87
2021,3,A,골목상권,2111003,삼전역 4번,1991,1333,658,6,249,412,547,436,341,1,160,278,331,307,256,5,89,134,216,129,85
2021,3,A,골목상권,2111002,한국교통안전공단 강남자동차검사소,317,115,202,0,22,63,65,96,71,0,7,31,21,26,30,0,15,32,44,70,41
2021,3,A,골목상권,2111001,아래방죽마을공원(율현초등학교),70,44,26,0,2,10,16,22,20,0,1,7,13,13,10,0,1,3,3,9,10
2021,3,A,골목상권,2111000,대왕초등학교(세곡동사거리서남측),39,20,19,0,7,10,12,8,2,0,0,4,10,4,2,0,7,6,2,4,0
2021,3,A,골목상권,2110999,윗방죽마을공원,268,130,138,2,19,43,44,83,77,1,12,27,27,39,24,1,7,16,17,44,53
2021,3,A,골목상권,2110998,은곡마을(은곡마을공원),23,15,8,0,2,8,6,5,2,0,0,4,5,5,1,0,2,4,1,0,1
2021,3,A,골목상권,2110997,대청초등학교,1724,959,765,4,230,291,391,383,425,2,111,162,200,210,274,2,119,129,191,173,151
2021,3,A,골목상권,2110996,대치2동주민센터,1959,1227,732,2,83,278,351,342,903,0,48,209,277,247,446,2,35,69,74,95,457
2021,3,A,골목상권,2110995,봉은사역 4번,5085,3711,1374,9,978,2002,1271,637,188,2,575,1477,990,523,144,7,403,525,281,114,44
2021,3,A,골목상권,2110994,개포고등학교,494,382,112,7,65,161,123,110,28,4,47,134,103,73,21,3,18,27,20,37,7
2021,3,A,골목상권,2110993,개포지하차도 북측,70,53,17,0,3,9,19,23,16,0,2,7,16,18,10,0,1,2,3,5,6
2021,3,A,골목상권,2110992,도곡초등학교,2179,1144,1035,3,269,440,484,524,459,1,108,253,258,260,264,2,161,187,226,264,195
2021,3,A,골목상권,2110991,삼성중앙역 5번,1246,794,452,1,111,415,339,275,105,1,28,243,229,216,77,0,83,172,110,59,28
2021,3,A,골목상권,2110990,청담역 12번,262,109,153,2,61,92,56,36,15,0,12,32,29,23,13,2,49,60,27,13,2
2021,3,A,골목상권,2110989,대치동아우편취급국,444,270,174,9,90,148,75,68,54,0,43,102,43,44,38,9,47,46,32,24,16
2021,3,A,골목상권,2110988,청담역 3번,1594,1016,578,1,243,425,364,346,215,1,82,247,247,262,177,0,161,178,117,84,38
2021,3,A,골목상권,2110987,영동대교남단,473,237,236,2,91,86,93,107,94,1,46,51,44,40,55,1,45,35,49,67,39
2021,3,A,골목상권,2110986,삼성중앙역 7번,90,59,31,0,9,18,36,19,8,0,3,6,29,15,6,0,6,12,7,4,2
2021,3,A,골목상권,2110985,청담근린공원,1338,948,390,0,193,447,374,226,98,0,98,346,275,157,72,0,95,101,99,69,26
2021,3,A,골목상권,2110984,포이초등학교(개포목련어린이공원),1556,1046,510,2,236,342,331,306,339,0,140,241,211,199,255,2,96,101,120,107,84
2021,3,A,골목상권,2110983,국립국악고등학교,783,534,249,6,126,212,125,145,169,2,44,137,94,111,146,4,82,75,31,34,23
2021,3,A,골목상권,2110982,강남구보훈회관,166,74,92,0,31,34,41,41,19,0,7,13,25,14,15,0,24,21,16,27,4
2021,3,A,골목상권,2110981,국악고교사거리,361,216,145,2,57,77,110,81,34,0,27,36,72,56,25,2,30,41,38,25,9
2021,3,A,골목상권,2110980,개포지구대옆,663,482,181,0,90,198,202,111,62,0,45,142,168,72,55,0,45,56,34,39,7
2021,3,A,골목상권,2110979,청담초등학교,2996,1912,1084,4,522,922,768,567,213,4,228,628,535,343,174,0,294,294,233,224,39
2021,3,A,골목상권,2110978,도곡2동주민센터(대치중학교),331,186,145,0,46,70,72,114,29,0,20,41,47,62,16,0,26,29,25,52,13
2021,3,A,골목상권,2110977,논현로18길,148,102,46,0,22,32,45,29,20,0,14,20,33,20,15,0,8,12,12,9,5
2021,3,A,골목상권,2110976,언북초등학교,578,332,246,1,111,188,126,86,66,0,41,115,83,49,44,1,70,73,43,37,22
2021,3,A,골목상권,2110975,매봉역 1번,10837,6932,3905,34,2175,2199,3202,3019,208,21,1010,1161,2184,2402,154,13,1165,1038,1018,617,54
2021,3,A,골목상권,2110974,언주중학교,292,179,113,3,60,72,89,44,24,3,27,43,62,28,16,0,33,29,27,16,8
2021,3,A,골목상권,2110973,강남구청역 4번,1451,786,665,4,275,333,289,271,279,1,146,203,162,130,144,3,129,130,127,141,135
2021,3,A,골목상권,2110972,강남세브란스병원미래의학연구센터,2628,1440,1188,17,539,669,692,581,130,4,240,428,438,258,72,13,299,241,254,323,58
2021,3,A,골목상권,2110971,선정릉역 4번,1542,900,642,11,278,455,380,254,164,6,140,270,245,120,119,5,138,185,135,134,45
2021,3,A,골목상권,2110970,학동초등학교,378,236,142,1,66,98,102,65,46,0,27,49,66,57,37,1,39,49,36,8,9
2021,3,A,골목상권,2110969,베르사이유1아파트,1546,1230,316,4,231,442,483,285,101,2,165,345,402,239,77,2,66,97,81,46,24
2021,3,A,골목상권,2110968,강남구청역 2번,1023,596,427,7,327,204,133,121,231,4,177,117,81,68,149,3,150,87,52,53,82
2021,3,A,골목상권,2110967,역삼역 8번,377,228,149,0,63,92,89,92,41,0,31,51,60,56,30,0,32,41,29,36,11
2021,3,A,골목상권,2110966,논현2동주민센터,1637,1017,620,18,470,498,300,218,133,7,256,298,200,147,109,11,214,200,100,71,24
2021,3,A,골목상권,2110965,언주역 6번,1139,788,351,1,174,379,378,142,65,1,104,276,284,74,49,0,70,103,94,68,16
2021,3,A,골목상권,2110964,싸리고개근린공원,217,124,93,0,29,60,59,34,35,0,8,32,36,23,25,0,21,28,23,11,10
2021,3,A,골목상권,2110963,역삼월드메르디앙아파트,780,547,233,1,126,185,226,154,88,0,79,146,171,97,54,1,47,39,55,57,34
2021,3,A,골목상권,2110962,도산공원북측,557,487,70,1,66,80,242,144,24,0,45,70,226,130,16,1,21,10,16,14,8
2021,3,A,골목상권,2110961,언주역 3번,962,673,289,5,172,286,248,140,111,3,97,184,187,112,90,2,75,102,61,28,21
2021,3,A,골목상권,2110960,은광여고,1522,692,830,5,207,255,373,502,180,4,55,110,190,212,121,1,152,145,183,290,59
2021,3,A,골목상권,2110959,신구중학교,271,140,131,0,14,66,82,79,30,0,7,36,49,29,19,0,7,30,33,50,11
2021,3,A,골목상권,2110958,역삼역 4번,994,759,235,1,96,197,300,295,105,1,46,133,254,240,85,0,50,64,46,55,20
2021,3,A,골목상권,2110957,언북중학교,1251,831,420,1,262,379,317,147,145,1,146,241,215,109,119,0,116,138,102,38,26
2021,3,A,골목상권,2110956,언주역 8번,1199,758,441,4,361,471,199,87,77,2,158,307,163,70,58,2,203,164,36,17,19
2021,3,A,골목상권,2110955,논현초등학교,3430,2238,1192,19,719,823,793,625,451,13,417,568,554,389,297,6,302,255,239,236,154
2021,3,A,골목상권,2110954,국기원,636,445,191,0,89,142,187,94,124,0,35,97,161,74,78,0,54,45,26,20,46
2021,3,A,골목상권,2110953,학동근린공원,2487,1583,904,15,679,891,571,218,113,0,336,572,409,180,86,15,343,319,162,38,27
2021,3,A,골목상권,2110952,논현목련공원,117,65,52,0,21,23,27,22,24,0,9,13,13,14,16,0,12,10,14,8,8
2021,3,A,골목상권,2110951,신사은행나무공원,273,75,198,0,35,83,96,51,8,0,6,24,27,15,3,0,29,59,69,36,5
2021,3,A,골목상권,2110950,논현역 7번,2981,1929,1052,1,829,1305,518,230,98,0,418,886,383,173,69,1,411,419,135,57,29
2021,3,A,골목상권,2110949,한남IC,1683,1193,490,5,288,565,435,305,85,2,112,398,347,261,73,3,176,167,88,44,12
2021,3,A,골목상권,2110947,청계산입구역 2번(내곡동주민센터),121,48,73,0,19,18,29,21,34,0,9,9,15,7,8,0,10,9,14,14,26
2021,3,A,골목상권,2110946,청계산원터골,48,24,24,0,2,6,8,16,16,0,2,3,6,3,10,0,0,3,2,13,6
2021,3,A,골목상권,2110945,본마을노인복지센터(서초구립내곡도서관),191,114,77,3,44,57,37,33,17,3,14,31,25,28,13,0,30,26,12,5,4
2021,3,A,골목상권,2110944,서울나래학교(염곡어린이공원),1053,735,318,10,133,246,201,217,246,8,98,194,153,139,143,2,35,52,48,78,103
2021,3,A,골목상권,2110943,법제교육센터(버들어린이공원),1122,578,544,1,67,165,357,323,209,1,36,99,151,140,151,0,31,66,206,183,58
2021,3,A,골목상권,2110942,염곡동 구룡사(포이동성당),3242,1952,1290,7,578,932,791,613,321,3,328,587,461,351,222,4,250,345,330,262,99
2021,3,A,골목상권,2110941,언남고등학교,261,158,103,0,33,46,89,58,35,0,14,26,51,40,27,0,19,20,38,18,8
2021,3,A,골목상권,2110940,양재근린공원(양재2동주민센터),1043,755,288,9,186,346,264,145,93,8,116,256,200,103,72,1,70,90,64,42,21
2021,3,A,골목상권,2110939,양재역 8번(양재동우체국),5945,4103,1842,23,971,1415,1465,1168,903,15,500,989,1056,798,745,8,471,426,409,370,158
2021,3,A,골목상권,2110938,바우뫼공원,1784,1137,647,1,294,551,489,326,123,0,172,392,303,169,101,1,122,159,186,157,22
2021,3,A,골목상권,2110937,방아다리근린공원(횃불트리니티신학대학원대학교),2465,1270,1195,7,634,861,542,318,103,6,246,507,335,113,63,1,388,354,207,205,40
2021,3,A,골목상권,2110936,더케이호텔(양재리본타워2단지아파트),832,552,280,3,109,260,215,175,70,0,53,154,159,131,55,3,56,106,56,44,15
2021,3,A,골목상권,2110935,한전아트센터,379,264,115,2,53,108,105,72,39,2,33,82,75,46,26,0,20,26,30,26,13
2021,3,A,골목상권,2110934,우면주공아파트,998,677,321,6,198,291,253,164,86,5,83,217,195,113,64,1,115,74,58,51,22
2021,3,A,골목상권,2110933,한국상담대학원대학교,679,60,619,0,344,156,86,63,30,0,10,15,15,5,15,0,334,141,71,58,15
2021,3,A,골목상권,2110932,서울시인재개발원,532,384,148,2,128,170,127,64,41,2,76,116,100,54,36,0,52,54,27,10,5
2021,3,A,골목상권,2110931,삼성전자서울R&D(서울우면초등학교),100,51,49,0,37,31,18,7,7,0,12,16,10,7,6,0,25,15,8,0,1
2021,3,A,골목상권,2110930,서초동성당,2178,1774,404,8,284,588,694,433,171,2,190,448,591,393,150,6,94,140,103,40,21
2021,3,A,골목상권,2110929,남부터미널역 1번,21130,10703,10427,21,4446,4558,3912,7143,1050,4,1209,1890,1718,5123,759,17,3237,2668,2194,2020,291
2021,3,A,골목상권,2110928,서초우방유쉘아파트,596,491,105,1,57,109,125,205,99,1,29,76,109,190,86,0,28,33,16,15,13
2021,3,A,골목상권,2110927,잠원역,745,553,192,2,93,342,198,98,12,2,82,218,159,81,11,0,11,124,39,17,1
2021,3,A,골목상권,2110926,신중초등학교,1610,1175,435,6,193,359,463,382,207,3,114,263,355,292,148,3,79,96,108,90,59
2021,3,A,골목상권,2110925,서초중학교,873,496,377,0,104,137,244,222,166,0,38,65,146,132,115,0,66,72,98,90,51
2021,3,A,골목상권,2110924,반포4동주민센터(몽마르뜨공원),1330,886,444,5,203,305,407,298,112,1,85,181,300,236,83,4,118,124,107,62,29
2021,3,A,골목상권,2110923,방배역 1번,210,153,57,0,34,56,55,41,24,0,21,38,42,34,18,0,13,18,13,7,6
2021,3,A,골목상권,2110922,내방역 1번,224,114,110,1,42,48,47,43,43,0,13,23,27,23,28,1,29,25,20,20,15
2021,3,A,골목상권,2110921,서울프랑스학교,522,321,201,7,63,71,118,142,121,2,30,43,82,90,74,5,33,28,36,52,47
2021,3,A,골목상권,2110920,방배역 2번(백석예술대학교),359,205,154,0,23,53,125,118,40,0,5,29,65,75,31,0,18,24,60,43,9
2021,3,A,골목상권,2110919,내방역 8번,1539,1126,413,3,142,311,413,419,251,1,60,179,331,354,201,2,82,132,82,65,50
2021,3,A,골목상권,2110918,방배역 3번,682,438,244,3,98,127,164,142,148,2,59,85,108,86,98,1,39,42,56,56,50
2021,3,A,골목상권,2110917,서초소방서,1505,939,566,6,157,432,402,355,153,2,72,281,295,181,108,4,85,151,107,174,45
2021,3,A,골목상권,2110916,내방역 4번,1152,592,560,9,216,272,301,208,146,6,58,167,187,91,83,3,158,105,114,117,63
2021,3,A,골목상권,2110915,서래초등학교,2807,2202,605,14,421,877,1027,379,89,11,280,648,849,336,78,3,141,229,178,43,11
2021,3,A,골목상권,2110914,내방역 6번,146,116,30,0,26,31,37,26,26,0,17,26,26,24,23,0,9,5,11,2,3
2021,3,A,골목상권,2110913,방현초등학교(방배119안전센터),3305,2117,1188,7,572,1265,879,376,206,4,272,824,627,237,153,3,300,441,252,139,53
2021,3,A,골목상권,2110912,방배동사이길,210,128,82,3,33,45,53,42,34,2,16,27,39,21,23,1,17,18,14,21,11
2021,3,A,골목상권,2110911,방배배수지체육공원,29,22,7,0,6,3,7,5,8,0,6,2,4,4,6,0,0,1,3,1,2
2021,3,A,골목상권,2110910,내방역 5번,614,240,374,5,72,124,157,176,80,3,30,69,52,49,37,2,42,55,105,127,43
2021,3,A,골목상권,2110909,남태령역(서울전자고등학교),132,97,35,1,11,29,23,34,34,1,4,19,16,29,28,0,7,10,7,5,6
2021,3,A,골목상권,2110908,구반포역,1525,377,1148,0,66,111,397,806,145,0,42,54,71,141,69,0,24,57,326,665,76
2021,3,A,골목상권,2110907,방배초등학교,878,506,372,8,144,197,239,157,133,5,66,109,122,99,105,3,78,88,117,58,28
2021,3,A,골목상권,2110906,서문여고,683,362,321,2,217,106,119,106,133,0,59,58,72,62,111,2,158,48,47,44,22
2021,3,A,골목상권,2110905,방배노인종합복지관(이수중학교),287,176,111,1,36,71,71,63,45,0,18,38,45,41,34,1,18,33,26,22,11
2021,3,A,골목상권,2110904,이수역 5번,835,468,367,4,167,217,239,139,69,1,90,125,135,59,58,3,77,92,104,80,11
2021,3,A,골목상권,2110903,방배아이파크아파트,7222,2653,4569,7,1242,1778,2487,1322,386,1,333,597,951,599,172,6,909,1181,1536,723,214
2021,3,A,골목상권,2110902,사당역 4번,1201,739,462,1,193,270,296,250,191,0,84,171,204,158,122,1,109,99,92,92,69
2021,3,A,골목상권,2110901,인헌고등학교(인헌중학교),262,154,108,3,44,64,75,55,21,3,23,40,40,32,16,0,21,24,35,23,5
2021,3,A,골목상권,2110900,낙성대역 1번(관악구민 종합체육센터),457,257,200,1,95,125,123,89,24,1,49,65,69,54,19,0,46,60,54,35,5
2021,3,A,골목상권,2110899,낙성대역 5번(관악중학교),690,448,242,0,167,185,166,123,49,0,107,135,96,71,39,0,60,50,70,52,10
2021,3,A,골목상권,2110898,청림동주민센터(상도중학교),66,27,39,0,16,14,14,16,6,0,5,3,8,7,4,0,11,11,6,9,2
2021,3,A,골목상권,2110897,서울대입구역 8번,219,139,80,0,16,45,69,64,25,0,7,24,40,44,24,0,9,21,29,20,1
2021,3,A,골목상권,2110896,관악우성아파트,202,49,153,0,41,37,44,47,33,0,5,7,11,13,13,0,36,30,33,34,20
2021,3,A,골목상권,2110895,샤로수길,1796,1222,574,3,307,721,360,233,172,2,170,534,234,152,130,1,137,187,126,81,42
2021,3,A,골목상권,2110894,관악동부센트레빌아파트(은천로35라길),20,8,12,0,2,4,3,6,5,0,0,2,1,2,3,0,2,2,2,4,2
2021,3,A,골목상권,2110893,관악소방서(문영여고),353,303,50,0,39,110,66,113,25,0,29,96,57,99,22,0,10,14,9,14,3
2021,3,A,골목상권,2110892,관악구 중앙길,709,341,368,0,69,110,159,221,150,0,25,55,76,105,80,0,44,55,83,116,70
2021,3,A,골목상권,2110891,구암초등학교,47,22,25,0,5,1,22,16,3,0,1,0,11,8,2,0,4,1,11,8,1
2021,3,A,골목상권,2110890,봉천역 1번(관악초등학교),261,152,109,1,22,44,95,70,29,0,4,22,59,46,21,1,18,22,36,24,8
2021,3,A,골목상권,2110889,봉천역 6번,376,317,59,0,29,36,69,136,106,0,18,20,47,130,102,0,11,16,22,6,4
2021,3,A,골목상권,2110888,청룡동주민센터,94,53,41,0,5,9,11,22,47,0,3,2,4,6,38,0,2,7,7,16,9
2021,3,A,골목상권,2110887,서울산업정보학교(서울삼성초등학교),19,11,8,0,1,4,7,6,1,0,0,0,4,6,1,0,1,4,3,0,0
2021,3,A,골목상권,2110886,관악해태어린이공원,188,103,85,1,38,50,41,36,22,1,18,28,21,23,12,0,20,22,20,13,10
2021,3,A,골목상권,2110885,영락고등학교,340,214,126,0,37,58,94,89,62,0,18,33,61,57,45,0,19,25,33,32,17
2021,3,A,골목상권,2110884,봉천역 4번(봉천110안전센터),372,284,88,1,17,30,61,98,165,0,1,8,49,84,142,1,16,22,12,14,23
2021,3,A,골목상권,2110883,은천초등학교(은천교앞),212,126,86,2,21,44,71,49,25,1,12,25,43,29,16,1,9,19,28,20,9
2021,3,A,골목상권,2110882,신성초등학교,733,444,289,1,95,131,215,168,123,0,52,67,122,109,94,1,43,64,93,59,29
2021,3,A,골목상권,2110881,구립대학경로당(관악산샘말공원),1601,1304,297,1,317,452,460,271,100,1,225,376,399,232,71,0,92,76,61,39,29
2021,3,A,골목상권,2110880,신림역 1번,995,275,720,0,379,296,157,128,35,0,78,87,66,33,11,0,301,209,91,95,24
2021,3,A,골목상권,2110879,신림현대아파트,17,7,10,0,2,3,5,5,2,0,1,2,2,2,0,0,1,1,3,3,2
2021,3,A,골목상권,2110878,미림여고,368,218,150,3,43,114,101,78,29,0,19,63,68,43,25,3,24,51,33,35,4
2021,3,A,골목상권,2110877,신림역 8번,319,154,165,2,23,63,86,80,65,0,10,30,36,39,39,2,13,33,50,41,26
2021,3,A,골목상권,2110876,서원동주민센터(신관중학교),49,29,20,0,5,9,16,9,10,0,2,4,10,4,9,0,3,5,6,5,1
2021,3,A,골목상권,2110875,보라매동주민센터(당곡고등학교),16,13,3,0,3,2,5,4,2,0,2,2,3,4,2,0,1,0,2,0,0
2021,3,A,골목상권,2110874,원신초등학교(구세군관악영문교회),46,15,31,1,4,19,7,12,3,1,1,3,3,6,1,0,3,16,4,6,2
2021,3,A,골목상권,2110873,당곡중학교,343,166,177,0,68,79,86,74,36,0,29,39,39,36,23,0,39,40,47,38,13
2021,3,A,골목상권,2110872,신림초등학교,277,195,82,3,54,68,69,53,30,3,36,54,54,41,7,0,18,14,15,12,23
2021,3,A,골목상권,2110871,신원동주민센터,159,101,58,1,12,40,45,37,24,0,8,25,27,25,16,1,4,15,18,12,8
2021,3,A,골목상권,2110869,"신림역 5번(신림동주민센터, 신림동별빛거리)",1026,681,345,1,79,136,248,233,329,1,36,73,143,155,273,0,43,63,105,78,56
2021,3,A,골목상권,2110868,남부초등학교,232,126,106,0,20,29,45,49,89,0,11,23,22,28,42,0,9,6,23,21,47
2021,3,A,골목상권,2110867,국제신학대학원대학교(남서울중학교),202,117,85,0,8,34,39,53,68,0,2,15,21,32,47,0,6,19,18,21,21
2021,3,A,골목상권,2110866,난우중학교,171,91,80,0,20,36,34,62,19,0,14,20,12,29,16,0,6,16,22,33,3
2021,3,A,골목상권,2110865,남강고등학교(남강중학교),336,143,193,4,66,72,69,85,40,2,16,34,28,34,29,2,50,38,41,51,11
2021,3,A,골목상권,2110864,신림우방아파트,236,161,75,0,31,48,53,60,44,0,21,31,37,43,29,0,10,17,16,17,15
2021,3,A,골목상권,2110863,난우초등학교,319,179,140,6,40,61,63,79,70,5,23,30,38,36,47,1,17,31,25,43,23
2021,3,A,골목상권,2110862,난곡초등학교(난곡동벽화마을),84,41,43,0,4,13,14,34,19,0,2,6,11,15,7,0,2,7,3,19,12
2021,3,A,골목상권,2110861,관악구신사동주민센터,1182,608,574,1,215,377,263,209,117,1,71,194,161,105,76,0,144,183,102,104,41
2021,3,A,골목상권,2110860,호림박물관(성보고등학교),410,314,96,1,57,102,66,110,74,1,44,84,47,78,60,0,13,18,19,32,14
2021,3,A,골목상권,2110859,난향초등학교,182,113,69,0,11,32,42,52,45,0,0,21,27,30,35,0,11,11,15,22,10
2021,3,A,골목상권,2110858,신대방역 1번,66,33,33,0,5,9,17,7,28,0,0,1,6,2,24,0,5,8,11,5,4
2021,3,A,골목상권,2110857,미성동주민센터,431,229,202,9,60,64,70,108,120,9,34,48,41,46,51,0,26,16,29,62,69
2021,3,A,골목상권,2110856,미성초등학교,538,295,243,3,58,85,170,150,72,1,28,44,99,71,52,2,30,41,71,79,20
2021,3,A,골목상권,2110855,신대방역 2번,429,275,154,2,53,111,126,90,47,0,22,81,83,55,34,2,31,30,43,35,13
2021,3,A,골목상권,2110854,조원동주민센터,55,39,16,0,4,5,17,21,8,0,3,5,9,15,7,0,1,0,8,6,1
2021,3,A,골목상권,2110853,KT구로지사,213,127,86,0,21,47,65,50,30,0,9,26,44,27,21,0,12,21,21,23,9
2021,3,A,골목상권,2110852,이수역 9번,198,121,77,0,26,35,54,38,45,0,12,20,30,23,36,0,14,15,24,15,9
2021,3,A,골목상권,2110851,경문고등학교(동작동성당),485,233,252,0,79,136,140,102,28,0,32,53,66,66,16,0,47,83,74,36,12
2021,3,A,골목상권,2110850,사당역 10번,969,487,482,4,217,207,185,162,194,1,54,88,92,95,157,3,163,119,93,67,37
2021,3,A,골목상권,2110849,이수역 10번,220,130,90,1,37,52,58,40,32,0,12,33,34,25,26,1,25,19,24,15,6
2021,3,A,골목상권,2110848,양지어린이공원,486,307,179,0,36,68,152,132,98,0,6,39,85,93,84,0,30,29,67,39,14
2021,3,A,골목상권,2110847,예술인마을,460,225,235,3,53,139,142,78,45,3,13,62,76,38,33,0,40,77,66,40,12
2021,3,A,골목상권,2110846,남성역 1번,535,290,245,1,66,120,146,135,67,0,25,59,78,74,54,1,41,61,68,61,13
2021,3,A,골목상권,2110845,사당종합체육관,119,51,68,0,9,17,39,36,18,0,5,8,19,9,10,0,4,9,20,27,8
2021,3,A,골목상권,2110844,흑석2치안센터,7,5,2,0,2,1,1,0,3,0,1,1,1,0,2,0,1,0,0,0,1
2021,3,A,골목상권,2110843,사당5동주민센터,181,135,46,1,22,25,55,52,26,0,16,17,34,44,24,1,6,8,21,8,2
2021,3,A,골목상권,2110842,흑리단길,43,14,29,0,7,8,8,12,8,0,2,2,3,2,5,0,5,6,5,10,3
2021,3,A,골목상권,2110841,중대부중,88,36,52,0,11,17,16,25,19,0,5,7,5,11,8,0,6,10,11,14,11
2021,3,A,골목상권,2110840,중앙대학교,165,92,73,0,24,22,52,43,24,0,12,12,32,21,15,0,12,10,20,22,9
2021,3,A,골목상권,2110839,숭실대입구역 4번,187,67,120,0,10,51,57,46,23,0,2,14,22,11,18,0,8,37,35,35,5
2021,3,A,골목상권,2110838,상도1동주민센터앞,131,122,9,0,3,32,30,35,31,0,3,27,27,35,30,0,0,5,3,0,1
2021,3,A,골목상권,2110837,숭실대입구역 1번,373,195,178,1,39,76,84,80,93,0,19,32,43,32,69,1,20,44,41,48,24
2021,3,A,골목상권,2110836,상도역 5번,3057,1846,1211,9,550,798,701,647,352,2,238,486,453,447,220,7,312,312,248,200,132
2021,3,A,골목상권,2110835,상도역 1번,285,161,124,0,81,92,57,35,20,0,32,59,36,16,18,0,49,33,21,19,2
2021,3,A,골목상권,2110834,동작구자원봉사센터,38,22,16,0,3,5,6,10,14,0,2,2,6,5,7,0,1,3,0,5,7
2021,3,A,골목상권,2110833,상도역 2번,266,172,94,2,20,64,76,77,27,0,17,51,48,37,19,2,3,13,28,40,8
2021,3,A,골목상권,2110832,노량진초등학교,377,171,206,0,38,51,93,141,54,0,14,22,57,55,23,0,24,29,36,86,31
2021,3,A,골목상권,2110831,상도4동주민센터,72,40,32,0,3,13,14,29,13,0,3,6,6,18,7,0,0,7,8,11,6
2021,3,A,골목상권,2110830,상도초등학교,281,152,129,0,22,61,73,85,40,0,7,29,36,54,26,0,15,32,37,31,14
2021,3,A,골목상권,2110829,장승배기역 5번,536,417,119,0,195,137,79,53,72,0,177,106,49,40,45,0,18,31,30,13,27
2021,3,A,골목상권,2110828,노량진역 6번,3010,2066,944,9,471,1047,854,467,162,3,252,711,639,357,104,6,219,336,215,110,58
2021,3,A,골목상권,2110827,NH농협은행 상도동지점,262,93,169,0,39,51,73,65,34,0,11,18,20,28,16,0,28,33,53,37,18
2021,3,A,골목상권,2110826,장승배기역 4번,366,149,217,2,20,37,57,103,147,1,8,22,28,38,52,1,12,15,29,65,95
2021,3,A,골목상권,2110825,신대방삼거리역 1번,316,205,111,0,33,63,94,71,55,0,23,41,57,46,38,0,10,22,37,25,17
2021,3,A,골목상권,2110824,대방역 3번,296,102,194,1,48,91,92,42,22,0,11,26,29,23,13,1,37,65,63,19,9
2021,3,A,골목상권,2110823,신대방삼거리역 3번,472,242,230,0,30,45,83,121,193,0,17,26,40,42,117,0,13,19,43,79,76
2021,3,A,골목상권,2110822,신대방삼거리역 4번(대림초등학교),311,130,181,0,57,71,68,74,41,0,13,28,34,34,21,0,44,43,34,40,20
2021,3,A,골목상권,2110821,보라매역 2번,595,353,242,0,73,109,140,135,138,0,34,65,79,87,88,0,39,44,61,48,50
2021,3,A,골목상권,2110820,성남고등학교,3101,2470,631,1,651,742,555,991,161,0,438,581,448,879,124,1,213,161,107,112,37
2021,3,A,골목상권,2110819,신대방역 4번,510,262,248,0,64,99,128,93,126,0,15,37,58,62,90,0,49,62,70,31,36
2021,3,A,골목상권,2110818,신대방역 3번,20,9,11,0,1,3,7,7,2,0,1,3,2,1,2,0,0,0,5,6,0
2021,3,A,골목상권,2110817,대방역 4번,286,227,59,1,38,51,90,59,47,0,19,35,79,53,41,1,19,16,11,6,6
2021,3,A,골목상권,2110816,대방역 6번,521,404,117,1,73,138,153,68,88,1,50,109,114,50,80,0,23,29,39,18,8
2021,3,A,골목상권,2110815,공군호텔,2240,785,1455,4,425,514,476,507,314,0,88,195,167,170,165,4,337,319,309,337,149
2021,3,A,골목상권,2110814,서울지방병무청,673,364,309,1,51,117,155,236,113,1,23,79,97,104,60,0,28,38,58,132,53
2021,3,A,골목상권,2110813,보라매역 6번,286,167,119,3,22,37,50,74,100,3,15,21,24,39,65,0,7,16,26,35,35
2021,3,A,골목상권,2110812,신길6동주민센터,363,245,118,0,69,115,106,50,23,0,34,78,85,29,19,0,35,37,21,21,4
2021,3,A,골목상권,2110811,보라매역 4번,187,94,93,0,22,41,49,52,23,0,8,22,18,27,19,0,14,19,31,25,4
2021,3,A,골목상권,2110810,영신초등학교,395,178,217,0,53,143,63,80,56,0,20,65,31,44,18,0,33,78,32,36,38
2021,3,A,골목상권,2110809,장훈고등학교,112,61,51,0,7,15,30,23,37,0,3,5,11,17,25,0,4,10,19,6,12
2021,3,A,골목상권,2110808,신길역 1번,67,48,19,0,3,22,21,13,8,0,3,15,14,9,7,0,0,7,7,4,1
2021,3,A,골목상권,2110807,신길역 3번,102,70,32,0,6,16,23,27,30,0,4,8,18,19,21,0,2,8,5,8,9
2021,3,A,골목상권,2110806,서울시립영등포장애인복지관,76,42,34,0,18,30,13,13,2,0,5,16,9,11,1,0,13,14,4,2,1
2021,3,A,골목상권,2110805,신길새마을금고신길4동지점,45,27,18,0,6,12,12,8,7,0,2,7,6,5,7,0,4,5,6,3,0
2021,3,A,골목상권,2110804,신풍역 1번,312,187,125,0,15,37,62,63,135,0,4,15,29,35,104,0,11,22,33,28,31
2021,3,A,골목상권,2110803,신길2동우편취급국,304,220,84,0,17,27,56,62,142,0,6,14,33,39,128,0,11,13,23,23,14
2021,3,A,골목상권,2110802,신길동홍어거리,336,159,177,1,59,113,86,61,16,0,18,45,44,40,12,1,41,68,42,21,4
2021,3,A,골목상권,2110800,영등포동성당,227,153,74,0,26,34,61,66,40,0,13,22,37,46,35,0,13,12,24,20,5
2021,3,A,골목상권,2110799,영등포본동주민센터,119,86,33,5,21,16,11,22,44,3,12,10,6,15,40,2,9,6,5,7,4
2021,3,A,골목상권,2110798,신풍역 2번,53,20,33,0,2,13,14,13,11,0,0,3,3,6,8,0,2,10,11,7,3
2021,3,A,골목상권,2110797,KT대방빌딩,52,10,42,1,7,10,12,11,11,0,0,0,1,3,6,1,7,10,11,8,5
2021,3,A,골목상권,2110796,한림대학교한강성심병원,87,52,35,1,7,19,26,19,15,0,4,11,17,9,11,1,3,8,9,10,4
2021,3,A,골목상권,2110795,도림초등학교,533,356,177,0,20,49,80,128,256,0,8,36,48,74,190,0,12,13,32,54,66
2021,3,A,골목상권,2110794,영동초등학교,632,494,138,0,87,115,178,167,85,0,47,89,148,135,75,0,40,26,30,32,10
2021,3,A,골목상권,2110792,영등포역 2번,3400,1767,1633,28,563,880,843,862,224,11,229,398,466,530,133,17,334,482,377,332,91
2021,3,A,골목상권,2110791,신풍역 3번,25,17,8,0,1,5,9,9,1,0,0,2,6,8,1,0,1,3,3,1,0
2021,3,A,골목상권,2110790,대림1동주민센터,739,336,403,1,74,163,280,161,60,1,46,71,88,77,53,0,28,92,192,84,7
2021,3,A,골목상권,2110789,대림성모병원,491,182,309,0,104,137,115,93,42,0,16,44,49,43,30,0,88,93,66,50,12
2021,3,A,골목상권,2110788,영등포시장역 3번,28,22,6,0,4,5,7,9,3,0,3,5,6,6,2,0,1,0,1,3,1
2021,3,A,골목상권,2110787,신길3동주민센터,171,122,49,0,19,35,47,42,28,0,8,25,36,31,22,0,11,10,11,11,6
2021,3,A,골목상권,2110786,당산역 8번,271,179,92,2,20,41,60,51,97,2,8,21,42,38,68,0,12,20,18,13,29
2021,3,A,골목상권,2110785,영등포푸르지오아파트,161,84,77,2,13,17,39,44,46,2,8,12,24,14,24,0,5,5,15,30,22
2021,3,A,골목상권,2110784,신대림초등학교,76,42,34,0,3,11,18,36,8,0,0,7,12,18,5,0,3,4,6,18,3
2021,3,A,골목상권,2110783,영등포시장역 1번,292,154,138,1,26,37,35,67,126,1,19,27,16,33,58,0,7,10,19,34,68
2021,3,A,골목상권,2110782,영등포시장역 4번,127,87,40,1,13,24,48,27,14,1,5,16,36,17,12,0,8,8,12,10,2
2021,3,A,골목상권,2110781,대림한신아파트,182,112,70,0,23,29,51,38,41,0,8,16,34,23,31,0,15,13,17,15,10
2021,3,A,골목상권,2110780,신길대성유니드아파트,223,171,52,0,22,42,71,56,32,0,18,34,51,41,27,0,4,8,20,15,5
2021,3,A,골목상권,2110779,대림갑을명가아파트,33,24,9,0,2,5,13,7,6,0,1,4,10,4,5,0,1,1,3,3,1
2021,3,A,골목상권,2110778,구로디지털단지역 4번,1615,878,737,0,248,461,489,233,184,0,122,282,196,145,133,0,126,179,293,88,51
2021,3,A,골목상권,2110777,구로세무서,282,210,72,0,36,41,47,83,75,0,13,30,32,66,69,0,23,11,15,17,6
2021,3,A,골목상권,2110776,도신초등학교,168,106,62,0,12,20,48,63,25,0,11,10,35,34,16,0,1,10,13,29,9
2021,3,A,골목상권,2110775,대동초등학교,61,30,31,0,5,13,20,15,8,0,2,6,6,10,6,0,3,7,14,5,2
2021,3,A,골목상권,2110774,당산반도유보라팰리스아파트,472,355,117,0,59,119,131,96,67,0,34,81,109,80,51,0,25,38,22,16,16
2021,3,A,골목상권,2110773,당산역 13번,272,218,54,0,46,65,45,40,76,0,36,53,32,34,63,0,10,12,13,6,13
2021,3,A,골목상권,2110772,신우어린이공원,94,55,39,0,9,15,22,26,22,0,5,8,12,19,11,0,4,7,10,7,11
2021,3,A,골목상권,2110771,대림역 11번,955,604,351,0,22,38,128,210,557,0,21,30,73,131,349,0,1,8,55,79,208
2021,3,A,골목상권,2110770,영등포구청역 6번,263,191,72,1,45,49,77,45,46,1,24,41,54,28,43,0,21,8,23,17,3
2021,3,A,골목상권,2110769,대림차이나타운(대림역 12번),18,8,10,0,3,4,6,4,1,0,0,1,4,2,1,0,3,3,2,2,0
2021,3,A,골목상권,2110768,도림2동유수지내체육시설,294,155,139,0,20,43,63,73,95,0,7,22,32,41,53,0,13,21,31,32,42
2021,3,A,골목상권,2110767,도림동주민센터,34,3,31,0,9,5,12,6,2,0,0,0,2,1,0,0,9,5,10,5,2
2021,3,A,골목상권,2110766,대림역 5번,360,205,155,0,30,82,85,99,64,0,15,54,42,56,38,0,15,28,43,43,26
2021,3,A,골목상권,2110765,문래동사거리,889,619,270,2,80,133,209,175,290,1,38,78,140,126,236,1,42,55,69,49,54
2021,3,A,골목상권,2110764,문래역 3번,541,223,318,0,93,127,159,102,60,0,27,39,54,54,49,0,66,88,105,48,11
2021,3,A,골목상권,2110763,영등포구청역 2번,480,353,127,2,84,147,107,84,56,0,53,100,79,72,49,2,31,47,28,12,7
2021,3,A,골목상권,2110762,선유도역 1번,3139,2286,853,6,392,669,739,809,524,4,217,459,529,629,448,2,175,210,210,180,76
2021,3,A,골목상권,2110761,문래동남성맨션,180,106,74,0,13,43,45,41,38,0,8,17,26,25,30,0,5,26,19,16,8
2021,3,A,골목상권,2110760,선유도역 6번,1792,1091,701,8,273,444,499,376,192,6,170,256,275,219,165,2,103,188,224,157,27
2021,3,A,골목상권,2110759,문래예술촌(문래창작촌),4221,2165,2056,9,520,837,996,1286,573,5,266,550,589,466,289,4,254,287,407,820,284
2021,3,A,골목상권,2110758,문래소공원,296,221,75,1,44,77,70,67,37,0,32,60,46,52,31,1,12,17,24,15,6
2021,3,A,골목상권,2110757,양평역 2번,1501,1114,387,1,111,230,356,424,379,0,51,176,286,314,287,1,60,54,70,110,92
2021,3,A,골목상권,2110756,문래중학교,275,179,96,0,48,79,78,35,35,0,21,58,52,21,27,0,27,21,26,14,8
2021,3,A,골목상권,2110755,동일여자고등학교,199,53,146,0,10,24,47,74,44,0,4,9,16,12,12,0,6,15,31,62,32
2021,3,A,골목상권,2110754,삼성산자연공원(서울금천초등학교),199,75,124,1,21,41,47,39,50,0,6,18,28,10,13,1,15,23,19,29,37
2021,3,A,골목상권,2110753,시흥동 은행나무사거리,617,387,230,0,69,100,149,166,133,0,28,68,90,96,105,0,41,32,59,70,28
2021,3,A,골목상권,2110752,한울중학교,269,117,152,2,25,46,81,79,36,2,13,16,34,33,19,0,12,30,47,46,17
2021,3,A,골목상권,2110751,난곡중학교,730,397,333,2,48,217,240,177,46,2,21,117,127,91,39,0,27,100,113,86,7
2021,3,A,골목상권,2110750,시흥4동주민센터(서울신흥초등학교),397,221,176,4,78,83,80,104,48,4,47,62,43,33,32,0,31,21,37,71,16
2021,3,A,골목상권,2110749,금산초등학교(금천고등학교),448,273,175,0,61,105,110,121,51,0,33,67,55,82,36,0,28,38,55,39,15
2021,3,A,골목상권,2110748,백산초등학교,102,64,38,0,6,19,21,26,30,0,2,9,11,22,20,0,4,10,10,4,10
2021,3,A,골목상권,2110747,석수역 1번 출입구,823,612,211,0,46,84,169,227,297,0,27,52,102,165,266,0,19,32,67,62,31
2021,3,A,골목상권,2110746,금천금빛공원(은행나무사거리서측),70,48,22,0,5,11,22,21,11,0,3,9,13,15,8,0,2,2,9,6,3
2021,3,A,골목상권,2110745,독산동정훈단지,251,191,60,0,11,20,33,86,101,0,3,12,22,64,90,0,8,8,11,22,11
2021,3,A,골목상권,2110744,독산동성당,531,327,204,0,49,107,129,152,94,0,36,71,75,86,59,0,13,36,54,66,35
2021,3,A,골목상권,2110743,시흥초등학교(시흥1동우체국),191,130,61,0,18,31,48,50,44,0,10,20,32,37,31,0,8,11,16,13,13
2021,3,A,골목상권,2110742,KT금천빌딩(금천구시설관리공단),426,237,189,0,42,83,106,125,70,0,21,57,71,54,34,0,21,26,35,71,36
2021,3,A,골목상권,2110741,독산2동주민센터,444,159,285,0,69,117,96,108,54,0,43,35,26,33,22,0,26,82,70,75,32
2021,3,A,골목상권,2110740,금천해태공원,650,283,367,1,135,136,138,170,70,1,47,55,58,71,51,0,88,81,80,99,19
2021,3,A,골목상권,2110739,시흥3동 우편취급국,1558,585,973,1,167,288,537,525,40,0,50,153,224,133,25,1,117,135,313,392,15
2021,3,A,골목상권,2110738,문성초등학교,249,125,124,0,17,27,65,90,50,0,12,14,34,40,25,0,5,13,31,50,25
2021,3,A,골목상권,2110737,금천세무서,506,324,182,8,78,85,96,117,122,0,28,49,51,91,105,8,50,36,45,26,17
2021,3,A,골목상권,2110736,독산119안전센터,450,196,254,0,45,52,74,114,165,0,21,31,34,41,69,0,24,21,40,73,96
2021,3,A,골목상권,2110735,말미고개,520,330,190,0,64,115,140,140,61,0,31,79,94,79,47,0,33,36,46,61,14
2021,3,A,골목상권,2110734,금천파출소,92,47,45,0,7,11,21,29,24,0,3,5,14,13,12,0,4,6,7,16,12
2021,3,A,골목상권,2110733,금천어울림복지센터,374,293,81,3,34,89,74,90,84,3,22,67,59,66,76,0,12,22,15,24,8
2021,3,A,골목상권,2110732,가산초등학교(세일중학교),338,239,99,1,41,60,98,76,62,0,22,34,71,60,52,1,19,26,27,16,10
2021,3,A,골목상권,2110731,금천구청역 1번 출입구,1041,563,478,7,306,383,206,96,43,2,149,229,102,55,26,5,157,154,104,41,17
2021,3,A,골목상권,2110730,서울축산농협 독산역지점(독산파출소),660,376,284,1,80,105,117,201,156,1,30,58,54,113,120,0,50,47,63,88,36
2021,3,A,골목상권,2110729,가산동우체국,151,112,39,0,19,30,40,39,23,0,14,19,30,30,19,0,5,11,10,9,4
2021,3,A,골목상권,2110728,두산초등학교,4560,2778,1782,8,88,138,245,530,3551,8,64,86,123,279,2218,0,24,52,122,251,1333
2021,3,A,골목상권,2110727,독산역 1번 출입구,659,514,145,4,72,152,169,191,71,4,48,118,128,165,51,0,24,34,41,26,20
2021,3,A,골목상권,2110726,금천철쭉어린이공원(금하마을),222,172,50,0,19,25,41,62,75,0,17,16,22,45,72,0,2,9,19,17,3
2021,3,A,골목상권,2110725,가산동주민센터,85,59,26,0,6,20,22,20,17,0,3,15,16,12,13,0,3,5,6,8,4
2021,3,A,골목상권,2110724,금천구립가산도서관,366,254,112,1,42,76,122,89,36,1,33,60,90,45,25,0,9,16,32,44,11
2021,3,A,골목상권,2110723,가산디지털단지역 1번 출입구,286,247,39,0,6,10,37,130,103,0,6,5,26,113,97,0,0,5,11,17,6
2021,3,A,골목상권,2110722,G타워,1221,876,345,5,246,423,354,139,54,5,163,311,281,79,37,0,83,112,73,60,17
2021,3,A,골목상권,2110721,가리봉파출소,215,104,111,1,6,36,42,42,88,0,2,19,17,22,44,1,4,17,25,20,44
2021,3,A,골목상권,2110720,대림역 2번,158,73,85,0,23,25,43,35,32,0,10,11,15,15,22,0,13,14,28,20,10
2021,3,A,골목상권,2110719,영서중학교,52,44,8,0,6,9,9,14,14,0,6,7,8,13,10,0,0,2,1,1,4
2021,3,A,골목상권,2110718,한국SGI본부,1614,1061,553,3,308,462,397,336,108,3,167,313,292,220,66,0,141,149,105,116,42
2021,3,A,골목상권,2110717,남구로역 2번,570,271,299,0,108,155,142,104,61,0,49,84,75,34,29,0,59,71,67,70,32
2021,3,A,골목상권,2110716,구로나눔길,666,398,268,1,132,256,164,77,36,0,39,154,115,60,30,1,93,102,49,17,6
2021,3,A,골목상권,2110715,구로구민회관,93,64,29,0,13,15,30,27,8,0,5,11,20,21,7,0,8,4,10,6,1
2021,3,A,골목상권,2110714,구로4동주민센터,271,156,115,0,34,44,57,79,57,0,8,19,32,53,44,0,26,25,25,26,13
2021,3,A,골목상권,2110713,구로보건소,2668,1817,851,5,474,650,706,533,300,3,323,472,514,332,173,2,151,178,192,201,127
2021,3,A,골목상권,2110712,남구로역 5번,233,108,125,1,32,36,66,64,34,0,10,17,24,32,25,1,22,19,42,32,9
2021,3,A,골목상권,2110711,구로초등학교,818,332,486,4,62,122,166,288,176,2,26,70,82,75,77,2,36,52,84,213,99
2021,3,A,골목상권,2110710,남구로역 3번,606,370,236,3,83,96,105,121,198,3,46,63,63,68,127,0,37,33,42,53,71
2021,3,A,골목상권,2110709,구로119안전센터,162,94,68,0,16,19,44,46,37,0,13,12,28,25,16,0,3,7,16,21,21
2021,3,A,골목상권,2110708,화원어린이공원,64,27,37,0,8,12,12,23,9,0,1,4,5,9,8,0,7,8,7,14,1
2021,3,A,골목상권,2110707,구로창업지원센터,1045,760,285,4,141,266,246,253,135,3,78,195,185,186,113,1,63,71,61,67,22
2021,3,A,골목상권,2110706,그라운드 고척,410,100,310,0,122,101,101,68,18,0,22,20,28,20,10,0,100,81,73,48,8
2021,3,A,골목상권,2110705,고산초등학교,33,19,14,0,3,2,8,7,13,0,3,1,8,2,5,0,0,1,0,5,8
2021,3,A,골목상권,2110704,고척중학교,62,36,26,0,12,23,10,12,5,0,7,12,3,11,3,0,5,11,7,1,2
2021,3,A,골목상권,2110703,개봉역,569,449,120,4,28,60,119,170,188,3,16,35,79,141,175,1,12,25,40,29,13
2021,3,A,골목상권,2110702,개봉초등학교,131,93,38,1,15,18,33,34,30,1,10,13,23,24,22,0,5,5,10,10,8
2021,3,A,골목상권,2110701,고척동성당,567,379,188,2,126,185,125,92,37,0,81,133,82,54,29,2,45,52,43,38,8
2021,3,A,골목상권,2110700,고척초등학교,3249,2648,601,3,209,680,974,1176,207,2,119,533,803,1021,170,1,90,147,171,155,37
2021,3,A,골목상권,2110699,덕의초등학교,150,89,61,0,15,24,32,48,31,0,8,15,15,28,23,0,7,9,17,20,8
2021,3,A,골목상권,2110698,개웅초등학교(개웅중학교),279,178,101,3,50,50,54,65,57,3,25,32,32,40,46,0,25,18,22,25,11
2021,3,A,골목상권,2110697,개봉3동주민센터,244,152,92,1,55,64,52,43,29,1,27,41,33,30,20,0,28,23,19,13,9
2021,3,A,골목상권,2110696,오류동역 1번,2453,1671,782,32,831,951,335,223,81,16,483,739,238,133,62,16,348,212,97,90,19
2021,3,A,골목상권,2110695,개봉1동주민센터,546,314,232,1,57,150,143,123,72,1,31,97,72,64,49,0,26,53,71,59,23
2021,3,A,골목상권,2110694,세곡초등학교,445,249,196,2,55,149,90,98,51,0,24,76,51,60,38,2,31,73,39,38,13
2021,3,A,골목상권,2110693,오류동역 4번,17,9,8,0,1,3,5,4,4,0,1,3,2,2,1,0,0,0,3,2,3
2021,3,A,골목상권,2110692,큰굴다리,233,148,85,0,12,52,54,66,49,0,7,19,35,49,38,0,5,33,19,17,11
2021,3,A,골목상권,2110691,개봉중학교,395,205,190,0,37,65,119,115,59,0,20,38,49,52,46,0,17,27,70,63,13
2021,3,A,골목상권,2110690,오류2동버들시장,625,318,307,1,105,200,143,105,71,0,42,115,72,46,43,1,63,85,71,59,28
2021,3,A,골목상권,2110689,오류동역 3번,259,188,71,3,41,45,52,66,52,3,25,32,40,48,40,0,16,13,12,18,12
2021,3,A,골목상권,2110688,오류지구대,171,60,111,1,18,20,40,59,33,0,7,11,15,19,8,1,11,9,25,40,25
2021,3,A,골목상권,2110687,"천왕역 3번(오류2동주민센터, 서울오류남초등학교)",21,16,5,0,2,3,5,6,5,0,1,3,4,4,4,0,1,0,1,2,1
2021,3,A,골목상권,2110686,수궁동주민센터,490,245,245,2,50,83,135,127,93,2,25,37,72,61,48,0,25,46,63,66,45
2021,3,A,골목상권,2110685,금강수목원아파트,181,143,38,0,13,32,53,57,26,0,10,25,38,47,23,0,3,7,15,10,3
2021,3,A,골목상권,2110684,서울공연예술고등학교,157,72,85,2,28,31,36,36,24,0,7,17,19,19,10,2,21,14,17,17,14
2021,3,A,골목상권,2110683,오류고등학교,185,125,60,0,24,46,55,41,19,0,18,33,33,23,18,0,6,13,22,18,1
2021,3,A,골목상권,2110682,온수역 8번,137,128,9,0,3,5,14,43,72,0,2,3,11,42,70,0,1,2,3,1,2
2021,3,A,골목상권,2110681,온수역 1번,152,106,46,0,13,52,39,21,27,0,10,38,25,13,20,0,3,14,14,8,7
2021,3,A,골목상권,2110680,온수역 5번(온수산업단지),1184,1003,181,18,161,205,235,343,222,18,129,175,191,286,204,0,32,30,44,57,18
2021,3,A,골목상권,2110679,염창역 2번,578,407,171,3,90,207,152,80,46,2,50,149,111,58,37,1,40,58,41,22,9
2021,3,A,골목상권,2110678,염창무학아파트,242,188,54,1,30,57,84,47,23,1,15,49,67,39,17,0,15,8,17,8,6
2021,3,A,골목상권,2110677,등촌역 1번,410,321,89,1,50,80,83,91,105,1,24,51,70,76,99,0,26,29,13,15,6
2021,3,A,골목상권,2110676,등촌역 7번,237,141,96,0,31,35,66,57,48,0,13,21,37,37,33,0,18,14,29,20,15
2021,3,A,골목상권,2110675,화곡4동주민센터,289,186,103,0,28,62,73,65,61,0,11,36,40,50,49,0,17,26,33,15,12
2021,3,A,골목상권,2110674,강서구청가양동별관,491,327,164,1,69,102,106,109,104,1,54,78,63,51,80,0,15,24,43,58,24
2021,3,A,골목상권,2110673,뜸부기어린이공원,253,143,110,0,37,52,62,64,38,0,21,29,31,34,28,0,16,23,31,30,10
2021,3,A,골목상권,2110672,백석중학교,155,99,56,1,21,37,40,43,13,1,18,26,18,25,11,0,3,11,22,18,2
2021,3,A,골목상권,2110671,등촌1동주민센터,5012,3056,1956,13,1252,1442,1027,802,476,5,391,945,826,556,333,8,861,497,201,246,143
2021,3,A,골목상권,2110670,신곡초등학교,527,322,205,6,79,119,122,101,100,3,45,78,71,59,66,3,34,41,51,42,34
2021,3,A,골목상권,2110669,화곡보람2차아파트,80,49,31,0,11,20,24,17,8,0,3,12,18,14,2,0,8,8,6,3,6
2021,3,A,골목상권,2110668,화곡2동주민센터,471,278,193,0,55,70,139,127,80,0,22,33,81,77,65,0,33,37,58,50,15
2021,3,A,골목상권,2110667,가양역 10번,177,126,51,0,33,32,56,36,20,0,21,20,38,29,18,0,12,12,18,7,2
2021,3,A,골목상권,2110666,KC대학교,257,131,126,0,26,51,66,72,42,0,16,23,31,26,35,0,10,28,35,46,7
2021,3,A,골목상권,2110665,곰달래도서관,469,285,184,0,36,92,123,138,80,0,25,60,79,74,47,0,11,32,44,64,33
2021,3,A,골목상권,2110664,강서구청옆,111,48,63,0,14,10,31,43,13,0,11,7,10,9,11,0,3,3,21,34,2
2021,3,A,골목상권,2110663,우장산롯데캐슬아파트앞,316,232,84,0,7,25,59,116,109,0,3,18,30,84,97,0,4,7,29,32,12
2021,3,A,골목상권,2110662,까치산역 1번,1480,885,595,4,245,501,396,234,100,4,129,301,207,171,73,0,116,200,189,63,27
2021,3,A,골목상권,2110661,강서새말어린이공원,126,48,78,0,3,13,30,38,42,0,2,8,10,9,19,0,1,5,20,29,23
2021,3,A,골목상권,2110660,등촌3동주민센터,4614,2039,2575,10,469,707,766,1291,1371,5,197,427,424,447,539,5,272,280,342,844,832
2021,3,A,골목상권,2110659,화곡역 4번,867,512,355,11,102,182,240,188,144,9,52,115,144,110,82,2,50,67,96,78,62
2021,3,A,골목상권,2110658,화곡초등학교,253,153,100,0,21,55,62,69,46,0,10,35,36,44,28,0,11,20,26,25,18
2021,3,A,골목상권,2110657,양천향교역 5번,3180,2118,1062,12,334,603,741,695,795,8,191,396,493,385,645,4,143,207,248,310,150
2021,3,A,골목상권,2110656,까치산역 3번,838,498,340,13,89,209,253,192,82,12,52,128,154,93,59,1,37,81,99,99,23
2021,3,A,골목상권,2110655,발산역 5번,587,355,232,0,97,156,147,112,75,0,29,94,98,76,58,0,68,62,49,36,17
2021,3,A,골목상권,2110654,까치산역 4번,1021,686,335,2,68,147,249,380,175,1,38,81,139,281,146,1,30,66,110,99,29
2021,3,A,골목상권,2110653,화곡역 2번,910,490,420,1,191,271,239,169,39,0,79,136,119,134,22,1,112,135,120,35,17
2021,3,A,골목상권,2110652,양천향교역 2번,643,483,160,0,70,131,146,169,127,0,32,102,104,139,106,0,38,29,42,30,21
2021,3,A,골목상권,2110651,화원중학교,377,214,163,2,29,50,102,105,89,1,19,31,68,52,43,1,10,19,34,53,46
2021,3,A,골목상권,2110650,우장산힐스테이트,146,118,28,0,24,30,52,21,19,0,15,25,43,18,17,0,9,5,9,3,2
2021,3,A,골목상권,2110649,우장산역 1번,366,197,169,0,41,92,83,98,52,0,12,49,39,63,34,0,29,43,44,35,18
2021,3,A,골목상권,2110648,양천향교역 7번,13,5,8,0,1,7,1,3,1,0,0,3,1,1,0,0,1,4,0,2,1
2021,3,A,골목상권,2110647,화곡역 5번,890,459,431,2,116,227,219,230,96,1,44,137,110,116,51,1,72,90,109,114,45
2021,3,A,골목상권,2110646,푸른들청소년도서관,782,401,381,1,93,124,208,189,167,1,27,53,103,100,117,0,66,71,105,89,50
2021,3,A,골목상권,2110645,우장산역 4번,794,391,403,0,64,125,239,221,145,0,33,65,87,90,116,0,31,60,152,131,29
2021,3,A,골목상권,2110644,신광명마을,333,288,45,1,24,22,60,107,119,1,7,13,52,100,115,0,17,9,8,7,4
2021,3,A,골목상권,2110643,강서구다솔마을,653,413,240,1,97,165,199,139,52,0,47,101,136,93,36,1,50,64,63,46,16
2021,3,A,골목상권,2110642,정곡초등학교,193,163,30,2,8,14,35,69,65,1,4,10,30,58,60,1,4,4,5,11,5
2021,3,A,골목상권,2110641,공항고등학교,345,236,109,2,46,95,100,79,23,1,30,72,61,52,20,1,16,23,39,27,3
2021,3,A,골목상권,2110640,방화역 1번,1019,638,381,3,139,292,240,195,150,3,62,119,167,158,129,0,77,173,73,37,21
2021,3,A,골목상권,2110639,신방화역 8번,523,369,154,1,74,61,88,153,146,1,17,22,51,139,139,0,57,39,37,14,7
2021,3,A,골목상권,2110638,신방화역 2번,372,202,170,3,53,75,88,87,66,3,22,40,44,43,50,0,31,35,44,44,16
2021,3,A,골목상권,2110637,송정역 2번,540,357,183,4,62,117,114,147,96,0,34,74,81,100,68,4,28,43,33,47,28
2021,3,A,골목상권,2110636,방화역 2번,152,76,76,1,25,49,41,21,15,0,9,26,27,4,10,1,16,23,14,17,5
2021,3,A,골목상권,2110635,공항시장역 3번,1482,399,1083,4,71,92,165,488,662,1,44,62,64,34,194,3,27,30,101,454,468
2021,3,A,골목상권,2110634,송정역 3번,664,434,230,0,64,143,178,145,134,0,33,90,116,101,94,0,31,53,62,44,40
2021,3,A,골목상권,2110633,개화산역 1번,115,89,26,2,29,34,27,15,8,2,28,22,19,10,8,0,1,12,8,5,0
2021,3,A,골목상권,2110632,방화역 3번,1075,887,188,2,42,127,400,334,170,1,21,90,353,281,141,1,21,37,47,53,29
2021,3,A,골목상권,2110631,방화초등학교,359,177,182,2,35,71,73,103,75,2,21,42,39,38,35,0,14,29,34,65,40
2021,3,A,골목상권,2110630,공항시장역 1번,1472,1008,464,0,157,294,298,328,395,0,67,180,202,240,319,0,90,114,96,88,76
2021,3,A,골목상권,2110629,송정역 4번,190,107,83,0,26,52,54,35,23,0,9,34,28,24,12,0,17,18,26,11,11
2021,3,A,골목상권,2110628,신목동역,496,319,177,0,58,88,124,120,106,0,30,58,82,89,60,0,28,30,42,31,46
2021,3,A,골목상권,2110627,신정롯데캐슬아파트,512,310,202,24,127,127,89,83,62,13,69,79,57,49,43,11,58,48,32,34,19
2021,3,A,골목상권,2110626,양화초등학교,652,271,381,1,127,138,149,147,90,0,37,57,76,63,38,1,90,81,73,84,52
2021,3,A,골목상권,2110625,신정2동주민센터,726,454,272,2,98,196,215,155,60,0,51,124,146,94,39,2,47,72,69,61,21
2021,3,A,골목상권,2110624,목동문화체육센터,382,234,148,0,93,118,75,65,31,0,40,79,46,50,19,0,53,39,29,15,12
2021,3,A,골목상권,2110623,갈산공원,118,94,24,0,27,32,24,27,8,0,23,26,21,19,5,0,4,6,3,8,3
2021,3,A,골목상권,2110622,달마을공원,458,261,197,0,58,90,102,138,70,0,26,47,63,65,60,0,32,43,39,73,10
2021,3,A,골목상권,2110621,목동역 5번,111,57,54,0,9,22,22,38,20,0,0,12,13,19,13,0,9,10,9,19,7
2021,3,A,골목상권,2110620,목동보건지소,451,235,216,4,51,81,102,125,88,4,20,45,47,65,54,0,31,36,55,60,34
2021,3,A,골목상권,2110619,목4동주민센터,311,203,108,1,51,87,89,64,19,1,16,52,58,57,19,0,35,35,31,7,0
2021,3,A,골목상권,2110618,강서고등학교,193,135,58,0,19,38,52,52,32,0,10,29,36,34,26,0,9,9,16,18,6
2021,3,A,골목상권,2110617,등촌역 4번,274,192,82,0,47,75,77,51,24,0,37,55,51,33,16,0,10,20,26,18,8
2021,3,A,골목상권,2110616,양목초등학교,161,103,58,0,3,23,19,40,76,0,2,18,14,32,37,0,1,5,5,8,39
2021,3,A,골목상권,2110615,신서초등학교,87,63,24,0,20,21,27,13,6,0,14,18,18,8,5,0,6,3,9,5,1
2021,3,A,골목상권,2110614,목동로데오거리,596,292,304,0,69,85,114,216,112,0,42,44,58,103,45,0,27,41,56,113,67
2021,3,A,골목상권,2110613,신정네거리역 4번,80,20,60,0,8,25,24,19,4,0,2,6,7,4,1,0,6,19,17,15,3
2021,3,A,골목상권,2110612,신정역 5번,644,303,341,1,85,88,143,197,130,0,44,62,74,70,53,1,41,26,69,127,77
2021,3,A,골목상권,2110611,신정역 1번,316,212,104,2,35,61,100,82,36,2,21,44,61,52,32,0,14,17,39,30,4
2021,3,A,골목상권,2110610,계남근린공원,126,85,41,0,5,11,41,44,25,0,3,6,28,35,13,0,2,5,13,9,12
2021,3,A,골목상권,2110609,신정네거리역 2번,1377,1358,19,0,14,15,52,171,1125,0,10,11,45,168,1124,0,4,4,7,3,1
2021,3,A,골목상권,2110608,신월2동주민센터,873,453,420,1,51,116,229,271,205,1,23,69,118,125,117,0,28,47,111,146,88
2021,3,A,골목상권,2110607,금빛새마을금고본점,53,31,22,0,2,10,11,19,11,0,1,4,5,12,9,0,1,6,6,7,2
2021,3,A,골목상권,2110606,신한은행 신월동지점,521,288,233,1,49,80,143,144,104,1,26,42,76,66,77,0,23,38,67,78,27
2021,3,A,골목상권,2110605,목동센트럴아이파크앞,155,89,66,0,15,22,26,47,45,0,5,15,11,27,31,0,10,7,15,20,14
2021,3,A,골목상권,2110604,신월4동주민센터,637,528,109,0,13,50,120,234,220,0,6,29,87,193,213,0,7,21,33,41,7
2021,3,A,골목상권,2110603,지향초등학교,205,119,86,0,13,56,60,44,32,0,5,30,37,25,22,0,8,26,23,19,10
2021,3,A,골목상권,2110602,신월시영아파트중문,644,574,70,1,7,22,68,238,308,0,4,13,52,214,291,1,3,9,16,24,17
2021,3,A,골목상권,2110601,신월1동우편취급국,1200,814,386,3,116,180,274,437,190,1,61,115,183,309,145,2,55,65,91,128,45
2021,3,A,골목상권,2110600,신월7동주민센터,350,263,87,0,32,30,66,101,121,0,17,14,38,79,115,0,15,16,28,22,6
2021,3,A,골목상권,2110599,신월1파출소,378,268,110,3,50,89,94,93,49,2,34,68,63,65,36,1,16,21,31,28,13
2021,3,A,골목상권,2110598,신월문화체육센터,428,195,233,0,21,58,112,150,87,0,5,28,45,66,51,0,16,30,67,84,36
2021,3,A,골목상권,2110597,신월1동주민센터,517,302,215,0,30,68,111,150,158,0,14,36,54,84,114,0,16,32,57,66,44
2021,3,A,골목상권,2110596,서서울호수공원,417,272,145,2,48,90,107,113,57,0,28,56,74,71,43,2,20,34,33,42,14
2021,3,A,골목상권,2110595,메디힐병원,731,459,272,0,80,148,163,185,155,0,34,85,86,136,118,0,46,63,77,49,37
2021,3,A,골목상권,2110594,신월중학교,453,225,228,0,54,166,104,96,33,0,14,66,56,59,30,0,40,100,48,37,3
2021,3,A,골목상권,2110593,신월3동주민센터,304,157,147,0,38,65,76,87,38,0,12,32,45,44,24,0,26,33,31,43,14
2021,3,A,골목상권,2110592,서울금융고등학교,449,344,105,0,19,35,74,156,165,0,9,13,45,128,149,0,10,22,29,28,16
2021,3,A,골목상권,2110591,충정로역 6번,627,422,205,0,99,158,178,126,66,0,55,103,135,92,37,0,44,55,43,34,29
2021,3,A,골목상권,2110590,만리재,97,50,47,0,19,23,23,25,7,0,6,12,11,16,5,0,13,11,12,9,2
2021,3,A,골목상권,2110589,애오개역 3번,58,14,44,0,4,8,19,13,14,0,0,1,5,6,2,0,4,7,14,7,12
2021,3,A,골목상권,2110588,한겨레신문사,169,92,77,0,34,44,41,33,17,0,14,22,20,21,15,0,20,22,21,12,2
2021,3,A,골목상권,2110587,공덕동주민센터,238,121,117,1,36,43,69,53,36,1,15,25,41,23,16,0,21,18,28,30,20
2021,3,A,골목상권,2110586,서울서부지방법원,1461,863,598,2,376,402,333,188,160,1,231,267,164,98,102,1,145,135,169,90,58
2021,3,A,골목상권,2110585,마포경찰서,918,790,128,0,192,360,176,181,9,0,150,313,153,166,8,0,42,47,23,15,1
2021,3,A,골목상권,2110584,아현역 4번,49,13,36,0,4,7,14,13,11,0,0,0,2,5,6,0,4,7,12,8,5
2021,3,A,골목상권,2110583,공덕래미안3차아파트,316,164,152,0,44,98,102,57,15,0,7,54,60,35,8,0,37,44,42,22,7
2021,3,A,골목상권,2110582,이대역 5번,59,19,40,0,6,11,16,16,10,0,0,4,4,6,5,0,6,7,12,10,5
2021,3,A,골목상권,2110581,염리초등학교,16,11,5,0,0,0,2,6,8,0,0,0,2,3,6,0,0,0,0,3,2
2021,3,A,골목상권,2110580,양원초등학교,78,20,58,0,3,6,16,25,28,0,0,1,3,11,5,0,3,5,13,14,23
2021,3,A,골목상권,2110579,마포역 4번,758,561,197,2,62,160,253,214,67,1,37,123,190,160,50,1,25,37,63,54,17
2021,3,A,골목상권,2110578,대흥역 2번,2091,1413,678,2,213,337,391,638,510,1,80,225,309,452,346,1,133,112,82,186,164
2021,3,A,골목상권,2110577,용강동주민센터,145,105,40,0,15,42,47,31,10,0,12,31,38,17,7,0,3,11,9,14,3
2021,3,A,골목상권,2110576,대흥역 3번,1605,1112,493,71,503,480,308,163,80,27,310,365,253,111,46,44,193,115,55,52,34
2021,3,A,골목상권,2110575,대흥동주민센터,206,156,50,2,25,47,36,48,48,2,11,35,25,40,43,0,14,12,11,8,5
2021,3,A,골목상권,2110574,서강대학교,173,123,50,0,35,41,49,38,10,0,17,30,41,30,5,0,18,11,8,8,5
2021,3,A,골목상권,2110573,신촌역 6번,33,14,19,0,7,4,6,8,8,0,2,0,3,3,6,0,5,4,3,5,2
2021,3,A,골목상권,2110572,서강대역 1번,470,254,216,1,63,130,117,116,43,1,32,67,58,66,30,0,31,63,59,50,13
2021,3,A,골목상권,2110571,신수동주민센터,635,358,277,5,109,159,187,126,49,5,57,88,98,74,36,0,52,71,89,52,13
2021,3,A,골목상권,2110570,KB국민은행 서강지점,61,39,22,0,4,22,18,12,5,0,4,13,10,7,5,0,0,9,8,5,0
2021,3,A,골목상권,2110569,홍대땡땡거리,358,153,205,2,62,108,97,53,36,1,18,48,46,19,21,1,44,60,51,34,15
2021,3,A,골목상권,2110568,광흥창역 1번,67,32,35,0,12,21,14,15,5,0,4,10,6,9,3,0,8,11,8,6,2
2021,3,A,골목상권,2110567,광흥창역 6번,91,61,30,0,16,26,27,12,10,0,8,20,13,11,9,0,8,6,14,1,1
2021,3,A,골목상권,2110566,경의선책거리,1690,934,756,2,359,547,406,290,86,1,137,328,252,157,59,1,222,219,154,133,27
2021,3,A,골목상권,2110565,홍익대,107,64,43,0,16,32,34,19,6,0,8,15,23,13,5,0,8,17,11,6,1
2021,3,A,골목상권,2110564,홍대입구역 3번,471,211,260,0,54,125,161,78,53,0,19,47,103,22,20,0,35,78,58,56,33
2021,3,A,골목상권,2110563,상수역 3번,355,274,81,12,83,130,78,23,29,10,63,101,61,16,23,2,20,29,17,7,6
2021,3,A,골목상권,2110562,연트럴파크(연남동주민센터),426,237,189,1,73,118,96,94,44,1,29,76,55,44,32,0,44,42,41,50,12
2021,3,A,골목상권,2110561,상수역 4번,395,247,148,4,59,102,94,89,47,2,21,56,64,68,36,2,38,46,30,21,11
2021,3,A,골목상권,2110560,마포FM,292,140,152,0,26,64,87,77,38,0,10,26,40,36,28,0,16,38,47,41,10
2021,3,A,골목상권,2110559,성산중학교,757,474,283,4,102,187,203,167,94,3,54,102,127,118,70,1,48,85,76,49,24
2021,3,A,골목상권,2110558,경성고등학교,2338,1579,759,11,302,556,565,513,391,10,149,343,406,384,287,1,153,213,159,129,104
2021,3,A,골목상권,2110557,홍대부속여중고앞,760,465,295,1,100,188,196,149,126,1,37,110,137,95,85,0,63,78,59,54,41
2021,3,A,골목상권,2110556,절두산순교성지,176,112,64,3,17,42,58,39,17,3,8,27,39,24,11,0,9,15,19,15,6
2021,3,A,골목상권,2110555,홍익지구대,335,161,174,1,58,69,68,50,89,0,16,32,34,21,58,1,42,37,34,29,31
2021,3,A,골목상권,2110554,망원역 1번,1499,727,772,2,210,352,484,333,118,2,105,174,225,147,74,0,105,178,259,186,44
2021,3,A,골목상권,2110553,가좌역 2번,257,150,107,0,23,42,73,79,40,0,14,23,39,41,33,0,9,19,34,38,7
2021,3,A,골목상권,2110552,성미산체육관,646,469,177,1,110,162,148,159,66,0,72,121,99,129,48,1,38,41,49,30,18
2021,3,A,골목상권,2110551,성서초등학교,803,387,416,1,110,164,235,172,121,1,42,90,114,81,59,0,68,74,121,91,62
2021,3,A,골목상권,2110550,합정역 8번,1578,740,838,1,240,411,414,333,179,0,84,165,221,171,99,1,156,246,193,162,80
2021,3,A,골목상권,2110549,새터산,283,137,146,1,48,61,76,46,51,1,18,31,43,16,28,0,30,30,33,30,23
2021,3,A,골목상권,2110548,마포구청역 4번,795,475,320,5,130,185,210,136,129,3,57,95,122,89,109,2,73,90,88,47,20
2021,3,A,골목상권,2110547,KB국민은행 망원동지점,284,168,116,0,13,47,93,76,55,0,4,25,55,45,39,0,9,22,38,31,16
2021,3,A,골목상권,2110546,양화대교북단,684,408,276,3,185,240,142,68,46,3,79,121,109,55,41,0,106,119,33,13,5
2021,3,A,골목상권,2110545,마포구청역 1번,880,496,384,1,74,169,241,262,133,1,30,100,116,154,95,0,44,69,125,108,38
2021,3,A,골목상권,2110544,망리단길,1203,718,485,1,179,248,331,253,191,1,107,153,171,147,139,0,72,95,160,106,52
2021,3,A,골목상권,2110543,중암중학교,38,25,13,0,6,8,14,7,3,0,3,5,8,6,3,0,3,3,6,1,0
2021,3,A,골목상권,2110542,마포구청역 7번,4013,2450,1563,16,528,715,782,1306,666,9,298,578,607,588,370,7,230,137,175,718,296
2021,3,A,골목상권,2110541,동교초등학교,377,221,156,0,43,59,101,96,78,0,23,37,63,50,48,0,20,22,38,46,30
2021,3,A,골목상권,2110540,망원나들목체육관,288,154,134,0,45,74,85,62,22,0,24,38,42,36,14,0,21,36,43,26,8
2021,3,A,골목상권,2110539,미근동,2792,1821,971,13,225,688,889,822,155,9,167,550,547,424,124,4,58,138,342,398,31
2021,3,A,골목상권,2110538,충정로역 3번,284,178,106,0,12,42,56,66,108,0,5,27,35,42,69,0,7,15,21,24,39
2021,3,A,골목상권,2110537,충정로현대아파트,1514,848,666,1,362,525,328,177,121,0,150,263,215,134,86,1,212,262,113,43,35
2021,3,A,골목상권,2110536,돈의문센트레빌아파트입구,141,105,36,0,12,23,61,32,13,0,7,17,50,21,10,0,5,6,11,11,3
2021,3,A,골목상권,2110535,영천시장입구,797,440,357,2,77,119,179,281,139,2,36,62,110,152,78,0,41,57,69,129,61
2021,3,A,골목상권,2110534,경기대학교,134,67,67,0,9,25,23,33,44,0,6,16,10,11,24,0,3,9,13,22,20
2021,3,A,골목상권,2110533,충정로역 7번,22,11,11,0,5,5,3,5,4,0,0,2,2,4,3,0,5,3,1,1,1
2021,3,A,골목상권,2110532,아현역 2번,330,205,125,0,52,33,48,78,119,0,17,13,23,57,95,0,35,20,25,21,24
2021,3,A,골목상권,2110531,홍지문,141,61,80,0,16,26,24,56,19,0,13,19,13,9,7,0,3,7,11,47,12
2021,3,A,골목상권,2110530,아현역 1번,36,20,16,0,5,5,7,15,4,0,2,5,4,6,3,0,3,0,3,9,1
2021,3,A,골목상권,2110529,홍제3동주민센터,136,67,69,0,14,22,30,27,43,0,2,6,11,16,32,0,12,16,19,11,11
2021,3,A,골목상권,2110528,서울여자간호대학교,309,149,160,0,11,22,32,69,175,0,10,12,16,22,89,0,1,10,16,47,86
2021,3,A,골목상권,2110527,홍제역 2번,177,83,94,1,35,39,35,38,29,1,11,26,14,19,12,0,24,13,21,19,17
2021,3,A,골목상권,2110526,봉원사,241,122,119,1,21,43,58,58,60,1,8,22,26,28,37,0,13,21,32,30,23
2021,3,A,골목상권,2110525,홍은종합사회복지관,61,17,44,0,10,12,15,10,14,0,1,3,0,4,9,0,9,9,15,6,5
2021,3,A,골목상권,2110524,연희세브란스병원,55,23,32,0,10,13,15,10,7,0,5,6,6,3,3,0,5,7,9,7,4
2021,3,A,골목상권,2110523,홍제성원아파트,25,11,14,0,0,6,7,7,5,0,0,1,3,5,2,0,0,5,4,2,3
2021,3,A,골목상권,2110522,홍제역 3번,8,3,5,0,3,0,1,1,3,0,0,0,0,1,2,0,3,0,1,0,1
2021,3,A,골목상권,2110521,홍제역 4번,63,36,27,0,4,7,19,17,16,0,0,4,10,9,13,0,4,3,9,8,3
2021,3,A,골목상권,2110520,경의중앙 신촌역,78,38,40,0,22,12,27,10,7,0,5,5,13,9,6,0,17,7,14,1,1
2021,3,A,골목상권,2110519,서대문구보건소별관,470,175,295,0,58,96,113,139,64,0,15,37,46,42,35,0,43,59,67,97,29
2021,3,A,골목상권,2110518,서대문구청,117,70,47,0,19,39,29,18,12,0,6,19,22,12,11,0,13,20,7,6,1
2021,3,A,골목상권,2110517,서대문소방서,1051,692,359,8,225,280,242,207,89,5,104,187,179,161,56,3,121,93,63,46,33
2021,3,A,골목상권,2110516,정원여중,114,85,29,0,24,19,35,22,14,0,17,14,26,19,9,0,7,5,9,3,5
2021,3,A,골목상권,2110515,홍은중학교,399,312,87,1,46,119,119,68,46,1,33,93,94,52,39,0,13,26,25,16,7
2021,3,A,골목상권,2110514,서대문우체국,86,19,67,0,26,26,17,9,8,0,0,4,7,4,4,0,26,22,10,5,4
2021,3,A,골목상권,2110513,연희파출소,457,241,216,0,51,87,110,130,79,0,17,46,58,69,51,0,34,41,52,61,28
2021,3,A,골목상권,2110512,연희지하차도,357,183,174,0,44,70,106,104,33,0,17,46,47,52,21,0,27,24,59,52,12
2021,3,A,골목상권,2110511,연희초등학교,3766,3317,449,2,465,768,660,1520,351,1,363,658,539,1427,329,1,102,110,121,93,22
2021,3,A,골목상권,2110510,홍연시장,99,59,40,0,8,14,35,26,16,0,4,6,23,14,12,0,4,8,12,12,4
2021,3,A,골목상권,2110509,연희대우아파트앞,691,333,358,0,73,177,151,193,97,0,29,73,77,101,53,0,44,104,74,92,44
2021,3,A,골목상권,2110508,서연중학교,1028,470,558,9,149,249,175,268,178,3,66,152,81,93,75,6,83,97,94,175,103
2021,3,A,골목상권,2110507,명지대학교,1537,1156,381,29,392,636,318,129,33,26,257,481,282,83,27,3,135,155,36,46,6
2021,3,A,골목상권,2110506,연희임광아파트,110,66,44,0,5,12,39,29,25,0,1,8,20,19,18,0,4,4,19,10,7
2021,3,A,골목상권,2110505,홍남교남측,14,9,5,0,1,0,3,7,3,0,0,0,2,5,2,0,1,0,1,2,1
2021,3,A,골목상권,2110504,명지전문대,139,35,104,0,8,17,27,38,49,0,3,4,6,11,11,0,5,13,21,27,38
2021,3,A,골목상권,2110503,명지대학교교회,230,123,107,0,27,52,59,64,28,0,9,30,26,36,22,0,18,22,33,28,6
2021,3,A,골목상권,2110502,남가좌파출소,290,147,143,0,29,34,73,92,62,0,14,16,35,47,35,0,15,18,38,45,27
2021,3,A,골목상권,2110501,연희어린이공원,214,82,132,0,12,33,40,75,54,0,3,20,15,18,26,0,9,13,25,57,28
2021,3,A,골목상권,2110500,남가좌동현대아파트,74,54,20,0,12,13,23,22,4,0,8,9,17,17,3,0,4,4,6,5,1
2021,3,A,골목상권,2110499,연가초등학교,282,123,159,0,44,47,83,67,41,0,8,22,32,35,26,0,36,25,51,32,15
2021,3,A,골목상권,2110498,증산역 1번,222,102,120,0,15,32,75,68,32,0,7,9,31,32,23,0,8,23,44,36,9
2021,3,A,골목상권,2110497,가좌역 3번,299,247,52,0,13,33,86,117,50,0,3,16,74,113,41,0,10,17,12,4,9
2021,3,A,골목상권,2110496,모래내우체국,611,333,278,2,88,190,160,89,82,2,20,100,117,42,52,0,68,90,43,47,30
2021,3,A,골목상권,2110495,북가좌2동주민센터,501,372,129,0,28,67,125,185,96,0,11,45,88,152,76,0,17,22,37,33,20
2021,3,A,골목상권,2110494,증산3교남측,31,24,7,0,1,8,7,9,6,0,0,7,5,7,5,0,1,1,2,2,1
2021,3,A,골목상권,2110493,북가좌초등학교,892,830,62,0,2,19,27,80,764,0,0,12,22,68,728,0,2,7,5,12,36
2021,3,A,골목상권,2110492,하나고등학교,247,43,204,1,6,15,13,98,114,0,1,8,7,10,17,1,5,7,6,88,97
2021,3,A,골목상권,2110491,불광중학교,195,90,105,0,13,35,71,56,20,0,8,20,32,18,12,0,5,15,39,38,8
2021,3,A,골목상권,2110490,녹번동근린공원,307,166,141,0,30,64,85,76,52,0,11,30,47,45,33,0,19,34,38,31,19
2021,3,A,골목상권,2110489,불광역 3번,35,25,10,0,3,7,10,10,5,0,3,4,7,6,5,0,0,3,3,4,0
2021,3,A,골목상권,2110488,우리은행응암동지점,171,103,68,1,14,24,41,36,55,0,8,16,19,15,45,1,6,8,22,21,10
2021,3,A,골목상권,2110487,불광역 8번,63,35,28,0,11,22,15,8,7,0,6,11,7,8,3,0,5,11,8,0,4
2021,3,A,골목상권,2110486,은평구청,629,292,337,0,86,110,146,178,109,0,55,72,56,64,45,0,31,38,90,114,64
2021,3,A,골목상권,2110485,연신내우체국,1259,678,581,0,7,24,35,160,1033,0,4,5,15,70,584,0,3,19,20,90,449
2021,3,A,골목상권,2110484,역촌역 3번,500,203,297,6,62,136,132,103,61,5,34,48,43,35,38,1,28,88,89,68,23
2021,3,A,골목상권,2110483,연천초등학교,147,90,57,0,13,21,45,22,46,0,5,11,31,13,30,0,8,10,14,9,16
2021,3,A,골목상권,2110482,연신초등학교,45,19,26,0,2,5,16,19,3,0,0,0,6,11,2,0,2,5,10,8,1
2021,3,A,골목상권,2110481,불광역 7번,193,86,107,0,13,43,41,57,39,0,2,22,11,24,27,0,11,21,30,33,12
2021,3,A,골목상권,2110480,연신내역 3번,117,34,83,0,7,27,37,29,17,0,0,7,12,9,6,0,7,20,25,20,11
2021,3,A,골목상권,2110479,연신내역 2번,304,177,127,1,50,83,64,66,40,0,28,71,33,32,13,1,22,12,31,34,27
2021,3,A,골목상권,2110478,응암1동주민센터,359,221,138,2,26,39,56,58,178,2,16,23,28,33,119,0,10,16,28,25,59
2021,3,A,골목상권,2110477,은평세무서,434,205,229,0,43,62,106,141,82,0,15,23,49,71,47,0,28,39,57,70,35
2021,3,A,골목상권,2110476,역촌역 2번,56,26,30,0,2,8,22,17,7,0,1,3,9,7,6,0,1,5,13,10,1
2021,3,A,골목상권,2110475,백련산해모로아파트,241,126,115,1,23,42,76,68,31,1,10,24,44,28,19,0,13,18,32,40,12
2021,3,A,골목상권,2110474,세명컴퓨터고등학교,196,68,128,0,12,41,40,59,44,0,3,19,15,11,20,0,9,22,25,48,24
2021,3,A,골목상권,2110473,구산역 1번,436,241,195,0,34,59,113,107,123,0,24,27,53,49,88,0,10,32,60,58,35
2021,3,A,골목상권,2110472,연신내역 4번,336,156,180,2,52,77,80,68,57,1,16,43,30,37,29,1,36,34,50,31,28
2021,3,A,골목상권,2110471,응암동우체국,258,110,148,0,33,58,70,72,25,0,10,17,25,36,22,0,23,41,45,36,3
2021,3,A,골목상권,2110470,신진과학기술고등학교,127,78,49,0,30,22,40,25,10,0,12,11,31,19,5,0,18,11,9,6,5
2021,3,A,골목상권,2110469,응암정보도서관,340,184,156,1,38,58,102,103,38,0,11,29,59,56,29,1,27,29,43,47,9
2021,3,A,골목상권,2110468,응암역 3번,1129,494,635,2,141,256,316,256,158,0,44,114,140,109,87,2,97,142,176,147,71
2021,3,A,골목상권,2110467,은평요양병원,487,284,203,3,90,154,110,68,62,2,46,100,61,37,38,1,44,54,49,31,24
2021,3,A,골목상권,2110466,구산역 2번,87,46,41,0,12,17,26,24,8,0,4,5,16,15,6,0,8,12,10,9,2
2021,3,A,골목상권,2110465,연신내역 7번,229,110,119,3,36,48,55,52,35,2,11,25,24,23,25,1,25,23,31,29,10
2021,3,A,골목상권,2110464,연신내역 5번,301,170,131,4,32,53,93,85,34,4,18,28,44,49,27,0,14,25,49,36,7
2021,3,A,골목상권,2110463,응암3동주민센터,123,54,69,0,7,23,36,26,31,0,3,6,14,11,20,0,4,17,22,15,11
2021,3,A,골목상권,2110462,갈현건영아파트,354,220,134,1,41,64,104,81,63,1,23,38,61,50,47,0,18,26,43,31,16
2021,3,A,골목상권,2110461,새절역 2번,39,21,18,0,2,8,11,10,8,0,2,2,6,6,5,0,0,6,5,4,3
2021,3,A,골목상권,2110460,구산역 4번,969,582,387,0,57,184,248,234,246,0,18,124,133,121,186,0,39,60,115,113,60
2021,3,A,골목상권,2110459,응암역 2번,547,198,349,1,50,105,159,154,78,0,9,38,77,41,33,1,41,67,82,113,45
2021,3,A,골목상권,2110458,선일여고,404,211,193,1,34,87,96,122,64,0,19,52,49,54,37,1,15,35,47,68,27
2021,3,A,골목상권,2110457,예일여고,484,284,200,1,60,89,88,132,114,0,27,47,47,71,92,1,33,42,41,61,22
2021,3,A,골목상권,2110456,구산보건지소,966,543,423,3,284,226,177,146,130,1,123,112,94,96,117,2,161,114,83,50,13
2021,3,A,골목상권,2110455,역촌노인복지관,678,360,318,2,69,118,187,198,104,0,34,63,89,105,69,2,35,55,98,93,35
2021,3,A,골목상권,2110454,선정중학교,481,268,213,3,56,71,142,108,101,2,42,35,53,66,70,1,14,36,89,42,31
2021,3,A,골목상권,2110453,신사1동주민센터,515,288,227,0,43,81,121,155,115,0,20,25,65,85,93,0,23,56,56,70,22
2021,3,A,골목상권,2110452,새절역 3번,420,347,73,1,17,47,78,132,145,1,11,29,58,113,135,0,6,18,20,19,10
2021,3,A,골목상권,2110451,증산역 4번,1296,986,310,2,153,384,374,298,85,2,78,294,312,235,65,0,75,90,62,63,20
2021,3,A,골목상권,2110450,시립서북병원,1576,644,932,4,301,361,344,339,227,2,124,172,146,108,92,2,177,189,198,231,135
2021,3,A,골목상권,2110449,증산역 3번,717,414,303,0,105,161,186,149,116,0,47,98,99,85,85,0,58,63,87,64,31
2021,3,A,골목상권,2110448,상신초등학교입구,120,76,44,1,20,27,26,26,20,1,17,17,12,14,15,0,3,10,14,12,5
2021,3,A,골목상권,2110447,구산초등학교,12,7,5,0,2,2,3,1,4,0,1,2,1,1,2,0,1,0,2,0,2
2021,3,A,골목상권,2110446,내를건너서숲으로도서관,375,294,81,0,65,88,84,69,69,0,61,77,55,44,57,0,4,11,29,25,12
2021,3,A,골목상권,2110445,덕산중학교,61,45,16,0,18,14,15,6,8,0,10,9,12,6,8,0,8,5,3,0,0
2021,3,A,골목상권,2110444,수색성당,170,73,97,0,13,53,46,45,13,0,5,27,13,17,11,0,8,26,33,28,2
2021,3,A,골목상권,2110443,수색역 1번,14,7,7,0,1,1,7,4,1,0,0,1,2,3,1,0,1,0,5,1,0
2021,3,A,골목상권,2110442,화랑대철도공원,76,20,56,0,1,4,14,49,8,0,0,2,4,10,4,0,1,2,10,39,4
2021,3,A,골목상권,2110441,영신여고,172,78,94,0,19,38,41,45,29,0,7,20,16,23,12,0,12,18,25,22,17
2021,3,A,골목상권,2110440,상계3동4동주민센터,49,16,33,0,8,6,15,10,10,0,1,1,4,2,8,0,7,5,11,8,2
2021,3,A,골목상권,2110439,당고개역 5번,63,21,42,0,3,7,6,19,28,0,0,4,2,7,8,0,3,3,4,12,20
2021,3,A,골목상권,2110438,경춘선숲길 우측,230,110,120,0,26,54,83,52,15,0,12,21,38,30,9,0,14,33,45,22,6
2021,3,A,골목상권,2110437,당고개역 2번,116,40,76,0,16,23,25,41,11,0,5,11,9,10,5,0,11,12,16,31,6
2021,3,A,골목상권,2110436,상계제일중학교,93,60,33,0,15,21,33,20,4,0,5,13,23,15,4,0,10,8,10,5,0
2021,3,A,골목상권,2110435,서울과학기술대,73,40,33,0,5,12,18,25,13,0,3,4,8,14,11,0,2,8,10,11,2
2021,3,A,골목상권,2110434,태릉입구역 4번,121,62,59,0,13,11,24,35,38,0,3,2,12,22,23,0,10,9,12,13,15
2021,3,A,골목상권,2110433,공릉역 2번,401,137,264,1,30,41,46,46,237,1,17,30,25,18,46,0,13,11,21,28,191
2021,3,A,골목상권,2110432,대진고등학교,894,734,160,0,55,146,248,343,102,0,27,96,214,311,86,0,28,50,34,32,16
2021,3,A,골목상권,2110431,상계역,124,72,52,1,16,24,28,37,18,0,2,13,17,27,13,1,14,11,11,10,5
2021,3,A,골목상권,2110430,중계초등학교,307,114,193,0,20,36,65,106,80,0,9,11,21,29,44,0,11,25,44,77,36
2021,3,A,골목상권,2110429,공릉동 국수거리,2074,916,1158,3,224,284,511,689,363,1,91,167,248,234,175,2,133,117,263,455,188
2021,3,A,골목상권,2110428,상계5동주민센터,491,217,274,1,43,52,106,158,131,0,14,25,45,70,63,1,29,27,61,88,68
2021,3,A,골목상권,2110427,노원 을지대학교병원,363,281,82,0,27,27,62,126,121,0,12,14,31,109,115,0,15,13,31,17,6
2021,3,A,골목상권,2110426,상계2동주민센터,337,169,168,0,32,57,83,96,69,0,15,30,39,45,40,0,17,27,44,51,29
2021,3,A,골목상권,2110425,계상초등학교,130,54,76,2,18,10,35,38,27,2,5,5,18,14,10,0,13,5,17,24,17
2021,3,A,골목상권,2110424,상계초등학교,388,157,231,2,42,50,96,106,92,2,18,32,32,42,31,0,24,18,64,64,61
2021,3,A,골목상권,2110423,석계역 2번,280,104,176,0,27,29,65,73,86,0,9,15,31,29,20,0,18,14,34,44,66
2021,3,A,골목상권,2110422,노원역 9번,277,221,56,0,27,70,94,54,32,0,24,59,79,37,22,0,3,11,15,17,10
2021,3,A,골목상권,2110421,석계역 1번,249,109,140,0,22,37,78,65,47,0,8,16,31,26,28,0,14,21,47,39,19
2021,3,A,골목상권,2110420,광운대역 1번,814,483,331,7,235,312,188,43,29,0,114,236,92,23,18,7,121,76,96,20,11
2021,3,A,골목상권,2110419,수락산디자인거리,789,536,253,5,96,138,186,200,164,5,51,79,130,146,125,0,45,59,56,54,39
2021,3,A,골목상권,2110418,광운대학교 남단,100,45,55,0,11,17,23,26,23,0,5,5,13,16,6,0,6,12,10,10,17
2021,3,A,골목상권,2110417,월계역 3번,26,14,12,0,11,9,2,4,0,0,4,6,2,2,0,0,7,3,0,2,0
2021,3,A,골목상권,2110416,노원초등학교,468,244,224,4,61,110,118,126,49,2,24,73,58,58,29,2,37,37,60,68,20
2021,3,A,골목상권,2110415,수락산역 4번,635,386,249,5,82,110,155,174,109,5,46,71,85,110,69,0,36,39,70,64,40
2021,3,A,골목상권,2110414,장석교회,61,47,14,0,5,13,15,20,8,0,3,11,11,17,5,0,2,2,4,3,3
2021,3,A,골목상권,2110413,누원고등학교,54,33,21,0,8,11,12,11,12,0,5,8,5,5,10,0,3,3,7,6,2
2021,3,A,골목상권,2110412,창동중학교,25,23,2,0,4,7,3,4,7,0,3,7,3,3,7,0,1,0,0,1,0
2021,3,A,골목상권,2110411,도봉역 3번,413,368,45,1,13,35,58,137,169,0,10,22,45,130,161,1,3,13,13,7,8
2021,3,A,골목상권,2110410,방학역 2번,957,833,124,3,75,187,185,224,283,2,61,162,154,194,260,1,14,25,31,30,23
2021,3,A,골목상권,2110409,창동역 2번,3957,2958,999,1,352,962,964,701,977,0,256,794,803,441,664,1,96,168,161,260,313
2021,3,A,골목상권,2110408,가인초등학교,359,108,251,0,68,70,101,86,34,0,13,24,33,22,16,0,55,46,68,64,18
2021,3,A,골목상권,2110407,도봉역 2번,562,338,224,1,32,77,115,203,134,1,8,41,57,126,105,0,24,36,58,77,29
2021,3,A,골목상권,2110406,도봉산역 1번,659,595,64,0,13,37,147,294,168,0,6,25,133,278,153,0,7,12,14,16,15
2021,3,A,골목상권,2110405,방학역 1번,1123,365,758,3,130,176,308,427,79,3,67,109,82,70,34,0,63,67,226,357,45
2021,3,A,골목상권,2110404,신창초등학교,520,300,220,1,42,96,163,136,82,0,11,57,109,76,47,1,31,39,54,60,35
2021,3,A,골목상권,2110403,방학1동주민센터,316,167,149,1,44,56,63,78,74,1,30,37,36,36,27,0,14,19,27,42,47
2021,3,A,골목상권,2110402,도봉구 정병원,471,221,250,1,85,98,98,106,83,0,24,38,54,59,46,1,61,60,44,47,37
2021,3,A,골목상권,2110401,도봉구민회관,243,65,178,0,29,32,38,87,57,0,4,14,14,22,11,0,25,18,24,65,46
2021,3,A,골목상권,2110400,도봉구보건소,191,111,80,0,20,35,53,51,32,0,9,22,32,26,22,0,11,13,21,25,10
2021,3,A,골목상권,2110399,창2동주민센터,852,519,333,8,114,210,262,189,69,8,71,159,139,94,48,0,43,51,123,95,21
2021,3,A,골목상권,2110398,쌍문2동우체국,474,326,148,0,30,65,96,153,130,0,11,27,50,124,114,0,19,38,46,29,16
2021,3,A,골목상권,2110397,도봉산입구,469,257,212,0,31,56,101,131,150,0,6,34,39,73,105,0,25,22,62,58,45
2021,3,A,골목상권,2110396,쌍문역1번(쌍리단길),259,94,165,2,41,49,52,76,39,0,13,15,22,29,15,2,28,34,30,47,24
2021,3,A,골목상권,2110395,신한은행 방학동지점,163,42,121,0,17,20,44,42,40,0,0,2,11,9,20,0,17,18,33,33,20
2021,3,A,골목상권,2110394,방학중학교,193,116,77,0,15,32,46,48,52,0,8,18,23,29,38,0,7,14,23,19,14
2021,3,A,골목상권,2110393,국민은행방학지점,49,13,36,0,2,10,17,15,5,0,0,0,4,6,3,0,2,10,13,9,2
2021,3,A,골목상권,2110392,발바닥공원,43,17,26,0,2,8,7,10,16,0,0,0,3,3,11,0,2,8,4,7,5
2021,3,A,골목상권,2110391,샘말어린이공원,373,154,219,0,29,54,74,53,163,0,14,28,40,26,46,0,15,26,34,27,117
2021,3,A,골목상권,2110390,방학초등학교,225,105,120,0,18,60,66,58,23,0,7,33,27,27,11,0,11,27,39,31,12
2021,3,A,골목상권,2110389,한일병원,209,120,89,0,23,37,57,53,39,0,10,19,35,30,26,0,13,18,22,23,13
2021,3,A,골목상권,2110388,도봉우체국,35,23,12,0,4,3,10,14,4,0,2,2,7,8,4,0,2,1,3,6,0
2021,3,A,골목상권,2110387,쌍문초등학교,335,185,150,0,38,53,98,88,58,0,13,29,51,47,45,0,25,24,47,41,13
2021,3,A,골목상권,2110386,연산군묘,124,114,10,0,4,3,10,44,63,0,1,3,7,40,63,0,3,0,3,4,0
2021,3,A,골목상권,2110385,효문고등학교,37,22,15,0,3,9,12,4,9,0,2,5,3,4,8,0,1,4,9,0,1
2021,3,A,골목상권,2110384,문이교,248,138,110,0,37,20,50,81,60,0,12,8,21,51,46,0,25,12,29,30,14
2021,3,A,골목상권,2110383,덕성여대시반거리,33,21,12,0,0,3,13,10,7,0,0,2,9,5,5,0,0,1,4,5,2
2021,3,A,골목상권,2110382,솔밭공원역 1번,32,25,7,0,1,9,8,7,7,0,0,5,6,7,7,0,1,4,2,0,0
2021,3,A,골목상권,2110381,번동주공2단지,171,88,83,5,31,28,38,55,14,4,11,14,21,30,8,1,20,14,17,25,6
2021,3,A,골목상권,2110380,강북문화정보도서관,48,15,33,0,12,10,12,10,4,0,0,3,5,4,3,0,12,7,7,6,1
2021,3,A,골목상권,2110379,KT&G 북부지사,12,3,9,1,1,1,3,3,3,0,0,0,1,1,1,1,1,1,2,2,2
2021,3,A,골목상권,2110378,송중동주민센터,23,13,10,0,1,4,6,9,3,0,1,2,2,6,2,0,0,2,4,3,1
2021,3,A,골목상권,2110377,미아사거리역 3번,21,14,7,0,2,2,2,9,6,0,2,2,1,4,5,0,0,0,1,5,1
2021,3,A,골목상권,2110376,수송초등학교,224,142,82,0,26,47,62,60,29,0,12,29,38,41,22,0,14,18,24,19,7
2021,3,A,골목상권,2110375,서울북부고용노동지청,178,99,79,1,23,32,47,52,23,0,18,26,25,19,11,1,5,6,22,33,12
2021,3,A,골목상권,2110374,송중초등학교,491,272,219,5,33,60,145,140,108,5,9,29,73,70,86,0,24,31,72,70,22
2021,3,A,골목상권,2110373,수유역 2번,891,705,186,0,129,255,172,236,99,0,90,208,134,205,68,0,39,47,38,31,31
2021,3,A,골목상권,2110372,강북중학교,188,100,88,0,21,43,50,48,26,0,17,25,18,20,20,0,4,18,32,28,6
2021,3,A,골목상권,2110371,삼양입구사거리,49,23,26,0,2,7,10,19,11,0,0,3,5,10,5,0,2,4,5,9,6
2021,3,A,골목상권,2110370,도봉세무서,367,255,112,0,17,61,76,105,108,0,11,31,42,80,91,0,6,30,34,25,17
2021,3,A,골목상권,2110369,성신여대운정그린캠퍼스,518,214,304,1,49,46,131,131,160,1,10,16,44,53,90,0,39,30,87,78,70
2021,3,A,골목상권,2110368,송천초등학교,196,176,20,0,9,16,36,71,64,0,5,11,32,66,62,0,4,5,4,5,2
2021,3,A,골목상권,2110367,강북구청,1943,976,967,5,195,512,483,522,226,4,64,205,237,340,126,1,131,307,246,182,100
2021,3,A,골목상권,2110366,광산사거리,91,64,27,0,17,20,17,22,15,0,13,13,11,16,11,0,4,7,6,6,4
2021,3,A,골목상권,2110365,미아역 5번,341,83,258,0,17,21,44,63,196,0,5,12,15,17,34,0,12,9,29,46,162
2021,3,A,골목상권,2110364,미아역 8번,146,75,71,0,9,26,51,39,21,0,3,9,25,23,15,0,6,17,26,16,6
2021,3,A,골목상권,2110363,송천동주민센터,19,12,7,0,0,4,3,7,5,0,0,3,1,4,4,0,0,1,2,3,1
2021,3,A,골목상권,2110362,우이천 계성교,205,110,95,1,24,34,61,63,22,0,11,19,28,35,17,1,13,15,33,28,5
2021,3,A,골목상권,2110361,삼양사거리역 1번,101,29,72,0,9,12,19,28,33,0,2,4,3,7,13,0,7,8,16,21,20
2021,3,A,골목상권,2110360,수유초등학교,321,222,99,0,34,61,63,67,96,0,7,43,42,44,86,0,27,18,21,23,10
2021,3,A,골목상권,2110359,수유시장옆,117,67,50,0,12,25,33,36,11,0,3,12,16,29,7,0,9,13,17,7,4
2021,3,A,골목상권,2110358,인수동 우편취급국,558,300,258,0,18,35,68,214,223,0,2,18,24,94,162,0,16,17,44,120,61
2021,3,A,골목상권,2110357,가오리역 1번,725,611,114,0,25,36,171,340,153,0,4,18,146,310,133,0,21,18,25,30,20
2021,3,A,골목상권,2110356,덕수교,228,114,114,0,13,34,55,60,66,0,4,17,22,30,41,0,9,17,33,30,25
2021,3,A,골목상권,2110355,삼양사거리역 2번,306,254,52,0,8,26,44,103,125,0,1,10,31,94,118,0,7,16,13,9,7
2021,3,A,골목상권,2110354,삼각산119안전센터,22,5,17,0,2,3,10,5,2,0,0,0,2,1,2,0,2,3,8,4,0
2021,3,A,골목상권,2110353,수유동우체국,187,91,96,0,4,18,48,60,57,0,1,12,33,27,18,0,3,6,15,33,39
2021,3,A,골목상권,2110352,수유1동주민센터,305,121,184,0,28,55,103,86,33,0,11,24,37,32,17,0,17,31,66,54,16
2021,3,A,골목상권,2110351,수유북부시장옆,214,93,121,0,27,45,51,59,32,0,9,17,20,25,22,0,18,28,31,34,10
2021,3,A,골목상권,2110350,가오리역 2번,148,77,71,0,11,27,37,49,24,0,5,11,18,26,17,0,6,16,19,23,7
2021,3,A,골목상권,2110349,화계역 2번,83,67,16,0,6,4,21,33,19,0,5,3,12,28,19,0,1,1,9,5,0
2021,3,A,골목상권,2110348,강북문화예술회관,343,174,169,0,27,59,108,96,53,0,4,31,63,43,33,0,23,28,45,53,20
2021,3,A,골목상권,2110347,구세군강북종합사회복지관,38,17,21,0,10,7,5,9,7,0,1,5,1,5,5,0,9,2,4,4,2
2021,3,A,골목상권,2110346,4.19민주묘지역 2번,96,48,48,0,12,13,19,19,33,0,3,7,8,7,23,0,9,6,11,12,10
2021,3,A,골목상권,2110345,솔밭공원역 2번,117,48,69,1,14,20,26,38,18,0,3,6,8,18,13,1,11,14,18,20,5
2021,3,A,골목상권,2110344,화계중학교,12,10,2,0,7,1,1,2,1,0,5,1,1,2,1,0,2,0,0,0,0
2021,3,A,골목상권,2110343,무너미어린이공원,100,74,26,0,7,21,28,32,12,0,4,14,22,25,9,0,3,7,6,7,3
2021,3,A,골목상권,2110342,국립재활원,59,44,15,0,5,11,20,15,8,0,3,8,14,13,6,0,2,3,6,2,2
2021,3,A,골목상권,2110341,북한산우이역 2번,492,408,84,0,15,25,80,255,117,0,4,10,52,235,107,0,11,15,28,20,10
2021,3,A,골목상권,2110340,인수중학교,176,99,77,0,24,55,50,29,18,0,8,43,31,7,10,0,16,12,19,22,8
2021,3,A,골목상권,2110339,국립4.19민주묘지,26,10,16,0,2,4,8,7,5,0,0,3,5,0,2,0,2,1,3,7,3
2021,3,A,골목상권,2110338,인수초등학교,190,135,55,0,34,59,43,46,8,0,18,42,33,35,7,0,16,17,10,11,1
2021,3,A,골목상권,2110337,아카데미하우스,512,368,144,6,70,69,94,159,114,6,43,58,60,98,103,0,27,11,34,61,11
2021,3,A,골목상권,2110336,석관고등학교,94,84,10,0,3,17,16,37,21,0,3,15,13,34,19,0,0,2,3,3,2
2021,3,A,골목상권,2110335,석계역 7번,249,172,77,1,19,32,66,64,67,0,13,18,34,45,62,1,6,14,32,19,5
2021,3,A,골목상권,2110334,석관중앙교회,170,105,65,0,21,43,31,41,34,0,8,19,19,29,30,0,13,24,12,12,4
2021,3,A,골목상권,2110333,돌곶이역 5번,988,746,242,0,15,23,38,74,838,0,2,13,20,42,669,0,13,10,18,32,169
2021,3,A,골목상권,2110332,돌곶이역 3번,164,63,101,0,28,29,42,47,18,0,6,18,19,14,6,0,22,11,23,33,12
2021,3,A,골목상권,2110331,돌곶이역 8번,436,292,144,3,54,146,112,76,45,0,17,105,82,53,35,3,37,41,30,23,10
2021,3,A,골목상권,2110330,돌곶이역 1번,220,172,48,0,12,18,33,31,126,0,4,12,20,23,113,0,8,6,13,8,13
2021,3,A,골목상권,2110329,우리은행체육관,53,27,26,1,7,9,12,17,7,1,0,5,5,10,6,0,7,4,7,7,1
2021,3,A,골목상권,2110328,상월곡역 3번,250,157,93,1,41,81,66,39,22,1,26,58,33,24,15,0,15,23,33,15,7
2021,3,A,골목상권,2110327,상월곡역 2번,104,55,49,0,8,15,39,26,16,0,3,6,23,14,9,0,5,9,16,12,7
2021,3,A,골목상권,2110326,장위동성당,84,40,44,0,2,9,16,13,44,0,1,2,6,5,26,0,1,7,10,8,18
2021,3,A,골목상권,2110325,장곡초등학교,62,22,40,0,0,14,22,20,6,0,0,3,8,7,4,0,0,11,14,13,2
2021,3,A,골목상권,2110324,월곡역 4번,99,55,44,0,31,21,19,18,10,0,9,10,13,14,9,0,22,11,6,4,1
2021,3,A,골목상권,2110323,상월곡역 1번,109,30,79,2,25,24,28,18,12,0,4,5,11,5,5,2,21,19,17,13,7
2021,3,A,골목상권,2110322,장위1동주민센터,237,158,79,0,14,15,42,74,92,0,9,11,30,52,56,0,5,4,12,22,36
2021,3,A,골목상권,2110321,동덕여대,43,29,14,0,2,6,17,12,6,0,2,6,9,7,5,0,0,0,8,5,1
2021,3,A,골목상권,2110320,KB국민은행 종암동지점,72,44,28,0,2,11,24,21,14,0,1,5,12,14,12,0,1,6,12,7,2
2021,3,A,골목상권,2110319,종암동주민센터,277,111,166,1,45,49,65,62,55,0,8,19,24,32,28,1,37,30,41,30,27
2021,3,A,골목상권,2110318,KT월곡지사,148,78,70,0,21,29,45,36,17,0,10,19,22,14,13,0,11,10,23,22,4
2021,3,A,골목상권,2110317,종암중학교,412,207,205,0,33,120,153,86,20,0,14,47,78,59,9,0,19,73,75,27,11
2021,3,A,골목상권,2110316,숭곡초등학교,439,217,222,2,68,114,129,88,38,2,19,58,73,42,23,0,49,56,56,46,15
2021,3,A,골목상권,2110315,종암아이파크2차,124,78,46,0,11,17,41,38,17,0,4,9,27,25,13,0,7,8,14,13,4
2021,3,A,골목상권,2110314,종암경찰서,953,701,252,1,127,272,224,287,42,0,72,207,163,231,28,1,55,65,61,56,14
2021,3,A,골목상권,2110313,안암역 3번,2079,1351,728,2,209,555,672,477,164,0,96,312,446,356,141,2,113,243,226,121,23
2021,3,A,골목상권,2110312,안암역 2번,175,96,79,0,18,24,52,54,27,0,9,17,27,27,16,0,9,7,25,27,11
2021,3,A,골목상권,2110311,종암아이파크2차후문,49,21,28,0,3,5,24,7,10,0,2,2,6,4,7,0,1,3,18,3,3
2021,3,A,골목상권,2110310,길음역 10번,45,14,31,0,12,8,5,15,5,0,4,1,2,4,3,0,8,7,3,11,2
2021,3,A,골목상권,2110309,대광초등학교,354,252,102,0,37,57,103,96,61,0,18,39,69,75,51,0,19,18,34,21,10
2021,3,A,골목상권,2110308,길음역 8번,174,85,89,0,17,36,56,41,24,0,8,17,26,20,14,0,9,19,30,21,10
2021,3,A,골목상권,2110307,길음역 7번,158,71,87,0,29,32,52,27,18,0,7,17,23,12,12,0,22,15,29,15,6
2021,3,A,골목상권,2110306,미아초등학교,291,194,97,2,13,46,66,71,93,0,3,25,39,45,82,2,10,21,27,26,11
2021,3,A,골목상권,2110305,보문역 5번,883,661,222,3,165,255,173,133,154,1,99,199,129,103,130,2,66,56,44,30,24
2021,3,A,골목상권,2110304,보문역 4번,248,146,102,0,40,77,61,48,22,0,10,46,35,37,18,0,30,31,26,11,4
2021,3,A,골목상권,2110303,성신여대입구역 1번,138,97,41,1,7,35,44,27,24,0,2,22,28,25,20,1,5,13,16,2,4
2021,3,A,골목상권,2110302,보문역 8번,3818,3195,623,1,369,1436,715,829,468,1,257,1276,659,708,294,0,112,160,56,121,174
2021,3,A,골목상권,2110301,성신여대입구역 7번,484,209,275,1,73,84,96,134,96,0,31,37,39,62,40,1,42,47,57,72,56
2021,3,A,골목상권,2110300,삼선동주민센터,2735,1587,1148,3,248,710,769,844,161,2,97,300,444,629,115,1,151,410,325,215,46
2021,3,A,골목상권,2110299,정릉역 1번,372,241,131,1,33,49,83,95,111,0,9,12,40,74,106,1,24,37,43,21,5
2021,3,A,골목상권,2110298,솔숲어린이공원,77,28,49,0,18,11,24,12,12,0,3,5,7,5,8,0,15,6,17,7,4
2021,3,A,골목상권,2110297,경동고등학교,654,311,343,0,74,123,156,164,137,0,31,65,74,79,62,0,43,58,82,85,75
2021,3,A,골목상권,2110296,성신여대입구역 4번,77,39,38,1,7,12,30,11,16,1,3,7,15,8,5,0,4,5,15,3,11
2021,3,A,골목상권,2110295,정릉우체국,679,248,431,0,166,178,163,119,53,0,36,67,49,52,44,0,130,111,114,67,9
2021,3,A,골목상권,2110294,서경대학교,391,262,129,0,35,30,93,120,113,0,18,14,46,87,97,0,17,16,47,33,16
2021,3,A,골목상권,2110293,삼선중학교,1730,860,870,4,248,467,527,319,165,3,116,277,268,111,85,1,132,190,259,208,80
2021,3,A,골목상권,2110292,정릉역 2번,43,17,26,0,2,7,21,7,6,0,1,5,6,3,2,0,1,2,15,4,4
2021,3,A,골목상권,2110291,한성대입구역 3번,345,174,171,2,27,49,96,92,79,0,14,24,50,52,34,2,13,25,46,40,45
2021,3,A,골목상권,2110290,북한산보국문역 1번,96,78,18,0,2,9,29,37,19,0,1,8,23,30,16,0,1,1,6,7,3
2021,3,A,골목상권,2110289,북한산보국문역 2번,144,105,39,0,9,28,49,32,26,0,6,23,30,24,22,0,3,5,19,8,4
2021,3,A,골목상권,2110288,동구여중,216,139,77,1,19,49,52,55,40,0,9,22,35,40,33,1,10,27,17,15,7
2021,3,A,골목상권,2110287,정릉3동주민센터,70,50,20,0,9,12,18,19,12,0,5,8,15,12,10,0,4,4,3,7,2
2021,3,A,골목상권,2110286,한성대입구역 5번,978,468,510,17,187,284,317,122,51,8,70,126,143,83,38,9,117,158,174,39,13
2021,3,A,골목상권,2110285,홍대부중,814,559,255,9,219,220,210,100,56,6,118,172,163,69,31,3,101,48,47,31,25
2021,3,A,골목상권,2110284,정릉북한산국립공원입구,644,558,86,0,13,85,200,250,96,0,8,69,176,220,85,0,5,16,24,30,11
2021,3,A,골목상권,2110283,성북초등학교앞,203,78,125,0,16,33,56,80,18,0,8,10,23,27,10,0,8,23,33,53,8
2021,3,A,골목상권,2110282,국민대학교앞,1403,1162,241,15,213,430,341,239,165,14,151,387,296,212,102,1,62,43,45,27,63
2021,3,A,골목상권,2110281,길상사,13811,12087,1724,12,1418,3093,4057,4963,268,1,960,2426,3678,4822,200,11,458,667,379,141,68
2021,3,A,골목상권,2110280,북정마을,78,40,38,0,6,12,25,24,11,0,2,4,11,15,8,0,4,8,14,9,3
2021,3,A,골목상권,2110279,신내역 2번,9,8,1,0,0,1,4,4,0,0,0,1,3,4,0,0,0,0,1,0,0
2021,3,A,골목상권,2110278,망우본동주민센터,279,168,111,1,32,46,78,83,39,0,10,25,44,57,32,1,22,21,34,26,7
2021,3,A,골목상권,2110277,러스크서울병원,178,100,78,0,16,32,39,52,39,0,6,15,23,29,27,0,10,17,16,23,12
2021,3,A,골목상권,2110276,신내IC북측,39,25,14,0,1,6,11,12,9,0,0,5,6,9,5,0,1,1,5,3,4
2021,3,A,골목상권,2110275,하나은행 망우동지점,63,33,30,0,4,9,19,16,15,0,3,6,9,5,10,0,1,3,10,11,5
2021,3,A,골목상권,2110274,서일대학교,552,385,167,0,49,66,143,153,141,0,10,43,97,121,114,0,39,23,46,32,27
2021,3,A,골목상권,2110273,장스여성병원,610,446,164,7,31,37,75,209,251,0,4,8,37,168,229,7,27,29,38,41,22
2021,3,A,골목상권,2110272,신내1동주민센터,471,318,153,0,45,69,93,149,115,0,15,35,60,103,105,0,30,34,33,46,10
2021,3,A,골목상권,2110271,신내역 1번,97,74,23,0,8,17,25,29,18,0,5,14,18,23,14,0,3,3,7,6,4
2021,3,A,골목상권,2110270,혜원여고,168,148,20,0,4,5,7,70,82,0,4,3,6,59,76,0,0,2,1,11,6
2021,3,A,골목상권,2110269,용마문화복지센터,169,98,71,0,19,53,52,28,17,0,13,32,30,19,4,0,6,21,22,9,13
2021,3,A,골목상권,2110268,망우3동주민센터,60,30,30,0,10,13,10,18,9,0,1,5,7,10,7,0,9,8,3,8,2
2021,3,A,골목상권,2110267,망우역 2번,139,49,90,1,15,28,50,28,17,1,2,10,19,13,4,0,13,18,31,15,13
2021,3,A,골목상권,2110266,면목동우체국,225,182,43,0,10,31,38,79,67,0,1,19,30,69,63,0,9,12,8,10,4
2021,3,A,골목상권,2110265,망우역 1번,198,91,107,1,23,43,54,57,20,0,7,18,21,32,13,1,16,25,33,25,7
2021,3,A,골목상권,2110264,면목역 2번,358,170,188,1,52,75,93,80,57,0,21,40,40,37,32,1,31,35,53,43,25
2021,3,A,골목상권,2110263,면목역 1번,128,69,59,0,12,27,34,24,31,0,6,12,11,14,26,0,6,15,23,10,5
2021,3,A,골목상권,2110262,상봉역 3번,1532,879,653,2,221,447,543,268,51,0,119,337,282,107,34,2,102,110,261,161,17
2021,3,A,골목상권,2110261,사가정역 4번,167,90,77,1,16,29,49,50,22,1,8,15,25,26,15,0,8,14,24,24,7
2021,3,A,골목상권,2110260,면목역 3번,126,74,52,0,24,21,24,29,28,0,14,8,12,20,20,0,10,13,12,9,8
2021,3,A,골목상권,2110259,사가정역 1번,543,425,118,2,48,108,172,159,54,2,29,73,131,140,50,0,19,35,41,19,4
2021,3,A,골목상권,2110258,면동초등학교,260,99,161,0,32,49,79,66,34,0,1,20,28,34,16,0,31,29,51,32,18
2021,3,A,골목상권,2110257,상봉역 7번,397,330,67,0,17,18,50,133,179,0,6,11,34,118,161,0,11,7,16,15,18
2021,3,A,골목상권,2110256,면목2동체육관,477,321,156,2,56,66,82,140,131,1,21,35,45,109,110,1,35,31,37,31,21
2021,3,A,골목상권,2110255,상봉역 4번,327,208,119,0,39,52,78,92,66,0,20,24,46,62,56,0,19,28,32,30,10
2021,3,A,골목상권,2110254,오거리공원,257,89,168,1,19,75,79,51,32,0,6,15,35,21,12,1,13,60,44,30,20
2021,3,A,골목상권,2110253,중곡초등학교,181,106,75,0,31,31,44,49,26,0,10,17,23,35,21,0,21,14,21,14,5
2021,3,A,골목상권,2110252,장안제일시장,712,505,207,1,64,101,159,195,192,1,42,73,87,131,171,0,22,28,72,64,21
2021,3,A,골목상권,2110251,장안중학교,147,104,43,0,8,34,46,39,20,0,3,23,34,27,17,0,5,11,12,12,3
2021,3,A,골목상권,2110250,화랑대역 7번,111,69,42,0,7,20,32,34,18,0,5,12,15,23,14,0,2,8,17,11,4
2021,3,A,골목상권,2110249,중화역 1번,783,496,287,0,71,131,213,207,161,0,34,62,112,143,145,0,37,69,101,64,16
2021,3,A,골목상권,2110248,먹골파출소,85,47,38,1,19,23,20,12,10,0,7,14,12,4,10,1,12,9,8,8,0
2021,3,A,골목상권,2110247,먹골역 1번,377,175,202,0,53,79,123,78,44,0,21,30,55,38,31,0,32,49,68,40,13
2021,3,A,골목상권,2110246,월드순복음교회,431,312,119,0,27,97,158,95,54,0,12,69,122,65,44,0,15,28,36,30,10
2021,3,A,골목상권,2110245,KB국민은행 중화동지점,108,69,39,0,5,18,41,27,17,0,4,10,24,17,14,0,1,8,17,10,3
2021,3,A,골목상권,2110244,중화역 4번,250,175,75,1,8,26,49,44,122,1,4,11,32,30,97,0,4,15,17,14,25
2021,3,A,골목상권,2110243,중랑노인종합복지관,317,126,191,1,32,51,76,111,46,0,7,22,39,36,22,1,25,29,37,75,24
2021,3,A,골목상권,2110242,면목5동주민센터,164,112,52,0,21,28,56,30,29,0,12,23,31,22,24,0,9,5,25,8,5
2021,3,A,골목상권,2110241,먹골역 5번,415,213,202,0,61,87,97,117,53,0,17,49,46,63,38,0,44,38,51,54,15
2021,3,A,골목상권,2110240,태릉시장 특화거리,97,39,58,2,20,13,28,16,18,1,3,8,7,8,12,1,17,5,21,8,6
2021,3,A,골목상권,2110238,배꽃어린이공원,66,48,18,0,6,7,15,23,15,0,4,5,9,15,15,0,2,2,6,8,0
2021,3,A,골목상권,2110237,메가박스 상봉,274,152,122,0,30,67,97,54,26,0,13,37,48,36,18,0,17,30,49,18,8
2021,3,A,골목상권,2110236,신묵초등학교,1015,836,179,0,185,302,228,255,45,0,135,246,194,228,33,0,50,56,34,27,12
2021,3,A,골목상권,2110235,세화어린이공원,17,12,5,0,6,3,1,5,2,0,5,1,1,3,2,0,1,2,0,2,0
2021,3,A,골목상권,2110234,중랑역 4번,96,41,55,0,15,16,23,25,17,0,2,5,10,14,10,0,13,11,13,11,7
2021,3,A,골목상권,2110233,중랑역 1번,142,46,96,1,23,27,50,35,6,1,6,7,16,11,5,0,17,20,34,24,1
2021,3,A,골목상권,2110232,동대부고,579,413,166,0,41,71,119,175,173,0,14,38,80,134,147,0,27,33,39,41,26
2021,3,A,골목상권,2110231,장안교,11,8,3,0,0,1,4,5,1,0,0,1,3,4,0,0,0,0,1,1,1
2021,3,A,골목상권,2110230,장안현대홈타운1차아파트,161,101,60,0,15,32,52,45,17,0,6,22,33,28,12,0,9,10,19,17,5
2021,3,A,골목상권,2110229,장평중학교,1339,865,474,0,145,164,192,320,518,0,81,103,125,212,344,0,64,61,67,108,174
2021,3,A,골목상권,2110228,장안근린공원,1992,1184,808,40,1381,313,92,101,65,24,788,223,60,54,35,16,593,90,32,47,30
2021,3,A,골목상권,2110227,답십리공원,216,82,134,0,13,28,73,82,20,0,10,14,25,21,12,0,3,14,48,61,8
2021,3,A,골목상권,2110226,장안1동주민센터,1882,1005,877,2,147,247,333,512,641,2,87,148,213,253,302,0,60,99,120,259,339
2021,3,A,골목상권,2110225,촬영소사거리,330,204,126,0,22,36,68,83,121,0,9,25,42,55,73,0,13,11,26,28,48
2021,3,A,골목상권,2110224,외대앞역 2번,95,39,56,0,9,14,16,27,29,0,2,4,9,15,9,0,7,10,7,12,20
2021,3,A,골목상권,2110223,군자초등학교,94,56,38,0,13,17,26,24,14,0,4,10,17,15,10,0,9,7,9,9,4
2021,3,A,골목상권,2110222,회기역 2번,20,17,3,0,0,3,2,6,9,0,0,2,2,4,9,0,0,1,0,2,0
2021,3,A,골목상권,2110221,의릉,95,69,26,0,10,12,36,29,8,0,6,10,24,22,7,0,4,2,12,7,1
2021,3,A,골목상권,2110220,외대앞역 1번,190,109,81,0,28,36,54,46,26,0,7,17,33,34,18,0,21,19,21,12,8
2021,3,A,골목상권,2110219,삼육보건대학교,249,145,104,0,18,42,68,82,39,0,11,20,31,53,30,0,7,22,37,29,9
2021,3,A,골목상권,2110218,답십리사거리,158,83,75,0,14,25,45,60,14,0,5,12,22,33,11,0,9,13,23,27,3
2021,3,A,골목상권,2110217,자동차부품상가,503,388,115,1,33,105,143,123,98,1,24,88,115,83,77,0,9,17,28,40,21
2021,3,A,골목상권,2110216,전농중학교,208,68,140,1,32,48,62,50,15,1,11,14,18,18,6,0,21,34,44,32,9
2021,3,A,골목상권,2110215,회기역 1번,28,18,10,0,3,4,9,7,5,0,3,2,6,3,4,0,0,2,3,4,1
2021,3,A,골목상권,2110214,경희대후문,86,42,44,0,18,17,24,17,10,0,6,6,13,10,7,0,12,11,11,7,3
2021,3,A,골목상권,2110213,청량초등학교,124,81,43,0,19,57,17,15,16,0,7,41,13,7,13,0,12,16,4,8,3
2021,3,A,골목상권,2110212,답십리초등학교,204,144,60,0,26,37,42,67,32,0,18,26,27,50,23,0,8,11,15,17,9
2021,3,A,골목상권,2110211,전곡마을마당공원,626,445,181,1,66,101,170,194,94,0,45,73,129,143,55,1,21,28,41,51,39
2021,3,A,골목상권,2110210,서울시립대,341,253,88,1,9,19,24,34,254,1,4,12,10,21,205,0,5,7,14,13,49
2021,3,A,골목상권,2110209,답십리 장령당공원,81,51,30,0,3,11,28,19,20,0,1,5,16,15,14,0,2,6,12,4,6
2021,3,A,골목상권,2110208,시조사삼거리,75,56,19,0,2,14,7,17,35,0,1,7,2,11,35,0,1,7,5,6,0
2021,3,A,골목상권,2110207,시립대앞사거리,50,26,24,0,4,12,12,10,12,0,2,8,6,3,7,0,2,4,6,7,5
2021,3,A,골목상권,2110206,텃골근린공원,81,29,52,0,5,14,23,23,16,0,2,7,7,7,6,0,3,7,16,16,10
2021,3,A,골목상권,2110205,경희대삼거리,82,48,34,0,4,13,23,23,19,0,2,10,7,17,12,0,2,3,16,6,7
2021,3,A,골목상권,2110204,간데메공원,411,268,143,3,83,97,82,89,57,3,57,64,46,58,40,0,26,33,36,31,17
2021,3,A,골목상권,2110203,떡전교사거리,99,63,36,1,9,15,32,29,13,1,0,7,26,20,9,0,9,8,6,9,4
2021,3,A,골목상권,2110202,전농1동주민센터(전농시장),111,68,43,0,14,35,31,20,11,0,9,19,21,14,5,0,5,16,10,6,6
2021,3,A,골목상권,2110201,전농119안전센터,27,11,16,0,2,1,9,10,5,0,1,0,3,4,3,0,1,1,6,6,2
2021,3,A,골목상권,2110200,동대문경찰서,74,50,24,0,1,6,21,13,33,0,0,1,11,6,32,0,1,5,10,7,1
2021,3,A,골목상권,2110199,홍릉시장,65,41,24,0,11,15,18,14,7,0,8,8,10,9,6,0,3,7,8,5,1
2021,3,A,골목상권,2110198,동대문중앙새마을금고본점,67,26,41,0,1,0,18,37,11,0,0,0,8,10,8,0,1,0,10,27,3
2021,3,A,골목상권,2110197,세종대왕기념관교차로,67,46,21,0,8,19,26,9,5,0,4,15,19,7,1,0,4,4,7,2,4
2021,3,A,골목상권,2110196,홍릉근린공원,23,12,11,0,1,6,8,5,3,0,1,4,3,2,2,0,0,2,5,3,1
2021,3,A,골목상권,2110195,동대문구청,221,115,106,0,41,58,47,40,35,0,12,28,23,27,25,0,29,30,24,13,10
2021,3,A,골목상권,2110194,홍파초등학교,112,85,27,0,6,32,24,36,14,0,4,20,20,31,10,0,2,12,4,5,4
2021,3,A,골목상권,2110193,고려대역 4번,48,37,11,0,5,11,11,10,11,0,3,5,10,10,9,0,2,6,1,0,2
2021,3,A,골목상권,2110192,동의보감타워,70,45,25,0,7,10,25,16,12,0,2,6,17,10,10,0,5,4,8,6,2
2021,3,A,골목상권,2110191,고려대역 6번,48,41,7,0,1,12,14,9,12,0,1,10,11,8,11,0,0,2,3,1,1
2021,3,A,골목상권,2110190,고대앞사거리,195,92,103,0,22,34,34,45,60,0,4,18,22,19,29,0,18,16,12,26,31
2021,3,A,골목상권,2110189,제기동역 1번,1545,1089,456,1,233,490,343,170,308,0,98,349,286,137,219,1,135,141,57,33,89
2021,3,A,골목상권,2110188,용두동신동아아파트,807,607,200,8,104,178,229,191,97,2,68,150,181,132,74,6,36,28,48,59,23
2021,3,A,골목상권,2110187,제기동역 6번,3124,2222,902,15,559,867,746,552,385,7,387,605,531,394,298,8,172,262,215,158,87
2021,3,A,골목상권,2110186,종암초등학교,94,71,23,0,5,13,15,30,31,0,1,12,9,23,26,0,4,1,6,7,5
2021,3,A,골목상권,2110185,용두초등학교,122,77,45,0,13,22,31,32,24,0,5,13,18,22,19,0,8,9,13,10,5
2021,3,A,골목상권,2110184,용두사거리,423,215,208,0,81,138,75,77,52,0,39,51,34,51,40,0,42,87,41,26,12
2021,3,A,골목상권,2110183,한국의류시험연구원,833,441,392,3,237,305,147,75,66,1,87,160,79,58,56,2,150,145,68,17,10
2021,3,A,골목상권,2110182,용두희망어린이공원,370,249,121,0,38,71,108,87,66,0,20,47,67,64,51,0,18,24,41,23,15
2021,3,A,골목상권,2110181,신설동역 9번,1864,1212,652,12,209,232,286,440,685,12,150,162,188,282,418,0,59,70,98,158,267
2021,3,A,골목상권,2110180,광진정보도서관,5946,4025,1921,18,1620,2093,1180,672,363,5,885,1485,859,489,302,13,735,608,321,183,61
2021,3,A,골목상권,2110179,광나루역 1번,911,620,291,0,142,209,188,233,139,0,82,160,157,154,67,0,60,49,31,79,72
2021,3,A,골목상권,2110178,장로회신학대학교,194,123,71,0,25,44,42,56,27,0,15,34,21,38,15,0,10,10,21,18,12
2021,3,A,골목상권,2110177,동의초등학교,135,90,45,0,11,31,32,35,26,0,3,15,21,27,24,0,8,16,11,8,2
2021,3,A,골목상권,2110176,해오름공원,758,432,326,1,70,206,221,168,92,1,30,116,125,90,70,0,40,90,96,78,22
2021,3,A,골목상권,2110175,푸른동산공원,370,235,135,0,41,74,109,86,60,0,24,48,70,53,40,0,17,26,39,33,20
2021,3,A,골목상권,2110174,아차산역 1번,432,305,127,1,49,80,115,104,83,1,25,57,76,69,77,0,24,23,39,35,6
2021,3,A,골목상권,2110173,구남초등학교,195,106,89,0,34,50,46,44,21,0,16,28,21,25,16,0,18,22,25,19,5
2021,3,A,골목상권,2110172,광진초등학교,351,227,124,0,42,73,97,92,47,0,17,48,61,65,36,0,25,25,36,27,11
2021,3,A,골목상권,2110171,중곡4동주민센터,59,36,23,0,4,8,7,22,18,0,1,2,3,15,15,0,3,6,4,7,3
2021,3,A,골목상권,2110170,동대부여고,189,105,84,1,35,39,58,39,17,0,16,16,35,26,12,1,19,23,23,13,5
2021,3,A,골목상권,2110169,성동초등학교,221,112,109,1,25,30,68,59,38,0,12,12,32,32,24,1,13,18,36,27,14
2021,3,A,골목상권,2110168,대원고등학교,688,531,157,0,66,102,139,225,156,0,38,73,103,173,144,0,28,29,36,52,12
2021,3,A,골목상권,2110167,용마초등학교,376,220,156,2,22,56,99,109,88,0,9,20,52,62,77,2,13,36,47,47,11
2021,3,A,골목상권,2110166,구의1동주민센터,552,292,260,1,70,121,177,115,68,1,20,59,99,60,53,0,50,62,78,55,15
2021,3,A,골목상권,2110165,국립정신건강센터,287,204,83,0,19,46,81,77,64,0,9,33,51,61,50,0,10,13,30,16,14
2021,3,A,골목상권,2110164,아차산역 5번,731,494,237,3,111,126,143,164,184,0,61,77,101,112,143,3,50,49,42,52,41
2021,3,A,골목상권,2110163,성자초등학교,272,134,138,0,37,44,65,72,54,0,13,26,31,26,38,0,24,18,34,46,16
2021,3,A,골목상권,2110162,군자역 4번,613,365,248,0,127,162,131,110,83,0,98,118,75,42,32,0,29,44,56,68,51
2021,3,A,골목상권,2110161,중곡역 3번,236,135,101,3,11,33,58,65,66,0,2,16,37,40,40,3,9,17,21,25,26
2021,3,A,골목상권,2110160,광진경찰서,832,690,142,0,149,323,182,167,11,0,110,261,152,157,10,0,39,62,30,10,1
2021,3,A,골목상권,2110159,구의역 4번,663,391,272,1,125,115,158,132,132,1,58,62,85,87,98,0,67,53,73,45,34
2021,3,A,골목상권,2110158,중곡3동주민센터,715,518,197,1,113,210,184,138,69,0,73,168,123,104,50,1,40,42,61,34,19
2021,3,A,골목상권,2110157,자양동우체국,1097,891,206,10,352,279,244,141,71,7,300,237,180,106,61,3,52,42,64,35,10
2021,3,A,골목상권,2110156,군자역 5번,624,365,259,0,96,182,174,113,59,0,41,115,102,67,40,0,55,67,72,46,19
2021,3,A,골목상권,2110155,광진구청,8356,7701,655,0,240,853,2408,4046,809,0,172,765,2256,3748,760,0,68,88,152,298,49
2021,3,A,골목상권,2110154,광진정말공원,307,161,146,1,43,62,79,78,44,1,19,37,35,37,32,0,24,25,44,41,12
2021,3,A,골목상권,2110153,중곡1동주민센터,241,83,158,1,42,57,67,57,17,0,14,22,22,17,8,1,28,35,45,40,9
2021,3,A,골목상권,2110152,중곡어린이공원,338,300,38,0,17,29,64,119,109,0,10,21,55,109,105,0,7,8,9,10,4
2021,3,A,골목상권,2110151,자양한강도서관,249,175,74,4,35,52,63,66,29,3,24,37,49,41,21,1,11,15,14,25,8
2021,3,A,골목상권,2110150,중곡1동 마을마당,1179,698,481,1,197,352,252,217,160,1,83,194,161,132,127,0,114,158,91,85,33
2021,3,A,골목상권,2110149,세종대학교,122,72,50,0,15,21,31,23,32,0,8,13,19,7,25,0,7,8,12,16,7
2021,3,A,골목상권,2110148,어린이대공원역 3번,17,12,5,0,3,3,6,5,0,0,0,2,5,5,0,0,3,1,1,0,0
2021,3,A,골목상권,2110147,능동우편취급국,815,464,351,4,120,172,160,137,222,2,56,88,104,77,137,2,64,84,56,60,85
2021,3,A,골목상권,2110146,신자초등학교,735,531,204,0,50,79,208,276,122,0,25,44,156,209,97,0,25,35,52,67,25
2021,3,A,골목상권,2110145,장안초등학교,7,4,3,0,0,1,2,3,1,0,0,0,1,3,0,0,0,1,1,0,1
2021,3,A,골목상권,2110144,어린이대공원역 4번,47,23,24,0,5,4,13,16,9,0,1,1,7,8,6,0,4,3,6,8,3
2021,3,A,골목상권,2110143,뚝섬유원지역 1번,63,26,37,1,5,15,12,20,10,1,0,3,7,7,8,0,5,12,5,13,2
2021,3,A,골목상권,2110142,화양사거리,213,107,106,1,37,47,44,52,32,1,20,25,24,16,21,0,17,22,20,36,11
2021,3,A,골목상권,2110141,건대입구역 1번,213,138,75,1,23,49,67,48,25,1,11,27,51,32,16,0,12,22,16,16,9
2021,3,A,골목상권,2110140,건대입구역 6번,552,361,191,6,51,90,136,158,111,5,28,47,82,114,85,1,23,43,54,44,26
2021,3,A,골목상권,2110139,자양4동주민센터,204,116,88,0,13,28,53,51,59,0,3,14,32,25,42,0,10,14,21,26,17
2021,3,A,골목상권,2110138,송정체육공원,160,79,81,0,15,27,53,41,24,0,4,12,21,23,19,0,11,15,32,18,5
2021,3,A,골목상권,2110137,성수초등학교,6605,4295,2310,31,1016,1740,1836,1344,638,22,557,1152,1250,828,486,9,459,588,586,516,152
2021,3,A,골목상권,2110136,경수초등학교,4745,2743,2002,43,1169,1097,978,875,583,32,439,633,615,593,431,11,730,464,363,282,152
2021,3,A,골목상권,2110135,성동세무서,355,182,173,0,41,69,96,66,83,0,7,34,41,34,66,0,34,35,55,32,17
2021,3,A,골목상권,2110134,성수119안전센터,771,587,184,4,65,108,185,252,157,4,38,78,143,200,124,0,27,30,42,52,33
2021,3,A,골목상권,2110133,서울교통공사,122,93,29,0,19,25,33,21,24,0,12,18,29,17,17,0,7,7,4,4,7
2021,3,A,골목상권,2110132,성수2가3동주민센터,786,521,265,0,97,182,220,197,90,0,67,133,145,108,68,0,30,49,75,89,22
2021,3,A,골목상권,2110131,성수동카페거리,4798,3110,1688,15,902,1536,1123,699,523,9,460,993,777,497,374,6,442,543,346,202,149
2021,3,A,골목상권,2110130,답십리역 6번,105,89,16,0,20,24,38,15,8,0,17,20,35,10,7,0,3,4,3,5,1
2021,3,A,골목상권,2110129,성원어린이공원,664,421,243,1,65,126,138,185,149,0,35,74,91,111,110,1,30,52,47,74,39
2021,3,A,골목상권,2110128,성원중학교,1237,712,525,1,127,206,296,338,269,1,66,118,185,203,139,0,61,88,111,135,130
2021,3,A,골목상권,2110127,성수1가1동주민센터,290,157,133,0,31,55,56,100,48,0,11,40,31,47,28,0,20,15,25,53,20
2021,3,A,골목상권,2110126,서울숲역 1번,27,18,9,0,0,7,2,12,6,0,0,6,0,7,5,0,0,1,2,5,1
2021,3,A,골목상권,2110125,사근동살곶이상점가,135,83,52,2,25,39,35,21,13,2,13,21,24,13,10,0,12,18,11,8,3
2021,3,A,골목상권,2110124,뚝섬역교차로,1253,1006,247,7,170,155,222,312,387,6,94,111,169,268,358,1,76,44,53,44,29
2021,3,A,골목상권,2110123,마장역 3번,511,382,129,0,42,56,91,185,137,0,21,36,63,141,121,0,21,20,28,44,16
2021,3,A,골목상권,2110122,마장역 2번,464,271,193,1,60,88,117,113,85,1,32,59,68,61,50,0,28,29,49,52,35
2021,3,A,골목상권,2110121,한양대역 4번,45,30,15,0,3,10,8,11,13,0,2,5,5,7,11,0,1,5,3,4,2
2021,3,A,골목상권,2110120,서울숲카페거리,79,49,30,0,8,12,35,18,6,0,3,8,23,10,5,0,5,4,12,8,1
2021,3,A,골목상권,2110119,마장지하차도,127,89,38,0,17,26,32,26,26,0,12,22,19,18,18,0,5,4,13,8,8
2021,3,A,골목상권,2110118,왕십리역 9번,697,487,210,1,90,182,204,129,91,0,62,110,144,93,78,1,28,72,60,36,13
2021,3,A,골목상권,2110117,성동구보건소,103,73,30,1,14,27,19,33,9,1,10,20,11,25,6,0,4,7,8,8,3
2021,3,A,골목상권,2110116,청계천박물관,4884,3674,1210,30,342,780,1090,1772,870,26,217,571,881,1319,660,4,125,209,209,453,210
2021,3,A,골목상권,2110115,상왕십리역 3번,945,362,583,10,392,218,156,113,56,0,76,84,93,75,34,10,316,134,63,38,22
2021,3,A,골목상권,2110114,왕십리파출소,68,21,47,0,3,2,11,24,28,0,1,1,4,10,5,0,2,1,7,14,23
2021,3,A,골목상권,2110113,응봉산,77,43,34,0,14,15,14,16,18,0,4,11,7,6,15,0,10,4,7,10,3
2021,3,A,골목상권,2110112,행당역 2번,205,100,105,0,37,37,36,53,42,0,14,19,15,26,26,0,23,18,21,27,16
2021,3,A,골목상권,2110111,대현산장미원,51,40,11,0,6,7,6,17,15,0,6,4,4,13,13,0,0,3,2,4,2
2021,3,A,골목상권,2110110,상왕십리역 6번,93,55,38,1,12,22,24,18,16,1,7,12,13,10,12,0,5,10,11,8,4
2021,3,A,골목상권,2110109,금호삼성래미안아파트,92,39,53,0,7,10,12,42,21,0,2,6,3,15,13,0,5,4,9,27,8
2021,3,A,골목상권,2110108,성동구립금호도서관,6,1,5,0,0,1,4,1,0,0,0,0,0,1,0,0,0,1,4,0,0
2021,3,A,골목상권,2110107,금호사거리,37,30,7,0,4,8,4,11,10,0,3,5,4,9,9,0,1,3,0,2,1
2021,3,A,골목상권,2110105,금동어린이공원,43,20,23,0,1,9,12,12,9,0,0,3,3,8,6,0,1,6,9,4,3
2021,3,A,골목상권,2110104,신금호역 4번,275,189,86,0,27,47,51,66,84,0,11,28,34,46,70,0,16,19,17,20,14
2021,3,A,골목상권,2110103,옥수터널,13,11,2,1,0,2,2,6,2,0,0,2,2,5,2,1,0,0,0,1,0
2021,3,A,골목상권,2110102,옥수역 6번,3362,1140,2222,0,968,1050,724,422,198,0,202,328,319,197,94,0,766,722,405,225,104
2021,3,A,골목상권,2110101,옥정중학교,218,121,97,0,55,51,65,31,16,0,24,34,43,13,7,0,31,17,22,18,9
2021,3,A,골목상권,2110100,옥수동우편취급국,46,31,15,0,5,18,13,6,4,0,0,15,7,5,4,0,5,3,6,1,0
2021,3,A,골목상권,2110099,유엔빌리지길,12646,10311,2335,33,1746,2596,3298,4558,415,25,904,1899,2859,4264,360,8,842,697,439,294,55
2021,3,A,골목상권,2110098,서울독일학교,242,91,151,0,57,85,68,23,9,0,15,22,34,15,5,0,42,63,34,8,4
2021,3,A,골목상권,2110097,한남초등학교,3116,1920,1196,1,597,1644,757,90,27,0,278,975,575,71,21,1,319,669,182,19,6
2021,3,A,골목상권,2110096,한남힐사이드아파트,4186,2661,1525,5,1055,1176,900,902,148,3,457,705,613,757,126,2,598,471,287,145,22
2021,3,A,골목상권,2110095,한강진역 3번,1186,801,385,16,160,326,321,298,65,8,61,235,227,226,44,8,99,91,94,72,21
2021,3,A,골목상권,2110094,오산중학교,26,12,14,0,0,1,4,13,8,0,0,0,2,6,4,0,0,1,2,7,4
2021,3,A,골목상권,2110093,우사단길,2482,1548,934,2,325,1015,734,327,79,1,101,529,548,305,64,1,224,486,186,22,15
2021,3,A,골목상권,2110092,NH농협은행 보광동지점,514,208,306,0,94,123,111,107,79,0,14,58,40,45,51,0,80,65,71,62,28
2021,3,A,골목상권,2110091,리움미술관,1106,810,296,0,216,345,343,155,47,0,117,236,293,128,36,0,99,109,50,27,11
2021,3,A,골목상권,2110090,한국폴리텍대학서울정수캠퍼스,3968,2447,1521,1,446,1358,1632,500,31,1,173,548,1231,467,27,0,273,810,401,33,4
2021,3,A,골목상권,2110089,서빙고동주민센터,752,503,249,1,94,230,220,107,100,0,33,136,159,88,87,1,61,94,61,19,13
2021,3,A,골목상권,2110088,오산고등학교,1696,1140,556,16,439,504,454,203,80,7,263,350,312,150,58,9,176,154,142,53,22
2021,3,A,골목상권,2110087,이태원엔틱가구거리,463,213,250,0,185,174,58,31,15,0,54,89,43,17,10,0,131,85,15,14,5
2021,3,A,골목상권,2110086,이태원역 북측,9251,3612,5639,12,3187,3893,1655,431,73,3,733,1559,905,357,55,9,2454,2334,750,74,18
2021,3,A,골목상권,2110085,경리단길남측,532,260,272,4,98,163,148,67,52,2,40,59,78,41,40,2,58,104,70,26,12
2021,3,A,골목상권,2110084,경리단길북측,315,168,147,0,47,85,84,57,42,0,23,36,39,36,34,0,24,49,45,21,8
2021,3,A,골목상권,2110083,서빙고역 1번,149,109,40,0,26,53,42,14,14,0,13,42,29,12,13,0,13,11,13,2,1
2021,3,A,골목상권,2110082,용산구청,1571,779,792,2,165,447,417,439,101,2,45,147,200,302,83,0,120,300,217,137,18
2021,3,A,골목상권,2110081,해방촌 남동측,291,170,121,0,46,68,58,64,55,0,14,37,30,41,48,0,32,31,28,23,7
2021,3,A,골목상권,2110080,해방촌예술마을,277,160,117,0,44,58,84,54,37,0,16,38,52,30,24,0,28,20,32,24,13
2021,3,A,골목상권,2110079,후암동주민센터,1084,584,500,4,223,262,267,196,132,3,73,156,156,105,91,1,150,106,111,91,41
2021,3,A,골목상권,2110078,이촌동점보아파트,69,29,40,0,12,15,17,13,12,0,3,8,7,5,6,0,9,7,10,8,6
2021,3,A,골목상권,2110077,삼광초등학교,385,317,68,0,37,86,148,98,16,0,21,66,130,88,12,0,16,20,18,10,4
2021,3,A,골목상권,2110076,삼각지역 14번,537,175,362,0,46,143,158,153,37,0,11,49,61,45,9,0,35,94,97,108,28
2021,3,A,골목상권,2110075,숙대입구역 1번,1630,736,894,9,270,506,417,289,139,5,69,188,182,181,111,4,201,318,235,108,28
2021,3,A,골목상권,2110074,서울역 12번,8149,1751,6398,152,5985,1340,330,181,161,9,598,652,233,134,125,143,5387,688,97,47,36
2021,3,A,골목상권,2110073,삼각지역 3번,7916,2353,5563,56,2498,2872,1896,491,103,25,856,912,415,109,36,31,1642,1960,1481,382,67
2021,3,A,골목상권,2110072,열정도,374,244,130,6,108,96,78,51,35,0,51,71,62,37,23,6,57,25,16,14,12
2021,3,A,골목상권,2110071,한강미주맨션아파트,281,182,99,0,36,68,68,55,54,0,20,44,40,41,37,0,16,24,28,14,17
2021,3,A,골목상권,2110070,용산세무서,184,130,54,0,21,54,55,24,30,0,8,37,41,18,26,0,13,17,14,6,4
2021,3,A,골목상권,2110069,숙대입구,829,295,534,3,200,295,168,86,77,3,34,90,82,40,46,0,166,205,86,46,31
2021,3,A,골목상권,2110068,남영역 1번,1039,595,444,8,154,224,240,224,189,6,59,124,144,138,124,2,95,100,96,86,65
2021,3,A,골목상권,2110067,배문고등학교,1574,907,667,1,219,377,391,329,257,0,85,177,202,230,213,1,134,200,189,99,44
2021,3,A,골목상권,2110066,서울역 15번,748,467,281,6,152,227,156,125,82,3,81,151,104,66,62,3,71,76,52,59,20
2021,3,A,골목상권,2110065,남정초등학교,137,92,45,0,17,45,48,17,10,0,9,37,31,10,5,0,8,8,17,7,5
2021,3,A,골목상권,2110064,효창공원앞역 2번,925,527,398,2,126,275,263,160,99,1,49,160,162,88,67,1,77,115,101,72,32
2021,3,A,골목상권,2110063,효창공원앞역 5번,530,347,183,8,47,104,139,132,100,6,25,71,93,87,65,2,22,33,46,45,35
2021,3,A,골목상권,2110062,한강로동땡땡거리(은행나무길),5667,3458,2209,9,735,1660,1587,1162,514,6,299,844,1074,890,345,3,436,816,513,272,169
2021,3,A,골목상권,2110061,효창동주민센터,473,301,172,1,61,90,150,113,58,1,38,52,96,67,47,0,23,38,54,46,11
2021,3,A,골목상권,2110060,효창공원앞역 6번,291,174,117,0,28,62,84,73,44,0,10,34,52,47,31,0,18,28,32,26,13
2021,3,A,골목상권,2110059,새남터성지,385,307,78,0,38,71,113,138,25,0,21,48,99,124,15,0,17,23,14,14,10
2021,3,A,골목상권,2110058,성심여자고등학교,947,659,288,10,141,228,254,194,120,3,71,162,181,141,101,7,70,66,73,53,19
2021,3,A,골목상권,2110057,황학코아루아파트,57,39,18,0,8,11,16,9,13,0,4,5,14,7,9,0,4,6,2,2,4
2021,3,A,골목상권,2110056,신당역 3번,506,288,218,0,60,129,115,112,90,0,29,63,68,70,58,0,31,66,47,42,32
2021,3,A,골목상권,2110055,황학동벼룩시장,29,19,10,0,1,4,6,11,7,0,1,3,5,6,4,0,0,1,1,5,3
2021,3,A,골목상권,2110054,청구역 3번,1537,849,688,3,259,378,315,336,246,1,90,204,220,211,123,2,169,174,95,125,123
2021,3,A,골목상권,2110053,청구역 1번,281,166,115,0,52,69,69,54,37,0,23,45,43,27,28,0,29,24,26,27,9
2021,3,A,골목상권,2110052,장충초등학교,484,281,203,0,43,100,132,130,79,0,16,63,75,82,45,0,27,37,57,48,34
2021,3,A,골목상권,2110051,한양공고앞 교차로,111,82,29,0,17,23,33,26,12,0,12,16,24,20,10,0,5,7,9,6,2
2021,3,A,골목상권,2110050,약수역 7번,309,230,79,0,34,81,76,76,42,0,21,59,60,57,33,0,13,22,16,19,9
2021,3,A,골목상권,2110049,장충단 고개,2303,1240,1063,4,566,582,448,431,272,2,174,314,281,257,212,2,392,268,167,174,60
2021,3,A,골목상권,2110048,장충동주민센터,5312,2706,2606,21,867,1339,1511,1367,207,5,338,768,756,707,132,16,529,571,755,660,75
2021,3,A,골목상권,2110047,다산성곽길,160,89,71,0,36,43,36,27,18,0,23,29,21,7,9,0,13,14,15,20,9
2021,3,A,골목상권,2110046,버티고개,106,76,30,0,6,23,41,28,8,0,3,17,29,20,7,0,3,6,12,8,1
2021,3,A,골목상권,2110045,동대문역사문화공원역 5번,234,174,60,0,24,54,64,55,37,0,11,38,46,47,32,0,13,16,18,8,5
2021,3,A,골목상권,2110044,관성묘,405,300,105,0,50,135,145,51,24,0,24,90,125,44,17,0,26,45,20,7,7
2021,3,A,골목상권,2110043,충무초등학교,1202,670,532,12,212,307,331,223,117,7,97,155,169,152,90,5,115,152,162,71,27
2021,3,A,골목상권,2110042,남산골공원옆,994,621,373,3,121,221,287,251,111,0,43,127,198,179,74,3,78,94,89,72,37
2021,3,A,골목상권,2110041,남산케이블카,967,435,532,2,118,152,175,254,266,2,51,69,83,87,143,0,67,83,92,167,123
2021,3,A,골목상권,2110040,중구회현체육센터(정화예술대남산캠퍼스),165,78,87,0,33,30,40,37,25,0,14,15,17,13,19,0,19,15,23,24,6
2021,3,A,골목상권,2110039,회현역 1번,49,26,23,0,2,8,12,14,13,0,0,4,9,8,5,0,2,4,3,6,8
2021,3,A,골목상권,2110038,경향신문사,2636,1651,985,0,377,783,808,593,75,0,119,436,540,491,65,0,258,347,268,102,10
2021,3,A,골목상권,2110037,신설동역 12번,208,124,84,0,16,46,51,61,34,0,6,20,32,41,25,0,10,26,19,20,9
2021,3,A,골목상권,2110036,동묘앞역 3번,65,42,23,0,3,7,20,15,20,0,1,3,10,13,15,0,2,4,10,2,5
2021,3,A,골목상권,2110035,동묘앞역 2번,276,161,115,2,18,43,75,88,50,0,5,18,42,65,31,2,13,25,33,23,19
2021,3,A,골목상권,2110034,창신1동주민센터,41,35,6,0,2,1,14,13,11,0,2,1,10,11,11,0,0,0,4,2,0
2021,3,A,골목상권,2110033,창신역 4번,166,89,77,0,26,42,35,40,23,0,6,22,17,25,19,0,20,20,18,15,4
2021,3,A,골목상권,2110032,수족관거리,31,16,15,0,3,6,4,13,5,0,2,2,2,7,3,0,1,4,2,6,2
2021,3,A,골목상권,2110031,창신역 1번,44,31,13,0,7,14,5,11,7,0,4,8,4,8,7,0,3,6,1,3,0
2021,3,A,골목상권,2110030,동대문역 3번,10,5,5,0,2,2,2,3,1,0,0,2,1,1,1,0,2,0,1,2,0
2021,3,A,골목상권,2110029,동대문역 1번,235,61,174,0,11,31,57,79,57,0,1,7,19,20,14,0,10,24,38,59,43
2021,3,A,골목상권,2110028,이화달팽이길,704,279,425,1,177,179,137,123,87,0,56,60,56,65,42,1,121,119,81,58,45
2021,3,A,골목상권,2110027,혜화역 1번,617,366,251,1,73,116,131,98,198,0,28,74,65,54,145,1,45,42,66,44,53
2021,3,A,골목상권,2110026,종로5가역 4번,190,120,70,0,22,41,73,27,27,0,9,28,47,14,22,0,13,13,26,13,5
2021,3,A,골목상권,2110025,충신시장옆,213,129,84,2,17,46,63,56,29,0,6,23,43,33,24,2,11,23,20,23,5
2021,3,A,골목상권,2110024,혜회동주민센터,928,263,665,0,135,264,294,184,51,0,17,64,90,55,37,0,118,200,204,129,14
2021,3,A,골목상권,2110023,서울대병원,186,55,131,0,18,37,42,47,42,0,5,12,14,10,14,0,13,25,28,37,28
2021,3,A,골목상권,2110022,경신고등학교,537,396,141,11,142,162,128,59,35,10,100,123,94,43,26,1,42,39,34,16,9
2021,3,A,골목상권,2110021,성균관대학교,387,297,90,2,15,39,109,145,77,2,7,26,88,125,49,0,8,13,21,20,28
2021,3,A,골목상권,2110020,서울국제고등학교,639,315,324,1,145,288,122,57,26,1,44,146,75,32,17,0,101,142,47,25,9
2021,3,A,골목상권,2110019,창덕궁,325,215,110,0,47,91,82,71,34,0,21,65,53,49,27,0,26,26,29,22,7
2021,3,A,골목상권,2110018,중앙고등학교,888,439,449,1,97,177,220,178,215,0,30,60,106,90,153,1,67,117,114,88,62
2021,3,A,골목상권,2110017,정독도서관,650,322,328,0,133,273,152,58,34,0,26,130,93,43,30,0,107,143,59,15,4
2021,3,A,골목상권,2110016,평창동동측,7589,3104,4485,10,716,2233,2858,1504,268,4,279,1021,1416,284,100,6,437,1212,1442,1220,168
2021,3,A,골목상권,2110015,청와대사랑채,578,345,233,0,64,147,166,126,75,0,16,63,110,91,65,0,48,84,56,35,10
2021,3,A,골목상권,2110014,경복고등학교,194,82,112,0,28,54,40,44,28,0,4,14,21,24,19,0,24,40,19,20,9
2021,3,A,골목상권,2110013,체부동홍종문가옥,119,70,49,0,5,26,31,25,32,0,2,11,18,13,26,0,3,15,13,12,6
2021,3,A,골목상권,2110012,성곡미술관,1061,503,558,0,262,337,262,118,82,0,72,159,150,73,49,0,190,178,112,45,33
2021,3,A,골목상권,2110011,청운초등학교,263,188,75,0,21,105,79,43,15,0,21,95,44,16,12,0,0,10,35,27,3
2021,3,A,골목상권,2110010,평창동서측,6687,3622,3065,12,676,1736,2550,1464,249,0,276,655,1387,1128,176,12,400,1081,1163,336,73
2021,3,A,골목상권,2110009,자하문터널,950,463,487,0,211,332,229,125,53,0,92,164,106,65,36,0,119,168,123,60,17
2021,3,A,골목상권,2110008,배화여자대학교(박노수미술관),552,379,173,1,52,82,133,180,104,0,16,46,102,135,80,1,36,36,31,45,24
2021,3,A,골목상권,2110007,사직공원(한국사회과학도서관),283,185,98,2,58,88,63,41,31,2,30,62,44,27,20,0,28,26,19,14,11
2021,3,A,골목상권,2110006,부암동주민센터,27,16,11,0,2,7,7,5,6,0,2,5,2,3,4,0,0,2,5,2,2
2021,3,A,골목상권,2110005,세검정,1006,510,496,3,125,296,290,195,97,0,36,137,157,121,59,3,89,159,133,74,38
2021,3,A,골목상권,2110004,대신고등학교,32,14,18,0,3,4,8,14,3,0,1,0,3,8,2,0,2,4,5,6,1
2021,3,A,골목상권,2110003,세검정초등학교,485,315,170,6,53,84,150,126,66,6,32,38,100,89,50,0,21,46,50,37,16
2021,3,A,골목상권,2110002,독립문역 1번,475,121,354,1,146,140,118,44,26,1,25,25,41,14,15,0,121,115,77,30,11
2021,3,A,골목상권,2110001,이북5도청사,1066,638,428,4,133,292,240,262,135,0,51,173,162,172,80,4,82,119,78,90,55
2021,2,U,관광특구,1001496,강남 마이스 관광특구,15904,8904,7000,59,3513,6185,4248,1596,303,25,1160,3361,2887,1246,225,34,2353,2824,1361,350,78
2021,2,U,관광특구,1001495,잠실 관광특구,24375,14199,10176,120,4722,6565,5617,4514,2837,51,2484,4186,3496,2297,1685,69,2238,2379,2121,2217,1152
2021,2,U,관광특구,1001494,종로?청계 관광특구,32935,17150,15785,68,5357,9965,9483,6401,1661,15,2285,4911,4591,4158,1190,53,3072,5054,4892,2243,471
2021,2,U,관광특구,1001493,동대문패션타운 관광특구,6054,2958,3096,36,1434,1695,1160,1061,668,13,543,737,662,600,403,23,891,958,498,461,265
2021,2,U,관광특구,1001492,명동 남대문 북창동 다동 무교동 관광특구,104830,53674,51156,423,27134,34007,23384,15726,4156,137,8860,16080,15133,10824,2640,286,18274,17927,8251,4902,1516
2021,2,U,관광특구,1001491,이태원 관광특구,5839,3064,2775,28,1377,2065,1290,768,311,18,514,986,777,541,228,10,863,1079,513,227,83
2021,2,R,전통시장,2130326,고덕 골목형상점가,935,850,85,0,8,37,165,395,330,0,4,31,147,360,308,0,4,6,18,35,22
2021,2,R,전통시장,2130325,명일전통시장,89,30,59,0,8,10,13,28,30,0,3,6,5,8,8,0,5,4,8,20,22
2021,2,R,전통시장,2130324,길동복조리시장,154,85,69,3,27,32,47,40,5,2,13,18,31,19,2,1,14,14,16,21,3
2021,2,R,전통시장,2130323,둔촌역전통시장,171,86,85,0,3,14,23,36,95,0,2,6,8,14,56,0,1,8,15,22,39
2021,2,R,전통시장,2130322,고분다리전통시장,8,5,3,0,0,1,2,4,1,0,0,1,1,2,1,0,0,0,1,2,0
2021,2,R,전통시장,2130321,장신구 특화거리 상점가,433,269,164,0,92,114,88,92,47,0,43,72,56,61,37,0,49,42,32,31,10
2021,2,R,전통시장,2130320,암사종합시장,173,97,76,1,16,29,50,31,46,1,5,12,31,19,29,0,11,17,19,12,17
2021,2,R,전통시장,2130319,성내전통시장,34,21,13,0,3,5,9,10,7,0,3,2,5,7,4,0,0,3,4,3,3
2021,2,R,전통시장,2130318,로데오거리상점가,266,132,134,0,31,43,49,55,88,0,9,12,19,26,66,0,22,31,30,29,22
2021,2,R,전통시장,2130317,마천중앙시장,107,77,30,0,15,35,24,17,16,0,11,24,12,14,16,0,4,11,12,3,0
2021,2,R,전통시장,2130316,마천시장,18,9,9,0,3,3,2,10,0,0,2,2,2,3,0,0,1,1,0,7,0
2021,2,R,전통시장,2130315,문정동 로데오거리 상점가(문정동 로데오거리),1372,808,564,6,313,289,260,251,253,3,118,168,164,145,210,3,195,121,96,106,43
2021,2,R,전통시장,2130314,풍납시장,202,99,103,1,24,42,50,60,25,1,15,27,22,18,16,0,9,15,28,42,9
2021,2,R,전통시장,2130313,방이시장,3469,1526,1943,5,449,529,612,1126,748,4,159,335,346,371,311,1,290,194,266,755,437
2021,2,R,전통시장,2130312,석촌시장,619,270,349,1,20,40,81,170,307,1,9,23,43,41,153,0,11,17,38,129,154
2021,2,R,전통시장,2130311,새마을시장,377,246,131,1,60,78,104,75,59,0,28,48,80,55,35,1,32,30,24,20,24
2021,2,R,전통시장,2130310,강남개포시장,298,173,125,0,29,56,71,82,60,0,8,23,42,56,44,0,21,33,29,26,16
2021,2,R,전통시장,2130308,청담삼익시장,48,30,18,0,5,11,13,7,12,0,3,6,8,4,9,0,2,5,5,3,3
2021,2,R,전통시장,2130307,도곡시장,57,25,32,0,3,7,15,13,19,0,1,4,4,6,10,0,2,3,11,7,9
2021,2,R,전통시장,2130306,강남언주로,235,151,84,2,48,48,63,45,29,2,27,34,47,23,18,0,21,14,16,22,11
2021,2,R,전통시장,2130305,논현종합시장,85,43,42,0,21,14,14,19,17,0,7,7,6,14,9,0,14,7,8,5,8
2021,2,R,전통시장,2130304,신사상가,138,79,59,1,12,22,32,42,29,0,3,8,11,32,25,1,9,14,21,10,4
2021,2,R,전통시장,2130303,영동전통시장,242,95,147,0,21,60,67,58,36,0,7,19,22,24,23,0,14,41,45,34,13
2021,2,R,전통시장,2130302,강남시장(강남구 강남시장),58,33,25,0,13,15,14,8,8,0,7,10,9,2,5,0,6,5,5,6,3
2021,2,R,전통시장,2130301,양재시장,35,22,13,0,2,10,9,7,7,0,1,7,6,3,5,0,1,3,3,4,2
2021,2,R,전통시장,2130299,엔터식스 강남점,1850,1551,299,18,189,270,602,601,170,5,97,197,542,558,152,13,92,73,60,43,18
2021,2,R,전통시장,2130298,강남터미널지하도상점가2구역,2,1,1,0,1,0,0,0,1,0,1,0,0,0,0,0,0,0,0,0,1
2021,2,R,전통시장,2130296,남부종합시장,85,63,22,0,2,8,25,35,15,0,1,8,16,24,14,0,1,0,9,11,1
2021,2,R,전통시장,2130295,인헌시장(원당종합시장),122,48,74,0,20,27,38,23,14,0,3,9,16,12,8,0,17,18,22,11,6
2021,2,R,전통시장,2130294,관악중부시장,102,40,62,1,5,10,22,39,25,0,2,3,7,16,12,1,3,7,15,23,13
2021,2,R,전통시장,2130293,봉천중앙시장,154,42,112,0,17,13,29,46,49,0,5,7,14,14,2,0,12,6,15,32,47
2021,2,R,전통시장,2130290,영림시장,417,183,234,0,74,101,107,92,43,0,14,49,43,44,33,0,60,52,64,48,10
2021,2,R,전통시장,2130289,봉일시장,36,20,16,1,1,2,5,14,13,0,0,1,5,3,11,1,1,1,0,11,2
2021,2,R,전통시장,2130288,신림현대종합상가,2,0,2,0,1,1,0,0,0,0,0,0,0,0,0,0,1,1,0,0,0
2021,2,R,전통시장,2130285,서원동상점가,615,316,299,4,28,56,85,160,282,1,17,38,45,60,155,3,11,18,40,100,127
2021,2,R,전통시장,2130284,관악종합시장(신원시장),17,10,7,0,0,1,3,10,3,0,0,1,1,6,2,0,0,0,2,4,1
2021,2,R,전통시장,2130283,신원시장,25,11,14,0,3,3,10,5,4,0,1,1,3,3,3,0,2,2,7,2,1
2021,2,R,전통시장,2130282,난곡 골목형상점가,20,8,12,0,4,2,10,4,0,0,2,1,4,1,0,0,2,1,6,3,0
2021,2,R,전통시장,2130281,우림시장,1,0,1,0,0,0,1,0,0,0,0,0,0,0,0,0,0,0,1,0,0
2021,2,R,전통시장,2130280,신림종합시장,8,7,1,0,0,0,0,2,6,0,0,0,0,1,6,0,0,0,0,1,0
2021,2,R,전통시장,2130279,관악신사시장,120,63,57,0,17,20,27,37,19,0,5,10,16,20,12,0,12,10,11,17,7
2021,2,R,전통시장,2130278,미성동 도깨비시장 골목형상점가,75,16,59,0,0,16,28,24,7,0,0,7,5,2,2,0,0,9,23,22,5
2021,2,R,전통시장,2130277,조원동 펭귄시장(신림중앙시장),98,56,42,1,15,26,31,19,6,1,8,18,16,9,4,0,7,8,15,10,2
2021,2,R,전통시장,2130276,신림중앙시장(조원동 펭귄시장),43,27,16,0,1,2,14,12,14,0,0,2,7,9,9,0,1,0,7,3,5
2021,2,R,전통시장,2130275,강남골목시장,168,124,44,0,17,40,46,35,30,0,15,33,30,24,22,0,2,7,16,11,8
2021,2,R,전통시장,2130274,사당1동먹자골목상점가(사당1동먹자골목),389,218,171,4,91,100,81,63,50,3,45,64,37,35,34,1,46,36,44,28,16
2021,2,R,전통시장,2130273,남성사계시장(남성시장),141,63,78,0,21,36,45,22,17,0,3,19,20,8,13,0,18,17,25,14,4
2021,2,R,전통시장,2130272,사당시장,45,20,25,0,4,6,10,11,14,0,0,1,4,6,9,0,4,5,6,5,5
2021,2,R,전통시장,2130271,남성역골목시장,467,268,199,1,36,33,39,47,311,1,12,20,22,16,197,0,24,13,17,31,114
2021,2,R,전통시장,2130270,흑석시장,4,3,1,0,2,0,0,2,0,0,1,0,0,2,0,0,1,0,0,0,0
2021,2,R,전통시장,2130268,상도전통시장,239,104,135,0,33,60,53,58,35,0,12,23,23,24,22,0,21,37,30,34,13
2021,2,R,전통시장,2130267,본동인정시장(기능상실),59,41,18,0,6,10,12,15,16,0,4,7,9,8,13,0,2,3,3,7,3
2021,2,R,전통시장,2130266,만양로상점가,129,75,54,0,6,37,51,21,14,0,1,23,33,14,4,0,5,14,18,7,10
2021,2,R,전통시장,2130265,노량진중앙시장,115,82,33,0,17,48,34,8,8,0,12,42,23,3,2,0,5,6,11,5,6
2021,2,R,전통시장,2130264,상도약수골목형상점가,65,35,30,1,14,8,15,20,7,0,4,3,9,12,7,1,10,5,6,8,0
2021,2,R,전통시장,2130263,신노량진시장(기능상실),11,3,8,0,0,3,3,5,0,0,0,0,1,2,0,0,0,3,2,3,0
2021,2,R,전통시장,2130262,상도도깨비 골목형상점가,18,8,10,0,1,0,12,2,3,0,0,0,6,0,2,0,1,0,6,2,1
2021,2,R,전통시장,2130261,성대전통시장(성대시장),211,104,107,0,15,47,61,61,27,0,4,26,33,23,18,0,11,21,28,38,9
2021,2,R,전통시장,2130260,신대방1동골목상권,70,31,39,0,8,22,15,15,10,0,0,7,7,10,7,0,8,15,8,5,3
2021,2,R,전통시장,2130259,대신시장,12,9,3,0,1,0,5,2,4,0,1,0,3,2,3,0,0,0,2,0,1
2021,2,R,전통시장,2130257,영등포시장기계공구상가,158,116,42,0,11,26,33,47,41,0,7,16,22,37,34,0,4,10,11,10,7
2021,2,R,전통시장,2130256,신동시장,2,2,0,0,0,0,0,1,1,0,0,0,0,1,1,0,0,0,0,0,0
2021,2,R,전통시장,2130255,영등포전통시장,45,29,16,0,1,7,5,10,22,0,1,5,3,4,16,0,0,2,2,6,6
2021,2,R,전통시장,2130253,영신상가(제일상가),9,7,2,0,2,3,0,2,2,0,2,3,0,1,1,0,0,0,0,1,1
2021,2,R,전통시장,2130250,삼구시장(로타리상가),1,0,1,0,0,0,0,1,0,0,0,0,0,0,0,0,0,0,0,1,0
2021,2,R,전통시장,2130249,동남상가,10,8,2,0,2,0,0,4,4,0,1,0,0,4,3,0,1,0,0,0,1
2021,2,R,전통시장,2130248,영등포역지하도상점가,12,5,7,0,0,2,4,3,3,0,0,0,2,0,3,0,0,2,2,3,0
2021,2,R,전통시장,2130247,우리시장,21,16,5,0,3,4,6,3,5,0,1,3,5,3,4,0,2,1,1,0,1
2021,2,R,전통시장,2130246,영등포청과시장(조광시장),237,126,111,0,24,33,47,77,56,0,9,11,28,39,39,0,15,22,19,38,17
2021,2,R,전통시장,2130245,영일시장,675,567,108,1,61,189,238,136,50,0,41,148,217,115,46,1,20,41,21,21,4
2021,2,R,전통시장,2130244,대림중앙시장,95,39,56,3,14,16,21,15,26,2,9,8,10,4,6,1,5,8,11,11,20
2021,2,R,전통시장,2130243,도림시장,6,4,2,0,0,1,4,0,1,0,0,1,3,0,0,0,0,0,1,0,1
2021,2,R,전통시장,2130242,대림중앙 골목형상점가,68,21,47,0,4,14,21,24,5,0,1,6,5,5,4,0,3,8,16,19,1
2021,2,R,전통시장,2130241,선유도역 골목형상점가,500,253,247,0,95,93,123,136,53,0,39,49,66,67,32,0,56,44,57,69,21
2021,2,R,전통시장,2130240,영등포유통상가,1183,753,430,0,95,232,273,252,331,0,52,127,178,168,228,0,43,105,95,84,103
2021,2,R,전통시장,2130238,은행나무시장,113,71,42,0,22,24,31,22,14,0,13,16,22,14,6,0,9,8,9,8,8
2021,2,R,전통시장,2130237,박미시장(기능상실),39,26,13,0,1,6,11,9,12,0,0,2,7,8,9,0,1,4,4,1,3
2021,2,R,전통시장,2130236,비단길현대시장(현대시장),139,42,97,0,13,23,49,40,14,0,4,3,12,17,6,0,9,20,37,23,8
2021,2,R,전통시장,2130235,대명여울빛거리시장(대명시장),298,80,218,0,39,52,77,82,48,0,11,14,25,19,11,0,28,38,52,63,37
2021,2,R,전통시장,2130234,푸른터시장(기능상실),3,2,1,0,0,1,0,2,0,0,0,1,0,1,0,0,0,0,0,1,0
2021,2,R,전통시장,2130233,남문시장,76,47,29,0,5,8,18,22,23,0,2,3,9,12,21,0,3,5,9,10,2
2021,2,R,전통시장,2130232,독산동 맛나는거리상점가(독산동 맛나는거리),33,24,9,0,3,12,5,10,3,0,2,9,4,6,3,0,1,3,1,4,0
2021,2,R,전통시장,2130231,독산동 우시장,611,476,135,2,31,74,126,196,182,0,16,55,97,145,163,2,15,19,29,51,19
2021,2,R,전통시장,2130229,남구로시장,249,139,110,1,16,53,61,62,56,0,7,30,31,32,39,1,9,23,30,30,17
2021,2,R,전통시장,2130228,구로시장,10,5,5,0,0,4,6,0,0,0,0,1,4,0,0,0,0,3,2,0,0
2021,2,R,전통시장,2130227,고척골목시장상점가(그라운드 고척),97,68,29,0,8,22,36,23,8,0,4,13,26,19,6,0,4,9,10,4,2
2021,2,R,전통시장,2130226,고척프라자,2,2,0,0,1,1,0,0,0,0,1,1,0,0,0,0,0,0,0,0,0
2021,2,R,전통시장,2130225,개봉중앙시장,147,59,88,0,15,21,39,44,28,0,3,4,19,22,11,0,12,17,20,22,17
2021,2,R,전통시장,2130224,개봉프라자(고척근린시장),5,4,1,0,0,0,1,2,2,0,0,0,1,1,2,0,0,0,0,1,0
2021,2,R,전통시장,2130223,고척근린시장,42,12,30,0,2,10,12,14,4,0,0,1,1,7,3,0,2,9,11,7,1
2021,2,R,전통시장,2130222,오류시장,132,21,111,0,10,26,46,43,7,0,5,1,4,5,6,0,5,25,42,38,1
2021,2,R,전통시장,2130221,"남부골목시장(남부화곡시장, 남부시장)",188,69,119,0,22,32,50,57,27,0,5,5,15,22,22,0,17,27,35,35,5
2021,2,R,전통시장,2130219,까치산시장,124,37,87,0,16,18,39,32,19,0,4,6,9,9,9,0,12,12,30,23,10
2021,2,R,전통시장,2130218,신월중앙시장,118,53,65,0,28,34,26,13,17,0,8,12,11,9,13,0,20,22,15,4,4
2021,2,R,전통시장,2130217,화곡본동시장,36,16,20,0,3,5,10,13,5,0,1,3,5,6,1,0,2,2,5,7,4
2021,2,R,전통시장,2130216,화곡중앙시장,75,32,43,0,4,11,21,22,17,0,2,2,9,8,11,0,2,9,12,14,6
2021,2,R,전통시장,2130215,대원종합시장,9,7,2,0,0,1,0,3,5,0,0,1,0,2,4,0,0,0,0,1,1
2021,2,R,전통시장,2130214,송화벽화시장(송화골목시장),119,44,75,2,23,18,25,33,18,0,6,7,9,13,9,2,17,11,16,20,9
2021,2,R,전통시장,2130213,방신전통시장,112,77,35,0,13,20,25,29,25,0,10,18,14,14,21,0,3,2,11,15,4
2021,2,R,전통시장,2130212,공항시장,8,6,2,0,1,0,3,2,2,0,1,0,3,0,2,0,0,0,0,2,0
2021,2,R,전통시장,2130211,신정2동 골목시장(오목교중앙시장),51,18,33,0,3,10,18,17,3,0,1,3,8,4,2,0,2,7,10,13,1
2021,2,R,전통시장,2130210,목2동시장,432,251,181,1,66,124,122,71,48,1,40,69,70,39,32,0,26,55,52,32,16
2021,2,R,전통시장,2130209,목사랑시장(목4동시장),111,61,50,0,7,15,23,42,24,0,2,13,10,20,16,0,5,2,13,22,8
2021,2,R,전통시장,2130208,목동깨비시장(목3동시장),148,67,81,0,13,20,55,37,23,0,7,6,18,19,17,0,6,14,37,18,6
2021,2,R,전통시장,2130207,신정1동 골목시장(신정제일시장),38,21,17,0,8,9,10,7,4,0,3,5,6,4,3,0,5,4,4,3,1
2021,2,R,전통시장,2130206,신정3동 골목시장,20,6,14,0,0,5,11,2,2,0,0,0,3,1,2,0,0,5,8,1,0
2021,2,R,전통시장,2130205,신곡종합시장(신월6동 골목시장),141,103,38,1,17,36,39,32,16,0,10,27,33,18,15,1,7,9,6,14,1
2021,2,R,전통시장,2130204,경창시장,100,50,50,0,5,12,27,27,29,0,2,5,12,16,15,0,3,7,15,11,14
2021,2,R,전통시장,2130203,서서울 골목형상점가,34,7,27,0,2,7,10,12,3,0,0,0,2,4,1,0,2,7,8,8,2
2021,2,R,전통시장,2130202,신영시장,40,13,27,0,3,4,13,16,4,0,2,0,3,6,2,0,1,4,10,10,2
2021,2,R,전통시장,2130201,월정로시장,27,17,10,0,2,8,10,7,0,0,0,7,6,4,0,0,2,1,4,3,0
2021,2,R,전통시장,2130200,"신월7동 골목시장(약수시장, 우성상가)",27,18,9,0,0,3,9,6,9,0,0,0,7,4,7,0,0,3,2,2,2
2021,2,R,전통시장,2130199,신월3동 골목시장,18,8,10,0,1,4,4,9,0,0,0,1,3,4,0,0,1,3,1,5,0
2021,2,R,전통시장,2130198,아현시장,203,45,158,1,51,84,52,10,5,0,8,5,26,4,2,1,43,79,26,6,3
2021,2,R,전통시장,2130197,마포시장,15,5,10,0,0,1,5,4,5,0,0,1,0,2,2,0,0,0,5,2,3
2021,2,R,전통시장,2130196,공덕시장,3948,2001,1947,52,1323,1296,891,287,99,28,467,646,599,181,80,24,856,650,292,106,19
2021,2,R,전통시장,2130195,도화동 상점가,1055,510,545,2,201,269,228,163,192,1,86,133,121,95,74,1,115,136,107,68,118
2021,2,R,전통시장,2130194,용강동 상점가,875,502,373,0,103,131,179,170,292,0,39,75,104,114,170,0,64,56,75,56,122
2021,2,R,전통시장,2130193,신수시장,34,19,15,0,4,7,12,5,6,0,1,5,5,4,4,0,3,2,7,1,2
2021,2,R,전통시장,2130192,동진시장,10,6,4,0,1,1,4,3,1,0,1,1,1,2,1,0,0,0,3,1,0
2021,2,R,전통시장,2130191,홍대 걷고싶은 거리,367,225,142,6,65,65,81,82,68,4,40,41,54,47,39,2,25,24,27,35,29
2021,2,R,전통시장,2130190,홍대소상공인상점가,150,77,73,1,55,35,30,18,11,0,18,22,18,10,9,1,37,13,12,8,2
2021,2,R,전통시장,2130189,서교시장,24,10,14,0,2,1,7,6,8,0,0,1,2,3,4,0,2,0,5,3,4
2021,2,R,전통시장,2130187,영진시장,29,14,15,0,4,5,11,7,2,0,2,2,6,2,2,0,2,3,5,5,0
2021,2,R,전통시장,2130186,망원시장,178,84,94,0,16,30,47,50,35,0,13,19,20,17,15,0,3,11,27,33,20
2021,2,R,전통시장,2130185,망원월드컵시장,190,123,67,1,26,69,53,25,16,1,14,43,35,16,14,0,12,26,18,9,2
2021,2,R,전통시장,2130184,마포농수산물시장,77,40,37,0,2,12,24,26,13,0,1,8,12,14,5,0,1,4,12,12,8
2021,2,R,전통시장,2130183,상암동상점가,816,607,209,1,89,204,283,187,52,0,49,150,227,143,38,1,40,54,56,44,14
2021,2,R,전통시장,2130182,영천시장,78,35,43,0,13,8,24,22,11,0,3,4,10,12,6,0,10,4,14,10,5
2021,2,R,전통시장,2130181,아현가구거리상점가,59,30,29,0,8,11,13,10,17,0,0,7,9,4,10,0,8,4,4,6,7
2021,2,R,전통시장,2130180,포방터시장,59,34,25,0,13,11,15,6,14,0,4,4,11,5,10,0,9,7,4,1,4
2021,2,R,전통시장,2130179,"이화여대 3,5,7길 상점가",147,65,82,3,34,15,41,31,23,1,12,3,14,17,18,2,22,12,27,14,5
2021,2,R,전통시장,2130178,이대 앞 스타트업 상점가,32,7,25,0,5,5,10,6,6,0,1,0,4,0,2,0,4,5,6,6,4
2021,2,R,전통시장,2130177,인왕시장(홍제골목형상점가),44,7,37,0,1,1,8,7,27,0,0,0,1,3,3,0,1,1,7,4,24
2021,2,R,전통시장,2130176,유진상가,38,23,15,0,20,16,1,1,0,0,9,13,1,0,0,0,11,3,0,1,0
2021,2,R,전통시장,2130175,신촌 상인회(신촌상점가),13,5,8,0,1,3,5,4,0,0,1,0,1,3,0,0,0,3,4,1,0
2021,2,R,전통시장,2130173,백련시장,5,3,2,0,0,1,0,2,2,0,0,1,0,0,2,0,0,0,0,2,0
2021,2,R,전통시장,2130172,모래내시장(서중시장),41,13,28,0,5,12,8,10,6,0,0,2,3,5,3,0,5,10,5,5,3
2021,2,R,전통시장,2130171,불광먹자골목 골목형상점가,155,54,101,0,18,31,24,37,45,0,4,9,11,16,14,0,14,22,13,21,31
2021,2,R,전통시장,2130170,제일시장,58,26,32,1,7,9,13,19,9,1,2,2,5,11,5,0,5,7,8,8,4
2021,2,R,전통시장,2130169,대조시장,67,31,36,0,5,11,21,23,7,0,1,3,11,11,5,0,4,8,10,12,2
2021,2,R,전통시장,2130168,연서시장,242,157,85,0,19,50,53,65,55,0,5,23,33,49,47,0,14,27,20,16,8
2021,2,R,전통시장,2130167,연신내상점가(연빛거리),636,239,397,1,144,143,157,120,71,1,31,52,57,53,45,0,113,91,100,67,26
2021,2,R,전통시장,2130166,응암시장(신응암시장),17,10,7,0,0,3,2,5,7,0,0,0,1,3,6,0,0,3,1,2,1
2021,2,R,전통시장,2130165,"대림골목시장(대림시장, 양지시장)",214,34,180,0,20,45,56,62,31,0,1,7,5,11,10,0,19,38,51,51,21
2021,2,R,전통시장,2130164,역촌중앙시장,9,3,6,0,0,1,2,2,4,0,0,0,1,1,1,0,0,1,1,1,3
2021,2,R,전통시장,2130163,응암오거리상점가,182,49,133,0,24,28,44,50,36,0,4,8,11,12,14,0,20,20,33,38,22
2021,2,R,전통시장,2130162,증산골목시장,7,3,4,0,0,2,2,1,2,0,0,0,0,1,2,0,0,2,2,0,0
2021,2,R,전통시장,2130161,증산종합시장,8,5,3,0,0,1,2,2,3,0,0,0,1,2,2,0,0,1,1,0,1
2021,2,R,전통시장,2130160,수일시장,7,2,5,0,0,2,1,2,2,0,0,0,0,1,1,0,0,2,1,1,1
2021,2,R,전통시장,2130159,공릉동 도깨비시장,101,47,54,0,12,22,24,26,17,0,4,8,9,15,11,0,8,14,15,11,6
2021,2,R,전통시장,2130157,상계중앙시장,74,40,34,0,14,19,14,17,10,0,8,15,7,7,3,0,6,4,7,10,7
2021,2,R,전통시장,2130155,시영B상가(중계 그린아파트 B 상가),12,8,4,0,1,5,3,3,0,0,0,5,2,1,0,0,1,0,1,2,0
2021,2,R,전통시장,2130153,창동역상점가,229,138,91,0,18,48,54,56,53,0,7,31,30,31,39,0,11,17,24,25,14
2021,2,R,전통시장,2130152,오!도봉거리 상점가,61,34,27,0,5,14,19,13,10,0,1,5,10,10,8,0,4,9,9,3,2
2021,2,R,전통시장,2130151,신도봉시장,5,5,0,0,1,0,2,2,0,0,1,0,2,2,0,0,0,0,0,0,0
2021,2,R,전통시장,2130150,창동골목시장,84,47,37,0,19,30,14,8,13,0,7,20,9,5,6,0,12,10,5,3,7
2021,2,R,전통시장,2130149,창동신창시장,104,40,64,0,2,21,32,29,20,0,0,7,14,8,11,0,2,14,18,21,9
2021,2,R,전통시장,2130148,방학동도깨비시장,60,33,27,0,6,9,16,18,11,0,4,3,8,14,4,0,2,6,8,4,7
2021,2,R,전통시장,2130147,쌍문역동측상점가,69,32,37,0,7,17,18,9,18,0,2,6,10,5,9,0,5,11,8,4,9
2021,2,R,전통시장,2130146,쌍문시장(쌍문역골목시장),263,124,139,0,29,33,54,80,67,0,10,12,28,32,42,0,19,21,26,48,25
2021,2,R,전통시장,2130145,쌍문역둘리상점가,244,202,42,0,39,44,77,62,22,0,28,35,65,56,18,0,11,9,12,6,4
2021,2,R,전통시장,2130144,백운시장,38,17,21,0,0,3,13,14,8,0,0,0,5,5,7,0,0,3,8,9,1
2021,2,R,전통시장,2130143,방천골목시장,65,36,29,0,11,7,19,24,4,0,6,5,9,13,3,0,5,2,10,11,1
2021,2,R,전통시장,2130142,강북북부시장,7,5,2,0,1,1,0,2,3,0,0,1,0,2,2,0,1,0,0,0,1
2021,2,R,전통시장,2130141,강북북부골목시장,43,20,23,0,16,4,11,6,6,0,3,2,6,6,3,0,13,2,5,0,3
2021,2,R,전통시장,2130140,숭인시장,62,27,35,0,9,13,10,15,15,0,0,4,1,9,13,0,9,9,9,6,2
2021,2,R,전통시장,2130139,강북종합전통시장(강북종합골목시장),166,114,52,0,16,45,61,28,16,0,11,33,42,19,9,0,5,12,19,9,7
2021,2,R,전통시장,2130138,수유프라자,142,24,118,1,31,24,16,42,28,0,1,4,5,4,10,1,30,20,11,38,18
2021,2,R,전통시장,2130137,"수유전통시장(수유시장, 수유골목시장)",89,31,58,0,5,10,19,26,29,0,0,3,8,8,12,0,5,7,11,18,17
2021,2,R,전통시장,2130136,수유재래시장,29,11,18,0,6,5,7,5,6,0,2,1,0,2,6,0,4,4,7,3,0
2021,2,R,전통시장,2130135,수유중앙골목시장(수유중앙시장),24,12,12,0,0,3,4,5,12,0,0,2,2,0,8,0,0,1,2,5,4
2021,2,R,전통시장,2130134,"솔샘시장(미아6,7동골목시장)",73,30,43,1,7,19,25,18,3,0,3,4,12,8,3,1,4,15,13,10,0
2021,2,R,전통시장,2130133,우이골목시장(우이시장),69,61,8,0,7,7,19,20,16,0,6,6,17,17,15,0,1,1,2,3,1
2021,2,R,전통시장,2130132,삼양골목시장(삼양시장),57,19,38,0,10,13,12,14,8,0,0,4,5,5,5,0,10,9,7,9,3
2021,2,R,전통시장,2130131,동북프라자,121,49,72,0,9,23,37,29,23,0,4,8,17,9,11,0,5,15,20,20,12
2021,2,R,전통시장,2130130,수유북부골목시장,20,14,6,0,1,1,7,5,6,0,0,0,6,3,5,0,1,1,1,2,1
2021,2,R,전통시장,2130129,장미원골목시장,911,571,340,0,15,14,38,89,755,0,1,4,12,40,514,0,14,10,26,49,241
2021,2,R,전통시장,2130128,돌곶이시장(석관황금시장),191,157,34,0,30,36,41,72,12,0,28,26,29,62,12,0,2,10,12,10,0
2021,2,R,전통시장,2130126,새석관시장,3,1,2,0,0,0,1,2,0,0,0,0,0,1,0,0,0,0,1,1,0
2021,2,R,전통시장,2130125,장위전통시장,40,20,20,0,5,6,7,8,14,0,0,2,5,5,8,0,5,4,2,3,6
2021,2,R,전통시장,2130123,꿈의숲 장곡 골목형상점가,6,5,1,0,1,0,1,4,0,0,1,0,1,3,0,0,0,0,0,1,0
2021,2,R,전통시장,2130122,밤나무골시장,17,5,12,0,2,4,6,4,1,0,1,1,2,1,0,0,1,3,4,3,1
2021,2,R,전통시장,2130121,길음시장,91,19,72,0,36,24,10,8,13,0,2,5,3,2,7,0,34,19,7,6,6
2021,2,R,전통시장,2130120,돈암시장(돈암제일시장),99,23,76,1,20,20,25,18,15,0,0,2,7,8,6,1,20,18,18,10,9
2021,2,R,전통시장,2130119,정릉아리랑시장,15,4,11,0,0,4,5,5,1,0,0,0,0,3,1,0,0,4,5,2,0
2021,2,R,전통시장,2130118,정릉골 골목형상점가,67,30,37,0,11,13,11,19,13,0,0,2,6,12,10,0,11,11,5,7,3
2021,2,R,전통시장,2130117,정릉시장,119,62,57,0,4,15,34,41,25,0,2,8,20,18,14,0,2,7,14,23,11
2021,2,R,전통시장,2130116,동성타워프라자,31,22,9,0,2,9,7,8,5,0,2,4,4,7,5,0,0,5,3,1,0
2021,2,R,전통시장,2130115,우림골목시장,307,106,201,2,80,61,68,64,32,0,29,11,30,20,16,2,51,50,38,44,16
2021,2,R,전통시장,2130114,유영시장,31,20,11,0,9,5,3,8,6,0,7,2,2,5,4,0,2,3,1,3,2
2021,2,R,전통시장,2130113,신아타운,148,27,121,1,31,31,28,39,18,1,4,9,3,4,6,0,27,22,25,35,12
2021,2,R,전통시장,2130112,사가정시장,86,28,58,0,13,17,24,19,13,0,0,3,6,8,11,0,13,14,18,11,2
2021,2,R,전통시장,2130111,"동원전통종합시장(동원시장, 동원전통시장 상점가)",224,109,115,0,24,37,49,82,32,0,11,17,21,38,22,0,13,20,28,44,10
2021,2,R,전통시장,2130110,면목골목시장(면목시장),103,59,44,0,1,8,32,38,24,0,1,5,19,18,16,0,0,3,13,20,8
2021,2,R,전통시장,2130109,묵1동도깨비시장,47,33,14,0,2,9,16,9,11,0,1,5,13,5,9,0,1,4,3,4,2
2021,2,R,전통시장,2130108,태능엔터피아(태릉시장),3,1,2,0,0,0,1,2,0,0,0,0,0,1,0,0,0,0,1,1,0
2021,2,R,전통시장,2130107,중랑동부시장(중랑교종합상가),13,3,10,0,0,1,4,5,3,0,0,0,0,1,2,0,0,1,4,4,1
2021,2,R,전통시장,2130106,중랑동부시장,166,56,110,1,20,40,34,39,32,0,1,8,7,21,19,1,19,32,27,18,13
2021,2,R,전통시장,2130105,장미제일시장(중화동제일시장),63,27,36,0,8,14,22,11,8,0,3,6,14,3,1,0,5,8,8,8,7
2021,2,R,전통시장,2130104,전곡시장,93,54,39,0,8,17,28,26,14,0,5,8,16,13,12,0,3,9,12,13,2
2021,2,R,전통시장,2130103,이경시장,16,8,8,0,0,1,2,2,11,0,0,1,1,1,5,0,0,0,1,1,6
2021,2,R,전통시장,2130101,답십리현대시장,8,5,3,0,0,1,3,2,2,0,0,1,1,2,1,0,0,0,2,0,1
2021,2,R,전통시장,2130100,답십리시장,93,40,53,2,19,25,23,11,13,2,4,9,11,6,8,0,15,16,12,5,5
2021,2,R,전통시장,2130099,전농로터리시장,7,3,4,0,1,0,2,3,1,0,0,0,1,1,1,0,1,0,1,2,0
2021,2,R,전통시장,2130098,회기시장,55,17,38,0,9,14,15,12,5,0,2,3,4,6,2,0,7,11,11,6,3
2021,2,R,전통시장,2130097,답십리 건축자재시장,315,202,113,1,17,46,46,44,161,0,8,37,25,23,109,1,9,9,21,21,52
2021,2,R,전통시장,2130096,동부시장,14,9,5,0,0,0,1,1,12,0,0,0,0,0,9,0,0,0,1,1,3
2021,2,R,전통시장,2130095,청량리전통시장,95,38,57,0,6,16,18,33,22,0,4,6,9,10,9,0,2,10,9,23,13
2021,2,R,전통시장,2130094,청량리청과물시장,54,24,30,0,7,13,17,7,10,0,0,4,10,2,8,0,7,9,7,5,2
2021,2,R,전통시장,2130093,동서시장,5,3,2,0,0,0,1,2,2,0,0,0,1,0,2,0,0,0,0,2,0
2021,2,R,전통시장,2130092,청량리농수산물시장,12,9,3,0,0,1,3,5,3,0,0,0,3,3,3,0,0,1,0,2,0
2021,2,R,전통시장,2130091,청량종합도매시장,36,27,9,0,1,3,11,14,7,0,0,3,8,10,6,0,1,0,3,4,1
2021,2,R,전통시장,2130090,청량리종합시장,19,13,6,0,1,4,3,5,6,0,1,2,3,3,4,0,0,2,0,2,2
2021,2,R,전통시장,2130089,청량리수산시장,42,33,9,0,4,7,16,6,9,0,3,7,12,4,7,0,1,0,4,2,2
2021,2,R,전통시장,2130088,경동시장,126,57,69,0,18,32,24,17,35,0,3,11,11,10,22,0,15,21,13,7,13
2021,2,R,전통시장,2130087,경동광성상가(경동시장),28,20,8,0,5,3,8,7,5,0,3,2,6,5,4,0,2,1,2,2,1
2021,2,R,전통시장,2130086,서울약령시장,1184,651,533,4,113,208,305,341,213,0,56,128,165,181,121,4,57,80,140,160,92
2021,2,R,전통시장,2130085,용두시장,4,2,2,0,0,0,1,2,1,0,0,0,0,1,1,0,0,0,1,1,0
2021,2,R,전통시장,2130084,신성시장(신성골목시장),21,6,15,0,3,5,8,4,1,0,0,1,2,2,1,0,3,4,6,2,0
2021,2,R,전통시장,2130083,"중곡제일시장(중곡제일골목시장, 광성시장)",111,68,43,0,15,21,29,24,22,0,7,14,20,10,17,0,8,7,9,14,5
2021,2,R,전통시장,2130082,면곡골목시장,20,11,9,0,4,0,1,9,6,0,4,0,0,3,4,0,0,0,1,6,2
2021,2,R,전통시장,2130081,자양골목전통시장(자양골목시장),54,36,18,0,7,17,14,9,7,0,5,12,9,6,4,0,2,5,5,3,3
2021,2,R,전통시장,2130080,자양종합시장(기능상실),14,10,4,0,0,1,6,6,1,0,0,1,4,4,1,0,0,0,2,2,0
2021,2,R,전통시장,2130079,한아름시장,40,29,11,0,5,6,6,10,13,0,4,4,5,6,10,0,1,2,1,4,3
2021,2,R,전통시장,2130078,화양제일골목시장,65,23,42,0,6,17,20,18,4,0,1,7,8,6,1,0,5,10,12,12,3
2021,2,R,전통시장,2130077,조양시장,31,19,12,0,11,7,8,5,0,0,6,5,4,4,0,0,5,2,4,1,0
2021,2,R,전통시장,2130076,능동로골목시장,88,67,21,0,2,11,14,16,45,0,1,4,13,10,39,0,1,7,1,6,6
2021,2,R,전통시장,2130075,노룬산시장(노룬산골목시장),23,13,10,0,4,5,10,2,2,0,3,3,6,0,1,0,1,2,4,2,1
2021,2,R,전통시장,2130074,영동교골목시장,21,15,6,0,6,9,2,3,1,0,3,9,0,2,1,0,3,0,2,1,0
2021,2,R,전통시장,2130073,뚝도시장,45,17,28,1,3,10,9,11,11,0,0,2,4,5,6,1,3,8,5,6,5
2021,2,R,전통시장,2130072,성동용답상가시장,132,71,61,0,21,19,35,39,18,0,9,9,16,26,11,0,12,10,19,13,7
2021,2,R,전통시장,2130071,성수역 골목형상점가,335,180,155,1,61,89,70,43,71,0,27,43,43,29,38,1,34,46,27,14,33
2021,2,R,전통시장,2130070,뚝섬역상점가,1016,697,319,6,178,259,217,222,134,4,105,179,143,157,109,2,73,80,74,65,25
2021,2,R,전통시장,2130069,"한양대앞상점가(한양시장, 왕십리맛골목)",32,19,13,0,6,6,4,8,8,0,4,4,0,5,6,0,2,2,4,3,2
2021,2,R,전통시장,2130068,마장축산물시장,975,630,345,1,102,202,250,248,172,1,68,127,155,165,114,0,34,75,95,83,58
2021,2,R,전통시장,2130067,왕십리도선동상점가,1670,335,1335,3,166,202,291,591,417,1,78,98,69,49,40,2,88,104,222,542,377
2021,2,R,전통시장,2130066,행당시장상점가,397,182,215,0,49,86,115,100,47,0,17,38,54,45,28,0,32,48,61,55,19
2021,2,R,전통시장,2130065,무학봉상점가,144,67,77,0,22,29,34,37,22,0,4,10,14,22,17,0,18,19,20,15,5
2021,2,R,전통시장,2130064,금남시장,36,13,23,0,6,7,8,4,11,0,1,0,5,2,5,0,5,7,3,2,6
2021,2,R,전통시장,2130063,신금호역 골목형상점가,30,21,9,0,2,4,5,9,10,0,1,3,4,7,6,0,1,1,1,2,4
2021,2,R,전통시장,2130062,보광시장,31,12,19,0,0,6,10,13,2,0,0,3,4,4,1,0,0,3,6,9,1
2021,2,R,전통시장,2130061,이태원시장,32,20,12,0,18,3,4,6,1,0,12,1,3,3,1,0,6,2,1,3,0
2021,2,R,전통시장,2130060,신흥시장,4,1,3,0,0,2,0,2,0,0,0,1,0,0,0,0,0,1,0,2,0
2021,2,R,전통시장,2130059,후암시장,64,40,24,0,6,12,16,11,19,0,4,5,10,7,14,0,2,7,6,4,5
2021,2,R,전통시장,2130058,이촌종합시장,109,78,31,0,13,19,25,26,26,0,7,12,15,21,23,0,6,7,10,5,3
2021,2,R,전통시장,2130057,만리시장,12,9,3,0,0,2,1,4,5,0,0,1,1,3,4,0,0,1,0,1,1
2021,2,R,전통시장,2130056,용산용문시장,65,34,31,0,7,15,18,10,15,0,4,6,7,6,11,0,3,9,11,4,4
2021,2,R,전통시장,2130055,"황학시장(서울중앙시장, 신중앙시장)",203,117,86,0,24,49,47,52,31,0,12,25,24,32,24,0,12,24,23,20,7
2021,2,R,전통시장,2130054,황학동주방가구거리상점가,374,266,108,0,25,80,116,106,47,0,18,60,77,74,37,0,7,20,39,32,10
2021,2,R,전통시장,2130053,백학시장,160,69,91,0,22,24,46,37,31,0,8,8,20,15,18,0,14,16,26,22,13
2021,2,R,전통시장,2130052,서울중앙시장(신중앙시장),479,342,137,0,106,156,101,61,55,0,80,110,57,45,50,0,26,46,44,16,5
2021,2,R,전통시장,2130051,동화동 골목형상점가,391,156,235,1,82,94,98,66,50,1,18,25,43,36,33,0,64,69,55,30,17
2021,2,R,전통시장,2130050,청평화시장,120,50,70,1,18,26,31,29,15,1,9,13,5,15,7,0,9,13,26,14,8
2021,2,R,전통시장,2130049,신당 미래유산 먹거리 골목형상점가,42,19,23,0,3,5,9,13,12,0,1,3,0,7,8,0,2,2,9,6,4
2021,2,R,전통시장,2130048,동평화시장,18,9,9,0,7,8,0,3,0,0,3,4,0,2,0,0,4,4,0,1,0
2021,2,R,전통시장,2130047,테크노상가(엘리시움),160,112,48,0,10,26,34,61,29,0,5,20,21,42,24,0,5,6,13,19,5
2021,2,R,전통시장,2130046,team204(팀204),20,13,7,0,1,3,4,2,10,0,0,2,3,1,7,0,1,1,1,1,3
2021,2,R,전통시장,2130045,광희패션몰,49,29,20,0,1,5,11,17,15,0,0,2,7,11,9,0,1,3,4,6,6
2021,2,R,전통시장,2130044,에리어식스(벨포스트),10,2,8,1,0,2,3,3,1,1,0,1,0,0,0,0,0,1,3,3,1
2021,2,R,전통시장,2130043,제일평화시장,43,27,16,0,6,14,13,8,2,0,1,9,9,6,2,0,5,5,4,2,0
2021,2,R,전통시장,2130042,약수시장,158,67,91,2,36,30,40,21,29,2,9,9,19,8,20,0,27,21,21,13,9
2021,2,R,전통시장,2130041,신평화패션타운(청계6가 지하도상가),28,21,7,0,1,5,9,8,5,0,0,4,9,5,3,0,1,1,0,3,2
2021,2,R,전통시장,2130040,남평화시장,5,3,2,0,0,4,0,0,1,0,0,2,0,0,1,0,0,2,0,0,0
2021,2,R,전통시장,2130039,청계6가 지하도상가,36,26,10,0,1,1,7,6,21,0,1,1,5,5,14,0,0,0,2,1,7
2021,2,R,전통시장,2130038,"평화시장(통일상가, 동화상가)",930,630,300,3,110,293,273,172,79,0,61,165,211,134,59,3,49,128,62,38,20
2021,2,R,전통시장,2130036,중부시장(신중부시장),3089,921,2168,8,1868,593,250,198,172,3,316,189,171,120,122,5,1552,404,79,78,50
2021,2,R,전통시장,2130035,방산종합시장(방산시장),1190,736,454,1,96,200,284,312,297,0,56,117,154,191,218,1,40,83,130,121,79
2021,2,R,전통시장,2130034,필동 골목형상점가,14,7,7,0,2,4,5,2,1,0,1,2,2,2,0,0,1,2,3,0,1
2021,2,R,전통시장,2130033,대림상가(청계상가),169,121,48,0,7,29,54,39,40,0,3,19,35,30,34,0,4,10,19,9,6
2021,2,R,전통시장,2130032,인현시장,167,123,44,0,3,25,47,54,38,0,3,16,35,40,29,0,0,9,12,14,9
2021,2,R,전통시장,2130031,청계천공구상가,921,698,223,2,101,281,234,159,144,1,64,230,181,104,118,1,37,51,53,55,26
2021,2,R,전통시장,2130028,을지입구지하상가(을지로지하보도쇼핑센터),2,2,0,0,0,0,1,1,0,0,0,0,1,1,0,0,0,0,0,0,0
2021,2,R,전통시장,2130025,삼익패션타운(남대문시장),5494,2675,2819,69,1760,1561,1124,794,186,31,674,837,763,292,78,38,1086,724,361,502,108
2021,2,R,전통시장,2130024,남대문시장(자유상가),732,426,306,2,54,129,172,177,198,1,15,75,95,108,132,1,39,54,77,69,66
2021,2,R,전통시장,2130022,숭례문수입상가(남대문시장),1907,850,1057,0,330,855,598,113,11,0,55,378,338,70,9,0,275,477,260,43,2
2021,2,R,전통시장,2130021,신설종합시장,50,37,13,1,1,10,12,13,13,0,0,9,10,10,8,1,1,1,2,3,5
2021,2,R,전통시장,2130020,동묘시장(동묘벼룩시장),407,177,230,5,154,93,73,58,24,5,43,31,45,32,21,0,111,62,28,26,3
2021,2,R,전통시장,2130019,동대문상가D동,28,21,7,0,6,5,5,4,8,0,4,2,4,4,7,0,2,3,1,0,1
2021,2,R,전통시장,2130018,동대문문구완구거리(동대문문구완구시장),215,124,91,0,27,45,50,52,41,0,12,24,33,31,24,0,15,21,17,21,17
2021,2,R,전통시장,2130017,동대문상가C동,12,9,3,0,1,4,4,2,1,0,1,4,3,0,1,0,0,0,1,2,0
2021,2,R,전통시장,2130016,동대문상가B동,2,1,1,0,0,1,1,0,0,0,0,0,1,0,0,0,0,1,0,0,0
2021,2,R,전통시장,2130015,창신골목시장,22,12,10,0,0,2,8,9,3,0,0,2,6,2,2,0,0,0,2,7,1
2021,2,R,전통시장,2130014,동문시장,3,1,2,0,0,2,0,0,1,0,0,0,0,0,1,0,0,2,0,0,0
2021,2,R,전통시장,2130012,"동대문종합시장(동대문종합시장 신관, 동대문종합시장D동상가)",1319,965,354,2,156,325,348,339,149,0,116,251,238,247,113,2,40,74,110,92,36
2021,2,R,전통시장,2130011,충신시장,88,44,44,0,19,19,20,17,13,0,7,11,8,8,10,0,12,8,12,9,3
2021,2,R,전통시장,2130010,종로신진시장,200,113,87,0,20,29,55,48,48,0,14,17,24,26,32,0,6,12,31,22,16
2021,2,R,전통시장,2130009,마전교지하쇼핑센터(구 한일상가),24,16,8,0,0,2,3,7,12,0,0,2,2,4,8,0,0,0,1,3,4
2021,2,R,전통시장,2130007,광장시장(광장전통시장),466,310,156,0,39,77,97,129,124,0,22,41,73,77,97,0,17,36,24,52,27
2021,2,R,전통시장,2130005,세운상가가동,137,96,41,0,7,34,35,22,39,0,5,23,28,8,32,0,2,11,7,14,7
2021,2,R,전통시장,2130004,낙원시장(낙원지하시장(대일상가)),364,258,106,0,29,70,99,78,88,0,14,51,68,57,68,0,15,19,31,21,20
2021,2,R,전통시장,2130002,세종마을음식문화거리(금천교시장),564,392,172,4,56,109,120,121,154,0,26,74,75,90,127,4,30,35,45,31,27
2021,2,R,전통시장,2130001,통인시장,59,29,30,0,4,14,11,12,18,0,2,4,6,6,11,0,2,10,5,6,7
2021,2,D,발달상권,2120249,고덕역,1359,916,443,3,172,305,337,317,225,1,75,198,249,221,172,2,97,107,88,96,53
2021,2,D,발달상권,2120248,명일역,860,332,528,4,114,141,223,204,174,2,41,59,84,69,77,2,73,82,139,135,97
2021,2,D,발달상권,2120247,굽은다리역,565,307,258,4,91,118,142,102,108,1,37,76,71,55,67,3,54,42,71,47,41
2021,2,D,발달상권,2120246,길동역,3399,1536,1863,14,384,560,835,905,701,8,169,317,417,296,329,6,215,243,418,609,372
2021,2,D,발달상권,2120245,둔촌역,1884,1135,749,7,312,460,446,371,288,6,169,309,271,195,185,1,143,151,175,176,103
2021,2,D,발달상권,2120244,암사역,916,401,515,0,70,85,103,111,547,0,14,44,49,42,252,0,56,41,54,69,295
2021,2,D,발달상권,2120243,천호역,1353,629,724,6,186,250,315,291,305,2,63,108,142,123,191,4,123,142,173,168,114
2021,2,D,발달상권,2120242,강동구청역,4528,2937,1591,33,536,1064,1055,893,947,13,287,678,695,560,704,20,249,386,360,333,243
2021,2,D,발달상권,2120241,거여역,1197,650,547,5,110,221,296,277,288,2,80,152,161,83,172,3,30,69,135,194,116
2021,2,D,발달상권,2120240,개롱역,1609,1102,507,7,212,314,404,431,241,5,125,230,269,295,178,2,87,84,135,136,63
2021,2,D,발달상권,2120239,오금역,4700,3006,1694,17,851,1243,1186,911,492,11,456,826,848,495,370,6,395,417,338,416,122
2021,2,D,발달상권,2120238,방이역,412,251,161,4,47,97,113,76,75,3,22,45,60,57,64,1,25,52,53,19,11
2021,2,D,발달상권,2120237,경찰병원역,8608,5226,3382,58,1222,1655,1718,1449,2506,24,537,1057,1126,725,1757,34,685,598,592,724,749
2021,2,D,발달상권,2120236,장지역(가든파이브),4622,3221,1401,15,678,1056,1076,989,808,10,373,711,778,710,639,5,305,345,298,279,169
2021,2,D,발달상권,2120235,문정역,907,621,286,1,116,196,202,236,156,0,69,151,148,144,109,1,47,45,54,92,47
2021,2,D,발달상권,2120234,가락시장역,10268,6224,4044,11,1350,2490,2149,1678,2590,3,586,1468,1439,927,1801,8,764,1022,710,751,789
2021,2,D,발달상권,2120233,몽촌토성역,10357,5705,4652,28,1787,2711,2252,2152,1427,22,1123,1846,1193,782,739,6,664,865,1059,1370,688
2021,2,D,발달상권,2120232,송파나루역,1269,856,413,0,212,350,295,218,194,0,91,220,204,165,176,0,121,130,91,53,18
2021,2,D,발달상권,2120231,가락시장,5698,4083,1615,0,368,1051,1564,1654,1061,0,264,836,1185,1098,700,0,104,215,379,556,361
2021,2,D,발달상권,2120230,송파사거리(송파역),876,470,406,4,96,176,202,193,205,1,38,99,115,92,125,3,58,77,87,101,80
2021,2,D,발달상권,2120229,방이동먹자골목,7319,4732,2587,12,1062,2182,1915,1302,846,5,588,1347,1338,913,541,7,474,835,577,389,305
2021,2,D,발달상권,2120228,석촌역(석촌호수),4494,2725,1769,7,707,1306,1038,695,741,1,288,851,680,410,495,6,419,455,358,285,246
2021,2,D,발달상권,2120227,잠실역,45438,24212,21226,163,8139,11821,12755,11278,1282,51,3785,7433,7435,4548,960,112,4354,4388,5320,6730,322
2021,2,D,발달상권,2120226,석촌고분역,2408,1777,631,8,277,341,447,352,983,7,130,207,264,234,935,1,147,134,183,118,48
2021,2,D,발달상권,2120225,잠실새내역(신천),5750,3738,2012,25,929,1190,1248,1210,1148,3,467,728,831,853,856,22,462,462,417,357,292
2021,2,D,발달상권,2120224,수서역,12418,6339,6079,23,1900,3177,3167,2346,1805,12,860,1669,1497,1232,1069,11,1040,1508,1670,1114,736
2021,2,D,발달상권,2120223,휘문고교사거리,9166,5574,3592,20,1785,2926,2736,1401,298,4,1102,2061,1597,609,201,16,683,865,1139,792,97
2021,2,D,발달상권,2120222,삼성역,43324,24141,19183,244,8091,13641,10294,6385,4669,119,3186,7703,6883,3711,2539,125,4905,5938,3411,2674,2130
2021,2,D,발달상권,2120221,봉은사역,19513,12605,6908,22,4375,5782,3654,2813,2867,8,2402,4217,2849,1721,1408,14,1973,1565,805,1092,1459
2021,2,D,발달상권,2120220,대치역,5578,3302,2276,26,1841,2261,972,319,159,2,769,1465,717,225,124,24,1072,796,255,94,35
2021,2,D,발달상권,2120219,은마아파트,17161,5791,11370,202,3396,3816,3174,4058,2515,83,1254,1870,1373,817,394,119,2142,1946,1801,3241,2121
2021,2,D,발달상권,2120218,코엑스,290,54,236,0,116,103,58,13,0,0,13,16,16,9,0,0,103,87,42,4,0
2021,2,D,발달상권,2120217,대치사거리,2779,1478,1301,11,552,771,700,452,293,10,220,379,381,264,224,1,332,392,319,188,69
2021,2,D,발달상권,2120216,경기고교사거리(경기고교앞사거리),4934,3621,1313,8,712,1628,1666,772,148,5,291,1070,1431,703,121,3,421,558,235,69,27
2021,2,D,발달상권,2120215,포스코사거리,61656,40699,20957,170,9756,22505,18176,8404,2645,29,4305,14324,13853,6406,1782,141,5451,8181,4323,1998,863
2021,2,D,발달상권,2120214,영동대교남단교차로,3990,2902,1088,7,489,1173,1108,931,282,3,271,811,866,755,196,4,218,362,242,176,86
2021,2,D,발달상권,2120213,삼성중앙역,8472,5131,3341,50,1855,2469,1898,1065,1135,12,828,1511,1297,712,771,38,1027,958,601,353,364
2021,2,D,발달상권,2120212,한티역,713,378,335,1,115,178,190,137,92,1,36,85,116,78,62,0,79,93,74,59,30
2021,2,D,발달상권,2120211,도성초등학교,984,516,468,7,180,282,189,161,165,3,68,120,112,117,96,4,112,162,77,44,69
2021,2,D,발달상권,2120210,선릉역,48780,26797,21983,117,11358,13636,11065,7952,4652,54,5356,8026,6479,4158,2724,63,6002,5610,4586,3794,1928
2021,2,D,발달상권,2120209,"강남구청(청담역_8번, 강남세무서)",8984,2608,6376,34,2050,2683,2467,1170,580,9,538,752,537,393,379,25,1512,1931,1930,777,201
2021,2,D,발달상권,2120208,청담사거리(청담동명품거리),10577,4635,5942,38,3354,3776,2024,878,507,13,1031,1619,1113,501,358,25,2323,2157,911,377,149
2021,2,D,발달상권,2120207,선정릉역,12151,7422,4729,32,2685,4209,2741,1595,889,16,1111,2464,1939,1147,745,16,1574,1745,802,448,144
2021,2,D,발달상권,2120206,개나리아파트,5280,3376,1904,87,1661,1418,1095,666,353,27,868,957,784,463,277,60,793,461,311,203,76
2021,2,D,발달상권,2120205,매봉역,13950,9370,4580,95,2838,4203,3126,1781,1907,44,1450,2959,2521,1302,1094,51,1388,1244,605,479,813
2021,2,D,발달상권,2120204,르네상스호텔사거리,41471,20644,20827,102,8167,11056,10671,10081,1394,54,5016,7567,4988,2062,957,48,3151,3489,5683,8019,437
2021,2,D,발달상권,2120203,강남구청역,7726,4602,3124,27,1589,2070,1890,1381,769,8,650,1218,1293,882,551,19,939,852,597,499,218
2021,2,D,발달상권,2120202,압구정로데오역(압구정로데오),11735,6075,5660,41,2963,4419,2469,1425,418,11,793,2184,1593,1195,299,30,2170,2235,876,230,119
2021,2,D,발달상권,2120201,도곡1동,11559,6387,5172,116,3565,3472,2482,1299,625,31,1365,2021,1730,754,486,85,2200,1451,752,545,139
2021,2,D,발달상권,2120200,학동사거리,9363,3808,5555,26,2868,3075,1848,1005,541,9,654,1122,937,687,399,17,2214,1953,911,318,142
2021,2,D,발달상권,2120199,경복아파트교차로,3830,2283,1547,10,796,1196,781,572,475,4,317,721,498,390,353,6,479,475,283,182,122
2021,2,D,발달상권,2120198,구역삼세무서,11531,7246,4285,23,2691,3529,2889,1562,837,12,1141,2216,2115,1139,623,11,1550,1313,774,423,214
2021,2,D,발달상권,2120197,역삼역,58694,38567,20127,93,10088,18053,15887,10835,3738,43,5227,11916,11864,7079,2438,50,4861,6137,4023,3756,1300
2021,2,D,발달상권,2120196,서울세관,9687,5900,3787,15,1708,2897,2579,1614,874,2,604,1527,1719,1323,725,13,1104,1370,860,291,149
2021,2,D,발달상권,2120195,성수대교남단,5611,2685,2926,39,1393,2394,1102,426,257,15,487,1194,634,208,147,24,906,1200,468,218,110
2021,2,D,발달상권,2120194,언주역(차병원),12628,8724,3904,37,2790,4202,2802,1923,874,14,1366,2863,2239,1588,654,23,1424,1339,563,335,220
2021,2,D,발달상권,2120193,도산공원교차로,6384,3798,2586,15,1278,1918,1493,983,697,6,466,1071,1021,696,538,9,812,847,472,287,159
2021,2,D,발달상권,2120192,뱅뱅사거리,27462,18935,8527,73,5758,8273,6703,4372,2283,38,3280,5616,5106,3189,1706,35,2478,2657,1597,1183,577
2021,2,D,발달상권,2120191,학동역,13862,8102,5760,40,2889,3759,2967,1864,2343,17,1120,2144,2011,1130,1680,23,1769,1615,956,734,663
2021,2,D,발달상권,2120190,강남을지병원,11703,6183,5520,44,3417,3226,2498,1508,1010,14,1228,1648,1560,985,748,30,2189,1578,938,523,262
2021,2,D,발달상권,2120189,강남역,72613,38819,33794,234,17636,24305,18411,9151,2876,59,6629,13226,10962,5914,2029,175,11007,11079,7449,3237,847
2021,2,D,발달상권,2120188,압구정역,8579,3750,4829,134,2204,2146,1550,1314,1231,47,698,969,897,556,583,87,1506,1177,653,758,648
2021,2,D,발달상권,2120187,신논현역,13076,7778,5298,64,3624,3962,2984,1673,769,27,1516,2302,2121,1247,565,37,2108,1660,863,426,204
2021,2,D,발달상권,2120186,가로수길,6518,3580,2938,19,1316,2133,1570,895,585,5,447,1174,950,573,431,14,869,959,620,322,154
2021,2,D,발달상권,2120185,논현역,12764,7403,5361,29,2731,4125,3228,1879,772,10,1040,2435,2232,1195,491,19,1691,1690,996,684,281
2021,2,D,발달상권,2120184,포이사거리(삼호물산),10139,7003,3136,20,1553,3044,2666,1705,1151,10,846,2068,2010,1212,857,10,707,976,656,493,294
2021,2,D,발달상권,2120183,양재천카페거리,3558,2626,932,12,586,972,848,551,589,10,364,717,638,413,484,2,222,255,210,138,105
2021,2,D,발달상권,2120182,"양재시민의숲역(양재동꽃시장, aT센터)",6144,4255,1889,33,1041,1652,1482,1259,677,14,539,1144,1089,924,545,19,502,508,393,335,132
2021,2,D,발달상권,2120181,교육개발원입구사거리,7278,4440,2838,316,2978,1563,1247,730,444,145,1506,983,939,536,331,171,1472,580,308,194,113
2021,2,D,발달상권,2120180,양재화물트럭터미널앞,2562,2146,416,13,637,812,554,409,137,10,466,711,481,363,115,3,171,101,73,46,22
2021,2,D,발달상권,2120179,양재역,21445,16961,4484,59,3105,7307,5206,3969,1799,34,2177,6101,4309,3030,1310,25,928,1206,897,939,489
2021,2,D,발달상권,2120178,신사역,10933,5953,4980,34,2539,2847,2355,1810,1348,13,871,1570,1480,999,1020,21,1668,1277,875,811,328
2021,2,D,발달상권,2120177,신논현역 1번,694,436,258,1,84,187,202,143,77,0,34,111,130,106,55,1,50,76,72,37,22
2021,2,D,발달상권,2120176,논현역 4번,893,566,327,1,130,216,195,168,183,1,67,126,129,106,137,0,63,90,66,62,46
2021,2,D,발달상권,2120175,남부터미널역,8239,5313,2926,32,1702,2478,1995,1290,742,6,856,1691,1361,852,547,26,846,787,634,438,195
2021,2,D,발달상권,2120174,논현역 5번,682,380,302,6,108,196,155,95,122,4,39,108,90,59,80,2,69,88,65,36,42
2021,2,D,발달상권,2120173,교대역(법원.검찰청),18197,10449,7748,74,3267,5392,4725,3068,1671,29,1418,3003,2843,1896,1260,45,1849,2389,1882,1172,411
2021,2,D,발달상권,2120172,교대입구교차로,10241,5712,4529,53,2062,2700,2445,1945,1036,33,854,1635,1489,1004,697,20,1208,1065,956,941,339
2021,2,D,발달상권,2120171,서초3동사거리,11750,6206,5544,15,1990,3845,2551,1862,1487,6,827,1746,1496,1064,1067,9,1163,2099,1055,798,420
2021,2,D,발달상권,2120170,삼호가든사거리,2026,1161,865,8,279,587,623,346,183,7,113,333,412,168,128,1,166,254,211,178,55
2021,2,D,발달상권,2120169,서초역,15771,7185,8586,70,3824,4195,3945,2657,1080,30,1313,1990,1801,1235,816,40,2511,2205,2144,1422,264
2021,2,D,발달상권,2120168,서울고교교차로,569,378,191,1,58,166,147,103,94,0,28,98,107,78,67,1,30,68,40,25,27
2021,2,D,발달상권,2120167,고속터미널(고속터미널역),5078,2994,2084,6,600,1311,1087,924,1150,5,318,915,786,488,482,1,282,396,301,436,668
2021,2,D,발달상권,2120166,방배역,5467,3282,2185,90,1234,1594,1033,699,817,26,523,920,713,451,649,64,711,674,320,248,168
2021,2,D,발달상권,2120165,서래마을카페거리(서래마을),3467,2266,1201,11,605,1119,949,516,267,3,277,716,707,369,194,8,328,403,242,147,73
2021,2,D,발달상권,2120164,내방역,8574,5973,2601,56,1923,2821,1862,1128,784,48,1160,1998,1383,799,585,8,763,823,479,329,199
2021,2,D,발달상권,2120163,사당역 11번(사당역먹자골목),491,290,201,0,55,119,99,86,132,0,28,73,57,50,82,0,27,46,42,36,50
2021,2,D,발달상권,2120162,방배동카페골목,1253,717,536,61,207,200,219,215,351,57,126,142,110,93,189,4,81,58,109,122,162
2021,2,D,발달상권,2120161,방배동가구거리(사당동가구거리),2517,1833,684,3,187,342,315,347,1323,2,78,178,165,202,1208,1,109,164,150,145,115
2021,2,D,발달상권,2120160,사당역(사당),9153,4750,4403,14,1560,2594,2716,1534,735,4,617,1307,1324,997,501,10,943,1287,1392,537,234
2021,2,D,발달상권,2120159,서울대입구역,1430,763,667,12,289,320,321,238,250,6,116,164,174,133,170,6,173,156,147,105,80
2021,2,D,발달상권,2120158,녹두거리(대학동),695,550,145,2,31,73,200,279,110,0,7,41,163,241,98,2,24,32,37,38,12
2021,2,D,발달상권,2120157,신림역(신림),593,255,338,1,95,115,145,125,112,0,19,40,81,48,67,1,76,75,64,77,45
2021,2,D,발달상권,2120156,"총신대입구역(이수, 총신대)",3255,1425,1830,14,615,769,718,629,510,7,201,327,374,254,262,7,414,442,344,375,248
2021,2,D,발달상권,2120155,총신대학교,111,57,54,0,13,27,27,26,18,0,7,8,15,15,12,0,6,19,12,11,6
2021,2,D,발달상권,2120154,장승배기역,479,199,280,1,61,123,126,106,62,0,16,58,67,35,23,1,45,65,59,71,39
2021,2,D,발달상권,2120153,노량진역(노량진),3699,1844,1855,10,521,1209,935,690,334,2,193,496,461,465,227,8,328,713,474,225,107
2021,2,D,발달상권,2120152,신대방삼거리역,594,291,303,1,66,127,155,154,91,1,22,63,84,74,47,0,44,64,71,80,44
2021,2,D,발달상권,2120151,보라매공원,2417,1455,962,6,401,736,707,383,184,4,194,433,450,237,137,2,207,303,257,146,47
2021,2,D,발달상권,2120150,63빌딩,7632,4749,2883,29,989,1932,2741,1691,250,5,494,1296,1379,1422,153,24,495,636,1362,269,97
2021,2,D,발달상권,2120149,여의도역(여의도),69255,45888,23367,184,11383,22550,19240,12096,3802,34,5884,14085,14147,9350,2388,150,5499,8465,5093,2746,1414
2021,2,D,발달상권,2120148,국회의사당역(국회의사당),31135,19451,11684,82,6815,10231,7641,4493,1873,27,3082,6187,5424,3397,1334,55,3733,4044,2217,1096,539
2021,2,D,발달상권,2120147,보라매역,1981,1262,719,6,292,455,377,378,473,3,99,312,255,270,323,3,193,143,122,108,150
2021,2,D,발달상권,2120146,한강성심병원,5045,2866,2179,18,1237,1249,1097,821,623,8,395,663,729,584,487,10,842,586,368,237,136
2021,2,D,발달상권,2120145,영등포역(영등포),3856,1817,2039,22,673,1021,921,702,517,0,202,441,486,388,300,22,471,580,435,314,217
2021,2,D,발달상권,2120144,영중로,2015,1072,943,1,254,394,507,598,261,1,142,276,288,230,135,0,112,118,219,368,126
2021,2,D,발달상권,2120143,당산역,2723,2018,705,9,329,524,575,532,754,2,194,398,412,396,616,7,135,126,163,136,138
2021,2,D,발달상권,2120142,대림역,1559,847,712,2,235,282,348,386,306,0,69,145,190,230,213,2,166,137,158,156,93
2021,2,D,발달상권,2120141,영등포청과시장교차로,601,418,183,2,71,137,188,115,88,1,36,85,133,86,77,1,35,52,55,29,11
2021,2,D,발달상권,2120140,문래동주민센터,6162,3296,2866,22,1447,1840,1635,916,302,11,558,993,992,517,225,11,889,847,643,399,77
2021,2,D,발달상권,2120139,대림3동사거리,3619,2404,1215,14,423,867,992,727,596,5,220,632,783,462,302,9,203,235,209,265,294
2021,2,D,발달상권,2120138,당산2동(영등포우체국),2754,1653,1101,23,745,579,479,488,440,15,395,347,312,309,275,8,350,232,167,179,165
2021,2,D,발달상권,2120137,문래역(문래로데오거리),50,21,29,2,11,8,13,12,4,0,4,1,7,7,2,2,7,7,6,5,2
2021,2,D,발달상권,2120136,영등포구청역,6617,3299,3318,20,1193,1504,1423,1444,1033,12,575,848,775,592,497,8,618,656,648,852,536
2021,2,D,발달상권,2120135,양평역,5072,3013,2059,32,1300,1280,1187,776,497,11,626,825,676,441,434,21,674,455,511,335,63
2021,2,D,발달상권,2120134,구로전화국,2014,1668,346,0,107,157,172,223,1355,0,44,75,96,153,1300,0,63,82,76,70,55
2021,2,D,발달상권,2120133,서울시흥동우체국(홈플러스시흥점),142,55,87,1,14,22,27,42,36,1,5,10,12,11,16,0,9,12,15,31,20
2021,2,D,발달상권,2120132,독산동,4203,2884,1319,13,512,908,1016,1074,680,12,350,650,695,701,476,1,162,258,321,373,204
2021,2,D,발달상권,2120131,가산디지털단지,81100,53404,27696,289,16340,25683,20119,11582,7087,184,8639,17229,14518,7692,5142,105,7701,8454,5601,3890,1945
2021,2,D,발달상권,2120130,구로디지털단지역,1136,620,516,1,169,376,236,212,142,0,59,208,125,125,103,1,110,168,111,87,39
2021,2,D,발달상권,2120129,구로디지털단지,47750,31091,16659,195,10197,16227,12034,5678,3419,126,5117,10736,8454,3920,2738,69,5080,5491,3580,1758,681
2021,2,D,발달상권,2120128,신도림역,1253,656,597,7,191,318,382,243,112,1,75,153,191,149,87,6,116,165,191,94,25
2021,2,D,발달상권,2120127,구로구청,5918,3878,2040,6,614,1229,1440,1444,1185,5,365,976,1050,808,674,1,249,253,390,636,511
2021,2,D,발달상권,2120126,디지털단지오거리,135,86,49,0,11,30,48,26,20,0,2,16,38,15,15,0,9,14,10,11,5
2021,2,D,발달상권,2120125,구로역,9291,6324,2967,24,1029,2136,2412,2271,1419,12,581,1466,1596,1572,1097,12,448,670,816,699,322
2021,2,D,발달상권,2120124,개봉동 현대아파트,461,205,256,0,63,89,119,82,108,0,18,26,49,43,69,0,45,63,70,39,39
2021,2,D,발달상권,2120123,오류동역,2120,1645,475,1,313,413,505,594,294,0,276,331,389,425,224,1,37,82,116,169,70
2021,2,D,발달상권,2120122,강서구청,2137,1208,929,4,308,444,489,437,455,2,103,218,267,256,362,2,205,226,222,181,93
2021,2,D,발달상권,2120121,까치산역,344,135,209,2,49,40,67,101,85,2,12,14,27,41,39,0,37,26,40,60,46
2021,2,D,발달상권,2120120,화곡역,927,405,522,1,177,218,193,196,142,0,46,109,84,81,85,1,131,109,109,115,57
2021,2,D,발달상권,2120119,발산역(마곡),1427,686,741,2,184,339,416,350,136,1,54,148,211,174,98,1,130,191,205,176,38
2021,2,D,발달상권,2120117,강서농산물도매시장,430,263,167,0,12,60,121,145,92,0,9,46,75,82,51,0,3,14,46,63,41
2021,2,D,발달상권,2120116,송정역,117,64,53,0,17,27,28,20,25,0,9,11,15,10,19,0,8,16,13,10,6
2021,2,D,발달상권,2120114,목동신시가지,13614,9392,4222,46,2086,3824,3484,2915,1259,29,1130,2623,2555,2209,846,17,956,1201,929,706,413
2021,2,D,발달상권,2120113,오목교역,628,372,256,2,96,144,162,136,88,1,45,79,94,92,61,1,51,65,68,44,27
2021,2,D,발달상권,2120112,등촌역,1633,1138,495,10,223,388,373,358,281,6,100,270,265,265,232,4,123,118,108,93,49
2021,2,D,발달상권,2120111,목동사거리,1828,710,1118,1,551,601,341,219,115,0,101,248,161,116,84,1,450,353,180,103,31
2021,2,D,발달상권,2120110,목동역 8번출구,1858,1400,458,2,142,216,286,247,965,1,42,102,166,181,908,1,100,114,120,66,57
2021,2,D,발달상권,2120109,서울남부지방법원,608,342,266,2,56,104,110,170,166,1,18,40,50,104,129,1,38,64,60,66,37
2021,2,D,발달상권,2120108,신정네거리역,992,580,412,2,93,215,220,242,220,1,28,110,112,160,169,1,65,105,108,82,51
2021,2,D,발달상권,2120107,공덕역(공덕오거리),13077,7619,5458,43,2471,3470,3552,3026,515,9,1021,2002,2300,1900,387,34,1450,1468,1252,1126,128
2021,2,D,발달상권,2120106,마포역,11462,7104,4358,12,1804,2735,2677,2306,1928,8,917,1662,1889,1435,1193,4,887,1073,788,871,735
2021,2,D,발달상권,2120105,상수역(홍대),524,273,251,4,126,153,122,71,48,2,51,74,70,42,34,2,75,79,52,29,14
2021,2,D,발달상권,2120104,연남동(홍대),5955,3176,2779,20,1117,1491,1289,1103,935,12,428,824,772,620,520,8,689,667,517,483,415
2021,2,D,발달상권,2120103,홍대입구역(홍대),9580,5991,3589,87,2167,2434,2066,1613,1213,61,1145,1486,1404,988,907,26,1022,948,662,625,306
2021,2,D,발달상권,2120102,서교동(홍대),7276,3402,3874,18,1521,2551,1814,899,473,11,496,1065,913,566,351,7,1025,1486,901,333,122
2021,2,D,발달상권,2120101,합정역,1932,1048,884,2,302,520,515,399,194,2,89,236,312,266,143,0,213,284,203,133,51
2021,2,D,발달상권,2120100,망원역,900,436,464,3,192,236,215,153,101,1,49,107,117,103,59,2,143,129,98,50,42
2021,2,D,발달상권,2120099,월드컵경기장역(월드컵경기장),84,57,27,0,11,20,26,14,13,0,6,16,21,7,7,0,5,4,5,7,6
2021,2,D,발달상권,2120098,DMC(디지털미디어시티),8846,5391,3455,19,1691,3228,2856,875,177,11,813,1995,1821,616,135,8,878,1233,1035,259,42
2021,2,D,발달상권,2120097,충정로역,2246,1354,892,0,321,658,631,407,229,0,172,390,397,254,141,0,149,268,234,153,88
2021,2,D,발달상권,2120096,"이화여대(이대역, 이대)",470,195,275,1,79,135,125,79,51,0,27,51,46,38,33,1,52,84,79,41,18
2021,2,D,발달상권,2120095,홍제역,922,520,402,1,73,107,260,362,119,0,17,56,137,222,88,1,56,51,123,140,31
2021,2,D,발달상권,2120094,"신촌역(신촌역, 신촌로터리)",5355,2430,2925,67,2390,1192,681,594,431,23,999,589,299,279,241,44,1391,603,382,315,190
2021,2,D,발달상권,2120093,연희동,661,351,310,2,60,125,170,195,109,0,27,62,91,103,68,2,33,63,79,92,41
2021,2,D,발달상권,2120092,불광역,274,147,127,0,33,51,83,52,55,0,12,29,44,21,41,0,21,22,39,31,14
2021,2,D,발달상권,2120091,본서부병원,516,192,324,1,51,69,119,165,111,0,20,28,51,55,38,1,31,41,68,110,73
2021,2,D,발달상권,2120090,연신내역,687,262,425,5,180,133,134,129,106,1,64,55,49,45,48,4,116,78,85,84,58
2021,2,D,발달상권,2120089,구파발역,1,0,1,0,0,0,1,0,0,0,0,0,0,0,0,0,0,0,1,0,0
2021,2,D,발달상권,2120088,구산역,799,279,520,2,86,117,175,272,147,2,30,65,68,59,55,0,56,52,107,213,92
2021,2,D,발달상권,2120087,응암역,441,272,169,0,45,84,114,106,92,0,17,50,78,60,67,0,28,34,36,46,25
2021,2,D,발달상권,2120086,태릉입구역,382,205,177,0,42,78,82,102,78,0,24,43,35,49,54,0,18,35,47,53,24
2021,2,D,발달상권,2120085,은행사거리,317,121,196,4,51,48,80,78,56,3,11,14,21,40,32,1,40,34,59,38,24
2021,2,D,발달상권,2120084,공릉역,712,546,166,3,33,59,110,240,267,1,11,22,63,205,244,2,22,37,47,35,23
2021,2,D,발달상권,2120083,등나무근린공원,1184,787,397,0,166,325,271,283,139,0,114,228,171,179,95,0,52,97,100,104,44
2021,2,D,발달상권,2120082,상계백병원,426,148,278,0,85,102,118,82,39,0,21,24,39,43,21,0,64,78,79,39,18
2021,2,D,발달상권,2120081,노원역,1552,508,1044,9,369,295,343,307,229,2,66,87,125,121,107,7,303,208,218,186,122
2021,2,D,발달상권,2120080,마들역,180,46,134,0,30,45,46,36,23,0,2,7,9,13,15,0,28,38,37,23,8
2021,2,D,발달상권,2120079,창동역,1326,796,530,0,151,232,320,304,319,0,54,108,172,195,267,0,97,124,148,109,52
2021,2,D,발달상권,2120078,미아사거리역,145,90,55,0,27,29,29,31,29,0,12,17,21,18,22,0,15,12,8,13,7
2021,2,D,발달상권,2120077,미아역,218,97,121,0,32,37,52,64,33,0,11,8,18,38,22,0,21,29,34,26,11
2021,2,D,발달상권,2120076,수유역,1930,865,1065,7,241,303,422,465,492,4,62,102,176,240,281,3,179,201,246,225,211
2021,2,D,발달상권,2120075,월곡역,369,213,156,1,40,86,97,67,78,0,17,48,54,44,50,1,23,38,43,23,28
2021,2,D,발달상권,2120074,안암역,59,28,31,1,12,16,12,8,10,0,5,9,7,2,5,1,7,7,5,6,5
2021,2,D,발달상권,2120073,미아사거리,353,135,218,3,40,67,95,95,53,2,16,29,45,23,20,1,24,38,50,72,33
2021,2,D,발달상권,2120072,성신여대,1048,537,511,18,137,211,213,271,198,11,46,86,103,152,139,7,91,125,110,119,59
2021,2,D,발달상권,2120071,성북구청,255,127,128,0,36,55,64,62,38,0,14,22,38,31,22,0,22,33,26,31,16
2021,2,D,발달상권,2120070,한성대입구역,466,180,286,2,83,69,78,113,121,2,21,31,37,38,51,0,62,38,41,75,70
2021,2,D,발달상권,2120069,상봉역,932,597,335,6,147,258,263,151,107,4,102,158,163,99,71,2,45,100,100,52,36
2021,2,D,발달상권,2120068,사가정역,145,45,100,3,38,31,25,22,26,0,1,5,12,12,15,3,37,26,13,10,11
2021,2,D,발달상권,2120067,장안동사거리,2587,1169,1418,9,427,578,671,577,325,7,165,280,258,255,204,2,262,298,413,322,121
2021,2,D,발달상권,2120066,장한평역(장한평),7424,4770,2654,43,1531,1839,1491,1235,1285,10,739,1202,991,818,1010,33,792,637,500,417,275
2021,2,D,발달상권,2120065,회기역,326,207,119,3,48,55,89,76,55,1,27,39,49,49,42,2,21,16,40,27,13
2021,2,D,발달상권,2120064,경희대학교(경희대),97,44,53,0,14,27,21,13,22,0,9,13,10,4,8,0,5,14,11,9,14
2021,2,D,발달상권,2120063,청량리역(청량리),1182,514,668,3,225,221,239,246,248,2,66,86,89,116,155,1,159,135,150,130,93
2021,2,D,발달상권,2120062,신설동역,12641,5433,7208,13,1215,2605,3449,3480,1879,2,445,1435,1625,1123,803,11,770,1170,1824,2357,1076
2021,2,D,발달상권,2120061,올림픽대교북단,1094,864,230,1,228,403,324,95,43,0,165,326,290,55,28,1,63,77,34,40,15
2021,2,D,발달상권,2120060,강변역(테크노마트),3189,2348,841,12,402,686,870,703,516,2,209,509,686,549,393,10,193,177,184,154,123
2021,2,D,발달상권,2120059,구삼강변맛길,3279,1781,1498,6,431,676,555,747,864,4,244,472,367,322,372,2,187,204,188,425,492
2021,2,D,발달상권,2120058,구의사거리,688,333,355,2,92,158,174,181,81,1,33,79,80,77,63,1,59,79,94,104,18
2021,2,D,발달상권,2120057,아차산역,2218,1220,998,52,412,432,503,468,351,19,236,257,289,206,213,33,176,175,214,262,138
2021,2,D,발달상권,2120056,구의역,2200,1115,1085,7,350,431,596,491,325,6,119,173,290,313,214,1,231,258,306,178,111
2021,2,D,발달상권,2120055,군자역,4255,2030,2225,33,1138,780,911,991,402,23,548,430,436,330,263,10,590,350,475,661,139
2021,2,D,발달상권,2120054,어린이대공원역,1243,826,417,0,90,153,311,440,249,0,25,88,205,321,187,0,65,65,106,119,62
2021,2,D,발달상권,2120053,건대입구역(건대),859,491,368,5,147,141,172,187,207,2,40,61,95,130,163,3,107,80,77,57,44
2021,2,D,발달상권,2120052,성수역,11387,7284,4103,23,2113,2900,2661,2238,1452,12,1170,1971,1783,1298,1050,11,943,929,878,940,402
2021,2,D,발달상권,2120051,뚝섬역,3944,2582,1362,20,703,946,867,651,757,15,446,646,549,445,481,5,257,300,318,206,276
2021,2,D,발달상권,2120050,서울숲역,212,159,53,0,33,40,60,52,27,0,19,30,47,41,22,0,14,10,13,11,5
2021,2,D,발달상권,2120049,왕십리역(왕십리),1459,1004,455,1,183,301,377,468,129,1,92,187,272,371,81,0,91,114,105,97,48
2021,2,D,발달상권,2120048,금호역,80,31,49,0,16,10,18,24,12,0,2,2,6,13,8,0,14,8,12,11,4
2021,2,D,발달상권,2120047,한남오거리,2290,1458,832,11,366,751,623,343,196,9,152,461,438,249,149,2,214,290,185,94,47
2021,2,D,발달상권,2120046,이태원(이태원역),2276,1295,981,24,817,682,338,220,195,15,389,421,205,134,131,9,428,261,133,86,64
2021,2,D,발달상권,2120045,남영동 먹자골목,4044,1580,2464,7,424,908,1421,1162,122,1,257,576,502,205,39,6,167,332,919,957,83
2021,2,D,발달상권,2120044,삼각지역,1611,1164,447,5,313,408,385,330,170,5,185,303,315,234,122,0,128,105,70,96,48
2021,2,D,발달상권,2120043,서울역,22578,15322,7256,58,4087,7782,5513,3664,1474,27,2087,4897,4201,3033,1077,31,2000,2885,1312,631,397
2021,2,D,발달상권,2120042,"숙대입구역(남영역, 남영동)",4057,2797,1260,20,750,1490,1024,558,215,8,370,894,831,510,184,12,380,596,193,48,31
2021,2,D,발달상권,2120041,신용산역(용산역),16270,5741,10529,72,4012,5520,4509,1569,588,25,1308,1921,1510,595,382,47,2704,3599,2999,974,206
2021,2,D,발달상권,2120040,용산전자상가(용산역),8014,5960,2054,43,1390,2727,2224,1236,394,30,882,2007,1729,997,315,13,508,720,495,239,79
2021,2,D,발달상권,2120039,신당역,2321,1230,1091,31,793,486,404,333,274,11,347,244,225,219,184,20,446,242,179,114,90
2021,2,D,발달상권,2120038,약수역,2289,1360,929,7,436,739,579,320,208,1,189,451,383,195,141,6,247,288,196,125,67
2021,2,D,발달상권,2120037,동대문역사문화공원역,35320,17057,18263,421,11234,9194,6981,5237,2253,180,5605,5543,3901,1328,500,241,5629,3651,3080,3909,1753
2021,2,D,발달상권,2120036,장충동족발거리(남소영길),2289,1090,1199,14,616,783,556,223,97,0,122,393,365,155,55,14,494,390,191,68,42
2021,2,D,발달상권,2120035,퇴계로5가,2257,1368,889,7,650,570,525,321,184,3,282,379,388,200,116,4,368,191,137,121,68
2021,2,D,발달상권,2120034,중구청(퇴계로4가),1538,1044,494,7,107,227,400,437,360,5,47,128,262,325,277,2,60,99,138,112,83
2021,2,D,발달상권,2120033,을지로4가역,874,443,431,7,128,213,194,204,128,1,45,108,99,91,99,6,83,105,95,113,29
2021,2,D,발달상권,2120032,충무로역,11403,5304,6099,36,1756,2560,3266,2711,1074,15,589,1271,1554,1201,674,21,1167,1289,1712,1510,400
2021,2,D,발달상권,2120031,을지로3가역,6147,3450,2697,9,699,1541,1643,1286,969,0,223,730,924,892,681,9,476,811,719,394,288
2021,2,D,발달상권,2120030,중부경찰서(영화인의거리),11889,6798,5091,53,2154,3638,3423,1960,661,16,721,2139,2092,1366,464,37,1433,1499,1331,594,197
2021,2,D,발달상권,2120029,을지로2가,7461,4461,3000,27,1938,2808,1698,798,192,7,787,1650,1165,693,159,20,1151,1158,533,105,33
2021,2,D,발달상권,2120028,명동(명동거리),12797,7708,5089,41,2137,3592,3670,2246,1111,16,1028,1982,2334,1641,707,25,1109,1610,1336,605,404
2021,2,D,발달상권,2120027,명동역(명동재미로),18097,8477,9620,67,2695,5851,6070,3074,340,9,859,2588,2522,2321,178,58,1836,3263,3548,753,162
2021,2,D,발달상권,2120026,을지로입구역,30610,18501,12109,14,4275,11589,8473,5661,598,4,1729,5846,5959,4562,401,10,2546,5743,2514,1099,197
2021,2,D,발달상권,2120025,롯데백화점(시청광장 지하쇼핑센터),22641,6272,16369,229,12750,7002,1623,944,93,71,3075,2028,779,248,71,158,9675,4974,844,696,22
2021,2,D,발달상권,2120024,회현역,2167,1364,803,2,341,795,582,250,197,1,146,473,416,192,136,1,195,322,166,58,61
2021,2,D,발달상권,2120023,서울시청,10242,5534,4708,15,2234,3260,2778,1425,530,4,852,1657,1658,983,380,11,1382,1603,1120,442,150
2021,2,D,발달상권,2120022,북창동(시청역_6번),5197,3160,2037,24,1010,1611,1149,767,636,2,391,936,852,543,436,22,619,675,297,224,200
2021,2,D,발달상권,2120021,시청역_8번,24117,15220,8897,74,4137,8250,7186,3526,944,13,1738,4529,5241,3020,679,61,2399,3721,1945,506,265
2021,2,D,발달상권,2120020,시청역_1번,10375,7489,2886,40,2120,3185,2952,1721,357,21,1118,2220,2480,1370,280,19,1002,965,472,351,77
2021,2,D,발달상권,2120019,경찰청앞교차로,5958,3146,2812,26,1051,2221,1625,793,242,8,274,1044,982,619,219,18,777,1177,643,174,23
2021,2,D,발달상권,2120018,중림동,2187,1366,821,2,393,736,598,293,165,2,207,425,357,237,138,0,186,311,241,56,27
2021,2,D,발달상권,2120017,동묘앞역(동묘),626,149,477,0,62,124,251,120,69,0,7,33,35,27,47,0,55,91,216,93,22
2021,2,D,발달상권,2120016,동대문역,193,120,73,1,10,27,45,44,66,0,6,14,20,31,49,1,4,13,25,13,17
2021,2,D,발달상권,2120015,종로6가,302,153,149,0,49,64,69,65,55,0,17,23,27,42,44,0,32,41,42,23,11
2021,2,D,발달상권,2120014,종로5가역,4887,2839,2048,375,1123,1351,1205,597,236,112,456,860,851,397,163,263,667,491,354,200,73
2021,2,D,발달상권,2120013,이화사거리,7552,5465,2087,8,1309,2510,2065,1290,370,1,628,1731,1677,1167,261,7,681,779,388,123,109
2021,2,D,발달상권,2120012,대학로(혜화역),2061,929,1132,10,357,603,507,318,266,5,105,208,252,171,188,5,252,395,255,147,78
2021,2,D,발달상권,2120011,종로4가,2980,1663,1317,5,420,1022,880,514,139,0,165,497,518,378,105,5,255,525,362,136,34
2021,2,D,발달상권,2120010,원남동사거리,4107,2297,1810,50,1544,1305,655,383,170,2,585,793,487,297,133,48,959,512,168,86,37
2021,2,D,발달상권,2120009,종로3가역,8495,4786,3709,19,1355,2296,2026,1582,1217,8,563,1230,1198,953,834,11,792,1066,828,629,383
2021,2,D,발달상권,2120008,인사동,22070,13019,9051,1263,7895,5069,3940,2756,1147,589,4005,3077,2666,2006,676,674,3890,1992,1274,750,471
2021,2,D,발달상권,2120007,북촌(안국역),10172,8081,2091,7,1112,3577,3084,1913,479,5,623,2851,2568,1659,375,2,489,726,516,254,104
2021,2,D,발달상권,2120006,종각역,33181,16028,17153,59,5900,11133,9928,5489,672,14,2254,4920,4677,3672,491,45,3646,6213,5251,1817,181
2021,2,D,발달상권,2120005,삼청동,3053,2795,258,1,399,712,898,817,226,0,340,633,848,776,198,1,59,79,50,41,28
2021,2,D,발달상권,2120004,종로구청,12937,7078,5859,9,1442,4392,4485,2080,529,4,432,2050,2756,1493,343,5,1010,2342,1729,587,186
2021,2,D,발달상권,2120003,광화문역,44202,27021,17181,79,6413,12958,13138,8070,3544,12,2655,7612,8988,5645,2109,67,3758,5346,4150,2425,1435
2021,2,D,발달상권,2120002,서촌(경복궁역),2008,1079,929,37,492,680,426,224,149,0,190,388,263,133,105,37,302,292,163,91,44
2021,2,D,발달상권,2120001,서대문역,1510,1022,488,1,265,530,359,278,77,1,106,344,272,237,62,0,159,186,87,41,15
2021,2,A,골목상권,2111090,강일동주민센터,91,35,56,0,15,30,23,17,6,0,1,10,10,10,4,0,14,20,13,7,2
2021,2,A,골목상권,2111089,상일여고(상일초등학교),758,508,250,0,51,131,184,236,156,0,32,81,128,155,112,0,19,50,56,81,44
2021,2,A,골목상권,2111088,고덕동성당,123,54,69,0,15,32,32,31,13,0,4,15,10,15,10,0,11,17,22,16,3
2021,2,A,골목상권,2111087,고덕중학교(고덕2동주민센터),197,89,108,0,26,46,62,36,27,0,5,21,26,17,20,0,21,25,36,19,7
2021,2,A,골목상권,2111086,한영중고,297,202,95,1,27,45,73,101,50,1,17,22,52,69,41,0,10,23,21,32,9
2021,2,A,골목상권,2111085,묘곡초등학교(고덕아이파크아파트),800,452,348,0,68,111,152,196,273,0,35,72,80,84,181,0,33,39,72,112,92
2021,2,A,골목상권,2111084,길동신동아아파트,169,104,65,2,27,32,37,58,13,2,21,23,24,25,9,0,6,9,13,33,4
2021,2,A,골목상권,2111083,GS강동자이아파트,411,245,166,0,67,62,70,100,112,0,47,43,41,44,70,0,20,19,29,56,42
2021,2,A,골목상권,2111082,중앙보훈병원,64,44,20,0,3,9,11,23,18,0,1,3,5,18,17,0,2,6,6,5,1
2021,2,A,골목상권,2111081,둔촌푸르지오아파트,78,50,28,0,8,17,18,18,17,0,4,12,13,6,15,0,4,5,5,12,2
2021,2,A,골목상권,2111080,굽은다리역 3번,434,235,199,0,44,77,100,110,103,0,12,52,63,58,50,0,32,25,37,52,53
2021,2,A,골목상권,2111079,둔촌고등학교(둔촌중학교),395,202,193,1,52,59,66,79,138,1,32,35,35,28,71,0,20,24,31,51,67
2021,2,A,골목상권,2111078,굽은다리역 4번,1728,1017,711,1,135,299,374,480,439,1,75,185,212,270,274,0,60,114,162,210,165
2021,2,A,골목상권,2111077,길동주민센터(강동도서관),1272,737,535,4,121,258,294,321,274,1,49,138,167,188,194,3,72,120,127,133,80
2021,2,A,골목상권,2111076,둔촌2동주민센터,297,174,123,0,25,49,61,86,76,0,14,24,34,39,63,0,11,25,27,47,13
2021,2,A,골목상권,2111075,굽은다리역 2번,192,115,77,0,14,42,52,54,30,0,14,28,24,33,16,0,0,14,28,21,14
2021,2,A,골목상권,2111074,명일역 1번,148,77,71,2,31,38,40,16,21,1,9,23,23,10,11,1,22,15,17,6,10
2021,2,A,골목상권,2111073,둔촌동역 1번(한산중학교),973,578,395,1,134,224,250,206,158,1,58,122,160,124,113,0,76,102,90,82,45
2021,2,A,골목상권,2111072,굽은다리역 1번(십자성마을),739,467,272,1,56,119,199,185,179,0,18,70,114,126,139,1,38,49,85,59,40
2021,2,A,골목상권,2111071,천동초등학교,76,52,24,0,4,15,21,25,11,0,4,6,18,16,8,0,0,9,3,9,3
2021,2,A,골목상권,2111070,천호초등학교,127,73,54,1,7,23,40,28,28,0,3,10,23,17,20,1,4,13,17,11,8
2021,2,A,골목상권,2111069,천호1동주민센터,79,54,25,0,8,17,17,26,11,0,4,12,14,14,10,0,4,5,3,12,1
2021,2,A,골목상권,2111068,강동성심병원,1570,605,965,0,532,392,271,203,172,0,126,134,114,101,130,0,406,258,157,102,42
2021,2,A,골목상권,2111067,강동구립성내도서관,746,414,332,2,73,149,192,177,153,1,36,98,107,84,88,1,37,51,85,93,65
2021,2,A,골목상권,2111066,암사동성당(효정하나플러스아파트),395,235,160,3,40,95,100,106,51,0,9,46,65,84,31,3,31,49,35,22,20
2021,2,A,골목상권,2111065,천일초등학교,75,34,41,2,6,20,18,22,7,2,5,10,7,5,5,0,1,10,11,17,2
2021,2,A,골목상권,2111064,둔촌동역 4번,157,98,59,0,13,34,47,40,23,0,3,21,30,28,16,0,10,13,17,12,7
2021,2,A,골목상권,2111063,강동구립 천호도서관,368,182,186,0,25,44,81,85,133,0,5,15,21,30,111,0,20,29,60,55,22
2021,2,A,골목상권,2111062,둔촌동역 3번(성내3동주민센터),751,501,250,5,134,198,194,144,76,5,81,139,126,91,59,0,53,59,68,53,17
2021,2,A,골목상권,2111061,암사역 1번,831,551,280,0,149,186,182,170,144,0,82,128,126,125,90,0,67,58,56,45,54
2021,2,A,골목상권,2111060,암사역 2번(서울강동초등학교),871,457,414,1,101,210,241,202,116,1,41,96,131,107,81,0,60,114,110,95,35
2021,2,A,골목상권,2111059,강동역 4번(강풀만화거리),819,430,389,3,90,160,193,170,203,1,48,75,93,94,119,2,42,85,100,76,84
2021,2,A,골목상권,2111058,성내중학교,451,317,134,0,51,92,129,121,58,0,37,63,90,82,45,0,14,29,39,39,13
2021,2,A,골목상권,2111057,천호공원(해공체육문화센터),255,113,142,2,53,50,64,61,25,2,15,19,30,33,14,0,38,31,34,28,11
2021,2,A,골목상권,2111056,천호태영아파트,191,53,138,0,27,35,64,36,29,0,4,5,19,15,10,0,23,30,45,21,19
2021,2,A,골목상권,2111055,선사초등학교,673,29,644,0,14,28,137,373,121,0,4,7,8,6,4,0,10,21,129,367,117
2021,2,A,골목상권,2111054,암사역 4번(삼성광나루아파트),104,42,62,0,14,18,19,12,41,0,4,12,7,5,14,0,10,6,12,7,27
2021,2,A,골목상권,2111053,성내천어린이공원(하니사랑길),6288,4564,1724,6,799,940,1025,1564,1954,3,542,693,750,1053,1523,3,257,247,275,511,431
2021,2,A,골목상권,2111052,암사역 3번(천호동자전거거리),357,228,129,1,26,71,117,94,48,1,11,47,76,58,35,0,15,24,41,36,13
2021,2,A,골목상권,2111051,천호역 6번,407,252,155,2,65,80,90,88,82,1,44,56,58,47,46,1,21,24,32,41,36
2021,2,A,골목상권,2111050,강동구청(강동구청역 2번),131,96,35,0,21,14,21,32,43,0,12,5,12,27,40,0,9,9,9,5,3
2021,2,A,골목상권,2111049,천호지구대(천호동자전거거리),507,277,230,2,75,90,96,118,126,0,36,50,40,68,83,2,39,40,56,50,43
2021,2,A,골목상권,2111048,천호역 1번(천호문구완구거리),189,104,85,3,18,52,45,45,26,2,10,24,26,25,17,1,8,28,19,20,9
2021,2,A,골목상권,2111047,마천1치안센터,111,73,38,0,9,17,34,34,17,0,6,14,19,22,12,0,3,3,15,12,5
2021,2,A,골목상권,2111046,마천역(마천초등학교),705,400,305,2,76,145,170,193,119,1,47,85,83,94,90,1,29,60,87,99,29
2021,2,A,골목상권,2111045,개미어린이공원,36,18,18,0,2,7,12,12,3,0,1,1,7,7,2,0,1,6,5,5,1
2021,2,A,골목상권,2111044,남천초등학교,557,264,293,1,95,146,167,113,35,0,35,71,76,56,26,1,60,75,91,57,9
2021,2,A,골목상권,2111043,마천공원,32,13,19,0,1,3,7,12,9,0,0,0,1,6,6,0,1,3,6,6,3
2021,2,A,골목상권,2111042,거여역 1번(거여공원),867,597,270,3,147,186,247,200,84,3,121,134,159,130,50,0,26,52,88,70,34
2021,2,A,골목상권,2111041,거여역 8번,428,350,78,1,102,124,87,64,50,1,84,98,72,51,44,0,18,26,15,13,6
2021,2,A,골목상권,2111040,거여초등학교,346,137,209,0,26,86,124,77,33,0,9,27,48,30,23,0,17,59,76,47,10
2021,2,A,골목상권,2111039,벌말어린이공원,485,353,132,8,85,125,121,94,52,8,51,89,88,72,45,0,34,36,33,22,7
2021,2,A,골목상권,2111038,보인중학교,416,270,146,0,26,66,113,123,88,0,11,38,85,88,48,0,15,28,28,35,40
2021,2,A,골목상권,2111037,Sh수협은행 오금동금융센터(아랫말어린이공원),373,243,130,0,37,103,90,93,50,0,25,84,60,43,31,0,12,19,30,50,19
2021,2,A,골목상권,2111036,투구봉어린이공원,209,119,90,1,22,40,55,62,29,1,7,20,26,39,26,0,15,20,29,23,3
2021,2,A,골목상권,2111035,오금공원(오주중학교),531,398,133,0,41,90,148,148,104,0,32,66,121,102,77,0,9,24,27,46,27
2021,2,A,골목상권,2111034,오동나무공원(송파레미니스1단지),1443,1020,423,3,244,367,352,318,159,3,155,253,264,223,122,0,89,114,88,95,37
2021,2,A,골목상권,2111033,문정동성당,70,30,40,0,5,4,16,16,29,0,2,3,8,9,8,0,3,1,8,7,21
2021,2,A,골목상권,2111032,방이역 1번,3885,2552,1333,4,235,340,605,719,1982,3,139,237,411,469,1293,1,96,103,194,250,689
2021,2,A,골목상권,2111031,장지동주민센터(한림연예예술고교),3127,2317,810,8,263,415,651,857,933,2,170,330,497,648,670,6,93,85,154,209,263
2021,2,A,골목상권,2111030,방이역 2번,665,419,246,1,57,107,147,217,136,0,28,68,94,128,101,1,29,39,53,89,35
2021,2,A,골목상권,2111029,오금역 4번,427,314,113,3,71,108,91,79,75,1,51,81,67,55,59,2,20,27,24,24,16
2021,2,A,골목상권,2111028,문현중학교(장지역 1번),424,194,230,0,54,66,132,116,56,0,29,36,49,50,30,0,25,30,83,66,26
2021,2,A,골목상권,2111027,문정초등학교,1403,775,628,3,148,289,326,247,390,1,67,160,211,126,210,2,81,129,115,121,180
2021,2,A,골목상권,2111026,문정역 2번,2304,1506,798,7,431,634,546,428,258,3,236,427,385,239,216,4,195,207,161,189,42
2021,2,A,골목상권,2111025,경찰병원역 3번,686,412,274,1,84,164,149,157,131,0,45,102,103,88,74,1,39,62,46,69,57
2021,2,A,골목상권,2111024,경찰병원역 4번(건너말공원),240,150,90,0,27,53,63,68,29,0,16,33,45,35,21,0,11,20,18,33,8
2021,2,A,골목상권,2111023,문정역 1번,939,576,363,2,133,202,263,204,135,0,86,139,184,100,67,2,47,63,79,104,68
2021,2,A,골목상권,2111022,석촌중학교(방이육교),567,255,312,1,48,105,141,206,66,0,28,66,72,57,32,1,20,39,69,149,34
2021,2,A,골목상권,2111021,방이역 4번,7674,5867,1807,22,792,1328,1977,2139,1416,15,392,911,1551,1769,1229,7,400,417,426,370,187
2021,2,A,골목상권,2111020,방이동고분군(방산고등학교),304,225,79,1,20,103,84,54,42,0,7,73,64,48,33,1,13,30,20,6,9
2021,2,A,골목상권,2111019,한성백제역 3번,1524,1000,524,2,207,448,428,254,185,2,103,303,300,164,128,0,104,145,128,90,57
2021,2,A,골목상권,2111018,풍납초등학교(풍납백제문화공원),26,23,3,0,1,5,10,6,4,0,1,4,8,6,4,0,0,1,2,0,0
2021,2,A,골목상권,2111017,송파나루역 3번,688,480,208,5,317,167,84,70,45,4,217,116,53,50,40,1,100,51,31,20,5
2021,2,A,골목상권,2111016,송파역 2번,3803,1601,2202,15,1126,1104,801,601,156,8,407,533,427,165,61,7,719,571,374,436,95
2021,2,A,골목상권,2111015,석촌역 3번,1352,778,574,1,151,315,350,351,184,1,72,199,216,181,109,0,79,116,134,170,75
2021,2,A,골목상권,2111014,송파나루역 2번,525,275,250,1,43,76,121,190,94,0,21,42,69,83,60,1,22,34,52,107,34
2021,2,A,골목상권,2111013,송파나루역 1번(송리단길),2234,1456,778,8,320,568,650,435,253,3,160,384,445,290,174,5,160,184,205,145,79
2021,2,A,골목상권,2111012,석촌역 6번,732,332,400,2,91,127,180,183,149,2,23,56,83,93,75,0,68,71,97,90,74
2021,2,A,골목상권,2111011,잠실나루역,9608,7747,1861,42,1275,3018,2795,2046,432,18,924,2492,2309,1674,330,24,351,526,486,372,102
2021,2,A,골목상권,2111010,석촌역 7번,1428,975,453,3,162,289,351,325,298,1,88,176,244,224,242,2,74,113,107,101,56
2021,2,A,골목상권,2111009,송파책박물관,127,92,35,1,13,38,27,22,26,0,11,32,17,14,18,1,2,6,10,8,8
2021,2,A,골목상권,2111008,석촌고분역 3번,1600,1210,390,1,185,292,294,400,428,1,151,243,216,259,340,0,34,49,78,141,88
2021,2,A,골목상권,2111007,석촌고분역 4번,936,480,456,0,107,215,255,242,117,0,43,116,142,109,70,0,64,99,113,133,47
2021,2,A,골목상권,2111006,석촌고분역 1번,1112,721,391,0,127,292,337,203,153,0,56,169,242,135,119,0,71,123,95,68,34
2021,2,A,골목상권,2111005,삼전역 3번,1865,1358,507,0,320,617,459,302,167,0,215,449,339,222,133,0,105,168,120,80,34
2021,2,A,골목상권,2111004,삼전역 1번,2036,1331,705,13,263,407,504,376,473,0,108,261,337,239,386,13,155,146,167,137,87
2021,2,A,골목상권,2111003,삼전역 4번,1991,1333,658,6,249,412,547,436,341,1,160,278,331,307,256,5,89,134,216,129,85
2021,2,A,골목상권,2111002,한국교통안전공단 강남자동차검사소,317,115,202,0,22,63,65,96,71,0,7,31,21,26,30,0,15,32,44,70,41
2021,2,A,골목상권,2111001,아래방죽마을공원(율현초등학교),70,44,26,0,2,10,16,22,20,0,1,7,13,13,10,0,1,3,3,9,10
2021,2,A,골목상권,2111000,대왕초등학교(세곡동사거리서남측),39,20,19,0,7,10,12,8,2,0,0,4,10,4,2,0,7,6,2,4,0
2021,2,A,골목상권,2110999,윗방죽마을공원,268,130,138,2,19,43,44,83,77,1,12,27,27,39,24,1,7,16,17,44,53
2021,2,A,골목상권,2110998,은곡마을(은곡마을공원),23,15,8,0,2,8,6,5,2,0,0,4,5,5,1,0,2,4,1,0,1
2021,2,A,골목상권,2110997,대청초등학교,1724,959,765,4,230,291,391,383,425,2,111,162,200,210,274,2,119,129,191,173,151
2021,2,A,골목상권,2110996,대치2동주민센터,1959,1227,732,2,83,278,351,342,903,0,48,209,277,247,446,2,35,69,74,95,457
2021,2,A,골목상권,2110995,봉은사역 4번,5085,3711,1374,9,978,2002,1271,637,188,2,575,1477,990,523,144,7,403,525,281,114,44
2021,2,A,골목상권,2110994,개포고등학교,494,382,112,7,65,161,123,110,28,4,47,134,103,73,21,3,18,27,20,37,7
2021,2,A,골목상권,2110993,개포지하차도 북측,70,53,17,0,3,9,19,23,16,0,2,7,16,18,10,0,1,2,3,5,6
2021,2,A,골목상권,2110992,도곡초등학교,2179,1144,1035,3,269,440,484,524,459,1,108,253,258,260,264,2,161,187,226,264,195
2021,2,A,골목상권,2110991,삼성중앙역 5번,1246,794,452,1,111,415,339,275,105,1,28,243,229,216,77,0,83,172,110,59,28
2021,2,A,골목상권,2110990,청담역 12번,262,109,153,2,61,92,56,36,15,0,12,32,29,23,13,2,49,60,27,13,2
2021,2,A,골목상권,2110989,대치동아우편취급국,444,270,174,9,90,148,75,68,54,0,43,102,43,44,38,9,47,46,32,24,16
2021,2,A,골목상권,2110988,청담역 3번,1594,1016,578,1,243,425,364,346,215,1,82,247,247,262,177,0,161,178,117,84,38
2021,2,A,골목상권,2110987,영동대교남단,473,237,236,2,91,86,93,107,94,1,46,51,44,40,55,1,45,35,49,67,39
2021,2,A,골목상권,2110986,삼성중앙역 7번,90,59,31,0,9,18,36,19,8,0,3,6,29,15,6,0,6,12,7,4,2
2021,2,A,골목상권,2110985,청담근린공원,1338,948,390,0,193,447,374,226,98,0,98,346,275,157,72,0,95,101,99,69,26
2021,2,A,골목상권,2110984,포이초등학교(개포목련어린이공원),1556,1046,510,2,236,342,331,306,339,0,140,241,211,199,255,2,96,101,120,107,84
2021,2,A,골목상권,2110983,국립국악고등학교,783,534,249,6,126,212,125,145,169,2,44,137,94,111,146,4,82,75,31,34,23
2021,2,A,골목상권,2110982,강남구보훈회관,166,74,92,0,31,34,41,41,19,0,7,13,25,14,15,0,24,21,16,27,4
2021,2,A,골목상권,2110981,국악고교사거리,361,216,145,2,57,77,110,81,34,0,27,36,72,56,25,2,30,41,38,25,9
2021,2,A,골목상권,2110980,개포지구대옆,663,482,181,0,90,198,202,111,62,0,45,142,168,72,55,0,45,56,34,39,7
2021,2,A,골목상권,2110979,청담초등학교,2996,1912,1084,4,522,922,768,567,213,4,228,628,535,343,174,0,294,294,233,224,39
2021,2,A,골목상권,2110978,도곡2동주민센터(대치중학교),331,186,145,0,46,70,72,114,29,0,20,41,47,62,16,0,26,29,25,52,13
2021,2,A,골목상권,2110977,논현로18길,148,102,46,0,22,32,45,29,20,0,14,20,33,20,15,0,8,12,12,9,5
2021,2,A,골목상권,2110976,언북초등학교,578,332,246,1,111,188,126,86,66,0,41,115,83,49,44,1,70,73,43,37,22
2021,2,A,골목상권,2110975,매봉역 1번,10837,6932,3905,34,2175,2199,3202,3019,208,21,1010,1161,2184,2402,154,13,1165,1038,1018,617,54
2021,2,A,골목상권,2110974,언주중학교,292,179,113,3,60,72,89,44,24,3,27,43,62,28,16,0,33,29,27,16,8
2021,2,A,골목상권,2110973,강남구청역 4번,1451,786,665,4,275,333,289,271,279,1,146,203,162,130,144,3,129,130,127,141,135
2021,2,A,골목상권,2110972,강남세브란스병원미래의학연구센터,2628,1440,1188,17,539,669,692,581,130,4,240,428,438,258,72,13,299,241,254,323,58
2021,2,A,골목상권,2110971,선정릉역 4번,1542,900,642,11,278,455,380,254,164,6,140,270,245,120,119,5,138,185,135,134,45
2021,2,A,골목상권,2110970,학동초등학교,378,236,142,1,66,98,102,65,46,0,27,49,66,57,37,1,39,49,36,8,9
2021,2,A,골목상권,2110969,베르사이유1아파트,1546,1230,316,4,231,442,483,285,101,2,165,345,402,239,77,2,66,97,81,46,24
2021,2,A,골목상권,2110968,강남구청역 2번,1023,596,427,7,327,204,133,121,231,4,177,117,81,68,149,3,150,87,52,53,82
2021,2,A,골목상권,2110967,역삼역 8번,377,228,149,0,63,92,89,92,41,0,31,51,60,56,30,0,32,41,29,36,11
2021,2,A,골목상권,2110966,논현2동주민센터,1637,1017,620,18,470,498,300,218,133,7,256,298,200,147,109,11,214,200,100,71,24
2021,2,A,골목상권,2110965,언주역 6번,1139,788,351,1,174,379,378,142,65,1,104,276,284,74,49,0,70,103,94,68,16
2021,2,A,골목상권,2110964,싸리고개근린공원,217,124,93,0,29,60,59,34,35,0,8,32,36,23,25,0,21,28,23,11,10
2021,2,A,골목상권,2110963,역삼월드메르디앙아파트,780,547,233,1,126,185,226,154,88,0,79,146,171,97,54,1,47,39,55,57,34
2021,2,A,골목상권,2110962,도산공원북측,557,487,70,1,66,80,242,144,24,0,45,70,226,130,16,1,21,10,16,14,8
2021,2,A,골목상권,2110961,언주역 3번,962,673,289,5,172,286,248,140,111,3,97,184,187,112,90,2,75,102,61,28,21
2021,2,A,골목상권,2110960,은광여고,1522,692,830,5,207,255,373,502,180,4,55,110,190,212,121,1,152,145,183,290,59
2021,2,A,골목상권,2110959,신구중학교,271,140,131,0,14,66,82,79,30,0,7,36,49,29,19,0,7,30,33,50,11
2021,2,A,골목상권,2110958,역삼역 4번,994,759,235,1,96,197,300,295,105,1,46,133,254,240,85,0,50,64,46,55,20
2021,2,A,골목상권,2110957,언북중학교,1251,831,420,1,262,379,317,147,145,1,146,241,215,109,119,0,116,138,102,38,26
2021,2,A,골목상권,2110956,언주역 8번,1199,758,441,4,361,471,199,87,77,2,158,307,163,70,58,2,203,164,36,17,19
2021,2,A,골목상권,2110955,논현초등학교,3430,2238,1192,19,719,823,793,625,451,13,417,568,554,389,297,6,302,255,239,236,154
2021,2,A,골목상권,2110954,국기원,636,445,191,0,89,142,187,94,124,0,35,97,161,74,78,0,54,45,26,20,46
2021,2,A,골목상권,2110953,학동근린공원,2487,1583,904,15,679,891,571,218,113,0,336,572,409,180,86,15,343,319,162,38,27
2021,2,A,골목상권,2110952,논현목련공원,117,65,52,0,21,23,27,22,24,0,9,13,13,14,16,0,12,10,14,8,8
2021,2,A,골목상권,2110951,신사은행나무공원,273,75,198,0,35,83,96,51,8,0,6,24,27,15,3,0,29,59,69,36,5
2021,2,A,골목상권,2110950,논현역 7번,2981,1929,1052,1,829,1305,518,230,98,0,418,886,383,173,69,1,411,419,135,57,29
2021,2,A,골목상권,2110949,한남IC,1683,1193,490,5,288,565,435,305,85,2,112,398,347,261,73,3,176,167,88,44,12
2021,2,A,골목상권,2110947,청계산입구역 2번(내곡동주민센터),121,48,73,0,19,18,29,21,34,0,9,9,15,7,8,0,10,9,14,14,26
2021,2,A,골목상권,2110946,청계산원터골,48,24,24,0,2,6,8,16,16,0,2,3,6,3,10,0,0,3,2,13,6
2021,2,A,골목상권,2110945,본마을노인복지센터(서초구립내곡도서관),191,114,77,3,44,57,37,33,17,3,14,31,25,28,13,0,30,26,12,5,4
2021,2,A,골목상권,2110944,서울나래학교(염곡어린이공원),1053,735,318,10,133,246,201,217,246,8,98,194,153,139,143,2,35,52,48,78,103
2021,2,A,골목상권,2110943,법제교육센터(버들어린이공원),1122,578,544,1,67,165,357,323,209,1,36,99,151,140,151,0,31,66,206,183,58
2021,2,A,골목상권,2110942,염곡동 구룡사(포이동성당),3242,1952,1290,7,578,932,791,613,321,3,328,587,461,351,222,4,250,345,330,262,99
2021,2,A,골목상권,2110941,언남고등학교,261,158,103,0,33,46,89,58,35,0,14,26,51,40,27,0,19,20,38,18,8
2021,2,A,골목상권,2110940,양재근린공원(양재2동주민센터),1043,755,288,9,186,346,264,145,93,8,116,256,200,103,72,1,70,90,64,42,21
2021,2,A,골목상권,2110939,양재역 8번(양재동우체국),5945,4103,1842,23,971,1415,1465,1168,903,15,500,989,1056,798,745,8,471,426,409,370,158
2021,2,A,골목상권,2110938,바우뫼공원,1784,1137,647,1,294,551,489,326,123,0,172,392,303,169,101,1,122,159,186,157,22
2021,2,A,골목상권,2110937,방아다리근린공원(횃불트리니티신학대학원대학교),2465,1270,1195,7,634,861,542,318,103,6,246,507,335,113,63,1,388,354,207,205,40
2021,2,A,골목상권,2110936,더케이호텔(양재리본타워2단지아파트),832,552,280,3,109,260,215,175,70,0,53,154,159,131,55,3,56,106,56,44,15
2021,2,A,골목상권,2110935,한전아트센터,379,264,115,2,53,108,105,72,39,2,33,82,75,46,26,0,20,26,30,26,13
2021,2,A,골목상권,2110934,우면주공아파트,998,677,321,6,198,291,253,164,86,5,83,217,195,113,64,1,115,74,58,51,22
2021,2,A,골목상권,2110933,한국상담대학원대학교,679,60,619,0,344,156,86,63,30,0,10,15,15,5,15,0,334,141,71,58,15
2021,2,A,골목상권,2110932,서울시인재개발원,532,384,148,2,128,170,127,64,41,2,76,116,100,54,36,0,52,54,27,10,5
2021,2,A,골목상권,2110931,삼성전자서울R&D(서울우면초등학교),100,51,49,0,37,31,18,7,7,0,12,16,10,7,6,0,25,15,8,0,1
2021,2,A,골목상권,2110930,서초동성당,2178,1774,404,8,284,588,694,433,171,2,190,448,591,393,150,6,94,140,103,40,21
2021,2,A,골목상권,2110929,남부터미널역 1번,21130,10703,10427,21,4446,4558,3912,7143,1050,4,1209,1890,1718,5123,759,17,3237,2668,2194,2020,291
2021,2,A,골목상권,2110928,서초우방유쉘아파트,596,491,105,1,57,109,125,205,99,1,29,76,109,190,86,0,28,33,16,15,13
2021,2,A,골목상권,2110927,잠원역,745,553,192,2,93,342,198,98,12,2,82,218,159,81,11,0,11,124,39,17,1
2021,2,A,골목상권,2110926,신중초등학교,1610,1175,435,6,193,359,463,382,207,3,114,263,355,292,148,3,79,96,108,90,59
2021,2,A,골목상권,2110925,서초중학교,873,496,377,0,104,137,244,222,166,0,38,65,146,132,115,0,66,72,98,90,51
2021,2,A,골목상권,2110924,반포4동주민센터(몽마르뜨공원),1330,886,444,5,203,305,407,298,112,1,85,181,300,236,83,4,118,124,107,62,29
2021,2,A,골목상권,2110923,방배역 1번,210,153,57,0,34,56,55,41,24,0,21,38,42,34,18,0,13,18,13,7,6
2021,2,A,골목상권,2110922,내방역 1번,224,114,110,1,42,48,47,43,43,0,13,23,27,23,28,1,29,25,20,20,15
2021,2,A,골목상권,2110921,서울프랑스학교,522,321,201,7,63,71,118,142,121,2,30,43,82,90,74,5,33,28,36,52,47
2021,2,A,골목상권,2110920,방배역 2번(백석예술대학교),359,205,154,0,23,53,125,118,40,0,5,29,65,75,31,0,18,24,60,43,9
2021,2,A,골목상권,2110919,내방역 8번,1539,1126,413,3,142,311,413,419,251,1,60,179,331,354,201,2,82,132,82,65,50
2021,2,A,골목상권,2110918,방배역 3번,682,438,244,3,98,127,164,142,148,2,59,85,108,86,98,1,39,42,56,56,50
2021,2,A,골목상권,2110917,서초소방서,1505,939,566,6,157,432,402,355,153,2,72,281,295,181,108,4,85,151,107,174,45
2021,2,A,골목상권,2110916,내방역 4번,1152,592,560,9,216,272,301,208,146,6,58,167,187,91,83,3,158,105,114,117,63
2021,2,A,골목상권,2110915,서래초등학교,2807,2202,605,14,421,877,1027,379,89,11,280,648,849,336,78,3,141,229,178,43,11
2021,2,A,골목상권,2110914,내방역 6번,146,116,30,0,26,31,37,26,26,0,17,26,26,24,23,0,9,5,11,2,3
2021,2,A,골목상권,2110913,방현초등학교(방배119안전센터),3305,2117,1188,7,572,1265,879,376,206,4,272,824,627,237,153,3,300,441,252,139,53
2021,2,A,골목상권,2110912,방배동사이길,210,128,82,3,33,45,53,42,34,2,16,27,39,21,23,1,17,18,14,21,11
2021,2,A,골목상권,2110911,방배배수지체육공원,29,22,7,0,6,3,7,5,8,0,6,2,4,4,6,0,0,1,3,1,2
2021,2,A,골목상권,2110910,내방역 5번,614,240,374,5,72,124,157,176,80,3,30,69,52,49,37,2,42,55,105,127,43
2021,2,A,골목상권,2110909,남태령역(서울전자고등학교),132,97,35,1,11,29,23,34,34,1,4,19,16,29,28,0,7,10,7,5,6
2021,2,A,골목상권,2110908,구반포역,1525,377,1148,0,66,111,397,806,145,0,42,54,71,141,69,0,24,57,326,665,76
2021,2,A,골목상권,2110907,방배초등학교,878,506,372,8,144,197,239,157,133,5,66,109,122,99,105,3,78,88,117,58,28
2021,2,A,골목상권,2110906,서문여고,683,362,321,2,217,106,119,106,133,0,59,58,72,62,111,2,158,48,47,44,22
2021,2,A,골목상권,2110905,방배노인종합복지관(이수중학교),287,176,111,1,36,71,71,63,45,0,18,38,45,41,34,1,18,33,26,22,11
2021,2,A,골목상권,2110904,이수역 5번,835,468,367,4,167,217,239,139,69,1,90,125,135,59,58,3,77,92,104,80,11
2021,2,A,골목상권,2110903,방배아이파크아파트,7222,2653,4569,7,1242,1778,2487,1322,386,1,333,597,951,599,172,6,909,1181,1536,723,214
2021,2,A,골목상권,2110902,사당역 4번,1201,739,462,1,193,270,296,250,191,0,84,171,204,158,122,1,109,99,92,92,69
2021,2,A,골목상권,2110901,인헌고등학교(인헌중학교),262,154,108,3,44,64,75,55,21,3,23,40,40,32,16,0,21,24,35,23,5
2021,2,A,골목상권,2110900,낙성대역 1번(관악구민 종합체육센터),457,257,200,1,95,125,123,89,24,1,49,65,69,54,19,0,46,60,54,35,5
2021,2,A,골목상권,2110899,낙성대역 5번(관악중학교),690,448,242,0,167,185,166,123,49,0,107,135,96,71,39,0,60,50,70,52,10
2021,2,A,골목상권,2110898,청림동주민센터(상도중학교),66,27,39,0,16,14,14,16,6,0,5,3,8,7,4,0,11,11,6,9,2
2021,2,A,골목상권,2110897,서울대입구역 8번,219,139,80,0,16,45,69,64,25,0,7,24,40,44,24,0,9,21,29,20,1
2021,2,A,골목상권,2110896,관악우성아파트,202,49,153,0,41,37,44,47,33,0,5,7,11,13,13,0,36,30,33,34,20
2021,2,A,골목상권,2110895,샤로수길,1796,1222,574,3,307,721,360,233,172,2,170,534,234,152,130,1,137,187,126,81,42
2021,2,A,골목상권,2110894,관악동부센트레빌아파트(은천로35라길),20,8,12,0,2,4,3,6,5,0,0,2,1,2,3,0,2,2,2,4,2
2021,2,A,골목상권,2110893,관악소방서(문영여고),353,303,50,0,39,110,66,113,25,0,29,96,57,99,22,0,10,14,9,14,3
2021,2,A,골목상권,2110892,관악구 중앙길,709,341,368,0,69,110,159,221,150,0,25,55,76,105,80,0,44,55,83,116,70
2021,2,A,골목상권,2110891,구암초등학교,47,22,25,0,5,1,22,16,3,0,1,0,11,8,2,0,4,1,11,8,1
2021,2,A,골목상권,2110890,봉천역 1번(관악초등학교),261,152,109,1,22,44,95,70,29,0,4,22,59,46,21,1,18,22,36,24,8
2021,2,A,골목상권,2110889,봉천역 6번,376,317,59,0,29,36,69,136,106,0,18,20,47,130,102,0,11,16,22,6,4
2021,2,A,골목상권,2110888,청룡동주민센터,94,53,41,0,5,9,11,22,47,0,3,2,4,6,38,0,2,7,7,16,9
2021,2,A,골목상권,2110887,서울산업정보학교(서울삼성초등학교),19,11,8,0,1,4,7,6,1,0,0,0,4,6,1,0,1,4,3,0,0
2021,2,A,골목상권,2110886,관악해태어린이공원,188,103,85,1,38,50,41,36,22,1,18,28,21,23,12,0,20,22,20,13,10
2021,2,A,골목상권,2110885,영락고등학교,340,214,126,0,37,58,94,89,62,0,18,33,61,57,45,0,19,25,33,32,17
2021,2,A,골목상권,2110884,봉천역 4번(봉천110안전센터),372,284,88,1,17,30,61,98,165,0,1,8,49,84,142,1,16,22,12,14,23
2021,2,A,골목상권,2110883,은천초등학교(은천교앞),212,126,86,2,21,44,71,49,25,1,12,25,43,29,16,1,9,19,28,20,9
2021,2,A,골목상권,2110882,신성초등학교,733,444,289,1,95,131,215,168,123,0,52,67,122,109,94,1,43,64,93,59,29
2021,2,A,골목상권,2110881,구립대학경로당(관악산샘말공원),1601,1304,297,1,317,452,460,271,100,1,225,376,399,232,71,0,92,76,61,39,29
2021,2,A,골목상권,2110880,신림역 1번,995,275,720,0,379,296,157,128,35,0,78,87,66,33,11,0,301,209,91,95,24
2021,2,A,골목상권,2110879,신림현대아파트,17,7,10,0,2,3,5,5,2,0,1,2,2,2,0,0,1,1,3,3,2
2021,2,A,골목상권,2110878,미림여고,368,218,150,3,43,114,101,78,29,0,19,63,68,43,25,3,24,51,33,35,4
2021,2,A,골목상권,2110877,신림역 8번,319,154,165,2,23,63,86,80,65,0,10,30,36,39,39,2,13,33,50,41,26
2021,2,A,골목상권,2110876,서원동주민센터(신관중학교),49,29,20,0,5,9,16,9,10,0,2,4,10,4,9,0,3,5,6,5,1
2021,2,A,골목상권,2110875,보라매동주민센터(당곡고등학교),16,13,3,0,3,2,5,4,2,0,2,2,3,4,2,0,1,0,2,0,0
2021,2,A,골목상권,2110874,원신초등학교(구세군관악영문교회),46,15,31,1,4,19,7,12,3,1,1,3,3,6,1,0,3,16,4,6,2
2021,2,A,골목상권,2110873,당곡중학교,343,166,177,0,68,79,86,74,36,0,29,39,39,36,23,0,39,40,47,38,13
2021,2,A,골목상권,2110872,신림초등학교,277,195,82,3,54,68,69,53,30,3,36,54,54,41,7,0,18,14,15,12,23
2021,2,A,골목상권,2110871,신원동주민센터,159,101,58,1,12,40,45,37,24,0,8,25,27,25,16,1,4,15,18,12,8
2021,2,A,골목상권,2110869,"신림역 5번(신림동주민센터, 신림동별빛거리)",1026,681,345,1,79,136,248,233,329,1,36,73,143,155,273,0,43,63,105,78,56
2021,2,A,골목상권,2110868,남부초등학교,232,126,106,0,20,29,45,49,89,0,11,23,22,28,42,0,9,6,23,21,47
2021,2,A,골목상권,2110867,국제신학대학원대학교(남서울중학교),202,117,85,0,8,34,39,53,68,0,2,15,21,32,47,0,6,19,18,21,21
2021,2,A,골목상권,2110866,난우중학교,171,91,80,0,20,36,34,62,19,0,14,20,12,29,16,0,6,16,22,33,3
2021,2,A,골목상권,2110865,남강고등학교(남강중학교),336,143,193,4,66,72,69,85,40,2,16,34,28,34,29,2,50,38,41,51,11
2021,2,A,골목상권,2110864,신림우방아파트,236,161,75,0,31,48,53,60,44,0,21,31,37,43,29,0,10,17,16,17,15
2021,2,A,골목상권,2110863,난우초등학교,319,179,140,6,40,61,63,79,70,5,23,30,38,36,47,1,17,31,25,43,23
2021,2,A,골목상권,2110862,난곡초등학교(난곡동벽화마을),84,41,43,0,4,13,14,34,19,0,2,6,11,15,7,0,2,7,3,19,12
2021,2,A,골목상권,2110861,관악구신사동주민센터,1182,608,574,1,215,377,263,209,117,1,71,194,161,105,76,0,144,183,102,104,41
2021,2,A,골목상권,2110860,호림박물관(성보고등학교),410,314,96,1,57,102,66,110,74,1,44,84,47,78,60,0,13,18,19,32,14
2021,2,A,골목상권,2110859,난향초등학교,182,113,69,0,11,32,42,52,45,0,0,21,27,30,35,0,11,11,15,22,10
2021,2,A,골목상권,2110858,신대방역 1번,66,33,33,0,5,9,17,7,28,0,0,1,6,2,24,0,5,8,11,5,4
2021,2,A,골목상권,2110857,미성동주민센터,431,229,202,9,60,64,70,108,120,9,34,48,41,46,51,0,26,16,29,62,69
2021,2,A,골목상권,2110856,미성초등학교,538,295,243,3,58,85,170,150,72,1,28,44,99,71,52,2,30,41,71,79,20
2021,2,A,골목상권,2110855,신대방역 2번,429,275,154,2,53,111,126,90,47,0,22,81,83,55,34,2,31,30,43,35,13
2021,2,A,골목상권,2110854,조원동주민센터,55,39,16,0,4,5,17,21,8,0,3,5,9,15,7,0,1,0,8,6,1
2021,2,A,골목상권,2110853,KT구로지사,213,127,86,0,21,47,65,50,30,0,9,26,44,27,21,0,12,21,21,23,9
2021,2,A,골목상권,2110852,이수역 9번,198,121,77,0,26,35,54,38,45,0,12,20,30,23,36,0,14,15,24,15,9
2021,2,A,골목상권,2110851,경문고등학교(동작동성당),485,233,252,0,79,136,140,102,28,0,32,53,66,66,16,0,47,83,74,36,12
2021,2,A,골목상권,2110850,사당역 10번,969,487,482,4,217,207,185,162,194,1,54,88,92,95,157,3,163,119,93,67,37
2021,2,A,골목상권,2110849,이수역 10번,220,130,90,1,37,52,58,40,32,0,12,33,34,25,26,1,25,19,24,15,6
2021,2,A,골목상권,2110848,양지어린이공원,486,307,179,0,36,68,152,132,98,0,6,39,85,93,84,0,30,29,67,39,14
2021,2,A,골목상권,2110847,예술인마을,460,225,235,3,53,139,142,78,45,3,13,62,76,38,33,0,40,77,66,40,12
2021,2,A,골목상권,2110846,남성역 1번,535,290,245,1,66,120,146,135,67,0,25,59,78,74,54,1,41,61,68,61,13
2021,2,A,골목상권,2110845,사당종합체육관,119,51,68,0,9,17,39,36,18,0,5,8,19,9,10,0,4,9,20,27,8
2021,2,A,골목상권,2110844,흑석2치안센터,7,5,2,0,2,1,1,0,3,0,1,1,1,0,2,0,1,0,0,0,1
2021,2,A,골목상권,2110843,사당5동주민센터,181,135,46,1,22,25,55,52,26,0,16,17,34,44,24,1,6,8,21,8,2
2021,2,A,골목상권,2110842,흑리단길,43,14,29,0,7,8,8,12,8,0,2,2,3,2,5,0,5,6,5,10,3
2021,2,A,골목상권,2110841,중대부중,88,36,52,0,11,17,16,25,19,0,5,7,5,11,8,0,6,10,11,14,11
2021,2,A,골목상권,2110840,중앙대학교,165,92,73,0,24,22,52,43,24,0,12,12,32,21,15,0,12,10,20,22,9
2021,2,A,골목상권,2110839,숭실대입구역 4번,187,67,120,0,10,51,57,46,23,0,2,14,22,11,18,0,8,37,35,35,5
2021,2,A,골목상권,2110838,상도1동주민센터앞,131,122,9,0,3,32,30,35,31,0,3,27,27,35,30,0,0,5,3,0,1
2021,2,A,골목상권,2110837,숭실대입구역 1번,373,195,178,1,39,76,84,80,93,0,19,32,43,32,69,1,20,44,41,48,24
2021,2,A,골목상권,2110836,상도역 5번,3057,1846,1211,9,550,798,701,647,352,2,238,486,453,447,220,7,312,312,248,200,132
2021,2,A,골목상권,2110835,상도역 1번,285,161,124,0,81,92,57,35,20,0,32,59,36,16,18,0,49,33,21,19,2
2021,2,A,골목상권,2110834,동작구자원봉사센터,38,22,16,0,3,5,6,10,14,0,2,2,6,5,7,0,1,3,0,5,7
2021,2,A,골목상권,2110833,상도역 2번,266,172,94,2,20,64,76,77,27,0,17,51,48,37,19,2,3,13,28,40,8
2021,2,A,골목상권,2110832,노량진초등학교,377,171,206,0,38,51,93,141,54,0,14,22,57,55,23,0,24,29,36,86,31
2021,2,A,골목상권,2110831,상도4동주민센터,72,40,32,0,3,13,14,29,13,0,3,6,6,18,7,0,0,7,8,11,6
2021,2,A,골목상권,2110830,상도초등학교,281,152,129,0,22,61,73,85,40,0,7,29,36,54,26,0,15,32,37,31,14
2021,2,A,골목상권,2110829,장승배기역 5번,536,417,119,0,195,137,79,53,72,0,177,106,49,40,45,0,18,31,30,13,27
2021,2,A,골목상권,2110828,노량진역 6번,3010,2066,944,9,471,1047,854,467,162,3,252,711,639,357,104,6,219,336,215,110,58
2021,2,A,골목상권,2110827,NH농협은행 상도동지점,262,93,169,0,39,51,73,65,34,0,11,18,20,28,16,0,28,33,53,37,18
2021,2,A,골목상권,2110826,장승배기역 4번,366,149,217,2,20,37,57,103,147,1,8,22,28,38,52,1,12,15,29,65,95
2021,2,A,골목상권,2110825,신대방삼거리역 1번,316,205,111,0,33,63,94,71,55,0,23,41,57,46,38,0,10,22,37,25,17
2021,2,A,골목상권,2110824,대방역 3번,296,102,194,1,48,91,92,42,22,0,11,26,29,23,13,1,37,65,63,19,9
2021,2,A,골목상권,2110823,신대방삼거리역 3번,472,242,230,0,30,45,83,121,193,0,17,26,40,42,117,0,13,19,43,79,76
2021,2,A,골목상권,2110822,신대방삼거리역 4번(대림초등학교),311,130,181,0,57,71,68,74,41,0,13,28,34,34,21,0,44,43,34,40,20
2021,2,A,골목상권,2110821,보라매역 2번,595,353,242,0,73,109,140,135,138,0,34,65,79,87,88,0,39,44,61,48,50
2021,2,A,골목상권,2110820,성남고등학교,3101,2470,631,1,651,742,555,991,161,0,438,581,448,879,124,1,213,161,107,112,37
2021,2,A,골목상권,2110819,신대방역 4번,510,262,248,0,64,99,128,93,126,0,15,37,58,62,90,0,49,62,70,31,36
2021,2,A,골목상권,2110818,신대방역 3번,20,9,11,0,1,3,7,7,2,0,1,3,2,1,2,0,0,0,5,6,0
2021,2,A,골목상권,2110817,대방역 4번,286,227,59,1,38,51,90,59,47,0,19,35,79,53,41,1,19,16,11,6,6
2021,2,A,골목상권,2110816,대방역 6번,521,404,117,1,73,138,153,68,88,1,50,109,114,50,80,0,23,29,39,18,8
2021,2,A,골목상권,2110815,공군호텔,2240,785,1455,4,425,514,476,507,314,0,88,195,167,170,165,4,337,319,309,337,149
2021,2,A,골목상권,2110814,서울지방병무청,673,364,309,1,51,117,155,236,113,1,23,79,97,104,60,0,28,38,58,132,53
2021,2,A,골목상권,2110813,보라매역 6번,286,167,119,3,22,37,50,74,100,3,15,21,24,39,65,0,7,16,26,35,35
2021,2,A,골목상권,2110812,신길6동주민센터,363,245,118,0,69,115,106,50,23,0,34,78,85,29,19,0,35,37,21,21,4
2021,2,A,골목상권,2110811,보라매역 4번,187,94,93,0,22,41,49,52,23,0,8,22,18,27,19,0,14,19,31,25,4
2021,2,A,골목상권,2110810,영신초등학교,395,178,217,0,53,143,63,80,56,0,20,65,31,44,18,0,33,78,32,36,38
2021,2,A,골목상권,2110809,장훈고등학교,112,61,51,0,7,15,30,23,37,0,3,5,11,17,25,0,4,10,19,6,12
2021,2,A,골목상권,2110808,신길역 1번,67,48,19,0,3,22,21,13,8,0,3,15,14,9,7,0,0,7,7,4,1
2021,2,A,골목상권,2110807,신길역 3번,102,70,32,0,6,16,23,27,30,0,4,8,18,19,21,0,2,8,5,8,9
2021,2,A,골목상권,2110806,서울시립영등포장애인복지관,76,42,34,0,18,30,13,13,2,0,5,16,9,11,1,0,13,14,4,2,1
2021,2,A,골목상권,2110805,신길새마을금고신길4동지점,45,27,18,0,6,12,12,8,7,0,2,7,6,5,7,0,4,5,6,3,0
2021,2,A,골목상권,2110804,신풍역 1번,312,187,125,0,15,37,62,63,135,0,4,15,29,35,104,0,11,22,33,28,31
2021,2,A,골목상권,2110803,신길2동우편취급국,304,220,84,0,17,27,56,62,142,0,6,14,33,39,128,0,11,13,23,23,14
2021,2,A,골목상권,2110802,신길동홍어거리,336,159,177,1,59,113,86,61,16,0,18,45,44,40,12,1,41,68,42,21,4
2021,2,A,골목상권,2110800,영등포동성당,227,153,74,0,26,34,61,66,40,0,13,22,37,46,35,0,13,12,24,20,5
2021,2,A,골목상권,2110799,영등포본동주민센터,119,86,33,5,21,16,11,22,44,3,12,10,6,15,40,2,9,6,5,7,4
2021,2,A,골목상권,2110798,신풍역 2번,53,20,33,0,2,13,14,13,11,0,0,3,3,6,8,0,2,10,11,7,3
2021,2,A,골목상권,2110797,KT대방빌딩,52,10,42,1,7,10,12,11,11,0,0,0,1,3,6,1,7,10,11,8,5
2021,2,A,골목상권,2110796,한림대학교한강성심병원,87,52,35,1,7,19,26,19,15,0,4,11,17,9,11,1,3,8,9,10,4
2021,2,A,골목상권,2110795,도림초등학교,533,356,177,0,20,49,80,128,256,0,8,36,48,74,190,0,12,13,32,54,66
2021,2,A,골목상권,2110794,영동초등학교,632,494,138,0,87,115,178,167,85,0,47,89,148,135,75,0,40,26,30,32,10
2021,2,A,골목상권,2110792,영등포역 2번,3400,1767,1633,28,563,880,843,862,224,11,229,398,466,530,133,17,334,482,377,332,91
2021,2,A,골목상권,2110791,신풍역 3번,25,17,8,0,1,5,9,9,1,0,0,2,6,8,1,0,1,3,3,1,0
2021,2,A,골목상권,2110790,대림1동주민센터,739,336,403,1,74,163,280,161,60,1,46,71,88,77,53,0,28,92,192,84,7
2021,2,A,골목상권,2110789,대림성모병원,491,182,309,0,104,137,115,93,42,0,16,44,49,43,30,0,88,93,66,50,12
2021,2,A,골목상권,2110788,영등포시장역 3번,28,22,6,0,4,5,7,9,3,0,3,5,6,6,2,0,1,0,1,3,1
2021,2,A,골목상권,2110787,신길3동주민센터,171,122,49,0,19,35,47,42,28,0,8,25,36,31,22,0,11,10,11,11,6
2021,2,A,골목상권,2110786,당산역 8번,271,179,92,2,20,41,60,51,97,2,8,21,42,38,68,0,12,20,18,13,29
2021,2,A,골목상권,2110785,영등포푸르지오아파트,161,84,77,2,13,17,39,44,46,2,8,12,24,14,24,0,5,5,15,30,22
2021,2,A,골목상권,2110784,신대림초등학교,76,42,34,0,3,11,18,36,8,0,0,7,12,18,5,0,3,4,6,18,3
2021,2,A,골목상권,2110783,영등포시장역 1번,292,154,138,1,26,37,35,67,126,1,19,27,16,33,58,0,7,10,19,34,68
2021,2,A,골목상권,2110782,영등포시장역 4번,127,87,40,1,13,24,48,27,14,1,5,16,36,17,12,0,8,8,12,10,2
2021,2,A,골목상권,2110781,대림한신아파트,182,112,70,0,23,29,51,38,41,0,8,16,34,23,31,0,15,13,17,15,10
2021,2,A,골목상권,2110780,신길대성유니드아파트,223,171,52,0,22,42,71,56,32,0,18,34,51,41,27,0,4,8,20,15,5
2021,2,A,골목상권,2110779,대림갑을명가아파트,33,24,9,0,2,5,13,7,6,0,1,4,10,4,5,0,1,1,3,3,1
2021,2,A,골목상권,2110778,구로디지털단지역 4번,1615,878,737,0,248,461,489,233,184,0,122,282,196,145,133,0,126,179,293,88,51
2021,2,A,골목상권,2110777,구로세무서,282,210,72,0,36,41,47,83,75,0,13,30,32,66,69,0,23,11,15,17,6
2021,2,A,골목상권,2110776,도신초등학교,168,106,62,0,12,20,48,63,25,0,11,10,35,34,16,0,1,10,13,29,9
2021,2,A,골목상권,2110775,대동초등학교,61,30,31,0,5,13,20,15,8,0,2,6,6,10,6,0,3,7,14,5,2
2021,2,A,골목상권,2110774,당산반도유보라팰리스아파트,472,355,117,0,59,119,131,96,67,0,34,81,109,80,51,0,25,38,22,16,16
2021,2,A,골목상권,2110773,당산역 13번,272,218,54,0,46,65,45,40,76,0,36,53,32,34,63,0,10,12,13,6,13
2021,2,A,골목상권,2110772,신우어린이공원,94,55,39,0,9,15,22,26,22,0,5,8,12,19,11,0,4,7,10,7,11
2021,2,A,골목상권,2110771,대림역 11번,955,604,351,0,22,38,128,210,557,0,21,30,73,131,349,0,1,8,55,79,208
2021,2,A,골목상권,2110770,영등포구청역 6번,263,191,72,1,45,49,77,45,46,1,24,41,54,28,43,0,21,8,23,17,3
2021,2,A,골목상권,2110769,대림차이나타운(대림역 12번),18,8,10,0,3,4,6,4,1,0,0,1,4,2,1,0,3,3,2,2,0
2021,2,A,골목상권,2110768,도림2동유수지내체육시설,294,155,139,0,20,43,63,73,95,0,7,22,32,41,53,0,13,21,31,32,42
2021,2,A,골목상권,2110767,도림동주민센터,34,3,31,0,9,5,12,6,2,0,0,0,2,1,0,0,9,5,10,5,2
2021,2,A,골목상권,2110766,대림역 5번,360,205,155,0,30,82,85,99,64,0,15,54,42,56,38,0,15,28,43,43,26
2021,2,A,골목상권,2110765,문래동사거리,889,619,270,2,80,133,209,175,290,1,38,78,140,126,236,1,42,55,69,49,54
2021,2,A,골목상권,2110764,문래역 3번,541,223,318,0,93,127,159,102,60,0,27,39,54,54,49,0,66,88,105,48,11
2021,2,A,골목상권,2110763,영등포구청역 2번,480,353,127,2,84,147,107,84,56,0,53,100,79,72,49,2,31,47,28,12,7
2021,2,A,골목상권,2110762,선유도역 1번,3139,2286,853,6,392,669,739,809,524,4,217,459,529,629,448,2,175,210,210,180,76
2021,2,A,골목상권,2110761,문래동남성맨션,180,106,74,0,13,43,45,41,38,0,8,17,26,25,30,0,5,26,19,16,8
2021,2,A,골목상권,2110760,선유도역 6번,1792,1091,701,8,273,444,499,376,192,6,170,256,275,219,165,2,103,188,224,157,27
2021,2,A,골목상권,2110759,문래예술촌(문래창작촌),4221,2165,2056,9,520,837,996,1286,573,5,266,550,589,466,289,4,254,287,407,820,284
2021,2,A,골목상권,2110758,문래소공원,296,221,75,1,44,77,70,67,37,0,32,60,46,52,31,1,12,17,24,15,6
2021,2,A,골목상권,2110757,양평역 2번,1501,1114,387,1,111,230,356,424,379,0,51,176,286,314,287,1,60,54,70,110,92
2021,2,A,골목상권,2110756,문래중학교,275,179,96,0,48,79,78,35,35,0,21,58,52,21,27,0,27,21,26,14,8
2021,2,A,골목상권,2110755,동일여자고등학교,199,53,146,0,10,24,47,74,44,0,4,9,16,12,12,0,6,15,31,62,32
2021,2,A,골목상권,2110754,삼성산자연공원(서울금천초등학교),199,75,124,1,21,41,47,39,50,0,6,18,28,10,13,1,15,23,19,29,37
2021,2,A,골목상권,2110753,시흥동 은행나무사거리,617,387,230,0,69,100,149,166,133,0,28,68,90,96,105,0,41,32,59,70,28
2021,2,A,골목상권,2110752,한울중학교,269,117,152,2,25,46,81,79,36,2,13,16,34,33,19,0,12,30,47,46,17
2021,2,A,골목상권,2110751,난곡중학교,730,397,333,2,48,217,240,177,46,2,21,117,127,91,39,0,27,100,113,86,7
2021,2,A,골목상권,2110750,시흥4동주민센터(서울신흥초등학교),397,221,176,4,78,83,80,104,48,4,47,62,43,33,32,0,31,21,37,71,16
2021,2,A,골목상권,2110749,금산초등학교(금천고등학교),448,273,175,0,61,105,110,121,51,0,33,67,55,82,36,0,28,38,55,39,15
2021,2,A,골목상권,2110748,백산초등학교,102,64,38,0,6,19,21,26,30,0,2,9,11,22,20,0,4,10,10,4,10
2021,2,A,골목상권,2110747,석수역 1번 출입구,823,612,211,0,46,84,169,227,297,0,27,52,102,165,266,0,19,32,67,62,31
2021,2,A,골목상권,2110746,금천금빛공원(은행나무사거리서측),70,48,22,0,5,11,22,21,11,0,3,9,13,15,8,0,2,2,9,6,3
2021,2,A,골목상권,2110745,독산동정훈단지,251,191,60,0,11,20,33,86,101,0,3,12,22,64,90,0,8,8,11,22,11
2021,2,A,골목상권,2110744,독산동성당,531,327,204,0,49,107,129,152,94,0,36,71,75,86,59,0,13,36,54,66,35
2021,2,A,골목상권,2110743,시흥초등학교(시흥1동우체국),191,130,61,0,18,31,48,50,44,0,10,20,32,37,31,0,8,11,16,13,13
2021,2,A,골목상권,2110742,KT금천빌딩(금천구시설관리공단),426,237,189,0,42,83,106,125,70,0,21,57,71,54,34,0,21,26,35,71,36
2021,2,A,골목상권,2110741,독산2동주민센터,444,159,285,0,69,117,96,108,54,0,43,35,26,33,22,0,26,82,70,75,32
2021,2,A,골목상권,2110740,금천해태공원,650,283,367,1,135,136,138,170,70,1,47,55,58,71,51,0,88,81,80,99,19
2021,2,A,골목상권,2110739,시흥3동 우편취급국,1558,585,973,1,167,288,537,525,40,0,50,153,224,133,25,1,117,135,313,392,15
2021,2,A,골목상권,2110738,문성초등학교,249,125,124,0,17,27,65,90,50,0,12,14,34,40,25,0,5,13,31,50,25
2021,2,A,골목상권,2110737,금천세무서,506,324,182,8,78,85,96,117,122,0,28,49,51,91,105,8,50,36,45,26,17
2021,2,A,골목상권,2110736,독산119안전센터,450,196,254,0,45,52,74,114,165,0,21,31,34,41,69,0,24,21,40,73,96
2021,2,A,골목상권,2110735,말미고개,520,330,190,0,64,115,140,140,61,0,31,79,94,79,47,0,33,36,46,61,14
2021,2,A,골목상권,2110734,금천파출소,92,47,45,0,7,11,21,29,24,0,3,5,14,13,12,0,4,6,7,16,12
2021,2,A,골목상권,2110733,금천어울림복지센터,374,293,81,3,34,89,74,90,84,3,22,67,59,66,76,0,12,22,15,24,8
2021,2,A,골목상권,2110732,가산초등학교(세일중학교),338,239,99,1,41,60,98,76,62,0,22,34,71,60,52,1,19,26,27,16,10
2021,2,A,골목상권,2110731,금천구청역 1번 출입구,1041,563,478,7,306,383,206,96,43,2,149,229,102,55,26,5,157,154,104,41,17
2021,2,A,골목상권,2110730,서울축산농협 독산역지점(독산파출소),660,376,284,1,80,105,117,201,156,1,30,58,54,113,120,0,50,47,63,88,36
2021,2,A,골목상권,2110729,가산동우체국,151,112,39,0,19,30,40,39,23,0,14,19,30,30,19,0,5,11,10,9,4
2021,2,A,골목상권,2110728,두산초등학교,4560,2778,1782,8,88,138,245,530,3551,8,64,86,123,279,2218,0,24,52,122,251,1333
2021,2,A,골목상권,2110727,독산역 1번 출입구,659,514,145,4,72,152,169,191,71,4,48,118,128,165,51,0,24,34,41,26,20
2021,2,A,골목상권,2110726,금천철쭉어린이공원(금하마을),222,172,50,0,19,25,41,62,75,0,17,16,22,45,72,0,2,9,19,17,3
2021,2,A,골목상권,2110725,가산동주민센터,85,59,26,0,6,20,22,20,17,0,3,15,16,12,13,0,3,5,6,8,4
2021,2,A,골목상권,2110724,금천구립가산도서관,366,254,112,1,42,76,122,89,36,1,33,60,90,45,25,0,9,16,32,44,11
2021,2,A,골목상권,2110723,가산디지털단지역 1번 출입구,286,247,39,0,6,10,37,130,103,0,6,5,26,113,97,0,0,5,11,17,6
2021,2,A,골목상권,2110722,G타워,1221,876,345,5,246,423,354,139,54,5,163,311,281,79,37,0,83,112,73,60,17
2021,2,A,골목상권,2110721,가리봉파출소,215,104,111,1,6,36,42,42,88,0,2,19,17,22,44,1,4,17,25,20,44
2021,2,A,골목상권,2110720,대림역 2번,158,73,85,0,23,25,43,35,32,0,10,11,15,15,22,0,13,14,28,20,10
2021,2,A,골목상권,2110719,영서중학교,52,44,8,0,6,9,9,14,14,0,6,7,8,13,10,0,0,2,1,1,4
2021,2,A,골목상권,2110718,한국SGI본부,1614,1061,553,3,308,462,397,336,108,3,167,313,292,220,66,0,141,149,105,116,42
2021,2,A,골목상권,2110717,남구로역 2번,570,271,299,0,108,155,142,104,61,0,49,84,75,34,29,0,59,71,67,70,32
2021,2,A,골목상권,2110716,구로나눔길,666,398,268,1,132,256,164,77,36,0,39,154,115,60,30,1,93,102,49,17,6
2021,2,A,골목상권,2110715,구로구민회관,93,64,29,0,13,15,30,27,8,0,5,11,20,21,7,0,8,4,10,6,1
2021,2,A,골목상권,2110714,구로4동주민센터,271,156,115,0,34,44,57,79,57,0,8,19,32,53,44,0,26,25,25,26,13
2021,2,A,골목상권,2110713,구로보건소,2668,1817,851,5,474,650,706,533,300,3,323,472,514,332,173,2,151,178,192,201,127
2021,2,A,골목상권,2110712,남구로역 5번,233,108,125,1,32,36,66,64,34,0,10,17,24,32,25,1,22,19,42,32,9
2021,2,A,골목상권,2110711,구로초등학교,818,332,486,4,62,122,166,288,176,2,26,70,82,75,77,2,36,52,84,213,99
2021,2,A,골목상권,2110710,남구로역 3번,606,370,236,3,83,96,105,121,198,3,46,63,63,68,127,0,37,33,42,53,71
2021,2,A,골목상권,2110709,구로119안전센터,162,94,68,0,16,19,44,46,37,0,13,12,28,25,16,0,3,7,16,21,21
2021,2,A,골목상권,2110708,화원어린이공원,64,27,37,0,8,12,12,23,9,0,1,4,5,9,8,0,7,8,7,14,1
2021,2,A,골목상권,2110707,구로창업지원센터,1045,760,285,4,141,266,246,253,135,3,78,195,185,186,113,1,63,71,61,67,22
2021,2,A,골목상권,2110706,그라운드 고척,410,100,310,0,122,101,101,68,18,0,22,20,28,20,10,0,100,81,73,48,8
2021,2,A,골목상권,2110705,고산초등학교,33,19,14,0,3,2,8,7,13,0,3,1,8,2,5,0,0,1,0,5,8
2021,2,A,골목상권,2110704,고척중학교,62,36,26,0,12,23,10,12,5,0,7,12,3,11,3,0,5,11,7,1,2
2021,2,A,골목상권,2110703,개봉역,569,449,120,4,28,60,119,170,188,3,16,35,79,141,175,1,12,25,40,29,13
2021,2,A,골목상권,2110702,개봉초등학교,131,93,38,1,15,18,33,34,30,1,10,13,23,24,22,0,5,5,10,10,8
2021,2,A,골목상권,2110701,고척동성당,567,379,188,2,126,185,125,92,37,0,81,133,82,54,29,2,45,52,43,38,8
2021,2,A,골목상권,2110700,고척초등학교,3249,2648,601,3,209,680,974,1176,207,2,119,533,803,1021,170,1,90,147,171,155,37
2021,2,A,골목상권,2110699,덕의초등학교,150,89,61,0,15,24,32,48,31,0,8,15,15,28,23,0,7,9,17,20,8
2021,2,A,골목상권,2110698,개웅초등학교(개웅중학교),279,178,101,3,50,50,54,65,57,3,25,32,32,40,46,0,25,18,22,25,11
2021,2,A,골목상권,2110697,개봉3동주민센터,244,152,92,1,55,64,52,43,29,1,27,41,33,30,20,0,28,23,19,13,9
2021,2,A,골목상권,2110696,오류동역 1번,2453,1671,782,32,831,951,335,223,81,16,483,739,238,133,62,16,348,212,97,90,19
2021,2,A,골목상권,2110695,개봉1동주민센터,546,314,232,1,57,150,143,123,72,1,31,97,72,64,49,0,26,53,71,59,23
2021,2,A,골목상권,2110694,세곡초등학교,445,249,196,2,55,149,90,98,51,0,24,76,51,60,38,2,31,73,39,38,13
2021,2,A,골목상권,2110693,오류동역 4번,17,9,8,0,1,3,5,4,4,0,1,3,2,2,1,0,0,0,3,2,3
2021,2,A,골목상권,2110692,큰굴다리,233,148,85,0,12,52,54,66,49,0,7,19,35,49,38,0,5,33,19,17,11
2021,2,A,골목상권,2110691,개봉중학교,395,205,190,0,37,65,119,115,59,0,20,38,49,52,46,0,17,27,70,63,13
2021,2,A,골목상권,2110690,오류2동버들시장,625,318,307,1,105,200,143,105,71,0,42,115,72,46,43,1,63,85,71,59,28
2021,2,A,골목상권,2110689,오류동역 3번,259,188,71,3,41,45,52,66,52,3,25,32,40,48,40,0,16,13,12,18,12
2021,2,A,골목상권,2110688,오류지구대,171,60,111,1,18,20,40,59,33,0,7,11,15,19,8,1,11,9,25,40,25
2021,2,A,골목상권,2110687,"천왕역 3번(오류2동주민센터, 서울오류남초등학교)",21,16,5,0,2,3,5,6,5,0,1,3,4,4,4,0,1,0,1,2,1
2021,2,A,골목상권,2110686,수궁동주민센터,490,245,245,2,50,83,135,127,93,2,25,37,72,61,48,0,25,46,63,66,45
2021,2,A,골목상권,2110685,금강수목원아파트,181,143,38,0,13,32,53,57,26,0,10,25,38,47,23,0,3,7,15,10,3
2021,2,A,골목상권,2110684,서울공연예술고등학교,157,72,85,2,28,31,36,36,24,0,7,17,19,19,10,2,21,14,17,17,14
2021,2,A,골목상권,2110683,오류고등학교,185,125,60,0,24,46,55,41,19,0,18,33,33,23,18,0,6,13,22,18,1
2021,2,A,골목상권,2110682,온수역 8번,137,128,9,0,3,5,14,43,72,0,2,3,11,42,70,0,1,2,3,1,2
2021,2,A,골목상권,2110681,온수역 1번,152,106,46,0,13,52,39,21,27,0,10,38,25,13,20,0,3,14,14,8,7
2021,2,A,골목상권,2110680,온수역 5번(온수산업단지),1184,1003,181,18,161,205,235,343,222,18,129,175,191,286,204,0,32,30,44,57,18
2021,2,A,골목상권,2110679,염창역 2번,578,407,171,3,90,207,152,80,46,2,50,149,111,58,37,1,40,58,41,22,9
2021,2,A,골목상권,2110678,염창무학아파트,242,188,54,1,30,57,84,47,23,1,15,49,67,39,17,0,15,8,17,8,6
2021,2,A,골목상권,2110677,등촌역 1번,410,321,89,1,50,80,83,91,105,1,24,51,70,76,99,0,26,29,13,15,6
2021,2,A,골목상권,2110676,등촌역 7번,237,141,96,0,31,35,66,57,48,0,13,21,37,37,33,0,18,14,29,20,15
2021,2,A,골목상권,2110675,화곡4동주민센터,289,186,103,0,28,62,73,65,61,0,11,36,40,50,49,0,17,26,33,15,12
2021,2,A,골목상권,2110674,강서구청가양동별관,491,327,164,1,69,102,106,109,104,1,54,78,63,51,80,0,15,24,43,58,24
2021,2,A,골목상권,2110673,뜸부기어린이공원,253,143,110,0,37,52,62,64,38,0,21,29,31,34,28,0,16,23,31,30,10
2021,2,A,골목상권,2110672,백석중학교,155,99,56,1,21,37,40,43,13,1,18,26,18,25,11,0,3,11,22,18,2
2021,2,A,골목상권,2110671,등촌1동주민센터,5012,3056,1956,13,1252,1442,1027,802,476,5,391,945,826,556,333,8,861,497,201,246,143
2021,2,A,골목상권,2110670,신곡초등학교,527,322,205,6,79,119,122,101,100,3,45,78,71,59,66,3,34,41,51,42,34
2021,2,A,골목상권,2110669,화곡보람2차아파트,80,49,31,0,11,20,24,17,8,0,3,12,18,14,2,0,8,8,6,3,6
2021,2,A,골목상권,2110668,화곡2동주민센터,471,278,193,0,55,70,139,127,80,0,22,33,81,77,65,0,33,37,58,50,15
2021,2,A,골목상권,2110667,가양역 10번,177,126,51,0,33,32,56,36,20,0,21,20,38,29,18,0,12,12,18,7,2
2021,2,A,골목상권,2110666,KC대학교,257,131,126,0,26,51,66,72,42,0,16,23,31,26,35,0,10,28,35,46,7
2021,2,A,골목상권,2110665,곰달래도서관,469,285,184,0,36,92,123,138,80,0,25,60,79,74,47,0,11,32,44,64,33
2021,2,A,골목상권,2110664,강서구청옆,111,48,63,0,14,10,31,43,13,0,11,7,10,9,11,0,3,3,21,34,2
2021,2,A,골목상권,2110663,우장산롯데캐슬아파트앞,316,232,84,0,7,25,59,116,109,0,3,18,30,84,97,0,4,7,29,32,12
2021,2,A,골목상권,2110662,까치산역 1번,1480,885,595,4,245,501,396,234,100,4,129,301,207,171,73,0,116,200,189,63,27
2021,2,A,골목상권,2110661,강서새말어린이공원,126,48,78,0,3,13,30,38,42,0,2,8,10,9,19,0,1,5,20,29,23
2021,2,A,골목상권,2110660,등촌3동주민센터,4614,2039,2575,10,469,707,766,1291,1371,5,197,427,424,447,539,5,272,280,342,844,832
2021,2,A,골목상권,2110659,화곡역 4번,867,512,355,11,102,182,240,188,144,9,52,115,144,110,82,2,50,67,96,78,62
2021,2,A,골목상권,2110658,화곡초등학교,253,153,100,0,21,55,62,69,46,0,10,35,36,44,28,0,11,20,26,25,18
2021,2,A,골목상권,2110657,양천향교역 5번,3180,2118,1062,12,334,603,741,695,795,8,191,396,493,385,645,4,143,207,248,310,150
2021,2,A,골목상권,2110656,까치산역 3번,838,498,340,13,89,209,253,192,82,12,52,128,154,93,59,1,37,81,99,99,23
2021,2,A,골목상권,2110655,발산역 5번,587,355,232,0,97,156,147,112,75,0,29,94,98,76,58,0,68,62,49,36,17
2021,2,A,골목상권,2110654,까치산역 4번,1021,686,335,2,68,147,249,380,175,1,38,81,139,281,146,1,30,66,110,99,29
2021,2,A,골목상권,2110653,화곡역 2번,910,490,420,1,191,271,239,169,39,0,79,136,119,134,22,1,112,135,120,35,17
2021,2,A,골목상권,2110652,양천향교역 2번,643,483,160,0,70,131,146,169,127,0,32,102,104,139,106,0,38,29,42,30,21
2021,2,A,골목상권,2110651,화원중학교,377,214,163,2,29,50,102,105,89,1,19,31,68,52,43,1,10,19,34,53,46
2021,2,A,골목상권,2110650,우장산힐스테이트,146,118,28,0,24,30,52,21,19,0,15,25,43,18,17,0,9,5,9,3,2
2021,2,A,골목상권,2110649,우장산역 1번,366,197,169,0,41,92,83,98,52,0,12,49,39,63,34,0,29,43,44,35,18
2021,2,A,골목상권,2110648,양천향교역 7번,13,5,8,0,1,7,1,3,1,0,0,3,1,1,0,0,1,4,0,2,1
2021,2,A,골목상권,2110647,화곡역 5번,890,459,431,2,116,227,219,230,96,1,44,137,110,116,51,1,72,90,109,114,45
2021,2,A,골목상권,2110646,푸른들청소년도서관,782,401,381,1,93,124,208,189,167,1,27,53,103,100,117,0,66,71,105,89,50
2021,2,A,골목상권,2110645,우장산역 4번,794,391,403,0,64,125,239,221,145,0,33,65,87,90,116,0,31,60,152,131,29
2021,2,A,골목상권,2110644,신광명마을,333,288,45,1,24,22,60,107,119,1,7,13,52,100,115,0,17,9,8,7,4
2021,2,A,골목상권,2110643,강서구다솔마을,653,413,240,1,97,165,199,139,52,0,47,101,136,93,36,1,50,64,63,46,16
2021,2,A,골목상권,2110642,정곡초등학교,193,163,30,2,8,14,35,69,65,1,4,10,30,58,60,1,4,4,5,11,5
2021,2,A,골목상권,2110641,공항고등학교,345,236,109,2,46,95,100,79,23,1,30,72,61,52,20,1,16,23,39,27,3
2021,2,A,골목상권,2110640,방화역 1번,1019,638,381,3,139,292,240,195,150,3,62,119,167,158,129,0,77,173,73,37,21
2021,2,A,골목상권,2110639,신방화역 8번,523,369,154,1,74,61,88,153,146,1,17,22,51,139,139,0,57,39,37,14,7
2021,2,A,골목상권,2110638,신방화역 2번,372,202,170,3,53,75,88,87,66,3,22,40,44,43,50,0,31,35,44,44,16
2021,2,A,골목상권,2110637,송정역 2번,540,357,183,4,62,117,114,147,96,0,34,74,81,100,68,4,28,43,33,47,28
2021,2,A,골목상권,2110636,방화역 2번,152,76,76,1,25,49,41,21,15,0,9,26,27,4,10,1,16,23,14,17,5
2021,2,A,골목상권,2110635,공항시장역 3번,1482,399,1083,4,71,92,165,488,662,1,44,62,64,34,194,3,27,30,101,454,468
2021,2,A,골목상권,2110634,송정역 3번,664,434,230,0,64,143,178,145,134,0,33,90,116,101,94,0,31,53,62,44,40
2021,2,A,골목상권,2110633,개화산역 1번,115,89,26,2,29,34,27,15,8,2,28,22,19,10,8,0,1,12,8,5,0
2021,2,A,골목상권,2110632,방화역 3번,1075,887,188,2,42,127,400,334,170,1,21,90,353,281,141,1,21,37,47,53,29
2021,2,A,골목상권,2110631,방화초등학교,359,177,182,2,35,71,73,103,75,2,21,42,39,38,35,0,14,29,34,65,40
2021,2,A,골목상권,2110630,공항시장역 1번,1472,1008,464,0,157,294,298,328,395,0,67,180,202,240,319,0,90,114,96,88,76
2021,2,A,골목상권,2110629,송정역 4번,190,107,83,0,26,52,54,35,23,0,9,34,28,24,12,0,17,18,26,11,11
2021,2,A,골목상권,2110628,신목동역,496,319,177,0,58,88,124,120,106,0,30,58,82,89,60,0,28,30,42,31,46
2021,2,A,골목상권,2110627,신정롯데캐슬아파트,512,310,202,24,127,127,89,83,62,13,69,79,57,49,43,11,58,48,32,34,19
2021,2,A,골목상권,2110626,양화초등학교,652,271,381,1,127,138,149,147,90,0,37,57,76,63,38,1,90,81,73,84,52
2021,2,A,골목상권,2110625,신정2동주민센터,726,454,272,2,98,196,215,155,60,0,51,124,146,94,39,2,47,72,69,61,21
2021,2,A,골목상권,2110624,목동문화체육센터,382,234,148,0,93,118,75,65,31,0,40,79,46,50,19,0,53,39,29,15,12
2021,2,A,골목상권,2110623,갈산공원,118,94,24,0,27,32,24,27,8,0,23,26,21,19,5,0,4,6,3,8,3
2021,2,A,골목상권,2110622,달마을공원,458,261,197,0,58,90,102,138,70,0,26,47,63,65,60,0,32,43,39,73,10
2021,2,A,골목상권,2110621,목동역 5번,111,57,54,0,9,22,22,38,20,0,0,12,13,19,13,0,9,10,9,19,7
2021,2,A,골목상권,2110620,목동보건지소,451,235,216,4,51,81,102,125,88,4,20,45,47,65,54,0,31,36,55,60,34
2021,2,A,골목상권,2110619,목4동주민센터,311,203,108,1,51,87,89,64,19,1,16,52,58,57,19,0,35,35,31,7,0
2021,2,A,골목상권,2110618,강서고등학교,193,135,58,0,19,38,52,52,32,0,10,29,36,34,26,0,9,9,16,18,6
2021,2,A,골목상권,2110617,등촌역 4번,274,192,82,0,47,75,77,51,24,0,37,55,51,33,16,0,10,20,26,18,8
2021,2,A,골목상권,2110616,양목초등학교,161,103,58,0,3,23,19,40,76,0,2,18,14,32,37,0,1,5,5,8,39
2021,2,A,골목상권,2110615,신서초등학교,87,63,24,0,20,21,27,13,6,0,14,18,18,8,5,0,6,3,9,5,1
2021,2,A,골목상권,2110614,목동로데오거리,596,292,304,0,69,85,114,216,112,0,42,44,58,103,45,0,27,41,56,113,67
2021,2,A,골목상권,2110613,신정네거리역 4번,80,20,60,0,8,25,24,19,4,0,2,6,7,4,1,0,6,19,17,15,3
2021,2,A,골목상권,2110612,신정역 5번,644,303,341,1,85,88,143,197,130,0,44,62,74,70,53,1,41,26,69,127,77
2021,2,A,골목상권,2110611,신정역 1번,316,212,104,2,35,61,100,82,36,2,21,44,61,52,32,0,14,17,39,30,4
2021,2,A,골목상권,2110610,계남근린공원,126,85,41,0,5,11,41,44,25,0,3,6,28,35,13,0,2,5,13,9,12
2021,2,A,골목상권,2110609,신정네거리역 2번,1377,1358,19,0,14,15,52,171,1125,0,10,11,45,168,1124,0,4,4,7,3,1
2021,2,A,골목상권,2110608,신월2동주민센터,873,453,420,1,51,116,229,271,205,1,23,69,118,125,117,0,28,47,111,146,88
2021,2,A,골목상권,2110607,금빛새마을금고본점,53,31,22,0,2,10,11,19,11,0,1,4,5,12,9,0,1,6,6,7,2
2021,2,A,골목상권,2110606,신한은행 신월동지점,521,288,233,1,49,80,143,144,104,1,26,42,76,66,77,0,23,38,67,78,27
2021,2,A,골목상권,2110605,목동센트럴아이파크앞,155,89,66,0,15,22,26,47,45,0,5,15,11,27,31,0,10,7,15,20,14
2021,2,A,골목상권,2110604,신월4동주민센터,637,528,109,0,13,50,120,234,220,0,6,29,87,193,213,0,7,21,33,41,7
2021,2,A,골목상권,2110603,지향초등학교,205,119,86,0,13,56,60,44,32,0,5,30,37,25,22,0,8,26,23,19,10
2021,2,A,골목상권,2110602,신월시영아파트중문,644,574,70,1,7,22,68,238,308,0,4,13,52,214,291,1,3,9,16,24,17
2021,2,A,골목상권,2110601,신월1동우편취급국,1200,814,386,3,116,180,274,437,190,1,61,115,183,309,145,2,55,65,91,128,45
2021,2,A,골목상권,2110600,신월7동주민센터,350,263,87,0,32,30,66,101,121,0,17,14,38,79,115,0,15,16,28,22,6
2021,2,A,골목상권,2110599,신월1파출소,378,268,110,3,50,89,94,93,49,2,34,68,63,65,36,1,16,21,31,28,13
2021,2,A,골목상권,2110598,신월문화체육센터,428,195,233,0,21,58,112,150,87,0,5,28,45,66,51,0,16,30,67,84,36
2021,2,A,골목상권,2110597,신월1동주민센터,517,302,215,0,30,68,111,150,158,0,14,36,54,84,114,0,16,32,57,66,44
2021,2,A,골목상권,2110596,서서울호수공원,417,272,145,2,48,90,107,113,57,0,28,56,74,71,43,2,20,34,33,42,14
2021,2,A,골목상권,2110595,메디힐병원,731,459,272,0,80,148,163,185,155,0,34,85,86,136,118,0,46,63,77,49,37
2021,2,A,골목상권,2110594,신월중학교,453,225,228,0,54,166,104,96,33,0,14,66,56,59,30,0,40,100,48,37,3
2021,2,A,골목상권,2110593,신월3동주민센터,304,157,147,0,38,65,76,87,38,0,12,32,45,44,24,0,26,33,31,43,14
2021,2,A,골목상권,2110592,서울금융고등학교,449,344,105,0,19,35,74,156,165,0,9,13,45,128,149,0,10,22,29,28,16
2021,2,A,골목상권,2110591,충정로역 6번,627,422,205,0,99,158,178,126,66,0,55,103,135,92,37,0,44,55,43,34,29
2021,2,A,골목상권,2110590,만리재,97,50,47,0,19,23,23,25,7,0,6,12,11,16,5,0,13,11,12,9,2
2021,2,A,골목상권,2110589,애오개역 3번,58,14,44,0,4,8,19,13,14,0,0,1,5,6,2,0,4,7,14,7,12
2021,2,A,골목상권,2110588,한겨레신문사,169,92,77,0,34,44,41,33,17,0,14,22,20,21,15,0,20,22,21,12,2
2021,2,A,골목상권,2110587,공덕동주민센터,238,121,117,1,36,43,69,53,36,1,15,25,41,23,16,0,21,18,28,30,20
2021,2,A,골목상권,2110586,서울서부지방법원,1461,863,598,2,376,402,333,188,160,1,231,267,164,98,102,1,145,135,169,90,58
2021,2,A,골목상권,2110585,마포경찰서,918,790,128,0,192,360,176,181,9,0,150,313,153,166,8,0,42,47,23,15,1
2021,2,A,골목상권,2110584,아현역 4번,49,13,36,0,4,7,14,13,11,0,0,0,2,5,6,0,4,7,12,8,5
2021,2,A,골목상권,2110583,공덕래미안3차아파트,316,164,152,0,44,98,102,57,15,0,7,54,60,35,8,0,37,44,42,22,7
2021,2,A,골목상권,2110582,이대역 5번,59,19,40,0,6,11,16,16,10,0,0,4,4,6,5,0,6,7,12,10,5
2021,2,A,골목상권,2110581,염리초등학교,16,11,5,0,0,0,2,6,8,0,0,0,2,3,6,0,0,0,0,3,2
2021,2,A,골목상권,2110580,양원초등학교,78,20,58,0,3,6,16,25,28,0,0,1,3,11,5,0,3,5,13,14,23
2021,2,A,골목상권,2110579,마포역 4번,758,561,197,2,62,160,253,214,67,1,37,123,190,160,50,1,25,37,63,54,17
2021,2,A,골목상권,2110578,대흥역 2번,2091,1413,678,2,213,337,391,638,510,1,80,225,309,452,346,1,133,112,82,186,164
2021,2,A,골목상권,2110577,용강동주민센터,145,105,40,0,15,42,47,31,10,0,12,31,38,17,7,0,3,11,9,14,3
2021,2,A,골목상권,2110576,대흥역 3번,1605,1112,493,71,503,480,308,163,80,27,310,365,253,111,46,44,193,115,55,52,34
2021,2,A,골목상권,2110575,대흥동주민센터,206,156,50,2,25,47,36,48,48,2,11,35,25,40,43,0,14,12,11,8,5
2021,2,A,골목상권,2110574,서강대학교,173,123,50,0,35,41,49,38,10,0,17,30,41,30,5,0,18,11,8,8,5
2021,2,A,골목상권,2110573,신촌역 6번,33,14,19,0,7,4,6,8,8,0,2,0,3,3,6,0,5,4,3,5,2
2021,2,A,골목상권,2110572,서강대역 1번,470,254,216,1,63,130,117,116,43,1,32,67,58,66,30,0,31,63,59,50,13
2021,2,A,골목상권,2110571,신수동주민센터,635,358,277,5,109,159,187,126,49,5,57,88,98,74,36,0,52,71,89,52,13
2021,2,A,골목상권,2110570,KB국민은행 서강지점,61,39,22,0,4,22,18,12,5,0,4,13,10,7,5,0,0,9,8,5,0
2021,2,A,골목상권,2110569,홍대땡땡거리,358,153,205,2,62,108,97,53,36,1,18,48,46,19,21,1,44,60,51,34,15
2021,2,A,골목상권,2110568,광흥창역 1번,67,32,35,0,12,21,14,15,5,0,4,10,6,9,3,0,8,11,8,6,2
2021,2,A,골목상권,2110567,광흥창역 6번,91,61,30,0,16,26,27,12,10,0,8,20,13,11,9,0,8,6,14,1,1
2021,2,A,골목상권,2110566,경의선책거리,1690,934,756,2,359,547,406,290,86,1,137,328,252,157,59,1,222,219,154,133,27
2021,2,A,골목상권,2110565,홍익대,107,64,43,0,16,32,34,19,6,0,8,15,23,13,5,0,8,17,11,6,1
2021,2,A,골목상권,2110564,홍대입구역 3번,471,211,260,0,54,125,161,78,53,0,19,47,103,22,20,0,35,78,58,56,33
2021,2,A,골목상권,2110563,상수역 3번,355,274,81,12,83,130,78,23,29,10,63,101,61,16,23,2,20,29,17,7,6
2021,2,A,골목상권,2110562,연트럴파크(연남동주민센터),426,237,189,1,73,118,96,94,44,1,29,76,55,44,32,0,44,42,41,50,12
2021,2,A,골목상권,2110561,상수역 4번,395,247,148,4,59,102,94,89,47,2,21,56,64,68,36,2,38,46,30,21,11
2021,2,A,골목상권,2110560,마포FM,292,140,152,0,26,64,87,77,38,0,10,26,40,36,28,0,16,38,47,41,10
2021,2,A,골목상권,2110559,성산중학교,757,474,283,4,102,187,203,167,94,3,54,102,127,118,70,1,48,85,76,49,24
2021,2,A,골목상권,2110558,경성고등학교,2338,1579,759,11,302,556,565,513,391,10,149,343,406,384,287,1,153,213,159,129,104
2021,2,A,골목상권,2110557,홍대부속여중고앞,760,465,295,1,100,188,196,149,126,1,37,110,137,95,85,0,63,78,59,54,41
2021,2,A,골목상권,2110556,절두산순교성지,176,112,64,3,17,42,58,39,17,3,8,27,39,24,11,0,9,15,19,15,6
2021,2,A,골목상권,2110555,홍익지구대,335,161,174,1,58,69,68,50,89,0,16,32,34,21,58,1,42,37,34,29,31
2021,2,A,골목상권,2110554,망원역 1번,1499,727,772,2,210,352,484,333,118,2,105,174,225,147,74,0,105,178,259,186,44
2021,2,A,골목상권,2110553,가좌역 2번,257,150,107,0,23,42,73,79,40,0,14,23,39,41,33,0,9,19,34,38,7
2021,2,A,골목상권,2110552,성미산체육관,646,469,177,1,110,162,148,159,66,0,72,121,99,129,48,1,38,41,49,30,18
2021,2,A,골목상권,2110551,성서초등학교,803,387,416,1,110,164,235,172,121,1,42,90,114,81,59,0,68,74,121,91,62
2021,2,A,골목상권,2110550,합정역 8번,1578,740,838,1,240,411,414,333,179,0,84,165,221,171,99,1,156,246,193,162,80
2021,2,A,골목상권,2110549,새터산,283,137,146,1,48,61,76,46,51,1,18,31,43,16,28,0,30,30,33,30,23
2021,2,A,골목상권,2110548,마포구청역 4번,795,475,320,5,130,185,210,136,129,3,57,95,122,89,109,2,73,90,88,47,20
2021,2,A,골목상권,2110547,KB국민은행 망원동지점,284,168,116,0,13,47,93,76,55,0,4,25,55,45,39,0,9,22,38,31,16
2021,2,A,골목상권,2110546,양화대교북단,684,408,276,3,185,240,142,68,46,3,79,121,109,55,41,0,106,119,33,13,5
2021,2,A,골목상권,2110545,마포구청역 1번,880,496,384,1,74,169,241,262,133,1,30,100,116,154,95,0,44,69,125,108,38
2021,2,A,골목상권,2110544,망리단길,1203,718,485,1,179,248,331,253,191,1,107,153,171,147,139,0,72,95,160,106,52
2021,2,A,골목상권,2110543,중암중학교,38,25,13,0,6,8,14,7,3,0,3,5,8,6,3,0,3,3,6,1,0
2021,2,A,골목상권,2110542,마포구청역 7번,4013,2450,1563,16,528,715,782,1306,666,9,298,578,607,588,370,7,230,137,175,718,296
2021,2,A,골목상권,2110541,동교초등학교,377,221,156,0,43,59,101,96,78,0,23,37,63,50,48,0,20,22,38,46,30
2021,2,A,골목상권,2110540,망원나들목체육관,288,154,134,0,45,74,85,62,22,0,24,38,42,36,14,0,21,36,43,26,8
2021,2,A,골목상권,2110539,미근동,2792,1821,971,13,225,688,889,822,155,9,167,550,547,424,124,4,58,138,342,398,31
2021,2,A,골목상권,2110538,충정로역 3번,284,178,106,0,12,42,56,66,108,0,5,27,35,42,69,0,7,15,21,24,39
2021,2,A,골목상권,2110537,충정로현대아파트,1514,848,666,1,362,525,328,177,121,0,150,263,215,134,86,1,212,262,113,43,35
2021,2,A,골목상권,2110536,돈의문센트레빌아파트입구,141,105,36,0,12,23,61,32,13,0,7,17,50,21,10,0,5,6,11,11,3
2021,2,A,골목상권,2110535,영천시장입구,797,440,357,2,77,119,179,281,139,2,36,62,110,152,78,0,41,57,69,129,61
2021,2,A,골목상권,2110534,경기대학교,134,67,67,0,9,25,23,33,44,0,6,16,10,11,24,0,3,9,13,22,20
2021,2,A,골목상권,2110533,충정로역 7번,22,11,11,0,5,5,3,5,4,0,0,2,2,4,3,0,5,3,1,1,1
2021,2,A,골목상권,2110532,아현역 2번,330,205,125,0,52,33,48,78,119,0,17,13,23,57,95,0,35,20,25,21,24
2021,2,A,골목상권,2110531,홍지문,141,61,80,0,16,26,24,56,19,0,13,19,13,9,7,0,3,7,11,47,12
2021,2,A,골목상권,2110530,아현역 1번,36,20,16,0,5,5,7,15,4,0,2,5,4,6,3,0,3,0,3,9,1
2021,2,A,골목상권,2110529,홍제3동주민센터,136,67,69,0,14,22,30,27,43,0,2,6,11,16,32,0,12,16,19,11,11
2021,2,A,골목상권,2110528,서울여자간호대학교,309,149,160,0,11,22,32,69,175,0,10,12,16,22,89,0,1,10,16,47,86
2021,2,A,골목상권,2110527,홍제역 2번,177,83,94,1,35,39,35,38,29,1,11,26,14,19,12,0,24,13,21,19,17
2021,2,A,골목상권,2110526,봉원사,241,122,119,1,21,43,58,58,60,1,8,22,26,28,37,0,13,21,32,30,23
2021,2,A,골목상권,2110525,홍은종합사회복지관,61,17,44,0,10,12,15,10,14,0,1,3,0,4,9,0,9,9,15,6,5
2021,2,A,골목상권,2110524,연희세브란스병원,55,23,32,0,10,13,15,10,7,0,5,6,6,3,3,0,5,7,9,7,4
2021,2,A,골목상권,2110523,홍제성원아파트,25,11,14,0,0,6,7,7,5,0,0,1,3,5,2,0,0,5,4,2,3
2021,2,A,골목상권,2110522,홍제역 3번,8,3,5,0,3,0,1,1,3,0,0,0,0,1,2,0,3,0,1,0,1
2021,2,A,골목상권,2110521,홍제역 4번,63,36,27,0,4,7,19,17,16,0,0,4,10,9,13,0,4,3,9,8,3
2021,2,A,골목상권,2110520,경의중앙 신촌역,78,38,40,0,22,12,27,10,7,0,5,5,13,9,6,0,17,7,14,1,1
2021,2,A,골목상권,2110519,서대문구보건소별관,470,175,295,0,58,96,113,139,64,0,15,37,46,42,35,0,43,59,67,97,29
2021,2,A,골목상권,2110518,서대문구청,117,70,47,0,19,39,29,18,12,0,6,19,22,12,11,0,13,20,7,6,1
2021,2,A,골목상권,2110517,서대문소방서,1051,692,359,8,225,280,242,207,89,5,104,187,179,161,56,3,121,93,63,46,33
2021,2,A,골목상권,2110516,정원여중,114,85,29,0,24,19,35,22,14,0,17,14,26,19,9,0,7,5,9,3,5
2021,2,A,골목상권,2110515,홍은중학교,399,312,87,1,46,119,119,68,46,1,33,93,94,52,39,0,13,26,25,16,7
2021,2,A,골목상권,2110514,서대문우체국,86,19,67,0,26,26,17,9,8,0,0,4,7,4,4,0,26,22,10,5,4
2021,2,A,골목상권,2110513,연희파출소,457,241,216,0,51,87,110,130,79,0,17,46,58,69,51,0,34,41,52,61,28
2021,2,A,골목상권,2110512,연희지하차도,357,183,174,0,44,70,106,104,33,0,17,46,47,52,21,0,27,24,59,52,12
2021,2,A,골목상권,2110511,연희초등학교,3766,3317,449,2,465,768,660,1520,351,1,363,658,539,1427,329,1,102,110,121,93,22
2021,2,A,골목상권,2110510,홍연시장,99,59,40,0,8,14,35,26,16,0,4,6,23,14,12,0,4,8,12,12,4
2021,2,A,골목상권,2110509,연희대우아파트앞,691,333,358,0,73,177,151,193,97,0,29,73,77,101,53,0,44,104,74,92,44
2021,2,A,골목상권,2110508,서연중학교,1028,470,558,9,149,249,175,268,178,3,66,152,81,93,75,6,83,97,94,175,103
2021,2,A,골목상권,2110507,명지대학교,1537,1156,381,29,392,636,318,129,33,26,257,481,282,83,27,3,135,155,36,46,6
2021,2,A,골목상권,2110506,연희임광아파트,110,66,44,0,5,12,39,29,25,0,1,8,20,19,18,0,4,4,19,10,7
2021,2,A,골목상권,2110505,홍남교남측,14,9,5,0,1,0,3,7,3,0,0,0,2,5,2,0,1,0,1,2,1
2021,2,A,골목상권,2110504,명지전문대,139,35,104,0,8,17,27,38,49,0,3,4,6,11,11,0,5,13,21,27,38
2021,2,A,골목상권,2110503,명지대학교교회,230,123,107,0,27,52,59,64,28,0,9,30,26,36,22,0,18,22,33,28,6
2021,2,A,골목상권,2110502,남가좌파출소,290,147,143,0,29,34,73,92,62,0,14,16,35,47,35,0,15,18,38,45,27
2021,2,A,골목상권,2110501,연희어린이공원,214,82,132,0,12,33,40,75,54,0,3,20,15,18,26,0,9,13,25,57,28
2021,2,A,골목상권,2110500,남가좌동현대아파트,74,54,20,0,12,13,23,22,4,0,8,9,17,17,3,0,4,4,6,5,1
2021,2,A,골목상권,2110499,연가초등학교,282,123,159,0,44,47,83,67,41,0,8,22,32,35,26,0,36,25,51,32,15
2021,2,A,골목상권,2110498,증산역 1번,222,102,120,0,15,32,75,68,32,0,7,9,31,32,23,0,8,23,44,36,9
2021,2,A,골목상권,2110497,가좌역 3번,299,247,52,0,13,33,86,117,50,0,3,16,74,113,41,0,10,17,12,4,9
2021,2,A,골목상권,2110496,모래내우체국,611,333,278,2,88,190,160,89,82,2,20,100,117,42,52,0,68,90,43,47,30
2021,2,A,골목상권,2110495,북가좌2동주민센터,501,372,129,0,28,67,125,185,96,0,11,45,88,152,76,0,17,22,37,33,20
2021,2,A,골목상권,2110494,증산3교남측,31,24,7,0,1,8,7,9,6,0,0,7,5,7,5,0,1,1,2,2,1
2021,2,A,골목상권,2110493,북가좌초등학교,892,830,62,0,2,19,27,80,764,0,0,12,22,68,728,0,2,7,5,12,36
2021,2,A,골목상권,2110492,하나고등학교,247,43,204,1,6,15,13,98,114,0,1,8,7,10,17,1,5,7,6,88,97
2021,2,A,골목상권,2110491,불광중학교,195,90,105,0,13,35,71,56,20,0,8,20,32,18,12,0,5,15,39,38,8
2021,2,A,골목상권,2110490,녹번동근린공원,307,166,141,0,30,64,85,76,52,0,11,30,47,45,33,0,19,34,38,31,19
2021,2,A,골목상권,2110489,불광역 3번,35,25,10,0,3,7,10,10,5,0,3,4,7,6,5,0,0,3,3,4,0
2021,2,A,골목상권,2110488,우리은행응암동지점,171,103,68,1,14,24,41,36,55,0,8,16,19,15,45,1,6,8,22,21,10
2021,2,A,골목상권,2110487,불광역 8번,63,35,28,0,11,22,15,8,7,0,6,11,7,8,3,0,5,11,8,0,4
2021,2,A,골목상권,2110486,은평구청,629,292,337,0,86,110,146,178,109,0,55,72,56,64,45,0,31,38,90,114,64
2021,2,A,골목상권,2110485,연신내우체국,1259,678,581,0,7,24,35,160,1033,0,4,5,15,70,584,0,3,19,20,90,449
2021,2,A,골목상권,2110484,역촌역 3번,500,203,297,6,62,136,132,103,61,5,34,48,43,35,38,1,28,88,89,68,23
2021,2,A,골목상권,2110483,연천초등학교,147,90,57,0,13,21,45,22,46,0,5,11,31,13,30,0,8,10,14,9,16
2021,2,A,골목상권,2110482,연신초등학교,45,19,26,0,2,5,16,19,3,0,0,0,6,11,2,0,2,5,10,8,1
2021,2,A,골목상권,2110481,불광역 7번,193,86,107,0,13,43,41,57,39,0,2,22,11,24,27,0,11,21,30,33,12
2021,2,A,골목상권,2110480,연신내역 3번,117,34,83,0,7,27,37,29,17,0,0,7,12,9,6,0,7,20,25,20,11
2021,2,A,골목상권,2110479,연신내역 2번,304,177,127,1,50,83,64,66,40,0,28,71,33,32,13,1,22,12,31,34,27
2021,2,A,골목상권,2110478,응암1동주민센터,359,221,138,2,26,39,56,58,178,2,16,23,28,33,119,0,10,16,28,25,59
2021,2,A,골목상권,2110477,은평세무서,434,205,229,0,43,62,106,141,82,0,15,23,49,71,47,0,28,39,57,70,35
2021,2,A,골목상권,2110476,역촌역 2번,56,26,30,0,2,8,22,17,7,0,1,3,9,7,6,0,1,5,13,10,1
2021,2,A,골목상권,2110475,백련산해모로아파트,241,126,115,1,23,42,76,68,31,1,10,24,44,28,19,0,13,18,32,40,12
2021,2,A,골목상권,2110474,세명컴퓨터고등학교,196,68,128,0,12,41,40,59,44,0,3,19,15,11,20,0,9,22,25,48,24
2021,2,A,골목상권,2110473,구산역 1번,436,241,195,0,34,59,113,107,123,0,24,27,53,49,88,0,10,32,60,58,35
2021,2,A,골목상권,2110472,연신내역 4번,336,156,180,2,52,77,80,68,57,1,16,43,30,37,29,1,36,34,50,31,28
2021,2,A,골목상권,2110471,응암동우체국,258,110,148,0,33,58,70,72,25,0,10,17,25,36,22,0,23,41,45,36,3
2021,2,A,골목상권,2110470,신진과학기술고등학교,127,78,49,0,30,22,40,25,10,0,12,11,31,19,5,0,18,11,9,6,5
2021,2,A,골목상권,2110469,응암정보도서관,340,184,156,1,38,58,102,103,38,0,11,29,59,56,29,1,27,29,43,47,9
2021,2,A,골목상권,2110468,응암역 3번,1129,494,635,2,141,256,316,256,158,0,44,114,140,109,87,2,97,142,176,147,71
2021,2,A,골목상권,2110467,은평요양병원,487,284,203,3,90,154,110,68,62,2,46,100,61,37,38,1,44,54,49,31,24
2021,2,A,골목상권,2110466,구산역 2번,87,46,41,0,12,17,26,24,8,0,4,5,16,15,6,0,8,12,10,9,2
2021,2,A,골목상권,2110465,연신내역 7번,229,110,119,3,36,48,55,52,35,2,11,25,24,23,25,1,25,23,31,29,10
2021,2,A,골목상권,2110464,연신내역 5번,301,170,131,4,32,53,93,85,34,4,18,28,44,49,27,0,14,25,49,36,7
2021,2,A,골목상권,2110463,응암3동주민센터,123,54,69,0,7,23,36,26,31,0,3,6,14,11,20,0,4,17,22,15,11
2021,2,A,골목상권,2110462,갈현건영아파트,354,220,134,1,41,64,104,81,63,1,23,38,61,50,47,0,18,26,43,31,16
2021,2,A,골목상권,2110461,새절역 2번,39,21,18,0,2,8,11,10,8,0,2,2,6,6,5,0,0,6,5,4,3
2021,2,A,골목상권,2110460,구산역 4번,969,582,387,0,57,184,248,234,246,0,18,124,133,121,186,0,39,60,115,113,60
2021,2,A,골목상권,2110459,응암역 2번,547,198,349,1,50,105,159,154,78,0,9,38,77,41,33,1,41,67,82,113,45
2021,2,A,골목상권,2110458,선일여고,404,211,193,1,34,87,96,122,64,0,19,52,49,54,37,1,15,35,47,68,27
2021,2,A,골목상권,2110457,예일여고,484,284,200,1,60,89,88,132,114,0,27,47,47,71,92,1,33,42,41,61,22
2021,2,A,골목상권,2110456,구산보건지소,966,543,423,3,284,226,177,146,130,1,123,112,94,96,117,2,161,114,83,50,13
2021,2,A,골목상권,2110455,역촌노인복지관,678,360,318,2,69,118,187,198,104,0,34,63,89,105,69,2,35,55,98,93,35
2021,2,A,골목상권,2110454,선정중학교,481,268,213,3,56,71,142,108,101,2,42,35,53,66,70,1,14,36,89,42,31
2021,2,A,골목상권,2110453,신사1동주민센터,515,288,227,0,43,81,121,155,115,0,20,25,65,85,93,0,23,56,56,70,22
2021,2,A,골목상권,2110452,새절역 3번,420,347,73,1,17,47,78,132,145,1,11,29,58,113,135,0,6,18,20,19,10
2021,2,A,골목상권,2110451,증산역 4번,1296,986,310,2,153,384,374,298,85,2,78,294,312,235,65,0,75,90,62,63,20
2021,2,A,골목상권,2110450,시립서북병원,1576,644,932,4,301,361,344,339,227,2,124,172,146,108,92,2,177,189,198,231,135
2021,2,A,골목상권,2110449,증산역 3번,717,414,303,0,105,161,186,149,116,0,47,98,99,85,85,0,58,63,87,64,31
2021,2,A,골목상권,2110448,상신초등학교입구,120,76,44,1,20,27,26,26,20,1,17,17,12,14,15,0,3,10,14,12,5
2021,2,A,골목상권,2110447,구산초등학교,12,7,5,0,2,2,3,1,4,0,1,2,1,1,2,0,1,0,2,0,2
2021,2,A,골목상권,2110446,내를건너서숲으로도서관,375,294,81,0,65,88,84,69,69,0,61,77,55,44,57,0,4,11,29,25,12
2021,2,A,골목상권,2110445,덕산중학교,61,45,16,0,18,14,15,6,8,0,10,9,12,6,8,0,8,5,3,0,0
2021,2,A,골목상권,2110444,수색성당,170,73,97,0,13,53,46,45,13,0,5,27,13,17,11,0,8,26,33,28,2
2021,2,A,골목상권,2110443,수색역 1번,14,7,7,0,1,1,7,4,1,0,0,1,2,3,1,0,1,0,5,1,0
2021,2,A,골목상권,2110442,화랑대철도공원,76,20,56,0,1,4,14,49,8,0,0,2,4,10,4,0,1,2,10,39,4
2021,2,A,골목상권,2110441,영신여고,172,78,94,0,19,38,41,45,29,0,7,20,16,23,12,0,12,18,25,22,17
2021,2,A,골목상권,2110440,상계3동4동주민센터,49,16,33,0,8,6,15,10,10,0,1,1,4,2,8,0,7,5,11,8,2
2021,2,A,골목상권,2110439,당고개역 5번,63,21,42,0,3,7,6,19,28,0,0,4,2,7,8,0,3,3,4,12,20
2021,2,A,골목상권,2110438,경춘선숲길 우측,230,110,120,0,26,54,83,52,15,0,12,21,38,30,9,0,14,33,45,22,6
2021,2,A,골목상권,2110437,당고개역 2번,116,40,76,0,16,23,25,41,11,0,5,11,9,10,5,0,11,12,16,31,6
2021,2,A,골목상권,2110436,상계제일중학교,93,60,33,0,15,21,33,20,4,0,5,13,23,15,4,0,10,8,10,5,0
2021,2,A,골목상권,2110435,서울과학기술대,73,40,33,0,5,12,18,25,13,0,3,4,8,14,11,0,2,8,10,11,2
2021,2,A,골목상권,2110434,태릉입구역 4번,121,62,59,0,13,11,24,35,38,0,3,2,12,22,23,0,10,9,12,13,15
2021,2,A,골목상권,2110433,공릉역 2번,401,137,264,1,30,41,46,46,237,1,17,30,25,18,46,0,13,11,21,28,191
2021,2,A,골목상권,2110432,대진고등학교,894,734,160,0,55,146,248,343,102,0,27,96,214,311,86,0,28,50,34,32,16
2021,2,A,골목상권,2110431,상계역,124,72,52,1,16,24,28,37,18,0,2,13,17,27,13,1,14,11,11,10,5
2021,2,A,골목상권,2110430,중계초등학교,307,114,193,0,20,36,65,106,80,0,9,11,21,29,44,0,11,25,44,77,36
2021,2,A,골목상권,2110429,공릉동 국수거리,2074,916,1158,3,224,284,511,689,363,1,91,167,248,234,175,2,133,117,263,455,188
2021,2,A,골목상권,2110428,상계5동주민센터,491,217,274,1,43,52,106,158,131,0,14,25,45,70,63,1,29,27,61,88,68
2021,2,A,골목상권,2110427,노원 을지대학교병원,363,281,82,0,27,27,62,126,121,0,12,14,31,109,115,0,15,13,31,17,6
2021,2,A,골목상권,2110426,상계2동주민센터,337,169,168,0,32,57,83,96,69,0,15,30,39,45,40,0,17,27,44,51,29
2021,2,A,골목상권,2110425,계상초등학교,130,54,76,2,18,10,35,38,27,2,5,5,18,14,10,0,13,5,17,24,17
2021,2,A,골목상권,2110424,상계초등학교,388,157,231,2,42,50,96,106,92,2,18,32,32,42,31,0,24,18,64,64,61
2021,2,A,골목상권,2110423,석계역 2번,280,104,176,0,27,29,65,73,86,0,9,15,31,29,20,0,18,14,34,44,66
2021,2,A,골목상권,2110422,노원역 9번,277,221,56,0,27,70,94,54,32,0,24,59,79,37,22,0,3,11,15,17,10
2021,2,A,골목상권,2110421,석계역 1번,249,109,140,0,22,37,78,65,47,0,8,16,31,26,28,0,14,21,47,39,19
2021,2,A,골목상권,2110420,광운대역 1번,814,483,331,7,235,312,188,43,29,0,114,236,92,23,18,7,121,76,96,20,11
2021,2,A,골목상권,2110419,수락산디자인거리,789,536,253,5,96,138,186,200,164,5,51,79,130,146,125,0,45,59,56,54,39
2021,2,A,골목상권,2110418,광운대학교 남단,100,45,55,0,11,17,23,26,23,0,5,5,13,16,6,0,6,12,10,10,17
2021,2,A,골목상권,2110417,월계역 3번,26,14,12,0,11,9,2,4,0,0,4,6,2,2,0,0,7,3,0,2,0
2021,2,A,골목상권,2110416,노원초등학교,468,244,224,4,61,110,118,126,49,2,24,73,58,58,29,2,37,37,60,68,20
2021,2,A,골목상권,2110415,수락산역 4번,635,386,249,5,82,110,155,174,109,5,46,71,85,110,69,0,36,39,70,64,40
2021,2,A,골목상권,2110414,장석교회,61,47,14,0,5,13,15,20,8,0,3,11,11,17,5,0,2,2,4,3,3
2021,2,A,골목상권,2110413,누원고등학교,54,33,21,0,8,11,12,11,12,0,5,8,5,5,10,0,3,3,7,6,2
2021,2,A,골목상권,2110412,창동중학교,25,23,2,0,4,7,3,4,7,0,3,7,3,3,7,0,1,0,0,1,0
2021,2,A,골목상권,2110411,도봉역 3번,413,368,45,1,13,35,58,137,169,0,10,22,45,130,161,1,3,13,13,7,8
2021,2,A,골목상권,2110410,방학역 2번,957,833,124,3,75,187,185,224,283,2,61,162,154,194,260,1,14,25,31,30,23
2021,2,A,골목상권,2110409,창동역 2번,3957,2958,999,1,352,962,964,701,977,0,256,794,803,441,664,1,96,168,161,260,313
2021,2,A,골목상권,2110408,가인초등학교,359,108,251,0,68,70,101,86,34,0,13,24,33,22,16,0,55,46,68,64,18
2021,2,A,골목상권,2110407,도봉역 2번,562,338,224,1,32,77,115,203,134,1,8,41,57,126,105,0,24,36,58,77,29
2021,2,A,골목상권,2110406,도봉산역 1번,659,595,64,0,13,37,147,294,168,0,6,25,133,278,153,0,7,12,14,16,15
2021,2,A,골목상권,2110405,방학역 1번,1123,365,758,3,130,176,308,427,79,3,67,109,82,70,34,0,63,67,226,357,45
2021,2,A,골목상권,2110404,신창초등학교,520,300,220,1,42,96,163,136,82,0,11,57,109,76,47,1,31,39,54,60,35
2021,2,A,골목상권,2110403,방학1동주민센터,316,167,149,1,44,56,63,78,74,1,30,37,36,36,27,0,14,19,27,42,47
2021,2,A,골목상권,2110402,도봉구 정병원,471,221,250,1,85,98,98,106,83,0,24,38,54,59,46,1,61,60,44,47,37
2021,2,A,골목상권,2110401,도봉구민회관,243,65,178,0,29,32,38,87,57,0,4,14,14,22,11,0,25,18,24,65,46
2021,2,A,골목상권,2110400,도봉구보건소,191,111,80,0,20,35,53,51,32,0,9,22,32,26,22,0,11,13,21,25,10
2021,2,A,골목상권,2110399,창2동주민센터,852,519,333,8,114,210,262,189,69,8,71,159,139,94,48,0,43,51,123,95,21
2021,2,A,골목상권,2110398,쌍문2동우체국,474,326,148,0,30,65,96,153,130,0,11,27,50,124,114,0,19,38,46,29,16
2021,2,A,골목상권,2110397,도봉산입구,469,257,212,0,31,56,101,131,150,0,6,34,39,73,105,0,25,22,62,58,45
2021,2,A,골목상권,2110396,쌍문역1번(쌍리단길),259,94,165,2,41,49,52,76,39,0,13,15,22,29,15,2,28,34,30,47,24
2021,2,A,골목상권,2110395,신한은행 방학동지점,163,42,121,0,17,20,44,42,40,0,0,2,11,9,20,0,17,18,33,33,20
2021,2,A,골목상권,2110394,방학중학교,193,116,77,0,15,32,46,48,52,0,8,18,23,29,38,0,7,14,23,19,14
2021,2,A,골목상권,2110393,국민은행방학지점,49,13,36,0,2,10,17,15,5,0,0,0,4,6,3,0,2,10,13,9,2
2021,2,A,골목상권,2110392,발바닥공원,43,17,26,0,2,8,7,10,16,0,0,0,3,3,11,0,2,8,4,7,5
2021,2,A,골목상권,2110391,샘말어린이공원,373,154,219,0,29,54,74,53,163,0,14,28,40,26,46,0,15,26,34,27,117
2021,2,A,골목상권,2110390,방학초등학교,225,105,120,0,18,60,66,58,23,0,7,33,27,27,11,0,11,27,39,31,12
2021,2,A,골목상권,2110389,한일병원,209,120,89,0,23,37,57,53,39,0,10,19,35,30,26,0,13,18,22,23,13
2021,2,A,골목상권,2110388,도봉우체국,35,23,12,0,4,3,10,14,4,0,2,2,7,8,4,0,2,1,3,6,0
2021,2,A,골목상권,2110387,쌍문초등학교,335,185,150,0,38,53,98,88,58,0,13,29,51,47,45,0,25,24,47,41,13
2021,2,A,골목상권,2110386,연산군묘,124,114,10,0,4,3,10,44,63,0,1,3,7,40,63,0,3,0,3,4,0
2021,2,A,골목상권,2110385,효문고등학교,37,22,15,0,3,9,12,4,9,0,2,5,3,4,8,0,1,4,9,0,1
2021,2,A,골목상권,2110384,문이교,248,138,110,0,37,20,50,81,60,0,12,8,21,51,46,0,25,12,29,30,14
2021,2,A,골목상권,2110383,덕성여대시반거리,33,21,12,0,0,3,13,10,7,0,0,2,9,5,5,0,0,1,4,5,2
2021,2,A,골목상권,2110382,솔밭공원역 1번,32,25,7,0,1,9,8,7,7,0,0,5,6,7,7,0,1,4,2,0,0
2021,2,A,골목상권,2110381,번동주공2단지,171,88,83,5,31,28,38,55,14,4,11,14,21,30,8,1,20,14,17,25,6
2021,2,A,골목상권,2110380,강북문화정보도서관,48,15,33,0,12,10,12,10,4,0,0,3,5,4,3,0,12,7,7,6,1
2021,2,A,골목상권,2110379,KT&G 북부지사,12,3,9,1,1,1,3,3,3,0,0,0,1,1,1,1,1,1,2,2,2
2021,2,A,골목상권,2110378,송중동주민센터,23,13,10,0,1,4,6,9,3,0,1,2,2,6,2,0,0,2,4,3,1
2021,2,A,골목상권,2110377,미아사거리역 3번,21,14,7,0,2,2,2,9,6,0,2,2,1,4,5,0,0,0,1,5,1
2021,2,A,골목상권,2110376,수송초등학교,224,142,82,0,26,47,62,60,29,0,12,29,38,41,22,0,14,18,24,19,7
2021,2,A,골목상권,2110375,서울북부고용노동지청,178,99,79,1,23,32,47,52,23,0,18,26,25,19,11,1,5,6,22,33,12
2021,2,A,골목상권,2110374,송중초등학교,491,272,219,5,33,60,145,140,108,5,9,29,73,70,86,0,24,31,72,70,22
2021,2,A,골목상권,2110373,수유역 2번,891,705,186,0,129,255,172,236,99,0,90,208,134,205,68,0,39,47,38,31,31
2021,2,A,골목상권,2110372,강북중학교,188,100,88,0,21,43,50,48,26,0,17,25,18,20,20,0,4,18,32,28,6
2021,2,A,골목상권,2110371,삼양입구사거리,49,23,26,0,2,7,10,19,11,0,0,3,5,10,5,0,2,4,5,9,6
2021,2,A,골목상권,2110370,도봉세무서,367,255,112,0,17,61,76,105,108,0,11,31,42,80,91,0,6,30,34,25,17
2021,2,A,골목상권,2110369,성신여대운정그린캠퍼스,518,214,304,1,49,46,131,131,160,1,10,16,44,53,90,0,39,30,87,78,70
2021,2,A,골목상권,2110368,송천초등학교,196,176,20,0,9,16,36,71,64,0,5,11,32,66,62,0,4,5,4,5,2
2021,2,A,골목상권,2110367,강북구청,1943,976,967,5,195,512,483,522,226,4,64,205,237,340,126,1,131,307,246,182,100
2021,2,A,골목상권,2110366,광산사거리,91,64,27,0,17,20,17,22,15,0,13,13,11,16,11,0,4,7,6,6,4
2021,2,A,골목상권,2110365,미아역 5번,341,83,258,0,17,21,44,63,196,0,5,12,15,17,34,0,12,9,29,46,162
2021,2,A,골목상권,2110364,미아역 8번,146,75,71,0,9,26,51,39,21,0,3,9,25,23,15,0,6,17,26,16,6
2021,2,A,골목상권,2110363,송천동주민센터,19,12,7,0,0,4,3,7,5,0,0,3,1,4,4,0,0,1,2,3,1
2021,2,A,골목상권,2110362,우이천 계성교,205,110,95,1,24,34,61,63,22,0,11,19,28,35,17,1,13,15,33,28,5
2021,2,A,골목상권,2110361,삼양사거리역 1번,101,29,72,0,9,12,19,28,33,0,2,4,3,7,13,0,7,8,16,21,20
2021,2,A,골목상권,2110360,수유초등학교,321,222,99,0,34,61,63,67,96,0,7,43,42,44,86,0,27,18,21,23,10
2021,2,A,골목상권,2110359,수유시장옆,117,67,50,0,12,25,33,36,11,0,3,12,16,29,7,0,9,13,17,7,4
2021,2,A,골목상권,2110358,인수동 우편취급국,558,300,258,0,18,35,68,214,223,0,2,18,24,94,162,0,16,17,44,120,61
2021,2,A,골목상권,2110357,가오리역 1번,725,611,114,0,25,36,171,340,153,0,4,18,146,310,133,0,21,18,25,30,20
2021,2,A,골목상권,2110356,덕수교,228,114,114,0,13,34,55,60,66,0,4,17,22,30,41,0,9,17,33,30,25
2021,2,A,골목상권,2110355,삼양사거리역 2번,306,254,52,0,8,26,44,103,125,0,1,10,31,94,118,0,7,16,13,9,7
2021,2,A,골목상권,2110354,삼각산119안전센터,22,5,17,0,2,3,10,5,2,0,0,0,2,1,2,0,2,3,8,4,0
2021,2,A,골목상권,2110353,수유동우체국,187,91,96,0,4,18,48,60,57,0,1,12,33,27,18,0,3,6,15,33,39
2021,2,A,골목상권,2110352,수유1동주민센터,305,121,184,0,28,55,103,86,33,0,11,24,37,32,17,0,17,31,66,54,16
2021,2,A,골목상권,2110351,수유북부시장옆,214,93,121,0,27,45,51,59,32,0,9,17,20,25,22,0,18,28,31,34,10
2021,2,A,골목상권,2110350,가오리역 2번,148,77,71,0,11,27,37,49,24,0,5,11,18,26,17,0,6,16,19,23,7
2021,2,A,골목상권,2110349,화계역 2번,83,67,16,0,6,4,21,33,19,0,5,3,12,28,19,0,1,1,9,5,0
2021,2,A,골목상권,2110348,강북문화예술회관,343,174,169,0,27,59,108,96,53,0,4,31,63,43,33,0,23,28,45,53,20
2021,2,A,골목상권,2110347,구세군강북종합사회복지관,38,17,21,0,10,7,5,9,7,0,1,5,1,5,5,0,9,2,4,4,2
2021,2,A,골목상권,2110346,4.19민주묘지역 2번,96,48,48,0,12,13,19,19,33,0,3,7,8,7,23,0,9,6,11,12,10
2021,2,A,골목상권,2110345,솔밭공원역 2번,117,48,69,1,14,20,26,38,18,0,3,6,8,18,13,1,11,14,18,20,5
2021,2,A,골목상권,2110344,화계중학교,12,10,2,0,7,1,1,2,1,0,5,1,1,2,1,0,2,0,0,0,0
2021,2,A,골목상권,2110343,무너미어린이공원,100,74,26,0,7,21,28,32,12,0,4,14,22,25,9,0,3,7,6,7,3
2021,2,A,골목상권,2110342,국립재활원,59,44,15,0,5,11,20,15,8,0,3,8,14,13,6,0,2,3,6,2,2
2021,2,A,골목상권,2110341,북한산우이역 2번,492,408,84,0,15,25,80,255,117,0,4,10,52,235,107,0,11,15,28,20,10
2021,2,A,골목상권,2110340,인수중학교,176,99,77,0,24,55,50,29,18,0,8,43,31,7,10,0,16,12,19,22,8
2021,2,A,골목상권,2110339,국립4.19민주묘지,26,10,16,0,2,4,8,7,5,0,0,3,5,0,2,0,2,1,3,7,3
2021,2,A,골목상권,2110338,인수초등학교,190,135,55,0,34,59,43,46,8,0,18,42,33,35,7,0,16,17,10,11,1
2021,2,A,골목상권,2110337,아카데미하우스,512,368,144,6,70,69,94,159,114,6,43,58,60,98,103,0,27,11,34,61,11
2021,2,A,골목상권,2110336,석관고등학교,94,84,10,0,3,17,16,37,21,0,3,15,13,34,19,0,0,2,3,3,2
2021,2,A,골목상권,2110335,석계역 7번,249,172,77,1,19,32,66,64,67,0,13,18,34,45,62,1,6,14,32,19,5
2021,2,A,골목상권,2110334,석관중앙교회,170,105,65,0,21,43,31,41,34,0,8,19,19,29,30,0,13,24,12,12,4
2021,2,A,골목상권,2110333,돌곶이역 5번,988,746,242,0,15,23,38,74,838,0,2,13,20,42,669,0,13,10,18,32,169
2021,2,A,골목상권,2110332,돌곶이역 3번,164,63,101,0,28,29,42,47,18,0,6,18,19,14,6,0,22,11,23,33,12
2021,2,A,골목상권,2110331,돌곶이역 8번,436,292,144,3,54,146,112,76,45,0,17,105,82,53,35,3,37,41,30,23,10
2021,2,A,골목상권,2110330,돌곶이역 1번,220,172,48,0,12,18,33,31,126,0,4,12,20,23,113,0,8,6,13,8,13
2021,2,A,골목상권,2110329,우리은행체육관,53,27,26,1,7,9,12,17,7,1,0,5,5,10,6,0,7,4,7,7,1
2021,2,A,골목상권,2110328,상월곡역 3번,250,157,93,1,41,81,66,39,22,1,26,58,33,24,15,0,15,23,33,15,7
2021,2,A,골목상권,2110327,상월곡역 2번,104,55,49,0,8,15,39,26,16,0,3,6,23,14,9,0,5,9,16,12,7
2021,2,A,골목상권,2110326,장위동성당,84,40,44,0,2,9,16,13,44,0,1,2,6,5,26,0,1,7,10,8,18
2021,2,A,골목상권,2110325,장곡초등학교,62,22,40,0,0,14,22,20,6,0,0,3,8,7,4,0,0,11,14,13,2
2021,2,A,골목상권,2110324,월곡역 4번,99,55,44,0,31,21,19,18,10,0,9,10,13,14,9,0,22,11,6,4,1
2021,2,A,골목상권,2110323,상월곡역 1번,109,30,79,2,25,24,28,18,12,0,4,5,11,5,5,2,21,19,17,13,7
2021,2,A,골목상권,2110322,장위1동주민센터,237,158,79,0,14,15,42,74,92,0,9,11,30,52,56,0,5,4,12,22,36
2021,2,A,골목상권,2110321,동덕여대,43,29,14,0,2,6,17,12,6,0,2,6,9,7,5,0,0,0,8,5,1
2021,2,A,골목상권,2110320,KB국민은행 종암동지점,72,44,28,0,2,11,24,21,14,0,1,5,12,14,12,0,1,6,12,7,2
2021,2,A,골목상권,2110319,종암동주민센터,277,111,166,1,45,49,65,62,55,0,8,19,24,32,28,1,37,30,41,30,27
2021,2,A,골목상권,2110318,KT월곡지사,148,78,70,0,21,29,45,36,17,0,10,19,22,14,13,0,11,10,23,22,4
2021,2,A,골목상권,2110317,종암중학교,412,207,205,0,33,120,153,86,20,0,14,47,78,59,9,0,19,73,75,27,11
2021,2,A,골목상권,2110316,숭곡초등학교,439,217,222,2,68,114,129,88,38,2,19,58,73,42,23,0,49,56,56,46,15
2021,2,A,골목상권,2110315,종암아이파크2차,124,78,46,0,11,17,41,38,17,0,4,9,27,25,13,0,7,8,14,13,4
2021,2,A,골목상권,2110314,종암경찰서,953,701,252,1,127,272,224,287,42,0,72,207,163,231,28,1,55,65,61,56,14
2021,2,A,골목상권,2110313,안암역 3번,2079,1351,728,2,209,555,672,477,164,0,96,312,446,356,141,2,113,243,226,121,23
2021,2,A,골목상권,2110312,안암역 2번,175,96,79,0,18,24,52,54,27,0,9,17,27,27,16,0,9,7,25,27,11
2021,2,A,골목상권,2110311,종암아이파크2차후문,49,21,28,0,3,5,24,7,10,0,2,2,6,4,7,0,1,3,18,3,3
2021,2,A,골목상권,2110310,길음역 10번,45,14,31,0,12,8,5,15,5,0,4,1,2,4,3,0,8,7,3,11,2
2021,2,A,골목상권,2110309,대광초등학교,354,252,102,0,37,57,103,96,61,0,18,39,69,75,51,0,19,18,34,21,10
2021,2,A,골목상권,2110308,길음역 8번,174,85,89,0,17,36,56,41,24,0,8,17,26,20,14,0,9,19,30,21,10
2021,2,A,골목상권,2110307,길음역 7번,158,71,87,0,29,32,52,27,18,0,7,17,23,12,12,0,22,15,29,15,6
2021,2,A,골목상권,2110306,미아초등학교,291,194,97,2,13,46,66,71,93,0,3,25,39,45,82,2,10,21,27,26,11
2021,2,A,골목상권,2110305,보문역 5번,883,661,222,3,165,255,173,133,154,1,99,199,129,103,130,2,66,56,44,30,24
2021,2,A,골목상권,2110304,보문역 4번,248,146,102,0,40,77,61,48,22,0,10,46,35,37,18,0,30,31,26,11,4
2021,2,A,골목상권,2110303,성신여대입구역 1번,138,97,41,1,7,35,44,27,24,0,2,22,28,25,20,1,5,13,16,2,4
2021,2,A,골목상권,2110302,보문역 8번,3818,3195,623,1,369,1436,715,829,468,1,257,1276,659,708,294,0,112,160,56,121,174
2021,2,A,골목상권,2110301,성신여대입구역 7번,484,209,275,1,73,84,96,134,96,0,31,37,39,62,40,1,42,47,57,72,56
2021,2,A,골목상권,2110300,삼선동주민센터,2735,1587,1148,3,248,710,769,844,161,2,97,300,444,629,115,1,151,410,325,215,46
2021,2,A,골목상권,2110299,정릉역 1번,372,241,131,1,33,49,83,95,111,0,9,12,40,74,106,1,24,37,43,21,5
2021,2,A,골목상권,2110298,솔숲어린이공원,77,28,49,0,18,11,24,12,12,0,3,5,7,5,8,0,15,6,17,7,4
2021,2,A,골목상권,2110297,경동고등학교,654,311,343,0,74,123,156,164,137,0,31,65,74,79,62,0,43,58,82,85,75
2021,2,A,골목상권,2110296,성신여대입구역 4번,77,39,38,1,7,12,30,11,16,1,3,7,15,8,5,0,4,5,15,3,11
2021,2,A,골목상권,2110295,정릉우체국,679,248,431,0,166,178,163,119,53,0,36,67,49,52,44,0,130,111,114,67,9
2021,2,A,골목상권,2110294,서경대학교,391,262,129,0,35,30,93,120,113,0,18,14,46,87,97,0,17,16,47,33,16
2021,2,A,골목상권,2110293,삼선중학교,1730,860,870,4,248,467,527,319,165,3,116,277,268,111,85,1,132,190,259,208,80
2021,2,A,골목상권,2110292,정릉역 2번,43,17,26,0,2,7,21,7,6,0,1,5,6,3,2,0,1,2,15,4,4
2021,2,A,골목상권,2110291,한성대입구역 3번,345,174,171,2,27,49,96,92,79,0,14,24,50,52,34,2,13,25,46,40,45
2021,2,A,골목상권,2110290,북한산보국문역 1번,96,78,18,0,2,9,29,37,19,0,1,8,23,30,16,0,1,1,6,7,3
2021,2,A,골목상권,2110289,북한산보국문역 2번,144,105,39,0,9,28,49,32,26,0,6,23,30,24,22,0,3,5,19,8,4
2021,2,A,골목상권,2110288,동구여중,216,139,77,1,19,49,52,55,40,0,9,22,35,40,33,1,10,27,17,15,7
2021,2,A,골목상권,2110287,정릉3동주민센터,70,50,20,0,9,12,18,19,12,0,5,8,15,12,10,0,4,4,3,7,2
2021,2,A,골목상권,2110286,한성대입구역 5번,978,468,510,17,187,284,317,122,51,8,70,126,143,83,38,9,117,158,174,39,13
2021,2,A,골목상권,2110285,홍대부중,814,559,255,9,219,220,210,100,56,6,118,172,163,69,31,3,101,48,47,31,25
2021,2,A,골목상권,2110284,정릉북한산국립공원입구,644,558,86,0,13,85,200,250,96,0,8,69,176,220,85,0,5,16,24,30,11
2021,2,A,골목상권,2110283,성북초등학교앞,203,78,125,0,16,33,56,80,18,0,8,10,23,27,10,0,8,23,33,53,8
2021,2,A,골목상권,2110282,국민대학교앞,1403,1162,241,15,213,430,341,239,165,14,151,387,296,212,102,1,62,43,45,27,63
2021,2,A,골목상권,2110281,길상사,13811,12087,1724,12,1418,3093,4057,4963,268,1,960,2426,3678,4822,200,11,458,667,379,141,68
2021,2,A,골목상권,2110280,북정마을,78,40,38,0,6,12,25,24,11,0,2,4,11,15,8,0,4,8,14,9,3
2021,2,A,골목상권,2110279,신내역 2번,9,8,1,0,0,1,4,4,0,0,0,1,3,4,0,0,0,0,1,0,0
2021,2,A,골목상권,2110278,망우본동주민센터,279,168,111,1,32,46,78,83,39,0,10,25,44,57,32,1,22,21,34,26,7
2021,2,A,골목상권,2110277,러스크서울병원,178,100,78,0,16,32,39,52,39,0,6,15,23,29,27,0,10,17,16,23,12
2021,2,A,골목상권,2110276,신내IC북측,39,25,14,0,1,6,11,12,9,0,0,5,6,9,5,0,1,1,5,3,4
2021,2,A,골목상권,2110275,하나은행 망우동지점,63,33,30,0,4,9,19,16,15,0,3,6,9,5,10,0,1,3,10,11,5
2021,2,A,골목상권,2110274,서일대학교,552,385,167,0,49,66,143,153,141,0,10,43,97,121,114,0,39,23,46,32,27
2021,2,A,골목상권,2110273,장스여성병원,610,446,164,7,31,37,75,209,251,0,4,8,37,168,229,7,27,29,38,41,22
2021,2,A,골목상권,2110272,신내1동주민센터,471,318,153,0,45,69,93,149,115,0,15,35,60,103,105,0,30,34,33,46,10
2021,2,A,골목상권,2110271,신내역 1번,97,74,23,0,8,17,25,29,18,0,5,14,18,23,14,0,3,3,7,6,4
2021,2,A,골목상권,2110270,혜원여고,168,148,20,0,4,5,7,70,82,0,4,3,6,59,76,0,0,2,1,11,6
2021,2,A,골목상권,2110269,용마문화복지센터,169,98,71,0,19,53,52,28,17,0,13,32,30,19,4,0,6,21,22,9,13
2021,2,A,골목상권,2110268,망우3동주민센터,60,30,30,0,10,13,10,18,9,0,1,5,7,10,7,0,9,8,3,8,2
2021,2,A,골목상권,2110267,망우역 2번,139,49,90,1,15,28,50,28,17,1,2,10,19,13,4,0,13,18,31,15,13
2021,2,A,골목상권,2110266,면목동우체국,225,182,43,0,10,31,38,79,67,0,1,19,30,69,63,0,9,12,8,10,4
2021,2,A,골목상권,2110265,망우역 1번,198,91,107,1,23,43,54,57,20,0,7,18,21,32,13,1,16,25,33,25,7
2021,2,A,골목상권,2110264,면목역 2번,358,170,188,1,52,75,93,80,57,0,21,40,40,37,32,1,31,35,53,43,25
2021,2,A,골목상권,2110263,면목역 1번,128,69,59,0,12,27,34,24,31,0,6,12,11,14,26,0,6,15,23,10,5
2021,2,A,골목상권,2110262,상봉역 3번,1532,879,653,2,221,447,543,268,51,0,119,337,282,107,34,2,102,110,261,161,17
2021,2,A,골목상권,2110261,사가정역 4번,167,90,77,1,16,29,49,50,22,1,8,15,25,26,15,0,8,14,24,24,7
2021,2,A,골목상권,2110260,면목역 3번,126,74,52,0,24,21,24,29,28,0,14,8,12,20,20,0,10,13,12,9,8
2021,2,A,골목상권,2110259,사가정역 1번,543,425,118,2,48,108,172,159,54,2,29,73,131,140,50,0,19,35,41,19,4
2021,2,A,골목상권,2110258,면동초등학교,260,99,161,0,32,49,79,66,34,0,1,20,28,34,16,0,31,29,51,32,18
2021,2,A,골목상권,2110257,상봉역 7번,397,330,67,0,17,18,50,133,179,0,6,11,34,118,161,0,11,7,16,15,18
2021,2,A,골목상권,2110256,면목2동체육관,477,321,156,2,56,66,82,140,131,1,21,35,45,109,110,1,35,31,37,31,21
2021,2,A,골목상권,2110255,상봉역 4번,327,208,119,0,39,52,78,92,66,0,20,24,46,62,56,0,19,28,32,30,10
2021,2,A,골목상권,2110254,오거리공원,257,89,168,1,19,75,79,51,32,0,6,15,35,21,12,1,13,60,44,30,20
2021,2,A,골목상권,2110253,중곡초등학교,181,106,75,0,31,31,44,49,26,0,10,17,23,35,21,0,21,14,21,14,5
2021,2,A,골목상권,2110252,장안제일시장,712,505,207,1,64,101,159,195,192,1,42,73,87,131,171,0,22,28,72,64,21
2021,2,A,골목상권,2110251,장안중학교,147,104,43,0,8,34,46,39,20,0,3,23,34,27,17,0,5,11,12,12,3
2021,2,A,골목상권,2110250,화랑대역 7번,111,69,42,0,7,20,32,34,18,0,5,12,15,23,14,0,2,8,17,11,4
2021,2,A,골목상권,2110249,중화역 1번,783,496,287,0,71,131,213,207,161,0,34,62,112,143,145,0,37,69,101,64,16
2021,2,A,골목상권,2110248,먹골파출소,85,47,38,1,19,23,20,12,10,0,7,14,12,4,10,1,12,9,8,8,0
2021,2,A,골목상권,2110247,먹골역 1번,377,175,202,0,53,79,123,78,44,0,21,30,55,38,31,0,32,49,68,40,13
2021,2,A,골목상권,2110246,월드순복음교회,431,312,119,0,27,97,158,95,54,0,12,69,122,65,44,0,15,28,36,30,10
2021,2,A,골목상권,2110245,KB국민은행 중화동지점,108,69,39,0,5,18,41,27,17,0,4,10,24,17,14,0,1,8,17,10,3
2021,2,A,골목상권,2110244,중화역 4번,250,175,75,1,8,26,49,44,122,1,4,11,32,30,97,0,4,15,17,14,25
2021,2,A,골목상권,2110243,중랑노인종합복지관,317,126,191,1,32,51,76,111,46,0,7,22,39,36,22,1,25,29,37,75,24
2021,2,A,골목상권,2110242,면목5동주민센터,164,112,52,0,21,28,56,30,29,0,12,23,31,22,24,0,9,5,25,8,5
2021,2,A,골목상권,2110241,먹골역 5번,415,213,202,0,61,87,97,117,53,0,17,49,46,63,38,0,44,38,51,54,15
2021,2,A,골목상권,2110240,태릉시장 특화거리,97,39,58,2,20,13,28,16,18,1,3,8,7,8,12,1,17,5,21,8,6
2021,2,A,골목상권,2110238,배꽃어린이공원,66,48,18,0,6,7,15,23,15,0,4,5,9,15,15,0,2,2,6,8,0
2021,2,A,골목상권,2110237,메가박스 상봉,274,152,122,0,30,67,97,54,26,0,13,37,48,36,18,0,17,30,49,18,8
2021,2,A,골목상권,2110236,신묵초등학교,1015,836,179,0,185,302,228,255,45,0,135,246,194,228,33,0,50,56,34,27,12
2021,2,A,골목상권,2110235,세화어린이공원,17,12,5,0,6,3,1,5,2,0,5,1,1,3,2,0,1,2,0,2,0
2021,2,A,골목상권,2110234,중랑역 4번,96,41,55,0,15,16,23,25,17,0,2,5,10,14,10,0,13,11,13,11,7
2021,2,A,골목상권,2110233,중랑역 1번,142,46,96,1,23,27,50,35,6,1,6,7,16,11,5,0,17,20,34,24,1
2021,2,A,골목상권,2110232,동대부고,579,413,166,0,41,71,119,175,173,0,14,38,80,134,147,0,27,33,39,41,26
2021,2,A,골목상권,2110231,장안교,11,8,3,0,0,1,4,5,1,0,0,1,3,4,0,0,0,0,1,1,1
2021,2,A,골목상권,2110230,장안현대홈타운1차아파트,161,101,60,0,15,32,52,45,17,0,6,22,33,28,12,0,9,10,19,17,5
2021,2,A,골목상권,2110229,장평중학교,1339,865,474,0,145,164,192,320,518,0,81,103,125,212,344,0,64,61,67,108,174
2021,2,A,골목상권,2110228,장안근린공원,1992,1184,808,40,1381,313,92,101,65,24,788,223,60,54,35,16,593,90,32,47,30
2021,2,A,골목상권,2110227,답십리공원,216,82,134,0,13,28,73,82,20,0,10,14,25,21,12,0,3,14,48,61,8
2021,2,A,골목상권,2110226,장안1동주민센터,1882,1005,877,2,147,247,333,512,641,2,87,148,213,253,302,0,60,99,120,259,339
2021,2,A,골목상권,2110225,촬영소사거리,330,204,126,0,22,36,68,83,121,0,9,25,42,55,73,0,13,11,26,28,48
2021,2,A,골목상권,2110224,외대앞역 2번,95,39,56,0,9,14,16,27,29,0,2,4,9,15,9,0,7,10,7,12,20
2021,2,A,골목상권,2110223,군자초등학교,94,56,38,0,13,17,26,24,14,0,4,10,17,15,10,0,9,7,9,9,4
2021,2,A,골목상권,2110222,회기역 2번,20,17,3,0,0,3,2,6,9,0,0,2,2,4,9,0,0,1,0,2,0
2021,2,A,골목상권,2110221,의릉,95,69,26,0,10,12,36,29,8,0,6,10,24,22,7,0,4,2,12,7,1
2021,2,A,골목상권,2110220,외대앞역 1번,190,109,81,0,28,36,54,46,26,0,7,17,33,34,18,0,21,19,21,12,8
2021,2,A,골목상권,2110219,삼육보건대학교,249,145,104,0,18,42,68,82,39,0,11,20,31,53,30,0,7,22,37,29,9
2021,2,A,골목상권,2110218,답십리사거리,158,83,75,0,14,25,45,60,14,0,5,12,22,33,11,0,9,13,23,27,3
2021,2,A,골목상권,2110217,자동차부품상가,503,388,115,1,33,105,143,123,98,1,24,88,115,83,77,0,9,17,28,40,21
2021,2,A,골목상권,2110216,전농중학교,208,68,140,1,32,48,62,50,15,1,11,14,18,18,6,0,21,34,44,32,9
2021,2,A,골목상권,2110215,회기역 1번,28,18,10,0,3,4,9,7,5,0,3,2,6,3,4,0,0,2,3,4,1
2021,2,A,골목상권,2110214,경희대후문,86,42,44,0,18,17,24,17,10,0,6,6,13,10,7,0,12,11,11,7,3
2021,2,A,골목상권,2110213,청량초등학교,124,81,43,0,19,57,17,15,16,0,7,41,13,7,13,0,12,16,4,8,3
2021,2,A,골목상권,2110212,답십리초등학교,204,144,60,0,26,37,42,67,32,0,18,26,27,50,23,0,8,11,15,17,9
2021,2,A,골목상권,2110211,전곡마을마당공원,626,445,181,1,66,101,170,194,94,0,45,73,129,143,55,1,21,28,41,51,39
2021,2,A,골목상권,2110210,서울시립대,341,253,88,1,9,19,24,34,254,1,4,12,10,21,205,0,5,7,14,13,49
2021,2,A,골목상권,2110209,답십리 장령당공원,81,51,30,0,3,11,28,19,20,0,1,5,16,15,14,0,2,6,12,4,6
2021,2,A,골목상권,2110208,시조사삼거리,75,56,19,0,2,14,7,17,35,0,1,7,2,11,35,0,1,7,5,6,0
2021,2,A,골목상권,2110207,시립대앞사거리,50,26,24,0,4,12,12,10,12,0,2,8,6,3,7,0,2,4,6,7,5
2021,2,A,골목상권,2110206,텃골근린공원,81,29,52,0,5,14,23,23,16,0,2,7,7,7,6,0,3,7,16,16,10
2021,2,A,골목상권,2110205,경희대삼거리,82,48,34,0,4,13,23,23,19,0,2,10,7,17,12,0,2,3,16,6,7
2021,2,A,골목상권,2110204,간데메공원,411,268,143,3,83,97,82,89,57,3,57,64,46,58,40,0,26,33,36,31,17
2021,2,A,골목상권,2110203,떡전교사거리,99,63,36,1,9,15,32,29,13,1,0,7,26,20,9,0,9,8,6,9,4
2021,2,A,골목상권,2110202,전농1동주민센터(전농시장),111,68,43,0,14,35,31,20,11,0,9,19,21,14,5,0,5,16,10,6,6
2021,2,A,골목상권,2110201,전농119안전센터,27,11,16,0,2,1,9,10,5,0,1,0,3,4,3,0,1,1,6,6,2
2021,2,A,골목상권,2110200,동대문경찰서,74,50,24,0,1,6,21,13,33,0,0,1,11,6,32,0,1,5,10,7,1
2021,2,A,골목상권,2110199,홍릉시장,65,41,24,0,11,15,18,14,7,0,8,8,10,9,6,0,3,7,8,5,1
2021,2,A,골목상권,2110198,동대문중앙새마을금고본점,67,26,41,0,1,0,18,37,11,0,0,0,8,10,8,0,1,0,10,27,3
2021,2,A,골목상권,2110197,세종대왕기념관교차로,67,46,21,0,8,19,26,9,5,0,4,15,19,7,1,0,4,4,7,2,4
2021,2,A,골목상권,2110196,홍릉근린공원,23,12,11,0,1,6,8,5,3,0,1,4,3,2,2,0,0,2,5,3,1
2021,2,A,골목상권,2110195,동대문구청,221,115,106,0,41,58,47,40,35,0,12,28,23,27,25,0,29,30,24,13,10
2021,2,A,골목상권,2110194,홍파초등학교,112,85,27,0,6,32,24,36,14,0,4,20,20,31,10,0,2,12,4,5,4
2021,2,A,골목상권,2110193,고려대역 4번,48,37,11,0,5,11,11,10,11,0,3,5,10,10,9,0,2,6,1,0,2
2021,2,A,골목상권,2110192,동의보감타워,70,45,25,0,7,10,25,16,12,0,2,6,17,10,10,0,5,4,8,6,2
2021,2,A,골목상권,2110191,고려대역 6번,48,41,7,0,1,12,14,9,12,0,1,10,11,8,11,0,0,2,3,1,1
2021,2,A,골목상권,2110190,고대앞사거리,195,92,103,0,22,34,34,45,60,0,4,18,22,19,29,0,18,16,12,26,31
2021,2,A,골목상권,2110189,제기동역 1번,1545,1089,456,1,233,490,343,170,308,0,98,349,286,137,219,1,135,141,57,33,89
2021,2,A,골목상권,2110188,용두동신동아아파트,807,607,200,8,104,178,229,191,97,2,68,150,181,132,74,6,36,28,48,59,23
2021,2,A,골목상권,2110187,제기동역 6번,3124,2222,902,15,559,867,746,552,385,7,387,605,531,394,298,8,172,262,215,158,87
2021,2,A,골목상권,2110186,종암초등학교,94,71,23,0,5,13,15,30,31,0,1,12,9,23,26,0,4,1,6,7,5
2021,2,A,골목상권,2110185,용두초등학교,122,77,45,0,13,22,31,32,24,0,5,13,18,22,19,0,8,9,13,10,5
2021,2,A,골목상권,2110184,용두사거리,423,215,208,0,81,138,75,77,52,0,39,51,34,51,40,0,42,87,41,26,12
2021,2,A,골목상권,2110183,한국의류시험연구원,833,441,392,3,237,305,147,75,66,1,87,160,79,58,56,2,150,145,68,17,10
2021,2,A,골목상권,2110182,용두희망어린이공원,370,249,121,0,38,71,108,87,66,0,20,47,67,64,51,0,18,24,41,23,15
2021,2,A,골목상권,2110181,신설동역 9번,1864,1212,652,12,209,232,286,440,685,12,150,162,188,282,418,0,59,70,98,158,267
2021,2,A,골목상권,2110180,광진정보도서관,5946,4025,1921,18,1620,2093,1180,672,363,5,885,1485,859,489,302,13,735,608,321,183,61
2021,2,A,골목상권,2110179,광나루역 1번,911,620,291,0,142,209,188,233,139,0,82,160,157,154,67,0,60,49,31,79,72
2021,2,A,골목상권,2110178,장로회신학대학교,194,123,71,0,25,44,42,56,27,0,15,34,21,38,15,0,10,10,21,18,12
2021,2,A,골목상권,2110177,동의초등학교,135,90,45,0,11,31,32,35,26,0,3,15,21,27,24,0,8,16,11,8,2
2021,2,A,골목상권,2110176,해오름공원,758,432,326,1,70,206,221,168,92,1,30,116,125,90,70,0,40,90,96,78,22
2021,2,A,골목상권,2110175,푸른동산공원,370,235,135,0,41,74,109,86,60,0,24,48,70,53,40,0,17,26,39,33,20
2021,2,A,골목상권,2110174,아차산역 1번,432,305,127,1,49,80,115,104,83,1,25,57,76,69,77,0,24,23,39,35,6
2021,2,A,골목상권,2110173,구남초등학교,195,106,89,0,34,50,46,44,21,0,16,28,21,25,16,0,18,22,25,19,5
2021,2,A,골목상권,2110172,광진초등학교,351,227,124,0,42,73,97,92,47,0,17,48,61,65,36,0,25,25,36,27,11
2021,2,A,골목상권,2110171,중곡4동주민센터,59,36,23,0,4,8,7,22,18,0,1,2,3,15,15,0,3,6,4,7,3
2021,2,A,골목상권,2110170,동대부여고,189,105,84,1,35,39,58,39,17,0,16,16,35,26,12,1,19,23,23,13,5
2021,2,A,골목상권,2110169,성동초등학교,221,112,109,1,25,30,68,59,38,0,12,12,32,32,24,1,13,18,36,27,14
2021,2,A,골목상권,2110168,대원고등학교,688,531,157,0,66,102,139,225,156,0,38,73,103,173,144,0,28,29,36,52,12
2021,2,A,골목상권,2110167,용마초등학교,376,220,156,2,22,56,99,109,88,0,9,20,52,62,77,2,13,36,47,47,11
2021,2,A,골목상권,2110166,구의1동주민센터,552,292,260,1,70,121,177,115,68,1,20,59,99,60,53,0,50,62,78,55,15
2021,2,A,골목상권,2110165,국립정신건강센터,287,204,83,0,19,46,81,77,64,0,9,33,51,61,50,0,10,13,30,16,14
2021,2,A,골목상권,2110164,아차산역 5번,731,494,237,3,111,126,143,164,184,0,61,77,101,112,143,3,50,49,42,52,41
2021,2,A,골목상권,2110163,성자초등학교,272,134,138,0,37,44,65,72,54,0,13,26,31,26,38,0,24,18,34,46,16
2021,2,A,골목상권,2110162,군자역 4번,613,365,248,0,127,162,131,110,83,0,98,118,75,42,32,0,29,44,56,68,51
2021,2,A,골목상권,2110161,중곡역 3번,236,135,101,3,11,33,58,65,66,0,2,16,37,40,40,3,9,17,21,25,26
2021,2,A,골목상권,2110160,광진경찰서,832,690,142,0,149,323,182,167,11,0,110,261,152,157,10,0,39,62,30,10,1
2021,2,A,골목상권,2110159,구의역 4번,663,391,272,1,125,115,158,132,132,1,58,62,85,87,98,0,67,53,73,45,34
2021,2,A,골목상권,2110158,중곡3동주민센터,715,518,197,1,113,210,184,138,69,0,73,168,123,104,50,1,40,42,61,34,19
2021,2,A,골목상권,2110157,자양동우체국,1097,891,206,10,352,279,244,141,71,7,300,237,180,106,61,3,52,42,64,35,10
2021,2,A,골목상권,2110156,군자역 5번,624,365,259,0,96,182,174,113,59,0,41,115,102,67,40,0,55,67,72,46,19
2021,2,A,골목상권,2110155,광진구청,8356,7701,655,0,240,853,2408,4046,809,0,172,765,2256,3748,760,0,68,88,152,298,49
2021,2,A,골목상권,2110154,광진정말공원,307,161,146,1,43,62,79,78,44,1,19,37,35,37,32,0,24,25,44,41,12
2021,2,A,골목상권,2110153,중곡1동주민센터,241,83,158,1,42,57,67,57,17,0,14,22,22,17,8,1,28,35,45,40,9
2021,2,A,골목상권,2110152,중곡어린이공원,338,300,38,0,17,29,64,119,109,0,10,21,55,109,105,0,7,8,9,10,4
2021,2,A,골목상권,2110151,자양한강도서관,249,175,74,4,35,52,63,66,29,3,24,37,49,41,21,1,11,15,14,25,8
2021,2,A,골목상권,2110150,중곡1동 마을마당,1179,698,481,1,197,352,252,217,160,1,83,194,161,132,127,0,114,158,91,85,33
2021,2,A,골목상권,2110149,세종대학교,122,72,50,0,15,21,31,23,32,0,8,13,19,7,25,0,7,8,12,16,7
2021,2,A,골목상권,2110148,어린이대공원역 3번,17,12,5,0,3,3,6,5,0,0,0,2,5,5,0,0,3,1,1,0,0
2021,2,A,골목상권,2110147,능동우편취급국,815,464,351,4,120,172,160,137,222,2,56,88,104,77,137,2,64,84,56,60,85
2021,2,A,골목상권,2110146,신자초등학교,735,531,204,0,50,79,208,276,122,0,25,44,156,209,97,0,25,35,52,67,25
2021,2,A,골목상권,2110145,장안초등학교,7,4,3,0,0,1,2,3,1,0,0,0,1,3,0,0,0,1,1,0,1
2021,2,A,골목상권,2110144,어린이대공원역 4번,47,23,24,0,5,4,13,16,9,0,1,1,7,8,6,0,4,3,6,8,3
2021,2,A,골목상권,2110143,뚝섬유원지역 1번,63,26,37,1,5,15,12,20,10,1,0,3,7,7,8,0,5,12,5,13,2
2021,2,A,골목상권,2110142,화양사거리,213,107,106,1,37,47,44,52,32,1,20,25,24,16,21,0,17,22,20,36,11
2021,2,A,골목상권,2110141,건대입구역 1번,213,138,75,1,23,49,67,48,25,1,11,27,51,32,16,0,12,22,16,16,9
2021,2,A,골목상권,2110140,건대입구역 6번,552,361,191,6,51,90,136,158,111,5,28,47,82,114,85,1,23,43,54,44,26
2021,2,A,골목상권,2110139,자양4동주민센터,204,116,88,0,13,28,53,51,59,0,3,14,32,25,42,0,10,14,21,26,17
2021,2,A,골목상권,2110138,송정체육공원,160,79,81,0,15,27,53,41,24,0,4,12,21,23,19,0,11,15,32,18,5
2021,2,A,골목상권,2110137,성수초등학교,6605,4295,2310,31,1016,1740,1836,1344,638,22,557,1152,1250,828,486,9,459,588,586,516,152
2021,2,A,골목상권,2110136,경수초등학교,4745,2743,2002,43,1169,1097,978,875,583,32,439,633,615,593,431,11,730,464,363,282,152
2021,2,A,골목상권,2110135,성동세무서,355,182,173,0,41,69,96,66,83,0,7,34,41,34,66,0,34,35,55,32,17
2021,2,A,골목상권,2110134,성수119안전센터,771,587,184,4,65,108,185,252,157,4,38,78,143,200,124,0,27,30,42,52,33
2021,2,A,골목상권,2110133,서울교통공사,122,93,29,0,19,25,33,21,24,0,12,18,29,17,17,0,7,7,4,4,7
2021,2,A,골목상권,2110132,성수2가3동주민센터,786,521,265,0,97,182,220,197,90,0,67,133,145,108,68,0,30,49,75,89,22
2021,2,A,골목상권,2110131,성수동카페거리,4798,3110,1688,15,902,1536,1123,699,523,9,460,993,777,497,374,6,442,543,346,202,149
2021,2,A,골목상권,2110130,답십리역 6번,105,89,16,0,20,24,38,15,8,0,17,20,35,10,7,0,3,4,3,5,1
2021,2,A,골목상권,2110129,성원어린이공원,664,421,243,1,65,126,138,185,149,0,35,74,91,111,110,1,30,52,47,74,39
2021,2,A,골목상권,2110128,성원중학교,1237,712,525,1,127,206,296,338,269,1,66,118,185,203,139,0,61,88,111,135,130
2021,2,A,골목상권,2110127,성수1가1동주민센터,290,157,133,0,31,55,56,100,48,0,11,40,31,47,28,0,20,15,25,53,20
2021,2,A,골목상권,2110126,서울숲역 1번,27,18,9,0,0,7,2,12,6,0,0,6,0,7,5,0,0,1,2,5,1
2021,2,A,골목상권,2110125,사근동살곶이상점가,135,83,52,2,25,39,35,21,13,2,13,21,24,13,10,0,12,18,11,8,3
2021,2,A,골목상권,2110124,뚝섬역교차로,1253,1006,247,7,170,155,222,312,387,6,94,111,169,268,358,1,76,44,53,44,29
2021,2,A,골목상권,2110123,마장역 3번,511,382,129,0,42,56,91,185,137,0,21,36,63,141,121,0,21,20,28,44,16
2021,2,A,골목상권,2110122,마장역 2번,464,271,193,1,60,88,117,113,85,1,32,59,68,61,50,0,28,29,49,52,35
2021,2,A,골목상권,2110121,한양대역 4번,45,30,15,0,3,10,8,11,13,0,2,5,5,7,11,0,1,5,3,4,2
2021,2,A,골목상권,2110120,서울숲카페거리,79,49,30,0,8,12,35,18,6,0,3,8,23,10,5,0,5,4,12,8,1
2021,2,A,골목상권,2110119,마장지하차도,127,89,38,0,17,26,32,26,26,0,12,22,19,18,18,0,5,4,13,8,8
2021,2,A,골목상권,2110118,왕십리역 9번,697,487,210,1,90,182,204,129,91,0,62,110,144,93,78,1,28,72,60,36,13
2021,2,A,골목상권,2110117,성동구보건소,103,73,30,1,14,27,19,33,9,1,10,20,11,25,6,0,4,7,8,8,3
2021,2,A,골목상권,2110116,청계천박물관,4884,3674,1210,30,342,780,1090,1772,870,26,217,571,881,1319,660,4,125,209,209,453,210
2021,2,A,골목상권,2110115,상왕십리역 3번,945,362,583,10,392,218,156,113,56,0,76,84,93,75,34,10,316,134,63,38,22
2021,2,A,골목상권,2110114,왕십리파출소,68,21,47,0,3,2,11,24,28,0,1,1,4,10,5,0,2,1,7,14,23
2021,2,A,골목상권,2110113,응봉산,77,43,34,0,14,15,14,16,18,0,4,11,7,6,15,0,10,4,7,10,3
2021,2,A,골목상권,2110112,행당역 2번,205,100,105,0,37,37,36,53,42,0,14,19,15,26,26,0,23,18,21,27,16
2021,2,A,골목상권,2110111,대현산장미원,51,40,11,0,6,7,6,17,15,0,6,4,4,13,13,0,0,3,2,4,2
2021,2,A,골목상권,2110110,상왕십리역 6번,93,55,38,1,12,22,24,18,16,1,7,12,13,10,12,0,5,10,11,8,4
2021,2,A,골목상권,2110109,금호삼성래미안아파트,92,39,53,0,7,10,12,42,21,0,2,6,3,15,13,0,5,4,9,27,8
2021,2,A,골목상권,2110108,성동구립금호도서관,6,1,5,0,0,1,4,1,0,0,0,0,0,1,0,0,0,1,4,0,0
2021,2,A,골목상권,2110107,금호사거리,37,30,7,0,4,8,4,11,10,0,3,5,4,9,9,0,1,3,0,2,1
2021,2,A,골목상권,2110105,금동어린이공원,43,20,23,0,1,9,12,12,9,0,0,3,3,8,6,0,1,6,9,4,3
2021,2,A,골목상권,2110104,신금호역 4번,275,189,86,0,27,47,51,66,84,0,11,28,34,46,70,0,16,19,17,20,14
2021,2,A,골목상권,2110103,옥수터널,13,11,2,1,0,2,2,6,2,0,0,2,2,5,2,1,0,0,0,1,0
2021,2,A,골목상권,2110102,옥수역 6번,3362,1140,2222,0,968,1050,724,422,198,0,202,328,319,197,94,0,766,722,405,225,104
2021,2,A,골목상권,2110101,옥정중학교,218,121,97,0,55,51,65,31,16,0,24,34,43,13,7,0,31,17,22,18,9
2021,2,A,골목상권,2110100,옥수동우편취급국,46,31,15,0,5,18,13,6,4,0,0,15,7,5,4,0,5,3,6,1,0
2021,2,A,골목상권,2110099,유엔빌리지길,12646,10311,2335,33,1746,2596,3298,4558,415,25,904,1899,2859,4264,360,8,842,697,439,294,55
2021,2,A,골목상권,2110098,서울독일학교,242,91,151,0,57,85,68,23,9,0,15,22,34,15,5,0,42,63,34,8,4
2021,2,A,골목상권,2110097,한남초등학교,3116,1920,1196,1,597,1644,757,90,27,0,278,975,575,71,21,1,319,669,182,19,6
2021,2,A,골목상권,2110096,한남힐사이드아파트,4186,2661,1525,5,1055,1176,900,902,148,3,457,705,613,757,126,2,598,471,287,145,22
2021,2,A,골목상권,2110095,한강진역 3번,1186,801,385,16,160,326,321,298,65,8,61,235,227,226,44,8,99,91,94,72,21
2021,2,A,골목상권,2110094,오산중학교,26,12,14,0,0,1,4,13,8,0,0,0,2,6,4,0,0,1,2,7,4
2021,2,A,골목상권,2110093,우사단길,2482,1548,934,2,325,1015,734,327,79,1,101,529,548,305,64,1,224,486,186,22,15
2021,2,A,골목상권,2110092,NH농협은행 보광동지점,514,208,306,0,94,123,111,107,79,0,14,58,40,45,51,0,80,65,71,62,28
2021,2,A,골목상권,2110091,리움미술관,1106,810,296,0,216,345,343,155,47,0,117,236,293,128,36,0,99,109,50,27,11
2021,2,A,골목상권,2110090,한국폴리텍대학서울정수캠퍼스,3968,2447,1521,1,446,1358,1632,500,31,1,173,548,1231,467,27,0,273,810,401,33,4
2021,2,A,골목상권,2110089,서빙고동주민센터,752,503,249,1,94,230,220,107,100,0,33,136,159,88,87,1,61,94,61,19,13
2021,2,A,골목상권,2110088,오산고등학교,1696,1140,556,16,439,504,454,203,80,7,263,350,312,150,58,9,176,154,142,53,22
2021,2,A,골목상권,2110087,이태원엔틱가구거리,463,213,250,0,185,174,58,31,15,0,54,89,43,17,10,0,131,85,15,14,5
2021,2,A,골목상권,2110086,이태원역 북측,9251,3612,5639,12,3187,3893,1655,431,73,3,733,1559,905,357,55,9,2454,2334,750,74,18
2021,2,A,골목상권,2110085,경리단길남측,532,260,272,4,98,163,148,67,52,2,40,59,78,41,40,2,58,104,70,26,12
2021,2,A,골목상권,2110084,경리단길북측,315,168,147,0,47,85,84,57,42,0,23,36,39,36,34,0,24,49,45,21,8
2021,2,A,골목상권,2110083,서빙고역 1번,149,109,40,0,26,53,42,14,14,0,13,42,29,12,13,0,13,11,13,2,1
2021,2,A,골목상권,2110082,용산구청,1571,779,792,2,165,447,417,439,101,2,45,147,200,302,83,0,120,300,217,137,18
2021,2,A,골목상권,2110081,해방촌 남동측,291,170,121,0,46,68,58,64,55,0,14,37,30,41,48,0,32,31,28,23,7
2021,2,A,골목상권,2110080,해방촌예술마을,277,160,117,0,44,58,84,54,37,0,16,38,52,30,24,0,28,20,32,24,13
2021,2,A,골목상권,2110079,후암동주민센터,1084,584,500,4,223,262,267,196,132,3,73,156,156,105,91,1,150,106,111,91,41
2021,2,A,골목상권,2110078,이촌동점보아파트,69,29,40,0,12,15,17,13,12,0,3,8,7,5,6,0,9,7,10,8,6
2021,2,A,골목상권,2110077,삼광초등학교,385,317,68,0,37,86,148,98,16,0,21,66,130,88,12,0,16,20,18,10,4
2021,2,A,골목상권,2110076,삼각지역 14번,537,175,362,0,46,143,158,153,37,0,11,49,61,45,9,0,35,94,97,108,28
2021,2,A,골목상권,2110075,숙대입구역 1번,1630,736,894,9,270,506,417,289,139,5,69,188,182,181,111,4,201,318,235,108,28
2021,2,A,골목상권,2110074,서울역 12번,8149,1751,6398,152,5985,1340,330,181,161,9,598,652,233,134,125,143,5387,688,97,47,36
2021,2,A,골목상권,2110073,삼각지역 3번,7916,2353,5563,56,2498,2872,1896,491,103,25,856,912,415,109,36,31,1642,1960,1481,382,67
2021,2,A,골목상권,2110072,열정도,374,244,130,6,108,96,78,51,35,0,51,71,62,37,23,6,57,25,16,14,12
2021,2,A,골목상권,2110071,한강미주맨션아파트,281,182,99,0,36,68,68,55,54,0,20,44,40,41,37,0,16,24,28,14,17
2021,2,A,골목상권,2110070,용산세무서,184,130,54,0,21,54,55,24,30,0,8,37,41,18,26,0,13,17,14,6,4
2021,2,A,골목상권,2110069,숙대입구,829,295,534,3,200,295,168,86,77,3,34,90,82,40,46,0,166,205,86,46,31
2021,2,A,골목상권,2110068,남영역 1번,1039,595,444,8,154,224,240,224,189,6,59,124,144,138,124,2,95,100,96,86,65
2021,2,A,골목상권,2110067,배문고등학교,1574,907,667,1,219,377,391,329,257,0,85,177,202,230,213,1,134,200,189,99,44
2021,2,A,골목상권,2110066,서울역 15번,748,467,281,6,152,227,156,125,82,3,81,151,104,66,62,3,71,76,52,59,20
2021,2,A,골목상권,2110065,남정초등학교,137,92,45,0,17,45,48,17,10,0,9,37,31,10,5,0,8,8,17,7,5
2021,2,A,골목상권,2110064,효창공원앞역 2번,925,527,398,2,126,275,263,160,99,1,49,160,162,88,67,1,77,115,101,72,32
2021,2,A,골목상권,2110063,효창공원앞역 5번,530,347,183,8,47,104,139,132,100,6,25,71,93,87,65,2,22,33,46,45,35
2021,2,A,골목상권,2110062,한강로동땡땡거리(은행나무길),5667,3458,2209,9,735,1660,1587,1162,514,6,299,844,1074,890,345,3,436,816,513,272,169
2021,2,A,골목상권,2110061,효창동주민센터,473,301,172,1,61,90,150,113,58,1,38,52,96,67,47,0,23,38,54,46,11
2021,2,A,골목상권,2110060,효창공원앞역 6번,291,174,117,0,28,62,84,73,44,0,10,34,52,47,31,0,18,28,32,26,13
2021,2,A,골목상권,2110059,새남터성지,385,307,78,0,38,71,113,138,25,0,21,48,99,124,15,0,17,23,14,14,10
2021,2,A,골목상권,2110058,성심여자고등학교,947,659,288,10,141,228,254,194,120,3,71,162,181,141,101,7,70,66,73,53,19
2021,2,A,골목상권,2110057,황학코아루아파트,57,39,18,0,8,11,16,9,13,0,4,5,14,7,9,0,4,6,2,2,4
2021,2,A,골목상권,2110056,신당역 3번,506,288,218,0,60,129,115,112,90,0,29,63,68,70,58,0,31,66,47,42,32
2021,2,A,골목상권,2110055,황학동벼룩시장,29,19,10,0,1,4,6,11,7,0,1,3,5,6,4,0,0,1,1,5,3
2021,2,A,골목상권,2110054,청구역 3번,1537,849,688,3,259,378,315,336,246,1,90,204,220,211,123,2,169,174,95,125,123
2021,2,A,골목상권,2110053,청구역 1번,281,166,115,0,52,69,69,54,37,0,23,45,43,27,28,0,29,24,26,27,9
2021,2,A,골목상권,2110052,장충초등학교,484,281,203,0,43,100,132,130,79,0,16,63,75,82,45,0,27,37,57,48,34
2021,2,A,골목상권,2110051,한양공고앞 교차로,111,82,29,0,17,23,33,26,12,0,12,16,24,20,10,0,5,7,9,6,2
2021,2,A,골목상권,2110050,약수역 7번,309,230,79,0,34,81,76,76,42,0,21,59,60,57,33,0,13,22,16,19,9
2021,2,A,골목상권,2110049,장충단 고개,2303,1240,1063,4,566,582,448,431,272,2,174,314,281,257,212,2,392,268,167,174,60
2021,2,A,골목상권,2110048,장충동주민센터,5312,2706,2606,21,867,1339,1511,1367,207,5,338,768,756,707,132,16,529,571,755,660,75
2021,2,A,골목상권,2110047,다산성곽길,160,89,71,0,36,43,36,27,18,0,23,29,21,7,9,0,13,14,15,20,9
2021,2,A,골목상권,2110046,버티고개,106,76,30,0,6,23,41,28,8,0,3,17,29,20,7,0,3,6,12,8,1
2021,2,A,골목상권,2110045,동대문역사문화공원역 5번,234,174,60,0,24,54,64,55,37,0,11,38,46,47,32,0,13,16,18,8,5
2021,2,A,골목상권,2110044,관성묘,405,300,105,0,50,135,145,51,24,0,24,90,125,44,17,0,26,45,20,7,7
2021,2,A,골목상권,2110043,충무초등학교,1202,670,532,12,212,307,331,223,117,7,97,155,169,152,90,5,115,152,162,71,27
2021,2,A,골목상권,2110042,남산골공원옆,994,621,373,3,121,221,287,251,111,0,43,127,198,179,74,3,78,94,89,72,37
2021,2,A,골목상권,2110041,남산케이블카,967,435,532,2,118,152,175,254,266,2,51,69,83,87,143,0,67,83,92,167,123
2021,2,A,골목상권,2110040,중구회현체육센터(정화예술대남산캠퍼스),165,78,87,0,33,30,40,37,25,0,14,15,17,13,19,0,19,15,23,24,6
2021,2,A,골목상권,2110039,회현역 1번,49,26,23,0,2,8,12,14,13,0,0,4,9,8,5,0,2,4,3,6,8
2021,2,A,골목상권,2110038,경향신문사,2636,1651,985,0,377,783,808,593,75,0,119,436,540,491,65,0,258,347,268,102,10
2021,2,A,골목상권,2110037,신설동역 12번,208,124,84,0,16,46,51,61,34,0,6,20,32,41,25,0,10,26,19,20,9
2021,2,A,골목상권,2110036,동묘앞역 3번,65,42,23,0,3,7,20,15,20,0,1,3,10,13,15,0,2,4,10,2,5
2021,2,A,골목상권,2110035,동묘앞역 2번,276,161,115,2,18,43,75,88,50,0,5,18,42,65,31,2,13,25,33,23,19
2021,2,A,골목상권,2110034,창신1동주민센터,41,35,6,0,2,1,14,13,11,0,2,1,10,11,11,0,0,0,4,2,0
2021,2,A,골목상권,2110033,창신역 4번,166,89,77,0,26,42,35,40,23,0,6,22,17,25,19,0,20,20,18,15,4
2021,2,A,골목상권,2110032,수족관거리,31,16,15,0,3,6,4,13,5,0,2,2,2,7,3,0,1,4,2,6,2
2021,2,A,골목상권,2110031,창신역 1번,44,31,13,0,7,14,5,11,7,0,4,8,4,8,7,0,3,6,1,3,0
2021,2,A,골목상권,2110030,동대문역 3번,10,5,5,0,2,2,2,3,1,0,0,2,1,1,1,0,2,0,1,2,0
2021,2,A,골목상권,2110029,동대문역 1번,235,61,174,0,11,31,57,79,57,0,1,7,19,20,14,0,10,24,38,59,43
2021,2,A,골목상권,2110028,이화달팽이길,704,279,425,1,177,179,137,123,87,0,56,60,56,65,42,1,121,119,81,58,45
2021,2,A,골목상권,2110027,혜화역 1번,617,366,251,1,73,116,131,98,198,0,28,74,65,54,145,1,45,42,66,44,53
2021,2,A,골목상권,2110026,종로5가역 4번,190,120,70,0,22,41,73,27,27,0,9,28,47,14,22,0,13,13,26,13,5
2021,2,A,골목상권,2110025,충신시장옆,213,129,84,2,17,46,63,56,29,0,6,23,43,33,24,2,11,23,20,23,5
2021,2,A,골목상권,2110024,혜회동주민센터,928,263,665,0,135,264,294,184,51,0,17,64,90,55,37,0,118,200,204,129,14
2021,2,A,골목상권,2110023,서울대병원,186,55,131,0,18,37,42,47,42,0,5,12,14,10,14,0,13,25,28,37,28
2021,2,A,골목상권,2110022,경신고등학교,537,396,141,11,142,162,128,59,35,10,100,123,94,43,26,1,42,39,34,16,9
2021,2,A,골목상권,2110021,성균관대학교,387,297,90,2,15,39,109,145,77,2,7,26,88,125,49,0,8,13,21,20,28
2021,2,A,골목상권,2110020,서울국제고등학교,639,315,324,1,145,288,122,57,26,1,44,146,75,32,17,0,101,142,47,25,9
2021,2,A,골목상권,2110019,창덕궁,325,215,110,0,47,91,82,71,34,0,21,65,53,49,27,0,26,26,29,22,7
2021,2,A,골목상권,2110018,중앙고등학교,888,439,449,1,97,177,220,178,215,0,30,60,106,90,153,1,67,117,114,88,62
2021,2,A,골목상권,2110017,정독도서관,650,322,328,0,133,273,152,58,34,0,26,130,93,43,30,0,107,143,59,15,4
2021,2,A,골목상권,2110016,평창동동측,7589,3104,4485,10,716,2233,2858,1504,268,4,279,1021,1416,284,100,6,437,1212,1442,1220,168
2021,2,A,골목상권,2110015,청와대사랑채,578,345,233,0,64,147,166,126,75,0,16,63,110,91,65,0,48,84,56,35,10
2021,2,A,골목상권,2110014,경복고등학교,194,82,112,0,28,54,40,44,28,0,4,14,21,24,19,0,24,40,19,20,9
2021,2,A,골목상권,2110013,체부동홍종문가옥,119,70,49,0,5,26,31,25,32,0,2,11,18,13,26,0,3,15,13,12,6
2021,2,A,골목상권,2110012,성곡미술관,1061,503,558,0,262,337,262,118,82,0,72,159,150,73,49,0,190,178,112,45,33
2021,2,A,골목상권,2110011,청운초등학교,263,188,75,0,21,105,79,43,15,0,21,95,44,16,12,0,0,10,35,27,3
2021,2,A,골목상권,2110010,평창동서측,6687,3622,3065,12,676,1736,2550,1464,249,0,276,655,1387,1128,176,12,400,1081,1163,336,73
2021,2,A,골목상권,2110009,자하문터널,950,463,487,0,211,332,229,125,53,0,92,164,106,65,36,0,119,168,123,60,17
2021,2,A,골목상권,2110008,배화여자대학교(박노수미술관),552,379,173,1,52,82,133,180,104,0,16,46,102,135,80,1,36,36,31,45,24
2021,2,A,골목상권,2110007,사직공원(한국사회과학도서관),283,185,98,2,58,88,63,41,31,2,30,62,44,27,20,0,28,26,19,14,11
2021,2,A,골목상권,2110006,부암동주민센터,27,16,11,0,2,7,7,5,6,0,2,5,2,3,4,0,0,2,5,2,2
2021,2,A,골목상권,2110005,세검정,1006,510,496,3,125,296,290,195,97,0,36,137,157,121,59,3,89,159,133,74,38
2021,2,A,골목상권,2110004,대신고등학교,32,14,18,0,3,4,8,14,3,0,1,0,3,8,2,0,2,4,5,6,1
2021,2,A,골목상권,2110003,세검정초등학교,485,315,170,6,53,84,150,126,66,6,32,38,100,89,50,0,21,46,50,37,16
2021,2,A,골목상권,2110002,독립문역 1번,475,121,354,1,146,140,118,44,26,1,25,25,41,14,15,0,121,115,77,30,11
2021,2,A,골목상권,2110001,이북5도청사,1066,638,428,4,133,292,240,262,135,0,51,173,162,172,80,4,82,119,78,90,55
2021,1,U,관광특구,1001496,강남 마이스 관광특구,15904,8904,7000,59,3513,6185,4248,1596,303,25,1160,3361,2887,1246,225,34,2353,2824,1361,350,78
2021,1,U,관광특구,1001495,잠실 관광특구,24375,14199,10176,120,4722,6565,5617,4514,2837,51,2484,4186,3496,2297,1685,69,2238,2379,2121,2217,1152
2021,1,U,관광특구,1001494,종로?청계 관광특구,32935,17150,15785,68,5357,9965,9483,6401,1661,15,2285,4911,4591,4158,1190,53,3072,5054,4892,2243,471
2021,1,U,관광특구,1001493,동대문패션타운 관광특구,6054,2958,3096,36,1434,1695,1160,1061,668,13,543,737,662,600,403,23,891,958,498,461,265
2021,1,U,관광특구,1001492,명동 남대문 북창동 다동 무교동 관광특구,104830,53674,51156,423,27134,34007,23384,15726,4156,137,8860,16080,15133,10824,2640,286,18274,17927,8251,4902,1516
2021,1,U,관광특구,1001491,이태원 관광특구,5839,3064,2775,28,1377,2065,1290,768,311,18,514,986,777,541,228,10,863,1079,513,227,83
2021,1,R,전통시장,2130326,고덕 골목형상점가,935,850,85,0,8,37,165,395,330,0,4,31,147,360,308,0,4,6,18,35,22
2021,1,R,전통시장,2130325,명일전통시장,89,30,59,0,8,10,13,28,30,0,3,6,5,8,8,0,5,4,8,20,22
2021,1,R,전통시장,2130324,길동복조리시장,154,85,69,3,27,32,47,40,5,2,13,18,31,19,2,1,14,14,16,21,3
2021,1,R,전통시장,2130323,둔촌역전통시장,171,86,85,0,3,14,23,36,95,0,2,6,8,14,56,0,1,8,15,22,39
2021,1,R,전통시장,2130322,고분다리전통시장,8,5,3,0,0,1,2,4,1,0,0,1,1,2,1,0,0,0,1,2,0
2021,1,R,전통시장,2130321,장신구 특화거리 상점가,433,269,164,0,92,114,88,92,47,0,43,72,56,61,37,0,49,42,32,31,10
2021,1,R,전통시장,2130320,암사종합시장,173,97,76,1,16,29,50,31,46,1,5,12,31,19,29,0,11,17,19,12,17
2021,1,R,전통시장,2130319,성내전통시장,34,21,13,0,3,5,9,10,7,0,3,2,5,7,4,0,0,3,4,3,3
2021,1,R,전통시장,2130318,로데오거리상점가,266,132,134,0,31,43,49,55,88,0,9,12,19,26,66,0,22,31,30,29,22
2021,1,R,전통시장,2130317,마천중앙시장,107,77,30,0,15,35,24,17,16,0,11,24,12,14,16,0,4,11,12,3,0
2021,1,R,전통시장,2130316,마천시장,18,9,9,0,3,3,2,10,0,0,2,2,2,3,0,0,1,1,0,7,0
2021,1,R,전통시장,2130315,문정동 로데오거리 상점가(문정동 로데오거리),1372,808,564,6,313,289,260,251,253,3,118,168,164,145,210,3,195,121,96,106,43
2021,1,R,전통시장,2130314,풍납시장,202,99,103,1,24,42,50,60,25,1,15,27,22,18,16,0,9,15,28,42,9
2021,1,R,전통시장,2130313,방이시장,3469,1526,1943,5,449,529,612,1126,748,4,159,335,346,371,311,1,290,194,266,755,437
2021,1,R,전통시장,2130312,석촌시장,619,270,349,1,20,40,81,170,307,1,9,23,43,41,153,0,11,17,38,129,154
2021,1,R,전통시장,2130311,새마을시장,377,246,131,1,60,78,104,75,59,0,28,48,80,55,35,1,32,30,24,20,24
2021,1,R,전통시장,2130310,강남개포시장,298,173,125,0,29,56,71,82,60,0,8,23,42,56,44,0,21,33,29,26,16
2021,1,R,전통시장,2130308,청담삼익시장,48,30,18,0,5,11,13,7,12,0,3,6,8,4,9,0,2,5,5,3,3
2021,1,R,전통시장,2130307,도곡시장,57,25,32,0,3,7,15,13,19,0,1,4,4,6,10,0,2,3,11,7,9
2021,1,R,전통시장,2130306,강남언주로,235,151,84,2,48,48,63,45,29,2,27,34,47,23,18,0,21,14,16,22,11
2021,1,R,전통시장,2130305,논현종합시장,85,43,42,0,21,14,14,19,17,0,7,7,6,14,9,0,14,7,8,5,8
2021,1,R,전통시장,2130304,신사상가,138,79,59,1,12,22,32,42,29,0,3,8,11,32,25,1,9,14,21,10,4
2021,1,R,전통시장,2130303,영동전통시장,242,95,147,0,21,60,67,58,36,0,7,19,22,24,23,0,14,41,45,34,13
2021,1,R,전통시장,2130302,강남시장(강남구 강남시장),58,33,25,0,13,15,14,8,8,0,7,10,9,2,5,0,6,5,5,6,3
2021,1,R,전통시장,2130301,양재시장,35,22,13,0,2,10,9,7,7,0,1,7,6,3,5,0,1,3,3,4,2
2021,1,R,전통시장,2130299,엔터식스 강남점,1850,1551,299,18,189,270,602,601,170,5,97,197,542,558,152,13,92,73,60,43,18
2021,1,R,전통시장,2130298,강남터미널지하도상점가2구역,2,1,1,0,1,0,0,0,1,0,1,0,0,0,0,0,0,0,0,0,1
2021,1,R,전통시장,2130296,남부종합시장,85,63,22,0,2,8,25,35,15,0,1,8,16,24,14,0,1,0,9,11,1
2021,1,R,전통시장,2130295,인헌시장(원당종합시장),122,48,74,0,20,27,38,23,14,0,3,9,16,12,8,0,17,18,22,11,6
2021,1,R,전통시장,2130294,관악중부시장,102,40,62,1,5,10,22,39,25,0,2,3,7,16,12,1,3,7,15,23,13
2021,1,R,전통시장,2130293,봉천중앙시장,154,42,112,0,17,13,29,46,49,0,5,7,14,14,2,0,12,6,15,32,47
2021,1,R,전통시장,2130290,영림시장,417,183,234,0,74,101,107,92,43,0,14,49,43,44,33,0,60,52,64,48,10
2021,1,R,전통시장,2130289,봉일시장,36,20,16,1,1,2,5,14,13,0,0,1,5,3,11,1,1,1,0,11,2
2021,1,R,전통시장,2130288,신림현대종합상가,2,0,2,0,1,1,0,0,0,0,0,0,0,0,0,0,1,1,0,0,0
2021,1,R,전통시장,2130285,서원동상점가,615,316,299,4,28,56,85,160,282,1,17,38,45,60,155,3,11,18,40,100,127
2021,1,R,전통시장,2130284,관악종합시장(신원시장),17,10,7,0,0,1,3,10,3,0,0,1,1,6,2,0,0,0,2,4,1
2021,1,R,전통시장,2130283,신원시장,25,11,14,0,3,3,10,5,4,0,1,1,3,3,3,0,2,2,7,2,1
2021,1,R,전통시장,2130282,난곡 골목형상점가,20,8,12,0,4,2,10,4,0,0,2,1,4,1,0,0,2,1,6,3,0
2021,1,R,전통시장,2130281,우림시장,1,0,1,0,0,0,1,0,0,0,0,0,0,0,0,0,0,0,1,0,0
2021,1,R,전통시장,2130280,신림종합시장,8,7,1,0,0,0,0,2,6,0,0,0,0,1,6,0,0,0,0,1,0
2021,1,R,전통시장,2130279,관악신사시장,120,63,57,0,17,20,27,37,19,0,5,10,16,20,12,0,12,10,11,17,7
2021,1,R,전통시장,2130278,미성동 도깨비시장 골목형상점가,75,16,59,0,0,16,28,24,7,0,0,7,5,2,2,0,0,9,23,22,5
2021,1,R,전통시장,2130277,조원동 펭귄시장(신림중앙시장),98,56,42,1,15,26,31,19,6,1,8,18,16,9,4,0,7,8,15,10,2
2021,1,R,전통시장,2130276,신림중앙시장(조원동 펭귄시장),43,27,16,0,1,2,14,12,14,0,0,2,7,9,9,0,1,0,7,3,5
2021,1,R,전통시장,2130275,강남골목시장,168,124,44,0,17,40,46,35,30,0,15,33,30,24,22,0,2,7,16,11,8
2021,1,R,전통시장,2130274,사당1동먹자골목상점가(사당1동먹자골목),389,218,171,4,91,100,81,63,50,3,45,64,37,35,34,1,46,36,44,28,16
2021,1,R,전통시장,2130273,남성사계시장(남성시장),141,63,78,0,21,36,45,22,17,0,3,19,20,8,13,0,18,17,25,14,4
2021,1,R,전통시장,2130272,사당시장,45,20,25,0,4,6,10,11,14,0,0,1,4,6,9,0,4,5,6,5,5
2021,1,R,전통시장,2130271,남성역골목시장,467,268,199,1,36,33,39,47,311,1,12,20,22,16,197,0,24,13,17,31,114
2021,1,R,전통시장,2130270,흑석시장,4,3,1,0,2,0,0,2,0,0,1,0,0,2,0,0,1,0,0,0,0
2021,1,R,전통시장,2130268,상도전통시장,239,104,135,0,33,60,53,58,35,0,12,23,23,24,22,0,21,37,30,34,13
2021,1,R,전통시장,2130267,본동인정시장(기능상실),59,41,18,0,6,10,12,15,16,0,4,7,9,8,13,0,2,3,3,7,3
2021,1,R,전통시장,2130266,만양로상점가,129,75,54,0,6,37,51,21,14,0,1,23,33,14,4,0,5,14,18,7,10
2021,1,R,전통시장,2130265,노량진중앙시장,115,82,33,0,17,48,34,8,8,0,12,42,23,3,2,0,5,6,11,5,6
2021,1,R,전통시장,2130264,상도약수골목형상점가,65,35,30,1,14,8,15,20,7,0,4,3,9,12,7,1,10,5,6,8,0
2021,1,R,전통시장,2130263,신노량진시장(기능상실),11,3,8,0,0,3,3,5,0,0,0,0,1,2,0,0,0,3,2,3,0
2021,1,R,전통시장,2130262,상도도깨비 골목형상점가,18,8,10,0,1,0,12,2,3,0,0,0,6,0,2,0,1,0,6,2,1
2021,1,R,전통시장,2130261,성대전통시장(성대시장),211,104,107,0,15,47,61,61,27,0,4,26,33,23,18,0,11,21,28,38,9
2021,1,R,전통시장,2130260,신대방1동골목상권,70,31,39,0,8,22,15,15,10,0,0,7,7,10,7,0,8,15,8,5,3
2021,1,R,전통시장,2130259,대신시장,12,9,3,0,1,0,5,2,4,0,1,0,3,2,3,0,0,0,2,0,1
2021,1,R,전통시장,2130257,영등포시장기계공구상가,158,116,42,0,11,26,33,47,41,0,7,16,22,37,34,0,4,10,11,10,7
2021,1,R,전통시장,2130256,신동시장,2,2,0,0,0,0,0,1,1,0,0,0,0,1,1,0,0,0,0,0,0
2021,1,R,전통시장,2130255,영등포전통시장,45,29,16,0,1,7,5,10,22,0,1,5,3,4,16,0,0,2,2,6,6
2021,1,R,전통시장,2130253,영신상가(제일상가),9,7,2,0,2,3,0,2,2,0,2,3,0,1,1,0,0,0,0,1,1
2021,1,R,전통시장,2130250,삼구시장(로타리상가),1,0,1,0,0,0,0,1,0,0,0,0,0,0,0,0,0,0,0,1,0
2021,1,R,전통시장,2130249,동남상가,10,8,2,0,2,0,0,4,4,0,1,0,0,4,3,0,1,0,0,0,1
2021,1,R,전통시장,2130248,영등포역지하도상점가,12,5,7,0,0,2,4,3,3,0,0,0,2,0,3,0,0,2,2,3,0
2021,1,R,전통시장,2130247,우리시장,21,16,5,0,3,4,6,3,5,0,1,3,5,3,4,0,2,1,1,0,1
2021,1,R,전통시장,2130246,영등포청과시장(조광시장),237,126,111,0,24,33,47,77,56,0,9,11,28,39,39,0,15,22,19,38,17
2021,1,R,전통시장,2130245,영일시장,675,567,108,1,61,189,238,136,50,0,41,148,217,115,46,1,20,41,21,21,4
2021,1,R,전통시장,2130244,대림중앙시장,95,39,56,3,14,16,21,15,26,2,9,8,10,4,6,1,5,8,11,11,20
2021,1,R,전통시장,2130243,도림시장,6,4,2,0,0,1,4,0,1,0,0,1,3,0,0,0,0,0,1,0,1
2021,1,R,전통시장,2130242,대림중앙 골목형상점가,68,21,47,0,4,14,21,24,5,0,1,6,5,5,4,0,3,8,16,19,1
2021,1,R,전통시장,2130241,선유도역 골목형상점가,500,253,247,0,95,93,123,136,53,0,39,49,66,67,32,0,56,44,57,69,21
2021,1,R,전통시장,2130240,영등포유통상가,1183,753,430,0,95,232,273,252,331,0,52,127,178,168,228,0,43,105,95,84,103
2021,1,R,전통시장,2130238,은행나무시장,113,71,42,0,22,24,31,22,14,0,13,16,22,14,6,0,9,8,9,8,8
2021,1,R,전통시장,2130237,박미시장(기능상실),39,26,13,0,1,6,11,9,12,0,0,2,7,8,9,0,1,4,4,1,3
2021,1,R,전통시장,2130236,비단길현대시장(현대시장),139,42,97,0,13,23,49,40,14,0,4,3,12,17,6,0,9,20,37,23,8
2021,1,R,전통시장,2130235,대명여울빛거리시장(대명시장),298,80,218,0,39,52,77,82,48,0,11,14,25,19,11,0,28,38,52,63,37
2021,1,R,전통시장,2130234,푸른터시장(기능상실),3,2,1,0,0,1,0,2,0,0,0,1,0,1,0,0,0,0,0,1,0
2021,1,R,전통시장,2130233,남문시장,76,47,29,0,5,8,18,22,23,0,2,3,9,12,21,0,3,5,9,10,2
2021,1,R,전통시장,2130232,독산동 맛나는거리상점가(독산동 맛나는거리),33,24,9,0,3,12,5,10,3,0,2,9,4,6,3,0,1,3,1,4,0
2021,1,R,전통시장,2130231,독산동 우시장,611,476,135,2,31,74,126,196,182,0,16,55,97,145,163,2,15,19,29,51,19
2021,1,R,전통시장,2130229,남구로시장,249,139,110,1,16,53,61,62,56,0,7,30,31,32,39,1,9,23,30,30,17
2021,1,R,전통시장,2130228,구로시장,10,5,5,0,0,4,6,0,0,0,0,1,4,0,0,0,0,3,2,0,0
2021,1,R,전통시장,2130227,고척골목시장상점가(그라운드 고척),97,68,29,0,8,22,36,23,8,0,4,13,26,19,6,0,4,9,10,4,2
2021,1,R,전통시장,2130226,고척프라자,2,2,0,0,1,1,0,0,0,0,1,1,0,0,0,0,0,0,0,0,0
2021,1,R,전통시장,2130225,개봉중앙시장,147,59,88,0,15,21,39,44,28,0,3,4,19,22,11,0,12,17,20,22,17
2021,1,R,전통시장,2130224,개봉프라자(고척근린시장),5,4,1,0,0,0,1,2,2,0,0,0,1,1,2,0,0,0,0,1,0
2021,1,R,전통시장,2130223,고척근린시장,42,12,30,0,2,10,12,14,4,0,0,1,1,7,3,0,2,9,11,7,1
2021,1,R,전통시장,2130222,오류시장,132,21,111,0,10,26,46,43,7,0,5,1,4,5,6,0,5,25,42,38,1
2021,1,R,전통시장,2130221,"남부골목시장(남부화곡시장, 남부시장)",188,69,119,0,22,32,50,57,27,0,5,5,15,22,22,0,17,27,35,35,5
2021,1,R,전통시장,2130219,까치산시장,124,37,87,0,16,18,39,32,19,0,4,6,9,9,9,0,12,12,30,23,10
2021,1,R,전통시장,2130218,신월중앙시장,118,53,65,0,28,34,26,13,17,0,8,12,11,9,13,0,20,22,15,4,4
2021,1,R,전통시장,2130217,화곡본동시장,36,16,20,0,3,5,10,13,5,0,1,3,5,6,1,0,2,2,5,7,4
2021,1,R,전통시장,2130216,화곡중앙시장,75,32,43,0,4,11,21,22,17,0,2,2,9,8,11,0,2,9,12,14,6
2021,1,R,전통시장,2130215,대원종합시장,9,7,2,0,0,1,0,3,5,0,0,1,0,2,4,0,0,0,0,1,1
2021,1,R,전통시장,2130214,송화벽화시장(송화골목시장),119,44,75,2,23,18,25,33,18,0,6,7,9,13,9,2,17,11,16,20,9
2021,1,R,전통시장,2130213,방신전통시장,112,77,35,0,13,20,25,29,25,0,10,18,14,14,21,0,3,2,11,15,4
2021,1,R,전통시장,2130212,공항시장,8,6,2,0,1,0,3,2,2,0,1,0,3,0,2,0,0,0,0,2,0
2021,1,R,전통시장,2130211,신정2동 골목시장(오목교중앙시장),51,18,33,0,3,10,18,17,3,0,1,3,8,4,2,0,2,7,10,13,1
2021,1,R,전통시장,2130210,목2동시장,432,251,181,1,66,124,122,71,48,1,40,69,70,39,32,0,26,55,52,32,16
2021,1,R,전통시장,2130209,목사랑시장(목4동시장),111,61,50,0,7,15,23,42,24,0,2,13,10,20,16,0,5,2,13,22,8
2021,1,R,전통시장,2130208,목동깨비시장(목3동시장),148,67,81,0,13,20,55,37,23,0,7,6,18,19,17,0,6,14,37,18,6
2021,1,R,전통시장,2130207,신정1동 골목시장(신정제일시장),38,21,17,0,8,9,10,7,4,0,3,5,6,4,3,0,5,4,4,3,1
2021,1,R,전통시장,2130206,신정3동 골목시장,20,6,14,0,0,5,11,2,2,0,0,0,3,1,2,0,0,5,8,1,0
2021,1,R,전통시장,2130205,신곡종합시장(신월6동 골목시장),141,103,38,1,17,36,39,32,16,0,10,27,33,18,15,1,7,9,6,14,1
2021,1,R,전통시장,2130204,경창시장,100,50,50,0,5,12,27,27,29,0,2,5,12,16,15,0,3,7,15,11,14
2021,1,R,전통시장,2130203,서서울 골목형상점가,34,7,27,0,2,7,10,12,3,0,0,0,2,4,1,0,2,7,8,8,2
2021,1,R,전통시장,2130202,신영시장,40,13,27,0,3,4,13,16,4,0,2,0,3,6,2,0,1,4,10,10,2
2021,1,R,전통시장,2130201,월정로시장,27,17,10,0,2,8,10,7,0,0,0,7,6,4,0,0,2,1,4,3,0
2021,1,R,전통시장,2130200,"신월7동 골목시장(약수시장, 우성상가)",27,18,9,0,0,3,9,6,9,0,0,0,7,4,7,0,0,3,2,2,2
2021,1,R,전통시장,2130199,신월3동 골목시장,18,8,10,0,1,4,4,9,0,0,0,1,3,4,0,0,1,3,1,5,0
2021,1,R,전통시장,2130198,아현시장,203,45,158,1,51,84,52,10,5,0,8,5,26,4,2,1,43,79,26,6,3
2021,1,R,전통시장,2130197,마포시장,15,5,10,0,0,1,5,4,5,0,0,1,0,2,2,0,0,0,5,2,3
2021,1,R,전통시장,2130196,공덕시장,3948,2001,1947,52,1323,1296,891,287,99,28,467,646,599,181,80,24,856,650,292,106,19
2021,1,R,전통시장,2130195,도화동 상점가,1055,510,545,2,201,269,228,163,192,1,86,133,121,95,74,1,115,136,107,68,118
2021,1,R,전통시장,2130194,용강동 상점가,875,502,373,0,103,131,179,170,292,0,39,75,104,114,170,0,64,56,75,56,122
2021,1,R,전통시장,2130193,신수시장,34,19,15,0,4,7,12,5,6,0,1,5,5,4,4,0,3,2,7,1,2
2021,1,R,전통시장,2130192,동진시장,10,6,4,0,1,1,4,3,1,0,1,1,1,2,1,0,0,0,3,1,0
2021,1,R,전통시장,2130191,홍대 걷고싶은 거리,367,225,142,6,65,65,81,82,68,4,40,41,54,47,39,2,25,24,27,35,29
2021,1,R,전통시장,2130190,홍대소상공인상점가,150,77,73,1,55,35,30,18,11,0,18,22,18,10,9,1,37,13,12,8,2
2021,1,R,전통시장,2130189,서교시장,24,10,14,0,2,1,7,6,8,0,0,1,2,3,4,0,2,0,5,3,4
2021,1,R,전통시장,2130187,영진시장,29,14,15,0,4,5,11,7,2,0,2,2,6,2,2,0,2,3,5,5,0
2021,1,R,전통시장,2130186,망원시장,178,84,94,0,16,30,47,50,35,0,13,19,20,17,15,0,3,11,27,33,20
2021,1,R,전통시장,2130185,망원월드컵시장,190,123,67,1,26,69,53,25,16,1,14,43,35,16,14,0,12,26,18,9,2
2021,1,R,전통시장,2130184,마포농수산물시장,77,40,37,0,2,12,24,26,13,0,1,8,12,14,5,0,1,4,12,12,8
2021,1,R,전통시장,2130183,상암동상점가,816,607,209,1,89,204,283,187,52,0,49,150,227,143,38,1,40,54,56,44,14
2021,1,R,전통시장,2130182,영천시장,78,35,43,0,13,8,24,22,11,0,3,4,10,12,6,0,10,4,14,10,5
2021,1,R,전통시장,2130181,아현가구거리상점가,59,30,29,0,8,11,13,10,17,0,0,7,9,4,10,0,8,4,4,6,7
2021,1,R,전통시장,2130180,포방터시장,59,34,25,0,13,11,15,6,14,0,4,4,11,5,10,0,9,7,4,1,4
2021,1,R,전통시장,2130179,"이화여대 3,5,7길 상점가",147,65,82,3,34,15,41,31,23,1,12,3,14,17,18,2,22,12,27,14,5
2021,1,R,전통시장,2130178,이대 앞 스타트업 상점가,32,7,25,0,5,5,10,6,6,0,1,0,4,0,2,0,4,5,6,6,4
2021,1,R,전통시장,2130177,인왕시장(홍제골목형상점가),44,7,37,0,1,1,8,7,27,0,0,0,1,3,3,0,1,1,7,4,24
2021,1,R,전통시장,2130176,유진상가,38,23,15,0,20,16,1,1,0,0,9,13,1,0,0,0,11,3,0,1,0
2021,1,R,전통시장,2130175,신촌 상인회(신촌상점가),13,5,8,0,1,3,5,4,0,0,1,0,1,3,0,0,0,3,4,1,0
2021,1,R,전통시장,2130173,백련시장,5,3,2,0,0,1,0,2,2,0,0,1,0,0,2,0,0,0,0,2,0
2021,1,R,전통시장,2130172,모래내시장(서중시장),41,13,28,0,5,12,8,10,6,0,0,2,3,5,3,0,5,10,5,5,3
2021,1,R,전통시장,2130171,불광먹자골목 골목형상점가,155,54,101,0,18,31,24,37,45,0,4,9,11,16,14,0,14,22,13,21,31
2021,1,R,전통시장,2130170,제일시장,58,26,32,1,7,9,13,19,9,1,2,2,5,11,5,0,5,7,8,8,4
2021,1,R,전통시장,2130169,대조시장,67,31,36,0,5,11,21,23,7,0,1,3,11,11,5,0,4,8,10,12,2
2021,1,R,전통시장,2130168,연서시장,242,157,85,0,19,50,53,65,55,0,5,23,33,49,47,0,14,27,20,16,8
2021,1,R,전통시장,2130167,연신내상점가(연빛거리),636,239,397,1,144,143,157,120,71,1,31,52,57,53,45,0,113,91,100,67,26
2021,1,R,전통시장,2130166,응암시장(신응암시장),17,10,7,0,0,3,2,5,7,0,0,0,1,3,6,0,0,3,1,2,1
2021,1,R,전통시장,2130165,"대림골목시장(대림시장, 양지시장)",214,34,180,0,20,45,56,62,31,0,1,7,5,11,10,0,19,38,51,51,21
2021,1,R,전통시장,2130164,역촌중앙시장,9,3,6,0,0,1,2,2,4,0,0,0,1,1,1,0,0,1,1,1,3
2021,1,R,전통시장,2130163,응암오거리상점가,182,49,133,0,24,28,44,50,36,0,4,8,11,12,14,0,20,20,33,38,22
2021,1,R,전통시장,2130162,증산골목시장,7,3,4,0,0,2,2,1,2,0,0,0,0,1,2,0,0,2,2,0,0
2021,1,R,전통시장,2130161,증산종합시장,8,5,3,0,0,1,2,2,3,0,0,0,1,2,2,0,0,1,1,0,1
2021,1,R,전통시장,2130160,수일시장,7,2,5,0,0,2,1,2,2,0,0,0,0,1,1,0,0,2,1,1,1
2021,1,R,전통시장,2130159,공릉동 도깨비시장,101,47,54,0,12,22,24,26,17,0,4,8,9,15,11,0,8,14,15,11,6
2021,1,R,전통시장,2130157,상계중앙시장,74,40,34,0,14,19,14,17,10,0,8,15,7,7,3,0,6,4,7,10,7
2021,1,R,전통시장,2130155,시영B상가(중계 그린아파트 B 상가),12,8,4,0,1,5,3,3,0,0,0,5,2,1,0,0,1,0,1,2,0
2021,1,R,전통시장,2130153,창동역상점가,229,138,91,0,18,48,54,56,53,0,7,31,30,31,39,0,11,17,24,25,14
2021,1,R,전통시장,2130152,오!도봉거리 상점가,61,34,27,0,5,14,19,13,10,0,1,5,10,10,8,0,4,9,9,3,2
2021,1,R,전통시장,2130151,신도봉시장,5,5,0,0,1,0,2,2,0,0,1,0,2,2,0,0,0,0,0,0,0
2021,1,R,전통시장,2130150,창동골목시장,84,47,37,0,19,30,14,8,13,0,7,20,9,5,6,0,12,10,5,3,7
2021,1,R,전통시장,2130149,창동신창시장,104,40,64,0,2,21,32,29,20,0,0,7,14,8,11,0,2,14,18,21,9
2021,1,R,전통시장,2130148,방학동도깨비시장,60,33,27,0,6,9,16,18,11,0,4,3,8,14,4,0,2,6,8,4,7
2021,1,R,전통시장,2130147,쌍문역동측상점가,69,32,37,0,7,17,18,9,18,0,2,6,10,5,9,0,5,11,8,4,9
2021,1,R,전통시장,2130146,쌍문시장(쌍문역골목시장),263,124,139,0,29,33,54,80,67,0,10,12,28,32,42,0,19,21,26,48,25
2021,1,R,전통시장,2130145,쌍문역둘리상점가,244,202,42,0,39,44,77,62,22,0,28,35,65,56,18,0,11,9,12,6,4
2021,1,R,전통시장,2130144,백운시장,38,17,21,0,0,3,13,14,8,0,0,0,5,5,7,0,0,3,8,9,1
2021,1,R,전통시장,2130143,방천골목시장,65,36,29,0,11,7,19,24,4,0,6,5,9,13,3,0,5,2,10,11,1
2021,1,R,전통시장,2130142,강북북부시장,7,5,2,0,1,1,0,2,3,0,0,1,0,2,2,0,1,0,0,0,1
2021,1,R,전통시장,2130141,강북북부골목시장,43,20,23,0,16,4,11,6,6,0,3,2,6,6,3,0,13,2,5,0,3
2021,1,R,전통시장,2130140,숭인시장,62,27,35,0,9,13,10,15,15,0,0,4,1,9,13,0,9,9,9,6,2
2021,1,R,전통시장,2130139,강북종합전통시장(강북종합골목시장),166,114,52,0,16,45,61,28,16,0,11,33,42,19,9,0,5,12,19,9,7
2021,1,R,전통시장,2130138,수유프라자,142,24,118,1,31,24,16,42,28,0,1,4,5,4,10,1,30,20,11,38,18
2021,1,R,전통시장,2130137,"수유전통시장(수유시장, 수유골목시장)",89,31,58,0,5,10,19,26,29,0,0,3,8,8,12,0,5,7,11,18,17
2021,1,R,전통시장,2130136,수유재래시장,29,11,18,0,6,5,7,5,6,0,2,1,0,2,6,0,4,4,7,3,0
2021,1,R,전통시장,2130135,수유중앙골목시장(수유중앙시장),24,12,12,0,0,3,4,5,12,0,0,2,2,0,8,0,0,1,2,5,4
2021,1,R,전통시장,2130134,"솔샘시장(미아6,7동골목시장)",73,30,43,1,7,19,25,18,3,0,3,4,12,8,3,1,4,15,13,10,0
2021,1,R,전통시장,2130133,우이골목시장(우이시장),69,61,8,0,7,7,19,20,16,0,6,6,17,17,15,0,1,1,2,3,1
2021,1,R,전통시장,2130132,삼양골목시장(삼양시장),57,19,38,0,10,13,12,14,8,0,0,4,5,5,5,0,10,9,7,9,3
2021,1,R,전통시장,2130131,동북프라자,121,49,72,0,9,23,37,29,23,0,4,8,17,9,11,0,5,15,20,20,12
2021,1,R,전통시장,2130130,수유북부골목시장,20,14,6,0,1,1,7,5,6,0,0,0,6,3,5,0,1,1,1,2,1
2021,1,R,전통시장,2130129,장미원골목시장,911,571,340,0,15,14,38,89,755,0,1,4,12,40,514,0,14,10,26,49,241
2021,1,R,전통시장,2130128,돌곶이시장(석관황금시장),191,157,34,0,30,36,41,72,12,0,28,26,29,62,12,0,2,10,12,10,0
2021,1,R,전통시장,2130126,새석관시장,3,1,2,0,0,0,1,2,0,0,0,0,0,1,0,0,0,0,1,1,0
2021,1,R,전통시장,2130125,장위전통시장,40,20,20,0,5,6,7,8,14,0,0,2,5,5,8,0,5,4,2,3,6
2021,1,R,전통시장,2130123,꿈의숲 장곡 골목형상점가,6,5,1,0,1,0,1,4,0,0,1,0,1,3,0,0,0,0,0,1,0
2021,1,R,전통시장,2130122,밤나무골시장,17,5,12,0,2,4,6,4,1,0,1,1,2,1,0,0,1,3,4,3,1
2021,1,R,전통시장,2130121,길음시장,91,19,72,0,36,24,10,8,13,0,2,5,3,2,7,0,34,19,7,6,6
2021,1,R,전통시장,2130120,돈암시장(돈암제일시장),99,23,76,1,20,20,25,18,15,0,0,2,7,8,6,1,20,18,18,10,9
2021,1,R,전통시장,2130119,정릉아리랑시장,15,4,11,0,0,4,5,5,1,0,0,0,0,3,1,0,0,4,5,2,0
2021,1,R,전통시장,2130118,정릉골 골목형상점가,67,30,37,0,11,13,11,19,13,0,0,2,6,12,10,0,11,11,5,7,3
2021,1,R,전통시장,2130117,정릉시장,119,62,57,0,4,15,34,41,25,0,2,8,20,18,14,0,2,7,14,23,11
2021,1,R,전통시장,2130116,동성타워프라자,31,22,9,0,2,9,7,8,5,0,2,4,4,7,5,0,0,5,3,1,0
2021,1,R,전통시장,2130115,우림골목시장,307,106,201,2,80,61,68,64,32,0,29,11,30,20,16,2,51,50,38,44,16
2021,1,R,전통시장,2130114,유영시장,31,20,11,0,9,5,3,8,6,0,7,2,2,5,4,0,2,3,1,3,2
2021,1,R,전통시장,2130113,신아타운,148,27,121,1,31,31,28,39,18,1,4,9,3,4,6,0,27,22,25,35,12
2021,1,R,전통시장,2130112,사가정시장,86,28,58,0,13,17,24,19,13,0,0,3,6,8,11,0,13,14,18,11,2
2021,1,R,전통시장,2130111,"동원전통종합시장(동원시장, 동원전통시장 상점가)",224,109,115,0,24,37,49,82,32,0,11,17,21,38,22,0,13,20,28,44,10
2021,1,R,전통시장,2130110,면목골목시장(면목시장),103,59,44,0,1,8,32,38,24,0,1,5,19,18,16,0,0,3,13,20,8
2021,1,R,전통시장,2130109,묵1동도깨비시장,47,33,14,0,2,9,16,9,11,0,1,5,13,5,9,0,1,4,3,4,2
2021,1,R,전통시장,2130108,태능엔터피아(태릉시장),3,1,2,0,0,0,1,2,0,0,0,0,0,1,0,0,0,0,1,1,0
2021,1,R,전통시장,2130107,중랑동부시장(중랑교종합상가),13,3,10,0,0,1,4,5,3,0,0,0,0,1,2,0,0,1,4,4,1
2021,1,R,전통시장,2130106,중랑동부시장,166,56,110,1,20,40,34,39,32,0,1,8,7,21,19,1,19,32,27,18,13
2021,1,R,전통시장,2130105,장미제일시장(중화동제일시장),63,27,36,0,8,14,22,11,8,0,3,6,14,3,1,0,5,8,8,8,7
2021,1,R,전통시장,2130104,전곡시장,93,54,39,0,8,17,28,26,14,0,5,8,16,13,12,0,3,9,12,13,2
2021,1,R,전통시장,2130103,이경시장,16,8,8,0,0,1,2,2,11,0,0,1,1,1,5,0,0,0,1,1,6
2021,1,R,전통시장,2130101,답십리현대시장,8,5,3,0,0,1,3,2,2,0,0,1,1,2,1,0,0,0,2,0,1
2021,1,R,전통시장,2130100,답십리시장,93,40,53,2,19,25,23,11,13,2,4,9,11,6,8,0,15,16,12,5,5
2021,1,R,전통시장,2130099,전농로터리시장,7,3,4,0,1,0,2,3,1,0,0,0,1,1,1,0,1,0,1,2,0
2021,1,R,전통시장,2130098,회기시장,55,17,38,0,9,14,15,12,5,0,2,3,4,6,2,0,7,11,11,6,3
2021,1,R,전통시장,2130097,답십리 건축자재시장,315,202,113,1,17,46,46,44,161,0,8,37,25,23,109,1,9,9,21,21,52
2021,1,R,전통시장,2130096,동부시장,14,9,5,0,0,0,1,1,12,0,0,0,0,0,9,0,0,0,1,1,3
2021,1,R,전통시장,2130095,청량리전통시장,95,38,57,0,6,16,18,33,22,0,4,6,9,10,9,0,2,10,9,23,13
2021,1,R,전통시장,2130094,청량리청과물시장,54,24,30,0,7,13,17,7,10,0,0,4,10,2,8,0,7,9,7,5,2
2021,1,R,전통시장,2130093,동서시장,5,3,2,0,0,0,1,2,2,0,0,0,1,0,2,0,0,0,0,2,0
2021,1,R,전통시장,2130092,청량리농수산물시장,12,9,3,0,0,1,3,5,3,0,0,0,3,3,3,0,0,1,0,2,0
2021,1,R,전통시장,2130091,청량종합도매시장,36,27,9,0,1,3,11,14,7,0,0,3,8,10,6,0,1,0,3,4,1
2021,1,R,전통시장,2130090,청량리종합시장,19,13,6,0,1,4,3,5,6,0,1,2,3,3,4,0,0,2,0,2,2
2021,1,R,전통시장,2130089,청량리수산시장,42,33,9,0,4,7,16,6,9,0,3,7,12,4,7,0,1,0,4,2,2
2021,1,R,전통시장,2130088,경동시장,126,57,69,0,18,32,24,17,35,0,3,11,11,10,22,0,15,21,13,7,13
2021,1,R,전통시장,2130087,경동광성상가(경동시장),28,20,8,0,5,3,8,7,5,0,3,2,6,5,4,0,2,1,2,2,1
2021,1,R,전통시장,2130086,서울약령시장,1184,651,533,4,113,208,305,341,213,0,56,128,165,181,121,4,57,80,140,160,92
2021,1,R,전통시장,2130085,용두시장,4,2,2,0,0,0,1,2,1,0,0,0,0,1,1,0,0,0,1,1,0
2021,1,R,전통시장,2130084,신성시장(신성골목시장),21,6,15,0,3,5,8,4,1,0,0,1,2,2,1,0,3,4,6,2,0
2021,1,R,전통시장,2130083,"중곡제일시장(중곡제일골목시장, 광성시장)",111,68,43,0,15,21,29,24,22,0,7,14,20,10,17,0,8,7,9,14,5
2021,1,R,전통시장,2130082,면곡골목시장,20,11,9,0,4,0,1,9,6,0,4,0,0,3,4,0,0,0,1,6,2
2021,1,R,전통시장,2130081,자양골목전통시장(자양골목시장),54,36,18,0,7,17,14,9,7,0,5,12,9,6,4,0,2,5,5,3,3
2021,1,R,전통시장,2130080,자양종합시장(기능상실),14,10,4,0,0,1,6,6,1,0,0,1,4,4,1,0,0,0,2,2,0
2021,1,R,전통시장,2130079,한아름시장,40,29,11,0,5,6,6,10,13,0,4,4,5,6,10,0,1,2,1,4,3
2021,1,R,전통시장,2130078,화양제일골목시장,65,23,42,0,6,17,20,18,4,0,1,7,8,6,1,0,5,10,12,12,3
2021,1,R,전통시장,2130077,조양시장,31,19,12,0,11,7,8,5,0,0,6,5,4,4,0,0,5,2,4,1,0
2021,1,R,전통시장,2130076,능동로골목시장,88,67,21,0,2,11,14,16,45,0,1,4,13,10,39,0,1,7,1,6,6
2021,1,R,전통시장,2130075,노룬산시장(노룬산골목시장),23,13,10,0,4,5,10,2,2,0,3,3,6,0,1,0,1,2,4,2,1
2021,1,R,전통시장,2130074,영동교골목시장,21,15,6,0,6,9,2,3,1,0,3,9,0,2,1,0,3,0,2,1,0
2021,1,R,전통시장,2130073,뚝도시장,45,17,28,1,3,10,9,11,11,0,0,2,4,5,6,1,3,8,5,6,5
2021,1,R,전통시장,2130072,성동용답상가시장,132,71,61,0,21,19,35,39,18,0,9,9,16,26,11,0,12,10,19,13,7
2021,1,R,전통시장,2130071,성수역 골목형상점가,335,180,155,1,61,89,70,43,71,0,27,43,43,29,38,1,34,46,27,14,33
2021,1,R,전통시장,2130070,뚝섬역상점가,1016,697,319,6,178,259,217,222,134,4,105,179,143,157,109,2,73,80,74,65,25
2021,1,R,전통시장,2130069,"한양대앞상점가(한양시장, 왕십리맛골목)",32,19,13,0,6,6,4,8,8,0,4,4,0,5,6,0,2,2,4,3,2
2021,1,R,전통시장,2130068,마장축산물시장,975,630,345,1,102,202,250,248,172,1,68,127,155,165,114,0,34,75,95,83,58
2021,1,R,전통시장,2130067,왕십리도선동상점가,1670,335,1335,3,166,202,291,591,417,1,78,98,69,49,40,2,88,104,222,542,377
2021,1,R,전통시장,2130066,행당시장상점가,397,182,215,0,49,86,115,100,47,0,17,38,54,45,28,0,32,48,61,55,19
2021,1,R,전통시장,2130065,무학봉상점가,144,67,77,0,22,29,34,37,22,0,4,10,14,22,17,0,18,19,20,15,5
2021,1,R,전통시장,2130064,금남시장,36,13,23,0,6,7,8,4,11,0,1,0,5,2,5,0,5,7,3,2,6
2021,1,R,전통시장,2130063,신금호역 골목형상점가,30,21,9,0,2,4,5,9,10,0,1,3,4,7,6,0,1,1,1,2,4
2021,1,R,전통시장,2130062,보광시장,31,12,19,0,0,6,10,13,2,0,0,3,4,4,1,0,0,3,6,9,1
2021,1,R,전통시장,2130061,이태원시장,32,20,12,0,18,3,4,6,1,0,12,1,3,3,1,0,6,2,1,3,0
2021,1,R,전통시장,2130060,신흥시장,4,1,3,0,0,2,0,2,0,0,0,1,0,0,0,0,0,1,0,2,0
2021,1,R,전통시장,2130059,후암시장,64,40,24,0,6,12,16,11,19,0,4,5,10,7,14,0,2,7,6,4,5
2021,1,R,전통시장,2130058,이촌종합시장,109,78,31,0,13,19,25,26,26,0,7,12,15,21,23,0,6,7,10,5,3
2021,1,R,전통시장,2130057,만리시장,12,9,3,0,0,2,1,4,5,0,0,1,1,3,4,0,0,1,0,1,1
2021,1,R,전통시장,2130056,용산용문시장,65,34,31,0,7,15,18,10,15,0,4,6,7,6,11,0,3,9,11,4,4
2021,1,R,전통시장,2130055,"황학시장(서울중앙시장, 신중앙시장)",203,117,86,0,24,49,47,52,31,0,12,25,24,32,24,0,12,24,23,20,7
2021,1,R,전통시장,2130054,황학동주방가구거리상점가,374,266,108,0,25,80,116,106,47,0,18,60,77,74,37,0,7,20,39,32,10
2021,1,R,전통시장,2130053,백학시장,160,69,91,0,22,24,46,37,31,0,8,8,20,15,18,0,14,16,26,22,13
2021,1,R,전통시장,2130052,서울중앙시장(신중앙시장),479,342,137,0,106,156,101,61,55,0,80,110,57,45,50,0,26,46,44,16,5
2021,1,R,전통시장,2130051,동화동 골목형상점가,391,156,235,1,82,94,98,66,50,1,18,25,43,36,33,0,64,69,55,30,17
2021,1,R,전통시장,2130050,청평화시장,120,50,70,1,18,26,31,29,15,1,9,13,5,15,7,0,9,13,26,14,8
2021,1,R,전통시장,2130049,신당 미래유산 먹거리 골목형상점가,42,19,23,0,3,5,9,13,12,0,1,3,0,7,8,0,2,2,9,6,4
2021,1,R,전통시장,2130048,동평화시장,18,9,9,0,7,8,0,3,0,0,3,4,0,2,0,0,4,4,0,1,0
2021,1,R,전통시장,2130047,테크노상가(엘리시움),160,112,48,0,10,26,34,61,29,0,5,20,21,42,24,0,5,6,13,19,5
2021,1,R,전통시장,2130046,team204(팀204),20,13,7,0,1,3,4,2,10,0,0,2,3,1,7,0,1,1,1,1,3
2021,1,R,전통시장,2130045,광희패션몰,49,29,20,0,1,5,11,17,15,0,0,2,7,11,9,0,1,3,4,6,6
2021,1,R,전통시장,2130044,에리어식스(벨포스트),10,2,8,1,0,2,3,3,1,1,0,1,0,0,0,0,0,1,3,3,1
2021,1,R,전통시장,2130043,제일평화시장,43,27,16,0,6,14,13,8,2,0,1,9,9,6,2,0,5,5,4,2,0
2021,1,R,전통시장,2130042,약수시장,158,67,91,2,36,30,40,21,29,2,9,9,19,8,20,0,27,21,21,13,9
2021,1,R,전통시장,2130041,신평화패션타운(청계6가 지하도상가),28,21,7,0,1,5,9,8,5,0,0,4,9,5,3,0,1,1,0,3,2
2021,1,R,전통시장,2130040,남평화시장,5,3,2,0,0,4,0,0,1,0,0,2,0,0,1,0,0,2,0,0,0
2021,1,R,전통시장,2130039,청계6가 지하도상가,36,26,10,0,1,1,7,6,21,0,1,1,5,5,14,0,0,0,2,1,7
2021,1,R,전통시장,2130038,"평화시장(통일상가, 동화상가)",930,630,300,3,110,293,273,172,79,0,61,165,211,134,59,3,49,128,62,38,20
2021,1,R,전통시장,2130036,중부시장(신중부시장),3089,921,2168,8,1868,593,250,198,172,3,316,189,171,120,122,5,1552,404,79,78,50
2021,1,R,전통시장,2130035,방산종합시장(방산시장),1190,736,454,1,96,200,284,312,297,0,56,117,154,191,218,1,40,83,130,121,79
2021,1,R,전통시장,2130034,필동 골목형상점가,14,7,7,0,2,4,5,2,1,0,1,2,2,2,0,0,1,2,3,0,1
2021,1,R,전통시장,2130033,대림상가(청계상가),169,121,48,0,7,29,54,39,40,0,3,19,35,30,34,0,4,10,19,9,6
2021,1,R,전통시장,2130032,인현시장,167,123,44,0,3,25,47,54,38,0,3,16,35,40,29,0,0,9,12,14,9
2021,1,R,전통시장,2130031,청계천공구상가,921,698,223,2,101,281,234,159,144,1,64,230,181,104,118,1,37,51,53,55,26
2021,1,R,전통시장,2130028,을지입구지하상가(을지로지하보도쇼핑센터),2,2,0,0,0,0,1,1,0,0,0,0,1,1,0,0,0,0,0,0,0
2021,1,R,전통시장,2130025,삼익패션타운(남대문시장),5494,2675,2819,69,1760,1561,1124,794,186,31,674,837,763,292,78,38,1086,724,361,502,108
2021,1,R,전통시장,2130024,남대문시장(자유상가),732,426,306,2,54,129,172,177,198,1,15,75,95,108,132,1,39,54,77,69,66
2021,1,R,전통시장,2130022,숭례문수입상가(남대문시장),1907,850,1057,0,330,855,598,113,11,0,55,378,338,70,9,0,275,477,260,43,2
2021,1,R,전통시장,2130021,신설종합시장,50,37,13,1,1,10,12,13,13,0,0,9,10,10,8,1,1,1,2,3,5
2021,1,R,전통시장,2130020,동묘시장(동묘벼룩시장),407,177,230,5,154,93,73,58,24,5,43,31,45,32,21,0,111,62,28,26,3
2021,1,R,전통시장,2130019,동대문상가D동,28,21,7,0,6,5,5,4,8,0,4,2,4,4,7,0,2,3,1,0,1
2021,1,R,전통시장,2130018,동대문문구완구거리(동대문문구완구시장),215,124,91,0,27,45,50,52,41,0,12,24,33,31,24,0,15,21,17,21,17
2021,1,R,전통시장,2130017,동대문상가C동,12,9,3,0,1,4,4,2,1,0,1,4,3,0,1,0,0,0,1,2,0
2021,1,R,전통시장,2130016,동대문상가B동,2,1,1,0,0,1,1,0,0,0,0,0,1,0,0,0,0,1,0,0,0
2021,1,R,전통시장,2130015,창신골목시장,22,12,10,0,0,2,8,9,3,0,0,2,6,2,2,0,0,0,2,7,1
2021,1,R,전통시장,2130014,동문시장,3,1,2,0,0,2,0,0,1,0,0,0,0,0,1,0,0,2,0,0,0
2021,1,R,전통시장,2130012,"동대문종합시장(동대문종합시장 신관, 동대문종합시장D동상가)",1319,965,354,2,156,325,348,339,149,0,116,251,238,247,113,2,40,74,110,92,36
2021,1,R,전통시장,2130011,충신시장,88,44,44,0,19,19,20,17,13,0,7,11,8,8,10,0,12,8,12,9,3
2021,1,R,전통시장,2130010,종로신진시장,200,113,87,0,20,29,55,48,48,0,14,17,24,26,32,0,6,12,31,22,16
2021,1,R,전통시장,2130009,마전교지하쇼핑센터(구 한일상가),24,16,8,0,0,2,3,7,12,0,0,2,2,4,8,0,0,0,1,3,4
2021,1,R,전통시장,2130007,광장시장(광장전통시장),466,310,156,0,39,77,97,129,124,0,22,41,73,77,97,0,17,36,24,52,27
2021,1,R,전통시장,2130005,세운상가가동,137,96,41,0,7,34,35,22,39,0,5,23,28,8,32,0,2,11,7,14,7
2021,1,R,전통시장,2130004,낙원시장(낙원지하시장(대일상가)),364,258,106,0,29,70,99,78,88,0,14,51,68,57,68,0,15,19,31,21,20
2021,1,R,전통시장,2130002,세종마을음식문화거리(금천교시장),564,392,172,4,56,109,120,121,154,0,26,74,75,90,127,4,30,35,45,31,27
2021,1,R,전통시장,2130001,통인시장,59,29,30,0,4,14,11,12,18,0,2,4,6,6,11,0,2,10,5,6,7
2021,1,D,발달상권,2120249,고덕역,1359,916,443,3,172,305,337,317,225,1,75,198,249,221,172,2,97,107,88,96,53
2021,1,D,발달상권,2120248,명일역,860,332,528,4,114,141,223,204,174,2,41,59,84,69,77,2,73,82,139,135,97
2021,1,D,발달상권,2120247,굽은다리역,565,307,258,4,91,118,142,102,108,1,37,76,71,55,67,3,54,42,71,47,41
2021,1,D,발달상권,2120246,길동역,3399,1536,1863,14,384,560,835,905,701,8,169,317,417,296,329,6,215,243,418,609,372
2021,1,D,발달상권,2120245,둔촌역,1884,1135,749,7,312,460,446,371,288,6,169,309,271,195,185,1,143,151,175,176,103
2021,1,D,발달상권,2120244,암사역,916,401,515,0,70,85,103,111,547,0,14,44,49,42,252,0,56,41,54,69,295
2021,1,D,발달상권,2120243,천호역,1353,629,724,6,186,250,315,291,305,2,63,108,142,123,191,4,123,142,173,168,114
2021,1,D,발달상권,2120242,강동구청역,4528,2937,1591,33,536,1064,1055,893,947,13,287,678,695,560,704,20,249,386,360,333,243
2021,1,D,발달상권,2120241,거여역,1197,650,547,5,110,221,296,277,288,2,80,152,161,83,172,3,30,69,135,194,116
2021,1,D,발달상권,2120240,개롱역,1609,1102,507,7,212,314,404,431,241,5,125,230,269,295,178,2,87,84,135,136,63
2021,1,D,발달상권,2120239,오금역,4700,3006,1694,17,851,1243,1186,911,492,11,456,826,848,495,370,6,395,417,338,416,122
2021,1,D,발달상권,2120238,방이역,412,251,161,4,47,97,113,76,75,3,22,45,60,57,64,1,25,52,53,19,11
2021,1,D,발달상권,2120237,경찰병원역,8608,5226,3382,58,1222,1655,1718,1449,2506,24,537,1057,1126,725,1757,34,685,598,592,724,749
2021,1,D,발달상권,2120236,장지역(가든파이브),4622,3221,1401,15,678,1056,1076,989,808,10,373,711,778,710,639,5,305,345,298,279,169
2021,1,D,발달상권,2120235,문정역,907,621,286,1,116,196,202,236,156,0,69,151,148,144,109,1,47,45,54,92,47
2021,1,D,발달상권,2120234,가락시장역,10268,6224,4044,11,1350,2490,2149,1678,2590,3,586,1468,1439,927,1801,8,764,1022,710,751,789
2021,1,D,발달상권,2120233,몽촌토성역,10357,5705,4652,28,1787,2711,2252,2152,1427,22,1123,1846,1193,782,739,6,664,865,1059,1370,688
2021,1,D,발달상권,2120232,송파나루역,1269,856,413,0,212,350,295,218,194,0,91,220,204,165,176,0,121,130,91,53,18
2021,1,D,발달상권,2120231,가락시장,5698,4083,1615,0,368,1051,1564,1654,1061,0,264,836,1185,1098,700,0,104,215,379,556,361
2021,1,D,발달상권,2120230,송파사거리(송파역),876,470,406,4,96,176,202,193,205,1,38,99,115,92,125,3,58,77,87,101,80
2021,1,D,발달상권,2120229,방이동먹자골목,7319,4732,2587,12,1062,2182,1915,1302,846,5,588,1347,1338,913,541,7,474,835,577,389,305
2021,1,D,발달상권,2120228,석촌역(석촌호수),4494,2725,1769,7,707,1306,1038,695,741,1,288,851,680,410,495,6,419,455,358,285,246
2021,1,D,발달상권,2120227,잠실역,45438,24212,21226,163,8139,11821,12755,11278,1282,51,3785,7433,7435,4548,960,112,4354,4388,5320,6730,322
2021,1,D,발달상권,2120226,석촌고분역,2408,1777,631,8,277,341,447,352,983,7,130,207,264,234,935,1,147,134,183,118,48
2021,1,D,발달상권,2120225,잠실새내역(신천),5750,3738,2012,25,929,1190,1248,1210,1148,3,467,728,831,853,856,22,462,462,417,357,292
2021,1,D,발달상권,2120224,수서역,12418,6339,6079,23,1900,3177,3167,2346,1805,12,860,1669,1497,1232,1069,11,1040,1508,1670,1114,736
2021,1,D,발달상권,2120223,휘문고교사거리,9166,5574,3592,20,1785,2926,2736,1401,298,4,1102,2061,1597,609,201,16,683,865,1139,792,97
2021,1,D,발달상권,2120222,삼성역,43324,24141,19183,244,8091,13641,10294,6385,4669,119,3186,7703,6883,3711,2539,125,4905,5938,3411,2674,2130
2021,1,D,발달상권,2120221,봉은사역,19513,12605,6908,22,4375,5782,3654,2813,2867,8,2402,4217,2849,1721,1408,14,1973,1565,805,1092,1459
2021,1,D,발달상권,2120220,대치역,5578,3302,2276,26,1841,2261,972,319,159,2,769,1465,717,225,124,24,1072,796,255,94,35
2021,1,D,발달상권,2120219,은마아파트,17161,5791,11370,202,3396,3816,3174,4058,2515,83,1254,1870,1373,817,394,119,2142,1946,1801,3241,2121
2021,1,D,발달상권,2120218,코엑스,290,54,236,0,116,103,58,13,0,0,13,16,16,9,0,0,103,87,42,4,0
2021,1,D,발달상권,2120217,대치사거리,2779,1478,1301,11,552,771,700,452,293,10,220,379,381,264,224,1,332,392,319,188,69
2021,1,D,발달상권,2120216,경기고교사거리(경기고교앞사거리),4934,3621,1313,8,712,1628,1666,772,148,5,291,1070,1431,703,121,3,421,558,235,69,27
2021,1,D,발달상권,2120215,포스코사거리,61656,40699,20957,170,9756,22505,18176,8404,2645,29,4305,14324,13853,6406,1782,141,5451,8181,4323,1998,863
2021,1,D,발달상권,2120214,영동대교남단교차로,3990,2902,1088,7,489,1173,1108,931,282,3,271,811,866,755,196,4,218,362,242,176,86
2021,1,D,발달상권,2120213,삼성중앙역,8472,5131,3341,50,1855,2469,1898,1065,1135,12,828,1511,1297,712,771,38,1027,958,601,353,364
2021,1,D,발달상권,2120212,한티역,713,378,335,1,115,178,190,137,92,1,36,85,116,78,62,0,79,93,74,59,30
2021,1,D,발달상권,2120211,도성초등학교,984,516,468,7,180,282,189,161,165,3,68,120,112,117,96,4,112,162,77,44,69
2021,1,D,발달상권,2120210,선릉역,48780,26797,21983,117,11358,13636,11065,7952,4652,54,5356,8026,6479,4158,2724,63,6002,5610,4586,3794,1928
2021,1,D,발달상권,2120209,"강남구청(청담역_8번, 강남세무서)",8984,2608,6376,34,2050,2683,2467,1170,580,9,538,752,537,393,379,25,1512,1931,1930,777,201
2021,1,D,발달상권,2120208,청담사거리(청담동명품거리),10577,4635,5942,38,3354,3776,2024,878,507,13,1031,1619,1113,501,358,25,2323,2157,911,377,149
2021,1,D,발달상권,2120207,선정릉역,12151,7422,4729,32,2685,4209,2741,1595,889,16,1111,2464,1939,1147,745,16,1574,1745,802,448,144
2021,1,D,발달상권,2120206,개나리아파트,5280,3376,1904,87,1661,1418,1095,666,353,27,868,957,784,463,277,60,793,461,311,203,76
2021,1,D,발달상권,2120205,매봉역,13950,9370,4580,95,2838,4203,3126,1781,1907,44,1450,2959,2521,1302,1094,51,1388,1244,605,479,813
2021,1,D,발달상권,2120204,르네상스호텔사거리,41471,20644,20827,102,8167,11056,10671,10081,1394,54,5016,7567,4988,2062,957,48,3151,3489,5683,8019,437
2021,1,D,발달상권,2120203,강남구청역,7726,4602,3124,27,1589,2070,1890,1381,769,8,650,1218,1293,882,551,19,939,852,597,499,218
2021,1,D,발달상권,2120202,압구정로데오역(압구정로데오),11735,6075,5660,41,2963,4419,2469,1425,418,11,793,2184,1593,1195,299,30,2170,2235,876,230,119
2021,1,D,발달상권,2120201,도곡1동,11559,6387,5172,116,3565,3472,2482,1299,625,31,1365,2021,1730,754,486,85,2200,1451,752,545,139
2021,1,D,발달상권,2120200,학동사거리,9363,3808,5555,26,2868,3075,1848,1005,541,9,654,1122,937,687,399,17,2214,1953,911,318,142
2021,1,D,발달상권,2120199,경복아파트교차로,3830,2283,1547,10,796,1196,781,572,475,4,317,721,498,390,353,6,479,475,283,182,122
2021,1,D,발달상권,2120198,구역삼세무서,11531,7246,4285,23,2691,3529,2889,1562,837,12,1141,2216,2115,1139,623,11,1550,1313,774,423,214
2021,1,D,발달상권,2120197,역삼역,58694,38567,20127,93,10088,18053,15887,10835,3738,43,5227,11916,11864,7079,2438,50,4861,6137,4023,3756,1300
2021,1,D,발달상권,2120196,서울세관,9687,5900,3787,15,1708,2897,2579,1614,874,2,604,1527,1719,1323,725,13,1104,1370,860,291,149
2021,1,D,발달상권,2120195,성수대교남단,5611,2685,2926,39,1393,2394,1102,426,257,15,487,1194,634,208,147,24,906,1200,468,218,110
2021,1,D,발달상권,2120194,언주역(차병원),12628,8724,3904,37,2790,4202,2802,1923,874,14,1366,2863,2239,1588,654,23,1424,1339,563,335,220
2021,1,D,발달상권,2120193,도산공원교차로,6384,3798,2586,15,1278,1918,1493,983,697,6,466,1071,1021,696,538,9,812,847,472,287,159
2021,1,D,발달상권,2120192,뱅뱅사거리,27462,18935,8527,73,5758,8273,6703,4372,2283,38,3280,5616,5106,3189,1706,35,2478,2657,1597,1183,577
2021,1,D,발달상권,2120191,학동역,13862,8102,5760,40,2889,3759,2967,1864,2343,17,1120,2144,2011,1130,1680,23,1769,1615,956,734,663
2021,1,D,발달상권,2120190,강남을지병원,11703,6183,5520,44,3417,3226,2498,1508,1010,14,1228,1648,1560,985,748,30,2189,1578,938,523,262
2021,1,D,발달상권,2120189,강남역,72613,38819,33794,234,17636,24305,18411,9151,2876,59,6629,13226,10962,5914,2029,175,11007,11079,7449,3237,847
2021,1,D,발달상권,2120188,압구정역,8579,3750,4829,134,2204,2146,1550,1314,1231,47,698,969,897,556,583,87,1506,1177,653,758,648
2021,1,D,발달상권,2120187,신논현역,13076,7778,5298,64,3624,3962,2984,1673,769,27,1516,2302,2121,1247,565,37,2108,1660,863,426,204
2021,1,D,발달상권,2120186,가로수길,6518,3580,2938,19,1316,2133,1570,895,585,5,447,1174,950,573,431,14,869,959,620,322,154
2021,1,D,발달상권,2120185,논현역,12764,7403,5361,29,2731,4125,3228,1879,772,10,1040,2435,2232,1195,491,19,1691,1690,996,684,281
2021,1,D,발달상권,2120184,포이사거리(삼호물산),10139,7003,3136,20,1553,3044,2666,1705,1151,10,846,2068,2010,1212,857,10,707,976,656,493,294
2021,1,D,발달상권,2120183,양재천카페거리,3558,2626,932,12,586,972,848,551,589,10,364,717,638,413,484,2,222,255,210,138,105
2021,1,D,발달상권,2120182,"양재시민의숲역(양재동꽃시장, aT센터)",6144,4255,1889,33,1041,1652,1482,1259,677,14,539,1144,1089,924,545,19,502,508,393,335,132
2021,1,D,발달상권,2120181,교육개발원입구사거리,7278,4440,2838,316,2978,1563,1247,730,444,145,1506,983,939,536,331,171,1472,580,308,194,113
2021,1,D,발달상권,2120180,양재화물트럭터미널앞,2562,2146,416,13,637,812,554,409,137,10,466,711,481,363,115,3,171,101,73,46,22
2021,1,D,발달상권,2120179,양재역,21445,16961,4484,59,3105,7307,5206,3969,1799,34,2177,6101,4309,3030,1310,25,928,1206,897,939,489
2021,1,D,발달상권,2120178,신사역,10933,5953,4980,34,2539,2847,2355,1810,1348,13,871,1570,1480,999,1020,21,1668,1277,875,811,328
2021,1,D,발달상권,2120177,신논현역 1번,694,436,258,1,84,187,202,143,77,0,34,111,130,106,55,1,50,76,72,37,22
2021,1,D,발달상권,2120176,논현역 4번,893,566,327,1,130,216,195,168,183,1,67,126,129,106,137,0,63,90,66,62,46
2021,1,D,발달상권,2120175,남부터미널역,8239,5313,2926,32,1702,2478,1995,1290,742,6,856,1691,1361,852,547,26,846,787,634,438,195
2021,1,D,발달상권,2120174,논현역 5번,682,380,302,6,108,196,155,95,122,4,39,108,90,59,80,2,69,88,65,36,42
2021,1,D,발달상권,2120173,교대역(법원.검찰청),18197,10449,7748,74,3267,5392,4725,3068,1671,29,1418,3003,2843,1896,1260,45,1849,2389,1882,1172,411
2021,1,D,발달상권,2120172,교대입구교차로,10241,5712,4529,53,2062,2700,2445,1945,1036,33,854,1635,1489,1004,697,20,1208,1065,956,941,339
2021,1,D,발달상권,2120171,서초3동사거리,11750,6206,5544,15,1990,3845,2551,1862,1487,6,827,1746,1496,1064,1067,9,1163,2099,1055,798,420
2021,1,D,발달상권,2120170,삼호가든사거리,2026,1161,865,8,279,587,623,346,183,7,113,333,412,168,128,1,166,254,211,178,55
2021,1,D,발달상권,2120169,서초역,15771,7185,8586,70,3824,4195,3945,2657,1080,30,1313,1990,1801,1235,816,40,2511,2205,2144,1422,264
2021,1,D,발달상권,2120168,서울고교교차로,569,378,191,1,58,166,147,103,94,0,28,98,107,78,67,1,30,68,40,25,27
2021,1,D,발달상권,2120167,고속터미널(고속터미널역),5078,2994,2084,6,600,1311,1087,924,1150,5,318,915,786,488,482,1,282,396,301,436,668
2021,1,D,발달상권,2120166,방배역,5467,3282,2185,90,1234,1594,1033,699,817,26,523,920,713,451,649,64,711,674,320,248,168
2021,1,D,발달상권,2120165,서래마을카페거리(서래마을),3467,2266,1201,11,605,1119,949,516,267,3,277,716,707,369,194,8,328,403,242,147,73
2021,1,D,발달상권,2120164,내방역,8574,5973,2601,56,1923,2821,1862,1128,784,48,1160,1998,1383,799,585,8,763,823,479,329,199
2021,1,D,발달상권,2120163,사당역 11번(사당역먹자골목),491,290,201,0,55,119,99,86,132,0,28,73,57,50,82,0,27,46,42,36,50
2021,1,D,발달상권,2120162,방배동카페골목,1253,717,536,61,207,200,219,215,351,57,126,142,110,93,189,4,81,58,109,122,162
2021,1,D,발달상권,2120161,방배동가구거리(사당동가구거리),2517,1833,684,3,187,342,315,347,1323,2,78,178,165,202,1208,1,109,164,150,145,115
2021,1,D,발달상권,2120160,사당역(사당),9153,4750,4403,14,1560,2594,2716,1534,735,4,617,1307,1324,997,501,10,943,1287,1392,537,234
2021,1,D,발달상권,2120159,서울대입구역,1430,763,667,12,289,320,321,238,250,6,116,164,174,133,170,6,173,156,147,105,80
2021,1,D,발달상권,2120158,녹두거리(대학동),695,550,145,2,31,73,200,279,110,0,7,41,163,241,98,2,24,32,37,38,12
2021,1,D,발달상권,2120157,신림역(신림),593,255,338,1,95,115,145,125,112,0,19,40,81,48,67,1,76,75,64,77,45
2021,1,D,발달상권,2120156,"총신대입구역(이수, 총신대)",3255,1425,1830,14,615,769,718,629,510,7,201,327,374,254,262,7,414,442,344,375,248
2021,1,D,발달상권,2120155,총신대학교,111,57,54,0,13,27,27,26,18,0,7,8,15,15,12,0,6,19,12,11,6
2021,1,D,발달상권,2120154,장승배기역,479,199,280,1,61,123,126,106,62,0,16,58,67,35,23,1,45,65,59,71,39
2021,1,D,발달상권,2120153,노량진역(노량진),3699,1844,1855,10,521,1209,935,690,334,2,193,496,461,465,227,8,328,713,474,225,107
2021,1,D,발달상권,2120152,신대방삼거리역,594,291,303,1,66,127,155,154,91,1,22,63,84,74,47,0,44,64,71,80,44
2021,1,D,발달상권,2120151,보라매공원,2417,1455,962,6,401,736,707,383,184,4,194,433,450,237,137,2,207,303,257,146,47
2021,1,D,발달상권,2120150,63빌딩,7632,4749,2883,29,989,1932,2741,1691,250,5,494,1296,1379,1422,153,24,495,636,1362,269,97
2021,1,D,발달상권,2120149,여의도역(여의도),69255,45888,23367,184,11383,22550,19240,12096,3802,34,5884,14085,14147,9350,2388,150,5499,8465,5093,2746,1414
2021,1,D,발달상권,2120148,국회의사당역(국회의사당),31135,19451,11684,82,6815,10231,7641,4493,1873,27,3082,6187,5424,3397,1334,55,3733,4044,2217,1096,539
2021,1,D,발달상권,2120147,보라매역,1981,1262,719,6,292,455,377,378,473,3,99,312,255,270,323,3,193,143,122,108,150
2021,1,D,발달상권,2120146,한강성심병원,5045,2866,2179,18,1237,1249,1097,821,623,8,395,663,729,584,487,10,842,586,368,237,136
2021,1,D,발달상권,2120145,영등포역(영등포),3856,1817,2039,22,673,1021,921,702,517,0,202,441,486,388,300,22,471,580,435,314,217
2021,1,D,발달상권,2120144,영중로,2015,1072,943,1,254,394,507,598,261,1,142,276,288,230,135,0,112,118,219,368,126
2021,1,D,발달상권,2120143,당산역,2723,2018,705,9,329,524,575,532,754,2,194,398,412,396,616,7,135,126,163,136,138
2021,1,D,발달상권,2120142,대림역,1559,847,712,2,235,282,348,386,306,0,69,145,190,230,213,2,166,137,158,156,93
2021,1,D,발달상권,2120141,영등포청과시장교차로,601,418,183,2,71,137,188,115,88,1,36,85,133,86,77,1,35,52,55,29,11
2021,1,D,발달상권,2120140,문래동주민센터,6162,3296,2866,22,1447,1840,1635,916,302,11,558,993,992,517,225,11,889,847,643,399,77
2021,1,D,발달상권,2120139,대림3동사거리,3619,2404,1215,14,423,867,992,727,596,5,220,632,783,462,302,9,203,235,209,265,294
2021,1,D,발달상권,2120138,당산2동(영등포우체국),2754,1653,1101,23,745,579,479,488,440,15,395,347,312,309,275,8,350,232,167,179,165
2021,1,D,발달상권,2120137,문래역(문래로데오거리),50,21,29,2,11,8,13,12,4,0,4,1,7,7,2,2,7,7,6,5,2
2021,1,D,발달상권,2120136,영등포구청역,6617,3299,3318,20,1193,1504,1423,1444,1033,12,575,848,775,592,497,8,618,656,648,852,536
2021,1,D,발달상권,2120135,양평역,5072,3013,2059,32,1300,1280,1187,776,497,11,626,825,676,441,434,21,674,455,511,335,63
2021,1,D,발달상권,2120134,구로전화국,2014,1668,346,0,107,157,172,223,1355,0,44,75,96,153,1300,0,63,82,76,70,55
2021,1,D,발달상권,2120133,서울시흥동우체국(홈플러스시흥점),142,55,87,1,14,22,27,42,36,1,5,10,12,11,16,0,9,12,15,31,20
2021,1,D,발달상권,2120132,독산동,4203,2884,1319,13,512,908,1016,1074,680,12,350,650,695,701,476,1,162,258,321,373,204
2021,1,D,발달상권,2120131,가산디지털단지,81100,53404,27696,289,16340,25683,20119,11582,7087,184,8639,17229,14518,7692,5142,105,7701,8454,5601,3890,1945
2021,1,D,발달상권,2120130,구로디지털단지역,1136,620,516,1,169,376,236,212,142,0,59,208,125,125,103,1,110,168,111,87,39
2021,1,D,발달상권,2120129,구로디지털단지,47750,31091,16659,195,10197,16227,12034,5678,3419,126,5117,10736,8454,3920,2738,69,5080,5491,3580,1758,681
2021,1,D,발달상권,2120128,신도림역,1253,656,597,7,191,318,382,243,112,1,75,153,191,149,87,6,116,165,191,94,25
2021,1,D,발달상권,2120127,구로구청,5918,3878,2040,6,614,1229,1440,1444,1185,5,365,976,1050,808,674,1,249,253,390,636,511
2021,1,D,발달상권,2120126,디지털단지오거리,135,86,49,0,11,30,48,26,20,0,2,16,38,15,15,0,9,14,10,11,5
2021,1,D,발달상권,2120125,구로역,9291,6324,2967,24,1029,2136,2412,2271,1419,12,581,1466,1596,1572,1097,12,448,670,816,699,322
2021,1,D,발달상권,2120124,개봉동 현대아파트,461,205,256,0,63,89,119,82,108,0,18,26,49,43,69,0,45,63,70,39,39
2021,1,D,발달상권,2120123,오류동역,2120,1645,475,1,313,413,505,594,294,0,276,331,389,425,224,1,37,82,116,169,70
2021,1,D,발달상권,2120122,강서구청,2137,1208,929,4,308,444,489,437,455,2,103,218,267,256,362,2,205,226,222,181,93
2021,1,D,발달상권,2120121,까치산역,344,135,209,2,49,40,67,101,85,2,12,14,27,41,39,0,37,26,40,60,46
2021,1,D,발달상권,2120120,화곡역,927,405,522,1,177,218,193,196,142,0,46,109,84,81,85,1,131,109,109,115,57
2021,1,D,발달상권,2120119,발산역(마곡),1427,686,741,2,184,339,416,350,136,1,54,148,211,174,98,1,130,191,205,176,38
2021,1,D,발달상권,2120117,강서농산물도매시장,430,263,167,0,12,60,121,145,92,0,9,46,75,82,51,0,3,14,46,63,41
2021,1,D,발달상권,2120116,송정역,117,64,53,0,17,27,28,20,25,0,9,11,15,10,19,0,8,16,13,10,6
2021,1,D,발달상권,2120114,목동신시가지,13614,9392,4222,46,2086,3824,3484,2915,1259,29,1130,2623,2555,2209,846,17,956,1201,929,706,413
2021,1,D,발달상권,2120113,오목교역,628,372,256,2,96,144,162,136,88,1,45,79,94,92,61,1,51,65,68,44,27
2021,1,D,발달상권,2120112,등촌역,1633,1138,495,10,223,388,373,358,281,6,100,270,265,265,232,4,123,118,108,93,49
2021,1,D,발달상권,2120111,목동사거리,1828,710,1118,1,551,601,341,219,115,0,101,248,161,116,84,1,450,353,180,103,31
2021,1,D,발달상권,2120110,목동역 8번출구,1858,1400,458,2,142,216,286,247,965,1,42,102,166,181,908,1,100,114,120,66,57
2021,1,D,발달상권,2120109,서울남부지방법원,608,342,266,2,56,104,110,170,166,1,18,40,50,104,129,1,38,64,60,66,37
2021,1,D,발달상권,2120108,신정네거리역,992,580,412,2,93,215,220,242,220,1,28,110,112,160,169,1,65,105,108,82,51
2021,1,D,발달상권,2120107,공덕역(공덕오거리),13077,7619,5458,43,2471,3470,3552,3026,515,9,1021,2002,2300,1900,387,34,1450,1468,1252,1126,128
2021,1,D,발달상권,2120106,마포역,11462,7104,4358,12,1804,2735,2677,2306,1928,8,917,1662,1889,1435,1193,4,887,1073,788,871,735
2021,1,D,발달상권,2120105,상수역(홍대),524,273,251,4,126,153,122,71,48,2,51,74,70,42,34,2,75,79,52,29,14
2021,1,D,발달상권,2120104,연남동(홍대),5955,3176,2779,20,1117,1491,1289,1103,935,12,428,824,772,620,520,8,689,667,517,483,415
2021,1,D,발달상권,2120103,홍대입구역(홍대),9580,5991,3589,87,2167,2434,2066,1613,1213,61,1145,1486,1404,988,907,26,1022,948,662,625,306
2021,1,D,발달상권,2120102,서교동(홍대),7276,3402,3874,18,1521,2551,1814,899,473,11,496,1065,913,566,351,7,1025,1486,901,333,122
2021,1,D,발달상권,2120101,합정역,1932,1048,884,2,302,520,515,399,194,2,89,236,312,266,143,0,213,284,203,133,51
2021,1,D,발달상권,2120100,망원역,900,436,464,3,192,236,215,153,101,1,49,107,117,103,59,2,143,129,98,50,42
2021,1,D,발달상권,2120099,월드컵경기장역(월드컵경기장),84,57,27,0,11,20,26,14,13,0,6,16,21,7,7,0,5,4,5,7,6
2021,1,D,발달상권,2120098,DMC(디지털미디어시티),8846,5391,3455,19,1691,3228,2856,875,177,11,813,1995,1821,616,135,8,878,1233,1035,259,42
2021,1,D,발달상권,2120097,충정로역,2246,1354,892,0,321,658,631,407,229,0,172,390,397,254,141,0,149,268,234,153,88
2021,1,D,발달상권,2120096,"이화여대(이대역, 이대)",470,195,275,1,79,135,125,79,51,0,27,51,46,38,33,1,52,84,79,41,18
2021,1,D,발달상권,2120095,홍제역,922,520,402,1,73,107,260,362,119,0,17,56,137,222,88,1,56,51,123,140,31
2021,1,D,발달상권,2120094,"신촌역(신촌역, 신촌로터리)",5355,2430,2925,67,2390,1192,681,594,431,23,999,589,299,279,241,44,1391,603,382,315,190
2021,1,D,발달상권,2120093,연희동,661,351,310,2,60,125,170,195,109,0,27,62,91,103,68,2,33,63,79,92,41
2021,1,D,발달상권,2120092,불광역,274,147,127,0,33,51,83,52,55,0,12,29,44,21,41,0,21,22,39,31,14
2021,1,D,발달상권,2120091,본서부병원,516,192,324,1,51,69,119,165,111,0,20,28,51,55,38,1,31,41,68,110,73
2021,1,D,발달상권,2120090,연신내역,687,262,425,5,180,133,134,129,106,1,64,55,49,45,48,4,116,78,85,84,58
2021,1,D,발달상권,2120089,구파발역,1,0,1,0,0,0,1,0,0,0,0,0,0,0,0,0,0,0,1,0,0
2021,1,D,발달상권,2120088,구산역,799,279,520,2,86,117,175,272,147,2,30,65,68,59,55,0,56,52,107,213,92
2021,1,D,발달상권,2120087,응암역,441,272,169,0,45,84,114,106,92,0,17,50,78,60,67,0,28,34,36,46,25
2021,1,D,발달상권,2120086,태릉입구역,382,205,177,0,42,78,82,102,78,0,24,43,35,49,54,0,18,35,47,53,24
2021,1,D,발달상권,2120085,은행사거리,317,121,196,4,51,48,80,78,56,3,11,14,21,40,32,1,40,34,59,38,24
2021,1,D,발달상권,2120084,공릉역,712,546,166,3,33,59,110,240,267,1,11,22,63,205,244,2,22,37,47,35,23
2021,1,D,발달상권,2120083,등나무근린공원,1184,787,397,0,166,325,271,283,139,0,114,228,171,179,95,0,52,97,100,104,44
2021,1,D,발달상권,2120082,상계백병원,426,148,278,0,85,102,118,82,39,0,21,24,39,43,21,0,64,78,79,39,18
2021,1,D,발달상권,2120081,노원역,1552,508,1044,9,369,295,343,307,229,2,66,87,125,121,107,7,303,208,218,186,122
2021,1,D,발달상권,2120080,마들역,180,46,134,0,30,45,46,36,23,0,2,7,9,13,15,0,28,38,37,23,8
2021,1,D,발달상권,2120079,창동역,1326,796,530,0,151,232,320,304,319,0,54,108,172,195,267,0,97,124,148,109,52
2021,1,D,발달상권,2120078,미아사거리역,145,90,55,0,27,29,29,31,29,0,12,17,21,18,22,0,15,12,8,13,7
2021,1,D,발달상권,2120077,미아역,218,97,121,0,32,37,52,64,33,0,11,8,18,38,22,0,21,29,34,26,11
2021,1,D,발달상권,2120076,수유역,1930,865,1065,7,241,303,422,465,492,4,62,102,176,240,281,3,179,201,246,225,211
2021,1,D,발달상권,2120075,월곡역,369,213,156,1,40,86,97,67,78,0,17,48,54,44,50,1,23,38,43,23,28
2021,1,D,발달상권,2120074,안암역,59,28,31,1,12,16,12,8,10,0,5,9,7,2,5,1,7,7,5,6,5
2021,1,D,발달상권,2120073,미아사거리,353,135,218,3,40,67,95,95,53,2,16,29,45,23,20,1,24,38,50,72,33
2021,1,D,발달상권,2120072,성신여대,1048,537,511,18,137,211,213,271,198,11,46,86,103,152,139,7,91,125,110,119,59
2021,1,D,발달상권,2120071,성북구청,255,127,128,0,36,55,64,62,38,0,14,22,38,31,22,0,22,33,26,31,16
2021,1,D,발달상권,2120070,한성대입구역,466,180,286,2,83,69,78,113,121,2,21,31,37,38,51,0,62,38,41,75,70
2021,1,D,발달상권,2120069,상봉역,932,597,335,6,147,258,263,151,107,4,102,158,163,99,71,2,45,100,100,52,36
2021,1,D,발달상권,2120068,사가정역,145,45,100,3,38,31,25,22,26,0,1,5,12,12,15,3,37,26,13,10,11
2021,1,D,발달상권,2120067,장안동사거리,2587,1169,1418,9,427,578,671,577,325,7,165,280,258,255,204,2,262,298,413,322,121
2021,1,D,발달상권,2120066,장한평역(장한평),7424,4770,2654,43,1531,1839,1491,1235,1285,10,739,1202,991,818,1010,33,792,637,500,417,275
2021,1,D,발달상권,2120065,회기역,326,207,119,3,48,55,89,76,55,1,27,39,49,49,42,2,21,16,40,27,13
2021,1,D,발달상권,2120064,경희대학교(경희대),97,44,53,0,14,27,21,13,22,0,9,13,10,4,8,0,5,14,11,9,14
2021,1,D,발달상권,2120063,청량리역(청량리),1182,514,668,3,225,221,239,246,248,2,66,86,89,116,155,1,159,135,150,130,93
2021,1,D,발달상권,2120062,신설동역,12641,5433,7208,13,1215,2605,3449,3480,1879,2,445,1435,1625,1123,803,11,770,1170,1824,2357,1076
2021,1,D,발달상권,2120061,올림픽대교북단,1094,864,230,1,228,403,324,95,43,0,165,326,290,55,28,1,63,77,34,40,15
2021,1,D,발달상권,2120060,강변역(테크노마트),3189,2348,841,12,402,686,870,703,516,2,209,509,686,549,393,10,193,177,184,154,123
2021,1,D,발달상권,2120059,구삼강변맛길,3279,1781,1498,6,431,676,555,747,864,4,244,472,367,322,372,2,187,204,188,425,492
2021,1,D,발달상권,2120058,구의사거리,688,333,355,2,92,158,174,181,81,1,33,79,80,77,63,1,59,79,94,104,18
2021,1,D,발달상권,2120057,아차산역,2218,1220,998,52,412,432,503,468,351,19,236,257,289,206,213,33,176,175,214,262,138
2021,1,D,발달상권,2120056,구의역,2200,1115,1085,7,350,431,596,491,325,6,119,173,290,313,214,1,231,258,306,178,111
2021,1,D,발달상권,2120055,군자역,4255,2030,2225,33,1138,780,911,991,402,23,548,430,436,330,263,10,590,350,475,661,139
2021,1,D,발달상권,2120054,어린이대공원역,1243,826,417,0,90,153,311,440,249,0,25,88,205,321,187,0,65,65,106,119,62
2021,1,D,발달상권,2120053,건대입구역(건대),859,491,368,5,147,141,172,187,207,2,40,61,95,130,163,3,107,80,77,57,44
2021,1,D,발달상권,2120052,성수역,11387,7284,4103,23,2113,2900,2661,2238,1452,12,1170,1971,1783,1298,1050,11,943,929,878,940,402
2021,1,D,발달상권,2120051,뚝섬역,3944,2582,1362,20,703,946,867,651,757,15,446,646,549,445,481,5,257,300,318,206,276
2021,1,D,발달상권,2120050,서울숲역,212,159,53,0,33,40,60,52,27,0,19,30,47,41,22,0,14,10,13,11,5
2021,1,D,발달상권,2120049,왕십리역(왕십리),1459,1004,455,1,183,301,377,468,129,1,92,187,272,371,81,0,91,114,105,97,48
2021,1,D,발달상권,2120048,금호역,80,31,49,0,16,10,18,24,12,0,2,2,6,13,8,0,14,8,12,11,4
2021,1,D,발달상권,2120047,한남오거리,2290,1458,832,11,366,751,623,343,196,9,152,461,438,249,149,2,214,290,185,94,47
2021,1,D,발달상권,2120046,이태원(이태원역),2276,1295,981,24,817,682,338,220,195,15,389,421,205,134,131,9,428,261,133,86,64
2021,1,D,발달상권,2120045,남영동 먹자골목,4044,1580,2464,7,424,908,1421,1162,122,1,257,576,502,205,39,6,167,332,919,957,83
2021,1,D,발달상권,2120044,삼각지역,1611,1164,447,5,313,408,385,330,170,5,185,303,315,234,122,0,128,105,70,96,48
2021,1,D,발달상권,2120043,서울역,22578,15322,7256,58,4087,7782,5513,3664,1474,27,2087,4897,4201,3033,1077,31,2000,2885,1312,631,397
2021,1,D,발달상권,2120042,"숙대입구역(남영역, 남영동)",4057,2797,1260,20,750,1490,1024,558,215,8,370,894,831,510,184,12,380,596,193,48,31
2021,1,D,발달상권,2120041,신용산역(용산역),16270,5741,10529,72,4012,5520,4509,1569,588,25,1308,1921,1510,595,382,47,2704,3599,2999,974,206
2021,1,D,발달상권,2120040,용산전자상가(용산역),8014,5960,2054,43,1390,2727,2224,1236,394,30,882,2007,1729,997,315,13,508,720,495,239,79
2021,1,D,발달상권,2120039,신당역,2321,1230,1091,31,793,486,404,333,274,11,347,244,225,219,184,20,446,242,179,114,90
2021,1,D,발달상권,2120038,약수역,2289,1360,929,7,436,739,579,320,208,1,189,451,383,195,141,6,247,288,196,125,67
2021,1,D,발달상권,2120037,동대문역사문화공원역,35320,17057,18263,421,11234,9194,6981,5237,2253,180,5605,5543,3901,1328,500,241,5629,3651,3080,3909,1753
2021,1,D,발달상권,2120036,장충동족발거리(남소영길),2289,1090,1199,14,616,783,556,223,97,0,122,393,365,155,55,14,494,390,191,68,42
2021,1,D,발달상권,2120035,퇴계로5가,2257,1368,889,7,650,570,525,321,184,3,282,379,388,200,116,4,368,191,137,121,68
2021,1,D,발달상권,2120034,중구청(퇴계로4가),1538,1044,494,7,107,227,400,437,360,5,47,128,262,325,277,2,60,99,138,112,83
2021,1,D,발달상권,2120033,을지로4가역,874,443,431,7,128,213,194,204,128,1,45,108,99,91,99,6,83,105,95,113,29
2021,1,D,발달상권,2120032,충무로역,11403,5304,6099,36,1756,2560,3266,2711,1074,15,589,1271,1554,1201,674,21,1167,1289,1712,1510,400
2021,1,D,발달상권,2120031,을지로3가역,6147,3450,2697,9,699,1541,1643,1286,969,0,223,730,924,892,681,9,476,811,719,394,288
2021,1,D,발달상권,2120030,중부경찰서(영화인의거리),11889,6798,5091,53,2154,3638,3423,1960,661,16,721,2139,2092,1366,464,37,1433,1499,1331,594,197
2021,1,D,발달상권,2120029,을지로2가,7461,4461,3000,27,1938,2808,1698,798,192,7,787,1650,1165,693,159,20,1151,1158,533,105,33
2021,1,D,발달상권,2120028,명동(명동거리),12797,7708,5089,41,2137,3592,3670,2246,1111,16,1028,1982,2334,1641,707,25,1109,1610,1336,605,404
2021,1,D,발달상권,2120027,명동역(명동재미로),18097,8477,9620,67,2695,5851,6070,3074,340,9,859,2588,2522,2321,178,58,1836,3263,3548,753,162
2021,1,D,발달상권,2120026,을지로입구역,30610,18501,12109,14,4275,11589,8473,5661,598,4,1729,5846,5959,4562,401,10,2546,5743,2514,1099,197
2021,1,D,발달상권,2120025,롯데백화점(시청광장 지하쇼핑센터),22641,6272,16369,229,12750,7002,1623,944,93,71,3075,2028,779,248,71,158,9675,4974,844,696,22
2021,1,D,발달상권,2120024,회현역,2167,1364,803,2,341,795,582,250,197,1,146,473,416,192,136,1,195,322,166,58,61
2021,1,D,발달상권,2120023,서울시청,10242,5534,4708,15,2234,3260,2778,1425,530,4,852,1657,1658,983,380,11,1382,1603,1120,442,150
2021,1,D,발달상권,2120022,북창동(시청역_6번),5197,3160,2037,24,1010,1611,1149,767,636,2,391,936,852,543,436,22,619,675,297,224,200
2021,1,D,발달상권,2120021,시청역_8번,24117,15220,8897,74,4137,8250,7186,3526,944,13,1738,4529,5241,3020,679,61,2399,3721,1945,506,265
2021,1,D,발달상권,2120020,시청역_1번,10375,7489,2886,40,2120,3185,2952,1721,357,21,1118,2220,2480,1370,280,19,1002,965,472,351,77
2021,1,D,발달상권,2120019,경찰청앞교차로,5958,3146,2812,26,1051,2221,1625,793,242,8,274,1044,982,619,219,18,777,1177,643,174,23
2021,1,D,발달상권,2120018,중림동,2187,1366,821,2,393,736,598,293,165,2,207,425,357,237,138,0,186,311,241,56,27
2021,1,D,발달상권,2120017,동묘앞역(동묘),626,149,477,0,62,124,251,120,69,0,7,33,35,27,47,0,55,91,216,93,22
2021,1,D,발달상권,2120016,동대문역,193,120,73,1,10,27,45,44,66,0,6,14,20,31,49,1,4,13,25,13,17
2021,1,D,발달상권,2120015,종로6가,302,153,149,0,49,64,69,65,55,0,17,23,27,42,44,0,32,41,42,23,11
2021,1,D,발달상권,2120014,종로5가역,4887,2839,2048,375,1123,1351,1205,597,236,112,456,860,851,397,163,263,667,491,354,200,73
2021,1,D,발달상권,2120013,이화사거리,7552,5465,2087,8,1309,2510,2065,1290,370,1,628,1731,1677,1167,261,7,681,779,388,123,109
2021,1,D,발달상권,2120012,대학로(혜화역),2061,929,1132,10,357,603,507,318,266,5,105,208,252,171,188,5,252,395,255,147,78
2021,1,D,발달상권,2120011,종로4가,2980,1663,1317,5,420,1022,880,514,139,0,165,497,518,378,105,5,255,525,362,136,34
2021,1,D,발달상권,2120010,원남동사거리,4107,2297,1810,50,1544,1305,655,383,170,2,585,793,487,297,133,48,959,512,168,86,37
2021,1,D,발달상권,2120009,종로3가역,8495,4786,3709,19,1355,2296,2026,1582,1217,8,563,1230,1198,953,834,11,792,1066,828,629,383
2021,1,D,발달상권,2120008,인사동,22070,13019,9051,1263,7895,5069,3940,2756,1147,589,4005,3077,2666,2006,676,674,3890,1992,1274,750,471
2021,1,D,발달상권,2120007,북촌(안국역),10172,8081,2091,7,1112,3577,3084,1913,479,5,623,2851,2568,1659,375,2,489,726,516,254,104
2021,1,D,발달상권,2120006,종각역,33181,16028,17153,59,5900,11133,9928,5489,672,14,2254,4920,4677,3672,491,45,3646,6213,5251,1817,181
2021,1,D,발달상권,2120005,삼청동,3053,2795,258,1,399,712,898,817,226,0,340,633,848,776,198,1,59,79,50,41,28
2021,1,D,발달상권,2120004,종로구청,12937,7078,5859,9,1442,4392,4485,2080,529,4,432,2050,2756,1493,343,5,1010,2342,1729,587,186
2021,1,D,발달상권,2120003,광화문역,44202,27021,17181,79,6413,12958,13138,8070,3544,12,2655,7612,8988,5645,2109,67,3758,5346,4150,2425,1435
2021,1,D,발달상권,2120002,서촌(경복궁역),2008,1079,929,37,492,680,426,224,149,0,190,388,263,133,105,37,302,292,163,91,44
2021,1,D,발달상권,2120001,서대문역,1510,1022,488,1,265,530,359,278,77,1,106,344,272,237,62,0,159,186,87,41,15
2021,1,A,골목상권,2111090,강일동주민센터,91,35,56,0,15,30,23,17,6,0,1,10,10,10,4,0,14,20,13,7,2
2021,1,A,골목상권,2111089,상일여고(상일초등학교),758,508,250,0,51,131,184,236,156,0,32,81,128,155,112,0,19,50,56,81,44
2021,1,A,골목상권,2111088,고덕동성당,123,54,69,0,15,32,32,31,13,0,4,15,10,15,10,0,11,17,22,16,3
2021,1,A,골목상권,2111087,고덕중학교(고덕2동주민센터),197,89,108,0,26,46,62,36,27,0,5,21,26,17,20,0,21,25,36,19,7
2021,1,A,골목상권,2111086,한영중고,297,202,95,1,27,45,73,101,50,1,17,22,52,69,41,0,10,23,21,32,9
2021,1,A,골목상권,2111085,묘곡초등학교(고덕아이파크아파트),800,452,348,0,68,111,152,196,273,0,35,72,80,84,181,0,33,39,72,112,92
2021,1,A,골목상권,2111084,길동신동아아파트,169,104,65,2,27,32,37,58,13,2,21,23,24,25,9,0,6,9,13,33,4
2021,1,A,골목상권,2111083,GS강동자이아파트,411,245,166,0,67,62,70,100,112,0,47,43,41,44,70,0,20,19,29,56,42
2021,1,A,골목상권,2111082,중앙보훈병원,64,44,20,0,3,9,11,23,18,0,1,3,5,18,17,0,2,6,6,5,1
2021,1,A,골목상권,2111081,둔촌푸르지오아파트,78,50,28,0,8,17,18,18,17,0,4,12,13,6,15,0,4,5,5,12,2
2021,1,A,골목상권,2111080,굽은다리역 3번,434,235,199,0,44,77,100,110,103,0,12,52,63,58,50,0,32,25,37,52,53
2021,1,A,골목상권,2111079,둔촌고등학교(둔촌중학교),395,202,193,1,52,59,66,79,138,1,32,35,35,28,71,0,20,24,31,51,67
2021,1,A,골목상권,2111078,굽은다리역 4번,1728,1017,711,1,135,299,374,480,439,1,75,185,212,270,274,0,60,114,162,210,165
2021,1,A,골목상권,2111077,길동주민센터(강동도서관),1272,737,535,4,121,258,294,321,274,1,49,138,167,188,194,3,72,120,127,133,80
2021,1,A,골목상권,2111076,둔촌2동주민센터,297,174,123,0,25,49,61,86,76,0,14,24,34,39,63,0,11,25,27,47,13
2021,1,A,골목상권,2111075,굽은다리역 2번,192,115,77,0,14,42,52,54,30,0,14,28,24,33,16,0,0,14,28,21,14
2021,1,A,골목상권,2111074,명일역 1번,148,77,71,2,31,38,40,16,21,1,9,23,23,10,11,1,22,15,17,6,10
2021,1,A,골목상권,2111073,둔촌동역 1번(한산중학교),973,578,395,1,134,224,250,206,158,1,58,122,160,124,113,0,76,102,90,82,45
2021,1,A,골목상권,2111072,굽은다리역 1번(십자성마을),739,467,272,1,56,119,199,185,179,0,18,70,114,126,139,1,38,49,85,59,40
2021,1,A,골목상권,2111071,천동초등학교,76,52,24,0,4,15,21,25,11,0,4,6,18,16,8,0,0,9,3,9,3
2021,1,A,골목상권,2111070,천호초등학교,127,73,54,1,7,23,40,28,28,0,3,10,23,17,20,1,4,13,17,11,8
2021,1,A,골목상권,2111069,천호1동주민센터,79,54,25,0,8,17,17,26,11,0,4,12,14,14,10,0,4,5,3,12,1
2021,1,A,골목상권,2111068,강동성심병원,1570,605,965,0,532,392,271,203,172,0,126,134,114,101,130,0,406,258,157,102,42
2021,1,A,골목상권,2111067,강동구립성내도서관,746,414,332,2,73,149,192,177,153,1,36,98,107,84,88,1,37,51,85,93,65
2021,1,A,골목상권,2111066,암사동성당(효정하나플러스아파트),395,235,160,3,40,95,100,106,51,0,9,46,65,84,31,3,31,49,35,22,20
2021,1,A,골목상권,2111065,천일초등학교,75,34,41,2,6,20,18,22,7,2,5,10,7,5,5,0,1,10,11,17,2
2021,1,A,골목상권,2111064,둔촌동역 4번,157,98,59,0,13,34,47,40,23,0,3,21,30,28,16,0,10,13,17,12,7
2021,1,A,골목상권,2111063,강동구립 천호도서관,368,182,186,0,25,44,81,85,133,0,5,15,21,30,111,0,20,29,60,55,22
2021,1,A,골목상권,2111062,둔촌동역 3번(성내3동주민센터),751,501,250,5,134,198,194,144,76,5,81,139,126,91,59,0,53,59,68,53,17
2021,1,A,골목상권,2111061,암사역 1번,831,551,280,0,149,186,182,170,144,0,82,128,126,125,90,0,67,58,56,45,54
2021,1,A,골목상권,2111060,암사역 2번(서울강동초등학교),871,457,414,1,101,210,241,202,116,1,41,96,131,107,81,0,60,114,110,95,35
2021,1,A,골목상권,2111059,강동역 4번(강풀만화거리),819,430,389,3,90,160,193,170,203,1,48,75,93,94,119,2,42,85,100,76,84
2021,1,A,골목상권,2111058,성내중학교,451,317,134,0,51,92,129,121,58,0,37,63,90,82,45,0,14,29,39,39,13
2021,1,A,골목상권,2111057,천호공원(해공체육문화센터),255,113,142,2,53,50,64,61,25,2,15,19,30,33,14,0,38,31,34,28,11
2021,1,A,골목상권,2111056,천호태영아파트,191,53,138,0,27,35,64,36,29,0,4,5,19,15,10,0,23,30,45,21,19
2021,1,A,골목상권,2111055,선사초등학교,673,29,644,0,14,28,137,373,121,0,4,7,8,6,4,0,10,21,129,367,117
2021,1,A,골목상권,2111054,암사역 4번(삼성광나루아파트),104,42,62,0,14,18,19,12,41,0,4,12,7,5,14,0,10,6,12,7,27
2021,1,A,골목상권,2111053,성내천어린이공원(하니사랑길),6288,4564,1724,6,799,940,1025,1564,1954,3,542,693,750,1053,1523,3,257,247,275,511,431
2021,1,A,골목상권,2111052,암사역 3번(천호동자전거거리),357,228,129,1,26,71,117,94,48,1,11,47,76,58,35,0,15,24,41,36,13
2021,1,A,골목상권,2111051,천호역 6번,407,252,155,2,65,80,90,88,82,1,44,56,58,47,46,1,21,24,32,41,36
2021,1,A,골목상권,2111050,강동구청(강동구청역 2번),131,96,35,0,21,14,21,32,43,0,12,5,12,27,40,0,9,9,9,5,3
2021,1,A,골목상권,2111049,천호지구대(천호동자전거거리),507,277,230,2,75,90,96,118,126,0,36,50,40,68,83,2,39,40,56,50,43
2021,1,A,골목상권,2111048,천호역 1번(천호문구완구거리),189,104,85,3,18,52,45,45,26,2,10,24,26,25,17,1,8,28,19,20,9
2021,1,A,골목상권,2111047,마천1치안센터,111,73,38,0,9,17,34,34,17,0,6,14,19,22,12,0,3,3,15,12,5
2021,1,A,골목상권,2111046,마천역(마천초등학교),705,400,305,2,76,145,170,193,119,1,47,85,83,94,90,1,29,60,87,99,29
2021,1,A,골목상권,2111045,개미어린이공원,36,18,18,0,2,7,12,12,3,0,1,1,7,7,2,0,1,6,5,5,1
2021,1,A,골목상권,2111044,남천초등학교,557,264,293,1,95,146,167,113,35,0,35,71,76,56,26,1,60,75,91,57,9
2021,1,A,골목상권,2111043,마천공원,32,13,19,0,1,3,7,12,9,0,0,0,1,6,6,0,1,3,6,6,3
2021,1,A,골목상권,2111042,거여역 1번(거여공원),867,597,270,3,147,186,247,200,84,3,121,134,159,130,50,0,26,52,88,70,34
2021,1,A,골목상권,2111041,거여역 8번,428,350,78,1,102,124,87,64,50,1,84,98,72,51,44,0,18,26,15,13,6
2021,1,A,골목상권,2111040,거여초등학교,346,137,209,0,26,86,124,77,33,0,9,27,48,30,23,0,17,59,76,47,10
2021,1,A,골목상권,2111039,벌말어린이공원,485,353,132,8,85,125,121,94,52,8,51,89,88,72,45,0,34,36,33,22,7
2021,1,A,골목상권,2111038,보인중학교,416,270,146,0,26,66,113,123,88,0,11,38,85,88,48,0,15,28,28,35,40
2021,1,A,골목상권,2111037,Sh수협은행 오금동금융센터(아랫말어린이공원),373,243,130,0,37,103,90,93,50,0,25,84,60,43,31,0,12,19,30,50,19
2021,1,A,골목상권,2111036,투구봉어린이공원,209,119,90,1,22,40,55,62,29,1,7,20,26,39,26,0,15,20,29,23,3
2021,1,A,골목상권,2111035,오금공원(오주중학교),531,398,133,0,41,90,148,148,104,0,32,66,121,102,77,0,9,24,27,46,27
2021,1,A,골목상권,2111034,오동나무공원(송파레미니스1단지),1443,1020,423,3,244,367,352,318,159,3,155,253,264,223,122,0,89,114,88,95,37
2021,1,A,골목상권,2111033,문정동성당,70,30,40,0,5,4,16,16,29,0,2,3,8,9,8,0,3,1,8,7,21
2021,1,A,골목상권,2111032,방이역 1번,3885,2552,1333,4,235,340,605,719,1982,3,139,237,411,469,1293,1,96,103,194,250,689
2021,1,A,골목상권,2111031,장지동주민센터(한림연예예술고교),3127,2317,810,8,263,415,651,857,933,2,170,330,497,648,670,6,93,85,154,209,263
2021,1,A,골목상권,2111030,방이역 2번,665,419,246,1,57,107,147,217,136,0,28,68,94,128,101,1,29,39,53,89,35
2021,1,A,골목상권,2111029,오금역 4번,427,314,113,3,71,108,91,79,75,1,51,81,67,55,59,2,20,27,24,24,16
2021,1,A,골목상권,2111028,문현중학교(장지역 1번),424,194,230,0,54,66,132,116,56,0,29,36,49,50,30,0,25,30,83,66,26
2021,1,A,골목상권,2111027,문정초등학교,1403,775,628,3,148,289,326,247,390,1,67,160,211,126,210,2,81,129,115,121,180
2021,1,A,골목상권,2111026,문정역 2번,2304,1506,798,7,431,634,546,428,258,3,236,427,385,239,216,4,195,207,161,189,42
2021,1,A,골목상권,2111025,경찰병원역 3번,686,412,274,1,84,164,149,157,131,0,45,102,103,88,74,1,39,62,46,69,57
2021,1,A,골목상권,2111024,경찰병원역 4번(건너말공원),240,150,90,0,27,53,63,68,29,0,16,33,45,35,21,0,11,20,18,33,8
2021,1,A,골목상권,2111023,문정역 1번,939,576,363,2,133,202,263,204,135,0,86,139,184,100,67,2,47,63,79,104,68
2021,1,A,골목상권,2111022,석촌중학교(방이육교),567,255,312,1,48,105,141,206,66,0,28,66,72,57,32,1,20,39,69,149,34
2021,1,A,골목상권,2111021,방이역 4번,7674,5867,1807,22,792,1328,1977,2139,1416,15,392,911,1551,1769,1229,7,400,417,426,370,187
2021,1,A,골목상권,2111020,방이동고분군(방산고등학교),304,225,79,1,20,103,84,54,42,0,7,73,64,48,33,1,13,30,20,6,9
2021,1,A,골목상권,2111019,한성백제역 3번,1524,1000,524,2,207,448,428,254,185,2,103,303,300,164,128,0,104,145,128,90,57
2021,1,A,골목상권,2111018,풍납초등학교(풍납백제문화공원),26,23,3,0,1,5,10,6,4,0,1,4,8,6,4,0,0,1,2,0,0
2021,1,A,골목상권,2111017,송파나루역 3번,688,480,208,5,317,167,84,70,45,4,217,116,53,50,40,1,100,51,31,20,5
2021,1,A,골목상권,2111016,송파역 2번,3803,1601,2202,15,1126,1104,801,601,156,8,407,533,427,165,61,7,719,571,374,436,95
2021,1,A,골목상권,2111015,석촌역 3번,1352,778,574,1,151,315,350,351,184,1,72,199,216,181,109,0,79,116,134,170,75
2021,1,A,골목상권,2111014,송파나루역 2번,525,275,250,1,43,76,121,190,94,0,21,42,69,83,60,1,22,34,52,107,34
2021,1,A,골목상권,2111013,송파나루역 1번(송리단길),2234,1456,778,8,320,568,650,435,253,3,160,384,445,290,174,5,160,184,205,145,79
2021,1,A,골목상권,2111012,석촌역 6번,732,332,400,2,91,127,180,183,149,2,23,56,83,93,75,0,68,71,97,90,74
2021,1,A,골목상권,2111011,잠실나루역,9608,7747,1861,42,1275,3018,2795,2046,432,18,924,2492,2309,1674,330,24,351,526,486,372,102
2021,1,A,골목상권,2111010,석촌역 7번,1428,975,453,3,162,289,351,325,298,1,88,176,244,224,242,2,74,113,107,101,56
2021,1,A,골목상권,2111009,송파책박물관,127,92,35,1,13,38,27,22,26,0,11,32,17,14,18,1,2,6,10,8,8
2021,1,A,골목상권,2111008,석촌고분역 3번,1600,1210,390,1,185,292,294,400,428,1,151,243,216,259,340,0,34,49,78,141,88
2021,1,A,골목상권,2111007,석촌고분역 4번,936,480,456,0,107,215,255,242,117,0,43,116,142,109,70,0,64,99,113,133,47
2021,1,A,골목상권,2111006,석촌고분역 1번,1112,721,391,0,127,292,337,203,153,0,56,169,242,135,119,0,71,123,95,68,34
2021,1,A,골목상권,2111005,삼전역 3번,1865,1358,507,0,320,617,459,302,167,0,215,449,339,222,133,0,105,168,120,80,34
2021,1,A,골목상권,2111004,삼전역 1번,2036,1331,705,13,263,407,504,376,473,0,108,261,337,239,386,13,155,146,167,137,87
2021,1,A,골목상권,2111003,삼전역 4번,1991,1333,658,6,249,412,547,436,341,1,160,278,331,307,256,5,89,134,216,129,85
2021,1,A,골목상권,2111002,한국교통안전공단 강남자동차검사소,317,115,202,0,22,63,65,96,71,0,7,31,21,26,30,0,15,32,44,70,41
2021,1,A,골목상권,2111001,아래방죽마을공원(율현초등학교),70,44,26,0,2,10,16,22,20,0,1,7,13,13,10,0,1,3,3,9,10
2021,1,A,골목상권,2111000,대왕초등학교(세곡동사거리서남측),39,20,19,0,7,10,12,8,2,0,0,4,10,4,2,0,7,6,2,4,0
2021,1,A,골목상권,2110999,윗방죽마을공원,268,130,138,2,19,43,44,83,77,1,12,27,27,39,24,1,7,16,17,44,53
2021,1,A,골목상권,2110998,은곡마을(은곡마을공원),23,15,8,0,2,8,6,5,2,0,0,4,5,5,1,0,2,4,1,0,1
2021,1,A,골목상권,2110997,대청초등학교,1724,959,765,4,230,291,391,383,425,2,111,162,200,210,274,2,119,129,191,173,151
2021,1,A,골목상권,2110996,대치2동주민센터,1959,1227,732,2,83,278,351,342,903,0,48,209,277,247,446,2,35,69,74,95,457
2021,1,A,골목상권,2110995,봉은사역 4번,5085,3711,1374,9,978,2002,1271,637,188,2,575,1477,990,523,144,7,403,525,281,114,44
2021,1,A,골목상권,2110994,개포고등학교,494,382,112,7,65,161,123,110,28,4,47,134,103,73,21,3,18,27,20,37,7
2021,1,A,골목상권,2110993,개포지하차도 북측,70,53,17,0,3,9,19,23,16,0,2,7,16,18,10,0,1,2,3,5,6
2021,1,A,골목상권,2110992,도곡초등학교,2179,1144,1035,3,269,440,484,524,459,1,108,253,258,260,264,2,161,187,226,264,195
2021,1,A,골목상권,2110991,삼성중앙역 5번,1246,794,452,1,111,415,339,275,105,1,28,243,229,216,77,0,83,172,110,59,28
2021,1,A,골목상권,2110990,청담역 12번,262,109,153,2,61,92,56,36,15,0,12,32,29,23,13,2,49,60,27,13,2
2021,1,A,골목상권,2110989,대치동아우편취급국,444,270,174,9,90,148,75,68,54,0,43,102,43,44,38,9,47,46,32,24,16
2021,1,A,골목상권,2110988,청담역 3번,1594,1016,578,1,243,425,364,346,215,1,82,247,247,262,177,0,161,178,117,84,38
2021,1,A,골목상권,2110987,영동대교남단,473,237,236,2,91,86,93,107,94,1,46,51,44,40,55,1,45,35,49,67,39
2021,1,A,골목상권,2110986,삼성중앙역 7번,90,59,31,0,9,18,36,19,8,0,3,6,29,15,6,0,6,12,7,4,2
2021,1,A,골목상권,2110985,청담근린공원,1338,948,390,0,193,447,374,226,98,0,98,346,275,157,72,0,95,101,99,69,26
2021,1,A,골목상권,2110984,포이초등학교(개포목련어린이공원),1556,1046,510,2,236,342,331,306,339,0,140,241,211,199,255,2,96,101,120,107,84
2021,1,A,골목상권,2110983,국립국악고등학교,783,534,249,6,126,212,125,145,169,2,44,137,94,111,146,4,82,75,31,34,23
2021,1,A,골목상권,2110982,강남구보훈회관,166,74,92,0,31,34,41,41,19,0,7,13,25,14,15,0,24,21,16,27,4
2021,1,A,골목상권,2110981,국악고교사거리,361,216,145,2,57,77,110,81,34,0,27,36,72,56,25,2,30,41,38,25,9
2021,1,A,골목상권,2110980,개포지구대옆,663,482,181,0,90,198,202,111,62,0,45,142,168,72,55,0,45,56,34,39,7
2021,1,A,골목상권,2110979,청담초등학교,2996,1912,1084,4,522,922,768,567,213,4,228,628,535,343,174,0,294,294,233,224,39
2021,1,A,골목상권,2110978,도곡2동주민센터(대치중학교),331,186,145,0,46,70,72,114,29,0,20,41,47,62,16,0,26,29,25,52,13
2021,1,A,골목상권,2110977,논현로18길,148,102,46,0,22,32,45,29,20,0,14,20,33,20,15,0,8,12,12,9,5
2021,1,A,골목상권,2110976,언북초등학교,578,332,246,1,111,188,126,86,66,0,41,115,83,49,44,1,70,73,43,37,22
2021,1,A,골목상권,2110975,매봉역 1번,10837,6932,3905,34,2175,2199,3202,3019,208,21,1010,1161,2184,2402,154,13,1165,1038,1018,617,54
2021,1,A,골목상권,2110974,언주중학교,292,179,113,3,60,72,89,44,24,3,27,43,62,28,16,0,33,29,27,16,8
2021,1,A,골목상권,2110973,강남구청역 4번,1451,786,665,4,275,333,289,271,279,1,146,203,162,130,144,3,129,130,127,141,135
2021,1,A,골목상권,2110972,강남세브란스병원미래의학연구센터,2628,1440,1188,17,539,669,692,581,130,4,240,428,438,258,72,13,299,241,254,323,58
2021,1,A,골목상권,2110971,선정릉역 4번,1542,900,642,11,278,455,380,254,164,6,140,270,245,120,119,5,138,185,135,134,45
2021,1,A,골목상권,2110970,학동초등학교,378,236,142,1,66,98,102,65,46,0,27,49,66,57,37,1,39,49,36,8,9
2021,1,A,골목상권,2110969,베르사이유1아파트,1546,1230,316,4,231,442,483,285,101,2,165,345,402,239,77,2,66,97,81,46,24
2021,1,A,골목상권,2110968,강남구청역 2번,1023,596,427,7,327,204,133,121,231,4,177,117,81,68,149,3,150,87,52,53,82
2021,1,A,골목상권,2110967,역삼역 8번,377,228,149,0,63,92,89,92,41,0,31,51,60,56,30,0,32,41,29,36,11
2021,1,A,골목상권,2110966,논현2동주민센터,1637,1017,620,18,470,498,300,218,133,7,256,298,200,147,109,11,214,200,100,71,24
2021,1,A,골목상권,2110965,언주역 6번,1139,788,351,1,174,379,378,142,65,1,104,276,284,74,49,0,70,103,94,68,16
2021,1,A,골목상권,2110964,싸리고개근린공원,217,124,93,0,29,60,59,34,35,0,8,32,36,23,25,0,21,28,23,11,10
2021,1,A,골목상권,2110963,역삼월드메르디앙아파트,780,547,233,1,126,185,226,154,88,0,79,146,171,97,54,1,47,39,55,57,34
2021,1,A,골목상권,2110962,도산공원북측,557,487,70,1,66,80,242,144,24,0,45,70,226,130,16,1,21,10,16,14,8
2021,1,A,골목상권,2110961,언주역 3번,962,673,289,5,172,286,248,140,111,3,97,184,187,112,90,2,75,102,61,28,21
2021,1,A,골목상권,2110960,은광여고,1522,692,830,5,207,255,373,502,180,4,55,110,190,212,121,1,152,145,183,290,59
2021,1,A,골목상권,2110959,신구중학교,271,140,131,0,14,66,82,79,30,0,7,36,49,29,19,0,7,30,33,50,11
2021,1,A,골목상권,2110958,역삼역 4번,994,759,235,1,96,197,300,295,105,1,46,133,254,240,85,0,50,64,46,55,20
2021,1,A,골목상권,2110957,언북중학교,1251,831,420,1,262,379,317,147,145,1,146,241,215,109,119,0,116,138,102,38,26
2021,1,A,골목상권,2110956,언주역 8번,1199,758,441,4,361,471,199,87,77,2,158,307,163,70,58,2,203,164,36,17,19
2021,1,A,골목상권,2110955,논현초등학교,3430,2238,1192,19,719,823,793,625,451,13,417,568,554,389,297,6,302,255,239,236,154
2021,1,A,골목상권,2110954,국기원,636,445,191,0,89,142,187,94,124,0,35,97,161,74,78,0,54,45,26,20,46
2021,1,A,골목상권,2110953,학동근린공원,2487,1583,904,15,679,891,571,218,113,0,336,572,409,180,86,15,343,319,162,38,27
2021,1,A,골목상권,2110952,논현목련공원,117,65,52,0,21,23,27,22,24,0,9,13,13,14,16,0,12,10,14,8,8
2021,1,A,골목상권,2110951,신사은행나무공원,273,75,198,0,35,83,96,51,8,0,6,24,27,15,3,0,29,59,69,36,5
2021,1,A,골목상권,2110950,논현역 7번,2981,1929,1052,1,829,1305,518,230,98,0,418,886,383,173,69,1,411,419,135,57,29
2021,1,A,골목상권,2110949,한남IC,1683,1193,490,5,288,565,435,305,85,2,112,398,347,261,73,3,176,167,88,44,12
2021,1,A,골목상권,2110947,청계산입구역 2번(내곡동주민센터),121,48,73,0,19,18,29,21,34,0,9,9,15,7,8,0,10,9,14,14,26
2021,1,A,골목상권,2110946,청계산원터골,48,24,24,0,2,6,8,16,16,0,2,3,6,3,10,0,0,3,2,13,6
2021,1,A,골목상권,2110945,본마을노인복지센터(서초구립내곡도서관),191,114,77,3,44,57,37,33,17,3,14,31,25,28,13,0,30,26,12,5,4
2021,1,A,골목상권,2110944,서울나래학교(염곡어린이공원),1053,735,318,10,133,246,201,217,246,8,98,194,153,139,143,2,35,52,48,78,103
2021,1,A,골목상권,2110943,법제교육센터(버들어린이공원),1122,578,544,1,67,165,357,323,209,1,36,99,151,140,151,0,31,66,206,183,58
2021,1,A,골목상권,2110942,염곡동 구룡사(포이동성당),3242,1952,1290,7,578,932,791,613,321,3,328,587,461,351,222,4,250,345,330,262,99
2021,1,A,골목상권,2110941,언남고등학교,261,158,103,0,33,46,89,58,35,0,14,26,51,40,27,0,19,20,38,18,8
2021,1,A,골목상권,2110940,양재근린공원(양재2동주민센터),1043,755,288,9,186,346,264,145,93,8,116,256,200,103,72,1,70,90,64,42,21
2021,1,A,골목상권,2110939,양재역 8번(양재동우체국),5945,4103,1842,23,971,1415,1465,1168,903,15,500,989,1056,798,745,8,471,426,409,370,158
2021,1,A,골목상권,2110938,바우뫼공원,1784,1137,647,1,294,551,489,326,123,0,172,392,303,169,101,1,122,159,186,157,22
2021,1,A,골목상권,2110937,방아다리근린공원(횃불트리니티신학대학원대학교),2465,1270,1195,7,634,861,542,318,103,6,246,507,335,113,63,1,388,354,207,205,40
2021,1,A,골목상권,2110936,더케이호텔(양재리본타워2단지아파트),832,552,280,3,109,260,215,175,70,0,53,154,159,131,55,3,56,106,56,44,15
2021,1,A,골목상권,2110935,한전아트센터,379,264,115,2,53,108,105,72,39,2,33,82,75,46,26,0,20,26,30,26,13
2021,1,A,골목상권,2110934,우면주공아파트,998,677,321,6,198,291,253,164,86,5,83,217,195,113,64,1,115,74,58,51,22
2021,1,A,골목상권,2110933,한국상담대학원대학교,679,60,619,0,344,156,86,63,30,0,10,15,15,5,15,0,334,141,71,58,15
2021,1,A,골목상권,2110932,서울시인재개발원,532,384,148,2,128,170,127,64,41,2,76,116,100,54,36,0,52,54,27,10,5
2021,1,A,골목상권,2110931,삼성전자서울R&D(서울우면초등학교),100,51,49,0,37,31,18,7,7,0,12,16,10,7,6,0,25,15,8,0,1
2021,1,A,골목상권,2110930,서초동성당,2178,1774,404,8,284,588,694,433,171,2,190,448,591,393,150,6,94,140,103,40,21
2021,1,A,골목상권,2110929,남부터미널역 1번,21130,10703,10427,21,4446,4558,3912,7143,1050,4,1209,1890,1718,5123,759,17,3237,2668,2194,2020,291
2021,1,A,골목상권,2110928,서초우방유쉘아파트,596,491,105,1,57,109,125,205,99,1,29,76,109,190,86,0,28,33,16,15,13
2021,1,A,골목상권,2110927,잠원역,745,553,192,2,93,342,198,98,12,2,82,218,159,81,11,0,11,124,39,17,1
2021,1,A,골목상권,2110926,신중초등학교,1610,1175,435,6,193,359,463,382,207,3,114,263,355,292,148,3,79,96,108,90,59
2021,1,A,골목상권,2110925,서초중학교,873,496,377,0,104,137,244,222,166,0,38,65,146,132,115,0,66,72,98,90,51
2021,1,A,골목상권,2110924,반포4동주민센터(몽마르뜨공원),1330,886,444,5,203,305,407,298,112,1,85,181,300,236,83,4,118,124,107,62,29
2021,1,A,골목상권,2110923,방배역 1번,210,153,57,0,34,56,55,41,24,0,21,38,42,34,18,0,13,18,13,7,6
2021,1,A,골목상권,2110922,내방역 1번,224,114,110,1,42,48,47,43,43,0,13,23,27,23,28,1,29,25,20,20,15
2021,1,A,골목상권,2110921,서울프랑스학교,522,321,201,7,63,71,118,142,121,2,30,43,82,90,74,5,33,28,36,52,47
2021,1,A,골목상권,2110920,방배역 2번(백석예술대학교),359,205,154,0,23,53,125,118,40,0,5,29,65,75,31,0,18,24,60,43,9
2021,1,A,골목상권,2110919,내방역 8번,1539,1126,413,3,142,311,413,419,251,1,60,179,331,354,201,2,82,132,82,65,50
2021,1,A,골목상권,2110918,방배역 3번,682,438,244,3,98,127,164,142,148,2,59,85,108,86,98,1,39,42,56,56,50
2021,1,A,골목상권,2110917,서초소방서,1505,939,566,6,157,432,402,355,153,2,72,281,295,181,108,4,85,151,107,174,45
2021,1,A,골목상권,2110916,내방역 4번,1152,592,560,9,216,272,301,208,146,6,58,167,187,91,83,3,158,105,114,117,63
2021,1,A,골목상권,2110915,서래초등학교,2807,2202,605,14,421,877,1027,379,89,11,280,648,849,336,78,3,141,229,178,43,11
2021,1,A,골목상권,2110914,내방역 6번,146,116,30,0,26,31,37,26,26,0,17,26,26,24,23,0,9,5,11,2,3
2021,1,A,골목상권,2110913,방현초등학교(방배119안전센터),3305,2117,1188,7,572,1265,879,376,206,4,272,824,627,237,153,3,300,441,252,139,53
2021,1,A,골목상권,2110912,방배동사이길,210,128,82,3,33,45,53,42,34,2,16,27,39,21,23,1,17,18,14,21,11
2021,1,A,골목상권,2110911,방배배수지체육공원,29,22,7,0,6,3,7,5,8,0,6,2,4,4,6,0,0,1,3,1,2
2021,1,A,골목상권,2110910,내방역 5번,614,240,374,5,72,124,157,176,80,3,30,69,52,49,37,2,42,55,105,127,43
2021,1,A,골목상권,2110909,남태령역(서울전자고등학교),132,97,35,1,11,29,23,34,34,1,4,19,16,29,28,0,7,10,7,5,6
2021,1,A,골목상권,2110908,구반포역,1525,377,1148,0,66,111,397,806,145,0,42,54,71,141,69,0,24,57,326,665,76
2021,1,A,골목상권,2110907,방배초등학교,878,506,372,8,144,197,239,157,133,5,66,109,122,99,105,3,78,88,117,58,28
2021,1,A,골목상권,2110906,서문여고,683,362,321,2,217,106,119,106,133,0,59,58,72,62,111,2,158,48,47,44,22
2021,1,A,골목상권,2110905,방배노인종합복지관(이수중학교),287,176,111,1,36,71,71,63,45,0,18,38,45,41,34,1,18,33,26,22,11
2021,1,A,골목상권,2110904,이수역 5번,835,468,367,4,167,217,239,139,69,1,90,125,135,59,58,3,77,92,104,80,11
2021,1,A,골목상권,2110903,방배아이파크아파트,7222,2653,4569,7,1242,1778,2487,1322,386,1,333,597,951,599,172,6,909,1181,1536,723,214
2021,1,A,골목상권,2110902,사당역 4번,1201,739,462,1,193,270,296,250,191,0,84,171,204,158,122,1,109,99,92,92,69
2021,1,A,골목상권,2110901,인헌고등학교(인헌중학교),262,154,108,3,44,64,75,55,21,3,23,40,40,32,16,0,21,24,35,23,5
2021,1,A,골목상권,2110900,낙성대역 1번(관악구민 종합체육센터),457,257,200,1,95,125,123,89,24,1,49,65,69,54,19,0,46,60,54,35,5
2021,1,A,골목상권,2110899,낙성대역 5번(관악중학교),690,448,242,0,167,185,166,123,49,0,107,135,96,71,39,0,60,50,70,52,10
2021,1,A,골목상권,2110898,청림동주민센터(상도중학교),66,27,39,0,16,14,14,16,6,0,5,3,8,7,4,0,11,11,6,9,2
2021,1,A,골목상권,2110897,서울대입구역 8번,219,139,80,0,16,45,69,64,25,0,7,24,40,44,24,0,9,21,29,20,1
2021,1,A,골목상권,2110896,관악우성아파트,202,49,153,0,41,37,44,47,33,0,5,7,11,13,13,0,36,30,33,34,20
2021,1,A,골목상권,2110895,샤로수길,1796,1222,574,3,307,721,360,233,172,2,170,534,234,152,130,1,137,187,126,81,42
2021,1,A,골목상권,2110894,관악동부센트레빌아파트(은천로35라길),20,8,12,0,2,4,3,6,5,0,0,2,1,2,3,0,2,2,2,4,2
2021,1,A,골목상권,2110893,관악소방서(문영여고),353,303,50,0,39,110,66,113,25,0,29,96,57,99,22,0,10,14,9,14,3
2021,1,A,골목상권,2110892,관악구 중앙길,709,341,368,0,69,110,159,221,150,0,25,55,76,105,80,0,44,55,83,116,70
2021,1,A,골목상권,2110891,구암초등학교,47,22,25,0,5,1,22,16,3,0,1,0,11,8,2,0,4,1,11,8,1
2021,1,A,골목상권,2110890,봉천역 1번(관악초등학교),261,152,109,1,22,44,95,70,29,0,4,22,59,46,21,1,18,22,36,24,8
2021,1,A,골목상권,2110889,봉천역 6번,376,317,59,0,29,36,69,136,106,0,18,20,47,130,102,0,11,16,22,6,4
2021,1,A,골목상권,2110888,청룡동주민센터,94,53,41,0,5,9,11,22,47,0,3,2,4,6,38,0,2,7,7,16,9
2021,1,A,골목상권,2110887,서울산업정보학교(서울삼성초등학교),19,11,8,0,1,4,7,6,1,0,0,0,4,6,1,0,1,4,3,0,0
2021,1,A,골목상권,2110886,관악해태어린이공원,188,103,85,1,38,50,41,36,22,1,18,28,21,23,12,0,20,22,20,13,10
2021,1,A,골목상권,2110885,영락고등학교,340,214,126,0,37,58,94,89,62,0,18,33,61,57,45,0,19,25,33,32,17
2021,1,A,골목상권,2110884,봉천역 4번(봉천110안전센터),372,284,88,1,17,30,61,98,165,0,1,8,49,84,142,1,16,22,12,14,23
2021,1,A,골목상권,2110883,은천초등학교(은천교앞),212,126,86,2,21,44,71,49,25,1,12,25,43,29,16,1,9,19,28,20,9
2021,1,A,골목상권,2110882,신성초등학교,733,444,289,1,95,131,215,168,123,0,52,67,122,109,94,1,43,64,93,59,29
2021,1,A,골목상권,2110881,구립대학경로당(관악산샘말공원),1601,1304,297,1,317,452,460,271,100,1,225,376,399,232,71,0,92,76,61,39,29
2021,1,A,골목상권,2110880,신림역 1번,995,275,720,0,379,296,157,128,35,0,78,87,66,33,11,0,301,209,91,95,24
2021,1,A,골목상권,2110879,신림현대아파트,17,7,10,0,2,3,5,5,2,0,1,2,2,2,0,0,1,1,3,3,2
2021,1,A,골목상권,2110878,미림여고,368,218,150,3,43,114,101,78,29,0,19,63,68,43,25,3,24,51,33,35,4
2021,1,A,골목상권,2110877,신림역 8번,319,154,165,2,23,63,86,80,65,0,10,30,36,39,39,2,13,33,50,41,26
2021,1,A,골목상권,2110876,서원동주민센터(신관중학교),49,29,20,0,5,9,16,9,10,0,2,4,10,4,9,0,3,5,6,5,1
2021,1,A,골목상권,2110875,보라매동주민센터(당곡고등학교),16,13,3,0,3,2,5,4,2,0,2,2,3,4,2,0,1,0,2,0,0
2021,1,A,골목상권,2110874,원신초등학교(구세군관악영문교회),46,15,31,1,4,19,7,12,3,1,1,3,3,6,1,0,3,16,4,6,2
2021,1,A,골목상권,2110873,당곡중학교,343,166,177,0,68,79,86,74,36,0,29,39,39,36,23,0,39,40,47,38,13
2021,1,A,골목상권,2110872,신림초등학교,277,195,82,3,54,68,69,53,30,3,36,54,54,41,7,0,18,14,15,12,23
2021,1,A,골목상권,2110871,신원동주민센터,159,101,58,1,12,40,45,37,24,0,8,25,27,25,16,1,4,15,18,12,8
2021,1,A,골목상권,2110869,"신림역 5번(신림동주민센터, 신림동별빛거리)",1026,681,345,1,79,136,248,233,329,1,36,73,143,155,273,0,43,63,105,78,56
2021,1,A,골목상권,2110868,남부초등학교,232,126,106,0,20,29,45,49,89,0,11,23,22,28,42,0,9,6,23,21,47
2021,1,A,골목상권,2110867,국제신학대학원대학교(남서울중학교),202,117,85,0,8,34,39,53,68,0,2,15,21,32,47,0,6,19,18,21,21
2021,1,A,골목상권,2110866,난우중학교,171,91,80,0,20,36,34,62,19,0,14,20,12,29,16,0,6,16,22,33,3
2021,1,A,골목상권,2110865,남강고등학교(남강중학교),336,143,193,4,66,72,69,85,40,2,16,34,28,34,29,2,50,38,41,51,11
2021,1,A,골목상권,2110864,신림우방아파트,236,161,75,0,31,48,53,60,44,0,21,31,37,43,29,0,10,17,16,17,15
2021,1,A,골목상권,2110863,난우초등학교,319,179,140,6,40,61,63,79,70,5,23,30,38,36,47,1,17,31,25,43,23
2021,1,A,골목상권,2110862,난곡초등학교(난곡동벽화마을),84,41,43,0,4,13,14,34,19,0,2,6,11,15,7,0,2,7,3,19,12
2021,1,A,골목상권,2110861,관악구신사동주민센터,1182,608,574,1,215,377,263,209,117,1,71,194,161,105,76,0,144,183,102,104,41
2021,1,A,골목상권,2110860,호림박물관(성보고등학교),410,314,96,1,57,102,66,110,74,1,44,84,47,78,60,0,13,18,19,32,14
2021,1,A,골목상권,2110859,난향초등학교,182,113,69,0,11,32,42,52,45,0,0,21,27,30,35,0,11,11,15,22,10
2021,1,A,골목상권,2110858,신대방역 1번,66,33,33,0,5,9,17,7,28,0,0,1,6,2,24,0,5,8,11,5,4
2021,1,A,골목상권,2110857,미성동주민센터,431,229,202,9,60,64,70,108,120,9,34,48,41,46,51,0,26,16,29,62,69
2021,1,A,골목상권,2110856,미성초등학교,538,295,243,3,58,85,170,150,72,1,28,44,99,71,52,2,30,41,71,79,20
2021,1,A,골목상권,2110855,신대방역 2번,429,275,154,2,53,111,126,90,47,0,22,81,83,55,34,2,31,30,43,35,13
2021,1,A,골목상권,2110854,조원동주민센터,55,39,16,0,4,5,17,21,8,0,3,5,9,15,7,0,1,0,8,6,1
2021,1,A,골목상권,2110853,KT구로지사,213,127,86,0,21,47,65,50,30,0,9,26,44,27,21,0,12,21,21,23,9
2021,1,A,골목상권,2110852,이수역 9번,198,121,77,0,26,35,54,38,45,0,12,20,30,23,36,0,14,15,24,15,9
2021,1,A,골목상권,2110851,경문고등학교(동작동성당),485,233,252,0,79,136,140,102,28,0,32,53,66,66,16,0,47,83,74,36,12
2021,1,A,골목상권,2110850,사당역 10번,969,487,482,4,217,207,185,162,194,1,54,88,92,95,157,3,163,119,93,67,37
2021,1,A,골목상권,2110849,이수역 10번,220,130,90,1,37,52,58,40,32,0,12,33,34,25,26,1,25,19,24,15,6
2021,1,A,골목상권,2110848,양지어린이공원,486,307,179,0,36,68,152,132,98,0,6,39,85,93,84,0,30,29,67,39,14
2021,1,A,골목상권,2110847,예술인마을,460,225,235,3,53,139,142,78,45,3,13,62,76,38,33,0,40,77,66,40,12
2021,1,A,골목상권,2110846,남성역 1번,535,290,245,1,66,120,146,135,67,0,25,59,78,74,54,1,41,61,68,61,13
2021,1,A,골목상권,2110845,사당종합체육관,119,51,68,0,9,17,39,36,18,0,5,8,19,9,10,0,4,9,20,27,8
2021,1,A,골목상권,2110844,흑석2치안센터,7,5,2,0,2,1,1,0,3,0,1,1,1,0,2,0,1,0,0,0,1
2021,1,A,골목상권,2110843,사당5동주민센터,181,135,46,1,22,25,55,52,26,0,16,17,34,44,24,1,6,8,21,8,2
2021,1,A,골목상권,2110842,흑리단길,43,14,29,0,7,8,8,12,8,0,2,2,3,2,5,0,5,6,5,10,3
2021,1,A,골목상권,2110841,중대부중,88,36,52,0,11,17,16,25,19,0,5,7,5,11,8,0,6,10,11,14,11
2021,1,A,골목상권,2110840,중앙대학교,165,92,73,0,24,22,52,43,24,0,12,12,32,21,15,0,12,10,20,22,9
2021,1,A,골목상권,2110839,숭실대입구역 4번,187,67,120,0,10,51,57,46,23,0,2,14,22,11,18,0,8,37,35,35,5
2021,1,A,골목상권,2110838,상도1동주민센터앞,131,122,9,0,3,32,30,35,31,0,3,27,27,35,30,0,0,5,3,0,1
2021,1,A,골목상권,2110837,숭실대입구역 1번,373,195,178,1,39,76,84,80,93,0,19,32,43,32,69,1,20,44,41,48,24
2021,1,A,골목상권,2110836,상도역 5번,3057,1846,1211,9,550,798,701,647,352,2,238,486,453,447,220,7,312,312,248,200,132
2021,1,A,골목상권,2110835,상도역 1번,285,161,124,0,81,92,57,35,20,0,32,59,36,16,18,0,49,33,21,19,2
2021,1,A,골목상권,2110834,동작구자원봉사센터,38,22,16,0,3,5,6,10,14,0,2,2,6,5,7,0,1,3,0,5,7
2021,1,A,골목상권,2110833,상도역 2번,266,172,94,2,20,64,76,77,27,0,17,51,48,37,19,2,3,13,28,40,8
2021,1,A,골목상권,2110832,노량진초등학교,377,171,206,0,38,51,93,141,54,0,14,22,57,55,23,0,24,29,36,86,31
2021,1,A,골목상권,2110831,상도4동주민센터,72,40,32,0,3,13,14,29,13,0,3,6,6,18,7,0,0,7,8,11,6
2021,1,A,골목상권,2110830,상도초등학교,281,152,129,0,22,61,73,85,40,0,7,29,36,54,26,0,15,32,37,31,14
2021,1,A,골목상권,2110829,장승배기역 5번,536,417,119,0,195,137,79,53,72,0,177,106,49,40,45,0,18,31,30,13,27
2021,1,A,골목상권,2110828,노량진역 6번,3010,2066,944,9,471,1047,854,467,162,3,252,711,639,357,104,6,219,336,215,110,58
2021,1,A,골목상권,2110827,NH농협은행 상도동지점,262,93,169,0,39,51,73,65,34,0,11,18,20,28,16,0,28,33,53,37,18
2021,1,A,골목상권,2110826,장승배기역 4번,366,149,217,2,20,37,57,103,147,1,8,22,28,38,52,1,12,15,29,65,95
2021,1,A,골목상권,2110825,신대방삼거리역 1번,316,205,111,0,33,63,94,71,55,0,23,41,57,46,38,0,10,22,37,25,17
2021,1,A,골목상권,2110824,대방역 3번,296,102,194,1,48,91,92,42,22,0,11,26,29,23,13,1,37,65,63,19,9
2021,1,A,골목상권,2110823,신대방삼거리역 3번,472,242,230,0,30,45,83,121,193,0,17,26,40,42,117,0,13,19,43,79,76
2021,1,A,골목상권,2110822,신대방삼거리역 4번(대림초등학교),311,130,181,0,57,71,68,74,41,0,13,28,34,34,21,0,44,43,34,40,20
2021,1,A,골목상권,2110821,보라매역 2번,595,353,242,0,73,109,140,135,138,0,34,65,79,87,88,0,39,44,61,48,50
2021,1,A,골목상권,2110820,성남고등학교,3101,2470,631,1,651,742,555,991,161,0,438,581,448,879,124,1,213,161,107,112,37
2021,1,A,골목상권,2110819,신대방역 4번,510,262,248,0,64,99,128,93,126,0,15,37,58,62,90,0,49,62,70,31,36
2021,1,A,골목상권,2110818,신대방역 3번,20,9,11,0,1,3,7,7,2,0,1,3,2,1,2,0,0,0,5,6,0
2021,1,A,골목상권,2110817,대방역 4번,286,227,59,1,38,51,90,59,47,0,19,35,79,53,41,1,19,16,11,6,6
2021,1,A,골목상권,2110816,대방역 6번,521,404,117,1,73,138,153,68,88,1,50,109,114,50,80,0,23,29,39,18,8
2021,1,A,골목상권,2110815,공군호텔,2240,785,1455,4,425,514,476,507,314,0,88,195,167,170,165,4,337,319,309,337,149
2021,1,A,골목상권,2110814,서울지방병무청,673,364,309,1,51,117,155,236,113,1,23,79,97,104,60,0,28,38,58,132,53
2021,1,A,골목상권,2110813,보라매역 6번,286,167,119,3,22,37,50,74,100,3,15,21,24,39,65,0,7,16,26,35,35
2021,1,A,골목상권,2110812,신길6동주민센터,363,245,118,0,69,115,106,50,23,0,34,78,85,29,19,0,35,37,21,21,4
2021,1,A,골목상권,2110811,보라매역 4번,187,94,93,0,22,41,49,52,23,0,8,22,18,27,19,0,14,19,31,25,4
2021,1,A,골목상권,2110810,영신초등학교,395,178,217,0,53,143,63,80,56,0,20,65,31,44,18,0,33,78,32,36,38
2021,1,A,골목상권,2110809,장훈고등학교,112,61,51,0,7,15,30,23,37,0,3,5,11,17,25,0,4,10,19,6,12
2021,1,A,골목상권,2110808,신길역 1번,67,48,19,0,3,22,21,13,8,0,3,15,14,9,7,0,0,7,7,4,1
2021,1,A,골목상권,2110807,신길역 3번,102,70,32,0,6,16,23,27,30,0,4,8,18,19,21,0,2,8,5,8,9
2021,1,A,골목상권,2110806,서울시립영등포장애인복지관,76,42,34,0,18,30,13,13,2,0,5,16,9,11,1,0,13,14,4,2,1
2021,1,A,골목상권,2110805,신길새마을금고신길4동지점,45,27,18,0,6,12,12,8,7,0,2,7,6,5,7,0,4,5,6,3,0
2021,1,A,골목상권,2110804,신풍역 1번,312,187,125,0,15,37,62,63,135,0,4,15,29,35,104,0,11,22,33,28,31
2021,1,A,골목상권,2110803,신길2동우편취급국,304,220,84,0,17,27,56,62,142,0,6,14,33,39,128,0,11,13,23,23,14
2021,1,A,골목상권,2110802,신길동홍어거리,336,159,177,1,59,113,86,61,16,0,18,45,44,40,12,1,41,68,42,21,4
2021,1,A,골목상권,2110800,영등포동성당,227,153,74,0,26,34,61,66,40,0,13,22,37,46,35,0,13,12,24,20,5
2021,1,A,골목상권,2110799,영등포본동주민센터,119,86,33,5,21,16,11,22,44,3,12,10,6,15,40,2,9,6,5,7,4
2021,1,A,골목상권,2110798,신풍역 2번,53,20,33,0,2,13,14,13,11,0,0,3,3,6,8,0,2,10,11,7,3
2021,1,A,골목상권,2110797,KT대방빌딩,52,10,42,1,7,10,12,11,11,0,0,0,1,3,6,1,7,10,11,8,5
2021,1,A,골목상권,2110796,한림대학교한강성심병원,87,52,35,1,7,19,26,19,15,0,4,11,17,9,11,1,3,8,9,10,4
2021,1,A,골목상권,2110795,도림초등학교,533,356,177,0,20,49,80,128,256,0,8,36,48,74,190,0,12,13,32,54,66
2021,1,A,골목상권,2110794,영동초등학교,632,494,138,0,87,115,178,167,85,0,47,89,148,135,75,0,40,26,30,32,10
2021,1,A,골목상권,2110792,영등포역 2번,3400,1767,1633,28,563,880,843,862,224,11,229,398,466,530,133,17,334,482,377,332,91
2021,1,A,골목상권,2110791,신풍역 3번,25,17,8,0,1,5,9,9,1,0,0,2,6,8,1,0,1,3,3,1,0
2021,1,A,골목상권,2110790,대림1동주민센터,739,336,403,1,74,163,280,161,60,1,46,71,88,77,53,0,28,92,192,84,7
2021,1,A,골목상권,2110789,대림성모병원,491,182,309,0,104,137,115,93,42,0,16,44,49,43,30,0,88,93,66,50,12
2021,1,A,골목상권,2110788,영등포시장역 3번,28,22,6,0,4,5,7,9,3,0,3,5,6,6,2,0,1,0,1,3,1
2021,1,A,골목상권,2110787,신길3동주민센터,171,122,49,0,19,35,47,42,28,0,8,25,36,31,22,0,11,10,11,11,6
2021,1,A,골목상권,2110786,당산역 8번,271,179,92,2,20,41,60,51,97,2,8,21,42,38,68,0,12,20,18,13,29
2021,1,A,골목상권,2110785,영등포푸르지오아파트,161,84,77,2,13,17,39,44,46,2,8,12,24,14,24,0,5,5,15,30,22
2021,1,A,골목상권,2110784,신대림초등학교,76,42,34,0,3,11,18,36,8,0,0,7,12,18,5,0,3,4,6,18,3
2021,1,A,골목상권,2110783,영등포시장역 1번,292,154,138,1,26,37,35,67,126,1,19,27,16,33,58,0,7,10,19,34,68
2021,1,A,골목상권,2110782,영등포시장역 4번,127,87,40,1,13,24,48,27,14,1,5,16,36,17,12,0,8,8,12,10,2
2021,1,A,골목상권,2110781,대림한신아파트,182,112,70,0,23,29,51,38,41,0,8,16,34,23,31,0,15,13,17,15,10
2021,1,A,골목상권,2110780,신길대성유니드아파트,223,171,52,0,22,42,71,56,32,0,18,34,51,41,27,0,4,8,20,15,5
2021,1,A,골목상권,2110779,대림갑을명가아파트,33,24,9,0,2,5,13,7,6,0,1,4,10,4,5,0,1,1,3,3,1
2021,1,A,골목상권,2110778,구로디지털단지역 4번,1615,878,737,0,248,461,489,233,184,0,122,282,196,145,133,0,126,179,293,88,51
2021,1,A,골목상권,2110777,구로세무서,282,210,72,0,36,41,47,83,75,0,13,30,32,66,69,0,23,11,15,17,6
2021,1,A,골목상권,2110776,도신초등학교,168,106,62,0,12,20,48,63,25,0,11,10,35,34,16,0,1,10,13,29,9
2021,1,A,골목상권,2110775,대동초등학교,61,30,31,0,5,13,20,15,8,0,2,6,6,10,6,0,3,7,14,5,2
2021,1,A,골목상권,2110774,당산반도유보라팰리스아파트,472,355,117,0,59,119,131,96,67,0,34,81,109,80,51,0,25,38,22,16,16
2021,1,A,골목상권,2110773,당산역 13번,272,218,54,0,46,65,45,40,76,0,36,53,32,34,63,0,10,12,13,6,13
2021,1,A,골목상권,2110772,신우어린이공원,94,55,39,0,9,15,22,26,22,0,5,8,12,19,11,0,4,7,10,7,11
2021,1,A,골목상권,2110771,대림역 11번,955,604,351,0,22,38,128,210,557,0,21,30,73,131,349,0,1,8,55,79,208
2021,1,A,골목상권,2110770,영등포구청역 6번,263,191,72,1,45,49,77,45,46,1,24,41,54,28,43,0,21,8,23,17,3
2021,1,A,골목상권,2110769,대림차이나타운(대림역 12번),18,8,10,0,3,4,6,4,1,0,0,1,4,2,1,0,3,3,2,2,0
2021,1,A,골목상권,2110768,도림2동유수지내체육시설,294,155,139,0,20,43,63,73,95,0,7,22,32,41,53,0,13,21,31,32,42
2021,1,A,골목상권,2110767,도림동주민센터,34,3,31,0,9,5,12,6,2,0,0,0,2,1,0,0,9,5,10,5,2
2021,1,A,골목상권,2110766,대림역 5번,360,205,155,0,30,82,85,99,64,0,15,54,42,56,38,0,15,28,43,43,26
2021,1,A,골목상권,2110765,문래동사거리,889,619,270,2,80,133,209,175,290,1,38,78,140,126,236,1,42,55,69,49,54
2021,1,A,골목상권,2110764,문래역 3번,541,223,318,0,93,127,159,102,60,0,27,39,54,54,49,0,66,88,105,48,11
2021,1,A,골목상권,2110763,영등포구청역 2번,480,353,127,2,84,147,107,84,56,0,53,100,79,72,49,2,31,47,28,12,7
2021,1,A,골목상권,2110762,선유도역 1번,3139,2286,853,6,392,669,739,809,524,4,217,459,529,629,448,2,175,210,210,180,76
2021,1,A,골목상권,2110761,문래동남성맨션,180,106,74,0,13,43,45,41,38,0,8,17,26,25,30,0,5,26,19,16,8
2021,1,A,골목상권,2110760,선유도역 6번,1792,1091,701,8,273,444,499,376,192,6,170,256,275,219,165,2,103,188,224,157,27
2021,1,A,골목상권,2110759,문래예술촌(문래창작촌),4221,2165,2056,9,520,837,996,1286,573,5,266,550,589,466,289,4,254,287,407,820,284
2021,1,A,골목상권,2110758,문래소공원,296,221,75,1,44,77,70,67,37,0,32,60,46,52,31,1,12,17,24,15,6
2021,1,A,골목상권,2110757,양평역 2번,1501,1114,387,1,111,230,356,424,379,0,51,176,286,314,287,1,60,54,70,110,92
2021,1,A,골목상권,2110756,문래중학교,275,179,96,0,48,79,78,35,35,0,21,58,52,21,27,0,27,21,26,14,8
2021,1,A,골목상권,2110755,동일여자고등학교,199,53,146,0,10,24,47,74,44,0,4,9,16,12,12,0,6,15,31,62,32
2021,1,A,골목상권,2110754,삼성산자연공원(서울금천초등학교),199,75,124,1,21,41,47,39,50,0,6,18,28,10,13,1,15,23,19,29,37
2021,1,A,골목상권,2110753,시흥동 은행나무사거리,617,387,230,0,69,100,149,166,133,0,28,68,90,96,105,0,41,32,59,70,28
2021,1,A,골목상권,2110752,한울중학교,269,117,152,2,25,46,81,79,36,2,13,16,34,33,19,0,12,30,47,46,17
2021,1,A,골목상권,2110751,난곡중학교,730,397,333,2,48,217,240,177,46,2,21,117,127,91,39,0,27,100,113,86,7
2021,1,A,골목상권,2110750,시흥4동주민센터(서울신흥초등학교),397,221,176,4,78,83,80,104,48,4,47,62,43,33,32,0,31,21,37,71,16
2021,1,A,골목상권,2110749,금산초등학교(금천고등학교),448,273,175,0,61,105,110,121,51,0,33,67,55,82,36,0,28,38,55,39,15
2021,1,A,골목상권,2110748,백산초등학교,102,64,38,0,6,19,21,26,30,0,2,9,11,22,20,0,4,10,10,4,10
2021,1,A,골목상권,2110747,석수역 1번 출입구,823,612,211,0,46,84,169,227,297,0,27,52,102,165,266,0,19,32,67,62,31
2021,1,A,골목상권,2110746,금천금빛공원(은행나무사거리서측),70,48,22,0,5,11,22,21,11,0,3,9,13,15,8,0,2,2,9,6,3
2021,1,A,골목상권,2110745,독산동정훈단지,251,191,60,0,11,20,33,86,101,0,3,12,22,64,90,0,8,8,11,22,11
2021,1,A,골목상권,2110744,독산동성당,531,327,204,0,49,107,129,152,94,0,36,71,75,86,59,0,13,36,54,66,35
2021,1,A,골목상권,2110743,시흥초등학교(시흥1동우체국),191,130,61,0,18,31,48,50,44,0,10,20,32,37,31,0,8,11,16,13,13
2021,1,A,골목상권,2110742,KT금천빌딩(금천구시설관리공단),426,237,189,0,42,83,106,125,70,0,21,57,71,54,34,0,21,26,35,71,36
2021,1,A,골목상권,2110741,독산2동주민센터,444,159,285,0,69,117,96,108,54,0,43,35,26,33,22,0,26,82,70,75,32
2021,1,A,골목상권,2110740,금천해태공원,650,283,367,1,135,136,138,170,70,1,47,55,58,71,51,0,88,81,80,99,19
2021,1,A,골목상권,2110739,시흥3동 우편취급국,1558,585,973,1,167,288,537,525,40,0,50,153,224,133,25,1,117,135,313,392,15
2021,1,A,골목상권,2110738,문성초등학교,249,125,124,0,17,27,65,90,50,0,12,14,34,40,25,0,5,13,31,50,25
2021,1,A,골목상권,2110737,금천세무서,506,324,182,8,78,85,96,117,122,0,28,49,51,91,105,8,50,36,45,26,17
2021,1,A,골목상권,2110736,독산119안전센터,450,196,254,0,45,52,74,114,165,0,21,31,34,41,69,0,24,21,40,73,96
2021,1,A,골목상권,2110735,말미고개,520,330,190,0,64,115,140,140,61,0,31,79,94,79,47,0,33,36,46,61,14
2021,1,A,골목상권,2110734,금천파출소,92,47,45,0,7,11,21,29,24,0,3,5,14,13,12,0,4,6,7,16,12
2021,1,A,골목상권,2110733,금천어울림복지센터,374,293,81,3,34,89,74,90,84,3,22,67,59,66,76,0,12,22,15,24,8
2021,1,A,골목상권,2110732,가산초등학교(세일중학교),338,239,99,1,41,60,98,76,62,0,22,34,71,60,52,1,19,26,27,16,10
2021,1,A,골목상권,2110731,금천구청역 1번 출입구,1041,563,478,7,306,383,206,96,43,2,149,229,102,55,26,5,157,154,104,41,17
2021,1,A,골목상권,2110730,서울축산농협 독산역지점(독산파출소),660,376,284,1,80,105,117,201,156,1,30,58,54,113,120,0,50,47,63,88,36
2021,1,A,골목상권,2110729,가산동우체국,151,112,39,0,19,30,40,39,23,0,14,19,30,30,19,0,5,11,10,9,4
2021,1,A,골목상권,2110728,두산초등학교,4560,2778,1782,8,88,138,245,530,3551,8,64,86,123,279,2218,0,24,52,122,251,1333
2021,1,A,골목상권,2110727,독산역 1번 출입구,659,514,145,4,72,152,169,191,71,4,48,118,128,165,51,0,24,34,41,26,20
2021,1,A,골목상권,2110726,금천철쭉어린이공원(금하마을),222,172,50,0,19,25,41,62,75,0,17,16,22,45,72,0,2,9,19,17,3
2021,1,A,골목상권,2110725,가산동주민센터,85,59,26,0,6,20,22,20,17,0,3,15,16,12,13,0,3,5,6,8,4
2021,1,A,골목상권,2110724,금천구립가산도서관,366,254,112,1,42,76,122,89,36,1,33,60,90,45,25,0,9,16,32,44,11
2021,1,A,골목상권,2110723,가산디지털단지역 1번 출입구,286,247,39,0,6,10,37,130,103,0,6,5,26,113,97,0,0,5,11,17,6
2021,1,A,골목상권,2110722,G타워,1221,876,345,5,246,423,354,139,54,5,163,311,281,79,37,0,83,112,73,60,17
2021,1,A,골목상권,2110721,가리봉파출소,215,104,111,1,6,36,42,42,88,0,2,19,17,22,44,1,4,17,25,20,44
2021,1,A,골목상권,2110720,대림역 2번,158,73,85,0,23,25,43,35,32,0,10,11,15,15,22,0,13,14,28,20,10
2021,1,A,골목상권,2110719,영서중학교,52,44,8,0,6,9,9,14,14,0,6,7,8,13,10,0,0,2,1,1,4
2021,1,A,골목상권,2110718,한국SGI본부,1614,1061,553,3,308,462,397,336,108,3,167,313,292,220,66,0,141,149,105,116,42
2021,1,A,골목상권,2110717,남구로역 2번,570,271,299,0,108,155,142,104,61,0,49,84,75,34,29,0,59,71,67,70,32
2021,1,A,골목상권,2110716,구로나눔길,666,398,268,1,132,256,164,77,36,0,39,154,115,60,30,1,93,102,49,17,6
2021,1,A,골목상권,2110715,구로구민회관,93,64,29,0,13,15,30,27,8,0,5,11,20,21,7,0,8,4,10,6,1
2021,1,A,골목상권,2110714,구로4동주민센터,271,156,115,0,34,44,57,79,57,0,8,19,32,53,44,0,26,25,25,26,13
2021,1,A,골목상권,2110713,구로보건소,2668,1817,851,5,474,650,706,533,300,3,323,472,514,332,173,2,151,178,192,201,127
2021,1,A,골목상권,2110712,남구로역 5번,233,108,125,1,32,36,66,64,34,0,10,17,24,32,25,1,22,19,42,32,9
2021,1,A,골목상권,2110711,구로초등학교,818,332,486,4,62,122,166,288,176,2,26,70,82,75,77,2,36,52,84,213,99
2021,1,A,골목상권,2110710,남구로역 3번,606,370,236,3,83,96,105,121,198,3,46,63,63,68,127,0,37,33,42,53,71
2021,1,A,골목상권,2110709,구로119안전센터,162,94,68,0,16,19,44,46,37,0,13,12,28,25,16,0,3,7,16,21,21
2021,1,A,골목상권,2110708,화원어린이공원,64,27,37,0,8,12,12,23,9,0,1,4,5,9,8,0,7,8,7,14,1
2021,1,A,골목상권,2110707,구로창업지원센터,1045,760,285,4,141,266,246,253,135,3,78,195,185,186,113,1,63,71,61,67,22
2021,1,A,골목상권,2110706,그라운드 고척,410,100,310,0,122,101,101,68,18,0,22,20,28,20,10,0,100,81,73,48,8
2021,1,A,골목상권,2110705,고산초등학교,33,19,14,0,3,2,8,7,13,0,3,1,8,2,5,0,0,1,0,5,8
2021,1,A,골목상권,2110704,고척중학교,62,36,26,0,12,23,10,12,5,0,7,12,3,11,3,0,5,11,7,1,2
2021,1,A,골목상권,2110703,개봉역,569,449,120,4,28,60,119,170,188,3,16,35,79,141,175,1,12,25,40,29,13
2021,1,A,골목상권,2110702,개봉초등학교,131,93,38,1,15,18,33,34,30,1,10,13,23,24,22,0,5,5,10,10,8
2021,1,A,골목상권,2110701,고척동성당,567,379,188,2,126,185,125,92,37,0,81,133,82,54,29,2,45,52,43,38,8
2021,1,A,골목상권,2110700,고척초등학교,3249,2648,601,3,209,680,974,1176,207,2,119,533,803,1021,170,1,90,147,171,155,37
2021,1,A,골목상권,2110699,덕의초등학교,150,89,61,0,15,24,32,48,31,0,8,15,15,28,23,0,7,9,17,20,8
2021,1,A,골목상권,2110698,개웅초등학교(개웅중학교),279,178,101,3,50,50,54,65,57,3,25,32,32,40,46,0,25,18,22,25,11
2021,1,A,골목상권,2110697,개봉3동주민센터,244,152,92,1,55,64,52,43,29,1,27,41,33,30,20,0,28,23,19,13,9
2021,1,A,골목상권,2110696,오류동역 1번,2453,1671,782,32,831,951,335,223,81,16,483,739,238,133,62,16,348,212,97,90,19
2021,1,A,골목상권,2110695,개봉1동주민센터,546,314,232,1,57,150,143,123,72,1,31,97,72,64,49,0,26,53,71,59,23
2021,1,A,골목상권,2110694,세곡초등학교,445,249,196,2,55,149,90,98,51,0,24,76,51,60,38,2,31,73,39,38,13
2021,1,A,골목상권,2110693,오류동역 4번,17,9,8,0,1,3,5,4,4,0,1,3,2,2,1,0,0,0,3,2,3
2021,1,A,골목상권,2110692,큰굴다리,233,148,85,0,12,52,54,66,49,0,7,19,35,49,38,0,5,33,19,17,11
2021,1,A,골목상권,2110691,개봉중학교,395,205,190,0,37,65,119,115,59,0,20,38,49,52,46,0,17,27,70,63,13
2021,1,A,골목상권,2110690,오류2동버들시장,625,318,307,1,105,200,143,105,71,0,42,115,72,46,43,1,63,85,71,59,28
2021,1,A,골목상권,2110689,오류동역 3번,259,188,71,3,41,45,52,66,52,3,25,32,40,48,40,0,16,13,12,18,12
2021,1,A,골목상권,2110688,오류지구대,171,60,111,1,18,20,40,59,33,0,7,11,15,19,8,1,11,9,25,40,25
2021,1,A,골목상권,2110687,"천왕역 3번(오류2동주민센터, 서울오류남초등학교)",21,16,5,0,2,3,5,6,5,0,1,3,4,4,4,0,1,0,1,2,1
2021,1,A,골목상권,2110686,수궁동주민센터,490,245,245,2,50,83,135,127,93,2,25,37,72,61,48,0,25,46,63,66,45
2021,1,A,골목상권,2110685,금강수목원아파트,181,143,38,0,13,32,53,57,26,0,10,25,38,47,23,0,3,7,15,10,3
2021,1,A,골목상권,2110684,서울공연예술고등학교,157,72,85,2,28,31,36,36,24,0,7,17,19,19,10,2,21,14,17,17,14
2021,1,A,골목상권,2110683,오류고등학교,185,125,60,0,24,46,55,41,19,0,18,33,33,23,18,0,6,13,22,18,1
2021,1,A,골목상권,2110682,온수역 8번,137,128,9,0,3,5,14,43,72,0,2,3,11,42,70,0,1,2,3,1,2
2021,1,A,골목상권,2110681,온수역 1번,152,106,46,0,13,52,39,21,27,0,10,38,25,13,20,0,3,14,14,8,7
2021,1,A,골목상권,2110680,온수역 5번(온수산업단지),1184,1003,181,18,161,205,235,343,222,18,129,175,191,286,204,0,32,30,44,57,18
2021,1,A,골목상권,2110679,염창역 2번,578,407,171,3,90,207,152,80,46,2,50,149,111,58,37,1,40,58,41,22,9
2021,1,A,골목상권,2110678,염창무학아파트,242,188,54,1,30,57,84,47,23,1,15,49,67,39,17,0,15,8,17,8,6
2021,1,A,골목상권,2110677,등촌역 1번,410,321,89,1,50,80,83,91,105,1,24,51,70,76,99,0,26,29,13,15,6
2021,1,A,골목상권,2110676,등촌역 7번,237,141,96,0,31,35,66,57,48,0,13,21,37,37,33,0,18,14,29,20,15
2021,1,A,골목상권,2110675,화곡4동주민센터,289,186,103,0,28,62,73,65,61,0,11,36,40,50,49,0,17,26,33,15,12
2021,1,A,골목상권,2110674,강서구청가양동별관,491,327,164,1,69,102,106,109,104,1,54,78,63,51,80,0,15,24,43,58,24
2021,1,A,골목상권,2110673,뜸부기어린이공원,253,143,110,0,37,52,62,64,38,0,21,29,31,34,28,0,16,23,31,30,10
2021,1,A,골목상권,2110672,백석중학교,155,99,56,1,21,37,40,43,13,1,18,26,18,25,11,0,3,11,22,18,2
2021,1,A,골목상권,2110671,등촌1동주민센터,5012,3056,1956,13,1252,1442,1027,802,476,5,391,945,826,556,333,8,861,497,201,246,143
2021,1,A,골목상권,2110670,신곡초등학교,527,322,205,6,79,119,122,101,100,3,45,78,71,59,66,3,34,41,51,42,34
2021,1,A,골목상권,2110669,화곡보람2차아파트,80,49,31,0,11,20,24,17,8,0,3,12,18,14,2,0,8,8,6,3,6
2021,1,A,골목상권,2110668,화곡2동주민센터,471,278,193,0,55,70,139,127,80,0,22,33,81,77,65,0,33,37,58,50,15
2021,1,A,골목상권,2110667,가양역 10번,177,126,51,0,33,32,56,36,20,0,21,20,38,29,18,0,12,12,18,7,2
2021,1,A,골목상권,2110666,KC대학교,257,131,126,0,26,51,66,72,42,0,16,23,31,26,35,0,10,28,35,46,7
2021,1,A,골목상권,2110665,곰달래도서관,469,285,184,0,36,92,123,138,80,0,25,60,79,74,47,0,11,32,44,64,33
2021,1,A,골목상권,2110664,강서구청옆,111,48,63,0,14,10,31,43,13,0,11,7,10,9,11,0,3,3,21,34,2
2021,1,A,골목상권,2110663,우장산롯데캐슬아파트앞,316,232,84,0,7,25,59,116,109,0,3,18,30,84,97,0,4,7,29,32,12
2021,1,A,골목상권,2110662,까치산역 1번,1480,885,595,4,245,501,396,234,100,4,129,301,207,171,73,0,116,200,189,63,27
2021,1,A,골목상권,2110661,강서새말어린이공원,126,48,78,0,3,13,30,38,42,0,2,8,10,9,19,0,1,5,20,29,23
2021,1,A,골목상권,2110660,등촌3동주민센터,4614,2039,2575,10,469,707,766,1291,1371,5,197,427,424,447,539,5,272,280,342,844,832
2021,1,A,골목상권,2110659,화곡역 4번,867,512,355,11,102,182,240,188,144,9,52,115,144,110,82,2,50,67,96,78,62
2021,1,A,골목상권,2110658,화곡초등학교,253,153,100,0,21,55,62,69,46,0,10,35,36,44,28,0,11,20,26,25,18
2021,1,A,골목상권,2110657,양천향교역 5번,3180,2118,1062,12,334,603,741,695,795,8,191,396,493,385,645,4,143,207,248,310,150
2021,1,A,골목상권,2110656,까치산역 3번,838,498,340,13,89,209,253,192,82,12,52,128,154,93,59,1,37,81,99,99,23
2021,1,A,골목상권,2110655,발산역 5번,587,355,232,0,97,156,147,112,75,0,29,94,98,76,58,0,68,62,49,36,17
2021,1,A,골목상권,2110654,까치산역 4번,1021,686,335,2,68,147,249,380,175,1,38,81,139,281,146,1,30,66,110,99,29
2021,1,A,골목상권,2110653,화곡역 2번,910,490,420,1,191,271,239,169,39,0,79,136,119,134,22,1,112,135,120,35,17
2021,1,A,골목상권,2110652,양천향교역 2번,643,483,160,0,70,131,146,169,127,0,32,102,104,139,106,0,38,29,42,30,21
2021,1,A,골목상권,2110651,화원중학교,377,214,163,2,29,50,102,105,89,1,19,31,68,52,43,1,10,19,34,53,46
2021,1,A,골목상권,2110650,우장산힐스테이트,146,118,28,0,24,30,52,21,19,0,15,25,43,18,17,0,9,5,9,3,2
2021,1,A,골목상권,2110649,우장산역 1번,366,197,169,0,41,92,83,98,52,0,12,49,39,63,34,0,29,43,44,35,18
2021,1,A,골목상권,2110648,양천향교역 7번,13,5,8,0,1,7,1,3,1,0,0,3,1,1,0,0,1,4,0,2,1
2021,1,A,골목상권,2110647,화곡역 5번,890,459,431,2,116,227,219,230,96,1,44,137,110,116,51,1,72,90,109,114,45
2021,1,A,골목상권,2110646,푸른들청소년도서관,782,401,381,1,93,124,208,189,167,1,27,53,103,100,117,0,66,71,105,89,50
2021,1,A,골목상권,2110645,우장산역 4번,794,391,403,0,64,125,239,221,145,0,33,65,87,90,116,0,31,60,152,131,29
2021,1,A,골목상권,2110644,신광명마을,333,288,45,1,24,22,60,107,119,1,7,13,52,100,115,0,17,9,8,7,4
2021,1,A,골목상권,2110643,강서구다솔마을,653,413,240,1,97,165,199,139,52,0,47,101,136,93,36,1,50,64,63,46,16
2021,1,A,골목상권,2110642,정곡초등학교,193,163,30,2,8,14,35,69,65,1,4,10,30,58,60,1,4,4,5,11,5
2021,1,A,골목상권,2110641,공항고등학교,345,236,109,2,46,95,100,79,23,1,30,72,61,52,20,1,16,23,39,27,3
2021,1,A,골목상권,2110640,방화역 1번,1019,638,381,3,139,292,240,195,150,3,62,119,167,158,129,0,77,173,73,37,21
2021,1,A,골목상권,2110639,신방화역 8번,523,369,154,1,74,61,88,153,146,1,17,22,51,139,139,0,57,39,37,14,7
2021,1,A,골목상권,2110638,신방화역 2번,372,202,170,3,53,75,88,87,66,3,22,40,44,43,50,0,31,35,44,44,16
2021,1,A,골목상권,2110637,송정역 2번,540,357,183,4,62,117,114,147,96,0,34,74,81,100,68,4,28,43,33,47,28
2021,1,A,골목상권,2110636,방화역 2번,152,76,76,1,25,49,41,21,15,0,9,26,27,4,10,1,16,23,14,17,5
2021,1,A,골목상권,2110635,공항시장역 3번,1482,399,1083,4,71,92,165,488,662,1,44,62,64,34,194,3,27,30,101,454,468
2021,1,A,골목상권,2110634,송정역 3번,664,434,230,0,64,143,178,145,134,0,33,90,116,101,94,0,31,53,62,44,40
2021,1,A,골목상권,2110633,개화산역 1번,115,89,26,2,29,34,27,15,8,2,28,22,19,10,8,0,1,12,8,5,0
2021,1,A,골목상권,2110632,방화역 3번,1075,887,188,2,42,127,400,334,170,1,21,90,353,281,141,1,21,37,47,53,29
2021,1,A,골목상권,2110631,방화초등학교,359,177,182,2,35,71,73,103,75,2,21,42,39,38,35,0,14,29,34,65,40
2021,1,A,골목상권,2110630,공항시장역 1번,1472,1008,464,0,157,294,298,328,395,0,67,180,202,240,319,0,90,114,96,88,76
2021,1,A,골목상권,2110629,송정역 4번,190,107,83,0,26,52,54,35,23,0,9,34,28,24,12,0,17,18,26,11,11
2021,1,A,골목상권,2110628,신목동역,496,319,177,0,58,88,124,120,106,0,30,58,82,89,60,0,28,30,42,31,46
2021,1,A,골목상권,2110627,신정롯데캐슬아파트,512,310,202,24,127,127,89,83,62,13,69,79,57,49,43,11,58,48,32,34,19
2021,1,A,골목상권,2110626,양화초등학교,652,271,381,1,127,138,149,147,90,0,37,57,76,63,38,1,90,81,73,84,52
2021,1,A,골목상권,2110625,신정2동주민센터,726,454,272,2,98,196,215,155,60,0,51,124,146,94,39,2,47,72,69,61,21
2021,1,A,골목상권,2110624,목동문화체육센터,382,234,148,0,93,118,75,65,31,0,40,79,46,50,19,0,53,39,29,15,12
2021,1,A,골목상권,2110623,갈산공원,118,94,24,0,27,32,24,27,8,0,23,26,21,19,5,0,4,6,3,8,3
2021,1,A,골목상권,2110622,달마을공원,458,261,197,0,58,90,102,138,70,0,26,47,63,65,60,0,32,43,39,73,10
2021,1,A,골목상권,2110621,목동역 5번,111,57,54,0,9,22,22,38,20,0,0,12,13,19,13,0,9,10,9,19,7
2021,1,A,골목상권,2110620,목동보건지소,451,235,216,4,51,81,102,125,88,4,20,45,47,65,54,0,31,36,55,60,34
2021,1,A,골목상권,2110619,목4동주민센터,311,203,108,1,51,87,89,64,19,1,16,52,58,57,19,0,35,35,31,7,0
2021,1,A,골목상권,2110618,강서고등학교,193,135,58,0,19,38,52,52,32,0,10,29,36,34,26,0,9,9,16,18,6
2021,1,A,골목상권,2110617,등촌역 4번,274,192,82,0,47,75,77,51,24,0,37,55,51,33,16,0,10,20,26,18,8
2021,1,A,골목상권,2110616,양목초등학교,161,103,58,0,3,23,19,40,76,0,2,18,14,32,37,0,1,5,5,8,39
2021,1,A,골목상권,2110615,신서초등학교,87,63,24,0,20,21,27,13,6,0,14,18,18,8,5,0,6,3,9,5,1
2021,1,A,골목상권,2110614,목동로데오거리,596,292,304,0,69,85,114,216,112,0,42,44,58,103,45,0,27,41,56,113,67
2021,1,A,골목상권,2110613,신정네거리역 4번,80,20,60,0,8,25,24,19,4,0,2,6,7,4,1,0,6,19,17,15,3
2021,1,A,골목상권,2110612,신정역 5번,644,303,341,1,85,88,143,197,130,0,44,62,74,70,53,1,41,26,69,127,77
2021,1,A,골목상권,2110611,신정역 1번,316,212,104,2,35,61,100,82,36,2,21,44,61,52,32,0,14,17,39,30,4
2021,1,A,골목상권,2110610,계남근린공원,126,85,41,0,5,11,41,44,25,0,3,6,28,35,13,0,2,5,13,9,12
2021,1,A,골목상권,2110609,신정네거리역 2번,1377,1358,19,0,14,15,52,171,1125,0,10,11,45,168,1124,0,4,4,7,3,1
2021,1,A,골목상권,2110608,신월2동주민센터,873,453,420,1,51,116,229,271,205,1,23,69,118,125,117,0,28,47,111,146,88
2021,1,A,골목상권,2110607,금빛새마을금고본점,53,31,22,0,2,10,11,19,11,0,1,4,5,12,9,0,1,6,6,7,2
2021,1,A,골목상권,2110606,신한은행 신월동지점,521,288,233,1,49,80,143,144,104,1,26,42,76,66,77,0,23,38,67,78,27
2021,1,A,골목상권,2110605,목동센트럴아이파크앞,155,89,66,0,15,22,26,47,45,0,5,15,11,27,31,0,10,7,15,20,14
2021,1,A,골목상권,2110604,신월4동주민센터,637,528,109,0,13,50,120,234,220,0,6,29,87,193,213,0,7,21,33,41,7
2021,1,A,골목상권,2110603,지향초등학교,205,119,86,0,13,56,60,44,32,0,5,30,37,25,22,0,8,26,23,19,10
2021,1,A,골목상권,2110602,신월시영아파트중문,644,574,70,1,7,22,68,238,308,0,4,13,52,214,291,1,3,9,16,24,17
2021,1,A,골목상권,2110601,신월1동우편취급국,1200,814,386,3,116,180,274,437,190,1,61,115,183,309,145,2,55,65,91,128,45
2021,1,A,골목상권,2110600,신월7동주민센터,350,263,87,0,32,30,66,101,121,0,17,14,38,79,115,0,15,16,28,22,6
2021,1,A,골목상권,2110599,신월1파출소,378,268,110,3,50,89,94,93,49,2,34,68,63,65,36,1,16,21,31,28,13
2021,1,A,골목상권,2110598,신월문화체육센터,428,195,233,0,21,58,112,150,87,0,5,28,45,66,51,0,16,30,67,84,36
2021,1,A,골목상권,2110597,신월1동주민센터,517,302,215,0,30,68,111,150,158,0,14,36,54,84,114,0,16,32,57,66,44
2021,1,A,골목상권,2110596,서서울호수공원,417,272,145,2,48,90,107,113,57,0,28,56,74,71,43,2,20,34,33,42,14
2021,1,A,골목상권,2110595,메디힐병원,731,459,272,0,80,148,163,185,155,0,34,85,86,136,118,0,46,63,77,49,37
2021,1,A,골목상권,2110594,신월중학교,453,225,228,0,54,166,104,96,33,0,14,66,56,59,30,0,40,100,48,37,3
2021,1,A,골목상권,2110593,신월3동주민센터,304,157,147,0,38,65,76,87,38,0,12,32,45,44,24,0,26,33,31,43,14
2021,1,A,골목상권,2110592,서울금융고등학교,449,344,105,0,19,35,74,156,165,0,9,13,45,128,149,0,10,22,29,28,16
2021,1,A,골목상권,2110591,충정로역 6번,627,422,205,0,99,158,178,126,66,0,55,103,135,92,37,0,44,55,43,34,29
2021,1,A,골목상권,2110590,만리재,97,50,47,0,19,23,23,25,7,0,6,12,11,16,5,0,13,11,12,9,2
2021,1,A,골목상권,2110589,애오개역 3번,58,14,44,0,4,8,19,13,14,0,0,1,5,6,2,0,4,7,14,7,12
2021,1,A,골목상권,2110588,한겨레신문사,169,92,77,0,34,44,41,33,17,0,14,22,20,21,15,0,20,22,21,12,2
2021,1,A,골목상권,2110587,공덕동주민센터,238,121,117,1,36,43,69,53,36,1,15,25,41,23,16,0,21,18,28,30,20
2021,1,A,골목상권,2110586,서울서부지방법원,1461,863,598,2,376,402,333,188,160,1,231,267,164,98,102,1,145,135,169,90,58
2021,1,A,골목상권,2110585,마포경찰서,918,790,128,0,192,360,176,181,9,0,150,313,153,166,8,0,42,47,23,15,1
2021,1,A,골목상권,2110584,아현역 4번,49,13,36,0,4,7,14,13,11,0,0,0,2,5,6,0,4,7,12,8,5
2021,1,A,골목상권,2110583,공덕래미안3차아파트,316,164,152,0,44,98,102,57,15,0,7,54,60,35,8,0,37,44,42,22,7
2021,1,A,골목상권,2110582,이대역 5번,59,19,40,0,6,11,16,16,10,0,0,4,4,6,5,0,6,7,12,10,5
2021,1,A,골목상권,2110581,염리초등학교,16,11,5,0,0,0,2,6,8,0,0,0,2,3,6,0,0,0,0,3,2
2021,1,A,골목상권,2110580,양원초등학교,78,20,58,0,3,6,16,25,28,0,0,1,3,11,5,0,3,5,13,14,23
2021,1,A,골목상권,2110579,마포역 4번,758,561,197,2,62,160,253,214,67,1,37,123,190,160,50,1,25,37,63,54,17
2021,1,A,골목상권,2110578,대흥역 2번,2091,1413,678,2,213,337,391,638,510,1,80,225,309,452,346,1,133,112,82,186,164
2021,1,A,골목상권,2110577,용강동주민센터,145,105,40,0,15,42,47,31,10,0,12,31,38,17,7,0,3,11,9,14,3
2021,1,A,골목상권,2110576,대흥역 3번,1605,1112,493,71,503,480,308,163,80,27,310,365,253,111,46,44,193,115,55,52,34
2021,1,A,골목상권,2110575,대흥동주민센터,206,156,50,2,25,47,36,48,48,2,11,35,25,40,43,0,14,12,11,8,5
2021,1,A,골목상권,2110574,서강대학교,173,123,50,0,35,41,49,38,10,0,17,30,41,30,5,0,18,11,8,8,5
2021,1,A,골목상권,2110573,신촌역 6번,33,14,19,0,7,4,6,8,8,0,2,0,3,3,6,0,5,4,3,5,2
2021,1,A,골목상권,2110572,서강대역 1번,470,254,216,1,63,130,117,116,43,1,32,67,58,66,30,0,31,63,59,50,13
2021,1,A,골목상권,2110571,신수동주민센터,635,358,277,5,109,159,187,126,49,5,57,88,98,74,36,0,52,71,89,52,13
2021,1,A,골목상권,2110570,KB국민은행 서강지점,61,39,22,0,4,22,18,12,5,0,4,13,10,7,5,0,0,9,8,5,0
2021,1,A,골목상권,2110569,홍대땡땡거리,358,153,205,2,62,108,97,53,36,1,18,48,46,19,21,1,44,60,51,34,15
2021,1,A,골목상권,2110568,광흥창역 1번,67,32,35,0,12,21,14,15,5,0,4,10,6,9,3,0,8,11,8,6,2
2021,1,A,골목상권,2110567,광흥창역 6번,91,61,30,0,16,26,27,12,10,0,8,20,13,11,9,0,8,6,14,1,1
2021,1,A,골목상권,2110566,경의선책거리,1690,934,756,2,359,547,406,290,86,1,137,328,252,157,59,1,222,219,154,133,27
2021,1,A,골목상권,2110565,홍익대,107,64,43,0,16,32,34,19,6,0,8,15,23,13,5,0,8,17,11,6,1
2021,1,A,골목상권,2110564,홍대입구역 3번,471,211,260,0,54,125,161,78,53,0,19,47,103,22,20,0,35,78,58,56,33
2021,1,A,골목상권,2110563,상수역 3번,355,274,81,12,83,130,78,23,29,10,63,101,61,16,23,2,20,29,17,7,6
2021,1,A,골목상권,2110562,연트럴파크(연남동주민센터),426,237,189,1,73,118,96,94,44,1,29,76,55,44,32,0,44,42,41,50,12
2021,1,A,골목상권,2110561,상수역 4번,395,247,148,4,59,102,94,89,47,2,21,56,64,68,36,2,38,46,30,21,11
2021,1,A,골목상권,2110560,마포FM,292,140,152,0,26,64,87,77,38,0,10,26,40,36,28,0,16,38,47,41,10
2021,1,A,골목상권,2110559,성산중학교,757,474,283,4,102,187,203,167,94,3,54,102,127,118,70,1,48,85,76,49,24
2021,1,A,골목상권,2110558,경성고등학교,2338,1579,759,11,302,556,565,513,391,10,149,343,406,384,287,1,153,213,159,129,104
2021,1,A,골목상권,2110557,홍대부속여중고앞,760,465,295,1,100,188,196,149,126,1,37,110,137,95,85,0,63,78,59,54,41
2021,1,A,골목상권,2110556,절두산순교성지,176,112,64,3,17,42,58,39,17,3,8,27,39,24,11,0,9,15,19,15,6
2021,1,A,골목상권,2110555,홍익지구대,335,161,174,1,58,69,68,50,89,0,16,32,34,21,58,1,42,37,34,29,31
2021,1,A,골목상권,2110554,망원역 1번,1499,727,772,2,210,352,484,333,118,2,105,174,225,147,74,0,105,178,259,186,44
2021,1,A,골목상권,2110553,가좌역 2번,257,150,107,0,23,42,73,79,40,0,14,23,39,41,33,0,9,19,34,38,7
2021,1,A,골목상권,2110552,성미산체육관,646,469,177,1,110,162,148,159,66,0,72,121,99,129,48,1,38,41,49,30,18
2021,1,A,골목상권,2110551,성서초등학교,803,387,416,1,110,164,235,172,121,1,42,90,114,81,59,0,68,74,121,91,62
2021,1,A,골목상권,2110550,합정역 8번,1578,740,838,1,240,411,414,333,179,0,84,165,221,171,99,1,156,246,193,162,80
2021,1,A,골목상권,2110549,새터산,283,137,146,1,48,61,76,46,51,1,18,31,43,16,28,0,30,30,33,30,23
2021,1,A,골목상권,2110548,마포구청역 4번,795,475,320,5,130,185,210,136,129,3,57,95,122,89,109,2,73,90,88,47,20
2021,1,A,골목상권,2110547,KB국민은행 망원동지점,284,168,116,0,13,47,93,76,55,0,4,25,55,45,39,0,9,22,38,31,16
2021,1,A,골목상권,2110546,양화대교북단,684,408,276,3,185,240,142,68,46,3,79,121,109,55,41,0,106,119,33,13,5
2021,1,A,골목상권,2110545,마포구청역 1번,880,496,384,1,74,169,241,262,133,1,30,100,116,154,95,0,44,69,125,108,38
2021,1,A,골목상권,2110544,망리단길,1203,718,485,1,179,248,331,253,191,1,107,153,171,147,139,0,72,95,160,106,52
2021,1,A,골목상권,2110543,중암중학교,38,25,13,0,6,8,14,7,3,0,3,5,8,6,3,0,3,3,6,1,0
2021,1,A,골목상권,2110542,마포구청역 7번,4013,2450,1563,16,528,715,782,1306,666,9,298,578,607,588,370,7,230,137,175,718,296
2021,1,A,골목상권,2110541,동교초등학교,377,221,156,0,43,59,101,96,78,0,23,37,63,50,48,0,20,22,38,46,30
2021,1,A,골목상권,2110540,망원나들목체육관,288,154,134,0,45,74,85,62,22,0,24,38,42,36,14,0,21,36,43,26,8
2021,1,A,골목상권,2110539,미근동,2792,1821,971,13,225,688,889,822,155,9,167,550,547,424,124,4,58,138,342,398,31
2021,1,A,골목상권,2110538,충정로역 3번,284,178,106,0,12,42,56,66,108,0,5,27,35,42,69,0,7,15,21,24,39
2021,1,A,골목상권,2110537,충정로현대아파트,1514,848,666,1,362,525,328,177,121,0,150,263,215,134,86,1,212,262,113,43,35
2021,1,A,골목상권,2110536,돈의문센트레빌아파트입구,141,105,36,0,12,23,61,32,13,0,7,17,50,21,10,0,5,6,11,11,3
2021,1,A,골목상권,2110535,영천시장입구,797,440,357,2,77,119,179,281,139,2,36,62,110,152,78,0,41,57,69,129,61
2021,1,A,골목상권,2110534,경기대학교,134,67,67,0,9,25,23,33,44,0,6,16,10,11,24,0,3,9,13,22,20
2021,1,A,골목상권,2110533,충정로역 7번,22,11,11,0,5,5,3,5,4,0,0,2,2,4,3,0,5,3,1,1,1
2021,1,A,골목상권,2110532,아현역 2번,330,205,125,0,52,33,48,78,119,0,17,13,23,57,95,0,35,20,25,21,24
2021,1,A,골목상권,2110531,홍지문,141,61,80,0,16,26,24,56,19,0,13,19,13,9,7,0,3,7,11,47,12
2021,1,A,골목상권,2110530,아현역 1번,36,20,16,0,5,5,7,15,4,0,2,5,4,6,3,0,3,0,3,9,1
2021,1,A,골목상권,2110529,홍제3동주민센터,136,67,69,0,14,22,30,27,43,0,2,6,11,16,32,0,12,16,19,11,11
2021,1,A,골목상권,2110528,서울여자간호대학교,309,149,160,0,11,22,32,69,175,0,10,12,16,22,89,0,1,10,16,47,86
2021,1,A,골목상권,2110527,홍제역 2번,177,83,94,1,35,39,35,38,29,1,11,26,14,19,12,0,24,13,21,19,17
2021,1,A,골목상권,2110526,봉원사,241,122,119,1,21,43,58,58,60,1,8,22,26,28,37,0,13,21,32,30,23
2021,1,A,골목상권,2110525,홍은종합사회복지관,61,17,44,0,10,12,15,10,14,0,1,3,0,4,9,0,9,9,15,6,5
2021,1,A,골목상권,2110524,연희세브란스병원,55,23,32,0,10,13,15,10,7,0,5,6,6,3,3,0,5,7,9,7,4
2021,1,A,골목상권,2110523,홍제성원아파트,25,11,14,0,0,6,7,7,5,0,0,1,3,5,2,0,0,5,4,2,3
2021,1,A,골목상권,2110522,홍제역 3번,8,3,5,0,3,0,1,1,3,0,0,0,0,1,2,0,3,0,1,0,1
2021,1,A,골목상권,2110521,홍제역 4번,63,36,27,0,4,7,19,17,16,0,0,4,10,9,13,0,4,3,9,8,3
2021,1,A,골목상권,2110520,경의중앙 신촌역,78,38,40,0,22,12,27,10,7,0,5,5,13,9,6,0,17,7,14,1,1
2021,1,A,골목상권,2110519,서대문구보건소별관,470,175,295,0,58,96,113,139,64,0,15,37,46,42,35,0,43,59,67,97,29
2021,1,A,골목상권,2110518,서대문구청,117,70,47,0,19,39,29,18,12,0,6,19,22,12,11,0,13,20,7,6,1
2021,1,A,골목상권,2110517,서대문소방서,1051,692,359,8,225,280,242,207,89,5,104,187,179,161,56,3,121,93,63,46,33
2021,1,A,골목상권,2110516,정원여중,114,85,29,0,24,19,35,22,14,0,17,14,26,19,9,0,7,5,9,3,5
2021,1,A,골목상권,2110515,홍은중학교,399,312,87,1,46,119,119,68,46,1,33,93,94,52,39,0,13,26,25,16,7
2021,1,A,골목상권,2110514,서대문우체국,86,19,67,0,26,26,17,9,8,0,0,4,7,4,4,0,26,22,10,5,4
2021,1,A,골목상권,2110513,연희파출소,457,241,216,0,51,87,110,130,79,0,17,46,58,69,51,0,34,41,52,61,28
2021,1,A,골목상권,2110512,연희지하차도,357,183,174,0,44,70,106,104,33,0,17,46,47,52,21,0,27,24,59,52,12
2021,1,A,골목상권,2110511,연희초등학교,3766,3317,449,2,465,768,660,1520,351,1,363,658,539,1427,329,1,102,110,121,93,22
2021,1,A,골목상권,2110510,홍연시장,99,59,40,0,8,14,35,26,16,0,4,6,23,14,12,0,4,8,12,12,4
2021,1,A,골목상권,2110509,연희대우아파트앞,691,333,358,0,73,177,151,193,97,0,29,73,77,101,53,0,44,104,74,92,44
2021,1,A,골목상권,2110508,서연중학교,1028,470,558,9,149,249,175,268,178,3,66,152,81,93,75,6,83,97,94,175,103
2021,1,A,골목상권,2110507,명지대학교,1537,1156,381,29,392,636,318,129,33,26,257,481,282,83,27,3,135,155,36,46,6
2021,1,A,골목상권,2110506,연희임광아파트,110,66,44,0,5,12,39,29,25,0,1,8,20,19,18,0,4,4,19,10,7
2021,1,A,골목상권,2110505,홍남교남측,14,9,5,0,1,0,3,7,3,0,0,0,2,5,2,0,1,0,1,2,1
2021,1,A,골목상권,2110504,명지전문대,139,35,104,0,8,17,27,38,49,0,3,4,6,11,11,0,5,13,21,27,38
2021,1,A,골목상권,2110503,명지대학교교회,230,123,107,0,27,52,59,64,28,0,9,30,26,36,22,0,18,22,33,28,6
2021,1,A,골목상권,2110502,남가좌파출소,290,147,143,0,29,34,73,92,62,0,14,16,35,47,35,0,15,18,38,45,27
2021,1,A,골목상권,2110501,연희어린이공원,214,82,132,0,12,33,40,75,54,0,3,20,15,18,26,0,9,13,25,57,28
2021,1,A,골목상권,2110500,남가좌동현대아파트,74,54,20,0,12,13,23,22,4,0,8,9,17,17,3,0,4,4,6,5,1
2021,1,A,골목상권,2110499,연가초등학교,282,123,159,0,44,47,83,67,41,0,8,22,32,35,26,0,36,25,51,32,15
2021,1,A,골목상권,2110498,증산역 1번,222,102,120,0,15,32,75,68,32,0,7,9,31,32,23,0,8,23,44,36,9
2021,1,A,골목상권,2110497,가좌역 3번,299,247,52,0,13,33,86,117,50,0,3,16,74,113,41,0,10,17,12,4,9
2021,1,A,골목상권,2110496,모래내우체국,611,333,278,2,88,190,160,89,82,2,20,100,117,42,52,0,68,90,43,47,30
2021,1,A,골목상권,2110495,북가좌2동주민센터,501,372,129,0,28,67,125,185,96,0,11,45,88,152,76,0,17,22,37,33,20
2021,1,A,골목상권,2110494,증산3교남측,31,24,7,0,1,8,7,9,6,0,0,7,5,7,5,0,1,1,2,2,1
2021,1,A,골목상권,2110493,북가좌초등학교,892,830,62,0,2,19,27,80,764,0,0,12,22,68,728,0,2,7,5,12,36
2021,1,A,골목상권,2110492,하나고등학교,247,43,204,1,6,15,13,98,114,0,1,8,7,10,17,1,5,7,6,88,97
2021,1,A,골목상권,2110491,불광중학교,195,90,105,0,13,35,71,56,20,0,8,20,32,18,12,0,5,15,39,38,8
2021,1,A,골목상권,2110490,녹번동근린공원,307,166,141,0,30,64,85,76,52,0,11,30,47,45,33,0,19,34,38,31,19
2021,1,A,골목상권,2110489,불광역 3번,35,25,10,0,3,7,10,10,5,0,3,4,7,6,5,0,0,3,3,4,0
2021,1,A,골목상권,2110488,우리은행응암동지점,171,103,68,1,14,24,41,36,55,0,8,16,19,15,45,1,6,8,22,21,10
2021,1,A,골목상권,2110487,불광역 8번,63,35,28,0,11,22,15,8,7,0,6,11,7,8,3,0,5,11,8,0,4
2021,1,A,골목상권,2110486,은평구청,629,292,337,0,86,110,146,178,109,0,55,72,56,64,45,0,31,38,90,114,64
2021,1,A,골목상권,2110485,연신내우체국,1259,678,581,0,7,24,35,160,1033,0,4,5,15,70,584,0,3,19,20,90,449
2021,1,A,골목상권,2110484,역촌역 3번,500,203,297,6,62,136,132,103,61,5,34,48,43,35,38,1,28,88,89,68,23
2021,1,A,골목상권,2110483,연천초등학교,147,90,57,0,13,21,45,22,46,0,5,11,31,13,30,0,8,10,14,9,16
2021,1,A,골목상권,2110482,연신초등학교,45,19,26,0,2,5,16,19,3,0,0,0,6,11,2,0,2,5,10,8,1
2021,1,A,골목상권,2110481,불광역 7번,193,86,107,0,13,43,41,57,39,0,2,22,11,24,27,0,11,21,30,33,12
2021,1,A,골목상권,2110480,연신내역 3번,117,34,83,0,7,27,37,29,17,0,0,7,12,9,6,0,7,20,25,20,11
2021,1,A,골목상권,2110479,연신내역 2번,304,177,127,1,50,83,64,66,40,0,28,71,33,32,13,1,22,12,31,34,27
2021,1,A,골목상권,2110478,응암1동주민센터,359,221,138,2,26,39,56,58,178,2,16,23,28,33,119,0,10,16,28,25,59
2021,1,A,골목상권,2110477,은평세무서,434,205,229,0,43,62,106,141,82,0,15,23,49,71,47,0,28,39,57,70,35
2021,1,A,골목상권,2110476,역촌역 2번,56,26,30,0,2,8,22,17,7,0,1,3,9,7,6,0,1,5,13,10,1
2021,1,A,골목상권,2110475,백련산해모로아파트,241,126,115,1,23,42,76,68,31,1,10,24,44,28,19,0,13,18,32,40,12
2021,1,A,골목상권,2110474,세명컴퓨터고등학교,196,68,128,0,12,41,40,59,44,0,3,19,15,11,20,0,9,22,25,48,24
2021,1,A,골목상권,2110473,구산역 1번,436,241,195,0,34,59,113,107,123,0,24,27,53,49,88,0,10,32,60,58,35
2021,1,A,골목상권,2110472,연신내역 4번,336,156,180,2,52,77,80,68,57,1,16,43,30,37,29,1,36,34,50,31,28
2021,1,A,골목상권,2110471,응암동우체국,258,110,148,0,33,58,70,72,25,0,10,17,25,36,22,0,23,41,45,36,3
2021,1,A,골목상권,2110470,신진과학기술고등학교,127,78,49,0,30,22,40,25,10,0,12,11,31,19,5,0,18,11,9,6,5
2021,1,A,골목상권,2110469,응암정보도서관,340,184,156,1,38,58,102,103,38,0,11,29,59,56,29,1,27,29,43,47,9
2021,1,A,골목상권,2110468,응암역 3번,1129,494,635,2,141,256,316,256,158,0,44,114,140,109,87,2,97,142,176,147,71
2021,1,A,골목상권,2110467,은평요양병원,487,284,203,3,90,154,110,68,62,2,46,100,61,37,38,1,44,54,49,31,24
2021,1,A,골목상권,2110466,구산역 2번,87,46,41,0,12,17,26,24,8,0,4,5,16,15,6,0,8,12,10,9,2
2021,1,A,골목상권,2110465,연신내역 7번,229,110,119,3,36,48,55,52,35,2,11,25,24,23,25,1,25,23,31,29,10
2021,1,A,골목상권,2110464,연신내역 5번,301,170,131,4,32,53,93,85,34,4,18,28,44,49,27,0,14,25,49,36,7
2021,1,A,골목상권,2110463,응암3동주민센터,123,54,69,0,7,23,36,26,31,0,3,6,14,11,20,0,4,17,22,15,11
2021,1,A,골목상권,2110462,갈현건영아파트,354,220,134,1,41,64,104,81,63,1,23,38,61,50,47,0,18,26,43,31,16
2021,1,A,골목상권,2110461,새절역 2번,39,21,18,0,2,8,11,10,8,0,2,2,6,6,5,0,0,6,5,4,3
2021,1,A,골목상권,2110460,구산역 4번,969,582,387,0,57,184,248,234,246,0,18,124,133,121,186,0,39,60,115,113,60
2021,1,A,골목상권,2110459,응암역 2번,547,198,349,1,50,105,159,154,78,0,9,38,77,41,33,1,41,67,82,113,45
2021,1,A,골목상권,2110458,선일여고,404,211,193,1,34,87,96,122,64,0,19,52,49,54,37,1,15,35,47,68,27
2021,1,A,골목상권,2110457,예일여고,484,284,200,1,60,89,88,132,114,0,27,47,47,71,92,1,33,42,41,61,22
2021,1,A,골목상권,2110456,구산보건지소,966,543,423,3,284,226,177,146,130,1,123,112,94,96,117,2,161,114,83,50,13
2021,1,A,골목상권,2110455,역촌노인복지관,678,360,318,2,69,118,187,198,104,0,34,63,89,105,69,2,35,55,98,93,35
2021,1,A,골목상권,2110454,선정중학교,481,268,213,3,56,71,142,108,101,2,42,35,53,66,70,1,14,36,89,42,31
2021,1,A,골목상권,2110453,신사1동주민센터,515,288,227,0,43,81,121,155,115,0,20,25,65,85,93,0,23,56,56,70,22
2021,1,A,골목상권,2110452,새절역 3번,420,347,73,1,17,47,78,132,145,1,11,29,58,113,135,0,6,18,20,19,10
2021,1,A,골목상권,2110451,증산역 4번,1296,986,310,2,153,384,374,298,85,2,78,294,312,235,65,0,75,90,62,63,20
2021,1,A,골목상권,2110450,시립서북병원,1576,644,932,4,301,361,344,339,227,2,124,172,146,108,92,2,177,189,198,231,135
2021,1,A,골목상권,2110449,증산역 3번,717,414,303,0,105,161,186,149,116,0,47,98,99,85,85,0,58,63,87,64,31
2021,1,A,골목상권,2110448,상신초등학교입구,120,76,44,1,20,27,26,26,20,1,17,17,12,14,15,0,3,10,14,12,5
2021,1,A,골목상권,2110447,구산초등학교,12,7,5,0,2,2,3,1,4,0,1,2,1,1,2,0,1,0,2,0,2
2021,1,A,골목상권,2110446,내를건너서숲으로도서관,375,294,81,0,65,88,84,69,69,0,61,77,55,44,57,0,4,11,29,25,12
2021,1,A,골목상권,2110445,덕산중학교,61,45,16,0,18,14,15,6,8,0,10,9,12,6,8,0,8,5,3,0,0
2021,1,A,골목상권,2110444,수색성당,170,73,97,0,13,53,46,45,13,0,5,27,13,17,11,0,8,26,33,28,2
2021,1,A,골목상권,2110443,수색역 1번,14,7,7,0,1,1,7,4,1,0,0,1,2,3,1,0,1,0,5,1,0
2021,1,A,골목상권,2110442,화랑대철도공원,76,20,56,0,1,4,14,49,8,0,0,2,4,10,4,0,1,2,10,39,4
2021,1,A,골목상권,2110441,영신여고,172,78,94,0,19,38,41,45,29,0,7,20,16,23,12,0,12,18,25,22,17
2021,1,A,골목상권,2110440,상계3동4동주민센터,49,16,33,0,8,6,15,10,10,0,1,1,4,2,8,0,7,5,11,8,2
2021,1,A,골목상권,2110439,당고개역 5번,63,21,42,0,3,7,6,19,28,0,0,4,2,7,8,0,3,3,4,12,20
2021,1,A,골목상권,2110438,경춘선숲길 우측,230,110,120,0,26,54,83,52,15,0,12,21,38,30,9,0,14,33,45,22,6
2021,1,A,골목상권,2110437,당고개역 2번,116,40,76,0,16,23,25,41,11,0,5,11,9,10,5,0,11,12,16,31,6
2021,1,A,골목상권,2110436,상계제일중학교,93,60,33,0,15,21,33,20,4,0,5,13,23,15,4,0,10,8,10,5,0
2021,1,A,골목상권,2110435,서울과학기술대,73,40,33,0,5,12,18,25,13,0,3,4,8,14,11,0,2,8,10,11,2
2021,1,A,골목상권,2110434,태릉입구역 4번,121,62,59,0,13,11,24,35,38,0,3,2,12,22,23,0,10,9,12,13,15
2021,1,A,골목상권,2110433,공릉역 2번,401,137,264,1,30,41,46,46,237,1,17,30,25,18,46,0,13,11,21,28,191
2021,1,A,골목상권,2110432,대진고등학교,894,734,160,0,55,146,248,343,102,0,27,96,214,311,86,0,28,50,34,32,16
2021,1,A,골목상권,2110431,상계역,124,72,52,1,16,24,28,37,18,0,2,13,17,27,13,1,14,11,11,10,5
2021,1,A,골목상권,2110430,중계초등학교,307,114,193,0,20,36,65,106,80,0,9,11,21,29,44,0,11,25,44,77,36
2021,1,A,골목상권,2110429,공릉동 국수거리,2074,916,1158,3,224,284,511,689,363,1,91,167,248,234,175,2,133,117,263,455,188
2021,1,A,골목상권,2110428,상계5동주민센터,491,217,274,1,43,52,106,158,131,0,14,25,45,70,63,1,29,27,61,88,68
2021,1,A,골목상권,2110427,노원 을지대학교병원,363,281,82,0,27,27,62,126,121,0,12,14,31,109,115,0,15,13,31,17,6
2021,1,A,골목상권,2110426,상계2동주민센터,337,169,168,0,32,57,83,96,69,0,15,30,39,45,40,0,17,27,44,51,29
2021,1,A,골목상권,2110425,계상초등학교,130,54,76,2,18,10,35,38,27,2,5,5,18,14,10,0,13,5,17,24,17
2021,1,A,골목상권,2110424,상계초등학교,388,157,231,2,42,50,96,106,92,2,18,32,32,42,31,0,24,18,64,64,61
2021,1,A,골목상권,2110423,석계역 2번,280,104,176,0,27,29,65,73,86,0,9,15,31,29,20,0,18,14,34,44,66
2021,1,A,골목상권,2110422,노원역 9번,277,221,56,0,27,70,94,54,32,0,24,59,79,37,22,0,3,11,15,17,10
2021,1,A,골목상권,2110421,석계역 1번,249,109,140,0,22,37,78,65,47,0,8,16,31,26,28,0,14,21,47,39,19
2021,1,A,골목상권,2110420,광운대역 1번,814,483,331,7,235,312,188,43,29,0,114,236,92,23,18,7,121,76,96,20,11
2021,1,A,골목상권,2110419,수락산디자인거리,789,536,253,5,96,138,186,200,164,5,51,79,130,146,125,0,45,59,56,54,39
2021,1,A,골목상권,2110418,광운대학교 남단,100,45,55,0,11,17,23,26,23,0,5,5,13,16,6,0,6,12,10,10,17
2021,1,A,골목상권,2110417,월계역 3번,26,14,12,0,11,9,2,4,0,0,4,6,2,2,0,0,7,3,0,2,0
2021,1,A,골목상권,2110416,노원초등학교,468,244,224,4,61,110,118,126,49,2,24,73,58,58,29,2,37,37,60,68,20
2021,1,A,골목상권,2110415,수락산역 4번,635,386,249,5,82,110,155,174,109,5,46,71,85,110,69,0,36,39,70,64,40
2021,1,A,골목상권,2110414,장석교회,61,47,14,0,5,13,15,20,8,0,3,11,11,17,5,0,2,2,4,3,3
2021,1,A,골목상권,2110413,누원고등학교,54,33,21,0,8,11,12,11,12,0,5,8,5,5,10,0,3,3,7,6,2
2021,1,A,골목상권,2110412,창동중학교,25,23,2,0,4,7,3,4,7,0,3,7,3,3,7,0,1,0,0,1,0
2021,1,A,골목상권,2110411,도봉역 3번,413,368,45,1,13,35,58,137,169,0,10,22,45,130,161,1,3,13,13,7,8
2021,1,A,골목상권,2110410,방학역 2번,957,833,124,3,75,187,185,224,283,2,61,162,154,194,260,1,14,25,31,30,23
2021,1,A,골목상권,2110409,창동역 2번,3957,2958,999,1,352,962,964,701,977,0,256,794,803,441,664,1,96,168,161,260,313
2021,1,A,골목상권,2110408,가인초등학교,359,108,251,0,68,70,101,86,34,0,13,24,33,22,16,0,55,46,68,64,18
2021,1,A,골목상권,2110407,도봉역 2번,562,338,224,1,32,77,115,203,134,1,8,41,57,126,105,0,24,36,58,77,29
2021,1,A,골목상권,2110406,도봉산역 1번,659,595,64,0,13,37,147,294,168,0,6,25,133,278,153,0,7,12,14,16,15
2021,1,A,골목상권,2110405,방학역 1번,1123,365,758,3,130,176,308,427,79,3,67,109,82,70,34,0,63,67,226,357,45
2021,1,A,골목상권,2110404,신창초등학교,520,300,220,1,42,96,163,136,82,0,11,57,109,76,47,1,31,39,54,60,35
2021,1,A,골목상권,2110403,방학1동주민센터,316,167,149,1,44,56,63,78,74,1,30,37,36,36,27,0,14,19,27,42,47
2021,1,A,골목상권,2110402,도봉구 정병원,471,221,250,1,85,98,98,106,83,0,24,38,54,59,46,1,61,60,44,47,37
2021,1,A,골목상권,2110401,도봉구민회관,243,65,178,0,29,32,38,87,57,0,4,14,14,22,11,0,25,18,24,65,46
2021,1,A,골목상권,2110400,도봉구보건소,191,111,80,0,20,35,53,51,32,0,9,22,32,26,22,0,11,13,21,25,10
2021,1,A,골목상권,2110399,창2동주민센터,852,519,333,8,114,210,262,189,69,8,71,159,139,94,48,0,43,51,123,95,21
2021,1,A,골목상권,2110398,쌍문2동우체국,474,326,148,0,30,65,96,153,130,0,11,27,50,124,114,0,19,38,46,29,16
2021,1,A,골목상권,2110397,도봉산입구,469,257,212,0,31,56,101,131,150,0,6,34,39,73,105,0,25,22,62,58,45
2021,1,A,골목상권,2110396,쌍문역1번(쌍리단길),259,94,165,2,41,49,52,76,39,0,13,15,22,29,15,2,28,34,30,47,24
2021,1,A,골목상권,2110395,신한은행 방학동지점,163,42,121,0,17,20,44,42,40,0,0,2,11,9,20,0,17,18,33,33,20
2021,1,A,골목상권,2110394,방학중학교,193,116,77,0,15,32,46,48,52,0,8,18,23,29,38,0,7,14,23,19,14
2021,1,A,골목상권,2110393,국민은행방학지점,49,13,36,0,2,10,17,15,5,0,0,0,4,6,3,0,2,10,13,9,2
2021,1,A,골목상권,2110392,발바닥공원,43,17,26,0,2,8,7,10,16,0,0,0,3,3,11,0,2,8,4,7,5
2021,1,A,골목상권,2110391,샘말어린이공원,373,154,219,0,29,54,74,53,163,0,14,28,40,26,46,0,15,26,34,27,117
2021,1,A,골목상권,2110390,방학초등학교,225,105,120,0,18,60,66,58,23,0,7,33,27,27,11,0,11,27,39,31,12
2021,1,A,골목상권,2110389,한일병원,209,120,89,0,23,37,57,53,39,0,10,19,35,30,26,0,13,18,22,23,13
2021,1,A,골목상권,2110388,도봉우체국,35,23,12,0,4,3,10,14,4,0,2,2,7,8,4,0,2,1,3,6,0
2021,1,A,골목상권,2110387,쌍문초등학교,335,185,150,0,38,53,98,88,58,0,13,29,51,47,45,0,25,24,47,41,13
2021,1,A,골목상권,2110386,연산군묘,124,114,10,0,4,3,10,44,63,0,1,3,7,40,63,0,3,0,3,4,0
2021,1,A,골목상권,2110385,효문고등학교,37,22,15,0,3,9,12,4,9,0,2,5,3,4,8,0,1,4,9,0,1
2021,1,A,골목상권,2110384,문이교,248,138,110,0,37,20,50,81,60,0,12,8,21,51,46,0,25,12,29,30,14
2021,1,A,골목상권,2110383,덕성여대시반거리,33,21,12,0,0,3,13,10,7,0,0,2,9,5,5,0,0,1,4,5,2
2021,1,A,골목상권,2110382,솔밭공원역 1번,32,25,7,0,1,9,8,7,7,0,0,5,6,7,7,0,1,4,2,0,0
2021,1,A,골목상권,2110381,번동주공2단지,171,88,83,5,31,28,38,55,14,4,11,14,21,30,8,1,20,14,17,25,6
2021,1,A,골목상권,2110380,강북문화정보도서관,48,15,33,0,12,10,12,10,4,0,0,3,5,4,3,0,12,7,7,6,1
2021,1,A,골목상권,2110379,KT&G 북부지사,12,3,9,1,1,1,3,3,3,0,0,0,1,1,1,1,1,1,2,2,2
2021,1,A,골목상권,2110378,송중동주민센터,23,13,10,0,1,4,6,9,3,0,1,2,2,6,2,0,0,2,4,3,1
2021,1,A,골목상권,2110377,미아사거리역 3번,21,14,7,0,2,2,2,9,6,0,2,2,1,4,5,0,0,0,1,5,1
2021,1,A,골목상권,2110376,수송초등학교,224,142,82,0,26,47,62,60,29,0,12,29,38,41,22,0,14,18,24,19,7
2021,1,A,골목상권,2110375,서울북부고용노동지청,178,99,79,1,23,32,47,52,23,0,18,26,25,19,11,1,5,6,22,33,12
2021,1,A,골목상권,2110374,송중초등학교,491,272,219,5,33,60,145,140,108,5,9,29,73,70,86,0,24,31,72,70,22
2021,1,A,골목상권,2110373,수유역 2번,891,705,186,0,129,255,172,236,99,0,90,208,134,205,68,0,39,47,38,31,31
2021,1,A,골목상권,2110372,강북중학교,188,100,88,0,21,43,50,48,26,0,17,25,18,20,20,0,4,18,32,28,6
2021,1,A,골목상권,2110371,삼양입구사거리,49,23,26,0,2,7,10,19,11,0,0,3,5,10,5,0,2,4,5,9,6
2021,1,A,골목상권,2110370,도봉세무서,367,255,112,0,17,61,76,105,108,0,11,31,42,80,91,0,6,30,34,25,17
2021,1,A,골목상권,2110369,성신여대운정그린캠퍼스,518,214,304,1,49,46,131,131,160,1,10,16,44,53,90,0,39,30,87,78,70
2021,1,A,골목상권,2110368,송천초등학교,196,176,20,0,9,16,36,71,64,0,5,11,32,66,62,0,4,5,4,5,2
2021,1,A,골목상권,2110367,강북구청,1943,976,967,5,195,512,483,522,226,4,64,205,237,340,126,1,131,307,246,182,100
2021,1,A,골목상권,2110366,광산사거리,91,64,27,0,17,20,17,22,15,0,13,13,11,16,11,0,4,7,6,6,4
2021,1,A,골목상권,2110365,미아역 5번,341,83,258,0,17,21,44,63,196,0,5,12,15,17,34,0,12,9,29,46,162
2021,1,A,골목상권,2110364,미아역 8번,146,75,71,0,9,26,51,39,21,0,3,9,25,23,15,0,6,17,26,16,6
2021,1,A,골목상권,2110363,송천동주민센터,19,12,7,0,0,4,3,7,5,0,0,3,1,4,4,0,0,1,2,3,1
2021,1,A,골목상권,2110362,우이천 계성교,205,110,95,1,24,34,61,63,22,0,11,19,28,35,17,1,13,15,33,28,5
2021,1,A,골목상권,2110361,삼양사거리역 1번,101,29,72,0,9,12,19,28,33,0,2,4,3,7,13,0,7,8,16,21,20
2021,1,A,골목상권,2110360,수유초등학교,321,222,99,0,34,61,63,67,96,0,7,43,42,44,86,0,27,18,21,23,10
2021,1,A,골목상권,2110359,수유시장옆,117,67,50,0,12,25,33,36,11,0,3,12,16,29,7,0,9,13,17,7,4
2021,1,A,골목상권,2110358,인수동 우편취급국,558,300,258,0,18,35,68,214,223,0,2,18,24,94,162,0,16,17,44,120,61
2021,1,A,골목상권,2110357,가오리역 1번,725,611,114,0,25,36,171,340,153,0,4,18,146,310,133,0,21,18,25,30,20
2021,1,A,골목상권,2110356,덕수교,228,114,114,0,13,34,55,60,66,0,4,17,22,30,41,0,9,17,33,30,25
2021,1,A,골목상권,2110355,삼양사거리역 2번,306,254,52,0,8,26,44,103,125,0,1,10,31,94,118,0,7,16,13,9,7
2021,1,A,골목상권,2110354,삼각산119안전센터,22,5,17,0,2,3,10,5,2,0,0,0,2,1,2,0,2,3,8,4,0
2021,1,A,골목상권,2110353,수유동우체국,187,91,96,0,4,18,48,60,57,0,1,12,33,27,18,0,3,6,15,33,39
2021,1,A,골목상권,2110352,수유1동주민센터,305,121,184,0,28,55,103,86,33,0,11,24,37,32,17,0,17,31,66,54,16
2021,1,A,골목상권,2110351,수유북부시장옆,214,93,121,0,27,45,51,59,32,0,9,17,20,25,22,0,18,28,31,34,10
2021,1,A,골목상권,2110350,가오리역 2번,148,77,71,0,11,27,37,49,24,0,5,11,18,26,17,0,6,16,19,23,7
2021,1,A,골목상권,2110349,화계역 2번,83,67,16,0,6,4,21,33,19,0,5,3,12,28,19,0,1,1,9,5,0
2021,1,A,골목상권,2110348,강북문화예술회관,343,174,169,0,27,59,108,96,53,0,4,31,63,43,33,0,23,28,45,53,20
2021,1,A,골목상권,2110347,구세군강북종합사회복지관,38,17,21,0,10,7,5,9,7,0,1,5,1,5,5,0,9,2,4,4,2
2021,1,A,골목상권,2110346,4.19민주묘지역 2번,96,48,48,0,12,13,19,19,33,0,3,7,8,7,23,0,9,6,11,12,10
2021,1,A,골목상권,2110345,솔밭공원역 2번,117,48,69,1,14,20,26,38,18,0,3,6,8,18,13,1,11,14,18,20,5
2021,1,A,골목상권,2110344,화계중학교,12,10,2,0,7,1,1,2,1,0,5,1,1,2,1,0,2,0,0,0,0
2021,1,A,골목상권,2110343,무너미어린이공원,100,74,26,0,7,21,28,32,12,0,4,14,22,25,9,0,3,7,6,7,3
2021,1,A,골목상권,2110342,국립재활원,59,44,15,0,5,11,20,15,8,0,3,8,14,13,6,0,2,3,6,2,2
2021,1,A,골목상권,2110341,북한산우이역 2번,492,408,84,0,15,25,80,255,117,0,4,10,52,235,107,0,11,15,28,20,10
2021,1,A,골목상권,2110340,인수중학교,176,99,77,0,24,55,50,29,18,0,8,43,31,7,10,0,16,12,19,22,8
2021,1,A,골목상권,2110339,국립4.19민주묘지,26,10,16,0,2,4,8,7,5,0,0,3,5,0,2,0,2,1,3,7,3
2021,1,A,골목상권,2110338,인수초등학교,190,135,55,0,34,59,43,46,8,0,18,42,33,35,7,0,16,17,10,11,1
2021,1,A,골목상권,2110337,아카데미하우스,512,368,144,6,70,69,94,159,114,6,43,58,60,98,103,0,27,11,34,61,11
2021,1,A,골목상권,2110336,석관고등학교,94,84,10,0,3,17,16,37,21,0,3,15,13,34,19,0,0,2,3,3,2
2021,1,A,골목상권,2110335,석계역 7번,249,172,77,1,19,32,66,64,67,0,13,18,34,45,62,1,6,14,32,19,5
2021,1,A,골목상권,2110334,석관중앙교회,170,105,65,0,21,43,31,41,34,0,8,19,19,29,30,0,13,24,12,12,4
2021,1,A,골목상권,2110333,돌곶이역 5번,988,746,242,0,15,23,38,74,838,0,2,13,20,42,669,0,13,10,18,32,169
2021,1,A,골목상권,2110332,돌곶이역 3번,164,63,101,0,28,29,42,47,18,0,6,18,19,14,6,0,22,11,23,33,12
2021,1,A,골목상권,2110331,돌곶이역 8번,436,292,144,3,54,146,112,76,45,0,17,105,82,53,35,3,37,41,30,23,10
2021,1,A,골목상권,2110330,돌곶이역 1번,220,172,48,0,12,18,33,31,126,0,4,12,20,23,113,0,8,6,13,8,13
2021,1,A,골목상권,2110329,우리은행체육관,53,27,26,1,7,9,12,17,7,1,0,5,5,10,6,0,7,4,7,7,1
2021,1,A,골목상권,2110328,상월곡역 3번,250,157,93,1,41,81,66,39,22,1,26,58,33,24,15,0,15,23,33,15,7
2021,1,A,골목상권,2110327,상월곡역 2번,104,55,49,0,8,15,39,26,16,0,3,6,23,14,9,0,5,9,16,12,7
2021,1,A,골목상권,2110326,장위동성당,84,40,44,0,2,9,16,13,44,0,1,2,6,5,26,0,1,7,10,8,18
2021,1,A,골목상권,2110325,장곡초등학교,62,22,40,0,0,14,22,20,6,0,0,3,8,7,4,0,0,11,14,13,2
2021,1,A,골목상권,2110324,월곡역 4번,99,55,44,0,31,21,19,18,10,0,9,10,13,14,9,0,22,11,6,4,1
2021,1,A,골목상권,2110323,상월곡역 1번,109,30,79,2,25,24,28,18,12,0,4,5,11,5,5,2,21,19,17,13,7
2021,1,A,골목상권,2110322,장위1동주민센터,237,158,79,0,14,15,42,74,92,0,9,11,30,52,56,0,5,4,12,22,36
2021,1,A,골목상권,2110321,동덕여대,43,29,14,0,2,6,17,12,6,0,2,6,9,7,5,0,0,0,8,5,1
2021,1,A,골목상권,2110320,KB국민은행 종암동지점,72,44,28,0,2,11,24,21,14,0,1,5,12,14,12,0,1,6,12,7,2
2021,1,A,골목상권,2110319,종암동주민센터,277,111,166,1,45,49,65,62,55,0,8,19,24,32,28,1,37,30,41,30,27
2021,1,A,골목상권,2110318,KT월곡지사,148,78,70,0,21,29,45,36,17,0,10,19,22,14,13,0,11,10,23,22,4
2021,1,A,골목상권,2110317,종암중학교,412,207,205,0,33,120,153,86,20,0,14,47,78,59,9,0,19,73,75,27,11
2021,1,A,골목상권,2110316,숭곡초등학교,439,217,222,2,68,114,129,88,38,2,19,58,73,42,23,0,49,56,56,46,15
2021,1,A,골목상권,2110315,종암아이파크2차,124,78,46,0,11,17,41,38,17,0,4,9,27,25,13,0,7,8,14,13,4
2021,1,A,골목상권,2110314,종암경찰서,953,701,252,1,127,272,224,287,42,0,72,207,163,231,28,1,55,65,61,56,14
2021,1,A,골목상권,2110313,안암역 3번,2079,1351,728,2,209,555,672,477,164,0,96,312,446,356,141,2,113,243,226,121,23
2021,1,A,골목상권,2110312,안암역 2번,175,96,79,0,18,24,52,54,27,0,9,17,27,27,16,0,9,7,25,27,11
2021,1,A,골목상권,2110311,종암아이파크2차후문,49,21,28,0,3,5,24,7,10,0,2,2,6,4,7,0,1,3,18,3,3
2021,1,A,골목상권,2110310,길음역 10번,45,14,31,0,12,8,5,15,5,0,4,1,2,4,3,0,8,7,3,11,2
2021,1,A,골목상권,2110309,대광초등학교,354,252,102,0,37,57,103,96,61,0,18,39,69,75,51,0,19,18,34,21,10
2021,1,A,골목상권,2110308,길음역 8번,174,85,89,0,17,36,56,41,24,0,8,17,26,20,14,0,9,19,30,21,10
2021,1,A,골목상권,2110307,길음역 7번,158,71,87,0,29,32,52,27,18,0,7,17,23,12,12,0,22,15,29,15,6
2021,1,A,골목상권,2110306,미아초등학교,291,194,97,2,13,46,66,71,93,0,3,25,39,45,82,2,10,21,27,26,11
2021,1,A,골목상권,2110305,보문역 5번,883,661,222,3,165,255,173,133,154,1,99,199,129,103,130,2,66,56,44,30,24
2021,1,A,골목상권,2110304,보문역 4번,248,146,102,0,40,77,61,48,22,0,10,46,35,37,18,0,30,31,26,11,4
2021,1,A,골목상권,2110303,성신여대입구역 1번,138,97,41,1,7,35,44,27,24,0,2,22,28,25,20,1,5,13,16,2,4
2021,1,A,골목상권,2110302,보문역 8번,3818,3195,623,1,369,1436,715,829,468,1,257,1276,659,708,294,0,112,160,56,121,174
2021,1,A,골목상권,2110301,성신여대입구역 7번,484,209,275,1,73,84,96,134,96,0,31,37,39,62,40,1,42,47,57,72,56
2021,1,A,골목상권,2110300,삼선동주민센터,2735,1587,1148,3,248,710,769,844,161,2,97,300,444,629,115,1,151,410,325,215,46
2021,1,A,골목상권,2110299,정릉역 1번,372,241,131,1,33,49,83,95,111,0,9,12,40,74,106,1,24,37,43,21,5
2021,1,A,골목상권,2110298,솔숲어린이공원,77,28,49,0,18,11,24,12,12,0,3,5,7,5,8,0,15,6,17,7,4
2021,1,A,골목상권,2110297,경동고등학교,654,311,343,0,74,123,156,164,137,0,31,65,74,79,62,0,43,58,82,85,75
2021,1,A,골목상권,2110296,성신여대입구역 4번,77,39,38,1,7,12,30,11,16,1,3,7,15,8,5,0,4,5,15,3,11
2021,1,A,골목상권,2110295,정릉우체국,679,248,431,0,166,178,163,119,53,0,36,67,49,52,44,0,130,111,114,67,9
2021,1,A,골목상권,2110294,서경대학교,391,262,129,0,35,30,93,120,113,0,18,14,46,87,97,0,17,16,47,33,16
2021,1,A,골목상권,2110293,삼선중학교,1730,860,870,4,248,467,527,319,165,3,116,277,268,111,85,1,132,190,259,208,80
2021,1,A,골목상권,2110292,정릉역 2번,43,17,26,0,2,7,21,7,6,0,1,5,6,3,2,0,1,2,15,4,4
2021,1,A,골목상권,2110291,한성대입구역 3번,345,174,171,2,27,49,96,92,79,0,14,24,50,52,34,2,13,25,46,40,45
2021,1,A,골목상권,2110290,북한산보국문역 1번,96,78,18,0,2,9,29,37,19,0,1,8,23,30,16,0,1,1,6,7,3
2021,1,A,골목상권,2110289,북한산보국문역 2번,144,105,39,0,9,28,49,32,26,0,6,23,30,24,22,0,3,5,19,8,4
2021,1,A,골목상권,2110288,동구여중,216,139,77,1,19,49,52,55,40,0,9,22,35,40,33,1,10,27,17,15,7
2021,1,A,골목상권,2110287,정릉3동주민센터,70,50,20,0,9,12,18,19,12,0,5,8,15,12,10,0,4,4,3,7,2
2021,1,A,골목상권,2110286,한성대입구역 5번,978,468,510,17,187,284,317,122,51,8,70,126,143,83,38,9,117,158,174,39,13
2021,1,A,골목상권,2110285,홍대부중,814,559,255,9,219,220,210,100,56,6,118,172,163,69,31,3,101,48,47,31,25
2021,1,A,골목상권,2110284,정릉북한산국립공원입구,644,558,86,0,13,85,200,250,96,0,8,69,176,220,85,0,5,16,24,30,11
2021,1,A,골목상권,2110283,성북초등학교앞,203,78,125,0,16,33,56,80,18,0,8,10,23,27,10,0,8,23,33,53,8
2021,1,A,골목상권,2110282,국민대학교앞,1403,1162,241,15,213,430,341,239,165,14,151,387,296,212,102,1,62,43,45,27,63
2021,1,A,골목상권,2110281,길상사,13811,12087,1724,12,1418,3093,4057,4963,268,1,960,2426,3678,4822,200,11,458,667,379,141,68
2021,1,A,골목상권,2110280,북정마을,78,40,38,0,6,12,25,24,11,0,2,4,11,15,8,0,4,8,14,9,3
2021,1,A,골목상권,2110279,신내역 2번,9,8,1,0,0,1,4,4,0,0,0,1,3,4,0,0,0,0,1,0,0
2021,1,A,골목상권,2110278,망우본동주민센터,279,168,111,1,32,46,78,83,39,0,10,25,44,57,32,1,22,21,34,26,7
2021,1,A,골목상권,2110277,러스크서울병원,178,100,78,0,16,32,39,52,39,0,6,15,23,29,27,0,10,17,16,23,12
2021,1,A,골목상권,2110276,신내IC북측,39,25,14,0,1,6,11,12,9,0,0,5,6,9,5,0,1,1,5,3,4
2021,1,A,골목상권,2110275,하나은행 망우동지점,63,33,30,0,4,9,19,16,15,0,3,6,9,5,10,0,1,3,10,11,5
2021,1,A,골목상권,2110274,서일대학교,552,385,167,0,49,66,143,153,141,0,10,43,97,121,114,0,39,23,46,32,27
2021,1,A,골목상권,2110273,장스여성병원,610,446,164,7,31,37,75,209,251,0,4,8,37,168,229,7,27,29,38,41,22
2021,1,A,골목상권,2110272,신내1동주민센터,471,318,153,0,45,69,93,149,115,0,15,35,60,103,105,0,30,34,33,46,10
2021,1,A,골목상권,2110271,신내역 1번,97,74,23,0,8,17,25,29,18,0,5,14,18,23,14,0,3,3,7,6,4
2021,1,A,골목상권,2110270,혜원여고,168,148,20,0,4,5,7,70,82,0,4,3,6,59,76,0,0,2,1,11,6
2021,1,A,골목상권,2110269,용마문화복지센터,169,98,71,0,19,53,52,28,17,0,13,32,30,19,4,0,6,21,22,9,13
2021,1,A,골목상권,2110268,망우3동주민센터,60,30,30,0,10,13,10,18,9,0,1,5,7,10,7,0,9,8,3,8,2
2021,1,A,골목상권,2110267,망우역 2번,139,49,90,1,15,28,50,28,17,1,2,10,19,13,4,0,13,18,31,15,13
2021,1,A,골목상권,2110266,면목동우체국,225,182,43,0,10,31,38,79,67,0,1,19,30,69,63,0,9,12,8,10,4
2021,1,A,골목상권,2110265,망우역 1번,198,91,107,1,23,43,54,57,20,0,7,18,21,32,13,1,16,25,33,25,7
2021,1,A,골목상권,2110264,면목역 2번,358,170,188,1,52,75,93,80,57,0,21,40,40,37,32,1,31,35,53,43,25
2021,1,A,골목상권,2110263,면목역 1번,128,69,59,0,12,27,34,24,31,0,6,12,11,14,26,0,6,15,23,10,5
2021,1,A,골목상권,2110262,상봉역 3번,1532,879,653,2,221,447,543,268,51,0,119,337,282,107,34,2,102,110,261,161,17
2021,1,A,골목상권,2110261,사가정역 4번,167,90,77,1,16,29,49,50,22,1,8,15,25,26,15,0,8,14,24,24,7
2021,1,A,골목상권,2110260,면목역 3번,126,74,52,0,24,21,24,29,28,0,14,8,12,20,20,0,10,13,12,9,8
2021,1,A,골목상권,2110259,사가정역 1번,543,425,118,2,48,108,172,159,54,2,29,73,131,140,50,0,19,35,41,19,4
2021,1,A,골목상권,2110258,면동초등학교,260,99,161,0,32,49,79,66,34,0,1,20,28,34,16,0,31,29,51,32,18
2021,1,A,골목상권,2110257,상봉역 7번,397,330,67,0,17,18,50,133,179,0,6,11,34,118,161,0,11,7,16,15,18
2021,1,A,골목상권,2110256,면목2동체육관,477,321,156,2,56,66,82,140,131,1,21,35,45,109,110,1,35,31,37,31,21
2021,1,A,골목상권,2110255,상봉역 4번,327,208,119,0,39,52,78,92,66,0,20,24,46,62,56,0,19,28,32,30,10
2021,1,A,골목상권,2110254,오거리공원,257,89,168,1,19,75,79,51,32,0,6,15,35,21,12,1,13,60,44,30,20
2021,1,A,골목상권,2110253,중곡초등학교,181,106,75,0,31,31,44,49,26,0,10,17,23,35,21,0,21,14,21,14,5
2021,1,A,골목상권,2110252,장안제일시장,712,505,207,1,64,101,159,195,192,1,42,73,87,131,171,0,22,28,72,64,21
2021,1,A,골목상권,2110251,장안중학교,147,104,43,0,8,34,46,39,20,0,3,23,34,27,17,0,5,11,12,12,3
2021,1,A,골목상권,2110250,화랑대역 7번,111,69,42,0,7,20,32,34,18,0,5,12,15,23,14,0,2,8,17,11,4
2021,1,A,골목상권,2110249,중화역 1번,783,496,287,0,71,131,213,207,161,0,34,62,112,143,145,0,37,69,101,64,16
2021,1,A,골목상권,2110248,먹골파출소,85,47,38,1,19,23,20,12,10,0,7,14,12,4,10,1,12,9,8,8,0
2021,1,A,골목상권,2110247,먹골역 1번,377,175,202,0,53,79,123,78,44,0,21,30,55,38,31,0,32,49,68,40,13
2021,1,A,골목상권,2110246,월드순복음교회,431,312,119,0,27,97,158,95,54,0,12,69,122,65,44,0,15,28,36,30,10
2021,1,A,골목상권,2110245,KB국민은행 중화동지점,108,69,39,0,5,18,41,27,17,0,4,10,24,17,14,0,1,8,17,10,3
2021,1,A,골목상권,2110244,중화역 4번,250,175,75,1,8,26,49,44,122,1,4,11,32,30,97,0,4,15,17,14,25
2021,1,A,골목상권,2110243,중랑노인종합복지관,317,126,191,1,32,51,76,111,46,0,7,22,39,36,22,1,25,29,37,75,24
2021,1,A,골목상권,2110242,면목5동주민센터,164,112,52,0,21,28,56,30,29,0,12,23,31,22,24,0,9,5,25,8,5
2021,1,A,골목상권,2110241,먹골역 5번,415,213,202,0,61,87,97,117,53,0,17,49,46,63,38,0,44,38,51,54,15
2021,1,A,골목상권,2110240,태릉시장 특화거리,97,39,58,2,20,13,28,16,18,1,3,8,7,8,12,1,17,5,21,8,6
2021,1,A,골목상권,2110238,배꽃어린이공원,66,48,18,0,6,7,15,23,15,0,4,5,9,15,15,0,2,2,6,8,0
2021,1,A,골목상권,2110237,메가박스 상봉,274,152,122,0,30,67,97,54,26,0,13,37,48,36,18,0,17,30,49,18,8
2021,1,A,골목상권,2110236,신묵초등학교,1015,836,179,0,185,302,228,255,45,0,135,246,194,228,33,0,50,56,34,27,12
2021,1,A,골목상권,2110235,세화어린이공원,17,12,5,0,6,3,1,5,2,0,5,1,1,3,2,0,1,2,0,2,0
2021,1,A,골목상권,2110234,중랑역 4번,96,41,55,0,15,16,23,25,17,0,2,5,10,14,10,0,13,11,13,11,7
2021,1,A,골목상권,2110233,중랑역 1번,142,46,96,1,23,27,50,35,6,1,6,7,16,11,5,0,17,20,34,24,1
2021,1,A,골목상권,2110232,동대부고,579,413,166,0,41,71,119,175,173,0,14,38,80,134,147,0,27,33,39,41,26
2021,1,A,골목상권,2110231,장안교,11,8,3,0,0,1,4,5,1,0,0,1,3,4,0,0,0,0,1,1,1
2021,1,A,골목상권,2110230,장안현대홈타운1차아파트,161,101,60,0,15,32,52,45,17,0,6,22,33,28,12,0,9,10,19,17,5
2021,1,A,골목상권,2110229,장평중학교,1339,865,474,0,145,164,192,320,518,0,81,103,125,212,344,0,64,61,67,108,174
2021,1,A,골목상권,2110228,장안근린공원,1992,1184,808,40,1381,313,92,101,65,24,788,223,60,54,35,16,593,90,32,47,30
2021,1,A,골목상권,2110227,답십리공원,216,82,134,0,13,28,73,82,20,0,10,14,25,21,12,0,3,14,48,61,8
2021,1,A,골목상권,2110226,장안1동주민센터,1882,1005,877,2,147,247,333,512,641,2,87,148,213,253,302,0,60,99,120,259,339
2021,1,A,골목상권,2110225,촬영소사거리,330,204,126,0,22,36,68,83,121,0,9,25,42,55,73,0,13,11,26,28,48
2021,1,A,골목상권,2110224,외대앞역 2번,95,39,56,0,9,14,16,27,29,0,2,4,9,15,9,0,7,10,7,12,20
2021,1,A,골목상권,2110223,군자초등학교,94,56,38,0,13,17,26,24,14,0,4,10,17,15,10,0,9,7,9,9,4
2021,1,A,골목상권,2110222,회기역 2번,20,17,3,0,0,3,2,6,9,0,0,2,2,4,9,0,0,1,0,2,0
2021,1,A,골목상권,2110221,의릉,95,69,26,0,10,12,36,29,8,0,6,10,24,22,7,0,4,2,12,7,1
2021,1,A,골목상권,2110220,외대앞역 1번,190,109,81,0,28,36,54,46,26,0,7,17,33,34,18,0,21,19,21,12,8
2021,1,A,골목상권,2110219,삼육보건대학교,249,145,104,0,18,42,68,82,39,0,11,20,31,53,30,0,7,22,37,29,9
2021,1,A,골목상권,2110218,답십리사거리,158,83,75,0,14,25,45,60,14,0,5,12,22,33,11,0,9,13,23,27,3
2021,1,A,골목상권,2110217,자동차부품상가,503,388,115,1,33,105,143,123,98,1,24,88,115,83,77,0,9,17,28,40,21
2021,1,A,골목상권,2110216,전농중학교,208,68,140,1,32,48,62,50,15,1,11,14,18,18,6,0,21,34,44,32,9
2021,1,A,골목상권,2110215,회기역 1번,28,18,10,0,3,4,9,7,5,0,3,2,6,3,4,0,0,2,3,4,1
2021,1,A,골목상권,2110214,경희대후문,86,42,44,0,18,17,24,17,10,0,6,6,13,10,7,0,12,11,11,7,3
2021,1,A,골목상권,2110213,청량초등학교,124,81,43,0,19,57,17,15,16,0,7,41,13,7,13,0,12,16,4,8,3
2021,1,A,골목상권,2110212,답십리초등학교,204,144,60,0,26,37,42,67,32,0,18,26,27,50,23,0,8,11,15,17,9
2021,1,A,골목상권,2110211,전곡마을마당공원,626,445,181,1,66,101,170,194,94,0,45,73,129,143,55,1,21,28,41,51,39
2021,1,A,골목상권,2110210,서울시립대,341,253,88,1,9,19,24,34,254,1,4,12,10,21,205,0,5,7,14,13,49
2021,1,A,골목상권,2110209,답십리 장령당공원,81,51,30,0,3,11,28,19,20,0,1,5,16,15,14,0,2,6,12,4,6
2021,1,A,골목상권,2110208,시조사삼거리,75,56,19,0,2,14,7,17,35,0,1,7,2,11,35,0,1,7,5,6,0
2021,1,A,골목상권,2110207,시립대앞사거리,50,26,24,0,4,12,12,10,12,0,2,8,6,3,7,0,2,4,6,7,5
2021,1,A,골목상권,2110206,텃골근린공원,81,29,52,0,5,14,23,23,16,0,2,7,7,7,6,0,3,7,16,16,10
2021,1,A,골목상권,2110205,경희대삼거리,82,48,34,0,4,13,23,23,19,0,2,10,7,17,12,0,2,3,16,6,7
2021,1,A,골목상권,2110204,간데메공원,411,268,143,3,83,97,82,89,57,3,57,64,46,58,40,0,26,33,36,31,17
2021,1,A,골목상권,2110203,떡전교사거리,99,63,36,1,9,15,32,29,13,1,0,7,26,20,9,0,9,8,6,9,4
2021,1,A,골목상권,2110202,전농1동주민센터(전농시장),111,68,43,0,14,35,31,20,11,0,9,19,21,14,5,0,5,16,10,6,6
2021,1,A,골목상권,2110201,전농119안전센터,27,11,16,0,2,1,9,10,5,0,1,0,3,4,3,0,1,1,6,6,2
2021,1,A,골목상권,2110200,동대문경찰서,74,50,24,0,1,6,21,13,33,0,0,1,11,6,32,0,1,5,10,7,1
2021,1,A,골목상권,2110199,홍릉시장,65,41,24,0,11,15,18,14,7,0,8,8,10,9,6,0,3,7,8,5,1
2021,1,A,골목상권,2110198,동대문중앙새마을금고본점,67,26,41,0,1,0,18,37,11,0,0,0,8,10,8,0,1,0,10,27,3
2021,1,A,골목상권,2110197,세종대왕기념관교차로,67,46,21,0,8,19,26,9,5,0,4,15,19,7,1,0,4,4,7,2,4
2021,1,A,골목상권,2110196,홍릉근린공원,23,12,11,0,1,6,8,5,3,0,1,4,3,2,2,0,0,2,5,3,1
2021,1,A,골목상권,2110195,동대문구청,221,115,106,0,41,58,47,40,35,0,12,28,23,27,25,0,29,30,24,13,10
2021,1,A,골목상권,2110194,홍파초등학교,112,85,27,0,6,32,24,36,14,0,4,20,20,31,10,0,2,12,4,5,4
2021,1,A,골목상권,2110193,고려대역 4번,48,37,11,0,5,11,11,10,11,0,3,5,10,10,9,0,2,6,1,0,2
2021,1,A,골목상권,2110192,동의보감타워,70,45,25,0,7,10,25,16,12,0,2,6,17,10,10,0,5,4,8,6,2
2021,1,A,골목상권,2110191,고려대역 6번,48,41,7,0,1,12,14,9,12,0,1,10,11,8,11,0,0,2,3,1,1
2021,1,A,골목상권,2110190,고대앞사거리,195,92,103,0,22,34,34,45,60,0,4,18,22,19,29,0,18,16,12,26,31
2021,1,A,골목상권,2110189,제기동역 1번,1545,1089,456,1,233,490,343,170,308,0,98,349,286,137,219,1,135,141,57,33,89
2021,1,A,골목상권,2110188,용두동신동아아파트,807,607,200,8,104,178,229,191,97,2,68,150,181,132,74,6,36,28,48,59,23
2021,1,A,골목상권,2110187,제기동역 6번,3124,2222,902,15,559,867,746,552,385,7,387,605,531,394,298,8,172,262,215,158,87
2021,1,A,골목상권,2110186,종암초등학교,94,71,23,0,5,13,15,30,31,0,1,12,9,23,26,0,4,1,6,7,5
2021,1,A,골목상권,2110185,용두초등학교,122,77,45,0,13,22,31,32,24,0,5,13,18,22,19,0,8,9,13,10,5
2021,1,A,골목상권,2110184,용두사거리,423,215,208,0,81,138,75,77,52,0,39,51,34,51,40,0,42,87,41,26,12
2021,1,A,골목상권,2110183,한국의류시험연구원,833,441,392,3,237,305,147,75,66,1,87,160,79,58,56,2,150,145,68,17,10
2021,1,A,골목상권,2110182,용두희망어린이공원,370,249,121,0,38,71,108,87,66,0,20,47,67,64,51,0,18,24,41,23,15
2021,1,A,골목상권,2110181,신설동역 9번,1864,1212,652,12,209,232,286,440,685,12,150,162,188,282,418,0,59,70,98,158,267
2021,1,A,골목상권,2110180,광진정보도서관,5946,4025,1921,18,1620,2093,1180,672,363,5,885,1485,859,489,302,13,735,608,321,183,61
2021,1,A,골목상권,2110179,광나루역 1번,911,620,291,0,142,209,188,233,139,0,82,160,157,154,67,0,60,49,31,79,72
2021,1,A,골목상권,2110178,장로회신학대학교,194,123,71,0,25,44,42,56,27,0,15,34,21,38,15,0,10,10,21,18,12
2021,1,A,골목상권,2110177,동의초등학교,135,90,45,0,11,31,32,35,26,0,3,15,21,27,24,0,8,16,11,8,2
2021,1,A,골목상권,2110176,해오름공원,758,432,326,1,70,206,221,168,92,1,30,116,125,90,70,0,40,90,96,78,22
2021,1,A,골목상권,2110175,푸른동산공원,370,235,135,0,41,74,109,86,60,0,24,48,70,53,40,0,17,26,39,33,20
2021,1,A,골목상권,2110174,아차산역 1번,432,305,127,1,49,80,115,104,83,1,25,57,76,69,77,0,24,23,39,35,6
2021,1,A,골목상권,2110173,구남초등학교,195,106,89,0,34,50,46,44,21,0,16,28,21,25,16,0,18,22,25,19,5
2021,1,A,골목상권,2110172,광진초등학교,351,227,124,0,42,73,97,92,47,0,17,48,61,65,36,0,25,25,36,27,11
2021,1,A,골목상권,2110171,중곡4동주민센터,59,36,23,0,4,8,7,22,18,0,1,2,3,15,15,0,3,6,4,7,3
2021,1,A,골목상권,2110170,동대부여고,189,105,84,1,35,39,58,39,17,0,16,16,35,26,12,1,19,23,23,13,5
2021,1,A,골목상권,2110169,성동초등학교,221,112,109,1,25,30,68,59,38,0,12,12,32,32,24,1,13,18,36,27,14
2021,1,A,골목상권,2110168,대원고등학교,688,531,157,0,66,102,139,225,156,0,38,73,103,173,144,0,28,29,36,52,12
2021,1,A,골목상권,2110167,용마초등학교,376,220,156,2,22,56,99,109,88,0,9,20,52,62,77,2,13,36,47,47,11
2021,1,A,골목상권,2110166,구의1동주민센터,552,292,260,1,70,121,177,115,68,1,20,59,99,60,53,0,50,62,78,55,15
2021,1,A,골목상권,2110165,국립정신건강센터,287,204,83,0,19,46,81,77,64,0,9,33,51,61,50,0,10,13,30,16,14
2021,1,A,골목상권,2110164,아차산역 5번,731,494,237,3,111,126,143,164,184,0,61,77,101,112,143,3,50,49,42,52,41
2021,1,A,골목상권,2110163,성자초등학교,272,134,138,0,37,44,65,72,54,0,13,26,31,26,38,0,24,18,34,46,16
2021,1,A,골목상권,2110162,군자역 4번,613,365,248,0,127,162,131,110,83,0,98,118,75,42,32,0,29,44,56,68,51
2021,1,A,골목상권,2110161,중곡역 3번,236,135,101,3,11,33,58,65,66,0,2,16,37,40,40,3,9,17,21,25,26
2021,1,A,골목상권,2110160,광진경찰서,832,690,142,0,149,323,182,167,11,0,110,261,152,157,10,0,39,62,30,10,1
2021,1,A,골목상권,2110159,구의역 4번,663,391,272,1,125,115,158,132,132,1,58,62,85,87,98,0,67,53,73,45,34
2021,1,A,골목상권,2110158,중곡3동주민센터,715,518,197,1,113,210,184,138,69,0,73,168,123,104,50,1,40,42,61,34,19
2021,1,A,골목상권,2110157,자양동우체국,1097,891,206,10,352,279,244,141,71,7,300,237,180,106,61,3,52,42,64,35,10
2021,1,A,골목상권,2110156,군자역 5번,624,365,259,0,96,182,174,113,59,0,41,115,102,67,40,0,55,67,72,46,19
2021,1,A,골목상권,2110155,광진구청,8356,7701,655,0,240,853,2408,4046,809,0,172,765,2256,3748,760,0,68,88,152,298,49
2021,1,A,골목상권,2110154,광진정말공원,307,161,146,1,43,62,79,78,44,1,19,37,35,37,32,0,24,25,44,41,12
2021,1,A,골목상권,2110153,중곡1동주민센터,241,83,158,1,42,57,67,57,17,0,14,22,22,17,8,1,28,35,45,40,9
2021,1,A,골목상권,2110152,중곡어린이공원,338,300,38,0,17,29,64,119,109,0,10,21,55,109,105,0,7,8,9,10,4
2021,1,A,골목상권,2110151,자양한강도서관,249,175,74,4,35,52,63,66,29,3,24,37,49,41,21,1,11,15,14,25,8
2021,1,A,골목상권,2110150,중곡1동 마을마당,1179,698,481,1,197,352,252,217,160,1,83,194,161,132,127,0,114,158,91,85,33
2021,1,A,골목상권,2110149,세종대학교,122,72,50,0,15,21,31,23,32,0,8,13,19,7,25,0,7,8,12,16,7
2021,1,A,골목상권,2110148,어린이대공원역 3번,17,12,5,0,3,3,6,5,0,0,0,2,5,5,0,0,3,1,1,0,0
2021,1,A,골목상권,2110147,능동우편취급국,815,464,351,4,120,172,160,137,222,2,56,88,104,77,137,2,64,84,56,60,85
2021,1,A,골목상권,2110146,신자초등학교,735,531,204,0,50,79,208,276,122,0,25,44,156,209,97,0,25,35,52,67,25
2021,1,A,골목상권,2110145,장안초등학교,7,4,3,0,0,1,2,3,1,0,0,0,1,3,0,0,0,1,1,0,1
2021,1,A,골목상권,2110144,어린이대공원역 4번,47,23,24,0,5,4,13,16,9,0,1,1,7,8,6,0,4,3,6,8,3
2021,1,A,골목상권,2110143,뚝섬유원지역 1번,63,26,37,1,5,15,12,20,10,1,0,3,7,7,8,0,5,12,5,13,2
2021,1,A,골목상권,2110142,화양사거리,213,107,106,1,37,47,44,52,32,1,20,25,24,16,21,0,17,22,20,36,11
2021,1,A,골목상권,2110141,건대입구역 1번,213,138,75,1,23,49,67,48,25,1,11,27,51,32,16,0,12,22,16,16,9
2021,1,A,골목상권,2110140,건대입구역 6번,552,361,191,6,51,90,136,158,111,5,28,47,82,114,85,1,23,43,54,44,26
2021,1,A,골목상권,2110139,자양4동주민센터,204,116,88,0,13,28,53,51,59,0,3,14,32,25,42,0,10,14,21,26,17
2021,1,A,골목상권,2110138,송정체육공원,160,79,81,0,15,27,53,41,24,0,4,12,21,23,19,0,11,15,32,18,5
2021,1,A,골목상권,2110137,성수초등학교,6605,4295,2310,31,1016,1740,1836,1344,638,22,557,1152,1250,828,486,9,459,588,586,516,152
2021,1,A,골목상권,2110136,경수초등학교,4745,2743,2002,43,1169,1097,978,875,583,32,439,633,615,593,431,11,730,464,363,282,152
2021,1,A,골목상권,2110135,성동세무서,355,182,173,0,41,69,96,66,83,0,7,34,41,34,66,0,34,35,55,32,17
2021,1,A,골목상권,2110134,성수119안전센터,771,587,184,4,65,108,185,252,157,4,38,78,143,200,124,0,27,30,42,52,33
2021,1,A,골목상권,2110133,서울교통공사,122,93,29,0,19,25,33,21,24,0,12,18,29,17,17,0,7,7,4,4,7
2021,1,A,골목상권,2110132,성수2가3동주민센터,786,521,265,0,97,182,220,197,90,0,67,133,145,108,68,0,30,49,75,89,22
2021,1,A,골목상권,2110131,성수동카페거리,4798,3110,1688,15,902,1536,1123,699,523,9,460,993,777,497,374,6,442,543,346,202,149
2021,1,A,골목상권,2110130,답십리역 6번,105,89,16,0,20,24,38,15,8,0,17,20,35,10,7,0,3,4,3,5,1
2021,1,A,골목상권,2110129,성원어린이공원,664,421,243,1,65,126,138,185,149,0,35,74,91,111,110,1,30,52,47,74,39
2021,1,A,골목상권,2110128,성원중학교,1237,712,525,1,127,206,296,338,269,1,66,118,185,203,139,0,61,88,111,135,130
2021,1,A,골목상권,2110127,성수1가1동주민센터,290,157,133,0,31,55,56,100,48,0,11,40,31,47,28,0,20,15,25,53,20
2021,1,A,골목상권,2110126,서울숲역 1번,27,18,9,0,0,7,2,12,6,0,0,6,0,7,5,0,0,1,2,5,1
2021,1,A,골목상권,2110125,사근동살곶이상점가,135,83,52,2,25,39,35,21,13,2,13,21,24,13,10,0,12,18,11,8,3
2021,1,A,골목상권,2110124,뚝섬역교차로,1253,1006,247,7,170,155,222,312,387,6,94,111,169,268,358,1,76,44,53,44,29
2021,1,A,골목상권,2110123,마장역 3번,511,382,129,0,42,56,91,185,137,0,21,36,63,141,121,0,21,20,28,44,16
2021,1,A,골목상권,2110122,마장역 2번,464,271,193,1,60,88,117,113,85,1,32,59,68,61,50,0,28,29,49,52,35
2021,1,A,골목상권,2110121,한양대역 4번,45,30,15,0,3,10,8,11,13,0,2,5,5,7,11,0,1,5,3,4,2
2021,1,A,골목상권,2110120,서울숲카페거리,79,49,30,0,8,12,35,18,6,0,3,8,23,10,5,0,5,4,12,8,1
2021,1,A,골목상권,2110119,마장지하차도,127,89,38,0,17,26,32,26,26,0,12,22,19,18,18,0,5,4,13,8,8
2021,1,A,골목상권,2110118,왕십리역 9번,697,487,210,1,90,182,204,129,91,0,62,110,144,93,78,1,28,72,60,36,13
2021,1,A,골목상권,2110117,성동구보건소,103,73,30,1,14,27,19,33,9,1,10,20,11,25,6,0,4,7,8,8,3
2021,1,A,골목상권,2110116,청계천박물관,4884,3674,1210,30,342,780,1090,1772,870,26,217,571,881,1319,660,4,125,209,209,453,210
2021,1,A,골목상권,2110115,상왕십리역 3번,945,362,583,10,392,218,156,113,56,0,76,84,93,75,34,10,316,134,63,38,22
2021,1,A,골목상권,2110114,왕십리파출소,68,21,47,0,3,2,11,24,28,0,1,1,4,10,5,0,2,1,7,14,23
2021,1,A,골목상권,2110113,응봉산,77,43,34,0,14,15,14,16,18,0,4,11,7,6,15,0,10,4,7,10,3
2021,1,A,골목상권,2110112,행당역 2번,205,100,105,0,37,37,36,53,42,0,14,19,15,26,26,0,23,18,21,27,16
2021,1,A,골목상권,2110111,대현산장미원,51,40,11,0,6,7,6,17,15,0,6,4,4,13,13,0,0,3,2,4,2
2021,1,A,골목상권,2110110,상왕십리역 6번,93,55,38,1,12,22,24,18,16,1,7,12,13,10,12,0,5,10,11,8,4
2021,1,A,골목상권,2110109,금호삼성래미안아파트,92,39,53,0,7,10,12,42,21,0,2,6,3,15,13,0,5,4,9,27,8
2021,1,A,골목상권,2110108,성동구립금호도서관,6,1,5,0,0,1,4,1,0,0,0,0,0,1,0,0,0,1,4,0,0
2021,1,A,골목상권,2110107,금호사거리,37,30,7,0,4,8,4,11,10,0,3,5,4,9,9,0,1,3,0,2,1
2021,1,A,골목상권,2110105,금동어린이공원,43,20,23,0,1,9,12,12,9,0,0,3,3,8,6,0,1,6,9,4,3
2021,1,A,골목상권,2110104,신금호역 4번,275,189,86,0,27,47,51,66,84,0,11,28,34,46,70,0,16,19,17,20,14
2021,1,A,골목상권,2110103,옥수터널,13,11,2,1,0,2,2,6,2,0,0,2,2,5,2,1,0,0,0,1,0
2021,1,A,골목상권,2110102,옥수역 6번,3362,1140,2222,0,968,1050,724,422,198,0,202,328,319,197,94,0,766,722,405,225,104
2021,1,A,골목상권,2110101,옥정중학교,218,121,97,0,55,51,65,31,16,0,24,34,43,13,7,0,31,17,22,18,9
2021,1,A,골목상권,2110100,옥수동우편취급국,46,31,15,0,5,18,13,6,4,0,0,15,7,5,4,0,5,3,6,1,0
2021,1,A,골목상권,2110099,유엔빌리지길,12646,10311,2335,33,1746,2596,3298,4558,415,25,904,1899,2859,4264,360,8,842,697,439,294,55
2021,1,A,골목상권,2110098,서울독일학교,242,91,151,0,57,85,68,23,9,0,15,22,34,15,5,0,42,63,34,8,4
2021,1,A,골목상권,2110097,한남초등학교,3116,1920,1196,1,597,1644,757,90,27,0,278,975,575,71,21,1,319,669,182,19,6
2021,1,A,골목상권,2110096,한남힐사이드아파트,4186,2661,1525,5,1055,1176,900,902,148,3,457,705,613,757,126,2,598,471,287,145,22
2021,1,A,골목상권,2110095,한강진역 3번,1186,801,385,16,160,326,321,298,65,8,61,235,227,226,44,8,99,91,94,72,21
2021,1,A,골목상권,2110094,오산중학교,26,12,14,0,0,1,4,13,8,0,0,0,2,6,4,0,0,1,2,7,4
2021,1,A,골목상권,2110093,우사단길,2482,1548,934,2,325,1015,734,327,79,1,101,529,548,305,64,1,224,486,186,22,15
2021,1,A,골목상권,2110092,NH농협은행 보광동지점,514,208,306,0,94,123,111,107,79,0,14,58,40,45,51,0,80,65,71,62,28
2021,1,A,골목상권,2110091,리움미술관,1106,810,296,0,216,345,343,155,47,0,117,236,293,128,36,0,99,109,50,27,11
2021,1,A,골목상권,2110090,한국폴리텍대학서울정수캠퍼스,3968,2447,1521,1,446,1358,1632,500,31,1,173,548,1231,467,27,0,273,810,401,33,4
2021,1,A,골목상권,2110089,서빙고동주민센터,752,503,249,1,94,230,220,107,100,0,33,136,159,88,87,1,61,94,61,19,13
2021,1,A,골목상권,2110088,오산고등학교,1696,1140,556,16,439,504,454,203,80,7,263,350,312,150,58,9,176,154,142,53,22
2021,1,A,골목상권,2110087,이태원엔틱가구거리,463,213,250,0,185,174,58,31,15,0,54,89,43,17,10,0,131,85,15,14,5
2021,1,A,골목상권,2110086,이태원역 북측,9251,3612,5639,12,3187,3893,1655,431,73,3,733,1559,905,357,55,9,2454,2334,750,74,18
2021,1,A,골목상권,2110085,경리단길남측,532,260,272,4,98,163,148,67,52,2,40,59,78,41,40,2,58,104,70,26,12
2021,1,A,골목상권,2110084,경리단길북측,315,168,147,0,47,85,84,57,42,0,23,36,39,36,34,0,24,49,45,21,8
2021,1,A,골목상권,2110083,서빙고역 1번,149,109,40,0,26,53,42,14,14,0,13,42,29,12,13,0,13,11,13,2,1
2021,1,A,골목상권,2110082,용산구청,1571,779,792,2,165,447,417,439,101,2,45,147,200,302,83,0,120,300,217,137,18
2021,1,A,골목상권,2110081,해방촌 남동측,291,170,121,0,46,68,58,64,55,0,14,37,30,41,48,0,32,31,28,23,7
2021,1,A,골목상권,2110080,해방촌예술마을,277,160,117,0,44,58,84,54,37,0,16,38,52,30,24,0,28,20,32,24,13
2021,1,A,골목상권,2110079,후암동주민센터,1084,584,500,4,223,262,267,196,132,3,73,156,156,105,91,1,150,106,111,91,41
2021,1,A,골목상권,2110078,이촌동점보아파트,69,29,40,0,12,15,17,13,12,0,3,8,7,5,6,0,9,7,10,8,6
2021,1,A,골목상권,2110077,삼광초등학교,385,317,68,0,37,86,148,98,16,0,21,66,130,88,12,0,16,20,18,10,4
2021,1,A,골목상권,2110076,삼각지역 14번,537,175,362,0,46,143,158,153,37,0,11,49,61,45,9,0,35,94,97,108,28
2021,1,A,골목상권,2110075,숙대입구역 1번,1630,736,894,9,270,506,417,289,139,5,69,188,182,181,111,4,201,318,235,108,28
2021,1,A,골목상권,2110074,서울역 12번,8149,1751,6398,152,5985,1340,330,181,161,9,598,652,233,134,125,143,5387,688,97,47,36
2021,1,A,골목상권,2110073,삼각지역 3번,7916,2353,5563,56,2498,2872,1896,491,103,25,856,912,415,109,36,31,1642,1960,1481,382,67
2021,1,A,골목상권,2110072,열정도,374,244,130,6,108,96,78,51,35,0,51,71,62,37,23,6,57,25,16,14,12
2021,1,A,골목상권,2110071,한강미주맨션아파트,281,182,99,0,36,68,68,55,54,0,20,44,40,41,37,0,16,24,28,14,17
2021,1,A,골목상권,2110070,용산세무서,184,130,54,0,21,54,55,24,30,0,8,37,41,18,26,0,13,17,14,6,4
2021,1,A,골목상권,2110069,숙대입구,829,295,534,3,200,295,168,86,77,3,34,90,82,40,46,0,166,205,86,46,31
2021,1,A,골목상권,2110068,남영역 1번,1039,595,444,8,154,224,240,224,189,6,59,124,144,138,124,2,95,100,96,86,65
2021,1,A,골목상권,2110067,배문고등학교,1574,907,667,1,219,377,391,329,257,0,85,177,202,230,213,1,134,200,189,99,44
2021,1,A,골목상권,2110066,서울역 15번,748,467,281,6,152,227,156,125,82,3,81,151,104,66,62,3,71,76,52,59,20
2021,1,A,골목상권,2110065,남정초등학교,137,92,45,0,17,45,48,17,10,0,9,37,31,10,5,0,8,8,17,7,5
2021,1,A,골목상권,2110064,효창공원앞역 2번,925,527,398,2,126,275,263,160,99,1,49,160,162,88,67,1,77,115,101,72,32
2021,1,A,골목상권,2110063,효창공원앞역 5번,530,347,183,8,47,104,139,132,100,6,25,71,93,87,65,2,22,33,46,45,35
2021,1,A,골목상권,2110062,한강로동땡땡거리(은행나무길),5667,3458,2209,9,735,1660,1587,1162,514,6,299,844,1074,890,345,3,436,816,513,272,169
2021,1,A,골목상권,2110061,효창동주민센터,473,301,172,1,61,90,150,113,58,1,38,52,96,67,47,0,23,38,54,46,11
2021,1,A,골목상권,2110060,효창공원앞역 6번,291,174,117,0,28,62,84,73,44,0,10,34,52,47,31,0,18,28,32,26,13
2021,1,A,골목상권,2110059,새남터성지,385,307,78,0,38,71,113,138,25,0,21,48,99,124,15,0,17,23,14,14,10
2021,1,A,골목상권,2110058,성심여자고등학교,947,659,288,10,141,228,254,194,120,3,71,162,181,141,101,7,70,66,73,53,19
2021,1,A,골목상권,2110057,황학코아루아파트,57,39,18,0,8,11,16,9,13,0,4,5,14,7,9,0,4,6,2,2,4
2021,1,A,골목상권,2110056,신당역 3번,506,288,218,0,60,129,115,112,90,0,29,63,68,70,58,0,31,66,47,42,32
2021,1,A,골목상권,2110055,황학동벼룩시장,29,19,10,0,1,4,6,11,7,0,1,3,5,6,4,0,0,1,1,5,3
2021,1,A,골목상권,2110054,청구역 3번,1537,849,688,3,259,378,315,336,246,1,90,204,220,211,123,2,169,174,95,125,123
2021,1,A,골목상권,2110053,청구역 1번,281,166,115,0,52,69,69,54,37,0,23,45,43,27,28,0,29,24,26,27,9
2021,1,A,골목상권,2110052,장충초등학교,484,281,203,0,43,100,132,130,79,0,16,63,75,82,45,0,27,37,57,48,34
2021,1,A,골목상권,2110051,한양공고앞 교차로,111,82,29,0,17,23,33,26,12,0,12,16,24,20,10,0,5,7,9,6,2
2021,1,A,골목상권,2110050,약수역 7번,309,230,79,0,34,81,76,76,42,0,21,59,60,57,33,0,13,22,16,19,9
2021,1,A,골목상권,2110049,장충단 고개,2303,1240,1063,4,566,582,448,431,272,2,174,314,281,257,212,2,392,268,167,174,60
2021,1,A,골목상권,2110048,장충동주민센터,5312,2706,2606,21,867,1339,1511,1367,207,5,338,768,756,707,132,16,529,571,755,660,75
2021,1,A,골목상권,2110047,다산성곽길,160,89,71,0,36,43,36,27,18,0,23,29,21,7,9,0,13,14,15,20,9
2021,1,A,골목상권,2110046,버티고개,106,76,30,0,6,23,41,28,8,0,3,17,29,20,7,0,3,6,12,8,1
2021,1,A,골목상권,2110045,동대문역사문화공원역 5번,234,174,60,0,24,54,64,55,37,0,11,38,46,47,32,0,13,16,18,8,5
2021,1,A,골목상권,2110044,관성묘,405,300,105,0,50,135,145,51,24,0,24,90,125,44,17,0,26,45,20,7,7
2021,1,A,골목상권,2110043,충무초등학교,1202,670,532,12,212,307,331,223,117,7,97,155,169,152,90,5,115,152,162,71,27
2021,1,A,골목상권,2110042,남산골공원옆,994,621,373,3,121,221,287,251,111,0,43,127,198,179,74,3,78,94,89,72,37
2021,1,A,골목상권,2110041,남산케이블카,967,435,532,2,118,152,175,254,266,2,51,69,83,87,143,0,67,83,92,167,123
2021,1,A,골목상권,2110040,중구회현체육센터(정화예술대남산캠퍼스),165,78,87,0,33,30,40,37,25,0,14,15,17,13,19,0,19,15,23,24,6
2021,1,A,골목상권,2110039,회현역 1번,49,26,23,0,2,8,12,14,13,0,0,4,9,8,5,0,2,4,3,6,8
2021,1,A,골목상권,2110038,경향신문사,2636,1651,985,0,377,783,808,593,75,0,119,436,540,491,65,0,258,347,268,102,10
2021,1,A,골목상권,2110037,신설동역 12번,208,124,84,0,16,46,51,61,34,0,6,20,32,41,25,0,10,26,19,20,9
2021,1,A,골목상권,2110036,동묘앞역 3번,65,42,23,0,3,7,20,15,20,0,1,3,10,13,15,0,2,4,10,2,5
2021,1,A,골목상권,2110035,동묘앞역 2번,276,161,115,2,18,43,75,88,50,0,5,18,42,65,31,2,13,25,33,23,19
2021,1,A,골목상권,2110034,창신1동주민센터,41,35,6,0,2,1,14,13,11,0,2,1,10,11,11,0,0,0,4,2,0
2021,1,A,골목상권,2110033,창신역 4번,166,89,77,0,26,42,35,40,23,0,6,22,17,25,19,0,20,20,18,15,4
2021,1,A,골목상권,2110032,수족관거리,31,16,15,0,3,6,4,13,5,0,2,2,2,7,3,0,1,4,2,6,2
2021,1,A,골목상권,2110031,창신역 1번,44,31,13,0,7,14,5,11,7,0,4,8,4,8,7,0,3,6,1,3,0
2021,1,A,골목상권,2110030,동대문역 3번,10,5,5,0,2,2,2,3,1,0,0,2,1,1,1,0,2,0,1,2,0
2021,1,A,골목상권,2110029,동대문역 1번,235,61,174,0,11,31,57,79,57,0,1,7,19,20,14,0,10,24,38,59,43
2021,1,A,골목상권,2110028,이화달팽이길,704,279,425,1,177,179,137,123,87,0,56,60,56,65,42,1,121,119,81,58,45
2021,1,A,골목상권,2110027,혜화역 1번,617,366,251,1,73,116,131,98,198,0,28,74,65,54,145,1,45,42,66,44,53
2021,1,A,골목상권,2110026,종로5가역 4번,190,120,70,0,22,41,73,27,27,0,9,28,47,14,22,0,13,13,26,13,5
2021,1,A,골목상권,2110025,충신시장옆,213,129,84,2,17,46,63,56,29,0,6,23,43,33,24,2,11,23,20,23,5
2021,1,A,골목상권,2110024,혜회동주민센터,928,263,665,0,135,264,294,184,51,0,17,64,90,55,37,0,118,200,204,129,14
2021,1,A,골목상권,2110023,서울대병원,186,55,131,0,18,37,42,47,42,0,5,12,14,10,14,0,13,25,28,37,28
2021,1,A,골목상권,2110022,경신고등학교,537,396,141,11,142,162,128,59,35,10,100,123,94,43,26,1,42,39,34,16,9
2021,1,A,골목상권,2110021,성균관대학교,387,297,90,2,15,39,109,145,77,2,7,26,88,125,49,0,8,13,21,20,28
2021,1,A,골목상권,2110020,서울국제고등학교,639,315,324,1,145,288,122,57,26,1,44,146,75,32,17,0,101,142,47,25,9
2021,1,A,골목상권,2110019,창덕궁,325,215,110,0,47,91,82,71,34,0,21,65,53,49,27,0,26,26,29,22,7
2021,1,A,골목상권,2110018,중앙고등학교,888,439,449,1,97,177,220,178,215,0,30,60,106,90,153,1,67,117,114,88,62
2021,1,A,골목상권,2110017,정독도서관,650,322,328,0,133,273,152,58,34,0,26,130,93,43,30,0,107,143,59,15,4
2021,1,A,골목상권,2110016,평창동동측,7589,3104,4485,10,716,2233,2858,1504,268,4,279,1021,1416,284,100,6,437,1212,1442,1220,168
2021,1,A,골목상권,2110015,청와대사랑채,578,345,233,0,64,147,166,126,75,0,16,63,110,91,65,0,48,84,56,35,10
2021,1,A,골목상권,2110014,경복고등학교,194,82,112,0,28,54,40,44,28,0,4,14,21,24,19,0,24,40,19,20,9
2021,1,A,골목상권,2110013,체부동홍종문가옥,119,70,49,0,5,26,31,25,32,0,2,11,18,13,26,0,3,15,13,12,6
2021,1,A,골목상권,2110012,성곡미술관,1061,503,558,0,262,337,262,118,82,0,72,159,150,73,49,0,190,178,112,45,33
2021,1,A,골목상권,2110011,청운초등학교,263,188,75,0,21,105,79,43,15,0,21,95,44,16,12,0,0,10,35,27,3
2021,1,A,골목상권,2110010,평창동서측,6687,3622,3065,12,676,1736,2550,1464,249,0,276,655,1387,1128,176,12,400,1081,1163,336,73
2021,1,A,골목상권,2110009,자하문터널,950,463,487,0,211,332,229,125,53,0,92,164,106,65,36,0,119,168,123,60,17
2021,1,A,골목상권,2110008,배화여자대학교(박노수미술관),552,379,173,1,52,82,133,180,104,0,16,46,102,135,80,1,36,36,31,45,24
2021,1,A,골목상권,2110007,사직공원(한국사회과학도서관),283,185,98,2,58,88,63,41,31,2,30,62,44,27,20,0,28,26,19,14,11
2021,1,A,골목상권,2110006,부암동주민센터,27,16,11,0,2,7,7,5,6,0,2,5,2,3,4,0,0,2,5,2,2
2021,1,A,골목상권,2110005,세검정,1006,510,496,3,125,296,290,195,97,0,36,137,157,121,59,3,89,159,133,74,38
2021,1,A,골목상권,2110004,대신고등학교,32,14,18,0,3,4,8,14,3,0,1,0,3,8,2,0,2,4,5,6,1
2021,1,A,골목상권,2110003,세검정초등학교,485,315,170,6,53,84,150,126,66,6,32,38,100,89,50,0,21,46,50,37,16
2021,1,A,골목상권,2110002,독립문역 1번,475,121,354,1,146,140,118,44,26,1,25,25,41,14,15,0,121,115,77,30,11
2021,1,A,골목상권,2110001,이북5도청사,1066,638,428,4,133,292,240,262,135,0,51,173,162,172,80,4,82,119,78,90,55
2020,4,U,관광특구,1001496,강남 마이스 관광특구,15904,8904,7000,59,3513,6185,4248,1596,303,25,1160,3361,2887,1246,225,34,2353,2824,1361,350,78
2020,4,U,관광특구,1001495,잠실 관광특구,24375,14199,10176,120,4722,6565,5617,4514,2837,51,2484,4186,3496,2297,1685,69,2238,2379,2121,2217,1152
2020,4,U,관광특구,1001494,종로?청계 관광특구,32935,17150,15785,68,5357,9965,9483,6401,1661,15,2285,4911,4591,4158,1190,53,3072,5054,4892,2243,471
2020,4,U,관광특구,1001493,동대문패션타운 관광특구,6054,2958,3096,36,1434,1695,1160,1061,668,13,543,737,662,600,403,23,891,958,498,461,265
2020,4,U,관광특구,1001492,명동 남대문 북창동 다동 무교동 관광특구,104830,53674,51156,423,27134,34007,23384,15726,4156,137,8860,16080,15133,10824,2640,286,18274,17927,8251,4902,1516
2020,4,U,관광특구,1001491,이태원 관광특구,5839,3064,2775,28,1377,2065,1290,768,311,18,514,986,777,541,228,10,863,1079,513,227,83
2020,4,R,전통시장,2130326,고덕 골목형상점가,935,850,85,0,8,37,165,395,330,0,4,31,147,360,308,0,4,6,18,35,22
2020,4,R,전통시장,2130325,명일전통시장,89,30,59,0,8,10,13,28,30,0,3,6,5,8,8,0,5,4,8,20,22
2020,4,R,전통시장,2130324,길동복조리시장,154,85,69,3,27,32,47,40,5,2,13,18,31,19,2,1,14,14,16,21,3
2020,4,R,전통시장,2130323,둔촌역전통시장,171,86,85,0,3,14,23,36,95,0,2,6,8,14,56,0,1,8,15,22,39
2020,4,R,전통시장,2130322,고분다리전통시장,8,5,3,0,0,1,2,4,1,0,0,1,1,2,1,0,0,0,1,2,0
2020,4,R,전통시장,2130321,장신구 특화거리 상점가,433,269,164,0,92,114,88,92,47,0,43,72,56,61,37,0,49,42,32,31,10
2020,4,R,전통시장,2130320,암사종합시장,173,97,76,1,16,29,50,31,46,1,5,12,31,19,29,0,11,17,19,12,17
2020,4,R,전통시장,2130319,성내전통시장,34,21,13,0,3,5,9,10,7,0,3,2,5,7,4,0,0,3,4,3,3
2020,4,R,전통시장,2130318,로데오거리상점가,266,132,134,0,31,43,49,55,88,0,9,12,19,26,66,0,22,31,30,29,22
2020,4,R,전통시장,2130317,마천중앙시장,107,77,30,0,15,35,24,17,16,0,11,24,12,14,16,0,4,11,12,3,0
2020,4,R,전통시장,2130316,마천시장,18,9,9,0,3,3,2,10,0,0,2,2,2,3,0,0,1,1,0,7,0
2020,4,R,전통시장,2130315,문정동 로데오거리 상점가(문정동 로데오거리),1372,808,564,6,313,289,260,251,253,3,118,168,164,145,210,3,195,121,96,106,43
2020,4,R,전통시장,2130314,풍납시장,202,99,103,1,24,42,50,60,25,1,15,27,22,18,16,0,9,15,28,42,9
2020,4,R,전통시장,2130313,방이시장,3469,1526,1943,5,449,529,612,1126,748,4,159,335,346,371,311,1,290,194,266,755,437
2020,4,R,전통시장,2130312,석촌시장,619,270,349,1,20,40,81,170,307,1,9,23,43,41,153,0,11,17,38,129,154
2020,4,R,전통시장,2130311,새마을시장,377,246,131,1,60,78,104,75,59,0,28,48,80,55,35,1,32,30,24,20,24
2020,4,R,전통시장,2130310,강남개포시장,298,173,125,0,29,56,71,82,60,0,8,23,42,56,44,0,21,33,29,26,16
2020,4,R,전통시장,2130308,청담삼익시장,48,30,18,0,5,11,13,7,12,0,3,6,8,4,9,0,2,5,5,3,3
2020,4,R,전통시장,2130307,도곡시장,57,25,32,0,3,7,15,13,19,0,1,4,4,6,10,0,2,3,11,7,9
2020,4,R,전통시장,2130306,강남언주로,235,151,84,2,48,48,63,45,29,2,27,34,47,23,18,0,21,14,16,22,11
2020,4,R,전통시장,2130305,논현종합시장,85,43,42,0,21,14,14,19,17,0,7,7,6,14,9,0,14,7,8,5,8
2020,4,R,전통시장,2130304,신사상가,138,79,59,1,12,22,32,42,29,0,3,8,11,32,25,1,9,14,21,10,4
2020,4,R,전통시장,2130303,영동전통시장,242,95,147,0,21,60,67,58,36,0,7,19,22,24,23,0,14,41,45,34,13
2020,4,R,전통시장,2130302,강남시장(강남구 강남시장),58,33,25,0,13,15,14,8,8,0,7,10,9,2,5,0,6,5,5,6,3
2020,4,R,전통시장,2130301,양재시장,35,22,13,0,2,10,9,7,7,0,1,7,6,3,5,0,1,3,3,4,2
2020,4,R,전통시장,2130299,엔터식스 강남점,1850,1551,299,18,189,270,602,601,170,5,97,197,542,558,152,13,92,73,60,43,18
2020,4,R,전통시장,2130298,강남터미널지하도상점가2구역,2,1,1,0,1,0,0,0,1,0,1,0,0,0,0,0,0,0,0,0,1
2020,4,R,전통시장,2130296,남부종합시장,85,63,22,0,2,8,25,35,15,0,1,8,16,24,14,0,1,0,9,11,1
2020,4,R,전통시장,2130295,인헌시장(원당종합시장),122,48,74,0,20,27,38,23,14,0,3,9,16,12,8,0,17,18,22,11,6
2020,4,R,전통시장,2130294,관악중부시장,102,40,62,1,5,10,22,39,25,0,2,3,7,16,12,1,3,7,15,23,13
2020,4,R,전통시장,2130293,봉천중앙시장,154,42,112,0,17,13,29,46,49,0,5,7,14,14,2,0,12,6,15,32,47
2020,4,R,전통시장,2130290,영림시장,417,183,234,0,74,101,107,92,43,0,14,49,43,44,33,0,60,52,64,48,10
2020,4,R,전통시장,2130289,봉일시장,36,20,16,1,1,2,5,14,13,0,0,1,5,3,11,1,1,1,0,11,2
2020,4,R,전통시장,2130288,신림현대종합상가,2,0,2,0,1,1,0,0,0,0,0,0,0,0,0,0,1,1,0,0,0
2020,4,R,전통시장,2130285,서원동상점가,615,316,299,4,28,56,85,160,282,1,17,38,45,60,155,3,11,18,40,100,127
2020,4,R,전통시장,2130284,관악종합시장(신원시장),17,10,7,0,0,1,3,10,3,0,0,1,1,6,2,0,0,0,2,4,1
2020,4,R,전통시장,2130283,신원시장,25,11,14,0,3,3,10,5,4,0,1,1,3,3,3,0,2,2,7,2,1
2020,4,R,전통시장,2130282,난곡 골목형상점가,20,8,12,0,4,2,10,4,0,0,2,1,4,1,0,0,2,1,6,3,0
2020,4,R,전통시장,2130281,우림시장,1,0,1,0,0,0,1,0,0,0,0,0,0,0,0,0,0,0,1,0,0
2020,4,R,전통시장,2130280,신림종합시장,8,7,1,0,0,0,0,2,6,0,0,0,0,1,6,0,0,0,0,1,0
2020,4,R,전통시장,2130279,관악신사시장,120,63,57,0,17,20,27,37,19,0,5,10,16,20,12,0,12,10,11,17,7
2020,4,R,전통시장,2130278,미성동 도깨비시장 골목형상점가,75,16,59,0,0,16,28,24,7,0,0,7,5,2,2,0,0,9,23,22,5
2020,4,R,전통시장,2130277,조원동 펭귄시장(신림중앙시장),98,56,42,1,15,26,31,19,6,1,8,18,16,9,4,0,7,8,15,10,2
2020,4,R,전통시장,2130276,신림중앙시장(조원동 펭귄시장),43,27,16,0,1,2,14,12,14,0,0,2,7,9,9,0,1,0,7,3,5
2020,4,R,전통시장,2130275,강남골목시장,168,124,44,0,17,40,46,35,30,0,15,33,30,24,22,0,2,7,16,11,8
2020,4,R,전통시장,2130274,사당1동먹자골목상점가(사당1동먹자골목),389,218,171,4,91,100,81,63,50,3,45,64,37,35,34,1,46,36,44,28,16
2020,4,R,전통시장,2130273,남성사계시장(남성시장),141,63,78,0,21,36,45,22,17,0,3,19,20,8,13,0,18,17,25,14,4
2020,4,R,전통시장,2130272,사당시장,45,20,25,0,4,6,10,11,14,0,0,1,4,6,9,0,4,5,6,5,5
2020,4,R,전통시장,2130271,남성역골목시장,467,268,199,1,36,33,39,47,311,1,12,20,22,16,197,0,24,13,17,31,114
2020,4,R,전통시장,2130270,흑석시장,4,3,1,0,2,0,0,2,0,0,1,0,0,2,0,0,1,0,0,0,0
2020,4,R,전통시장,2130268,상도전통시장,239,104,135,0,33,60,53,58,35,0,12,23,23,24,22,0,21,37,30,34,13
2020,4,R,전통시장,2130267,본동인정시장(기능상실),59,41,18,0,6,10,12,15,16,0,4,7,9,8,13,0,2,3,3,7,3
2020,4,R,전통시장,2130266,만양로상점가,129,75,54,0,6,37,51,21,14,0,1,23,33,14,4,0,5,14,18,7,10
2020,4,R,전통시장,2130265,노량진중앙시장,115,82,33,0,17,48,34,8,8,0,12,42,23,3,2,0,5,6,11,5,6
2020,4,R,전통시장,2130264,상도약수골목형상점가,65,35,30,1,14,8,15,20,7,0,4,3,9,12,7,1,10,5,6,8,0
2020,4,R,전통시장,2130263,신노량진시장(기능상실),11,3,8,0,0,3,3,5,0,0,0,0,1,2,0,0,0,3,2,3,0
2020,4,R,전통시장,2130262,상도도깨비 골목형상점가,18,8,10,0,1,0,12,2,3,0,0,0,6,0,2,0,1,0,6,2,1
2020,4,R,전통시장,2130261,성대전통시장(성대시장),211,104,107,0,15,47,61,61,27,0,4,26,33,23,18,0,11,21,28,38,9
2020,4,R,전통시장,2130260,신대방1동골목상권,70,31,39,0,8,22,15,15,10,0,0,7,7,10,7,0,8,15,8,5,3
2020,4,R,전통시장,2130259,대신시장,12,9,3,0,1,0,5,2,4,0,1,0,3,2,3,0,0,0,2,0,1
2020,4,R,전통시장,2130257,영등포시장기계공구상가,158,116,42,0,11,26,33,47,41,0,7,16,22,37,34,0,4,10,11,10,7
2020,4,R,전통시장,2130256,신동시장,2,2,0,0,0,0,0,1,1,0,0,0,0,1,1,0,0,0,0,0,0
2020,4,R,전통시장,2130255,영등포전통시장,45,29,16,0,1,7,5,10,22,0,1,5,3,4,16,0,0,2,2,6,6
2020,4,R,전통시장,2130253,영신상가(제일상가),9,7,2,0,2,3,0,2,2,0,2,3,0,1,1,0,0,0,0,1,1
2020,4,R,전통시장,2130250,삼구시장(로타리상가),1,0,1,0,0,0,0,1,0,0,0,0,0,0,0,0,0,0,0,1,0
2020,4,R,전통시장,2130249,동남상가,10,8,2,0,2,0,0,4,4,0,1,0,0,4,3,0,1,0,0,0,1
2020,4,R,전통시장,2130248,영등포역지하도상점가,12,5,7,0,0,2,4,3,3,0,0,0,2,0,3,0,0,2,2,3,0
2020,4,R,전통시장,2130247,우리시장,21,16,5,0,3,4,6,3,5,0,1,3,5,3,4,0,2,1,1,0,1
2020,4,R,전통시장,2130246,영등포청과시장(조광시장),237,126,111,0,24,33,47,77,56,0,9,11,28,39,39,0,15,22,19,38,17
2020,4,R,전통시장,2130245,영일시장,675,567,108,1,61,189,238,136,50,0,41,148,217,115,46,1,20,41,21,21,4
2020,4,R,전통시장,2130244,대림중앙시장,95,39,56,3,14,16,21,15,26,2,9,8,10,4,6,1,5,8,11,11,20
2020,4,R,전통시장,2130243,도림시장,6,4,2,0,0,1,4,0,1,0,0,1,3,0,0,0,0,0,1,0,1
2020,4,R,전통시장,2130242,대림중앙 골목형상점가,68,21,47,0,4,14,21,24,5,0,1,6,5,5,4,0,3,8,16,19,1
2020,4,R,전통시장,2130241,선유도역 골목형상점가,500,253,247,0,95,93,123,136,53,0,39,49,66,67,32,0,56,44,57,69,21
2020,4,R,전통시장,2130240,영등포유통상가,1183,753,430,0,95,232,273,252,331,0,52,127,178,168,228,0,43,105,95,84,103
2020,4,R,전통시장,2130238,은행나무시장,113,71,42,0,22,24,31,22,14,0,13,16,22,14,6,0,9,8,9,8,8
2020,4,R,전통시장,2130237,박미시장(기능상실),39,26,13,0,1,6,11,9,12,0,0,2,7,8,9,0,1,4,4,1,3
2020,4,R,전통시장,2130236,비단길현대시장(현대시장),139,42,97,0,13,23,49,40,14,0,4,3,12,17,6,0,9,20,37,23,8
2020,4,R,전통시장,2130235,대명여울빛거리시장(대명시장),298,80,218,0,39,52,77,82,48,0,11,14,25,19,11,0,28,38,52,63,37
2020,4,R,전통시장,2130234,푸른터시장(기능상실),3,2,1,0,0,1,0,2,0,0,0,1,0,1,0,0,0,0,0,1,0
2020,4,R,전통시장,2130233,남문시장,76,47,29,0,5,8,18,22,23,0,2,3,9,12,21,0,3,5,9,10,2
2020,4,R,전통시장,2130232,독산동 맛나는거리상점가(독산동 맛나는거리),33,24,9,0,3,12,5,10,3,0,2,9,4,6,3,0,1,3,1,4,0
2020,4,R,전통시장,2130231,독산동 우시장,611,476,135,2,31,74,126,196,182,0,16,55,97,145,163,2,15,19,29,51,19
2020,4,R,전통시장,2130229,남구로시장,249,139,110,1,16,53,61,62,56,0,7,30,31,32,39,1,9,23,30,30,17
2020,4,R,전통시장,2130228,구로시장,10,5,5,0,0,4,6,0,0,0,0,1,4,0,0,0,0,3,2,0,0
2020,4,R,전통시장,2130227,고척골목시장상점가(그라운드 고척),97,68,29,0,8,22,36,23,8,0,4,13,26,19,6,0,4,9,10,4,2
2020,4,R,전통시장,2130226,고척프라자,2,2,0,0,1,1,0,0,0,0,1,1,0,0,0,0,0,0,0,0,0
2020,4,R,전통시장,2130225,개봉중앙시장,147,59,88,0,15,21,39,44,28,0,3,4,19,22,11,0,12,17,20,22,17
2020,4,R,전통시장,2130224,개봉프라자(고척근린시장),5,4,1,0,0,0,1,2,2,0,0,0,1,1,2,0,0,0,0,1,0
2020,4,R,전통시장,2130223,고척근린시장,42,12,30,0,2,10,12,14,4,0,0,1,1,7,3,0,2,9,11,7,1
2020,4,R,전통시장,2130222,오류시장,132,21,111,0,10,26,46,43,7,0,5,1,4,5,6,0,5,25,42,38,1
2020,4,R,전통시장,2130221,"남부골목시장(남부화곡시장, 남부시장)",188,69,119,0,22,32,50,57,27,0,5,5,15,22,22,0,17,27,35,35,5
2020,4,R,전통시장,2130219,까치산시장,124,37,87,0,16,18,39,32,19,0,4,6,9,9,9,0,12,12,30,23,10
2020,4,R,전통시장,2130218,신월중앙시장,118,53,65,0,28,34,26,13,17,0,8,12,11,9,13,0,20,22,15,4,4
2020,4,R,전통시장,2130217,화곡본동시장,36,16,20,0,3,5,10,13,5,0,1,3,5,6,1,0,2,2,5,7,4
2020,4,R,전통시장,2130216,화곡중앙시장,75,32,43,0,4,11,21,22,17,0,2,2,9,8,11,0,2,9,12,14,6
2020,4,R,전통시장,2130215,대원종합시장,9,7,2,0,0,1,0,3,5,0,0,1,0,2,4,0,0,0,0,1,1
2020,4,R,전통시장,2130214,송화벽화시장(송화골목시장),119,44,75,2,23,18,25,33,18,0,6,7,9,13,9,2,17,11,16,20,9
2020,4,R,전통시장,2130213,방신전통시장,112,77,35,0,13,20,25,29,25,0,10,18,14,14,21,0,3,2,11,15,4
2020,4,R,전통시장,2130212,공항시장,8,6,2,0,1,0,3,2,2,0,1,0,3,0,2,0,0,0,0,2,0
2020,4,R,전통시장,2130211,신정2동 골목시장(오목교중앙시장),51,18,33,0,3,10,18,17,3,0,1,3,8,4,2,0,2,7,10,13,1
2020,4,R,전통시장,2130210,목2동시장,432,251,181,1,66,124,122,71,48,1,40,69,70,39,32,0,26,55,52,32,16
2020,4,R,전통시장,2130209,목사랑시장(목4동시장),111,61,50,0,7,15,23,42,24,0,2,13,10,20,16,0,5,2,13,22,8
2020,4,R,전통시장,2130208,목동깨비시장(목3동시장),148,67,81,0,13,20,55,37,23,0,7,6,18,19,17,0,6,14,37,18,6
2020,4,R,전통시장,2130207,신정1동 골목시장(신정제일시장),38,21,17,0,8,9,10,7,4,0,3,5,6,4,3,0,5,4,4,3,1
2020,4,R,전통시장,2130206,신정3동 골목시장,20,6,14,0,0,5,11,2,2,0,0,0,3,1,2,0,0,5,8,1,0
2020,4,R,전통시장,2130205,신곡종합시장(신월6동 골목시장),141,103,38,1,17,36,39,32,16,0,10,27,33,18,15,1,7,9,6,14,1
2020,4,R,전통시장,2130204,경창시장,100,50,50,0,5,12,27,27,29,0,2,5,12,16,15,0,3,7,15,11,14
2020,4,R,전통시장,2130203,서서울 골목형상점가,34,7,27,0,2,7,10,12,3,0,0,0,2,4,1,0,2,7,8,8,2
2020,4,R,전통시장,2130202,신영시장,40,13,27,0,3,4,13,16,4,0,2,0,3,6,2,0,1,4,10,10,2
2020,4,R,전통시장,2130201,월정로시장,27,17,10,0,2,8,10,7,0,0,0,7,6,4,0,0,2,1,4,3,0
2020,4,R,전통시장,2130200,"신월7동 골목시장(약수시장, 우성상가)",27,18,9,0,0,3,9,6,9,0,0,0,7,4,7,0,0,3,2,2,2
2020,4,R,전통시장,2130199,신월3동 골목시장,18,8,10,0,1,4,4,9,0,0,0,1,3,4,0,0,1,3,1,5,0
2020,4,R,전통시장,2130198,아현시장,203,45,158,1,51,84,52,10,5,0,8,5,26,4,2,1,43,79,26,6,3
2020,4,R,전통시장,2130197,마포시장,15,5,10,0,0,1,5,4,5,0,0,1,0,2,2,0,0,0,5,2,3
2020,4,R,전통시장,2130196,공덕시장,3948,2001,1947,52,1323,1296,891,287,99,28,467,646,599,181,80,24,856,650,292,106,19
2020,4,R,전통시장,2130195,도화동 상점가,1055,510,545,2,201,269,228,163,192,1,86,133,121,95,74,1,115,136,107,68,118
2020,4,R,전통시장,2130194,용강동 상점가,875,502,373,0,103,131,179,170,292,0,39,75,104,114,170,0,64,56,75,56,122
2020,4,R,전통시장,2130193,신수시장,34,19,15,0,4,7,12,5,6,0,1,5,5,4,4,0,3,2,7,1,2
2020,4,R,전통시장,2130192,동진시장,10,6,4,0,1,1,4,3,1,0,1,1,1,2,1,0,0,0,3,1,0
2020,4,R,전통시장,2130191,홍대 걷고싶은 거리,367,225,142,6,65,65,81,82,68,4,40,41,54,47,39,2,25,24,27,35,29
2020,4,R,전통시장,2130190,홍대소상공인상점가,150,77,73,1,55,35,30,18,11,0,18,22,18,10,9,1,37,13,12,8,2
2020,4,R,전통시장,2130189,서교시장,24,10,14,0,2,1,7,6,8,0,0,1,2,3,4,0,2,0,5,3,4
2020,4,R,전통시장,2130187,영진시장,29,14,15,0,4,5,11,7,2,0,2,2,6,2,2,0,2,3,5,5,0
2020,4,R,전통시장,2130186,망원시장,178,84,94,0,16,30,47,50,35,0,13,19,20,17,15,0,3,11,27,33,20
2020,4,R,전통시장,2130185,망원월드컵시장,190,123,67,1,26,69,53,25,16,1,14,43,35,16,14,0,12,26,18,9,2
2020,4,R,전통시장,2130184,마포농수산물시장,77,40,37,0,2,12,24,26,13,0,1,8,12,14,5,0,1,4,12,12,8
2020,4,R,전통시장,2130183,상암동상점가,816,607,209,1,89,204,283,187,52,0,49,150,227,143,38,1,40,54,56,44,14
2020,4,R,전통시장,2130182,영천시장,78,35,43,0,13,8,24,22,11,0,3,4,10,12,6,0,10,4,14,10,5
2020,4,R,전통시장,2130181,아현가구거리상점가,59,30,29,0,8,11,13,10,17,0,0,7,9,4,10,0,8,4,4,6,7
2020,4,R,전통시장,2130180,포방터시장,59,34,25,0,13,11,15,6,14,0,4,4,11,5,10,0,9,7,4,1,4
2020,4,R,전통시장,2130179,"이화여대 3,5,7길 상점가",147,65,82,3,34,15,41,31,23,1,12,3,14,17,18,2,22,12,27,14,5
2020,4,R,전통시장,2130178,이대 앞 스타트업 상점가,32,7,25,0,5,5,10,6,6,0,1,0,4,0,2,0,4,5,6,6,4
2020,4,R,전통시장,2130177,인왕시장(홍제골목형상점가),44,7,37,0,1,1,8,7,27,0,0,0,1,3,3,0,1,1,7,4,24
2020,4,R,전통시장,2130176,유진상가,38,23,15,0,20,16,1,1,0,0,9,13,1,0,0,0,11,3,0,1,0
2020,4,R,전통시장,2130175,신촌 상인회(신촌상점가),13,5,8,0,1,3,5,4,0,0,1,0,1,3,0,0,0,3,4,1,0
2020,4,R,전통시장,2130173,백련시장,5,3,2,0,0,1,0,2,2,0,0,1,0,0,2,0,0,0,0,2,0
2020,4,R,전통시장,2130172,모래내시장(서중시장),41,13,28,0,5,12,8,10,6,0,0,2,3,5,3,0,5,10,5,5,3
2020,4,R,전통시장,2130171,불광먹자골목 골목형상점가,155,54,101,0,18,31,24,37,45,0,4,9,11,16,14,0,14,22,13,21,31
2020,4,R,전통시장,2130170,제일시장,58,26,32,1,7,9,13,19,9,1,2,2,5,11,5,0,5,7,8,8,4
2020,4,R,전통시장,2130169,대조시장,67,31,36,0,5,11,21,23,7,0,1,3,11,11,5,0,4,8,10,12,2
2020,4,R,전통시장,2130168,연서시장,242,157,85,0,19,50,53,65,55,0,5,23,33,49,47,0,14,27,20,16,8
2020,4,R,전통시장,2130167,연신내상점가(연빛거리),636,239,397,1,144,143,157,120,71,1,31,52,57,53,45,0,113,91,100,67,26
2020,4,R,전통시장,2130166,응암시장(신응암시장),17,10,7,0,0,3,2,5,7,0,0,0,1,3,6,0,0,3,1,2,1
2020,4,R,전통시장,2130165,"대림골목시장(대림시장, 양지시장)",214,34,180,0,20,45,56,62,31,0,1,7,5,11,10,0,19,38,51,51,21
2020,4,R,전통시장,2130164,역촌중앙시장,9,3,6,0,0,1,2,2,4,0,0,0,1,1,1,0,0,1,1,1,3
2020,4,R,전통시장,2130163,응암오거리상점가,182,49,133,0,24,28,44,50,36,0,4,8,11,12,14,0,20,20,33,38,22
2020,4,R,전통시장,2130162,증산골목시장,7,3,4,0,0,2,2,1,2,0,0,0,0,1,2,0,0,2,2,0,0
2020,4,R,전통시장,2130161,증산종합시장,8,5,3,0,0,1,2,2,3,0,0,0,1,2,2,0,0,1,1,0,1
2020,4,R,전통시장,2130160,수일시장,7,2,5,0,0,2,1,2,2,0,0,0,0,1,1,0,0,2,1,1,1
2020,4,R,전통시장,2130159,공릉동 도깨비시장,101,47,54,0,12,22,24,26,17,0,4,8,9,15,11,0,8,14,15,11,6
2020,4,R,전통시장,2130157,상계중앙시장,74,40,34,0,14,19,14,17,10,0,8,15,7,7,3,0,6,4,7,10,7
2020,4,R,전통시장,2130155,시영B상가(중계 그린아파트 B 상가),12,8,4,0,1,5,3,3,0,0,0,5,2,1,0,0,1,0,1,2,0
2020,4,R,전통시장,2130153,창동역상점가,229,138,91,0,18,48,54,56,53,0,7,31,30,31,39,0,11,17,24,25,14
2020,4,R,전통시장,2130152,오!도봉거리 상점가,61,34,27,0,5,14,19,13,10,0,1,5,10,10,8,0,4,9,9,3,2
2020,4,R,전통시장,2130151,신도봉시장,5,5,0,0,1,0,2,2,0,0,1,0,2,2,0,0,0,0,0,0,0
2020,4,R,전통시장,2130150,창동골목시장,84,47,37,0,19,30,14,8,13,0,7,20,9,5,6,0,12,10,5,3,7
2020,4,R,전통시장,2130149,창동신창시장,104,40,64,0,2,21,32,29,20,0,0,7,14,8,11,0,2,14,18,21,9
2020,4,R,전통시장,2130148,방학동도깨비시장,60,33,27,0,6,9,16,18,11,0,4,3,8,14,4,0,2,6,8,4,7
2020,4,R,전통시장,2130147,쌍문역동측상점가,69,32,37,0,7,17,18,9,18,0,2,6,10,5,9,0,5,11,8,4,9
2020,4,R,전통시장,2130146,쌍문시장(쌍문역골목시장),263,124,139,0,29,33,54,80,67,0,10,12,28,32,42,0,19,21,26,48,25
2020,4,R,전통시장,2130145,쌍문역둘리상점가,244,202,42,0,39,44,77,62,22,0,28,35,65,56,18,0,11,9,12,6,4
2020,4,R,전통시장,2130144,백운시장,38,17,21,0,0,3,13,14,8,0,0,0,5,5,7,0,0,3,8,9,1
2020,4,R,전통시장,2130143,방천골목시장,65,36,29,0,11,7,19,24,4,0,6,5,9,13,3,0,5,2,10,11,1
2020,4,R,전통시장,2130142,강북북부시장,7,5,2,0,1,1,0,2,3,0,0,1,0,2,2,0,1,0,0,0,1
2020,4,R,전통시장,2130141,강북북부골목시장,43,20,23,0,16,4,11,6,6,0,3,2,6,6,3,0,13,2,5,0,3
2020,4,R,전통시장,2130140,숭인시장,62,27,35,0,9,13,10,15,15,0,0,4,1,9,13,0,9,9,9,6,2
2020,4,R,전통시장,2130139,강북종합전통시장(강북종합골목시장),166,114,52,0,16,45,61,28,16,0,11,33,42,19,9,0,5,12,19,9,7
2020,4,R,전통시장,2130138,수유프라자,142,24,118,1,31,24,16,42,28,0,1,4,5,4,10,1,30,20,11,38,18
2020,4,R,전통시장,2130137,"수유전통시장(수유시장, 수유골목시장)",89,31,58,0,5,10,19,26,29,0,0,3,8,8,12,0,5,7,11,18,17
2020,4,R,전통시장,2130136,수유재래시장,29,11,18,0,6,5,7,5,6,0,2,1,0,2,6,0,4,4,7,3,0
2020,4,R,전통시장,2130135,수유중앙골목시장(수유중앙시장),24,12,12,0,0,3,4,5,12,0,0,2,2,0,8,0,0,1,2,5,4
2020,4,R,전통시장,2130134,"솔샘시장(미아6,7동골목시장)",73,30,43,1,7,19,25,18,3,0,3,4,12,8,3,1,4,15,13,10,0
2020,4,R,전통시장,2130133,우이골목시장(우이시장),69,61,8,0,7,7,19,20,16,0,6,6,17,17,15,0,1,1,2,3,1
2020,4,R,전통시장,2130132,삼양골목시장(삼양시장),57,19,38,0,10,13,12,14,8,0,0,4,5,5,5,0,10,9,7,9,3
2020,4,R,전통시장,2130131,동북프라자,121,49,72,0,9,23,37,29,23,0,4,8,17,9,11,0,5,15,20,20,12
2020,4,R,전통시장,2130130,수유북부골목시장,20,14,6,0,1,1,7,5,6,0,0,0,6,3,5,0,1,1,1,2,1
2020,4,R,전통시장,2130129,장미원골목시장,911,571,340,0,15,14,38,89,755,0,1,4,12,40,514,0,14,10,26,49,241
2020,4,R,전통시장,2130128,돌곶이시장(석관황금시장),191,157,34,0,30,36,41,72,12,0,28,26,29,62,12,0,2,10,12,10,0
2020,4,R,전통시장,2130126,새석관시장,3,1,2,0,0,0,1,2,0,0,0,0,0,1,0,0,0,0,1,1,0
2020,4,R,전통시장,2130125,장위전통시장,40,20,20,0,5,6,7,8,14,0,0,2,5,5,8,0,5,4,2,3,6
2020,4,R,전통시장,2130123,꿈의숲 장곡 골목형상점가,6,5,1,0,1,0,1,4,0,0,1,0,1,3,0,0,0,0,0,1,0
2020,4,R,전통시장,2130122,밤나무골시장,17,5,12,0,2,4,6,4,1,0,1,1,2,1,0,0,1,3,4,3,1
2020,4,R,전통시장,2130121,길음시장,91,19,72,0,36,24,10,8,13,0,2,5,3,2,7,0,34,19,7,6,6
2020,4,R,전통시장,2130120,돈암시장(돈암제일시장),99,23,76,1,20,20,25,18,15,0,0,2,7,8,6,1,20,18,18,10,9
2020,4,R,전통시장,2130119,정릉아리랑시장,15,4,11,0,0,4,5,5,1,0,0,0,0,3,1,0,0,4,5,2,0
2020,4,R,전통시장,2130118,정릉골 골목형상점가,67,30,37,0,11,13,11,19,13,0,0,2,6,12,10,0,11,11,5,7,3
2020,4,R,전통시장,2130117,정릉시장,119,62,57,0,4,15,34,41,25,0,2,8,20,18,14,0,2,7,14,23,11
2020,4,R,전통시장,2130116,동성타워프라자,31,22,9,0,2,9,7,8,5,0,2,4,4,7,5,0,0,5,3,1,0
2020,4,R,전통시장,2130115,우림골목시장,307,106,201,2,80,61,68,64,32,0,29,11,30,20,16,2,51,50,38,44,16
2020,4,R,전통시장,2130114,유영시장,31,20,11,0,9,5,3,8,6,0,7,2,2,5,4,0,2,3,1,3,2
2020,4,R,전통시장,2130113,신아타운,148,27,121,1,31,31,28,39,18,1,4,9,3,4,6,0,27,22,25,35,12
2020,4,R,전통시장,2130112,사가정시장,86,28,58,0,13,17,24,19,13,0,0,3,6,8,11,0,13,14,18,11,2
2020,4,R,전통시장,2130111,"동원전통종합시장(동원시장, 동원전통시장 상점가)",224,109,115,0,24,37,49,82,32,0,11,17,21,38,22,0,13,20,28,44,10
2020,4,R,전통시장,2130110,면목골목시장(면목시장),103,59,44,0,1,8,32,38,24,0,1,5,19,18,16,0,0,3,13,20,8
2020,4,R,전통시장,2130109,묵1동도깨비시장,47,33,14,0,2,9,16,9,11,0,1,5,13,5,9,0,1,4,3,4,2
2020,4,R,전통시장,2130108,태능엔터피아(태릉시장),3,1,2,0,0,0,1,2,0,0,0,0,0,1,0,0,0,0,1,1,0
2020,4,R,전통시장,2130107,중랑동부시장(중랑교종합상가),13,3,10,0,0,1,4,5,3,0,0,0,0,1,2,0,0,1,4,4,1
2020,4,R,전통시장,2130106,중랑동부시장,166,56,110,1,20,40,34,39,32,0,1,8,7,21,19,1,19,32,27,18,13
2020,4,R,전통시장,2130105,장미제일시장(중화동제일시장),63,27,36,0,8,14,22,11,8,0,3,6,14,3,1,0,5,8,8,8,7
2020,4,R,전통시장,2130104,전곡시장,93,54,39,0,8,17,28,26,14,0,5,8,16,13,12,0,3,9,12,13,2
2020,4,R,전통시장,2130103,이경시장,16,8,8,0,0,1,2,2,11,0,0,1,1,1,5,0,0,0,1,1,6
2020,4,R,전통시장,2130101,답십리현대시장,8,5,3,0,0,1,3,2,2,0,0,1,1,2,1,0,0,0,2,0,1
2020,4,R,전통시장,2130100,답십리시장,93,40,53,2,19,25,23,11,13,2,4,9,11,6,8,0,15,16,12,5,5
2020,4,R,전통시장,2130099,전농로터리시장,7,3,4,0,1,0,2,3,1,0,0,0,1,1,1,0,1,0,1,2,0
2020,4,R,전통시장,2130098,회기시장,55,17,38,0,9,14,15,12,5,0,2,3,4,6,2,0,7,11,11,6,3
2020,4,R,전통시장,2130097,답십리 건축자재시장,315,202,113,1,17,46,46,44,161,0,8,37,25,23,109,1,9,9,21,21,52
2020,4,R,전통시장,2130096,동부시장,14,9,5,0,0,0,1,1,12,0,0,0,0,0,9,0,0,0,1,1,3
2020,4,R,전통시장,2130095,청량리전통시장,95,38,57,0,6,16,18,33,22,0,4,6,9,10,9,0,2,10,9,23,13
2020,4,R,전통시장,2130094,청량리청과물시장,54,24,30,0,7,13,17,7,10,0,0,4,10,2,8,0,7,9,7,5,2
2020,4,R,전통시장,2130093,동서시장,5,3,2,0,0,0,1,2,2,0,0,0,1,0,2,0,0,0,0,2,0
2020,4,R,전통시장,2130092,청량리농수산물시장,12,9,3,0,0,1,3,5,3,0,0,0,3,3,3,0,0,1,0,2,0
2020,4,R,전통시장,2130091,청량종합도매시장,36,27,9,0,1,3,11,14,7,0,0,3,8,10,6,0,1,0,3,4,1
2020,4,R,전통시장,2130090,청량리종합시장,19,13,6,0,1,4,3,5,6,0,1,2,3,3,4,0,0,2,0,2,2
2020,4,R,전통시장,2130089,청량리수산시장,42,33,9,0,4,7,16,6,9,0,3,7,12,4,7,0,1,0,4,2,2
2020,4,R,전통시장,2130088,경동시장,126,57,69,0,18,32,24,17,35,0,3,11,11,10,22,0,15,21,13,7,13
2020,4,R,전통시장,2130087,경동광성상가(경동시장),28,20,8,0,5,3,8,7,5,0,3,2,6,5,4,0,2,1,2,2,1
2020,4,R,전통시장,2130086,서울약령시장,1184,651,533,4,113,208,305,341,213,0,56,128,165,181,121,4,57,80,140,160,92
2020,4,R,전통시장,2130085,용두시장,4,2,2,0,0,0,1,2,1,0,0,0,0,1,1,0,0,0,1,1,0
2020,4,R,전통시장,2130084,신성시장(신성골목시장),21,6,15,0,3,5,8,4,1,0,0,1,2,2,1,0,3,4,6,2,0
2020,4,R,전통시장,2130083,"중곡제일시장(중곡제일골목시장, 광성시장)",111,68,43,0,15,21,29,24,22,0,7,14,20,10,17,0,8,7,9,14,5
2020,4,R,전통시장,2130082,면곡골목시장,20,11,9,0,4,0,1,9,6,0,4,0,0,3,4,0,0,0,1,6,2
2020,4,R,전통시장,2130081,자양골목전통시장(자양골목시장),54,36,18,0,7,17,14,9,7,0,5,12,9,6,4,0,2,5,5,3,3
2020,4,R,전통시장,2130080,자양종합시장(기능상실),14,10,4,0,0,1,6,6,1,0,0,1,4,4,1,0,0,0,2,2,0
2020,4,R,전통시장,2130079,한아름시장,40,29,11,0,5,6,6,10,13,0,4,4,5,6,10,0,1,2,1,4,3
2020,4,R,전통시장,2130078,화양제일골목시장,65,23,42,0,6,17,20,18,4,0,1,7,8,6,1,0,5,10,12,12,3
2020,4,R,전통시장,2130077,조양시장,31,19,12,0,11,7,8,5,0,0,6,5,4,4,0,0,5,2,4,1,0
2020,4,R,전통시장,2130076,능동로골목시장,88,67,21,0,2,11,14,16,45,0,1,4,13,10,39,0,1,7,1,6,6
2020,4,R,전통시장,2130075,노룬산시장(노룬산골목시장),23,13,10,0,4,5,10,2,2,0,3,3,6,0,1,0,1,2,4,2,1
2020,4,R,전통시장,2130074,영동교골목시장,21,15,6,0,6,9,2,3,1,0,3,9,0,2,1,0,3,0,2,1,0
2020,4,R,전통시장,2130073,뚝도시장,45,17,28,1,3,10,9,11,11,0,0,2,4,5,6,1,3,8,5,6,5
2020,4,R,전통시장,2130072,성동용답상가시장,132,71,61,0,21,19,35,39,18,0,9,9,16,26,11,0,12,10,19,13,7
2020,4,R,전통시장,2130071,성수역 골목형상점가,335,180,155,1,61,89,70,43,71,0,27,43,43,29,38,1,34,46,27,14,33
2020,4,R,전통시장,2130070,뚝섬역상점가,1016,697,319,6,178,259,217,222,134,4,105,179,143,157,109,2,73,80,74,65,25
2020,4,R,전통시장,2130069,"한양대앞상점가(한양시장, 왕십리맛골목)",32,19,13,0,6,6,4,8,8,0,4,4,0,5,6,0,2,2,4,3,2
2020,4,R,전통시장,2130068,마장축산물시장,975,630,345,1,102,202,250,248,172,1,68,127,155,165,114,0,34,75,95,83,58
2020,4,R,전통시장,2130067,왕십리도선동상점가,1670,335,1335,3,166,202,291,591,417,1,78,98,69,49,40,2,88,104,222,542,377
2020,4,R,전통시장,2130066,행당시장상점가,397,182,215,0,49,86,115,100,47,0,17,38,54,45,28,0,32,48,61,55,19
2020,4,R,전통시장,2130065,무학봉상점가,144,67,77,0,22,29,34,37,22,0,4,10,14,22,17,0,18,19,20,15,5
2020,4,R,전통시장,2130064,금남시장,36,13,23,0,6,7,8,4,11,0,1,0,5,2,5,0,5,7,3,2,6
2020,4,R,전통시장,2130063,신금호역 골목형상점가,30,21,9,0,2,4,5,9,10,0,1,3,4,7,6,0,1,1,1,2,4
2020,4,R,전통시장,2130062,보광시장,31,12,19,0,0,6,10,13,2,0,0,3,4,4,1,0,0,3,6,9,1
2020,4,R,전통시장,2130061,이태원시장,32,20,12,0,18,3,4,6,1,0,12,1,3,3,1,0,6,2,1,3,0
2020,4,R,전통시장,2130060,신흥시장,4,1,3,0,0,2,0,2,0,0,0,1,0,0,0,0,0,1,0,2,0
2020,4,R,전통시장,2130059,후암시장,64,40,24,0,6,12,16,11,19,0,4,5,10,7,14,0,2,7,6,4,5
2020,4,R,전통시장,2130058,이촌종합시장,109,78,31,0,13,19,25,26,26,0,7,12,15,21,23,0,6,7,10,5,3
2020,4,R,전통시장,2130057,만리시장,12,9,3,0,0,2,1,4,5,0,0,1,1,3,4,0,0,1,0,1,1
2020,4,R,전통시장,2130056,용산용문시장,65,34,31,0,7,15,18,10,15,0,4,6,7,6,11,0,3,9,11,4,4
2020,4,R,전통시장,2130055,"황학시장(서울중앙시장, 신중앙시장)",203,117,86,0,24,49,47,52,31,0,12,25,24,32,24,0,12,24,23,20,7
2020,4,R,전통시장,2130054,황학동주방가구거리상점가,374,266,108,0,25,80,116,106,47,0,18,60,77,74,37,0,7,20,39,32,10
2020,4,R,전통시장,2130053,백학시장,160,69,91,0,22,24,46,37,31,0,8,8,20,15,18,0,14,16,26,22,13
2020,4,R,전통시장,2130052,서울중앙시장(신중앙시장),479,342,137,0,106,156,101,61,55,0,80,110,57,45,50,0,26,46,44,16,5
2020,4,R,전통시장,2130051,동화동 골목형상점가,391,156,235,1,82,94,98,66,50,1,18,25,43,36,33,0,64,69,55,30,17
2020,4,R,전통시장,2130050,청평화시장,120,50,70,1,18,26,31,29,15,1,9,13,5,15,7,0,9,13,26,14,8
2020,4,R,전통시장,2130049,신당 미래유산 먹거리 골목형상점가,42,19,23,0,3,5,9,13,12,0,1,3,0,7,8,0,2,2,9,6,4
2020,4,R,전통시장,2130048,동평화시장,18,9,9,0,7,8,0,3,0,0,3,4,0,2,0,0,4,4,0,1,0
2020,4,R,전통시장,2130047,테크노상가(엘리시움),160,112,48,0,10,26,34,61,29,0,5,20,21,42,24,0,5,6,13,19,5
2020,4,R,전통시장,2130046,team204(팀204),20,13,7,0,1,3,4,2,10,0,0,2,3,1,7,0,1,1,1,1,3
2020,4,R,전통시장,2130045,광희패션몰,49,29,20,0,1,5,11,17,15,0,0,2,7,11,9,0,1,3,4,6,6
2020,4,R,전통시장,2130044,에리어식스(벨포스트),10,2,8,1,0,2,3,3,1,1,0,1,0,0,0,0,0,1,3,3,1
2020,4,R,전통시장,2130043,제일평화시장,43,27,16,0,6,14,13,8,2,0,1,9,9,6,2,0,5,5,4,2,0
2020,4,R,전통시장,2130042,약수시장,158,67,91,2,36,30,40,21,29,2,9,9,19,8,20,0,27,21,21,13,9
2020,4,R,전통시장,2130041,신평화패션타운(청계6가 지하도상가),28,21,7,0,1,5,9,8,5,0,0,4,9,5,3,0,1,1,0,3,2
2020,4,R,전통시장,2130040,남평화시장,5,3,2,0,0,4,0,0,1,0,0,2,0,0,1,0,0,2,0,0,0
2020,4,R,전통시장,2130039,청계6가 지하도상가,36,26,10,0,1,1,7,6,21,0,1,1,5,5,14,0,0,0,2,1,7
2020,4,R,전통시장,2130038,"평화시장(통일상가, 동화상가)",930,630,300,3,110,293,273,172,79,0,61,165,211,134,59,3,49,128,62,38,20
2020,4,R,전통시장,2130036,중부시장(신중부시장),3089,921,2168,8,1868,593,250,198,172,3,316,189,171,120,122,5,1552,404,79,78,50
2020,4,R,전통시장,2130035,방산종합시장(방산시장),1190,736,454,1,96,200,284,312,297,0,56,117,154,191,218,1,40,83,130,121,79
2020,4,R,전통시장,2130034,필동 골목형상점가,14,7,7,0,2,4,5,2,1,0,1,2,2,2,0,0,1,2,3,0,1
2020,4,R,전통시장,2130033,대림상가(청계상가),169,121,48,0,7,29,54,39,40,0,3,19,35,30,34,0,4,10,19,9,6
2020,4,R,전통시장,2130032,인현시장,167,123,44,0,3,25,47,54,38,0,3,16,35,40,29,0,0,9,12,14,9
2020,4,R,전통시장,2130031,청계천공구상가,921,698,223,2,101,281,234,159,144,1,64,230,181,104,118,1,37,51,53,55,26
2020,4,R,전통시장,2130028,을지입구지하상가(을지로지하보도쇼핑센터),2,2,0,0,0,0,1,1,0,0,0,0,1,1,0,0,0,0,0,0,0
2020,4,R,전통시장,2130025,삼익패션타운(남대문시장),5494,2675,2819,69,1760,1561,1124,794,186,31,674,837,763,292,78,38,1086,724,361,502,108
2020,4,R,전통시장,2130024,남대문시장(자유상가),732,426,306,2,54,129,172,177,198,1,15,75,95,108,132,1,39,54,77,69,66
2020,4,R,전통시장,2130022,숭례문수입상가(남대문시장),1907,850,1057,0,330,855,598,113,11,0,55,378,338,70,9,0,275,477,260,43,2
2020,4,R,전통시장,2130021,신설종합시장,50,37,13,1,1,10,12,13,13,0,0,9,10,10,8,1,1,1,2,3,5
2020,4,R,전통시장,2130020,동묘시장(동묘벼룩시장),407,177,230,5,154,93,73,58,24,5,43,31,45,32,21,0,111,62,28,26,3
2020,4,R,전통시장,2130019,동대문상가D동,28,21,7,0,6,5,5,4,8,0,4,2,4,4,7,0,2,3,1,0,1
2020,4,R,전통시장,2130018,동대문문구완구거리(동대문문구완구시장),215,124,91,0,27,45,50,52,41,0,12,24,33,31,24,0,15,21,17,21,17
2020,4,R,전통시장,2130017,동대문상가C동,12,9,3,0,1,4,4,2,1,0,1,4,3,0,1,0,0,0,1,2,0
2020,4,R,전통시장,2130016,동대문상가B동,2,1,1,0,0,1,1,0,0,0,0,0,1,0,0,0,0,1,0,0,0
2020,4,R,전통시장,2130015,창신골목시장,22,12,10,0,0,2,8,9,3,0,0,2,6,2,2,0,0,0,2,7,1
2020,4,R,전통시장,2130014,동문시장,3,1,2,0,0,2,0,0,1,0,0,0,0,0,1,0,0,2,0,0,0
2020,4,R,전통시장,2130012,"동대문종합시장(동대문종합시장 신관, 동대문종합시장D동상가)",1319,965,354,2,156,325,348,339,149,0,116,251,238,247,113,2,40,74,110,92,36
2020,4,R,전통시장,2130011,충신시장,88,44,44,0,19,19,20,17,13,0,7,11,8,8,10,0,12,8,12,9,3
2020,4,R,전통시장,2130010,종로신진시장,200,113,87,0,20,29,55,48,48,0,14,17,24,26,32,0,6,12,31,22,16
2020,4,R,전통시장,2130009,마전교지하쇼핑센터(구 한일상가),24,16,8,0,0,2,3,7,12,0,0,2,2,4,8,0,0,0,1,3,4
2020,4,R,전통시장,2130007,광장시장(광장전통시장),466,310,156,0,39,77,97,129,124,0,22,41,73,77,97,0,17,36,24,52,27
2020,4,R,전통시장,2130005,세운상가가동,137,96,41,0,7,34,35,22,39,0,5,23,28,8,32,0,2,11,7,14,7
2020,4,R,전통시장,2130004,낙원시장(낙원지하시장(대일상가)),364,258,106,0,29,70,99,78,88,0,14,51,68,57,68,0,15,19,31,21,20
2020,4,R,전통시장,2130002,세종마을음식문화거리(금천교시장),564,392,172,4,56,109,120,121,154,0,26,74,75,90,127,4,30,35,45,31,27
2020,4,R,전통시장,2130001,통인시장,59,29,30,0,4,14,11,12,18,0,2,4,6,6,11,0,2,10,5,6,7
2020,4,D,발달상권,2120249,고덕역,1359,916,443,3,172,305,337,317,225,1,75,198,249,221,172,2,97,107,88,96,53
2020,4,D,발달상권,2120248,명일역,860,332,528,4,114,141,223,204,174,2,41,59,84,69,77,2,73,82,139,135,97
2020,4,D,발달상권,2120247,굽은다리역,565,307,258,4,91,118,142,102,108,1,37,76,71,55,67,3,54,42,71,47,41
2020,4,D,발달상권,2120246,길동역,3399,1536,1863,14,384,560,835,905,701,8,169,317,417,296,329,6,215,243,418,609,372
2020,4,D,발달상권,2120245,둔촌역,1884,1135,749,7,312,460,446,371,288,6,169,309,271,195,185,1,143,151,175,176,103
2020,4,D,발달상권,2120244,암사역,916,401,515,0,70,85,103,111,547,0,14,44,49,42,252,0,56,41,54,69,295
2020,4,D,발달상권,2120243,천호역,1353,629,724,6,186,250,315,291,305,2,63,108,142,123,191,4,123,142,173,168,114
2020,4,D,발달상권,2120242,강동구청역,4528,2937,1591,33,536,1064,1055,893,947,13,287,678,695,560,704,20,249,386,360,333,243
2020,4,D,발달상권,2120241,거여역,1197,650,547,5,110,221,296,277,288,2,80,152,161,83,172,3,30,69,135,194,116
2020,4,D,발달상권,2120240,개롱역,1609,1102,507,7,212,314,404,431,241,5,125,230,269,295,178,2,87,84,135,136,63
2020,4,D,발달상권,2120239,오금역,4700,3006,1694,17,851,1243,1186,911,492,11,456,826,848,495,370,6,395,417,338,416,122
2020,4,D,발달상권,2120238,방이역,412,251,161,4,47,97,113,76,75,3,22,45,60,57,64,1,25,52,53,19,11
2020,4,D,발달상권,2120237,경찰병원역,8608,5226,3382,58,1222,1655,1718,1449,2506,24,537,1057,1126,725,1757,34,685,598,592,724,749
2020,4,D,발달상권,2120236,장지역(가든파이브),4622,3221,1401,15,678,1056,1076,989,808,10,373,711,778,710,639,5,305,345,298,279,169
2020,4,D,발달상권,2120235,문정역,907,621,286,1,116,196,202,236,156,0,69,151,148,144,109,1,47,45,54,92,47
2020,4,D,발달상권,2120234,가락시장역,10268,6224,4044,11,1350,2490,2149,1678,2590,3,586,1468,1439,927,1801,8,764,1022,710,751,789
2020,4,D,발달상권,2120233,몽촌토성역,10357,5705,4652,28,1787,2711,2252,2152,1427,22,1123,1846,1193,782,739,6,664,865,1059,1370,688
2020,4,D,발달상권,2120232,송파나루역,1269,856,413,0,212,350,295,218,194,0,91,220,204,165,176,0,121,130,91,53,18
2020,4,D,발달상권,2120231,가락시장,5698,4083,1615,0,368,1051,1564,1654,1061,0,264,836,1185,1098,700,0,104,215,379,556,361
2020,4,D,발달상권,2120230,송파사거리(송파역),876,470,406,4,96,176,202,193,205,1,38,99,115,92,125,3,58,77,87,101,80
2020,4,D,발달상권,2120229,방이동먹자골목,7319,4732,2587,12,1062,2182,1915,1302,846,5,588,1347,1338,913,541,7,474,835,577,389,305
2020,4,D,발달상권,2120228,석촌역(석촌호수),4494,2725,1769,7,707,1306,1038,695,741,1,288,851,680,410,495,6,419,455,358,285,246
2020,4,D,발달상권,2120227,잠실역,45438,24212,21226,163,8139,11821,12755,11278,1282,51,3785,7433,7435,4548,960,112,4354,4388,5320,6730,322
2020,4,D,발달상권,2120226,석촌고분역,2408,1777,631,8,277,341,447,352,983,7,130,207,264,234,935,1,147,134,183,118,48
2020,4,D,발달상권,2120225,잠실새내역(신천),5750,3738,2012,25,929,1190,1248,1210,1148,3,467,728,831,853,856,22,462,462,417,357,292
2020,4,D,발달상권,2120224,수서역,12418,6339,6079,23,1900,3177,3167,2346,1805,12,860,1669,1497,1232,1069,11,1040,1508,1670,1114,736
2020,4,D,발달상권,2120223,휘문고교사거리,9166,5574,3592,20,1785,2926,2736,1401,298,4,1102,2061,1597,609,201,16,683,865,1139,792,97
2020,4,D,발달상권,2120222,삼성역,43324,24141,19183,244,8091,13641,10294,6385,4669,119,3186,7703,6883,3711,2539,125,4905,5938,3411,2674,2130
2020,4,D,발달상권,2120221,봉은사역,19513,12605,6908,22,4375,5782,3654,2813,2867,8,2402,4217,2849,1721,1408,14,1973,1565,805,1092,1459
2020,4,D,발달상권,2120220,대치역,5578,3302,2276,26,1841,2261,972,319,159,2,769,1465,717,225,124,24,1072,796,255,94,35
2020,4,D,발달상권,2120219,은마아파트,17161,5791,11370,202,3396,3816,3174,4058,2515,83,1254,1870,1373,817,394,119,2142,1946,1801,3241,2121
2020,4,D,발달상권,2120218,코엑스,290,54,236,0,116,103,58,13,0,0,13,16,16,9,0,0,103,87,42,4,0
2020,4,D,발달상권,2120217,대치사거리,2779,1478,1301,11,552,771,700,452,293,10,220,379,381,264,224,1,332,392,319,188,69
2020,4,D,발달상권,2120216,경기고교사거리(경기고교앞사거리),4934,3621,1313,8,712,1628,1666,772,148,5,291,1070,1431,703,121,3,421,558,235,69,27
2020,4,D,발달상권,2120215,포스코사거리,61656,40699,20957,170,9756,22505,18176,8404,2645,29,4305,14324,13853,6406,1782,141,5451,8181,4323,1998,863
2020,4,D,발달상권,2120214,영동대교남단교차로,3990,2902,1088,7,489,1173,1108,931,282,3,271,811,866,755,196,4,218,362,242,176,86
2020,4,D,발달상권,2120213,삼성중앙역,8472,5131,3341,50,1855,2469,1898,1065,1135,12,828,1511,1297,712,771,38,1027,958,601,353,364
2020,4,D,발달상권,2120212,한티역,713,378,335,1,115,178,190,137,92,1,36,85,116,78,62,0,79,93,74,59,30
2020,4,D,발달상권,2120211,도성초등학교,984,516,468,7,180,282,189,161,165,3,68,120,112,117,96,4,112,162,77,44,69
2020,4,D,발달상권,2120210,선릉역,48780,26797,21983,117,11358,13636,11065,7952,4652,54,5356,8026,6479,4158,2724,63,6002,5610,4586,3794,1928
2020,4,D,발달상권,2120209,"강남구청(청담역_8번, 강남세무서)",8984,2608,6376,34,2050,2683,2467,1170,580,9,538,752,537,393,379,25,1512,1931,1930,777,201
2020,4,D,발달상권,2120208,청담사거리(청담동명품거리),10577,4635,5942,38,3354,3776,2024,878,507,13,1031,1619,1113,501,358,25,2323,2157,911,377,149
2020,4,D,발달상권,2120207,선정릉역,12151,7422,4729,32,2685,4209,2741,1595,889,16,1111,2464,1939,1147,745,16,1574,1745,802,448,144
2020,4,D,발달상권,2120206,개나리아파트,5280,3376,1904,87,1661,1418,1095,666,353,27,868,957,784,463,277,60,793,461,311,203,76
2020,4,D,발달상권,2120205,매봉역,13950,9370,4580,95,2838,4203,3126,1781,1907,44,1450,2959,2521,1302,1094,51,1388,1244,605,479,813
2020,4,D,발달상권,2120204,르네상스호텔사거리,41471,20644,20827,102,8167,11056,10671,10081,1394,54,5016,7567,4988,2062,957,48,3151,3489,5683,8019,437
2020,4,D,발달상권,2120203,강남구청역,7726,4602,3124,27,1589,2070,1890,1381,769,8,650,1218,1293,882,551,19,939,852,597,499,218
2020,4,D,발달상권,2120202,압구정로데오역(압구정로데오),11735,6075,5660,41,2963,4419,2469,1425,418,11,793,2184,1593,1195,299,30,2170,2235,876,230,119
2020,4,D,발달상권,2120201,도곡1동,11559,6387,5172,116,3565,3472,2482,1299,625,31,1365,2021,1730,754,486,85,2200,1451,752,545,139
2020,4,D,발달상권,2120200,학동사거리,9363,3808,5555,26,2868,3075,1848,1005,541,9,654,1122,937,687,399,17,2214,1953,911,318,142
2020,4,D,발달상권,2120199,경복아파트교차로,3830,2283,1547,10,796,1196,781,572,475,4,317,721,498,390,353,6,479,475,283,182,122
2020,4,D,발달상권,2120198,구역삼세무서,11531,7246,4285,23,2691,3529,2889,1562,837,12,1141,2216,2115,1139,623,11,1550,1313,774,423,214
2020,4,D,발달상권,2120197,역삼역,58694,38567,20127,93,10088,18053,15887,10835,3738,43,5227,11916,11864,7079,2438,50,4861,6137,4023,3756,1300
2020,4,D,발달상권,2120196,서울세관,9687,5900,3787,15,1708,2897,2579,1614,874,2,604,1527,1719,1323,725,13,1104,1370,860,291,149
2020,4,D,발달상권,2120195,성수대교남단,5611,2685,2926,39,1393,2394,1102,426,257,15,487,1194,634,208,147,24,906,1200,468,218,110
2020,4,D,발달상권,2120194,언주역(차병원),12628,8724,3904,37,2790,4202,2802,1923,874,14,1366,2863,2239,1588,654,23,1424,1339,563,335,220
2020,4,D,발달상권,2120193,도산공원교차로,6384,3798,2586,15,1278,1918,1493,983,697,6,466,1071,1021,696,538,9,812,847,472,287,159
2020,4,D,발달상권,2120192,뱅뱅사거리,27462,18935,8527,73,5758,8273,6703,4372,2283,38,3280,5616,5106,3189,1706,35,2478,2657,1597,1183,577
2020,4,D,발달상권,2120191,학동역,13862,8102,5760,40,2889,3759,2967,1864,2343,17,1120,2144,2011,1130,1680,23,1769,1615,956,734,663
2020,4,D,발달상권,2120190,강남을지병원,11703,6183,5520,44,3417,3226,2498,1508,1010,14,1228,1648,1560,985,748,30,2189,1578,938,523,262
2020,4,D,발달상권,2120189,강남역,72613,38819,33794,234,17636,24305,18411,9151,2876,59,6629,13226,10962,5914,2029,175,11007,11079,7449,3237,847
2020,4,D,발달상권,2120188,압구정역,8579,3750,4829,134,2204,2146,1550,1314,1231,47,698,969,897,556,583,87,1506,1177,653,758,648
2020,4,D,발달상권,2120187,신논현역,13076,7778,5298,64,3624,3962,2984,1673,769,27,1516,2302,2121,1247,565,37,2108,1660,863,426,204
2020,4,D,발달상권,2120186,가로수길,6518,3580,2938,19,1316,2133,1570,895,585,5,447,1174,950,573,431,14,869,959,620,322,154
2020,4,D,발달상권,2120185,논현역,12764,7403,5361,29,2731,4125,3228,1879,772,10,1040,2435,2232,1195,491,19,1691,1690,996,684,281
2020,4,D,발달상권,2120184,포이사거리(삼호물산),10139,7003,3136,20,1553,3044,2666,1705,1151,10,846,2068,2010,1212,857,10,707,976,656,493,294
2020,4,D,발달상권,2120183,양재천카페거리,3558,2626,932,12,586,972,848,551,589,10,364,717,638,413,484,2,222,255,210,138,105
2020,4,D,발달상권,2120182,"양재시민의숲역(양재동꽃시장, aT센터)",6144,4255,1889,33,1041,1652,1482,1259,677,14,539,1144,1089,924,545,19,502,508,393,335,132
2020,4,D,발달상권,2120181,교육개발원입구사거리,7278,4440,2838,316,2978,1563,1247,730,444,145,1506,983,939,536,331,171,1472,580,308,194,113
2020,4,D,발달상권,2120180,양재화물트럭터미널앞,2562,2146,416,13,637,812,554,409,137,10,466,711,481,363,115,3,171,101,73,46,22
2020,4,D,발달상권,2120179,양재역,21445,16961,4484,59,3105,7307,5206,3969,1799,34,2177,6101,4309,3030,1310,25,928,1206,897,939,489
2020,4,D,발달상권,2120178,신사역,10933,5953,4980,34,2539,2847,2355,1810,1348,13,871,1570,1480,999,1020,21,1668,1277,875,811,328
2020,4,D,발달상권,2120177,신논현역 1번,694,436,258,1,84,187,202,143,77,0,34,111,130,106,55,1,50,76,72,37,22
2020,4,D,발달상권,2120176,논현역 4번,893,566,327,1,130,216,195,168,183,1,67,126,129,106,137,0,63,90,66,62,46
2020,4,D,발달상권,2120175,남부터미널역,8239,5313,2926,32,1702,2478,1995,1290,742,6,856,1691,1361,852,547,26,846,787,634,438,195
2020,4,D,발달상권,2120174,논현역 5번,682,380,302,6,108,196,155,95,122,4,39,108,90,59,80,2,69,88,65,36,42
2020,4,D,발달상권,2120173,교대역(법원.검찰청),18197,10449,7748,74,3267,5392,4725,3068,1671,29,1418,3003,2843,1896,1260,45,1849,2389,1882,1172,411
2020,4,D,발달상권,2120172,교대입구교차로,10241,5712,4529,53,2062,2700,2445,1945,1036,33,854,1635,1489,1004,697,20,1208,1065,956,941,339
2020,4,D,발달상권,2120171,서초3동사거리,11750,6206,5544,15,1990,3845,2551,1862,1487,6,827,1746,1496,1064,1067,9,1163,2099,1055,798,420
2020,4,D,발달상권,2120170,삼호가든사거리,2026,1161,865,8,279,587,623,346,183,7,113,333,412,168,128,1,166,254,211,178,55
2020,4,D,발달상권,2120169,서초역,15771,7185,8586,70,3824,4195,3945,2657,1080,30,1313,1990,1801,1235,816,40,2511,2205,2144,1422,264
2020,4,D,발달상권,2120168,서울고교교차로,569,378,191,1,58,166,147,103,94,0,28,98,107,78,67,1,30,68,40,25,27
2020,4,D,발달상권,2120167,고속터미널(고속터미널역),5078,2994,2084,6,600,1311,1087,924,1150,5,318,915,786,488,482,1,282,396,301,436,668
2020,4,D,발달상권,2120166,방배역,5467,3282,2185,90,1234,1594,1033,699,817,26,523,920,713,451,649,64,711,674,320,248,168
2020,4,D,발달상권,2120165,서래마을카페거리(서래마을),3467,2266,1201,11,605,1119,949,516,267,3,277,716,707,369,194,8,328,403,242,147,73
2020,4,D,발달상권,2120164,내방역,8574,5973,2601,56,1923,2821,1862,1128,784,48,1160,1998,1383,799,585,8,763,823,479,329,199
2020,4,D,발달상권,2120163,사당역 11번(사당역먹자골목),491,290,201,0,55,119,99,86,132,0,28,73,57,50,82,0,27,46,42,36,50
2020,4,D,발달상권,2120162,방배동카페골목,1253,717,536,61,207,200,219,215,351,57,126,142,110,93,189,4,81,58,109,122,162
2020,4,D,발달상권,2120161,방배동가구거리(사당동가구거리),2517,1833,684,3,187,342,315,347,1323,2,78,178,165,202,1208,1,109,164,150,145,115
2020,4,D,발달상권,2120160,사당역(사당),9153,4750,4403,14,1560,2594,2716,1534,735,4,617,1307,1324,997,501,10,943,1287,1392,537,234
2020,4,D,발달상권,2120159,서울대입구역,1430,763,667,12,289,320,321,238,250,6,116,164,174,133,170,6,173,156,147,105,80
2020,4,D,발달상권,2120158,녹두거리(대학동),695,550,145,2,31,73,200,279,110,0,7,41,163,241,98,2,24,32,37,38,12
2020,4,D,발달상권,2120157,신림역(신림),593,255,338,1,95,115,145,125,112,0,19,40,81,48,67,1,76,75,64,77,45
2020,4,D,발달상권,2120156,"총신대입구역(이수, 총신대)",3255,1425,1830,14,615,769,718,629,510,7,201,327,374,254,262,7,414,442,344,375,248
2020,4,D,발달상권,2120155,총신대학교,111,57,54,0,13,27,27,26,18,0,7,8,15,15,12,0,6,19,12,11,6
2020,4,D,발달상권,2120154,장승배기역,479,199,280,1,61,123,126,106,62,0,16,58,67,35,23,1,45,65,59,71,39
2020,4,D,발달상권,2120153,노량진역(노량진),3699,1844,1855,10,521,1209,935,690,334,2,193,496,461,465,227,8,328,713,474,225,107
2020,4,D,발달상권,2120152,신대방삼거리역,594,291,303,1,66,127,155,154,91,1,22,63,84,74,47,0,44,64,71,80,44
2020,4,D,발달상권,2120151,보라매공원,2417,1455,962,6,401,736,707,383,184,4,194,433,450,237,137,2,207,303,257,146,47
2020,4,D,발달상권,2120150,63빌딩,7632,4749,2883,29,989,1932,2741,1691,250,5,494,1296,1379,1422,153,24,495,636,1362,269,97
2020,4,D,발달상권,2120149,여의도역(여의도),69255,45888,23367,184,11383,22550,19240,12096,3802,34,5884,14085,14147,9350,2388,150,5499,8465,5093,2746,1414
2020,4,D,발달상권,2120148,국회의사당역(국회의사당),31135,19451,11684,82,6815,10231,7641,4493,1873,27,3082,6187,5424,3397,1334,55,3733,4044,2217,1096,539
2020,4,D,발달상권,2120147,보라매역,1981,1262,719,6,292,455,377,378,473,3,99,312,255,270,323,3,193,143,122,108,150
2020,4,D,발달상권,2120146,한강성심병원,5045,2866,2179,18,1237,1249,1097,821,623,8,395,663,729,584,487,10,842,586,368,237,136
2020,4,D,발달상권,2120145,영등포역(영등포),3856,1817,2039,22,673,1021,921,702,517,0,202,441,486,388,300,22,471,580,435,314,217
2020,4,D,발달상권,2120144,영중로,2015,1072,943,1,254,394,507,598,261,1,142,276,288,230,135,0,112,118,219,368,126
2020,4,D,발달상권,2120143,당산역,2723,2018,705,9,329,524,575,532,754,2,194,398,412,396,616,7,135,126,163,136,138
2020,4,D,발달상권,2120142,대림역,1559,847,712,2,235,282,348,386,306,0,69,145,190,230,213,2,166,137,158,156,93
2020,4,D,발달상권,2120141,영등포청과시장교차로,601,418,183,2,71,137,188,115,88,1,36,85,133,86,77,1,35,52,55,29,11
2020,4,D,발달상권,2120140,문래동주민센터,6162,3296,2866,22,1447,1840,1635,916,302,11,558,993,992,517,225,11,889,847,643,399,77
2020,4,D,발달상권,2120139,대림3동사거리,3619,2404,1215,14,423,867,992,727,596,5,220,632,783,462,302,9,203,235,209,265,294
2020,4,D,발달상권,2120138,당산2동(영등포우체국),2754,1653,1101,23,745,579,479,488,440,15,395,347,312,309,275,8,350,232,167,179,165
2020,4,D,발달상권,2120137,문래역(문래로데오거리),50,21,29,2,11,8,13,12,4,0,4,1,7,7,2,2,7,7,6,5,2
2020,4,D,발달상권,2120136,영등포구청역,6617,3299,3318,20,1193,1504,1423,1444,1033,12,575,848,775,592,497,8,618,656,648,852,536
2020,4,D,발달상권,2120135,양평역,5072,3013,2059,32,1300,1280,1187,776,497,11,626,825,676,441,434,21,674,455,511,335,63
2020,4,D,발달상권,2120134,구로전화국,2014,1668,346,0,107,157,172,223,1355,0,44,75,96,153,1300,0,63,82,76,70,55
2020,4,D,발달상권,2120133,서울시흥동우체국(홈플러스시흥점),142,55,87,1,14,22,27,42,36,1,5,10,12,11,16,0,9,12,15,31,20
2020,4,D,발달상권,2120132,독산동,4203,2884,1319,13,512,908,1016,1074,680,12,350,650,695,701,476,1,162,258,321,373,204
2020,4,D,발달상권,2120131,가산디지털단지,81100,53404,27696,289,16340,25683,20119,11582,7087,184,8639,17229,14518,7692,5142,105,7701,8454,5601,3890,1945
2020,4,D,발달상권,2120130,구로디지털단지역,1136,620,516,1,169,376,236,212,142,0,59,208,125,125,103,1,110,168,111,87,39
2020,4,D,발달상권,2120129,구로디지털단지,47750,31091,16659,195,10197,16227,12034,5678,3419,126,5117,10736,8454,3920,2738,69,5080,5491,3580,1758,681
2020,4,D,발달상권,2120128,신도림역,1253,656,597,7,191,318,382,243,112,1,75,153,191,149,87,6,116,165,191,94,25
2020,4,D,발달상권,2120127,구로구청,5918,3878,2040,6,614,1229,1440,1444,1185,5,365,976,1050,808,674,1,249,253,390,636,511
2020,4,D,발달상권,2120126,디지털단지오거리,135,86,49,0,11,30,48,26,20,0,2,16,38,15,15,0,9,14,10,11,5
2020,4,D,발달상권,2120125,구로역,9291,6324,2967,24,1029,2136,2412,2271,1419,12,581,1466,1596,1572,1097,12,448,670,816,699,322
2020,4,D,발달상권,2120124,개봉동 현대아파트,461,205,256,0,63,89,119,82,108,0,18,26,49,43,69,0,45,63,70,39,39
2020,4,D,발달상권,2120123,오류동역,2120,1645,475,1,313,413,505,594,294,0,276,331,389,425,224,1,37,82,116,169,70
2020,4,D,발달상권,2120122,강서구청,2137,1208,929,4,308,444,489,437,455,2,103,218,267,256,362,2,205,226,222,181,93
2020,4,D,발달상권,2120121,까치산역,344,135,209,2,49,40,67,101,85,2,12,14,27,41,39,0,37,26,40,60,46
2020,4,D,발달상권,2120120,화곡역,927,405,522,1,177,218,193,196,142,0,46,109,84,81,85,1,131,109,109,115,57
2020,4,D,발달상권,2120119,발산역(마곡),1427,686,741,2,184,339,416,350,136,1,54,148,211,174,98,1,130,191,205,176,38
2020,4,D,발달상권,2120117,강서농산물도매시장,430,263,167,0,12,60,121,145,92,0,9,46,75,82,51,0,3,14,46,63,41
2020,4,D,발달상권,2120116,송정역,117,64,53,0,17,27,28,20,25,0,9,11,15,10,19,0,8,16,13,10,6
2020,4,D,발달상권,2120114,목동신시가지,13614,9392,4222,46,2086,3824,3484,2915,1259,29,1130,2623,2555,2209,846,17,956,1201,929,706,413
2020,4,D,발달상권,2120113,오목교역,628,372,256,2,96,144,162,136,88,1,45,79,94,92,61,1,51,65,68,44,27
2020,4,D,발달상권,2120112,등촌역,1633,1138,495,10,223,388,373,358,281,6,100,270,265,265,232,4,123,118,108,93,49
2020,4,D,발달상권,2120111,목동사거리,1828,710,1118,1,551,601,341,219,115,0,101,248,161,116,84,1,450,353,180,103,31
2020,4,D,발달상권,2120110,목동역 8번출구,1858,1400,458,2,142,216,286,247,965,1,42,102,166,181,908,1,100,114,120,66,57
2020,4,D,발달상권,2120109,서울남부지방법원,608,342,266,2,56,104,110,170,166,1,18,40,50,104,129,1,38,64,60,66,37
2020,4,D,발달상권,2120108,신정네거리역,992,580,412,2,93,215,220,242,220,1,28,110,112,160,169,1,65,105,108,82,51
2020,4,D,발달상권,2120107,공덕역(공덕오거리),13077,7619,5458,43,2471,3470,3552,3026,515,9,1021,2002,2300,1900,387,34,1450,1468,1252,1126,128
2020,4,D,발달상권,2120106,마포역,11462,7104,4358,12,1804,2735,2677,2306,1928,8,917,1662,1889,1435,1193,4,887,1073,788,871,735
2020,4,D,발달상권,2120105,상수역(홍대),524,273,251,4,126,153,122,71,48,2,51,74,70,42,34,2,75,79,52,29,14
2020,4,D,발달상권,2120104,연남동(홍대),5955,3176,2779,20,1117,1491,1289,1103,935,12,428,824,772,620,520,8,689,667,517,483,415
2020,4,D,발달상권,2120103,홍대입구역(홍대),9580,5991,3589,87,2167,2434,2066,1613,1213,61,1145,1486,1404,988,907,26,1022,948,662,625,306
2020,4,D,발달상권,2120102,서교동(홍대),7276,3402,3874,18,1521,2551,1814,899,473,11,496,1065,913,566,351,7,1025,1486,901,333,122
2020,4,D,발달상권,2120101,합정역,1932,1048,884,2,302,520,515,399,194,2,89,236,312,266,143,0,213,284,203,133,51
2020,4,D,발달상권,2120100,망원역,900,436,464,3,192,236,215,153,101,1,49,107,117,103,59,2,143,129,98,50,42
2020,4,D,발달상권,2120099,월드컵경기장역(월드컵경기장),84,57,27,0,11,20,26,14,13,0,6,16,21,7,7,0,5,4,5,7,6
2020,4,D,발달상권,2120098,DMC(디지털미디어시티),8846,5391,3455,19,1691,3228,2856,875,177,11,813,1995,1821,616,135,8,878,1233,1035,259,42
2020,4,D,발달상권,2120097,충정로역,2246,1354,892,0,321,658,631,407,229,0,172,390,397,254,141,0,149,268,234,153,88
2020,4,D,발달상권,2120096,"이화여대(이대역, 이대)",470,195,275,1,79,135,125,79,51,0,27,51,46,38,33,1,52,84,79,41,18
2020,4,D,발달상권,2120095,홍제역,922,520,402,1,73,107,260,362,119,0,17,56,137,222,88,1,56,51,123,140,31
2020,4,D,발달상권,2120094,"신촌역(신촌역, 신촌로터리)",5355,2430,2925,67,2390,1192,681,594,431,23,999,589,299,279,241,44,1391,603,382,315,190
2020,4,D,발달상권,2120093,연희동,661,351,310,2,60,125,170,195,109,0,27,62,91,103,68,2,33,63,79,92,41
2020,4,D,발달상권,2120092,불광역,274,147,127,0,33,51,83,52,55,0,12,29,44,21,41,0,21,22,39,31,14
2020,4,D,발달상권,2120091,본서부병원,516,192,324,1,51,69,119,165,111,0,20,28,51,55,38,1,31,41,68,110,73
2020,4,D,발달상권,2120090,연신내역,687,262,425,5,180,133,134,129,106,1,64,55,49,45,48,4,116,78,85,84,58
2020,4,D,발달상권,2120089,구파발역,1,0,1,0,0,0,1,0,0,0,0,0,0,0,0,0,0,0,1,0,0
2020,4,D,발달상권,2120088,구산역,799,279,520,2,86,117,175,272,147,2,30,65,68,59,55,0,56,52,107,213,92
2020,4,D,발달상권,2120087,응암역,441,272,169,0,45,84,114,106,92,0,17,50,78,60,67,0,28,34,36,46,25
2020,4,D,발달상권,2120086,태릉입구역,382,205,177,0,42,78,82,102,78,0,24,43,35,49,54,0,18,35,47,53,24
2020,4,D,발달상권,2120085,은행사거리,317,121,196,4,51,48,80,78,56,3,11,14,21,40,32,1,40,34,59,38,24
2020,4,D,발달상권,2120084,공릉역,712,546,166,3,33,59,110,240,267,1,11,22,63,205,244,2,22,37,47,35,23
2020,4,D,발달상권,2120083,등나무근린공원,1184,787,397,0,166,325,271,283,139,0,114,228,171,179,95,0,52,97,100,104,44
2020,4,D,발달상권,2120082,상계백병원,426,148,278,0,85,102,118,82,39,0,21,24,39,43,21,0,64,78,79,39,18
2020,4,D,발달상권,2120081,노원역,1552,508,1044,9,369,295,343,307,229,2,66,87,125,121,107,7,303,208,218,186,122
2020,4,D,발달상권,2120080,마들역,180,46,134,0,30,45,46,36,23,0,2,7,9,13,15,0,28,38,37,23,8
2020,4,D,발달상권,2120079,창동역,1326,796,530,0,151,232,320,304,319,0,54,108,172,195,267,0,97,124,148,109,52
2020,4,D,발달상권,2120078,미아사거리역,145,90,55,0,27,29,29,31,29,0,12,17,21,18,22,0,15,12,8,13,7
2020,4,D,발달상권,2120077,미아역,218,97,121,0,32,37,52,64,33,0,11,8,18,38,22,0,21,29,34,26,11
2020,4,D,발달상권,2120076,수유역,1930,865,1065,7,241,303,422,465,492,4,62,102,176,240,281,3,179,201,246,225,211
2020,4,D,발달상권,2120075,월곡역,369,213,156,1,40,86,97,67,78,0,17,48,54,44,50,1,23,38,43,23,28
2020,4,D,발달상권,2120074,안암역,59,28,31,1,12,16,12,8,10,0,5,9,7,2,5,1,7,7,5,6,5
2020,4,D,발달상권,2120073,미아사거리,353,135,218,3,40,67,95,95,53,2,16,29,45,23,20,1,24,38,50,72,33
2020,4,D,발달상권,2120072,성신여대,1048,537,511,18,137,211,213,271,198,11,46,86,103,152,139,7,91,125,110,119,59
2020,4,D,발달상권,2120071,성북구청,255,127,128,0,36,55,64,62,38,0,14,22,38,31,22,0,22,33,26,31,16
2020,4,D,발달상권,2120070,한성대입구역,466,180,286,2,83,69,78,113,121,2,21,31,37,38,51,0,62,38,41,75,70
2020,4,D,발달상권,2120069,상봉역,932,597,335,6,147,258,263,151,107,4,102,158,163,99,71,2,45,100,100,52,36
2020,4,D,발달상권,2120068,사가정역,145,45,100,3,38,31,25,22,26,0,1,5,12,12,15,3,37,26,13,10,11
2020,4,D,발달상권,2120067,장안동사거리,2587,1169,1418,9,427,578,671,577,325,7,165,280,258,255,204,2,262,298,413,322,121
2020,4,D,발달상권,2120066,장한평역(장한평),7424,4770,2654,43,1531,1839,1491,1235,1285,10,739,1202,991,818,1010,33,792,637,500,417,275
2020,4,D,발달상권,2120065,회기역,326,207,119,3,48,55,89,76,55,1,27,39,49,49,42,2,21,16,40,27,13
2020,4,D,발달상권,2120064,경희대학교(경희대),97,44,53,0,14,27,21,13,22,0,9,13,10,4,8,0,5,14,11,9,14
2020,4,D,발달상권,2120063,청량리역(청량리),1182,514,668,3,225,221,239,246,248,2,66,86,89,116,155,1,159,135,150,130,93
2020,4,D,발달상권,2120062,신설동역,12641,5433,7208,13,1215,2605,3449,3480,1879,2,445,1435,1625,1123,803,11,770,1170,1824,2357,1076
2020,4,D,발달상권,2120061,올림픽대교북단,1094,864,230,1,228,403,324,95,43,0,165,326,290,55,28,1,63,77,34,40,15
2020,4,D,발달상권,2120060,강변역(테크노마트),3189,2348,841,12,402,686,870,703,516,2,209,509,686,549,393,10,193,177,184,154,123
2020,4,D,발달상권,2120059,구삼강변맛길,3279,1781,1498,6,431,676,555,747,864,4,244,472,367,322,372,2,187,204,188,425,492
2020,4,D,발달상권,2120058,구의사거리,688,333,355,2,92,158,174,181,81,1,33,79,80,77,63,1,59,79,94,104,18
2020,4,D,발달상권,2120057,아차산역,2218,1220,998,52,412,432,503,468,351,19,236,257,289,206,213,33,176,175,214,262,138
2020,4,D,발달상권,2120056,구의역,2200,1115,1085,7,350,431,596,491,325,6,119,173,290,313,214,1,231,258,306,178,111
2020,4,D,발달상권,2120055,군자역,4255,2030,2225,33,1138,780,911,991,402,23,548,430,436,330,263,10,590,350,475,661,139
2020,4,D,발달상권,2120054,어린이대공원역,1243,826,417,0,90,153,311,440,249,0,25,88,205,321,187,0,65,65,106,119,62
2020,4,D,발달상권,2120053,건대입구역(건대),859,491,368,5,147,141,172,187,207,2,40,61,95,130,163,3,107,80,77,57,44
2020,4,D,발달상권,2120052,성수역,11387,7284,4103,23,2113,2900,2661,2238,1452,12,1170,1971,1783,1298,1050,11,943,929,878,940,402
2020,4,D,발달상권,2120051,뚝섬역,3944,2582,1362,20,703,946,867,651,757,15,446,646,549,445,481,5,257,300,318,206,276
2020,4,D,발달상권,2120050,서울숲역,212,159,53,0,33,40,60,52,27,0,19,30,47,41,22,0,14,10,13,11,5
2020,4,D,발달상권,2120049,왕십리역(왕십리),1459,1004,455,1,183,301,377,468,129,1,92,187,272,371,81,0,91,114,105,97,48
2020,4,D,발달상권,2120048,금호역,80,31,49,0,16,10,18,24,12,0,2,2,6,13,8,0,14,8,12,11,4
2020,4,D,발달상권,2120047,한남오거리,2290,1458,832,11,366,751,623,343,196,9,152,461,438,249,149,2,214,290,185,94,47
2020,4,D,발달상권,2120046,이태원(이태원역),2276,1295,981,24,817,682,338,220,195,15,389,421,205,134,131,9,428,261,133,86,64
2020,4,D,발달상권,2120045,남영동 먹자골목,4044,1580,2464,7,424,908,1421,1162,122,1,257,576,502,205,39,6,167,332,919,957,83
2020,4,D,발달상권,2120044,삼각지역,1611,1164,447,5,313,408,385,330,170,5,185,303,315,234,122,0,128,105,70,96,48
2020,4,D,발달상권,2120043,서울역,22578,15322,7256,58,4087,7782,5513,3664,1474,27,2087,4897,4201,3033,1077,31,2000,2885,1312,631,397
2020,4,D,발달상권,2120042,"숙대입구역(남영역, 남영동)",4057,2797,1260,20,750,1490,1024,558,215,8,370,894,831,510,184,12,380,596,193,48,31
2020,4,D,발달상권,2120041,신용산역(용산역),16270,5741,10529,72,4012,5520,4509,1569,588,25,1308,1921,1510,595,382,47,2704,3599,2999,974,206
2020,4,D,발달상권,2120040,용산전자상가(용산역),8014,5960,2054,43,1390,2727,2224,1236,394,30,882,2007,1729,997,315,13,508,720,495,239,79
2020,4,D,발달상권,2120039,신당역,2321,1230,1091,31,793,486,404,333,274,11,347,244,225,219,184,20,446,242,179,114,90
2020,4,D,발달상권,2120038,약수역,2289,1360,929,7,436,739,579,320,208,1,189,451,383,195,141,6,247,288,196,125,67
2020,4,D,발달상권,2120037,동대문역사문화공원역,35320,17057,18263,421,11234,9194,6981,5237,2253,180,5605,5543,3901,1328,500,241,5629,3651,3080,3909,1753
2020,4,D,발달상권,2120036,장충동족발거리(남소영길),2289,1090,1199,14,616,783,556,223,97,0,122,393,365,155,55,14,494,390,191,68,42
2020,4,D,발달상권,2120035,퇴계로5가,2257,1368,889,7,650,570,525,321,184,3,282,379,388,200,116,4,368,191,137,121,68
2020,4,D,발달상권,2120034,중구청(퇴계로4가),1538,1044,494,7,107,227,400,437,360,5,47,128,262,325,277,2,60,99,138,112,83
2020,4,D,발달상권,2120033,을지로4가역,874,443,431,7,128,213,194,204,128,1,45,108,99,91,99,6,83,105,95,113,29
2020,4,D,발달상권,2120032,충무로역,11403,5304,6099,36,1756,2560,3266,2711,1074,15,589,1271,1554,1201,674,21,1167,1289,1712,1510,400
2020,4,D,발달상권,2120031,을지로3가역,6147,3450,2697,9,699,1541,1643,1286,969,0,223,730,924,892,681,9,476,811,719,394,288
2020,4,D,발달상권,2120030,중부경찰서(영화인의거리),11889,6798,5091,53,2154,3638,3423,1960,661,16,721,2139,2092,1366,464,37,1433,1499,1331,594,197
2020,4,D,발달상권,2120029,을지로2가,7461,4461,3000,27,1938,2808,1698,798,192,7,787,1650,1165,693,159,20,1151,1158,533,105,33
2020,4,D,발달상권,2120028,명동(명동거리),12797,7708,5089,41,2137,3592,3670,2246,1111,16,1028,1982,2334,1641,707,25,1109,1610,1336,605,404
2020,4,D,발달상권,2120027,명동역(명동재미로),18097,8477,9620,67,2695,5851,6070,3074,340,9,859,2588,2522,2321,178,58,1836,3263,3548,753,162
2020,4,D,발달상권,2120026,을지로입구역,30610,18501,12109,14,4275,11589,8473,5661,598,4,1729,5846,5959,4562,401,10,2546,5743,2514,1099,197
2020,4,D,발달상권,2120025,롯데백화점(시청광장 지하쇼핑센터),22641,6272,16369,229,12750,7002,1623,944,93,71,3075,2028,779,248,71,158,9675,4974,844,696,22
2020,4,D,발달상권,2120024,회현역,2167,1364,803,2,341,795,582,250,197,1,146,473,416,192,136,1,195,322,166,58,61
2020,4,D,발달상권,2120023,서울시청,10242,5534,4708,15,2234,3260,2778,1425,530,4,852,1657,1658,983,380,11,1382,1603,1120,442,150
2020,4,D,발달상권,2120022,북창동(시청역_6번),5197,3160,2037,24,1010,1611,1149,767,636,2,391,936,852,543,436,22,619,675,297,224,200
2020,4,D,발달상권,2120021,시청역_8번,24117,15220,8897,74,4137,8250,7186,3526,944,13,1738,4529,5241,3020,679,61,2399,3721,1945,506,265
2020,4,D,발달상권,2120020,시청역_1번,10375,7489,2886,40,2120,3185,2952,1721,357,21,1118,2220,2480,1370,280,19,1002,965,472,351,77
2020,4,D,발달상권,2120019,경찰청앞교차로,5958,3146,2812,26,1051,2221,1625,793,242,8,274,1044,982,619,219,18,777,1177,643,174,23
2020,4,D,발달상권,2120018,중림동,2187,1366,821,2,393,736,598,293,165,2,207,425,357,237,138,0,186,311,241,56,27
2020,4,D,발달상권,2120017,동묘앞역(동묘),626,149,477,0,62,124,251,120,69,0,7,33,35,27,47,0,55,91,216,93,22
2020,4,D,발달상권,2120016,동대문역,193,120,73,1,10,27,45,44,66,0,6,14,20,31,49,1,4,13,25,13,17
2020,4,D,발달상권,2120015,종로6가,302,153,149,0,49,64,69,65,55,0,17,23,27,42,44,0,32,41,42,23,11
2020,4,D,발달상권,2120014,종로5가역,4887,2839,2048,375,1123,1351,1205,597,236,112,456,860,851,397,163,263,667,491,354,200,73
2020,4,D,발달상권,2120013,이화사거리,7552,5465,2087,8,1309,2510,2065,1290,370,1,628,1731,1677,1167,261,7,681,779,388,123,109
2020,4,D,발달상권,2120012,대학로(혜화역),2061,929,1132,10,357,603,507,318,266,5,105,208,252,171,188,5,252,395,255,147,78
2020,4,D,발달상권,2120011,종로4가,2980,1663,1317,5,420,1022,880,514,139,0,165,497,518,378,105,5,255,525,362,136,34
2020,4,D,발달상권,2120010,원남동사거리,4107,2297,1810,50,1544,1305,655,383,170,2,585,793,487,297,133,48,959,512,168,86,37
2020,4,D,발달상권,2120009,종로3가역,8495,4786,3709,19,1355,2296,2026,1582,1217,8,563,1230,1198,953,834,11,792,1066,828,629,383
2020,4,D,발달상권,2120008,인사동,22070,13019,9051,1263,7895,5069,3940,2756,1147,589,4005,3077,2666,2006,676,674,3890,1992,1274,750,471
2020,4,D,발달상권,2120007,북촌(안국역),10172,8081,2091,7,1112,3577,3084,1913,479,5,623,2851,2568,1659,375,2,489,726,516,254,104
2020,4,D,발달상권,2120006,종각역,33181,16028,17153,59,5900,11133,9928,5489,672,14,2254,4920,4677,3672,491,45,3646,6213,5251,1817,181
2020,4,D,발달상권,2120005,삼청동,3053,2795,258,1,399,712,898,817,226,0,340,633,848,776,198,1,59,79,50,41,28
2020,4,D,발달상권,2120004,종로구청,12937,7078,5859,9,1442,4392,4485,2080,529,4,432,2050,2756,1493,343,5,1010,2342,1729,587,186
2020,4,D,발달상권,2120003,광화문역,44202,27021,17181,79,6413,12958,13138,8070,3544,12,2655,7612,8988,5645,2109,67,3758,5346,4150,2425,1435
2020,4,D,발달상권,2120002,서촌(경복궁역),2008,1079,929,37,492,680,426,224,149,0,190,388,263,133,105,37,302,292,163,91,44
2020,4,D,발달상권,2120001,서대문역,1510,1022,488,1,265,530,359,278,77,1,106,344,272,237,62,0,159,186,87,41,15
2020,4,A,골목상권,2111090,강일동주민센터,91,35,56,0,15,30,23,17,6,0,1,10,10,10,4,0,14,20,13,7,2
2020,4,A,골목상권,2111089,상일여고(상일초등학교),758,508,250,0,51,131,184,236,156,0,32,81,128,155,112,0,19,50,56,81,44
2020,4,A,골목상권,2111088,고덕동성당,123,54,69,0,15,32,32,31,13,0,4,15,10,15,10,0,11,17,22,16,3
2020,4,A,골목상권,2111087,고덕중학교(고덕2동주민센터),197,89,108,0,26,46,62,36,27,0,5,21,26,17,20,0,21,25,36,19,7
2020,4,A,골목상권,2111086,한영중고,297,202,95,1,27,45,73,101,50,1,17,22,52,69,41,0,10,23,21,32,9
2020,4,A,골목상권,2111085,묘곡초등학교(고덕아이파크아파트),800,452,348,0,68,111,152,196,273,0,35,72,80,84,181,0,33,39,72,112,92
2020,4,A,골목상권,2111084,길동신동아아파트,169,104,65,2,27,32,37,58,13,2,21,23,24,25,9,0,6,9,13,33,4
2020,4,A,골목상권,2111083,GS강동자이아파트,411,245,166,0,67,62,70,100,112,0,47,43,41,44,70,0,20,19,29,56,42
2020,4,A,골목상권,2111082,중앙보훈병원,64,44,20,0,3,9,11,23,18,0,1,3,5,18,17,0,2,6,6,5,1
2020,4,A,골목상권,2111081,둔촌푸르지오아파트,78,50,28,0,8,17,18,18,17,0,4,12,13,6,15,0,4,5,5,12,2
2020,4,A,골목상권,2111080,굽은다리역 3번,434,235,199,0,44,77,100,110,103,0,12,52,63,58,50,0,32,25,37,52,53
2020,4,A,골목상권,2111079,둔촌고등학교(둔촌중학교),395,202,193,1,52,59,66,79,138,1,32,35,35,28,71,0,20,24,31,51,67
2020,4,A,골목상권,2111078,굽은다리역 4번,1728,1017,711,1,135,299,374,480,439,1,75,185,212,270,274,0,60,114,162,210,165
2020,4,A,골목상권,2111077,길동주민센터(강동도서관),1272,737,535,4,121,258,294,321,274,1,49,138,167,188,194,3,72,120,127,133,80
2020,4,A,골목상권,2111076,둔촌2동주민센터,297,174,123,0,25,49,61,86,76,0,14,24,34,39,63,0,11,25,27,47,13
2020,4,A,골목상권,2111075,굽은다리역 2번,192,115,77,0,14,42,52,54,30,0,14,28,24,33,16,0,0,14,28,21,14
2020,4,A,골목상권,2111074,명일역 1번,148,77,71,2,31,38,40,16,21,1,9,23,23,10,11,1,22,15,17,6,10
2020,4,A,골목상권,2111073,둔촌동역 1번(한산중학교),973,578,395,1,134,224,250,206,158,1,58,122,160,124,113,0,76,102,90,82,45
2020,4,A,골목상권,2111072,굽은다리역 1번(십자성마을),739,467,272,1,56,119,199,185,179,0,18,70,114,126,139,1,38,49,85,59,40
2020,4,A,골목상권,2111071,천동초등학교,76,52,24,0,4,15,21,25,11,0,4,6,18,16,8,0,0,9,3,9,3
2020,4,A,골목상권,2111070,천호초등학교,127,73,54,1,7,23,40,28,28,0,3,10,23,17,20,1,4,13,17,11,8
2020,4,A,골목상권,2111069,천호1동주민센터,79,54,25,0,8,17,17,26,11,0,4,12,14,14,10,0,4,5,3,12,1
2020,4,A,골목상권,2111068,강동성심병원,1570,605,965,0,532,392,271,203,172,0,126,134,114,101,130,0,406,258,157,102,42
2020,4,A,골목상권,2111067,강동구립성내도서관,746,414,332,2,73,149,192,177,153,1,36,98,107,84,88,1,37,51,85,93,65
2020,4,A,골목상권,2111066,암사동성당(효정하나플러스아파트),395,235,160,3,40,95,100,106,51,0,9,46,65,84,31,3,31,49,35,22,20
2020,4,A,골목상권,2111065,천일초등학교,75,34,41,2,6,20,18,22,7,2,5,10,7,5,5,0,1,10,11,17,2
2020,4,A,골목상권,2111064,둔촌동역 4번,157,98,59,0,13,34,47,40,23,0,3,21,30,28,16,0,10,13,17,12,7
2020,4,A,골목상권,2111063,강동구립 천호도서관,368,182,186,0,25,44,81,85,133,0,5,15,21,30,111,0,20,29,60,55,22
2020,4,A,골목상권,2111062,둔촌동역 3번(성내3동주민센터),751,501,250,5,134,198,194,144,76,5,81,139,126,91,59,0,53,59,68,53,17
2020,4,A,골목상권,2111061,암사역 1번,831,551,280,0,149,186,182,170,144,0,82,128,126,125,90,0,67,58,56,45,54
2020,4,A,골목상권,2111060,암사역 2번(서울강동초등학교),871,457,414,1,101,210,241,202,116,1,41,96,131,107,81,0,60,114,110,95,35
2020,4,A,골목상권,2111059,강동역 4번(강풀만화거리),819,430,389,3,90,160,193,170,203,1,48,75,93,94,119,2,42,85,100,76,84
2020,4,A,골목상권,2111058,성내중학교,451,317,134,0,51,92,129,121,58,0,37,63,90,82,45,0,14,29,39,39,13
2020,4,A,골목상권,2111057,천호공원(해공체육문화센터),255,113,142,2,53,50,64,61,25,2,15,19,30,33,14,0,38,31,34,28,11
2020,4,A,골목상권,2111056,천호태영아파트,191,53,138,0,27,35,64,36,29,0,4,5,19,15,10,0,23,30,45,21,19
2020,4,A,골목상권,2111055,선사초등학교,673,29,644,0,14,28,137,373,121,0,4,7,8,6,4,0,10,21,129,367,117
2020,4,A,골목상권,2111054,암사역 4번(삼성광나루아파트),104,42,62,0,14,18,19,12,41,0,4,12,7,5,14,0,10,6,12,7,27
2020,4,A,골목상권,2111053,성내천어린이공원(하니사랑길),6288,4564,1724,6,799,940,1025,1564,1954,3,542,693,750,1053,1523,3,257,247,275,511,431
2020,4,A,골목상권,2111052,암사역 3번(천호동자전거거리),357,228,129,1,26,71,117,94,48,1,11,47,76,58,35,0,15,24,41,36,13
2020,4,A,골목상권,2111051,천호역 6번,407,252,155,2,65,80,90,88,82,1,44,56,58,47,46,1,21,24,32,41,36
2020,4,A,골목상권,2111050,강동구청(강동구청역 2번),131,96,35,0,21,14,21,32,43,0,12,5,12,27,40,0,9,9,9,5,3
2020,4,A,골목상권,2111049,천호지구대(천호동자전거거리),507,277,230,2,75,90,96,118,126,0,36,50,40,68,83,2,39,40,56,50,43
2020,4,A,골목상권,2111048,천호역 1번(천호문구완구거리),189,104,85,3,18,52,45,45,26,2,10,24,26,25,17,1,8,28,19,20,9
2020,4,A,골목상권,2111047,마천1치안센터,111,73,38,0,9,17,34,34,17,0,6,14,19,22,12,0,3,3,15,12,5
2020,4,A,골목상권,2111046,마천역(마천초등학교),705,400,305,2,76,145,170,193,119,1,47,85,83,94,90,1,29,60,87,99,29
2020,4,A,골목상권,2111045,개미어린이공원,36,18,18,0,2,7,12,12,3,0,1,1,7,7,2,0,1,6,5,5,1
2020,4,A,골목상권,2111044,남천초등학교,557,264,293,1,95,146,167,113,35,0,35,71,76,56,26,1,60,75,91,57,9
2020,4,A,골목상권,2111043,마천공원,32,13,19,0,1,3,7,12,9,0,0,0,1,6,6,0,1,3,6,6,3
2020,4,A,골목상권,2111042,거여역 1번(거여공원),867,597,270,3,147,186,247,200,84,3,121,134,159,130,50,0,26,52,88,70,34
2020,4,A,골목상권,2111041,거여역 8번,428,350,78,1,102,124,87,64,50,1,84,98,72,51,44,0,18,26,15,13,6
2020,4,A,골목상권,2111040,거여초등학교,346,137,209,0,26,86,124,77,33,0,9,27,48,30,23,0,17,59,76,47,10
2020,4,A,골목상권,2111039,벌말어린이공원,485,353,132,8,85,125,121,94,52,8,51,89,88,72,45,0,34,36,33,22,7
2020,4,A,골목상권,2111038,보인중학교,416,270,146,0,26,66,113,123,88,0,11,38,85,88,48,0,15,28,28,35,40
2020,4,A,골목상권,2111037,Sh수협은행 오금동금융센터(아랫말어린이공원),373,243,130,0,37,103,90,93,50,0,25,84,60,43,31,0,12,19,30,50,19
2020,4,A,골목상권,2111036,투구봉어린이공원,209,119,90,1,22,40,55,62,29,1,7,20,26,39,26,0,15,20,29,23,3
2020,4,A,골목상권,2111035,오금공원(오주중학교),531,398,133,0,41,90,148,148,104,0,32,66,121,102,77,0,9,24,27,46,27
2020,4,A,골목상권,2111034,오동나무공원(송파레미니스1단지),1443,1020,423,3,244,367,352,318,159,3,155,253,264,223,122,0,89,114,88,95,37
2020,4,A,골목상권,2111033,문정동성당,70,30,40,0,5,4,16,16,29,0,2,3,8,9,8,0,3,1,8,7,21
2020,4,A,골목상권,2111032,방이역 1번,3885,2552,1333,4,235,340,605,719,1982,3,139,237,411,469,1293,1,96,103,194,250,689
2020,4,A,골목상권,2111031,장지동주민센터(한림연예예술고교),3127,2317,810,8,263,415,651,857,933,2,170,330,497,648,670,6,93,85,154,209,263
2020,4,A,골목상권,2111030,방이역 2번,665,419,246,1,57,107,147,217,136,0,28,68,94,128,101,1,29,39,53,89,35
2020,4,A,골목상권,2111029,오금역 4번,427,314,113,3,71,108,91,79,75,1,51,81,67,55,59,2,20,27,24,24,16
2020,4,A,골목상권,2111028,문현중학교(장지역 1번),424,194,230,0,54,66,132,116,56,0,29,36,49,50,30,0,25,30,83,66,26
2020,4,A,골목상권,2111027,문정초등학교,1403,775,628,3,148,289,326,247,390,1,67,160,211,126,210,2,81,129,115,121,180
2020,4,A,골목상권,2111026,문정역 2번,2304,1506,798,7,431,634,546,428,258,3,236,427,385,239,216,4,195,207,161,189,42
2020,4,A,골목상권,2111025,경찰병원역 3번,686,412,274,1,84,164,149,157,131,0,45,102,103,88,74,1,39,62,46,69,57
2020,4,A,골목상권,2111024,경찰병원역 4번(건너말공원),240,150,90,0,27,53,63,68,29,0,16,33,45,35,21,0,11,20,18,33,8
2020,4,A,골목상권,2111023,문정역 1번,939,576,363,2,133,202,263,204,135,0,86,139,184,100,67,2,47,63,79,104,68
2020,4,A,골목상권,2111022,석촌중학교(방이육교),567,255,312,1,48,105,141,206,66,0,28,66,72,57,32,1,20,39,69,149,34
2020,4,A,골목상권,2111021,방이역 4번,7674,5867,1807,22,792,1328,1977,2139,1416,15,392,911,1551,1769,1229,7,400,417,426,370,187
2020,4,A,골목상권,2111020,방이동고분군(방산고등학교),304,225,79,1,20,103,84,54,42,0,7,73,64,48,33,1,13,30,20,6,9
2020,4,A,골목상권,2111019,한성백제역 3번,1524,1000,524,2,207,448,428,254,185,2,103,303,300,164,128,0,104,145,128,90,57
2020,4,A,골목상권,2111018,풍납초등학교(풍납백제문화공원),26,23,3,0,1,5,10,6,4,0,1,4,8,6,4,0,0,1,2,0,0
2020,4,A,골목상권,2111017,송파나루역 3번,688,480,208,5,317,167,84,70,45,4,217,116,53,50,40,1,100,51,31,20,5
2020,4,A,골목상권,2111016,송파역 2번,3803,1601,2202,15,1126,1104,801,601,156,8,407,533,427,165,61,7,719,571,374,436,95
2020,4,A,골목상권,2111015,석촌역 3번,1352,778,574,1,151,315,350,351,184,1,72,199,216,181,109,0,79,116,134,170,75
2020,4,A,골목상권,2111014,송파나루역 2번,525,275,250,1,43,76,121,190,94,0,21,42,69,83,60,1,22,34,52,107,34
2020,4,A,골목상권,2111013,송파나루역 1번(송리단길),2234,1456,778,8,320,568,650,435,253,3,160,384,445,290,174,5,160,184,205,145,79
2020,4,A,골목상권,2111012,석촌역 6번,732,332,400,2,91,127,180,183,149,2,23,56,83,93,75,0,68,71,97,90,74
2020,4,A,골목상권,2111011,잠실나루역,9608,7747,1861,42,1275,3018,2795,2046,432,18,924,2492,2309,1674,330,24,351,526,486,372,102
2020,4,A,골목상권,2111010,석촌역 7번,1428,975,453,3,162,289,351,325,298,1,88,176,244,224,242,2,74,113,107,101,56
2020,4,A,골목상권,2111009,송파책박물관,127,92,35,1,13,38,27,22,26,0,11,32,17,14,18,1,2,6,10,8,8
2020,4,A,골목상권,2111008,석촌고분역 3번,1600,1210,390,1,185,292,294,400,428,1,151,243,216,259,340,0,34,49,78,141,88
2020,4,A,골목상권,2111007,석촌고분역 4번,936,480,456,0,107,215,255,242,117,0,43,116,142,109,70,0,64,99,113,133,47
2020,4,A,골목상권,2111006,석촌고분역 1번,1112,721,391,0,127,292,337,203,153,0,56,169,242,135,119,0,71,123,95,68,34
2020,4,A,골목상권,2111005,삼전역 3번,1865,1358,507,0,320,617,459,302,167,0,215,449,339,222,133,0,105,168,120,80,34
2020,4,A,골목상권,2111004,삼전역 1번,2036,1331,705,13,263,407,504,376,473,0,108,261,337,239,386,13,155,146,167,137,87
2020,4,A,골목상권,2111003,삼전역 4번,1991,1333,658,6,249,412,547,436,341,1,160,278,331,307,256,5,89,134,216,129,85
2020,4,A,골목상권,2111002,한국교통안전공단 강남자동차검사소,317,115,202,0,22,63,65,96,71,0,7,31,21,26,30,0,15,32,44,70,41
2020,4,A,골목상권,2111001,아래방죽마을공원(율현초등학교),70,44,26,0,2,10,16,22,20,0,1,7,13,13,10,0,1,3,3,9,10
2020,4,A,골목상권,2111000,대왕초등학교(세곡동사거리서남측),39,20,19,0,7,10,12,8,2,0,0,4,10,4,2,0,7,6,2,4,0
2020,4,A,골목상권,2110999,윗방죽마을공원,268,130,138,2,19,43,44,83,77,1,12,27,27,39,24,1,7,16,17,44,53
2020,4,A,골목상권,2110998,은곡마을(은곡마을공원),23,15,8,0,2,8,6,5,2,0,0,4,5,5,1,0,2,4,1,0,1
2020,4,A,골목상권,2110997,대청초등학교,1724,959,765,4,230,291,391,383,425,2,111,162,200,210,274,2,119,129,191,173,151
2020,4,A,골목상권,2110996,대치2동주민센터,1959,1227,732,2,83,278,351,342,903,0,48,209,277,247,446,2,35,69,74,95,457
2020,4,A,골목상권,2110995,봉은사역 4번,5085,3711,1374,9,978,2002,1271,637,188,2,575,1477,990,523,144,7,403,525,281,114,44
2020,4,A,골목상권,2110994,개포고등학교,494,382,112,7,65,161,123,110,28,4,47,134,103,73,21,3,18,27,20,37,7
2020,4,A,골목상권,2110993,개포지하차도 북측,70,53,17,0,3,9,19,23,16,0,2,7,16,18,10,0,1,2,3,5,6
2020,4,A,골목상권,2110992,도곡초등학교,2179,1144,1035,3,269,440,484,524,459,1,108,253,258,260,264,2,161,187,226,264,195
2020,4,A,골목상권,2110991,삼성중앙역 5번,1246,794,452,1,111,415,339,275,105,1,28,243,229,216,77,0,83,172,110,59,28
2020,4,A,골목상권,2110990,청담역 12번,262,109,153,2,61,92,56,36,15,0,12,32,29,23,13,2,49,60,27,13,2
2020,4,A,골목상권,2110989,대치동아우편취급국,444,270,174,9,90,148,75,68,54,0,43,102,43,44,38,9,47,46,32,24,16
2020,4,A,골목상권,2110988,청담역 3번,1594,1016,578,1,243,425,364,346,215,1,82,247,247,262,177,0,161,178,117,84,38
2020,4,A,골목상권,2110987,영동대교남단,473,237,236,2,91,86,93,107,94,1,46,51,44,40,55,1,45,35,49,67,39
2020,4,A,골목상권,2110986,삼성중앙역 7번,90,59,31,0,9,18,36,19,8,0,3,6,29,15,6,0,6,12,7,4,2
2020,4,A,골목상권,2110985,청담근린공원,1338,948,390,0,193,447,374,226,98,0,98,346,275,157,72,0,95,101,99,69,26
2020,4,A,골목상권,2110984,포이초등학교(개포목련어린이공원),1556,1046,510,2,236,342,331,306,339,0,140,241,211,199,255,2,96,101,120,107,84
2020,4,A,골목상권,2110983,국립국악고등학교,783,534,249,6,126,212,125,145,169,2,44,137,94,111,146,4,82,75,31,34,23
2020,4,A,골목상권,2110982,강남구보훈회관,166,74,92,0,31,34,41,41,19,0,7,13,25,14,15,0,24,21,16,27,4
2020,4,A,골목상권,2110981,국악고교사거리,361,216,145,2,57,77,110,81,34,0,27,36,72,56,25,2,30,41,38,25,9
2020,4,A,골목상권,2110980,개포지구대옆,663,482,181,0,90,198,202,111,62,0,45,142,168,72,55,0,45,56,34,39,7
2020,4,A,골목상권,2110979,청담초등학교,2996,1912,1084,4,522,922,768,567,213,4,228,628,535,343,174,0,294,294,233,224,39
2020,4,A,골목상권,2110978,도곡2동주민센터(대치중학교),331,186,145,0,46,70,72,114,29,0,20,41,47,62,16,0,26,29,25,52,13
2020,4,A,골목상권,2110977,논현로18길,148,102,46,0,22,32,45,29,20,0,14,20,33,20,15,0,8,12,12,9,5
2020,4,A,골목상권,2110976,언북초등학교,578,332,246,1,111,188,126,86,66,0,41,115,83,49,44,1,70,73,43,37,22
2020,4,A,골목상권,2110975,매봉역 1번,10837,6932,3905,34,2175,2199,3202,3019,208,21,1010,1161,2184,2402,154,13,1165,1038,1018,617,54
2020,4,A,골목상권,2110974,언주중학교,292,179,113,3,60,72,89,44,24,3,27,43,62,28,16,0,33,29,27,16,8
2020,4,A,골목상권,2110973,강남구청역 4번,1451,786,665,4,275,333,289,271,279,1,146,203,162,130,144,3,129,130,127,141,135
2020,4,A,골목상권,2110972,강남세브란스병원미래의학연구센터,2628,1440,1188,17,539,669,692,581,130,4,240,428,438,258,72,13,299,241,254,323,58
2020,4,A,골목상권,2110971,선정릉역 4번,1542,900,642,11,278,455,380,254,164,6,140,270,245,120,119,5,138,185,135,134,45
2020,4,A,골목상권,2110970,학동초등학교,378,236,142,1,66,98,102,65,46,0,27,49,66,57,37,1,39,49,36,8,9
2020,4,A,골목상권,2110969,베르사이유1아파트,1546,1230,316,4,231,442,483,285,101,2,165,345,402,239,77,2,66,97,81,46,24
2020,4,A,골목상권,2110968,강남구청역 2번,1023,596,427,7,327,204,133,121,231,4,177,117,81,68,149,3,150,87,52,53,82
2020,4,A,골목상권,2110967,역삼역 8번,377,228,149,0,63,92,89,92,41,0,31,51,60,56,30,0,32,41,29,36,11
2020,4,A,골목상권,2110966,논현2동주민센터,1637,1017,620,18,470,498,300,218,133,7,256,298,200,147,109,11,214,200,100,71,24
2020,4,A,골목상권,2110965,언주역 6번,1139,788,351,1,174,379,378,142,65,1,104,276,284,74,49,0,70,103,94,68,16
2020,4,A,골목상권,2110964,싸리고개근린공원,217,124,93,0,29,60,59,34,35,0,8,32,36,23,25,0,21,28,23,11,10
2020,4,A,골목상권,2110963,역삼월드메르디앙아파트,780,547,233,1,126,185,226,154,88,0,79,146,171,97,54,1,47,39,55,57,34
2020,4,A,골목상권,2110962,도산공원북측,557,487,70,1,66,80,242,144,24,0,45,70,226,130,16,1,21,10,16,14,8
2020,4,A,골목상권,2110961,언주역 3번,962,673,289,5,172,286,248,140,111,3,97,184,187,112,90,2,75,102,61,28,21
2020,4,A,골목상권,2110960,은광여고,1522,692,830,5,207,255,373,502,180,4,55,110,190,212,121,1,152,145,183,290,59
2020,4,A,골목상권,2110959,신구중학교,271,140,131,0,14,66,82,79,30,0,7,36,49,29,19,0,7,30,33,50,11
2020,4,A,골목상권,2110958,역삼역 4번,994,759,235,1,96,197,300,295,105,1,46,133,254,240,85,0,50,64,46,55,20
2020,4,A,골목상권,2110957,언북중학교,1251,831,420,1,262,379,317,147,145,1,146,241,215,109,119,0,116,138,102,38,26
2020,4,A,골목상권,2110956,언주역 8번,1199,758,441,4,361,471,199,87,77,2,158,307,163,70,58,2,203,164,36,17,19
2020,4,A,골목상권,2110955,논현초등학교,3430,2238,1192,19,719,823,793,625,451,13,417,568,554,389,297,6,302,255,239,236,154
2020,4,A,골목상권,2110954,국기원,636,445,191,0,89,142,187,94,124,0,35,97,161,74,78,0,54,45,26,20,46
2020,4,A,골목상권,2110953,학동근린공원,2487,1583,904,15,679,891,571,218,113,0,336,572,409,180,86,15,343,319,162,38,27
2020,4,A,골목상권,2110952,논현목련공원,117,65,52,0,21,23,27,22,24,0,9,13,13,14,16,0,12,10,14,8,8
2020,4,A,골목상권,2110951,신사은행나무공원,273,75,198,0,35,83,96,51,8,0,6,24,27,15,3,0,29,59,69,36,5
2020,4,A,골목상권,2110950,논현역 7번,2981,1929,1052,1,829,1305,518,230,98,0,418,886,383,173,69,1,411,419,135,57,29
2020,4,A,골목상권,2110949,한남IC,1683,1193,490,5,288,565,435,305,85,2,112,398,347,261,73,3,176,167,88,44,12
2020,4,A,골목상권,2110947,청계산입구역 2번(내곡동주민센터),121,48,73,0,19,18,29,21,34,0,9,9,15,7,8,0,10,9,14,14,26
2020,4,A,골목상권,2110946,청계산원터골,48,24,24,0,2,6,8,16,16,0,2,3,6,3,10,0,0,3,2,13,6
2020,4,A,골목상권,2110945,본마을노인복지센터(서초구립내곡도서관),191,114,77,3,44,57,37,33,17,3,14,31,25,28,13,0,30,26,12,5,4
2020,4,A,골목상권,2110944,서울나래학교(염곡어린이공원),1053,735,318,10,133,246,201,217,246,8,98,194,153,139,143,2,35,52,48,78,103
2020,4,A,골목상권,2110943,법제교육센터(버들어린이공원),1122,578,544,1,67,165,357,323,209,1,36,99,151,140,151,0,31,66,206,183,58
2020,4,A,골목상권,2110942,염곡동 구룡사(포이동성당),3242,1952,1290,7,578,932,791,613,321,3,328,587,461,351,222,4,250,345,330,262,99
2020,4,A,골목상권,2110941,언남고등학교,261,158,103,0,33,46,89,58,35,0,14,26,51,40,27,0,19,20,38,18,8
2020,4,A,골목상권,2110940,양재근린공원(양재2동주민센터),1043,755,288,9,186,346,264,145,93,8,116,256,200,103,72,1,70,90,64,42,21
2020,4,A,골목상권,2110939,양재역 8번(양재동우체국),5945,4103,1842,23,971,1415,1465,1168,903,15,500,989,1056,798,745,8,471,426,409,370,158
2020,4,A,골목상권,2110938,바우뫼공원,1784,1137,647,1,294,551,489,326,123,0,172,392,303,169,101,1,122,159,186,157,22
2020,4,A,골목상권,2110937,방아다리근린공원(횃불트리니티신학대학원대학교),2465,1270,1195,7,634,861,542,318,103,6,246,507,335,113,63,1,388,354,207,205,40
2020,4,A,골목상권,2110936,더케이호텔(양재리본타워2단지아파트),832,552,280,3,109,260,215,175,70,0,53,154,159,131,55,3,56,106,56,44,15
2020,4,A,골목상권,2110935,한전아트센터,379,264,115,2,53,108,105,72,39,2,33,82,75,46,26,0,20,26,30,26,13
2020,4,A,골목상권,2110934,우면주공아파트,998,677,321,6,198,291,253,164,86,5,83,217,195,113,64,1,115,74,58,51,22
2020,4,A,골목상권,2110933,한국상담대학원대학교,679,60,619,0,344,156,86,63,30,0,10,15,15,5,15,0,334,141,71,58,15
2020,4,A,골목상권,2110932,서울시인재개발원,532,384,148,2,128,170,127,64,41,2,76,116,100,54,36,0,52,54,27,10,5
2020,4,A,골목상권,2110931,삼성전자서울R&D(서울우면초등학교),100,51,49,0,37,31,18,7,7,0,12,16,10,7,6,0,25,15,8,0,1
2020,4,A,골목상권,2110930,서초동성당,2178,1774,404,8,284,588,694,433,171,2,190,448,591,393,150,6,94,140,103,40,21
2020,4,A,골목상권,2110929,남부터미널역 1번,21130,10703,10427,21,4446,4558,3912,7143,1050,4,1209,1890,1718,5123,759,17,3237,2668,2194,2020,291
2020,4,A,골목상권,2110928,서초우방유쉘아파트,596,491,105,1,57,109,125,205,99,1,29,76,109,190,86,0,28,33,16,15,13
2020,4,A,골목상권,2110927,잠원역,745,553,192,2,93,342,198,98,12,2,82,218,159,81,11,0,11,124,39,17,1
2020,4,A,골목상권,2110926,신중초등학교,1610,1175,435,6,193,359,463,382,207,3,114,263,355,292,148,3,79,96,108,90,59
2020,4,A,골목상권,2110925,서초중학교,873,496,377,0,104,137,244,222,166,0,38,65,146,132,115,0,66,72,98,90,51
2020,4,A,골목상권,2110924,반포4동주민센터(몽마르뜨공원),1330,886,444,5,203,305,407,298,112,1,85,181,300,236,83,4,118,124,107,62,29
2020,4,A,골목상권,2110923,방배역 1번,210,153,57,0,34,56,55,41,24,0,21,38,42,34,18,0,13,18,13,7,6
2020,4,A,골목상권,2110922,내방역 1번,224,114,110,1,42,48,47,43,43,0,13,23,27,23,28,1,29,25,20,20,15
2020,4,A,골목상권,2110921,서울프랑스학교,522,321,201,7,63,71,118,142,121,2,30,43,82,90,74,5,33,28,36,52,47
2020,4,A,골목상권,2110920,방배역 2번(백석예술대학교),359,205,154,0,23,53,125,118,40,0,5,29,65,75,31,0,18,24,60,43,9
2020,4,A,골목상권,2110919,내방역 8번,1539,1126,413,3,142,311,413,419,251,1,60,179,331,354,201,2,82,132,82,65,50
2020,4,A,골목상권,2110918,방배역 3번,682,438,244,3,98,127,164,142,148,2,59,85,108,86,98,1,39,42,56,56,50
2020,4,A,골목상권,2110917,서초소방서,1505,939,566,6,157,432,402,355,153,2,72,281,295,181,108,4,85,151,107,174,45
2020,4,A,골목상권,2110916,내방역 4번,1152,592,560,9,216,272,301,208,146,6,58,167,187,91,83,3,158,105,114,117,63
2020,4,A,골목상권,2110915,서래초등학교,2807,2202,605,14,421,877,1027,379,89,11,280,648,849,336,78,3,141,229,178,43,11
2020,4,A,골목상권,2110914,내방역 6번,146,116,30,0,26,31,37,26,26,0,17,26,26,24,23,0,9,5,11,2,3
2020,4,A,골목상권,2110913,방현초등학교(방배119안전센터),3305,2117,1188,7,572,1265,879,376,206,4,272,824,627,237,153,3,300,441,252,139,53
2020,4,A,골목상권,2110912,방배동사이길,210,128,82,3,33,45,53,42,34,2,16,27,39,21,23,1,17,18,14,21,11
2020,4,A,골목상권,2110911,방배배수지체육공원,29,22,7,0,6,3,7,5,8,0,6,2,4,4,6,0,0,1,3,1,2
2020,4,A,골목상권,2110910,내방역 5번,614,240,374,5,72,124,157,176,80,3,30,69,52,49,37,2,42,55,105,127,43
2020,4,A,골목상권,2110909,남태령역(서울전자고등학교),132,97,35,1,11,29,23,34,34,1,4,19,16,29,28,0,7,10,7,5,6
2020,4,A,골목상권,2110908,구반포역,1525,377,1148,0,66,111,397,806,145,0,42,54,71,141,69,0,24,57,326,665,76
2020,4,A,골목상권,2110907,방배초등학교,878,506,372,8,144,197,239,157,133,5,66,109,122,99,105,3,78,88,117,58,28
2020,4,A,골목상권,2110906,서문여고,683,362,321,2,217,106,119,106,133,0,59,58,72,62,111,2,158,48,47,44,22
2020,4,A,골목상권,2110905,방배노인종합복지관(이수중학교),287,176,111,1,36,71,71,63,45,0,18,38,45,41,34,1,18,33,26,22,11
2020,4,A,골목상권,2110904,이수역 5번,835,468,367,4,167,217,239,139,69,1,90,125,135,59,58,3,77,92,104,80,11
2020,4,A,골목상권,2110903,방배아이파크아파트,7222,2653,4569,7,1242,1778,2487,1322,386,1,333,597,951,599,172,6,909,1181,1536,723,214
2020,4,A,골목상권,2110902,사당역 4번,1201,739,462,1,193,270,296,250,191,0,84,171,204,158,122,1,109,99,92,92,69
2020,4,A,골목상권,2110901,인헌고등학교(인헌중학교),262,154,108,3,44,64,75,55,21,3,23,40,40,32,16,0,21,24,35,23,5
2020,4,A,골목상권,2110900,낙성대역 1번(관악구민 종합체육센터),457,257,200,1,95,125,123,89,24,1,49,65,69,54,19,0,46,60,54,35,5
2020,4,A,골목상권,2110899,낙성대역 5번(관악중학교),690,448,242,0,167,185,166,123,49,0,107,135,96,71,39,0,60,50,70,52,10
2020,4,A,골목상권,2110898,청림동주민센터(상도중학교),66,27,39,0,16,14,14,16,6,0,5,3,8,7,4,0,11,11,6,9,2
2020,4,A,골목상권,2110897,서울대입구역 8번,219,139,80,0,16,45,69,64,25,0,7,24,40,44,24,0,9,21,29,20,1
2020,4,A,골목상권,2110896,관악우성아파트,202,49,153,0,41,37,44,47,33,0,5,7,11,13,13,0,36,30,33,34,20
2020,4,A,골목상권,2110895,샤로수길,1796,1222,574,3,307,721,360,233,172,2,170,534,234,152,130,1,137,187,126,81,42
2020,4,A,골목상권,2110894,관악동부센트레빌아파트(은천로35라길),20,8,12,0,2,4,3,6,5,0,0,2,1,2,3,0,2,2,2,4,2
2020,4,A,골목상권,2110893,관악소방서(문영여고),353,303,50,0,39,110,66,113,25,0,29,96,57,99,22,0,10,14,9,14,3
2020,4,A,골목상권,2110892,관악구 중앙길,709,341,368,0,69,110,159,221,150,0,25,55,76,105,80,0,44,55,83,116,70
2020,4,A,골목상권,2110891,구암초등학교,47,22,25,0,5,1,22,16,3,0,1,0,11,8,2,0,4,1,11,8,1
2020,4,A,골목상권,2110890,봉천역 1번(관악초등학교),261,152,109,1,22,44,95,70,29,0,4,22,59,46,21,1,18,22,36,24,8
2020,4,A,골목상권,2110889,봉천역 6번,376,317,59,0,29,36,69,136,106,0,18,20,47,130,102,0,11,16,22,6,4
2020,4,A,골목상권,2110888,청룡동주민센터,94,53,41,0,5,9,11,22,47,0,3,2,4,6,38,0,2,7,7,16,9
2020,4,A,골목상권,2110887,서울산업정보학교(서울삼성초등학교),19,11,8,0,1,4,7,6,1,0,0,0,4,6,1,0,1,4,3,0,0
2020,4,A,골목상권,2110886,관악해태어린이공원,188,103,85,1,38,50,41,36,22,1,18,28,21,23,12,0,20,22,20,13,10
2020,4,A,골목상권,2110885,영락고등학교,340,214,126,0,37,58,94,89,62,0,18,33,61,57,45,0,19,25,33,32,17
2020,4,A,골목상권,2110884,봉천역 4번(봉천110안전센터),372,284,88,1,17,30,61,98,165,0,1,8,49,84,142,1,16,22,12,14,23
2020,4,A,골목상권,2110883,은천초등학교(은천교앞),212,126,86,2,21,44,71,49,25,1,12,25,43,29,16,1,9,19,28,20,9
2020,4,A,골목상권,2110882,신성초등학교,733,444,289,1,95,131,215,168,123,0,52,67,122,109,94,1,43,64,93,59,29
2020,4,A,골목상권,2110881,구립대학경로당(관악산샘말공원),1601,1304,297,1,317,452,460,271,100,1,225,376,399,232,71,0,92,76,61,39,29
2020,4,A,골목상권,2110880,신림역 1번,995,275,720,0,379,296,157,128,35,0,78,87,66,33,11,0,301,209,91,95,24
2020,4,A,골목상권,2110879,신림현대아파트,17,7,10,0,2,3,5,5,2,0,1,2,2,2,0,0,1,1,3,3,2
2020,4,A,골목상권,2110878,미림여고,368,218,150,3,43,114,101,78,29,0,19,63,68,43,25,3,24,51,33,35,4
2020,4,A,골목상권,2110877,신림역 8번,319,154,165,2,23,63,86,80,65,0,10,30,36,39,39,2,13,33,50,41,26
2020,4,A,골목상권,2110876,서원동주민센터(신관중학교),49,29,20,0,5,9,16,9,10,0,2,4,10,4,9,0,3,5,6,5,1
2020,4,A,골목상권,2110875,보라매동주민센터(당곡고등학교),16,13,3,0,3,2,5,4,2,0,2,2,3,4,2,0,1,0,2,0,0
2020,4,A,골목상권,2110874,원신초등학교(구세군관악영문교회),46,15,31,1,4,19,7,12,3,1,1,3,3,6,1,0,3,16,4,6,2
2020,4,A,골목상권,2110873,당곡중학교,343,166,177,0,68,79,86,74,36,0,29,39,39,36,23,0,39,40,47,38,13
2020,4,A,골목상권,2110872,신림초등학교,277,195,82,3,54,68,69,53,30,3,36,54,54,41,7,0,18,14,15,12,23
2020,4,A,골목상권,2110871,신원동주민센터,159,101,58,1,12,40,45,37,24,0,8,25,27,25,16,1,4,15,18,12,8
2020,4,A,골목상권,2110869,"신림역 5번(신림동주민센터, 신림동별빛거리)",1026,681,345,1,79,136,248,233,329,1,36,73,143,155,273,0,43,63,105,78,56
2020,4,A,골목상권,2110868,남부초등학교,232,126,106,0,20,29,45,49,89,0,11,23,22,28,42,0,9,6,23,21,47
2020,4,A,골목상권,2110867,국제신학대학원대학교(남서울중학교),202,117,85,0,8,34,39,53,68,0,2,15,21,32,47,0,6,19,18,21,21
2020,4,A,골목상권,2110866,난우중학교,171,91,80,0,20,36,34,62,19,0,14,20,12,29,16,0,6,16,22,33,3
2020,4,A,골목상권,2110865,남강고등학교(남강중학교),336,143,193,4,66,72,69,85,40,2,16,34,28,34,29,2,50,38,41,51,11
2020,4,A,골목상권,2110864,신림우방아파트,236,161,75,0,31,48,53,60,44,0,21,31,37,43,29,0,10,17,16,17,15
2020,4,A,골목상권,2110863,난우초등학교,319,179,140,6,40,61,63,79,70,5,23,30,38,36,47,1,17,31,25,43,23
2020,4,A,골목상권,2110862,난곡초등학교(난곡동벽화마을),84,41,43,0,4,13,14,34,19,0,2,6,11,15,7,0,2,7,3,19,12
2020,4,A,골목상권,2110861,관악구신사동주민센터,1182,608,574,1,215,377,263,209,117,1,71,194,161,105,76,0,144,183,102,104,41
2020,4,A,골목상권,2110860,호림박물관(성보고등학교),410,314,96,1,57,102,66,110,74,1,44,84,47,78,60,0,13,18,19,32,14
2020,4,A,골목상권,2110859,난향초등학교,182,113,69,0,11,32,42,52,45,0,0,21,27,30,35,0,11,11,15,22,10
2020,4,A,골목상권,2110858,신대방역 1번,66,33,33,0,5,9,17,7,28,0,0,1,6,2,24,0,5,8,11,5,4
2020,4,A,골목상권,2110857,미성동주민센터,431,229,202,9,60,64,70,108,120,9,34,48,41,46,51,0,26,16,29,62,69
2020,4,A,골목상권,2110856,미성초등학교,538,295,243,3,58,85,170,150,72,1,28,44,99,71,52,2,30,41,71,79,20
2020,4,A,골목상권,2110855,신대방역 2번,429,275,154,2,53,111,126,90,47,0,22,81,83,55,34,2,31,30,43,35,13
2020,4,A,골목상권,2110854,조원동주민센터,55,39,16,0,4,5,17,21,8,0,3,5,9,15,7,0,1,0,8,6,1
2020,4,A,골목상권,2110853,KT구로지사,213,127,86,0,21,47,65,50,30,0,9,26,44,27,21,0,12,21,21,23,9
2020,4,A,골목상권,2110852,이수역 9번,198,121,77,0,26,35,54,38,45,0,12,20,30,23,36,0,14,15,24,15,9
2020,4,A,골목상권,2110851,경문고등학교(동작동성당),485,233,252,0,79,136,140,102,28,0,32,53,66,66,16,0,47,83,74,36,12
2020,4,A,골목상권,2110850,사당역 10번,969,487,482,4,217,207,185,162,194,1,54,88,92,95,157,3,163,119,93,67,37
2020,4,A,골목상권,2110849,이수역 10번,220,130,90,1,37,52,58,40,32,0,12,33,34,25,26,1,25,19,24,15,6
2020,4,A,골목상권,2110848,양지어린이공원,486,307,179,0,36,68,152,132,98,0,6,39,85,93,84,0,30,29,67,39,14
2020,4,A,골목상권,2110847,예술인마을,460,225,235,3,53,139,142,78,45,3,13,62,76,38,33,0,40,77,66,40,12
2020,4,A,골목상권,2110846,남성역 1번,535,290,245,1,66,120,146,135,67,0,25,59,78,74,54,1,41,61,68,61,13
2020,4,A,골목상권,2110845,사당종합체육관,119,51,68,0,9,17,39,36,18,0,5,8,19,9,10,0,4,9,20,27,8
2020,4,A,골목상권,2110844,흑석2치안센터,7,5,2,0,2,1,1,0,3,0,1,1,1,0,2,0,1,0,0,0,1
2020,4,A,골목상권,2110843,사당5동주민센터,181,135,46,1,22,25,55,52,26,0,16,17,34,44,24,1,6,8,21,8,2
2020,4,A,골목상권,2110842,흑리단길,43,14,29,0,7,8,8,12,8,0,2,2,3,2,5,0,5,6,5,10,3
2020,4,A,골목상권,2110841,중대부중,88,36,52,0,11,17,16,25,19,0,5,7,5,11,8,0,6,10,11,14,11
2020,4,A,골목상권,2110840,중앙대학교,165,92,73,0,24,22,52,43,24,0,12,12,32,21,15,0,12,10,20,22,9
2020,4,A,골목상권,2110839,숭실대입구역 4번,187,67,120,0,10,51,57,46,23,0,2,14,22,11,18,0,8,37,35,35,5
2020,4,A,골목상권,2110838,상도1동주민센터앞,131,122,9,0,3,32,30,35,31,0,3,27,27,35,30,0,0,5,3,0,1
2020,4,A,골목상권,2110837,숭실대입구역 1번,373,195,178,1,39,76,84,80,93,0,19,32,43,32,69,1,20,44,41,48,24
2020,4,A,골목상권,2110836,상도역 5번,3057,1846,1211,9,550,798,701,647,352,2,238,486,453,447,220,7,312,312,248,200,132
2020,4,A,골목상권,2110835,상도역 1번,285,161,124,0,81,92,57,35,20,0,32,59,36,16,18,0,49,33,21,19,2
2020,4,A,골목상권,2110834,동작구자원봉사센터,38,22,16,0,3,5,6,10,14,0,2,2,6,5,7,0,1,3,0,5,7
2020,4,A,골목상권,2110833,상도역 2번,266,172,94,2,20,64,76,77,27,0,17,51,48,37,19,2,3,13,28,40,8
2020,4,A,골목상권,2110832,노량진초등학교,377,171,206,0,38,51,93,141,54,0,14,22,57,55,23,0,24,29,36,86,31
2020,4,A,골목상권,2110831,상도4동주민센터,72,40,32,0,3,13,14,29,13,0,3,6,6,18,7,0,0,7,8,11,6
2020,4,A,골목상권,2110830,상도초등학교,281,152,129,0,22,61,73,85,40,0,7,29,36,54,26,0,15,32,37,31,14
2020,4,A,골목상권,2110829,장승배기역 5번,536,417,119,0,195,137,79,53,72,0,177,106,49,40,45,0,18,31,30,13,27
2020,4,A,골목상권,2110828,노량진역 6번,3010,2066,944,9,471,1047,854,467,162,3,252,711,639,357,104,6,219,336,215,110,58
2020,4,A,골목상권,2110827,NH농협은행 상도동지점,262,93,169,0,39,51,73,65,34,0,11,18,20,28,16,0,28,33,53,37,18
2020,4,A,골목상권,2110826,장승배기역 4번,366,149,217,2,20,37,57,103,147,1,8,22,28,38,52,1,12,15,29,65,95
2020,4,A,골목상권,2110825,신대방삼거리역 1번,316,205,111,0,33,63,94,71,55,0,23,41,57,46,38,0,10,22,37,25,17
2020,4,A,골목상권,2110824,대방역 3번,296,102,194,1,48,91,92,42,22,0,11,26,29,23,13,1,37,65,63,19,9
2020,4,A,골목상권,2110823,신대방삼거리역 3번,472,242,230,0,30,45,83,121,193,0,17,26,40,42,117,0,13,19,43,79,76
2020,4,A,골목상권,2110822,신대방삼거리역 4번(대림초등학교),311,130,181,0,57,71,68,74,41,0,13,28,34,34,21,0,44,43,34,40,20
2020,4,A,골목상권,2110821,보라매역 2번,595,353,242,0,73,109,140,135,138,0,34,65,79,87,88,0,39,44,61,48,50
2020,4,A,골목상권,2110820,성남고등학교,3101,2470,631,1,651,742,555,991,161,0,438,581,448,879,124,1,213,161,107,112,37
2020,4,A,골목상권,2110819,신대방역 4번,510,262,248,0,64,99,128,93,126,0,15,37,58,62,90,0,49,62,70,31,36
2020,4,A,골목상권,2110818,신대방역 3번,20,9,11,0,1,3,7,7,2,0,1,3,2,1,2,0,0,0,5,6,0
2020,4,A,골목상권,2110817,대방역 4번,286,227,59,1,38,51,90,59,47,0,19,35,79,53,41,1,19,16,11,6,6
2020,4,A,골목상권,2110816,대방역 6번,521,404,117,1,73,138,153,68,88,1,50,109,114,50,80,0,23,29,39,18,8
2020,4,A,골목상권,2110815,공군호텔,2240,785,1455,4,425,514,476,507,314,0,88,195,167,170,165,4,337,319,309,337,149
2020,4,A,골목상권,2110814,서울지방병무청,673,364,309,1,51,117,155,236,113,1,23,79,97,104,60,0,28,38,58,132,53
2020,4,A,골목상권,2110813,보라매역 6번,286,167,119,3,22,37,50,74,100,3,15,21,24,39,65,0,7,16,26,35,35
2020,4,A,골목상권,2110812,신길6동주민센터,363,245,118,0,69,115,106,50,23,0,34,78,85,29,19,0,35,37,21,21,4
2020,4,A,골목상권,2110811,보라매역 4번,187,94,93,0,22,41,49,52,23,0,8,22,18,27,19,0,14,19,31,25,4
2020,4,A,골목상권,2110810,영신초등학교,395,178,217,0,53,143,63,80,56,0,20,65,31,44,18,0,33,78,32,36,38
2020,4,A,골목상권,2110809,장훈고등학교,112,61,51,0,7,15,30,23,37,0,3,5,11,17,25,0,4,10,19,6,12
2020,4,A,골목상권,2110808,신길역 1번,67,48,19,0,3,22,21,13,8,0,3,15,14,9,7,0,0,7,7,4,1
2020,4,A,골목상권,2110807,신길역 3번,102,70,32,0,6,16,23,27,30,0,4,8,18,19,21,0,2,8,5,8,9
2020,4,A,골목상권,2110806,서울시립영등포장애인복지관,76,42,34,0,18,30,13,13,2,0,5,16,9,11,1,0,13,14,4,2,1
2020,4,A,골목상권,2110805,신길새마을금고신길4동지점,45,27,18,0,6,12,12,8,7,0,2,7,6,5,7,0,4,5,6,3,0
2020,4,A,골목상권,2110804,신풍역 1번,312,187,125,0,15,37,62,63,135,0,4,15,29,35,104,0,11,22,33,28,31
2020,4,A,골목상권,2110803,신길2동우편취급국,304,220,84,0,17,27,56,62,142,0,6,14,33,39,128,0,11,13,23,23,14
2020,4,A,골목상권,2110802,신길동홍어거리,336,159,177,1,59,113,86,61,16,0,18,45,44,40,12,1,41,68,42,21,4
2020,4,A,골목상권,2110800,영등포동성당,227,153,74,0,26,34,61,66,40,0,13,22,37,46,35,0,13,12,24,20,5
2020,4,A,골목상권,2110799,영등포본동주민센터,119,86,33,5,21,16,11,22,44,3,12,10,6,15,40,2,9,6,5,7,4
2020,4,A,골목상권,2110798,신풍역 2번,53,20,33,0,2,13,14,13,11,0,0,3,3,6,8,0,2,10,11,7,3
2020,4,A,골목상권,2110797,KT대방빌딩,52,10,42,1,7,10,12,11,11,0,0,0,1,3,6,1,7,10,11,8,5
2020,4,A,골목상권,2110796,한림대학교한강성심병원,87,52,35,1,7,19,26,19,15,0,4,11,17,9,11,1,3,8,9,10,4
2020,4,A,골목상권,2110795,도림초등학교,533,356,177,0,20,49,80,128,256,0,8,36,48,74,190,0,12,13,32,54,66
2020,4,A,골목상권,2110794,영동초등학교,632,494,138,0,87,115,178,167,85,0,47,89,148,135,75,0,40,26,30,32,10
2020,4,A,골목상권,2110792,영등포역 2번,3400,1767,1633,28,563,880,843,862,224,11,229,398,466,530,133,17,334,482,377,332,91
2020,4,A,골목상권,2110791,신풍역 3번,25,17,8,0,1,5,9,9,1,0,0,2,6,8,1,0,1,3,3,1,0
2020,4,A,골목상권,2110790,대림1동주민센터,739,336,403,1,74,163,280,161,60,1,46,71,88,77,53,0,28,92,192,84,7
2020,4,A,골목상권,2110789,대림성모병원,491,182,309,0,104,137,115,93,42,0,16,44,49,43,30,0,88,93,66,50,12
2020,4,A,골목상권,2110788,영등포시장역 3번,28,22,6,0,4,5,7,9,3,0,3,5,6,6,2,0,1,0,1,3,1
2020,4,A,골목상권,2110787,신길3동주민센터,171,122,49,0,19,35,47,42,28,0,8,25,36,31,22,0,11,10,11,11,6
2020,4,A,골목상권,2110786,당산역 8번,271,179,92,2,20,41,60,51,97,2,8,21,42,38,68,0,12,20,18,13,29
2020,4,A,골목상권,2110785,영등포푸르지오아파트,161,84,77,2,13,17,39,44,46,2,8,12,24,14,24,0,5,5,15,30,22
2020,4,A,골목상권,2110784,신대림초등학교,76,42,34,0,3,11,18,36,8,0,0,7,12,18,5,0,3,4,6,18,3
2020,4,A,골목상권,2110783,영등포시장역 1번,292,154,138,1,26,37,35,67,126,1,19,27,16,33,58,0,7,10,19,34,68
2020,4,A,골목상권,2110782,영등포시장역 4번,127,87,40,1,13,24,48,27,14,1,5,16,36,17,12,0,8,8,12,10,2
2020,4,A,골목상권,2110781,대림한신아파트,182,112,70,0,23,29,51,38,41,0,8,16,34,23,31,0,15,13,17,15,10
2020,4,A,골목상권,2110780,신길대성유니드아파트,223,171,52,0,22,42,71,56,32,0,18,34,51,41,27,0,4,8,20,15,5
2020,4,A,골목상권,2110779,대림갑을명가아파트,33,24,9,0,2,5,13,7,6,0,1,4,10,4,5,0,1,1,3,3,1
2020,4,A,골목상권,2110778,구로디지털단지역 4번,1615,878,737,0,248,461,489,233,184,0,122,282,196,145,133,0,126,179,293,88,51
2020,4,A,골목상권,2110777,구로세무서,282,210,72,0,36,41,47,83,75,0,13,30,32,66,69,0,23,11,15,17,6
2020,4,A,골목상권,2110776,도신초등학교,168,106,62,0,12,20,48,63,25,0,11,10,35,34,16,0,1,10,13,29,9
2020,4,A,골목상권,2110775,대동초등학교,61,30,31,0,5,13,20,15,8,0,2,6,6,10,6,0,3,7,14,5,2
2020,4,A,골목상권,2110774,당산반도유보라팰리스아파트,472,355,117,0,59,119,131,96,67,0,34,81,109,80,51,0,25,38,22,16,16
2020,4,A,골목상권,2110773,당산역 13번,272,218,54,0,46,65,45,40,76,0,36,53,32,34,63,0,10,12,13,6,13
2020,4,A,골목상권,2110772,신우어린이공원,94,55,39,0,9,15,22,26,22,0,5,8,12,19,11,0,4,7,10,7,11
2020,4,A,골목상권,2110771,대림역 11번,955,604,351,0,22,38,128,210,557,0,21,30,73,131,349,0,1,8,55,79,208
2020,4,A,골목상권,2110770,영등포구청역 6번,263,191,72,1,45,49,77,45,46,1,24,41,54,28,43,0,21,8,23,17,3
2020,4,A,골목상권,2110769,대림차이나타운(대림역 12번),18,8,10,0,3,4,6,4,1,0,0,1,4,2,1,0,3,3,2,2,0
2020,4,A,골목상권,2110768,도림2동유수지내체육시설,294,155,139,0,20,43,63,73,95,0,7,22,32,41,53,0,13,21,31,32,42
2020,4,A,골목상권,2110767,도림동주민센터,34,3,31,0,9,5,12,6,2,0,0,0,2,1,0,0,9,5,10,5,2
2020,4,A,골목상권,2110766,대림역 5번,360,205,155,0,30,82,85,99,64,0,15,54,42,56,38,0,15,28,43,43,26
2020,4,A,골목상권,2110765,문래동사거리,889,619,270,2,80,133,209,175,290,1,38,78,140,126,236,1,42,55,69,49,54
2020,4,A,골목상권,2110764,문래역 3번,541,223,318,0,93,127,159,102,60,0,27,39,54,54,49,0,66,88,105,48,11
2020,4,A,골목상권,2110763,영등포구청역 2번,480,353,127,2,84,147,107,84,56,0,53,100,79,72,49,2,31,47,28,12,7
2020,4,A,골목상권,2110762,선유도역 1번,3139,2286,853,6,392,669,739,809,524,4,217,459,529,629,448,2,175,210,210,180,76
2020,4,A,골목상권,2110761,문래동남성맨션,180,106,74,0,13,43,45,41,38,0,8,17,26,25,30,0,5,26,19,16,8
2020,4,A,골목상권,2110760,선유도역 6번,1792,1091,701,8,273,444,499,376,192,6,170,256,275,219,165,2,103,188,224,157,27
2020,4,A,골목상권,2110759,문래예술촌(문래창작촌),4221,2165,2056,9,520,837,996,1286,573,5,266,550,589,466,289,4,254,287,407,820,284
2020,4,A,골목상권,2110758,문래소공원,296,221,75,1,44,77,70,67,37,0,32,60,46,52,31,1,12,17,24,15,6
2020,4,A,골목상권,2110757,양평역 2번,1501,1114,387,1,111,230,356,424,379,0,51,176,286,314,287,1,60,54,70,110,92
2020,4,A,골목상권,2110756,문래중학교,275,179,96,0,48,79,78,35,35,0,21,58,52,21,27,0,27,21,26,14,8
2020,4,A,골목상권,2110755,동일여자고등학교,199,53,146,0,10,24,47,74,44,0,4,9,16,12,12,0,6,15,31,62,32
2020,4,A,골목상권,2110754,삼성산자연공원(서울금천초등학교),199,75,124,1,21,41,47,39,50,0,6,18,28,10,13,1,15,23,19,29,37
2020,4,A,골목상권,2110753,시흥동 은행나무사거리,617,387,230,0,69,100,149,166,133,0,28,68,90,96,105,0,41,32,59,70,28
2020,4,A,골목상권,2110752,한울중학교,269,117,152,2,25,46,81,79,36,2,13,16,34,33,19,0,12,30,47,46,17
2020,4,A,골목상권,2110751,난곡중학교,730,397,333,2,48,217,240,177,46,2,21,117,127,91,39,0,27,100,113,86,7
2020,4,A,골목상권,2110750,시흥4동주민센터(서울신흥초등학교),397,221,176,4,78,83,80,104,48,4,47,62,43,33,32,0,31,21,37,71,16
2020,4,A,골목상권,2110749,금산초등학교(금천고등학교),448,273,175,0,61,105,110,121,51,0,33,67,55,82,36,0,28,38,55,39,15
2020,4,A,골목상권,2110748,백산초등학교,102,64,38,0,6,19,21,26,30,0,2,9,11,22,20,0,4,10,10,4,10
2020,4,A,골목상권,2110747,석수역 1번 출입구,823,612,211,0,46,84,169,227,297,0,27,52,102,165,266,0,19,32,67,62,31
2020,4,A,골목상권,2110746,금천금빛공원(은행나무사거리서측),70,48,22,0,5,11,22,21,11,0,3,9,13,15,8,0,2,2,9,6,3
2020,4,A,골목상권,2110745,독산동정훈단지,251,191,60,0,11,20,33,86,101,0,3,12,22,64,90,0,8,8,11,22,11
2020,4,A,골목상권,2110744,독산동성당,531,327,204,0,49,107,129,152,94,0,36,71,75,86,59,0,13,36,54,66,35
2020,4,A,골목상권,2110743,시흥초등학교(시흥1동우체국),191,130,61,0,18,31,48,50,44,0,10,20,32,37,31,0,8,11,16,13,13
2020,4,A,골목상권,2110742,KT금천빌딩(금천구시설관리공단),426,237,189,0,42,83,106,125,70,0,21,57,71,54,34,0,21,26,35,71,36
2020,4,A,골목상권,2110741,독산2동주민센터,444,159,285,0,69,117,96,108,54,0,43,35,26,33,22,0,26,82,70,75,32
2020,4,A,골목상권,2110740,금천해태공원,650,283,367,1,135,136,138,170,70,1,47,55,58,71,51,0,88,81,80,99,19
2020,4,A,골목상권,2110739,시흥3동 우편취급국,1558,585,973,1,167,288,537,525,40,0,50,153,224,133,25,1,117,135,313,392,15
2020,4,A,골목상권,2110738,문성초등학교,249,125,124,0,17,27,65,90,50,0,12,14,34,40,25,0,5,13,31,50,25
2020,4,A,골목상권,2110737,금천세무서,506,324,182,8,78,85,96,117,122,0,28,49,51,91,105,8,50,36,45,26,17
2020,4,A,골목상권,2110736,독산119안전센터,450,196,254,0,45,52,74,114,165,0,21,31,34,41,69,0,24,21,40,73,96
2020,4,A,골목상권,2110735,말미고개,520,330,190,0,64,115,140,140,61,0,31,79,94,79,47,0,33,36,46,61,14
2020,4,A,골목상권,2110734,금천파출소,92,47,45,0,7,11,21,29,24,0,3,5,14,13,12,0,4,6,7,16,12
2020,4,A,골목상권,2110733,금천어울림복지센터,374,293,81,3,34,89,74,90,84,3,22,67,59,66,76,0,12,22,15,24,8
2020,4,A,골목상권,2110732,가산초등학교(세일중학교),338,239,99,1,41,60,98,76,62,0,22,34,71,60,52,1,19,26,27,16,10
2020,4,A,골목상권,2110731,금천구청역 1번 출입구,1041,563,478,7,306,383,206,96,43,2,149,229,102,55,26,5,157,154,104,41,17
2020,4,A,골목상권,2110730,서울축산농협 독산역지점(독산파출소),660,376,284,1,80,105,117,201,156,1,30,58,54,113,120,0,50,47,63,88,36
2020,4,A,골목상권,2110729,가산동우체국,151,112,39,0,19,30,40,39,23,0,14,19,30,30,19,0,5,11,10,9,4
2020,4,A,골목상권,2110728,두산초등학교,4560,2778,1782,8,88,138,245,530,3551,8,64,86,123,279,2218,0,24,52,122,251,1333
2020,4,A,골목상권,2110727,독산역 1번 출입구,659,514,145,4,72,152,169,191,71,4,48,118,128,165,51,0,24,34,41,26,20
2020,4,A,골목상권,2110726,금천철쭉어린이공원(금하마을),222,172,50,0,19,25,41,62,75,0,17,16,22,45,72,0,2,9,19,17,3
2020,4,A,골목상권,2110725,가산동주민센터,85,59,26,0,6,20,22,20,17,0,3,15,16,12,13,0,3,5,6,8,4
2020,4,A,골목상권,2110724,금천구립가산도서관,366,254,112,1,42,76,122,89,36,1,33,60,90,45,25,0,9,16,32,44,11
2020,4,A,골목상권,2110723,가산디지털단지역 1번 출입구,286,247,39,0,6,10,37,130,103,0,6,5,26,113,97,0,0,5,11,17,6
2020,4,A,골목상권,2110722,G타워,1221,876,345,5,246,423,354,139,54,5,163,311,281,79,37,0,83,112,73,60,17
2020,4,A,골목상권,2110721,가리봉파출소,215,104,111,1,6,36,42,42,88,0,2,19,17,22,44,1,4,17,25,20,44
2020,4,A,골목상권,2110720,대림역 2번,158,73,85,0,23,25,43,35,32,0,10,11,15,15,22,0,13,14,28,20,10
2020,4,A,골목상권,2110719,영서중학교,52,44,8,0,6,9,9,14,14,0,6,7,8,13,10,0,0,2,1,1,4
2020,4,A,골목상권,2110718,한국SGI본부,1614,1061,553,3,308,462,397,336,108,3,167,313,292,220,66,0,141,149,105,116,42
2020,4,A,골목상권,2110717,남구로역 2번,570,271,299,0,108,155,142,104,61,0,49,84,75,34,29,0,59,71,67,70,32
2020,4,A,골목상권,2110716,구로나눔길,666,398,268,1,132,256,164,77,36,0,39,154,115,60,30,1,93,102,49,17,6
2020,4,A,골목상권,2110715,구로구민회관,93,64,29,0,13,15,30,27,8,0,5,11,20,21,7,0,8,4,10,6,1
2020,4,A,골목상권,2110714,구로4동주민센터,271,156,115,0,34,44,57,79,57,0,8,19,32,53,44,0,26,25,25,26,13
2020,4,A,골목상권,2110713,구로보건소,2668,1817,851,5,474,650,706,533,300,3,323,472,514,332,173,2,151,178,192,201,127
2020,4,A,골목상권,2110712,남구로역 5번,233,108,125,1,32,36,66,64,34,0,10,17,24,32,25,1,22,19,42,32,9
2020,4,A,골목상권,2110711,구로초등학교,818,332,486,4,62,122,166,288,176,2,26,70,82,75,77,2,36,52,84,213,99
2020,4,A,골목상권,2110710,남구로역 3번,606,370,236,3,83,96,105,121,198,3,46,63,63,68,127,0,37,33,42,53,71
2020,4,A,골목상권,2110709,구로119안전센터,162,94,68,0,16,19,44,46,37,0,13,12,28,25,16,0,3,7,16,21,21
2020,4,A,골목상권,2110708,화원어린이공원,64,27,37,0,8,12,12,23,9,0,1,4,5,9,8,0,7,8,7,14,1
2020,4,A,골목상권,2110707,구로창업지원센터,1045,760,285,4,141,266,246,253,135,3,78,195,185,186,113,1,63,71,61,67,22
2020,4,A,골목상권,2110706,그라운드 고척,410,100,310,0,122,101,101,68,18,0,22,20,28,20,10,0,100,81,73,48,8
2020,4,A,골목상권,2110705,고산초등학교,33,19,14,0,3,2,8,7,13,0,3,1,8,2,5,0,0,1,0,5,8
2020,4,A,골목상권,2110704,고척중학교,62,36,26,0,12,23,10,12,5,0,7,12,3,11,3,0,5,11,7,1,2
2020,4,A,골목상권,2110703,개봉역,569,449,120,4,28,60,119,170,188,3,16,35,79,141,175,1,12,25,40,29,13
2020,4,A,골목상권,2110702,개봉초등학교,131,93,38,1,15,18,33,34,30,1,10,13,23,24,22,0,5,5,10,10,8
2020,4,A,골목상권,2110701,고척동성당,567,379,188,2,126,185,125,92,37,0,81,133,82,54,29,2,45,52,43,38,8
2020,4,A,골목상권,2110700,고척초등학교,3249,2648,601,3,209,680,974,1176,207,2,119,533,803,1021,170,1,90,147,171,155,37
2020,4,A,골목상권,2110699,덕의초등학교,150,89,61,0,15,24,32,48,31,0,8,15,15,28,23,0,7,9,17,20,8
2020,4,A,골목상권,2110698,개웅초등학교(개웅중학교),279,178,101,3,50,50,54,65,57,3,25,32,32,40,46,0,25,18,22,25,11
2020,4,A,골목상권,2110697,개봉3동주민센터,244,152,92,1,55,64,52,43,29,1,27,41,33,30,20,0,28,23,19,13,9
2020,4,A,골목상권,2110696,오류동역 1번,2453,1671,782,32,831,951,335,223,81,16,483,739,238,133,62,16,348,212,97,90,19
2020,4,A,골목상권,2110695,개봉1동주민센터,546,314,232,1,57,150,143,123,72,1,31,97,72,64,49,0,26,53,71,59,23
2020,4,A,골목상권,2110694,세곡초등학교,445,249,196,2,55,149,90,98,51,0,24,76,51,60,38,2,31,73,39,38,13
2020,4,A,골목상권,2110693,오류동역 4번,17,9,8,0,1,3,5,4,4,0,1,3,2,2,1,0,0,0,3,2,3
2020,4,A,골목상권,2110692,큰굴다리,233,148,85,0,12,52,54,66,49,0,7,19,35,49,38,0,5,33,19,17,11
2020,4,A,골목상권,2110691,개봉중학교,395,205,190,0,37,65,119,115,59,0,20,38,49,52,46,0,17,27,70,63,13
2020,4,A,골목상권,2110690,오류2동버들시장,625,318,307,1,105,200,143,105,71,0,42,115,72,46,43,1,63,85,71,59,28
2020,4,A,골목상권,2110689,오류동역 3번,259,188,71,3,41,45,52,66,52,3,25,32,40,48,40,0,16,13,12,18,12
2020,4,A,골목상권,2110688,오류지구대,171,60,111,1,18,20,40,59,33,0,7,11,15,19,8,1,11,9,25,40,25
2020,4,A,골목상권,2110687,"천왕역 3번(오류2동주민센터, 서울오류남초등학교)",21,16,5,0,2,3,5,6,5,0,1,3,4,4,4,0,1,0,1,2,1
2020,4,A,골목상권,2110686,수궁동주민센터,490,245,245,2,50,83,135,127,93,2,25,37,72,61,48,0,25,46,63,66,45
2020,4,A,골목상권,2110685,금강수목원아파트,181,143,38,0,13,32,53,57,26,0,10,25,38,47,23,0,3,7,15,10,3
2020,4,A,골목상권,2110684,서울공연예술고등학교,157,72,85,2,28,31,36,36,24,0,7,17,19,19,10,2,21,14,17,17,14
2020,4,A,골목상권,2110683,오류고등학교,185,125,60,0,24,46,55,41,19,0,18,33,33,23,18,0,6,13,22,18,1
2020,4,A,골목상권,2110682,온수역 8번,137,128,9,0,3,5,14,43,72,0,2,3,11,42,70,0,1,2,3,1,2
2020,4,A,골목상권,2110681,온수역 1번,152,106,46,0,13,52,39,21,27,0,10,38,25,13,20,0,3,14,14,8,7
2020,4,A,골목상권,2110680,온수역 5번(온수산업단지),1184,1003,181,18,161,205,235,343,222,18,129,175,191,286,204,0,32,30,44,57,18
2020,4,A,골목상권,2110679,염창역 2번,578,407,171,3,90,207,152,80,46,2,50,149,111,58,37,1,40,58,41,22,9
2020,4,A,골목상권,2110678,염창무학아파트,242,188,54,1,30,57,84,47,23,1,15,49,67,39,17,0,15,8,17,8,6
2020,4,A,골목상권,2110677,등촌역 1번,410,321,89,1,50,80,83,91,105,1,24,51,70,76,99,0,26,29,13,15,6
2020,4,A,골목상권,2110676,등촌역 7번,237,141,96,0,31,35,66,57,48,0,13,21,37,37,33,0,18,14,29,20,15
2020,4,A,골목상권,2110675,화곡4동주민센터,289,186,103,0,28,62,73,65,61,0,11,36,40,50,49,0,17,26,33,15,12
2020,4,A,골목상권,2110674,강서구청가양동별관,491,327,164,1,69,102,106,109,104,1,54,78,63,51,80,0,15,24,43,58,24
2020,4,A,골목상권,2110673,뜸부기어린이공원,253,143,110,0,37,52,62,64,38,0,21,29,31,34,28,0,16,23,31,30,10
2020,4,A,골목상권,2110672,백석중학교,155,99,56,1,21,37,40,43,13,1,18,26,18,25,11,0,3,11,22,18,2
2020,4,A,골목상권,2110671,등촌1동주민센터,5012,3056,1956,13,1252,1442,1027,802,476,5,391,945,826,556,333,8,861,497,201,246,143
2020,4,A,골목상권,2110670,신곡초등학교,527,322,205,6,79,119,122,101,100,3,45,78,71,59,66,3,34,41,51,42,34
2020,4,A,골목상권,2110669,화곡보람2차아파트,80,49,31,0,11,20,24,17,8,0,3,12,18,14,2,0,8,8,6,3,6
2020,4,A,골목상권,2110668,화곡2동주민센터,471,278,193,0,55,70,139,127,80,0,22,33,81,77,65,0,33,37,58,50,15
2020,4,A,골목상권,2110667,가양역 10번,177,126,51,0,33,32,56,36,20,0,21,20,38,29,18,0,12,12,18,7,2
2020,4,A,골목상권,2110666,KC대학교,257,131,126,0,26,51,66,72,42,0,16,23,31,26,35,0,10,28,35,46,7
2020,4,A,골목상권,2110665,곰달래도서관,469,285,184,0,36,92,123,138,80,0,25,60,79,74,47,0,11,32,44,64,33
2020,4,A,골목상권,2110664,강서구청옆,111,48,63,0,14,10,31,43,13,0,11,7,10,9,11,0,3,3,21,34,2
2020,4,A,골목상권,2110663,우장산롯데캐슬아파트앞,316,232,84,0,7,25,59,116,109,0,3,18,30,84,97,0,4,7,29,32,12
2020,4,A,골목상권,2110662,까치산역 1번,1480,885,595,4,245,501,396,234,100,4,129,301,207,171,73,0,116,200,189,63,27
2020,4,A,골목상권,2110661,강서새말어린이공원,126,48,78,0,3,13,30,38,42,0,2,8,10,9,19,0,1,5,20,29,23
2020,4,A,골목상권,2110660,등촌3동주민센터,4614,2039,2575,10,469,707,766,1291,1371,5,197,427,424,447,539,5,272,280,342,844,832
2020,4,A,골목상권,2110659,화곡역 4번,867,512,355,11,102,182,240,188,144,9,52,115,144,110,82,2,50,67,96,78,62
2020,4,A,골목상권,2110658,화곡초등학교,253,153,100,0,21,55,62,69,46,0,10,35,36,44,28,0,11,20,26,25,18
2020,4,A,골목상권,2110657,양천향교역 5번,3180,2118,1062,12,334,603,741,695,795,8,191,396,493,385,645,4,143,207,248,310,150
2020,4,A,골목상권,2110656,까치산역 3번,838,498,340,13,89,209,253,192,82,12,52,128,154,93,59,1,37,81,99,99,23
2020,4,A,골목상권,2110655,발산역 5번,587,355,232,0,97,156,147,112,75,0,29,94,98,76,58,0,68,62,49,36,17
2020,4,A,골목상권,2110654,까치산역 4번,1021,686,335,2,68,147,249,380,175,1,38,81,139,281,146,1,30,66,110,99,29
2020,4,A,골목상권,2110653,화곡역 2번,910,490,420,1,191,271,239,169,39,0,79,136,119,134,22,1,112,135,120,35,17
2020,4,A,골목상권,2110652,양천향교역 2번,643,483,160,0,70,131,146,169,127,0,32,102,104,139,106,0,38,29,42,30,21
2020,4,A,골목상권,2110651,화원중학교,377,214,163,2,29,50,102,105,89,1,19,31,68,52,43,1,10,19,34,53,46
2020,4,A,골목상권,2110650,우장산힐스테이트,146,118,28,0,24,30,52,21,19,0,15,25,43,18,17,0,9,5,9,3,2
2020,4,A,골목상권,2110649,우장산역 1번,366,197,169,0,41,92,83,98,52,0,12,49,39,63,34,0,29,43,44,35,18
2020,4,A,골목상권,2110648,양천향교역 7번,13,5,8,0,1,7,1,3,1,0,0,3,1,1,0,0,1,4,0,2,1
2020,4,A,골목상권,2110647,화곡역 5번,890,459,431,2,116,227,219,230,96,1,44,137,110,116,51,1,72,90,109,114,45
2020,4,A,골목상권,2110646,푸른들청소년도서관,782,401,381,1,93,124,208,189,167,1,27,53,103,100,117,0,66,71,105,89,50
2020,4,A,골목상권,2110645,우장산역 4번,794,391,403,0,64,125,239,221,145,0,33,65,87,90,116,0,31,60,152,131,29
2020,4,A,골목상권,2110644,신광명마을,333,288,45,1,24,22,60,107,119,1,7,13,52,100,115,0,17,9,8,7,4
2020,4,A,골목상권,2110643,강서구다솔마을,653,413,240,1,97,165,199,139,52,0,47,101,136,93,36,1,50,64,63,46,16
2020,4,A,골목상권,2110642,정곡초등학교,193,163,30,2,8,14,35,69,65,1,4,10,30,58,60,1,4,4,5,11,5
2020,4,A,골목상권,2110641,공항고등학교,345,236,109,2,46,95,100,79,23,1,30,72,61,52,20,1,16,23,39,27,3
2020,4,A,골목상권,2110640,방화역 1번,1019,638,381,3,139,292,240,195,150,3,62,119,167,158,129,0,77,173,73,37,21
2020,4,A,골목상권,2110639,신방화역 8번,523,369,154,1,74,61,88,153,146,1,17,22,51,139,139,0,57,39,37,14,7
2020,4,A,골목상권,2110638,신방화역 2번,372,202,170,3,53,75,88,87,66,3,22,40,44,43,50,0,31,35,44,44,16
2020,4,A,골목상권,2110637,송정역 2번,540,357,183,4,62,117,114,147,96,0,34,74,81,100,68,4,28,43,33,47,28
2020,4,A,골목상권,2110636,방화역 2번,152,76,76,1,25,49,41,21,15,0,9,26,27,4,10,1,16,23,14,17,5
2020,4,A,골목상권,2110635,공항시장역 3번,1482,399,1083,4,71,92,165,488,662,1,44,62,64,34,194,3,27,30,101,454,468
2020,4,A,골목상권,2110634,송정역 3번,664,434,230,0,64,143,178,145,134,0,33,90,116,101,94,0,31,53,62,44,40
2020,4,A,골목상권,2110633,개화산역 1번,115,89,26,2,29,34,27,15,8,2,28,22,19,10,8,0,1,12,8,5,0
2020,4,A,골목상권,2110632,방화역 3번,1075,887,188,2,42,127,400,334,170,1,21,90,353,281,141,1,21,37,47,53,29
2020,4,A,골목상권,2110631,방화초등학교,359,177,182,2,35,71,73,103,75,2,21,42,39,38,35,0,14,29,34,65,40
2020,4,A,골목상권,2110630,공항시장역 1번,1472,1008,464,0,157,294,298,328,395,0,67,180,202,240,319,0,90,114,96,88,76
2020,4,A,골목상권,2110629,송정역 4번,190,107,83,0,26,52,54,35,23,0,9,34,28,24,12,0,17,18,26,11,11
2020,4,A,골목상권,2110628,신목동역,496,319,177,0,58,88,124,120,106,0,30,58,82,89,60,0,28,30,42,31,46
2020,4,A,골목상권,2110627,신정롯데캐슬아파트,512,310,202,24,127,127,89,83,62,13,69,79,57,49,43,11,58,48,32,34,19
2020,4,A,골목상권,2110626,양화초등학교,652,271,381,1,127,138,149,147,90,0,37,57,76,63,38,1,90,81,73,84,52
2020,4,A,골목상권,2110625,신정2동주민센터,726,454,272,2,98,196,215,155,60,0,51,124,146,94,39,2,47,72,69,61,21
2020,4,A,골목상권,2110624,목동문화체육센터,382,234,148,0,93,118,75,65,31,0,40,79,46,50,19,0,53,39,29,15,12
2020,4,A,골목상권,2110623,갈산공원,118,94,24,0,27,32,24,27,8,0,23,26,21,19,5,0,4,6,3,8,3
2020,4,A,골목상권,2110622,달마을공원,458,261,197,0,58,90,102,138,70,0,26,47,63,65,60,0,32,43,39,73,10
2020,4,A,골목상권,2110621,목동역 5번,111,57,54,0,9,22,22,38,20,0,0,12,13,19,13,0,9,10,9,19,7
2020,4,A,골목상권,2110620,목동보건지소,451,235,216,4,51,81,102,125,88,4,20,45,47,65,54,0,31,36,55,60,34
2020,4,A,골목상권,2110619,목4동주민센터,311,203,108,1,51,87,89,64,19,1,16,52,58,57,19,0,35,35,31,7,0
2020,4,A,골목상권,2110618,강서고등학교,193,135,58,0,19,38,52,52,32,0,10,29,36,34,26,0,9,9,16,18,6
2020,4,A,골목상권,2110617,등촌역 4번,274,192,82,0,47,75,77,51,24,0,37,55,51,33,16,0,10,20,26,18,8
2020,4,A,골목상권,2110616,양목초등학교,161,103,58,0,3,23,19,40,76,0,2,18,14,32,37,0,1,5,5,8,39
2020,4,A,골목상권,2110615,신서초등학교,87,63,24,0,20,21,27,13,6,0,14,18,18,8,5,0,6,3,9,5,1
2020,4,A,골목상권,2110614,목동로데오거리,596,292,304,0,69,85,114,216,112,0,42,44,58,103,45,0,27,41,56,113,67
2020,4,A,골목상권,2110613,신정네거리역 4번,80,20,60,0,8,25,24,19,4,0,2,6,7,4,1,0,6,19,17,15,3
2020,4,A,골목상권,2110612,신정역 5번,644,303,341,1,85,88,143,197,130,0,44,62,74,70,53,1,41,26,69,127,77
2020,4,A,골목상권,2110611,신정역 1번,316,212,104,2,35,61,100,82,36,2,21,44,61,52,32,0,14,17,39,30,4
2020,4,A,골목상권,2110610,계남근린공원,126,85,41,0,5,11,41,44,25,0,3,6,28,35,13,0,2,5,13,9,12
2020,4,A,골목상권,2110609,신정네거리역 2번,1377,1358,19,0,14,15,52,171,1125,0,10,11,45,168,1124,0,4,4,7,3,1
2020,4,A,골목상권,2110608,신월2동주민센터,873,453,420,1,51,116,229,271,205,1,23,69,118,125,117,0,28,47,111,146,88
2020,4,A,골목상권,2110607,금빛새마을금고본점,53,31,22,0,2,10,11,19,11,0,1,4,5,12,9,0,1,6,6,7,2
2020,4,A,골목상권,2110606,신한은행 신월동지점,521,288,233,1,49,80,143,144,104,1,26,42,76,66,77,0,23,38,67,78,27
2020,4,A,골목상권,2110605,목동센트럴아이파크앞,155,89,66,0,15,22,26,47,45,0,5,15,11,27,31,0,10,7,15,20,14
2020,4,A,골목상권,2110604,신월4동주민센터,637,528,109,0,13,50,120,234,220,0,6,29,87,193,213,0,7,21,33,41,7
2020,4,A,골목상권,2110603,지향초등학교,205,119,86,0,13,56,60,44,32,0,5,30,37,25,22,0,8,26,23,19,10
2020,4,A,골목상권,2110602,신월시영아파트중문,644,574,70,1,7,22,68,238,308,0,4,13,52,214,291,1,3,9,16,24,17
2020,4,A,골목상권,2110601,신월1동우편취급국,1200,814,386,3,116,180,274,437,190,1,61,115,183,309,145,2,55,65,91,128,45
2020,4,A,골목상권,2110600,신월7동주민센터,350,263,87,0,32,30,66,101,121,0,17,14,38,79,115,0,15,16,28,22,6
2020,4,A,골목상권,2110599,신월1파출소,378,268,110,3,50,89,94,93,49,2,34,68,63,65,36,1,16,21,31,28,13
2020,4,A,골목상권,2110598,신월문화체육센터,428,195,233,0,21,58,112,150,87,0,5,28,45,66,51,0,16,30,67,84,36
2020,4,A,골목상권,2110597,신월1동주민센터,517,302,215,0,30,68,111,150,158,0,14,36,54,84,114,0,16,32,57,66,44
2020,4,A,골목상권,2110596,서서울호수공원,417,272,145,2,48,90,107,113,57,0,28,56,74,71,43,2,20,34,33,42,14
2020,4,A,골목상권,2110595,메디힐병원,731,459,272,0,80,148,163,185,155,0,34,85,86,136,118,0,46,63,77,49,37
2020,4,A,골목상권,2110594,신월중학교,453,225,228,0,54,166,104,96,33,0,14,66,56,59,30,0,40,100,48,37,3
2020,4,A,골목상권,2110593,신월3동주민센터,304,157,147,0,38,65,76,87,38,0,12,32,45,44,24,0,26,33,31,43,14
2020,4,A,골목상권,2110592,서울금융고등학교,449,344,105,0,19,35,74,156,165,0,9,13,45,128,149,0,10,22,29,28,16
2020,4,A,골목상권,2110591,충정로역 6번,627,422,205,0,99,158,178,126,66,0,55,103,135,92,37,0,44,55,43,34,29
2020,4,A,골목상권,2110590,만리재,97,50,47,0,19,23,23,25,7,0,6,12,11,16,5,0,13,11,12,9,2
2020,4,A,골목상권,2110589,애오개역 3번,58,14,44,0,4,8,19,13,14,0,0,1,5,6,2,0,4,7,14,7,12
2020,4,A,골목상권,2110588,한겨레신문사,169,92,77,0,34,44,41,33,17,0,14,22,20,21,15,0,20,22,21,12,2
2020,4,A,골목상권,2110587,공덕동주민센터,238,121,117,1,36,43,69,53,36,1,15,25,41,23,16,0,21,18,28,30,20
2020,4,A,골목상권,2110586,서울서부지방법원,1461,863,598,2,376,402,333,188,160,1,231,267,164,98,102,1,145,135,169,90,58
2020,4,A,골목상권,2110585,마포경찰서,918,790,128,0,192,360,176,181,9,0,150,313,153,166,8,0,42,47,23,15,1
2020,4,A,골목상권,2110584,아현역 4번,49,13,36,0,4,7,14,13,11,0,0,0,2,5,6,0,4,7,12,8,5
2020,4,A,골목상권,2110583,공덕래미안3차아파트,316,164,152,0,44,98,102,57,15,0,7,54,60,35,8,0,37,44,42,22,7
2020,4,A,골목상권,2110582,이대역 5번,59,19,40,0,6,11,16,16,10,0,0,4,4,6,5,0,6,7,12,10,5
2020,4,A,골목상권,2110581,염리초등학교,16,11,5,0,0,0,2,6,8,0,0,0,2,3,6,0,0,0,0,3,2
2020,4,A,골목상권,2110580,양원초등학교,78,20,58,0,3,6,16,25,28,0,0,1,3,11,5,0,3,5,13,14,23
2020,4,A,골목상권,2110579,마포역 4번,758,561,197,2,62,160,253,214,67,1,37,123,190,160,50,1,25,37,63,54,17
2020,4,A,골목상권,2110578,대흥역 2번,2091,1413,678,2,213,337,391,638,510,1,80,225,309,452,346,1,133,112,82,186,164
2020,4,A,골목상권,2110577,용강동주민센터,145,105,40,0,15,42,47,31,10,0,12,31,38,17,7,0,3,11,9,14,3
2020,4,A,골목상권,2110576,대흥역 3번,1605,1112,493,71,503,480,308,163,80,27,310,365,253,111,46,44,193,115,55,52,34
2020,4,A,골목상권,2110575,대흥동주민센터,206,156,50,2,25,47,36,48,48,2,11,35,25,40,43,0,14,12,11,8,5
2020,4,A,골목상권,2110574,서강대학교,173,123,50,0,35,41,49,38,10,0,17,30,41,30,5,0,18,11,8,8,5
2020,4,A,골목상권,2110573,신촌역 6번,33,14,19,0,7,4,6,8,8,0,2,0,3,3,6,0,5,4,3,5,2
2020,4,A,골목상권,2110572,서강대역 1번,470,254,216,1,63,130,117,116,43,1,32,67,58,66,30,0,31,63,59,50,13
2020,4,A,골목상권,2110571,신수동주민센터,635,358,277,5,109,159,187,126,49,5,57,88,98,74,36,0,52,71,89,52,13
2020,4,A,골목상권,2110570,KB국민은행 서강지점,61,39,22,0,4,22,18,12,5,0,4,13,10,7,5,0,0,9,8,5,0
2020,4,A,골목상권,2110569,홍대땡땡거리,358,153,205,2,62,108,97,53,36,1,18,48,46,19,21,1,44,60,51,34,15
2020,4,A,골목상권,2110568,광흥창역 1번,67,32,35,0,12,21,14,15,5,0,4,10,6,9,3,0,8,11,8,6,2
2020,4,A,골목상권,2110567,광흥창역 6번,91,61,30,0,16,26,27,12,10,0,8,20,13,11,9,0,8,6,14,1,1
2020,4,A,골목상권,2110566,경의선책거리,1690,934,756,2,359,547,406,290,86,1,137,328,252,157,59,1,222,219,154,133,27
2020,4,A,골목상권,2110565,홍익대,107,64,43,0,16,32,34,19,6,0,8,15,23,13,5,0,8,17,11,6,1
2020,4,A,골목상권,2110564,홍대입구역 3번,471,211,260,0,54,125,161,78,53,0,19,47,103,22,20,0,35,78,58,56,33
2020,4,A,골목상권,2110563,상수역 3번,355,274,81,12,83,130,78,23,29,10,63,101,61,16,23,2,20,29,17,7,6
2020,4,A,골목상권,2110562,연트럴파크(연남동주민센터),426,237,189,1,73,118,96,94,44,1,29,76,55,44,32,0,44,42,41,50,12
2020,4,A,골목상권,2110561,상수역 4번,395,247,148,4,59,102,94,89,47,2,21,56,64,68,36,2,38,46,30,21,11
2020,4,A,골목상권,2110560,마포FM,292,140,152,0,26,64,87,77,38,0,10,26,40,36,28,0,16,38,47,41,10
2020,4,A,골목상권,2110559,성산중학교,757,474,283,4,102,187,203,167,94,3,54,102,127,118,70,1,48,85,76,49,24
2020,4,A,골목상권,2110558,경성고등학교,2338,1579,759,11,302,556,565,513,391,10,149,343,406,384,287,1,153,213,159,129,104
2020,4,A,골목상권,2110557,홍대부속여중고앞,760,465,295,1,100,188,196,149,126,1,37,110,137,95,85,0,63,78,59,54,41
2020,4,A,골목상권,2110556,절두산순교성지,176,112,64,3,17,42,58,39,17,3,8,27,39,24,11,0,9,15,19,15,6
2020,4,A,골목상권,2110555,홍익지구대,335,161,174,1,58,69,68,50,89,0,16,32,34,21,58,1,42,37,34,29,31
2020,4,A,골목상권,2110554,망원역 1번,1499,727,772,2,210,352,484,333,118,2,105,174,225,147,74,0,105,178,259,186,44
2020,4,A,골목상권,2110553,가좌역 2번,257,150,107,0,23,42,73,79,40,0,14,23,39,41,33,0,9,19,34,38,7
2020,4,A,골목상권,2110552,성미산체육관,646,469,177,1,110,162,148,159,66,0,72,121,99,129,48,1,38,41,49,30,18
2020,4,A,골목상권,2110551,성서초등학교,803,387,416,1,110,164,235,172,121,1,42,90,114,81,59,0,68,74,121,91,62
2020,4,A,골목상권,2110550,합정역 8번,1578,740,838,1,240,411,414,333,179,0,84,165,221,171,99,1,156,246,193,162,80
2020,4,A,골목상권,2110549,새터산,283,137,146,1,48,61,76,46,51,1,18,31,43,16,28,0,30,30,33,30,23
2020,4,A,골목상권,2110548,마포구청역 4번,795,475,320,5,130,185,210,136,129,3,57,95,122,89,109,2,73,90,88,47,20
2020,4,A,골목상권,2110547,KB국민은행 망원동지점,284,168,116,0,13,47,93,76,55,0,4,25,55,45,39,0,9,22,38,31,16
2020,4,A,골목상권,2110546,양화대교북단,684,408,276,3,185,240,142,68,46,3,79,121,109,55,41,0,106,119,33,13,5
2020,4,A,골목상권,2110545,마포구청역 1번,880,496,384,1,74,169,241,262,133,1,30,100,116,154,95,0,44,69,125,108,38
2020,4,A,골목상권,2110544,망리단길,1203,718,485,1,179,248,331,253,191,1,107,153,171,147,139,0,72,95,160,106,52
2020,4,A,골목상권,2110543,중암중학교,38,25,13,0,6,8,14,7,3,0,3,5,8,6,3,0,3,3,6,1,0
2020,4,A,골목상권,2110542,마포구청역 7번,4013,2450,1563,16,528,715,782,1306,666,9,298,578,607,588,370,7,230,137,175,718,296
2020,4,A,골목상권,2110541,동교초등학교,377,221,156,0,43,59,101,96,78,0,23,37,63,50,48,0,20,22,38,46,30
2020,4,A,골목상권,2110540,망원나들목체육관,288,154,134,0,45,74,85,62,22,0,24,38,42,36,14,0,21,36,43,26,8
2020,4,A,골목상권,2110539,미근동,2792,1821,971,13,225,688,889,822,155,9,167,550,547,424,124,4,58,138,342,398,31
2020,4,A,골목상권,2110538,충정로역 3번,284,178,106,0,12,42,56,66,108,0,5,27,35,42,69,0,7,15,21,24,39
2020,4,A,골목상권,2110537,충정로현대아파트,1514,848,666,1,362,525,328,177,121,0,150,263,215,134,86,1,212,262,113,43,35
2020,4,A,골목상권,2110536,돈의문센트레빌아파트입구,141,105,36,0,12,23,61,32,13,0,7,17,50,21,10,0,5,6,11,11,3
2020,4,A,골목상권,2110535,영천시장입구,797,440,357,2,77,119,179,281,139,2,36,62,110,152,78,0,41,57,69,129,61
2020,4,A,골목상권,2110534,경기대학교,134,67,67,0,9,25,23,33,44,0,6,16,10,11,24,0,3,9,13,22,20
2020,4,A,골목상권,2110533,충정로역 7번,22,11,11,0,5,5,3,5,4,0,0,2,2,4,3,0,5,3,1,1,1
2020,4,A,골목상권,2110532,아현역 2번,330,205,125,0,52,33,48,78,119,0,17,13,23,57,95,0,35,20,25,21,24
2020,4,A,골목상권,2110531,홍지문,141,61,80,0,16,26,24,56,19,0,13,19,13,9,7,0,3,7,11,47,12
2020,4,A,골목상권,2110530,아현역 1번,36,20,16,0,5,5,7,15,4,0,2,5,4,6,3,0,3,0,3,9,1
2020,4,A,골목상권,2110529,홍제3동주민센터,136,67,69,0,14,22,30,27,43,0,2,6,11,16,32,0,12,16,19,11,11
2020,4,A,골목상권,2110528,서울여자간호대학교,309,149,160,0,11,22,32,69,175,0,10,12,16,22,89,0,1,10,16,47,86
2020,4,A,골목상권,2110527,홍제역 2번,177,83,94,1,35,39,35,38,29,1,11,26,14,19,12,0,24,13,21,19,17
2020,4,A,골목상권,2110526,봉원사,241,122,119,1,21,43,58,58,60,1,8,22,26,28,37,0,13,21,32,30,23
2020,4,A,골목상권,2110525,홍은종합사회복지관,61,17,44,0,10,12,15,10,14,0,1,3,0,4,9,0,9,9,15,6,5
2020,4,A,골목상권,2110524,연희세브란스병원,55,23,32,0,10,13,15,10,7,0,5,6,6,3,3,0,5,7,9,7,4
2020,4,A,골목상권,2110523,홍제성원아파트,25,11,14,0,0,6,7,7,5,0,0,1,3,5,2,0,0,5,4,2,3
2020,4,A,골목상권,2110522,홍제역 3번,8,3,5,0,3,0,1,1,3,0,0,0,0,1,2,0,3,0,1,0,1
2020,4,A,골목상권,2110521,홍제역 4번,63,36,27,0,4,7,19,17,16,0,0,4,10,9,13,0,4,3,9,8,3
2020,4,A,골목상권,2110520,경의중앙 신촌역,78,38,40,0,22,12,27,10,7,0,5,5,13,9,6,0,17,7,14,1,1
2020,4,A,골목상권,2110519,서대문구보건소별관,470,175,295,0,58,96,113,139,64,0,15,37,46,42,35,0,43,59,67,97,29
2020,4,A,골목상권,2110518,서대문구청,117,70,47,0,19,39,29,18,12,0,6,19,22,12,11,0,13,20,7,6,1
2020,4,A,골목상권,2110517,서대문소방서,1051,692,359,8,225,280,242,207,89,5,104,187,179,161,56,3,121,93,63,46,33
2020,4,A,골목상권,2110516,정원여중,114,85,29,0,24,19,35,22,14,0,17,14,26,19,9,0,7,5,9,3,5
2020,4,A,골목상권,2110515,홍은중학교,399,312,87,1,46,119,119,68,46,1,33,93,94,52,39,0,13,26,25,16,7
2020,4,A,골목상권,2110514,서대문우체국,86,19,67,0,26,26,17,9,8,0,0,4,7,4,4,0,26,22,10,5,4
2020,4,A,골목상권,2110513,연희파출소,457,241,216,0,51,87,110,130,79,0,17,46,58,69,51,0,34,41,52,61,28
2020,4,A,골목상권,2110512,연희지하차도,357,183,174,0,44,70,106,104,33,0,17,46,47,52,21,0,27,24,59,52,12
2020,4,A,골목상권,2110511,연희초등학교,3766,3317,449,2,465,768,660,1520,351,1,363,658,539,1427,329,1,102,110,121,93,22
2020,4,A,골목상권,2110510,홍연시장,99,59,40,0,8,14,35,26,16,0,4,6,23,14,12,0,4,8,12,12,4
2020,4,A,골목상권,2110509,연희대우아파트앞,691,333,358,0,73,177,151,193,97,0,29,73,77,101,53,0,44,104,74,92,44
2020,4,A,골목상권,2110508,서연중학교,1028,470,558,9,149,249,175,268,178,3,66,152,81,93,75,6,83,97,94,175,103
2020,4,A,골목상권,2110507,명지대학교,1537,1156,381,29,392,636,318,129,33,26,257,481,282,83,27,3,135,155,36,46,6
2020,4,A,골목상권,2110506,연희임광아파트,110,66,44,0,5,12,39,29,25,0,1,8,20,19,18,0,4,4,19,10,7
2020,4,A,골목상권,2110505,홍남교남측,14,9,5,0,1,0,3,7,3,0,0,0,2,5,2,0,1,0,1,2,1
2020,4,A,골목상권,2110504,명지전문대,139,35,104,0,8,17,27,38,49,0,3,4,6,11,11,0,5,13,21,27,38
2020,4,A,골목상권,2110503,명지대학교교회,230,123,107,0,27,52,59,64,28,0,9,30,26,36,22,0,18,22,33,28,6
2020,4,A,골목상권,2110502,남가좌파출소,290,147,143,0,29,34,73,92,62,0,14,16,35,47,35,0,15,18,38,45,27
2020,4,A,골목상권,2110501,연희어린이공원,214,82,132,0,12,33,40,75,54,0,3,20,15,18,26,0,9,13,25,57,28
2020,4,A,골목상권,2110500,남가좌동현대아파트,74,54,20,0,12,13,23,22,4,0,8,9,17,17,3,0,4,4,6,5,1
2020,4,A,골목상권,2110499,연가초등학교,282,123,159,0,44,47,83,67,41,0,8,22,32,35,26,0,36,25,51,32,15
2020,4,A,골목상권,2110498,증산역 1번,222,102,120,0,15,32,75,68,32,0,7,9,31,32,23,0,8,23,44,36,9
2020,4,A,골목상권,2110497,가좌역 3번,299,247,52,0,13,33,86,117,50,0,3,16,74,113,41,0,10,17,12,4,9
2020,4,A,골목상권,2110496,모래내우체국,611,333,278,2,88,190,160,89,82,2,20,100,117,42,52,0,68,90,43,47,30
2020,4,A,골목상권,2110495,북가좌2동주민센터,501,372,129,0,28,67,125,185,96,0,11,45,88,152,76,0,17,22,37,33,20
2020,4,A,골목상권,2110494,증산3교남측,31,24,7,0,1,8,7,9,6,0,0,7,5,7,5,0,1,1,2,2,1
2020,4,A,골목상권,2110493,북가좌초등학교,892,830,62,0,2,19,27,80,764,0,0,12,22,68,728,0,2,7,5,12,36
2020,4,A,골목상권,2110492,하나고등학교,247,43,204,1,6,15,13,98,114,0,1,8,7,10,17,1,5,7,6,88,97
2020,4,A,골목상권,2110491,불광중학교,195,90,105,0,13,35,71,56,20,0,8,20,32,18,12,0,5,15,39,38,8
2020,4,A,골목상권,2110490,녹번동근린공원,307,166,141,0,30,64,85,76,52,0,11,30,47,45,33,0,19,34,38,31,19
2020,4,A,골목상권,2110489,불광역 3번,35,25,10,0,3,7,10,10,5,0,3,4,7,6,5,0,0,3,3,4,0
2020,4,A,골목상권,2110488,우리은행응암동지점,171,103,68,1,14,24,41,36,55,0,8,16,19,15,45,1,6,8,22,21,10
2020,4,A,골목상권,2110487,불광역 8번,63,35,28,0,11,22,15,8,7,0,6,11,7,8,3,0,5,11,8,0,4
2020,4,A,골목상권,2110486,은평구청,629,292,337,0,86,110,146,178,109,0,55,72,56,64,45,0,31,38,90,114,64
2020,4,A,골목상권,2110485,연신내우체국,1259,678,581,0,7,24,35,160,1033,0,4,5,15,70,584,0,3,19,20,90,449
2020,4,A,골목상권,2110484,역촌역 3번,500,203,297,6,62,136,132,103,61,5,34,48,43,35,38,1,28,88,89,68,23
2020,4,A,골목상권,2110483,연천초등학교,147,90,57,0,13,21,45,22,46,0,5,11,31,13,30,0,8,10,14,9,16
2020,4,A,골목상권,2110482,연신초등학교,45,19,26,0,2,5,16,19,3,0,0,0,6,11,2,0,2,5,10,8,1
2020,4,A,골목상권,2110481,불광역 7번,193,86,107,0,13,43,41,57,39,0,2,22,11,24,27,0,11,21,30,33,12
2020,4,A,골목상권,2110480,연신내역 3번,117,34,83,0,7,27,37,29,17,0,0,7,12,9,6,0,7,20,25,20,11
2020,4,A,골목상권,2110479,연신내역 2번,304,177,127,1,50,83,64,66,40,0,28,71,33,32,13,1,22,12,31,34,27
2020,4,A,골목상권,2110478,응암1동주민센터,359,221,138,2,26,39,56,58,178,2,16,23,28,33,119,0,10,16,28,25,59
2020,4,A,골목상권,2110477,은평세무서,434,205,229,0,43,62,106,141,82,0,15,23,49,71,47,0,28,39,57,70,35
2020,4,A,골목상권,2110476,역촌역 2번,56,26,30,0,2,8,22,17,7,0,1,3,9,7,6,0,1,5,13,10,1
2020,4,A,골목상권,2110475,백련산해모로아파트,241,126,115,1,23,42,76,68,31,1,10,24,44,28,19,0,13,18,32,40,12
2020,4,A,골목상권,2110474,세명컴퓨터고등학교,196,68,128,0,12,41,40,59,44,0,3,19,15,11,20,0,9,22,25,48,24
2020,4,A,골목상권,2110473,구산역 1번,436,241,195,0,34,59,113,107,123,0,24,27,53,49,88,0,10,32,60,58,35
2020,4,A,골목상권,2110472,연신내역 4번,336,156,180,2,52,77,80,68,57,1,16,43,30,37,29,1,36,34,50,31,28
2020,4,A,골목상권,2110471,응암동우체국,258,110,148,0,33,58,70,72,25,0,10,17,25,36,22,0,23,41,45,36,3
2020,4,A,골목상권,2110470,신진과학기술고등학교,127,78,49,0,30,22,40,25,10,0,12,11,31,19,5,0,18,11,9,6,5
2020,4,A,골목상권,2110469,응암정보도서관,340,184,156,1,38,58,102,103,38,0,11,29,59,56,29,1,27,29,43,47,9
2020,4,A,골목상권,2110468,응암역 3번,1129,494,635,2,141,256,316,256,158,0,44,114,140,109,87,2,97,142,176,147,71
2020,4,A,골목상권,2110467,은평요양병원,487,284,203,3,90,154,110,68,62,2,46,100,61,37,38,1,44,54,49,31,24
2020,4,A,골목상권,2110466,구산역 2번,87,46,41,0,12,17,26,24,8,0,4,5,16,15,6,0,8,12,10,9,2
2020,4,A,골목상권,2110465,연신내역 7번,229,110,119,3,36,48,55,52,35,2,11,25,24,23,25,1,25,23,31,29,10
2020,4,A,골목상권,2110464,연신내역 5번,301,170,131,4,32,53,93,85,34,4,18,28,44,49,27,0,14,25,49,36,7
2020,4,A,골목상권,2110463,응암3동주민센터,123,54,69,0,7,23,36,26,31,0,3,6,14,11,20,0,4,17,22,15,11
2020,4,A,골목상권,2110462,갈현건영아파트,354,220,134,1,41,64,104,81,63,1,23,38,61,50,47,0,18,26,43,31,16
2020,4,A,골목상권,2110461,새절역 2번,39,21,18,0,2,8,11,10,8,0,2,2,6,6,5,0,0,6,5,4,3
2020,4,A,골목상권,2110460,구산역 4번,969,582,387,0,57,184,248,234,246,0,18,124,133,121,186,0,39,60,115,113,60
2020,4,A,골목상권,2110459,응암역 2번,547,198,349,1,50,105,159,154,78,0,9,38,77,41,33,1,41,67,82,113,45
2020,4,A,골목상권,2110458,선일여고,404,211,193,1,34,87,96,122,64,0,19,52,49,54,37,1,15,35,47,68,27
2020,4,A,골목상권,2110457,예일여고,484,284,200,1,60,89,88,132,114,0,27,47,47,71,92,1,33,42,41,61,22
2020,4,A,골목상권,2110456,구산보건지소,966,543,423,3,284,226,177,146,130,1,123,112,94,96,117,2,161,114,83,50,13
2020,4,A,골목상권,2110455,역촌노인복지관,678,360,318,2,69,118,187,198,104,0,34,63,89,105,69,2,35,55,98,93,35
2020,4,A,골목상권,2110454,선정중학교,481,268,213,3,56,71,142,108,101,2,42,35,53,66,70,1,14,36,89,42,31
2020,4,A,골목상권,2110453,신사1동주민센터,515,288,227,0,43,81,121,155,115,0,20,25,65,85,93,0,23,56,56,70,22
2020,4,A,골목상권,2110452,새절역 3번,420,347,73,1,17,47,78,132,145,1,11,29,58,113,135,0,6,18,20,19,10
2020,4,A,골목상권,2110451,증산역 4번,1296,986,310,2,153,384,374,298,85,2,78,294,312,235,65,0,75,90,62,63,20
2020,4,A,골목상권,2110450,시립서북병원,1576,644,932,4,301,361,344,339,227,2,124,172,146,108,92,2,177,189,198,231,135
2020,4,A,골목상권,2110449,증산역 3번,717,414,303,0,105,161,186,149,116,0,47,98,99,85,85,0,58,63,87,64,31
2020,4,A,골목상권,2110448,상신초등학교입구,120,76,44,1,20,27,26,26,20,1,17,17,12,14,15,0,3,10,14,12,5
2020,4,A,골목상권,2110447,구산초등학교,12,7,5,0,2,2,3,1,4,0,1,2,1,1,2,0,1,0,2,0,2
2020,4,A,골목상권,2110446,내를건너서숲으로도서관,375,294,81,0,65,88,84,69,69,0,61,77,55,44,57,0,4,11,29,25,12
2020,4,A,골목상권,2110445,덕산중학교,61,45,16,0,18,14,15,6,8,0,10,9,12,6,8,0,8,5,3,0,0
2020,4,A,골목상권,2110444,수색성당,170,73,97,0,13,53,46,45,13,0,5,27,13,17,11,0,8,26,33,28,2
2020,4,A,골목상권,2110443,수색역 1번,14,7,7,0,1,1,7,4,1,0,0,1,2,3,1,0,1,0,5,1,0
2020,4,A,골목상권,2110442,화랑대철도공원,76,20,56,0,1,4,14,49,8,0,0,2,4,10,4,0,1,2,10,39,4
2020,4,A,골목상권,2110441,영신여고,172,78,94,0,19,38,41,45,29,0,7,20,16,23,12,0,12,18,25,22,17
2020,4,A,골목상권,2110440,상계3동4동주민센터,49,16,33,0,8,6,15,10,10,0,1,1,4,2,8,0,7,5,11,8,2
2020,4,A,골목상권,2110439,당고개역 5번,63,21,42,0,3,7,6,19,28,0,0,4,2,7,8,0,3,3,4,12,20
2020,4,A,골목상권,2110438,경춘선숲길 우측,230,110,120,0,26,54,83,52,15,0,12,21,38,30,9,0,14,33,45,22,6
2020,4,A,골목상권,2110437,당고개역 2번,116,40,76,0,16,23,25,41,11,0,5,11,9,10,5,0,11,12,16,31,6
2020,4,A,골목상권,2110436,상계제일중학교,93,60,33,0,15,21,33,20,4,0,5,13,23,15,4,0,10,8,10,5,0
2020,4,A,골목상권,2110435,서울과학기술대,73,40,33,0,5,12,18,25,13,0,3,4,8,14,11,0,2,8,10,11,2
2020,4,A,골목상권,2110434,태릉입구역 4번,121,62,59,0,13,11,24,35,38,0,3,2,12,22,23,0,10,9,12,13,15
2020,4,A,골목상권,2110433,공릉역 2번,401,137,264,1,30,41,46,46,237,1,17,30,25,18,46,0,13,11,21,28,191
2020,4,A,골목상권,2110432,대진고등학교,894,734,160,0,55,146,248,343,102,0,27,96,214,311,86,0,28,50,34,32,16
2020,4,A,골목상권,2110431,상계역,124,72,52,1,16,24,28,37,18,0,2,13,17,27,13,1,14,11,11,10,5
2020,4,A,골목상권,2110430,중계초등학교,307,114,193,0,20,36,65,106,80,0,9,11,21,29,44,0,11,25,44,77,36
2020,4,A,골목상권,2110429,공릉동 국수거리,2074,916,1158,3,224,284,511,689,363,1,91,167,248,234,175,2,133,117,263,455,188
2020,4,A,골목상권,2110428,상계5동주민센터,491,217,274,1,43,52,106,158,131,0,14,25,45,70,63,1,29,27,61,88,68
2020,4,A,골목상권,2110427,노원 을지대학교병원,363,281,82,0,27,27,62,126,121,0,12,14,31,109,115,0,15,13,31,17,6
2020,4,A,골목상권,2110426,상계2동주민센터,337,169,168,0,32,57,83,96,69,0,15,30,39,45,40,0,17,27,44,51,29
2020,4,A,골목상권,2110425,계상초등학교,130,54,76,2,18,10,35,38,27,2,5,5,18,14,10,0,13,5,17,24,17
2020,4,A,골목상권,2110424,상계초등학교,388,157,231,2,42,50,96,106,92,2,18,32,32,42,31,0,24,18,64,64,61
2020,4,A,골목상권,2110423,석계역 2번,280,104,176,0,27,29,65,73,86,0,9,15,31,29,20,0,18,14,34,44,66
2020,4,A,골목상권,2110422,노원역 9번,277,221,56,0,27,70,94,54,32,0,24,59,79,37,22,0,3,11,15,17,10
2020,4,A,골목상권,2110421,석계역 1번,249,109,140,0,22,37,78,65,47,0,8,16,31,26,28,0,14,21,47,39,19
2020,4,A,골목상권,2110420,광운대역 1번,814,483,331,7,235,312,188,43,29,0,114,236,92,23,18,7,121,76,96,20,11
2020,4,A,골목상권,2110419,수락산디자인거리,789,536,253,5,96,138,186,200,164,5,51,79,130,146,125,0,45,59,56,54,39
2020,4,A,골목상권,2110418,광운대학교 남단,100,45,55,0,11,17,23,26,23,0,5,5,13,16,6,0,6,12,10,10,17
2020,4,A,골목상권,2110417,월계역 3번,26,14,12,0,11,9,2,4,0,0,4,6,2,2,0,0,7,3,0,2,0
2020,4,A,골목상권,2110416,노원초등학교,468,244,224,4,61,110,118,126,49,2,24,73,58,58,29,2,37,37,60,68,20
2020,4,A,골목상권,2110415,수락산역 4번,635,386,249,5,82,110,155,174,109,5,46,71,85,110,69,0,36,39,70,64,40
2020,4,A,골목상권,2110414,장석교회,61,47,14,0,5,13,15,20,8,0,3,11,11,17,5,0,2,2,4,3,3
2020,4,A,골목상권,2110413,누원고등학교,54,33,21,0,8,11,12,11,12,0,5,8,5,5,10,0,3,3,7,6,2
2020,4,A,골목상권,2110412,창동중학교,25,23,2,0,4,7,3,4,7,0,3,7,3,3,7,0,1,0,0,1,0
2020,4,A,골목상권,2110411,도봉역 3번,413,368,45,1,13,35,58,137,169,0,10,22,45,130,161,1,3,13,13,7,8
2020,4,A,골목상권,2110410,방학역 2번,957,833,124,3,75,187,185,224,283,2,61,162,154,194,260,1,14,25,31,30,23
2020,4,A,골목상권,2110409,창동역 2번,3957,2958,999,1,352,962,964,701,977,0,256,794,803,441,664,1,96,168,161,260,313
2020,4,A,골목상권,2110408,가인초등학교,359,108,251,0,68,70,101,86,34,0,13,24,33,22,16,0,55,46,68,64,18
2020,4,A,골목상권,2110407,도봉역 2번,562,338,224,1,32,77,115,203,134,1,8,41,57,126,105,0,24,36,58,77,29
2020,4,A,골목상권,2110406,도봉산역 1번,659,595,64,0,13,37,147,294,168,0,6,25,133,278,153,0,7,12,14,16,15
2020,4,A,골목상권,2110405,방학역 1번,1123,365,758,3,130,176,308,427,79,3,67,109,82,70,34,0,63,67,226,357,45
2020,4,A,골목상권,2110404,신창초등학교,520,300,220,1,42,96,163,136,82,0,11,57,109,76,47,1,31,39,54,60,35
2020,4,A,골목상권,2110403,방학1동주민센터,316,167,149,1,44,56,63,78,74,1,30,37,36,36,27,0,14,19,27,42,47
2020,4,A,골목상권,2110402,도봉구 정병원,471,221,250,1,85,98,98,106,83,0,24,38,54,59,46,1,61,60,44,47,37
2020,4,A,골목상권,2110401,도봉구민회관,243,65,178,0,29,32,38,87,57,0,4,14,14,22,11,0,25,18,24,65,46
2020,4,A,골목상권,2110400,도봉구보건소,191,111,80,0,20,35,53,51,32,0,9,22,32,26,22,0,11,13,21,25,10
2020,4,A,골목상권,2110399,창2동주민센터,852,519,333,8,114,210,262,189,69,8,71,159,139,94,48,0,43,51,123,95,21
2020,4,A,골목상권,2110398,쌍문2동우체국,474,326,148,0,30,65,96,153,130,0,11,27,50,124,114,0,19,38,46,29,16
2020,4,A,골목상권,2110397,도봉산입구,469,257,212,0,31,56,101,131,150,0,6,34,39,73,105,0,25,22,62,58,45
2020,4,A,골목상권,2110396,쌍문역1번(쌍리단길),259,94,165,2,41,49,52,76,39,0,13,15,22,29,15,2,28,34,30,47,24
2020,4,A,골목상권,2110395,신한은행 방학동지점,163,42,121,0,17,20,44,42,40,0,0,2,11,9,20,0,17,18,33,33,20
2020,4,A,골목상권,2110394,방학중학교,193,116,77,0,15,32,46,48,52,0,8,18,23,29,38,0,7,14,23,19,14
2020,4,A,골목상권,2110393,국민은행방학지점,49,13,36,0,2,10,17,15,5,0,0,0,4,6,3,0,2,10,13,9,2
2020,4,A,골목상권,2110392,발바닥공원,43,17,26,0,2,8,7,10,16,0,0,0,3,3,11,0,2,8,4,7,5
2020,4,A,골목상권,2110391,샘말어린이공원,373,154,219,0,29,54,74,53,163,0,14,28,40,26,46,0,15,26,34,27,117
2020,4,A,골목상권,2110390,방학초등학교,225,105,120,0,18,60,66,58,23,0,7,33,27,27,11,0,11,27,39,31,12
2020,4,A,골목상권,2110389,한일병원,209,120,89,0,23,37,57,53,39,0,10,19,35,30,26,0,13,18,22,23,13
2020,4,A,골목상권,2110388,도봉우체국,35,23,12,0,4,3,10,14,4,0,2,2,7,8,4,0,2,1,3,6,0
2020,4,A,골목상권,2110387,쌍문초등학교,335,185,150,0,38,53,98,88,58,0,13,29,51,47,45,0,25,24,47,41,13
2020,4,A,골목상권,2110386,연산군묘,124,114,10,0,4,3,10,44,63,0,1,3,7,40,63,0,3,0,3,4,0
2020,4,A,골목상권,2110385,효문고등학교,37,22,15,0,3,9,12,4,9,0,2,5,3,4,8,0,1,4,9,0,1
2020,4,A,골목상권,2110384,문이교,248,138,110,0,37,20,50,81,60,0,12,8,21,51,46,0,25,12,29,30,14
2020,4,A,골목상권,2110383,덕성여대시반거리,33,21,12,0,0,3,13,10,7,0,0,2,9,5,5,0,0,1,4,5,2
2020,4,A,골목상권,2110382,솔밭공원역 1번,32,25,7,0,1,9,8,7,7,0,0,5,6,7,7,0,1,4,2,0,0
2020,4,A,골목상권,2110381,번동주공2단지,171,88,83,5,31,28,38,55,14,4,11,14,21,30,8,1,20,14,17,25,6
2020,4,A,골목상권,2110380,강북문화정보도서관,48,15,33,0,12,10,12,10,4,0,0,3,5,4,3,0,12,7,7,6,1
2020,4,A,골목상권,2110379,KT&G 북부지사,12,3,9,1,1,1,3,3,3,0,0,0,1,1,1,1,1,1,2,2,2
2020,4,A,골목상권,2110378,송중동주민센터,23,13,10,0,1,4,6,9,3,0,1,2,2,6,2,0,0,2,4,3,1
2020,4,A,골목상권,2110377,미아사거리역 3번,21,14,7,0,2,2,2,9,6,0,2,2,1,4,5,0,0,0,1,5,1
2020,4,A,골목상권,2110376,수송초등학교,224,142,82,0,26,47,62,60,29,0,12,29,38,41,22,0,14,18,24,19,7
2020,4,A,골목상권,2110375,서울북부고용노동지청,178,99,79,1,23,32,47,52,23,0,18,26,25,19,11,1,5,6,22,33,12
2020,4,A,골목상권,2110374,송중초등학교,491,272,219,5,33,60,145,140,108,5,9,29,73,70,86,0,24,31,72,70,22
2020,4,A,골목상권,2110373,수유역 2번,891,705,186,0,129,255,172,236,99,0,90,208,134,205,68,0,39,47,38,31,31
2020,4,A,골목상권,2110372,강북중학교,188,100,88,0,21,43,50,48,26,0,17,25,18,20,20,0,4,18,32,28,6
2020,4,A,골목상권,2110371,삼양입구사거리,49,23,26,0,2,7,10,19,11,0,0,3,5,10,5,0,2,4,5,9,6
2020,4,A,골목상권,2110370,도봉세무서,367,255,112,0,17,61,76,105,108,0,11,31,42,80,91,0,6,30,34,25,17
2020,4,A,골목상권,2110369,성신여대운정그린캠퍼스,518,214,304,1,49,46,131,131,160,1,10,16,44,53,90,0,39,30,87,78,70
2020,4,A,골목상권,2110368,송천초등학교,196,176,20,0,9,16,36,71,64,0,5,11,32,66,62,0,4,5,4,5,2
2020,4,A,골목상권,2110367,강북구청,1943,976,967,5,195,512,483,522,226,4,64,205,237,340,126,1,131,307,246,182,100
2020,4,A,골목상권,2110366,광산사거리,91,64,27,0,17,20,17,22,15,0,13,13,11,16,11,0,4,7,6,6,4
2020,4,A,골목상권,2110365,미아역 5번,341,83,258,0,17,21,44,63,196,0,5,12,15,17,34,0,12,9,29,46,162
2020,4,A,골목상권,2110364,미아역 8번,146,75,71,0,9,26,51,39,21,0,3,9,25,23,15,0,6,17,26,16,6
2020,4,A,골목상권,2110363,송천동주민센터,19,12,7,0,0,4,3,7,5,0,0,3,1,4,4,0,0,1,2,3,1
2020,4,A,골목상권,2110362,우이천 계성교,205,110,95,1,24,34,61,63,22,0,11,19,28,35,17,1,13,15,33,28,5
2020,4,A,골목상권,2110361,삼양사거리역 1번,101,29,72,0,9,12,19,28,33,0,2,4,3,7,13,0,7,8,16,21,20
2020,4,A,골목상권,2110360,수유초등학교,321,222,99,0,34,61,63,67,96,0,7,43,42,44,86,0,27,18,21,23,10
2020,4,A,골목상권,2110359,수유시장옆,117,67,50,0,12,25,33,36,11,0,3,12,16,29,7,0,9,13,17,7,4
2020,4,A,골목상권,2110358,인수동 우편취급국,558,300,258,0,18,35,68,214,223,0,2,18,24,94,162,0,16,17,44,120,61
2020,4,A,골목상권,2110357,가오리역 1번,725,611,114,0,25,36,171,340,153,0,4,18,146,310,133,0,21,18,25,30,20
2020,4,A,골목상권,2110356,덕수교,228,114,114,0,13,34,55,60,66,0,4,17,22,30,41,0,9,17,33,30,25
2020,4,A,골목상권,2110355,삼양사거리역 2번,306,254,52,0,8,26,44,103,125,0,1,10,31,94,118,0,7,16,13,9,7
2020,4,A,골목상권,2110354,삼각산119안전센터,22,5,17,0,2,3,10,5,2,0,0,0,2,1,2,0,2,3,8,4,0
2020,4,A,골목상권,2110353,수유동우체국,187,91,96,0,4,18,48,60,57,0,1,12,33,27,18,0,3,6,15,33,39
2020,4,A,골목상권,2110352,수유1동주민센터,305,121,184,0,28,55,103,86,33,0,11,24,37,32,17,0,17,31,66,54,16
2020,4,A,골목상권,2110351,수유북부시장옆,214,93,121,0,27,45,51,59,32,0,9,17,20,25,22,0,18,28,31,34,10
2020,4,A,골목상권,2110350,가오리역 2번,148,77,71,0,11,27,37,49,24,0,5,11,18,26,17,0,6,16,19,23,7
2020,4,A,골목상권,2110349,화계역 2번,83,67,16,0,6,4,21,33,19,0,5,3,12,28,19,0,1,1,9,5,0
2020,4,A,골목상권,2110348,강북문화예술회관,343,174,169,0,27,59,108,96,53,0,4,31,63,43,33,0,23,28,45,53,20
2020,4,A,골목상권,2110347,구세군강북종합사회복지관,38,17,21,0,10,7,5,9,7,0,1,5,1,5,5,0,9,2,4,4,2
2020,4,A,골목상권,2110346,4.19민주묘지역 2번,96,48,48,0,12,13,19,19,33,0,3,7,8,7,23,0,9,6,11,12,10
2020,4,A,골목상권,2110345,솔밭공원역 2번,117,48,69,1,14,20,26,38,18,0,3,6,8,18,13,1,11,14,18,20,5
2020,4,A,골목상권,2110344,화계중학교,12,10,2,0,7,1,1,2,1,0,5,1,1,2,1,0,2,0,0,0,0
2020,4,A,골목상권,2110343,무너미어린이공원,100,74,26,0,7,21,28,32,12,0,4,14,22,25,9,0,3,7,6,7,3
2020,4,A,골목상권,2110342,국립재활원,59,44,15,0,5,11,20,15,8,0,3,8,14,13,6,0,2,3,6,2,2
2020,4,A,골목상권,2110341,북한산우이역 2번,492,408,84,0,15,25,80,255,117,0,4,10,52,235,107,0,11,15,28,20,10
2020,4,A,골목상권,2110340,인수중학교,176,99,77,0,24,55,50,29,18,0,8,43,31,7,10,0,16,12,19,22,8
2020,4,A,골목상권,2110339,국립4.19민주묘지,26,10,16,0,2,4,8,7,5,0,0,3,5,0,2,0,2,1,3,7,3
2020,4,A,골목상권,2110338,인수초등학교,190,135,55,0,34,59,43,46,8,0,18,42,33,35,7,0,16,17,10,11,1
2020,4,A,골목상권,2110337,아카데미하우스,512,368,144,6,70,69,94,159,114,6,43,58,60,98,103,0,27,11,34,61,11
2020,4,A,골목상권,2110336,석관고등학교,94,84,10,0,3,17,16,37,21,0,3,15,13,34,19,0,0,2,3,3,2
2020,4,A,골목상권,2110335,석계역 7번,249,172,77,1,19,32,66,64,67,0,13,18,34,45,62,1,6,14,32,19,5
2020,4,A,골목상권,2110334,석관중앙교회,170,105,65,0,21,43,31,41,34,0,8,19,19,29,30,0,13,24,12,12,4
2020,4,A,골목상권,2110333,돌곶이역 5번,988,746,242,0,15,23,38,74,838,0,2,13,20,42,669,0,13,10,18,32,169
2020,4,A,골목상권,2110332,돌곶이역 3번,164,63,101,0,28,29,42,47,18,0,6,18,19,14,6,0,22,11,23,33,12
2020,4,A,골목상권,2110331,돌곶이역 8번,436,292,144,3,54,146,112,76,45,0,17,105,82,53,35,3,37,41,30,23,10
2020,4,A,골목상권,2110330,돌곶이역 1번,220,172,48,0,12,18,33,31,126,0,4,12,20,23,113,0,8,6,13,8,13
2020,4,A,골목상권,2110329,우리은행체육관,53,27,26,1,7,9,12,17,7,1,0,5,5,10,6,0,7,4,7,7,1
2020,4,A,골목상권,2110328,상월곡역 3번,250,157,93,1,41,81,66,39,22,1,26,58,33,24,15,0,15,23,33,15,7
2020,4,A,골목상권,2110327,상월곡역 2번,104,55,49,0,8,15,39,26,16,0,3,6,23,14,9,0,5,9,16,12,7
2020,4,A,골목상권,2110326,장위동성당,84,40,44,0,2,9,16,13,44,0,1,2,6,5,26,0,1,7,10,8,18
2020,4,A,골목상권,2110325,장곡초등학교,62,22,40,0,0,14,22,20,6,0,0,3,8,7,4,0,0,11,14,13,2
2020,4,A,골목상권,2110324,월곡역 4번,99,55,44,0,31,21,19,18,10,0,9,10,13,14,9,0,22,11,6,4,1
2020,4,A,골목상권,2110323,상월곡역 1번,109,30,79,2,25,24,28,18,12,0,4,5,11,5,5,2,21,19,17,13,7
2020,4,A,골목상권,2110322,장위1동주민센터,237,158,79,0,14,15,42,74,92,0,9,11,30,52,56,0,5,4,12,22,36
2020,4,A,골목상권,2110321,동덕여대,43,29,14,0,2,6,17,12,6,0,2,6,9,7,5,0,0,0,8,5,1
2020,4,A,골목상권,2110320,KB국민은행 종암동지점,72,44,28,0,2,11,24,21,14,0,1,5,12,14,12,0,1,6,12,7,2
2020,4,A,골목상권,2110319,종암동주민센터,277,111,166,1,45,49,65,62,55,0,8,19,24,32,28,1,37,30,41,30,27
2020,4,A,골목상권,2110318,KT월곡지사,148,78,70,0,21,29,45,36,17,0,10,19,22,14,13,0,11,10,23,22,4
2020,4,A,골목상권,2110317,종암중학교,412,207,205,0,33,120,153,86,20,0,14,47,78,59,9,0,19,73,75,27,11
2020,4,A,골목상권,2110316,숭곡초등학교,439,217,222,2,68,114,129,88,38,2,19,58,73,42,23,0,49,56,56,46,15
2020,4,A,골목상권,2110315,종암아이파크2차,124,78,46,0,11,17,41,38,17,0,4,9,27,25,13,0,7,8,14,13,4
2020,4,A,골목상권,2110314,종암경찰서,953,701,252,1,127,272,224,287,42,0,72,207,163,231,28,1,55,65,61,56,14
2020,4,A,골목상권,2110313,안암역 3번,2079,1351,728,2,209,555,672,477,164,0,96,312,446,356,141,2,113,243,226,121,23
2020,4,A,골목상권,2110312,안암역 2번,175,96,79,0,18,24,52,54,27,0,9,17,27,27,16,0,9,7,25,27,11
2020,4,A,골목상권,2110311,종암아이파크2차후문,49,21,28,0,3,5,24,7,10,0,2,2,6,4,7,0,1,3,18,3,3
2020,4,A,골목상권,2110310,길음역 10번,45,14,31,0,12,8,5,15,5,0,4,1,2,4,3,0,8,7,3,11,2
2020,4,A,골목상권,2110309,대광초등학교,354,252,102,0,37,57,103,96,61,0,18,39,69,75,51,0,19,18,34,21,10
2020,4,A,골목상권,2110308,길음역 8번,174,85,89,0,17,36,56,41,24,0,8,17,26,20,14,0,9,19,30,21,10
2020,4,A,골목상권,2110307,길음역 7번,158,71,87,0,29,32,52,27,18,0,7,17,23,12,12,0,22,15,29,15,6
2020,4,A,골목상권,2110306,미아초등학교,291,194,97,2,13,46,66,71,93,0,3,25,39,45,82,2,10,21,27,26,11
2020,4,A,골목상권,2110305,보문역 5번,883,661,222,3,165,255,173,133,154,1,99,199,129,103,130,2,66,56,44,30,24
2020,4,A,골목상권,2110304,보문역 4번,248,146,102,0,40,77,61,48,22,0,10,46,35,37,18,0,30,31,26,11,4
2020,4,A,골목상권,2110303,성신여대입구역 1번,138,97,41,1,7,35,44,27,24,0,2,22,28,25,20,1,5,13,16,2,4
2020,4,A,골목상권,2110302,보문역 8번,3818,3195,623,1,369,1436,715,829,468,1,257,1276,659,708,294,0,112,160,56,121,174
2020,4,A,골목상권,2110301,성신여대입구역 7번,484,209,275,1,73,84,96,134,96,0,31,37,39,62,40,1,42,47,57,72,56
2020,4,A,골목상권,2110300,삼선동주민센터,2735,1587,1148,3,248,710,769,844,161,2,97,300,444,629,115,1,151,410,325,215,46
2020,4,A,골목상권,2110299,정릉역 1번,372,241,131,1,33,49,83,95,111,0,9,12,40,74,106,1,24,37,43,21,5
2020,4,A,골목상권,2110298,솔숲어린이공원,77,28,49,0,18,11,24,12,12,0,3,5,7,5,8,0,15,6,17,7,4
2020,4,A,골목상권,2110297,경동고등학교,654,311,343,0,74,123,156,164,137,0,31,65,74,79,62,0,43,58,82,85,75
2020,4,A,골목상권,2110296,성신여대입구역 4번,77,39,38,1,7,12,30,11,16,1,3,7,15,8,5,0,4,5,15,3,11
2020,4,A,골목상권,2110295,정릉우체국,679,248,431,0,166,178,163,119,53,0,36,67,49,52,44,0,130,111,114,67,9
2020,4,A,골목상권,2110294,서경대학교,391,262,129,0,35,30,93,120,113,0,18,14,46,87,97,0,17,16,47,33,16
2020,4,A,골목상권,2110293,삼선중학교,1730,860,870,4,248,467,527,319,165,3,116,277,268,111,85,1,132,190,259,208,80
2020,4,A,골목상권,2110292,정릉역 2번,43,17,26,0,2,7,21,7,6,0,1,5,6,3,2,0,1,2,15,4,4
2020,4,A,골목상권,2110291,한성대입구역 3번,345,174,171,2,27,49,96,92,79,0,14,24,50,52,34,2,13,25,46,40,45
2020,4,A,골목상권,2110290,북한산보국문역 1번,96,78,18,0,2,9,29,37,19,0,1,8,23,30,16,0,1,1,6,7,3
2020,4,A,골목상권,2110289,북한산보국문역 2번,144,105,39,0,9,28,49,32,26,0,6,23,30,24,22,0,3,5,19,8,4
2020,4,A,골목상권,2110288,동구여중,216,139,77,1,19,49,52,55,40,0,9,22,35,40,33,1,10,27,17,15,7
2020,4,A,골목상권,2110287,정릉3동주민센터,70,50,20,0,9,12,18,19,12,0,5,8,15,12,10,0,4,4,3,7,2
2020,4,A,골목상권,2110286,한성대입구역 5번,978,468,510,17,187,284,317,122,51,8,70,126,143,83,38,9,117,158,174,39,13
2020,4,A,골목상권,2110285,홍대부중,814,559,255,9,219,220,210,100,56,6,118,172,163,69,31,3,101,48,47,31,25
2020,4,A,골목상권,2110284,정릉북한산국립공원입구,644,558,86,0,13,85,200,250,96,0,8,69,176,220,85,0,5,16,24,30,11
2020,4,A,골목상권,2110283,성북초등학교앞,203,78,125,0,16,33,56,80,18,0,8,10,23,27,10,0,8,23,33,53,8
2020,4,A,골목상권,2110282,국민대학교앞,1403,1162,241,15,213,430,341,239,165,14,151,387,296,212,102,1,62,43,45,27,63
2020,4,A,골목상권,2110281,길상사,13811,12087,1724,12,1418,3093,4057,4963,268,1,960,2426,3678,4822,200,11,458,667,379,141,68
2020,4,A,골목상권,2110280,북정마을,78,40,38,0,6,12,25,24,11,0,2,4,11,15,8,0,4,8,14,9,3
2020,4,A,골목상권,2110279,신내역 2번,9,8,1,0,0,1,4,4,0,0,0,1,3,4,0,0,0,0,1,0,0
2020,4,A,골목상권,2110278,망우본동주민센터,279,168,111,1,32,46,78,83,39,0,10,25,44,57,32,1,22,21,34,26,7
2020,4,A,골목상권,2110277,러스크서울병원,178,100,78,0,16,32,39,52,39,0,6,15,23,29,27,0,10,17,16,23,12
2020,4,A,골목상권,2110276,신내IC북측,39,25,14,0,1,6,11,12,9,0,0,5,6,9,5,0,1,1,5,3,4
2020,4,A,골목상권,2110275,하나은행 망우동지점,63,33,30,0,4,9,19,16,15,0,3,6,9,5,10,0,1,3,10,11,5
2020,4,A,골목상권,2110274,서일대학교,552,385,167,0,49,66,143,153,141,0,10,43,97,121,114,0,39,23,46,32,27
2020,4,A,골목상권,2110273,장스여성병원,610,446,164,7,31,37,75,209,251,0,4,8,37,168,229,7,27,29,38,41,22
2020,4,A,골목상권,2110272,신내1동주민센터,471,318,153,0,45,69,93,149,115,0,15,35,60,103,105,0,30,34,33,46,10
2020,4,A,골목상권,2110271,신내역 1번,97,74,23,0,8,17,25,29,18,0,5,14,18,23,14,0,3,3,7,6,4
2020,4,A,골목상권,2110270,혜원여고,168,148,20,0,4,5,7,70,82,0,4,3,6,59,76,0,0,2,1,11,6
2020,4,A,골목상권,2110269,용마문화복지센터,169,98,71,0,19,53,52,28,17,0,13,32,30,19,4,0,6,21,22,9,13
2020,4,A,골목상권,2110268,망우3동주민센터,60,30,30,0,10,13,10,18,9,0,1,5,7,10,7,0,9,8,3,8,2
2020,4,A,골목상권,2110267,망우역 2번,139,49,90,1,15,28,50,28,17,1,2,10,19,13,4,0,13,18,31,15,13
2020,4,A,골목상권,2110266,면목동우체국,225,182,43,0,10,31,38,79,67,0,1,19,30,69,63,0,9,12,8,10,4
2020,4,A,골목상권,2110265,망우역 1번,198,91,107,1,23,43,54,57,20,0,7,18,21,32,13,1,16,25,33,25,7
2020,4,A,골목상권,2110264,면목역 2번,358,170,188,1,52,75,93,80,57,0,21,40,40,37,32,1,31,35,53,43,25
2020,4,A,골목상권,2110263,면목역 1번,128,69,59,0,12,27,34,24,31,0,6,12,11,14,26,0,6,15,23,10,5
2020,4,A,골목상권,2110262,상봉역 3번,1532,879,653,2,221,447,543,268,51,0,119,337,282,107,34,2,102,110,261,161,17
2020,4,A,골목상권,2110261,사가정역 4번,167,90,77,1,16,29,49,50,22,1,8,15,25,26,15,0,8,14,24,24,7
2020,4,A,골목상권,2110260,면목역 3번,126,74,52,0,24,21,24,29,28,0,14,8,12,20,20,0,10,13,12,9,8
2020,4,A,골목상권,2110259,사가정역 1번,543,425,118,2,48,108,172,159,54,2,29,73,131,140,50,0,19,35,41,19,4
2020,4,A,골목상권,2110258,면동초등학교,260,99,161,0,32,49,79,66,34,0,1,20,28,34,16,0,31,29,51,32,18
2020,4,A,골목상권,2110257,상봉역 7번,397,330,67,0,17,18,50,133,179,0,6,11,34,118,161,0,11,7,16,15,18
2020,4,A,골목상권,2110256,면목2동체육관,477,321,156,2,56,66,82,140,131,1,21,35,45,109,110,1,35,31,37,31,21
2020,4,A,골목상권,2110255,상봉역 4번,327,208,119,0,39,52,78,92,66,0,20,24,46,62,56,0,19,28,32,30,10
2020,4,A,골목상권,2110254,오거리공원,257,89,168,1,19,75,79,51,32,0,6,15,35,21,12,1,13,60,44,30,20
2020,4,A,골목상권,2110253,중곡초등학교,181,106,75,0,31,31,44,49,26,0,10,17,23,35,21,0,21,14,21,14,5
2020,4,A,골목상권,2110252,장안제일시장,712,505,207,1,64,101,159,195,192,1,42,73,87,131,171,0,22,28,72,64,21
2020,4,A,골목상권,2110251,장안중학교,147,104,43,0,8,34,46,39,20,0,3,23,34,27,17,0,5,11,12,12,3
2020,4,A,골목상권,2110250,화랑대역 7번,111,69,42,0,7,20,32,34,18,0,5,12,15,23,14,0,2,8,17,11,4
2020,4,A,골목상권,2110249,중화역 1번,783,496,287,0,71,131,213,207,161,0,34,62,112,143,145,0,37,69,101,64,16
2020,4,A,골목상권,2110248,먹골파출소,85,47,38,1,19,23,20,12,10,0,7,14,12,4,10,1,12,9,8,8,0
2020,4,A,골목상권,2110247,먹골역 1번,377,175,202,0,53,79,123,78,44,0,21,30,55,38,31,0,32,49,68,40,13
2020,4,A,골목상권,2110246,월드순복음교회,431,312,119,0,27,97,158,95,54,0,12,69,122,65,44,0,15,28,36,30,10
2020,4,A,골목상권,2110245,KB국민은행 중화동지점,108,69,39,0,5,18,41,27,17,0,4,10,24,17,14,0,1,8,17,10,3
2020,4,A,골목상권,2110244,중화역 4번,250,175,75,1,8,26,49,44,122,1,4,11,32,30,97,0,4,15,17,14,25
2020,4,A,골목상권,2110243,중랑노인종합복지관,317,126,191,1,32,51,76,111,46,0,7,22,39,36,22,1,25,29,37,75,24
2020,4,A,골목상권,2110242,면목5동주민센터,164,112,52,0,21,28,56,30,29,0,12,23,31,22,24,0,9,5,25,8,5
2020,4,A,골목상권,2110241,먹골역 5번,415,213,202,0,61,87,97,117,53,0,17,49,46,63,38,0,44,38,51,54,15
2020,4,A,골목상권,2110240,태릉시장 특화거리,97,39,58,2,20,13,28,16,18,1,3,8,7,8,12,1,17,5,21,8,6
2020,4,A,골목상권,2110238,배꽃어린이공원,66,48,18,0,6,7,15,23,15,0,4,5,9,15,15,0,2,2,6,8,0
2020,4,A,골목상권,2110237,메가박스 상봉,274,152,122,0,30,67,97,54,26,0,13,37,48,36,18,0,17,30,49,18,8
2020,4,A,골목상권,2110236,신묵초등학교,1015,836,179,0,185,302,228,255,45,0,135,246,194,228,33,0,50,56,34,27,12
2020,4,A,골목상권,2110235,세화어린이공원,17,12,5,0,6,3,1,5,2,0,5,1,1,3,2,0,1,2,0,2,0
2020,4,A,골목상권,2110234,중랑역 4번,96,41,55,0,15,16,23,25,17,0,2,5,10,14,10,0,13,11,13,11,7
2020,4,A,골목상권,2110233,중랑역 1번,142,46,96,1,23,27,50,35,6,1,6,7,16,11,5,0,17,20,34,24,1
2020,4,A,골목상권,2110232,동대부고,579,413,166,0,41,71,119,175,173,0,14,38,80,134,147,0,27,33,39,41,26
2020,4,A,골목상권,2110231,장안교,11,8,3,0,0,1,4,5,1,0,0,1,3,4,0,0,0,0,1,1,1
2020,4,A,골목상권,2110230,장안현대홈타운1차아파트,161,101,60,0,15,32,52,45,17,0,6,22,33,28,12,0,9,10,19,17,5
2020,4,A,골목상권,2110229,장평중학교,1339,865,474,0,145,164,192,320,518,0,81,103,125,212,344,0,64,61,67,108,174
2020,4,A,골목상권,2110228,장안근린공원,1992,1184,808,40,1381,313,92,101,65,24,788,223,60,54,35,16,593,90,32,47,30
2020,4,A,골목상권,2110227,답십리공원,216,82,134,0,13,28,73,82,20,0,10,14,25,21,12,0,3,14,48,61,8
2020,4,A,골목상권,2110226,장안1동주민센터,1882,1005,877,2,147,247,333,512,641,2,87,148,213,253,302,0,60,99,120,259,339
2020,4,A,골목상권,2110225,촬영소사거리,330,204,126,0,22,36,68,83,121,0,9,25,42,55,73,0,13,11,26,28,48
2020,4,A,골목상권,2110224,외대앞역 2번,95,39,56,0,9,14,16,27,29,0,2,4,9,15,9,0,7,10,7,12,20
2020,4,A,골목상권,2110223,군자초등학교,94,56,38,0,13,17,26,24,14,0,4,10,17,15,10,0,9,7,9,9,4
2020,4,A,골목상권,2110222,회기역 2번,20,17,3,0,0,3,2,6,9,0,0,2,2,4,9,0,0,1,0,2,0
2020,4,A,골목상권,2110221,의릉,95,69,26,0,10,12,36,29,8,0,6,10,24,22,7,0,4,2,12,7,1
2020,4,A,골목상권,2110220,외대앞역 1번,190,109,81,0,28,36,54,46,26,0,7,17,33,34,18,0,21,19,21,12,8
2020,4,A,골목상권,2110219,삼육보건대학교,249,145,104,0,18,42,68,82,39,0,11,20,31,53,30,0,7,22,37,29,9
2020,4,A,골목상권,2110218,답십리사거리,158,83,75,0,14,25,45,60,14,0,5,12,22,33,11,0,9,13,23,27,3
2020,4,A,골목상권,2110217,자동차부품상가,503,388,115,1,33,105,143,123,98,1,24,88,115,83,77,0,9,17,28,40,21
2020,4,A,골목상권,2110216,전농중학교,208,68,140,1,32,48,62,50,15,1,11,14,18,18,6,0,21,34,44,32,9
2020,4,A,골목상권,2110215,회기역 1번,28,18,10,0,3,4,9,7,5,0,3,2,6,3,4,0,0,2,3,4,1
2020,4,A,골목상권,2110214,경희대후문,86,42,44,0,18,17,24,17,10,0,6,6,13,10,7,0,12,11,11,7,3
2020,4,A,골목상권,2110213,청량초등학교,124,81,43,0,19,57,17,15,16,0,7,41,13,7,13,0,12,16,4,8,3
2020,4,A,골목상권,2110212,답십리초등학교,204,144,60,0,26,37,42,67,32,0,18,26,27,50,23,0,8,11,15,17,9
2020,4,A,골목상권,2110211,전곡마을마당공원,626,445,181,1,66,101,170,194,94,0,45,73,129,143,55,1,21,28,41,51,39
2020,4,A,골목상권,2110210,서울시립대,341,253,88,1,9,19,24,34,254,1,4,12,10,21,205,0,5,7,14,13,49
2020,4,A,골목상권,2110209,답십리 장령당공원,81,51,30,0,3,11,28,19,20,0,1,5,16,15,14,0,2,6,12,4,6
2020,4,A,골목상권,2110208,시조사삼거리,75,56,19,0,2,14,7,17,35,0,1,7,2,11,35,0,1,7,5,6,0
2020,4,A,골목상권,2110207,시립대앞사거리,50,26,24,0,4,12,12,10,12,0,2,8,6,3,7,0,2,4,6,7,5
2020,4,A,골목상권,2110206,텃골근린공원,81,29,52,0,5,14,23,23,16,0,2,7,7,7,6,0,3,7,16,16,10
2020,4,A,골목상권,2110205,경희대삼거리,82,48,34,0,4,13,23,23,19,0,2,10,7,17,12,0,2,3,16,6,7
2020,4,A,골목상권,2110204,간데메공원,411,268,143,3,83,97,82,89,57,3,57,64,46,58,40,0,26,33,36,31,17
2020,4,A,골목상권,2110203,떡전교사거리,99,63,36,1,9,15,32,29,13,1,0,7,26,20,9,0,9,8,6,9,4
2020,4,A,골목상권,2110202,전농1동주민센터(전농시장),111,68,43,0,14,35,31,20,11,0,9,19,21,14,5,0,5,16,10,6,6
2020,4,A,골목상권,2110201,전농119안전센터,27,11,16,0,2,1,9,10,5,0,1,0,3,4,3,0,1,1,6,6,2
2020,4,A,골목상권,2110200,동대문경찰서,74,50,24,0,1,6,21,13,33,0,0,1,11,6,32,0,1,5,10,7,1
2020,4,A,골목상권,2110199,홍릉시장,65,41,24,0,11,15,18,14,7,0,8,8,10,9,6,0,3,7,8,5,1
2020,4,A,골목상권,2110198,동대문중앙새마을금고본점,67,26,41,0,1,0,18,37,11,0,0,0,8,10,8,0,1,0,10,27,3
2020,4,A,골목상권,2110197,세종대왕기념관교차로,67,46,21,0,8,19,26,9,5,0,4,15,19,7,1,0,4,4,7,2,4
2020,4,A,골목상권,2110196,홍릉근린공원,23,12,11,0,1,6,8,5,3,0,1,4,3,2,2,0,0,2,5,3,1
2020,4,A,골목상권,2110195,동대문구청,221,115,106,0,41,58,47,40,35,0,12,28,23,27,25,0,29,30,24,13,10
2020,4,A,골목상권,2110194,홍파초등학교,112,85,27,0,6,32,24,36,14,0,4,20,20,31,10,0,2,12,4,5,4
2020,4,A,골목상권,2110193,고려대역 4번,48,37,11,0,5,11,11,10,11,0,3,5,10,10,9,0,2,6,1,0,2
2020,4,A,골목상권,2110192,동의보감타워,70,45,25,0,7,10,25,16,12,0,2,6,17,10,10,0,5,4,8,6,2
2020,4,A,골목상권,2110191,고려대역 6번,48,41,7,0,1,12,14,9,12,0,1,10,11,8,11,0,0,2,3,1,1
2020,4,A,골목상권,2110190,고대앞사거리,195,92,103,0,22,34,34,45,60,0,4,18,22,19,29,0,18,16,12,26,31
2020,4,A,골목상권,2110189,제기동역 1번,1545,1089,456,1,233,490,343,170,308,0,98,349,286,137,219,1,135,141,57,33,89
2020,4,A,골목상권,2110188,용두동신동아아파트,807,607,200,8,104,178,229,191,97,2,68,150,181,132,74,6,36,28,48,59,23
2020,4,A,골목상권,2110187,제기동역 6번,3124,2222,902,15,559,867,746,552,385,7,387,605,531,394,298,8,172,262,215,158,87
2020,4,A,골목상권,2110186,종암초등학교,94,71,23,0,5,13,15,30,31,0,1,12,9,23,26,0,4,1,6,7,5
2020,4,A,골목상권,2110185,용두초등학교,122,77,45,0,13,22,31,32,24,0,5,13,18,22,19,0,8,9,13,10,5
2020,4,A,골목상권,2110184,용두사거리,423,215,208,0,81,138,75,77,52,0,39,51,34,51,40,0,42,87,41,26,12
2020,4,A,골목상권,2110183,한국의류시험연구원,833,441,392,3,237,305,147,75,66,1,87,160,79,58,56,2,150,145,68,17,10
2020,4,A,골목상권,2110182,용두희망어린이공원,370,249,121,0,38,71,108,87,66,0,20,47,67,64,51,0,18,24,41,23,15
2020,4,A,골목상권,2110181,신설동역 9번,1864,1212,652,12,209,232,286,440,685,12,150,162,188,282,418,0,59,70,98,158,267
2020,4,A,골목상권,2110180,광진정보도서관,5946,4025,1921,18,1620,2093,1180,672,363,5,885,1485,859,489,302,13,735,608,321,183,61
2020,4,A,골목상권,2110179,광나루역 1번,911,620,291,0,142,209,188,233,139,0,82,160,157,154,67,0,60,49,31,79,72
2020,4,A,골목상권,2110178,장로회신학대학교,194,123,71,0,25,44,42,56,27,0,15,34,21,38,15,0,10,10,21,18,12
2020,4,A,골목상권,2110177,동의초등학교,135,90,45,0,11,31,32,35,26,0,3,15,21,27,24,0,8,16,11,8,2
2020,4,A,골목상권,2110176,해오름공원,758,432,326,1,70,206,221,168,92,1,30,116,125,90,70,0,40,90,96,78,22
2020,4,A,골목상권,2110175,푸른동산공원,370,235,135,0,41,74,109,86,60,0,24,48,70,53,40,0,17,26,39,33,20
2020,4,A,골목상권,2110174,아차산역 1번,432,305,127,1,49,80,115,104,83,1,25,57,76,69,77,0,24,23,39,35,6
2020,4,A,골목상권,2110173,구남초등학교,195,106,89,0,34,50,46,44,21,0,16,28,21,25,16,0,18,22,25,19,5
2020,4,A,골목상권,2110172,광진초등학교,351,227,124,0,42,73,97,92,47,0,17,48,61,65,36,0,25,25,36,27,11
2020,4,A,골목상권,2110171,중곡4동주민센터,59,36,23,0,4,8,7,22,18,0,1,2,3,15,15,0,3,6,4,7,3
2020,4,A,골목상권,2110170,동대부여고,189,105,84,1,35,39,58,39,17,0,16,16,35,26,12,1,19,23,23,13,5
2020,4,A,골목상권,2110169,성동초등학교,221,112,109,1,25,30,68,59,38,0,12,12,32,32,24,1,13,18,36,27,14
2020,4,A,골목상권,2110168,대원고등학교,688,531,157,0,66,102,139,225,156,0,38,73,103,173,144,0,28,29,36,52,12
2020,4,A,골목상권,2110167,용마초등학교,376,220,156,2,22,56,99,109,88,0,9,20,52,62,77,2,13,36,47,47,11
2020,4,A,골목상권,2110166,구의1동주민센터,552,292,260,1,70,121,177,115,68,1,20,59,99,60,53,0,50,62,78,55,15
2020,4,A,골목상권,2110165,국립정신건강센터,287,204,83,0,19,46,81,77,64,0,9,33,51,61,50,0,10,13,30,16,14
2020,4,A,골목상권,2110164,아차산역 5번,731,494,237,3,111,126,143,164,184,0,61,77,101,112,143,3,50,49,42,52,41
2020,4,A,골목상권,2110163,성자초등학교,272,134,138,0,37,44,65,72,54,0,13,26,31,26,38,0,24,18,34,46,16
2020,4,A,골목상권,2110162,군자역 4번,613,365,248,0,127,162,131,110,83,0,98,118,75,42,32,0,29,44,56,68,51
2020,4,A,골목상권,2110161,중곡역 3번,236,135,101,3,11,33,58,65,66,0,2,16,37,40,40,3,9,17,21,25,26
2020,4,A,골목상권,2110160,광진경찰서,832,690,142,0,149,323,182,167,11,0,110,261,152,157,10,0,39,62,30,10,1
2020,4,A,골목상권,2110159,구의역 4번,663,391,272,1,125,115,158,132,132,1,58,62,85,87,98,0,67,53,73,45,34
2020,4,A,골목상권,2110158,중곡3동주민센터,715,518,197,1,113,210,184,138,69,0,73,168,123,104,50,1,40,42,61,34,19
2020,4,A,골목상권,2110157,자양동우체국,1097,891,206,10,352,279,244,141,71,7,300,237,180,106,61,3,52,42,64,35,10
2020,4,A,골목상권,2110156,군자역 5번,624,365,259,0,96,182,174,113,59,0,41,115,102,67,40,0,55,67,72,46,19
2020,4,A,골목상권,2110155,광진구청,8356,7701,655,0,240,853,2408,4046,809,0,172,765,2256,3748,760,0,68,88,152,298,49
2020,4,A,골목상권,2110154,광진정말공원,307,161,146,1,43,62,79,78,44,1,19,37,35,37,32,0,24,25,44,41,12
2020,4,A,골목상권,2110153,중곡1동주민센터,241,83,158,1,42,57,67,57,17,0,14,22,22,17,8,1,28,35,45,40,9
2020,4,A,골목상권,2110152,중곡어린이공원,338,300,38,0,17,29,64,119,109,0,10,21,55,109,105,0,7,8,9,10,4
2020,4,A,골목상권,2110151,자양한강도서관,249,175,74,4,35,52,63,66,29,3,24,37,49,41,21,1,11,15,14,25,8
2020,4,A,골목상권,2110150,중곡1동 마을마당,1179,698,481,1,197,352,252,217,160,1,83,194,161,132,127,0,114,158,91,85,33
2020,4,A,골목상권,2110149,세종대학교,122,72,50,0,15,21,31,23,32,0,8,13,19,7,25,0,7,8,12,16,7
2020,4,A,골목상권,2110148,어린이대공원역 3번,17,12,5,0,3,3,6,5,0,0,0,2,5,5,0,0,3,1,1,0,0
2020,4,A,골목상권,2110147,능동우편취급국,815,464,351,4,120,172,160,137,222,2,56,88,104,77,137,2,64,84,56,60,85
2020,4,A,골목상권,2110146,신자초등학교,735,531,204,0,50,79,208,276,122,0,25,44,156,209,97,0,25,35,52,67,25
2020,4,A,골목상권,2110145,장안초등학교,7,4,3,0,0,1,2,3,1,0,0,0,1,3,0,0,0,1,1,0,1
2020,4,A,골목상권,2110144,어린이대공원역 4번,47,23,24,0,5,4,13,16,9,0,1,1,7,8,6,0,4,3,6,8,3
2020,4,A,골목상권,2110143,뚝섬유원지역 1번,63,26,37,1,5,15,12,20,10,1,0,3,7,7,8,0,5,12,5,13,2
2020,4,A,골목상권,2110142,화양사거리,213,107,106,1,37,47,44,52,32,1,20,25,24,16,21,0,17,22,20,36,11
2020,4,A,골목상권,2110141,건대입구역 1번,213,138,75,1,23,49,67,48,25,1,11,27,51,32,16,0,12,22,16,16,9
2020,4,A,골목상권,2110140,건대입구역 6번,552,361,191,6,51,90,136,158,111,5,28,47,82,114,85,1,23,43,54,44,26
2020,4,A,골목상권,2110139,자양4동주민센터,204,116,88,0,13,28,53,51,59,0,3,14,32,25,42,0,10,14,21,26,17
2020,4,A,골목상권,2110138,송정체육공원,160,79,81,0,15,27,53,41,24,0,4,12,21,23,19,0,11,15,32,18,5
2020,4,A,골목상권,2110137,성수초등학교,6605,4295,2310,31,1016,1740,1836,1344,638,22,557,1152,1250,828,486,9,459,588,586,516,152
2020,4,A,골목상권,2110136,경수초등학교,4745,2743,2002,43,1169,1097,978,875,583,32,439,633,615,593,431,11,730,464,363,282,152
2020,4,A,골목상권,2110135,성동세무서,355,182,173,0,41,69,96,66,83,0,7,34,41,34,66,0,34,35,55,32,17
2020,4,A,골목상권,2110134,성수119안전센터,771,587,184,4,65,108,185,252,157,4,38,78,143,200,124,0,27,30,42,52,33
2020,4,A,골목상권,2110133,서울교통공사,122,93,29,0,19,25,33,21,24,0,12,18,29,17,17,0,7,7,4,4,7
2020,4,A,골목상권,2110132,성수2가3동주민센터,786,521,265,0,97,182,220,197,90,0,67,133,145,108,68,0,30,49,75,89,22
2020,4,A,골목상권,2110131,성수동카페거리,4798,3110,1688,15,902,1536,1123,699,523,9,460,993,777,497,374,6,442,543,346,202,149
2020,4,A,골목상권,2110130,답십리역 6번,105,89,16,0,20,24,38,15,8,0,17,20,35,10,7,0,3,4,3,5,1
2020,4,A,골목상권,2110129,성원어린이공원,664,421,243,1,65,126,138,185,149,0,35,74,91,111,110,1,30,52,47,74,39
2020,4,A,골목상권,2110128,성원중학교,1237,712,525,1,127,206,296,338,269,1,66,118,185,203,139,0,61,88,111,135,130
2020,4,A,골목상권,2110127,성수1가1동주민센터,290,157,133,0,31,55,56,100,48,0,11,40,31,47,28,0,20,15,25,53,20
2020,4,A,골목상권,2110126,서울숲역 1번,27,18,9,0,0,7,2,12,6,0,0,6,0,7,5,0,0,1,2,5,1
2020,4,A,골목상권,2110125,사근동살곶이상점가,135,83,52,2,25,39,35,21,13,2,13,21,24,13,10,0,12,18,11,8,3
2020,4,A,골목상권,2110124,뚝섬역교차로,1253,1006,247,7,170,155,222,312,387,6,94,111,169,268,358,1,76,44,53,44,29
2020,4,A,골목상권,2110123,마장역 3번,511,382,129,0,42,56,91,185,137,0,21,36,63,141,121,0,21,20,28,44,16
2020,4,A,골목상권,2110122,마장역 2번,464,271,193,1,60,88,117,113,85,1,32,59,68,61,50,0,28,29,49,52,35
2020,4,A,골목상권,2110121,한양대역 4번,45,30,15,0,3,10,8,11,13,0,2,5,5,7,11,0,1,5,3,4,2
2020,4,A,골목상권,2110120,서울숲카페거리,79,49,30,0,8,12,35,18,6,0,3,8,23,10,5,0,5,4,12,8,1
2020,4,A,골목상권,2110119,마장지하차도,127,89,38,0,17,26,32,26,26,0,12,22,19,18,18,0,5,4,13,8,8
2020,4,A,골목상권,2110118,왕십리역 9번,697,487,210,1,90,182,204,129,91,0,62,110,144,93,78,1,28,72,60,36,13
2020,4,A,골목상권,2110117,성동구보건소,103,73,30,1,14,27,19,33,9,1,10,20,11,25,6,0,4,7,8,8,3
2020,4,A,골목상권,2110116,청계천박물관,4884,3674,1210,30,342,780,1090,1772,870,26,217,571,881,1319,660,4,125,209,209,453,210
2020,4,A,골목상권,2110115,상왕십리역 3번,945,362,583,10,392,218,156,113,56,0,76,84,93,75,34,10,316,134,63,38,22
2020,4,A,골목상권,2110114,왕십리파출소,68,21,47,0,3,2,11,24,28,0,1,1,4,10,5,0,2,1,7,14,23
2020,4,A,골목상권,2110113,응봉산,77,43,34,0,14,15,14,16,18,0,4,11,7,6,15,0,10,4,7,10,3
2020,4,A,골목상권,2110112,행당역 2번,205,100,105,0,37,37,36,53,42,0,14,19,15,26,26,0,23,18,21,27,16
2020,4,A,골목상권,2110111,대현산장미원,51,40,11,0,6,7,6,17,15,0,6,4,4,13,13,0,0,3,2,4,2
2020,4,A,골목상권,2110110,상왕십리역 6번,93,55,38,1,12,22,24,18,16,1,7,12,13,10,12,0,5,10,11,8,4
2020,4,A,골목상권,2110109,금호삼성래미안아파트,92,39,53,0,7,10,12,42,21,0,2,6,3,15,13,0,5,4,9,27,8
2020,4,A,골목상권,2110108,성동구립금호도서관,6,1,5,0,0,1,4,1,0,0,0,0,0,1,0,0,0,1,4,0,0
2020,4,A,골목상권,2110107,금호사거리,37,30,7,0,4,8,4,11,10,0,3,5,4,9,9,0,1,3,0,2,1
2020,4,A,골목상권,2110105,금동어린이공원,43,20,23,0,1,9,12,12,9,0,0,3,3,8,6,0,1,6,9,4,3
2020,4,A,골목상권,2110104,신금호역 4번,275,189,86,0,27,47,51,66,84,0,11,28,34,46,70,0,16,19,17,20,14
2020,4,A,골목상권,2110103,옥수터널,13,11,2,1,0,2,2,6,2,0,0,2,2,5,2,1,0,0,0,1,0
2020,4,A,골목상권,2110102,옥수역 6번,3362,1140,2222,0,968,1050,724,422,198,0,202,328,319,197,94,0,766,722,405,225,104
2020,4,A,골목상권,2110101,옥정중학교,218,121,97,0,55,51,65,31,16,0,24,34,43,13,7,0,31,17,22,18,9
2020,4,A,골목상권,2110100,옥수동우편취급국,46,31,15,0,5,18,13,6,4,0,0,15,7,5,4,0,5,3,6,1,0
2020,4,A,골목상권,2110099,유엔빌리지길,12646,10311,2335,33,1746,2596,3298,4558,415,25,904,1899,2859,4264,360,8,842,697,439,294,55
2020,4,A,골목상권,2110098,서울독일학교,242,91,151,0,57,85,68,23,9,0,15,22,34,15,5,0,42,63,34,8,4
2020,4,A,골목상권,2110097,한남초등학교,3116,1920,1196,1,597,1644,757,90,27,0,278,975,575,71,21,1,319,669,182,19,6
2020,4,A,골목상권,2110096,한남힐사이드아파트,4186,2661,1525,5,1055,1176,900,902,148,3,457,705,613,757,126,2,598,471,287,145,22
2020,4,A,골목상권,2110095,한강진역 3번,1186,801,385,16,160,326,321,298,65,8,61,235,227,226,44,8,99,91,94,72,21
2020,4,A,골목상권,2110094,오산중학교,26,12,14,0,0,1,4,13,8,0,0,0,2,6,4,0,0,1,2,7,4
2020,4,A,골목상권,2110093,우사단길,2482,1548,934,2,325,1015,734,327,79,1,101,529,548,305,64,1,224,486,186,22,15
2020,4,A,골목상권,2110092,NH농협은행 보광동지점,514,208,306,0,94,123,111,107,79,0,14,58,40,45,51,0,80,65,71,62,28
2020,4,A,골목상권,2110091,리움미술관,1106,810,296,0,216,345,343,155,47,0,117,236,293,128,36,0,99,109,50,27,11
2020,4,A,골목상권,2110090,한국폴리텍대학서울정수캠퍼스,3968,2447,1521,1,446,1358,1632,500,31,1,173,548,1231,467,27,0,273,810,401,33,4
2020,4,A,골목상권,2110089,서빙고동주민센터,752,503,249,1,94,230,220,107,100,0,33,136,159,88,87,1,61,94,61,19,13
2020,4,A,골목상권,2110088,오산고등학교,1696,1140,556,16,439,504,454,203,80,7,263,350,312,150,58,9,176,154,142,53,22
2020,4,A,골목상권,2110087,이태원엔틱가구거리,463,213,250,0,185,174,58,31,15,0,54,89,43,17,10,0,131,85,15,14,5
2020,4,A,골목상권,2110086,이태원역 북측,9251,3612,5639,12,3187,3893,1655,431,73,3,733,1559,905,357,55,9,2454,2334,750,74,18
2020,4,A,골목상권,2110085,경리단길남측,532,260,272,4,98,163,148,67,52,2,40,59,78,41,40,2,58,104,70,26,12
2020,4,A,골목상권,2110084,경리단길북측,315,168,147,0,47,85,84,57,42,0,23,36,39,36,34,0,24,49,45,21,8
2020,4,A,골목상권,2110083,서빙고역 1번,149,109,40,0,26,53,42,14,14,0,13,42,29,12,13,0,13,11,13,2,1
2020,4,A,골목상권,2110082,용산구청,1571,779,792,2,165,447,417,439,101,2,45,147,200,302,83,0,120,300,217,137,18
2020,4,A,골목상권,2110081,해방촌 남동측,291,170,121,0,46,68,58,64,55,0,14,37,30,41,48,0,32,31,28,23,7
2020,4,A,골목상권,2110080,해방촌예술마을,277,160,117,0,44,58,84,54,37,0,16,38,52,30,24,0,28,20,32,24,13
2020,4,A,골목상권,2110079,후암동주민센터,1084,584,500,4,223,262,267,196,132,3,73,156,156,105,91,1,150,106,111,91,41
2020,4,A,골목상권,2110078,이촌동점보아파트,69,29,40,0,12,15,17,13,12,0,3,8,7,5,6,0,9,7,10,8,6
2020,4,A,골목상권,2110077,삼광초등학교,385,317,68,0,37,86,148,98,16,0,21,66,130,88,12,0,16,20,18,10,4
2020,4,A,골목상권,2110076,삼각지역 14번,537,175,362,0,46,143,158,153,37,0,11,49,61,45,9,0,35,94,97,108,28
2020,4,A,골목상권,2110075,숙대입구역 1번,1630,736,894,9,270,506,417,289,139,5,69,188,182,181,111,4,201,318,235,108,28
2020,4,A,골목상권,2110074,서울역 12번,8149,1751,6398,152,5985,1340,330,181,161,9,598,652,233,134,125,143,5387,688,97,47,36
2020,4,A,골목상권,2110073,삼각지역 3번,7916,2353,5563,56,2498,2872,1896,491,103,25,856,912,415,109,36,31,1642,1960,1481,382,67
2020,4,A,골목상권,2110072,열정도,374,244,130,6,108,96,78,51,35,0,51,71,62,37,23,6,57,25,16,14,12
2020,4,A,골목상권,2110071,한강미주맨션아파트,281,182,99,0,36,68,68,55,54,0,20,44,40,41,37,0,16,24,28,14,17
2020,4,A,골목상권,2110070,용산세무서,184,130,54,0,21,54,55,24,30,0,8,37,41,18,26,0,13,17,14,6,4
2020,4,A,골목상권,2110069,숙대입구,829,295,534,3,200,295,168,86,77,3,34,90,82,40,46,0,166,205,86,46,31
2020,4,A,골목상권,2110068,남영역 1번,1039,595,444,8,154,224,240,224,189,6,59,124,144,138,124,2,95,100,96,86,65
2020,4,A,골목상권,2110067,배문고등학교,1574,907,667,1,219,377,391,329,257,0,85,177,202,230,213,1,134,200,189,99,44
2020,4,A,골목상권,2110066,서울역 15번,748,467,281,6,152,227,156,125,82,3,81,151,104,66,62,3,71,76,52,59,20
2020,4,A,골목상권,2110065,남정초등학교,137,92,45,0,17,45,48,17,10,0,9,37,31,10,5,0,8,8,17,7,5
2020,4,A,골목상권,2110064,효창공원앞역 2번,925,527,398,2,126,275,263,160,99,1,49,160,162,88,67,1,77,115,101,72,32
2020,4,A,골목상권,2110063,효창공원앞역 5번,530,347,183,8,47,104,139,132,100,6,25,71,93,87,65,2,22,33,46,45,35
2020,4,A,골목상권,2110062,한강로동땡땡거리(은행나무길),5667,3458,2209,9,735,1660,1587,1162,514,6,299,844,1074,890,345,3,436,816,513,272,169
2020,4,A,골목상권,2110061,효창동주민센터,473,301,172,1,61,90,150,113,58,1,38,52,96,67,47,0,23,38,54,46,11
2020,4,A,골목상권,2110060,효창공원앞역 6번,291,174,117,0,28,62,84,73,44,0,10,34,52,47,31,0,18,28,32,26,13
2020,4,A,골목상권,2110059,새남터성지,385,307,78,0,38,71,113,138,25,0,21,48,99,124,15,0,17,23,14,14,10
2020,4,A,골목상권,2110058,성심여자고등학교,947,659,288,10,141,228,254,194,120,3,71,162,181,141,101,7,70,66,73,53,19
2020,4,A,골목상권,2110057,황학코아루아파트,57,39,18,0,8,11,16,9,13,0,4,5,14,7,9,0,4,6,2,2,4
2020,4,A,골목상권,2110056,신당역 3번,506,288,218,0,60,129,115,112,90,0,29,63,68,70,58,0,31,66,47,42,32
2020,4,A,골목상권,2110055,황학동벼룩시장,29,19,10,0,1,4,6,11,7,0,1,3,5,6,4,0,0,1,1,5,3
2020,4,A,골목상권,2110054,청구역 3번,1537,849,688,3,259,378,315,336,246,1,90,204,220,211,123,2,169,174,95,125,123
2020,4,A,골목상권,2110053,청구역 1번,281,166,115,0,52,69,69,54,37,0,23,45,43,27,28,0,29,24,26,27,9
2020,4,A,골목상권,2110052,장충초등학교,484,281,203,0,43,100,132,130,79,0,16,63,75,82,45,0,27,37,57,48,34
2020,4,A,골목상권,2110051,한양공고앞 교차로,111,82,29,0,17,23,33,26,12,0,12,16,24,20,10,0,5,7,9,6,2
2020,4,A,골목상권,2110050,약수역 7번,309,230,79,0,34,81,76,76,42,0,21,59,60,57,33,0,13,22,16,19,9
2020,4,A,골목상권,2110049,장충단 고개,2303,1240,1063,4,566,582,448,431,272,2,174,314,281,257,212,2,392,268,167,174,60
2020,4,A,골목상권,2110048,장충동주민센터,5312,2706,2606,21,867,1339,1511,1367,207,5,338,768,756,707,132,16,529,571,755,660,75
2020,4,A,골목상권,2110047,다산성곽길,160,89,71,0,36,43,36,27,18,0,23,29,21,7,9,0,13,14,15,20,9
2020,4,A,골목상권,2110046,버티고개,106,76,30,0,6,23,41,28,8,0,3,17,29,20,7,0,3,6,12,8,1
2020,4,A,골목상권,2110045,동대문역사문화공원역 5번,234,174,60,0,24,54,64,55,37,0,11,38,46,47,32,0,13,16,18,8,5
2020,4,A,골목상권,2110044,관성묘,405,300,105,0,50,135,145,51,24,0,24,90,125,44,17,0,26,45,20,7,7
2020,4,A,골목상권,2110043,충무초등학교,1202,670,532,12,212,307,331,223,117,7,97,155,169,152,90,5,115,152,162,71,27
2020,4,A,골목상권,2110042,남산골공원옆,994,621,373,3,121,221,287,251,111,0,43,127,198,179,74,3,78,94,89,72,37
2020,4,A,골목상권,2110041,남산케이블카,967,435,532,2,118,152,175,254,266,2,51,69,83,87,143,0,67,83,92,167,123
2020,4,A,골목상권,2110040,중구회현체육센터(정화예술대남산캠퍼스),165,78,87,0,33,30,40,37,25,0,14,15,17,13,19,0,19,15,23,24,6
2020,4,A,골목상권,2110039,회현역 1번,49,26,23,0,2,8,12,14,13,0,0,4,9,8,5,0,2,4,3,6,8
2020,4,A,골목상권,2110038,경향신문사,2636,1651,985,0,377,783,808,593,75,0,119,436,540,491,65,0,258,347,268,102,10
2020,4,A,골목상권,2110037,신설동역 12번,208,124,84,0,16,46,51,61,34,0,6,20,32,41,25,0,10,26,19,20,9
2020,4,A,골목상권,2110036,동묘앞역 3번,65,42,23,0,3,7,20,15,20,0,1,3,10,13,15,0,2,4,10,2,5
2020,4,A,골목상권,2110035,동묘앞역 2번,276,161,115,2,18,43,75,88,50,0,5,18,42,65,31,2,13,25,33,23,19
2020,4,A,골목상권,2110034,창신1동주민센터,41,35,6,0,2,1,14,13,11,0,2,1,10,11,11,0,0,0,4,2,0
2020,4,A,골목상권,2110033,창신역 4번,166,89,77,0,26,42,35,40,23,0,6,22,17,25,19,0,20,20,18,15,4
2020,4,A,골목상권,2110032,수족관거리,31,16,15,0,3,6,4,13,5,0,2,2,2,7,3,0,1,4,2,6,2
2020,4,A,골목상권,2110031,창신역 1번,44,31,13,0,7,14,5,11,7,0,4,8,4,8,7,0,3,6,1,3,0
2020,4,A,골목상권,2110030,동대문역 3번,10,5,5,0,2,2,2,3,1,0,0,2,1,1,1,0,2,0,1,2,0
2020,4,A,골목상권,2110029,동대문역 1번,235,61,174,0,11,31,57,79,57,0,1,7,19,20,14,0,10,24,38,59,43
2020,4,A,골목상권,2110028,이화달팽이길,704,279,425,1,177,179,137,123,87,0,56,60,56,65,42,1,121,119,81,58,45
2020,4,A,골목상권,2110027,혜화역 1번,617,366,251,1,73,116,131,98,198,0,28,74,65,54,145,1,45,42,66,44,53
2020,4,A,골목상권,2110026,종로5가역 4번,190,120,70,0,22,41,73,27,27,0,9,28,47,14,22,0,13,13,26,13,5
2020,4,A,골목상권,2110025,충신시장옆,213,129,84,2,17,46,63,56,29,0,6,23,43,33,24,2,11,23,20,23,5
2020,4,A,골목상권,2110024,혜회동주민센터,928,263,665,0,135,264,294,184,51,0,17,64,90,55,37,0,118,200,204,129,14
2020,4,A,골목상권,2110023,서울대병원,186,55,131,0,18,37,42,47,42,0,5,12,14,10,14,0,13,25,28,37,28
2020,4,A,골목상권,2110022,경신고등학교,537,396,141,11,142,162,128,59,35,10,100,123,94,43,26,1,42,39,34,16,9
2020,4,A,골목상권,2110021,성균관대학교,387,297,90,2,15,39,109,145,77,2,7,26,88,125,49,0,8,13,21,20,28
2020,4,A,골목상권,2110020,서울국제고등학교,639,315,324,1,145,288,122,57,26,1,44,146,75,32,17,0,101,142,47,25,9
2020,4,A,골목상권,2110019,창덕궁,325,215,110,0,47,91,82,71,34,0,21,65,53,49,27,0,26,26,29,22,7
2020,4,A,골목상권,2110018,중앙고등학교,888,439,449,1,97,177,220,178,215,0,30,60,106,90,153,1,67,117,114,88,62
2020,4,A,골목상권,2110017,정독도서관,650,322,328,0,133,273,152,58,34,0,26,130,93,43,30,0,107,143,59,15,4
2020,4,A,골목상권,2110016,평창동동측,7589,3104,4485,10,716,2233,2858,1504,268,4,279,1021,1416,284,100,6,437,1212,1442,1220,168
2020,4,A,골목상권,2110015,청와대사랑채,578,345,233,0,64,147,166,126,75,0,16,63,110,91,65,0,48,84,56,35,10
2020,4,A,골목상권,2110014,경복고등학교,194,82,112,0,28,54,40,44,28,0,4,14,21,24,19,0,24,40,19,20,9
2020,4,A,골목상권,2110013,체부동홍종문가옥,119,70,49,0,5,26,31,25,32,0,2,11,18,13,26,0,3,15,13,12,6
2020,4,A,골목상권,2110012,성곡미술관,1061,503,558,0,262,337,262,118,82,0,72,159,150,73,49,0,190,178,112,45,33
2020,4,A,골목상권,2110011,청운초등학교,263,188,75,0,21,105,79,43,15,0,21,95,44,16,12,0,0,10,35,27,3
2020,4,A,골목상권,2110010,평창동서측,6687,3622,3065,12,676,1736,2550,1464,249,0,276,655,1387,1128,176,12,400,1081,1163,336,73
2020,4,A,골목상권,2110009,자하문터널,950,463,487,0,211,332,229,125,53,0,92,164,106,65,36,0,119,168,123,60,17
2020,4,A,골목상권,2110008,배화여자대학교(박노수미술관),552,379,173,1,52,82,133,180,104,0,16,46,102,135,80,1,36,36,31,45,24
2020,4,A,골목상권,2110007,사직공원(한국사회과학도서관),283,185,98,2,58,88,63,41,31,2,30,62,44,27,20,0,28,26,19,14,11
2020,4,A,골목상권,2110006,부암동주민센터,27,16,11,0,2,7,7,5,6,0,2,5,2,3,4,0,0,2,5,2,2
2020,4,A,골목상권,2110005,세검정,1006,510,496,3,125,296,290,195,97,0,36,137,157,121,59,3,89,159,133,74,38
2020,4,A,골목상권,2110004,대신고등학교,32,14,18,0,3,4,8,14,3,0,1,0,3,8,2,0,2,4,5,6,1
2020,4,A,골목상권,2110003,세검정초등학교,485,315,170,6,53,84,150,126,66,6,32,38,100,89,50,0,21,46,50,37,16
2020,4,A,골목상권,2110002,독립문역 1번,475,121,354,1,146,140,118,44,26,1,25,25,41,14,15,0,121,115,77,30,11
2020,4,A,골목상권,2110001,이북5도청사,1066,638,428,4,133,292,240,262,135,0,51,173,162,172,80,4,82,119,78,90,55
2020,3,U,관광특구,1001496,강남 마이스 관광특구,15904,8904,7000,59,3513,6185,4248,1596,303,25,1160,3361,2887,1246,225,34,2353,2824,1361,350,78
2020,3,U,관광특구,1001495,잠실 관광특구,24375,14199,10176,120,4722,6565,5617,4514,2837,51,2484,4186,3496,2297,1685,69,2238,2379,2121,2217,1152
2020,3,U,관광특구,1001494,종로?청계 관광특구,32935,17150,15785,68,5357,9965,9483,6401,1661,15,2285,4911,4591,4158,1190,53,3072,5054,4892,2243,471
2020,3,U,관광특구,1001493,동대문패션타운 관광특구,6054,2958,3096,36,1434,1695,1160,1061,668,13,543,737,662,600,403,23,891,958,498,461,265
2020,3,U,관광특구,1001492,명동 남대문 북창동 다동 무교동 관광특구,104830,53674,51156,423,27134,34007,23384,15726,4156,137,8860,16080,15133,10824,2640,286,18274,17927,8251,4902,1516
2020,3,U,관광특구,1001491,이태원 관광특구,5839,3064,2775,28,1377,2065,1290,768,311,18,514,986,777,541,228,10,863,1079,513,227,83
2020,3,R,전통시장,2130326,고덕 골목형상점가,935,850,85,0,8,37,165,395,330,0,4,31,147,360,308,0,4,6,18,35,22
2020,3,R,전통시장,2130325,명일전통시장,89,30,59,0,8,10,13,28,30,0,3,6,5,8,8,0,5,4,8,20,22
2020,3,R,전통시장,2130324,길동복조리시장,154,85,69,3,27,32,47,40,5,2,13,18,31,19,2,1,14,14,16,21,3
2020,3,R,전통시장,2130323,둔촌역전통시장,171,86,85,0,3,14,23,36,95,0,2,6,8,14,56,0,1,8,15,22,39
2020,3,R,전통시장,2130322,고분다리전통시장,8,5,3,0,0,1,2,4,1,0,0,1,1,2,1,0,0,0,1,2,0
2020,3,R,전통시장,2130321,장신구 특화거리 상점가,433,269,164,0,92,114,88,92,47,0,43,72,56,61,37,0,49,42,32,31,10
2020,3,R,전통시장,2130320,암사종합시장,173,97,76,1,16,29,50,31,46,1,5,12,31,19,29,0,11,17,19,12,17
2020,3,R,전통시장,2130319,성내전통시장,34,21,13,0,3,5,9,10,7,0,3,2,5,7,4,0,0,3,4,3,3
2020,3,R,전통시장,2130318,로데오거리상점가,266,132,134,0,31,43,49,55,88,0,9,12,19,26,66,0,22,31,30,29,22
2020,3,R,전통시장,2130317,마천중앙시장,107,77,30,0,15,35,24,17,16,0,11,24,12,14,16,0,4,11,12,3,0
2020,3,R,전통시장,2130316,마천시장,18,9,9,0,3,3,2,10,0,0,2,2,2,3,0,0,1,1,0,7,0
2020,3,R,전통시장,2130315,문정동 로데오거리 상점가(문정동 로데오거리),1372,808,564,6,313,289,260,251,253,3,118,168,164,145,210,3,195,121,96,106,43
2020,3,R,전통시장,2130314,풍납시장,202,99,103,1,24,42,50,60,25,1,15,27,22,18,16,0,9,15,28,42,9
2020,3,R,전통시장,2130313,방이시장,3469,1526,1943,5,449,529,612,1126,748,4,159,335,346,371,311,1,290,194,266,755,437
2020,3,R,전통시장,2130312,석촌시장,619,270,349,1,20,40,81,170,307,1,9,23,43,41,153,0,11,17,38,129,154
2020,3,R,전통시장,2130311,새마을시장,377,246,131,1,60,78,104,75,59,0,28,48,80,55,35,1,32,30,24,20,24
2020,3,R,전통시장,2130310,강남개포시장,298,173,125,0,29,56,71,82,60,0,8,23,42,56,44,0,21,33,29,26,16
2020,3,R,전통시장,2130308,청담삼익시장,48,30,18,0,5,11,13,7,12,0,3,6,8,4,9,0,2,5,5,3,3
2020,3,R,전통시장,2130307,도곡시장,57,25,32,0,3,7,15,13,19,0,1,4,4,6,10,0,2,3,11,7,9
2020,3,R,전통시장,2130306,강남언주로,235,151,84,2,48,48,63,45,29,2,27,34,47,23,18,0,21,14,16,22,11
2020,3,R,전통시장,2130305,논현종합시장,85,43,42,0,21,14,14,19,17,0,7,7,6,14,9,0,14,7,8,5,8
2020,3,R,전통시장,2130304,신사상가,138,79,59,1,12,22,32,42,29,0,3,8,11,32,25,1,9,14,21,10,4
2020,3,R,전통시장,2130303,영동전통시장,242,95,147,0,21,60,67,58,36,0,7,19,22,24,23,0,14,41,45,34,13
2020,3,R,전통시장,2130302,강남시장(강남구 강남시장),58,33,25,0,13,15,14,8,8,0,7,10,9,2,5,0,6,5,5,6,3
2020,3,R,전통시장,2130301,양재시장,35,22,13,0,2,10,9,7,7,0,1,7,6,3,5,0,1,3,3,4,2
2020,3,R,전통시장,2130299,엔터식스 강남점,1850,1551,299,18,189,270,602,601,170,5,97,197,542,558,152,13,92,73,60,43,18
2020,3,R,전통시장,2130298,강남터미널지하도상점가2구역,2,1,1,0,1,0,0,0,1,0,1,0,0,0,0,0,0,0,0,0,1
2020,3,R,전통시장,2130296,남부종합시장,85,63,22,0,2,8,25,35,15,0,1,8,16,24,14,0,1,0,9,11,1
2020,3,R,전통시장,2130295,인헌시장(원당종합시장),122,48,74,0,20,27,38,23,14,0,3,9,16,12,8,0,17,18,22,11,6
2020,3,R,전통시장,2130294,관악중부시장,102,40,62,1,5,10,22,39,25,0,2,3,7,16,12,1,3,7,15,23,13
2020,3,R,전통시장,2130293,봉천중앙시장,154,42,112,0,17,13,29,46,49,0,5,7,14,14,2,0,12,6,15,32,47
2020,3,R,전통시장,2130290,영림시장,417,183,234,0,74,101,107,92,43,0,14,49,43,44,33,0,60,52,64,48,10
2020,3,R,전통시장,2130289,봉일시장,36,20,16,1,1,2,5,14,13,0,0,1,5,3,11,1,1,1,0,11,2
2020,3,R,전통시장,2130288,신림현대종합상가,2,0,2,0,1,1,0,0,0,0,0,0,0,0,0,0,1,1,0,0,0
2020,3,R,전통시장,2130285,서원동상점가,615,316,299,4,28,56,85,160,282,1,17,38,45,60,155,3,11,18,40,100,127
2020,3,R,전통시장,2130284,관악종합시장(신원시장),17,10,7,0,0,1,3,10,3,0,0,1,1,6,2,0,0,0,2,4,1
2020,3,R,전통시장,2130283,신원시장,25,11,14,0,3,3,10,5,4,0,1,1,3,3,3,0,2,2,7,2,1
2020,3,R,전통시장,2130282,난곡 골목형상점가,20,8,12,0,4,2,10,4,0,0,2,1,4,1,0,0,2,1,6,3,0
2020,3,R,전통시장,2130281,우림시장,1,0,1,0,0,0,1,0,0,0,0,0,0,0,0,0,0,0,1,0,0
2020,3,R,전통시장,2130280,신림종합시장,8,7,1,0,0,0,0,2,6,0,0,0,0,1,6,0,0,0,0,1,0
2020,3,R,전통시장,2130279,관악신사시장,120,63,57,0,17,20,27,37,19,0,5,10,16,20,12,0,12,10,11,17,7
2020,3,R,전통시장,2130278,미성동 도깨비시장 골목형상점가,75,16,59,0,0,16,28,24,7,0,0,7,5,2,2,0,0,9,23,22,5
2020,3,R,전통시장,2130277,조원동 펭귄시장(신림중앙시장),98,56,42,1,15,26,31,19,6,1,8,18,16,9,4,0,7,8,15,10,2
2020,3,R,전통시장,2130276,신림중앙시장(조원동 펭귄시장),43,27,16,0,1,2,14,12,14,0,0,2,7,9,9,0,1,0,7,3,5
2020,3,R,전통시장,2130275,강남골목시장,168,124,44,0,17,40,46,35,30,0,15,33,30,24,22,0,2,7,16,11,8
2020,3,R,전통시장,2130274,사당1동먹자골목상점가(사당1동먹자골목),389,218,171,4,91,100,81,63,50,3,45,64,37,35,34,1,46,36,44,28,16
2020,3,R,전통시장,2130273,남성사계시장(남성시장),141,63,78,0,21,36,45,22,17,0,3,19,20,8,13,0,18,17,25,14,4
2020,3,R,전통시장,2130272,사당시장,45,20,25,0,4,6,10,11,14,0,0,1,4,6,9,0,4,5,6,5,5
2020,3,R,전통시장,2130271,남성역골목시장,467,268,199,1,36,33,39,47,311,1,12,20,22,16,197,0,24,13,17,31,114
2020,3,R,전통시장,2130270,흑석시장,4,3,1,0,2,0,0,2,0,0,1,0,0,2,0,0,1,0,0,0,0
2020,3,R,전통시장,2130268,상도전통시장,239,104,135,0,33,60,53,58,35,0,12,23,23,24,22,0,21,37,30,34,13
2020,3,R,전통시장,2130267,본동인정시장(기능상실),59,41,18,0,6,10,12,15,16,0,4,7,9,8,13,0,2,3,3,7,3
2020,3,R,전통시장,2130266,만양로상점가,129,75,54,0,6,37,51,21,14,0,1,23,33,14,4,0,5,14,18,7,10
2020,3,R,전통시장,2130265,노량진중앙시장,115,82,33,0,17,48,34,8,8,0,12,42,23,3,2,0,5,6,11,5,6
2020,3,R,전통시장,2130264,상도약수골목형상점가,65,35,30,1,14,8,15,20,7,0,4,3,9,12,7,1,10,5,6,8,0
2020,3,R,전통시장,2130263,신노량진시장(기능상실),11,3,8,0,0,3,3,5,0,0,0,0,1,2,0,0,0,3,2,3,0
2020,3,R,전통시장,2130262,상도도깨비 골목형상점가,18,8,10,0,1,0,12,2,3,0,0,0,6,0,2,0,1,0,6,2,1
2020,3,R,전통시장,2130261,성대전통시장(성대시장),211,104,107,0,15,47,61,61,27,0,4,26,33,23,18,0,11,21,28,38,9
2020,3,R,전통시장,2130260,신대방1동골목상권,70,31,39,0,8,22,15,15,10,0,0,7,7,10,7,0,8,15,8,5,3
2020,3,R,전통시장,2130259,대신시장,12,9,3,0,1,0,5,2,4,0,1,0,3,2,3,0,0,0,2,0,1
2020,3,R,전통시장,2130257,영등포시장기계공구상가,158,116,42,0,11,26,33,47,41,0,7,16,22,37,34,0,4,10,11,10,7
2020,3,R,전통시장,2130256,신동시장,2,2,0,0,0,0,0,1,1,0,0,0,0,1,1,0,0,0,0,0,0
2020,3,R,전통시장,2130255,영등포전통시장,45,29,16,0,1,7,5,10,22,0,1,5,3,4,16,0,0,2,2,6,6
2020,3,R,전통시장,2130253,영신상가(제일상가),9,7,2,0,2,3,0,2,2,0,2,3,0,1,1,0,0,0,0,1,1
2020,3,R,전통시장,2130250,삼구시장(로타리상가),1,0,1,0,0,0,0,1,0,0,0,0,0,0,0,0,0,0,0,1,0
2020,3,R,전통시장,2130249,동남상가,10,8,2,0,2,0,0,4,4,0,1,0,0,4,3,0,1,0,0,0,1
2020,3,R,전통시장,2130248,영등포역지하도상점가,12,5,7,0,0,2,4,3,3,0,0,0,2,0,3,0,0,2,2,3,0
2020,3,R,전통시장,2130247,우리시장,21,16,5,0,3,4,6,3,5,0,1,3,5,3,4,0,2,1,1,0,1
2020,3,R,전통시장,2130246,영등포청과시장(조광시장),237,126,111,0,24,33,47,77,56,0,9,11,28,39,39,0,15,22,19,38,17
2020,3,R,전통시장,2130245,영일시장,675,567,108,1,61,189,238,136,50,0,41,148,217,115,46,1,20,41,21,21,4
2020,3,R,전통시장,2130244,대림중앙시장,95,39,56,3,14,16,21,15,26,2,9,8,10,4,6,1,5,8,11,11,20
2020,3,R,전통시장,2130243,도림시장,6,4,2,0,0,1,4,0,1,0,0,1,3,0,0,0,0,0,1,0,1
2020,3,R,전통시장,2130242,대림중앙 골목형상점가,68,21,47,0,4,14,21,24,5,0,1,6,5,5,4,0,3,8,16,19,1
2020,3,R,전통시장,2130241,선유도역 골목형상점가,500,253,247,0,95,93,123,136,53,0,39,49,66,67,32,0,56,44,57,69,21
2020,3,R,전통시장,2130240,영등포유통상가,1183,753,430,0,95,232,273,252,331,0,52,127,178,168,228,0,43,105,95,84,103
2020,3,R,전통시장,2130238,은행나무시장,113,71,42,0,22,24,31,22,14,0,13,16,22,14,6,0,9,8,9,8,8
2020,3,R,전통시장,2130237,박미시장(기능상실),39,26,13,0,1,6,11,9,12,0,0,2,7,8,9,0,1,4,4,1,3
2020,3,R,전통시장,2130236,비단길현대시장(현대시장),139,42,97,0,13,23,49,40,14,0,4,3,12,17,6,0,9,20,37,23,8
2020,3,R,전통시장,2130235,대명여울빛거리시장(대명시장),298,80,218,0,39,52,77,82,48,0,11,14,25,19,11,0,28,38,52,63,37
2020,3,R,전통시장,2130234,푸른터시장(기능상실),3,2,1,0,0,1,0,2,0,0,0,1,0,1,0,0,0,0,0,1,0
2020,3,R,전통시장,2130233,남문시장,76,47,29,0,5,8,18,22,23,0,2,3,9,12,21,0,3,5,9,10,2
2020,3,R,전통시장,2130232,독산동 맛나는거리상점가(독산동 맛나는거리),33,24,9,0,3,12,5,10,3,0,2,9,4,6,3,0,1,3,1,4,0
2020,3,R,전통시장,2130231,독산동 우시장,611,476,135,2,31,74,126,196,182,0,16,55,97,145,163,2,15,19,29,51,19
2020,3,R,전통시장,2130229,남구로시장,249,139,110,1,16,53,61,62,56,0,7,30,31,32,39,1,9,23,30,30,17
2020,3,R,전통시장,2130228,구로시장,10,5,5,0,0,4,6,0,0,0,0,1,4,0,0,0,0,3,2,0,0
2020,3,R,전통시장,2130227,고척골목시장상점가(그라운드 고척),97,68,29,0,8,22,36,23,8,0,4,13,26,19,6,0,4,9,10,4,2
2020,3,R,전통시장,2130226,고척프라자,2,2,0,0,1,1,0,0,0,0,1,1,0,0,0,0,0,0,0,0,0
2020,3,R,전통시장,2130225,개봉중앙시장,147,59,88,0,15,21,39,44,28,0,3,4,19,22,11,0,12,17,20,22,17
2020,3,R,전통시장,2130224,개봉프라자(고척근린시장),5,4,1,0,0,0,1,2,2,0,0,0,1,1,2,0,0,0,0,1,0
2020,3,R,전통시장,2130223,고척근린시장,42,12,30,0,2,10,12,14,4,0,0,1,1,7,3,0,2,9,11,7,1
2020,3,R,전통시장,2130222,오류시장,132,21,111,0,10,26,46,43,7,0,5,1,4,5,6,0,5,25,42,38,1
2020,3,R,전통시장,2130221,"남부골목시장(남부화곡시장, 남부시장)",188,69,119,0,22,32,50,57,27,0,5,5,15,22,22,0,17,27,35,35,5
2020,3,R,전통시장,2130219,까치산시장,124,37,87,0,16,18,39,32,19,0,4,6,9,9,9,0,12,12,30,23,10
2020,3,R,전통시장,2130218,신월중앙시장,118,53,65,0,28,34,26,13,17,0,8,12,11,9,13,0,20,22,15,4,4
2020,3,R,전통시장,2130217,화곡본동시장,36,16,20,0,3,5,10,13,5,0,1,3,5,6,1,0,2,2,5,7,4
2020,3,R,전통시장,2130216,화곡중앙시장,75,32,43,0,4,11,21,22,17,0,2,2,9,8,11,0,2,9,12,14,6
2020,3,R,전통시장,2130215,대원종합시장,9,7,2,0,0,1,0,3,5,0,0,1,0,2,4,0,0,0,0,1,1
2020,3,R,전통시장,2130214,송화벽화시장(송화골목시장),119,44,75,2,23,18,25,33,18,0,6,7,9,13,9,2,17,11,16,20,9
2020,3,R,전통시장,2130213,방신전통시장,112,77,35,0,13,20,25,29,25,0,10,18,14,14,21,0,3,2,11,15,4
2020,3,R,전통시장,2130212,공항시장,8,6,2,0,1,0,3,2,2,0,1,0,3,0,2,0,0,0,0,2,0
2020,3,R,전통시장,2130211,신정2동 골목시장(오목교중앙시장),51,18,33,0,3,10,18,17,3,0,1,3,8,4,2,0,2,7,10,13,1
2020,3,R,전통시장,2130210,목2동시장,432,251,181,1,66,124,122,71,48,1,40,69,70,39,32,0,26,55,52,32,16
2020,3,R,전통시장,2130209,목사랑시장(목4동시장),111,61,50,0,7,15,23,42,24,0,2,13,10,20,16,0,5,2,13,22,8
2020,3,R,전통시장,2130208,목동깨비시장(목3동시장),148,67,81,0,13,20,55,37,23,0,7,6,18,19,17,0,6,14,37,18,6
2020,3,R,전통시장,2130207,신정1동 골목시장(신정제일시장),38,21,17,0,8,9,10,7,4,0,3,5,6,4,3,0,5,4,4,3,1
2020,3,R,전통시장,2130206,신정3동 골목시장,20,6,14,0,0,5,11,2,2,0,0,0,3,1,2,0,0,5,8,1,0
2020,3,R,전통시장,2130205,신곡종합시장(신월6동 골목시장),141,103,38,1,17,36,39,32,16,0,10,27,33,18,15,1,7,9,6,14,1
2020,3,R,전통시장,2130204,경창시장,100,50,50,0,5,12,27,27,29,0,2,5,12,16,15,0,3,7,15,11,14
2020,3,R,전통시장,2130203,서서울 골목형상점가,34,7,27,0,2,7,10,12,3,0,0,0,2,4,1,0,2,7,8,8,2
2020,3,R,전통시장,2130202,신영시장,40,13,27,0,3,4,13,16,4,0,2,0,3,6,2,0,1,4,10,10,2
2020,3,R,전통시장,2130201,월정로시장,27,17,10,0,2,8,10,7,0,0,0,7,6,4,0,0,2,1,4,3,0
2020,3,R,전통시장,2130200,"신월7동 골목시장(약수시장, 우성상가)",27,18,9,0,0,3,9,6,9,0,0,0,7,4,7,0,0,3,2,2,2
2020,3,R,전통시장,2130199,신월3동 골목시장,18,8,10,0,1,4,4,9,0,0,0,1,3,4,0,0,1,3,1,5,0
2020,3,R,전통시장,2130198,아현시장,203,45,158,1,51,84,52,10,5,0,8,5,26,4,2,1,43,79,26,6,3
2020,3,R,전통시장,2130197,마포시장,15,5,10,0,0,1,5,4,5,0,0,1,0,2,2,0,0,0,5,2,3
2020,3,R,전통시장,2130196,공덕시장,3948,2001,1947,52,1323,1296,891,287,99,28,467,646,599,181,80,24,856,650,292,106,19
2020,3,R,전통시장,2130195,도화동 상점가,1055,510,545,2,201,269,228,163,192,1,86,133,121,95,74,1,115,136,107,68,118
2020,3,R,전통시장,2130194,용강동 상점가,875,502,373,0,103,131,179,170,292,0,39,75,104,114,170,0,64,56,75,56,122
2020,3,R,전통시장,2130193,신수시장,34,19,15,0,4,7,12,5,6,0,1,5,5,4,4,0,3,2,7,1,2
2020,3,R,전통시장,2130192,동진시장,10,6,4,0,1,1,4,3,1,0,1,1,1,2,1,0,0,0,3,1,0
2020,3,R,전통시장,2130191,홍대 걷고싶은 거리,367,225,142,6,65,65,81,82,68,4,40,41,54,47,39,2,25,24,27,35,29
2020,3,R,전통시장,2130190,홍대소상공인상점가,150,77,73,1,55,35,30,18,11,0,18,22,18,10,9,1,37,13,12,8,2
2020,3,R,전통시장,2130189,서교시장,24,10,14,0,2,1,7,6,8,0,0,1,2,3,4,0,2,0,5,3,4
2020,3,R,전통시장,2130187,영진시장,29,14,15,0,4,5,11,7,2,0,2,2,6,2,2,0,2,3,5,5,0
2020,3,R,전통시장,2130186,망원시장,178,84,94,0,16,30,47,50,35,0,13,19,20,17,15,0,3,11,27,33,20
2020,3,R,전통시장,2130185,망원월드컵시장,190,123,67,1,26,69,53,25,16,1,14,43,35,16,14,0,12,26,18,9,2
2020,3,R,전통시장,2130184,마포농수산물시장,77,40,37,0,2,12,24,26,13,0,1,8,12,14,5,0,1,4,12,12,8
2020,3,R,전통시장,2130183,상암동상점가,816,607,209,1,89,204,283,187,52,0,49,150,227,143,38,1,40,54,56,44,14
2020,3,R,전통시장,2130182,영천시장,78,35,43,0,13,8,24,22,11,0,3,4,10,12,6,0,10,4,14,10,5
2020,3,R,전통시장,2130181,아현가구거리상점가,59,30,29,0,8,11,13,10,17,0,0,7,9,4,10,0,8,4,4,6,7
2020,3,R,전통시장,2130180,포방터시장,59,34,25,0,13,11,15,6,14,0,4,4,11,5,10,0,9,7,4,1,4
2020,3,R,전통시장,2130179,"이화여대 3,5,7길 상점가",147,65,82,3,34,15,41,31,23,1,12,3,14,17,18,2,22,12,27,14,5
2020,3,R,전통시장,2130178,이대 앞 스타트업 상점가,32,7,25,0,5,5,10,6,6,0,1,0,4,0,2,0,4,5,6,6,4
2020,3,R,전통시장,2130177,인왕시장(홍제골목형상점가),44,7,37,0,1,1,8,7,27,0,0,0,1,3,3,0,1,1,7,4,24
2020,3,R,전통시장,2130176,유진상가,38,23,15,0,20,16,1,1,0,0,9,13,1,0,0,0,11,3,0,1,0
2020,3,R,전통시장,2130175,신촌 상인회(신촌상점가),13,5,8,0,1,3,5,4,0,0,1,0,1,3,0,0,0,3,4,1,0
2020,3,R,전통시장,2130173,백련시장,5,3,2,0,0,1,0,2,2,0,0,1,0,0,2,0,0,0,0,2,0
2020,3,R,전통시장,2130172,모래내시장(서중시장),41,13,28,0,5,12,8,10,6,0,0,2,3,5,3,0,5,10,5,5,3
2020,3,R,전통시장,2130171,불광먹자골목 골목형상점가,155,54,101,0,18,31,24,37,45,0,4,9,11,16,14,0,14,22,13,21,31
2020,3,R,전통시장,2130170,제일시장,58,26,32,1,7,9,13,19,9,1,2,2,5,11,5,0,5,7,8,8,4
2020,3,R,전통시장,2130169,대조시장,67,31,36,0,5,11,21,23,7,0,1,3,11,11,5,0,4,8,10,12,2
2020,3,R,전통시장,2130168,연서시장,242,157,85,0,19,50,53,65,55,0,5,23,33,49,47,0,14,27,20,16,8
2020,3,R,전통시장,2130167,연신내상점가(연빛거리),636,239,397,1,144,143,157,120,71,1,31,52,57,53,45,0,113,91,100,67,26
2020,3,R,전통시장,2130166,응암시장(신응암시장),17,10,7,0,0,3,2,5,7,0,0,0,1,3,6,0,0,3,1,2,1
2020,3,R,전통시장,2130165,"대림골목시장(대림시장, 양지시장)",214,34,180,0,20,45,56,62,31,0,1,7,5,11,10,0,19,38,51,51,21
2020,3,R,전통시장,2130164,역촌중앙시장,9,3,6,0,0,1,2,2,4,0,0,0,1,1,1,0,0,1,1,1,3
2020,3,R,전통시장,2130163,응암오거리상점가,182,49,133,0,24,28,44,50,36,0,4,8,11,12,14,0,20,20,33,38,22
2020,3,R,전통시장,2130162,증산골목시장,7,3,4,0,0,2,2,1,2,0,0,0,0,1,2,0,0,2,2,0,0
2020,3,R,전통시장,2130161,증산종합시장,8,5,3,0,0,1,2,2,3,0,0,0,1,2,2,0,0,1,1,0,1
2020,3,R,전통시장,2130160,수일시장,7,2,5,0,0,2,1,2,2,0,0,0,0,1,1,0,0,2,1,1,1
2020,3,R,전통시장,2130159,공릉동 도깨비시장,101,47,54,0,12,22,24,26,17,0,4,8,9,15,11,0,8,14,15,11,6
2020,3,R,전통시장,2130157,상계중앙시장,74,40,34,0,14,19,14,17,10,0,8,15,7,7,3,0,6,4,7,10,7
2020,3,R,전통시장,2130155,시영B상가(중계 그린아파트 B 상가),12,8,4,0,1,5,3,3,0,0,0,5,2,1,0,0,1,0,1,2,0
2020,3,R,전통시장,2130153,창동역상점가,229,138,91,0,18,48,54,56,53,0,7,31,30,31,39,0,11,17,24,25,14
2020,3,R,전통시장,2130152,오!도봉거리 상점가,61,34,27,0,5,14,19,13,10,0,1,5,10,10,8,0,4,9,9,3,2
2020,3,R,전통시장,2130151,신도봉시장,5,5,0,0,1,0,2,2,0,0,1,0,2,2,0,0,0,0,0,0,0
2020,3,R,전통시장,2130150,창동골목시장,84,47,37,0,19,30,14,8,13,0,7,20,9,5,6,0,12,10,5,3,7
2020,3,R,전통시장,2130149,창동신창시장,104,40,64,0,2,21,32,29,20,0,0,7,14,8,11,0,2,14,18,21,9
2020,3,R,전통시장,2130148,방학동도깨비시장,60,33,27,0,6,9,16,18,11,0,4,3,8,14,4,0,2,6,8,4,7
2020,3,R,전통시장,2130147,쌍문역동측상점가,69,32,37,0,7,17,18,9,18,0,2,6,10,5,9,0,5,11,8,4,9
2020,3,R,전통시장,2130146,쌍문시장(쌍문역골목시장),263,124,139,0,29,33,54,80,67,0,10,12,28,32,42,0,19,21,26,48,25
2020,3,R,전통시장,2130145,쌍문역둘리상점가,244,202,42,0,39,44,77,62,22,0,28,35,65,56,18,0,11,9,12,6,4
2020,3,R,전통시장,2130144,백운시장,38,17,21,0,0,3,13,14,8,0,0,0,5,5,7,0,0,3,8,9,1
2020,3,R,전통시장,2130143,방천골목시장,65,36,29,0,11,7,19,24,4,0,6,5,9,13,3,0,5,2,10,11,1
2020,3,R,전통시장,2130142,강북북부시장,7,5,2,0,1,1,0,2,3,0,0,1,0,2,2,0,1,0,0,0,1
2020,3,R,전통시장,2130141,강북북부골목시장,43,20,23,0,16,4,11,6,6,0,3,2,6,6,3,0,13,2,5,0,3
2020,3,R,전통시장,2130140,숭인시장,62,27,35,0,9,13,10,15,15,0,0,4,1,9,13,0,9,9,9,6,2
2020,3,R,전통시장,2130139,강북종합전통시장(강북종합골목시장),166,114,52,0,16,45,61,28,16,0,11,33,42,19,9,0,5,12,19,9,7
2020,3,R,전통시장,2130138,수유프라자,142,24,118,1,31,24,16,42,28,0,1,4,5,4,10,1,30,20,11,38,18
2020,3,R,전통시장,2130137,"수유전통시장(수유시장, 수유골목시장)",89,31,58,0,5,10,19,26,29,0,0,3,8,8,12,0,5,7,11,18,17
2020,3,R,전통시장,2130136,수유재래시장,29,11,18,0,6,5,7,5,6,0,2,1,0,2,6,0,4,4,7,3,0
2020,3,R,전통시장,2130135,수유중앙골목시장(수유중앙시장),24,12,12,0,0,3,4,5,12,0,0,2,2,0,8,0,0,1,2,5,4
2020,3,R,전통시장,2130134,"솔샘시장(미아6,7동골목시장)",73,30,43,1,7,19,25,18,3,0,3,4,12,8,3,1,4,15,13,10,0
2020,3,R,전통시장,2130133,우이골목시장(우이시장),69,61,8,0,7,7,19,20,16,0,6,6,17,17,15,0,1,1,2,3,1
2020,3,R,전통시장,2130132,삼양골목시장(삼양시장),57,19,38,0,10,13,12,14,8,0,0,4,5,5,5,0,10,9,7,9,3
2020,3,R,전통시장,2130131,동북프라자,121,49,72,0,9,23,37,29,23,0,4,8,17,9,11,0,5,15,20,20,12
2020,3,R,전통시장,2130130,수유북부골목시장,20,14,6,0,1,1,7,5,6,0,0,0,6,3,5,0,1,1,1,2,1
2020,3,R,전통시장,2130129,장미원골목시장,911,571,340,0,15,14,38,89,755,0,1,4,12,40,514,0,14,10,26,49,241
2020,3,R,전통시장,2130128,돌곶이시장(석관황금시장),191,157,34,0,30,36,41,72,12,0,28,26,29,62,12,0,2,10,12,10,0
2020,3,R,전통시장,2130126,새석관시장,3,1,2,0,0,0,1,2,0,0,0,0,0,1,0,0,0,0,1,1,0
2020,3,R,전통시장,2130125,장위전통시장,40,20,20,0,5,6,7,8,14,0,0,2,5,5,8,0,5,4,2,3,6
2020,3,R,전통시장,2130123,꿈의숲 장곡 골목형상점가,6,5,1,0,1,0,1,4,0,0,1,0,1,3,0,0,0,0,0,1,0
2020,3,R,전통시장,2130122,밤나무골시장,17,5,12,0,2,4,6,4,1,0,1,1,2,1,0,0,1,3,4,3,1
2020,3,R,전통시장,2130121,길음시장,91,19,72,0,36,24,10,8,13,0,2,5,3,2,7,0,34,19,7,6,6
2020,3,R,전통시장,2130120,돈암시장(돈암제일시장),99,23,76,1,20,20,25,18,15,0,0,2,7,8,6,1,20,18,18,10,9
2020,3,R,전통시장,2130119,정릉아리랑시장,15,4,11,0,0,4,5,5,1,0,0,0,0,3,1,0,0,4,5,2,0
2020,3,R,전통시장,2130118,정릉골 골목형상점가,67,30,37,0,11,13,11,19,13,0,0,2,6,12,10,0,11,11,5,7,3
2020,3,R,전통시장,2130117,정릉시장,119,62,57,0,4,15,34,41,25,0,2,8,20,18,14,0,2,7,14,23,11
2020,3,R,전통시장,2130116,동성타워프라자,31,22,9,0,2,9,7,8,5,0,2,4,4,7,5,0,0,5,3,1,0
2020,3,R,전통시장,2130115,우림골목시장,307,106,201,2,80,61,68,64,32,0,29,11,30,20,16,2,51,50,38,44,16
2020,3,R,전통시장,2130114,유영시장,31,20,11,0,9,5,3,8,6,0,7,2,2,5,4,0,2,3,1,3,2
2020,3,R,전통시장,2130113,신아타운,148,27,121,1,31,31,28,39,18,1,4,9,3,4,6,0,27,22,25,35,12
2020,3,R,전통시장,2130112,사가정시장,86,28,58,0,13,17,24,19,13,0,0,3,6,8,11,0,13,14,18,11,2
2020,3,R,전통시장,2130111,"동원전통종합시장(동원시장, 동원전통시장 상점가)",224,109,115,0,24,37,49,82,32,0,11,17,21,38,22,0,13,20,28,44,10
2020,3,R,전통시장,2130110,면목골목시장(면목시장),103,59,44,0,1,8,32,38,24,0,1,5,19,18,16,0,0,3,13,20,8
2020,3,R,전통시장,2130109,묵1동도깨비시장,47,33,14,0,2,9,16,9,11,0,1,5,13,5,9,0,1,4,3,4,2
2020,3,R,전통시장,2130108,태능엔터피아(태릉시장),3,1,2,0,0,0,1,2,0,0,0,0,0,1,0,0,0,0,1,1,0
2020,3,R,전통시장,2130107,중랑동부시장(중랑교종합상가),13,3,10,0,0,1,4,5,3,0,0,0,0,1,2,0,0,1,4,4,1
2020,3,R,전통시장,2130106,중랑동부시장,166,56,110,1,20,40,34,39,32,0,1,8,7,21,19,1,19,32,27,18,13
2020,3,R,전통시장,2130105,장미제일시장(중화동제일시장),63,27,36,0,8,14,22,11,8,0,3,6,14,3,1,0,5,8,8,8,7
2020,3,R,전통시장,2130104,전곡시장,93,54,39,0,8,17,28,26,14,0,5,8,16,13,12,0,3,9,12,13,2
2020,3,R,전통시장,2130103,이경시장,16,8,8,0,0,1,2,2,11,0,0,1,1,1,5,0,0,0,1,1,6
2020,3,R,전통시장,2130101,답십리현대시장,8,5,3,0,0,1,3,2,2,0,0,1,1,2,1,0,0,0,2,0,1
2020,3,R,전통시장,2130100,답십리시장,93,40,53,2,19,25,23,11,13,2,4,9,11,6,8,0,15,16,12,5,5
2020,3,R,전통시장,2130099,전농로터리시장,7,3,4,0,1,0,2,3,1,0,0,0,1,1,1,0,1,0,1,2,0
2020,3,R,전통시장,2130098,회기시장,55,17,38,0,9,14,15,12,5,0,2,3,4,6,2,0,7,11,11,6,3
2020,3,R,전통시장,2130097,답십리 건축자재시장,315,202,113,1,17,46,46,44,161,0,8,37,25,23,109,1,9,9,21,21,52
2020,3,R,전통시장,2130096,동부시장,14,9,5,0,0,0,1,1,12,0,0,0,0,0,9,0,0,0,1,1,3
2020,3,R,전통시장,2130095,청량리전통시장,95,38,57,0,6,16,18,33,22,0,4,6,9,10,9,0,2,10,9,23,13
2020,3,R,전통시장,2130094,청량리청과물시장,54,24,30,0,7,13,17,7,10,0,0,4,10,2,8,0,7,9,7,5,2
2020,3,R,전통시장,2130093,동서시장,5,3,2,0,0,0,1,2,2,0,0,0,1,0,2,0,0,0,0,2,0
2020,3,R,전통시장,2130092,청량리농수산물시장,12,9,3,0,0,1,3,5,3,0,0,0,3,3,3,0,0,1,0,2,0
2020,3,R,전통시장,2130091,청량종합도매시장,36,27,9,0,1,3,11,14,7,0,0,3,8,10,6,0,1,0,3,4,1
2020,3,R,전통시장,2130090,청량리종합시장,19,13,6,0,1,4,3,5,6,0,1,2,3,3,4,0,0,2,0,2,2
2020,3,R,전통시장,2130089,청량리수산시장,42,33,9,0,4,7,16,6,9,0,3,7,12,4,7,0,1,0,4,2,2
2020,3,R,전통시장,2130088,경동시장,126,57,69,0,18,32,24,17,35,0,3,11,11,10,22,0,15,21,13,7,13
2020,3,R,전통시장,2130087,경동광성상가(경동시장),28,20,8,0,5,3,8,7,5,0,3,2,6,5,4,0,2,1,2,2,1
2020,3,R,전통시장,2130086,서울약령시장,1184,651,533,4,113,208,305,341,213,0,56,128,165,181,121,4,57,80,140,160,92
2020,3,R,전통시장,2130085,용두시장,4,2,2,0,0,0,1,2,1,0,0,0,0,1,1,0,0,0,1,1,0
2020,3,R,전통시장,2130084,신성시장(신성골목시장),21,6,15,0,3,5,8,4,1,0,0,1,2,2,1,0,3,4,6,2,0
2020,3,R,전통시장,2130083,"중곡제일시장(중곡제일골목시장, 광성시장)",111,68,43,0,15,21,29,24,22,0,7,14,20,10,17,0,8,7,9,14,5
2020,3,R,전통시장,2130082,면곡골목시장,20,11,9,0,4,0,1,9,6,0,4,0,0,3,4,0,0,0,1,6,2
2020,3,R,전통시장,2130081,자양골목전통시장(자양골목시장),54,36,18,0,7,17,14,9,7,0,5,12,9,6,4,0,2,5,5,3,3
2020,3,R,전통시장,2130080,자양종합시장(기능상실),14,10,4,0,0,1,6,6,1,0,0,1,4,4,1,0,0,0,2,2,0
2020,3,R,전통시장,2130079,한아름시장,40,29,11,0,5,6,6,10,13,0,4,4,5,6,10,0,1,2,1,4,3
2020,3,R,전통시장,2130078,화양제일골목시장,65,23,42,0,6,17,20,18,4,0,1,7,8,6,1,0,5,10,12,12,3
2020,3,R,전통시장,2130077,조양시장,31,19,12,0,11,7,8,5,0,0,6,5,4,4,0,0,5,2,4,1,0
2020,3,R,전통시장,2130076,능동로골목시장,88,67,21,0,2,11,14,16,45,0,1,4,13,10,39,0,1,7,1,6,6
2020,3,R,전통시장,2130075,노룬산시장(노룬산골목시장),23,13,10,0,4,5,10,2,2,0,3,3,6,0,1,0,1,2,4,2,1
2020,3,R,전통시장,2130074,영동교골목시장,21,15,6,0,6,9,2,3,1,0,3,9,0,2,1,0,3,0,2,1,0
2020,3,R,전통시장,2130073,뚝도시장,45,17,28,1,3,10,9,11,11,0,0,2,4,5,6,1,3,8,5,6,5
2020,3,R,전통시장,2130072,성동용답상가시장,132,71,61,0,21,19,35,39,18,0,9,9,16,26,11,0,12,10,19,13,7
2020,3,R,전통시장,2130071,성수역 골목형상점가,335,180,155,1,61,89,70,43,71,0,27,43,43,29,38,1,34,46,27,14,33
2020,3,R,전통시장,2130070,뚝섬역상점가,1016,697,319,6,178,259,217,222,134,4,105,179,143,157,109,2,73,80,74,65,25
2020,3,R,전통시장,2130069,"한양대앞상점가(한양시장, 왕십리맛골목)",32,19,13,0,6,6,4,8,8,0,4,4,0,5,6,0,2,2,4,3,2
2020,3,R,전통시장,2130068,마장축산물시장,975,630,345,1,102,202,250,248,172,1,68,127,155,165,114,0,34,75,95,83,58
2020,3,R,전통시장,2130067,왕십리도선동상점가,1670,335,1335,3,166,202,291,591,417,1,78,98,69,49,40,2,88,104,222,542,377
2020,3,R,전통시장,2130066,행당시장상점가,397,182,215,0,49,86,115,100,47,0,17,38,54,45,28,0,32,48,61,55,19
2020,3,R,전통시장,2130065,무학봉상점가,144,67,77,0,22,29,34,37,22,0,4,10,14,22,17,0,18,19,20,15,5
2020,3,R,전통시장,2130064,금남시장,36,13,23,0,6,7,8,4,11,0,1,0,5,2,5,0,5,7,3,2,6
2020,3,R,전통시장,2130063,신금호역 골목형상점가,30,21,9,0,2,4,5,9,10,0,1,3,4,7,6,0,1,1,1,2,4
2020,3,R,전통시장,2130062,보광시장,31,12,19,0,0,6,10,13,2,0,0,3,4,4,1,0,0,3,6,9,1
2020,3,R,전통시장,2130061,이태원시장,32,20,12,0,18,3,4,6,1,0,12,1,3,3,1,0,6,2,1,3,0
2020,3,R,전통시장,2130060,신흥시장,4,1,3,0,0,2,0,2,0,0,0,1,0,0,0,0,0,1,0,2,0
2020,3,R,전통시장,2130059,후암시장,64,40,24,0,6,12,16,11,19,0,4,5,10,7,14,0,2,7,6,4,5
2020,3,R,전통시장,2130058,이촌종합시장,109,78,31,0,13,19,25,26,26,0,7,12,15,21,23,0,6,7,10,5,3
2020,3,R,전통시장,2130057,만리시장,12,9,3,0,0,2,1,4,5,0,0,1,1,3,4,0,0,1,0,1,1
2020,3,R,전통시장,2130056,용산용문시장,65,34,31,0,7,15,18,10,15,0,4,6,7,6,11,0,3,9,11,4,4
2020,3,R,전통시장,2130055,"황학시장(서울중앙시장, 신중앙시장)",203,117,86,0,24,49,47,52,31,0,12,25,24,32,24,0,12,24,23,20,7
2020,3,R,전통시장,2130054,황학동주방가구거리상점가,374,266,108,0,25,80,116,106,47,0,18,60,77,74,37,0,7,20,39,32,10
2020,3,R,전통시장,2130053,백학시장,160,69,91,0,22,24,46,37,31,0,8,8,20,15,18,0,14,16,26,22,13
2020,3,R,전통시장,2130052,서울중앙시장(신중앙시장),479,342,137,0,106,156,101,61,55,0,80,110,57,45,50,0,26,46,44,16,5
2020,3,R,전통시장,2130051,동화동 골목형상점가,391,156,235,1,82,94,98,66,50,1,18,25,43,36,33,0,64,69,55,30,17
2020,3,R,전통시장,2130050,청평화시장,120,50,70,1,18,26,31,29,15,1,9,13,5,15,7,0,9,13,26,14,8
2020,3,R,전통시장,2130049,신당 미래유산 먹거리 골목형상점가,42,19,23,0,3,5,9,13,12,0,1,3,0,7,8,0,2,2,9,6,4
2020,3,R,전통시장,2130048,동평화시장,18,9,9,0,7,8,0,3,0,0,3,4,0,2,0,0,4,4,0,1,0
2020,3,R,전통시장,2130047,테크노상가(엘리시움),160,112,48,0,10,26,34,61,29,0,5,20,21,42,24,0,5,6,13,19,5
2020,3,R,전통시장,2130046,team204(팀204),20,13,7,0,1,3,4,2,10,0,0,2,3,1,7,0,1,1,1,1,3
2020,3,R,전통시장,2130045,광희패션몰,49,29,20,0,1,5,11,17,15,0,0,2,7,11,9,0,1,3,4,6,6
2020,3,R,전통시장,2130044,에리어식스(벨포스트),10,2,8,1,0,2,3,3,1,1,0,1,0,0,0,0,0,1,3,3,1
2020,3,R,전통시장,2130043,제일평화시장,43,27,16,0,6,14,13,8,2,0,1,9,9,6,2,0,5,5,4,2,0
2020,3,R,전통시장,2130042,약수시장,158,67,91,2,36,30,40,21,29,2,9,9,19,8,20,0,27,21,21,13,9
2020,3,R,전통시장,2130041,신평화패션타운(청계6가 지하도상가),28,21,7,0,1,5,9,8,5,0,0,4,9,5,3,0,1,1,0,3,2
2020,3,R,전통시장,2130040,남평화시장,5,3,2,0,0,4,0,0,1,0,0,2,0,0,1,0,0,2,0,0,0
2020,3,R,전통시장,2130039,청계6가 지하도상가,36,26,10,0,1,1,7,6,21,0,1,1,5,5,14,0,0,0,2,1,7
2020,3,R,전통시장,2130038,"평화시장(통일상가, 동화상가)",930,630,300,3,110,293,273,172,79,0,61,165,211,134,59,3,49,128,62,38,20
2020,3,R,전통시장,2130036,중부시장(신중부시장),3089,921,2168,8,1868,593,250,198,172,3,316,189,171,120,122,5,1552,404,79,78,50
2020,3,R,전통시장,2130035,방산종합시장(방산시장),1190,736,454,1,96,200,284,312,297,0,56,117,154,191,218,1,40,83,130,121,79
2020,3,R,전통시장,2130034,필동 골목형상점가,14,7,7,0,2,4,5,2,1,0,1,2,2,2,0,0,1,2,3,0,1
2020,3,R,전통시장,2130033,대림상가(청계상가),169,121,48,0,7,29,54,39,40,0,3,19,35,30,34,0,4,10,19,9,6
2020,3,R,전통시장,2130032,인현시장,167,123,44,0,3,25,47,54,38,0,3,16,35,40,29,0,0,9,12,14,9
2020,3,R,전통시장,2130031,청계천공구상가,921,698,223,2,101,281,234,159,144,1,64,230,181,104,118,1,37,51,53,55,26
2020,3,R,전통시장,2130028,을지입구지하상가(을지로지하보도쇼핑센터),2,2,0,0,0,0,1,1,0,0,0,0,1,1,0,0,0,0,0,0,0
2020,3,R,전통시장,2130025,삼익패션타운(남대문시장),5494,2675,2819,69,1760,1561,1124,794,186,31,674,837,763,292,78,38,1086,724,361,502,108
2020,3,R,전통시장,2130024,남대문시장(자유상가),732,426,306,2,54,129,172,177,198,1,15,75,95,108,132,1,39,54,77,69,66
2020,3,R,전통시장,2130022,숭례문수입상가(남대문시장),1907,850,1057,0,330,855,598,113,11,0,55,378,338,70,9,0,275,477,260,43,2
2020,3,R,전통시장,2130021,신설종합시장,50,37,13,1,1,10,12,13,13,0,0,9,10,10,8,1,1,1,2,3,5
2020,3,R,전통시장,2130020,동묘시장(동묘벼룩시장),407,177,230,5,154,93,73,58,24,5,43,31,45,32,21,0,111,62,28,26,3
2020,3,R,전통시장,2130019,동대문상가D동,28,21,7,0,6,5,5,4,8,0,4,2,4,4,7,0,2,3,1,0,1
2020,3,R,전통시장,2130018,동대문문구완구거리(동대문문구완구시장),215,124,91,0,27,45,50,52,41,0,12,24,33,31,24,0,15,21,17,21,17
2020,3,R,전통시장,2130017,동대문상가C동,12,9,3,0,1,4,4,2,1,0,1,4,3,0,1,0,0,0,1,2,0
2020,3,R,전통시장,2130016,동대문상가B동,2,1,1,0,0,1,1,0,0,0,0,0,1,0,0,0,0,1,0,0,0
2020,3,R,전통시장,2130015,창신골목시장,22,12,10,0,0,2,8,9,3,0,0,2,6,2,2,0,0,0,2,7,1
2020,3,R,전통시장,2130014,동문시장,3,1,2,0,0,2,0,0,1,0,0,0,0,0,1,0,0,2,0,0,0
2020,3,R,전통시장,2130012,"동대문종합시장(동대문종합시장 신관, 동대문종합시장D동상가)",1319,965,354,2,156,325,348,339,149,0,116,251,238,247,113,2,40,74,110,92,36
2020,3,R,전통시장,2130011,충신시장,88,44,44,0,19,19,20,17,13,0,7,11,8,8,10,0,12,8,12,9,3
2020,3,R,전통시장,2130010,종로신진시장,200,113,87,0,20,29,55,48,48,0,14,17,24,26,32,0,6,12,31,22,16
2020,3,R,전통시장,2130009,마전교지하쇼핑센터(구 한일상가),24,16,8,0,0,2,3,7,12,0,0,2,2,4,8,0,0,0,1,3,4
2020,3,R,전통시장,2130007,광장시장(광장전통시장),466,310,156,0,39,77,97,129,124,0,22,41,73,77,97,0,17,36,24,52,27
2020,3,R,전통시장,2130005,세운상가가동,137,96,41,0,7,34,35,22,39,0,5,23,28,8,32,0,2,11,7,14,7
2020,3,R,전통시장,2130004,낙원시장(낙원지하시장(대일상가)),364,258,106,0,29,70,99,78,88,0,14,51,68,57,68,0,15,19,31,21,20
2020,3,R,전통시장,2130002,세종마을음식문화거리(금천교시장),564,392,172,4,56,109,120,121,154,0,26,74,75,90,127,4,30,35,45,31,27
2020,3,R,전통시장,2130001,통인시장,59,29,30,0,4,14,11,12,18,0,2,4,6,6,11,0,2,10,5,6,7
2020,3,D,발달상권,2120249,고덕역,1359,916,443,3,172,305,337,317,225,1,75,198,249,221,172,2,97,107,88,96,53
2020,3,D,발달상권,2120248,명일역,860,332,528,4,114,141,223,204,174,2,41,59,84,69,77,2,73,82,139,135,97
2020,3,D,발달상권,2120247,굽은다리역,565,307,258,4,91,118,142,102,108,1,37,76,71,55,67,3,54,42,71,47,41
2020,3,D,발달상권,2120246,길동역,3399,1536,1863,14,384,560,835,905,701,8,169,317,417,296,329,6,215,243,418,609,372
2020,3,D,발달상권,2120245,둔촌역,1884,1135,749,7,312,460,446,371,288,6,169,309,271,195,185,1,143,151,175,176,103
2020,3,D,발달상권,2120244,암사역,916,401,515,0,70,85,103,111,547,0,14,44,49,42,252,0,56,41,54,69,295
2020,3,D,발달상권,2120243,천호역,1353,629,724,6,186,250,315,291,305,2,63,108,142,123,191,4,123,142,173,168,114
2020,3,D,발달상권,2120242,강동구청역,4528,2937,1591,33,536,1064,1055,893,947,13,287,678,695,560,704,20,249,386,360,333,243
2020,3,D,발달상권,2120241,거여역,1197,650,547,5,110,221,296,277,288,2,80,152,161,83,172,3,30,69,135,194,116
2020,3,D,발달상권,2120240,개롱역,1609,1102,507,7,212,314,404,431,241,5,125,230,269,295,178,2,87,84,135,136,63
2020,3,D,발달상권,2120239,오금역,4700,3006,1694,17,851,1243,1186,911,492,11,456,826,848,495,370,6,395,417,338,416,122
2020,3,D,발달상권,2120238,방이역,412,251,161,4,47,97,113,76,75,3,22,45,60,57,64,1,25,52,53,19,11
2020,3,D,발달상권,2120237,경찰병원역,8608,5226,3382,58,1222,1655,1718,1449,2506,24,537,1057,1126,725,1757,34,685,598,592,724,749
2020,3,D,발달상권,2120236,장지역(가든파이브),4622,3221,1401,15,678,1056,1076,989,808,10,373,711,778,710,639,5,305,345,298,279,169
2020,3,D,발달상권,2120235,문정역,907,621,286,1,116,196,202,236,156,0,69,151,148,144,109,1,47,45,54,92,47
2020,3,D,발달상권,2120234,가락시장역,10268,6224,4044,11,1350,2490,2149,1678,2590,3,586,1468,1439,927,1801,8,764,1022,710,751,789
2020,3,D,발달상권,2120233,몽촌토성역,10357,5705,4652,28,1787,2711,2252,2152,1427,22,1123,1846,1193,782,739,6,664,865,1059,1370,688
2020,3,D,발달상권,2120232,송파나루역,1269,856,413,0,212,350,295,218,194,0,91,220,204,165,176,0,121,130,91,53,18
2020,3,D,발달상권,2120231,가락시장,5698,4083,1615,0,368,1051,1564,1654,1061,0,264,836,1185,1098,700,0,104,215,379,556,361
2020,3,D,발달상권,2120230,송파사거리(송파역),876,470,406,4,96,176,202,193,205,1,38,99,115,92,125,3,58,77,87,101,80
2020,3,D,발달상권,2120229,방이동먹자골목,7319,4732,2587,12,1062,2182,1915,1302,846,5,588,1347,1338,913,541,7,474,835,577,389,305
2020,3,D,발달상권,2120228,석촌역(석촌호수),4494,2725,1769,7,707,1306,1038,695,741,1,288,851,680,410,495,6,419,455,358,285,246
2020,3,D,발달상권,2120227,잠실역,45438,24212,21226,163,8139,11821,12755,11278,1282,51,3785,7433,7435,4548,960,112,4354,4388,5320,6730,322
2020,3,D,발달상권,2120226,석촌고분역,2408,1777,631,8,277,341,447,352,983,7,130,207,264,234,935,1,147,134,183,118,48
2020,3,D,발달상권,2120225,잠실새내역(신천),5750,3738,2012,25,929,1190,1248,1210,1148,3,467,728,831,853,856,22,462,462,417,357,292
2020,3,D,발달상권,2120224,수서역,12418,6339,6079,23,1900,3177,3167,2346,1805,12,860,1669,1497,1232,1069,11,1040,1508,1670,1114,736
2020,3,D,발달상권,2120223,휘문고교사거리,9166,5574,3592,20,1785,2926,2736,1401,298,4,1102,2061,1597,609,201,16,683,865,1139,792,97
2020,3,D,발달상권,2120222,삼성역,43324,24141,19183,244,8091,13641,10294,6385,4669,119,3186,7703,6883,3711,2539,125,4905,5938,3411,2674,2130
2020,3,D,발달상권,2120221,봉은사역,19513,12605,6908,22,4375,5782,3654,2813,2867,8,2402,4217,2849,1721,1408,14,1973,1565,805,1092,1459
2020,3,D,발달상권,2120220,대치역,5578,3302,2276,26,1841,2261,972,319,159,2,769,1465,717,225,124,24,1072,796,255,94,35
2020,3,D,발달상권,2120219,은마아파트,17161,5791,11370,202,3396,3816,3174,4058,2515,83,1254,1870,1373,817,394,119,2142,1946,1801,3241,2121
2020,3,D,발달상권,2120218,코엑스,290,54,236,0,116,103,58,13,0,0,13,16,16,9,0,0,103,87,42,4,0
2020,3,D,발달상권,2120217,대치사거리,2779,1478,1301,11,552,771,700,452,293,10,220,379,381,264,224,1,332,392,319,188,69
2020,3,D,발달상권,2120216,경기고교사거리(경기고교앞사거리),4934,3621,1313,8,712,1628,1666,772,148,5,291,1070,1431,703,121,3,421,558,235,69,27
2020,3,D,발달상권,2120215,포스코사거리,61656,40699,20957,170,9756,22505,18176,8404,2645,29,4305,14324,13853,6406,1782,141,5451,8181,4323,1998,863
2020,3,D,발달상권,2120214,영동대교남단교차로,3990,2902,1088,7,489,1173,1108,931,282,3,271,811,866,755,196,4,218,362,242,176,86
2020,3,D,발달상권,2120213,삼성중앙역,8472,5131,3341,50,1855,2469,1898,1065,1135,12,828,1511,1297,712,771,38,1027,958,601,353,364
2020,3,D,발달상권,2120212,한티역,713,378,335,1,115,178,190,137,92,1,36,85,116,78,62,0,79,93,74,59,30
2020,3,D,발달상권,2120211,도성초등학교,984,516,468,7,180,282,189,161,165,3,68,120,112,117,96,4,112,162,77,44,69
2020,3,D,발달상권,2120210,선릉역,48780,26797,21983,117,11358,13636,11065,7952,4652,54,5356,8026,6479,4158,2724,63,6002,5610,4586,3794,1928
2020,3,D,발달상권,2120209,"강남구청(청담역_8번, 강남세무서)",8984,2608,6376,34,2050,2683,2467,1170,580,9,538,752,537,393,379,25,1512,1931,1930,777,201
2020,3,D,발달상권,2120208,청담사거리(청담동명품거리),10577,4635,5942,38,3354,3776,2024,878,507,13,1031,1619,1113,501,358,25,2323,2157,911,377,149
2020,3,D,발달상권,2120207,선정릉역,12151,7422,4729,32,2685,4209,2741,1595,889,16,1111,2464,1939,1147,745,16,1574,1745,802,448,144
2020,3,D,발달상권,2120206,개나리아파트,5280,3376,1904,87,1661,1418,1095,666,353,27,868,957,784,463,277,60,793,461,311,203,76
2020,3,D,발달상권,2120205,매봉역,13950,9370,4580,95,2838,4203,3126,1781,1907,44,1450,2959,2521,1302,1094,51,1388,1244,605,479,813
2020,3,D,발달상권,2120204,르네상스호텔사거리,41471,20644,20827,102,8167,11056,10671,10081,1394,54,5016,7567,4988,2062,957,48,3151,3489,5683,8019,437
2020,3,D,발달상권,2120203,강남구청역,7726,4602,3124,27,1589,2070,1890,1381,769,8,650,1218,1293,882,551,19,939,852,597,499,218
2020,3,D,발달상권,2120202,압구정로데오역(압구정로데오),11735,6075,5660,41,2963,4419,2469,1425,418,11,793,2184,1593,1195,299,30,2170,2235,876,230,119
2020,3,D,발달상권,2120201,도곡1동,11559,6387,5172,116,3565,3472,2482,1299,625,31,1365,2021,1730,754,486,85,2200,1451,752,545,139
2020,3,D,발달상권,2120200,학동사거리,9363,3808,5555,26,2868,3075,1848,1005,541,9,654,1122,937,687,399,17,2214,1953,911,318,142
2020,3,D,발달상권,2120199,경복아파트교차로,3830,2283,1547,10,796,1196,781,572,475,4,317,721,498,390,353,6,479,475,283,182,122
2020,3,D,발달상권,2120198,구역삼세무서,11531,7246,4285,23,2691,3529,2889,1562,837,12,1141,2216,2115,1139,623,11,1550,1313,774,423,214
2020,3,D,발달상권,2120197,역삼역,58694,38567,20127,93,10088,18053,15887,10835,3738,43,5227,11916,11864,7079,2438,50,4861,6137,4023,3756,1300
2020,3,D,발달상권,2120196,서울세관,9687,5900,3787,15,1708,2897,2579,1614,874,2,604,1527,1719,1323,725,13,1104,1370,860,291,149
2020,3,D,발달상권,2120195,성수대교남단,5611,2685,2926,39,1393,2394,1102,426,257,15,487,1194,634,208,147,24,906,1200,468,218,110
2020,3,D,발달상권,2120194,언주역(차병원),12628,8724,3904,37,2790,4202,2802,1923,874,14,1366,2863,2239,1588,654,23,1424,1339,563,335,220
2020,3,D,발달상권,2120193,도산공원교차로,6384,3798,2586,15,1278,1918,1493,983,697,6,466,1071,1021,696,538,9,812,847,472,287,159
2020,3,D,발달상권,2120192,뱅뱅사거리,27462,18935,8527,73,5758,8273,6703,4372,2283,38,3280,5616,5106,3189,1706,35,2478,2657,1597,1183,577
2020,3,D,발달상권,2120191,학동역,13862,8102,5760,40,2889,3759,2967,1864,2343,17,1120,2144,2011,1130,1680,23,1769,1615,956,734,663
2020,3,D,발달상권,2120190,강남을지병원,11703,6183,5520,44,3417,3226,2498,1508,1010,14,1228,1648,1560,985,748,30,2189,1578,938,523,262
2020,3,D,발달상권,2120189,강남역,72613,38819,33794,234,17636,24305,18411,9151,2876,59,6629,13226,10962,5914,2029,175,11007,11079,7449,3237,847
2020,3,D,발달상권,2120188,압구정역,8579,3750,4829,134,2204,2146,1550,1314,1231,47,698,969,897,556,583,87,1506,1177,653,758,648
2020,3,D,발달상권,2120187,신논현역,13076,7778,5298,64,3624,3962,2984,1673,769,27,1516,2302,2121,1247,565,37,2108,1660,863,426,204
2020,3,D,발달상권,2120186,가로수길,6518,3580,2938,19,1316,2133,1570,895,585,5,447,1174,950,573,431,14,869,959,620,322,154
2020,3,D,발달상권,2120185,논현역,12764,7403,5361,29,2731,4125,3228,1879,772,10,1040,2435,2232,1195,491,19,1691,1690,996,684,281
2020,3,D,발달상권,2120184,포이사거리(삼호물산),10139,7003,3136,20,1553,3044,2666,1705,1151,10,846,2068,2010,1212,857,10,707,976,656,493,294
2020,3,D,발달상권,2120183,양재천카페거리,3558,2626,932,12,586,972,848,551,589,10,364,717,638,413,484,2,222,255,210,138,105
2020,3,D,발달상권,2120182,"양재시민의숲역(양재동꽃시장, aT센터)",6144,4255,1889,33,1041,1652,1482,1259,677,14,539,1144,1089,924,545,19,502,508,393,335,132
2020,3,D,발달상권,2120181,교육개발원입구사거리,7278,4440,2838,316,2978,1563,1247,730,444,145,1506,983,939,536,331,171,1472,580,308,194,113
2020,3,D,발달상권,2120180,양재화물트럭터미널앞,2562,2146,416,13,637,812,554,409,137,10,466,711,481,363,115,3,171,101,73,46,22
2020,3,D,발달상권,2120179,양재역,21445,16961,4484,59,3105,7307,5206,3969,1799,34,2177,6101,4309,3030,1310,25,928,1206,897,939,489
2020,3,D,발달상권,2120178,신사역,10933,5953,4980,34,2539,2847,2355,1810,1348,13,871,1570,1480,999,1020,21,1668,1277,875,811,328
2020,3,D,발달상권,2120177,신논현역 1번,694,436,258,1,84,187,202,143,77,0,34,111,130,106,55,1,50,76,72,37,22
2020,3,D,발달상권,2120176,논현역 4번,893,566,327,1,130,216,195,168,183,1,67,126,129,106,137,0,63,90,66,62,46
2020,3,D,발달상권,2120175,남부터미널역,8239,5313,2926,32,1702,2478,1995,1290,742,6,856,1691,1361,852,547,26,846,787,634,438,195
2020,3,D,발달상권,2120174,논현역 5번,682,380,302,6,108,196,155,95,122,4,39,108,90,59,80,2,69,88,65,36,42
2020,3,D,발달상권,2120173,교대역(법원.검찰청),18197,10449,7748,74,3267,5392,4725,3068,1671,29,1418,3003,2843,1896,1260,45,1849,2389,1882,1172,411
2020,3,D,발달상권,2120172,교대입구교차로,10241,5712,4529,53,2062,2700,2445,1945,1036,33,854,1635,1489,1004,697,20,1208,1065,956,941,339
2020,3,D,발달상권,2120171,서초3동사거리,11750,6206,5544,15,1990,3845,2551,1862,1487,6,827,1746,1496,1064,1067,9,1163,2099,1055,798,420
2020,3,D,발달상권,2120170,삼호가든사거리,2026,1161,865,8,279,587,623,346,183,7,113,333,412,168,128,1,166,254,211,178,55
2020,3,D,발달상권,2120169,서초역,15771,7185,8586,70,3824,4195,3945,2657,1080,30,1313,1990,1801,1235,816,40,2511,2205,2144,1422,264
2020,3,D,발달상권,2120168,서울고교교차로,569,378,191,1,58,166,147,103,94,0,28,98,107,78,67,1,30,68,40,25,27
2020,3,D,발달상권,2120167,고속터미널(고속터미널역),5078,2994,2084,6,600,1311,1087,924,1150,5,318,915,786,488,482,1,282,396,301,436,668
2020,3,D,발달상권,2120166,방배역,5467,3282,2185,90,1234,1594,1033,699,817,26,523,920,713,451,649,64,711,674,320,248,168
2020,3,D,발달상권,2120165,서래마을카페거리(서래마을),3467,2266,1201,11,605,1119,949,516,267,3,277,716,707,369,194,8,328,403,242,147,73
2020,3,D,발달상권,2120164,내방역,8574,5973,2601,56,1923,2821,1862,1128,784,48,1160,1998,1383,799,585,8,763,823,479,329,199
2020,3,D,발달상권,2120163,사당역 11번(사당역먹자골목),491,290,201,0,55,119,99,86,132,0,28,73,57,50,82,0,27,46,42,36,50
2020,3,D,발달상권,2120162,방배동카페골목,1253,717,536,61,207,200,219,215,351,57,126,142,110,93,189,4,81,58,109,122,162
2020,3,D,발달상권,2120161,방배동가구거리(사당동가구거리),2517,1833,684,3,187,342,315,347,1323,2,78,178,165,202,1208,1,109,164,150,145,115
2020,3,D,발달상권,2120160,사당역(사당),9153,4750,4403,14,1560,2594,2716,1534,735,4,617,1307,1324,997,501,10,943,1287,1392,537,234
2020,3,D,발달상권,2120159,서울대입구역,1430,763,667,12,289,320,321,238,250,6,116,164,174,133,170,6,173,156,147,105,80
2020,3,D,발달상권,2120158,녹두거리(대학동),695,550,145,2,31,73,200,279,110,0,7,41,163,241,98,2,24,32,37,38,12
2020,3,D,발달상권,2120157,신림역(신림),593,255,338,1,95,115,145,125,112,0,19,40,81,48,67,1,76,75,64,77,45
2020,3,D,발달상권,2120156,"총신대입구역(이수, 총신대)",3255,1425,1830,14,615,769,718,629,510,7,201,327,374,254,262,7,414,442,344,375,248
2020,3,D,발달상권,2120155,총신대학교,111,57,54,0,13,27,27,26,18,0,7,8,15,15,12,0,6,19,12,11,6
2020,3,D,발달상권,2120154,장승배기역,479,199,280,1,61,123,126,106,62,0,16,58,67,35,23,1,45,65,59,71,39
2020,3,D,발달상권,2120153,노량진역(노량진),3699,1844,1855,10,521,1209,935,690,334,2,193,496,461,465,227,8,328,713,474,225,107
2020,3,D,발달상권,2120152,신대방삼거리역,594,291,303,1,66,127,155,154,91,1,22,63,84,74,47,0,44,64,71,80,44
2020,3,D,발달상권,2120151,보라매공원,2417,1455,962,6,401,736,707,383,184,4,194,433,450,237,137,2,207,303,257,146,47
2020,3,D,발달상권,2120150,63빌딩,7632,4749,2883,29,989,1932,2741,1691,250,5,494,1296,1379,1422,153,24,495,636,1362,269,97
2020,3,D,발달상권,2120149,여의도역(여의도),69255,45888,23367,184,11383,22550,19240,12096,3802,34,5884,14085,14147,9350,2388,150,5499,8465,5093,2746,1414
2020,3,D,발달상권,2120148,국회의사당역(국회의사당),31135,19451,11684,82,6815,10231,7641,4493,1873,27,3082,6187,5424,3397,1334,55,3733,4044,2217,1096,539
2020,3,D,발달상권,2120147,보라매역,1981,1262,719,6,292,455,377,378,473,3,99,312,255,270,323,3,193,143,122,108,150
2020,3,D,발달상권,2120146,한강성심병원,5045,2866,2179,18,1237,1249,1097,821,623,8,395,663,729,584,487,10,842,586,368,237,136
2020,3,D,발달상권,2120145,영등포역(영등포),3856,1817,2039,22,673,1021,921,702,517,0,202,441,486,388,300,22,471,580,435,314,217
2020,3,D,발달상권,2120144,영중로,2015,1072,943,1,254,394,507,598,261,1,142,276,288,230,135,0,112,118,219,368,126
2020,3,D,발달상권,2120143,당산역,2723,2018,705,9,329,524,575,532,754,2,194,398,412,396,616,7,135,126,163,136,138
2020,3,D,발달상권,2120142,대림역,1559,847,712,2,235,282,348,386,306,0,69,145,190,230,213,2,166,137,158,156,93
2020,3,D,발달상권,2120141,영등포청과시장교차로,601,418,183,2,71,137,188,115,88,1,36,85,133,86,77,1,35,52,55,29,11
2020,3,D,발달상권,2120140,문래동주민센터,6162,3296,2866,22,1447,1840,1635,916,302,11,558,993,992,517,225,11,889,847,643,399,77
2020,3,D,발달상권,2120139,대림3동사거리,3619,2404,1215,14,423,867,992,727,596,5,220,632,783,462,302,9,203,235,209,265,294
2020,3,D,발달상권,2120138,당산2동(영등포우체국),2754,1653,1101,23,745,579,479,488,440,15,395,347,312,309,275,8,350,232,167,179,165
2020,3,D,발달상권,2120137,문래역(문래로데오거리),50,21,29,2,11,8,13,12,4,0,4,1,7,7,2,2,7,7,6,5,2
2020,3,D,발달상권,2120136,영등포구청역,6617,3299,3318,20,1193,1504,1423,1444,1033,12,575,848,775,592,497,8,618,656,648,852,536
2020,3,D,발달상권,2120135,양평역,5072,3013,2059,32,1300,1280,1187,776,497,11,626,825,676,441,434,21,674,455,511,335,63
2020,3,D,발달상권,2120134,구로전화국,2014,1668,346,0,107,157,172,223,1355,0,44,75,96,153,1300,0,63,82,76,70,55
2020,3,D,발달상권,2120133,서울시흥동우체국(홈플러스시흥점),142,55,87,1,14,22,27,42,36,1,5,10,12,11,16,0,9,12,15,31,20
2020,3,D,발달상권,2120132,독산동,4203,2884,1319,13,512,908,1016,1074,680,12,350,650,695,701,476,1,162,258,321,373,204
2020,3,D,발달상권,2120131,가산디지털단지,81100,53404,27696,289,16340,25683,20119,11582,7087,184,8639,17229,14518,7692,5142,105,7701,8454,5601,3890,1945
2020,3,D,발달상권,2120130,구로디지털단지역,1136,620,516,1,169,376,236,212,142,0,59,208,125,125,103,1,110,168,111,87,39
2020,3,D,발달상권,2120129,구로디지털단지,47750,31091,16659,195,10197,16227,12034,5678,3419,126,5117,10736,8454,3920,2738,69,5080,5491,3580,1758,681
2020,3,D,발달상권,2120128,신도림역,1253,656,597,7,191,318,382,243,112,1,75,153,191,149,87,6,116,165,191,94,25
2020,3,D,발달상권,2120127,구로구청,5918,3878,2040,6,614,1229,1440,1444,1185,5,365,976,1050,808,674,1,249,253,390,636,511
2020,3,D,발달상권,2120126,디지털단지오거리,135,86,49,0,11,30,48,26,20,0,2,16,38,15,15,0,9,14,10,11,5
2020,3,D,발달상권,2120125,구로역,9291,6324,2967,24,1029,2136,2412,2271,1419,12,581,1466,1596,1572,1097,12,448,670,816,699,322
2020,3,D,발달상권,2120124,개봉동 현대아파트,461,205,256,0,63,89,119,82,108,0,18,26,49,43,69,0,45,63,70,39,39
2020,3,D,발달상권,2120123,오류동역,2120,1645,475,1,313,413,505,594,294,0,276,331,389,425,224,1,37,82,116,169,70
2020,3,D,발달상권,2120122,강서구청,2137,1208,929,4,308,444,489,437,455,2,103,218,267,256,362,2,205,226,222,181,93
2020,3,D,발달상권,2120121,까치산역,344,135,209,2,49,40,67,101,85,2,12,14,27,41,39,0,37,26,40,60,46
2020,3,D,발달상권,2120120,화곡역,927,405,522,1,177,218,193,196,142,0,46,109,84,81,85,1,131,109,109,115,57
2020,3,D,발달상권,2120119,발산역(마곡),1427,686,741,2,184,339,416,350,136,1,54,148,211,174,98,1,130,191,205,176,38
2020,3,D,발달상권,2120117,강서농산물도매시장,430,263,167,0,12,60,121,145,92,0,9,46,75,82,51,0,3,14,46,63,41
2020,3,D,발달상권,2120116,송정역,117,64,53,0,17,27,28,20,25,0,9,11,15,10,19,0,8,16,13,10,6
2020,3,D,발달상권,2120114,목동신시가지,13614,9392,4222,46,2086,3824,3484,2915,1259,29,1130,2623,2555,2209,846,17,956,1201,929,706,413
2020,3,D,발달상권,2120113,오목교역,628,372,256,2,96,144,162,136,88,1,45,79,94,92,61,1,51,65,68,44,27
2020,3,D,발달상권,2120112,등촌역,1633,1138,495,10,223,388,373,358,281,6,100,270,265,265,232,4,123,118,108,93,49
2020,3,D,발달상권,2120111,목동사거리,1828,710,1118,1,551,601,341,219,115,0,101,248,161,116,84,1,450,353,180,103,31
2020,3,D,발달상권,2120110,목동역 8번출구,1858,1400,458,2,142,216,286,247,965,1,42,102,166,181,908,1,100,114,120,66,57
2020,3,D,발달상권,2120109,서울남부지방법원,608,342,266,2,56,104,110,170,166,1,18,40,50,104,129,1,38,64,60,66,37
2020,3,D,발달상권,2120108,신정네거리역,992,580,412,2,93,215,220,242,220,1,28,110,112,160,169,1,65,105,108,82,51
2020,3,D,발달상권,2120107,공덕역(공덕오거리),13077,7619,5458,43,2471,3470,3552,3026,515,9,1021,2002,2300,1900,387,34,1450,1468,1252,1126,128
2020,3,D,발달상권,2120106,마포역,11462,7104,4358,12,1804,2735,2677,2306,1928,8,917,1662,1889,1435,1193,4,887,1073,788,871,735
2020,3,D,발달상권,2120105,상수역(홍대),524,273,251,4,126,153,122,71,48,2,51,74,70,42,34,2,75,79,52,29,14
2020,3,D,발달상권,2120104,연남동(홍대),5955,3176,2779,20,1117,1491,1289,1103,935,12,428,824,772,620,520,8,689,667,517,483,415
2020,3,D,발달상권,2120103,홍대입구역(홍대),9580,5991,3589,87,2167,2434,2066,1613,1213,61,1145,1486,1404,988,907,26,1022,948,662,625,306
2020,3,D,발달상권,2120102,서교동(홍대),7276,3402,3874,18,1521,2551,1814,899,473,11,496,1065,913,566,351,7,1025,1486,901,333,122
2020,3,D,발달상권,2120101,합정역,1932,1048,884,2,302,520,515,399,194,2,89,236,312,266,143,0,213,284,203,133,51
2020,3,D,발달상권,2120100,망원역,900,436,464,3,192,236,215,153,101,1,49,107,117,103,59,2,143,129,98,50,42
2020,3,D,발달상권,2120099,월드컵경기장역(월드컵경기장),84,57,27,0,11,20,26,14,13,0,6,16,21,7,7,0,5,4,5,7,6
2020,3,D,발달상권,2120098,DMC(디지털미디어시티),8846,5391,3455,19,1691,3228,2856,875,177,11,813,1995,1821,616,135,8,878,1233,1035,259,42
2020,3,D,발달상권,2120097,충정로역,2246,1354,892,0,321,658,631,407,229,0,172,390,397,254,141,0,149,268,234,153,88
2020,3,D,발달상권,2120096,"이화여대(이대역, 이대)",470,195,275,1,79,135,125,79,51,0,27,51,46,38,33,1,52,84,79,41,18
2020,3,D,발달상권,2120095,홍제역,922,520,402,1,73,107,260,362,119,0,17,56,137,222,88,1,56,51,123,140,31
2020,3,D,발달상권,2120094,"신촌역(신촌역, 신촌로터리)",5355,2430,2925,67,2390,1192,681,594,431,23,999,589,299,279,241,44,1391,603,382,315,190
2020,3,D,발달상권,2120093,연희동,661,351,310,2,60,125,170,195,109,0,27,62,91,103,68,2,33,63,79,92,41
2020,3,D,발달상권,2120092,불광역,274,147,127,0,33,51,83,52,55,0,12,29,44,21,41,0,21,22,39,31,14
2020,3,D,발달상권,2120091,본서부병원,516,192,324,1,51,69,119,165,111,0,20,28,51,55,38,1,31,41,68,110,73
2020,3,D,발달상권,2120090,연신내역,687,262,425,5,180,133,134,129,106,1,64,55,49,45,48,4,116,78,85,84,58
2020,3,D,발달상권,2120089,구파발역,1,0,1,0,0,0,1,0,0,0,0,0,0,0,0,0,0,0,1,0,0
2020,3,D,발달상권,2120088,구산역,799,279,520,2,86,117,175,272,147,2,30,65,68,59,55,0,56,52,107,213,92
2020,3,D,발달상권,2120087,응암역,441,272,169,0,45,84,114,106,92,0,17,50,78,60,67,0,28,34,36,46,25
2020,3,D,발달상권,2120086,태릉입구역,382,205,177,0,42,78,82,102,78,0,24,43,35,49,54,0,18,35,47,53,24
2020,3,D,발달상권,2120085,은행사거리,317,121,196,4,51,48,80,78,56,3,11,14,21,40,32,1,40,34,59,38,24
2020,3,D,발달상권,2120084,공릉역,712,546,166,3,33,59,110,240,267,1,11,22,63,205,244,2,22,37,47,35,23
2020,3,D,발달상권,2120083,등나무근린공원,1184,787,397,0,166,325,271,283,139,0,114,228,171,179,95,0,52,97,100,104,44
2020,3,D,발달상권,2120082,상계백병원,426,148,278,0,85,102,118,82,39,0,21,24,39,43,21,0,64,78,79,39,18
2020,3,D,발달상권,2120081,노원역,1552,508,1044,9,369,295,343,307,229,2,66,87,125,121,107,7,303,208,218,186,122
2020,3,D,발달상권,2120080,마들역,180,46,134,0,30,45,46,36,23,0,2,7,9,13,15,0,28,38,37,23,8
2020,3,D,발달상권,2120079,창동역,1326,796,530,0,151,232,320,304,319,0,54,108,172,195,267,0,97,124,148,109,52
2020,3,D,발달상권,2120078,미아사거리역,145,90,55,0,27,29,29,31,29,0,12,17,21,18,22,0,15,12,8,13,7
2020,3,D,발달상권,2120077,미아역,218,97,121,0,32,37,52,64,33,0,11,8,18,38,22,0,21,29,34,26,11
2020,3,D,발달상권,2120076,수유역,1930,865,1065,7,241,303,422,465,492,4,62,102,176,240,281,3,179,201,246,225,211
2020,3,D,발달상권,2120075,월곡역,369,213,156,1,40,86,97,67,78,0,17,48,54,44,50,1,23,38,43,23,28
2020,3,D,발달상권,2120074,안암역,59,28,31,1,12,16,12,8,10,0,5,9,7,2,5,1,7,7,5,6,5
2020,3,D,발달상권,2120073,미아사거리,353,135,218,3,40,67,95,95,53,2,16,29,45,23,20,1,24,38,50,72,33
2020,3,D,발달상권,2120072,성신여대,1048,537,511,18,137,211,213,271,198,11,46,86,103,152,139,7,91,125,110,119,59
2020,3,D,발달상권,2120071,성북구청,255,127,128,0,36,55,64,62,38,0,14,22,38,31,22,0,22,33,26,31,16
2020,3,D,발달상권,2120070,한성대입구역,466,180,286,2,83,69,78,113,121,2,21,31,37,38,51,0,62,38,41,75,70
2020,3,D,발달상권,2120069,상봉역,932,597,335,6,147,258,263,151,107,4,102,158,163,99,71,2,45,100,100,52,36
2020,3,D,발달상권,2120068,사가정역,145,45,100,3,38,31,25,22,26,0,1,5,12,12,15,3,37,26,13,10,11
2020,3,D,발달상권,2120067,장안동사거리,2587,1169,1418,9,427,578,671,577,325,7,165,280,258,255,204,2,262,298,413,322,121
2020,3,D,발달상권,2120066,장한평역(장한평),7424,4770,2654,43,1531,1839,1491,1235,1285,10,739,1202,991,818,1010,33,792,637,500,417,275
2020,3,D,발달상권,2120065,회기역,326,207,119,3,48,55,89,76,55,1,27,39,49,49,42,2,21,16,40,27,13
2020,3,D,발달상권,2120064,경희대학교(경희대),97,44,53,0,14,27,21,13,22,0,9,13,10,4,8,0,5,14,11,9,14
2020,3,D,발달상권,2120063,청량리역(청량리),1182,514,668,3,225,221,239,246,248,2,66,86,89,116,155,1,159,135,150,130,93
2020,3,D,발달상권,2120062,신설동역,12641,5433,7208,13,1215,2605,3449,3480,1879,2,445,1435,1625,1123,803,11,770,1170,1824,2357,1076
2020,3,D,발달상권,2120061,올림픽대교북단,1094,864,230,1,228,403,324,95,43,0,165,326,290,55,28,1,63,77,34,40,15
2020,3,D,발달상권,2120060,강변역(테크노마트),3189,2348,841,12,402,686,870,703,516,2,209,509,686,549,393,10,193,177,184,154,123
2020,3,D,발달상권,2120059,구삼강변맛길,3279,1781,1498,6,431,676,555,747,864,4,244,472,367,322,372,2,187,204,188,425,492
2020,3,D,발달상권,2120058,구의사거리,688,333,355,2,92,158,174,181,81,1,33,79,80,77,63,1,59,79,94,104,18
2020,3,D,발달상권,2120057,아차산역,2218,1220,998,52,412,432,503,468,351,19,236,257,289,206,213,33,176,175,214,262,138
2020,3,D,발달상권,2120056,구의역,2200,1115,1085,7,350,431,596,491,325,6,119,173,290,313,214,1,231,258,306,178,111
2020,3,D,발달상권,2120055,군자역,4255,2030,2225,33,1138,780,911,991,402,23,548,430,436,330,263,10,590,350,475,661,139
2020,3,D,발달상권,2120054,어린이대공원역,1243,826,417,0,90,153,311,440,249,0,25,88,205,321,187,0,65,65,106,119,62
2020,3,D,발달상권,2120053,건대입구역(건대),859,491,368,5,147,141,172,187,207,2,40,61,95,130,163,3,107,80,77,57,44
2020,3,D,발달상권,2120052,성수역,11387,7284,4103,23,2113,2900,2661,2238,1452,12,1170,1971,1783,1298,1050,11,943,929,878,940,402
2020,3,D,발달상권,2120051,뚝섬역,3944,2582,1362,20,703,946,867,651,757,15,446,646,549,445,481,5,257,300,318,206,276
2020,3,D,발달상권,2120050,서울숲역,212,159,53,0,33,40,60,52,27,0,19,30,47,41,22,0,14,10,13,11,5
2020,3,D,발달상권,2120049,왕십리역(왕십리),1459,1004,455,1,183,301,377,468,129,1,92,187,272,371,81,0,91,114,105,97,48
2020,3,D,발달상권,2120048,금호역,80,31,49,0,16,10,18,24,12,0,2,2,6,13,8,0,14,8,12,11,4
2020,3,D,발달상권,2120047,한남오거리,2290,1458,832,11,366,751,623,343,196,9,152,461,438,249,149,2,214,290,185,94,47
2020,3,D,발달상권,2120046,이태원(이태원역),2276,1295,981,24,817,682,338,220,195,15,389,421,205,134,131,9,428,261,133,86,64
2020,3,D,발달상권,2120045,남영동 먹자골목,4044,1580,2464,7,424,908,1421,1162,122,1,257,576,502,205,39,6,167,332,919,957,83
2020,3,D,발달상권,2120044,삼각지역,1611,1164,447,5,313,408,385,330,170,5,185,303,315,234,122,0,128,105,70,96,48
2020,3,D,발달상권,2120043,서울역,22578,15322,7256,58,4087,7782,5513,3664,1474,27,2087,4897,4201,3033,1077,31,2000,2885,1312,631,397
2020,3,D,발달상권,2120042,"숙대입구역(남영역, 남영동)",4057,2797,1260,20,750,1490,1024,558,215,8,370,894,831,510,184,12,380,596,193,48,31
2020,3,D,발달상권,2120041,신용산역(용산역),16270,5741,10529,72,4012,5520,4509,1569,588,25,1308,1921,1510,595,382,47,2704,3599,2999,974,206
2020,3,D,발달상권,2120040,용산전자상가(용산역),8014,5960,2054,43,1390,2727,2224,1236,394,30,882,2007,1729,997,315,13,508,720,495,239,79
2020,3,D,발달상권,2120039,신당역,2321,1230,1091,31,793,486,404,333,274,11,347,244,225,219,184,20,446,242,179,114,90
2020,3,D,발달상권,2120038,약수역,2289,1360,929,7,436,739,579,320,208,1,189,451,383,195,141,6,247,288,196,125,67
2020,3,D,발달상권,2120037,동대문역사문화공원역,35320,17057,18263,421,11234,9194,6981,5237,2253,180,5605,5543,3901,1328,500,241,5629,3651,3080,3909,1753
2020,3,D,발달상권,2120036,장충동족발거리(남소영길),2289,1090,1199,14,616,783,556,223,97,0,122,393,365,155,55,14,494,390,191,68,42
2020,3,D,발달상권,2120035,퇴계로5가,2257,1368,889,7,650,570,525,321,184,3,282,379,388,200,116,4,368,191,137,121,68
2020,3,D,발달상권,2120034,중구청(퇴계로4가),1538,1044,494,7,107,227,400,437,360,5,47,128,262,325,277,2,60,99,138,112,83
2020,3,D,발달상권,2120033,을지로4가역,874,443,431,7,128,213,194,204,128,1,45,108,99,91,99,6,83,105,95,113,29
2020,3,D,발달상권,2120032,충무로역,11403,5304,6099,36,1756,2560,3266,2711,1074,15,589,1271,1554,1201,674,21,1167,1289,1712,1510,400
2020,3,D,발달상권,2120031,을지로3가역,6147,3450,2697,9,699,1541,1643,1286,969,0,223,730,924,892,681,9,476,811,719,394,288
2020,3,D,발달상권,2120030,중부경찰서(영화인의거리),11889,6798,5091,53,2154,3638,3423,1960,661,16,721,2139,2092,1366,464,37,1433,1499,1331,594,197
2020,3,D,발달상권,2120029,을지로2가,7461,4461,3000,27,1938,2808,1698,798,192,7,787,1650,1165,693,159,20,1151,1158,533,105,33
2020,3,D,발달상권,2120028,명동(명동거리),12797,7708,5089,41,2137,3592,3670,2246,1111,16,1028,1982,2334,1641,707,25,1109,1610,1336,605,404
2020,3,D,발달상권,2120027,명동역(명동재미로),18097,8477,9620,67,2695,5851,6070,3074,340,9,859,2588,2522,2321,178,58,1836,3263,3548,753,162
2020,3,D,발달상권,2120026,을지로입구역,30610,18501,12109,14,4275,11589,8473,5661,598,4,1729,5846,5959,4562,401,10,2546,5743,2514,1099,197
2020,3,D,발달상권,2120025,롯데백화점(시청광장 지하쇼핑센터),22641,6272,16369,229,12750,7002,1623,944,93,71,3075,2028,779,248,71,158,9675,4974,844,696,22
2020,3,D,발달상권,2120024,회현역,2167,1364,803,2,341,795,582,250,197,1,146,473,416,192,136,1,195,322,166,58,61
2020,3,D,발달상권,2120023,서울시청,10242,5534,4708,15,2234,3260,2778,1425,530,4,852,1657,1658,983,380,11,1382,1603,1120,442,150
2020,3,D,발달상권,2120022,북창동(시청역_6번),5197,3160,2037,24,1010,1611,1149,767,636,2,391,936,852,543,436,22,619,675,297,224,200
2020,3,D,발달상권,2120021,시청역_8번,24117,15220,8897,74,4137,8250,7186,3526,944,13,1738,4529,5241,3020,679,61,2399,3721,1945,506,265
2020,3,D,발달상권,2120020,시청역_1번,10375,7489,2886,40,2120,3185,2952,1721,357,21,1118,2220,2480,1370,280,19,1002,965,472,351,77
2020,3,D,발달상권,2120019,경찰청앞교차로,5958,3146,2812,26,1051,2221,1625,793,242,8,274,1044,982,619,219,18,777,1177,643,174,23
2020,3,D,발달상권,2120018,중림동,2187,1366,821,2,393,736,598,293,165,2,207,425,357,237,138,0,186,311,241,56,27
2020,3,D,발달상권,2120017,동묘앞역(동묘),626,149,477,0,62,124,251,120,69,0,7,33,35,27,47,0,55,91,216,93,22
2020,3,D,발달상권,2120016,동대문역,193,120,73,1,10,27,45,44,66,0,6,14,20,31,49,1,4,13,25,13,17
2020,3,D,발달상권,2120015,종로6가,302,153,149,0,49,64,69,65,55,0,17,23,27,42,44,0,32,41,42,23,11
2020,3,D,발달상권,2120014,종로5가역,4887,2839,2048,375,1123,1351,1205,597,236,112,456,860,851,397,163,263,667,491,354,200,73
2020,3,D,발달상권,2120013,이화사거리,7552,5465,2087,8,1309,2510,2065,1290,370,1,628,1731,1677,1167,261,7,681,779,388,123,109
2020,3,D,발달상권,2120012,대학로(혜화역),2061,929,1132,10,357,603,507,318,266,5,105,208,252,171,188,5,252,395,255,147,78
2020,3,D,발달상권,2120011,종로4가,2980,1663,1317,5,420,1022,880,514,139,0,165,497,518,378,105,5,255,525,362,136,34
2020,3,D,발달상권,2120010,원남동사거리,4107,2297,1810,50,1544,1305,655,383,170,2,585,793,487,297,133,48,959,512,168,86,37
2020,3,D,발달상권,2120009,종로3가역,8495,4786,3709,19,1355,2296,2026,1582,1217,8,563,1230,1198,953,834,11,792,1066,828,629,383
2020,3,D,발달상권,2120008,인사동,22070,13019,9051,1263,7895,5069,3940,2756,1147,589,4005,3077,2666,2006,676,674,3890,1992,1274,750,471
2020,3,D,발달상권,2120007,북촌(안국역),10172,8081,2091,7,1112,3577,3084,1913,479,5,623,2851,2568,1659,375,2,489,726,516,254,104
2020,3,D,발달상권,2120006,종각역,33181,16028,17153,59,5900,11133,9928,5489,672,14,2254,4920,4677,3672,491,45,3646,6213,5251,1817,181
2020,3,D,발달상권,2120005,삼청동,3053,2795,258,1,399,712,898,817,226,0,340,633,848,776,198,1,59,79,50,41,28
2020,3,D,발달상권,2120004,종로구청,12937,7078,5859,9,1442,4392,4485,2080,529,4,432,2050,2756,1493,343,5,1010,2342,1729,587,186
2020,3,D,발달상권,2120003,광화문역,44202,27021,17181,79,6413,12958,13138,8070,3544,12,2655,7612,8988,5645,2109,67,3758,5346,4150,2425,1435
2020,3,D,발달상권,2120002,서촌(경복궁역),2008,1079,929,37,492,680,426,224,149,0,190,388,263,133,105,37,302,292,163,91,44
2020,3,D,발달상권,2120001,서대문역,1510,1022,488,1,265,530,359,278,77,1,106,344,272,237,62,0,159,186,87,41,15
2020,3,A,골목상권,2111090,강일동주민센터,91,35,56,0,15,30,23,17,6,0,1,10,10,10,4,0,14,20,13,7,2
2020,3,A,골목상권,2111089,상일여고(상일초등학교),758,508,250,0,51,131,184,236,156,0,32,81,128,155,112,0,19,50,56,81,44
2020,3,A,골목상권,2111088,고덕동성당,123,54,69,0,15,32,32,31,13,0,4,15,10,15,10,0,11,17,22,16,3
2020,3,A,골목상권,2111087,고덕중학교(고덕2동주민센터),197,89,108,0,26,46,62,36,27,0,5,21,26,17,20,0,21,25,36,19,7
2020,3,A,골목상권,2111086,한영중고,297,202,95,1,27,45,73,101,50,1,17,22,52,69,41,0,10,23,21,32,9
2020,3,A,골목상권,2111085,묘곡초등학교(고덕아이파크아파트),800,452,348,0,68,111,152,196,273,0,35,72,80,84,181,0,33,39,72,112,92
2020,3,A,골목상권,2111084,길동신동아아파트,169,104,65,2,27,32,37,58,13,2,21,23,24,25,9,0,6,9,13,33,4
2020,3,A,골목상권,2111083,GS강동자이아파트,411,245,166,0,67,62,70,100,112,0,47,43,41,44,70,0,20,19,29,56,42
2020,3,A,골목상권,2111082,중앙보훈병원,64,44,20,0,3,9,11,23,18,0,1,3,5,18,17,0,2,6,6,5,1
2020,3,A,골목상권,2111081,둔촌푸르지오아파트,78,50,28,0,8,17,18,18,17,0,4,12,13,6,15,0,4,5,5,12,2
2020,3,A,골목상권,2111080,굽은다리역 3번,434,235,199,0,44,77,100,110,103,0,12,52,63,58,50,0,32,25,37,52,53
2020,3,A,골목상권,2111079,둔촌고등학교(둔촌중학교),395,202,193,1,52,59,66,79,138,1,32,35,35,28,71,0,20,24,31,51,67
2020,3,A,골목상권,2111078,굽은다리역 4번,1728,1017,711,1,135,299,374,480,439,1,75,185,212,270,274,0,60,114,162,210,165
2020,3,A,골목상권,2111077,길동주민센터(강동도서관),1272,737,535,4,121,258,294,321,274,1,49,138,167,188,194,3,72,120,127,133,80
2020,3,A,골목상권,2111076,둔촌2동주민센터,297,174,123,0,25,49,61,86,76,0,14,24,34,39,63,0,11,25,27,47,13
2020,3,A,골목상권,2111075,굽은다리역 2번,192,115,77,0,14,42,52,54,30,0,14,28,24,33,16,0,0,14,28,21,14
2020,3,A,골목상권,2111074,명일역 1번,148,77,71,2,31,38,40,16,21,1,9,23,23,10,11,1,22,15,17,6,10
2020,3,A,골목상권,2111073,둔촌동역 1번(한산중학교),973,578,395,1,134,224,250,206,158,1,58,122,160,124,113,0,76,102,90,82,45
2020,3,A,골목상권,2111072,굽은다리역 1번(십자성마을),739,467,272,1,56,119,199,185,179,0,18,70,114,126,139,1,38,49,85,59,40
2020,3,A,골목상권,2111071,천동초등학교,76,52,24,0,4,15,21,25,11,0,4,6,18,16,8,0,0,9,3,9,3
2020,3,A,골목상권,2111070,천호초등학교,127,73,54,1,7,23,40,28,28,0,3,10,23,17,20,1,4,13,17,11,8
2020,3,A,골목상권,2111069,천호1동주민센터,79,54,25,0,8,17,17,26,11,0,4,12,14,14,10,0,4,5,3,12,1
2020,3,A,골목상권,2111068,강동성심병원,1570,605,965,0,532,392,271,203,172,0,126,134,114,101,130,0,406,258,157,102,42
2020,3,A,골목상권,2111067,강동구립성내도서관,746,414,332,2,73,149,192,177,153,1,36,98,107,84,88,1,37,51,85,93,65
2020,3,A,골목상권,2111066,암사동성당(효정하나플러스아파트),395,235,160,3,40,95,100,106,51,0,9,46,65,84,31,3,31,49,35,22,20
2020,3,A,골목상권,2111065,천일초등학교,75,34,41,2,6,20,18,22,7,2,5,10,7,5,5,0,1,10,11,17,2
2020,3,A,골목상권,2111064,둔촌동역 4번,157,98,59,0,13,34,47,40,23,0,3,21,30,28,16,0,10,13,17,12,7
2020,3,A,골목상권,2111063,강동구립 천호도서관,368,182,186,0,25,44,81,85,133,0,5,15,21,30,111,0,20,29,60,55,22
2020,3,A,골목상권,2111062,둔촌동역 3번(성내3동주민센터),751,501,250,5,134,198,194,144,76,5,81,139,126,91,59,0,53,59,68,53,17
2020,3,A,골목상권,2111061,암사역 1번,831,551,280,0,149,186,182,170,144,0,82,128,126,125,90,0,67,58,56,45,54
2020,3,A,골목상권,2111060,암사역 2번(서울강동초등학교),871,457,414,1,101,210,241,202,116,1,41,96,131,107,81,0,60,114,110,95,35
2020,3,A,골목상권,2111059,강동역 4번(강풀만화거리),819,430,389,3,90,160,193,170,203,1,48,75,93,94,119,2,42,85,100,76,84
2020,3,A,골목상권,2111058,성내중학교,451,317,134,0,51,92,129,121,58,0,37,63,90,82,45,0,14,29,39,39,13
2020,3,A,골목상권,2111057,천호공원(해공체육문화센터),255,113,142,2,53,50,64,61,25,2,15,19,30,33,14,0,38,31,34,28,11
2020,3,A,골목상권,2111056,천호태영아파트,191,53,138,0,27,35,64,36,29,0,4,5,19,15,10,0,23,30,45,21,19
2020,3,A,골목상권,2111055,선사초등학교,673,29,644,0,14,28,137,373,121,0,4,7,8,6,4,0,10,21,129,367,117
2020,3,A,골목상권,2111054,암사역 4번(삼성광나루아파트),104,42,62,0,14,18,19,12,41,0,4,12,7,5,14,0,10,6,12,7,27
2020,3,A,골목상권,2111053,성내천어린이공원(하니사랑길),6288,4564,1724,6,799,940,1025,1564,1954,3,542,693,750,1053,1523,3,257,247,275,511,431
2020,3,A,골목상권,2111052,암사역 3번(천호동자전거거리),357,228,129,1,26,71,117,94,48,1,11,47,76,58,35,0,15,24,41,36,13
2020,3,A,골목상권,2111051,천호역 6번,407,252,155,2,65,80,90,88,82,1,44,56,58,47,46,1,21,24,32,41,36
2020,3,A,골목상권,2111050,강동구청(강동구청역 2번),131,96,35,0,21,14,21,32,43,0,12,5,12,27,40,0,9,9,9,5,3
2020,3,A,골목상권,2111049,천호지구대(천호동자전거거리),507,277,230,2,75,90,96,118,126,0,36,50,40,68,83,2,39,40,56,50,43
2020,3,A,골목상권,2111048,천호역 1번(천호문구완구거리),189,104,85,3,18,52,45,45,26,2,10,24,26,25,17,1,8,28,19,20,9
2020,3,A,골목상권,2111047,마천1치안센터,111,73,38,0,9,17,34,34,17,0,6,14,19,22,12,0,3,3,15,12,5
2020,3,A,골목상권,2111046,마천역(마천초등학교),705,400,305,2,76,145,170,193,119,1,47,85,83,94,90,1,29,60,87,99,29
2020,3,A,골목상권,2111045,개미어린이공원,36,18,18,0,2,7,12,12,3,0,1,1,7,7,2,0,1,6,5,5,1
2020,3,A,골목상권,2111044,남천초등학교,557,264,293,1,95,146,167,113,35,0,35,71,76,56,26,1,60,75,91,57,9
2020,3,A,골목상권,2111043,마천공원,32,13,19,0,1,3,7,12,9,0,0,0,1,6,6,0,1,3,6,6,3
2020,3,A,골목상권,2111042,거여역 1번(거여공원),867,597,270,3,147,186,247,200,84,3,121,134,159,130,50,0,26,52,88,70,34
2020,3,A,골목상권,2111041,거여역 8번,428,350,78,1,102,124,87,64,50,1,84,98,72,51,44,0,18,26,15,13,6
2020,3,A,골목상권,2111040,거여초등학교,346,137,209,0,26,86,124,77,33,0,9,27,48,30,23,0,17,59,76,47,10
2020,3,A,골목상권,2111039,벌말어린이공원,485,353,132,8,85,125,121,94,52,8,51,89,88,72,45,0,34,36,33,22,7
2020,3,A,골목상권,2111038,보인중학교,416,270,146,0,26,66,113,123,88,0,11,38,85,88,48,0,15,28,28,35,40
2020,3,A,골목상권,2111037,Sh수협은행 오금동금융센터(아랫말어린이공원),373,243,130,0,37,103,90,93,50,0,25,84,60,43,31,0,12,19,30,50,19
2020,3,A,골목상권,2111036,투구봉어린이공원,209,119,90,1,22,40,55,62,29,1,7,20,26,39,26,0,15,20,29,23,3
2020,3,A,골목상권,2111035,오금공원(오주중학교),531,398,133,0,41,90,148,148,104,0,32,66,121,102,77,0,9,24,27,46,27
2020,3,A,골목상권,2111034,오동나무공원(송파레미니스1단지),1443,1020,423,3,244,367,352,318,159,3,155,253,264,223,122,0,89,114,88,95,37
2020,3,A,골목상권,2111033,문정동성당,70,30,40,0,5,4,16,16,29,0,2,3,8,9,8,0,3,1,8,7,21
2020,3,A,골목상권,2111032,방이역 1번,3885,2552,1333,4,235,340,605,719,1982,3,139,237,411,469,1293,1,96,103,194,250,689
2020,3,A,골목상권,2111031,장지동주민센터(한림연예예술고교),3127,2317,810,8,263,415,651,857,933,2,170,330,497,648,670,6,93,85,154,209,263
2020,3,A,골목상권,2111030,방이역 2번,665,419,246,1,57,107,147,217,136,0,28,68,94,128,101,1,29,39,53,89,35
2020,3,A,골목상권,2111029,오금역 4번,427,314,113,3,71,108,91,79,75,1,51,81,67,55,59,2,20,27,24,24,16
2020,3,A,골목상권,2111028,문현중학교(장지역 1번),424,194,230,0,54,66,132,116,56,0,29,36,49,50,30,0,25,30,83,66,26
2020,3,A,골목상권,2111027,문정초등학교,1403,775,628,3,148,289,326,247,390,1,67,160,211,126,210,2,81,129,115,121,180
2020,3,A,골목상권,2111026,문정역 2번,2304,1506,798,7,431,634,546,428,258,3,236,427,385,239,216,4,195,207,161,189,42
2020,3,A,골목상권,2111025,경찰병원역 3번,686,412,274,1,84,164,149,157,131,0,45,102,103,88,74,1,39,62,46,69,57
2020,3,A,골목상권,2111024,경찰병원역 4번(건너말공원),240,150,90,0,27,53,63,68,29,0,16,33,45,35,21,0,11,20,18,33,8
2020,3,A,골목상권,2111023,문정역 1번,939,576,363,2,133,202,263,204,135,0,86,139,184,100,67,2,47,63,79,104,68
2020,3,A,골목상권,2111022,석촌중학교(방이육교),567,255,312,1,48,105,141,206,66,0,28,66,72,57,32,1,20,39,69,149,34
2020,3,A,골목상권,2111021,방이역 4번,7674,5867,1807,22,792,1328,1977,2139,1416,15,392,911,1551,1769,1229,7,400,417,426,370,187
2020,3,A,골목상권,2111020,방이동고분군(방산고등학교),304,225,79,1,20,103,84,54,42,0,7,73,64,48,33,1,13,30,20,6,9
2020,3,A,골목상권,2111019,한성백제역 3번,1524,1000,524,2,207,448,428,254,185,2,103,303,300,164,128,0,104,145,128,90,57
2020,3,A,골목상권,2111018,풍납초등학교(풍납백제문화공원),26,23,3,0,1,5,10,6,4,0,1,4,8,6,4,0,0,1,2,0,0
2020,3,A,골목상권,2111017,송파나루역 3번,688,480,208,5,317,167,84,70,45,4,217,116,53,50,40,1,100,51,31,20,5
2020,3,A,골목상권,2111016,송파역 2번,3803,1601,2202,15,1126,1104,801,601,156,8,407,533,427,165,61,7,719,571,374,436,95
2020,3,A,골목상권,2111015,석촌역 3번,1352,778,574,1,151,315,350,351,184,1,72,199,216,181,109,0,79,116,134,170,75
2020,3,A,골목상권,2111014,송파나루역 2번,525,275,250,1,43,76,121,190,94,0,21,42,69,83,60,1,22,34,52,107,34
2020,3,A,골목상권,2111013,송파나루역 1번(송리단길),2234,1456,778,8,320,568,650,435,253,3,160,384,445,290,174,5,160,184,205,145,79
2020,3,A,골목상권,2111012,석촌역 6번,732,332,400,2,91,127,180,183,149,2,23,56,83,93,75,0,68,71,97,90,74
2020,3,A,골목상권,2111011,잠실나루역,9608,7747,1861,42,1275,3018,2795,2046,432,18,924,2492,2309,1674,330,24,351,526,486,372,102
2020,3,A,골목상권,2111010,석촌역 7번,1428,975,453,3,162,289,351,325,298,1,88,176,244,224,242,2,74,113,107,101,56
2020,3,A,골목상권,2111009,송파책박물관,127,92,35,1,13,38,27,22,26,0,11,32,17,14,18,1,2,6,10,8,8
2020,3,A,골목상권,2111008,석촌고분역 3번,1600,1210,390,1,185,292,294,400,428,1,151,243,216,259,340,0,34,49,78,141,88
2020,3,A,골목상권,2111007,석촌고분역 4번,936,480,456,0,107,215,255,242,117,0,43,116,142,109,70,0,64,99,113,133,47
2020,3,A,골목상권,2111006,석촌고분역 1번,1112,721,391,0,127,292,337,203,153,0,56,169,242,135,119,0,71,123,95,68,34
2020,3,A,골목상권,2111005,삼전역 3번,1865,1358,507,0,320,617,459,302,167,0,215,449,339,222,133,0,105,168,120,80,34
2020,3,A,골목상권,2111004,삼전역 1번,2036,1331,705,13,263,407,504,376,473,0,108,261,337,239,386,13,155,146,167,137,87
2020,3,A,골목상권,2111003,삼전역 4번,1991,1333,658,6,249,412,547,436,341,1,160,278,331,307,256,5,89,134,216,129,85
2020,3,A,골목상권,2111002,한국교통안전공단 강남자동차검사소,317,115,202,0,22,63,65,96,71,0,7,31,21,26,30,0,15,32,44,70,41
2020,3,A,골목상권,2111001,아래방죽마을공원(율현초등학교),70,44,26,0,2,10,16,22,20,0,1,7,13,13,10,0,1,3,3,9,10
2020,3,A,골목상권,2111000,대왕초등학교(세곡동사거리서남측),39,20,19,0,7,10,12,8,2,0,0,4,10,4,2,0,7,6,2,4,0
2020,3,A,골목상권,2110999,윗방죽마을공원,268,130,138,2,19,43,44,83,77,1,12,27,27,39,24,1,7,16,17,44,53
2020,3,A,골목상권,2110998,은곡마을(은곡마을공원),23,15,8,0,2,8,6,5,2,0,0,4,5,5,1,0,2,4,1,0,1
2020,3,A,골목상권,2110997,대청초등학교,1724,959,765,4,230,291,391,383,425,2,111,162,200,210,274,2,119,129,191,173,151
2020,3,A,골목상권,2110996,대치2동주민센터,1959,1227,732,2,83,278,351,342,903,0,48,209,277,247,446,2,35,69,74,95,457
2020,3,A,골목상권,2110995,봉은사역 4번,5085,3711,1374,9,978,2002,1271,637,188,2,575,1477,990,523,144,7,403,525,281,114,44
2020,3,A,골목상권,2110994,개포고등학교,494,382,112,7,65,161,123,110,28,4,47,134,103,73,21,3,18,27,20,37,7
2020,3,A,골목상권,2110993,개포지하차도 북측,70,53,17,0,3,9,19,23,16,0,2,7,16,18,10,0,1,2,3,5,6
2020,3,A,골목상권,2110992,도곡초등학교,2179,1144,1035,3,269,440,484,524,459,1,108,253,258,260,264,2,161,187,226,264,195
2020,3,A,골목상권,2110991,삼성중앙역 5번,1246,794,452,1,111,415,339,275,105,1,28,243,229,216,77,0,83,172,110,59,28
2020,3,A,골목상권,2110990,청담역 12번,262,109,153,2,61,92,56,36,15,0,12,32,29,23,13,2,49,60,27,13,2
2020,3,A,골목상권,2110989,대치동아우편취급국,444,270,174,9,90,148,75,68,54,0,43,102,43,44,38,9,47,46,32,24,16
2020,3,A,골목상권,2110988,청담역 3번,1594,1016,578,1,243,425,364,346,215,1,82,247,247,262,177,0,161,178,117,84,38
2020,3,A,골목상권,2110987,영동대교남단,473,237,236,2,91,86,93,107,94,1,46,51,44,40,55,1,45,35,49,67,39
2020,3,A,골목상권,2110986,삼성중앙역 7번,90,59,31,0,9,18,36,19,8,0,3,6,29,15,6,0,6,12,7,4,2
2020,3,A,골목상권,2110985,청담근린공원,1338,948,390,0,193,447,374,226,98,0,98,346,275,157,72,0,95,101,99,69,26
2020,3,A,골목상권,2110984,포이초등학교(개포목련어린이공원),1556,1046,510,2,236,342,331,306,339,0,140,241,211,199,255,2,96,101,120,107,84
2020,3,A,골목상권,2110983,국립국악고등학교,783,534,249,6,126,212,125,145,169,2,44,137,94,111,146,4,82,75,31,34,23
2020,3,A,골목상권,2110982,강남구보훈회관,166,74,92,0,31,34,41,41,19,0,7,13,25,14,15,0,24,21,16,27,4
2020,3,A,골목상권,2110981,국악고교사거리,361,216,145,2,57,77,110,81,34,0,27,36,72,56,25,2,30,41,38,25,9
2020,3,A,골목상권,2110980,개포지구대옆,663,482,181,0,90,198,202,111,62,0,45,142,168,72,55,0,45,56,34,39,7
2020,3,A,골목상권,2110979,청담초등학교,2996,1912,1084,4,522,922,768,567,213,4,228,628,535,343,174,0,294,294,233,224,39
2020,3,A,골목상권,2110978,도곡2동주민센터(대치중학교),331,186,145,0,46,70,72,114,29,0,20,41,47,62,16,0,26,29,25,52,13
2020,3,A,골목상권,2110977,논현로18길,148,102,46,0,22,32,45,29,20,0,14,20,33,20,15,0,8,12,12,9,5
2020,3,A,골목상권,2110976,언북초등학교,578,332,246,1,111,188,126,86,66,0,41,115,83,49,44,1,70,73,43,37,22
2020,3,A,골목상권,2110975,매봉역 1번,10837,6932,3905,34,2175,2199,3202,3019,208,21,1010,1161,2184,2402,154,13,1165,1038,1018,617,54
2020,3,A,골목상권,2110974,언주중학교,292,179,113,3,60,72,89,44,24,3,27,43,62,28,16,0,33,29,27,16,8
2020,3,A,골목상권,2110973,강남구청역 4번,1451,786,665,4,275,333,289,271,279,1,146,203,162,130,144,3,129,130,127,141,135
2020,3,A,골목상권,2110972,강남세브란스병원미래의학연구센터,2628,1440,1188,17,539,669,692,581,130,4,240,428,438,258,72,13,299,241,254,323,58
2020,3,A,골목상권,2110971,선정릉역 4번,1542,900,642,11,278,455,380,254,164,6,140,270,245,120,119,5,138,185,135,134,45
2020,3,A,골목상권,2110970,학동초등학교,378,236,142,1,66,98,102,65,46,0,27,49,66,57,37,1,39,49,36,8,9
2020,3,A,골목상권,2110969,베르사이유1아파트,1546,1230,316,4,231,442,483,285,101,2,165,345,402,239,77,2,66,97,81,46,24
2020,3,A,골목상권,2110968,강남구청역 2번,1023,596,427,7,327,204,133,121,231,4,177,117,81,68,149,3,150,87,52,53,82
2020,3,A,골목상권,2110967,역삼역 8번,377,228,149,0,63,92,89,92,41,0,31,51,60,56,30,0,32,41,29,36,11
2020,3,A,골목상권,2110966,논현2동주민센터,1637,1017,620,18,470,498,300,218,133,7,256,298,200,147,109,11,214,200,100,71,24
2020,3,A,골목상권,2110965,언주역 6번,1139,788,351,1,174,379,378,142,65,1,104,276,284,74,49,0,70,103,94,68,16
2020,3,A,골목상권,2110964,싸리고개근린공원,217,124,93,0,29,60,59,34,35,0,8,32,36,23,25,0,21,28,23,11,10
2020,3,A,골목상권,2110963,역삼월드메르디앙아파트,780,547,233,1,126,185,226,154,88,0,79,146,171,97,54,1,47,39,55,57,34
2020,3,A,골목상권,2110962,도산공원북측,557,487,70,1,66,80,242,144,24,0,45,70,226,130,16,1,21,10,16,14,8
2020,3,A,골목상권,2110961,언주역 3번,962,673,289,5,172,286,248,140,111,3,97,184,187,112,90,2,75,102,61,28,21
2020,3,A,골목상권,2110960,은광여고,1522,692,830,5,207,255,373,502,180,4,55,110,190,212,121,1,152,145,183,290,59
2020,3,A,골목상권,2110959,신구중학교,271,140,131,0,14,66,82,79,30,0,7,36,49,29,19,0,7,30,33,50,11
2020,3,A,골목상권,2110958,역삼역 4번,994,759,235,1,96,197,300,295,105,1,46,133,254,240,85,0,50,64,46,55,20
2020,3,A,골목상권,2110957,언북중학교,1251,831,420,1,262,379,317,147,145,1,146,241,215,109,119,0,116,138,102,38,26
2020,3,A,골목상권,2110956,언주역 8번,1199,758,441,4,361,471,199,87,77,2,158,307,163,70,58,2,203,164,36,17,19
2020,3,A,골목상권,2110955,논현초등학교,3430,2238,1192,19,719,823,793,625,451,13,417,568,554,389,297,6,302,255,239,236,154
2020,3,A,골목상권,2110954,국기원,636,445,191,0,89,142,187,94,124,0,35,97,161,74,78,0,54,45,26,20,46
2020,3,A,골목상권,2110953,학동근린공원,2487,1583,904,15,679,891,571,218,113,0,336,572,409,180,86,15,343,319,162,38,27
2020,3,A,골목상권,2110952,논현목련공원,117,65,52,0,21,23,27,22,24,0,9,13,13,14,16,0,12,10,14,8,8
2020,3,A,골목상권,2110951,신사은행나무공원,273,75,198,0,35,83,96,51,8,0,6,24,27,15,3,0,29,59,69,36,5
2020,3,A,골목상권,2110950,논현역 7번,2981,1929,1052,1,829,1305,518,230,98,0,418,886,383,173,69,1,411,419,135,57,29
2020,3,A,골목상권,2110949,한남IC,1683,1193,490,5,288,565,435,305,85,2,112,398,347,261,73,3,176,167,88,44,12
2020,3,A,골목상권,2110947,청계산입구역 2번(내곡동주민센터),121,48,73,0,19,18,29,21,34,0,9,9,15,7,8,0,10,9,14,14,26
2020,3,A,골목상권,2110946,청계산원터골,48,24,24,0,2,6,8,16,16,0,2,3,6,3,10,0,0,3,2,13,6
2020,3,A,골목상권,2110945,본마을노인복지센터(서초구립내곡도서관),191,114,77,3,44,57,37,33,17,3,14,31,25,28,13,0,30,26,12,5,4
2020,3,A,골목상권,2110944,서울나래학교(염곡어린이공원),1053,735,318,10,133,246,201,217,246,8,98,194,153,139,143,2,35,52,48,78,103
2020,3,A,골목상권,2110943,법제교육센터(버들어린이공원),1122,578,544,1,67,165,357,323,209,1,36,99,151,140,151,0,31,66,206,183,58
2020,3,A,골목상권,2110942,염곡동 구룡사(포이동성당),3242,1952,1290,7,578,932,791,613,321,3,328,587,461,351,222,4,250,345,330,262,99
2020,3,A,골목상권,2110941,언남고등학교,261,158,103,0,33,46,89,58,35,0,14,26,51,40,27,0,19,20,38,18,8
2020,3,A,골목상권,2110940,양재근린공원(양재2동주민센터),1043,755,288,9,186,346,264,145,93,8,116,256,200,103,72,1,70,90,64,42,21
2020,3,A,골목상권,2110939,양재역 8번(양재동우체국),5945,4103,1842,23,971,1415,1465,1168,903,15,500,989,1056,798,745,8,471,426,409,370,158
2020,3,A,골목상권,2110938,바우뫼공원,1784,1137,647,1,294,551,489,326,123,0,172,392,303,169,101,1,122,159,186,157,22
2020,3,A,골목상권,2110937,방아다리근린공원(횃불트리니티신학대학원대학교),2465,1270,1195,7,634,861,542,318,103,6,246,507,335,113,63,1,388,354,207,205,40
2020,3,A,골목상권,2110936,더케이호텔(양재리본타워2단지아파트),832,552,280,3,109,260,215,175,70,0,53,154,159,131,55,3,56,106,56,44,15
2020,3,A,골목상권,2110935,한전아트센터,379,264,115,2,53,108,105,72,39,2,33,82,75,46,26,0,20,26,30,26,13
2020,3,A,골목상권,2110934,우면주공아파트,998,677,321,6,198,291,253,164,86,5,83,217,195,113,64,1,115,74,58,51,22
2020,3,A,골목상권,2110933,한국상담대학원대학교,679,60,619,0,344,156,86,63,30,0,10,15,15,5,15,0,334,141,71,58,15
2020,3,A,골목상권,2110932,서울시인재개발원,532,384,148,2,128,170,127,64,41,2,76,116,100,54,36,0,52,54,27,10,5
2020,3,A,골목상권,2110931,삼성전자서울R&D(서울우면초등학교),100,51,49,0,37,31,18,7,7,0,12,16,10,7,6,0,25,15,8,0,1
2020,3,A,골목상권,2110930,서초동성당,2178,1774,404,8,284,588,694,433,171,2,190,448,591,393,150,6,94,140,103,40,21
2020,3,A,골목상권,2110929,남부터미널역 1번,21130,10703,10427,21,4446,4558,3912,7143,1050,4,1209,1890,1718,5123,759,17,3237,2668,2194,2020,291
2020,3,A,골목상권,2110928,서초우방유쉘아파트,596,491,105,1,57,109,125,205,99,1,29,76,109,190,86,0,28,33,16,15,13
2020,3,A,골목상권,2110927,잠원역,745,553,192,2,93,342,198,98,12,2,82,218,159,81,11,0,11,124,39,17,1
2020,3,A,골목상권,2110926,신중초등학교,1610,1175,435,6,193,359,463,382,207,3,114,263,355,292,148,3,79,96,108,90,59
2020,3,A,골목상권,2110925,서초중학교,873,496,377,0,104,137,244,222,166,0,38,65,146,132,115,0,66,72,98,90,51
2020,3,A,골목상권,2110924,반포4동주민센터(몽마르뜨공원),1330,886,444,5,203,305,407,298,112,1,85,181,300,236,83,4,118,124,107,62,29
2020,3,A,골목상권,2110923,방배역 1번,210,153,57,0,34,56,55,41,24,0,21,38,42,34,18,0,13,18,13,7,6
2020,3,A,골목상권,2110922,내방역 1번,224,114,110,1,42,48,47,43,43,0,13,23,27,23,28,1,29,25,20,20,15
2020,3,A,골목상권,2110921,서울프랑스학교,522,321,201,7,63,71,118,142,121,2,30,43,82,90,74,5,33,28,36,52,47
2020,3,A,골목상권,2110920,방배역 2번(백석예술대학교),359,205,154,0,23,53,125,118,40,0,5,29,65,75,31,0,18,24,60,43,9
2020,3,A,골목상권,2110919,내방역 8번,1539,1126,413,3,142,311,413,419,251,1,60,179,331,354,201,2,82,132,82,65,50
2020,3,A,골목상권,2110918,방배역 3번,682,438,244,3,98,127,164,142,148,2,59,85,108,86,98,1,39,42,56,56,50
2020,3,A,골목상권,2110917,서초소방서,1505,939,566,6,157,432,402,355,153,2,72,281,295,181,108,4,85,151,107,174,45
2020,3,A,골목상권,2110916,내방역 4번,1152,592,560,9,216,272,301,208,146,6,58,167,187,91,83,3,158,105,114,117,63
2020,3,A,골목상권,2110915,서래초등학교,2807,2202,605,14,421,877,1027,379,89,11,280,648,849,336,78,3,141,229,178,43,11
2020,3,A,골목상권,2110914,내방역 6번,146,116,30,0,26,31,37,26,26,0,17,26,26,24,23,0,9,5,11,2,3
2020,3,A,골목상권,2110913,방현초등학교(방배119안전센터),3305,2117,1188,7,572,1265,879,376,206,4,272,824,627,237,153,3,300,441,252,139,53
2020,3,A,골목상권,2110912,방배동사이길,210,128,82,3,33,45,53,42,34,2,16,27,39,21,23,1,17,18,14,21,11
2020,3,A,골목상권,2110911,방배배수지체육공원,29,22,7,0,6,3,7,5,8,0,6,2,4,4,6,0,0,1,3,1,2
2020,3,A,골목상권,2110910,내방역 5번,614,240,374,5,72,124,157,176,80,3,30,69,52,49,37,2,42,55,105,127,43
2020,3,A,골목상권,2110909,남태령역(서울전자고등학교),132,97,35,1,11,29,23,34,34,1,4,19,16,29,28,0,7,10,7,5,6
2020,3,A,골목상권,2110908,구반포역,1525,377,1148,0,66,111,397,806,145,0,42,54,71,141,69,0,24,57,326,665,76
2020,3,A,골목상권,2110907,방배초등학교,878,506,372,8,144,197,239,157,133,5,66,109,122,99,105,3,78,88,117,58,28
2020,3,A,골목상권,2110906,서문여고,683,362,321,2,217,106,119,106,133,0,59,58,72,62,111,2,158,48,47,44,22
2020,3,A,골목상권,2110905,방배노인종합복지관(이수중학교),287,176,111,1,36,71,71,63,45,0,18,38,45,41,34,1,18,33,26,22,11
2020,3,A,골목상권,2110904,이수역 5번,835,468,367,4,167,217,239,139,69,1,90,125,135,59,58,3,77,92,104,80,11
2020,3,A,골목상권,2110903,방배아이파크아파트,7222,2653,4569,7,1242,1778,2487,1322,386,1,333,597,951,599,172,6,909,1181,1536,723,214
2020,3,A,골목상권,2110902,사당역 4번,1201,739,462,1,193,270,296,250,191,0,84,171,204,158,122,1,109,99,92,92,69
2020,3,A,골목상권,2110901,인헌고등학교(인헌중학교),262,154,108,3,44,64,75,55,21,3,23,40,40,32,16,0,21,24,35,23,5
2020,3,A,골목상권,2110900,낙성대역 1번(관악구민 종합체육센터),457,257,200,1,95,125,123,89,24,1,49,65,69,54,19,0,46,60,54,35,5
2020,3,A,골목상권,2110899,낙성대역 5번(관악중학교),690,448,242,0,167,185,166,123,49,0,107,135,96,71,39,0,60,50,70,52,10
2020,3,A,골목상권,2110898,청림동주민센터(상도중학교),66,27,39,0,16,14,14,16,6,0,5,3,8,7,4,0,11,11,6,9,2
2020,3,A,골목상권,2110897,서울대입구역 8번,219,139,80,0,16,45,69,64,25,0,7,24,40,44,24,0,9,21,29,20,1
2020,3,A,골목상권,2110896,관악우성아파트,202,49,153,0,41,37,44,47,33,0,5,7,11,13,13,0,36,30,33,34,20
2020,3,A,골목상권,2110895,샤로수길,1796,1222,574,3,307,721,360,233,172,2,170,534,234,152,130,1,137,187,126,81,42
2020,3,A,골목상권,2110894,관악동부센트레빌아파트(은천로35라길),20,8,12,0,2,4,3,6,5,0,0,2,1,2,3,0,2,2,2,4,2
2020,3,A,골목상권,2110893,관악소방서(문영여고),353,303,50,0,39,110,66,113,25,0,29,96,57,99,22,0,10,14,9,14,3
2020,3,A,골목상권,2110892,관악구 중앙길,709,341,368,0,69,110,159,221,150,0,25,55,76,105,80,0,44,55,83,116,70
2020,3,A,골목상권,2110891,구암초등학교,47,22,25,0,5,1,22,16,3,0,1,0,11,8,2,0,4,1,11,8,1
2020,3,A,골목상권,2110890,봉천역 1번(관악초등학교),261,152,109,1,22,44,95,70,29,0,4,22,59,46,21,1,18,22,36,24,8
2020,3,A,골목상권,2110889,봉천역 6번,376,317,59,0,29,36,69,136,106,0,18,20,47,130,102,0,11,16,22,6,4
2020,3,A,골목상권,2110888,청룡동주민센터,94,53,41,0,5,9,11,22,47,0,3,2,4,6,38,0,2,7,7,16,9
2020,3,A,골목상권,2110887,서울산업정보학교(서울삼성초등학교),19,11,8,0,1,4,7,6,1,0,0,0,4,6,1,0,1,4,3,0,0
2020,3,A,골목상권,2110886,관악해태어린이공원,188,103,85,1,38,50,41,36,22,1,18,28,21,23,12,0,20,22,20,13,10
2020,3,A,골목상권,2110885,영락고등학교,340,214,126,0,37,58,94,89,62,0,18,33,61,57,45,0,19,25,33,32,17
2020,3,A,골목상권,2110884,봉천역 4번(봉천110안전센터),372,284,88,1,17,30,61,98,165,0,1,8,49,84,142,1,16,22,12,14,23
2020,3,A,골목상권,2110883,은천초등학교(은천교앞),212,126,86,2,21,44,71,49,25,1,12,25,43,29,16,1,9,19,28,20,9
2020,3,A,골목상권,2110882,신성초등학교,733,444,289,1,95,131,215,168,123,0,52,67,122,109,94,1,43,64,93,59,29
2020,3,A,골목상권,2110881,구립대학경로당(관악산샘말공원),1601,1304,297,1,317,452,460,271,100,1,225,376,399,232,71,0,92,76,61,39,29
2020,3,A,골목상권,2110880,신림역 1번,995,275,720,0,379,296,157,128,35,0,78,87,66,33,11,0,301,209,91,95,24
2020,3,A,골목상권,2110879,신림현대아파트,17,7,10,0,2,3,5,5,2,0,1,2,2,2,0,0,1,1,3,3,2
2020,3,A,골목상권,2110878,미림여고,368,218,150,3,43,114,101,78,29,0,19,63,68,43,25,3,24,51,33,35,4
2020,3,A,골목상권,2110877,신림역 8번,319,154,165,2,23,63,86,80,65,0,10,30,36,39,39,2,13,33,50,41,26
2020,3,A,골목상권,2110876,서원동주민센터(신관중학교),49,29,20,0,5,9,16,9,10,0,2,4,10,4,9,0,3,5,6,5,1
2020,3,A,골목상권,2110875,보라매동주민센터(당곡고등학교),16,13,3,0,3,2,5,4,2,0,2,2,3,4,2,0,1,0,2,0,0
2020,3,A,골목상권,2110874,원신초등학교(구세군관악영문교회),46,15,31,1,4,19,7,12,3,1,1,3,3,6,1,0,3,16,4,6,2
2020,3,A,골목상권,2110873,당곡중학교,343,166,177,0,68,79,86,74,36,0,29,39,39,36,23,0,39,40,47,38,13
2020,3,A,골목상권,2110872,신림초등학교,277,195,82,3,54,68,69,53,30,3,36,54,54,41,7,0,18,14,15,12,23
2020,3,A,골목상권,2110871,신원동주민센터,159,101,58,1,12,40,45,37,24,0,8,25,27,25,16,1,4,15,18,12,8
2020,3,A,골목상권,2110869,"신림역 5번(신림동주민센터, 신림동별빛거리)",1026,681,345,1,79,136,248,233,329,1,36,73,143,155,273,0,43,63,105,78,56
2020,3,A,골목상권,2110868,남부초등학교,232,126,106,0,20,29,45,49,89,0,11,23,22,28,42,0,9,6,23,21,47
2020,3,A,골목상권,2110867,국제신학대학원대학교(남서울중학교),202,117,85,0,8,34,39,53,68,0,2,15,21,32,47,0,6,19,18,21,21
2020,3,A,골목상권,2110866,난우중학교,171,91,80,0,20,36,34,62,19,0,14,20,12,29,16,0,6,16,22,33,3
2020,3,A,골목상권,2110865,남강고등학교(남강중학교),336,143,193,4,66,72,69,85,40,2,16,34,28,34,29,2,50,38,41,51,11
2020,3,A,골목상권,2110864,신림우방아파트,236,161,75,0,31,48,53,60,44,0,21,31,37,43,29,0,10,17,16,17,15
2020,3,A,골목상권,2110863,난우초등학교,319,179,140,6,40,61,63,79,70,5,23,30,38,36,47,1,17,31,25,43,23
2020,3,A,골목상권,2110862,난곡초등학교(난곡동벽화마을),84,41,43,0,4,13,14,34,19,0,2,6,11,15,7,0,2,7,3,19,12
2020,3,A,골목상권,2110861,관악구신사동주민센터,1182,608,574,1,215,377,263,209,117,1,71,194,161,105,76,0,144,183,102,104,41
2020,3,A,골목상권,2110860,호림박물관(성보고등학교),410,314,96,1,57,102,66,110,74,1,44,84,47,78,60,0,13,18,19,32,14
2020,3,A,골목상권,2110859,난향초등학교,182,113,69,0,11,32,42,52,45,0,0,21,27,30,35,0,11,11,15,22,10
2020,3,A,골목상권,2110858,신대방역 1번,66,33,33,0,5,9,17,7,28,0,0,1,6,2,24,0,5,8,11,5,4
2020,3,A,골목상권,2110857,미성동주민센터,431,229,202,9,60,64,70,108,120,9,34,48,41,46,51,0,26,16,29,62,69
2020,3,A,골목상권,2110856,미성초등학교,538,295,243,3,58,85,170,150,72,1,28,44,99,71,52,2,30,41,71,79,20
2020,3,A,골목상권,2110855,신대방역 2번,429,275,154,2,53,111,126,90,47,0,22,81,83,55,34,2,31,30,43,35,13
2020,3,A,골목상권,2110854,조원동주민센터,55,39,16,0,4,5,17,21,8,0,3,5,9,15,7,0,1,0,8,6,1
2020,3,A,골목상권,2110853,KT구로지사,213,127,86,0,21,47,65,50,30,0,9,26,44,27,21,0,12,21,21,23,9
2020,3,A,골목상권,2110852,이수역 9번,198,121,77,0,26,35,54,38,45,0,12,20,30,23,36,0,14,15,24,15,9
2020,3,A,골목상권,2110851,경문고등학교(동작동성당),485,233,252,0,79,136,140,102,28,0,32,53,66,66,16,0,47,83,74,36,12
2020,3,A,골목상권,2110850,사당역 10번,969,487,482,4,217,207,185,162,194,1,54,88,92,95,157,3,163,119,93,67,37
2020,3,A,골목상권,2110849,이수역 10번,220,130,90,1,37,52,58,40,32,0,12,33,34,25,26,1,25,19,24,15,6
2020,3,A,골목상권,2110848,양지어린이공원,486,307,179,0,36,68,152,132,98,0,6,39,85,93,84,0,30,29,67,39,14
2020,3,A,골목상권,2110847,예술인마을,460,225,235,3,53,139,142,78,45,3,13,62,76,38,33,0,40,77,66,40,12
2020,3,A,골목상권,2110846,남성역 1번,535,290,245,1,66,120,146,135,67,0,25,59,78,74,54,1,41,61,68,61,13
2020,3,A,골목상권,2110845,사당종합체육관,119,51,68,0,9,17,39,36,18,0,5,8,19,9,10,0,4,9,20,27,8
2020,3,A,골목상권,2110844,흑석2치안센터,7,5,2,0,2,1,1,0,3,0,1,1,1,0,2,0,1,0,0,0,1
2020,3,A,골목상권,2110843,사당5동주민센터,181,135,46,1,22,25,55,52,26,0,16,17,34,44,24,1,6,8,21,8,2
2020,3,A,골목상권,2110842,흑리단길,43,14,29,0,7,8,8,12,8,0,2,2,3,2,5,0,5,6,5,10,3
2020,3,A,골목상권,2110841,중대부중,88,36,52,0,11,17,16,25,19,0,5,7,5,11,8,0,6,10,11,14,11
2020,3,A,골목상권,2110840,중앙대학교,165,92,73,0,24,22,52,43,24,0,12,12,32,21,15,0,12,10,20,22,9
2020,3,A,골목상권,2110839,숭실대입구역 4번,187,67,120,0,10,51,57,46,23,0,2,14,22,11,18,0,8,37,35,35,5
2020,3,A,골목상권,2110838,상도1동주민센터앞,131,122,9,0,3,32,30,35,31,0,3,27,27,35,30,0,0,5,3,0,1
2020,3,A,골목상권,2110837,숭실대입구역 1번,373,195,178,1,39,76,84,80,93,0,19,32,43,32,69,1,20,44,41,48,24
2020,3,A,골목상권,2110836,상도역 5번,3057,1846,1211,9,550,798,701,647,352,2,238,486,453,447,220,7,312,312,248,200,132
2020,3,A,골목상권,2110835,상도역 1번,285,161,124,0,81,92,57,35,20,0,32,59,36,16,18,0,49,33,21,19,2
2020,3,A,골목상권,2110834,동작구자원봉사센터,38,22,16,0,3,5,6,10,14,0,2,2,6,5,7,0,1,3,0,5,7
2020,3,A,골목상권,2110833,상도역 2번,266,172,94,2,20,64,76,77,27,0,17,51,48,37,19,2,3,13,28,40,8
2020,3,A,골목상권,2110832,노량진초등학교,377,171,206,0,38,51,93,141,54,0,14,22,57,55,23,0,24,29,36,86,31
2020,3,A,골목상권,2110831,상도4동주민센터,72,40,32,0,3,13,14,29,13,0,3,6,6,18,7,0,0,7,8,11,6
2020,3,A,골목상권,2110830,상도초등학교,281,152,129,0,22,61,73,85,40,0,7,29,36,54,26,0,15,32,37,31,14
2020,3,A,골목상권,2110829,장승배기역 5번,536,417,119,0,195,137,79,53,72,0,177,106,49,40,45,0,18,31,30,13,27
2020,3,A,골목상권,2110828,노량진역 6번,3010,2066,944,9,471,1047,854,467,162,3,252,711,639,357,104,6,219,336,215,110,58
2020,3,A,골목상권,2110827,NH농협은행 상도동지점,262,93,169,0,39,51,73,65,34,0,11,18,20,28,16,0,28,33,53,37,18
2020,3,A,골목상권,2110826,장승배기역 4번,366,149,217,2,20,37,57,103,147,1,8,22,28,38,52,1,12,15,29,65,95
2020,3,A,골목상권,2110825,신대방삼거리역 1번,316,205,111,0,33,63,94,71,55,0,23,41,57,46,38,0,10,22,37,25,17
2020,3,A,골목상권,2110824,대방역 3번,296,102,194,1,48,91,92,42,22,0,11,26,29,23,13,1,37,65,63,19,9
2020,3,A,골목상권,2110823,신대방삼거리역 3번,472,242,230,0,30,45,83,121,193,0,17,26,40,42,117,0,13,19,43,79,76
2020,3,A,골목상권,2110822,신대방삼거리역 4번(대림초등학교),311,130,181,0,57,71,68,74,41,0,13,28,34,34,21,0,44,43,34,40,20
2020,3,A,골목상권,2110821,보라매역 2번,595,353,242,0,73,109,140,135,138,0,34,65,79,87,88,0,39,44,61,48,50
2020,3,A,골목상권,2110820,성남고등학교,3101,2470,631,1,651,742,555,991,161,0,438,581,448,879,124,1,213,161,107,112,37
2020,3,A,골목상권,2110819,신대방역 4번,510,262,248,0,64,99,128,93,126,0,15,37,58,62,90,0,49,62,70,31,36
2020,3,A,골목상권,2110818,신대방역 3번,20,9,11,0,1,3,7,7,2,0,1,3,2,1,2,0,0,0,5,6,0
2020,3,A,골목상권,2110817,대방역 4번,286,227,59,1,38,51,90,59,47,0,19,35,79,53,41,1,19,16,11,6,6
2020,3,A,골목상권,2110816,대방역 6번,521,404,117,1,73,138,153,68,88,1,50,109,114,50,80,0,23,29,39,18,8
2020,3,A,골목상권,2110815,공군호텔,2240,785,1455,4,425,514,476,507,314,0,88,195,167,170,165,4,337,319,309,337,149
2020,3,A,골목상권,2110814,서울지방병무청,673,364,309,1,51,117,155,236,113,1,23,79,97,104,60,0,28,38,58,132,53
2020,3,A,골목상권,2110813,보라매역 6번,286,167,119,3,22,37,50,74,100,3,15,21,24,39,65,0,7,16,26,35,35
2020,3,A,골목상권,2110812,신길6동주민센터,363,245,118,0,69,115,106,50,23,0,34,78,85,29,19,0,35,37,21,21,4
2020,3,A,골목상권,2110811,보라매역 4번,187,94,93,0,22,41,49,52,23,0,8,22,18,27,19,0,14,19,31,25,4
2020,3,A,골목상권,2110810,영신초등학교,395,178,217,0,53,143,63,80,56,0,20,65,31,44,18,0,33,78,32,36,38
2020,3,A,골목상권,2110809,장훈고등학교,112,61,51,0,7,15,30,23,37,0,3,5,11,17,25,0,4,10,19,6,12
2020,3,A,골목상권,2110808,신길역 1번,67,48,19,0,3,22,21,13,8,0,3,15,14,9,7,0,0,7,7,4,1
2020,3,A,골목상권,2110807,신길역 3번,102,70,32,0,6,16,23,27,30,0,4,8,18,19,21,0,2,8,5,8,9
2020,3,A,골목상권,2110806,서울시립영등포장애인복지관,76,42,34,0,18,30,13,13,2,0,5,16,9,11,1,0,13,14,4,2,1
2020,3,A,골목상권,2110805,신길새마을금고신길4동지점,45,27,18,0,6,12,12,8,7,0,2,7,6,5,7,0,4,5,6,3,0
2020,3,A,골목상권,2110804,신풍역 1번,312,187,125,0,15,37,62,63,135,0,4,15,29,35,104,0,11,22,33,28,31
2020,3,A,골목상권,2110803,신길2동우편취급국,304,220,84,0,17,27,56,62,142,0,6,14,33,39,128,0,11,13,23,23,14
2020,3,A,골목상권,2110802,신길동홍어거리,336,159,177,1,59,113,86,61,16,0,18,45,44,40,12,1,41,68,42,21,4
2020,3,A,골목상권,2110800,영등포동성당,227,153,74,0,26,34,61,66,40,0,13,22,37,46,35,0,13,12,24,20,5
2020,3,A,골목상권,2110799,영등포본동주민센터,119,86,33,5,21,16,11,22,44,3,12,10,6,15,40,2,9,6,5,7,4
2020,3,A,골목상권,2110798,신풍역 2번,53,20,33,0,2,13,14,13,11,0,0,3,3,6,8,0,2,10,11,7,3
2020,3,A,골목상권,2110797,KT대방빌딩,52,10,42,1,7,10,12,11,11,0,0,0,1,3,6,1,7,10,11,8,5
2020,3,A,골목상권,2110796,한림대학교한강성심병원,87,52,35,1,7,19,26,19,15,0,4,11,17,9,11,1,3,8,9,10,4
2020,3,A,골목상권,2110795,도림초등학교,533,356,177,0,20,49,80,128,256,0,8,36,48,74,190,0,12,13,32,54,66
2020,3,A,골목상권,2110794,영동초등학교,632,494,138,0,87,115,178,167,85,0,47,89,148,135,75,0,40,26,30,32,10
2020,3,A,골목상권,2110792,영등포역 2번,3400,1767,1633,28,563,880,843,862,224,11,229,398,466,530,133,17,334,482,377,332,91
2020,3,A,골목상권,2110791,신풍역 3번,25,17,8,0,1,5,9,9,1,0,0,2,6,8,1,0,1,3,3,1,0
2020,3,A,골목상권,2110790,대림1동주민센터,739,336,403,1,74,163,280,161,60,1,46,71,88,77,53,0,28,92,192,84,7
2020,3,A,골목상권,2110789,대림성모병원,491,182,309,0,104,137,115,93,42,0,16,44,49,43,30,0,88,93,66,50,12
2020,3,A,골목상권,2110788,영등포시장역 3번,28,22,6,0,4,5,7,9,3,0,3,5,6,6,2,0,1,0,1,3,1
2020,3,A,골목상권,2110787,신길3동주민센터,171,122,49,0,19,35,47,42,28,0,8,25,36,31,22,0,11,10,11,11,6
2020,3,A,골목상권,2110786,당산역 8번,271,179,92,2,20,41,60,51,97,2,8,21,42,38,68,0,12,20,18,13,29
2020,3,A,골목상권,2110785,영등포푸르지오아파트,161,84,77,2,13,17,39,44,46,2,8,12,24,14,24,0,5,5,15,30,22
2020,3,A,골목상권,2110784,신대림초등학교,76,42,34,0,3,11,18,36,8,0,0,7,12,18,5,0,3,4,6,18,3
2020,3,A,골목상권,2110783,영등포시장역 1번,292,154,138,1,26,37,35,67,126,1,19,27,16,33,58,0,7,10,19,34,68
2020,3,A,골목상권,2110782,영등포시장역 4번,127,87,40,1,13,24,48,27,14,1,5,16,36,17,12,0,8,8,12,10,2
2020,3,A,골목상권,2110781,대림한신아파트,182,112,70,0,23,29,51,38,41,0,8,16,34,23,31,0,15,13,17,15,10
2020,3,A,골목상권,2110780,신길대성유니드아파트,223,171,52,0,22,42,71,56,32,0,18,34,51,41,27,0,4,8,20,15,5
2020,3,A,골목상권,2110779,대림갑을명가아파트,33,24,9,0,2,5,13,7,6,0,1,4,10,4,5,0,1,1,3,3,1
2020,3,A,골목상권,2110778,구로디지털단지역 4번,1615,878,737,0,248,461,489,233,184,0,122,282,196,145,133,0,126,179,293,88,51
2020,3,A,골목상권,2110777,구로세무서,282,210,72,0,36,41,47,83,75,0,13,30,32,66,69,0,23,11,15,17,6
2020,3,A,골목상권,2110776,도신초등학교,168,106,62,0,12,20,48,63,25,0,11,10,35,34,16,0,1,10,13,29,9
2020,3,A,골목상권,2110775,대동초등학교,61,30,31,0,5,13,20,15,8,0,2,6,6,10,6,0,3,7,14,5,2
2020,3,A,골목상권,2110774,당산반도유보라팰리스아파트,472,355,117,0,59,119,131,96,67,0,34,81,109,80,51,0,25,38,22,16,16
2020,3,A,골목상권,2110773,당산역 13번,272,218,54,0,46,65,45,40,76,0,36,53,32,34,63,0,10,12,13,6,13
2020,3,A,골목상권,2110772,신우어린이공원,94,55,39,0,9,15,22,26,22,0,5,8,12,19,11,0,4,7,10,7,11
2020,3,A,골목상권,2110771,대림역 11번,955,604,351,0,22,38,128,210,557,0,21,30,73,131,349,0,1,8,55,79,208
2020,3,A,골목상권,2110770,영등포구청역 6번,263,191,72,1,45,49,77,45,46,1,24,41,54,28,43,0,21,8,23,17,3
2020,3,A,골목상권,2110769,대림차이나타운(대림역 12번),18,8,10,0,3,4,6,4,1,0,0,1,4,2,1,0,3,3,2,2,0
2020,3,A,골목상권,2110768,도림2동유수지내체육시설,294,155,139,0,20,43,63,73,95,0,7,22,32,41,53,0,13,21,31,32,42
2020,3,A,골목상권,2110767,도림동주민센터,34,3,31,0,9,5,12,6,2,0,0,0,2,1,0,0,9,5,10,5,2
2020,3,A,골목상권,2110766,대림역 5번,360,205,155,0,30,82,85,99,64,0,15,54,42,56,38,0,15,28,43,43,26
2020,3,A,골목상권,2110765,문래동사거리,889,619,270,2,80,133,209,175,290,1,38,78,140,126,236,1,42,55,69,49,54
2020,3,A,골목상권,2110764,문래역 3번,541,223,318,0,93,127,159,102,60,0,27,39,54,54,49,0,66,88,105,48,11
2020,3,A,골목상권,2110763,영등포구청역 2번,480,353,127,2,84,147,107,84,56,0,53,100,79,72,49,2,31,47,28,12,7
2020,3,A,골목상권,2110762,선유도역 1번,3139,2286,853,6,392,669,739,809,524,4,217,459,529,629,448,2,175,210,210,180,76
2020,3,A,골목상권,2110761,문래동남성맨션,180,106,74,0,13,43,45,41,38,0,8,17,26,25,30,0,5,26,19,16,8
2020,3,A,골목상권,2110760,선유도역 6번,1792,1091,701,8,273,444,499,376,192,6,170,256,275,219,165,2,103,188,224,157,27
2020,3,A,골목상권,2110759,문래예술촌(문래창작촌),4221,2165,2056,9,520,837,996,1286,573,5,266,550,589,466,289,4,254,287,407,820,284
2020,3,A,골목상권,2110758,문래소공원,296,221,75,1,44,77,70,67,37,0,32,60,46,52,31,1,12,17,24,15,6
2020,3,A,골목상권,2110757,양평역 2번,1501,1114,387,1,111,230,356,424,379,0,51,176,286,314,287,1,60,54,70,110,92
2020,3,A,골목상권,2110756,문래중학교,275,179,96,0,48,79,78,35,35,0,21,58,52,21,27,0,27,21,26,14,8
2020,3,A,골목상권,2110755,동일여자고등학교,199,53,146,0,10,24,47,74,44,0,4,9,16,12,12,0,6,15,31,62,32
2020,3,A,골목상권,2110754,삼성산자연공원(서울금천초등학교),199,75,124,1,21,41,47,39,50,0,6,18,28,10,13,1,15,23,19,29,37
2020,3,A,골목상권,2110753,시흥동 은행나무사거리,617,387,230,0,69,100,149,166,133,0,28,68,90,96,105,0,41,32,59,70,28
2020,3,A,골목상권,2110752,한울중학교,269,117,152,2,25,46,81,79,36,2,13,16,34,33,19,0,12,30,47,46,17
2020,3,A,골목상권,2110751,난곡중학교,730,397,333,2,48,217,240,177,46,2,21,117,127,91,39,0,27,100,113,86,7
2020,3,A,골목상권,2110750,시흥4동주민센터(서울신흥초등학교),397,221,176,4,78,83,80,104,48,4,47,62,43,33,32,0,31,21,37,71,16
2020,3,A,골목상권,2110749,금산초등학교(금천고등학교),448,273,175,0,61,105,110,121,51,0,33,67,55,82,36,0,28,38,55,39,15
2020,3,A,골목상권,2110748,백산초등학교,102,64,38,0,6,19,21,26,30,0,2,9,11,22,20,0,4,10,10,4,10
2020,3,A,골목상권,2110747,석수역 1번 출입구,823,612,211,0,46,84,169,227,297,0,27,52,102,165,266,0,19,32,67,62,31
2020,3,A,골목상권,2110746,금천금빛공원(은행나무사거리서측),70,48,22,0,5,11,22,21,11,0,3,9,13,15,8,0,2,2,9,6,3
2020,3,A,골목상권,2110745,독산동정훈단지,251,191,60,0,11,20,33,86,101,0,3,12,22,64,90,0,8,8,11,22,11
2020,3,A,골목상권,2110744,독산동성당,531,327,204,0,49,107,129,152,94,0,36,71,75,86,59,0,13,36,54,66,35
2020,3,A,골목상권,2110743,시흥초등학교(시흥1동우체국),191,130,61,0,18,31,48,50,44,0,10,20,32,37,31,0,8,11,16,13,13
2020,3,A,골목상권,2110742,KT금천빌딩(금천구시설관리공단),426,237,189,0,42,83,106,125,70,0,21,57,71,54,34,0,21,26,35,71,36
2020,3,A,골목상권,2110741,독산2동주민센터,444,159,285,0,69,117,96,108,54,0,43,35,26,33,22,0,26,82,70,75,32
2020,3,A,골목상권,2110740,금천해태공원,650,283,367,1,135,136,138,170,70,1,47,55,58,71,51,0,88,81,80,99,19
2020,3,A,골목상권,2110739,시흥3동 우편취급국,1558,585,973,1,167,288,537,525,40,0,50,153,224,133,25,1,117,135,313,392,15
2020,3,A,골목상권,2110738,문성초등학교,249,125,124,0,17,27,65,90,50,0,12,14,34,40,25,0,5,13,31,50,25
2020,3,A,골목상권,2110737,금천세무서,506,324,182,8,78,85,96,117,122,0,28,49,51,91,105,8,50,36,45,26,17
2020,3,A,골목상권,2110736,독산119안전센터,450,196,254,0,45,52,74,114,165,0,21,31,34,41,69,0,24,21,40,73,96
2020,3,A,골목상권,2110735,말미고개,520,330,190,0,64,115,140,140,61,0,31,79,94,79,47,0,33,36,46,61,14
2020,3,A,골목상권,2110734,금천파출소,92,47,45,0,7,11,21,29,24,0,3,5,14,13,12,0,4,6,7,16,12
2020,3,A,골목상권,2110733,금천어울림복지센터,374,293,81,3,34,89,74,90,84,3,22,67,59,66,76,0,12,22,15,24,8
2020,3,A,골목상권,2110732,가산초등학교(세일중학교),338,239,99,1,41,60,98,76,62,0,22,34,71,60,52,1,19,26,27,16,10
2020,3,A,골목상권,2110731,금천구청역 1번 출입구,1041,563,478,7,306,383,206,96,43,2,149,229,102,55,26,5,157,154,104,41,17
2020,3,A,골목상권,2110730,서울축산농협 독산역지점(독산파출소),660,376,284,1,80,105,117,201,156,1,30,58,54,113,120,0,50,47,63,88,36
2020,3,A,골목상권,2110729,가산동우체국,151,112,39,0,19,30,40,39,23,0,14,19,30,30,19,0,5,11,10,9,4
2020,3,A,골목상권,2110728,두산초등학교,4560,2778,1782,8,88,138,245,530,3551,8,64,86,123,279,2218,0,24,52,122,251,1333
2020,3,A,골목상권,2110727,독산역 1번 출입구,659,514,145,4,72,152,169,191,71,4,48,118,128,165,51,0,24,34,41,26,20
2020,3,A,골목상권,2110726,금천철쭉어린이공원(금하마을),222,172,50,0,19,25,41,62,75,0,17,16,22,45,72,0,2,9,19,17,3
2020,3,A,골목상권,2110725,가산동주민센터,85,59,26,0,6,20,22,20,17,0,3,15,16,12,13,0,3,5,6,8,4
2020,3,A,골목상권,2110724,금천구립가산도서관,366,254,112,1,42,76,122,89,36,1,33,60,90,45,25,0,9,16,32,44,11
2020,3,A,골목상권,2110723,가산디지털단지역 1번 출입구,286,247,39,0,6,10,37,130,103,0,6,5,26,113,97,0,0,5,11,17,6
2020,3,A,골목상권,2110722,G타워,1221,876,345,5,246,423,354,139,54,5,163,311,281,79,37,0,83,112,73,60,17
2020,3,A,골목상권,2110721,가리봉파출소,215,104,111,1,6,36,42,42,88,0,2,19,17,22,44,1,4,17,25,20,44
2020,3,A,골목상권,2110720,대림역 2번,158,73,85,0,23,25,43,35,32,0,10,11,15,15,22,0,13,14,28,20,10
2020,3,A,골목상권,2110719,영서중학교,52,44,8,0,6,9,9,14,14,0,6,7,8,13,10,0,0,2,1,1,4
2020,3,A,골목상권,2110718,한국SGI본부,1614,1061,553,3,308,462,397,336,108,3,167,313,292,220,66,0,141,149,105,116,42
2020,3,A,골목상권,2110717,남구로역 2번,570,271,299,0,108,155,142,104,61,0,49,84,75,34,29,0,59,71,67,70,32
2020,3,A,골목상권,2110716,구로나눔길,666,398,268,1,132,256,164,77,36,0,39,154,115,60,30,1,93,102,49,17,6
2020,3,A,골목상권,2110715,구로구민회관,93,64,29,0,13,15,30,27,8,0,5,11,20,21,7,0,8,4,10,6,1
2020,3,A,골목상권,2110714,구로4동주민센터,271,156,115,0,34,44,57,79,57,0,8,19,32,53,44,0,26,25,25,26,13
2020,3,A,골목상권,2110713,구로보건소,2668,1817,851,5,474,650,706,533,300,3,323,472,514,332,173,2,151,178,192,201,127
2020,3,A,골목상권,2110712,남구로역 5번,233,108,125,1,32,36,66,64,34,0,10,17,24,32,25,1,22,19,42,32,9
2020,3,A,골목상권,2110711,구로초등학교,818,332,486,4,62,122,166,288,176,2,26,70,82,75,77,2,36,52,84,213,99
2020,3,A,골목상권,2110710,남구로역 3번,606,370,236,3,83,96,105,121,198,3,46,63,63,68,127,0,37,33,42,53,71
2020,3,A,골목상권,2110709,구로119안전센터,162,94,68,0,16,19,44,46,37,0,13,12,28,25,16,0,3,7,16,21,21
2020,3,A,골목상권,2110708,화원어린이공원,64,27,37,0,8,12,12,23,9,0,1,4,5,9,8,0,7,8,7,14,1
2020,3,A,골목상권,2110707,구로창업지원센터,1045,760,285,4,141,266,246,253,135,3,78,195,185,186,113,1,63,71,61,67,22
2020,3,A,골목상권,2110706,그라운드 고척,410,100,310,0,122,101,101,68,18,0,22,20,28,20,10,0,100,81,73,48,8
2020,3,A,골목상권,2110705,고산초등학교,33,19,14,0,3,2,8,7,13,0,3,1,8,2,5,0,0,1,0,5,8
2020,3,A,골목상권,2110704,고척중학교,62,36,26,0,12,23,10,12,5,0,7,12,3,11,3,0,5,11,7,1,2
2020,3,A,골목상권,2110703,개봉역,569,449,120,4,28,60,119,170,188,3,16,35,79,141,175,1,12,25,40,29,13
2020,3,A,골목상권,2110702,개봉초등학교,131,93,38,1,15,18,33,34,30,1,10,13,23,24,22,0,5,5,10,10,8
2020,3,A,골목상권,2110701,고척동성당,567,379,188,2,126,185,125,92,37,0,81,133,82,54,29,2,45,52,43,38,8
2020,3,A,골목상권,2110700,고척초등학교,3249,2648,601,3,209,680,974,1176,207,2,119,533,803,1021,170,1,90,147,171,155,37
2020,3,A,골목상권,2110699,덕의초등학교,150,89,61,0,15,24,32,48,31,0,8,15,15,28,23,0,7,9,17,20,8
2020,3,A,골목상권,2110698,개웅초등학교(개웅중학교),279,178,101,3,50,50,54,65,57,3,25,32,32,40,46,0,25,18,22,25,11
2020,3,A,골목상권,2110697,개봉3동주민센터,244,152,92,1,55,64,52,43,29,1,27,41,33,30,20,0,28,23,19,13,9
2020,3,A,골목상권,2110696,오류동역 1번,2453,1671,782,32,831,951,335,223,81,16,483,739,238,133,62,16,348,212,97,90,19
2020,3,A,골목상권,2110695,개봉1동주민센터,546,314,232,1,57,150,143,123,72,1,31,97,72,64,49,0,26,53,71,59,23
2020,3,A,골목상권,2110694,세곡초등학교,445,249,196,2,55,149,90,98,51,0,24,76,51,60,38,2,31,73,39,38,13
2020,3,A,골목상권,2110693,오류동역 4번,17,9,8,0,1,3,5,4,4,0,1,3,2,2,1,0,0,0,3,2,3
2020,3,A,골목상권,2110692,큰굴다리,233,148,85,0,12,52,54,66,49,0,7,19,35,49,38,0,5,33,19,17,11
2020,3,A,골목상권,2110691,개봉중학교,395,205,190,0,37,65,119,115,59,0,20,38,49,52,46,0,17,27,70,63,13
2020,3,A,골목상권,2110690,오류2동버들시장,625,318,307,1,105,200,143,105,71,0,42,115,72,46,43,1,63,85,71,59,28
2020,3,A,골목상권,2110689,오류동역 3번,259,188,71,3,41,45,52,66,52,3,25,32,40,48,40,0,16,13,12,18,12
2020,3,A,골목상권,2110688,오류지구대,171,60,111,1,18,20,40,59,33,0,7,11,15,19,8,1,11,9,25,40,25
2020,3,A,골목상권,2110687,"천왕역 3번(오류2동주민센터, 서울오류남초등학교)",21,16,5,0,2,3,5,6,5,0,1,3,4,4,4,0,1,0,1,2,1
2020,3,A,골목상권,2110686,수궁동주민센터,490,245,245,2,50,83,135,127,93,2,25,37,72,61,48,0,25,46,63,66,45
2020,3,A,골목상권,2110685,금강수목원아파트,181,143,38,0,13,32,53,57,26,0,10,25,38,47,23,0,3,7,15,10,3
2020,3,A,골목상권,2110684,서울공연예술고등학교,157,72,85,2,28,31,36,36,24,0,7,17,19,19,10,2,21,14,17,17,14
2020,3,A,골목상권,2110683,오류고등학교,185,125,60,0,24,46,55,41,19,0,18,33,33,23,18,0,6,13,22,18,1
2020,3,A,골목상권,2110682,온수역 8번,137,128,9,0,3,5,14,43,72,0,2,3,11,42,70,0,1,2,3,1,2
2020,3,A,골목상권,2110681,온수역 1번,152,106,46,0,13,52,39,21,27,0,10,38,25,13,20,0,3,14,14,8,7
2020,3,A,골목상권,2110680,온수역 5번(온수산업단지),1184,1003,181,18,161,205,235,343,222,18,129,175,191,286,204,0,32,30,44,57,18
2020,3,A,골목상권,2110679,염창역 2번,578,407,171,3,90,207,152,80,46,2,50,149,111,58,37,1,40,58,41,22,9
2020,3,A,골목상권,2110678,염창무학아파트,242,188,54,1,30,57,84,47,23,1,15,49,67,39,17,0,15,8,17,8,6
2020,3,A,골목상권,2110677,등촌역 1번,410,321,89,1,50,80,83,91,105,1,24,51,70,76,99,0,26,29,13,15,6
2020,3,A,골목상권,2110676,등촌역 7번,237,141,96,0,31,35,66,57,48,0,13,21,37,37,33,0,18,14,29,20,15
2020,3,A,골목상권,2110675,화곡4동주민센터,289,186,103,0,28,62,73,65,61,0,11,36,40,50,49,0,17,26,33,15,12
2020,3,A,골목상권,2110674,강서구청가양동별관,491,327,164,1,69,102,106,109,104,1,54,78,63,51,80,0,15,24,43,58,24
2020,3,A,골목상권,2110673,뜸부기어린이공원,253,143,110,0,37,52,62,64,38,0,21,29,31,34,28,0,16,23,31,30,10
2020,3,A,골목상권,2110672,백석중학교,155,99,56,1,21,37,40,43,13,1,18,26,18,25,11,0,3,11,22,18,2
2020,3,A,골목상권,2110671,등촌1동주민센터,5012,3056,1956,13,1252,1442,1027,802,476,5,391,945,826,556,333,8,861,497,201,246,143
2020,3,A,골목상권,2110670,신곡초등학교,527,322,205,6,79,119,122,101,100,3,45,78,71,59,66,3,34,41,51,42,34
2020,3,A,골목상권,2110669,화곡보람2차아파트,80,49,31,0,11,20,24,17,8,0,3,12,18,14,2,0,8,8,6,3,6
2020,3,A,골목상권,2110668,화곡2동주민센터,471,278,193,0,55,70,139,127,80,0,22,33,81,77,65,0,33,37,58,50,15
2020,3,A,골목상권,2110667,가양역 10번,177,126,51,0,33,32,56,36,20,0,21,20,38,29,18,0,12,12,18,7,2
2020,3,A,골목상권,2110666,KC대학교,257,131,126,0,26,51,66,72,42,0,16,23,31,26,35,0,10,28,35,46,7
2020,3,A,골목상권,2110665,곰달래도서관,469,285,184,0,36,92,123,138,80,0,25,60,79,74,47,0,11,32,44,64,33
2020,3,A,골목상권,2110664,강서구청옆,111,48,63,0,14,10,31,43,13,0,11,7,10,9,11,0,3,3,21,34,2
2020,3,A,골목상권,2110663,우장산롯데캐슬아파트앞,316,232,84,0,7,25,59,116,109,0,3,18,30,84,97,0,4,7,29,32,12
2020,3,A,골목상권,2110662,까치산역 1번,1480,885,595,4,245,501,396,234,100,4,129,301,207,171,73,0,116,200,189,63,27
2020,3,A,골목상권,2110661,강서새말어린이공원,126,48,78,0,3,13,30,38,42,0,2,8,10,9,19,0,1,5,20,29,23
2020,3,A,골목상권,2110660,등촌3동주민센터,4614,2039,2575,10,469,707,766,1291,1371,5,197,427,424,447,539,5,272,280,342,844,832
2020,3,A,골목상권,2110659,화곡역 4번,867,512,355,11,102,182,240,188,144,9,52,115,144,110,82,2,50,67,96,78,62
2020,3,A,골목상권,2110658,화곡초등학교,253,153,100,0,21,55,62,69,46,0,10,35,36,44,28,0,11,20,26,25,18
2020,3,A,골목상권,2110657,양천향교역 5번,3180,2118,1062,12,334,603,741,695,795,8,191,396,493,385,645,4,143,207,248,310,150
2020,3,A,골목상권,2110656,까치산역 3번,838,498,340,13,89,209,253,192,82,12,52,128,154,93,59,1,37,81,99,99,23
2020,3,A,골목상권,2110655,발산역 5번,587,355,232,0,97,156,147,112,75,0,29,94,98,76,58,0,68,62,49,36,17
2020,3,A,골목상권,2110654,까치산역 4번,1021,686,335,2,68,147,249,380,175,1,38,81,139,281,146,1,30,66,110,99,29
2020,3,A,골목상권,2110653,화곡역 2번,910,490,420,1,191,271,239,169,39,0,79,136,119,134,22,1,112,135,120,35,17
2020,3,A,골목상권,2110652,양천향교역 2번,643,483,160,0,70,131,146,169,127,0,32,102,104,139,106,0,38,29,42,30,21
2020,3,A,골목상권,2110651,화원중학교,377,214,163,2,29,50,102,105,89,1,19,31,68,52,43,1,10,19,34,53,46
2020,3,A,골목상권,2110650,우장산힐스테이트,146,118,28,0,24,30,52,21,19,0,15,25,43,18,17,0,9,5,9,3,2
2020,3,A,골목상권,2110649,우장산역 1번,366,197,169,0,41,92,83,98,52,0,12,49,39,63,34,0,29,43,44,35,18
2020,3,A,골목상권,2110648,양천향교역 7번,13,5,8,0,1,7,1,3,1,0,0,3,1,1,0,0,1,4,0,2,1
2020,3,A,골목상권,2110647,화곡역 5번,890,459,431,2,116,227,219,230,96,1,44,137,110,116,51,1,72,90,109,114,45
2020,3,A,골목상권,2110646,푸른들청소년도서관,782,401,381,1,93,124,208,189,167,1,27,53,103,100,117,0,66,71,105,89,50
2020,3,A,골목상권,2110645,우장산역 4번,794,391,403,0,64,125,239,221,145,0,33,65,87,90,116,0,31,60,152,131,29
2020,3,A,골목상권,2110644,신광명마을,333,288,45,1,24,22,60,107,119,1,7,13,52,100,115,0,17,9,8,7,4
2020,3,A,골목상권,2110643,강서구다솔마을,653,413,240,1,97,165,199,139,52,0,47,101,136,93,36,1,50,64,63,46,16
2020,3,A,골목상권,2110642,정곡초등학교,193,163,30,2,8,14,35,69,65,1,4,10,30,58,60,1,4,4,5,11,5
2020,3,A,골목상권,2110641,공항고등학교,345,236,109,2,46,95,100,79,23,1,30,72,61,52,20,1,16,23,39,27,3
2020,3,A,골목상권,2110640,방화역 1번,1019,638,381,3,139,292,240,195,150,3,62,119,167,158,129,0,77,173,73,37,21
2020,3,A,골목상권,2110639,신방화역 8번,523,369,154,1,74,61,88,153,146,1,17,22,51,139,139,0,57,39,37,14,7
2020,3,A,골목상권,2110638,신방화역 2번,372,202,170,3,53,75,88,87,66,3,22,40,44,43,50,0,31,35,44,44,16
2020,3,A,골목상권,2110637,송정역 2번,540,357,183,4,62,117,114,147,96,0,34,74,81,100,68,4,28,43,33,47,28
2020,3,A,골목상권,2110636,방화역 2번,152,76,76,1,25,49,41,21,15,0,9,26,27,4,10,1,16,23,14,17,5
2020,3,A,골목상권,2110635,공항시장역 3번,1482,399,1083,4,71,92,165,488,662,1,44,62,64,34,194,3,27,30,101,454,468
2020,3,A,골목상권,2110634,송정역 3번,664,434,230,0,64,143,178,145,134,0,33,90,116,101,94,0,31,53,62,44,40
2020,3,A,골목상권,2110633,개화산역 1번,115,89,26,2,29,34,27,15,8,2,28,22,19,10,8,0,1,12,8,5,0
2020,3,A,골목상권,2110632,방화역 3번,1075,887,188,2,42,127,400,334,170,1,21,90,353,281,141,1,21,37,47,53,29
2020,3,A,골목상권,2110631,방화초등학교,359,177,182,2,35,71,73,103,75,2,21,42,39,38,35,0,14,29,34,65,40
2020,3,A,골목상권,2110630,공항시장역 1번,1472,1008,464,0,157,294,298,328,395,0,67,180,202,240,319,0,90,114,96,88,76
2020,3,A,골목상권,2110629,송정역 4번,190,107,83,0,26,52,54,35,23,0,9,34,28,24,12,0,17,18,26,11,11
2020,3,A,골목상권,2110628,신목동역,496,319,177,0,58,88,124,120,106,0,30,58,82,89,60,0,28,30,42,31,46
2020,3,A,골목상권,2110627,신정롯데캐슬아파트,512,310,202,24,127,127,89,83,62,13,69,79,57,49,43,11,58,48,32,34,19
2020,3,A,골목상권,2110626,양화초등학교,652,271,381,1,127,138,149,147,90,0,37,57,76,63,38,1,90,81,73,84,52
2020,3,A,골목상권,2110625,신정2동주민센터,726,454,272,2,98,196,215,155,60,0,51,124,146,94,39,2,47,72,69,61,21
2020,3,A,골목상권,2110624,목동문화체육센터,382,234,148,0,93,118,75,65,31,0,40,79,46,50,19,0,53,39,29,15,12
2020,3,A,골목상권,2110623,갈산공원,118,94,24,0,27,32,24,27,8,0,23,26,21,19,5,0,4,6,3,8,3
2020,3,A,골목상권,2110622,달마을공원,458,261,197,0,58,90,102,138,70,0,26,47,63,65,60,0,32,43,39,73,10
2020,3,A,골목상권,2110621,목동역 5번,111,57,54,0,9,22,22,38,20,0,0,12,13,19,13,0,9,10,9,19,7
2020,3,A,골목상권,2110620,목동보건지소,451,235,216,4,51,81,102,125,88,4,20,45,47,65,54,0,31,36,55,60,34
2020,3,A,골목상권,2110619,목4동주민센터,311,203,108,1,51,87,89,64,19,1,16,52,58,57,19,0,35,35,31,7,0
2020,3,A,골목상권,2110618,강서고등학교,193,135,58,0,19,38,52,52,32,0,10,29,36,34,26,0,9,9,16,18,6
2020,3,A,골목상권,2110617,등촌역 4번,274,192,82,0,47,75,77,51,24,0,37,55,51,33,16,0,10,20,26,18,8
2020,3,A,골목상권,2110616,양목초등학교,161,103,58,0,3,23,19,40,76,0,2,18,14,32,37,0,1,5,5,8,39
2020,3,A,골목상권,2110615,신서초등학교,87,63,24,0,20,21,27,13,6,0,14,18,18,8,5,0,6,3,9,5,1
2020,3,A,골목상권,2110614,목동로데오거리,596,292,304,0,69,85,114,216,112,0,42,44,58,103,45,0,27,41,56,113,67
2020,3,A,골목상권,2110613,신정네거리역 4번,80,20,60,0,8,25,24,19,4,0,2,6,7,4,1,0,6,19,17,15,3
2020,3,A,골목상권,2110612,신정역 5번,644,303,341,1,85,88,143,197,130,0,44,62,74,70,53,1,41,26,69,127,77
2020,3,A,골목상권,2110611,신정역 1번,316,212,104,2,35,61,100,82,36,2,21,44,61,52,32,0,14,17,39,30,4
2020,3,A,골목상권,2110610,계남근린공원,126,85,41,0,5,11,41,44,25,0,3,6,28,35,13,0,2,5,13,9,12
2020,3,A,골목상권,2110609,신정네거리역 2번,1377,1358,19,0,14,15,52,171,1125,0,10,11,45,168,1124,0,4,4,7,3,1
2020,3,A,골목상권,2110608,신월2동주민센터,873,453,420,1,51,116,229,271,205,1,23,69,118,125,117,0,28,47,111,146,88
2020,3,A,골목상권,2110607,금빛새마을금고본점,53,31,22,0,2,10,11,19,11,0,1,4,5,12,9,0,1,6,6,7,2
2020,3,A,골목상권,2110606,신한은행 신월동지점,521,288,233,1,49,80,143,144,104,1,26,42,76,66,77,0,23,38,67,78,27
2020,3,A,골목상권,2110605,목동센트럴아이파크앞,155,89,66,0,15,22,26,47,45,0,5,15,11,27,31,0,10,7,15,20,14
2020,3,A,골목상권,2110604,신월4동주민센터,637,528,109,0,13,50,120,234,220,0,6,29,87,193,213,0,7,21,33,41,7
2020,3,A,골목상권,2110603,지향초등학교,205,119,86,0,13,56,60,44,32,0,5,30,37,25,22,0,8,26,23,19,10
2020,3,A,골목상권,2110602,신월시영아파트중문,644,574,70,1,7,22,68,238,308,0,4,13,52,214,291,1,3,9,16,24,17
2020,3,A,골목상권,2110601,신월1동우편취급국,1200,814,386,3,116,180,274,437,190,1,61,115,183,309,145,2,55,65,91,128,45
2020,3,A,골목상권,2110600,신월7동주민센터,350,263,87,0,32,30,66,101,121,0,17,14,38,79,115,0,15,16,28,22,6
2020,3,A,골목상권,2110599,신월1파출소,378,268,110,3,50,89,94,93,49,2,34,68,63,65,36,1,16,21,31,28,13
2020,3,A,골목상권,2110598,신월문화체육센터,428,195,233,0,21,58,112,150,87,0,5,28,45,66,51,0,16,30,67,84,36
2020,3,A,골목상권,2110597,신월1동주민센터,517,302,215,0,30,68,111,150,158,0,14,36,54,84,114,0,16,32,57,66,44
2020,3,A,골목상권,2110596,서서울호수공원,417,272,145,2,48,90,107,113,57,0,28,56,74,71,43,2,20,34,33,42,14
2020,3,A,골목상권,2110595,메디힐병원,731,459,272,0,80,148,163,185,155,0,34,85,86,136,118,0,46,63,77,49,37
2020,3,A,골목상권,2110594,신월중학교,453,225,228,0,54,166,104,96,33,0,14,66,56,59,30,0,40,100,48,37,3
2020,3,A,골목상권,2110593,신월3동주민센터,304,157,147,0,38,65,76,87,38,0,12,32,45,44,24,0,26,33,31,43,14
2020,3,A,골목상권,2110592,서울금융고등학교,449,344,105,0,19,35,74,156,165,0,9,13,45,128,149,0,10,22,29,28,16
2020,3,A,골목상권,2110591,충정로역 6번,627,422,205,0,99,158,178,126,66,0,55,103,135,92,37,0,44,55,43,34,29
2020,3,A,골목상권,2110590,만리재,97,50,47,0,19,23,23,25,7,0,6,12,11,16,5,0,13,11,12,9,2
2020,3,A,골목상권,2110589,애오개역 3번,58,14,44,0,4,8,19,13,14,0,0,1,5,6,2,0,4,7,14,7,12
2020,3,A,골목상권,2110588,한겨레신문사,169,92,77,0,34,44,41,33,17,0,14,22,20,21,15,0,20,22,21,12,2
2020,3,A,골목상권,2110587,공덕동주민센터,238,121,117,1,36,43,69,53,36,1,15,25,41,23,16,0,21,18,28,30,20
2020,3,A,골목상권,2110586,서울서부지방법원,1461,863,598,2,376,402,333,188,160,1,231,267,164,98,102,1,145,135,169,90,58
2020,3,A,골목상권,2110585,마포경찰서,918,790,128,0,192,360,176,181,9,0,150,313,153,166,8,0,42,47,23,15,1
2020,3,A,골목상권,2110584,아현역 4번,49,13,36,0,4,7,14,13,11,0,0,0,2,5,6,0,4,7,12,8,5
2020,3,A,골목상권,2110583,공덕래미안3차아파트,316,164,152,0,44,98,102,57,15,0,7,54,60,35,8,0,37,44,42,22,7
2020,3,A,골목상권,2110582,이대역 5번,59,19,40,0,6,11,16,16,10,0,0,4,4,6,5,0,6,7,12,10,5
2020,3,A,골목상권,2110581,염리초등학교,16,11,5,0,0,0,2,6,8,0,0,0,2,3,6,0,0,0,0,3,2
2020,3,A,골목상권,2110580,양원초등학교,78,20,58,0,3,6,16,25,28,0,0,1,3,11,5,0,3,5,13,14,23
2020,3,A,골목상권,2110579,마포역 4번,758,561,197,2,62,160,253,214,67,1,37,123,190,160,50,1,25,37,63,54,17
2020,3,A,골목상권,2110578,대흥역 2번,2091,1413,678,2,213,337,391,638,510,1,80,225,309,452,346,1,133,112,82,186,164
2020,3,A,골목상권,2110577,용강동주민센터,145,105,40,0,15,42,47,31,10,0,12,31,38,17,7,0,3,11,9,14,3
2020,3,A,골목상권,2110576,대흥역 3번,1605,1112,493,71,503,480,308,163,80,27,310,365,253,111,46,44,193,115,55,52,34
2020,3,A,골목상권,2110575,대흥동주민센터,206,156,50,2,25,47,36,48,48,2,11,35,25,40,43,0,14,12,11,8,5
2020,3,A,골목상권,2110574,서강대학교,173,123,50,0,35,41,49,38,10,0,17,30,41,30,5,0,18,11,8,8,5
2020,3,A,골목상권,2110573,신촌역 6번,33,14,19,0,7,4,6,8,8,0,2,0,3,3,6,0,5,4,3,5,2
2020,3,A,골목상권,2110572,서강대역 1번,470,254,216,1,63,130,117,116,43,1,32,67,58,66,30,0,31,63,59,50,13
2020,3,A,골목상권,2110571,신수동주민센터,635,358,277,5,109,159,187,126,49,5,57,88,98,74,36,0,52,71,89,52,13
2020,3,A,골목상권,2110570,KB국민은행 서강지점,61,39,22,0,4,22,18,12,5,0,4,13,10,7,5,0,0,9,8,5,0
2020,3,A,골목상권,2110569,홍대땡땡거리,358,153,205,2,62,108,97,53,36,1,18,48,46,19,21,1,44,60,51,34,15
2020,3,A,골목상권,2110568,광흥창역 1번,67,32,35,0,12,21,14,15,5,0,4,10,6,9,3,0,8,11,8,6,2
2020,3,A,골목상권,2110567,광흥창역 6번,91,61,30,0,16,26,27,12,10,0,8,20,13,11,9,0,8,6,14,1,1
2020,3,A,골목상권,2110566,경의선책거리,1690,934,756,2,359,547,406,290,86,1,137,328,252,157,59,1,222,219,154,133,27
2020,3,A,골목상권,2110565,홍익대,107,64,43,0,16,32,34,19,6,0,8,15,23,13,5,0,8,17,11,6,1
2020,3,A,골목상권,2110564,홍대입구역 3번,471,211,260,0,54,125,161,78,53,0,19,47,103,22,20,0,35,78,58,56,33
2020,3,A,골목상권,2110563,상수역 3번,355,274,81,12,83,130,78,23,29,10,63,101,61,16,23,2,20,29,17,7,6
2020,3,A,골목상권,2110562,연트럴파크(연남동주민센터),426,237,189,1,73,118,96,94,44,1,29,76,55,44,32,0,44,42,41,50,12
2020,3,A,골목상권,2110561,상수역 4번,395,247,148,4,59,102,94,89,47,2,21,56,64,68,36,2,38,46,30,21,11
2020,3,A,골목상권,2110560,마포FM,292,140,152,0,26,64,87,77,38,0,10,26,40,36,28,0,16,38,47,41,10
2020,3,A,골목상권,2110559,성산중학교,757,474,283,4,102,187,203,167,94,3,54,102,127,118,70,1,48,85,76,49,24
2020,3,A,골목상권,2110558,경성고등학교,2338,1579,759,11,302,556,565,513,391,10,149,343,406,384,287,1,153,213,159,129,104
2020,3,A,골목상권,2110557,홍대부속여중고앞,760,465,295,1,100,188,196,149,126,1,37,110,137,95,85,0,63,78,59,54,41
2020,3,A,골목상권,2110556,절두산순교성지,176,112,64,3,17,42,58,39,17,3,8,27,39,24,11,0,9,15,19,15,6
2020,3,A,골목상권,2110555,홍익지구대,335,161,174,1,58,69,68,50,89,0,16,32,34,21,58,1,42,37,34,29,31
2020,3,A,골목상권,2110554,망원역 1번,1499,727,772,2,210,352,484,333,118,2,105,174,225,147,74,0,105,178,259,186,44
2020,3,A,골목상권,2110553,가좌역 2번,257,150,107,0,23,42,73,79,40,0,14,23,39,41,33,0,9,19,34,38,7
2020,3,A,골목상권,2110552,성미산체육관,646,469,177,1,110,162,148,159,66,0,72,121,99,129,48,1,38,41,49,30,18
2020,3,A,골목상권,2110551,성서초등학교,803,387,416,1,110,164,235,172,121,1,42,90,114,81,59,0,68,74,121,91,62
2020,3,A,골목상권,2110550,합정역 8번,1578,740,838,1,240,411,414,333,179,0,84,165,221,171,99,1,156,246,193,162,80
2020,3,A,골목상권,2110549,새터산,283,137,146,1,48,61,76,46,51,1,18,31,43,16,28,0,30,30,33,30,23
2020,3,A,골목상권,2110548,마포구청역 4번,795,475,320,5,130,185,210,136,129,3,57,95,122,89,109,2,73,90,88,47,20
2020,3,A,골목상권,2110547,KB국민은행 망원동지점,284,168,116,0,13,47,93,76,55,0,4,25,55,45,39,0,9,22,38,31,16
2020,3,A,골목상권,2110546,양화대교북단,684,408,276,3,185,240,142,68,46,3,79,121,109,55,41,0,106,119,33,13,5
2020,3,A,골목상권,2110545,마포구청역 1번,880,496,384,1,74,169,241,262,133,1,30,100,116,154,95,0,44,69,125,108,38
2020,3,A,골목상권,2110544,망리단길,1203,718,485,1,179,248,331,253,191,1,107,153,171,147,139,0,72,95,160,106,52
2020,3,A,골목상권,2110543,중암중학교,38,25,13,0,6,8,14,7,3,0,3,5,8,6,3,0,3,3,6,1,0
2020,3,A,골목상권,2110542,마포구청역 7번,4013,2450,1563,16,528,715,782,1306,666,9,298,578,607,588,370,7,230,137,175,718,296
2020,3,A,골목상권,2110541,동교초등학교,377,221,156,0,43,59,101,96,78,0,23,37,63,50,48,0,20,22,38,46,30
2020,3,A,골목상권,2110540,망원나들목체육관,288,154,134,0,45,74,85,62,22,0,24,38,42,36,14,0,21,36,43,26,8
2020,3,A,골목상권,2110539,미근동,2792,1821,971,13,225,688,889,822,155,9,167,550,547,424,124,4,58,138,342,398,31
2020,3,A,골목상권,2110538,충정로역 3번,284,178,106,0,12,42,56,66,108,0,5,27,35,42,69,0,7,15,21,24,39
2020,3,A,골목상권,2110537,충정로현대아파트,1514,848,666,1,362,525,328,177,121,0,150,263,215,134,86,1,212,262,113,43,35
2020,3,A,골목상권,2110536,돈의문센트레빌아파트입구,141,105,36,0,12,23,61,32,13,0,7,17,50,21,10,0,5,6,11,11,3
2020,3,A,골목상권,2110535,영천시장입구,797,440,357,2,77,119,179,281,139,2,36,62,110,152,78,0,41,57,69,129,61
2020,3,A,골목상권,2110534,경기대학교,134,67,67,0,9,25,23,33,44,0,6,16,10,11,24,0,3,9,13,22,20
2020,3,A,골목상권,2110533,충정로역 7번,22,11,11,0,5,5,3,5,4,0,0,2,2,4,3,0,5,3,1,1,1
2020,3,A,골목상권,2110532,아현역 2번,330,205,125,0,52,33,48,78,119,0,17,13,23,57,95,0,35,20,25,21,24
2020,3,A,골목상권,2110531,홍지문,141,61,80,0,16,26,24,56,19,0,13,19,13,9,7,0,3,7,11,47,12
2020,3,A,골목상권,2110530,아현역 1번,36,20,16,0,5,5,7,15,4,0,2,5,4,6,3,0,3,0,3,9,1
2020,3,A,골목상권,2110529,홍제3동주민센터,136,67,69,0,14,22,30,27,43,0,2,6,11,16,32,0,12,16,19,11,11
2020,3,A,골목상권,2110528,서울여자간호대학교,309,149,160,0,11,22,32,69,175,0,10,12,16,22,89,0,1,10,16,47,86
2020,3,A,골목상권,2110527,홍제역 2번,177,83,94,1,35,39,35,38,29,1,11,26,14,19,12,0,24,13,21,19,17
2020,3,A,골목상권,2110526,봉원사,241,122,119,1,21,43,58,58,60,1,8,22,26,28,37,0,13,21,32,30,23
2020,3,A,골목상권,2110525,홍은종합사회복지관,61,17,44,0,10,12,15,10,14,0,1,3,0,4,9,0,9,9,15,6,5
2020,3,A,골목상권,2110524,연희세브란스병원,55,23,32,0,10,13,15,10,7,0,5,6,6,3,3,0,5,7,9,7,4
2020,3,A,골목상권,2110523,홍제성원아파트,25,11,14,0,0,6,7,7,5,0,0,1,3,5,2,0,0,5,4,2,3
2020,3,A,골목상권,2110522,홍제역 3번,8,3,5,0,3,0,1,1,3,0,0,0,0,1,2,0,3,0,1,0,1
2020,3,A,골목상권,2110521,홍제역 4번,63,36,27,0,4,7,19,17,16,0,0,4,10,9,13,0,4,3,9,8,3
2020,3,A,골목상권,2110520,경의중앙 신촌역,78,38,40,0,22,12,27,10,7,0,5,5,13,9,6,0,17,7,14,1,1
2020,3,A,골목상권,2110519,서대문구보건소별관,470,175,295,0,58,96,113,139,64,0,15,37,46,42,35,0,43,59,67,97,29
2020,3,A,골목상권,2110518,서대문구청,117,70,47,0,19,39,29,18,12,0,6,19,22,12,11,0,13,20,7,6,1
2020,3,A,골목상권,2110517,서대문소방서,1051,692,359,8,225,280,242,207,89,5,104,187,179,161,56,3,121,93,63,46,33
2020,3,A,골목상권,2110516,정원여중,114,85,29,0,24,19,35,22,14,0,17,14,26,19,9,0,7,5,9,3,5
2020,3,A,골목상권,2110515,홍은중학교,399,312,87,1,46,119,119,68,46,1,33,93,94,52,39,0,13,26,25,16,7
2020,3,A,골목상권,2110514,서대문우체국,86,19,67,0,26,26,17,9,8,0,0,4,7,4,4,0,26,22,10,5,4
2020,3,A,골목상권,2110513,연희파출소,457,241,216,0,51,87,110,130,79,0,17,46,58,69,51,0,34,41,52,61,28
2020,3,A,골목상권,2110512,연희지하차도,357,183,174,0,44,70,106,104,33,0,17,46,47,52,21,0,27,24,59,52,12
2020,3,A,골목상권,2110511,연희초등학교,3766,3317,449,2,465,768,660,1520,351,1,363,658,539,1427,329,1,102,110,121,93,22
2020,3,A,골목상권,2110510,홍연시장,99,59,40,0,8,14,35,26,16,0,4,6,23,14,12,0,4,8,12,12,4
2020,3,A,골목상권,2110509,연희대우아파트앞,691,333,358,0,73,177,151,193,97,0,29,73,77,101,53,0,44,104,74,92,44
2020,3,A,골목상권,2110508,서연중학교,1028,470,558,9,149,249,175,268,178,3,66,152,81,93,75,6,83,97,94,175,103
2020,3,A,골목상권,2110507,명지대학교,1537,1156,381,29,392,636,318,129,33,26,257,481,282,83,27,3,135,155,36,46,6
2020,3,A,골목상권,2110506,연희임광아파트,110,66,44,0,5,12,39,29,25,0,1,8,20,19,18,0,4,4,19,10,7
2020,3,A,골목상권,2110505,홍남교남측,14,9,5,0,1,0,3,7,3,0,0,0,2,5,2,0,1,0,1,2,1
2020,3,A,골목상권,2110504,명지전문대,139,35,104,0,8,17,27,38,49,0,3,4,6,11,11,0,5,13,21,27,38
2020,3,A,골목상권,2110503,명지대학교교회,230,123,107,0,27,52,59,64,28,0,9,30,26,36,22,0,18,22,33,28,6
2020,3,A,골목상권,2110502,남가좌파출소,290,147,143,0,29,34,73,92,62,0,14,16,35,47,35,0,15,18,38,45,27
2020,3,A,골목상권,2110501,연희어린이공원,214,82,132,0,12,33,40,75,54,0,3,20,15,18,26,0,9,13,25,57,28
2020,3,A,골목상권,2110500,남가좌동현대아파트,74,54,20,0,12,13,23,22,4,0,8,9,17,17,3,0,4,4,6,5,1
2020,3,A,골목상권,2110499,연가초등학교,282,123,159,0,44,47,83,67,41,0,8,22,32,35,26,0,36,25,51,32,15
2020,3,A,골목상권,2110498,증산역 1번,222,102,120,0,15,32,75,68,32,0,7,9,31,32,23,0,8,23,44,36,9
2020,3,A,골목상권,2110497,가좌역 3번,299,247,52,0,13,33,86,117,50,0,3,16,74,113,41,0,10,17,12,4,9
2020,3,A,골목상권,2110496,모래내우체국,611,333,278,2,88,190,160,89,82,2,20,100,117,42,52,0,68,90,43,47,30
2020,3,A,골목상권,2110495,북가좌2동주민센터,501,372,129,0,28,67,125,185,96,0,11,45,88,152,76,0,17,22,37,33,20
2020,3,A,골목상권,2110494,증산3교남측,31,24,7,0,1,8,7,9,6,0,0,7,5,7,5,0,1,1,2,2,1
2020,3,A,골목상권,2110493,북가좌초등학교,892,830,62,0,2,19,27,80,764,0,0,12,22,68,728,0,2,7,5,12,36
2020,3,A,골목상권,2110492,하나고등학교,247,43,204,1,6,15,13,98,114,0,1,8,7,10,17,1,5,7,6,88,97
2020,3,A,골목상권,2110491,불광중학교,195,90,105,0,13,35,71,56,20,0,8,20,32,18,12,0,5,15,39,38,8
2020,3,A,골목상권,2110490,녹번동근린공원,307,166,141,0,30,64,85,76,52,0,11,30,47,45,33,0,19,34,38,31,19
2020,3,A,골목상권,2110489,불광역 3번,35,25,10,0,3,7,10,10,5,0,3,4,7,6,5,0,0,3,3,4,0
2020,3,A,골목상권,2110488,우리은행응암동지점,171,103,68,1,14,24,41,36,55,0,8,16,19,15,45,1,6,8,22,21,10
2020,3,A,골목상권,2110487,불광역 8번,63,35,28,0,11,22,15,8,7,0,6,11,7,8,3,0,5,11,8,0,4
2020,3,A,골목상권,2110486,은평구청,629,292,337,0,86,110,146,178,109,0,55,72,56,64,45,0,31,38,90,114,64
2020,3,A,골목상권,2110485,연신내우체국,1259,678,581,0,7,24,35,160,1033,0,4,5,15,70,584,0,3,19,20,90,449
2020,3,A,골목상권,2110484,역촌역 3번,500,203,297,6,62,136,132,103,61,5,34,48,43,35,38,1,28,88,89,68,23
2020,3,A,골목상권,2110483,연천초등학교,147,90,57,0,13,21,45,22,46,0,5,11,31,13,30,0,8,10,14,9,16
2020,3,A,골목상권,2110482,연신초등학교,45,19,26,0,2,5,16,19,3,0,0,0,6,11,2,0,2,5,10,8,1
2020,3,A,골목상권,2110481,불광역 7번,193,86,107,0,13,43,41,57,39,0,2,22,11,24,27,0,11,21,30,33,12
2020,3,A,골목상권,2110480,연신내역 3번,117,34,83,0,7,27,37,29,17,0,0,7,12,9,6,0,7,20,25,20,11
2020,3,A,골목상권,2110479,연신내역 2번,304,177,127,1,50,83,64,66,40,0,28,71,33,32,13,1,22,12,31,34,27
2020,3,A,골목상권,2110478,응암1동주민센터,359,221,138,2,26,39,56,58,178,2,16,23,28,33,119,0,10,16,28,25,59
2020,3,A,골목상권,2110477,은평세무서,434,205,229,0,43,62,106,141,82,0,15,23,49,71,47,0,28,39,57,70,35
2020,3,A,골목상권,2110476,역촌역 2번,56,26,30,0,2,8,22,17,7,0,1,3,9,7,6,0,1,5,13,10,1
2020,3,A,골목상권,2110475,백련산해모로아파트,241,126,115,1,23,42,76,68,31,1,10,24,44,28,19,0,13,18,32,40,12
2020,3,A,골목상권,2110474,세명컴퓨터고등학교,196,68,128,0,12,41,40,59,44,0,3,19,15,11,20,0,9,22,25,48,24
2020,3,A,골목상권,2110473,구산역 1번,436,241,195,0,34,59,113,107,123,0,24,27,53,49,88,0,10,32,60,58,35
2020,3,A,골목상권,2110472,연신내역 4번,336,156,180,2,52,77,80,68,57,1,16,43,30,37,29,1,36,34,50,31,28
2020,3,A,골목상권,2110471,응암동우체국,258,110,148,0,33,58,70,72,25,0,10,17,25,36,22,0,23,41,45,36,3
2020,3,A,골목상권,2110470,신진과학기술고등학교,127,78,49,0,30,22,40,25,10,0,12,11,31,19,5,0,18,11,9,6,5
2020,3,A,골목상권,2110469,응암정보도서관,340,184,156,1,38,58,102,103,38,0,11,29,59,56,29,1,27,29,43,47,9
2020,3,A,골목상권,2110468,응암역 3번,1129,494,635,2,141,256,316,256,158,0,44,114,140,109,87,2,97,142,176,147,71
2020,3,A,골목상권,2110467,은평요양병원,487,284,203,3,90,154,110,68,62,2,46,100,61,37,38,1,44,54,49,31,24
2020,3,A,골목상권,2110466,구산역 2번,87,46,41,0,12,17,26,24,8,0,4,5,16,15,6,0,8,12,10,9,2
2020,3,A,골목상권,2110465,연신내역 7번,229,110,119,3,36,48,55,52,35,2,11,25,24,23,25,1,25,23,31,29,10
2020,3,A,골목상권,2110464,연신내역 5번,301,170,131,4,32,53,93,85,34,4,18,28,44,49,27,0,14,25,49,36,7
2020,3,A,골목상권,2110463,응암3동주민센터,123,54,69,0,7,23,36,26,31,0,3,6,14,11,20,0,4,17,22,15,11
2020,3,A,골목상권,2110462,갈현건영아파트,354,220,134,1,41,64,104,81,63,1,23,38,61,50,47,0,18,26,43,31,16
2020,3,A,골목상권,2110461,새절역 2번,39,21,18,0,2,8,11,10,8,0,2,2,6,6,5,0,0,6,5,4,3
2020,3,A,골목상권,2110460,구산역 4번,969,582,387,0,57,184,248,234,246,0,18,124,133,121,186,0,39,60,115,113,60
2020,3,A,골목상권,2110459,응암역 2번,547,198,349,1,50,105,159,154,78,0,9,38,77,41,33,1,41,67,82,113,45
2020,3,A,골목상권,2110458,선일여고,404,211,193,1,34,87,96,122,64,0,19,52,49,54,37,1,15,35,47,68,27
2020,3,A,골목상권,2110457,예일여고,484,284,200,1,60,89,88,132,114,0,27,47,47,71,92,1,33,42,41,61,22
2020,3,A,골목상권,2110456,구산보건지소,966,543,423,3,284,226,177,146,130,1,123,112,94,96,117,2,161,114,83,50,13
2020,3,A,골목상권,2110455,역촌노인복지관,678,360,318,2,69,118,187,198,104,0,34,63,89,105,69,2,35,55,98,93,35
2020,3,A,골목상권,2110454,선정중학교,481,268,213,3,56,71,142,108,101,2,42,35,53,66,70,1,14,36,89,42,31
2020,3,A,골목상권,2110453,신사1동주민센터,515,288,227,0,43,81,121,155,115,0,20,25,65,85,93,0,23,56,56,70,22
2020,3,A,골목상권,2110452,새절역 3번,420,347,73,1,17,47,78,132,145,1,11,29,58,113,135,0,6,18,20,19,10
2020,3,A,골목상권,2110451,증산역 4번,1296,986,310,2,153,384,374,298,85,2,78,294,312,235,65,0,75,90,62,63,20
2020,3,A,골목상권,2110450,시립서북병원,1576,644,932,4,301,361,344,339,227,2,124,172,146,108,92,2,177,189,198,231,135
2020,3,A,골목상권,2110449,증산역 3번,717,414,303,0,105,161,186,149,116,0,47,98,99,85,85,0,58,63,87,64,31
2020,3,A,골목상권,2110448,상신초등학교입구,120,76,44,1,20,27,26,26,20,1,17,17,12,14,15,0,3,10,14,12,5
2020,3,A,골목상권,2110447,구산초등학교,12,7,5,0,2,2,3,1,4,0,1,2,1,1,2,0,1,0,2,0,2
2020,3,A,골목상권,2110446,내를건너서숲으로도서관,375,294,81,0,65,88,84,69,69,0,61,77,55,44,57,0,4,11,29,25,12
2020,3,A,골목상권,2110445,덕산중학교,61,45,16,0,18,14,15,6,8,0,10,9,12,6,8,0,8,5,3,0,0
2020,3,A,골목상권,2110444,수색성당,170,73,97,0,13,53,46,45,13,0,5,27,13,17,11,0,8,26,33,28,2
2020,3,A,골목상권,2110443,수색역 1번,14,7,7,0,1,1,7,4,1,0,0,1,2,3,1,0,1,0,5,1,0
2020,3,A,골목상권,2110442,화랑대철도공원,76,20,56,0,1,4,14,49,8,0,0,2,4,10,4,0,1,2,10,39,4
2020,3,A,골목상권,2110441,영신여고,172,78,94,0,19,38,41,45,29,0,7,20,16,23,12,0,12,18,25,22,17
2020,3,A,골목상권,2110440,상계3동4동주민센터,49,16,33,0,8,6,15,10,10,0,1,1,4,2,8,0,7,5,11,8,2
2020,3,A,골목상권,2110439,당고개역 5번,63,21,42,0,3,7,6,19,28,0,0,4,2,7,8,0,3,3,4,12,20
2020,3,A,골목상권,2110438,경춘선숲길 우측,230,110,120,0,26,54,83,52,15,0,12,21,38,30,9,0,14,33,45,22,6
2020,3,A,골목상권,2110437,당고개역 2번,116,40,76,0,16,23,25,41,11,0,5,11,9,10,5,0,11,12,16,31,6
2020,3,A,골목상권,2110436,상계제일중학교,93,60,33,0,15,21,33,20,4,0,5,13,23,15,4,0,10,8,10,5,0
2020,3,A,골목상권,2110435,서울과학기술대,73,40,33,0,5,12,18,25,13,0,3,4,8,14,11,0,2,8,10,11,2
2020,3,A,골목상권,2110434,태릉입구역 4번,121,62,59,0,13,11,24,35,38,0,3,2,12,22,23,0,10,9,12,13,15
2020,3,A,골목상권,2110433,공릉역 2번,401,137,264,1,30,41,46,46,237,1,17,30,25,18,46,0,13,11,21,28,191
2020,3,A,골목상권,2110432,대진고등학교,894,734,160,0,55,146,248,343,102,0,27,96,214,311,86,0,28,50,34,32,16
2020,3,A,골목상권,2110431,상계역,124,72,52,1,16,24,28,37,18,0,2,13,17,27,13,1,14,11,11,10,5
2020,3,A,골목상권,2110430,중계초등학교,307,114,193,0,20,36,65,106,80,0,9,11,21,29,44,0,11,25,44,77,36
2020,3,A,골목상권,2110429,공릉동 국수거리,2074,916,1158,3,224,284,511,689,363,1,91,167,248,234,175,2,133,117,263,455,188
2020,3,A,골목상권,2110428,상계5동주민센터,491,217,274,1,43,52,106,158,131,0,14,25,45,70,63,1,29,27,61,88,68
2020,3,A,골목상권,2110427,노원 을지대학교병원,363,281,82,0,27,27,62,126,121,0,12,14,31,109,115,0,15,13,31,17,6
2020,3,A,골목상권,2110426,상계2동주민센터,337,169,168,0,32,57,83,96,69,0,15,30,39,45,40,0,17,27,44,51,29
2020,3,A,골목상권,2110425,계상초등학교,130,54,76,2,18,10,35,38,27,2,5,5,18,14,10,0,13,5,17,24,17
2020,3,A,골목상권,2110424,상계초등학교,388,157,231,2,42,50,96,106,92,2,18,32,32,42,31,0,24,18,64,64,61
2020,3,A,골목상권,2110423,석계역 2번,280,104,176,0,27,29,65,73,86,0,9,15,31,29,20,0,18,14,34,44,66
2020,3,A,골목상권,2110422,노원역 9번,277,221,56,0,27,70,94,54,32,0,24,59,79,37,22,0,3,11,15,17,10
2020,3,A,골목상권,2110421,석계역 1번,249,109,140,0,22,37,78,65,47,0,8,16,31,26,28,0,14,21,47,39,19
2020,3,A,골목상권,2110420,광운대역 1번,814,483,331,7,235,312,188,43,29,0,114,236,92,23,18,7,121,76,96,20,11
2020,3,A,골목상권,2110419,수락산디자인거리,789,536,253,5,96,138,186,200,164,5,51,79,130,146,125,0,45,59,56,54,39
2020,3,A,골목상권,2110418,광운대학교 남단,100,45,55,0,11,17,23,26,23,0,5,5,13,16,6,0,6,12,10,10,17
2020,3,A,골목상권,2110417,월계역 3번,26,14,12,0,11,9,2,4,0,0,4,6,2,2,0,0,7,3,0,2,0
2020,3,A,골목상권,2110416,노원초등학교,468,244,224,4,61,110,118,126,49,2,24,73,58,58,29,2,37,37,60,68,20
2020,3,A,골목상권,2110415,수락산역 4번,635,386,249,5,82,110,155,174,109,5,46,71,85,110,69,0,36,39,70,64,40
2020,3,A,골목상권,2110414,장석교회,61,47,14,0,5,13,15,20,8,0,3,11,11,17,5,0,2,2,4,3,3
2020,3,A,골목상권,2110413,누원고등학교,54,33,21,0,8,11,12,11,12,0,5,8,5,5,10,0,3,3,7,6,2
2020,3,A,골목상권,2110412,창동중학교,25,23,2,0,4,7,3,4,7,0,3,7,3,3,7,0,1,0,0,1,0
2020,3,A,골목상권,2110411,도봉역 3번,413,368,45,1,13,35,58,137,169,0,10,22,45,130,161,1,3,13,13,7,8
2020,3,A,골목상권,2110410,방학역 2번,957,833,124,3,75,187,185,224,283,2,61,162,154,194,260,1,14,25,31,30,23
2020,3,A,골목상권,2110409,창동역 2번,3957,2958,999,1,352,962,964,701,977,0,256,794,803,441,664,1,96,168,161,260,313
2020,3,A,골목상권,2110408,가인초등학교,359,108,251,0,68,70,101,86,34,0,13,24,33,22,16,0,55,46,68,64,18
2020,3,A,골목상권,2110407,도봉역 2번,562,338,224,1,32,77,115,203,134,1,8,41,57,126,105,0,24,36,58,77,29
2020,3,A,골목상권,2110406,도봉산역 1번,659,595,64,0,13,37,147,294,168,0,6,25,133,278,153,0,7,12,14,16,15
2020,3,A,골목상권,2110405,방학역 1번,1123,365,758,3,130,176,308,427,79,3,67,109,82,70,34,0,63,67,226,357,45
2020,3,A,골목상권,2110404,신창초등학교,520,300,220,1,42,96,163,136,82,0,11,57,109,76,47,1,31,39,54,60,35
2020,3,A,골목상권,2110403,방학1동주민센터,316,167,149,1,44,56,63,78,74,1,30,37,36,36,27,0,14,19,27,42,47
2020,3,A,골목상권,2110402,도봉구 정병원,471,221,250,1,85,98,98,106,83,0,24,38,54,59,46,1,61,60,44,47,37
2020,3,A,골목상권,2110401,도봉구민회관,243,65,178,0,29,32,38,87,57,0,4,14,14,22,11,0,25,18,24,65,46
2020,3,A,골목상권,2110400,도봉구보건소,191,111,80,0,20,35,53,51,32,0,9,22,32,26,22,0,11,13,21,25,10
2020,3,A,골목상권,2110399,창2동주민센터,852,519,333,8,114,210,262,189,69,8,71,159,139,94,48,0,43,51,123,95,21
2020,3,A,골목상권,2110398,쌍문2동우체국,474,326,148,0,30,65,96,153,130,0,11,27,50,124,114,0,19,38,46,29,16
2020,3,A,골목상권,2110397,도봉산입구,469,257,212,0,31,56,101,131,150,0,6,34,39,73,105,0,25,22,62,58,45
2020,3,A,골목상권,2110396,쌍문역1번(쌍리단길),259,94,165,2,41,49,52,76,39,0,13,15,22,29,15,2,28,34,30,47,24
2020,3,A,골목상권,2110395,신한은행 방학동지점,163,42,121,0,17,20,44,42,40,0,0,2,11,9,20,0,17,18,33,33,20
2020,3,A,골목상권,2110394,방학중학교,193,116,77,0,15,32,46,48,52,0,8,18,23,29,38,0,7,14,23,19,14
2020,3,A,골목상권,2110393,국민은행방학지점,49,13,36,0,2,10,17,15,5,0,0,0,4,6,3,0,2,10,13,9,2
2020,3,A,골목상권,2110392,발바닥공원,43,17,26,0,2,8,7,10,16,0,0,0,3,3,11,0,2,8,4,7,5
2020,3,A,골목상권,2110391,샘말어린이공원,373,154,219,0,29,54,74,53,163,0,14,28,40,26,46,0,15,26,34,27,117
2020,3,A,골목상권,2110390,방학초등학교,225,105,120,0,18,60,66,58,23,0,7,33,27,27,11,0,11,27,39,31,12
2020,3,A,골목상권,2110389,한일병원,209,120,89,0,23,37,57,53,39,0,10,19,35,30,26,0,13,18,22,23,13
2020,3,A,골목상권,2110388,도봉우체국,35,23,12,0,4,3,10,14,4,0,2,2,7,8,4,0,2,1,3,6,0
2020,3,A,골목상권,2110387,쌍문초등학교,335,185,150,0,38,53,98,88,58,0,13,29,51,47,45,0,25,24,47,41,13
2020,3,A,골목상권,2110386,연산군묘,124,114,10,0,4,3,10,44,63,0,1,3,7,40,63,0,3,0,3,4,0
2020,3,A,골목상권,2110385,효문고등학교,37,22,15,0,3,9,12,4,9,0,2,5,3,4,8,0,1,4,9,0,1
2020,3,A,골목상권,2110384,문이교,248,138,110,0,37,20,50,81,60,0,12,8,21,51,46,0,25,12,29,30,14
2020,3,A,골목상권,2110383,덕성여대시반거리,33,21,12,0,0,3,13,10,7,0,0,2,9,5,5,0,0,1,4,5,2
2020,3,A,골목상권,2110382,솔밭공원역 1번,32,25,7,0,1,9,8,7,7,0,0,5,6,7,7,0,1,4,2,0,0
2020,3,A,골목상권,2110381,번동주공2단지,171,88,83,5,31,28,38,55,14,4,11,14,21,30,8,1,20,14,17,25,6
2020,3,A,골목상권,2110380,강북문화정보도서관,48,15,33,0,12,10,12,10,4,0,0,3,5,4,3,0,12,7,7,6,1
2020,3,A,골목상권,2110379,KT&G 북부지사,12,3,9,1,1,1,3,3,3,0,0,0,1,1,1,1,1,1,2,2,2
2020,3,A,골목상권,2110378,송중동주민센터,23,13,10,0,1,4,6,9,3,0,1,2,2,6,2,0,0,2,4,3,1
2020,3,A,골목상권,2110377,미아사거리역 3번,21,14,7,0,2,2,2,9,6,0,2,2,1,4,5,0,0,0,1,5,1
2020,3,A,골목상권,2110376,수송초등학교,224,142,82,0,26,47,62,60,29,0,12,29,38,41,22,0,14,18,24,19,7
2020,3,A,골목상권,2110375,서울북부고용노동지청,178,99,79,1,23,32,47,52,23,0,18,26,25,19,11,1,5,6,22,33,12
2020,3,A,골목상권,2110374,송중초등학교,491,272,219,5,33,60,145,140,108,5,9,29,73,70,86,0,24,31,72,70,22
2020,3,A,골목상권,2110373,수유역 2번,891,705,186,0,129,255,172,236,99,0,90,208,134,205,68,0,39,47,38,31,31
2020,3,A,골목상권,2110372,강북중학교,188,100,88,0,21,43,50,48,26,0,17,25,18,20,20,0,4,18,32,28,6
2020,3,A,골목상권,2110371,삼양입구사거리,49,23,26,0,2,7,10,19,11,0,0,3,5,10,5,0,2,4,5,9,6
2020,3,A,골목상권,2110370,도봉세무서,367,255,112,0,17,61,76,105,108,0,11,31,42,80,91,0,6,30,34,25,17
2020,3,A,골목상권,2110369,성신여대운정그린캠퍼스,518,214,304,1,49,46,131,131,160,1,10,16,44,53,90,0,39,30,87,78,70
2020,3,A,골목상권,2110368,송천초등학교,196,176,20,0,9,16,36,71,64,0,5,11,32,66,62,0,4,5,4,5,2
2020,3,A,골목상권,2110367,강북구청,1943,976,967,5,195,512,483,522,226,4,64,205,237,340,126,1,131,307,246,182,100
2020,3,A,골목상권,2110366,광산사거리,91,64,27,0,17,20,17,22,15,0,13,13,11,16,11,0,4,7,6,6,4
2020,3,A,골목상권,2110365,미아역 5번,341,83,258,0,17,21,44,63,196,0,5,12,15,17,34,0,12,9,29,46,162
2020,3,A,골목상권,2110364,미아역 8번,146,75,71,0,9,26,51,39,21,0,3,9,25,23,15,0,6,17,26,16,6
2020,3,A,골목상권,2110363,송천동주민센터,19,12,7,0,0,4,3,7,5,0,0,3,1,4,4,0,0,1,2,3,1
2020,3,A,골목상권,2110362,우이천 계성교,205,110,95,1,24,34,61,63,22,0,11,19,28,35,17,1,13,15,33,28,5
2020,3,A,골목상권,2110361,삼양사거리역 1번,101,29,72,0,9,12,19,28,33,0,2,4,3,7,13,0,7,8,16,21,20
2020,3,A,골목상권,2110360,수유초등학교,321,222,99,0,34,61,63,67,96,0,7,43,42,44,86,0,27,18,21,23,10
2020,3,A,골목상권,2110359,수유시장옆,117,67,50,0,12,25,33,36,11,0,3,12,16,29,7,0,9,13,17,7,4
2020,3,A,골목상권,2110358,인수동 우편취급국,558,300,258,0,18,35,68,214,223,0,2,18,24,94,162,0,16,17,44,120,61
2020,3,A,골목상권,2110357,가오리역 1번,725,611,114,0,25,36,171,340,153,0,4,18,146,310,133,0,21,18,25,30,20
2020,3,A,골목상권,2110356,덕수교,228,114,114,0,13,34,55,60,66,0,4,17,22,30,41,0,9,17,33,30,25
2020,3,A,골목상권,2110355,삼양사거리역 2번,306,254,52,0,8,26,44,103,125,0,1,10,31,94,118,0,7,16,13,9,7
2020,3,A,골목상권,2110354,삼각산119안전센터,22,5,17,0,2,3,10,5,2,0,0,0,2,1,2,0,2,3,8,4,0
2020,3,A,골목상권,2110353,수유동우체국,187,91,96,0,4,18,48,60,57,0,1,12,33,27,18,0,3,6,15,33,39
2020,3,A,골목상권,2110352,수유1동주민센터,305,121,184,0,28,55,103,86,33,0,11,24,37,32,17,0,17,31,66,54,16
2020,3,A,골목상권,2110351,수유북부시장옆,214,93,121,0,27,45,51,59,32,0,9,17,20,25,22,0,18,28,31,34,10
2020,3,A,골목상권,2110350,가오리역 2번,148,77,71,0,11,27,37,49,24,0,5,11,18,26,17,0,6,16,19,23,7
2020,3,A,골목상권,2110349,화계역 2번,83,67,16,0,6,4,21,33,19,0,5,3,12,28,19,0,1,1,9,5,0
2020,3,A,골목상권,2110348,강북문화예술회관,343,174,169,0,27,59,108,96,53,0,4,31,63,43,33,0,23,28,45,53,20
2020,3,A,골목상권,2110347,구세군강북종합사회복지관,38,17,21,0,10,7,5,9,7,0,1,5,1,5,5,0,9,2,4,4,2
2020,3,A,골목상권,2110346,4.19민주묘지역 2번,96,48,48,0,12,13,19,19,33,0,3,7,8,7,23,0,9,6,11,12,10
2020,3,A,골목상권,2110345,솔밭공원역 2번,117,48,69,1,14,20,26,38,18,0,3,6,8,18,13,1,11,14,18,20,5
2020,3,A,골목상권,2110344,화계중학교,12,10,2,0,7,1,1,2,1,0,5,1,1,2,1,0,2,0,0,0,0
2020,3,A,골목상권,2110343,무너미어린이공원,100,74,26,0,7,21,28,32,12,0,4,14,22,25,9,0,3,7,6,7,3
2020,3,A,골목상권,2110342,국립재활원,59,44,15,0,5,11,20,15,8,0,3,8,14,13,6,0,2,3,6,2,2
2020,3,A,골목상권,2110341,북한산우이역 2번,492,408,84,0,15,25,80,255,117,0,4,10,52,235,107,0,11,15,28,20,10
2020,3,A,골목상권,2110340,인수중학교,176,99,77,0,24,55,50,29,18,0,8,43,31,7,10,0,16,12,19,22,8
2020,3,A,골목상권,2110339,국립4.19민주묘지,26,10,16,0,2,4,8,7,5,0,0,3,5,0,2,0,2,1,3,7,3
2020,3,A,골목상권,2110338,인수초등학교,190,135,55,0,34,59,43,46,8,0,18,42,33,35,7,0,16,17,10,11,1
2020,3,A,골목상권,2110337,아카데미하우스,512,368,144,6,70,69,94,159,114,6,43,58,60,98,103,0,27,11,34,61,11
2020,3,A,골목상권,2110336,석관고등학교,94,84,10,0,3,17,16,37,21,0,3,15,13,34,19,0,0,2,3,3,2
2020,3,A,골목상권,2110335,석계역 7번,249,172,77,1,19,32,66,64,67,0,13,18,34,45,62,1,6,14,32,19,5
2020,3,A,골목상권,2110334,석관중앙교회,170,105,65,0,21,43,31,41,34,0,8,19,19,29,30,0,13,24,12,12,4
2020,3,A,골목상권,2110333,돌곶이역 5번,988,746,242,0,15,23,38,74,838,0,2,13,20,42,669,0,13,10,18,32,169
2020,3,A,골목상권,2110332,돌곶이역 3번,164,63,101,0,28,29,42,47,18,0,6,18,19,14,6,0,22,11,23,33,12
2020,3,A,골목상권,2110331,돌곶이역 8번,436,292,144,3,54,146,112,76,45,0,17,105,82,53,35,3,37,41,30,23,10
2020,3,A,골목상권,2110330,돌곶이역 1번,220,172,48,0,12,18,33,31,126,0,4,12,20,23,113,0,8,6,13,8,13
2020,3,A,골목상권,2110329,우리은행체육관,53,27,26,1,7,9,12,17,7,1,0,5,5,10,6,0,7,4,7,7,1
2020,3,A,골목상권,2110328,상월곡역 3번,250,157,93,1,41,81,66,39,22,1,26,58,33,24,15,0,15,23,33,15,7
2020,3,A,골목상권,2110327,상월곡역 2번,104,55,49,0,8,15,39,26,16,0,3,6,23,14,9,0,5,9,16,12,7
2020,3,A,골목상권,2110326,장위동성당,84,40,44,0,2,9,16,13,44,0,1,2,6,5,26,0,1,7,10,8,18
2020,3,A,골목상권,2110325,장곡초등학교,62,22,40,0,0,14,22,20,6,0,0,3,8,7,4,0,0,11,14,13,2
2020,3,A,골목상권,2110324,월곡역 4번,99,55,44,0,31,21,19,18,10,0,9,10,13,14,9,0,22,11,6,4,1
2020,3,A,골목상권,2110323,상월곡역 1번,109,30,79,2,25,24,28,18,12,0,4,5,11,5,5,2,21,19,17,13,7
2020,3,A,골목상권,2110322,장위1동주민센터,237,158,79,0,14,15,42,74,92,0,9,11,30,52,56,0,5,4,12,22,36
2020,3,A,골목상권,2110321,동덕여대,43,29,14,0,2,6,17,12,6,0,2,6,9,7,5,0,0,0,8,5,1
2020,3,A,골목상권,2110320,KB국민은행 종암동지점,72,44,28,0,2,11,24,21,14,0,1,5,12,14,12,0,1,6,12,7,2
2020,3,A,골목상권,2110319,종암동주민센터,277,111,166,1,45,49,65,62,55,0,8,19,24,32,28,1,37,30,41,30,27
2020,3,A,골목상권,2110318,KT월곡지사,148,78,70,0,21,29,45,36,17,0,10,19,22,14,13,0,11,10,23,22,4
2020,3,A,골목상권,2110317,종암중학교,412,207,205,0,33,120,153,86,20,0,14,47,78,59,9,0,19,73,75,27,11
2020,3,A,골목상권,2110316,숭곡초등학교,439,217,222,2,68,114,129,88,38,2,19,58,73,42,23,0,49,56,56,46,15
2020,3,A,골목상권,2110315,종암아이파크2차,124,78,46,0,11,17,41,38,17,0,4,9,27,25,13,0,7,8,14,13,4
2020,3,A,골목상권,2110314,종암경찰서,953,701,252,1,127,272,224,287,42,0,72,207,163,231,28,1,55,65,61,56,14
2020,3,A,골목상권,2110313,안암역 3번,2079,1351,728,2,209,555,672,477,164,0,96,312,446,356,141,2,113,243,226,121,23
2020,3,A,골목상권,2110312,안암역 2번,175,96,79,0,18,24,52,54,27,0,9,17,27,27,16,0,9,7,25,27,11
2020,3,A,골목상권,2110311,종암아이파크2차후문,49,21,28,0,3,5,24,7,10,0,2,2,6,4,7,0,1,3,18,3,3
2020,3,A,골목상권,2110310,길음역 10번,45,14,31,0,12,8,5,15,5,0,4,1,2,4,3,0,8,7,3,11,2
2020,3,A,골목상권,2110309,대광초등학교,354,252,102,0,37,57,103,96,61,0,18,39,69,75,51,0,19,18,34,21,10
2020,3,A,골목상권,2110308,길음역 8번,174,85,89,0,17,36,56,41,24,0,8,17,26,20,14,0,9,19,30,21,10
2020,3,A,골목상권,2110307,길음역 7번,158,71,87,0,29,32,52,27,18,0,7,17,23,12,12,0,22,15,29,15,6
2020,3,A,골목상권,2110306,미아초등학교,291,194,97,2,13,46,66,71,93,0,3,25,39,45,82,2,10,21,27,26,11
2020,3,A,골목상권,2110305,보문역 5번,883,661,222,3,165,255,173,133,154,1,99,199,129,103,130,2,66,56,44,30,24
2020,3,A,골목상권,2110304,보문역 4번,248,146,102,0,40,77,61,48,22,0,10,46,35,37,18,0,30,31,26,11,4
2020,3,A,골목상권,2110303,성신여대입구역 1번,138,97,41,1,7,35,44,27,24,0,2,22,28,25,20,1,5,13,16,2,4
2020,3,A,골목상권,2110302,보문역 8번,3818,3195,623,1,369,1436,715,829,468,1,257,1276,659,708,294,0,112,160,56,121,174
2020,3,A,골목상권,2110301,성신여대입구역 7번,484,209,275,1,73,84,96,134,96,0,31,37,39,62,40,1,42,47,57,72,56
2020,3,A,골목상권,2110300,삼선동주민센터,2735,1587,1148,3,248,710,769,844,161,2,97,300,444,629,115,1,151,410,325,215,46
2020,3,A,골목상권,2110299,정릉역 1번,372,241,131,1,33,49,83,95,111,0,9,12,40,74,106,1,24,37,43,21,5
2020,3,A,골목상권,2110298,솔숲어린이공원,77,28,49,0,18,11,24,12,12,0,3,5,7,5,8,0,15,6,17,7,4
2020,3,A,골목상권,2110297,경동고등학교,654,311,343,0,74,123,156,164,137,0,31,65,74,79,62,0,43,58,82,85,75
2020,3,A,골목상권,2110296,성신여대입구역 4번,77,39,38,1,7,12,30,11,16,1,3,7,15,8,5,0,4,5,15,3,11
2020,3,A,골목상권,2110295,정릉우체국,679,248,431,0,166,178,163,119,53,0,36,67,49,52,44,0,130,111,114,67,9
2020,3,A,골목상권,2110294,서경대학교,391,262,129,0,35,30,93,120,113,0,18,14,46,87,97,0,17,16,47,33,16
2020,3,A,골목상권,2110293,삼선중학교,1730,860,870,4,248,467,527,319,165,3,116,277,268,111,85,1,132,190,259,208,80
2020,3,A,골목상권,2110292,정릉역 2번,43,17,26,0,2,7,21,7,6,0,1,5,6,3,2,0,1,2,15,4,4
2020,3,A,골목상권,2110291,한성대입구역 3번,345,174,171,2,27,49,96,92,79,0,14,24,50,52,34,2,13,25,46,40,45
2020,3,A,골목상권,2110290,북한산보국문역 1번,96,78,18,0,2,9,29,37,19,0,1,8,23,30,16,0,1,1,6,7,3
2020,3,A,골목상권,2110289,북한산보국문역 2번,144,105,39,0,9,28,49,32,26,0,6,23,30,24,22,0,3,5,19,8,4
2020,3,A,골목상권,2110288,동구여중,216,139,77,1,19,49,52,55,40,0,9,22,35,40,33,1,10,27,17,15,7
2020,3,A,골목상권,2110287,정릉3동주민센터,70,50,20,0,9,12,18,19,12,0,5,8,15,12,10,0,4,4,3,7,2
2020,3,A,골목상권,2110286,한성대입구역 5번,978,468,510,17,187,284,317,122,51,8,70,126,143,83,38,9,117,158,174,39,13
2020,3,A,골목상권,2110285,홍대부중,814,559,255,9,219,220,210,100,56,6,118,172,163,69,31,3,101,48,47,31,25
2020,3,A,골목상권,2110284,정릉북한산국립공원입구,644,558,86,0,13,85,200,250,96,0,8,69,176,220,85,0,5,16,24,30,11
2020,3,A,골목상권,2110283,성북초등학교앞,203,78,125,0,16,33,56,80,18,0,8,10,23,27,10,0,8,23,33,53,8
2020,3,A,골목상권,2110282,국민대학교앞,1403,1162,241,15,213,430,341,239,165,14,151,387,296,212,102,1,62,43,45,27,63
2020,3,A,골목상권,2110281,길상사,13811,12087,1724,12,1418,3093,4057,4963,268,1,960,2426,3678,4822,200,11,458,667,379,141,68
2020,3,A,골목상권,2110280,북정마을,78,40,38,0,6,12,25,24,11,0,2,4,11,15,8,0,4,8,14,9,3
2020,3,A,골목상권,2110279,신내역 2번,9,8,1,0,0,1,4,4,0,0,0,1,3,4,0,0,0,0,1,0,0
2020,3,A,골목상권,2110278,망우본동주민센터,279,168,111,1,32,46,78,83,39,0,10,25,44,57,32,1,22,21,34,26,7
2020,3,A,골목상권,2110277,러스크서울병원,178,100,78,0,16,32,39,52,39,0,6,15,23,29,27,0,10,17,16,23,12
2020,3,A,골목상권,2110276,신내IC북측,39,25,14,0,1,6,11,12,9,0,0,5,6,9,5,0,1,1,5,3,4
2020,3,A,골목상권,2110275,하나은행 망우동지점,63,33,30,0,4,9,19,16,15,0,3,6,9,5,10,0,1,3,10,11,5
2020,3,A,골목상권,2110274,서일대학교,552,385,167,0,49,66,143,153,141,0,10,43,97,121,114,0,39,23,46,32,27
2020,3,A,골목상권,2110273,장스여성병원,610,446,164,7,31,37,75,209,251,0,4,8,37,168,229,7,27,29,38,41,22
2020,3,A,골목상권,2110272,신내1동주민센터,471,318,153,0,45,69,93,149,115,0,15,35,60,103,105,0,30,34,33,46,10
2020,3,A,골목상권,2110271,신내역 1번,97,74,23,0,8,17,25,29,18,0,5,14,18,23,14,0,3,3,7,6,4
2020,3,A,골목상권,2110270,혜원여고,168,148,20,0,4,5,7,70,82,0,4,3,6,59,76,0,0,2,1,11,6
2020,3,A,골목상권,2110269,용마문화복지센터,169,98,71,0,19,53,52,28,17,0,13,32,30,19,4,0,6,21,22,9,13
2020,3,A,골목상권,2110268,망우3동주민센터,60,30,30,0,10,13,10,18,9,0,1,5,7,10,7,0,9,8,3,8,2
2020,3,A,골목상권,2110267,망우역 2번,139,49,90,1,15,28,50,28,17,1,2,10,19,13,4,0,13,18,31,15,13
2020,3,A,골목상권,2110266,면목동우체국,225,182,43,0,10,31,38,79,67,0,1,19,30,69,63,0,9,12,8,10,4
2020,3,A,골목상권,2110265,망우역 1번,198,91,107,1,23,43,54,57,20,0,7,18,21,32,13,1,16,25,33,25,7
2020,3,A,골목상권,2110264,면목역 2번,358,170,188,1,52,75,93,80,57,0,21,40,40,37,32,1,31,35,53,43,25
2020,3,A,골목상권,2110263,면목역 1번,128,69,59,0,12,27,34,24,31,0,6,12,11,14,26,0,6,15,23,10,5
2020,3,A,골목상권,2110262,상봉역 3번,1532,879,653,2,221,447,543,268,51,0,119,337,282,107,34,2,102,110,261,161,17
2020,3,A,골목상권,2110261,사가정역 4번,167,90,77,1,16,29,49,50,22,1,8,15,25,26,15,0,8,14,24,24,7
2020,3,A,골목상권,2110260,면목역 3번,126,74,52,0,24,21,24,29,28,0,14,8,12,20,20,0,10,13,12,9,8
2020,3,A,골목상권,2110259,사가정역 1번,543,425,118,2,48,108,172,159,54,2,29,73,131,140,50,0,19,35,41,19,4
2020,3,A,골목상권,2110258,면동초등학교,260,99,161,0,32,49,79,66,34,0,1,20,28,34,16,0,31,29,51,32,18
2020,3,A,골목상권,2110257,상봉역 7번,397,330,67,0,17,18,50,133,179,0,6,11,34,118,161,0,11,7,16,15,18
2020,3,A,골목상권,2110256,면목2동체육관,477,321,156,2,56,66,82,140,131,1,21,35,45,109,110,1,35,31,37,31,21
2020,3,A,골목상권,2110255,상봉역 4번,327,208,119,0,39,52,78,92,66,0,20,24,46,62,56,0,19,28,32,30,10
2020,3,A,골목상권,2110254,오거리공원,257,89,168,1,19,75,79,51,32,0,6,15,35,21,12,1,13,60,44,30,20
2020,3,A,골목상권,2110253,중곡초등학교,181,106,75,0,31,31,44,49,26,0,10,17,23,35,21,0,21,14,21,14,5
2020,3,A,골목상권,2110252,장안제일시장,712,505,207,1,64,101,159,195,192,1,42,73,87,131,171,0,22,28,72,64,21
2020,3,A,골목상권,2110251,장안중학교,147,104,43,0,8,34,46,39,20,0,3,23,34,27,17,0,5,11,12,12,3
2020,3,A,골목상권,2110250,화랑대역 7번,111,69,42,0,7,20,32,34,18,0,5,12,15,23,14,0,2,8,17,11,4
2020,3,A,골목상권,2110249,중화역 1번,783,496,287,0,71,131,213,207,161,0,34,62,112,143,145,0,37,69,101,64,16
2020,3,A,골목상권,2110248,먹골파출소,85,47,38,1,19,23,20,12,10,0,7,14,12,4,10,1,12,9,8,8,0
2020,3,A,골목상권,2110247,먹골역 1번,377,175,202,0,53,79,123,78,44,0,21,30,55,38,31,0,32,49,68,40,13
2020,3,A,골목상권,2110246,월드순복음교회,431,312,119,0,27,97,158,95,54,0,12,69,122,65,44,0,15,28,36,30,10
2020,3,A,골목상권,2110245,KB국민은행 중화동지점,108,69,39,0,5,18,41,27,17,0,4,10,24,17,14,0,1,8,17,10,3
2020,3,A,골목상권,2110244,중화역 4번,250,175,75,1,8,26,49,44,122,1,4,11,32,30,97,0,4,15,17,14,25
2020,3,A,골목상권,2110243,중랑노인종합복지관,317,126,191,1,32,51,76,111,46,0,7,22,39,36,22,1,25,29,37,75,24
2020,3,A,골목상권,2110242,면목5동주민센터,164,112,52,0,21,28,56,30,29,0,12,23,31,22,24,0,9,5,25,8,5
2020,3,A,골목상권,2110241,먹골역 5번,415,213,202,0,61,87,97,117,53,0,17,49,46,63,38,0,44,38,51,54,15
2020,3,A,골목상권,2110240,태릉시장 특화거리,97,39,58,2,20,13,28,16,18,1,3,8,7,8,12,1,17,5,21,8,6
2020,3,A,골목상권,2110238,배꽃어린이공원,66,48,18,0,6,7,15,23,15,0,4,5,9,15,15,0,2,2,6,8,0
2020,3,A,골목상권,2110237,메가박스 상봉,274,152,122,0,30,67,97,54,26,0,13,37,48,36,18,0,17,30,49,18,8
2020,3,A,골목상권,2110236,신묵초등학교,1015,836,179,0,185,302,228,255,45,0,135,246,194,228,33,0,50,56,34,27,12
2020,3,A,골목상권,2110235,세화어린이공원,17,12,5,0,6,3,1,5,2,0,5,1,1,3,2,0,1,2,0,2,0
2020,3,A,골목상권,2110234,중랑역 4번,96,41,55,0,15,16,23,25,17,0,2,5,10,14,10,0,13,11,13,11,7
2020,3,A,골목상권,2110233,중랑역 1번,142,46,96,1,23,27,50,35,6,1,6,7,16,11,5,0,17,20,34,24,1
2020,3,A,골목상권,2110232,동대부고,579,413,166,0,41,71,119,175,173,0,14,38,80,134,147,0,27,33,39,41,26
2020,3,A,골목상권,2110231,장안교,11,8,3,0,0,1,4,5,1,0,0,1,3,4,0,0,0,0,1,1,1
2020,3,A,골목상권,2110230,장안현대홈타운1차아파트,161,101,60,0,15,32,52,45,17,0,6,22,33,28,12,0,9,10,19,17,5
2020,3,A,골목상권,2110229,장평중학교,1339,865,474,0,145,164,192,320,518,0,81,103,125,212,344,0,64,61,67,108,174
2020,3,A,골목상권,2110228,장안근린공원,1992,1184,808,40,1381,313,92,101,65,24,788,223,60,54,35,16,593,90,32,47,30
2020,3,A,골목상권,2110227,답십리공원,216,82,134,0,13,28,73,82,20,0,10,14,25,21,12,0,3,14,48,61,8
2020,3,A,골목상권,2110226,장안1동주민센터,1882,1005,877,2,147,247,333,512,641,2,87,148,213,253,302,0,60,99,120,259,339
2020,3,A,골목상권,2110225,촬영소사거리,330,204,126,0,22,36,68,83,121,0,9,25,42,55,73,0,13,11,26,28,48
2020,3,A,골목상권,2110224,외대앞역 2번,95,39,56,0,9,14,16,27,29,0,2,4,9,15,9,0,7,10,7,12,20
2020,3,A,골목상권,2110223,군자초등학교,94,56,38,0,13,17,26,24,14,0,4,10,17,15,10,0,9,7,9,9,4
2020,3,A,골목상권,2110222,회기역 2번,20,17,3,0,0,3,2,6,9,0,0,2,2,4,9,0,0,1,0,2,0
2020,3,A,골목상권,2110221,의릉,95,69,26,0,10,12,36,29,8,0,6,10,24,22,7,0,4,2,12,7,1
2020,3,A,골목상권,2110220,외대앞역 1번,190,109,81,0,28,36,54,46,26,0,7,17,33,34,18,0,21,19,21,12,8
2020,3,A,골목상권,2110219,삼육보건대학교,249,145,104,0,18,42,68,82,39,0,11,20,31,53,30,0,7,22,37,29,9
2020,3,A,골목상권,2110218,답십리사거리,158,83,75,0,14,25,45,60,14,0,5,12,22,33,11,0,9,13,23,27,3
2020,3,A,골목상권,2110217,자동차부품상가,503,388,115,1,33,105,143,123,98,1,24,88,115,83,77,0,9,17,28,40,21
2020,3,A,골목상권,2110216,전농중학교,208,68,140,1,32,48,62,50,15,1,11,14,18,18,6,0,21,34,44,32,9
2020,3,A,골목상권,2110215,회기역 1번,28,18,10,0,3,4,9,7,5,0,3,2,6,3,4,0,0,2,3,4,1
2020,3,A,골목상권,2110214,경희대후문,86,42,44,0,18,17,24,17,10,0,6,6,13,10,7,0,12,11,11,7,3
2020,3,A,골목상권,2110213,청량초등학교,124,81,43,0,19,57,17,15,16,0,7,41,13,7,13,0,12,16,4,8,3
2020,3,A,골목상권,2110212,답십리초등학교,204,144,60,0,26,37,42,67,32,0,18,26,27,50,23,0,8,11,15,17,9
2020,3,A,골목상권,2110211,전곡마을마당공원,626,445,181,1,66,101,170,194,94,0,45,73,129,143,55,1,21,28,41,51,39
2020,3,A,골목상권,2110210,서울시립대,341,253,88,1,9,19,24,34,254,1,4,12,10,21,205,0,5,7,14,13,49
2020,3,A,골목상권,2110209,답십리 장령당공원,81,51,30,0,3,11,28,19,20,0,1,5,16,15,14,0,2,6,12,4,6
2020,3,A,골목상권,2110208,시조사삼거리,75,56,19,0,2,14,7,17,35,0,1,7,2,11,35,0,1,7,5,6,0
2020,3,A,골목상권,2110207,시립대앞사거리,50,26,24,0,4,12,12,10,12,0,2,8,6,3,7,0,2,4,6,7,5
2020,3,A,골목상권,2110206,텃골근린공원,81,29,52,0,5,14,23,23,16,0,2,7,7,7,6,0,3,7,16,16,10
2020,3,A,골목상권,2110205,경희대삼거리,82,48,34,0,4,13,23,23,19,0,2,10,7,17,12,0,2,3,16,6,7
2020,3,A,골목상권,2110204,간데메공원,411,268,143,3,83,97,82,89,57,3,57,64,46,58,40,0,26,33,36,31,17
2020,3,A,골목상권,2110203,떡전교사거리,99,63,36,1,9,15,32,29,13,1,0,7,26,20,9,0,9,8,6,9,4
2020,3,A,골목상권,2110202,전농1동주민센터(전농시장),111,68,43,0,14,35,31,20,11,0,9,19,21,14,5,0,5,16,10,6,6
2020,3,A,골목상권,2110201,전농119안전센터,27,11,16,0,2,1,9,10,5,0,1,0,3,4,3,0,1,1,6,6,2
2020,3,A,골목상권,2110200,동대문경찰서,74,50,24,0,1,6,21,13,33,0,0,1,11,6,32,0,1,5,10,7,1
2020,3,A,골목상권,2110199,홍릉시장,65,41,24,0,11,15,18,14,7,0,8,8,10,9,6,0,3,7,8,5,1
2020,3,A,골목상권,2110198,동대문중앙새마을금고본점,67,26,41,0,1,0,18,37,11,0,0,0,8,10,8,0,1,0,10,27,3
2020,3,A,골목상권,2110197,세종대왕기념관교차로,67,46,21,0,8,19,26,9,5,0,4,15,19,7,1,0,4,4,7,2,4
2020,3,A,골목상권,2110196,홍릉근린공원,23,12,11,0,1,6,8,5,3,0,1,4,3,2,2,0,0,2,5,3,1
2020,3,A,골목상권,2110195,동대문구청,221,115,106,0,41,58,47,40,35,0,12,28,23,27,25,0,29,30,24,13,10
2020,3,A,골목상권,2110194,홍파초등학교,112,85,27,0,6,32,24,36,14,0,4,20,20,31,10,0,2,12,4,5,4
2020,3,A,골목상권,2110193,고려대역 4번,48,37,11,0,5,11,11,10,11,0,3,5,10,10,9,0,2,6,1,0,2
2020,3,A,골목상권,2110192,동의보감타워,70,45,25,0,7,10,25,16,12,0,2,6,17,10,10,0,5,4,8,6,2
2020,3,A,골목상권,2110191,고려대역 6번,48,41,7,0,1,12,14,9,12,0,1,10,11,8,11,0,0,2,3,1,1
2020,3,A,골목상권,2110190,고대앞사거리,195,92,103,0,22,34,34,45,60,0,4,18,22,19,29,0,18,16,12,26,31
2020,3,A,골목상권,2110189,제기동역 1번,1545,1089,456,1,233,490,343,170,308,0,98,349,286,137,219,1,135,141,57,33,89
2020,3,A,골목상권,2110188,용두동신동아아파트,807,607,200,8,104,178,229,191,97,2,68,150,181,132,74,6,36,28,48,59,23
2020,3,A,골목상권,2110187,제기동역 6번,3124,2222,902,15,559,867,746,552,385,7,387,605,531,394,298,8,172,262,215,158,87
2020,3,A,골목상권,2110186,종암초등학교,94,71,23,0,5,13,15,30,31,0,1,12,9,23,26,0,4,1,6,7,5
2020,3,A,골목상권,2110185,용두초등학교,122,77,45,0,13,22,31,32,24,0,5,13,18,22,19,0,8,9,13,10,5
2020,3,A,골목상권,2110184,용두사거리,423,215,208,0,81,138,75,77,52,0,39,51,34,51,40,0,42,87,41,26,12
2020,3,A,골목상권,2110183,한국의류시험연구원,833,441,392,3,237,305,147,75,66,1,87,160,79,58,56,2,150,145,68,17,10
2020,3,A,골목상권,2110182,용두희망어린이공원,370,249,121,0,38,71,108,87,66,0,20,47,67,64,51,0,18,24,41,23,15
2020,3,A,골목상권,2110181,신설동역 9번,1864,1212,652,12,209,232,286,440,685,12,150,162,188,282,418,0,59,70,98,158,267
2020,3,A,골목상권,2110180,광진정보도서관,5946,4025,1921,18,1620,2093,1180,672,363,5,885,1485,859,489,302,13,735,608,321,183,61
2020,3,A,골목상권,2110179,광나루역 1번,911,620,291,0,142,209,188,233,139,0,82,160,157,154,67,0,60,49,31,79,72
2020,3,A,골목상권,2110178,장로회신학대학교,194,123,71,0,25,44,42,56,27,0,15,34,21,38,15,0,10,10,21,18,12
2020,3,A,골목상권,2110177,동의초등학교,135,90,45,0,11,31,32,35,26,0,3,15,21,27,24,0,8,16,11,8,2
2020,3,A,골목상권,2110176,해오름공원,758,432,326,1,70,206,221,168,92,1,30,116,125,90,70,0,40,90,96,78,22
2020,3,A,골목상권,2110175,푸른동산공원,370,235,135,0,41,74,109,86,60,0,24,48,70,53,40,0,17,26,39,33,20
2020,3,A,골목상권,2110174,아차산역 1번,432,305,127,1,49,80,115,104,83,1,25,57,76,69,77,0,24,23,39,35,6
2020,3,A,골목상권,2110173,구남초등학교,195,106,89,0,34,50,46,44,21,0,16,28,21,25,16,0,18,22,25,19,5
2020,3,A,골목상권,2110172,광진초등학교,351,227,124,0,42,73,97,92,47,0,17,48,61,65,36,0,25,25,36,27,11
2020,3,A,골목상권,2110171,중곡4동주민센터,59,36,23,0,4,8,7,22,18,0,1,2,3,15,15,0,3,6,4,7,3
2020,3,A,골목상권,2110170,동대부여고,189,105,84,1,35,39,58,39,17,0,16,16,35,26,12,1,19,23,23,13,5
2020,3,A,골목상권,2110169,성동초등학교,221,112,109,1,25,30,68,59,38,0,12,12,32,32,24,1,13,18,36,27,14
2020,3,A,골목상권,2110168,대원고등학교,688,531,157,0,66,102,139,225,156,0,38,73,103,173,144,0,28,29,36,52,12
2020,3,A,골목상권,2110167,용마초등학교,376,220,156,2,22,56,99,109,88,0,9,20,52,62,77,2,13,36,47,47,11
2020,3,A,골목상권,2110166,구의1동주민센터,552,292,260,1,70,121,177,115,68,1,20,59,99,60,53,0,50,62,78,55,15
2020,3,A,골목상권,2110165,국립정신건강센터,287,204,83,0,19,46,81,77,64,0,9,33,51,61,50,0,10,13,30,16,14
2020,3,A,골목상권,2110164,아차산역 5번,731,494,237,3,111,126,143,164,184,0,61,77,101,112,143,3,50,49,42,52,41
2020,3,A,골목상권,2110163,성자초등학교,272,134,138,0,37,44,65,72,54,0,13,26,31,26,38,0,24,18,34,46,16
2020,3,A,골목상권,2110162,군자역 4번,613,365,248,0,127,162,131,110,83,0,98,118,75,42,32,0,29,44,56,68,51
2020,3,A,골목상권,2110161,중곡역 3번,236,135,101,3,11,33,58,65,66,0,2,16,37,40,40,3,9,17,21,25,26
2020,3,A,골목상권,2110160,광진경찰서,832,690,142,0,149,323,182,167,11,0,110,261,152,157,10,0,39,62,30,10,1
2020,3,A,골목상권,2110159,구의역 4번,663,391,272,1,125,115,158,132,132,1,58,62,85,87,98,0,67,53,73,45,34
2020,3,A,골목상권,2110158,중곡3동주민센터,715,518,197,1,113,210,184,138,69,0,73,168,123,104,50,1,40,42,61,34,19
2020,3,A,골목상권,2110157,자양동우체국,1097,891,206,10,352,279,244,141,71,7,300,237,180,106,61,3,52,42,64,35,10
2020,3,A,골목상권,2110156,군자역 5번,624,365,259,0,96,182,174,113,59,0,41,115,102,67,40,0,55,67,72,46,19
2020,3,A,골목상권,2110155,광진구청,8356,7701,655,0,240,853,2408,4046,809,0,172,765,2256,3748,760,0,68,88,152,298,49
2020,3,A,골목상권,2110154,광진정말공원,307,161,146,1,43,62,79,78,44,1,19,37,35,37,32,0,24,25,44,41,12
2020,3,A,골목상권,2110153,중곡1동주민센터,241,83,158,1,42,57,67,57,17,0,14,22,22,17,8,1,28,35,45,40,9
2020,3,A,골목상권,2110152,중곡어린이공원,338,300,38,0,17,29,64,119,109,0,10,21,55,109,105,0,7,8,9,10,4
2020,3,A,골목상권,2110151,자양한강도서관,249,175,74,4,35,52,63,66,29,3,24,37,49,41,21,1,11,15,14,25,8
2020,3,A,골목상권,2110150,중곡1동 마을마당,1179,698,481,1,197,352,252,217,160,1,83,194,161,132,127,0,114,158,91,85,33
2020,3,A,골목상권,2110149,세종대학교,122,72,50,0,15,21,31,23,32,0,8,13,19,7,25,0,7,8,12,16,7
2020,3,A,골목상권,2110148,어린이대공원역 3번,17,12,5,0,3,3,6,5,0,0,0,2,5,5,0,0,3,1,1,0,0
2020,3,A,골목상권,2110147,능동우편취급국,815,464,351,4,120,172,160,137,222,2,56,88,104,77,137,2,64,84,56,60,85
2020,3,A,골목상권,2110146,신자초등학교,735,531,204,0,50,79,208,276,122,0,25,44,156,209,97,0,25,35,52,67,25
2020,3,A,골목상권,2110145,장안초등학교,7,4,3,0,0,1,2,3,1,0,0,0,1,3,0,0,0,1,1,0,1
2020,3,A,골목상권,2110144,어린이대공원역 4번,47,23,24,0,5,4,13,16,9,0,1,1,7,8,6,0,4,3,6,8,3
2020,3,A,골목상권,2110143,뚝섬유원지역 1번,63,26,37,1,5,15,12,20,10,1,0,3,7,7,8,0,5,12,5,13,2
2020,3,A,골목상권,2110142,화양사거리,213,107,106,1,37,47,44,52,32,1,20,25,24,16,21,0,17,22,20,36,11
2020,3,A,골목상권,2110141,건대입구역 1번,213,138,75,1,23,49,67,48,25,1,11,27,51,32,16,0,12,22,16,16,9
2020,3,A,골목상권,2110140,건대입구역 6번,552,361,191,6,51,90,136,158,111,5,28,47,82,114,85,1,23,43,54,44,26
2020,3,A,골목상권,2110139,자양4동주민센터,204,116,88,0,13,28,53,51,59,0,3,14,32,25,42,0,10,14,21,26,17
2020,3,A,골목상권,2110138,송정체육공원,160,79,81,0,15,27,53,41,24,0,4,12,21,23,19,0,11,15,32,18,5
2020,3,A,골목상권,2110137,성수초등학교,6605,4295,2310,31,1016,1740,1836,1344,638,22,557,1152,1250,828,486,9,459,588,586,516,152
2020,3,A,골목상권,2110136,경수초등학교,4745,2743,2002,43,1169,1097,978,875,583,32,439,633,615,593,431,11,730,464,363,282,152
2020,3,A,골목상권,2110135,성동세무서,355,182,173,0,41,69,96,66,83,0,7,34,41,34,66,0,34,35,55,32,17
2020,3,A,골목상권,2110134,성수119안전센터,771,587,184,4,65,108,185,252,157,4,38,78,143,200,124,0,27,30,42,52,33
2020,3,A,골목상권,2110133,서울교통공사,122,93,29,0,19,25,33,21,24,0,12,18,29,17,17,0,7,7,4,4,7
2020,3,A,골목상권,2110132,성수2가3동주민센터,786,521,265,0,97,182,220,197,90,0,67,133,145,108,68,0,30,49,75,89,22
2020,3,A,골목상권,2110131,성수동카페거리,4798,3110,1688,15,902,1536,1123,699,523,9,460,993,777,497,374,6,442,543,346,202,149
2020,3,A,골목상권,2110130,답십리역 6번,105,89,16,0,20,24,38,15,8,0,17,20,35,10,7,0,3,4,3,5,1
2020,3,A,골목상권,2110129,성원어린이공원,664,421,243,1,65,126,138,185,149,0,35,74,91,111,110,1,30,52,47,74,39
2020,3,A,골목상권,2110128,성원중학교,1237,712,525,1,127,206,296,338,269,1,66,118,185,203,139,0,61,88,111,135,130
2020,3,A,골목상권,2110127,성수1가1동주민센터,290,157,133,0,31,55,56,100,48,0,11,40,31,47,28,0,20,15,25,53,20
2020,3,A,골목상권,2110126,서울숲역 1번,27,18,9,0,0,7,2,12,6,0,0,6,0,7,5,0,0,1,2,5,1
2020,3,A,골목상권,2110125,사근동살곶이상점가,135,83,52,2,25,39,35,21,13,2,13,21,24,13,10,0,12,18,11,8,3
2020,3,A,골목상권,2110124,뚝섬역교차로,1253,1006,247,7,170,155,222,312,387,6,94,111,169,268,358,1,76,44,53,44,29
2020,3,A,골목상권,2110123,마장역 3번,511,382,129,0,42,56,91,185,137,0,21,36,63,141,121,0,21,20,28,44,16
2020,3,A,골목상권,2110122,마장역 2번,464,271,193,1,60,88,117,113,85,1,32,59,68,61,50,0,28,29,49,52,35
2020,3,A,골목상권,2110121,한양대역 4번,45,30,15,0,3,10,8,11,13,0,2,5,5,7,11,0,1,5,3,4,2
2020,3,A,골목상권,2110120,서울숲카페거리,79,49,30,0,8,12,35,18,6,0,3,8,23,10,5,0,5,4,12,8,1
2020,3,A,골목상권,2110119,마장지하차도,127,89,38,0,17,26,32,26,26,0,12,22,19,18,18,0,5,4,13,8,8
2020,3,A,골목상권,2110118,왕십리역 9번,697,487,210,1,90,182,204,129,91,0,62,110,144,93,78,1,28,72,60,36,13
2020,3,A,골목상권,2110117,성동구보건소,103,73,30,1,14,27,19,33,9,1,10,20,11,25,6,0,4,7,8,8,3
2020,3,A,골목상권,2110116,청계천박물관,4884,3674,1210,30,342,780,1090,1772,870,26,217,571,881,1319,660,4,125,209,209,453,210
2020,3,A,골목상권,2110115,상왕십리역 3번,945,362,583,10,392,218,156,113,56,0,76,84,93,75,34,10,316,134,63,38,22
2020,3,A,골목상권,2110114,왕십리파출소,68,21,47,0,3,2,11,24,28,0,1,1,4,10,5,0,2,1,7,14,23
2020,3,A,골목상권,2110113,응봉산,77,43,34,0,14,15,14,16,18,0,4,11,7,6,15,0,10,4,7,10,3
2020,3,A,골목상권,2110112,행당역 2번,205,100,105,0,37,37,36,53,42,0,14,19,15,26,26,0,23,18,21,27,16
2020,3,A,골목상권,2110111,대현산장미원,51,40,11,0,6,7,6,17,15,0,6,4,4,13,13,0,0,3,2,4,2
2020,3,A,골목상권,2110110,상왕십리역 6번,93,55,38,1,12,22,24,18,16,1,7,12,13,10,12,0,5,10,11,8,4
2020,3,A,골목상권,2110109,금호삼성래미안아파트,92,39,53,0,7,10,12,42,21,0,2,6,3,15,13,0,5,4,9,27,8
2020,3,A,골목상권,2110108,성동구립금호도서관,6,1,5,0,0,1,4,1,0,0,0,0,0,1,0,0,0,1,4,0,0
2020,3,A,골목상권,2110107,금호사거리,37,30,7,0,4,8,4,11,10,0,3,5,4,9,9,0,1,3,0,2,1
2020,3,A,골목상권,2110105,금동어린이공원,43,20,23,0,1,9,12,12,9,0,0,3,3,8,6,0,1,6,9,4,3
2020,3,A,골목상권,2110104,신금호역 4번,275,189,86,0,27,47,51,66,84,0,11,28,34,46,70,0,16,19,17,20,14
2020,3,A,골목상권,2110103,옥수터널,13,11,2,1,0,2,2,6,2,0,0,2,2,5,2,1,0,0,0,1,0
2020,3,A,골목상권,2110102,옥수역 6번,3362,1140,2222,0,968,1050,724,422,198,0,202,328,319,197,94,0,766,722,405,225,104
2020,3,A,골목상권,2110101,옥정중학교,218,121,97,0,55,51,65,31,16,0,24,34,43,13,7,0,31,17,22,18,9
2020,3,A,골목상권,2110100,옥수동우편취급국,46,31,15,0,5,18,13,6,4,0,0,15,7,5,4,0,5,3,6,1,0
2020,3,A,골목상권,2110099,유엔빌리지길,12646,10311,2335,33,1746,2596,3298,4558,415,25,904,1899,2859,4264,360,8,842,697,439,294,55
2020,3,A,골목상권,2110098,서울독일학교,242,91,151,0,57,85,68,23,9,0,15,22,34,15,5,0,42,63,34,8,4
2020,3,A,골목상권,2110097,한남초등학교,3116,1920,1196,1,597,1644,757,90,27,0,278,975,575,71,21,1,319,669,182,19,6
2020,3,A,골목상권,2110096,한남힐사이드아파트,4186,2661,1525,5,1055,1176,900,902,148,3,457,705,613,757,126,2,598,471,287,145,22
2020,3,A,골목상권,2110095,한강진역 3번,1186,801,385,16,160,326,321,298,65,8,61,235,227,226,44,8,99,91,94,72,21
2020,3,A,골목상권,2110094,오산중학교,26,12,14,0,0,1,4,13,8,0,0,0,2,6,4,0,0,1,2,7,4
2020,3,A,골목상권,2110093,우사단길,2482,1548,934,2,325,1015,734,327,79,1,101,529,548,305,64,1,224,486,186,22,15
2020,3,A,골목상권,2110092,NH농협은행 보광동지점,514,208,306,0,94,123,111,107,79,0,14,58,40,45,51,0,80,65,71,62,28
2020,3,A,골목상권,2110091,리움미술관,1106,810,296,0,216,345,343,155,47,0,117,236,293,128,36,0,99,109,50,27,11
2020,3,A,골목상권,2110090,한국폴리텍대학서울정수캠퍼스,3968,2447,1521,1,446,1358,1632,500,31,1,173,548,1231,467,27,0,273,810,401,33,4
2020,3,A,골목상권,2110089,서빙고동주민센터,752,503,249,1,94,230,220,107,100,0,33,136,159,88,87,1,61,94,61,19,13
2020,3,A,골목상권,2110088,오산고등학교,1696,1140,556,16,439,504,454,203,80,7,263,350,312,150,58,9,176,154,142,53,22
2020,3,A,골목상권,2110087,이태원엔틱가구거리,463,213,250,0,185,174,58,31,15,0,54,89,43,17,10,0,131,85,15,14,5
2020,3,A,골목상권,2110086,이태원역 북측,9251,3612,5639,12,3187,3893,1655,431,73,3,733,1559,905,357,55,9,2454,2334,750,74,18
2020,3,A,골목상권,2110085,경리단길남측,532,260,272,4,98,163,148,67,52,2,40,59,78,41,40,2,58,104,70,26,12
2020,3,A,골목상권,2110084,경리단길북측,315,168,147,0,47,85,84,57,42,0,23,36,39,36,34,0,24,49,45,21,8
2020,3,A,골목상권,2110083,서빙고역 1번,149,109,40,0,26,53,42,14,14,0,13,42,29,12,13,0,13,11,13,2,1
2020,3,A,골목상권,2110082,용산구청,1571,779,792,2,165,447,417,439,101,2,45,147,200,302,83,0,120,300,217,137,18
2020,3,A,골목상권,2110081,해방촌 남동측,291,170,121,0,46,68,58,64,55,0,14,37,30,41,48,0,32,31,28,23,7
2020,3,A,골목상권,2110080,해방촌예술마을,277,160,117,0,44,58,84,54,37,0,16,38,52,30,24,0,28,20,32,24,13
2020,3,A,골목상권,2110079,후암동주민센터,1084,584,500,4,223,262,267,196,132,3,73,156,156,105,91,1,150,106,111,91,41
2020,3,A,골목상권,2110078,이촌동점보아파트,69,29,40,0,12,15,17,13,12,0,3,8,7,5,6,0,9,7,10,8,6
2020,3,A,골목상권,2110077,삼광초등학교,385,317,68,0,37,86,148,98,16,0,21,66,130,88,12,0,16,20,18,10,4
2020,3,A,골목상권,2110076,삼각지역 14번,537,175,362,0,46,143,158,153,37,0,11,49,61,45,9,0,35,94,97,108,28
2020,3,A,골목상권,2110075,숙대입구역 1번,1630,736,894,9,270,506,417,289,139,5,69,188,182,181,111,4,201,318,235,108,28
2020,3,A,골목상권,2110074,서울역 12번,8149,1751,6398,152,5985,1340,330,181,161,9,598,652,233,134,125,143,5387,688,97,47,36
2020,3,A,골목상권,2110073,삼각지역 3번,7916,2353,5563,56,2498,2872,1896,491,103,25,856,912,415,109,36,31,1642,1960,1481,382,67
2020,3,A,골목상권,2110072,열정도,374,244,130,6,108,96,78,51,35,0,51,71,62,37,23,6,57,25,16,14,12
2020,3,A,골목상권,2110071,한강미주맨션아파트,281,182,99,0,36,68,68,55,54,0,20,44,40,41,37,0,16,24,28,14,17
2020,3,A,골목상권,2110070,용산세무서,184,130,54,0,21,54,55,24,30,0,8,37,41,18,26,0,13,17,14,6,4
2020,3,A,골목상권,2110069,숙대입구,829,295,534,3,200,295,168,86,77,3,34,90,82,40,46,0,166,205,86,46,31
2020,3,A,골목상권,2110068,남영역 1번,1039,595,444,8,154,224,240,224,189,6,59,124,144,138,124,2,95,100,96,86,65
2020,3,A,골목상권,2110067,배문고등학교,1574,907,667,1,219,377,391,329,257,0,85,177,202,230,213,1,134,200,189,99,44
2020,3,A,골목상권,2110066,서울역 15번,748,467,281,6,152,227,156,125,82,3,81,151,104,66,62,3,71,76,52,59,20
2020,3,A,골목상권,2110065,남정초등학교,137,92,45,0,17,45,48,17,10,0,9,37,31,10,5,0,8,8,17,7,5
2020,3,A,골목상권,2110064,효창공원앞역 2번,925,527,398,2,126,275,263,160,99,1,49,160,162,88,67,1,77,115,101,72,32
2020,3,A,골목상권,2110063,효창공원앞역 5번,530,347,183,8,47,104,139,132,100,6,25,71,93,87,65,2,22,33,46,45,35
2020,3,A,골목상권,2110062,한강로동땡땡거리(은행나무길),5667,3458,2209,9,735,1660,1587,1162,514,6,299,844,1074,890,345,3,436,816,513,272,169
2020,3,A,골목상권,2110061,효창동주민센터,473,301,172,1,61,90,150,113,58,1,38,52,96,67,47,0,23,38,54,46,11
2020,3,A,골목상권,2110060,효창공원앞역 6번,291,174,117,0,28,62,84,73,44,0,10,34,52,47,31,0,18,28,32,26,13
2020,3,A,골목상권,2110059,새남터성지,385,307,78,0,38,71,113,138,25,0,21,48,99,124,15,0,17,23,14,14,10
2020,3,A,골목상권,2110058,성심여자고등학교,947,659,288,10,141,228,254,194,120,3,71,162,181,141,101,7,70,66,73,53,19
2020,3,A,골목상권,2110057,황학코아루아파트,57,39,18,0,8,11,16,9,13,0,4,5,14,7,9,0,4,6,2,2,4
2020,3,A,골목상권,2110056,신당역 3번,506,288,218,0,60,129,115,112,90,0,29,63,68,70,58,0,31,66,47,42,32
2020,3,A,골목상권,2110055,황학동벼룩시장,29,19,10,0,1,4,6,11,7,0,1,3,5,6,4,0,0,1,1,5,3
2020,3,A,골목상권,2110054,청구역 3번,1537,849,688,3,259,378,315,336,246,1,90,204,220,211,123,2,169,174,95,125,123
2020,3,A,골목상권,2110053,청구역 1번,281,166,115,0,52,69,69,54,37,0,23,45,43,27,28,0,29,24,26,27,9
2020,3,A,골목상권,2110052,장충초등학교,484,281,203,0,43,100,132,130,79,0,16,63,75,82,45,0,27,37,57,48,34
2020,3,A,골목상권,2110051,한양공고앞 교차로,111,82,29,0,17,23,33,26,12,0,12,16,24,20,10,0,5,7,9,6,2
2020,3,A,골목상권,2110050,약수역 7번,309,230,79,0,34,81,76,76,42,0,21,59,60,57,33,0,13,22,16,19,9
2020,3,A,골목상권,2110049,장충단 고개,2303,1240,1063,4,566,582,448,431,272,2,174,314,281,257,212,2,392,268,167,174,60
2020,3,A,골목상권,2110048,장충동주민센터,5312,2706,2606,21,867,1339,1511,1367,207,5,338,768,756,707,132,16,529,571,755,660,75
2020,3,A,골목상권,2110047,다산성곽길,160,89,71,0,36,43,36,27,18,0,23,29,21,7,9,0,13,14,15,20,9
2020,3,A,골목상권,2110046,버티고개,106,76,30,0,6,23,41,28,8,0,3,17,29,20,7,0,3,6,12,8,1
2020,3,A,골목상권,2110045,동대문역사문화공원역 5번,234,174,60,0,24,54,64,55,37,0,11,38,46,47,32,0,13,16,18,8,5
2020,3,A,골목상권,2110044,관성묘,405,300,105,0,50,135,145,51,24,0,24,90,125,44,17,0,26,45,20,7,7
2020,3,A,골목상권,2110043,충무초등학교,1202,670,532,12,212,307,331,223,117,7,97,155,169,152,90,5,115,152,162,71,27
2020,3,A,골목상권,2110042,남산골공원옆,994,621,373,3,121,221,287,251,111,0,43,127,198,179,74,3,78,94,89,72,37
2020,3,A,골목상권,2110041,남산케이블카,967,435,532,2,118,152,175,254,266,2,51,69,83,87,143,0,67,83,92,167,123
2020,3,A,골목상권,2110040,중구회현체육센터(정화예술대남산캠퍼스),165,78,87,0,33,30,40,37,25,0,14,15,17,13,19,0,19,15,23,24,6
2020,3,A,골목상권,2110039,회현역 1번,49,26,23,0,2,8,12,14,13,0,0,4,9,8,5,0,2,4,3,6,8
2020,3,A,골목상권,2110038,경향신문사,2636,1651,985,0,377,783,808,593,75,0,119,436,540,491,65,0,258,347,268,102,10
2020,3,A,골목상권,2110037,신설동역 12번,208,124,84,0,16,46,51,61,34,0,6,20,32,41,25,0,10,26,19,20,9
2020,3,A,골목상권,2110036,동묘앞역 3번,65,42,23,0,3,7,20,15,20,0,1,3,10,13,15,0,2,4,10,2,5
2020,3,A,골목상권,2110035,동묘앞역 2번,276,161,115,2,18,43,75,88,50,0,5,18,42,65,31,2,13,25,33,23,19
2020,3,A,골목상권,2110034,창신1동주민센터,41,35,6,0,2,1,14,13,11,0,2,1,10,11,11,0,0,0,4,2,0
2020,3,A,골목상권,2110033,창신역 4번,166,89,77,0,26,42,35,40,23,0,6,22,17,25,19,0,20,20,18,15,4
2020,3,A,골목상권,2110032,수족관거리,31,16,15,0,3,6,4,13,5,0,2,2,2,7,3,0,1,4,2,6,2
2020,3,A,골목상권,2110031,창신역 1번,44,31,13,0,7,14,5,11,7,0,4,8,4,8,7,0,3,6,1,3,0
2020,3,A,골목상권,2110030,동대문역 3번,10,5,5,0,2,2,2,3,1,0,0,2,1,1,1,0,2,0,1,2,0
2020,3,A,골목상권,2110029,동대문역 1번,235,61,174,0,11,31,57,79,57,0,1,7,19,20,14,0,10,24,38,59,43
2020,3,A,골목상권,2110028,이화달팽이길,704,279,425,1,177,179,137,123,87,0,56,60,56,65,42,1,121,119,81,58,45
2020,3,A,골목상권,2110027,혜화역 1번,617,366,251,1,73,116,131,98,198,0,28,74,65,54,145,1,45,42,66,44,53
2020,3,A,골목상권,2110026,종로5가역 4번,190,120,70,0,22,41,73,27,27,0,9,28,47,14,22,0,13,13,26,13,5
2020,3,A,골목상권,2110025,충신시장옆,213,129,84,2,17,46,63,56,29,0,6,23,43,33,24,2,11,23,20,23,5
2020,3,A,골목상권,2110024,혜회동주민센터,928,263,665,0,135,264,294,184,51,0,17,64,90,55,37,0,118,200,204,129,14
2020,3,A,골목상권,2110023,서울대병원,186,55,131,0,18,37,42,47,42,0,5,12,14,10,14,0,13,25,28,37,28
2020,3,A,골목상권,2110022,경신고등학교,537,396,141,11,142,162,128,59,35,10,100,123,94,43,26,1,42,39,34,16,9
2020,3,A,골목상권,2110021,성균관대학교,387,297,90,2,15,39,109,145,77,2,7,26,88,125,49,0,8,13,21,20,28
2020,3,A,골목상권,2110020,서울국제고등학교,639,315,324,1,145,288,122,57,26,1,44,146,75,32,17,0,101,142,47,25,9
2020,3,A,골목상권,2110019,창덕궁,325,215,110,0,47,91,82,71,34,0,21,65,53,49,27,0,26,26,29,22,7
2020,3,A,골목상권,2110018,중앙고등학교,888,439,449,1,97,177,220,178,215,0,30,60,106,90,153,1,67,117,114,88,62
2020,3,A,골목상권,2110017,정독도서관,650,322,328,0,133,273,152,58,34,0,26,130,93,43,30,0,107,143,59,15,4
2020,3,A,골목상권,2110016,평창동동측,7589,3104,4485,10,716,2233,2858,1504,268,4,279,1021,1416,284,100,6,437,1212,1442,1220,168
2020,3,A,골목상권,2110015,청와대사랑채,578,345,233,0,64,147,166,126,75,0,16,63,110,91,65,0,48,84,56,35,10
2020,3,A,골목상권,2110014,경복고등학교,194,82,112,0,28,54,40,44,28,0,4,14,21,24,19,0,24,40,19,20,9
2020,3,A,골목상권,2110013,체부동홍종문가옥,119,70,49,0,5,26,31,25,32,0,2,11,18,13,26,0,3,15,13,12,6
2020,3,A,골목상권,2110012,성곡미술관,1061,503,558,0,262,337,262,118,82,0,72,159,150,73,49,0,190,178,112,45,33
2020,3,A,골목상권,2110011,청운초등학교,263,188,75,0,21,105,79,43,15,0,21,95,44,16,12,0,0,10,35,27,3
2020,3,A,골목상권,2110010,평창동서측,6687,3622,3065,12,676,1736,2550,1464,249,0,276,655,1387,1128,176,12,400,1081,1163,336,73
2020,3,A,골목상권,2110009,자하문터널,950,463,487,0,211,332,229,125,53,0,92,164,106,65,36,0,119,168,123,60,17
2020,3,A,골목상권,2110008,배화여자대학교(박노수미술관),552,379,173,1,52,82,133,180,104,0,16,46,102,135,80,1,36,36,31,45,24
2020,3,A,골목상권,2110007,사직공원(한국사회과학도서관),283,185,98,2,58,88,63,41,31,2,30,62,44,27,20,0,28,26,19,14,11
2020,3,A,골목상권,2110006,부암동주민센터,27,16,11,0,2,7,7,5,6,0,2,5,2,3,4,0,0,2,5,2,2
2020,3,A,골목상권,2110005,세검정,1006,510,496,3,125,296,290,195,97,0,36,137,157,121,59,3,89,159,133,74,38
2020,3,A,골목상권,2110004,대신고등학교,32,14,18,0,3,4,8,14,3,0,1,0,3,8,2,0,2,4,5,6,1
2020,3,A,골목상권,2110003,세검정초등학교,485,315,170,6,53,84,150,126,66,6,32,38,100,89,50,0,21,46,50,37,16
2020,3,A,골목상권,2110002,독립문역 1번,475,121,354,1,146,140,118,44,26,1,25,25,41,14,15,0,121,115,77,30,11
2020,3,A,골목상권,2110001,이북5도청사,1066,638,428,4,133,292,240,262,135,0,51,173,162,172,80,4,82,119,78,90,55
2020,2,U,관광특구,1001496,강남 마이스 관광특구,15904,8904,7000,59,3513,6185,4248,1596,303,25,1160,3361,2887,1246,225,34,2353,2824,1361,350,78
2020,2,U,관광특구,1001495,잠실 관광특구,24375,14199,10176,120,4722,6565,5617,4514,2837,51,2484,4186,3496,2297,1685,69,2238,2379,2121,2217,1152
2020,2,U,관광특구,1001494,종로?청계 관광특구,32935,17150,15785,68,5357,9965,9483,6401,1661,15,2285,4911,4591,4158,1190,53,3072,5054,4892,2243,471
2020,2,U,관광특구,1001493,동대문패션타운 관광특구,6054,2958,3096,36,1434,1695,1160,1061,668,13,543,737,662,600,403,23,891,958,498,461,265
2020,2,U,관광특구,1001492,명동 남대문 북창동 다동 무교동 관광특구,104830,53674,51156,423,27134,34007,23384,15726,4156,137,8860,16080,15133,10824,2640,286,18274,17927,8251,4902,1516
2020,2,U,관광특구,1001491,이태원 관광특구,5839,3064,2775,28,1377,2065,1290,768,311,18,514,986,777,541,228,10,863,1079,513,227,83
2020,2,R,전통시장,2130326,고덕 골목형상점가,935,850,85,0,8,37,165,395,330,0,4,31,147,360,308,0,4,6,18,35,22
2020,2,R,전통시장,2130325,명일전통시장,89,30,59,0,8,10,13,28,30,0,3,6,5,8,8,0,5,4,8,20,22
2020,2,R,전통시장,2130324,길동복조리시장,154,85,69,3,27,32,47,40,5,2,13,18,31,19,2,1,14,14,16,21,3
2020,2,R,전통시장,2130323,둔촌역전통시장,171,86,85,0,3,14,23,36,95,0,2,6,8,14,56,0,1,8,15,22,39
2020,2,R,전통시장,2130322,고분다리전통시장,8,5,3,0,0,1,2,4,1,0,0,1,1,2,1,0,0,0,1,2,0
2020,2,R,전통시장,2130321,장신구 특화거리 상점가,433,269,164,0,92,114,88,92,47,0,43,72,56,61,37,0,49,42,32,31,10
2020,2,R,전통시장,2130320,암사종합시장,173,97,76,1,16,29,50,31,46,1,5,12,31,19,29,0,11,17,19,12,17
2020,2,R,전통시장,2130319,성내전통시장,34,21,13,0,3,5,9,10,7,0,3,2,5,7,4,0,0,3,4,3,3
2020,2,R,전통시장,2130318,로데오거리상점가,266,132,134,0,31,43,49,55,88,0,9,12,19,26,66,0,22,31,30,29,22
2020,2,R,전통시장,2130317,마천중앙시장,107,77,30,0,15,35,24,17,16,0,11,24,12,14,16,0,4,11,12,3,0
2020,2,R,전통시장,2130316,마천시장,18,9,9,0,3,3,2,10,0,0,2,2,2,3,0,0,1,1,0,7,0
2020,2,R,전통시장,2130315,문정동 로데오거리 상점가(문정동 로데오거리),1372,808,564,6,313,289,260,251,253,3,118,168,164,145,210,3,195,121,96,106,43
2020,2,R,전통시장,2130314,풍납시장,202,99,103,1,24,42,50,60,25,1,15,27,22,18,16,0,9,15,28,42,9
2020,2,R,전통시장,2130313,방이시장,3469,1526,1943,5,449,529,612,1126,748,4,159,335,346,371,311,1,290,194,266,755,437
2020,2,R,전통시장,2130312,석촌시장,619,270,349,1,20,40,81,170,307,1,9,23,43,41,153,0,11,17,38,129,154
2020,2,R,전통시장,2130311,새마을시장,377,246,131,1,60,78,104,75,59,0,28,48,80,55,35,1,32,30,24,20,24
2020,2,R,전통시장,2130310,강남개포시장,298,173,125,0,29,56,71,82,60,0,8,23,42,56,44,0,21,33,29,26,16
2020,2,R,전통시장,2130308,청담삼익시장,48,30,18,0,5,11,13,7,12,0,3,6,8,4,9,0,2,5,5,3,3
2020,2,R,전통시장,2130307,도곡시장,57,25,32,0,3,7,15,13,19,0,1,4,4,6,10,0,2,3,11,7,9
2020,2,R,전통시장,2130306,강남언주로,235,151,84,2,48,48,63,45,29,2,27,34,47,23,18,0,21,14,16,22,11
2020,2,R,전통시장,2130305,논현종합시장,85,43,42,0,21,14,14,19,17,0,7,7,6,14,9,0,14,7,8,5,8
2020,2,R,전통시장,2130304,신사상가,138,79,59,1,12,22,32,42,29,0,3,8,11,32,25,1,9,14,21,10,4
2020,2,R,전통시장,2130303,영동전통시장,242,95,147,0,21,60,67,58,36,0,7,19,22,24,23,0,14,41,45,34,13
2020,2,R,전통시장,2130302,강남시장(강남구 강남시장),58,33,25,0,13,15,14,8,8,0,7,10,9,2,5,0,6,5,5,6,3
2020,2,R,전통시장,2130301,양재시장,35,22,13,0,2,10,9,7,7,0,1,7,6,3,5,0,1,3,3,4,2
2020,2,R,전통시장,2130299,엔터식스 강남점,1850,1551,299,18,189,270,602,601,170,5,97,197,542,558,152,13,92,73,60,43,18
2020,2,R,전통시장,2130298,강남터미널지하도상점가2구역,2,1,1,0,1,0,0,0,1,0,1,0,0,0,0,0,0,0,0,0,1
2020,2,R,전통시장,2130296,남부종합시장,85,63,22,0,2,8,25,35,15,0,1,8,16,24,14,0,1,0,9,11,1
2020,2,R,전통시장,2130295,인헌시장(원당종합시장),122,48,74,0,20,27,38,23,14,0,3,9,16,12,8,0,17,18,22,11,6
2020,2,R,전통시장,2130294,관악중부시장,102,40,62,1,5,10,22,39,25,0,2,3,7,16,12,1,3,7,15,23,13
2020,2,R,전통시장,2130293,봉천중앙시장,154,42,112,0,17,13,29,46,49,0,5,7,14,14,2,0,12,6,15,32,47
2020,2,R,전통시장,2130290,영림시장,417,183,234,0,74,101,107,92,43,0,14,49,43,44,33,0,60,52,64,48,10
2020,2,R,전통시장,2130289,봉일시장,36,20,16,1,1,2,5,14,13,0,0,1,5,3,11,1,1,1,0,11,2
2020,2,R,전통시장,2130288,신림현대종합상가,2,0,2,0,1,1,0,0,0,0,0,0,0,0,0,0,1,1,0,0,0
2020,2,R,전통시장,2130285,서원동상점가,615,316,299,4,28,56,85,160,282,1,17,38,45,60,155,3,11,18,40,100,127
2020,2,R,전통시장,2130284,관악종합시장(신원시장),17,10,7,0,0,1,3,10,3,0,0,1,1,6,2,0,0,0,2,4,1
2020,2,R,전통시장,2130283,신원시장,25,11,14,0,3,3,10,5,4,0,1,1,3,3,3,0,2,2,7,2,1
2020,2,R,전통시장,2130282,난곡 골목형상점가,20,8,12,0,4,2,10,4,0,0,2,1,4,1,0,0,2,1,6,3,0
2020,2,R,전통시장,2130281,우림시장,1,0,1,0,0,0,1,0,0,0,0,0,0,0,0,0,0,0,1,0,0
2020,2,R,전통시장,2130280,신림종합시장,8,7,1,0,0,0,0,2,6,0,0,0,0,1,6,0,0,0,0,1,0
2020,2,R,전통시장,2130279,관악신사시장,120,63,57,0,17,20,27,37,19,0,5,10,16,20,12,0,12,10,11,17,7
2020,2,R,전통시장,2130278,미성동 도깨비시장 골목형상점가,75,16,59,0,0,16,28,24,7,0,0,7,5,2,2,0,0,9,23,22,5
2020,2,R,전통시장,2130277,조원동 펭귄시장(신림중앙시장),98,56,42,1,15,26,31,19,6,1,8,18,16,9,4,0,7,8,15,10,2
2020,2,R,전통시장,2130276,신림중앙시장(조원동 펭귄시장),43,27,16,0,1,2,14,12,14,0,0,2,7,9,9,0,1,0,7,3,5
2020,2,R,전통시장,2130275,강남골목시장,168,124,44,0,17,40,46,35,30,0,15,33,30,24,22,0,2,7,16,11,8
2020,2,R,전통시장,2130274,사당1동먹자골목상점가(사당1동먹자골목),389,218,171,4,91,100,81,63,50,3,45,64,37,35,34,1,46,36,44,28,16
2020,2,R,전통시장,2130273,남성사계시장(남성시장),141,63,78,0,21,36,45,22,17,0,3,19,20,8,13,0,18,17,25,14,4
2020,2,R,전통시장,2130272,사당시장,45,20,25,0,4,6,10,11,14,0,0,1,4,6,9,0,4,5,6,5,5
2020,2,R,전통시장,2130271,남성역골목시장,467,268,199,1,36,33,39,47,311,1,12,20,22,16,197,0,24,13,17,31,114
2020,2,R,전통시장,2130270,흑석시장,4,3,1,0,2,0,0,2,0,0,1,0,0,2,0,0,1,0,0,0,0
2020,2,R,전통시장,2130268,상도전통시장,239,104,135,0,33,60,53,58,35,0,12,23,23,24,22,0,21,37,30,34,13
2020,2,R,전통시장,2130267,본동인정시장(기능상실),59,41,18,0,6,10,12,15,16,0,4,7,9,8,13,0,2,3,3,7,3
2020,2,R,전통시장,2130266,만양로상점가,129,75,54,0,6,37,51,21,14,0,1,23,33,14,4,0,5,14,18,7,10
2020,2,R,전통시장,2130265,노량진중앙시장,115,82,33,0,17,48,34,8,8,0,12,42,23,3,2,0,5,6,11,5,6
2020,2,R,전통시장,2130264,상도약수골목형상점가,65,35,30,1,14,8,15,20,7,0,4,3,9,12,7,1,10,5,6,8,0
2020,2,R,전통시장,2130263,신노량진시장(기능상실),11,3,8,0,0,3,3,5,0,0,0,0,1,2,0,0,0,3,2,3,0
2020,2,R,전통시장,2130262,상도도깨비 골목형상점가,18,8,10,0,1,0,12,2,3,0,0,0,6,0,2,0,1,0,6,2,1
2020,2,R,전통시장,2130261,성대전통시장(성대시장),211,104,107,0,15,47,61,61,27,0,4,26,33,23,18,0,11,21,28,38,9
2020,2,R,전통시장,2130260,신대방1동골목상권,70,31,39,0,8,22,15,15,10,0,0,7,7,10,7,0,8,15,8,5,3
2020,2,R,전통시장,2130259,대신시장,12,9,3,0,1,0,5,2,4,0,1,0,3,2,3,0,0,0,2,0,1
2020,2,R,전통시장,2130257,영등포시장기계공구상가,158,116,42,0,11,26,33,47,41,0,7,16,22,37,34,0,4,10,11,10,7
2020,2,R,전통시장,2130256,신동시장,2,2,0,0,0,0,0,1,1,0,0,0,0,1,1,0,0,0,0,0,0
2020,2,R,전통시장,2130255,영등포전통시장,45,29,16,0,1,7,5,10,22,0,1,5,3,4,16,0,0,2,2,6,6
2020,2,R,전통시장,2130253,영신상가(제일상가),9,7,2,0,2,3,0,2,2,0,2,3,0,1,1,0,0,0,0,1,1
2020,2,R,전통시장,2130250,삼구시장(로타리상가),1,0,1,0,0,0,0,1,0,0,0,0,0,0,0,0,0,0,0,1,0
2020,2,R,전통시장,2130249,동남상가,10,8,2,0,2,0,0,4,4,0,1,0,0,4,3,0,1,0,0,0,1
2020,2,R,전통시장,2130248,영등포역지하도상점가,12,5,7,0,0,2,4,3,3,0,0,0,2,0,3,0,0,2,2,3,0
2020,2,R,전통시장,2130247,우리시장,21,16,5,0,3,4,6,3,5,0,1,3,5,3,4,0,2,1,1,0,1
2020,2,R,전통시장,2130246,영등포청과시장(조광시장),237,126,111,0,24,33,47,77,56,0,9,11,28,39,39,0,15,22,19,38,17
2020,2,R,전통시장,2130245,영일시장,675,567,108,1,61,189,238,136,50,0,41,148,217,115,46,1,20,41,21,21,4
2020,2,R,전통시장,2130244,대림중앙시장,95,39,56,3,14,16,21,15,26,2,9,8,10,4,6,1,5,8,11,11,20
2020,2,R,전통시장,2130243,도림시장,6,4,2,0,0,1,4,0,1,0,0,1,3,0,0,0,0,0,1,0,1
2020,2,R,전통시장,2130242,대림중앙 골목형상점가,68,21,47,0,4,14,21,24,5,0,1,6,5,5,4,0,3,8,16,19,1
2020,2,R,전통시장,2130241,선유도역 골목형상점가,500,253,247,0,95,93,123,136,53,0,39,49,66,67,32,0,56,44,57,69,21
2020,2,R,전통시장,2130240,영등포유통상가,1183,753,430,0,95,232,273,252,331,0,52,127,178,168,228,0,43,105,95,84,103
2020,2,R,전통시장,2130238,은행나무시장,113,71,42,0,22,24,31,22,14,0,13,16,22,14,6,0,9,8,9,8,8
2020,2,R,전통시장,2130237,박미시장(기능상실),39,26,13,0,1,6,11,9,12,0,0,2,7,8,9,0,1,4,4,1,3
2020,2,R,전통시장,2130236,비단길현대시장(현대시장),139,42,97,0,13,23,49,40,14,0,4,3,12,17,6,0,9,20,37,23,8
2020,2,R,전통시장,2130235,대명여울빛거리시장(대명시장),298,80,218,0,39,52,77,82,48,0,11,14,25,19,11,0,28,38,52,63,37
2020,2,R,전통시장,2130234,푸른터시장(기능상실),3,2,1,0,0,1,0,2,0,0,0,1,0,1,0,0,0,0,0,1,0
2020,2,R,전통시장,2130233,남문시장,76,47,29,0,5,8,18,22,23,0,2,3,9,12,21,0,3,5,9,10,2
2020,2,R,전통시장,2130232,독산동 맛나는거리상점가(독산동 맛나는거리),33,24,9,0,3,12,5,10,3,0,2,9,4,6,3,0,1,3,1,4,0
2020,2,R,전통시장,2130231,독산동 우시장,611,476,135,2,31,74,126,196,182,0,16,55,97,145,163,2,15,19,29,51,19
2020,2,R,전통시장,2130229,남구로시장,249,139,110,1,16,53,61,62,56,0,7,30,31,32,39,1,9,23,30,30,17
2020,2,R,전통시장,2130228,구로시장,10,5,5,0,0,4,6,0,0,0,0,1,4,0,0,0,0,3,2,0,0
2020,2,R,전통시장,2130227,고척골목시장상점가(그라운드 고척),97,68,29,0,8,22,36,23,8,0,4,13,26,19,6,0,4,9,10,4,2
2020,2,R,전통시장,2130226,고척프라자,2,2,0,0,1,1,0,0,0,0,1,1,0,0,0,0,0,0,0,0,0
2020,2,R,전통시장,2130225,개봉중앙시장,147,59,88,0,15,21,39,44,28,0,3,4,19,22,11,0,12,17,20,22,17
2020,2,R,전통시장,2130224,개봉프라자(고척근린시장),5,4,1,0,0,0,1,2,2,0,0,0,1,1,2,0,0,0,0,1,0
2020,2,R,전통시장,2130223,고척근린시장,42,12,30,0,2,10,12,14,4,0,0,1,1,7,3,0,2,9,11,7,1
2020,2,R,전통시장,2130222,오류시장,132,21,111,0,10,26,46,43,7,0,5,1,4,5,6,0,5,25,42,38,1
2020,2,R,전통시장,2130221,"남부골목시장(남부화곡시장, 남부시장)",188,69,119,0,22,32,50,57,27,0,5,5,15,22,22,0,17,27,35,35,5
2020,2,R,전통시장,2130219,까치산시장,124,37,87,0,16,18,39,32,19,0,4,6,9,9,9,0,12,12,30,23,10
2020,2,R,전통시장,2130218,신월중앙시장,118,53,65,0,28,34,26,13,17,0,8,12,11,9,13,0,20,22,15,4,4
2020,2,R,전통시장,2130217,화곡본동시장,36,16,20,0,3,5,10,13,5,0,1,3,5,6,1,0,2,2,5,7,4
2020,2,R,전통시장,2130216,화곡중앙시장,75,32,43,0,4,11,21,22,17,0,2,2,9,8,11,0,2,9,12,14,6
2020,2,R,전통시장,2130215,대원종합시장,9,7,2,0,0,1,0,3,5,0,0,1,0,2,4,0,0,0,0,1,1
2020,2,R,전통시장,2130214,송화벽화시장(송화골목시장),119,44,75,2,23,18,25,33,18,0,6,7,9,13,9,2,17,11,16,20,9
2020,2,R,전통시장,2130213,방신전통시장,112,77,35,0,13,20,25,29,25,0,10,18,14,14,21,0,3,2,11,15,4
2020,2,R,전통시장,2130212,공항시장,8,6,2,0,1,0,3,2,2,0,1,0,3,0,2,0,0,0,0,2,0
2020,2,R,전통시장,2130211,신정2동 골목시장(오목교중앙시장),51,18,33,0,3,10,18,17,3,0,1,3,8,4,2,0,2,7,10,13,1
2020,2,R,전통시장,2130210,목2동시장,432,251,181,1,66,124,122,71,48,1,40,69,70,39,32,0,26,55,52,32,16
2020,2,R,전통시장,2130209,목사랑시장(목4동시장),111,61,50,0,7,15,23,42,24,0,2,13,10,20,16,0,5,2,13,22,8
2020,2,R,전통시장,2130208,목동깨비시장(목3동시장),148,67,81,0,13,20,55,37,23,0,7,6,18,19,17,0,6,14,37,18,6
2020,2,R,전통시장,2130207,신정1동 골목시장(신정제일시장),38,21,17,0,8,9,10,7,4,0,3,5,6,4,3,0,5,4,4,3,1
2020,2,R,전통시장,2130206,신정3동 골목시장,20,6,14,0,0,5,11,2,2,0,0,0,3,1,2,0,0,5,8,1,0
2020,2,R,전통시장,2130205,신곡종합시장(신월6동 골목시장),141,103,38,1,17,36,39,32,16,0,10,27,33,18,15,1,7,9,6,14,1
2020,2,R,전통시장,2130204,경창시장,100,50,50,0,5,12,27,27,29,0,2,5,12,16,15,0,3,7,15,11,14
2020,2,R,전통시장,2130203,서서울 골목형상점가,34,7,27,0,2,7,10,12,3,0,0,0,2,4,1,0,2,7,8,8,2
2020,2,R,전통시장,2130202,신영시장,40,13,27,0,3,4,13,16,4,0,2,0,3,6,2,0,1,4,10,10,2
2020,2,R,전통시장,2130201,월정로시장,27,17,10,0,2,8,10,7,0,0,0,7,6,4,0,0,2,1,4,3,0
2020,2,R,전통시장,2130200,"신월7동 골목시장(약수시장, 우성상가)",27,18,9,0,0,3,9,6,9,0,0,0,7,4,7,0,0,3,2,2,2
2020,2,R,전통시장,2130199,신월3동 골목시장,18,8,10,0,1,4,4,9,0,0,0,1,3,4,0,0,1,3,1,5,0
2020,2,R,전통시장,2130198,아현시장,203,45,158,1,51,84,52,10,5,0,8,5,26,4,2,1,43,79,26,6,3
2020,2,R,전통시장,2130197,마포시장,15,5,10,0,0,1,5,4,5,0,0,1,0,2,2,0,0,0,5,2,3
2020,2,R,전통시장,2130196,공덕시장,3948,2001,1947,52,1323,1296,891,287,99,28,467,646,599,181,80,24,856,650,292,106,19
2020,2,R,전통시장,2130195,도화동 상점가,1055,510,545,2,201,269,228,163,192,1,86,133,121,95,74,1,115,136,107,68,118
2020,2,R,전통시장,2130194,용강동 상점가,875,502,373,0,103,131,179,170,292,0,39,75,104,114,170,0,64,56,75,56,122
2020,2,R,전통시장,2130193,신수시장,34,19,15,0,4,7,12,5,6,0,1,5,5,4,4,0,3,2,7,1,2
2020,2,R,전통시장,2130192,동진시장,10,6,4,0,1,1,4,3,1,0,1,1,1,2,1,0,0,0,3,1,0
2020,2,R,전통시장,2130191,홍대 걷고싶은 거리,367,225,142,6,65,65,81,82,68,4,40,41,54,47,39,2,25,24,27,35,29
2020,2,R,전통시장,2130190,홍대소상공인상점가,150,77,73,1,55,35,30,18,11,0,18,22,18,10,9,1,37,13,12,8,2
2020,2,R,전통시장,2130189,서교시장,24,10,14,0,2,1,7,6,8,0,0,1,2,3,4,0,2,0,5,3,4
2020,2,R,전통시장,2130187,영진시장,29,14,15,0,4,5,11,7,2,0,2,2,6,2,2,0,2,3,5,5,0
2020,2,R,전통시장,2130186,망원시장,178,84,94,0,16,30,47,50,35,0,13,19,20,17,15,0,3,11,27,33,20
2020,2,R,전통시장,2130185,망원월드컵시장,190,123,67,1,26,69,53,25,16,1,14,43,35,16,14,0,12,26,18,9,2
2020,2,R,전통시장,2130184,마포농수산물시장,77,40,37,0,2,12,24,26,13,0,1,8,12,14,5,0,1,4,12,12,8
2020,2,R,전통시장,2130183,상암동상점가,816,607,209,1,89,204,283,187,52,0,49,150,227,143,38,1,40,54,56,44,14
2020,2,R,전통시장,2130182,영천시장,78,35,43,0,13,8,24,22,11,0,3,4,10,12,6,0,10,4,14,10,5
2020,2,R,전통시장,2130181,아현가구거리상점가,59,30,29,0,8,11,13,10,17,0,0,7,9,4,10,0,8,4,4,6,7
2020,2,R,전통시장,2130180,포방터시장,59,34,25,0,13,11,15,6,14,0,4,4,11,5,10,0,9,7,4,1,4
2020,2,R,전통시장,2130179,"이화여대 3,5,7길 상점가",147,65,82,3,34,15,41,31,23,1,12,3,14,17,18,2,22,12,27,14,5
2020,2,R,전통시장,2130178,이대 앞 스타트업 상점가,32,7,25,0,5,5,10,6,6,0,1,0,4,0,2,0,4,5,6,6,4
2020,2,R,전통시장,2130177,인왕시장(홍제골목형상점가),44,7,37,0,1,1,8,7,27,0,0,0,1,3,3,0,1,1,7,4,24
2020,2,R,전통시장,2130176,유진상가,38,23,15,0,20,16,1,1,0,0,9,13,1,0,0,0,11,3,0,1,0
2020,2,R,전통시장,2130175,신촌 상인회(신촌상점가),13,5,8,0,1,3,5,4,0,0,1,0,1,3,0,0,0,3,4,1,0
2020,2,R,전통시장,2130173,백련시장,5,3,2,0,0,1,0,2,2,0,0,1,0,0,2,0,0,0,0,2,0
2020,2,R,전통시장,2130172,모래내시장(서중시장),41,13,28,0,5,12,8,10,6,0,0,2,3,5,3,0,5,10,5,5,3
2020,2,R,전통시장,2130171,불광먹자골목 골목형상점가,155,54,101,0,18,31,24,37,45,0,4,9,11,16,14,0,14,22,13,21,31
2020,2,R,전통시장,2130170,제일시장,58,26,32,1,7,9,13,19,9,1,2,2,5,11,5,0,5,7,8,8,4
2020,2,R,전통시장,2130169,대조시장,67,31,36,0,5,11,21,23,7,0,1,3,11,11,5,0,4,8,10,12,2
2020,2,R,전통시장,2130168,연서시장,242,157,85,0,19,50,53,65,55,0,5,23,33,49,47,0,14,27,20,16,8
2020,2,R,전통시장,2130167,연신내상점가(연빛거리),636,239,397,1,144,143,157,120,71,1,31,52,57,53,45,0,113,91,100,67,26
2020,2,R,전통시장,2130166,응암시장(신응암시장),17,10,7,0,0,3,2,5,7,0,0,0,1,3,6,0,0,3,1,2,1
2020,2,R,전통시장,2130165,"대림골목시장(대림시장, 양지시장)",214,34,180,0,20,45,56,62,31,0,1,7,5,11,10,0,19,38,51,51,21
2020,2,R,전통시장,2130164,역촌중앙시장,9,3,6,0,0,1,2,2,4,0,0,0,1,1,1,0,0,1,1,1,3
2020,2,R,전통시장,2130163,응암오거리상점가,182,49,133,0,24,28,44,50,36,0,4,8,11,12,14,0,20,20,33,38,22
2020,2,R,전통시장,2130162,증산골목시장,7,3,4,0,0,2,2,1,2,0,0,0,0,1,2,0,0,2,2,0,0
2020,2,R,전통시장,2130161,증산종합시장,8,5,3,0,0,1,2,2,3,0,0,0,1,2,2,0,0,1,1,0,1
2020,2,R,전통시장,2130160,수일시장,7,2,5,0,0,2,1,2,2,0,0,0,0,1,1,0,0,2,1,1,1
2020,2,R,전통시장,2130159,공릉동 도깨비시장,101,47,54,0,12,22,24,26,17,0,4,8,9,15,11,0,8,14,15,11,6
2020,2,R,전통시장,2130157,상계중앙시장,74,40,34,0,14,19,14,17,10,0,8,15,7,7,3,0,6,4,7,10,7
2020,2,R,전통시장,2130155,시영B상가(중계 그린아파트 B 상가),12,8,4,0,1,5,3,3,0,0,0,5,2,1,0,0,1,0,1,2,0
2020,2,R,전통시장,2130153,창동역상점가,229,138,91,0,18,48,54,56,53,0,7,31,30,31,39,0,11,17,24,25,14
2020,2,R,전통시장,2130152,오!도봉거리 상점가,61,34,27,0,5,14,19,13,10,0,1,5,10,10,8,0,4,9,9,3,2
2020,2,R,전통시장,2130151,신도봉시장,5,5,0,0,1,0,2,2,0,0,1,0,2,2,0,0,0,0,0,0,0
2020,2,R,전통시장,2130150,창동골목시장,84,47,37,0,19,30,14,8,13,0,7,20,9,5,6,0,12,10,5,3,7
2020,2,R,전통시장,2130149,창동신창시장,104,40,64,0,2,21,32,29,20,0,0,7,14,8,11,0,2,14,18,21,9
2020,2,R,전통시장,2130148,방학동도깨비시장,60,33,27,0,6,9,16,18,11,0,4,3,8,14,4,0,2,6,8,4,7
2020,2,R,전통시장,2130147,쌍문역동측상점가,69,32,37,0,7,17,18,9,18,0,2,6,10,5,9,0,5,11,8,4,9
2020,2,R,전통시장,2130146,쌍문시장(쌍문역골목시장),263,124,139,0,29,33,54,80,67,0,10,12,28,32,42,0,19,21,26,48,25
2020,2,R,전통시장,2130145,쌍문역둘리상점가,244,202,42,0,39,44,77,62,22,0,28,35,65,56,18,0,11,9,12,6,4
2020,2,R,전통시장,2130144,백운시장,38,17,21,0,0,3,13,14,8,0,0,0,5,5,7,0,0,3,8,9,1
2020,2,R,전통시장,2130143,방천골목시장,65,36,29,0,11,7,19,24,4,0,6,5,9,13,3,0,5,2,10,11,1
2020,2,R,전통시장,2130142,강북북부시장,7,5,2,0,1,1,0,2,3,0,0,1,0,2,2,0,1,0,0,0,1
2020,2,R,전통시장,2130141,강북북부골목시장,43,20,23,0,16,4,11,6,6,0,3,2,6,6,3,0,13,2,5,0,3
2020,2,R,전통시장,2130140,숭인시장,62,27,35,0,9,13,10,15,15,0,0,4,1,9,13,0,9,9,9,6,2
2020,2,R,전통시장,2130139,강북종합전통시장(강북종합골목시장),166,114,52,0,16,45,61,28,16,0,11,33,42,19,9,0,5,12,19,9,7
2020,2,R,전통시장,2130138,수유프라자,142,24,118,1,31,24,16,42,28,0,1,4,5,4,10,1,30,20,11,38,18
2020,2,R,전통시장,2130137,"수유전통시장(수유시장, 수유골목시장)",89,31,58,0,5,10,19,26,29,0,0,3,8,8,12,0,5,7,11,18,17
2020,2,R,전통시장,2130136,수유재래시장,29,11,18,0,6,5,7,5,6,0,2,1,0,2,6,0,4,4,7,3,0
2020,2,R,전통시장,2130135,수유중앙골목시장(수유중앙시장),24,12,12,0,0,3,4,5,12,0,0,2,2,0,8,0,0,1,2,5,4
2020,2,R,전통시장,2130134,"솔샘시장(미아6,7동골목시장)",73,30,43,1,7,19,25,18,3,0,3,4,12,8,3,1,4,15,13,10,0
2020,2,R,전통시장,2130133,우이골목시장(우이시장),69,61,8,0,7,7,19,20,16,0,6,6,17,17,15,0,1,1,2,3,1
2020,2,R,전통시장,2130132,삼양골목시장(삼양시장),57,19,38,0,10,13,12,14,8,0,0,4,5,5,5,0,10,9,7,9,3
2020,2,R,전통시장,2130131,동북프라자,121,49,72,0,9,23,37,29,23,0,4,8,17,9,11,0,5,15,20,20,12
2020,2,R,전통시장,2130130,수유북부골목시장,20,14,6,0,1,1,7,5,6,0,0,0,6,3,5,0,1,1,1,2,1
2020,2,R,전통시장,2130129,장미원골목시장,911,571,340,0,15,14,38,89,755,0,1,4,12,40,514,0,14,10,26,49,241
2020,2,R,전통시장,2130128,돌곶이시장(석관황금시장),191,157,34,0,30,36,41,72,12,0,28,26,29,62,12,0,2,10,12,10,0
2020,2,R,전통시장,2130126,새석관시장,3,1,2,0,0,0,1,2,0,0,0,0,0,1,0,0,0,0,1,1,0
2020,2,R,전통시장,2130125,장위전통시장,40,20,20,0,5,6,7,8,14,0,0,2,5,5,8,0,5,4,2,3,6
2020,2,R,전통시장,2130123,꿈의숲 장곡 골목형상점가,6,5,1,0,1,0,1,4,0,0,1,0,1,3,0,0,0,0,0,1,0
2020,2,R,전통시장,2130122,밤나무골시장,17,5,12,0,2,4,6,4,1,0,1,1,2,1,0,0,1,3,4,3,1
2020,2,R,전통시장,2130121,길음시장,91,19,72,0,36,24,10,8,13,0,2,5,3,2,7,0,34,19,7,6,6
2020,2,R,전통시장,2130120,돈암시장(돈암제일시장),99,23,76,1,20,20,25,18,15,0,0,2,7,8,6,1,20,18,18,10,9
2020,2,R,전통시장,2130119,정릉아리랑시장,15,4,11,0,0,4,5,5,1,0,0,0,0,3,1,0,0,4,5,2,0
2020,2,R,전통시장,2130118,정릉골 골목형상점가,67,30,37,0,11,13,11,19,13,0,0,2,6,12,10,0,11,11,5,7,3
2020,2,R,전통시장,2130117,정릉시장,119,62,57,0,4,15,34,41,25,0,2,8,20,18,14,0,2,7,14,23,11
2020,2,R,전통시장,2130116,동성타워프라자,31,22,9,0,2,9,7,8,5,0,2,4,4,7,5,0,0,5,3,1,0
2020,2,R,전통시장,2130115,우림골목시장,307,106,201,2,80,61,68,64,32,0,29,11,30,20,16,2,51,50,38,44,16
2020,2,R,전통시장,2130114,유영시장,31,20,11,0,9,5,3,8,6,0,7,2,2,5,4,0,2,3,1,3,2
2020,2,R,전통시장,2130113,신아타운,148,27,121,1,31,31,28,39,18,1,4,9,3,4,6,0,27,22,25,35,12
2020,2,R,전통시장,2130112,사가정시장,86,28,58,0,13,17,24,19,13,0,0,3,6,8,11,0,13,14,18,11,2
2020,2,R,전통시장,2130111,"동원전통종합시장(동원시장, 동원전통시장 상점가)",224,109,115,0,24,37,49,82,32,0,11,17,21,38,22,0,13,20,28,44,10
2020,2,R,전통시장,2130110,면목골목시장(면목시장),103,59,44,0,1,8,32,38,24,0,1,5,19,18,16,0,0,3,13,20,8
2020,2,R,전통시장,2130109,묵1동도깨비시장,47,33,14,0,2,9,16,9,11,0,1,5,13,5,9,0,1,4,3,4,2
2020,2,R,전통시장,2130108,태능엔터피아(태릉시장),3,1,2,0,0,0,1,2,0,0,0,0,0,1,0,0,0,0,1,1,0
2020,2,R,전통시장,2130107,중랑동부시장(중랑교종합상가),13,3,10,0,0,1,4,5,3,0,0,0,0,1,2,0,0,1,4,4,1
2020,2,R,전통시장,2130106,중랑동부시장,166,56,110,1,20,40,34,39,32,0,1,8,7,21,19,1,19,32,27,18,13
2020,2,R,전통시장,2130105,장미제일시장(중화동제일시장),63,27,36,0,8,14,22,11,8,0,3,6,14,3,1,0,5,8,8,8,7
2020,2,R,전통시장,2130104,전곡시장,93,54,39,0,8,17,28,26,14,0,5,8,16,13,12,0,3,9,12,13,2
2020,2,R,전통시장,2130103,이경시장,16,8,8,0,0,1,2,2,11,0,0,1,1,1,5,0,0,0,1,1,6
2020,2,R,전통시장,2130101,답십리현대시장,8,5,3,0,0,1,3,2,2,0,0,1,1,2,1,0,0,0,2,0,1
2020,2,R,전통시장,2130100,답십리시장,93,40,53,2,19,25,23,11,13,2,4,9,11,6,8,0,15,16,12,5,5
2020,2,R,전통시장,2130099,전농로터리시장,7,3,4,0,1,0,2,3,1,0,0,0,1,1,1,0,1,0,1,2,0
2020,2,R,전통시장,2130098,회기시장,55,17,38,0,9,14,15,12,5,0,2,3,4,6,2,0,7,11,11,6,3
2020,2,R,전통시장,2130097,답십리 건축자재시장,315,202,113,1,17,46,46,44,161,0,8,37,25,23,109,1,9,9,21,21,52
2020,2,R,전통시장,2130096,동부시장,14,9,5,0,0,0,1,1,12,0,0,0,0,0,9,0,0,0,1,1,3
2020,2,R,전통시장,2130095,청량리전통시장,95,38,57,0,6,16,18,33,22,0,4,6,9,10,9,0,2,10,9,23,13
2020,2,R,전통시장,2130094,청량리청과물시장,54,24,30,0,7,13,17,7,10,0,0,4,10,2,8,0,7,9,7,5,2
2020,2,R,전통시장,2130093,동서시장,5,3,2,0,0,0,1,2,2,0,0,0,1,0,2,0,0,0,0,2,0
2020,2,R,전통시장,2130092,청량리농수산물시장,12,9,3,0,0,1,3,5,3,0,0,0,3,3,3,0,0,1,0,2,0
2020,2,R,전통시장,2130091,청량종합도매시장,36,27,9,0,1,3,11,14,7,0,0,3,8,10,6,0,1,0,3,4,1
2020,2,R,전통시장,2130090,청량리종합시장,19,13,6,0,1,4,3,5,6,0,1,2,3,3,4,0,0,2,0,2,2
2020,2,R,전통시장,2130089,청량리수산시장,42,33,9,0,4,7,16,6,9,0,3,7,12,4,7,0,1,0,4,2,2
2020,2,R,전통시장,2130088,경동시장,126,57,69,0,18,32,24,17,35,0,3,11,11,10,22,0,15,21,13,7,13
2020,2,R,전통시장,2130087,경동광성상가(경동시장),28,20,8,0,5,3,8,7,5,0,3,2,6,5,4,0,2,1,2,2,1
2020,2,R,전통시장,2130086,서울약령시장,1184,651,533,4,113,208,305,341,213,0,56,128,165,181,121,4,57,80,140,160,92
2020,2,R,전통시장,2130085,용두시장,4,2,2,0,0,0,1,2,1,0,0,0,0,1,1,0,0,0,1,1,0
2020,2,R,전통시장,2130084,신성시장(신성골목시장),21,6,15,0,3,5,8,4,1,0,0,1,2,2,1,0,3,4,6,2,0
2020,2,R,전통시장,2130083,"중곡제일시장(중곡제일골목시장, 광성시장)",111,68,43,0,15,21,29,24,22,0,7,14,20,10,17,0,8,7,9,14,5
2020,2,R,전통시장,2130082,면곡골목시장,20,11,9,0,4,0,1,9,6,0,4,0,0,3,4,0,0,0,1,6,2
2020,2,R,전통시장,2130081,자양골목전통시장(자양골목시장),54,36,18,0,7,17,14,9,7,0,5,12,9,6,4,0,2,5,5,3,3
2020,2,R,전통시장,2130080,자양종합시장(기능상실),14,10,4,0,0,1,6,6,1,0,0,1,4,4,1,0,0,0,2,2,0
2020,2,R,전통시장,2130079,한아름시장,40,29,11,0,5,6,6,10,13,0,4,4,5,6,10,0,1,2,1,4,3
2020,2,R,전통시장,2130078,화양제일골목시장,65,23,42,0,6,17,20,18,4,0,1,7,8,6,1,0,5,10,12,12,3
2020,2,R,전통시장,2130077,조양시장,31,19,12,0,11,7,8,5,0,0,6,5,4,4,0,0,5,2,4,1,0
2020,2,R,전통시장,2130076,능동로골목시장,88,67,21,0,2,11,14,16,45,0,1,4,13,10,39,0,1,7,1,6,6
2020,2,R,전통시장,2130075,노룬산시장(노룬산골목시장),23,13,10,0,4,5,10,2,2,0,3,3,6,0,1,0,1,2,4,2,1
2020,2,R,전통시장,2130074,영동교골목시장,21,15,6,0,6,9,2,3,1,0,3,9,0,2,1,0,3,0,2,1,0
2020,2,R,전통시장,2130073,뚝도시장,45,17,28,1,3,10,9,11,11,0,0,2,4,5,6,1,3,8,5,6,5
2020,2,R,전통시장,2130072,성동용답상가시장,132,71,61,0,21,19,35,39,18,0,9,9,16,26,11,0,12,10,19,13,7
2020,2,R,전통시장,2130071,성수역 골목형상점가,335,180,155,1,61,89,70,43,71,0,27,43,43,29,38,1,34,46,27,14,33
2020,2,R,전통시장,2130070,뚝섬역상점가,1016,697,319,6,178,259,217,222,134,4,105,179,143,157,109,2,73,80,74,65,25
2020,2,R,전통시장,2130069,"한양대앞상점가(한양시장, 왕십리맛골목)",32,19,13,0,6,6,4,8,8,0,4,4,0,5,6,0,2,2,4,3,2
2020,2,R,전통시장,2130068,마장축산물시장,975,630,345,1,102,202,250,248,172,1,68,127,155,165,114,0,34,75,95,83,58
2020,2,R,전통시장,2130067,왕십리도선동상점가,1670,335,1335,3,166,202,291,591,417,1,78,98,69,49,40,2,88,104,222,542,377
2020,2,R,전통시장,2130066,행당시장상점가,397,182,215,0,49,86,115,100,47,0,17,38,54,45,28,0,32,48,61,55,19
2020,2,R,전통시장,2130065,무학봉상점가,144,67,77,0,22,29,34,37,22,0,4,10,14,22,17,0,18,19,20,15,5
2020,2,R,전통시장,2130064,금남시장,36,13,23,0,6,7,8,4,11,0,1,0,5,2,5,0,5,7,3,2,6
2020,2,R,전통시장,2130063,신금호역 골목형상점가,30,21,9,0,2,4,5,9,10,0,1,3,4,7,6,0,1,1,1,2,4
2020,2,R,전통시장,2130062,보광시장,31,12,19,0,0,6,10,13,2,0,0,3,4,4,1,0,0,3,6,9,1
2020,2,R,전통시장,2130061,이태원시장,32,20,12,0,18,3,4,6,1,0,12,1,3,3,1,0,6,2,1,3,0
2020,2,R,전통시장,2130060,신흥시장,4,1,3,0,0,2,0,2,0,0,0,1,0,0,0,0,0,1,0,2,0
2020,2,R,전통시장,2130059,후암시장,64,40,24,0,6,12,16,11,19,0,4,5,10,7,14,0,2,7,6,4,5
2020,2,R,전통시장,2130058,이촌종합시장,109,78,31,0,13,19,25,26,26,0,7,12,15,21,23,0,6,7,10,5,3
2020,2,R,전통시장,2130057,만리시장,12,9,3,0,0,2,1,4,5,0,0,1,1,3,4,0,0,1,0,1,1
2020,2,R,전통시장,2130056,용산용문시장,65,34,31,0,7,15,18,10,15,0,4,6,7,6,11,0,3,9,11,4,4
2020,2,R,전통시장,2130055,"황학시장(서울중앙시장, 신중앙시장)",203,117,86,0,24,49,47,52,31,0,12,25,24,32,24,0,12,24,23,20,7
2020,2,R,전통시장,2130054,황학동주방가구거리상점가,374,266,108,0,25,80,116,106,47,0,18,60,77,74,37,0,7,20,39,32,10
2020,2,R,전통시장,2130053,백학시장,160,69,91,0,22,24,46,37,31,0,8,8,20,15,18,0,14,16,26,22,13
2020,2,R,전통시장,2130052,서울중앙시장(신중앙시장),479,342,137,0,106,156,101,61,55,0,80,110,57,45,50,0,26,46,44,16,5
2020,2,R,전통시장,2130051,동화동 골목형상점가,391,156,235,1,82,94,98,66,50,1,18,25,43,36,33,0,64,69,55,30,17
2020,2,R,전통시장,2130050,청평화시장,120,50,70,1,18,26,31,29,15,1,9,13,5,15,7,0,9,13,26,14,8
2020,2,R,전통시장,2130049,신당 미래유산 먹거리 골목형상점가,42,19,23,0,3,5,9,13,12,0,1,3,0,7,8,0,2,2,9,6,4
2020,2,R,전통시장,2130048,동평화시장,18,9,9,0,7,8,0,3,0,0,3,4,0,2,0,0,4,4,0,1,0
2020,2,R,전통시장,2130047,테크노상가(엘리시움),160,112,48,0,10,26,34,61,29,0,5,20,21,42,24,0,5,6,13,19,5
2020,2,R,전통시장,2130046,team204(팀204),20,13,7,0,1,3,4,2,10,0,0,2,3,1,7,0,1,1,1,1,3
2020,2,R,전통시장,2130045,광희패션몰,49,29,20,0,1,5,11,17,15,0,0,2,7,11,9,0,1,3,4,6,6
2020,2,R,전통시장,2130044,에리어식스(벨포스트),10,2,8,1,0,2,3,3,1,1,0,1,0,0,0,0,0,1,3,3,1
2020,2,R,전통시장,2130043,제일평화시장,43,27,16,0,6,14,13,8,2,0,1,9,9,6,2,0,5,5,4,2,0
2020,2,R,전통시장,2130042,약수시장,158,67,91,2,36,30,40,21,29,2,9,9,19,8,20,0,27,21,21,13,9
2020,2,R,전통시장,2130041,신평화패션타운(청계6가 지하도상가),28,21,7,0,1,5,9,8,5,0,0,4,9,5,3,0,1,1,0,3,2
2020,2,R,전통시장,2130040,남평화시장,5,3,2,0,0,4,0,0,1,0,0,2,0,0,1,0,0,2,0,0,0
2020,2,R,전통시장,2130039,청계6가 지하도상가,36,26,10,0,1,1,7,6,21,0,1,1,5,5,14,0,0,0,2,1,7
2020,2,R,전통시장,2130038,"평화시장(통일상가, 동화상가)",930,630,300,3,110,293,273,172,79,0,61,165,211,134,59,3,49,128,62,38,20
2020,2,R,전통시장,2130036,중부시장(신중부시장),3089,921,2168,8,1868,593,250,198,172,3,316,189,171,120,122,5,1552,404,79,78,50
2020,2,R,전통시장,2130035,방산종합시장(방산시장),1190,736,454,1,96,200,284,312,297,0,56,117,154,191,218,1,40,83,130,121,79
2020,2,R,전통시장,2130034,필동 골목형상점가,14,7,7,0,2,4,5,2,1,0,1,2,2,2,0,0,1,2,3,0,1
2020,2,R,전통시장,2130033,대림상가(청계상가),169,121,48,0,7,29,54,39,40,0,3,19,35,30,34,0,4,10,19,9,6
2020,2,R,전통시장,2130032,인현시장,167,123,44,0,3,25,47,54,38,0,3,16,35,40,29,0,0,9,12,14,9
2020,2,R,전통시장,2130031,청계천공구상가,921,698,223,2,101,281,234,159,144,1,64,230,181,104,118,1,37,51,53,55,26
2020,2,R,전통시장,2130028,을지입구지하상가(을지로지하보도쇼핑센터),2,2,0,0,0,0,1,1,0,0,0,0,1,1,0,0,0,0,0,0,0
2020,2,R,전통시장,2130025,삼익패션타운(남대문시장),5494,2675,2819,69,1760,1561,1124,794,186,31,674,837,763,292,78,38,1086,724,361,502,108
2020,2,R,전통시장,2130024,남대문시장(자유상가),732,426,306,2,54,129,172,177,198,1,15,75,95,108,132,1,39,54,77,69,66
2020,2,R,전통시장,2130022,숭례문수입상가(남대문시장),1907,850,1057,0,330,855,598,113,11,0,55,378,338,70,9,0,275,477,260,43,2
2020,2,R,전통시장,2130021,신설종합시장,50,37,13,1,1,10,12,13,13,0,0,9,10,10,8,1,1,1,2,3,5
2020,2,R,전통시장,2130020,동묘시장(동묘벼룩시장),407,177,230,5,154,93,73,58,24,5,43,31,45,32,21,0,111,62,28,26,3
2020,2,R,전통시장,2130019,동대문상가D동,28,21,7,0,6,5,5,4,8,0,4,2,4,4,7,0,2,3,1,0,1
2020,2,R,전통시장,2130018,동대문문구완구거리(동대문문구완구시장),215,124,91,0,27,45,50,52,41,0,12,24,33,31,24,0,15,21,17,21,17
2020,2,R,전통시장,2130017,동대문상가C동,12,9,3,0,1,4,4,2,1,0,1,4,3,0,1,0,0,0,1,2,0
2020,2,R,전통시장,2130016,동대문상가B동,2,1,1,0,0,1,1,0,0,0,0,0,1,0,0,0,0,1,0,0,0
2020,2,R,전통시장,2130015,창신골목시장,22,12,10,0,0,2,8,9,3,0,0,2,6,2,2,0,0,0,2,7,1
2020,2,R,전통시장,2130014,동문시장,3,1,2,0,0,2,0,0,1,0,0,0,0,0,1,0,0,2,0,0,0
2020,2,R,전통시장,2130012,"동대문종합시장(동대문종합시장 신관, 동대문종합시장D동상가)",1319,965,354,2,156,325,348,339,149,0,116,251,238,247,113,2,40,74,110,92,36
2020,2,R,전통시장,2130011,충신시장,88,44,44,0,19,19,20,17,13,0,7,11,8,8,10,0,12,8,12,9,3
2020,2,R,전통시장,2130010,종로신진시장,200,113,87,0,20,29,55,48,48,0,14,17,24,26,32,0,6,12,31,22,16
2020,2,R,전통시장,2130009,마전교지하쇼핑센터(구 한일상가),24,16,8,0,0,2,3,7,12,0,0,2,2,4,8,0,0,0,1,3,4
2020,2,R,전통시장,2130007,광장시장(광장전통시장),466,310,156,0,39,77,97,129,124,0,22,41,73,77,97,0,17,36,24,52,27
2020,2,R,전통시장,2130005,세운상가가동,137,96,41,0,7,34,35,22,39,0,5,23,28,8,32,0,2,11,7,14,7
2020,2,R,전통시장,2130004,낙원시장(낙원지하시장(대일상가)),364,258,106,0,29,70,99,78,88,0,14,51,68,57,68,0,15,19,31,21,20
2020,2,R,전통시장,2130002,세종마을음식문화거리(금천교시장),564,392,172,4,56,109,120,121,154,0,26,74,75,90,127,4,30,35,45,31,27
2020,2,R,전통시장,2130001,통인시장,59,29,30,0,4,14,11,12,18,0,2,4,6,6,11,0,2,10,5,6,7
2020,2,D,발달상권,2120249,고덕역,1359,916,443,3,172,305,337,317,225,1,75,198,249,221,172,2,97,107,88,96,53
2020,2,D,발달상권,2120248,명일역,860,332,528,4,114,141,223,204,174,2,41,59,84,69,77,2,73,82,139,135,97
2020,2,D,발달상권,2120247,굽은다리역,565,307,258,4,91,118,142,102,108,1,37,76,71,55,67,3,54,42,71,47,41
2020,2,D,발달상권,2120246,길동역,3399,1536,1863,14,384,560,835,905,701,8,169,317,417,296,329,6,215,243,418,609,372
2020,2,D,발달상권,2120245,둔촌역,1884,1135,749,7,312,460,446,371,288,6,169,309,271,195,185,1,143,151,175,176,103
2020,2,D,발달상권,2120244,암사역,916,401,515,0,70,85,103,111,547,0,14,44,49,42,252,0,56,41,54,69,295
2020,2,D,발달상권,2120243,천호역,1353,629,724,6,186,250,315,291,305,2,63,108,142,123,191,4,123,142,173,168,114
2020,2,D,발달상권,2120242,강동구청역,4528,2937,1591,33,536,1064,1055,893,947,13,287,678,695,560,704,20,249,386,360,333,243
2020,2,D,발달상권,2120241,거여역,1197,650,547,5,110,221,296,277,288,2,80,152,161,83,172,3,30,69,135,194,116
2020,2,D,발달상권,2120240,개롱역,1609,1102,507,7,212,314,404,431,241,5,125,230,269,295,178,2,87,84,135,136,63
2020,2,D,발달상권,2120239,오금역,4700,3006,1694,17,851,1243,1186,911,492,11,456,826,848,495,370,6,395,417,338,416,122
2020,2,D,발달상권,2120238,방이역,412,251,161,4,47,97,113,76,75,3,22,45,60,57,64,1,25,52,53,19,11
2020,2,D,발달상권,2120237,경찰병원역,8608,5226,3382,58,1222,1655,1718,1449,2506,24,537,1057,1126,725,1757,34,685,598,592,724,749
2020,2,D,발달상권,2120236,장지역(가든파이브),4622,3221,1401,15,678,1056,1076,989,808,10,373,711,778,710,639,5,305,345,298,279,169
2020,2,D,발달상권,2120235,문정역,907,621,286,1,116,196,202,236,156,0,69,151,148,144,109,1,47,45,54,92,47
2020,2,D,발달상권,2120234,가락시장역,10268,6224,4044,11,1350,2490,2149,1678,2590,3,586,1468,1439,927,1801,8,764,1022,710,751,789
2020,2,D,발달상권,2120233,몽촌토성역,10357,5705,4652,28,1787,2711,2252,2152,1427,22,1123,1846,1193,782,739,6,664,865,1059,1370,688
2020,2,D,발달상권,2120232,송파나루역,1269,856,413,0,212,350,295,218,194,0,91,220,204,165,176,0,121,130,91,53,18
2020,2,D,발달상권,2120231,가락시장,5698,4083,1615,0,368,1051,1564,1654,1061,0,264,836,1185,1098,700,0,104,215,379,556,361
2020,2,D,발달상권,2120230,송파사거리(송파역),876,470,406,4,96,176,202,193,205,1,38,99,115,92,125,3,58,77,87,101,80
2020,2,D,발달상권,2120229,방이동먹자골목,7319,4732,2587,12,1062,2182,1915,1302,846,5,588,1347,1338,913,541,7,474,835,577,389,305
2020,2,D,발달상권,2120228,석촌역(석촌호수),4494,2725,1769,7,707,1306,1038,695,741,1,288,851,680,410,495,6,419,455,358,285,246
2020,2,D,발달상권,2120227,잠실역,45438,24212,21226,163,8139,11821,12755,11278,1282,51,3785,7433,7435,4548,960,112,4354,4388,5320,6730,322
2020,2,D,발달상권,2120226,석촌고분역,2408,1777,631,8,277,341,447,352,983,7,130,207,264,234,935,1,147,134,183,118,48
2020,2,D,발달상권,2120225,잠실새내역(신천),5750,3738,2012,25,929,1190,1248,1210,1148,3,467,728,831,853,856,22,462,462,417,357,292
2020,2,D,발달상권,2120224,수서역,12418,6339,6079,23,1900,3177,3167,2346,1805,12,860,1669,1497,1232,1069,11,1040,1508,1670,1114,736
2020,2,D,발달상권,2120223,휘문고교사거리,9166,5574,3592,20,1785,2926,2736,1401,298,4,1102,2061,1597,609,201,16,683,865,1139,792,97
2020,2,D,발달상권,2120222,삼성역,43324,24141,19183,244,8091,13641,10294,6385,4669,119,3186,7703,6883,3711,2539,125,4905,5938,3411,2674,2130
2020,2,D,발달상권,2120221,봉은사역,19513,12605,6908,22,4375,5782,3654,2813,2867,8,2402,4217,2849,1721,1408,14,1973,1565,805,1092,1459
2020,2,D,발달상권,2120220,대치역,5578,3302,2276,26,1841,2261,972,319,159,2,769,1465,717,225,124,24,1072,796,255,94,35
2020,2,D,발달상권,2120219,은마아파트,17161,5791,11370,202,3396,3816,3174,4058,2515,83,1254,1870,1373,817,394,119,2142,1946,1801,3241,2121
2020,2,D,발달상권,2120218,코엑스,290,54,236,0,116,103,58,13,0,0,13,16,16,9,0,0,103,87,42,4,0
2020,2,D,발달상권,2120217,대치사거리,2779,1478,1301,11,552,771,700,452,293,10,220,379,381,264,224,1,332,392,319,188,69
2020,2,D,발달상권,2120216,경기고교사거리(경기고교앞사거리),4934,3621,1313,8,712,1628,1666,772,148,5,291,1070,1431,703,121,3,421,558,235,69,27
2020,2,D,발달상권,2120215,포스코사거리,61656,40699,20957,170,9756,22505,18176,8404,2645,29,4305,14324,13853,6406,1782,141,5451,8181,4323,1998,863
2020,2,D,발달상권,2120214,영동대교남단교차로,3990,2902,1088,7,489,1173,1108,931,282,3,271,811,866,755,196,4,218,362,242,176,86
2020,2,D,발달상권,2120213,삼성중앙역,8472,5131,3341,50,1855,2469,1898,1065,1135,12,828,1511,1297,712,771,38,1027,958,601,353,364
2020,2,D,발달상권,2120212,한티역,713,378,335,1,115,178,190,137,92,1,36,85,116,78,62,0,79,93,74,59,30
2020,2,D,발달상권,2120211,도성초등학교,984,516,468,7,180,282,189,161,165,3,68,120,112,117,96,4,112,162,77,44,69
2020,2,D,발달상권,2120210,선릉역,48780,26797,21983,117,11358,13636,11065,7952,4652,54,5356,8026,6479,4158,2724,63,6002,5610,4586,3794,1928
2020,2,D,발달상권,2120209,"강남구청(청담역_8번, 강남세무서)",8984,2608,6376,34,2050,2683,2467,1170,580,9,538,752,537,393,379,25,1512,1931,1930,777,201
2020,2,D,발달상권,2120208,청담사거리(청담동명품거리),10577,4635,5942,38,3354,3776,2024,878,507,13,1031,1619,1113,501,358,25,2323,2157,911,377,149
2020,2,D,발달상권,2120207,선정릉역,12151,7422,4729,32,2685,4209,2741,1595,889,16,1111,2464,1939,1147,745,16,1574,1745,802,448,144
2020,2,D,발달상권,2120206,개나리아파트,5280,3376,1904,87,1661,1418,1095,666,353,27,868,957,784,463,277,60,793,461,311,203,76
2020,2,D,발달상권,2120205,매봉역,13950,9370,4580,95,2838,4203,3126,1781,1907,44,1450,2959,2521,1302,1094,51,1388,1244,605,479,813
2020,2,D,발달상권,2120204,르네상스호텔사거리,41471,20644,20827,102,8167,11056,10671,10081,1394,54,5016,7567,4988,2062,957,48,3151,3489,5683,8019,437
2020,2,D,발달상권,2120203,강남구청역,7726,4602,3124,27,1589,2070,1890,1381,769,8,650,1218,1293,882,551,19,939,852,597,499,218
2020,2,D,발달상권,2120202,압구정로데오역(압구정로데오),11735,6075,5660,41,2963,4419,2469,1425,418,11,793,2184,1593,1195,299,30,2170,2235,876,230,119
2020,2,D,발달상권,2120201,도곡1동,11559,6387,5172,116,3565,3472,2482,1299,625,31,1365,2021,1730,754,486,85,2200,1451,752,545,139
2020,2,D,발달상권,2120200,학동사거리,9363,3808,5555,26,2868,3075,1848,1005,541,9,654,1122,937,687,399,17,2214,1953,911,318,142
2020,2,D,발달상권,2120199,경복아파트교차로,3830,2283,1547,10,796,1196,781,572,475,4,317,721,498,390,353,6,479,475,283,182,122
2020,2,D,발달상권,2120198,구역삼세무서,11531,7246,4285,23,2691,3529,2889,1562,837,12,1141,2216,2115,1139,623,11,1550,1313,774,423,214
2020,2,D,발달상권,2120197,역삼역,58694,38567,20127,93,10088,18053,15887,10835,3738,43,5227,11916,11864,7079,2438,50,4861,6137,4023,3756,1300
2020,2,D,발달상권,2120196,서울세관,9687,5900,3787,15,1708,2897,2579,1614,874,2,604,1527,1719,1323,725,13,1104,1370,860,291,149
2020,2,D,발달상권,2120195,성수대교남단,5611,2685,2926,39,1393,2394,1102,426,257,15,487,1194,634,208,147,24,906,1200,468,218,110
2020,2,D,발달상권,2120194,언주역(차병원),12628,8724,3904,37,2790,4202,2802,1923,874,14,1366,2863,2239,1588,654,23,1424,1339,563,335,220
2020,2,D,발달상권,2120193,도산공원교차로,6384,3798,2586,15,1278,1918,1493,983,697,6,466,1071,1021,696,538,9,812,847,472,287,159
2020,2,D,발달상권,2120192,뱅뱅사거리,27462,18935,8527,73,5758,8273,6703,4372,2283,38,3280,5616,5106,3189,1706,35,2478,2657,1597,1183,577
2020,2,D,발달상권,2120191,학동역,13862,8102,5760,40,2889,3759,2967,1864,2343,17,1120,2144,2011,1130,1680,23,1769,1615,956,734,663
2020,2,D,발달상권,2120190,강남을지병원,11703,6183,5520,44,3417,3226,2498,1508,1010,14,1228,1648,1560,985,748,30,2189,1578,938,523,262
2020,2,D,발달상권,2120189,강남역,72613,38819,33794,234,17636,24305,18411,9151,2876,59,6629,13226,10962,5914,2029,175,11007,11079,7449,3237,847
2020,2,D,발달상권,2120188,압구정역,8579,3750,4829,134,2204,2146,1550,1314,1231,47,698,969,897,556,583,87,1506,1177,653,758,648
2020,2,D,발달상권,2120187,신논현역,13076,7778,5298,64,3624,3962,2984,1673,769,27,1516,2302,2121,1247,565,37,2108,1660,863,426,204
2020,2,D,발달상권,2120186,가로수길,6518,3580,2938,19,1316,2133,1570,895,585,5,447,1174,950,573,431,14,869,959,620,322,154
2020,2,D,발달상권,2120185,논현역,12764,7403,5361,29,2731,4125,3228,1879,772,10,1040,2435,2232,1195,491,19,1691,1690,996,684,281
2020,2,D,발달상권,2120184,포이사거리(삼호물산),10139,7003,3136,20,1553,3044,2666,1705,1151,10,846,2068,2010,1212,857,10,707,976,656,493,294
2020,2,D,발달상권,2120183,양재천카페거리,3558,2626,932,12,586,972,848,551,589,10,364,717,638,413,484,2,222,255,210,138,105
2020,2,D,발달상권,2120182,"양재시민의숲역(양재동꽃시장, aT센터)",6144,4255,1889,33,1041,1652,1482,1259,677,14,539,1144,1089,924,545,19,502,508,393,335,132
2020,2,D,발달상권,2120181,교육개발원입구사거리,7278,4440,2838,316,2978,1563,1247,730,444,145,1506,983,939,536,331,171,1472,580,308,194,113
2020,2,D,발달상권,2120180,양재화물트럭터미널앞,2562,2146,416,13,637,812,554,409,137,10,466,711,481,363,115,3,171,101,73,46,22
2020,2,D,발달상권,2120179,양재역,21445,16961,4484,59,3105,7307,5206,3969,1799,34,2177,6101,4309,3030,1310,25,928,1206,897,939,489
2020,2,D,발달상권,2120178,신사역,10933,5953,4980,34,2539,2847,2355,1810,1348,13,871,1570,1480,999,1020,21,1668,1277,875,811,328
2020,2,D,발달상권,2120177,신논현역 1번,694,436,258,1,84,187,202,143,77,0,34,111,130,106,55,1,50,76,72,37,22
2020,2,D,발달상권,2120176,논현역 4번,893,566,327,1,130,216,195,168,183,1,67,126,129,106,137,0,63,90,66,62,46
2020,2,D,발달상권,2120175,남부터미널역,8239,5313,2926,32,1702,2478,1995,1290,742,6,856,1691,1361,852,547,26,846,787,634,438,195
2020,2,D,발달상권,2120174,논현역 5번,682,380,302,6,108,196,155,95,122,4,39,108,90,59,80,2,69,88,65,36,42
2020,2,D,발달상권,2120173,교대역(법원.검찰청),18197,10449,7748,74,3267,5392,4725,3068,1671,29,1418,3003,2843,1896,1260,45,1849,2389,1882,1172,411
2020,2,D,발달상권,2120172,교대입구교차로,10241,5712,4529,53,2062,2700,2445,1945,1036,33,854,1635,1489,1004,697,20,1208,1065,956,941,339
2020,2,D,발달상권,2120171,서초3동사거리,11750,6206,5544,15,1990,3845,2551,1862,1487,6,827,1746,1496,1064,1067,9,1163,2099,1055,798,420
2020,2,D,발달상권,2120170,삼호가든사거리,2026,1161,865,8,279,587,623,346,183,7,113,333,412,168,128,1,166,254,211,178,55
2020,2,D,발달상권,2120169,서초역,15771,7185,8586,70,3824,4195,3945,2657,1080,30,1313,1990,1801,1235,816,40,2511,2205,2144,1422,264
2020,2,D,발달상권,2120168,서울고교교차로,569,378,191,1,58,166,147,103,94,0,28,98,107,78,67,1,30,68,40,25,27
2020,2,D,발달상권,2120167,고속터미널(고속터미널역),5078,2994,2084,6,600,1311,1087,924,1150,5,318,915,786,488,482,1,282,396,301,436,668
2020,2,D,발달상권,2120166,방배역,5467,3282,2185,90,1234,1594,1033,699,817,26,523,920,713,451,649,64,711,674,320,248,168
2020,2,D,발달상권,2120165,서래마을카페거리(서래마을),3467,2266,1201,11,605,1119,949,516,267,3,277,716,707,369,194,8,328,403,242,147,73
2020,2,D,발달상권,2120164,내방역,8574,5973,2601,56,1923,2821,1862,1128,784,48,1160,1998,1383,799,585,8,763,823,479,329,199
2020,2,D,발달상권,2120163,사당역 11번(사당역먹자골목),491,290,201,0,55,119,99,86,132,0,28,73,57,50,82,0,27,46,42,36,50
2020,2,D,발달상권,2120162,방배동카페골목,1253,717,536,61,207,200,219,215,351,57,126,142,110,93,189,4,81,58,109,122,162
2020,2,D,발달상권,2120161,방배동가구거리(사당동가구거리),2517,1833,684,3,187,342,315,347,1323,2,78,178,165,202,1208,1,109,164,150,145,115
2020,2,D,발달상권,2120160,사당역(사당),9153,4750,4403,14,1560,2594,2716,1534,735,4,617,1307,1324,997,501,10,943,1287,1392,537,234
2020,2,D,발달상권,2120159,서울대입구역,1430,763,667,12,289,320,321,238,250,6,116,164,174,133,170,6,173,156,147,105,80
2020,2,D,발달상권,2120158,녹두거리(대학동),695,550,145,2,31,73,200,279,110,0,7,41,163,241,98,2,24,32,37,38,12
2020,2,D,발달상권,2120157,신림역(신림),593,255,338,1,95,115,145,125,112,0,19,40,81,48,67,1,76,75,64,77,45
2020,2,D,발달상권,2120156,"총신대입구역(이수, 총신대)",3255,1425,1830,14,615,769,718,629,510,7,201,327,374,254,262,7,414,442,344,375,248
2020,2,D,발달상권,2120155,총신대학교,111,57,54,0,13,27,27,26,18,0,7,8,15,15,12,0,6,19,12,11,6
2020,2,D,발달상권,2120154,장승배기역,479,199,280,1,61,123,126,106,62,0,16,58,67,35,23,1,45,65,59,71,39
2020,2,D,발달상권,2120153,노량진역(노량진),3699,1844,1855,10,521,1209,935,690,334,2,193,496,461,465,227,8,328,713,474,225,107
2020,2,D,발달상권,2120152,신대방삼거리역,594,291,303,1,66,127,155,154,91,1,22,63,84,74,47,0,44,64,71,80,44
2020,2,D,발달상권,2120151,보라매공원,2417,1455,962,6,401,736,707,383,184,4,194,433,450,237,137,2,207,303,257,146,47
2020,2,D,발달상권,2120150,63빌딩,7632,4749,2883,29,989,1932,2741,1691,250,5,494,1296,1379,1422,153,24,495,636,1362,269,97
2020,2,D,발달상권,2120149,여의도역(여의도),69255,45888,23367,184,11383,22550,19240,12096,3802,34,5884,14085,14147,9350,2388,150,5499,8465,5093,2746,1414
2020,2,D,발달상권,2120148,국회의사당역(국회의사당),31135,19451,11684,82,6815,10231,7641,4493,1873,27,3082,6187,5424,3397,1334,55,3733,4044,2217,1096,539
2020,2,D,발달상권,2120147,보라매역,1981,1262,719,6,292,455,377,378,473,3,99,312,255,270,323,3,193,143,122,108,150
2020,2,D,발달상권,2120146,한강성심병원,5045,2866,2179,18,1237,1249,1097,821,623,8,395,663,729,584,487,10,842,586,368,237,136
2020,2,D,발달상권,2120145,영등포역(영등포),3856,1817,2039,22,673,1021,921,702,517,0,202,441,486,388,300,22,471,580,435,314,217
2020,2,D,발달상권,2120144,영중로,2015,1072,943,1,254,394,507,598,261,1,142,276,288,230,135,0,112,118,219,368,126
2020,2,D,발달상권,2120143,당산역,2723,2018,705,9,329,524,575,532,754,2,194,398,412,396,616,7,135,126,163,136,138
2020,2,D,발달상권,2120142,대림역,1559,847,712,2,235,282,348,386,306,0,69,145,190,230,213,2,166,137,158,156,93
2020,2,D,발달상권,2120141,영등포청과시장교차로,601,418,183,2,71,137,188,115,88,1,36,85,133,86,77,1,35,52,55,29,11
2020,2,D,발달상권,2120140,문래동주민센터,6162,3296,2866,22,1447,1840,1635,916,302,11,558,993,992,517,225,11,889,847,643,399,77
2020,2,D,발달상권,2120139,대림3동사거리,3619,2404,1215,14,423,867,992,727,596,5,220,632,783,462,302,9,203,235,209,265,294
2020,2,D,발달상권,2120138,당산2동(영등포우체국),2754,1653,1101,23,745,579,479,488,440,15,395,347,312,309,275,8,350,232,167,179,165
2020,2,D,발달상권,2120137,문래역(문래로데오거리),50,21,29,2,11,8,13,12,4,0,4,1,7,7,2,2,7,7,6,5,2
2020,2,D,발달상권,2120136,영등포구청역,6617,3299,3318,20,1193,1504,1423,1444,1033,12,575,848,775,592,497,8,618,656,648,852,536
2020,2,D,발달상권,2120135,양평역,5072,3013,2059,32,1300,1280,1187,776,497,11,626,825,676,441,434,21,674,455,511,335,63
2020,2,D,발달상권,2120134,구로전화국,2014,1668,346,0,107,157,172,223,1355,0,44,75,96,153,1300,0,63,82,76,70,55
2020,2,D,발달상권,2120133,서울시흥동우체국(홈플러스시흥점),142,55,87,1,14,22,27,42,36,1,5,10,12,11,16,0,9,12,15,31,20
2020,2,D,발달상권,2120132,독산동,4203,2884,1319,13,512,908,1016,1074,680,12,350,650,695,701,476,1,162,258,321,373,204
2020,2,D,발달상권,2120131,가산디지털단지,81100,53404,27696,289,16340,25683,20119,11582,7087,184,8639,17229,14518,7692,5142,105,7701,8454,5601,3890,1945
2020,2,D,발달상권,2120130,구로디지털단지역,1136,620,516,1,169,376,236,212,142,0,59,208,125,125,103,1,110,168,111,87,39
2020,2,D,발달상권,2120129,구로디지털단지,47750,31091,16659,195,10197,16227,12034,5678,3419,126,5117,10736,8454,3920,2738,69,5080,5491,3580,1758,681
2020,2,D,발달상권,2120128,신도림역,1253,656,597,7,191,318,382,243,112,1,75,153,191,149,87,6,116,165,191,94,25
2020,2,D,발달상권,2120127,구로구청,5918,3878,2040,6,614,1229,1440,1444,1185,5,365,976,1050,808,674,1,249,253,390,636,511
2020,2,D,발달상권,2120126,디지털단지오거리,135,86,49,0,11,30,48,26,20,0,2,16,38,15,15,0,9,14,10,11,5
2020,2,D,발달상권,2120125,구로역,9291,6324,2967,24,1029,2136,2412,2271,1419,12,581,1466,1596,1572,1097,12,448,670,816,699,322
2020,2,D,발달상권,2120124,개봉동 현대아파트,461,205,256,0,63,89,119,82,108,0,18,26,49,43,69,0,45,63,70,39,39
2020,2,D,발달상권,2120123,오류동역,2120,1645,475,1,313,413,505,594,294,0,276,331,389,425,224,1,37,82,116,169,70
2020,2,D,발달상권,2120122,강서구청,2137,1208,929,4,308,444,489,437,455,2,103,218,267,256,362,2,205,226,222,181,93
2020,2,D,발달상권,2120121,까치산역,344,135,209,2,49,40,67,101,85,2,12,14,27,41,39,0,37,26,40,60,46
2020,2,D,발달상권,2120120,화곡역,927,405,522,1,177,218,193,196,142,0,46,109,84,81,85,1,131,109,109,115,57
2020,2,D,발달상권,2120119,발산역(마곡),1427,686,741,2,184,339,416,350,136,1,54,148,211,174,98,1,130,191,205,176,38
2020,2,D,발달상권,2120117,강서농산물도매시장,430,263,167,0,12,60,121,145,92,0,9,46,75,82,51,0,3,14,46,63,41
2020,2,D,발달상권,2120116,송정역,117,64,53,0,17,27,28,20,25,0,9,11,15,10,19,0,8,16,13,10,6
2020,2,D,발달상권,2120114,목동신시가지,13614,9392,4222,46,2086,3824,3484,2915,1259,29,1130,2623,2555,2209,846,17,956,1201,929,706,413
2020,2,D,발달상권,2120113,오목교역,628,372,256,2,96,144,162,136,88,1,45,79,94,92,61,1,51,65,68,44,27
2020,2,D,발달상권,2120112,등촌역,1633,1138,495,10,223,388,373,358,281,6,100,270,265,265,232,4,123,118,108,93,49
2020,2,D,발달상권,2120111,목동사거리,1828,710,1118,1,551,601,341,219,115,0,101,248,161,116,84,1,450,353,180,103,31
2020,2,D,발달상권,2120110,목동역 8번출구,1858,1400,458,2,142,216,286,247,965,1,42,102,166,181,908,1,100,114,120,66,57
2020,2,D,발달상권,2120109,서울남부지방법원,608,342,266,2,56,104,110,170,166,1,18,40,50,104,129,1,38,64,60,66,37
2020,2,D,발달상권,2120108,신정네거리역,992,580,412,2,93,215,220,242,220,1,28,110,112,160,169,1,65,105,108,82,51
2020,2,D,발달상권,2120107,공덕역(공덕오거리),13077,7619,5458,43,2471,3470,3552,3026,515,9,1021,2002,2300,1900,387,34,1450,1468,1252,1126,128
2020,2,D,발달상권,2120106,마포역,11462,7104,4358,12,1804,2735,2677,2306,1928,8,917,1662,1889,1435,1193,4,887,1073,788,871,735
2020,2,D,발달상권,2120105,상수역(홍대),524,273,251,4,126,153,122,71,48,2,51,74,70,42,34,2,75,79,52,29,14
2020,2,D,발달상권,2120104,연남동(홍대),5955,3176,2779,20,1117,1491,1289,1103,935,12,428,824,772,620,520,8,689,667,517,483,415
2020,2,D,발달상권,2120103,홍대입구역(홍대),9580,5991,3589,87,2167,2434,2066,1613,1213,61,1145,1486,1404,988,907,26,1022,948,662,625,306
2020,2,D,발달상권,2120102,서교동(홍대),7276,3402,3874,18,1521,2551,1814,899,473,11,496,1065,913,566,351,7,1025,1486,901,333,122
2020,2,D,발달상권,2120101,합정역,1932,1048,884,2,302,520,515,399,194,2,89,236,312,266,143,0,213,284,203,133,51
2020,2,D,발달상권,2120100,망원역,900,436,464,3,192,236,215,153,101,1,49,107,117,103,59,2,143,129,98,50,42
2020,2,D,발달상권,2120099,월드컵경기장역(월드컵경기장),84,57,27,0,11,20,26,14,13,0,6,16,21,7,7,0,5,4,5,7,6
2020,2,D,발달상권,2120098,DMC(디지털미디어시티),8846,5391,3455,19,1691,3228,2856,875,177,11,813,1995,1821,616,135,8,878,1233,1035,259,42
2020,2,D,발달상권,2120097,충정로역,2246,1354,892,0,321,658,631,407,229,0,172,390,397,254,141,0,149,268,234,153,88
2020,2,D,발달상권,2120096,"이화여대(이대역, 이대)",470,195,275,1,79,135,125,79,51,0,27,51,46,38,33,1,52,84,79,41,18
2020,2,D,발달상권,2120095,홍제역,922,520,402,1,73,107,260,362,119,0,17,56,137,222,88,1,56,51,123,140,31
2020,2,D,발달상권,2120094,"신촌역(신촌역, 신촌로터리)",5355,2430,2925,67,2390,1192,681,594,431,23,999,589,299,279,241,44,1391,603,382,315,190
2020,2,D,발달상권,2120093,연희동,661,351,310,2,60,125,170,195,109,0,27,62,91,103,68,2,33,63,79,92,41
2020,2,D,발달상권,2120092,불광역,274,147,127,0,33,51,83,52,55,0,12,29,44,21,41,0,21,22,39,31,14
2020,2,D,발달상권,2120091,본서부병원,516,192,324,1,51,69,119,165,111,0,20,28,51,55,38,1,31,41,68,110,73
2020,2,D,발달상권,2120090,연신내역,687,262,425,5,180,133,134,129,106,1,64,55,49,45,48,4,116,78,85,84,58
2020,2,D,발달상권,2120089,구파발역,1,0,1,0,0,0,1,0,0,0,0,0,0,0,0,0,0,0,1,0,0
2020,2,D,발달상권,2120088,구산역,799,279,520,2,86,117,175,272,147,2,30,65,68,59,55,0,56,52,107,213,92
2020,2,D,발달상권,2120087,응암역,441,272,169,0,45,84,114,106,92,0,17,50,78,60,67,0,28,34,36,46,25
2020,2,D,발달상권,2120086,태릉입구역,382,205,177,0,42,78,82,102,78,0,24,43,35,49,54,0,18,35,47,53,24
2020,2,D,발달상권,2120085,은행사거리,317,121,196,4,51,48,80,78,56,3,11,14,21,40,32,1,40,34,59,38,24
2020,2,D,발달상권,2120084,공릉역,712,546,166,3,33,59,110,240,267,1,11,22,63,205,244,2,22,37,47,35,23
2020,2,D,발달상권,2120083,등나무근린공원,1184,787,397,0,166,325,271,283,139,0,114,228,171,179,95,0,52,97,100,104,44
2020,2,D,발달상권,2120082,상계백병원,426,148,278,0,85,102,118,82,39,0,21,24,39,43,21,0,64,78,79,39,18
2020,2,D,발달상권,2120081,노원역,1552,508,1044,9,369,295,343,307,229,2,66,87,125,121,107,7,303,208,218,186,122
2020,2,D,발달상권,2120080,마들역,180,46,134,0,30,45,46,36,23,0,2,7,9,13,15,0,28,38,37,23,8
2020,2,D,발달상권,2120079,창동역,1326,796,530,0,151,232,320,304,319,0,54,108,172,195,267,0,97,124,148,109,52
2020,2,D,발달상권,2120078,미아사거리역,145,90,55,0,27,29,29,31,29,0,12,17,21,18,22,0,15,12,8,13,7
2020,2,D,발달상권,2120077,미아역,218,97,121,0,32,37,52,64,33,0,11,8,18,38,22,0,21,29,34,26,11
2020,2,D,발달상권,2120076,수유역,1930,865,1065,7,241,303,422,465,492,4,62,102,176,240,281,3,179,201,246,225,211
2020,2,D,발달상권,2120075,월곡역,369,213,156,1,40,86,97,67,78,0,17,48,54,44,50,1,23,38,43,23,28
2020,2,D,발달상권,2120074,안암역,59,28,31,1,12,16,12,8,10,0,5,9,7,2,5,1,7,7,5,6,5
2020,2,D,발달상권,2120073,미아사거리,353,135,218,3,40,67,95,95,53,2,16,29,45,23,20,1,24,38,50,72,33
2020,2,D,발달상권,2120072,성신여대,1048,537,511,18,137,211,213,271,198,11,46,86,103,152,139,7,91,125,110,119,59
2020,2,D,발달상권,2120071,성북구청,255,127,128,0,36,55,64,62,38,0,14,22,38,31,22,0,22,33,26,31,16
2020,2,D,발달상권,2120070,한성대입구역,466,180,286,2,83,69,78,113,121,2,21,31,37,38,51,0,62,38,41,75,70
2020,2,D,발달상권,2120069,상봉역,932,597,335,6,147,258,263,151,107,4,102,158,163,99,71,2,45,100,100,52,36
2020,2,D,발달상권,2120068,사가정역,145,45,100,3,38,31,25,22,26,0,1,5,12,12,15,3,37,26,13,10,11
2020,2,D,발달상권,2120067,장안동사거리,2587,1169,1418,9,427,578,671,577,325,7,165,280,258,255,204,2,262,298,413,322,121
2020,2,D,발달상권,2120066,장한평역(장한평),7424,4770,2654,43,1531,1839,1491,1235,1285,10,739,1202,991,818,1010,33,792,637,500,417,275
2020,2,D,발달상권,2120065,회기역,326,207,119,3,48,55,89,76,55,1,27,39,49,49,42,2,21,16,40,27,13
2020,2,D,발달상권,2120064,경희대학교(경희대),97,44,53,0,14,27,21,13,22,0,9,13,10,4,8,0,5,14,11,9,14
2020,2,D,발달상권,2120063,청량리역(청량리),1182,514,668,3,225,221,239,246,248,2,66,86,89,116,155,1,159,135,150,130,93
2020,2,D,발달상권,2120062,신설동역,12641,5433,7208,13,1215,2605,3449,3480,1879,2,445,1435,1625,1123,803,11,770,1170,1824,2357,1076
2020,2,D,발달상권,2120061,올림픽대교북단,1094,864,230,1,228,403,324,95,43,0,165,326,290,55,28,1,63,77,34,40,15
2020,2,D,발달상권,2120060,강변역(테크노마트),3189,2348,841,12,402,686,870,703,516,2,209,509,686,549,393,10,193,177,184,154,123
2020,2,D,발달상권,2120059,구삼강변맛길,3279,1781,1498,6,431,676,555,747,864,4,244,472,367,322,372,2,187,204,188,425,492
2020,2,D,발달상권,2120058,구의사거리,688,333,355,2,92,158,174,181,81,1,33,79,80,77,63,1,59,79,94,104,18
2020,2,D,발달상권,2120057,아차산역,2218,1220,998,52,412,432,503,468,351,19,236,257,289,206,213,33,176,175,214,262,138
2020,2,D,발달상권,2120056,구의역,2200,1115,1085,7,350,431,596,491,325,6,119,173,290,313,214,1,231,258,306,178,111
2020,2,D,발달상권,2120055,군자역,4255,2030,2225,33,1138,780,911,991,402,23,548,430,436,330,263,10,590,350,475,661,139
2020,2,D,발달상권,2120054,어린이대공원역,1243,826,417,0,90,153,311,440,249,0,25,88,205,321,187,0,65,65,106,119,62
2020,2,D,발달상권,2120053,건대입구역(건대),859,491,368,5,147,141,172,187,207,2,40,61,95,130,163,3,107,80,77,57,44
2020,2,D,발달상권,2120052,성수역,11387,7284,4103,23,2113,2900,2661,2238,1452,12,1170,1971,1783,1298,1050,11,943,929,878,940,402
2020,2,D,발달상권,2120051,뚝섬역,3944,2582,1362,20,703,946,867,651,757,15,446,646,549,445,481,5,257,300,318,206,276
2020,2,D,발달상권,2120050,서울숲역,212,159,53,0,33,40,60,52,27,0,19,30,47,41,22,0,14,10,13,11,5
2020,2,D,발달상권,2120049,왕십리역(왕십리),1459,1004,455,1,183,301,377,468,129,1,92,187,272,371,81,0,91,114,105,97,48
2020,2,D,발달상권,2120048,금호역,80,31,49,0,16,10,18,24,12,0,2,2,6,13,8,0,14,8,12,11,4
2020,2,D,발달상권,2120047,한남오거리,2290,1458,832,11,366,751,623,343,196,9,152,461,438,249,149,2,214,290,185,94,47
2020,2,D,발달상권,2120046,이태원(이태원역),2276,1295,981,24,817,682,338,220,195,15,389,421,205,134,131,9,428,261,133,86,64
2020,2,D,발달상권,2120045,남영동 먹자골목,4044,1580,2464,7,424,908,1421,1162,122,1,257,576,502,205,39,6,167,332,919,957,83
2020,2,D,발달상권,2120044,삼각지역,1611,1164,447,5,313,408,385,330,170,5,185,303,315,234,122,0,128,105,70,96,48
2020,2,D,발달상권,2120043,서울역,22578,15322,7256,58,4087,7782,5513,3664,1474,27,2087,4897,4201,3033,1077,31,2000,2885,1312,631,397
2020,2,D,발달상권,2120042,"숙대입구역(남영역, 남영동)",4057,2797,1260,20,750,1490,1024,558,215,8,370,894,831,510,184,12,380,596,193,48,31
2020,2,D,발달상권,2120041,신용산역(용산역),16270,5741,10529,72,4012,5520,4509,1569,588,25,1308,1921,1510,595,382,47,2704,3599,2999,974,206
2020,2,D,발달상권,2120040,용산전자상가(용산역),8014,5960,2054,43,1390,2727,2224,1236,394,30,882,2007,1729,997,315,13,508,720,495,239,79
2020,2,D,발달상권,2120039,신당역,2321,1230,1091,31,793,486,404,333,274,11,347,244,225,219,184,20,446,242,179,114,90
2020,2,D,발달상권,2120038,약수역,2289,1360,929,7,436,739,579,320,208,1,189,451,383,195,141,6,247,288,196,125,67
2020,2,D,발달상권,2120037,동대문역사문화공원역,35320,17057,18263,421,11234,9194,6981,5237,2253,180,5605,5543,3901,1328,500,241,5629,3651,3080,3909,1753
2020,2,D,발달상권,2120036,장충동족발거리(남소영길),2289,1090,1199,14,616,783,556,223,97,0,122,393,365,155,55,14,494,390,191,68,42
2020,2,D,발달상권,2120035,퇴계로5가,2257,1368,889,7,650,570,525,321,184,3,282,379,388,200,116,4,368,191,137,121,68
2020,2,D,발달상권,2120034,중구청(퇴계로4가),1538,1044,494,7,107,227,400,437,360,5,47,128,262,325,277,2,60,99,138,112,83
2020,2,D,발달상권,2120033,을지로4가역,874,443,431,7,128,213,194,204,128,1,45,108,99,91,99,6,83,105,95,113,29
2020,2,D,발달상권,2120032,충무로역,11403,5304,6099,36,1756,2560,3266,2711,1074,15,589,1271,1554,1201,674,21,1167,1289,1712,1510,400
2020,2,D,발달상권,2120031,을지로3가역,6147,3450,2697,9,699,1541,1643,1286,969,0,223,730,924,892,681,9,476,811,719,394,288
2020,2,D,발달상권,2120030,중부경찰서(영화인의거리),11889,6798,5091,53,2154,3638,3423,1960,661,16,721,2139,2092,1366,464,37,1433,1499,1331,594,197
2020,2,D,발달상권,2120029,을지로2가,7461,4461,3000,27,1938,2808,1698,798,192,7,787,1650,1165,693,159,20,1151,1158,533,105,33
2020,2,D,발달상권,2120028,명동(명동거리),12797,7708,5089,41,2137,3592,3670,2246,1111,16,1028,1982,2334,1641,707,25,1109,1610,1336,605,404
2020,2,D,발달상권,2120027,명동역(명동재미로),18097,8477,9620,67,2695,5851,6070,3074,340,9,859,2588,2522,2321,178,58,1836,3263,3548,753,162
2020,2,D,발달상권,2120026,을지로입구역,30610,18501,12109,14,4275,11589,8473,5661,598,4,1729,5846,5959,4562,401,10,2546,5743,2514,1099,197
2020,2,D,발달상권,2120025,롯데백화점(시청광장 지하쇼핑센터),22641,6272,16369,229,12750,7002,1623,944,93,71,3075,2028,779,248,71,158,9675,4974,844,696,22
2020,2,D,발달상권,2120024,회현역,2167,1364,803,2,341,795,582,250,197,1,146,473,416,192,136,1,195,322,166,58,61
2020,2,D,발달상권,2120023,서울시청,10242,5534,4708,15,2234,3260,2778,1425,530,4,852,1657,1658,983,380,11,1382,1603,1120,442,150
2020,2,D,발달상권,2120022,북창동(시청역_6번),5197,3160,2037,24,1010,1611,1149,767,636,2,391,936,852,543,436,22,619,675,297,224,200
2020,2,D,발달상권,2120021,시청역_8번,24117,15220,8897,74,4137,8250,7186,3526,944,13,1738,4529,5241,3020,679,61,2399,3721,1945,506,265
2020,2,D,발달상권,2120020,시청역_1번,10375,7489,2886,40,2120,3185,2952,1721,357,21,1118,2220,2480,1370,280,19,1002,965,472,351,77
2020,2,D,발달상권,2120019,경찰청앞교차로,5958,3146,2812,26,1051,2221,1625,793,242,8,274,1044,982,619,219,18,777,1177,643,174,23
2020,2,D,발달상권,2120018,중림동,2187,1366,821,2,393,736,598,293,165,2,207,425,357,237,138,0,186,311,241,56,27
2020,2,D,발달상권,2120017,동묘앞역(동묘),626,149,477,0,62,124,251,120,69,0,7,33,35,27,47,0,55,91,216,93,22
2020,2,D,발달상권,2120016,동대문역,193,120,73,1,10,27,45,44,66,0,6,14,20,31,49,1,4,13,25,13,17
2020,2,D,발달상권,2120015,종로6가,302,153,149,0,49,64,69,65,55,0,17,23,27,42,44,0,32,41,42,23,11
2020,2,D,발달상권,2120014,종로5가역,4887,2839,2048,375,1123,1351,1205,597,236,112,456,860,851,397,163,263,667,491,354,200,73
2020,2,D,발달상권,2120013,이화사거리,7552,5465,2087,8,1309,2510,2065,1290,370,1,628,1731,1677,1167,261,7,681,779,388,123,109
2020,2,D,발달상권,2120012,대학로(혜화역),2061,929,1132,10,357,603,507,318,266,5,105,208,252,171,188,5,252,395,255,147,78
2020,2,D,발달상권,2120011,종로4가,2980,1663,1317,5,420,1022,880,514,139,0,165,497,518,378,105,5,255,525,362,136,34
2020,2,D,발달상권,2120010,원남동사거리,4107,2297,1810,50,1544,1305,655,383,170,2,585,793,487,297,133,48,959,512,168,86,37
2020,2,D,발달상권,2120009,종로3가역,8495,4786,3709,19,1355,2296,2026,1582,1217,8,563,1230,1198,953,834,11,792,1066,828,629,383
2020,2,D,발달상권,2120008,인사동,22070,13019,9051,1263,7895,5069,3940,2756,1147,589,4005,3077,2666,2006,676,674,3890,1992,1274,750,471
2020,2,D,발달상권,2120007,북촌(안국역),10172,8081,2091,7,1112,3577,3084,1913,479,5,623,2851,2568,1659,375,2,489,726,516,254,104
2020,2,D,발달상권,2120006,종각역,33181,16028,17153,59,5900,11133,9928,5489,672,14,2254,4920,4677,3672,491,45,3646,6213,5251,1817,181
2020,2,D,발달상권,2120005,삼청동,3053,2795,258,1,399,712,898,817,226,0,340,633,848,776,198,1,59,79,50,41,28
2020,2,D,발달상권,2120004,종로구청,12937,7078,5859,9,1442,4392,4485,2080,529,4,432,2050,2756,1493,343,5,1010,2342,1729,587,186
2020,2,D,발달상권,2120003,광화문역,44202,27021,17181,79,6413,12958,13138,8070,3544,12,2655,7612,8988,5645,2109,67,3758,5346,4150,2425,1435
2020,2,D,발달상권,2120002,서촌(경복궁역),2008,1079,929,37,492,680,426,224,149,0,190,388,263,133,105,37,302,292,163,91,44
2020,2,D,발달상권,2120001,서대문역,1510,1022,488,1,265,530,359,278,77,1,106,344,272,237,62,0,159,186,87,41,15
2020,2,A,골목상권,2111090,강일동주민센터,91,35,56,0,15,30,23,17,6,0,1,10,10,10,4,0,14,20,13,7,2
2020,2,A,골목상권,2111089,상일여고(상일초등학교),758,508,250,0,51,131,184,236,156,0,32,81,128,155,112,0,19,50,56,81,44
2020,2,A,골목상권,2111088,고덕동성당,123,54,69,0,15,32,32,31,13,0,4,15,10,15,10,0,11,17,22,16,3
2020,2,A,골목상권,2111087,고덕중학교(고덕2동주민센터),197,89,108,0,26,46,62,36,27,0,5,21,26,17,20,0,21,25,36,19,7
2020,2,A,골목상권,2111086,한영중고,297,202,95,1,27,45,73,101,50,1,17,22,52,69,41,0,10,23,21,32,9
2020,2,A,골목상권,2111085,묘곡초등학교(고덕아이파크아파트),800,452,348,0,68,111,152,196,273,0,35,72,80,84,181,0,33,39,72,112,92
2020,2,A,골목상권,2111084,길동신동아아파트,169,104,65,2,27,32,37,58,13,2,21,23,24,25,9,0,6,9,13,33,4
2020,2,A,골목상권,2111083,GS강동자이아파트,411,245,166,0,67,62,70,100,112,0,47,43,41,44,70,0,20,19,29,56,42
2020,2,A,골목상권,2111082,중앙보훈병원,64,44,20,0,3,9,11,23,18,0,1,3,5,18,17,0,2,6,6,5,1
2020,2,A,골목상권,2111081,둔촌푸르지오아파트,78,50,28,0,8,17,18,18,17,0,4,12,13,6,15,0,4,5,5,12,2
2020,2,A,골목상권,2111080,굽은다리역 3번,434,235,199,0,44,77,100,110,103,0,12,52,63,58,50,0,32,25,37,52,53
2020,2,A,골목상권,2111079,둔촌고등학교(둔촌중학교),395,202,193,1,52,59,66,79,138,1,32,35,35,28,71,0,20,24,31,51,67
2020,2,A,골목상권,2111078,굽은다리역 4번,1728,1017,711,1,135,299,374,480,439,1,75,185,212,270,274,0,60,114,162,210,165
2020,2,A,골목상권,2111077,길동주민센터(강동도서관),1272,737,535,4,121,258,294,321,274,1,49,138,167,188,194,3,72,120,127,133,80
2020,2,A,골목상권,2111076,둔촌2동주민센터,297,174,123,0,25,49,61,86,76,0,14,24,34,39,63,0,11,25,27,47,13
2020,2,A,골목상권,2111075,굽은다리역 2번,192,115,77,0,14,42,52,54,30,0,14,28,24,33,16,0,0,14,28,21,14
2020,2,A,골목상권,2111074,명일역 1번,148,77,71,2,31,38,40,16,21,1,9,23,23,10,11,1,22,15,17,6,10
2020,2,A,골목상권,2111073,둔촌동역 1번(한산중학교),973,578,395,1,134,224,250,206,158,1,58,122,160,124,113,0,76,102,90,82,45
2020,2,A,골목상권,2111072,굽은다리역 1번(십자성마을),739,467,272,1,56,119,199,185,179,0,18,70,114,126,139,1,38,49,85,59,40
2020,2,A,골목상권,2111071,천동초등학교,76,52,24,0,4,15,21,25,11,0,4,6,18,16,8,0,0,9,3,9,3
2020,2,A,골목상권,2111070,천호초등학교,127,73,54,1,7,23,40,28,28,0,3,10,23,17,20,1,4,13,17,11,8
2020,2,A,골목상권,2111069,천호1동주민센터,79,54,25,0,8,17,17,26,11,0,4,12,14,14,10,0,4,5,3,12,1
2020,2,A,골목상권,2111068,강동성심병원,1570,605,965,0,532,392,271,203,172,0,126,134,114,101,130,0,406,258,157,102,42
2020,2,A,골목상권,2111067,강동구립성내도서관,746,414,332,2,73,149,192,177,153,1,36,98,107,84,88,1,37,51,85,93,65
2020,2,A,골목상권,2111066,암사동성당(효정하나플러스아파트),395,235,160,3,40,95,100,106,51,0,9,46,65,84,31,3,31,49,35,22,20
2020,2,A,골목상권,2111065,천일초등학교,75,34,41,2,6,20,18,22,7,2,5,10,7,5,5,0,1,10,11,17,2
2020,2,A,골목상권,2111064,둔촌동역 4번,157,98,59,0,13,34,47,40,23,0,3,21,30,28,16,0,10,13,17,12,7
2020,2,A,골목상권,2111063,강동구립 천호도서관,368,182,186,0,25,44,81,85,133,0,5,15,21,30,111,0,20,29,60,55,22
2020,2,A,골목상권,2111062,둔촌동역 3번(성내3동주민센터),751,501,250,5,134,198,194,144,76,5,81,139,126,91,59,0,53,59,68,53,17
2020,2,A,골목상권,2111061,암사역 1번,831,551,280,0,149,186,182,170,144,0,82,128,126,125,90,0,67,58,56,45,54
2020,2,A,골목상권,2111060,암사역 2번(서울강동초등학교),871,457,414,1,101,210,241,202,116,1,41,96,131,107,81,0,60,114,110,95,35
2020,2,A,골목상권,2111059,강동역 4번(강풀만화거리),819,430,389,3,90,160,193,170,203,1,48,75,93,94,119,2,42,85,100,76,84
2020,2,A,골목상권,2111058,성내중학교,451,317,134,0,51,92,129,121,58,0,37,63,90,82,45,0,14,29,39,39,13
2020,2,A,골목상권,2111057,천호공원(해공체육문화센터),255,113,142,2,53,50,64,61,25,2,15,19,30,33,14,0,38,31,34,28,11
2020,2,A,골목상권,2111056,천호태영아파트,191,53,138,0,27,35,64,36,29,0,4,5,19,15,10,0,23,30,45,21,19
2020,2,A,골목상권,2111055,선사초등학교,673,29,644,0,14,28,137,373,121,0,4,7,8,6,4,0,10,21,129,367,117
2020,2,A,골목상권,2111054,암사역 4번(삼성광나루아파트),104,42,62,0,14,18,19,12,41,0,4,12,7,5,14,0,10,6,12,7,27
2020,2,A,골목상권,2111053,성내천어린이공원(하니사랑길),6288,4564,1724,6,799,940,1025,1564,1954,3,542,693,750,1053,1523,3,257,247,275,511,431
2020,2,A,골목상권,2111052,암사역 3번(천호동자전거거리),357,228,129,1,26,71,117,94,48,1,11,47,76,58,35,0,15,24,41,36,13
2020,2,A,골목상권,2111051,천호역 6번,407,252,155,2,65,80,90,88,82,1,44,56,58,47,46,1,21,24,32,41,36
2020,2,A,골목상권,2111050,강동구청(강동구청역 2번),131,96,35,0,21,14,21,32,43,0,12,5,12,27,40,0,9,9,9,5,3
2020,2,A,골목상권,2111049,천호지구대(천호동자전거거리),507,277,230,2,75,90,96,118,126,0,36,50,40,68,83,2,39,40,56,50,43
2020,2,A,골목상권,2111048,천호역 1번(천호문구완구거리),189,104,85,3,18,52,45,45,26,2,10,24,26,25,17,1,8,28,19,20,9
2020,2,A,골목상권,2111047,마천1치안센터,111,73,38,0,9,17,34,34,17,0,6,14,19,22,12,0,3,3,15,12,5
2020,2,A,골목상권,2111046,마천역(마천초등학교),705,400,305,2,76,145,170,193,119,1,47,85,83,94,90,1,29,60,87,99,29
2020,2,A,골목상권,2111045,개미어린이공원,36,18,18,0,2,7,12,12,3,0,1,1,7,7,2,0,1,6,5,5,1
2020,2,A,골목상권,2111044,남천초등학교,557,264,293,1,95,146,167,113,35,0,35,71,76,56,26,1,60,75,91,57,9
2020,2,A,골목상권,2111043,마천공원,32,13,19,0,1,3,7,12,9,0,0,0,1,6,6,0,1,3,6,6,3
2020,2,A,골목상권,2111042,거여역 1번(거여공원),867,597,270,3,147,186,247,200,84,3,121,134,159,130,50,0,26,52,88,70,34
2020,2,A,골목상권,2111041,거여역 8번,428,350,78,1,102,124,87,64,50,1,84,98,72,51,44,0,18,26,15,13,6
2020,2,A,골목상권,2111040,거여초등학교,346,137,209,0,26,86,124,77,33,0,9,27,48,30,23,0,17,59,76,47,10
2020,2,A,골목상권,2111039,벌말어린이공원,485,353,132,8,85,125,121,94,52,8,51,89,88,72,45,0,34,36,33,22,7
2020,2,A,골목상권,2111038,보인중학교,416,270,146,0,26,66,113,123,88,0,11,38,85,88,48,0,15,28,28,35,40
2020,2,A,골목상권,2111037,Sh수협은행 오금동금융센터(아랫말어린이공원),373,243,130,0,37,103,90,93,50,0,25,84,60,43,31,0,12,19,30,50,19
2020,2,A,골목상권,2111036,투구봉어린이공원,209,119,90,1,22,40,55,62,29,1,7,20,26,39,26,0,15,20,29,23,3
2020,2,A,골목상권,2111035,오금공원(오주중학교),531,398,133,0,41,90,148,148,104,0,32,66,121,102,77,0,9,24,27,46,27
2020,2,A,골목상권,2111034,오동나무공원(송파레미니스1단지),1443,1020,423,3,244,367,352,318,159,3,155,253,264,223,122,0,89,114,88,95,37
2020,2,A,골목상권,2111033,문정동성당,70,30,40,0,5,4,16,16,29,0,2,3,8,9,8,0,3,1,8,7,21
2020,2,A,골목상권,2111032,방이역 1번,3885,2552,1333,4,235,340,605,719,1982,3,139,237,411,469,1293,1,96,103,194,250,689
2020,2,A,골목상권,2111031,장지동주민센터(한림연예예술고교),3127,2317,810,8,263,415,651,857,933,2,170,330,497,648,670,6,93,85,154,209,263
2020,2,A,골목상권,2111030,방이역 2번,665,419,246,1,57,107,147,217,136,0,28,68,94,128,101,1,29,39,53,89,35
2020,2,A,골목상권,2111029,오금역 4번,427,314,113,3,71,108,91,79,75,1,51,81,67,55,59,2,20,27,24,24,16
2020,2,A,골목상권,2111028,문현중학교(장지역 1번),424,194,230,0,54,66,132,116,56,0,29,36,49,50,30,0,25,30,83,66,26
2020,2,A,골목상권,2111027,문정초등학교,1403,775,628,3,148,289,326,247,390,1,67,160,211,126,210,2,81,129,115,121,180
2020,2,A,골목상권,2111026,문정역 2번,2304,1506,798,7,431,634,546,428,258,3,236,427,385,239,216,4,195,207,161,189,42
2020,2,A,골목상권,2111025,경찰병원역 3번,686,412,274,1,84,164,149,157,131,0,45,102,103,88,74,1,39,62,46,69,57
2020,2,A,골목상권,2111024,경찰병원역 4번(건너말공원),240,150,90,0,27,53,63,68,29,0,16,33,45,35,21,0,11,20,18,33,8
2020,2,A,골목상권,2111023,문정역 1번,939,576,363,2,133,202,263,204,135,0,86,139,184,100,67,2,47,63,79,104,68
2020,2,A,골목상권,2111022,석촌중학교(방이육교),567,255,312,1,48,105,141,206,66,0,28,66,72,57,32,1,20,39,69,149,34
2020,2,A,골목상권,2111021,방이역 4번,7674,5867,1807,22,792,1328,1977,2139,1416,15,392,911,1551,1769,1229,7,400,417,426,370,187
2020,2,A,골목상권,2111020,방이동고분군(방산고등학교),304,225,79,1,20,103,84,54,42,0,7,73,64,48,33,1,13,30,20,6,9
2020,2,A,골목상권,2111019,한성백제역 3번,1524,1000,524,2,207,448,428,254,185,2,103,303,300,164,128,0,104,145,128,90,57
2020,2,A,골목상권,2111018,풍납초등학교(풍납백제문화공원),26,23,3,0,1,5,10,6,4,0,1,4,8,6,4,0,0,1,2,0,0
2020,2,A,골목상권,2111017,송파나루역 3번,688,480,208,5,317,167,84,70,45,4,217,116,53,50,40,1,100,51,31,20,5
2020,2,A,골목상권,2111016,송파역 2번,3803,1601,2202,15,1126,1104,801,601,156,8,407,533,427,165,61,7,719,571,374,436,95
2020,2,A,골목상권,2111015,석촌역 3번,1352,778,574,1,151,315,350,351,184,1,72,199,216,181,109,0,79,116,134,170,75
2020,2,A,골목상권,2111014,송파나루역 2번,525,275,250,1,43,76,121,190,94,0,21,42,69,83,60,1,22,34,52,107,34
2020,2,A,골목상권,2111013,송파나루역 1번(송리단길),2234,1456,778,8,320,568,650,435,253,3,160,384,445,290,174,5,160,184,205,145,79
2020,2,A,골목상권,2111012,석촌역 6번,732,332,400,2,91,127,180,183,149,2,23,56,83,93,75,0,68,71,97,90,74
2020,2,A,골목상권,2111011,잠실나루역,9608,7747,1861,42,1275,3018,2795,2046,432,18,924,2492,2309,1674,330,24,351,526,486,372,102
2020,2,A,골목상권,2111010,석촌역 7번,1428,975,453,3,162,289,351,325,298,1,88,176,244,224,242,2,74,113,107,101,56
2020,2,A,골목상권,2111009,송파책박물관,127,92,35,1,13,38,27,22,26,0,11,32,17,14,18,1,2,6,10,8,8
2020,2,A,골목상권,2111008,석촌고분역 3번,1600,1210,390,1,185,292,294,400,428,1,151,243,216,259,340,0,34,49,78,141,88
2020,2,A,골목상권,2111007,석촌고분역 4번,936,480,456,0,107,215,255,242,117,0,43,116,142,109,70,0,64,99,113,133,47
2020,2,A,골목상권,2111006,석촌고분역 1번,1112,721,391,0,127,292,337,203,153,0,56,169,242,135,119,0,71,123,95,68,34
2020,2,A,골목상권,2111005,삼전역 3번,1865,1358,507,0,320,617,459,302,167,0,215,449,339,222,133,0,105,168,120,80,34
2020,2,A,골목상권,2111004,삼전역 1번,2036,1331,705,13,263,407,504,376,473,0,108,261,337,239,386,13,155,146,167,137,87
2020,2,A,골목상권,2111003,삼전역 4번,1991,1333,658,6,249,412,547,436,341,1,160,278,331,307,256,5,89,134,216,129,85
2020,2,A,골목상권,2111002,한국교통안전공단 강남자동차검사소,317,115,202,0,22,63,65,96,71,0,7,31,21,26,30,0,15,32,44,70,41
2020,2,A,골목상권,2111001,아래방죽마을공원(율현초등학교),70,44,26,0,2,10,16,22,20,0,1,7,13,13,10,0,1,3,3,9,10
2020,2,A,골목상권,2111000,대왕초등학교(세곡동사거리서남측),39,20,19,0,7,10,12,8,2,0,0,4,10,4,2,0,7,6,2,4,0
2020,2,A,골목상권,2110999,윗방죽마을공원,268,130,138,2,19,43,44,83,77,1,12,27,27,39,24,1,7,16,17,44,53
2020,2,A,골목상권,2110998,은곡마을(은곡마을공원),23,15,8,0,2,8,6,5,2,0,0,4,5,5,1,0,2,4,1,0,1
2020,2,A,골목상권,2110997,대청초등학교,1724,959,765,4,230,291,391,383,425,2,111,162,200,210,274,2,119,129,191,173,151
2020,2,A,골목상권,2110996,대치2동주민센터,1959,1227,732,2,83,278,351,342,903,0,48,209,277,247,446,2,35,69,74,95,457
2020,2,A,골목상권,2110995,봉은사역 4번,5085,3711,1374,9,978,2002,1271,637,188,2,575,1477,990,523,144,7,403,525,281,114,44
2020,2,A,골목상권,2110994,개포고등학교,494,382,112,7,65,161,123,110,28,4,47,134,103,73,21,3,18,27,20,37,7
2020,2,A,골목상권,2110993,개포지하차도 북측,70,53,17,0,3,9,19,23,16,0,2,7,16,18,10,0,1,2,3,5,6
2020,2,A,골목상권,2110992,도곡초등학교,2179,1144,1035,3,269,440,484,524,459,1,108,253,258,260,264,2,161,187,226,264,195
2020,2,A,골목상권,2110991,삼성중앙역 5번,1246,794,452,1,111,415,339,275,105,1,28,243,229,216,77,0,83,172,110,59,28
2020,2,A,골목상권,2110990,청담역 12번,262,109,153,2,61,92,56,36,15,0,12,32,29,23,13,2,49,60,27,13,2
2020,2,A,골목상권,2110989,대치동아우편취급국,444,270,174,9,90,148,75,68,54,0,43,102,43,44,38,9,47,46,32,24,16
2020,2,A,골목상권,2110988,청담역 3번,1594,1016,578,1,243,425,364,346,215,1,82,247,247,262,177,0,161,178,117,84,38
2020,2,A,골목상권,2110987,영동대교남단,473,237,236,2,91,86,93,107,94,1,46,51,44,40,55,1,45,35,49,67,39
2020,2,A,골목상권,2110986,삼성중앙역 7번,90,59,31,0,9,18,36,19,8,0,3,6,29,15,6,0,6,12,7,4,2
2020,2,A,골목상권,2110985,청담근린공원,1338,948,390,0,193,447,374,226,98,0,98,346,275,157,72,0,95,101,99,69,26
2020,2,A,골목상권,2110984,포이초등학교(개포목련어린이공원),1556,1046,510,2,236,342,331,306,339,0,140,241,211,199,255,2,96,101,120,107,84
2020,2,A,골목상권,2110983,국립국악고등학교,783,534,249,6,126,212,125,145,169,2,44,137,94,111,146,4,82,75,31,34,23
2020,2,A,골목상권,2110982,강남구보훈회관,166,74,92,0,31,34,41,41,19,0,7,13,25,14,15,0,24,21,16,27,4
2020,2,A,골목상권,2110981,국악고교사거리,361,216,145,2,57,77,110,81,34,0,27,36,72,56,25,2,30,41,38,25,9
2020,2,A,골목상권,2110980,개포지구대옆,663,482,181,0,90,198,202,111,62,0,45,142,168,72,55,0,45,56,34,39,7
2020,2,A,골목상권,2110979,청담초등학교,2996,1912,1084,4,522,922,768,567,213,4,228,628,535,343,174,0,294,294,233,224,39
2020,2,A,골목상권,2110978,도곡2동주민센터(대치중학교),331,186,145,0,46,70,72,114,29,0,20,41,47,62,16,0,26,29,25,52,13
2020,2,A,골목상권,2110977,논현로18길,148,102,46,0,22,32,45,29,20,0,14,20,33,20,15,0,8,12,12,9,5
2020,2,A,골목상권,2110976,언북초등학교,578,332,246,1,111,188,126,86,66,0,41,115,83,49,44,1,70,73,43,37,22
2020,2,A,골목상권,2110975,매봉역 1번,10837,6932,3905,34,2175,2199,3202,3019,208,21,1010,1161,2184,2402,154,13,1165,1038,1018,617,54
2020,2,A,골목상권,2110974,언주중학교,292,179,113,3,60,72,89,44,24,3,27,43,62,28,16,0,33,29,27,16,8
2020,2,A,골목상권,2110973,강남구청역 4번,1451,786,665,4,275,333,289,271,279,1,146,203,162,130,144,3,129,130,127,141,135
2020,2,A,골목상권,2110972,강남세브란스병원미래의학연구센터,2628,1440,1188,17,539,669,692,581,130,4,240,428,438,258,72,13,299,241,254,323,58
2020,2,A,골목상권,2110971,선정릉역 4번,1542,900,642,11,278,455,380,254,164,6,140,270,245,120,119,5,138,185,135,134,45
2020,2,A,골목상권,2110970,학동초등학교,378,236,142,1,66,98,102,65,46,0,27,49,66,57,37,1,39,49,36,8,9
2020,2,A,골목상권,2110969,베르사이유1아파트,1546,1230,316,4,231,442,483,285,101,2,165,345,402,239,77,2,66,97,81,46,24
2020,2,A,골목상권,2110968,강남구청역 2번,1023,596,427,7,327,204,133,121,231,4,177,117,81,68,149,3,150,87,52,53,82
2020,2,A,골목상권,2110967,역삼역 8번,377,228,149,0,63,92,89,92,41,0,31,51,60,56,30,0,32,41,29,36,11
2020,2,A,골목상권,2110966,논현2동주민센터,1637,1017,620,18,470,498,300,218,133,7,256,298,200,147,109,11,214,200,100,71,24
2020,2,A,골목상권,2110965,언주역 6번,1139,788,351,1,174,379,378,142,65,1,104,276,284,74,49,0,70,103,94,68,16
2020,2,A,골목상권,2110964,싸리고개근린공원,217,124,93,0,29,60,59,34,35,0,8,32,36,23,25,0,21,28,23,11,10
2020,2,A,골목상권,2110963,역삼월드메르디앙아파트,780,547,233,1,126,185,226,154,88,0,79,146,171,97,54,1,47,39,55,57,34
2020,2,A,골목상권,2110962,도산공원북측,557,487,70,1,66,80,242,144,24,0,45,70,226,130,16,1,21,10,16,14,8
2020,2,A,골목상권,2110961,언주역 3번,962,673,289,5,172,286,248,140,111,3,97,184,187,112,90,2,75,102,61,28,21
2020,2,A,골목상권,2110960,은광여고,1522,692,830,5,207,255,373,502,180,4,55,110,190,212,121,1,152,145,183,290,59
2020,2,A,골목상권,2110959,신구중학교,271,140,131,0,14,66,82,79,30,0,7,36,49,29,19,0,7,30,33,50,11
2020,2,A,골목상권,2110958,역삼역 4번,994,759,235,1,96,197,300,295,105,1,46,133,254,240,85,0,50,64,46,55,20
2020,2,A,골목상권,2110957,언북중학교,1251,831,420,1,262,379,317,147,145,1,146,241,215,109,119,0,116,138,102,38,26
2020,2,A,골목상권,2110956,언주역 8번,1199,758,441,4,361,471,199,87,77,2,158,307,163,70,58,2,203,164,36,17,19
2020,2,A,골목상권,2110955,논현초등학교,3430,2238,1192,19,719,823,793,625,451,13,417,568,554,389,297,6,302,255,239,236,154
2020,2,A,골목상권,2110954,국기원,636,445,191,0,89,142,187,94,124,0,35,97,161,74,78,0,54,45,26,20,46
2020,2,A,골목상권,2110953,학동근린공원,2487,1583,904,15,679,891,571,218,113,0,336,572,409,180,86,15,343,319,162,38,27
2020,2,A,골목상권,2110952,논현목련공원,117,65,52,0,21,23,27,22,24,0,9,13,13,14,16,0,12,10,14,8,8
2020,2,A,골목상권,2110951,신사은행나무공원,273,75,198,0,35,83,96,51,8,0,6,24,27,15,3,0,29,59,69,36,5
2020,2,A,골목상권,2110950,논현역 7번,2981,1929,1052,1,829,1305,518,230,98,0,418,886,383,173,69,1,411,419,135,57,29
2020,2,A,골목상권,2110949,한남IC,1683,1193,490,5,288,565,435,305,85,2,112,398,347,261,73,3,176,167,88,44,12
2020,2,A,골목상권,2110947,청계산입구역 2번(내곡동주민센터),121,48,73,0,19,18,29,21,34,0,9,9,15,7,8,0,10,9,14,14,26
2020,2,A,골목상권,2110946,청계산원터골,48,24,24,0,2,6,8,16,16,0,2,3,6,3,10,0,0,3,2,13,6
2020,2,A,골목상권,2110945,본마을노인복지센터(서초구립내곡도서관),191,114,77,3,44,57,37,33,17,3,14,31,25,28,13,0,30,26,12,5,4
2020,2,A,골목상권,2110944,서울나래학교(염곡어린이공원),1053,735,318,10,133,246,201,217,246,8,98,194,153,139,143,2,35,52,48,78,103
2020,2,A,골목상권,2110943,법제교육센터(버들어린이공원),1122,578,544,1,67,165,357,323,209,1,36,99,151,140,151,0,31,66,206,183,58
2020,2,A,골목상권,2110942,염곡동 구룡사(포이동성당),3242,1952,1290,7,578,932,791,613,321,3,328,587,461,351,222,4,250,345,330,262,99
2020,2,A,골목상권,2110941,언남고등학교,261,158,103,0,33,46,89,58,35,0,14,26,51,40,27,0,19,20,38,18,8
2020,2,A,골목상권,2110940,양재근린공원(양재2동주민센터),1043,755,288,9,186,346,264,145,93,8,116,256,200,103,72,1,70,90,64,42,21
2020,2,A,골목상권,2110939,양재역 8번(양재동우체국),5945,4103,1842,23,971,1415,1465,1168,903,15,500,989,1056,798,745,8,471,426,409,370,158
2020,2,A,골목상권,2110938,바우뫼공원,1784,1137,647,1,294,551,489,326,123,0,172,392,303,169,101,1,122,159,186,157,22
2020,2,A,골목상권,2110937,방아다리근린공원(횃불트리니티신학대학원대학교),2465,1270,1195,7,634,861,542,318,103,6,246,507,335,113,63,1,388,354,207,205,40
2020,2,A,골목상권,2110936,더케이호텔(양재리본타워2단지아파트),832,552,280,3,109,260,215,175,70,0,53,154,159,131,55,3,56,106,56,44,15
2020,2,A,골목상권,2110935,한전아트센터,379,264,115,2,53,108,105,72,39,2,33,82,75,46,26,0,20,26,30,26,13
2020,2,A,골목상권,2110934,우면주공아파트,998,677,321,6,198,291,253,164,86,5,83,217,195,113,64,1,115,74,58,51,22
2020,2,A,골목상권,2110933,한국상담대학원대학교,679,60,619,0,344,156,86,63,30,0,10,15,15,5,15,0,334,141,71,58,15
2020,2,A,골목상권,2110932,서울시인재개발원,532,384,148,2,128,170,127,64,41,2,76,116,100,54,36,0,52,54,27,10,5
2020,2,A,골목상권,2110931,삼성전자서울R&D(서울우면초등학교),100,51,49,0,37,31,18,7,7,0,12,16,10,7,6,0,25,15,8,0,1
2020,2,A,골목상권,2110930,서초동성당,2178,1774,404,8,284,588,694,433,171,2,190,448,591,393,150,6,94,140,103,40,21
2020,2,A,골목상권,2110929,남부터미널역 1번,21130,10703,10427,21,4446,4558,3912,7143,1050,4,1209,1890,1718,5123,759,17,3237,2668,2194,2020,291
2020,2,A,골목상권,2110928,서초우방유쉘아파트,596,491,105,1,57,109,125,205,99,1,29,76,109,190,86,0,28,33,16,15,13
2020,2,A,골목상권,2110927,잠원역,745,553,192,2,93,342,198,98,12,2,82,218,159,81,11,0,11,124,39,17,1
2020,2,A,골목상권,2110926,신중초등학교,1610,1175,435,6,193,359,463,382,207,3,114,263,355,292,148,3,79,96,108,90,59
2020,2,A,골목상권,2110925,서초중학교,873,496,377,0,104,137,244,222,166,0,38,65,146,132,115,0,66,72,98,90,51
2020,2,A,골목상권,2110924,반포4동주민센터(몽마르뜨공원),1330,886,444,5,203,305,407,298,112,1,85,181,300,236,83,4,118,124,107,62,29
2020,2,A,골목상권,2110923,방배역 1번,210,153,57,0,34,56,55,41,24,0,21,38,42,34,18,0,13,18,13,7,6
2020,2,A,골목상권,2110922,내방역 1번,224,114,110,1,42,48,47,43,43,0,13,23,27,23,28,1,29,25,20,20,15
2020,2,A,골목상권,2110921,서울프랑스학교,522,321,201,7,63,71,118,142,121,2,30,43,82,90,74,5,33,28,36,52,47
2020,2,A,골목상권,2110920,방배역 2번(백석예술대학교),359,205,154,0,23,53,125,118,40,0,5,29,65,75,31,0,18,24,60,43,9
2020,2,A,골목상권,2110919,내방역 8번,1539,1126,413,3,142,311,413,419,251,1,60,179,331,354,201,2,82,132,82,65,50
2020,2,A,골목상권,2110918,방배역 3번,682,438,244,3,98,127,164,142,148,2,59,85,108,86,98,1,39,42,56,56,50
2020,2,A,골목상권,2110917,서초소방서,1505,939,566,6,157,432,402,355,153,2,72,281,295,181,108,4,85,151,107,174,45
2020,2,A,골목상권,2110916,내방역 4번,1152,592,560,9,216,272,301,208,146,6,58,167,187,91,83,3,158,105,114,117,63
2020,2,A,골목상권,2110915,서래초등학교,2807,2202,605,14,421,877,1027,379,89,11,280,648,849,336,78,3,141,229,178,43,11
2020,2,A,골목상권,2110914,내방역 6번,146,116,30,0,26,31,37,26,26,0,17,26,26,24,23,0,9,5,11,2,3
2020,2,A,골목상권,2110913,방현초등학교(방배119안전센터),3305,2117,1188,7,572,1265,879,376,206,4,272,824,627,237,153,3,300,441,252,139,53
2020,2,A,골목상권,2110912,방배동사이길,210,128,82,3,33,45,53,42,34,2,16,27,39,21,23,1,17,18,14,21,11
2020,2,A,골목상권,2110911,방배배수지체육공원,29,22,7,0,6,3,7,5,8,0,6,2,4,4,6,0,0,1,3,1,2
2020,2,A,골목상권,2110910,내방역 5번,614,240,374,5,72,124,157,176,80,3,30,69,52,49,37,2,42,55,105,127,43
2020,2,A,골목상권,2110909,남태령역(서울전자고등학교),132,97,35,1,11,29,23,34,34,1,4,19,16,29,28,0,7,10,7,5,6
2020,2,A,골목상권,2110908,구반포역,1525,377,1148,0,66,111,397,806,145,0,42,54,71,141,69,0,24,57,326,665,76
2020,2,A,골목상권,2110907,방배초등학교,878,506,372,8,144,197,239,157,133,5,66,109,122,99,105,3,78,88,117,58,28
2020,2,A,골목상권,2110906,서문여고,683,362,321,2,217,106,119,106,133,0,59,58,72,62,111,2,158,48,47,44,22
2020,2,A,골목상권,2110905,방배노인종합복지관(이수중학교),287,176,111,1,36,71,71,63,45,0,18,38,45,41,34,1,18,33,26,22,11
2020,2,A,골목상권,2110904,이수역 5번,835,468,367,4,167,217,239,139,69,1,90,125,135,59,58,3,77,92,104,80,11
2020,2,A,골목상권,2110903,방배아이파크아파트,7222,2653,4569,7,1242,1778,2487,1322,386,1,333,597,951,599,172,6,909,1181,1536,723,214
2020,2,A,골목상권,2110902,사당역 4번,1201,739,462,1,193,270,296,250,191,0,84,171,204,158,122,1,109,99,92,92,69
2020,2,A,골목상권,2110901,인헌고등학교(인헌중학교),262,154,108,3,44,64,75,55,21,3,23,40,40,32,16,0,21,24,35,23,5
2020,2,A,골목상권,2110900,낙성대역 1번(관악구민 종합체육센터),457,257,200,1,95,125,123,89,24,1,49,65,69,54,19,0,46,60,54,35,5
2020,2,A,골목상권,2110899,낙성대역 5번(관악중학교),690,448,242,0,167,185,166,123,49,0,107,135,96,71,39,0,60,50,70,52,10
2020,2,A,골목상권,2110898,청림동주민센터(상도중학교),66,27,39,0,16,14,14,16,6,0,5,3,8,7,4,0,11,11,6,9,2
2020,2,A,골목상권,2110897,서울대입구역 8번,219,139,80,0,16,45,69,64,25,0,7,24,40,44,24,0,9,21,29,20,1
2020,2,A,골목상권,2110896,관악우성아파트,202,49,153,0,41,37,44,47,33,0,5,7,11,13,13,0,36,30,33,34,20
2020,2,A,골목상권,2110895,샤로수길,1796,1222,574,3,307,721,360,233,172,2,170,534,234,152,130,1,137,187,126,81,42
2020,2,A,골목상권,2110894,관악동부센트레빌아파트(은천로35라길),20,8,12,0,2,4,3,6,5,0,0,2,1,2,3,0,2,2,2,4,2
2020,2,A,골목상권,2110893,관악소방서(문영여고),353,303,50,0,39,110,66,113,25,0,29,96,57,99,22,0,10,14,9,14,3
2020,2,A,골목상권,2110892,관악구 중앙길,709,341,368,0,69,110,159,221,150,0,25,55,76,105,80,0,44,55,83,116,70
2020,2,A,골목상권,2110891,구암초등학교,47,22,25,0,5,1,22,16,3,0,1,0,11,8,2,0,4,1,11,8,1
2020,2,A,골목상권,2110890,봉천역 1번(관악초등학교),261,152,109,1,22,44,95,70,29,0,4,22,59,46,21,1,18,22,36,24,8
2020,2,A,골목상권,2110889,봉천역 6번,376,317,59,0,29,36,69,136,106,0,18,20,47,130,102,0,11,16,22,6,4
2020,2,A,골목상권,2110888,청룡동주민센터,94,53,41,0,5,9,11,22,47,0,3,2,4,6,38,0,2,7,7,16,9
2020,2,A,골목상권,2110887,서울산업정보학교(서울삼성초등학교),19,11,8,0,1,4,7,6,1,0,0,0,4,6,1,0,1,4,3,0,0
2020,2,A,골목상권,2110886,관악해태어린이공원,188,103,85,1,38,50,41,36,22,1,18,28,21,23,12,0,20,22,20,13,10
2020,2,A,골목상권,2110885,영락고등학교,340,214,126,0,37,58,94,89,62,0,18,33,61,57,45,0,19,25,33,32,17
2020,2,A,골목상권,2110884,봉천역 4번(봉천110안전센터),372,284,88,1,17,30,61,98,165,0,1,8,49,84,142,1,16,22,12,14,23
2020,2,A,골목상권,2110883,은천초등학교(은천교앞),212,126,86,2,21,44,71,49,25,1,12,25,43,29,16,1,9,19,28,20,9
2020,2,A,골목상권,2110882,신성초등학교,733,444,289,1,95,131,215,168,123,0,52,67,122,109,94,1,43,64,93,59,29
2020,2,A,골목상권,2110881,구립대학경로당(관악산샘말공원),1601,1304,297,1,317,452,460,271,100,1,225,376,399,232,71,0,92,76,61,39,29
2020,2,A,골목상권,2110880,신림역 1번,995,275,720,0,379,296,157,128,35,0,78,87,66,33,11,0,301,209,91,95,24
2020,2,A,골목상권,2110879,신림현대아파트,17,7,10,0,2,3,5,5,2,0,1,2,2,2,0,0,1,1,3,3,2
2020,2,A,골목상권,2110878,미림여고,368,218,150,3,43,114,101,78,29,0,19,63,68,43,25,3,24,51,33,35,4
2020,2,A,골목상권,2110877,신림역 8번,319,154,165,2,23,63,86,80,65,0,10,30,36,39,39,2,13,33,50,41,26
2020,2,A,골목상권,2110876,서원동주민센터(신관중학교),49,29,20,0,5,9,16,9,10,0,2,4,10,4,9,0,3,5,6,5,1
2020,2,A,골목상권,2110875,보라매동주민센터(당곡고등학교),16,13,3,0,3,2,5,4,2,0,2,2,3,4,2,0,1,0,2,0,0
2020,2,A,골목상권,2110874,원신초등학교(구세군관악영문교회),46,15,31,1,4,19,7,12,3,1,1,3,3,6,1,0,3,16,4,6,2
2020,2,A,골목상권,2110873,당곡중학교,343,166,177,0,68,79,86,74,36,0,29,39,39,36,23,0,39,40,47,38,13
2020,2,A,골목상권,2110872,신림초등학교,277,195,82,3,54,68,69,53,30,3,36,54,54,41,7,0,18,14,15,12,23
2020,2,A,골목상권,2110871,신원동주민센터,159,101,58,1,12,40,45,37,24,0,8,25,27,25,16,1,4,15,18,12,8
2020,2,A,골목상권,2110869,"신림역 5번(신림동주민센터, 신림동별빛거리)",1026,681,345,1,79,136,248,233,329,1,36,73,143,155,273,0,43,63,105,78,56
2020,2,A,골목상권,2110868,남부초등학교,232,126,106,0,20,29,45,49,89,0,11,23,22,28,42,0,9,6,23,21,47
2020,2,A,골목상권,2110867,국제신학대학원대학교(남서울중학교),202,117,85,0,8,34,39,53,68,0,2,15,21,32,47,0,6,19,18,21,21
2020,2,A,골목상권,2110866,난우중학교,171,91,80,0,20,36,34,62,19,0,14,20,12,29,16,0,6,16,22,33,3
2020,2,A,골목상권,2110865,남강고등학교(남강중학교),336,143,193,4,66,72,69,85,40,2,16,34,28,34,29,2,50,38,41,51,11
2020,2,A,골목상권,2110864,신림우방아파트,236,161,75,0,31,48,53,60,44,0,21,31,37,43,29,0,10,17,16,17,15
2020,2,A,골목상권,2110863,난우초등학교,319,179,140,6,40,61,63,79,70,5,23,30,38,36,47,1,17,31,25,43,23
2020,2,A,골목상권,2110862,난곡초등학교(난곡동벽화마을),84,41,43,0,4,13,14,34,19,0,2,6,11,15,7,0,2,7,3,19,12
2020,2,A,골목상권,2110861,관악구신사동주민센터,1182,608,574,1,215,377,263,209,117,1,71,194,161,105,76,0,144,183,102,104,41
2020,2,A,골목상권,2110860,호림박물관(성보고등학교),410,314,96,1,57,102,66,110,74,1,44,84,47,78,60,0,13,18,19,32,14
2020,2,A,골목상권,2110859,난향초등학교,182,113,69,0,11,32,42,52,45,0,0,21,27,30,35,0,11,11,15,22,10
2020,2,A,골목상권,2110858,신대방역 1번,66,33,33,0,5,9,17,7,28,0,0,1,6,2,24,0,5,8,11,5,4
2020,2,A,골목상권,2110857,미성동주민센터,431,229,202,9,60,64,70,108,120,9,34,48,41,46,51,0,26,16,29,62,69
2020,2,A,골목상권,2110856,미성초등학교,538,295,243,3,58,85,170,150,72,1,28,44,99,71,52,2,30,41,71,79,20
2020,2,A,골목상권,2110855,신대방역 2번,429,275,154,2,53,111,126,90,47,0,22,81,83,55,34,2,31,30,43,35,13
2020,2,A,골목상권,2110854,조원동주민센터,55,39,16,0,4,5,17,21,8,0,3,5,9,15,7,0,1,0,8,6,1
2020,2,A,골목상권,2110853,KT구로지사,213,127,86,0,21,47,65,50,30,0,9,26,44,27,21,0,12,21,21,23,9
2020,2,A,골목상권,2110852,이수역 9번,198,121,77,0,26,35,54,38,45,0,12,20,30,23,36,0,14,15,24,15,9
2020,2,A,골목상권,2110851,경문고등학교(동작동성당),485,233,252,0,79,136,140,102,28,0,32,53,66,66,16,0,47,83,74,36,12
2020,2,A,골목상권,2110850,사당역 10번,969,487,482,4,217,207,185,162,194,1,54,88,92,95,157,3,163,119,93,67,37
2020,2,A,골목상권,2110849,이수역 10번,220,130,90,1,37,52,58,40,32,0,12,33,34,25,26,1,25,19,24,15,6
2020,2,A,골목상권,2110848,양지어린이공원,486,307,179,0,36,68,152,132,98,0,6,39,85,93,84,0,30,29,67,39,14
2020,2,A,골목상권,2110847,예술인마을,460,225,235,3,53,139,142,78,45,3,13,62,76,38,33,0,40,77,66,40,12
2020,2,A,골목상권,2110846,남성역 1번,535,290,245,1,66,120,146,135,67,0,25,59,78,74,54,1,41,61,68,61,13
2020,2,A,골목상권,2110845,사당종합체육관,119,51,68,0,9,17,39,36,18,0,5,8,19,9,10,0,4,9,20,27,8
2020,2,A,골목상권,2110844,흑석2치안센터,7,5,2,0,2,1,1,0,3,0,1,1,1,0,2,0,1,0,0,0,1
2020,2,A,골목상권,2110843,사당5동주민센터,181,135,46,1,22,25,55,52,26,0,16,17,34,44,24,1,6,8,21,8,2
2020,2,A,골목상권,2110842,흑리단길,43,14,29,0,7,8,8,12,8,0,2,2,3,2,5,0,5,6,5,10,3
2020,2,A,골목상권,2110841,중대부중,88,36,52,0,11,17,16,25,19,0,5,7,5,11,8,0,6,10,11,14,11
2020,2,A,골목상권,2110840,중앙대학교,165,92,73,0,24,22,52,43,24,0,12,12,32,21,15,0,12,10,20,22,9
2020,2,A,골목상권,2110839,숭실대입구역 4번,187,67,120,0,10,51,57,46,23,0,2,14,22,11,18,0,8,37,35,35,5
2020,2,A,골목상권,2110838,상도1동주민센터앞,131,122,9,0,3,32,30,35,31,0,3,27,27,35,30,0,0,5,3,0,1
2020,2,A,골목상권,2110837,숭실대입구역 1번,373,195,178,1,39,76,84,80,93,0,19,32,43,32,69,1,20,44,41,48,24
2020,2,A,골목상권,2110836,상도역 5번,3057,1846,1211,9,550,798,701,647,352,2,238,486,453,447,220,7,312,312,248,200,132
2020,2,A,골목상권,2110835,상도역 1번,285,161,124,0,81,92,57,35,20,0,32,59,36,16,18,0,49,33,21,19,2
2020,2,A,골목상권,2110834,동작구자원봉사센터,38,22,16,0,3,5,6,10,14,0,2,2,6,5,7,0,1,3,0,5,7
2020,2,A,골목상권,2110833,상도역 2번,266,172,94,2,20,64,76,77,27,0,17,51,48,37,19,2,3,13,28,40,8
2020,2,A,골목상권,2110832,노량진초등학교,377,171,206,0,38,51,93,141,54,0,14,22,57,55,23,0,24,29,36,86,31
2020,2,A,골목상권,2110831,상도4동주민센터,72,40,32,0,3,13,14,29,13,0,3,6,6,18,7,0,0,7,8,11,6
2020,2,A,골목상권,2110830,상도초등학교,281,152,129,0,22,61,73,85,40,0,7,29,36,54,26,0,15,32,37,31,14
2020,2,A,골목상권,2110829,장승배기역 5번,536,417,119,0,195,137,79,53,72,0,177,106,49,40,45,0,18,31,30,13,27
2020,2,A,골목상권,2110828,노량진역 6번,3010,2066,944,9,471,1047,854,467,162,3,252,711,639,357,104,6,219,336,215,110,58
2020,2,A,골목상권,2110827,NH농협은행 상도동지점,262,93,169,0,39,51,73,65,34,0,11,18,20,28,16,0,28,33,53,37,18
2020,2,A,골목상권,2110826,장승배기역 4번,366,149,217,2,20,37,57,103,147,1,8,22,28,38,52,1,12,15,29,65,95
2020,2,A,골목상권,2110825,신대방삼거리역 1번,316,205,111,0,33,63,94,71,55,0,23,41,57,46,38,0,10,22,37,25,17
2020,2,A,골목상권,2110824,대방역 3번,296,102,194,1,48,91,92,42,22,0,11,26,29,23,13,1,37,65,63,19,9
2020,2,A,골목상권,2110823,신대방삼거리역 3번,472,242,230,0,30,45,83,121,193,0,17,26,40,42,117,0,13,19,43,79,76
2020,2,A,골목상권,2110822,신대방삼거리역 4번(대림초등학교),311,130,181,0,57,71,68,74,41,0,13,28,34,34,21,0,44,43,34,40,20
2020,2,A,골목상권,2110821,보라매역 2번,595,353,242,0,73,109,140,135,138,0,34,65,79,87,88,0,39,44,61,48,50
2020,2,A,골목상권,2110820,성남고등학교,3101,2470,631,1,651,742,555,991,161,0,438,581,448,879,124,1,213,161,107,112,37
2020,2,A,골목상권,2110819,신대방역 4번,510,262,248,0,64,99,128,93,126,0,15,37,58,62,90,0,49,62,70,31,36
2020,2,A,골목상권,2110818,신대방역 3번,20,9,11,0,1,3,7,7,2,0,1,3,2,1,2,0,0,0,5,6,0
2020,2,A,골목상권,2110817,대방역 4번,286,227,59,1,38,51,90,59,47,0,19,35,79,53,41,1,19,16,11,6,6
2020,2,A,골목상권,2110816,대방역 6번,521,404,117,1,73,138,153,68,88,1,50,109,114,50,80,0,23,29,39,18,8
2020,2,A,골목상권,2110815,공군호텔,2240,785,1455,4,425,514,476,507,314,0,88,195,167,170,165,4,337,319,309,337,149
2020,2,A,골목상권,2110814,서울지방병무청,673,364,309,1,51,117,155,236,113,1,23,79,97,104,60,0,28,38,58,132,53
2020,2,A,골목상권,2110813,보라매역 6번,286,167,119,3,22,37,50,74,100,3,15,21,24,39,65,0,7,16,26,35,35
2020,2,A,골목상권,2110812,신길6동주민센터,363,245,118,0,69,115,106,50,23,0,34,78,85,29,19,0,35,37,21,21,4
2020,2,A,골목상권,2110811,보라매역 4번,187,94,93,0,22,41,49,52,23,0,8,22,18,27,19,0,14,19,31,25,4
2020,2,A,골목상권,2110810,영신초등학교,395,178,217,0,53,143,63,80,56,0,20,65,31,44,18,0,33,78,32,36,38
2020,2,A,골목상권,2110809,장훈고등학교,112,61,51,0,7,15,30,23,37,0,3,5,11,17,25,0,4,10,19,6,12
2020,2,A,골목상권,2110808,신길역 1번,67,48,19,0,3,22,21,13,8,0,3,15,14,9,7,0,0,7,7,4,1
2020,2,A,골목상권,2110807,신길역 3번,102,70,32,0,6,16,23,27,30,0,4,8,18,19,21,0,2,8,5,8,9
2020,2,A,골목상권,2110806,서울시립영등포장애인복지관,76,42,34,0,18,30,13,13,2,0,5,16,9,11,1,0,13,14,4,2,1
2020,2,A,골목상권,2110805,신길새마을금고신길4동지점,45,27,18,0,6,12,12,8,7,0,2,7,6,5,7,0,4,5,6,3,0
2020,2,A,골목상권,2110804,신풍역 1번,312,187,125,0,15,37,62,63,135,0,4,15,29,35,104,0,11,22,33,28,31
2020,2,A,골목상권,2110803,신길2동우편취급국,304,220,84,0,17,27,56,62,142,0,6,14,33,39,128,0,11,13,23,23,14
2020,2,A,골목상권,2110802,신길동홍어거리,336,159,177,1,59,113,86,61,16,0,18,45,44,40,12,1,41,68,42,21,4
2020,2,A,골목상권,2110800,영등포동성당,227,153,74,0,26,34,61,66,40,0,13,22,37,46,35,0,13,12,24,20,5
2020,2,A,골목상권,2110799,영등포본동주민센터,119,86,33,5,21,16,11,22,44,3,12,10,6,15,40,2,9,6,5,7,4
2020,2,A,골목상권,2110798,신풍역 2번,53,20,33,0,2,13,14,13,11,0,0,3,3,6,8,0,2,10,11,7,3
2020,2,A,골목상권,2110797,KT대방빌딩,52,10,42,1,7,10,12,11,11,0,0,0,1,3,6,1,7,10,11,8,5
2020,2,A,골목상권,2110796,한림대학교한강성심병원,87,52,35,1,7,19,26,19,15,0,4,11,17,9,11,1,3,8,9,10,4
2020,2,A,골목상권,2110795,도림초등학교,533,356,177,0,20,49,80,128,256,0,8,36,48,74,190,0,12,13,32,54,66
2020,2,A,골목상권,2110794,영동초등학교,632,494,138,0,87,115,178,167,85,0,47,89,148,135,75,0,40,26,30,32,10
2020,2,A,골목상권,2110792,영등포역 2번,3400,1767,1633,28,563,880,843,862,224,11,229,398,466,530,133,17,334,482,377,332,91
2020,2,A,골목상권,2110791,신풍역 3번,25,17,8,0,1,5,9,9,1,0,0,2,6,8,1,0,1,3,3,1,0
2020,2,A,골목상권,2110790,대림1동주민센터,739,336,403,1,74,163,280,161,60,1,46,71,88,77,53,0,28,92,192,84,7
2020,2,A,골목상권,2110789,대림성모병원,491,182,309,0,104,137,115,93,42,0,16,44,49,43,30,0,88,93,66,50,12
2020,2,A,골목상권,2110788,영등포시장역 3번,28,22,6,0,4,5,7,9,3,0,3,5,6,6,2,0,1,0,1,3,1
2020,2,A,골목상권,2110787,신길3동주민센터,171,122,49,0,19,35,47,42,28,0,8,25,36,31,22,0,11,10,11,11,6
2020,2,A,골목상권,2110786,당산역 8번,271,179,92,2,20,41,60,51,97,2,8,21,42,38,68,0,12,20,18,13,29
2020,2,A,골목상권,2110785,영등포푸르지오아파트,161,84,77,2,13,17,39,44,46,2,8,12,24,14,24,0,5,5,15,30,22
2020,2,A,골목상권,2110784,신대림초등학교,76,42,34,0,3,11,18,36,8,0,0,7,12,18,5,0,3,4,6,18,3
2020,2,A,골목상권,2110783,영등포시장역 1번,292,154,138,1,26,37,35,67,126,1,19,27,16,33,58,0,7,10,19,34,68
2020,2,A,골목상권,2110782,영등포시장역 4번,127,87,40,1,13,24,48,27,14,1,5,16,36,17,12,0,8,8,12,10,2
2020,2,A,골목상권,2110781,대림한신아파트,182,112,70,0,23,29,51,38,41,0,8,16,34,23,31,0,15,13,17,15,10
2020,2,A,골목상권,2110780,신길대성유니드아파트,223,171,52,0,22,42,71,56,32,0,18,34,51,41,27,0,4,8,20,15,5
2020,2,A,골목상권,2110779,대림갑을명가아파트,33,24,9,0,2,5,13,7,6,0,1,4,10,4,5,0,1,1,3,3,1
2020,2,A,골목상권,2110778,구로디지털단지역 4번,1615,878,737,0,248,461,489,233,184,0,122,282,196,145,133,0,126,179,293,88,51
2020,2,A,골목상권,2110777,구로세무서,282,210,72,0,36,41,47,83,75,0,13,30,32,66,69,0,23,11,15,17,6
2020,2,A,골목상권,2110776,도신초등학교,168,106,62,0,12,20,48,63,25,0,11,10,35,34,16,0,1,10,13,29,9
2020,2,A,골목상권,2110775,대동초등학교,61,30,31,0,5,13,20,15,8,0,2,6,6,10,6,0,3,7,14,5,2
2020,2,A,골목상권,2110774,당산반도유보라팰리스아파트,472,355,117,0,59,119,131,96,67,0,34,81,109,80,51,0,25,38,22,16,16
2020,2,A,골목상권,2110773,당산역 13번,272,218,54,0,46,65,45,40,76,0,36,53,32,34,63,0,10,12,13,6,13
2020,2,A,골목상권,2110772,신우어린이공원,94,55,39,0,9,15,22,26,22,0,5,8,12,19,11,0,4,7,10,7,11
2020,2,A,골목상권,2110771,대림역 11번,955,604,351,0,22,38,128,210,557,0,21,30,73,131,349,0,1,8,55,79,208
2020,2,A,골목상권,2110770,영등포구청역 6번,263,191,72,1,45,49,77,45,46,1,24,41,54,28,43,0,21,8,23,17,3
2020,2,A,골목상권,2110769,대림차이나타운(대림역 12번),18,8,10,0,3,4,6,4,1,0,0,1,4,2,1,0,3,3,2,2,0
2020,2,A,골목상권,2110768,도림2동유수지내체육시설,294,155,139,0,20,43,63,73,95,0,7,22,32,41,53,0,13,21,31,32,42
2020,2,A,골목상권,2110767,도림동주민센터,34,3,31,0,9,5,12,6,2,0,0,0,2,1,0,0,9,5,10,5,2
2020,2,A,골목상권,2110766,대림역 5번,360,205,155,0,30,82,85,99,64,0,15,54,42,56,38,0,15,28,43,43,26
2020,2,A,골목상권,2110765,문래동사거리,889,619,270,2,80,133,209,175,290,1,38,78,140,126,236,1,42,55,69,49,54
2020,2,A,골목상권,2110764,문래역 3번,541,223,318,0,93,127,159,102,60,0,27,39,54,54,49,0,66,88,105,48,11
2020,2,A,골목상권,2110763,영등포구청역 2번,480,353,127,2,84,147,107,84,56,0,53,100,79,72,49,2,31,47,28,12,7
2020,2,A,골목상권,2110762,선유도역 1번,3139,2286,853,6,392,669,739,809,524,4,217,459,529,629,448,2,175,210,210,180,76
2020,2,A,골목상권,2110761,문래동남성맨션,180,106,74,0,13,43,45,41,38,0,8,17,26,25,30,0,5,26,19,16,8
2020,2,A,골목상권,2110760,선유도역 6번,1792,1091,701,8,273,444,499,376,192,6,170,256,275,219,165,2,103,188,224,157,27
2020,2,A,골목상권,2110759,문래예술촌(문래창작촌),4221,2165,2056,9,520,837,996,1286,573,5,266,550,589,466,289,4,254,287,407,820,284
2020,2,A,골목상권,2110758,문래소공원,296,221,75,1,44,77,70,67,37,0,32,60,46,52,31,1,12,17,24,15,6
2020,2,A,골목상권,2110757,양평역 2번,1501,1114,387,1,111,230,356,424,379,0,51,176,286,314,287,1,60,54,70,110,92
2020,2,A,골목상권,2110756,문래중학교,275,179,96,0,48,79,78,35,35,0,21,58,52,21,27,0,27,21,26,14,8
2020,2,A,골목상권,2110755,동일여자고등학교,199,53,146,0,10,24,47,74,44,0,4,9,16,12,12,0,6,15,31,62,32
2020,2,A,골목상권,2110754,삼성산자연공원(서울금천초등학교),199,75,124,1,21,41,47,39,50,0,6,18,28,10,13,1,15,23,19,29,37
2020,2,A,골목상권,2110753,시흥동 은행나무사거리,617,387,230,0,69,100,149,166,133,0,28,68,90,96,105,0,41,32,59,70,28
2020,2,A,골목상권,2110752,한울중학교,269,117,152,2,25,46,81,79,36,2,13,16,34,33,19,0,12,30,47,46,17
2020,2,A,골목상권,2110751,난곡중학교,730,397,333,2,48,217,240,177,46,2,21,117,127,91,39,0,27,100,113,86,7
2020,2,A,골목상권,2110750,시흥4동주민센터(서울신흥초등학교),397,221,176,4,78,83,80,104,48,4,47,62,43,33,32,0,31,21,37,71,16
2020,2,A,골목상권,2110749,금산초등학교(금천고등학교),448,273,175,0,61,105,110,121,51,0,33,67,55,82,36,0,28,38,55,39,15
2020,2,A,골목상권,2110748,백산초등학교,102,64,38,0,6,19,21,26,30,0,2,9,11,22,20,0,4,10,10,4,10
2020,2,A,골목상권,2110747,석수역 1번 출입구,823,612,211,0,46,84,169,227,297,0,27,52,102,165,266,0,19,32,67,62,31
2020,2,A,골목상권,2110746,금천금빛공원(은행나무사거리서측),70,48,22,0,5,11,22,21,11,0,3,9,13,15,8,0,2,2,9,6,3
2020,2,A,골목상권,2110745,독산동정훈단지,251,191,60,0,11,20,33,86,101,0,3,12,22,64,90,0,8,8,11,22,11
2020,2,A,골목상권,2110744,독산동성당,531,327,204,0,49,107,129,152,94,0,36,71,75,86,59,0,13,36,54,66,35
2020,2,A,골목상권,2110743,시흥초등학교(시흥1동우체국),191,130,61,0,18,31,48,50,44,0,10,20,32,37,31,0,8,11,16,13,13
2020,2,A,골목상권,2110742,KT금천빌딩(금천구시설관리공단),426,237,189,0,42,83,106,125,70,0,21,57,71,54,34,0,21,26,35,71,36
2020,2,A,골목상권,2110741,독산2동주민센터,444,159,285,0,69,117,96,108,54,0,43,35,26,33,22,0,26,82,70,75,32
2020,2,A,골목상권,2110740,금천해태공원,650,283,367,1,135,136,138,170,70,1,47,55,58,71,51,0,88,81,80,99,19
2020,2,A,골목상권,2110739,시흥3동 우편취급국,1558,585,973,1,167,288,537,525,40,0,50,153,224,133,25,1,117,135,313,392,15
2020,2,A,골목상권,2110738,문성초등학교,249,125,124,0,17,27,65,90,50,0,12,14,34,40,25,0,5,13,31,50,25
2020,2,A,골목상권,2110737,금천세무서,506,324,182,8,78,85,96,117,122,0,28,49,51,91,105,8,50,36,45,26,17
2020,2,A,골목상권,2110736,독산119안전센터,450,196,254,0,45,52,74,114,165,0,21,31,34,41,69,0,24,21,40,73,96
2020,2,A,골목상권,2110735,말미고개,520,330,190,0,64,115,140,140,61,0,31,79,94,79,47,0,33,36,46,61,14
2020,2,A,골목상권,2110734,금천파출소,92,47,45,0,7,11,21,29,24,0,3,5,14,13,12,0,4,6,7,16,12
2020,2,A,골목상권,2110733,금천어울림복지센터,374,293,81,3,34,89,74,90,84,3,22,67,59,66,76,0,12,22,15,24,8
2020,2,A,골목상권,2110732,가산초등학교(세일중학교),338,239,99,1,41,60,98,76,62,0,22,34,71,60,52,1,19,26,27,16,10
2020,2,A,골목상권,2110731,금천구청역 1번 출입구,1041,563,478,7,306,383,206,96,43,2,149,229,102,55,26,5,157,154,104,41,17
2020,2,A,골목상권,2110730,서울축산농협 독산역지점(독산파출소),660,376,284,1,80,105,117,201,156,1,30,58,54,113,120,0,50,47,63,88,36
2020,2,A,골목상권,2110729,가산동우체국,151,112,39,0,19,30,40,39,23,0,14,19,30,30,19,0,5,11,10,9,4
2020,2,A,골목상권,2110728,두산초등학교,4560,2778,1782,8,88,138,245,530,3551,8,64,86,123,279,2218,0,24,52,122,251,1333
2020,2,A,골목상권,2110727,독산역 1번 출입구,659,514,145,4,72,152,169,191,71,4,48,118,128,165,51,0,24,34,41,26,20
2020,2,A,골목상권,2110726,금천철쭉어린이공원(금하마을),222,172,50,0,19,25,41,62,75,0,17,16,22,45,72,0,2,9,19,17,3
2020,2,A,골목상권,2110725,가산동주민센터,85,59,26,0,6,20,22,20,17,0,3,15,16,12,13,0,3,5,6,8,4
2020,2,A,골목상권,2110724,금천구립가산도서관,366,254,112,1,42,76,122,89,36,1,33,60,90,45,25,0,9,16,32,44,11
2020,2,A,골목상권,2110723,가산디지털단지역 1번 출입구,286,247,39,0,6,10,37,130,103,0,6,5,26,113,97,0,0,5,11,17,6
2020,2,A,골목상권,2110722,G타워,1221,876,345,5,246,423,354,139,54,5,163,311,281,79,37,0,83,112,73,60,17
2020,2,A,골목상권,2110721,가리봉파출소,215,104,111,1,6,36,42,42,88,0,2,19,17,22,44,1,4,17,25,20,44
2020,2,A,골목상권,2110720,대림역 2번,158,73,85,0,23,25,43,35,32,0,10,11,15,15,22,0,13,14,28,20,10
2020,2,A,골목상권,2110719,영서중학교,52,44,8,0,6,9,9,14,14,0,6,7,8,13,10,0,0,2,1,1,4
2020,2,A,골목상권,2110718,한국SGI본부,1614,1061,553,3,308,462,397,336,108,3,167,313,292,220,66,0,141,149,105,116,42
2020,2,A,골목상권,2110717,남구로역 2번,570,271,299,0,108,155,142,104,61,0,49,84,75,34,29,0,59,71,67,70,32
2020,2,A,골목상권,2110716,구로나눔길,666,398,268,1,132,256,164,77,36,0,39,154,115,60,30,1,93,102,49,17,6
2020,2,A,골목상권,2110715,구로구민회관,93,64,29,0,13,15,30,27,8,0,5,11,20,21,7,0,8,4,10,6,1
2020,2,A,골목상권,2110714,구로4동주민센터,271,156,115,0,34,44,57,79,57,0,8,19,32,53,44,0,26,25,25,26,13
2020,2,A,골목상권,2110713,구로보건소,2668,1817,851,5,474,650,706,533,300,3,323,472,514,332,173,2,151,178,192,201,127
2020,2,A,골목상권,2110712,남구로역 5번,233,108,125,1,32,36,66,64,34,0,10,17,24,32,25,1,22,19,42,32,9
2020,2,A,골목상권,2110711,구로초등학교,818,332,486,4,62,122,166,288,176,2,26,70,82,75,77,2,36,52,84,213,99
2020,2,A,골목상권,2110710,남구로역 3번,606,370,236,3,83,96,105,121,198,3,46,63,63,68,127,0,37,33,42,53,71
2020,2,A,골목상권,2110709,구로119안전센터,162,94,68,0,16,19,44,46,37,0,13,12,28,25,16,0,3,7,16,21,21
2020,2,A,골목상권,2110708,화원어린이공원,64,27,37,0,8,12,12,23,9,0,1,4,5,9,8,0,7,8,7,14,1
2020,2,A,골목상권,2110707,구로창업지원센터,1045,760,285,4,141,266,246,253,135,3,78,195,185,186,113,1,63,71,61,67,22
2020,2,A,골목상권,2110706,그라운드 고척,410,100,310,0,122,101,101,68,18,0,22,20,28,20,10,0,100,81,73,48,8
2020,2,A,골목상권,2110705,고산초등학교,33,19,14,0,3,2,8,7,13,0,3,1,8,2,5,0,0,1,0,5,8
2020,2,A,골목상권,2110704,고척중학교,62,36,26,0,12,23,10,12,5,0,7,12,3,11,3,0,5,11,7,1,2
2020,2,A,골목상권,2110703,개봉역,569,449,120,4,28,60,119,170,188,3,16,35,79,141,175,1,12,25,40,29,13
2020,2,A,골목상권,2110702,개봉초등학교,131,93,38,1,15,18,33,34,30,1,10,13,23,24,22,0,5,5,10,10,8
2020,2,A,골목상권,2110701,고척동성당,567,379,188,2,126,185,125,92,37,0,81,133,82,54,29,2,45,52,43,38,8
2020,2,A,골목상권,2110700,고척초등학교,3249,2648,601,3,209,680,974,1176,207,2,119,533,803,1021,170,1,90,147,171,155,37
2020,2,A,골목상권,2110699,덕의초등학교,150,89,61,0,15,24,32,48,31,0,8,15,15,28,23,0,7,9,17,20,8
2020,2,A,골목상권,2110698,개웅초등학교(개웅중학교),279,178,101,3,50,50,54,65,57,3,25,32,32,40,46,0,25,18,22,25,11
2020,2,A,골목상권,2110697,개봉3동주민센터,244,152,92,1,55,64,52,43,29,1,27,41,33,30,20,0,28,23,19,13,9
2020,2,A,골목상권,2110696,오류동역 1번,2453,1671,782,32,831,951,335,223,81,16,483,739,238,133,62,16,348,212,97,90,19
2020,2,A,골목상권,2110695,개봉1동주민센터,546,314,232,1,57,150,143,123,72,1,31,97,72,64,49,0,26,53,71,59,23
2020,2,A,골목상권,2110694,세곡초등학교,445,249,196,2,55,149,90,98,51,0,24,76,51,60,38,2,31,73,39,38,13
2020,2,A,골목상권,2110693,오류동역 4번,17,9,8,0,1,3,5,4,4,0,1,3,2,2,1,0,0,0,3,2,3
2020,2,A,골목상권,2110692,큰굴다리,233,148,85,0,12,52,54,66,49,0,7,19,35,49,38,0,5,33,19,17,11
2020,2,A,골목상권,2110691,개봉중학교,395,205,190,0,37,65,119,115,59,0,20,38,49,52,46,0,17,27,70,63,13
2020,2,A,골목상권,2110690,오류2동버들시장,625,318,307,1,105,200,143,105,71,0,42,115,72,46,43,1,63,85,71,59,28
2020,2,A,골목상권,2110689,오류동역 3번,259,188,71,3,41,45,52,66,52,3,25,32,40,48,40,0,16,13,12,18,12
2020,2,A,골목상권,2110688,오류지구대,171,60,111,1,18,20,40,59,33,0,7,11,15,19,8,1,11,9,25,40,25
2020,2,A,골목상권,2110687,"천왕역 3번(오류2동주민센터, 서울오류남초등학교)",21,16,5,0,2,3,5,6,5,0,1,3,4,4,4,0,1,0,1,2,1
2020,2,A,골목상권,2110686,수궁동주민센터,490,245,245,2,50,83,135,127,93,2,25,37,72,61,48,0,25,46,63,66,45
2020,2,A,골목상권,2110685,금강수목원아파트,181,143,38,0,13,32,53,57,26,0,10,25,38,47,23,0,3,7,15,10,3
2020,2,A,골목상권,2110684,서울공연예술고등학교,157,72,85,2,28,31,36,36,24,0,7,17,19,19,10,2,21,14,17,17,14
2020,2,A,골목상권,2110683,오류고등학교,185,125,60,0,24,46,55,41,19,0,18,33,33,23,18,0,6,13,22,18,1
2020,2,A,골목상권,2110682,온수역 8번,137,128,9,0,3,5,14,43,72,0,2,3,11,42,70,0,1,2,3,1,2
2020,2,A,골목상권,2110681,온수역 1번,152,106,46,0,13,52,39,21,27,0,10,38,25,13,20,0,3,14,14,8,7
2020,2,A,골목상권,2110680,온수역 5번(온수산업단지),1184,1003,181,18,161,205,235,343,222,18,129,175,191,286,204,0,32,30,44,57,18
2020,2,A,골목상권,2110679,염창역 2번,578,407,171,3,90,207,152,80,46,2,50,149,111,58,37,1,40,58,41,22,9
2020,2,A,골목상권,2110678,염창무학아파트,242,188,54,1,30,57,84,47,23,1,15,49,67,39,17,0,15,8,17,8,6
2020,2,A,골목상권,2110677,등촌역 1번,410,321,89,1,50,80,83,91,105,1,24,51,70,76,99,0,26,29,13,15,6
2020,2,A,골목상권,2110676,등촌역 7번,237,141,96,0,31,35,66,57,48,0,13,21,37,37,33,0,18,14,29,20,15
2020,2,A,골목상권,2110675,화곡4동주민센터,289,186,103,0,28,62,73,65,61,0,11,36,40,50,49,0,17,26,33,15,12
2020,2,A,골목상권,2110674,강서구청가양동별관,491,327,164,1,69,102,106,109,104,1,54,78,63,51,80,0,15,24,43,58,24
2020,2,A,골목상권,2110673,뜸부기어린이공원,253,143,110,0,37,52,62,64,38,0,21,29,31,34,28,0,16,23,31,30,10
2020,2,A,골목상권,2110672,백석중학교,155,99,56,1,21,37,40,43,13,1,18,26,18,25,11,0,3,11,22,18,2
2020,2,A,골목상권,2110671,등촌1동주민센터,5012,3056,1956,13,1252,1442,1027,802,476,5,391,945,826,556,333,8,861,497,201,246,143
2020,2,A,골목상권,2110670,신곡초등학교,527,322,205,6,79,119,122,101,100,3,45,78,71,59,66,3,34,41,51,42,34
2020,2,A,골목상권,2110669,화곡보람2차아파트,80,49,31,0,11,20,24,17,8,0,3,12,18,14,2,0,8,8,6,3,6
2020,2,A,골목상권,2110668,화곡2동주민센터,471,278,193,0,55,70,139,127,80,0,22,33,81,77,65,0,33,37,58,50,15
2020,2,A,골목상권,2110667,가양역 10번,177,126,51,0,33,32,56,36,20,0,21,20,38,29,18,0,12,12,18,7,2
2020,2,A,골목상권,2110666,KC대학교,257,131,126,0,26,51,66,72,42,0,16,23,31,26,35,0,10,28,35,46,7
2020,2,A,골목상권,2110665,곰달래도서관,469,285,184,0,36,92,123,138,80,0,25,60,79,74,47,0,11,32,44,64,33
2020,2,A,골목상권,2110664,강서구청옆,111,48,63,0,14,10,31,43,13,0,11,7,10,9,11,0,3,3,21,34,2
2020,2,A,골목상권,2110663,우장산롯데캐슬아파트앞,316,232,84,0,7,25,59,116,109,0,3,18,30,84,97,0,4,7,29,32,12
2020,2,A,골목상권,2110662,까치산역 1번,1480,885,595,4,245,501,396,234,100,4,129,301,207,171,73,0,116,200,189,63,27
2020,2,A,골목상권,2110661,강서새말어린이공원,126,48,78,0,3,13,30,38,42,0,2,8,10,9,19,0,1,5,20,29,23
2020,2,A,골목상권,2110660,등촌3동주민센터,4614,2039,2575,10,469,707,766,1291,1371,5,197,427,424,447,539,5,272,280,342,844,832
2020,2,A,골목상권,2110659,화곡역 4번,867,512,355,11,102,182,240,188,144,9,52,115,144,110,82,2,50,67,96,78,62
2020,2,A,골목상권,2110658,화곡초등학교,253,153,100,0,21,55,62,69,46,0,10,35,36,44,28,0,11,20,26,25,18
2020,2,A,골목상권,2110657,양천향교역 5번,3180,2118,1062,12,334,603,741,695,795,8,191,396,493,385,645,4,143,207,248,310,150
2020,2,A,골목상권,2110656,까치산역 3번,838,498,340,13,89,209,253,192,82,12,52,128,154,93,59,1,37,81,99,99,23
2020,2,A,골목상권,2110655,발산역 5번,587,355,232,0,97,156,147,112,75,0,29,94,98,76,58,0,68,62,49,36,17
2020,2,A,골목상권,2110654,까치산역 4번,1021,686,335,2,68,147,249,380,175,1,38,81,139,281,146,1,30,66,110,99,29
2020,2,A,골목상권,2110653,화곡역 2번,910,490,420,1,191,271,239,169,39,0,79,136,119,134,22,1,112,135,120,35,17
2020,2,A,골목상권,2110652,양천향교역 2번,643,483,160,0,70,131,146,169,127,0,32,102,104,139,106,0,38,29,42,30,21
2020,2,A,골목상권,2110651,화원중학교,377,214,163,2,29,50,102,105,89,1,19,31,68,52,43,1,10,19,34,53,46
2020,2,A,골목상권,2110650,우장산힐스테이트,146,118,28,0,24,30,52,21,19,0,15,25,43,18,17,0,9,5,9,3,2
2020,2,A,골목상권,2110649,우장산역 1번,366,197,169,0,41,92,83,98,52,0,12,49,39,63,34,0,29,43,44,35,18
2020,2,A,골목상권,2110648,양천향교역 7번,13,5,8,0,1,7,1,3,1,0,0,3,1,1,0,0,1,4,0,2,1
2020,2,A,골목상권,2110647,화곡역 5번,890,459,431,2,116,227,219,230,96,1,44,137,110,116,51,1,72,90,109,114,45
2020,2,A,골목상권,2110646,푸른들청소년도서관,782,401,381,1,93,124,208,189,167,1,27,53,103,100,117,0,66,71,105,89,50
2020,2,A,골목상권,2110645,우장산역 4번,794,391,403,0,64,125,239,221,145,0,33,65,87,90,116,0,31,60,152,131,29
2020,2,A,골목상권,2110644,신광명마을,333,288,45,1,24,22,60,107,119,1,7,13,52,100,115,0,17,9,8,7,4
2020,2,A,골목상권,2110643,강서구다솔마을,653,413,240,1,97,165,199,139,52,0,47,101,136,93,36,1,50,64,63,46,16
2020,2,A,골목상권,2110642,정곡초등학교,193,163,30,2,8,14,35,69,65,1,4,10,30,58,60,1,4,4,5,11,5
2020,2,A,골목상권,2110641,공항고등학교,345,236,109,2,46,95,100,79,23,1,30,72,61,52,20,1,16,23,39,27,3
2020,2,A,골목상권,2110640,방화역 1번,1019,638,381,3,139,292,240,195,150,3,62,119,167,158,129,0,77,173,73,37,21
2020,2,A,골목상권,2110639,신방화역 8번,523,369,154,1,74,61,88,153,146,1,17,22,51,139,139,0,57,39,37,14,7
2020,2,A,골목상권,2110638,신방화역 2번,372,202,170,3,53,75,88,87,66,3,22,40,44,43,50,0,31,35,44,44,16
2020,2,A,골목상권,2110637,송정역 2번,540,357,183,4,62,117,114,147,96,0,34,74,81,100,68,4,28,43,33,47,28
2020,2,A,골목상권,2110636,방화역 2번,152,76,76,1,25,49,41,21,15,0,9,26,27,4,10,1,16,23,14,17,5
2020,2,A,골목상권,2110635,공항시장역 3번,1482,399,1083,4,71,92,165,488,662,1,44,62,64,34,194,3,27,30,101,454,468
2020,2,A,골목상권,2110634,송정역 3번,664,434,230,0,64,143,178,145,134,0,33,90,116,101,94,0,31,53,62,44,40
2020,2,A,골목상권,2110633,개화산역 1번,115,89,26,2,29,34,27,15,8,2,28,22,19,10,8,0,1,12,8,5,0
2020,2,A,골목상권,2110632,방화역 3번,1075,887,188,2,42,127,400,334,170,1,21,90,353,281,141,1,21,37,47,53,29
2020,2,A,골목상권,2110631,방화초등학교,359,177,182,2,35,71,73,103,75,2,21,42,39,38,35,0,14,29,34,65,40
2020,2,A,골목상권,2110630,공항시장역 1번,1472,1008,464,0,157,294,298,328,395,0,67,180,202,240,319,0,90,114,96,88,76
2020,2,A,골목상권,2110629,송정역 4번,190,107,83,0,26,52,54,35,23,0,9,34,28,24,12,0,17,18,26,11,11
2020,2,A,골목상권,2110628,신목동역,496,319,177,0,58,88,124,120,106,0,30,58,82,89,60,0,28,30,42,31,46
2020,2,A,골목상권,2110627,신정롯데캐슬아파트,512,310,202,24,127,127,89,83,62,13,69,79,57,49,43,11,58,48,32,34,19
2020,2,A,골목상권,2110626,양화초등학교,652,271,381,1,127,138,149,147,90,0,37,57,76,63,38,1,90,81,73,84,52
2020,2,A,골목상권,2110625,신정2동주민센터,726,454,272,2,98,196,215,155,60,0,51,124,146,94,39,2,47,72,69,61,21
2020,2,A,골목상권,2110624,목동문화체육센터,382,234,148,0,93,118,75,65,31,0,40,79,46,50,19,0,53,39,29,15,12
2020,2,A,골목상권,2110623,갈산공원,118,94,24,0,27,32,24,27,8,0,23,26,21,19,5,0,4,6,3,8,3
2020,2,A,골목상권,2110622,달마을공원,458,261,197,0,58,90,102,138,70,0,26,47,63,65,60,0,32,43,39,73,10
2020,2,A,골목상권,2110621,목동역 5번,111,57,54,0,9,22,22,38,20,0,0,12,13,19,13,0,9,10,9,19,7
2020,2,A,골목상권,2110620,목동보건지소,451,235,216,4,51,81,102,125,88,4,20,45,47,65,54,0,31,36,55,60,34
2020,2,A,골목상권,2110619,목4동주민센터,311,203,108,1,51,87,89,64,19,1,16,52,58,57,19,0,35,35,31,7,0
2020,2,A,골목상권,2110618,강서고등학교,193,135,58,0,19,38,52,52,32,0,10,29,36,34,26,0,9,9,16,18,6
2020,2,A,골목상권,2110617,등촌역 4번,274,192,82,0,47,75,77,51,24,0,37,55,51,33,16,0,10,20,26,18,8
2020,2,A,골목상권,2110616,양목초등학교,161,103,58,0,3,23,19,40,76,0,2,18,14,32,37,0,1,5,5,8,39
2020,2,A,골목상권,2110615,신서초등학교,87,63,24,0,20,21,27,13,6,0,14,18,18,8,5,0,6,3,9,5,1
2020,2,A,골목상권,2110614,목동로데오거리,596,292,304,0,69,85,114,216,112,0,42,44,58,103,45,0,27,41,56,113,67
2020,2,A,골목상권,2110613,신정네거리역 4번,80,20,60,0,8,25,24,19,4,0,2,6,7,4,1,0,6,19,17,15,3
2020,2,A,골목상권,2110612,신정역 5번,644,303,341,1,85,88,143,197,130,0,44,62,74,70,53,1,41,26,69,127,77
2020,2,A,골목상권,2110611,신정역 1번,316,212,104,2,35,61,100,82,36,2,21,44,61,52,32,0,14,17,39,30,4
2020,2,A,골목상권,2110610,계남근린공원,126,85,41,0,5,11,41,44,25,0,3,6,28,35,13,0,2,5,13,9,12
2020,2,A,골목상권,2110609,신정네거리역 2번,1377,1358,19,0,14,15,52,171,1125,0,10,11,45,168,1124,0,4,4,7,3,1
2020,2,A,골목상권,2110608,신월2동주민센터,873,453,420,1,51,116,229,271,205,1,23,69,118,125,117,0,28,47,111,146,88
2020,2,A,골목상권,2110607,금빛새마을금고본점,53,31,22,0,2,10,11,19,11,0,1,4,5,12,9,0,1,6,6,7,2
2020,2,A,골목상권,2110606,신한은행 신월동지점,521,288,233,1,49,80,143,144,104,1,26,42,76,66,77,0,23,38,67,78,27
2020,2,A,골목상권,2110605,목동센트럴아이파크앞,155,89,66,0,15,22,26,47,45,0,5,15,11,27,31,0,10,7,15,20,14
2020,2,A,골목상권,2110604,신월4동주민센터,637,528,109,0,13,50,120,234,220,0,6,29,87,193,213,0,7,21,33,41,7
2020,2,A,골목상권,2110603,지향초등학교,205,119,86,0,13,56,60,44,32,0,5,30,37,25,22,0,8,26,23,19,10
2020,2,A,골목상권,2110602,신월시영아파트중문,644,574,70,1,7,22,68,238,308,0,4,13,52,214,291,1,3,9,16,24,17
2020,2,A,골목상권,2110601,신월1동우편취급국,1200,814,386,3,116,180,274,437,190,1,61,115,183,309,145,2,55,65,91,128,45
2020,2,A,골목상권,2110600,신월7동주민센터,350,263,87,0,32,30,66,101,121,0,17,14,38,79,115,0,15,16,28,22,6
2020,2,A,골목상권,2110599,신월1파출소,378,268,110,3,50,89,94,93,49,2,34,68,63,65,36,1,16,21,31,28,13
2020,2,A,골목상권,2110598,신월문화체육센터,428,195,233,0,21,58,112,150,87,0,5,28,45,66,51,0,16,30,67,84,36
2020,2,A,골목상권,2110597,신월1동주민센터,517,302,215,0,30,68,111,150,158,0,14,36,54,84,114,0,16,32,57,66,44
2020,2,A,골목상권,2110596,서서울호수공원,417,272,145,2,48,90,107,113,57,0,28,56,74,71,43,2,20,34,33,42,14
2020,2,A,골목상권,2110595,메디힐병원,731,459,272,0,80,148,163,185,155,0,34,85,86,136,118,0,46,63,77,49,37
2020,2,A,골목상권,2110594,신월중학교,453,225,228,0,54,166,104,96,33,0,14,66,56,59,30,0,40,100,48,37,3
2020,2,A,골목상권,2110593,신월3동주민센터,304,157,147,0,38,65,76,87,38,0,12,32,45,44,24,0,26,33,31,43,14
2020,2,A,골목상권,2110592,서울금융고등학교,449,344,105,0,19,35,74,156,165,0,9,13,45,128,149,0,10,22,29,28,16
2020,2,A,골목상권,2110591,충정로역 6번,627,422,205,0,99,158,178,126,66,0,55,103,135,92,37,0,44,55,43,34,29
2020,2,A,골목상권,2110590,만리재,97,50,47,0,19,23,23,25,7,0,6,12,11,16,5,0,13,11,12,9,2
2020,2,A,골목상권,2110589,애오개역 3번,58,14,44,0,4,8,19,13,14,0,0,1,5,6,2,0,4,7,14,7,12
2020,2,A,골목상권,2110588,한겨레신문사,169,92,77,0,34,44,41,33,17,0,14,22,20,21,15,0,20,22,21,12,2
2020,2,A,골목상권,2110587,공덕동주민센터,238,121,117,1,36,43,69,53,36,1,15,25,41,23,16,0,21,18,28,30,20
2020,2,A,골목상권,2110586,서울서부지방법원,1461,863,598,2,376,402,333,188,160,1,231,267,164,98,102,1,145,135,169,90,58
2020,2,A,골목상권,2110585,마포경찰서,918,790,128,0,192,360,176,181,9,0,150,313,153,166,8,0,42,47,23,15,1
2020,2,A,골목상권,2110584,아현역 4번,49,13,36,0,4,7,14,13,11,0,0,0,2,5,6,0,4,7,12,8,5
2020,2,A,골목상권,2110583,공덕래미안3차아파트,316,164,152,0,44,98,102,57,15,0,7,54,60,35,8,0,37,44,42,22,7
2020,2,A,골목상권,2110582,이대역 5번,59,19,40,0,6,11,16,16,10,0,0,4,4,6,5,0,6,7,12,10,5
2020,2,A,골목상권,2110581,염리초등학교,16,11,5,0,0,0,2,6,8,0,0,0,2,3,6,0,0,0,0,3,2
2020,2,A,골목상권,2110580,양원초등학교,78,20,58,0,3,6,16,25,28,0,0,1,3,11,5,0,3,5,13,14,23
2020,2,A,골목상권,2110579,마포역 4번,758,561,197,2,62,160,253,214,67,1,37,123,190,160,50,1,25,37,63,54,17
2020,2,A,골목상권,2110578,대흥역 2번,2091,1413,678,2,213,337,391,638,510,1,80,225,309,452,346,1,133,112,82,186,164
2020,2,A,골목상권,2110577,용강동주민센터,145,105,40,0,15,42,47,31,10,0,12,31,38,17,7,0,3,11,9,14,3
2020,2,A,골목상권,2110576,대흥역 3번,1605,1112,493,71,503,480,308,163,80,27,310,365,253,111,46,44,193,115,55,52,34
2020,2,A,골목상권,2110575,대흥동주민센터,206,156,50,2,25,47,36,48,48,2,11,35,25,40,43,0,14,12,11,8,5
2020,2,A,골목상권,2110574,서강대학교,173,123,50,0,35,41,49,38,10,0,17,30,41,30,5,0,18,11,8,8,5
2020,2,A,골목상권,2110573,신촌역 6번,33,14,19,0,7,4,6,8,8,0,2,0,3,3,6,0,5,4,3,5,2
2020,2,A,골목상권,2110572,서강대역 1번,470,254,216,1,63,130,117,116,43,1,32,67,58,66,30,0,31,63,59,50,13
2020,2,A,골목상권,2110571,신수동주민센터,635,358,277,5,109,159,187,126,49,5,57,88,98,74,36,0,52,71,89,52,13
2020,2,A,골목상권,2110570,KB국민은행 서강지점,61,39,22,0,4,22,18,12,5,0,4,13,10,7,5,0,0,9,8,5,0
2020,2,A,골목상권,2110569,홍대땡땡거리,358,153,205,2,62,108,97,53,36,1,18,48,46,19,21,1,44,60,51,34,15
2020,2,A,골목상권,2110568,광흥창역 1번,67,32,35,0,12,21,14,15,5,0,4,10,6,9,3,0,8,11,8,6,2
2020,2,A,골목상권,2110567,광흥창역 6번,91,61,30,0,16,26,27,12,10,0,8,20,13,11,9,0,8,6,14,1,1
2020,2,A,골목상권,2110566,경의선책거리,1690,934,756,2,359,547,406,290,86,1,137,328,252,157,59,1,222,219,154,133,27
2020,2,A,골목상권,2110565,홍익대,107,64,43,0,16,32,34,19,6,0,8,15,23,13,5,0,8,17,11,6,1
2020,2,A,골목상권,2110564,홍대입구역 3번,471,211,260,0,54,125,161,78,53,0,19,47,103,22,20,0,35,78,58,56,33
2020,2,A,골목상권,2110563,상수역 3번,355,274,81,12,83,130,78,23,29,10,63,101,61,16,23,2,20,29,17,7,6
2020,2,A,골목상권,2110562,연트럴파크(연남동주민센터),426,237,189,1,73,118,96,94,44,1,29,76,55,44,32,0,44,42,41,50,12
2020,2,A,골목상권,2110561,상수역 4번,395,247,148,4,59,102,94,89,47,2,21,56,64,68,36,2,38,46,30,21,11
2020,2,A,골목상권,2110560,마포FM,292,140,152,0,26,64,87,77,38,0,10,26,40,36,28,0,16,38,47,41,10
2020,2,A,골목상권,2110559,성산중학교,757,474,283,4,102,187,203,167,94,3,54,102,127,118,70,1,48,85,76,49,24
2020,2,A,골목상권,2110558,경성고등학교,2338,1579,759,11,302,556,565,513,391,10,149,343,406,384,287,1,153,213,159,129,104
2020,2,A,골목상권,2110557,홍대부속여중고앞,760,465,295,1,100,188,196,149,126,1,37,110,137,95,85,0,63,78,59,54,41
2020,2,A,골목상권,2110556,절두산순교성지,176,112,64,3,17,42,58,39,17,3,8,27,39,24,11,0,9,15,19,15,6
2020,2,A,골목상권,2110555,홍익지구대,335,161,174,1,58,69,68,50,89,0,16,32,34,21,58,1,42,37,34,29,31
2020,2,A,골목상권,2110554,망원역 1번,1499,727,772,2,210,352,484,333,118,2,105,174,225,147,74,0,105,178,259,186,44
2020,2,A,골목상권,2110553,가좌역 2번,257,150,107,0,23,42,73,79,40,0,14,23,39,41,33,0,9,19,34,38,7
2020,2,A,골목상권,2110552,성미산체육관,646,469,177,1,110,162,148,159,66,0,72,121,99,129,48,1,38,41,49,30,18
2020,2,A,골목상권,2110551,성서초등학교,803,387,416,1,110,164,235,172,121,1,42,90,114,81,59,0,68,74,121,91,62
2020,2,A,골목상권,2110550,합정역 8번,1578,740,838,1,240,411,414,333,179,0,84,165,221,171,99,1,156,246,193,162,80
2020,2,A,골목상권,2110549,새터산,283,137,146,1,48,61,76,46,51,1,18,31,43,16,28,0,30,30,33,30,23
2020,2,A,골목상권,2110548,마포구청역 4번,795,475,320,5,130,185,210,136,129,3,57,95,122,89,109,2,73,90,88,47,20
2020,2,A,골목상권,2110547,KB국민은행 망원동지점,284,168,116,0,13,47,93,76,55,0,4,25,55,45,39,0,9,22,38,31,16
2020,2,A,골목상권,2110546,양화대교북단,684,408,276,3,185,240,142,68,46,3,79,121,109,55,41,0,106,119,33,13,5
2020,2,A,골목상권,2110545,마포구청역 1번,880,496,384,1,74,169,241,262,133,1,30,100,116,154,95,0,44,69,125,108,38
2020,2,A,골목상권,2110544,망리단길,1203,718,485,1,179,248,331,253,191,1,107,153,171,147,139,0,72,95,160,106,52
2020,2,A,골목상권,2110543,중암중학교,38,25,13,0,6,8,14,7,3,0,3,5,8,6,3,0,3,3,6,1,0
2020,2,A,골목상권,2110542,마포구청역 7번,4013,2450,1563,16,528,715,782,1306,666,9,298,578,607,588,370,7,230,137,175,718,296
2020,2,A,골목상권,2110541,동교초등학교,377,221,156,0,43,59,101,96,78,0,23,37,63,50,48,0,20,22,38,46,30
2020,2,A,골목상권,2110540,망원나들목체육관,288,154,134,0,45,74,85,62,22,0,24,38,42,36,14,0,21,36,43,26,8
2020,2,A,골목상권,2110539,미근동,2792,1821,971,13,225,688,889,822,155,9,167,550,547,424,124,4,58,138,342,398,31
2020,2,A,골목상권,2110538,충정로역 3번,284,178,106,0,12,42,56,66,108,0,5,27,35,42,69,0,7,15,21,24,39
2020,2,A,골목상권,2110537,충정로현대아파트,1514,848,666,1,362,525,328,177,121,0,150,263,215,134,86,1,212,262,113,43,35
2020,2,A,골목상권,2110536,돈의문센트레빌아파트입구,141,105,36,0,12,23,61,32,13,0,7,17,50,21,10,0,5,6,11,11,3
2020,2,A,골목상권,2110535,영천시장입구,797,440,357,2,77,119,179,281,139,2,36,62,110,152,78,0,41,57,69,129,61
2020,2,A,골목상권,2110534,경기대학교,134,67,67,0,9,25,23,33,44,0,6,16,10,11,24,0,3,9,13,22,20
2020,2,A,골목상권,2110533,충정로역 7번,22,11,11,0,5,5,3,5,4,0,0,2,2,4,3,0,5,3,1,1,1
2020,2,A,골목상권,2110532,아현역 2번,330,205,125,0,52,33,48,78,119,0,17,13,23,57,95,0,35,20,25,21,24
2020,2,A,골목상권,2110531,홍지문,141,61,80,0,16,26,24,56,19,0,13,19,13,9,7,0,3,7,11,47,12
2020,2,A,골목상권,2110530,아현역 1번,36,20,16,0,5,5,7,15,4,0,2,5,4,6,3,0,3,0,3,9,1
2020,2,A,골목상권,2110529,홍제3동주민센터,136,67,69,0,14,22,30,27,43,0,2,6,11,16,32,0,12,16,19,11,11
2020,2,A,골목상권,2110528,서울여자간호대학교,309,149,160,0,11,22,32,69,175,0,10,12,16,22,89,0,1,10,16,47,86
2020,2,A,골목상권,2110527,홍제역 2번,177,83,94,1,35,39,35,38,29,1,11,26,14,19,12,0,24,13,21,19,17
2020,2,A,골목상권,2110526,봉원사,241,122,119,1,21,43,58,58,60,1,8,22,26,28,37,0,13,21,32,30,23
2020,2,A,골목상권,2110525,홍은종합사회복지관,61,17,44,0,10,12,15,10,14,0,1,3,0,4,9,0,9,9,15,6,5
2020,2,A,골목상권,2110524,연희세브란스병원,55,23,32,0,10,13,15,10,7,0,5,6,6,3,3,0,5,7,9,7,4
2020,2,A,골목상권,2110523,홍제성원아파트,25,11,14,0,0,6,7,7,5,0,0,1,3,5,2,0,0,5,4,2,3
2020,2,A,골목상권,2110522,홍제역 3번,8,3,5,0,3,0,1,1,3,0,0,0,0,1,2,0,3,0,1,0,1
2020,2,A,골목상권,2110521,홍제역 4번,63,36,27,0,4,7,19,17,16,0,0,4,10,9,13,0,4,3,9,8,3
2020,2,A,골목상권,2110520,경의중앙 신촌역,78,38,40,0,22,12,27,10,7,0,5,5,13,9,6,0,17,7,14,1,1
2020,2,A,골목상권,2110519,서대문구보건소별관,470,175,295,0,58,96,113,139,64,0,15,37,46,42,35,0,43,59,67,97,29
2020,2,A,골목상권,2110518,서대문구청,117,70,47,0,19,39,29,18,12,0,6,19,22,12,11,0,13,20,7,6,1
2020,2,A,골목상권,2110517,서대문소방서,1051,692,359,8,225,280,242,207,89,5,104,187,179,161,56,3,121,93,63,46,33
2020,2,A,골목상권,2110516,정원여중,114,85,29,0,24,19,35,22,14,0,17,14,26,19,9,0,7,5,9,3,5
2020,2,A,골목상권,2110515,홍은중학교,399,312,87,1,46,119,119,68,46,1,33,93,94,52,39,0,13,26,25,16,7
2020,2,A,골목상권,2110514,서대문우체국,86,19,67,0,26,26,17,9,8,0,0,4,7,4,4,0,26,22,10,5,4
2020,2,A,골목상권,2110513,연희파출소,457,241,216,0,51,87,110,130,79,0,17,46,58,69,51,0,34,41,52,61,28
2020,2,A,골목상권,2110512,연희지하차도,357,183,174,0,44,70,106,104,33,0,17,46,47,52,21,0,27,24,59,52,12
2020,2,A,골목상권,2110511,연희초등학교,3766,3317,449,2,465,768,660,1520,351,1,363,658,539,1427,329,1,102,110,121,93,22
2020,2,A,골목상권,2110510,홍연시장,99,59,40,0,8,14,35,26,16,0,4,6,23,14,12,0,4,8,12,12,4
2020,2,A,골목상권,2110509,연희대우아파트앞,691,333,358,0,73,177,151,193,97,0,29,73,77,101,53,0,44,104,74,92,44
2020,2,A,골목상권,2110508,서연중학교,1028,470,558,9,149,249,175,268,178,3,66,152,81,93,75,6,83,97,94,175,103
2020,2,A,골목상권,2110507,명지대학교,1537,1156,381,29,392,636,318,129,33,26,257,481,282,83,27,3,135,155,36,46,6
2020,2,A,골목상권,2110506,연희임광아파트,110,66,44,0,5,12,39,29,25,0,1,8,20,19,18,0,4,4,19,10,7
2020,2,A,골목상권,2110505,홍남교남측,14,9,5,0,1,0,3,7,3,0,0,0,2,5,2,0,1,0,1,2,1
2020,2,A,골목상권,2110504,명지전문대,139,35,104,0,8,17,27,38,49,0,3,4,6,11,11,0,5,13,21,27,38
2020,2,A,골목상권,2110503,명지대학교교회,230,123,107,0,27,52,59,64,28,0,9,30,26,36,22,0,18,22,33,28,6
2020,2,A,골목상권,2110502,남가좌파출소,290,147,143,0,29,34,73,92,62,0,14,16,35,47,35,0,15,18,38,45,27
2020,2,A,골목상권,2110501,연희어린이공원,214,82,132,0,12,33,40,75,54,0,3,20,15,18,26,0,9,13,25,57,28
2020,2,A,골목상권,2110500,남가좌동현대아파트,74,54,20,0,12,13,23,22,4,0,8,9,17,17,3,0,4,4,6,5,1
2020,2,A,골목상권,2110499,연가초등학교,282,123,159,0,44,47,83,67,41,0,8,22,32,35,26,0,36,25,51,32,15
2020,2,A,골목상권,2110498,증산역 1번,222,102,120,0,15,32,75,68,32,0,7,9,31,32,23,0,8,23,44,36,9
2020,2,A,골목상권,2110497,가좌역 3번,299,247,52,0,13,33,86,117,50,0,3,16,74,113,41,0,10,17,12,4,9
2020,2,A,골목상권,2110496,모래내우체국,611,333,278,2,88,190,160,89,82,2,20,100,117,42,52,0,68,90,43,47,30
2020,2,A,골목상권,2110495,북가좌2동주민센터,501,372,129,0,28,67,125,185,96,0,11,45,88,152,76,0,17,22,37,33,20
2020,2,A,골목상권,2110494,증산3교남측,31,24,7,0,1,8,7,9,6,0,0,7,5,7,5,0,1,1,2,2,1
2020,2,A,골목상권,2110493,북가좌초등학교,892,830,62,0,2,19,27,80,764,0,0,12,22,68,728,0,2,7,5,12,36
2020,2,A,골목상권,2110492,하나고등학교,247,43,204,1,6,15,13,98,114,0,1,8,7,10,17,1,5,7,6,88,97
2020,2,A,골목상권,2110491,불광중학교,195,90,105,0,13,35,71,56,20,0,8,20,32,18,12,0,5,15,39,38,8
2020,2,A,골목상권,2110490,녹번동근린공원,307,166,141,0,30,64,85,76,52,0,11,30,47,45,33,0,19,34,38,31,19
2020,2,A,골목상권,2110489,불광역 3번,35,25,10,0,3,7,10,10,5,0,3,4,7,6,5,0,0,3,3,4,0
2020,2,A,골목상권,2110488,우리은행응암동지점,171,103,68,1,14,24,41,36,55,0,8,16,19,15,45,1,6,8,22,21,10
2020,2,A,골목상권,2110487,불광역 8번,63,35,28,0,11,22,15,8,7,0,6,11,7,8,3,0,5,11,8,0,4
2020,2,A,골목상권,2110486,은평구청,629,292,337,0,86,110,146,178,109,0,55,72,56,64,45,0,31,38,90,114,64
2020,2,A,골목상권,2110485,연신내우체국,1259,678,581,0,7,24,35,160,1033,0,4,5,15,70,584,0,3,19,20,90,449
2020,2,A,골목상권,2110484,역촌역 3번,500,203,297,6,62,136,132,103,61,5,34,48,43,35,38,1,28,88,89,68,23
2020,2,A,골목상권,2110483,연천초등학교,147,90,57,0,13,21,45,22,46,0,5,11,31,13,30,0,8,10,14,9,16
2020,2,A,골목상권,2110482,연신초등학교,45,19,26,0,2,5,16,19,3,0,0,0,6,11,2,0,2,5,10,8,1
2020,2,A,골목상권,2110481,불광역 7번,193,86,107,0,13,43,41,57,39,0,2,22,11,24,27,0,11,21,30,33,12
2020,2,A,골목상권,2110480,연신내역 3번,117,34,83,0,7,27,37,29,17,0,0,7,12,9,6,0,7,20,25,20,11
2020,2,A,골목상권,2110479,연신내역 2번,304,177,127,1,50,83,64,66,40,0,28,71,33,32,13,1,22,12,31,34,27
2020,2,A,골목상권,2110478,응암1동주민센터,359,221,138,2,26,39,56,58,178,2,16,23,28,33,119,0,10,16,28,25,59
2020,2,A,골목상권,2110477,은평세무서,434,205,229,0,43,62,106,141,82,0,15,23,49,71,47,0,28,39,57,70,35
2020,2,A,골목상권,2110476,역촌역 2번,56,26,30,0,2,8,22,17,7,0,1,3,9,7,6,0,1,5,13,10,1
2020,2,A,골목상권,2110475,백련산해모로아파트,241,126,115,1,23,42,76,68,31,1,10,24,44,28,19,0,13,18,32,40,12
2020,2,A,골목상권,2110474,세명컴퓨터고등학교,196,68,128,0,12,41,40,59,44,0,3,19,15,11,20,0,9,22,25,48,24
2020,2,A,골목상권,2110473,구산역 1번,436,241,195,0,34,59,113,107,123,0,24,27,53,49,88,0,10,32,60,58,35
2020,2,A,골목상권,2110472,연신내역 4번,336,156,180,2,52,77,80,68,57,1,16,43,30,37,29,1,36,34,50,31,28
2020,2,A,골목상권,2110471,응암동우체국,258,110,148,0,33,58,70,72,25,0,10,17,25,36,22,0,23,41,45,36,3
2020,2,A,골목상권,2110470,신진과학기술고등학교,127,78,49,0,30,22,40,25,10,0,12,11,31,19,5,0,18,11,9,6,5
2020,2,A,골목상권,2110469,응암정보도서관,340,184,156,1,38,58,102,103,38,0,11,29,59,56,29,1,27,29,43,47,9
2020,2,A,골목상권,2110468,응암역 3번,1129,494,635,2,141,256,316,256,158,0,44,114,140,109,87,2,97,142,176,147,71
2020,2,A,골목상권,2110467,은평요양병원,487,284,203,3,90,154,110,68,62,2,46,100,61,37,38,1,44,54,49,31,24
2020,2,A,골목상권,2110466,구산역 2번,87,46,41,0,12,17,26,24,8,0,4,5,16,15,6,0,8,12,10,9,2
2020,2,A,골목상권,2110465,연신내역 7번,229,110,119,3,36,48,55,52,35,2,11,25,24,23,25,1,25,23,31,29,10
2020,2,A,골목상권,2110464,연신내역 5번,301,170,131,4,32,53,93,85,34,4,18,28,44,49,27,0,14,25,49,36,7
2020,2,A,골목상권,2110463,응암3동주민센터,123,54,69,0,7,23,36,26,31,0,3,6,14,11,20,0,4,17,22,15,11
2020,2,A,골목상권,2110462,갈현건영아파트,354,220,134,1,41,64,104,81,63,1,23,38,61,50,47,0,18,26,43,31,16
2020,2,A,골목상권,2110461,새절역 2번,39,21,18,0,2,8,11,10,8,0,2,2,6,6,5,0,0,6,5,4,3
2020,2,A,골목상권,2110460,구산역 4번,969,582,387,0,57,184,248,234,246,0,18,124,133,121,186,0,39,60,115,113,60
2020,2,A,골목상권,2110459,응암역 2번,547,198,349,1,50,105,159,154,78,0,9,38,77,41,33,1,41,67,82,113,45
2020,2,A,골목상권,2110458,선일여고,404,211,193,1,34,87,96,122,64,0,19,52,49,54,37,1,15,35,47,68,27
2020,2,A,골목상권,2110457,예일여고,484,284,200,1,60,89,88,132,114,0,27,47,47,71,92,1,33,42,41,61,22
2020,2,A,골목상권,2110456,구산보건지소,966,543,423,3,284,226,177,146,130,1,123,112,94,96,117,2,161,114,83,50,13
2020,2,A,골목상권,2110455,역촌노인복지관,678,360,318,2,69,118,187,198,104,0,34,63,89,105,69,2,35,55,98,93,35
2020,2,A,골목상권,2110454,선정중학교,481,268,213,3,56,71,142,108,101,2,42,35,53,66,70,1,14,36,89,42,31
2020,2,A,골목상권,2110453,신사1동주민센터,515,288,227,0,43,81,121,155,115,0,20,25,65,85,93,0,23,56,56,70,22
2020,2,A,골목상권,2110452,새절역 3번,420,347,73,1,17,47,78,132,145,1,11,29,58,113,135,0,6,18,20,19,10
2020,2,A,골목상권,2110451,증산역 4번,1296,986,310,2,153,384,374,298,85,2,78,294,312,235,65,0,75,90,62,63,20
2020,2,A,골목상권,2110450,시립서북병원,1576,644,932,4,301,361,344,339,227,2,124,172,146,108,92,2,177,189,198,231,135
2020,2,A,골목상권,2110449,증산역 3번,717,414,303,0,105,161,186,149,116,0,47,98,99,85,85,0,58,63,87,64,31
2020,2,A,골목상권,2110448,상신초등학교입구,120,76,44,1,20,27,26,26,20,1,17,17,12,14,15,0,3,10,14,12,5
2020,2,A,골목상권,2110447,구산초등학교,12,7,5,0,2,2,3,1,4,0,1,2,1,1,2,0,1,0,2,0,2
2020,2,A,골목상권,2110446,내를건너서숲으로도서관,375,294,81,0,65,88,84,69,69,0,61,77,55,44,57,0,4,11,29,25,12
2020,2,A,골목상권,2110445,덕산중학교,61,45,16,0,18,14,15,6,8,0,10,9,12,6,8,0,8,5,3,0,0
2020,2,A,골목상권,2110444,수색성당,170,73,97,0,13,53,46,45,13,0,5,27,13,17,11,0,8,26,33,28,2
2020,2,A,골목상권,2110443,수색역 1번,14,7,7,0,1,1,7,4,1,0,0,1,2,3,1,0,1,0,5,1,0
2020,2,A,골목상권,2110442,화랑대철도공원,76,20,56,0,1,4,14,49,8,0,0,2,4,10,4,0,1,2,10,39,4
2020,2,A,골목상권,2110441,영신여고,172,78,94,0,19,38,41,45,29,0,7,20,16,23,12,0,12,18,25,22,17
2020,2,A,골목상권,2110440,상계3동4동주민센터,49,16,33,0,8,6,15,10,10,0,1,1,4,2,8,0,7,5,11,8,2
2020,2,A,골목상권,2110439,당고개역 5번,63,21,42,0,3,7,6,19,28,0,0,4,2,7,8,0,3,3,4,12,20
2020,2,A,골목상권,2110438,경춘선숲길 우측,230,110,120,0,26,54,83,52,15,0,12,21,38,30,9,0,14,33,45,22,6
2020,2,A,골목상권,2110437,당고개역 2번,116,40,76,0,16,23,25,41,11,0,5,11,9,10,5,0,11,12,16,31,6
2020,2,A,골목상권,2110436,상계제일중학교,93,60,33,0,15,21,33,20,4,0,5,13,23,15,4,0,10,8,10,5,0
2020,2,A,골목상권,2110435,서울과학기술대,73,40,33,0,5,12,18,25,13,0,3,4,8,14,11,0,2,8,10,11,2
2020,2,A,골목상권,2110434,태릉입구역 4번,121,62,59,0,13,11,24,35,38,0,3,2,12,22,23,0,10,9,12,13,15
2020,2,A,골목상권,2110433,공릉역 2번,401,137,264,1,30,41,46,46,237,1,17,30,25,18,46,0,13,11,21,28,191
2020,2,A,골목상권,2110432,대진고등학교,894,734,160,0,55,146,248,343,102,0,27,96,214,311,86,0,28,50,34,32,16
2020,2,A,골목상권,2110431,상계역,124,72,52,1,16,24,28,37,18,0,2,13,17,27,13,1,14,11,11,10,5
2020,2,A,골목상권,2110430,중계초등학교,307,114,193,0,20,36,65,106,80,0,9,11,21,29,44,0,11,25,44,77,36
2020,2,A,골목상권,2110429,공릉동 국수거리,2074,916,1158,3,224,284,511,689,363,1,91,167,248,234,175,2,133,117,263,455,188
2020,2,A,골목상권,2110428,상계5동주민센터,491,217,274,1,43,52,106,158,131,0,14,25,45,70,63,1,29,27,61,88,68
2020,2,A,골목상권,2110427,노원 을지대학교병원,363,281,82,0,27,27,62,126,121,0,12,14,31,109,115,0,15,13,31,17,6
2020,2,A,골목상권,2110426,상계2동주민센터,337,169,168,0,32,57,83,96,69,0,15,30,39,45,40,0,17,27,44,51,29
2020,2,A,골목상권,2110425,계상초등학교,130,54,76,2,18,10,35,38,27,2,5,5,18,14,10,0,13,5,17,24,17
2020,2,A,골목상권,2110424,상계초등학교,388,157,231,2,42,50,96,106,92,2,18,32,32,42,31,0,24,18,64,64,61
2020,2,A,골목상권,2110423,석계역 2번,280,104,176,0,27,29,65,73,86,0,9,15,31,29,20,0,18,14,34,44,66
2020,2,A,골목상권,2110422,노원역 9번,277,221,56,0,27,70,94,54,32,0,24,59,79,37,22,0,3,11,15,17,10
2020,2,A,골목상권,2110421,석계역 1번,249,109,140,0,22,37,78,65,47,0,8,16,31,26,28,0,14,21,47,39,19
2020,2,A,골목상권,2110420,광운대역 1번,814,483,331,7,235,312,188,43,29,0,114,236,92,23,18,7,121,76,96,20,11
2020,2,A,골목상권,2110419,수락산디자인거리,789,536,253,5,96,138,186,200,164,5,51,79,130,146,125,0,45,59,56,54,39
2020,2,A,골목상권,2110418,광운대학교 남단,100,45,55,0,11,17,23,26,23,0,5,5,13,16,6,0,6,12,10,10,17
2020,2,A,골목상권,2110417,월계역 3번,26,14,12,0,11,9,2,4,0,0,4,6,2,2,0,0,7,3,0,2,0
2020,2,A,골목상권,2110416,노원초등학교,468,244,224,4,61,110,118,126,49,2,24,73,58,58,29,2,37,37,60,68,20
2020,2,A,골목상권,2110415,수락산역 4번,635,386,249,5,82,110,155,174,109,5,46,71,85,110,69,0,36,39,70,64,40
2020,2,A,골목상권,2110414,장석교회,61,47,14,0,5,13,15,20,8,0,3,11,11,17,5,0,2,2,4,3,3
2020,2,A,골목상권,2110413,누원고등학교,54,33,21,0,8,11,12,11,12,0,5,8,5,5,10,0,3,3,7,6,2
2020,2,A,골목상권,2110412,창동중학교,25,23,2,0,4,7,3,4,7,0,3,7,3,3,7,0,1,0,0,1,0
2020,2,A,골목상권,2110411,도봉역 3번,413,368,45,1,13,35,58,137,169,0,10,22,45,130,161,1,3,13,13,7,8
2020,2,A,골목상권,2110410,방학역 2번,957,833,124,3,75,187,185,224,283,2,61,162,154,194,260,1,14,25,31,30,23
2020,2,A,골목상권,2110409,창동역 2번,3957,2958,999,1,352,962,964,701,977,0,256,794,803,441,664,1,96,168,161,260,313
2020,2,A,골목상권,2110408,가인초등학교,359,108,251,0,68,70,101,86,34,0,13,24,33,22,16,0,55,46,68,64,18
2020,2,A,골목상권,2110407,도봉역 2번,562,338,224,1,32,77,115,203,134,1,8,41,57,126,105,0,24,36,58,77,29
2020,2,A,골목상권,2110406,도봉산역 1번,659,595,64,0,13,37,147,294,168,0,6,25,133,278,153,0,7,12,14,16,15
2020,2,A,골목상권,2110405,방학역 1번,1123,365,758,3,130,176,308,427,79,3,67,109,82,70,34,0,63,67,226,357,45
2020,2,A,골목상권,2110404,신창초등학교,520,300,220,1,42,96,163,136,82,0,11,57,109,76,47,1,31,39,54,60,35
2020,2,A,골목상권,2110403,방학1동주민센터,316,167,149,1,44,56,63,78,74,1,30,37,36,36,27,0,14,19,27,42,47
2020,2,A,골목상권,2110402,도봉구 정병원,471,221,250,1,85,98,98,106,83,0,24,38,54,59,46,1,61,60,44,47,37
2020,2,A,골목상권,2110401,도봉구민회관,243,65,178,0,29,32,38,87,57,0,4,14,14,22,11,0,25,18,24,65,46
2020,2,A,골목상권,2110400,도봉구보건소,191,111,80,0,20,35,53,51,32,0,9,22,32,26,22,0,11,13,21,25,10
2020,2,A,골목상권,2110399,창2동주민센터,852,519,333,8,114,210,262,189,69,8,71,159,139,94,48,0,43,51,123,95,21
2020,2,A,골목상권,2110398,쌍문2동우체국,474,326,148,0,30,65,96,153,130,0,11,27,50,124,114,0,19,38,46,29,16
2020,2,A,골목상권,2110397,도봉산입구,469,257,212,0,31,56,101,131,150,0,6,34,39,73,105,0,25,22,62,58,45
2020,2,A,골목상권,2110396,쌍문역1번(쌍리단길),259,94,165,2,41,49,52,76,39,0,13,15,22,29,15,2,28,34,30,47,24
2020,2,A,골목상권,2110395,신한은행 방학동지점,163,42,121,0,17,20,44,42,40,0,0,2,11,9,20,0,17,18,33,33,20
2020,2,A,골목상권,2110394,방학중학교,193,116,77,0,15,32,46,48,52,0,8,18,23,29,38,0,7,14,23,19,14
2020,2,A,골목상권,2110393,국민은행방학지점,49,13,36,0,2,10,17,15,5,0,0,0,4,6,3,0,2,10,13,9,2
2020,2,A,골목상권,2110392,발바닥공원,43,17,26,0,2,8,7,10,16,0,0,0,3,3,11,0,2,8,4,7,5
2020,2,A,골목상권,2110391,샘말어린이공원,373,154,219,0,29,54,74,53,163,0,14,28,40,26,46,0,15,26,34,27,117
2020,2,A,골목상권,2110390,방학초등학교,225,105,120,0,18,60,66,58,23,0,7,33,27,27,11,0,11,27,39,31,12
2020,2,A,골목상권,2110389,한일병원,209,120,89,0,23,37,57,53,39,0,10,19,35,30,26,0,13,18,22,23,13
2020,2,A,골목상권,2110388,도봉우체국,35,23,12,0,4,3,10,14,4,0,2,2,7,8,4,0,2,1,3,6,0
2020,2,A,골목상권,2110387,쌍문초등학교,335,185,150,0,38,53,98,88,58,0,13,29,51,47,45,0,25,24,47,41,13
2020,2,A,골목상권,2110386,연산군묘,124,114,10,0,4,3,10,44,63,0,1,3,7,40,63,0,3,0,3,4,0
2020,2,A,골목상권,2110385,효문고등학교,37,22,15,0,3,9,12,4,9,0,2,5,3,4,8,0,1,4,9,0,1
2020,2,A,골목상권,2110384,문이교,248,138,110,0,37,20,50,81,60,0,12,8,21,51,46,0,25,12,29,30,14
2020,2,A,골목상권,2110383,덕성여대시반거리,33,21,12,0,0,3,13,10,7,0,0,2,9,5,5,0,0,1,4,5,2
2020,2,A,골목상권,2110382,솔밭공원역 1번,32,25,7,0,1,9,8,7,7,0,0,5,6,7,7,0,1,4,2,0,0
2020,2,A,골목상권,2110381,번동주공2단지,171,88,83,5,31,28,38,55,14,4,11,14,21,30,8,1,20,14,17,25,6
2020,2,A,골목상권,2110380,강북문화정보도서관,48,15,33,0,12,10,12,10,4,0,0,3,5,4,3,0,12,7,7,6,1
2020,2,A,골목상권,2110379,KT&G 북부지사,12,3,9,1,1,1,3,3,3,0,0,0,1,1,1,1,1,1,2,2,2
2020,2,A,골목상권,2110378,송중동주민센터,23,13,10,0,1,4,6,9,3,0,1,2,2,6,2,0,0,2,4,3,1
2020,2,A,골목상권,2110377,미아사거리역 3번,21,14,7,0,2,2,2,9,6,0,2,2,1,4,5,0,0,0,1,5,1
2020,2,A,골목상권,2110376,수송초등학교,224,142,82,0,26,47,62,60,29,0,12,29,38,41,22,0,14,18,24,19,7
2020,2,A,골목상권,2110375,서울북부고용노동지청,178,99,79,1,23,32,47,52,23,0,18,26,25,19,11,1,5,6,22,33,12
2020,2,A,골목상권,2110374,송중초등학교,491,272,219,5,33,60,145,140,108,5,9,29,73,70,86,0,24,31,72,70,22
2020,2,A,골목상권,2110373,수유역 2번,891,705,186,0,129,255,172,236,99,0,90,208,134,205,68,0,39,47,38,31,31
2020,2,A,골목상권,2110372,강북중학교,188,100,88,0,21,43,50,48,26,0,17,25,18,20,20,0,4,18,32,28,6
2020,2,A,골목상권,2110371,삼양입구사거리,49,23,26,0,2,7,10,19,11,0,0,3,5,10,5,0,2,4,5,9,6
2020,2,A,골목상권,2110370,도봉세무서,367,255,112,0,17,61,76,105,108,0,11,31,42,80,91,0,6,30,34,25,17
2020,2,A,골목상권,2110369,성신여대운정그린캠퍼스,518,214,304,1,49,46,131,131,160,1,10,16,44,53,90,0,39,30,87,78,70
2020,2,A,골목상권,2110368,송천초등학교,196,176,20,0,9,16,36,71,64,0,5,11,32,66,62,0,4,5,4,5,2
2020,2,A,골목상권,2110367,강북구청,1943,976,967,5,195,512,483,522,226,4,64,205,237,340,126,1,131,307,246,182,100
2020,2,A,골목상권,2110366,광산사거리,91,64,27,0,17,20,17,22,15,0,13,13,11,16,11,0,4,7,6,6,4
2020,2,A,골목상권,2110365,미아역 5번,341,83,258,0,17,21,44,63,196,0,5,12,15,17,34,0,12,9,29,46,162
2020,2,A,골목상권,2110364,미아역 8번,146,75,71,0,9,26,51,39,21,0,3,9,25,23,15,0,6,17,26,16,6
2020,2,A,골목상권,2110363,송천동주민센터,19,12,7,0,0,4,3,7,5,0,0,3,1,4,4,0,0,1,2,3,1
2020,2,A,골목상권,2110362,우이천 계성교,205,110,95,1,24,34,61,63,22,0,11,19,28,35,17,1,13,15,33,28,5
2020,2,A,골목상권,2110361,삼양사거리역 1번,101,29,72,0,9,12,19,28,33,0,2,4,3,7,13,0,7,8,16,21,20
2020,2,A,골목상권,2110360,수유초등학교,321,222,99,0,34,61,63,67,96,0,7,43,42,44,86,0,27,18,21,23,10
2020,2,A,골목상권,2110359,수유시장옆,117,67,50,0,12,25,33,36,11,0,3,12,16,29,7,0,9,13,17,7,4
2020,2,A,골목상권,2110358,인수동 우편취급국,558,300,258,0,18,35,68,214,223,0,2,18,24,94,162,0,16,17,44,120,61
2020,2,A,골목상권,2110357,가오리역 1번,725,611,114,0,25,36,171,340,153,0,4,18,146,310,133,0,21,18,25,30,20
2020,2,A,골목상권,2110356,덕수교,228,114,114,0,13,34,55,60,66,0,4,17,22,30,41,0,9,17,33,30,25
2020,2,A,골목상권,2110355,삼양사거리역 2번,306,254,52,0,8,26,44,103,125,0,1,10,31,94,118,0,7,16,13,9,7
2020,2,A,골목상권,2110354,삼각산119안전센터,22,5,17,0,2,3,10,5,2,0,0,0,2,1,2,0,2,3,8,4,0
2020,2,A,골목상권,2110353,수유동우체국,187,91,96,0,4,18,48,60,57,0,1,12,33,27,18,0,3,6,15,33,39
2020,2,A,골목상권,2110352,수유1동주민센터,305,121,184,0,28,55,103,86,33,0,11,24,37,32,17,0,17,31,66,54,16
2020,2,A,골목상권,2110351,수유북부시장옆,214,93,121,0,27,45,51,59,32,0,9,17,20,25,22,0,18,28,31,34,10
2020,2,A,골목상권,2110350,가오리역 2번,148,77,71,0,11,27,37,49,24,0,5,11,18,26,17,0,6,16,19,23,7
2020,2,A,골목상권,2110349,화계역 2번,83,67,16,0,6,4,21,33,19,0,5,3,12,28,19,0,1,1,9,5,0
2020,2,A,골목상권,2110348,강북문화예술회관,343,174,169,0,27,59,108,96,53,0,4,31,63,43,33,0,23,28,45,53,20
2020,2,A,골목상권,2110347,구세군강북종합사회복지관,38,17,21,0,10,7,5,9,7,0,1,5,1,5,5,0,9,2,4,4,2
2020,2,A,골목상권,2110346,4.19민주묘지역 2번,96,48,48,0,12,13,19,19,33,0,3,7,8,7,23,0,9,6,11,12,10
2020,2,A,골목상권,2110345,솔밭공원역 2번,117,48,69,1,14,20,26,38,18,0,3,6,8,18,13,1,11,14,18,20,5
2020,2,A,골목상권,2110344,화계중학교,12,10,2,0,7,1,1,2,1,0,5,1,1,2,1,0,2,0,0,0,0
2020,2,A,골목상권,2110343,무너미어린이공원,100,74,26,0,7,21,28,32,12,0,4,14,22,25,9,0,3,7,6,7,3
2020,2,A,골목상권,2110342,국립재활원,59,44,15,0,5,11,20,15,8,0,3,8,14,13,6,0,2,3,6,2,2
2020,2,A,골목상권,2110341,북한산우이역 2번,492,408,84,0,15,25,80,255,117,0,4,10,52,235,107,0,11,15,28,20,10
2020,2,A,골목상권,2110340,인수중학교,176,99,77,0,24,55,50,29,18,0,8,43,31,7,10,0,16,12,19,22,8
2020,2,A,골목상권,2110339,국립4.19민주묘지,26,10,16,0,2,4,8,7,5,0,0,3,5,0,2,0,2,1,3,7,3
2020,2,A,골목상권,2110338,인수초등학교,190,135,55,0,34,59,43,46,8,0,18,42,33,35,7,0,16,17,10,11,1
2020,2,A,골목상권,2110337,아카데미하우스,512,368,144,6,70,69,94,159,114,6,43,58,60,98,103,0,27,11,34,61,11
2020,2,A,골목상권,2110336,석관고등학교,94,84,10,0,3,17,16,37,21,0,3,15,13,34,19,0,0,2,3,3,2
2020,2,A,골목상권,2110335,석계역 7번,249,172,77,1,19,32,66,64,67,0,13,18,34,45,62,1,6,14,32,19,5
2020,2,A,골목상권,2110334,석관중앙교회,170,105,65,0,21,43,31,41,34,0,8,19,19,29,30,0,13,24,12,12,4
2020,2,A,골목상권,2110333,돌곶이역 5번,988,746,242,0,15,23,38,74,838,0,2,13,20,42,669,0,13,10,18,32,169
2020,2,A,골목상권,2110332,돌곶이역 3번,164,63,101,0,28,29,42,47,18,0,6,18,19,14,6,0,22,11,23,33,12
2020,2,A,골목상권,2110331,돌곶이역 8번,436,292,144,3,54,146,112,76,45,0,17,105,82,53,35,3,37,41,30,23,10
2020,2,A,골목상권,2110330,돌곶이역 1번,220,172,48,0,12,18,33,31,126,0,4,12,20,23,113,0,8,6,13,8,13
2020,2,A,골목상권,2110329,우리은행체육관,53,27,26,1,7,9,12,17,7,1,0,5,5,10,6,0,7,4,7,7,1
2020,2,A,골목상권,2110328,상월곡역 3번,250,157,93,1,41,81,66,39,22,1,26,58,33,24,15,0,15,23,33,15,7
2020,2,A,골목상권,2110327,상월곡역 2번,104,55,49,0,8,15,39,26,16,0,3,6,23,14,9,0,5,9,16,12,7
2020,2,A,골목상권,2110326,장위동성당,84,40,44,0,2,9,16,13,44,0,1,2,6,5,26,0,1,7,10,8,18
2020,2,A,골목상권,2110325,장곡초등학교,62,22,40,0,0,14,22,20,6,0,0,3,8,7,4,0,0,11,14,13,2
2020,2,A,골목상권,2110324,월곡역 4번,99,55,44,0,31,21,19,18,10,0,9,10,13,14,9,0,22,11,6,4,1
2020,2,A,골목상권,2110323,상월곡역 1번,109,30,79,2,25,24,28,18,12,0,4,5,11,5,5,2,21,19,17,13,7
2020,2,A,골목상권,2110322,장위1동주민센터,237,158,79,0,14,15,42,74,92,0,9,11,30,52,56,0,5,4,12,22,36
2020,2,A,골목상권,2110321,동덕여대,43,29,14,0,2,6,17,12,6,0,2,6,9,7,5,0,0,0,8,5,1
2020,2,A,골목상권,2110320,KB국민은행 종암동지점,72,44,28,0,2,11,24,21,14,0,1,5,12,14,12,0,1,6,12,7,2
2020,2,A,골목상권,2110319,종암동주민센터,277,111,166,1,45,49,65,62,55,0,8,19,24,32,28,1,37,30,41,30,27
2020,2,A,골목상권,2110318,KT월곡지사,148,78,70,0,21,29,45,36,17,0,10,19,22,14,13,0,11,10,23,22,4
2020,2,A,골목상권,2110317,종암중학교,412,207,205,0,33,120,153,86,20,0,14,47,78,59,9,0,19,73,75,27,11
2020,2,A,골목상권,2110316,숭곡초등학교,439,217,222,2,68,114,129,88,38,2,19,58,73,42,23,0,49,56,56,46,15
2020,2,A,골목상권,2110315,종암아이파크2차,124,78,46,0,11,17,41,38,17,0,4,9,27,25,13,0,7,8,14,13,4
2020,2,A,골목상권,2110314,종암경찰서,953,701,252,1,127,272,224,287,42,0,72,207,163,231,28,1,55,65,61,56,14
2020,2,A,골목상권,2110313,안암역 3번,2079,1351,728,2,209,555,672,477,164,0,96,312,446,356,141,2,113,243,226,121,23
2020,2,A,골목상권,2110312,안암역 2번,175,96,79,0,18,24,52,54,27,0,9,17,27,27,16,0,9,7,25,27,11
2020,2,A,골목상권,2110311,종암아이파크2차후문,49,21,28,0,3,5,24,7,10,0,2,2,6,4,7,0,1,3,18,3,3
2020,2,A,골목상권,2110310,길음역 10번,45,14,31,0,12,8,5,15,5,0,4,1,2,4,3,0,8,7,3,11,2
2020,2,A,골목상권,2110309,대광초등학교,354,252,102,0,37,57,103,96,61,0,18,39,69,75,51,0,19,18,34,21,10
2020,2,A,골목상권,2110308,길음역 8번,174,85,89,0,17,36,56,41,24,0,8,17,26,20,14,0,9,19,30,21,10
2020,2,A,골목상권,2110307,길음역 7번,158,71,87,0,29,32,52,27,18,0,7,17,23,12,12,0,22,15,29,15,6
2020,2,A,골목상권,2110306,미아초등학교,291,194,97,2,13,46,66,71,93,0,3,25,39,45,82,2,10,21,27,26,11
2020,2,A,골목상권,2110305,보문역 5번,883,661,222,3,165,255,173,133,154,1,99,199,129,103,130,2,66,56,44,30,24
2020,2,A,골목상권,2110304,보문역 4번,248,146,102,0,40,77,61,48,22,0,10,46,35,37,18,0,30,31,26,11,4
2020,2,A,골목상권,2110303,성신여대입구역 1번,138,97,41,1,7,35,44,27,24,0,2,22,28,25,20,1,5,13,16,2,4
2020,2,A,골목상권,2110302,보문역 8번,3818,3195,623,1,369,1436,715,829,468,1,257,1276,659,708,294,0,112,160,56,121,174
2020,2,A,골목상권,2110301,성신여대입구역 7번,484,209,275,1,73,84,96,134,96,0,31,37,39,62,40,1,42,47,57,72,56
2020,2,A,골목상권,2110300,삼선동주민센터,2735,1587,1148,3,248,710,769,844,161,2,97,300,444,629,115,1,151,410,325,215,46
2020,2,A,골목상권,2110299,정릉역 1번,372,241,131,1,33,49,83,95,111,0,9,12,40,74,106,1,24,37,43,21,5
2020,2,A,골목상권,2110298,솔숲어린이공원,77,28,49,0,18,11,24,12,12,0,3,5,7,5,8,0,15,6,17,7,4
2020,2,A,골목상권,2110297,경동고등학교,654,311,343,0,74,123,156,164,137,0,31,65,74,79,62,0,43,58,82,85,75
2020,2,A,골목상권,2110296,성신여대입구역 4번,77,39,38,1,7,12,30,11,16,1,3,7,15,8,5,0,4,5,15,3,11
2020,2,A,골목상권,2110295,정릉우체국,679,248,431,0,166,178,163,119,53,0,36,67,49,52,44,0,130,111,114,67,9
2020,2,A,골목상권,2110294,서경대학교,391,262,129,0,35,30,93,120,113,0,18,14,46,87,97,0,17,16,47,33,16
2020,2,A,골목상권,2110293,삼선중학교,1730,860,870,4,248,467,527,319,165,3,116,277,268,111,85,1,132,190,259,208,80
2020,2,A,골목상권,2110292,정릉역 2번,43,17,26,0,2,7,21,7,6,0,1,5,6,3,2,0,1,2,15,4,4
2020,2,A,골목상권,2110291,한성대입구역 3번,345,174,171,2,27,49,96,92,79,0,14,24,50,52,34,2,13,25,46,40,45
2020,2,A,골목상권,2110290,북한산보국문역 1번,96,78,18,0,2,9,29,37,19,0,1,8,23,30,16,0,1,1,6,7,3
2020,2,A,골목상권,2110289,북한산보국문역 2번,144,105,39,0,9,28,49,32,26,0,6,23,30,24,22,0,3,5,19,8,4
2020,2,A,골목상권,2110288,동구여중,216,139,77,1,19,49,52,55,40,0,9,22,35,40,33,1,10,27,17,15,7
2020,2,A,골목상권,2110287,정릉3동주민센터,70,50,20,0,9,12,18,19,12,0,5,8,15,12,10,0,4,4,3,7,2
2020,2,A,골목상권,2110286,한성대입구역 5번,978,468,510,17,187,284,317,122,51,8,70,126,143,83,38,9,117,158,174,39,13
2020,2,A,골목상권,2110285,홍대부중,814,559,255,9,219,220,210,100,56,6,118,172,163,69,31,3,101,48,47,31,25
2020,2,A,골목상권,2110284,정릉북한산국립공원입구,644,558,86,0,13,85,200,250,96,0,8,69,176,220,85,0,5,16,24,30,11
2020,2,A,골목상권,2110283,성북초등학교앞,203,78,125,0,16,33,56,80,18,0,8,10,23,27,10,0,8,23,33,53,8
2020,2,A,골목상권,2110282,국민대학교앞,1403,1162,241,15,213,430,341,239,165,14,151,387,296,212,102,1,62,43,45,27,63
2020,2,A,골목상권,2110281,길상사,13811,12087,1724,12,1418,3093,4057,4963,268,1,960,2426,3678,4822,200,11,458,667,379,141,68
2020,2,A,골목상권,2110280,북정마을,78,40,38,0,6,12,25,24,11,0,2,4,11,15,8,0,4,8,14,9,3
2020,2,A,골목상권,2110279,신내역 2번,9,8,1,0,0,1,4,4,0,0,0,1,3,4,0,0,0,0,1,0,0
2020,2,A,골목상권,2110278,망우본동주민센터,279,168,111,1,32,46,78,83,39,0,10,25,44,57,32,1,22,21,34,26,7
2020,2,A,골목상권,2110277,러스크서울병원,178,100,78,0,16,32,39,52,39,0,6,15,23,29,27,0,10,17,16,23,12
2020,2,A,골목상권,2110276,신내IC북측,39,25,14,0,1,6,11,12,9,0,0,5,6,9,5,0,1,1,5,3,4
2020,2,A,골목상권,2110275,하나은행 망우동지점,63,33,30,0,4,9,19,16,15,0,3,6,9,5,10,0,1,3,10,11,5
2020,2,A,골목상권,2110274,서일대학교,552,385,167,0,49,66,143,153,141,0,10,43,97,121,114,0,39,23,46,32,27
2020,2,A,골목상권,2110273,장스여성병원,610,446,164,7,31,37,75,209,251,0,4,8,37,168,229,7,27,29,38,41,22
2020,2,A,골목상권,2110272,신내1동주민센터,471,318,153,0,45,69,93,149,115,0,15,35,60,103,105,0,30,34,33,46,10
2020,2,A,골목상권,2110271,신내역 1번,97,74,23,0,8,17,25,29,18,0,5,14,18,23,14,0,3,3,7,6,4
2020,2,A,골목상권,2110270,혜원여고,168,148,20,0,4,5,7,70,82,0,4,3,6,59,76,0,0,2,1,11,6
2020,2,A,골목상권,2110269,용마문화복지센터,169,98,71,0,19,53,52,28,17,0,13,32,30,19,4,0,6,21,22,9,13
2020,2,A,골목상권,2110268,망우3동주민센터,60,30,30,0,10,13,10,18,9,0,1,5,7,10,7,0,9,8,3,8,2
2020,2,A,골목상권,2110267,망우역 2번,139,49,90,1,15,28,50,28,17,1,2,10,19,13,4,0,13,18,31,15,13
2020,2,A,골목상권,2110266,면목동우체국,225,182,43,0,10,31,38,79,67,0,1,19,30,69,63,0,9,12,8,10,4
2020,2,A,골목상권,2110265,망우역 1번,198,91,107,1,23,43,54,57,20,0,7,18,21,32,13,1,16,25,33,25,7
2020,2,A,골목상권,2110264,면목역 2번,358,170,188,1,52,75,93,80,57,0,21,40,40,37,32,1,31,35,53,43,25
2020,2,A,골목상권,2110263,면목역 1번,128,69,59,0,12,27,34,24,31,0,6,12,11,14,26,0,6,15,23,10,5
2020,2,A,골목상권,2110262,상봉역 3번,1532,879,653,2,221,447,543,268,51,0,119,337,282,107,34,2,102,110,261,161,17
2020,2,A,골목상권,2110261,사가정역 4번,167,90,77,1,16,29,49,50,22,1,8,15,25,26,15,0,8,14,24,24,7
2020,2,A,골목상권,2110260,면목역 3번,126,74,52,0,24,21,24,29,28,0,14,8,12,20,20,0,10,13,12,9,8
2020,2,A,골목상권,2110259,사가정역 1번,543,425,118,2,48,108,172,159,54,2,29,73,131,140,50,0,19,35,41,19,4
2020,2,A,골목상권,2110258,면동초등학교,260,99,161,0,32,49,79,66,34,0,1,20,28,34,16,0,31,29,51,32,18
2020,2,A,골목상권,2110257,상봉역 7번,397,330,67,0,17,18,50,133,179,0,6,11,34,118,161,0,11,7,16,15,18
2020,2,A,골목상권,2110256,면목2동체육관,477,321,156,2,56,66,82,140,131,1,21,35,45,109,110,1,35,31,37,31,21
2020,2,A,골목상권,2110255,상봉역 4번,327,208,119,0,39,52,78,92,66,0,20,24,46,62,56,0,19,28,32,30,10
2020,2,A,골목상권,2110254,오거리공원,257,89,168,1,19,75,79,51,32,0,6,15,35,21,12,1,13,60,44,30,20
2020,2,A,골목상권,2110253,중곡초등학교,181,106,75,0,31,31,44,49,26,0,10,17,23,35,21,0,21,14,21,14,5
2020,2,A,골목상권,2110252,장안제일시장,712,505,207,1,64,101,159,195,192,1,42,73,87,131,171,0,22,28,72,64,21
2020,2,A,골목상권,2110251,장안중학교,147,104,43,0,8,34,46,39,20,0,3,23,34,27,17,0,5,11,12,12,3
2020,2,A,골목상권,2110250,화랑대역 7번,111,69,42,0,7,20,32,34,18,0,5,12,15,23,14,0,2,8,17,11,4
2020,2,A,골목상권,2110249,중화역 1번,783,496,287,0,71,131,213,207,161,0,34,62,112,143,145,0,37,69,101,64,16
2020,2,A,골목상권,2110248,먹골파출소,85,47,38,1,19,23,20,12,10,0,7,14,12,4,10,1,12,9,8,8,0
2020,2,A,골목상권,2110247,먹골역 1번,377,175,202,0,53,79,123,78,44,0,21,30,55,38,31,0,32,49,68,40,13
2020,2,A,골목상권,2110246,월드순복음교회,431,312,119,0,27,97,158,95,54,0,12,69,122,65,44,0,15,28,36,30,10
2020,2,A,골목상권,2110245,KB국민은행 중화동지점,108,69,39,0,5,18,41,27,17,0,4,10,24,17,14,0,1,8,17,10,3
2020,2,A,골목상권,2110244,중화역 4번,250,175,75,1,8,26,49,44,122,1,4,11,32,30,97,0,4,15,17,14,25
2020,2,A,골목상권,2110243,중랑노인종합복지관,317,126,191,1,32,51,76,111,46,0,7,22,39,36,22,1,25,29,37,75,24
2020,2,A,골목상권,2110242,면목5동주민센터,164,112,52,0,21,28,56,30,29,0,12,23,31,22,24,0,9,5,25,8,5
2020,2,A,골목상권,2110241,먹골역 5번,415,213,202,0,61,87,97,117,53,0,17,49,46,63,38,0,44,38,51,54,15
2020,2,A,골목상권,2110240,태릉시장 특화거리,97,39,58,2,20,13,28,16,18,1,3,8,7,8,12,1,17,5,21,8,6
2020,2,A,골목상권,2110238,배꽃어린이공원,66,48,18,0,6,7,15,23,15,0,4,5,9,15,15,0,2,2,6,8,0
2020,2,A,골목상권,2110237,메가박스 상봉,274,152,122,0,30,67,97,54,26,0,13,37,48,36,18,0,17,30,49,18,8
2020,2,A,골목상권,2110236,신묵초등학교,1015,836,179,0,185,302,228,255,45,0,135,246,194,228,33,0,50,56,34,27,12
2020,2,A,골목상권,2110235,세화어린이공원,17,12,5,0,6,3,1,5,2,0,5,1,1,3,2,0,1,2,0,2,0
2020,2,A,골목상권,2110234,중랑역 4번,96,41,55,0,15,16,23,25,17,0,2,5,10,14,10,0,13,11,13,11,7
2020,2,A,골목상권,2110233,중랑역 1번,142,46,96,1,23,27,50,35,6,1,6,7,16,11,5,0,17,20,34,24,1
2020,2,A,골목상권,2110232,동대부고,579,413,166,0,41,71,119,175,173,0,14,38,80,134,147,0,27,33,39,41,26
2020,2,A,골목상권,2110231,장안교,11,8,3,0,0,1,4,5,1,0,0,1,3,4,0,0,0,0,1,1,1
2020,2,A,골목상권,2110230,장안현대홈타운1차아파트,161,101,60,0,15,32,52,45,17,0,6,22,33,28,12,0,9,10,19,17,5
2020,2,A,골목상권,2110229,장평중학교,1339,865,474,0,145,164,192,320,518,0,81,103,125,212,344,0,64,61,67,108,174
2020,2,A,골목상권,2110228,장안근린공원,1992,1184,808,40,1381,313,92,101,65,24,788,223,60,54,35,16,593,90,32,47,30
2020,2,A,골목상권,2110227,답십리공원,216,82,134,0,13,28,73,82,20,0,10,14,25,21,12,0,3,14,48,61,8
2020,2,A,골목상권,2110226,장안1동주민센터,1882,1005,877,2,147,247,333,512,641,2,87,148,213,253,302,0,60,99,120,259,339
2020,2,A,골목상권,2110225,촬영소사거리,330,204,126,0,22,36,68,83,121,0,9,25,42,55,73,0,13,11,26,28,48
2020,2,A,골목상권,2110224,외대앞역 2번,95,39,56,0,9,14,16,27,29,0,2,4,9,15,9,0,7,10,7,12,20
2020,2,A,골목상권,2110223,군자초등학교,94,56,38,0,13,17,26,24,14,0,4,10,17,15,10,0,9,7,9,9,4
2020,2,A,골목상권,2110222,회기역 2번,20,17,3,0,0,3,2,6,9,0,0,2,2,4,9,0,0,1,0,2,0
2020,2,A,골목상권,2110221,의릉,95,69,26,0,10,12,36,29,8,0,6,10,24,22,7,0,4,2,12,7,1
2020,2,A,골목상권,2110220,외대앞역 1번,190,109,81,0,28,36,54,46,26,0,7,17,33,34,18,0,21,19,21,12,8
2020,2,A,골목상권,2110219,삼육보건대학교,249,145,104,0,18,42,68,82,39,0,11,20,31,53,30,0,7,22,37,29,9
2020,2,A,골목상권,2110218,답십리사거리,158,83,75,0,14,25,45,60,14,0,5,12,22,33,11,0,9,13,23,27,3
2020,2,A,골목상권,2110217,자동차부품상가,503,388,115,1,33,105,143,123,98,1,24,88,115,83,77,0,9,17,28,40,21
2020,2,A,골목상권,2110216,전농중학교,208,68,140,1,32,48,62,50,15,1,11,14,18,18,6,0,21,34,44,32,9
2020,2,A,골목상권,2110215,회기역 1번,28,18,10,0,3,4,9,7,5,0,3,2,6,3,4,0,0,2,3,4,1
2020,2,A,골목상권,2110214,경희대후문,86,42,44,0,18,17,24,17,10,0,6,6,13,10,7,0,12,11,11,7,3
2020,2,A,골목상권,2110213,청량초등학교,124,81,43,0,19,57,17,15,16,0,7,41,13,7,13,0,12,16,4,8,3
2020,2,A,골목상권,2110212,답십리초등학교,204,144,60,0,26,37,42,67,32,0,18,26,27,50,23,0,8,11,15,17,9
2020,2,A,골목상권,2110211,전곡마을마당공원,626,445,181,1,66,101,170,194,94,0,45,73,129,143,55,1,21,28,41,51,39
2020,2,A,골목상권,2110210,서울시립대,341,253,88,1,9,19,24,34,254,1,4,12,10,21,205,0,5,7,14,13,49
2020,2,A,골목상권,2110209,답십리 장령당공원,81,51,30,0,3,11,28,19,20,0,1,5,16,15,14,0,2,6,12,4,6
2020,2,A,골목상권,2110208,시조사삼거리,75,56,19,0,2,14,7,17,35,0,1,7,2,11,35,0,1,7,5,6,0
2020,2,A,골목상권,2110207,시립대앞사거리,50,26,24,0,4,12,12,10,12,0,2,8,6,3,7,0,2,4,6,7,5
2020,2,A,골목상권,2110206,텃골근린공원,81,29,52,0,5,14,23,23,16,0,2,7,7,7,6,0,3,7,16,16,10
2020,2,A,골목상권,2110205,경희대삼거리,82,48,34,0,4,13,23,23,19,0,2,10,7,17,12,0,2,3,16,6,7
2020,2,A,골목상권,2110204,간데메공원,411,268,143,3,83,97,82,89,57,3,57,64,46,58,40,0,26,33,36,31,17
2020,2,A,골목상권,2110203,떡전교사거리,99,63,36,1,9,15,32,29,13,1,0,7,26,20,9,0,9,8,6,9,4
2020,2,A,골목상권,2110202,전농1동주민센터(전농시장),111,68,43,0,14,35,31,20,11,0,9,19,21,14,5,0,5,16,10,6,6
2020,2,A,골목상권,2110201,전농119안전센터,27,11,16,0,2,1,9,10,5,0,1,0,3,4,3,0,1,1,6,6,2
2020,2,A,골목상권,2110200,동대문경찰서,74,50,24,0,1,6,21,13,33,0,0,1,11,6,32,0,1,5,10,7,1
2020,2,A,골목상권,2110199,홍릉시장,65,41,24,0,11,15,18,14,7,0,8,8,10,9,6,0,3,7,8,5,1
2020,2,A,골목상권,2110198,동대문중앙새마을금고본점,67,26,41,0,1,0,18,37,11,0,0,0,8,10,8,0,1,0,10,27,3
2020,2,A,골목상권,2110197,세종대왕기념관교차로,67,46,21,0,8,19,26,9,5,0,4,15,19,7,1,0,4,4,7,2,4
2020,2,A,골목상권,2110196,홍릉근린공원,23,12,11,0,1,6,8,5,3,0,1,4,3,2,2,0,0,2,5,3,1
2020,2,A,골목상권,2110195,동대문구청,221,115,106,0,41,58,47,40,35,0,12,28,23,27,25,0,29,30,24,13,10
2020,2,A,골목상권,2110194,홍파초등학교,112,85,27,0,6,32,24,36,14,0,4,20,20,31,10,0,2,12,4,5,4
2020,2,A,골목상권,2110193,고려대역 4번,48,37,11,0,5,11,11,10,11,0,3,5,10,10,9,0,2,6,1,0,2
2020,2,A,골목상권,2110192,동의보감타워,70,45,25,0,7,10,25,16,12,0,2,6,17,10,10,0,5,4,8,6,2
2020,2,A,골목상권,2110191,고려대역 6번,48,41,7,0,1,12,14,9,12,0,1,10,11,8,11,0,0,2,3,1,1
2020,2,A,골목상권,2110190,고대앞사거리,195,92,103,0,22,34,34,45,60,0,4,18,22,19,29,0,18,16,12,26,31
2020,2,A,골목상권,2110189,제기동역 1번,1545,1089,456,1,233,490,343,170,308,0,98,349,286,137,219,1,135,141,57,33,89
2020,2,A,골목상권,2110188,용두동신동아아파트,807,607,200,8,104,178,229,191,97,2,68,150,181,132,74,6,36,28,48,59,23
2020,2,A,골목상권,2110187,제기동역 6번,3124,2222,902,15,559,867,746,552,385,7,387,605,531,394,298,8,172,262,215,158,87
2020,2,A,골목상권,2110186,종암초등학교,94,71,23,0,5,13,15,30,31,0,1,12,9,23,26,0,4,1,6,7,5
2020,2,A,골목상권,2110185,용두초등학교,122,77,45,0,13,22,31,32,24,0,5,13,18,22,19,0,8,9,13,10,5
2020,2,A,골목상권,2110184,용두사거리,423,215,208,0,81,138,75,77,52,0,39,51,34,51,40,0,42,87,41,26,12
2020,2,A,골목상권,2110183,한국의류시험연구원,833,441,392,3,237,305,147,75,66,1,87,160,79,58,56,2,150,145,68,17,10
2020,2,A,골목상권,2110182,용두희망어린이공원,370,249,121,0,38,71,108,87,66,0,20,47,67,64,51,0,18,24,41,23,15
2020,2,A,골목상권,2110181,신설동역 9번,1864,1212,652,12,209,232,286,440,685,12,150,162,188,282,418,0,59,70,98,158,267
2020,2,A,골목상권,2110180,광진정보도서관,5946,4025,1921,18,1620,2093,1180,672,363,5,885,1485,859,489,302,13,735,608,321,183,61
2020,2,A,골목상권,2110179,광나루역 1번,911,620,291,0,142,209,188,233,139,0,82,160,157,154,67,0,60,49,31,79,72
2020,2,A,골목상권,2110178,장로회신학대학교,194,123,71,0,25,44,42,56,27,0,15,34,21,38,15,0,10,10,21,18,12
2020,2,A,골목상권,2110177,동의초등학교,135,90,45,0,11,31,32,35,26,0,3,15,21,27,24,0,8,16,11,8,2
2020,2,A,골목상권,2110176,해오름공원,758,432,326,1,70,206,221,168,92,1,30,116,125,90,70,0,40,90,96,78,22
2020,2,A,골목상권,2110175,푸른동산공원,370,235,135,0,41,74,109,86,60,0,24,48,70,53,40,0,17,26,39,33,20
2020,2,A,골목상권,2110174,아차산역 1번,432,305,127,1,49,80,115,104,83,1,25,57,76,69,77,0,24,23,39,35,6
2020,2,A,골목상권,2110173,구남초등학교,195,106,89,0,34,50,46,44,21,0,16,28,21,25,16,0,18,22,25,19,5
2020,2,A,골목상권,2110172,광진초등학교,351,227,124,0,42,73,97,92,47,0,17,48,61,65,36,0,25,25,36,27,11
2020,2,A,골목상권,2110171,중곡4동주민센터,59,36,23,0,4,8,7,22,18,0,1,2,3,15,15,0,3,6,4,7,3
2020,2,A,골목상권,2110170,동대부여고,189,105,84,1,35,39,58,39,17,0,16,16,35,26,12,1,19,23,23,13,5
2020,2,A,골목상권,2110169,성동초등학교,221,112,109,1,25,30,68,59,38,0,12,12,32,32,24,1,13,18,36,27,14
2020,2,A,골목상권,2110168,대원고등학교,688,531,157,0,66,102,139,225,156,0,38,73,103,173,144,0,28,29,36,52,12
2020,2,A,골목상권,2110167,용마초등학교,376,220,156,2,22,56,99,109,88,0,9,20,52,62,77,2,13,36,47,47,11
2020,2,A,골목상권,2110166,구의1동주민센터,552,292,260,1,70,121,177,115,68,1,20,59,99,60,53,0,50,62,78,55,15
2020,2,A,골목상권,2110165,국립정신건강센터,287,204,83,0,19,46,81,77,64,0,9,33,51,61,50,0,10,13,30,16,14
2020,2,A,골목상권,2110164,아차산역 5번,731,494,237,3,111,126,143,164,184,0,61,77,101,112,143,3,50,49,42,52,41
2020,2,A,골목상권,2110163,성자초등학교,272,134,138,0,37,44,65,72,54,0,13,26,31,26,38,0,24,18,34,46,16
2020,2,A,골목상권,2110162,군자역 4번,613,365,248,0,127,162,131,110,83,0,98,118,75,42,32,0,29,44,56,68,51
2020,2,A,골목상권,2110161,중곡역 3번,236,135,101,3,11,33,58,65,66,0,2,16,37,40,40,3,9,17,21,25,26
2020,2,A,골목상권,2110160,광진경찰서,832,690,142,0,149,323,182,167,11,0,110,261,152,157,10,0,39,62,30,10,1
2020,2,A,골목상권,2110159,구의역 4번,663,391,272,1,125,115,158,132,132,1,58,62,85,87,98,0,67,53,73,45,34
2020,2,A,골목상권,2110158,중곡3동주민센터,715,518,197,1,113,210,184,138,69,0,73,168,123,104,50,1,40,42,61,34,19
2020,2,A,골목상권,2110157,자양동우체국,1097,891,206,10,352,279,244,141,71,7,300,237,180,106,61,3,52,42,64,35,10
2020,2,A,골목상권,2110156,군자역 5번,624,365,259,0,96,182,174,113,59,0,41,115,102,67,40,0,55,67,72,46,19
2020,2,A,골목상권,2110155,광진구청,8356,7701,655,0,240,853,2408,4046,809,0,172,765,2256,3748,760,0,68,88,152,298,49
2020,2,A,골목상권,2110154,광진정말공원,307,161,146,1,43,62,79,78,44,1,19,37,35,37,32,0,24,25,44,41,12
2020,2,A,골목상권,2110153,중곡1동주민센터,241,83,158,1,42,57,67,57,17,0,14,22,22,17,8,1,28,35,45,40,9
2020,2,A,골목상권,2110152,중곡어린이공원,338,300,38,0,17,29,64,119,109,0,10,21,55,109,105,0,7,8,9,10,4
2020,2,A,골목상권,2110151,자양한강도서관,249,175,74,4,35,52,63,66,29,3,24,37,49,41,21,1,11,15,14,25,8
2020,2,A,골목상권,2110150,중곡1동 마을마당,1179,698,481,1,197,352,252,217,160,1,83,194,161,132,127,0,114,158,91,85,33
2020,2,A,골목상권,2110149,세종대학교,122,72,50,0,15,21,31,23,32,0,8,13,19,7,25,0,7,8,12,16,7
2020,2,A,골목상권,2110148,어린이대공원역 3번,17,12,5,0,3,3,6,5,0,0,0,2,5,5,0,0,3,1,1,0,0
2020,2,A,골목상권,2110147,능동우편취급국,815,464,351,4,120,172,160,137,222,2,56,88,104,77,137,2,64,84,56,60,85
2020,2,A,골목상권,2110146,신자초등학교,735,531,204,0,50,79,208,276,122,0,25,44,156,209,97,0,25,35,52,67,25
2020,2,A,골목상권,2110145,장안초등학교,7,4,3,0,0,1,2,3,1,0,0,0,1,3,0,0,0,1,1,0,1
2020,2,A,골목상권,2110144,어린이대공원역 4번,47,23,24,0,5,4,13,16,9,0,1,1,7,8,6,0,4,3,6,8,3
2020,2,A,골목상권,2110143,뚝섬유원지역 1번,63,26,37,1,5,15,12,20,10,1,0,3,7,7,8,0,5,12,5,13,2
2020,2,A,골목상권,2110142,화양사거리,213,107,106,1,37,47,44,52,32,1,20,25,24,16,21,0,17,22,20,36,11
2020,2,A,골목상권,2110141,건대입구역 1번,213,138,75,1,23,49,67,48,25,1,11,27,51,32,16,0,12,22,16,16,9
2020,2,A,골목상권,2110140,건대입구역 6번,552,361,191,6,51,90,136,158,111,5,28,47,82,114,85,1,23,43,54,44,26
2020,2,A,골목상권,2110139,자양4동주민센터,204,116,88,0,13,28,53,51,59,0,3,14,32,25,42,0,10,14,21,26,17
2020,2,A,골목상권,2110138,송정체육공원,160,79,81,0,15,27,53,41,24,0,4,12,21,23,19,0,11,15,32,18,5
2020,2,A,골목상권,2110137,성수초등학교,6605,4295,2310,31,1016,1740,1836,1344,638,22,557,1152,1250,828,486,9,459,588,586,516,152
2020,2,A,골목상권,2110136,경수초등학교,4745,2743,2002,43,1169,1097,978,875,583,32,439,633,615,593,431,11,730,464,363,282,152
2020,2,A,골목상권,2110135,성동세무서,355,182,173,0,41,69,96,66,83,0,7,34,41,34,66,0,34,35,55,32,17
2020,2,A,골목상권,2110134,성수119안전센터,771,587,184,4,65,108,185,252,157,4,38,78,143,200,124,0,27,30,42,52,33
2020,2,A,골목상권,2110133,서울교통공사,122,93,29,0,19,25,33,21,24,0,12,18,29,17,17,0,7,7,4,4,7
2020,2,A,골목상권,2110132,성수2가3동주민센터,786,521,265,0,97,182,220,197,90,0,67,133,145,108,68,0,30,49,75,89,22
2020,2,A,골목상권,2110131,성수동카페거리,4798,3110,1688,15,902,1536,1123,699,523,9,460,993,777,497,374,6,442,543,346,202,149
2020,2,A,골목상권,2110130,답십리역 6번,105,89,16,0,20,24,38,15,8,0,17,20,35,10,7,0,3,4,3,5,1
2020,2,A,골목상권,2110129,성원어린이공원,664,421,243,1,65,126,138,185,149,0,35,74,91,111,110,1,30,52,47,74,39
2020,2,A,골목상권,2110128,성원중학교,1237,712,525,1,127,206,296,338,269,1,66,118,185,203,139,0,61,88,111,135,130
2020,2,A,골목상권,2110127,성수1가1동주민센터,290,157,133,0,31,55,56,100,48,0,11,40,31,47,28,0,20,15,25,53,20
2020,2,A,골목상권,2110126,서울숲역 1번,27,18,9,0,0,7,2,12,6,0,0,6,0,7,5,0,0,1,2,5,1
2020,2,A,골목상권,2110125,사근동살곶이상점가,135,83,52,2,25,39,35,21,13,2,13,21,24,13,10,0,12,18,11,8,3
2020,2,A,골목상권,2110124,뚝섬역교차로,1253,1006,247,7,170,155,222,312,387,6,94,111,169,268,358,1,76,44,53,44,29
2020,2,A,골목상권,2110123,마장역 3번,511,382,129,0,42,56,91,185,137,0,21,36,63,141,121,0,21,20,28,44,16
2020,2,A,골목상권,2110122,마장역 2번,464,271,193,1,60,88,117,113,85,1,32,59,68,61,50,0,28,29,49,52,35
2020,2,A,골목상권,2110121,한양대역 4번,45,30,15,0,3,10,8,11,13,0,2,5,5,7,11,0,1,5,3,4,2
2020,2,A,골목상권,2110120,서울숲카페거리,79,49,30,0,8,12,35,18,6,0,3,8,23,10,5,0,5,4,12,8,1
2020,2,A,골목상권,2110119,마장지하차도,127,89,38,0,17,26,32,26,26,0,12,22,19,18,18,0,5,4,13,8,8
2020,2,A,골목상권,2110118,왕십리역 9번,697,487,210,1,90,182,204,129,91,0,62,110,144,93,78,1,28,72,60,36,13
2020,2,A,골목상권,2110117,성동구보건소,103,73,30,1,14,27,19,33,9,1,10,20,11,25,6,0,4,7,8,8,3
2020,2,A,골목상권,2110116,청계천박물관,4884,3674,1210,30,342,780,1090,1772,870,26,217,571,881,1319,660,4,125,209,209,453,210
2020,2,A,골목상권,2110115,상왕십리역 3번,945,362,583,10,392,218,156,113,56,0,76,84,93,75,34,10,316,134,63,38,22
2020,2,A,골목상권,2110114,왕십리파출소,68,21,47,0,3,2,11,24,28,0,1,1,4,10,5,0,2,1,7,14,23
2020,2,A,골목상권,2110113,응봉산,77,43,34,0,14,15,14,16,18,0,4,11,7,6,15,0,10,4,7,10,3
2020,2,A,골목상권,2110112,행당역 2번,205,100,105,0,37,37,36,53,42,0,14,19,15,26,26,0,23,18,21,27,16
2020,2,A,골목상권,2110111,대현산장미원,51,40,11,0,6,7,6,17,15,0,6,4,4,13,13,0,0,3,2,4,2
2020,2,A,골목상권,2110110,상왕십리역 6번,93,55,38,1,12,22,24,18,16,1,7,12,13,10,12,0,5,10,11,8,4
2020,2,A,골목상권,2110109,금호삼성래미안아파트,92,39,53,0,7,10,12,42,21,0,2,6,3,15,13,0,5,4,9,27,8
2020,2,A,골목상권,2110108,성동구립금호도서관,6,1,5,0,0,1,4,1,0,0,0,0,0,1,0,0,0,1,4,0,0
2020,2,A,골목상권,2110107,금호사거리,37,30,7,0,4,8,4,11,10,0,3,5,4,9,9,0,1,3,0,2,1
2020,2,A,골목상권,2110105,금동어린이공원,43,20,23,0,1,9,12,12,9,0,0,3,3,8,6,0,1,6,9,4,3
2020,2,A,골목상권,2110104,신금호역 4번,275,189,86,0,27,47,51,66,84,0,11,28,34,46,70,0,16,19,17,20,14
2020,2,A,골목상권,2110103,옥수터널,13,11,2,1,0,2,2,6,2,0,0,2,2,5,2,1,0,0,0,1,0
2020,2,A,골목상권,2110102,옥수역 6번,3362,1140,2222,0,968,1050,724,422,198,0,202,328,319,197,94,0,766,722,405,225,104
2020,2,A,골목상권,2110101,옥정중학교,218,121,97,0,55,51,65,31,16,0,24,34,43,13,7,0,31,17,22,18,9
2020,2,A,골목상권,2110100,옥수동우편취급국,46,31,15,0,5,18,13,6,4,0,0,15,7,5,4,0,5,3,6,1,0
2020,2,A,골목상권,2110099,유엔빌리지길,12646,10311,2335,33,1746,2596,3298,4558,415,25,904,1899,2859,4264,360,8,842,697,439,294,55
2020,2,A,골목상권,2110098,서울독일학교,242,91,151,0,57,85,68,23,9,0,15,22,34,15,5,0,42,63,34,8,4
2020,2,A,골목상권,2110097,한남초등학교,3116,1920,1196,1,597,1644,757,90,27,0,278,975,575,71,21,1,319,669,182,19,6
2020,2,A,골목상권,2110096,한남힐사이드아파트,4186,2661,1525,5,1055,1176,900,902,148,3,457,705,613,757,126,2,598,471,287,145,22
2020,2,A,골목상권,2110095,한강진역 3번,1186,801,385,16,160,326,321,298,65,8,61,235,227,226,44,8,99,91,94,72,21
2020,2,A,골목상권,2110094,오산중학교,26,12,14,0,0,1,4,13,8,0,0,0,2,6,4,0,0,1,2,7,4
2020,2,A,골목상권,2110093,우사단길,2482,1548,934,2,325,1015,734,327,79,1,101,529,548,305,64,1,224,486,186,22,15
2020,2,A,골목상권,2110092,NH농협은행 보광동지점,514,208,306,0,94,123,111,107,79,0,14,58,40,45,51,0,80,65,71,62,28
2020,2,A,골목상권,2110091,리움미술관,1106,810,296,0,216,345,343,155,47,0,117,236,293,128,36,0,99,109,50,27,11
2020,2,A,골목상권,2110090,한국폴리텍대학서울정수캠퍼스,3968,2447,1521,1,446,1358,1632,500,31,1,173,548,1231,467,27,0,273,810,401,33,4
2020,2,A,골목상권,2110089,서빙고동주민센터,752,503,249,1,94,230,220,107,100,0,33,136,159,88,87,1,61,94,61,19,13
2020,2,A,골목상권,2110088,오산고등학교,1696,1140,556,16,439,504,454,203,80,7,263,350,312,150,58,9,176,154,142,53,22
2020,2,A,골목상권,2110087,이태원엔틱가구거리,463,213,250,0,185,174,58,31,15,0,54,89,43,17,10,0,131,85,15,14,5
2020,2,A,골목상권,2110086,이태원역 북측,9251,3612,5639,12,3187,3893,1655,431,73,3,733,1559,905,357,55,9,2454,2334,750,74,18
2020,2,A,골목상권,2110085,경리단길남측,532,260,272,4,98,163,148,67,52,2,40,59,78,41,40,2,58,104,70,26,12
2020,2,A,골목상권,2110084,경리단길북측,315,168,147,0,47,85,84,57,42,0,23,36,39,36,34,0,24,49,45,21,8
2020,2,A,골목상권,2110083,서빙고역 1번,149,109,40,0,26,53,42,14,14,0,13,42,29,12,13,0,13,11,13,2,1
2020,2,A,골목상권,2110082,용산구청,1571,779,792,2,165,447,417,439,101,2,45,147,200,302,83,0,120,300,217,137,18
2020,2,A,골목상권,2110081,해방촌 남동측,291,170,121,0,46,68,58,64,55,0,14,37,30,41,48,0,32,31,28,23,7
2020,2,A,골목상권,2110080,해방촌예술마을,277,160,117,0,44,58,84,54,37,0,16,38,52,30,24,0,28,20,32,24,13
2020,2,A,골목상권,2110079,후암동주민센터,1084,584,500,4,223,262,267,196,132,3,73,156,156,105,91,1,150,106,111,91,41
2020,2,A,골목상권,2110078,이촌동점보아파트,69,29,40,0,12,15,17,13,12,0,3,8,7,5,6,0,9,7,10,8,6
2020,2,A,골목상권,2110077,삼광초등학교,385,317,68,0,37,86,148,98,16,0,21,66,130,88,12,0,16,20,18,10,4
2020,2,A,골목상권,2110076,삼각지역 14번,537,175,362,0,46,143,158,153,37,0,11,49,61,45,9,0,35,94,97,108,28
2020,2,A,골목상권,2110075,숙대입구역 1번,1630,736,894,9,270,506,417,289,139,5,69,188,182,181,111,4,201,318,235,108,28
2020,2,A,골목상권,2110074,서울역 12번,8149,1751,6398,152,5985,1340,330,181,161,9,598,652,233,134,125,143,5387,688,97,47,36
2020,2,A,골목상권,2110073,삼각지역 3번,7916,2353,5563,56,2498,2872,1896,491,103,25,856,912,415,109,36,31,1642,1960,1481,382,67
2020,2,A,골목상권,2110072,열정도,374,244,130,6,108,96,78,51,35,0,51,71,62,37,23,6,57,25,16,14,12
2020,2,A,골목상권,2110071,한강미주맨션아파트,281,182,99,0,36,68,68,55,54,0,20,44,40,41,37,0,16,24,28,14,17
2020,2,A,골목상권,2110070,용산세무서,184,130,54,0,21,54,55,24,30,0,8,37,41,18,26,0,13,17,14,6,4
2020,2,A,골목상권,2110069,숙대입구,829,295,534,3,200,295,168,86,77,3,34,90,82,40,46,0,166,205,86,46,31
2020,2,A,골목상권,2110068,남영역 1번,1039,595,444,8,154,224,240,224,189,6,59,124,144,138,124,2,95,100,96,86,65
2020,2,A,골목상권,2110067,배문고등학교,1574,907,667,1,219,377,391,329,257,0,85,177,202,230,213,1,134,200,189,99,44
2020,2,A,골목상권,2110066,서울역 15번,748,467,281,6,152,227,156,125,82,3,81,151,104,66,62,3,71,76,52,59,20
2020,2,A,골목상권,2110065,남정초등학교,137,92,45,0,17,45,48,17,10,0,9,37,31,10,5,0,8,8,17,7,5
2020,2,A,골목상권,2110064,효창공원앞역 2번,925,527,398,2,126,275,263,160,99,1,49,160,162,88,67,1,77,115,101,72,32
2020,2,A,골목상권,2110063,효창공원앞역 5번,530,347,183,8,47,104,139,132,100,6,25,71,93,87,65,2,22,33,46,45,35
2020,2,A,골목상권,2110062,한강로동땡땡거리(은행나무길),5667,3458,2209,9,735,1660,1587,1162,514,6,299,844,1074,890,345,3,436,816,513,272,169
2020,2,A,골목상권,2110061,효창동주민센터,473,301,172,1,61,90,150,113,58,1,38,52,96,67,47,0,23,38,54,46,11
2020,2,A,골목상권,2110060,효창공원앞역 6번,291,174,117,0,28,62,84,73,44,0,10,34,52,47,31,0,18,28,32,26,13
2020,2,A,골목상권,2110059,새남터성지,385,307,78,0,38,71,113,138,25,0,21,48,99,124,15,0,17,23,14,14,10
2020,2,A,골목상권,2110058,성심여자고등학교,947,659,288,10,141,228,254,194,120,3,71,162,181,141,101,7,70,66,73,53,19
2020,2,A,골목상권,2110057,황학코아루아파트,57,39,18,0,8,11,16,9,13,0,4,5,14,7,9,0,4,6,2,2,4
2020,2,A,골목상권,2110056,신당역 3번,506,288,218,0,60,129,115,112,90,0,29,63,68,70,58,0,31,66,47,42,32
2020,2,A,골목상권,2110055,황학동벼룩시장,29,19,10,0,1,4,6,11,7,0,1,3,5,6,4,0,0,1,1,5,3
2020,2,A,골목상권,2110054,청구역 3번,1537,849,688,3,259,378,315,336,246,1,90,204,220,211,123,2,169,174,95,125,123
2020,2,A,골목상권,2110053,청구역 1번,281,166,115,0,52,69,69,54,37,0,23,45,43,27,28,0,29,24,26,27,9
2020,2,A,골목상권,2110052,장충초등학교,484,281,203,0,43,100,132,130,79,0,16,63,75,82,45,0,27,37,57,48,34
2020,2,A,골목상권,2110051,한양공고앞 교차로,111,82,29,0,17,23,33,26,12,0,12,16,24,20,10,0,5,7,9,6,2
2020,2,A,골목상권,2110050,약수역 7번,309,230,79,0,34,81,76,76,42,0,21,59,60,57,33,0,13,22,16,19,9
2020,2,A,골목상권,2110049,장충단 고개,2303,1240,1063,4,566,582,448,431,272,2,174,314,281,257,212,2,392,268,167,174,60
2020,2,A,골목상권,2110048,장충동주민센터,5312,2706,2606,21,867,1339,1511,1367,207,5,338,768,756,707,132,16,529,571,755,660,75
2020,2,A,골목상권,2110047,다산성곽길,160,89,71,0,36,43,36,27,18,0,23,29,21,7,9,0,13,14,15,20,9
2020,2,A,골목상권,2110046,버티고개,106,76,30,0,6,23,41,28,8,0,3,17,29,20,7,0,3,6,12,8,1
2020,2,A,골목상권,2110045,동대문역사문화공원역 5번,234,174,60,0,24,54,64,55,37,0,11,38,46,47,32,0,13,16,18,8,5
2020,2,A,골목상권,2110044,관성묘,405,300,105,0,50,135,145,51,24,0,24,90,125,44,17,0,26,45,20,7,7
2020,2,A,골목상권,2110043,충무초등학교,1202,670,532,12,212,307,331,223,117,7,97,155,169,152,90,5,115,152,162,71,27
2020,2,A,골목상권,2110042,남산골공원옆,994,621,373,3,121,221,287,251,111,0,43,127,198,179,74,3,78,94,89,72,37
2020,2,A,골목상권,2110041,남산케이블카,967,435,532,2,118,152,175,254,266,2,51,69,83,87,143,0,67,83,92,167,123
2020,2,A,골목상권,2110040,중구회현체육센터(정화예술대남산캠퍼스),165,78,87,0,33,30,40,37,25,0,14,15,17,13,19,0,19,15,23,24,6
2020,2,A,골목상권,2110039,회현역 1번,49,26,23,0,2,8,12,14,13,0,0,4,9,8,5,0,2,4,3,6,8
2020,2,A,골목상권,2110038,경향신문사,2636,1651,985,0,377,783,808,593,75,0,119,436,540,491,65,0,258,347,268,102,10
2020,2,A,골목상권,2110037,신설동역 12번,208,124,84,0,16,46,51,61,34,0,6,20,32,41,25,0,10,26,19,20,9
2020,2,A,골목상권,2110036,동묘앞역 3번,65,42,23,0,3,7,20,15,20,0,1,3,10,13,15,0,2,4,10,2,5
2020,2,A,골목상권,2110035,동묘앞역 2번,276,161,115,2,18,43,75,88,50,0,5,18,42,65,31,2,13,25,33,23,19
2020,2,A,골목상권,2110034,창신1동주민센터,41,35,6,0,2,1,14,13,11,0,2,1,10,11,11,0,0,0,4,2,0
2020,2,A,골목상권,2110033,창신역 4번,166,89,77,0,26,42,35,40,23,0,6,22,17,25,19,0,20,20,18,15,4
2020,2,A,골목상권,2110032,수족관거리,31,16,15,0,3,6,4,13,5,0,2,2,2,7,3,0,1,4,2,6,2
2020,2,A,골목상권,2110031,창신역 1번,44,31,13,0,7,14,5,11,7,0,4,8,4,8,7,0,3,6,1,3,0
2020,2,A,골목상권,2110030,동대문역 3번,10,5,5,0,2,2,2,3,1,0,0,2,1,1,1,0,2,0,1,2,0
2020,2,A,골목상권,2110029,동대문역 1번,235,61,174,0,11,31,57,79,57,0,1,7,19,20,14,0,10,24,38,59,43
2020,2,A,골목상권,2110028,이화달팽이길,704,279,425,1,177,179,137,123,87,0,56,60,56,65,42,1,121,119,81,58,45
2020,2,A,골목상권,2110027,혜화역 1번,617,366,251,1,73,116,131,98,198,0,28,74,65,54,145,1,45,42,66,44,53
2020,2,A,골목상권,2110026,종로5가역 4번,190,120,70,0,22,41,73,27,27,0,9,28,47,14,22,0,13,13,26,13,5
2020,2,A,골목상권,2110025,충신시장옆,213,129,84,2,17,46,63,56,29,0,6,23,43,33,24,2,11,23,20,23,5
2020,2,A,골목상권,2110024,혜회동주민센터,928,263,665,0,135,264,294,184,51,0,17,64,90,55,37,0,118,200,204,129,14
2020,2,A,골목상권,2110023,서울대병원,186,55,131,0,18,37,42,47,42,0,5,12,14,10,14,0,13,25,28,37,28
2020,2,A,골목상권,2110022,경신고등학교,537,396,141,11,142,162,128,59,35,10,100,123,94,43,26,1,42,39,34,16,9
2020,2,A,골목상권,2110021,성균관대학교,387,297,90,2,15,39,109,145,77,2,7,26,88,125,49,0,8,13,21,20,28
2020,2,A,골목상권,2110020,서울국제고등학교,639,315,324,1,145,288,122,57,26,1,44,146,75,32,17,0,101,142,47,25,9
2020,2,A,골목상권,2110019,창덕궁,325,215,110,0,47,91,82,71,34,0,21,65,53,49,27,0,26,26,29,22,7
2020,2,A,골목상권,2110018,중앙고등학교,888,439,449,1,97,177,220,178,215,0,30,60,106,90,153,1,67,117,114,88,62
2020,2,A,골목상권,2110017,정독도서관,650,322,328,0,133,273,152,58,34,0,26,130,93,43,30,0,107,143,59,15,4
2020,2,A,골목상권,2110016,평창동동측,7589,3104,4485,10,716,2233,2858,1504,268,4,279,1021,1416,284,100,6,437,1212,1442,1220,168
2020,2,A,골목상권,2110015,청와대사랑채,578,345,233,0,64,147,166,126,75,0,16,63,110,91,65,0,48,84,56,35,10
2020,2,A,골목상권,2110014,경복고등학교,194,82,112,0,28,54,40,44,28,0,4,14,21,24,19,0,24,40,19,20,9
2020,2,A,골목상권,2110013,체부동홍종문가옥,119,70,49,0,5,26,31,25,32,0,2,11,18,13,26,0,3,15,13,12,6
2020,2,A,골목상권,2110012,성곡미술관,1061,503,558,0,262,337,262,118,82,0,72,159,150,73,49,0,190,178,112,45,33
2020,2,A,골목상권,2110011,청운초등학교,263,188,75,0,21,105,79,43,15,0,21,95,44,16,12,0,0,10,35,27,3
2020,2,A,골목상권,2110010,평창동서측,6687,3622,3065,12,676,1736,2550,1464,249,0,276,655,1387,1128,176,12,400,1081,1163,336,73
2020,2,A,골목상권,2110009,자하문터널,950,463,487,0,211,332,229,125,53,0,92,164,106,65,36,0,119,168,123,60,17
2020,2,A,골목상권,2110008,배화여자대학교(박노수미술관),552,379,173,1,52,82,133,180,104,0,16,46,102,135,80,1,36,36,31,45,24
2020,2,A,골목상권,2110007,사직공원(한국사회과학도서관),283,185,98,2,58,88,63,41,31,2,30,62,44,27,20,0,28,26,19,14,11
2020,2,A,골목상권,2110006,부암동주민센터,27,16,11,0,2,7,7,5,6,0,2,5,2,3,4,0,0,2,5,2,2
2020,2,A,골목상권,2110005,세검정,1006,510,496,3,125,296,290,195,97,0,36,137,157,121,59,3,89,159,133,74,38
2020,2,A,골목상권,2110004,대신고등학교,32,14,18,0,3,4,8,14,3,0,1,0,3,8,2,0,2,4,5,6,1
2020,2,A,골목상권,2110003,세검정초등학교,485,315,170,6,53,84,150,126,66,6,32,38,100,89,50,0,21,46,50,37,16
2020,2,A,골목상권,2110002,독립문역 1번,475,121,354,1,146,140,118,44,26,1,25,25,41,14,15,0,121,115,77,30,11
2020,2,A,골목상권,2110001,이북5도청사,1066,638,428,4,133,292,240,262,135,0,51,173,162,172,80,4,82,119,78,90,55
2020,1,U,관광특구,1001496,강남 마이스 관광특구,15904,8904,7000,59,3513,6185,4248,1596,303,25,1160,3361,2887,1246,225,34,2353,2824,1361,350,78
2020,1,U,관광특구,1001495,잠실 관광특구,24375,14199,10176,120,4722,6565,5617,4514,2837,51,2484,4186,3496,2297,1685,69,2238,2379,2121,2217,1152
2020,1,U,관광특구,1001494,종로?청계 관광특구,32935,17150,15785,68,5357,9965,9483,6401,1661,15,2285,4911,4591,4158,1190,53,3072,5054,4892,2243,471
2020,1,U,관광특구,1001493,동대문패션타운 관광특구,6054,2958,3096,36,1434,1695,1160,1061,668,13,543,737,662,600,403,23,891,958,498,461,265
2020,1,U,관광특구,1001492,명동 남대문 북창동 다동 무교동 관광특구,104830,53674,51156,423,27134,34007,23384,15726,4156,137,8860,16080,15133,10824,2640,286,18274,17927,8251,4902,1516
2020,1,U,관광특구,1001491,이태원 관광특구,5839,3064,2775,28,1377,2065,1290,768,311,18,514,986,777,541,228,10,863,1079,513,227,83
2020,1,R,전통시장,2130326,고덕 골목형상점가,935,850,85,0,8,37,165,395,330,0,4,31,147,360,308,0,4,6,18,35,22
2020,1,R,전통시장,2130325,명일전통시장,89,30,59,0,8,10,13,28,30,0,3,6,5,8,8,0,5,4,8,20,22
2020,1,R,전통시장,2130324,길동복조리시장,154,85,69,3,27,32,47,40,5,2,13,18,31,19,2,1,14,14,16,21,3
2020,1,R,전통시장,2130323,둔촌역전통시장,171,86,85,0,3,14,23,36,95,0,2,6,8,14,56,0,1,8,15,22,39
2020,1,R,전통시장,2130322,고분다리전통시장,8,5,3,0,0,1,2,4,1,0,0,1,1,2,1,0,0,0,1,2,0
2020,1,R,전통시장,2130321,장신구 특화거리 상점가,433,269,164,0,92,114,88,92,47,0,43,72,56,61,37,0,49,42,32,31,10
2020,1,R,전통시장,2130320,암사종합시장,173,97,76,1,16,29,50,31,46,1,5,12,31,19,29,0,11,17,19,12,17
2020,1,R,전통시장,2130319,성내전통시장,34,21,13,0,3,5,9,10,7,0,3,2,5,7,4,0,0,3,4,3,3
2020,1,R,전통시장,2130318,로데오거리상점가,266,132,134,0,31,43,49,55,88,0,9,12,19,26,66,0,22,31,30,29,22
2020,1,R,전통시장,2130317,마천중앙시장,107,77,30,0,15,35,24,17,16,0,11,24,12,14,16,0,4,11,12,3,0
2020,1,R,전통시장,2130316,마천시장,18,9,9,0,3,3,2,10,0,0,2,2,2,3,0,0,1,1,0,7,0
2020,1,R,전통시장,2130315,문정동 로데오거리 상점가(문정동 로데오거리),1372,808,564,6,313,289,260,251,253,3,118,168,164,145,210,3,195,121,96,106,43
2020,1,R,전통시장,2130314,풍납시장,202,99,103,1,24,42,50,60,25,1,15,27,22,18,16,0,9,15,28,42,9
2020,1,R,전통시장,2130313,방이시장,3469,1526,1943,5,449,529,612,1126,748,4,159,335,346,371,311,1,290,194,266,755,437
2020,1,R,전통시장,2130312,석촌시장,619,270,349,1,20,40,81,170,307,1,9,23,43,41,153,0,11,17,38,129,154
2020,1,R,전통시장,2130311,새마을시장,377,246,131,1,60,78,104,75,59,0,28,48,80,55,35,1,32,30,24,20,24
2020,1,R,전통시장,2130310,강남개포시장,298,173,125,0,29,56,71,82,60,0,8,23,42,56,44,0,21,33,29,26,16
2020,1,R,전통시장,2130308,청담삼익시장,48,30,18,0,5,11,13,7,12,0,3,6,8,4,9,0,2,5,5,3,3
2020,1,R,전통시장,2130307,도곡시장,57,25,32,0,3,7,15,13,19,0,1,4,4,6,10,0,2,3,11,7,9
2020,1,R,전통시장,2130306,강남언주로,235,151,84,2,48,48,63,45,29,2,27,34,47,23,18,0,21,14,16,22,11
2020,1,R,전통시장,2130305,논현종합시장,85,43,42,0,21,14,14,19,17,0,7,7,6,14,9,0,14,7,8,5,8
2020,1,R,전통시장,2130304,신사상가,138,79,59,1,12,22,32,42,29,0,3,8,11,32,25,1,9,14,21,10,4
2020,1,R,전통시장,2130303,영동전통시장,242,95,147,0,21,60,67,58,36,0,7,19,22,24,23,0,14,41,45,34,13
2020,1,R,전통시장,2130302,강남시장(강남구 강남시장),58,33,25,0,13,15,14,8,8,0,7,10,9,2,5,0,6,5,5,6,3
2020,1,R,전통시장,2130301,양재시장,35,22,13,0,2,10,9,7,7,0,1,7,6,3,5,0,1,3,3,4,2
2020,1,R,전통시장,2130299,엔터식스 강남점,1850,1551,299,18,189,270,602,601,170,5,97,197,542,558,152,13,92,73,60,43,18
2020,1,R,전통시장,2130298,강남터미널지하도상점가2구역,2,1,1,0,1,0,0,0,1,0,1,0,0,0,0,0,0,0,0,0,1
2020,1,R,전통시장,2130296,남부종합시장,85,63,22,0,2,8,25,35,15,0,1,8,16,24,14,0,1,0,9,11,1
2020,1,R,전통시장,2130295,인헌시장(원당종합시장),122,48,74,0,20,27,38,23,14,0,3,9,16,12,8,0,17,18,22,11,6
2020,1,R,전통시장,2130294,관악중부시장,102,40,62,1,5,10,22,39,25,0,2,3,7,16,12,1,3,7,15,23,13
2020,1,R,전통시장,2130293,봉천중앙시장,154,42,112,0,17,13,29,46,49,0,5,7,14,14,2,0,12,6,15,32,47
2020,1,R,전통시장,2130290,영림시장,417,183,234,0,74,101,107,92,43,0,14,49,43,44,33,0,60,52,64,48,10
2020,1,R,전통시장,2130289,봉일시장,36,20,16,1,1,2,5,14,13,0,0,1,5,3,11,1,1,1,0,11,2
2020,1,R,전통시장,2130288,신림현대종합상가,2,0,2,0,1,1,0,0,0,0,0,0,0,0,0,0,1,1,0,0,0
2020,1,R,전통시장,2130285,서원동상점가,615,316,299,4,28,56,85,160,282,1,17,38,45,60,155,3,11,18,40,100,127
2020,1,R,전통시장,2130284,관악종합시장(신원시장),17,10,7,0,0,1,3,10,3,0,0,1,1,6,2,0,0,0,2,4,1
2020,1,R,전통시장,2130283,신원시장,25,11,14,0,3,3,10,5,4,0,1,1,3,3,3,0,2,2,7,2,1
2020,1,R,전통시장,2130282,난곡 골목형상점가,20,8,12,0,4,2,10,4,0,0,2,1,4,1,0,0,2,1,6,3,0
2020,1,R,전통시장,2130281,우림시장,1,0,1,0,0,0,1,0,0,0,0,0,0,0,0,0,0,0,1,0,0
2020,1,R,전통시장,2130280,신림종합시장,8,7,1,0,0,0,0,2,6,0,0,0,0,1,6,0,0,0,0,1,0
2020,1,R,전통시장,2130279,관악신사시장,120,63,57,0,17,20,27,37,19,0,5,10,16,20,12,0,12,10,11,17,7
2020,1,R,전통시장,2130278,미성동 도깨비시장 골목형상점가,75,16,59,0,0,16,28,24,7,0,0,7,5,2,2,0,0,9,23,22,5
2020,1,R,전통시장,2130277,조원동 펭귄시장(신림중앙시장),98,56,42,1,15,26,31,19,6,1,8,18,16,9,4,0,7,8,15,10,2
2020,1,R,전통시장,2130276,신림중앙시장(조원동 펭귄시장),43,27,16,0,1,2,14,12,14,0,0,2,7,9,9,0,1,0,7,3,5
2020,1,R,전통시장,2130275,강남골목시장,168,124,44,0,17,40,46,35,30,0,15,33,30,24,22,0,2,7,16,11,8
2020,1,R,전통시장,2130274,사당1동먹자골목상점가(사당1동먹자골목),389,218,171,4,91,100,81,63,50,3,45,64,37,35,34,1,46,36,44,28,16
2020,1,R,전통시장,2130273,남성사계시장(남성시장),141,63,78,0,21,36,45,22,17,0,3,19,20,8,13,0,18,17,25,14,4
2020,1,R,전통시장,2130272,사당시장,45,20,25,0,4,6,10,11,14,0,0,1,4,6,9,0,4,5,6,5,5
2020,1,R,전통시장,2130271,남성역골목시장,467,268,199,1,36,33,39,47,311,1,12,20,22,16,197,0,24,13,17,31,114
2020,1,R,전통시장,2130270,흑석시장,4,3,1,0,2,0,0,2,0,0,1,0,0,2,0,0,1,0,0,0,0
2020,1,R,전통시장,2130268,상도전통시장,239,104,135,0,33,60,53,58,35,0,12,23,23,24,22,0,21,37,30,34,13
2020,1,R,전통시장,2130267,본동인정시장(기능상실),59,41,18,0,6,10,12,15,16,0,4,7,9,8,13,0,2,3,3,7,3
2020,1,R,전통시장,2130266,만양로상점가,129,75,54,0,6,37,51,21,14,0,1,23,33,14,4,0,5,14,18,7,10
2020,1,R,전통시장,2130265,노량진중앙시장,115,82,33,0,17,48,34,8,8,0,12,42,23,3,2,0,5,6,11,5,6
2020,1,R,전통시장,2130264,상도약수골목형상점가,65,35,30,1,14,8,15,20,7,0,4,3,9,12,7,1,10,5,6,8,0
2020,1,R,전통시장,2130263,신노량진시장(기능상실),11,3,8,0,0,3,3,5,0,0,0,0,1,2,0,0,0,3,2,3,0
2020,1,R,전통시장,2130262,상도도깨비 골목형상점가,18,8,10,0,1,0,12,2,3,0,0,0,6,0,2,0,1,0,6,2,1
2020,1,R,전통시장,2130261,성대전통시장(성대시장),211,104,107,0,15,47,61,61,27,0,4,26,33,23,18,0,11,21,28,38,9
2020,1,R,전통시장,2130260,신대방1동골목상권,70,31,39,0,8,22,15,15,10,0,0,7,7,10,7,0,8,15,8,5,3
2020,1,R,전통시장,2130259,대신시장,12,9,3,0,1,0,5,2,4,0,1,0,3,2,3,0,0,0,2,0,1
2020,1,R,전통시장,2130257,영등포시장기계공구상가,158,116,42,0,11,26,33,47,41,0,7,16,22,37,34,0,4,10,11,10,7
2020,1,R,전통시장,2130256,신동시장,2,2,0,0,0,0,0,1,1,0,0,0,0,1,1,0,0,0,0,0,0
2020,1,R,전통시장,2130255,영등포전통시장,45,29,16,0,1,7,5,10,22,0,1,5,3,4,16,0,0,2,2,6,6
2020,1,R,전통시장,2130253,영신상가(제일상가),9,7,2,0,2,3,0,2,2,0,2,3,0,1,1,0,0,0,0,1,1
2020,1,R,전통시장,2130250,삼구시장(로타리상가),1,0,1,0,0,0,0,1,0,0,0,0,0,0,0,0,0,0,0,1,0
2020,1,R,전통시장,2130249,동남상가,10,8,2,0,2,0,0,4,4,0,1,0,0,4,3,0,1,0,0,0,1
2020,1,R,전통시장,2130248,영등포역지하도상점가,12,5,7,0,0,2,4,3,3,0,0,0,2,0,3,0,0,2,2,3,0
2020,1,R,전통시장,2130247,우리시장,21,16,5,0,3,4,6,3,5,0,1,3,5,3,4,0,2,1,1,0,1
2020,1,R,전통시장,2130246,영등포청과시장(조광시장),237,126,111,0,24,33,47,77,56,0,9,11,28,39,39,0,15,22,19,38,17
2020,1,R,전통시장,2130245,영일시장,675,567,108,1,61,189,238,136,50,0,41,148,217,115,46,1,20,41,21,21,4
2020,1,R,전통시장,2130244,대림중앙시장,95,39,56,3,14,16,21,15,26,2,9,8,10,4,6,1,5,8,11,11,20
2020,1,R,전통시장,2130243,도림시장,6,4,2,0,0,1,4,0,1,0,0,1,3,0,0,0,0,0,1,0,1
2020,1,R,전통시장,2130242,대림중앙 골목형상점가,68,21,47,0,4,14,21,24,5,0,1,6,5,5,4,0,3,8,16,19,1
2020,1,R,전통시장,2130241,선유도역 골목형상점가,500,253,247,0,95,93,123,136,53,0,39,49,66,67,32,0,56,44,57,69,21
2020,1,R,전통시장,2130240,영등포유통상가,1183,753,430,0,95,232,273,252,331,0,52,127,178,168,228,0,43,105,95,84,103
2020,1,R,전통시장,2130238,은행나무시장,113,71,42,0,22,24,31,22,14,0,13,16,22,14,6,0,9,8,9,8,8
2020,1,R,전통시장,2130237,박미시장(기능상실),39,26,13,0,1,6,11,9,12,0,0,2,7,8,9,0,1,4,4,1,3
2020,1,R,전통시장,2130236,비단길현대시장(현대시장),139,42,97,0,13,23,49,40,14,0,4,3,12,17,6,0,9,20,37,23,8
2020,1,R,전통시장,2130235,대명여울빛거리시장(대명시장),298,80,218,0,39,52,77,82,48,0,11,14,25,19,11,0,28,38,52,63,37
2020,1,R,전통시장,2130234,푸른터시장(기능상실),3,2,1,0,0,1,0,2,0,0,0,1,0,1,0,0,0,0,0,1,0
2020,1,R,전통시장,2130233,남문시장,76,47,29,0,5,8,18,22,23,0,2,3,9,12,21,0,3,5,9,10,2
2020,1,R,전통시장,2130232,독산동 맛나는거리상점가(독산동 맛나는거리),33,24,9,0,3,12,5,10,3,0,2,9,4,6,3,0,1,3,1,4,0
2020,1,R,전통시장,2130231,독산동 우시장,611,476,135,2,31,74,126,196,182,0,16,55,97,145,163,2,15,19,29,51,19
2020,1,R,전통시장,2130229,남구로시장,249,139,110,1,16,53,61,62,56,0,7,30,31,32,39,1,9,23,30,30,17
2020,1,R,전통시장,2130228,구로시장,10,5,5,0,0,4,6,0,0,0,0,1,4,0,0,0,0,3,2,0,0
2020,1,R,전통시장,2130227,고척골목시장상점가(그라운드 고척),97,68,29,0,8,22,36,23,8,0,4,13,26,19,6,0,4,9,10,4,2
2020,1,R,전통시장,2130226,고척프라자,2,2,0,0,1,1,0,0,0,0,1,1,0,0,0,0,0,0,0,0,0
2020,1,R,전통시장,2130225,개봉중앙시장,147,59,88,0,15,21,39,44,28,0,3,4,19,22,11,0,12,17,20,22,17
2020,1,R,전통시장,2130224,개봉프라자(고척근린시장),5,4,1,0,0,0,1,2,2,0,0,0,1,1,2,0,0,0,0,1,0
2020,1,R,전통시장,2130223,고척근린시장,42,12,30,0,2,10,12,14,4,0,0,1,1,7,3,0,2,9,11,7,1
2020,1,R,전통시장,2130222,오류시장,132,21,111,0,10,26,46,43,7,0,5,1,4,5,6,0,5,25,42,38,1
2020,1,R,전통시장,2130221,"남부골목시장(남부화곡시장, 남부시장)",188,69,119,0,22,32,50,57,27,0,5,5,15,22,22,0,17,27,35,35,5
2020,1,R,전통시장,2130219,까치산시장,124,37,87,0,16,18,39,32,19,0,4,6,9,9,9,0,12,12,30,23,10
2020,1,R,전통시장,2130218,신월중앙시장,118,53,65,0,28,34,26,13,17,0,8,12,11,9,13,0,20,22,15,4,4
2020,1,R,전통시장,2130217,화곡본동시장,36,16,20,0,3,5,10,13,5,0,1,3,5,6,1,0,2,2,5,7,4
2020,1,R,전통시장,2130216,화곡중앙시장,75,32,43,0,4,11,21,22,17,0,2,2,9,8,11,0,2,9,12,14,6
2020,1,R,전통시장,2130215,대원종합시장,9,7,2,0,0,1,0,3,5,0,0,1,0,2,4,0,0,0,0,1,1
2020,1,R,전통시장,2130214,송화벽화시장(송화골목시장),119,44,75,2,23,18,25,33,18,0,6,7,9,13,9,2,17,11,16,20,9
2020,1,R,전통시장,2130213,방신전통시장,112,77,35,0,13,20,25,29,25,0,10,18,14,14,21,0,3,2,11,15,4
2020,1,R,전통시장,2130212,공항시장,8,6,2,0,1,0,3,2,2,0,1,0,3,0,2,0,0,0,0,2,0
2020,1,R,전통시장,2130211,신정2동 골목시장(오목교중앙시장),51,18,33,0,3,10,18,17,3,0,1,3,8,4,2,0,2,7,10,13,1
2020,1,R,전통시장,2130210,목2동시장,432,251,181,1,66,124,122,71,48,1,40,69,70,39,32,0,26,55,52,32,16
2020,1,R,전통시장,2130209,목사랑시장(목4동시장),111,61,50,0,7,15,23,42,24,0,2,13,10,20,16,0,5,2,13,22,8
2020,1,R,전통시장,2130208,목동깨비시장(목3동시장),148,67,81,0,13,20,55,37,23,0,7,6,18,19,17,0,6,14,37,18,6
2020,1,R,전통시장,2130207,신정1동 골목시장(신정제일시장),38,21,17,0,8,9,10,7,4,0,3,5,6,4,3,0,5,4,4,3,1
2020,1,R,전통시장,2130206,신정3동 골목시장,20,6,14,0,0,5,11,2,2,0,0,0,3,1,2,0,0,5,8,1,0
2020,1,R,전통시장,2130205,신곡종합시장(신월6동 골목시장),141,103,38,1,17,36,39,32,16,0,10,27,33,18,15,1,7,9,6,14,1
2020,1,R,전통시장,2130204,경창시장,100,50,50,0,5,12,27,27,29,0,2,5,12,16,15,0,3,7,15,11,14
2020,1,R,전통시장,2130203,서서울 골목형상점가,34,7,27,0,2,7,10,12,3,0,0,0,2,4,1,0,2,7,8,8,2
2020,1,R,전통시장,2130202,신영시장,40,13,27,0,3,4,13,16,4,0,2,0,3,6,2,0,1,4,10,10,2
2020,1,R,전통시장,2130201,월정로시장,27,17,10,0,2,8,10,7,0,0,0,7,6,4,0,0,2,1,4,3,0
2020,1,R,전통시장,2130200,"신월7동 골목시장(약수시장, 우성상가)",27,18,9,0,0,3,9,6,9,0,0,0,7,4,7,0,0,3,2,2,2
2020,1,R,전통시장,2130199,신월3동 골목시장,18,8,10,0,1,4,4,9,0,0,0,1,3,4,0,0,1,3,1,5,0
2020,1,R,전통시장,2130198,아현시장,203,45,158,1,51,84,52,10,5,0,8,5,26,4,2,1,43,79,26,6,3
2020,1,R,전통시장,2130197,마포시장,15,5,10,0,0,1,5,4,5,0,0,1,0,2,2,0,0,0,5,2,3
2020,1,R,전통시장,2130196,공덕시장,3948,2001,1947,52,1323,1296,891,287,99,28,467,646,599,181,80,24,856,650,292,106,19
2020,1,R,전통시장,2130195,도화동 상점가,1055,510,545,2,201,269,228,163,192,1,86,133,121,95,74,1,115,136,107,68,118
2020,1,R,전통시장,2130194,용강동 상점가,875,502,373,0,103,131,179,170,292,0,39,75,104,114,170,0,64,56,75,56,122
2020,1,R,전통시장,2130193,신수시장,34,19,15,0,4,7,12,5,6,0,1,5,5,4,4,0,3,2,7,1,2
2020,1,R,전통시장,2130192,동진시장,10,6,4,0,1,1,4,3,1,0,1,1,1,2,1,0,0,0,3,1,0
2020,1,R,전통시장,2130191,홍대 걷고싶은 거리,367,225,142,6,65,65,81,82,68,4,40,41,54,47,39,2,25,24,27,35,29
2020,1,R,전통시장,2130190,홍대소상공인상점가,150,77,73,1,55,35,30,18,11,0,18,22,18,10,9,1,37,13,12,8,2
2020,1,R,전통시장,2130189,서교시장,24,10,14,0,2,1,7,6,8,0,0,1,2,3,4,0,2,0,5,3,4
2020,1,R,전통시장,2130187,영진시장,29,14,15,0,4,5,11,7,2,0,2,2,6,2,2,0,2,3,5,5,0
2020,1,R,전통시장,2130186,망원시장,178,84,94,0,16,30,47,50,35,0,13,19,20,17,15,0,3,11,27,33,20
2020,1,R,전통시장,2130185,망원월드컵시장,190,123,67,1,26,69,53,25,16,1,14,43,35,16,14,0,12,26,18,9,2
2020,1,R,전통시장,2130184,마포농수산물시장,77,40,37,0,2,12,24,26,13,0,1,8,12,14,5,0,1,4,12,12,8
2020,1,R,전통시장,2130183,상암동상점가,816,607,209,1,89,204,283,187,52,0,49,150,227,143,38,1,40,54,56,44,14
2020,1,R,전통시장,2130182,영천시장,78,35,43,0,13,8,24,22,11,0,3,4,10,12,6,0,10,4,14,10,5
2020,1,R,전통시장,2130181,아현가구거리상점가,59,30,29,0,8,11,13,10,17,0,0,7,9,4,10,0,8,4,4,6,7
2020,1,R,전통시장,2130180,포방터시장,59,34,25,0,13,11,15,6,14,0,4,4,11,5,10,0,9,7,4,1,4
2020,1,R,전통시장,2130179,"이화여대 3,5,7길 상점가",147,65,82,3,34,15,41,31,23,1,12,3,14,17,18,2,22,12,27,14,5
2020,1,R,전통시장,2130178,이대 앞 스타트업 상점가,32,7,25,0,5,5,10,6,6,0,1,0,4,0,2,0,4,5,6,6,4
2020,1,R,전통시장,2130177,인왕시장(홍제골목형상점가),44,7,37,0,1,1,8,7,27,0,0,0,1,3,3,0,1,1,7,4,24
2020,1,R,전통시장,2130176,유진상가,38,23,15,0,20,16,1,1,0,0,9,13,1,0,0,0,11,3,0,1,0
2020,1,R,전통시장,2130175,신촌 상인회(신촌상점가),13,5,8,0,1,3,5,4,0,0,1,0,1,3,0,0,0,3,4,1,0
2020,1,R,전통시장,2130173,백련시장,5,3,2,0,0,1,0,2,2,0,0,1,0,0,2,0,0,0,0,2,0
2020,1,R,전통시장,2130172,모래내시장(서중시장),41,13,28,0,5,12,8,10,6,0,0,2,3,5,3,0,5,10,5,5,3
2020,1,R,전통시장,2130171,불광먹자골목 골목형상점가,155,54,101,0,18,31,24,37,45,0,4,9,11,16,14,0,14,22,13,21,31
2020,1,R,전통시장,2130170,제일시장,58,26,32,1,7,9,13,19,9,1,2,2,5,11,5,0,5,7,8,8,4
2020,1,R,전통시장,2130169,대조시장,67,31,36,0,5,11,21,23,7,0,1,3,11,11,5,0,4,8,10,12,2
2020,1,R,전통시장,2130168,연서시장,242,157,85,0,19,50,53,65,55,0,5,23,33,49,47,0,14,27,20,16,8
2020,1,R,전통시장,2130167,연신내상점가(연빛거리),636,239,397,1,144,143,157,120,71,1,31,52,57,53,45,0,113,91,100,67,26
2020,1,R,전통시장,2130166,응암시장(신응암시장),17,10,7,0,0,3,2,5,7,0,0,0,1,3,6,0,0,3,1,2,1
2020,1,R,전통시장,2130165,"대림골목시장(대림시장, 양지시장)",214,34,180,0,20,45,56,62,31,0,1,7,5,11,10,0,19,38,51,51,21
2020,1,R,전통시장,2130164,역촌중앙시장,9,3,6,0,0,1,2,2,4,0,0,0,1,1,1,0,0,1,1,1,3
2020,1,R,전통시장,2130163,응암오거리상점가,182,49,133,0,24,28,44,50,36,0,4,8,11,12,14,0,20,20,33,38,22
2020,1,R,전통시장,2130162,증산골목시장,7,3,4,0,0,2,2,1,2,0,0,0,0,1,2,0,0,2,2,0,0
2020,1,R,전통시장,2130161,증산종합시장,8,5,3,0,0,1,2,2,3,0,0,0,1,2,2,0,0,1,1,0,1
2020,1,R,전통시장,2130160,수일시장,7,2,5,0,0,2,1,2,2,0,0,0,0,1,1,0,0,2,1,1,1
2020,1,R,전통시장,2130159,공릉동 도깨비시장,101,47,54,0,12,22,24,26,17,0,4,8,9,15,11,0,8,14,15,11,6
2020,1,R,전통시장,2130157,상계중앙시장,74,40,34,0,14,19,14,17,10,0,8,15,7,7,3,0,6,4,7,10,7
2020,1,R,전통시장,2130155,시영B상가(중계 그린아파트 B 상가),12,8,4,0,1,5,3,3,0,0,0,5,2,1,0,0,1,0,1,2,0
2020,1,R,전통시장,2130153,창동역상점가,229,138,91,0,18,48,54,56,53,0,7,31,30,31,39,0,11,17,24,25,14
2020,1,R,전통시장,2130152,오!도봉거리 상점가,61,34,27,0,5,14,19,13,10,0,1,5,10,10,8,0,4,9,9,3,2
2020,1,R,전통시장,2130151,신도봉시장,5,5,0,0,1,0,2,2,0,0,1,0,2,2,0,0,0,0,0,0,0
2020,1,R,전통시장,2130150,창동골목시장,84,47,37,0,19,30,14,8,13,0,7,20,9,5,6,0,12,10,5,3,7
2020,1,R,전통시장,2130149,창동신창시장,104,40,64,0,2,21,32,29,20,0,0,7,14,8,11,0,2,14,18,21,9
2020,1,R,전통시장,2130148,방학동도깨비시장,60,33,27,0,6,9,16,18,11,0,4,3,8,14,4,0,2,6,8,4,7
2020,1,R,전통시장,2130147,쌍문역동측상점가,69,32,37,0,7,17,18,9,18,0,2,6,10,5,9,0,5,11,8,4,9
2020,1,R,전통시장,2130146,쌍문시장(쌍문역골목시장),263,124,139,0,29,33,54,80,67,0,10,12,28,32,42,0,19,21,26,48,25
2020,1,R,전통시장,2130145,쌍문역둘리상점가,244,202,42,0,39,44,77,62,22,0,28,35,65,56,18,0,11,9,12,6,4
2020,1,R,전통시장,2130144,백운시장,38,17,21,0,0,3,13,14,8,0,0,0,5,5,7,0,0,3,8,9,1
2020,1,R,전통시장,2130143,방천골목시장,65,36,29,0,11,7,19,24,4,0,6,5,9,13,3,0,5,2,10,11,1
2020,1,R,전통시장,2130142,강북북부시장,7,5,2,0,1,1,0,2,3,0,0,1,0,2,2,0,1,0,0,0,1
2020,1,R,전통시장,2130141,강북북부골목시장,43,20,23,0,16,4,11,6,6,0,3,2,6,6,3,0,13,2,5,0,3
2020,1,R,전통시장,2130140,숭인시장,62,27,35,0,9,13,10,15,15,0,0,4,1,9,13,0,9,9,9,6,2
2020,1,R,전통시장,2130139,강북종합전통시장(강북종합골목시장),166,114,52,0,16,45,61,28,16,0,11,33,42,19,9,0,5,12,19,9,7
2020,1,R,전통시장,2130138,수유프라자,142,24,118,1,31,24,16,42,28,0,1,4,5,4,10,1,30,20,11,38,18
2020,1,R,전통시장,2130137,"수유전통시장(수유시장, 수유골목시장)",89,31,58,0,5,10,19,26,29,0,0,3,8,8,12,0,5,7,11,18,17
2020,1,R,전통시장,2130136,수유재래시장,29,11,18,0,6,5,7,5,6,0,2,1,0,2,6,0,4,4,7,3,0
2020,1,R,전통시장,2130135,수유중앙골목시장(수유중앙시장),24,12,12,0,0,3,4,5,12,0,0,2,2,0,8,0,0,1,2,5,4
2020,1,R,전통시장,2130134,"솔샘시장(미아6,7동골목시장)",73,30,43,1,7,19,25,18,3,0,3,4,12,8,3,1,4,15,13,10,0
2020,1,R,전통시장,2130133,우이골목시장(우이시장),69,61,8,0,7,7,19,20,16,0,6,6,17,17,15,0,1,1,2,3,1
2020,1,R,전통시장,2130132,삼양골목시장(삼양시장),57,19,38,0,10,13,12,14,8,0,0,4,5,5,5,0,10,9,7,9,3
2020,1,R,전통시장,2130131,동북프라자,121,49,72,0,9,23,37,29,23,0,4,8,17,9,11,0,5,15,20,20,12
2020,1,R,전통시장,2130130,수유북부골목시장,20,14,6,0,1,1,7,5,6,0,0,0,6,3,5,0,1,1,1,2,1
2020,1,R,전통시장,2130129,장미원골목시장,911,571,340,0,15,14,38,89,755,0,1,4,12,40,514,0,14,10,26,49,241
2020,1,R,전통시장,2130128,돌곶이시장(석관황금시장),191,157,34,0,30,36,41,72,12,0,28,26,29,62,12,0,2,10,12,10,0
2020,1,R,전통시장,2130126,새석관시장,3,1,2,0,0,0,1,2,0,0,0,0,0,1,0,0,0,0,1,1,0
2020,1,R,전통시장,2130125,장위전통시장,40,20,20,0,5,6,7,8,14,0,0,2,5,5,8,0,5,4,2,3,6
2020,1,R,전통시장,2130123,꿈의숲 장곡 골목형상점가,6,5,1,0,1,0,1,4,0,0,1,0,1,3,0,0,0,0,0,1,0
2020,1,R,전통시장,2130122,밤나무골시장,17,5,12,0,2,4,6,4,1,0,1,1,2,1,0,0,1,3,4,3,1
2020,1,R,전통시장,2130121,길음시장,91,19,72,0,36,24,10,8,13,0,2,5,3,2,7,0,34,19,7,6,6
2020,1,R,전통시장,2130120,돈암시장(돈암제일시장),99,23,76,1,20,20,25,18,15,0,0,2,7,8,6,1,20,18,18,10,9
2020,1,R,전통시장,2130119,정릉아리랑시장,15,4,11,0,0,4,5,5,1,0,0,0,0,3,1,0,0,4,5,2,0
2020,1,R,전통시장,2130118,정릉골 골목형상점가,67,30,37,0,11,13,11,19,13,0,0,2,6,12,10,0,11,11,5,7,3
2020,1,R,전통시장,2130117,정릉시장,119,62,57,0,4,15,34,41,25,0,2,8,20,18,14,0,2,7,14,23,11
2020,1,R,전통시장,2130116,동성타워프라자,31,22,9,0,2,9,7,8,5,0,2,4,4,7,5,0,0,5,3,1,0
2020,1,R,전통시장,2130115,우림골목시장,307,106,201,2,80,61,68,64,32,0,29,11,30,20,16,2,51,50,38,44,16
2020,1,R,전통시장,2130114,유영시장,31,20,11,0,9,5,3,8,6,0,7,2,2,5,4,0,2,3,1,3,2
2020,1,R,전통시장,2130113,신아타운,148,27,121,1,31,31,28,39,18,1,4,9,3,4,6,0,27,22,25,35,12
2020,1,R,전통시장,2130112,사가정시장,86,28,58,0,13,17,24,19,13,0,0,3,6,8,11,0,13,14,18,11,2
2020,1,R,전통시장,2130111,"동원전통종합시장(동원시장, 동원전통시장 상점가)",224,109,115,0,24,37,49,82,32,0,11,17,21,38,22,0,13,20,28,44,10
2020,1,R,전통시장,2130110,면목골목시장(면목시장),103,59,44,0,1,8,32,38,24,0,1,5,19,18,16,0,0,3,13,20,8
2020,1,R,전통시장,2130109,묵1동도깨비시장,47,33,14,0,2,9,16,9,11,0,1,5,13,5,9,0,1,4,3,4,2
2020,1,R,전통시장,2130108,태능엔터피아(태릉시장),3,1,2,0,0,0,1,2,0,0,0,0,0,1,0,0,0,0,1,1,0
2020,1,R,전통시장,2130107,중랑동부시장(중랑교종합상가),13,3,10,0,0,1,4,5,3,0,0,0,0,1,2,0,0,1,4,4,1
2020,1,R,전통시장,2130106,중랑동부시장,166,56,110,1,20,40,34,39,32,0,1,8,7,21,19,1,19,32,27,18,13
2020,1,R,전통시장,2130105,장미제일시장(중화동제일시장),63,27,36,0,8,14,22,11,8,0,3,6,14,3,1,0,5,8,8,8,7
2020,1,R,전통시장,2130104,전곡시장,93,54,39,0,8,17,28,26,14,0,5,8,16,13,12,0,3,9,12,13,2
2020,1,R,전통시장,2130103,이경시장,16,8,8,0,0,1,2,2,11,0,0,1,1,1,5,0,0,0,1,1,6
2020,1,R,전통시장,2130101,답십리현대시장,8,5,3,0,0,1,3,2,2,0,0,1,1,2,1,0,0,0,2,0,1
2020,1,R,전통시장,2130100,답십리시장,93,40,53,2,19,25,23,11,13,2,4,9,11,6,8,0,15,16,12,5,5
2020,1,R,전통시장,2130099,전농로터리시장,7,3,4,0,1,0,2,3,1,0,0,0,1,1,1,0,1,0,1,2,0
2020,1,R,전통시장,2130098,회기시장,55,17,38,0,9,14,15,12,5,0,2,3,4,6,2,0,7,11,11,6,3
2020,1,R,전통시장,2130097,답십리 건축자재시장,315,202,113,1,17,46,46,44,161,0,8,37,25,23,109,1,9,9,21,21,52
2020,1,R,전통시장,2130096,동부시장,14,9,5,0,0,0,1,1,12,0,0,0,0,0,9,0,0,0,1,1,3
2020,1,R,전통시장,2130095,청량리전통시장,95,38,57,0,6,16,18,33,22,0,4,6,9,10,9,0,2,10,9,23,13
2020,1,R,전통시장,2130094,청량리청과물시장,54,24,30,0,7,13,17,7,10,0,0,4,10,2,8,0,7,9,7,5,2
2020,1,R,전통시장,2130093,동서시장,5,3,2,0,0,0,1,2,2,0,0,0,1,0,2,0,0,0,0,2,0
2020,1,R,전통시장,2130092,청량리농수산물시장,12,9,3,0,0,1,3,5,3,0,0,0,3,3,3,0,0,1,0,2,0
2020,1,R,전통시장,2130091,청량종합도매시장,36,27,9,0,1,3,11,14,7,0,0,3,8,10,6,0,1,0,3,4,1
2020,1,R,전통시장,2130090,청량리종합시장,19,13,6,0,1,4,3,5,6,0,1,2,3,3,4,0,0,2,0,2,2
2020,1,R,전통시장,2130089,청량리수산시장,42,33,9,0,4,7,16,6,9,0,3,7,12,4,7,0,1,0,4,2,2
2020,1,R,전통시장,2130088,경동시장,126,57,69,0,18,32,24,17,35,0,3,11,11,10,22,0,15,21,13,7,13
2020,1,R,전통시장,2130087,경동광성상가(경동시장),28,20,8,0,5,3,8,7,5,0,3,2,6,5,4,0,2,1,2,2,1
2020,1,R,전통시장,2130086,서울약령시장,1184,651,533,4,113,208,305,341,213,0,56,128,165,181,121,4,57,80,140,160,92
2020,1,R,전통시장,2130085,용두시장,4,2,2,0,0,0,1,2,1,0,0,0,0,1,1,0,0,0,1,1,0
2020,1,R,전통시장,2130084,신성시장(신성골목시장),21,6,15,0,3,5,8,4,1,0,0,1,2,2,1,0,3,4,6,2,0
2020,1,R,전통시장,2130083,"중곡제일시장(중곡제일골목시장, 광성시장)",111,68,43,0,15,21,29,24,22,0,7,14,20,10,17,0,8,7,9,14,5
2020,1,R,전통시장,2130082,면곡골목시장,20,11,9,0,4,0,1,9,6,0,4,0,0,3,4,0,0,0,1,6,2
2020,1,R,전통시장,2130081,자양골목전통시장(자양골목시장),54,36,18,0,7,17,14,9,7,0,5,12,9,6,4,0,2,5,5,3,3
2020,1,R,전통시장,2130080,자양종합시장(기능상실),14,10,4,0,0,1,6,6,1,0,0,1,4,4,1,0,0,0,2,2,0
2020,1,R,전통시장,2130079,한아름시장,40,29,11,0,5,6,6,10,13,0,4,4,5,6,10,0,1,2,1,4,3
2020,1,R,전통시장,2130078,화양제일골목시장,65,23,42,0,6,17,20,18,4,0,1,7,8,6,1,0,5,10,12,12,3
2020,1,R,전통시장,2130077,조양시장,31,19,12,0,11,7,8,5,0,0,6,5,4,4,0,0,5,2,4,1,0
2020,1,R,전통시장,2130076,능동로골목시장,88,67,21,0,2,11,14,16,45,0,1,4,13,10,39,0,1,7,1,6,6
2020,1,R,전통시장,2130075,노룬산시장(노룬산골목시장),23,13,10,0,4,5,10,2,2,0,3,3,6,0,1,0,1,2,4,2,1
2020,1,R,전통시장,2130074,영동교골목시장,21,15,6,0,6,9,2,3,1,0,3,9,0,2,1,0,3,0,2,1,0
2020,1,R,전통시장,2130073,뚝도시장,45,17,28,1,3,10,9,11,11,0,0,2,4,5,6,1,3,8,5,6,5
2020,1,R,전통시장,2130072,성동용답상가시장,132,71,61,0,21,19,35,39,18,0,9,9,16,26,11,0,12,10,19,13,7
2020,1,R,전통시장,2130071,성수역 골목형상점가,335,180,155,1,61,89,70,43,71,0,27,43,43,29,38,1,34,46,27,14,33
2020,1,R,전통시장,2130070,뚝섬역상점가,1016,697,319,6,178,259,217,222,134,4,105,179,143,157,109,2,73,80,74,65,25
2020,1,R,전통시장,2130069,"한양대앞상점가(한양시장, 왕십리맛골목)",32,19,13,0,6,6,4,8,8,0,4,4,0,5,6,0,2,2,4,3,2
2020,1,R,전통시장,2130068,마장축산물시장,975,630,345,1,102,202,250,248,172,1,68,127,155,165,114,0,34,75,95,83,58
2020,1,R,전통시장,2130067,왕십리도선동상점가,1670,335,1335,3,166,202,291,591,417,1,78,98,69,49,40,2,88,104,222,542,377
2020,1,R,전통시장,2130066,행당시장상점가,397,182,215,0,49,86,115,100,47,0,17,38,54,45,28,0,32,48,61,55,19
2020,1,R,전통시장,2130065,무학봉상점가,144,67,77,0,22,29,34,37,22,0,4,10,14,22,17,0,18,19,20,15,5
2020,1,R,전통시장,2130064,금남시장,36,13,23,0,6,7,8,4,11,0,1,0,5,2,5,0,5,7,3,2,6
2020,1,R,전통시장,2130063,신금호역 골목형상점가,30,21,9,0,2,4,5,9,10,0,1,3,4,7,6,0,1,1,1,2,4
2020,1,R,전통시장,2130062,보광시장,31,12,19,0,0,6,10,13,2,0,0,3,4,4,1,0,0,3,6,9,1
2020,1,R,전통시장,2130061,이태원시장,32,20,12,0,18,3,4,6,1,0,12,1,3,3,1,0,6,2,1,3,0
2020,1,R,전통시장,2130060,신흥시장,4,1,3,0,0,2,0,2,0,0,0,1,0,0,0,0,0,1,0,2,0
2020,1,R,전통시장,2130059,후암시장,64,40,24,0,6,12,16,11,19,0,4,5,10,7,14,0,2,7,6,4,5
2020,1,R,전통시장,2130058,이촌종합시장,109,78,31,0,13,19,25,26,26,0,7,12,15,21,23,0,6,7,10,5,3
2020,1,R,전통시장,2130057,만리시장,12,9,3,0,0,2,1,4,5,0,0,1,1,3,4,0,0,1,0,1,1
2020,1,R,전통시장,2130056,용산용문시장,65,34,31,0,7,15,18,10,15,0,4,6,7,6,11,0,3,9,11,4,4
2020,1,R,전통시장,2130055,"황학시장(서울중앙시장, 신중앙시장)",203,117,86,0,24,49,47,52,31,0,12,25,24,32,24,0,12,24,23,20,7
2020,1,R,전통시장,2130054,황학동주방가구거리상점가,374,266,108,0,25,80,116,106,47,0,18,60,77,74,37,0,7,20,39,32,10
2020,1,R,전통시장,2130053,백학시장,160,69,91,0,22,24,46,37,31,0,8,8,20,15,18,0,14,16,26,22,13
2020,1,R,전통시장,2130052,서울중앙시장(신중앙시장),479,342,137,0,106,156,101,61,55,0,80,110,57,45,50,0,26,46,44,16,5
2020,1,R,전통시장,2130051,동화동 골목형상점가,391,156,235,1,82,94,98,66,50,1,18,25,43,36,33,0,64,69,55,30,17
2020,1,R,전통시장,2130050,청평화시장,120,50,70,1,18,26,31,29,15,1,9,13,5,15,7,0,9,13,26,14,8
2020,1,R,전통시장,2130049,신당 미래유산 먹거리 골목형상점가,42,19,23,0,3,5,9,13,12,0,1,3,0,7,8,0,2,2,9,6,4
2020,1,R,전통시장,2130048,동평화시장,18,9,9,0,7,8,0,3,0,0,3,4,0,2,0,0,4,4,0,1,0
2020,1,R,전통시장,2130047,테크노상가(엘리시움),160,112,48,0,10,26,34,61,29,0,5,20,21,42,24,0,5,6,13,19,5
2020,1,R,전통시장,2130046,team204(팀204),20,13,7,0,1,3,4,2,10,0,0,2,3,1,7,0,1,1,1,1,3
2020,1,R,전통시장,2130045,광희패션몰,49,29,20,0,1,5,11,17,15,0,0,2,7,11,9,0,1,3,4,6,6
2020,1,R,전통시장,2130044,에리어식스(벨포스트),10,2,8,1,0,2,3,3,1,1,0,1,0,0,0,0,0,1,3,3,1
2020,1,R,전통시장,2130043,제일평화시장,43,27,16,0,6,14,13,8,2,0,1,9,9,6,2,0,5,5,4,2,0
2020,1,R,전통시장,2130042,약수시장,158,67,91,2,36,30,40,21,29,2,9,9,19,8,20,0,27,21,21,13,9
2020,1,R,전통시장,2130041,신평화패션타운(청계6가 지하도상가),28,21,7,0,1,5,9,8,5,0,0,4,9,5,3,0,1,1,0,3,2
2020,1,R,전통시장,2130040,남평화시장,5,3,2,0,0,4,0,0,1,0,0,2,0,0,1,0,0,2,0,0,0
2020,1,R,전통시장,2130039,청계6가 지하도상가,36,26,10,0,1,1,7,6,21,0,1,1,5,5,14,0,0,0,2,1,7
2020,1,R,전통시장,2130038,"평화시장(통일상가, 동화상가)",930,630,300,3,110,293,273,172,79,0,61,165,211,134,59,3,49,128,62,38,20
2020,1,R,전통시장,2130036,중부시장(신중부시장),3089,921,2168,8,1868,593,250,198,172,3,316,189,171,120,122,5,1552,404,79,78,50
2020,1,R,전통시장,2130035,방산종합시장(방산시장),1190,736,454,1,96,200,284,312,297,0,56,117,154,191,218,1,40,83,130,121,79
2020,1,R,전통시장,2130034,필동 골목형상점가,14,7,7,0,2,4,5,2,1,0,1,2,2,2,0,0,1,2,3,0,1
2020,1,R,전통시장,2130033,대림상가(청계상가),169,121,48,0,7,29,54,39,40,0,3,19,35,30,34,0,4,10,19,9,6
2020,1,R,전통시장,2130032,인현시장,167,123,44,0,3,25,47,54,38,0,3,16,35,40,29,0,0,9,12,14,9
2020,1,R,전통시장,2130031,청계천공구상가,921,698,223,2,101,281,234,159,144,1,64,230,181,104,118,1,37,51,53,55,26
2020,1,R,전통시장,2130028,을지입구지하상가(을지로지하보도쇼핑센터),2,2,0,0,0,0,1,1,0,0,0,0,1,1,0,0,0,0,0,0,0
2020,1,R,전통시장,2130025,삼익패션타운(남대문시장),5494,2675,2819,69,1760,1561,1124,794,186,31,674,837,763,292,78,38,1086,724,361,502,108
2020,1,R,전통시장,2130024,남대문시장(자유상가),732,426,306,2,54,129,172,177,198,1,15,75,95,108,132,1,39,54,77,69,66
2020,1,R,전통시장,2130022,숭례문수입상가(남대문시장),1907,850,1057,0,330,855,598,113,11,0,55,378,338,70,9,0,275,477,260,43,2
2020,1,R,전통시장,2130021,신설종합시장,50,37,13,1,1,10,12,13,13,0,0,9,10,10,8,1,1,1,2,3,5
2020,1,R,전통시장,2130020,동묘시장(동묘벼룩시장),407,177,230,5,154,93,73,58,24,5,43,31,45,32,21,0,111,62,28,26,3
2020,1,R,전통시장,2130019,동대문상가D동,28,21,7,0,6,5,5,4,8,0,4,2,4,4,7,0,2,3,1,0,1
2020,1,R,전통시장,2130018,동대문문구완구거리(동대문문구완구시장),215,124,91,0,27,45,50,52,41,0,12,24,33,31,24,0,15,21,17,21,17
2020,1,R,전통시장,2130017,동대문상가C동,12,9,3,0,1,4,4,2,1,0,1,4,3,0,1,0,0,0,1,2,0
2020,1,R,전통시장,2130016,동대문상가B동,2,1,1,0,0,1,1,0,0,0,0,0,1,0,0,0,0,1,0,0,0
2020,1,R,전통시장,2130015,창신골목시장,22,12,10,0,0,2,8,9,3,0,0,2,6,2,2,0,0,0,2,7,1
2020,1,R,전통시장,2130014,동문시장,3,1,2,0,0,2,0,0,1,0,0,0,0,0,1,0,0,2,0,0,0
2020,1,R,전통시장,2130012,"동대문종합시장(동대문종합시장 신관, 동대문종합시장D동상가)",1319,965,354,2,156,325,348,339,149,0,116,251,238,247,113,2,40,74,110,92,36
2020,1,R,전통시장,2130011,충신시장,88,44,44,0,19,19,20,17,13,0,7,11,8,8,10,0,12,8,12,9,3
2020,1,R,전통시장,2130010,종로신진시장,200,113,87,0,20,29,55,48,48,0,14,17,24,26,32,0,6,12,31,22,16
2020,1,R,전통시장,2130009,마전교지하쇼핑센터(구 한일상가),24,16,8,0,0,2,3,7,12,0,0,2,2,4,8,0,0,0,1,3,4
2020,1,R,전통시장,2130007,광장시장(광장전통시장),466,310,156,0,39,77,97,129,124,0,22,41,73,77,97,0,17,36,24,52,27
2020,1,R,전통시장,2130005,세운상가가동,137,96,41,0,7,34,35,22,39,0,5,23,28,8,32,0,2,11,7,14,7
2020,1,R,전통시장,2130004,낙원시장(낙원지하시장(대일상가)),364,258,106,0,29,70,99,78,88,0,14,51,68,57,68,0,15,19,31,21,20
2020,1,R,전통시장,2130002,세종마을음식문화거리(금천교시장),564,392,172,4,56,109,120,121,154,0,26,74,75,90,127,4,30,35,45,31,27
2020,1,R,전통시장,2130001,통인시장,59,29,30,0,4,14,11,12,18,0,2,4,6,6,11,0,2,10,5,6,7
2020,1,D,발달상권,2120249,고덕역,1359,916,443,3,172,305,337,317,225,1,75,198,249,221,172,2,97,107,88,96,53
2020,1,D,발달상권,2120248,명일역,860,332,528,4,114,141,223,204,174,2,41,59,84,69,77,2,73,82,139,135,97
2020,1,D,발달상권,2120247,굽은다리역,565,307,258,4,91,118,142,102,108,1,37,76,71,55,67,3,54,42,71,47,41
2020,1,D,발달상권,2120246,길동역,3399,1536,1863,14,384,560,835,905,701,8,169,317,417,296,329,6,215,243,418,609,372
2020,1,D,발달상권,2120245,둔촌역,1884,1135,749,7,312,460,446,371,288,6,169,309,271,195,185,1,143,151,175,176,103
2020,1,D,발달상권,2120244,암사역,916,401,515,0,70,85,103,111,547,0,14,44,49,42,252,0,56,41,54,69,295
2020,1,D,발달상권,2120243,천호역,1353,629,724,6,186,250,315,291,305,2,63,108,142,123,191,4,123,142,173,168,114
2020,1,D,발달상권,2120242,강동구청역,4528,2937,1591,33,536,1064,1055,893,947,13,287,678,695,560,704,20,249,386,360,333,243
2020,1,D,발달상권,2120241,거여역,1197,650,547,5,110,221,296,277,288,2,80,152,161,83,172,3,30,69,135,194,116
2020,1,D,발달상권,2120240,개롱역,1609,1102,507,7,212,314,404,431,241,5,125,230,269,295,178,2,87,84,135,136,63
2020,1,D,발달상권,2120239,오금역,4700,3006,1694,17,851,1243,1186,911,492,11,456,826,848,495,370,6,395,417,338,416,122
2020,1,D,발달상권,2120238,방이역,412,251,161,4,47,97,113,76,75,3,22,45,60,57,64,1,25,52,53,19,11
2020,1,D,발달상권,2120237,경찰병원역,8608,5226,3382,58,1222,1655,1718,1449,2506,24,537,1057,1126,725,1757,34,685,598,592,724,749
2020,1,D,발달상권,2120236,장지역(가든파이브),4622,3221,1401,15,678,1056,1076,989,808,10,373,711,778,710,639,5,305,345,298,279,169
2020,1,D,발달상권,2120235,문정역,907,621,286,1,116,196,202,236,156,0,69,151,148,144,109,1,47,45,54,92,47
2020,1,D,발달상권,2120234,가락시장역,10268,6224,4044,11,1350,2490,2149,1678,2590,3,586,1468,1439,927,1801,8,764,1022,710,751,789
2020,1,D,발달상권,2120233,몽촌토성역,10357,5705,4652,28,1787,2711,2252,2152,1427,22,1123,1846,1193,782,739,6,664,865,1059,1370,688
2020,1,D,발달상권,2120232,송파나루역,1269,856,413,0,212,350,295,218,194,0,91,220,204,165,176,0,121,130,91,53,18
2020,1,D,발달상권,2120231,가락시장,5698,4083,1615,0,368,1051,1564,1654,1061,0,264,836,1185,1098,700,0,104,215,379,556,361
2020,1,D,발달상권,2120230,송파사거리(송파역),876,470,406,4,96,176,202,193,205,1,38,99,115,92,125,3,58,77,87,101,80
2020,1,D,발달상권,2120229,방이동먹자골목,7319,4732,2587,12,1062,2182,1915,1302,846,5,588,1347,1338,913,541,7,474,835,577,389,305
2020,1,D,발달상권,2120228,석촌역(석촌호수),4494,2725,1769,7,707,1306,1038,695,741,1,288,851,680,410,495,6,419,455,358,285,246
2020,1,D,발달상권,2120227,잠실역,45438,24212,21226,163,8139,11821,12755,11278,1282,51,3785,7433,7435,4548,960,112,4354,4388,5320,6730,322
2020,1,D,발달상권,2120226,석촌고분역,2408,1777,631,8,277,341,447,352,983,7,130,207,264,234,935,1,147,134,183,118,48
2020,1,D,발달상권,2120225,잠실새내역(신천),5750,3738,2012,25,929,1190,1248,1210,1148,3,467,728,831,853,856,22,462,462,417,357,292
2020,1,D,발달상권,2120224,수서역,12418,6339,6079,23,1900,3177,3167,2346,1805,12,860,1669,1497,1232,1069,11,1040,1508,1670,1114,736
2020,1,D,발달상권,2120223,휘문고교사거리,9166,5574,3592,20,1785,2926,2736,1401,298,4,1102,2061,1597,609,201,16,683,865,1139,792,97
2020,1,D,발달상권,2120222,삼성역,43324,24141,19183,244,8091,13641,10294,6385,4669,119,3186,7703,6883,3711,2539,125,4905,5938,3411,2674,2130
2020,1,D,발달상권,2120221,봉은사역,19513,12605,6908,22,4375,5782,3654,2813,2867,8,2402,4217,2849,1721,1408,14,1973,1565,805,1092,1459
2020,1,D,발달상권,2120220,대치역,5578,3302,2276,26,1841,2261,972,319,159,2,769,1465,717,225,124,24,1072,796,255,94,35
2020,1,D,발달상권,2120219,은마아파트,17161,5791,11370,202,3396,3816,3174,4058,2515,83,1254,1870,1373,817,394,119,2142,1946,1801,3241,2121
2020,1,D,발달상권,2120218,코엑스,290,54,236,0,116,103,58,13,0,0,13,16,16,9,0,0,103,87,42,4,0
2020,1,D,발달상권,2120217,대치사거리,2779,1478,1301,11,552,771,700,452,293,10,220,379,381,264,224,1,332,392,319,188,69
2020,1,D,발달상권,2120216,경기고교사거리(경기고교앞사거리),4934,3621,1313,8,712,1628,1666,772,148,5,291,1070,1431,703,121,3,421,558,235,69,27
2020,1,D,발달상권,2120215,포스코사거리,61656,40699,20957,170,9756,22505,18176,8404,2645,29,4305,14324,13853,6406,1782,141,5451,8181,4323,1998,863
2020,1,D,발달상권,2120214,영동대교남단교차로,3990,2902,1088,7,489,1173,1108,931,282,3,271,811,866,755,196,4,218,362,242,176,86
2020,1,D,발달상권,2120213,삼성중앙역,8472,5131,3341,50,1855,2469,1898,1065,1135,12,828,1511,1297,712,771,38,1027,958,601,353,364
2020,1,D,발달상권,2120212,한티역,713,378,335,1,115,178,190,137,92,1,36,85,116,78,62,0,79,93,74,59,30
2020,1,D,발달상권,2120211,도성초등학교,984,516,468,7,180,282,189,161,165,3,68,120,112,117,96,4,112,162,77,44,69
2020,1,D,발달상권,2120210,선릉역,48780,26797,21983,117,11358,13636,11065,7952,4652,54,5356,8026,6479,4158,2724,63,6002,5610,4586,3794,1928
2020,1,D,발달상권,2120209,"강남구청(청담역_8번, 강남세무서)",8984,2608,6376,34,2050,2683,2467,1170,580,9,538,752,537,393,379,25,1512,1931,1930,777,201
2020,1,D,발달상권,2120208,청담사거리(청담동명품거리),10577,4635,5942,38,3354,3776,2024,878,507,13,1031,1619,1113,501,358,25,2323,2157,911,377,149
2020,1,D,발달상권,2120207,선정릉역,12151,7422,4729,32,2685,4209,2741,1595,889,16,1111,2464,1939,1147,745,16,1574,1745,802,448,144
2020,1,D,발달상권,2120206,개나리아파트,5280,3376,1904,87,1661,1418,1095,666,353,27,868,957,784,463,277,60,793,461,311,203,76
2020,1,D,발달상권,2120205,매봉역,13950,9370,4580,95,2838,4203,3126,1781,1907,44,1450,2959,2521,1302,1094,51,1388,1244,605,479,813
2020,1,D,발달상권,2120204,르네상스호텔사거리,41471,20644,20827,102,8167,11056,10671,10081,1394,54,5016,7567,4988,2062,957,48,3151,3489,5683,8019,437
2020,1,D,발달상권,2120203,강남구청역,7726,4602,3124,27,1589,2070,1890,1381,769,8,650,1218,1293,882,551,19,939,852,597,499,218
2020,1,D,발달상권,2120202,압구정로데오역(압구정로데오),11735,6075,5660,41,2963,4419,2469,1425,418,11,793,2184,1593,1195,299,30,2170,2235,876,230,119
2020,1,D,발달상권,2120201,도곡1동,11559,6387,5172,116,3565,3472,2482,1299,625,31,1365,2021,1730,754,486,85,2200,1451,752,545,139
2020,1,D,발달상권,2120200,학동사거리,9363,3808,5555,26,2868,3075,1848,1005,541,9,654,1122,937,687,399,17,2214,1953,911,318,142
2020,1,D,발달상권,2120199,경복아파트교차로,3830,2283,1547,10,796,1196,781,572,475,4,317,721,498,390,353,6,479,475,283,182,122
2020,1,D,발달상권,2120198,구역삼세무서,11531,7246,4285,23,2691,3529,2889,1562,837,12,1141,2216,2115,1139,623,11,1550,1313,774,423,214
2020,1,D,발달상권,2120197,역삼역,58694,38567,20127,93,10088,18053,15887,10835,3738,43,5227,11916,11864,7079,2438,50,4861,6137,4023,3756,1300
2020,1,D,발달상권,2120196,서울세관,9687,5900,3787,15,1708,2897,2579,1614,874,2,604,1527,1719,1323,725,13,1104,1370,860,291,149
2020,1,D,발달상권,2120195,성수대교남단,5611,2685,2926,39,1393,2394,1102,426,257,15,487,1194,634,208,147,24,906,1200,468,218,110
2020,1,D,발달상권,2120194,언주역(차병원),12628,8724,3904,37,2790,4202,2802,1923,874,14,1366,2863,2239,1588,654,23,1424,1339,563,335,220
2020,1,D,발달상권,2120193,도산공원교차로,6384,3798,2586,15,1278,1918,1493,983,697,6,466,1071,1021,696,538,9,812,847,472,287,159
2020,1,D,발달상권,2120192,뱅뱅사거리,27462,18935,8527,73,5758,8273,6703,4372,2283,38,3280,5616,5106,3189,1706,35,2478,2657,1597,1183,577
2020,1,D,발달상권,2120191,학동역,13862,8102,5760,40,2889,3759,2967,1864,2343,17,1120,2144,2011,1130,1680,23,1769,1615,956,734,663
2020,1,D,발달상권,2120190,강남을지병원,11703,6183,5520,44,3417,3226,2498,1508,1010,14,1228,1648,1560,985,748,30,2189,1578,938,523,262
2020,1,D,발달상권,2120189,강남역,72613,38819,33794,234,17636,24305,18411,9151,2876,59,6629,13226,10962,5914,2029,175,11007,11079,7449,3237,847
2020,1,D,발달상권,2120188,압구정역,8579,3750,4829,134,2204,2146,1550,1314,1231,47,698,969,897,556,583,87,1506,1177,653,758,648
2020,1,D,발달상권,2120187,신논현역,13076,7778,5298,64,3624,3962,2984,1673,769,27,1516,2302,2121,1247,565,37,2108,1660,863,426,204
2020,1,D,발달상권,2120186,가로수길,6518,3580,2938,19,1316,2133,1570,895,585,5,447,1174,950,573,431,14,869,959,620,322,154
2020,1,D,발달상권,2120185,논현역,12764,7403,5361,29,2731,4125,3228,1879,772,10,1040,2435,2232,1195,491,19,1691,1690,996,684,281
2020,1,D,발달상권,2120184,포이사거리(삼호물산),10139,7003,3136,20,1553,3044,2666,1705,1151,10,846,2068,2010,1212,857,10,707,976,656,493,294
2020,1,D,발달상권,2120183,양재천카페거리,3558,2626,932,12,586,972,848,551,589,10,364,717,638,413,484,2,222,255,210,138,105
2020,1,D,발달상권,2120182,"양재시민의숲역(양재동꽃시장, aT센터)",6144,4255,1889,33,1041,1652,1482,1259,677,14,539,1144,1089,924,545,19,502,508,393,335,132
2020,1,D,발달상권,2120181,교육개발원입구사거리,7278,4440,2838,316,2978,1563,1247,730,444,145,1506,983,939,536,331,171,1472,580,308,194,113
2020,1,D,발달상권,2120180,양재화물트럭터미널앞,2562,2146,416,13,637,812,554,409,137,10,466,711,481,363,115,3,171,101,73,46,22
2020,1,D,발달상권,2120179,양재역,21445,16961,4484,59,3105,7307,5206,3969,1799,34,2177,6101,4309,3030,1310,25,928,1206,897,939,489
2020,1,D,발달상권,2120178,신사역,10933,5953,4980,34,2539,2847,2355,1810,1348,13,871,1570,1480,999,1020,21,1668,1277,875,811,328
2020,1,D,발달상권,2120177,신논현역 1번,694,436,258,1,84,187,202,143,77,0,34,111,130,106,55,1,50,76,72,37,22
2020,1,D,발달상권,2120176,논현역 4번,893,566,327,1,130,216,195,168,183,1,67,126,129,106,137,0,63,90,66,62,46
2020,1,D,발달상권,2120175,남부터미널역,8239,5313,2926,32,1702,2478,1995,1290,742,6,856,1691,1361,852,547,26,846,787,634,438,195
2020,1,D,발달상권,2120174,논현역 5번,682,380,302,6,108,196,155,95,122,4,39,108,90,59,80,2,69,88,65,36,42
2020,1,D,발달상권,2120173,교대역(법원.검찰청),18197,10449,7748,74,3267,5392,4725,3068,1671,29,1418,3003,2843,1896,1260,45,1849,2389,1882,1172,411
2020,1,D,발달상권,2120172,교대입구교차로,10241,5712,4529,53,2062,2700,2445,1945,1036,33,854,1635,1489,1004,697,20,1208,1065,956,941,339
2020,1,D,발달상권,2120171,서초3동사거리,11750,6206,5544,15,1990,3845,2551,1862,1487,6,827,1746,1496,1064,1067,9,1163,2099,1055,798,420
2020,1,D,발달상권,2120170,삼호가든사거리,2026,1161,865,8,279,587,623,346,183,7,113,333,412,168,128,1,166,254,211,178,55
2020,1,D,발달상권,2120169,서초역,15771,7185,8586,70,3824,4195,3945,2657,1080,30,1313,1990,1801,1235,816,40,2511,2205,2144,1422,264
2020,1,D,발달상권,2120168,서울고교교차로,569,378,191,1,58,166,147,103,94,0,28,98,107,78,67,1,30,68,40,25,27
2020,1,D,발달상권,2120167,고속터미널(고속터미널역),5078,2994,2084,6,600,1311,1087,924,1150,5,318,915,786,488,482,1,282,396,301,436,668
2020,1,D,발달상권,2120166,방배역,5467,3282,2185,90,1234,1594,1033,699,817,26,523,920,713,451,649,64,711,674,320,248,168
2020,1,D,발달상권,2120165,서래마을카페거리(서래마을),3467,2266,1201,11,605,1119,949,516,267,3,277,716,707,369,194,8,328,403,242,147,73
2020,1,D,발달상권,2120164,내방역,8574,5973,2601,56,1923,2821,1862,1128,784,48,1160,1998,1383,799,585,8,763,823,479,329,199
2020,1,D,발달상권,2120163,사당역 11번(사당역먹자골목),491,290,201,0,55,119,99,86,132,0,28,73,57,50,82,0,27,46,42,36,50
2020,1,D,발달상권,2120162,방배동카페골목,1253,717,536,61,207,200,219,215,351,57,126,142,110,93,189,4,81,58,109,122,162
2020,1,D,발달상권,2120161,방배동가구거리(사당동가구거리),2517,1833,684,3,187,342,315,347,1323,2,78,178,165,202,1208,1,109,164,150,145,115
2020,1,D,발달상권,2120160,사당역(사당),9153,4750,4403,14,1560,2594,2716,1534,735,4,617,1307,1324,997,501,10,943,1287,1392,537,234
2020,1,D,발달상권,2120159,서울대입구역,1430,763,667,12,289,320,321,238,250,6,116,164,174,133,170,6,173,156,147,105,80
2020,1,D,발달상권,2120158,녹두거리(대학동),695,550,145,2,31,73,200,279,110,0,7,41,163,241,98,2,24,32,37,38,12
2020,1,D,발달상권,2120157,신림역(신림),593,255,338,1,95,115,145,125,112,0,19,40,81,48,67,1,76,75,64,77,45
2020,1,D,발달상권,2120156,"총신대입구역(이수, 총신대)",3255,1425,1830,14,615,769,718,629,510,7,201,327,374,254,262,7,414,442,344,375,248
2020,1,D,발달상권,2120155,총신대학교,111,57,54,0,13,27,27,26,18,0,7,8,15,15,12,0,6,19,12,11,6
2020,1,D,발달상권,2120154,장승배기역,479,199,280,1,61,123,126,106,62,0,16,58,67,35,23,1,45,65,59,71,39
2020,1,D,발달상권,2120153,노량진역(노량진),3699,1844,1855,10,521,1209,935,690,334,2,193,496,461,465,227,8,328,713,474,225,107
2020,1,D,발달상권,2120152,신대방삼거리역,594,291,303,1,66,127,155,154,91,1,22,63,84,74,47,0,44,64,71,80,44
2020,1,D,발달상권,2120151,보라매공원,2417,1455,962,6,401,736,707,383,184,4,194,433,450,237,137,2,207,303,257,146,47
2020,1,D,발달상권,2120150,63빌딩,7632,4749,2883,29,989,1932,2741,1691,250,5,494,1296,1379,1422,153,24,495,636,1362,269,97
2020,1,D,발달상권,2120149,여의도역(여의도),69255,45888,23367,184,11383,22550,19240,12096,3802,34,5884,14085,14147,9350,2388,150,5499,8465,5093,2746,1414
2020,1,D,발달상권,2120148,국회의사당역(국회의사당),31135,19451,11684,82,6815,10231,7641,4493,1873,27,3082,6187,5424,3397,1334,55,3733,4044,2217,1096,539
2020,1,D,발달상권,2120147,보라매역,1981,1262,719,6,292,455,377,378,473,3,99,312,255,270,323,3,193,143,122,108,150
2020,1,D,발달상권,2120146,한강성심병원,5045,2866,2179,18,1237,1249,1097,821,623,8,395,663,729,584,487,10,842,586,368,237,136
2020,1,D,발달상권,2120145,영등포역(영등포),3856,1817,2039,22,673,1021,921,702,517,0,202,441,486,388,300,22,471,580,435,314,217
2020,1,D,발달상권,2120144,영중로,2015,1072,943,1,254,394,507,598,261,1,142,276,288,230,135,0,112,118,219,368,126
2020,1,D,발달상권,2120143,당산역,2723,2018,705,9,329,524,575,532,754,2,194,398,412,396,616,7,135,126,163,136,138
2020,1,D,발달상권,2120142,대림역,1559,847,712,2,235,282,348,386,306,0,69,145,190,230,213,2,166,137,158,156,93
2020,1,D,발달상권,2120141,영등포청과시장교차로,601,418,183,2,71,137,188,115,88,1,36,85,133,86,77,1,35,52,55,29,11
2020,1,D,발달상권,2120140,문래동주민센터,6162,3296,2866,22,1447,1840,1635,916,302,11,558,993,992,517,225,11,889,847,643,399,77
2020,1,D,발달상권,2120139,대림3동사거리,3619,2404,1215,14,423,867,992,727,596,5,220,632,783,462,302,9,203,235,209,265,294
2020,1,D,발달상권,2120138,당산2동(영등포우체국),2754,1653,1101,23,745,579,479,488,440,15,395,347,312,309,275,8,350,232,167,179,165
2020,1,D,발달상권,2120137,문래역(문래로데오거리),50,21,29,2,11,8,13,12,4,0,4,1,7,7,2,2,7,7,6,5,2
2020,1,D,발달상권,2120136,영등포구청역,6617,3299,3318,20,1193,1504,1423,1444,1033,12,575,848,775,592,497,8,618,656,648,852,536
2020,1,D,발달상권,2120135,양평역,5072,3013,2059,32,1300,1280,1187,776,497,11,626,825,676,441,434,21,674,455,511,335,63
2020,1,D,발달상권,2120134,구로전화국,2014,1668,346,0,107,157,172,223,1355,0,44,75,96,153,1300,0,63,82,76,70,55
2020,1,D,발달상권,2120133,서울시흥동우체국(홈플러스시흥점),142,55,87,1,14,22,27,42,36,1,5,10,12,11,16,0,9,12,15,31,20
2020,1,D,발달상권,2120132,독산동,4203,2884,1319,13,512,908,1016,1074,680,12,350,650,695,701,476,1,162,258,321,373,204
2020,1,D,발달상권,2120131,가산디지털단지,81100,53404,27696,289,16340,25683,20119,11582,7087,184,8639,17229,14518,7692,5142,105,7701,8454,5601,3890,1945
2020,1,D,발달상권,2120130,구로디지털단지역,1136,620,516,1,169,376,236,212,142,0,59,208,125,125,103,1,110,168,111,87,39
2020,1,D,발달상권,2120129,구로디지털단지,47750,31091,16659,195,10197,16227,12034,5678,3419,126,5117,10736,8454,3920,2738,69,5080,5491,3580,1758,681
2020,1,D,발달상권,2120128,신도림역,1253,656,597,7,191,318,382,243,112,1,75,153,191,149,87,6,116,165,191,94,25
2020,1,D,발달상권,2120127,구로구청,5918,3878,2040,6,614,1229,1440,1444,1185,5,365,976,1050,808,674,1,249,253,390,636,511
2020,1,D,발달상권,2120126,디지털단지오거리,135,86,49,0,11,30,48,26,20,0,2,16,38,15,15,0,9,14,10,11,5
2020,1,D,발달상권,2120125,구로역,9291,6324,2967,24,1029,2136,2412,2271,1419,12,581,1466,1596,1572,1097,12,448,670,816,699,322
2020,1,D,발달상권,2120124,개봉동 현대아파트,461,205,256,0,63,89,119,82,108,0,18,26,49,43,69,0,45,63,70,39,39
2020,1,D,발달상권,2120123,오류동역,2120,1645,475,1,313,413,505,594,294,0,276,331,389,425,224,1,37,82,116,169,70
2020,1,D,발달상권,2120122,강서구청,2137,1208,929,4,308,444,489,437,455,2,103,218,267,256,362,2,205,226,222,181,93
2020,1,D,발달상권,2120121,까치산역,344,135,209,2,49,40,67,101,85,2,12,14,27,41,39,0,37,26,40,60,46
2020,1,D,발달상권,2120120,화곡역,927,405,522,1,177,218,193,196,142,0,46,109,84,81,85,1,131,109,109,115,57
2020,1,D,발달상권,2120119,발산역(마곡),1427,686,741,2,184,339,416,350,136,1,54,148,211,174,98,1,130,191,205,176,38
2020,1,D,발달상권,2120117,강서농산물도매시장,430,263,167,0,12,60,121,145,92,0,9,46,75,82,51,0,3,14,46,63,41
2020,1,D,발달상권,2120116,송정역,117,64,53,0,17,27,28,20,25,0,9,11,15,10,19,0,8,16,13,10,6
2020,1,D,발달상권,2120114,목동신시가지,13614,9392,4222,46,2086,3824,3484,2915,1259,29,1130,2623,2555,2209,846,17,956,1201,929,706,413
2020,1,D,발달상권,2120113,오목교역,628,372,256,2,96,144,162,136,88,1,45,79,94,92,61,1,51,65,68,44,27
2020,1,D,발달상권,2120112,등촌역,1633,1138,495,10,223,388,373,358,281,6,100,270,265,265,232,4,123,118,108,93,49
2020,1,D,발달상권,2120111,목동사거리,1828,710,1118,1,551,601,341,219,115,0,101,248,161,116,84,1,450,353,180,103,31
2020,1,D,발달상권,2120110,목동역 8번출구,1858,1400,458,2,142,216,286,247,965,1,42,102,166,181,908,1,100,114,120,66,57
2020,1,D,발달상권,2120109,서울남부지방법원,608,342,266,2,56,104,110,170,166,1,18,40,50,104,129,1,38,64,60,66,37
2020,1,D,발달상권,2120108,신정네거리역,992,580,412,2,93,215,220,242,220,1,28,110,112,160,169,1,65,105,108,82,51
2020,1,D,발달상권,2120107,공덕역(공덕오거리),13077,7619,5458,43,2471,3470,3552,3026,515,9,1021,2002,2300,1900,387,34,1450,1468,1252,1126,128
2020,1,D,발달상권,2120106,마포역,11462,7104,4358,12,1804,2735,2677,2306,1928,8,917,1662,1889,1435,1193,4,887,1073,788,871,735
2020,1,D,발달상권,2120105,상수역(홍대),524,273,251,4,126,153,122,71,48,2,51,74,70,42,34,2,75,79,52,29,14
2020,1,D,발달상권,2120104,연남동(홍대),5955,3176,2779,20,1117,1491,1289,1103,935,12,428,824,772,620,520,8,689,667,517,483,415
2020,1,D,발달상권,2120103,홍대입구역(홍대),9580,5991,3589,87,2167,2434,2066,1613,1213,61,1145,1486,1404,988,907,26,1022,948,662,625,306
2020,1,D,발달상권,2120102,서교동(홍대),7276,3402,3874,18,1521,2551,1814,899,473,11,496,1065,913,566,351,7,1025,1486,901,333,122
2020,1,D,발달상권,2120101,합정역,1932,1048,884,2,302,520,515,399,194,2,89,236,312,266,143,0,213,284,203,133,51
2020,1,D,발달상권,2120100,망원역,900,436,464,3,192,236,215,153,101,1,49,107,117,103,59,2,143,129,98,50,42
2020,1,D,발달상권,2120099,월드컵경기장역(월드컵경기장),84,57,27,0,11,20,26,14,13,0,6,16,21,7,7,0,5,4,5,7,6
2020,1,D,발달상권,2120098,DMC(디지털미디어시티),8846,5391,3455,19,1691,3228,2856,875,177,11,813,1995,1821,616,135,8,878,1233,1035,259,42
2020,1,D,발달상권,2120097,충정로역,2246,1354,892,0,321,658,631,407,229,0,172,390,397,254,141,0,149,268,234,153,88
2020,1,D,발달상권,2120096,"이화여대(이대역, 이대)",470,195,275,1,79,135,125,79,51,0,27,51,46,38,33,1,52,84,79,41,18
2020,1,D,발달상권,2120095,홍제역,922,520,402,1,73,107,260,362,119,0,17,56,137,222,88,1,56,51,123,140,31
2020,1,D,발달상권,2120094,"신촌역(신촌역, 신촌로터리)",5355,2430,2925,67,2390,1192,681,594,431,23,999,589,299,279,241,44,1391,603,382,315,190
2020,1,D,발달상권,2120093,연희동,661,351,310,2,60,125,170,195,109,0,27,62,91,103,68,2,33,63,79,92,41
2020,1,D,발달상권,2120092,불광역,274,147,127,0,33,51,83,52,55,0,12,29,44,21,41,0,21,22,39,31,14
2020,1,D,발달상권,2120091,본서부병원,516,192,324,1,51,69,119,165,111,0,20,28,51,55,38,1,31,41,68,110,73
2020,1,D,발달상권,2120090,연신내역,687,262,425,5,180,133,134,129,106,1,64,55,49,45,48,4,116,78,85,84,58
2020,1,D,발달상권,2120089,구파발역,1,0,1,0,0,0,1,0,0,0,0,0,0,0,0,0,0,0,1,0,0
2020,1,D,발달상권,2120088,구산역,799,279,520,2,86,117,175,272,147,2,30,65,68,59,55,0,56,52,107,213,92
2020,1,D,발달상권,2120087,응암역,441,272,169,0,45,84,114,106,92,0,17,50,78,60,67,0,28,34,36,46,25
2020,1,D,발달상권,2120086,태릉입구역,382,205,177,0,42,78,82,102,78,0,24,43,35,49,54,0,18,35,47,53,24
2020,1,D,발달상권,2120085,은행사거리,317,121,196,4,51,48,80,78,56,3,11,14,21,40,32,1,40,34,59,38,24
2020,1,D,발달상권,2120084,공릉역,712,546,166,3,33,59,110,240,267,1,11,22,63,205,244,2,22,37,47,35,23
2020,1,D,발달상권,2120083,등나무근린공원,1184,787,397,0,166,325,271,283,139,0,114,228,171,179,95,0,52,97,100,104,44
2020,1,D,발달상권,2120082,상계백병원,426,148,278,0,85,102,118,82,39,0,21,24,39,43,21,0,64,78,79,39,18
2020,1,D,발달상권,2120081,노원역,1552,508,1044,9,369,295,343,307,229,2,66,87,125,121,107,7,303,208,218,186,122
2020,1,D,발달상권,2120080,마들역,180,46,134,0,30,45,46,36,23,0,2,7,9,13,15,0,28,38,37,23,8
2020,1,D,발달상권,2120079,창동역,1326,796,530,0,151,232,320,304,319,0,54,108,172,195,267,0,97,124,148,109,52
2020,1,D,발달상권,2120078,미아사거리역,145,90,55,0,27,29,29,31,29,0,12,17,21,18,22,0,15,12,8,13,7
2020,1,D,발달상권,2120077,미아역,218,97,121,0,32,37,52,64,33,0,11,8,18,38,22,0,21,29,34,26,11
2020,1,D,발달상권,2120076,수유역,1930,865,1065,7,241,303,422,465,492,4,62,102,176,240,281,3,179,201,246,225,211
2020,1,D,발달상권,2120075,월곡역,369,213,156,1,40,86,97,67,78,0,17,48,54,44,50,1,23,38,43,23,28
2020,1,D,발달상권,2120074,안암역,59,28,31,1,12,16,12,8,10,0,5,9,7,2,5,1,7,7,5,6,5
2020,1,D,발달상권,2120073,미아사거리,353,135,218,3,40,67,95,95,53,2,16,29,45,23,20,1,24,38,50,72,33
2020,1,D,발달상권,2120072,성신여대,1048,537,511,18,137,211,213,271,198,11,46,86,103,152,139,7,91,125,110,119,59
2020,1,D,발달상권,2120071,성북구청,255,127,128,0,36,55,64,62,38,0,14,22,38,31,22,0,22,33,26,31,16
2020,1,D,발달상권,2120070,한성대입구역,466,180,286,2,83,69,78,113,121,2,21,31,37,38,51,0,62,38,41,75,70
2020,1,D,발달상권,2120069,상봉역,932,597,335,6,147,258,263,151,107,4,102,158,163,99,71,2,45,100,100,52,36
2020,1,D,발달상권,2120068,사가정역,145,45,100,3,38,31,25,22,26,0,1,5,12,12,15,3,37,26,13,10,11
2020,1,D,발달상권,2120067,장안동사거리,2587,1169,1418,9,427,578,671,577,325,7,165,280,258,255,204,2,262,298,413,322,121
2020,1,D,발달상권,2120066,장한평역(장한평),7424,4770,2654,43,1531,1839,1491,1235,1285,10,739,1202,991,818,1010,33,792,637,500,417,275
2020,1,D,발달상권,2120065,회기역,326,207,119,3,48,55,89,76,55,1,27,39,49,49,42,2,21,16,40,27,13
2020,1,D,발달상권,2120064,경희대학교(경희대),97,44,53,0,14,27,21,13,22,0,9,13,10,4,8,0,5,14,11,9,14
2020,1,D,발달상권,2120063,청량리역(청량리),1182,514,668,3,225,221,239,246,248,2,66,86,89,116,155,1,159,135,150,130,93
2020,1,D,발달상권,2120062,신설동역,12641,5433,7208,13,1215,2605,3449,3480,1879,2,445,1435,1625,1123,803,11,770,1170,1824,2357,1076
2020,1,D,발달상권,2120061,올림픽대교북단,1094,864,230,1,228,403,324,95,43,0,165,326,290,55,28,1,63,77,34,40,15
2020,1,D,발달상권,2120060,강변역(테크노마트),3189,2348,841,12,402,686,870,703,516,2,209,509,686,549,393,10,193,177,184,154,123
2020,1,D,발달상권,2120059,구삼강변맛길,3279,1781,1498,6,431,676,555,747,864,4,244,472,367,322,372,2,187,204,188,425,492
2020,1,D,발달상권,2120058,구의사거리,688,333,355,2,92,158,174,181,81,1,33,79,80,77,63,1,59,79,94,104,18
2020,1,D,발달상권,2120057,아차산역,2218,1220,998,52,412,432,503,468,351,19,236,257,289,206,213,33,176,175,214,262,138
2020,1,D,발달상권,2120056,구의역,2200,1115,1085,7,350,431,596,491,325,6,119,173,290,313,214,1,231,258,306,178,111
2020,1,D,발달상권,2120055,군자역,4255,2030,2225,33,1138,780,911,991,402,23,548,430,436,330,263,10,590,350,475,661,139
2020,1,D,발달상권,2120054,어린이대공원역,1243,826,417,0,90,153,311,440,249,0,25,88,205,321,187,0,65,65,106,119,62
2020,1,D,발달상권,2120053,건대입구역(건대),859,491,368,5,147,141,172,187,207,2,40,61,95,130,163,3,107,80,77,57,44
2020,1,D,발달상권,2120052,성수역,11387,7284,4103,23,2113,2900,2661,2238,1452,12,1170,1971,1783,1298,1050,11,943,929,878,940,402
2020,1,D,발달상권,2120051,뚝섬역,3944,2582,1362,20,703,946,867,651,757,15,446,646,549,445,481,5,257,300,318,206,276
2020,1,D,발달상권,2120050,서울숲역,212,159,53,0,33,40,60,52,27,0,19,30,47,41,22,0,14,10,13,11,5
2020,1,D,발달상권,2120049,왕십리역(왕십리),1459,1004,455,1,183,301,377,468,129,1,92,187,272,371,81,0,91,114,105,97,48
2020,1,D,발달상권,2120048,금호역,80,31,49,0,16,10,18,24,12,0,2,2,6,13,8,0,14,8,12,11,4
2020,1,D,발달상권,2120047,한남오거리,2290,1458,832,11,366,751,623,343,196,9,152,461,438,249,149,2,214,290,185,94,47
2020,1,D,발달상권,2120046,이태원(이태원역),2276,1295,981,24,817,682,338,220,195,15,389,421,205,134,131,9,428,261,133,86,64
2020,1,D,발달상권,2120045,남영동 먹자골목,4044,1580,2464,7,424,908,1421,1162,122,1,257,576,502,205,39,6,167,332,919,957,83
2020,1,D,발달상권,2120044,삼각지역,1611,1164,447,5,313,408,385,330,170,5,185,303,315,234,122,0,128,105,70,96,48
2020,1,D,발달상권,2120043,서울역,22578,15322,7256,58,4087,7782,5513,3664,1474,27,2087,4897,4201,3033,1077,31,2000,2885,1312,631,397
2020,1,D,발달상권,2120042,"숙대입구역(남영역, 남영동)",4057,2797,1260,20,750,1490,1024,558,215,8,370,894,831,510,184,12,380,596,193,48,31
2020,1,D,발달상권,2120041,신용산역(용산역),16270,5741,10529,72,4012,5520,4509,1569,588,25,1308,1921,1510,595,382,47,2704,3599,2999,974,206
2020,1,D,발달상권,2120040,용산전자상가(용산역),8014,5960,2054,43,1390,2727,2224,1236,394,30,882,2007,1729,997,315,13,508,720,495,239,79
2020,1,D,발달상권,2120039,신당역,2321,1230,1091,31,793,486,404,333,274,11,347,244,225,219,184,20,446,242,179,114,90
2020,1,D,발달상권,2120038,약수역,2289,1360,929,7,436,739,579,320,208,1,189,451,383,195,141,6,247,288,196,125,67
2020,1,D,발달상권,2120037,동대문역사문화공원역,35320,17057,18263,421,11234,9194,6981,5237,2253,180,5605,5543,3901,1328,500,241,5629,3651,3080,3909,1753
2020,1,D,발달상권,2120036,장충동족발거리(남소영길),2289,1090,1199,14,616,783,556,223,97,0,122,393,365,155,55,14,494,390,191,68,42
2020,1,D,발달상권,2120035,퇴계로5가,2257,1368,889,7,650,570,525,321,184,3,282,379,388,200,116,4,368,191,137,121,68
2020,1,D,발달상권,2120034,중구청(퇴계로4가),1538,1044,494,7,107,227,400,437,360,5,47,128,262,325,277,2,60,99,138,112,83
2020,1,D,발달상권,2120033,을지로4가역,874,443,431,7,128,213,194,204,128,1,45,108,99,91,99,6,83,105,95,113,29
2020,1,D,발달상권,2120032,충무로역,11403,5304,6099,36,1756,2560,3266,2711,1074,15,589,1271,1554,1201,674,21,1167,1289,1712,1510,400
2020,1,D,발달상권,2120031,을지로3가역,6147,3450,2697,9,699,1541,1643,1286,969,0,223,730,924,892,681,9,476,811,719,394,288
2020,1,D,발달상권,2120030,중부경찰서(영화인의거리),11889,6798,5091,53,2154,3638,3423,1960,661,16,721,2139,2092,1366,464,37,1433,1499,1331,594,197
2020,1,D,발달상권,2120029,을지로2가,7461,4461,3000,27,1938,2808,1698,798,192,7,787,1650,1165,693,159,20,1151,1158,533,105,33
2020,1,D,발달상권,2120028,명동(명동거리),12797,7708,5089,41,2137,3592,3670,2246,1111,16,1028,1982,2334,1641,707,25,1109,1610,1336,605,404
2020,1,D,발달상권,2120027,명동역(명동재미로),18097,8477,9620,67,2695,5851,6070,3074,340,9,859,2588,2522,2321,178,58,1836,3263,3548,753,162
2020,1,D,발달상권,2120026,을지로입구역,30610,18501,12109,14,4275,11589,8473,5661,598,4,1729,5846,5959,4562,401,10,2546,5743,2514,1099,197
2020,1,D,발달상권,2120025,롯데백화점(시청광장 지하쇼핑센터),22641,6272,16369,229,12750,7002,1623,944,93,71,3075,2028,779,248,71,158,9675,4974,844,696,22
2020,1,D,발달상권,2120024,회현역,2167,1364,803,2,341,795,582,250,197,1,146,473,416,192,136,1,195,322,166,58,61
2020,1,D,발달상권,2120023,서울시청,10242,5534,4708,15,2234,3260,2778,1425,530,4,852,1657,1658,983,380,11,1382,1603,1120,442,150
2020,1,D,발달상권,2120022,북창동(시청역_6번),5197,3160,2037,24,1010,1611,1149,767,636,2,391,936,852,543,436,22,619,675,297,224,200
2020,1,D,발달상권,2120021,시청역_8번,24117,15220,8897,74,4137,8250,7186,3526,944,13,1738,4529,5241,3020,679,61,2399,3721,1945,506,265
2020,1,D,발달상권,2120020,시청역_1번,10375,7489,2886,40,2120,3185,2952,1721,357,21,1118,2220,2480,1370,280,19,1002,965,472,351,77
2020,1,D,발달상권,2120019,경찰청앞교차로,5958,3146,2812,26,1051,2221,1625,793,242,8,274,1044,982,619,219,18,777,1177,643,174,23
2020,1,D,발달상권,2120018,중림동,2187,1366,821,2,393,736,598,293,165,2,207,425,357,237,138,0,186,311,241,56,27
2020,1,D,발달상권,2120017,동묘앞역(동묘),626,149,477,0,62,124,251,120,69,0,7,33,35,27,47,0,55,91,216,93,22
2020,1,D,발달상권,2120016,동대문역,193,120,73,1,10,27,45,44,66,0,6,14,20,31,49,1,4,13,25,13,17
2020,1,D,발달상권,2120015,종로6가,302,153,149,0,49,64,69,65,55,0,17,23,27,42,44,0,32,41,42,23,11
2020,1,D,발달상권,2120014,종로5가역,4887,2839,2048,375,1123,1351,1205,597,236,112,456,860,851,397,163,263,667,491,354,200,73
2020,1,D,발달상권,2120013,이화사거리,7552,5465,2087,8,1309,2510,2065,1290,370,1,628,1731,1677,1167,261,7,681,779,388,123,109
2020,1,D,발달상권,2120012,대학로(혜화역),2061,929,1132,10,357,603,507,318,266,5,105,208,252,171,188,5,252,395,255,147,78
2020,1,D,발달상권,2120011,종로4가,2980,1663,1317,5,420,1022,880,514,139,0,165,497,518,378,105,5,255,525,362,136,34
2020,1,D,발달상권,2120010,원남동사거리,4107,2297,1810,50,1544,1305,655,383,170,2,585,793,487,297,133,48,959,512,168,86,37
2020,1,D,발달상권,2120009,종로3가역,8495,4786,3709,19,1355,2296,2026,1582,1217,8,563,1230,1198,953,834,11,792,1066,828,629,383
2020,1,D,발달상권,2120008,인사동,22070,13019,9051,1263,7895,5069,3940,2756,1147,589,4005,3077,2666,2006,676,674,3890,1992,1274,750,471
2020,1,D,발달상권,2120007,북촌(안국역),10172,8081,2091,7,1112,3577,3084,1913,479,5,623,2851,2568,1659,375,2,489,726,516,254,104
2020,1,D,발달상권,2120006,종각역,33181,16028,17153,59,5900,11133,9928,5489,672,14,2254,4920,4677,3672,491,45,3646,6213,5251,1817,181
2020,1,D,발달상권,2120005,삼청동,3053,2795,258,1,399,712,898,817,226,0,340,633,848,776,198,1,59,79,50,41,28
2020,1,D,발달상권,2120004,종로구청,12937,7078,5859,9,1442,4392,4485,2080,529,4,432,2050,2756,1493,343,5,1010,2342,1729,587,186
2020,1,D,발달상권,2120003,광화문역,44202,27021,17181,79,6413,12958,13138,8070,3544,12,2655,7612,8988,5645,2109,67,3758,5346,4150,2425,1435
2020,1,D,발달상권,2120002,서촌(경복궁역),2008,1079,929,37,492,680,426,224,149,0,190,388,263,133,105,37,302,292,163,91,44
2020,1,D,발달상권,2120001,서대문역,1510,1022,488,1,265,530,359,278,77,1,106,344,272,237,62,0,159,186,87,41,15
2020,1,A,골목상권,2111090,강일동주민센터,91,35,56,0,15,30,23,17,6,0,1,10,10,10,4,0,14,20,13,7,2
2020,1,A,골목상권,2111089,상일여고(상일초등학교),758,508,250,0,51,131,184,236,156,0,32,81,128,155,112,0,19,50,56,81,44
2020,1,A,골목상권,2111088,고덕동성당,123,54,69,0,15,32,32,31,13,0,4,15,10,15,10,0,11,17,22,16,3
2020,1,A,골목상권,2111087,고덕중학교(고덕2동주민센터),197,89,108,0,26,46,62,36,27,0,5,21,26,17,20,0,21,25,36,19,7
2020,1,A,골목상권,2111086,한영중고,297,202,95,1,27,45,73,101,50,1,17,22,52,69,41,0,10,23,21,32,9
2020,1,A,골목상권,2111085,묘곡초등학교(고덕아이파크아파트),800,452,348,0,68,111,152,196,273,0,35,72,80,84,181,0,33,39,72,112,92
2020,1,A,골목상권,2111084,길동신동아아파트,169,104,65,2,27,32,37,58,13,2,21,23,24,25,9,0,6,9,13,33,4
2020,1,A,골목상권,2111083,GS강동자이아파트,411,245,166,0,67,62,70,100,112,0,47,43,41,44,70,0,20,19,29,56,42
2020,1,A,골목상권,2111082,중앙보훈병원,64,44,20,0,3,9,11,23,18,0,1,3,5,18,17,0,2,6,6,5,1
2020,1,A,골목상권,2111081,둔촌푸르지오아파트,78,50,28,0,8,17,18,18,17,0,4,12,13,6,15,0,4,5,5,12,2
2020,1,A,골목상권,2111080,굽은다리역 3번,434,235,199,0,44,77,100,110,103,0,12,52,63,58,50,0,32,25,37,52,53
2020,1,A,골목상권,2111079,둔촌고등학교(둔촌중학교),395,202,193,1,52,59,66,79,138,1,32,35,35,28,71,0,20,24,31,51,67
2020,1,A,골목상권,2111078,굽은다리역 4번,1728,1017,711,1,135,299,374,480,439,1,75,185,212,270,274,0,60,114,162,210,165
2020,1,A,골목상권,2111077,길동주민센터(강동도서관),1272,737,535,4,121,258,294,321,274,1,49,138,167,188,194,3,72,120,127,133,80
2020,1,A,골목상권,2111076,둔촌2동주민센터,297,174,123,0,25,49,61,86,76,0,14,24,34,39,63,0,11,25,27,47,13
2020,1,A,골목상권,2111075,굽은다리역 2번,192,115,77,0,14,42,52,54,30,0,14,28,24,33,16,0,0,14,28,21,14
2020,1,A,골목상권,2111074,명일역 1번,148,77,71,2,31,38,40,16,21,1,9,23,23,10,11,1,22,15,17,6,10
2020,1,A,골목상권,2111073,둔촌동역 1번(한산중학교),973,578,395,1,134,224,250,206,158,1,58,122,160,124,113,0,76,102,90,82,45
2020,1,A,골목상권,2111072,굽은다리역 1번(십자성마을),739,467,272,1,56,119,199,185,179,0,18,70,114,126,139,1,38,49,85,59,40
2020,1,A,골목상권,2111071,천동초등학교,76,52,24,0,4,15,21,25,11,0,4,6,18,16,8,0,0,9,3,9,3
2020,1,A,골목상권,2111070,천호초등학교,127,73,54,1,7,23,40,28,28,0,3,10,23,17,20,1,4,13,17,11,8
2020,1,A,골목상권,2111069,천호1동주민센터,79,54,25,0,8,17,17,26,11,0,4,12,14,14,10,0,4,5,3,12,1
2020,1,A,골목상권,2111068,강동성심병원,1570,605,965,0,532,392,271,203,172,0,126,134,114,101,130,0,406,258,157,102,42
2020,1,A,골목상권,2111067,강동구립성내도서관,746,414,332,2,73,149,192,177,153,1,36,98,107,84,88,1,37,51,85,93,65
2020,1,A,골목상권,2111066,암사동성당(효정하나플러스아파트),395,235,160,3,40,95,100,106,51,0,9,46,65,84,31,3,31,49,35,22,20
2020,1,A,골목상권,2111065,천일초등학교,75,34,41,2,6,20,18,22,7,2,5,10,7,5,5,0,1,10,11,17,2
2020,1,A,골목상권,2111064,둔촌동역 4번,157,98,59,0,13,34,47,40,23,0,3,21,30,28,16,0,10,13,17,12,7
2020,1,A,골목상권,2111063,강동구립 천호도서관,368,182,186,0,25,44,81,85,133,0,5,15,21,30,111,0,20,29,60,55,22
2020,1,A,골목상권,2111062,둔촌동역 3번(성내3동주민센터),751,501,250,5,134,198,194,144,76,5,81,139,126,91,59,0,53,59,68,53,17
2020,1,A,골목상권,2111061,암사역 1번,831,551,280,0,149,186,182,170,144,0,82,128,126,125,90,0,67,58,56,45,54
2020,1,A,골목상권,2111060,암사역 2번(서울강동초등학교),871,457,414,1,101,210,241,202,116,1,41,96,131,107,81,0,60,114,110,95,35
2020,1,A,골목상권,2111059,강동역 4번(강풀만화거리),819,430,389,3,90,160,193,170,203,1,48,75,93,94,119,2,42,85,100,76,84
2020,1,A,골목상권,2111058,성내중학교,451,317,134,0,51,92,129,121,58,0,37,63,90,82,45,0,14,29,39,39,13
2020,1,A,골목상권,2111057,천호공원(해공체육문화센터),255,113,142,2,53,50,64,61,25,2,15,19,30,33,14,0,38,31,34,28,11
2020,1,A,골목상권,2111056,천호태영아파트,191,53,138,0,27,35,64,36,29,0,4,5,19,15,10,0,23,30,45,21,19
2020,1,A,골목상권,2111055,선사초등학교,673,29,644,0,14,28,137,373,121,0,4,7,8,6,4,0,10,21,129,367,117
2020,1,A,골목상권,2111054,암사역 4번(삼성광나루아파트),104,42,62,0,14,18,19,12,41,0,4,12,7,5,14,0,10,6,12,7,27
2020,1,A,골목상권,2111053,성내천어린이공원(하니사랑길),6288,4564,1724,6,799,940,1025,1564,1954,3,542,693,750,1053,1523,3,257,247,275,511,431
2020,1,A,골목상권,2111052,암사역 3번(천호동자전거거리),357,228,129,1,26,71,117,94,48,1,11,47,76,58,35,0,15,24,41,36,13
2020,1,A,골목상권,2111051,천호역 6번,407,252,155,2,65,80,90,88,82,1,44,56,58,47,46,1,21,24,32,41,36
2020,1,A,골목상권,2111050,강동구청(강동구청역 2번),131,96,35,0,21,14,21,32,43,0,12,5,12,27,40,0,9,9,9,5,3
2020,1,A,골목상권,2111049,천호지구대(천호동자전거거리),507,277,230,2,75,90,96,118,126,0,36,50,40,68,83,2,39,40,56,50,43
2020,1,A,골목상권,2111048,천호역 1번(천호문구완구거리),189,104,85,3,18,52,45,45,26,2,10,24,26,25,17,1,8,28,19,20,9
2020,1,A,골목상권,2111047,마천1치안센터,111,73,38,0,9,17,34,34,17,0,6,14,19,22,12,0,3,3,15,12,5
2020,1,A,골목상권,2111046,마천역(마천초등학교),705,400,305,2,76,145,170,193,119,1,47,85,83,94,90,1,29,60,87,99,29
2020,1,A,골목상권,2111045,개미어린이공원,36,18,18,0,2,7,12,12,3,0,1,1,7,7,2,0,1,6,5,5,1
2020,1,A,골목상권,2111044,남천초등학교,557,264,293,1,95,146,167,113,35,0,35,71,76,56,26,1,60,75,91,57,9
2020,1,A,골목상권,2111043,마천공원,32,13,19,0,1,3,7,12,9,0,0,0,1,6,6,0,1,3,6,6,3
2020,1,A,골목상권,2111042,거여역 1번(거여공원),867,597,270,3,147,186,247,200,84,3,121,134,159,130,50,0,26,52,88,70,34
2020,1,A,골목상권,2111041,거여역 8번,428,350,78,1,102,124,87,64,50,1,84,98,72,51,44,0,18,26,15,13,6
2020,1,A,골목상권,2111040,거여초등학교,346,137,209,0,26,86,124,77,33,0,9,27,48,30,23,0,17,59,76,47,10
2020,1,A,골목상권,2111039,벌말어린이공원,485,353,132,8,85,125,121,94,52,8,51,89,88,72,45,0,34,36,33,22,7
2020,1,A,골목상권,2111038,보인중학교,416,270,146,0,26,66,113,123,88,0,11,38,85,88,48,0,15,28,28,35,40
2020,1,A,골목상권,2111037,Sh수협은행 오금동금융센터(아랫말어린이공원),373,243,130,0,37,103,90,93,50,0,25,84,60,43,31,0,12,19,30,50,19
2020,1,A,골목상권,2111036,투구봉어린이공원,209,119,90,1,22,40,55,62,29,1,7,20,26,39,26,0,15,20,29,23,3
2020,1,A,골목상권,2111035,오금공원(오주중학교),531,398,133,0,41,90,148,148,104,0,32,66,121,102,77,0,9,24,27,46,27
2020,1,A,골목상권,2111034,오동나무공원(송파레미니스1단지),1443,1020,423,3,244,367,352,318,159,3,155,253,264,223,122,0,89,114,88,95,37
2020,1,A,골목상권,2111033,문정동성당,70,30,40,0,5,4,16,16,29,0,2,3,8,9,8,0,3,1,8,7,21
2020,1,A,골목상권,2111032,방이역 1번,3885,2552,1333,4,235,340,605,719,1982,3,139,237,411,469,1293,1,96,103,194,250,689
2020,1,A,골목상권,2111031,장지동주민센터(한림연예예술고교),3127,2317,810,8,263,415,651,857,933,2,170,330,497,648,670,6,93,85,154,209,263
2020,1,A,골목상권,2111030,방이역 2번,665,419,246,1,57,107,147,217,136,0,28,68,94,128,101,1,29,39,53,89,35
2020,1,A,골목상권,2111029,오금역 4번,427,314,113,3,71,108,91,79,75,1,51,81,67,55,59,2,20,27,24,24,16
2020,1,A,골목상권,2111028,문현중학교(장지역 1번),424,194,230,0,54,66,132,116,56,0,29,36,49,50,30,0,25,30,83,66,26
2020,1,A,골목상권,2111027,문정초등학교,1403,775,628,3,148,289,326,247,390,1,67,160,211,126,210,2,81,129,115,121,180
2020,1,A,골목상권,2111026,문정역 2번,2304,1506,798,7,431,634,546,428,258,3,236,427,385,239,216,4,195,207,161,189,42
2020,1,A,골목상권,2111025,경찰병원역 3번,686,412,274,1,84,164,149,157,131,0,45,102,103,88,74,1,39,62,46,69,57
2020,1,A,골목상권,2111024,경찰병원역 4번(건너말공원),240,150,90,0,27,53,63,68,29,0,16,33,45,35,21,0,11,20,18,33,8
2020,1,A,골목상권,2111023,문정역 1번,939,576,363,2,133,202,263,204,135,0,86,139,184,100,67,2,47,63,79,104,68
2020,1,A,골목상권,2111022,석촌중학교(방이육교),567,255,312,1,48,105,141,206,66,0,28,66,72,57,32,1,20,39,69,149,34
2020,1,A,골목상권,2111021,방이역 4번,7674,5867,1807,22,792,1328,1977,2139,1416,15,392,911,1551,1769,1229,7,400,417,426,370,187
2020,1,A,골목상권,2111020,방이동고분군(방산고등학교),304,225,79,1,20,103,84,54,42,0,7,73,64,48,33,1,13,30,20,6,9
2020,1,A,골목상권,2111019,한성백제역 3번,1524,1000,524,2,207,448,428,254,185,2,103,303,300,164,128,0,104,145,128,90,57
2020,1,A,골목상권,2111018,풍납초등학교(풍납백제문화공원),26,23,3,0,1,5,10,6,4,0,1,4,8,6,4,0,0,1,2,0,0
2020,1,A,골목상권,2111017,송파나루역 3번,688,480,208,5,317,167,84,70,45,4,217,116,53,50,40,1,100,51,31,20,5
2020,1,A,골목상권,2111016,송파역 2번,3803,1601,2202,15,1126,1104,801,601,156,8,407,533,427,165,61,7,719,571,374,436,95
2020,1,A,골목상권,2111015,석촌역 3번,1352,778,574,1,151,315,350,351,184,1,72,199,216,181,109,0,79,116,134,170,75
2020,1,A,골목상권,2111014,송파나루역 2번,525,275,250,1,43,76,121,190,94,0,21,42,69,83,60,1,22,34,52,107,34
2020,1,A,골목상권,2111013,송파나루역 1번(송리단길),2234,1456,778,8,320,568,650,435,253,3,160,384,445,290,174,5,160,184,205,145,79
2020,1,A,골목상권,2111012,석촌역 6번,732,332,400,2,91,127,180,183,149,2,23,56,83,93,75,0,68,71,97,90,74
2020,1,A,골목상권,2111011,잠실나루역,9608,7747,1861,42,1275,3018,2795,2046,432,18,924,2492,2309,1674,330,24,351,526,486,372,102
2020,1,A,골목상권,2111010,석촌역 7번,1428,975,453,3,162,289,351,325,298,1,88,176,244,224,242,2,74,113,107,101,56
2020,1,A,골목상권,2111009,송파책박물관,127,92,35,1,13,38,27,22,26,0,11,32,17,14,18,1,2,6,10,8,8
2020,1,A,골목상권,2111008,석촌고분역 3번,1600,1210,390,1,185,292,294,400,428,1,151,243,216,259,340,0,34,49,78,141,88
2020,1,A,골목상권,2111007,석촌고분역 4번,936,480,456,0,107,215,255,242,117,0,43,116,142,109,70,0,64,99,113,133,47
2020,1,A,골목상권,2111006,석촌고분역 1번,1112,721,391,0,127,292,337,203,153,0,56,169,242,135,119,0,71,123,95,68,34
2020,1,A,골목상권,2111005,삼전역 3번,1865,1358,507,0,320,617,459,302,167,0,215,449,339,222,133,0,105,168,120,80,34
2020,1,A,골목상권,2111004,삼전역 1번,2036,1331,705,13,263,407,504,376,473,0,108,261,337,239,386,13,155,146,167,137,87
2020,1,A,골목상권,2111003,삼전역 4번,1991,1333,658,6,249,412,547,436,341,1,160,278,331,307,256,5,89,134,216,129,85
2020,1,A,골목상권,2111002,한국교통안전공단 강남자동차검사소,317,115,202,0,22,63,65,96,71,0,7,31,21,26,30,0,15,32,44,70,41
2020,1,A,골목상권,2111001,아래방죽마을공원(율현초등학교),70,44,26,0,2,10,16,22,20,0,1,7,13,13,10,0,1,3,3,9,10
2020,1,A,골목상권,2111000,대왕초등학교(세곡동사거리서남측),39,20,19,0,7,10,12,8,2,0,0,4,10,4,2,0,7,6,2,4,0
2020,1,A,골목상권,2110999,윗방죽마을공원,268,130,138,2,19,43,44,83,77,1,12,27,27,39,24,1,7,16,17,44,53
2020,1,A,골목상권,2110998,은곡마을(은곡마을공원),23,15,8,0,2,8,6,5,2,0,0,4,5,5,1,0,2,4,1,0,1
2020,1,A,골목상권,2110997,대청초등학교,1724,959,765,4,230,291,391,383,425,2,111,162,200,210,274,2,119,129,191,173,151
2020,1,A,골목상권,2110996,대치2동주민센터,1959,1227,732,2,83,278,351,342,903,0,48,209,277,247,446,2,35,69,74,95,457
2020,1,A,골목상권,2110995,봉은사역 4번,5085,3711,1374,9,978,2002,1271,637,188,2,575,1477,990,523,144,7,403,525,281,114,44
2020,1,A,골목상권,2110994,개포고등학교,494,382,112,7,65,161,123,110,28,4,47,134,103,73,21,3,18,27,20,37,7
2020,1,A,골목상권,2110993,개포지하차도 북측,70,53,17,0,3,9,19,23,16,0,2,7,16,18,10,0,1,2,3,5,6
2020,1,A,골목상권,2110992,도곡초등학교,2179,1144,1035,3,269,440,484,524,459,1,108,253,258,260,264,2,161,187,226,264,195
2020,1,A,골목상권,2110991,삼성중앙역 5번,1246,794,452,1,111,415,339,275,105,1,28,243,229,216,77,0,83,172,110,59,28
2020,1,A,골목상권,2110990,청담역 12번,262,109,153,2,61,92,56,36,15,0,12,32,29,23,13,2,49,60,27,13,2
2020,1,A,골목상권,2110989,대치동아우편취급국,444,270,174,9,90,148,75,68,54,0,43,102,43,44,38,9,47,46,32,24,16
2020,1,A,골목상권,2110988,청담역 3번,1594,1016,578,1,243,425,364,346,215,1,82,247,247,262,177,0,161,178,117,84,38
2020,1,A,골목상권,2110987,영동대교남단,473,237,236,2,91,86,93,107,94,1,46,51,44,40,55,1,45,35,49,67,39
2020,1,A,골목상권,2110986,삼성중앙역 7번,90,59,31,0,9,18,36,19,8,0,3,6,29,15,6,0,6,12,7,4,2
2020,1,A,골목상권,2110985,청담근린공원,1338,948,390,0,193,447,374,226,98,0,98,346,275,157,72,0,95,101,99,69,26
2020,1,A,골목상권,2110984,포이초등학교(개포목련어린이공원),1556,1046,510,2,236,342,331,306,339,0,140,241,211,199,255,2,96,101,120,107,84
2020,1,A,골목상권,2110983,국립국악고등학교,783,534,249,6,126,212,125,145,169,2,44,137,94,111,146,4,82,75,31,34,23
2020,1,A,골목상권,2110982,강남구보훈회관,166,74,92,0,31,34,41,41,19,0,7,13,25,14,15,0,24,21,16,27,4
2020,1,A,골목상권,2110981,국악고교사거리,361,216,145,2,57,77,110,81,34,0,27,36,72,56,25,2,30,41,38,25,9
2020,1,A,골목상권,2110980,개포지구대옆,663,482,181,0,90,198,202,111,62,0,45,142,168,72,55,0,45,56,34,39,7
2020,1,A,골목상권,2110979,청담초등학교,2996,1912,1084,4,522,922,768,567,213,4,228,628,535,343,174,0,294,294,233,224,39
2020,1,A,골목상권,2110978,도곡2동주민센터(대치중학교),331,186,145,0,46,70,72,114,29,0,20,41,47,62,16,0,26,29,25,52,13
2020,1,A,골목상권,2110977,논현로18길,148,102,46,0,22,32,45,29,20,0,14,20,33,20,15,0,8,12,12,9,5
2020,1,A,골목상권,2110976,언북초등학교,578,332,246,1,111,188,126,86,66,0,41,115,83,49,44,1,70,73,43,37,22
2020,1,A,골목상권,2110975,매봉역 1번,10837,6932,3905,34,2175,2199,3202,3019,208,21,1010,1161,2184,2402,154,13,1165,1038,1018,617,54
2020,1,A,골목상권,2110974,언주중학교,292,179,113,3,60,72,89,44,24,3,27,43,62,28,16,0,33,29,27,16,8
2020,1,A,골목상권,2110973,강남구청역 4번,1451,786,665,4,275,333,289,271,279,1,146,203,162,130,144,3,129,130,127,141,135
2020,1,A,골목상권,2110972,강남세브란스병원미래의학연구센터,2628,1440,1188,17,539,669,692,581,130,4,240,428,438,258,72,13,299,241,254,323,58
2020,1,A,골목상권,2110971,선정릉역 4번,1542,900,642,11,278,455,380,254,164,6,140,270,245,120,119,5,138,185,135,134,45
2020,1,A,골목상권,2110970,학동초등학교,378,236,142,1,66,98,102,65,46,0,27,49,66,57,37,1,39,49,36,8,9
2020,1,A,골목상권,2110969,베르사이유1아파트,1546,1230,316,4,231,442,483,285,101,2,165,345,402,239,77,2,66,97,81,46,24
2020,1,A,골목상권,2110968,강남구청역 2번,1023,596,427,7,327,204,133,121,231,4,177,117,81,68,149,3,150,87,52,53,82
2020,1,A,골목상권,2110967,역삼역 8번,377,228,149,0,63,92,89,92,41,0,31,51,60,56,30,0,32,41,29,36,11
2020,1,A,골목상권,2110966,논현2동주민센터,1637,1017,620,18,470,498,300,218,133,7,256,298,200,147,109,11,214,200,100,71,24
2020,1,A,골목상권,2110965,언주역 6번,1139,788,351,1,174,379,378,142,65,1,104,276,284,74,49,0,70,103,94,68,16
2020,1,A,골목상권,2110964,싸리고개근린공원,217,124,93,0,29,60,59,34,35,0,8,32,36,23,25,0,21,28,23,11,10
2020,1,A,골목상권,2110963,역삼월드메르디앙아파트,780,547,233,1,126,185,226,154,88,0,79,146,171,97,54,1,47,39,55,57,34
2020,1,A,골목상권,2110962,도산공원북측,557,487,70,1,66,80,242,144,24,0,45,70,226,130,16,1,21,10,16,14,8
2020,1,A,골목상권,2110961,언주역 3번,962,673,289,5,172,286,248,140,111,3,97,184,187,112,90,2,75,102,61,28,21
2020,1,A,골목상권,2110960,은광여고,1522,692,830,5,207,255,373,502,180,4,55,110,190,212,121,1,152,145,183,290,59
2020,1,A,골목상권,2110959,신구중학교,271,140,131,0,14,66,82,79,30,0,7,36,49,29,19,0,7,30,33,50,11
2020,1,A,골목상권,2110958,역삼역 4번,994,759,235,1,96,197,300,295,105,1,46,133,254,240,85,0,50,64,46,55,20
2020,1,A,골목상권,2110957,언북중학교,1251,831,420,1,262,379,317,147,145,1,146,241,215,109,119,0,116,138,102,38,26
2020,1,A,골목상권,2110956,언주역 8번,1199,758,441,4,361,471,199,87,77,2,158,307,163,70,58,2,203,164,36,17,19
2020,1,A,골목상권,2110955,논현초등학교,3430,2238,1192,19,719,823,793,625,451,13,417,568,554,389,297,6,302,255,239,236,154
2020,1,A,골목상권,2110954,국기원,636,445,191,0,89,142,187,94,124,0,35,97,161,74,78,0,54,45,26,20,46
2020,1,A,골목상권,2110953,학동근린공원,2487,1583,904,15,679,891,571,218,113,0,336,572,409,180,86,15,343,319,162,38,27
2020,1,A,골목상권,2110952,논현목련공원,117,65,52,0,21,23,27,22,24,0,9,13,13,14,16,0,12,10,14,8,8
2020,1,A,골목상권,2110951,신사은행나무공원,273,75,198,0,35,83,96,51,8,0,6,24,27,15,3,0,29,59,69,36,5
2020,1,A,골목상권,2110950,논현역 7번,2981,1929,1052,1,829,1305,518,230,98,0,418,886,383,173,69,1,411,419,135,57,29
2020,1,A,골목상권,2110949,한남IC,1683,1193,490,5,288,565,435,305,85,2,112,398,347,261,73,3,176,167,88,44,12
2020,1,A,골목상권,2110947,청계산입구역 2번(내곡동주민센터),121,48,73,0,19,18,29,21,34,0,9,9,15,7,8,0,10,9,14,14,26
2020,1,A,골목상권,2110946,청계산원터골,48,24,24,0,2,6,8,16,16,0,2,3,6,3,10,0,0,3,2,13,6
2020,1,A,골목상권,2110945,본마을노인복지센터(서초구립내곡도서관),191,114,77,3,44,57,37,33,17,3,14,31,25,28,13,0,30,26,12,5,4
2020,1,A,골목상권,2110944,서울나래학교(염곡어린이공원),1053,735,318,10,133,246,201,217,246,8,98,194,153,139,143,2,35,52,48,78,103
2020,1,A,골목상권,2110943,법제교육센터(버들어린이공원),1122,578,544,1,67,165,357,323,209,1,36,99,151,140,151,0,31,66,206,183,58
2020,1,A,골목상권,2110942,염곡동 구룡사(포이동성당),3242,1952,1290,7,578,932,791,613,321,3,328,587,461,351,222,4,250,345,330,262,99
2020,1,A,골목상권,2110941,언남고등학교,261,158,103,0,33,46,89,58,35,0,14,26,51,40,27,0,19,20,38,18,8
2020,1,A,골목상권,2110940,양재근린공원(양재2동주민센터),1043,755,288,9,186,346,264,145,93,8,116,256,200,103,72,1,70,90,64,42,21
2020,1,A,골목상권,2110939,양재역 8번(양재동우체국),5945,4103,1842,23,971,1415,1465,1168,903,15,500,989,1056,798,745,8,471,426,409,370,158
2020,1,A,골목상권,2110938,바우뫼공원,1784,1137,647,1,294,551,489,326,123,0,172,392,303,169,101,1,122,159,186,157,22
2020,1,A,골목상권,2110937,방아다리근린공원(횃불트리니티신학대학원대학교),2465,1270,1195,7,634,861,542,318,103,6,246,507,335,113,63,1,388,354,207,205,40
2020,1,A,골목상권,2110936,더케이호텔(양재리본타워2단지아파트),832,552,280,3,109,260,215,175,70,0,53,154,159,131,55,3,56,106,56,44,15
2020,1,A,골목상권,2110935,한전아트센터,379,264,115,2,53,108,105,72,39,2,33,82,75,46,26,0,20,26,30,26,13
2020,1,A,골목상권,2110934,우면주공아파트,998,677,321,6,198,291,253,164,86,5,83,217,195,113,64,1,115,74,58,51,22
2020,1,A,골목상권,2110933,한국상담대학원대학교,679,60,619,0,344,156,86,63,30,0,10,15,15,5,15,0,334,141,71,58,15
2020,1,A,골목상권,2110932,서울시인재개발원,532,384,148,2,128,170,127,64,41,2,76,116,100,54,36,0,52,54,27,10,5
2020,1,A,골목상권,2110931,삼성전자서울R&D(서울우면초등학교),100,51,49,0,37,31,18,7,7,0,12,16,10,7,6,0,25,15,8,0,1
2020,1,A,골목상권,2110930,서초동성당,2178,1774,404,8,284,588,694,433,171,2,190,448,591,393,150,6,94,140,103,40,21
2020,1,A,골목상권,2110929,남부터미널역 1번,21130,10703,10427,21,4446,4558,3912,7143,1050,4,1209,1890,1718,5123,759,17,3237,2668,2194,2020,291
2020,1,A,골목상권,2110928,서초우방유쉘아파트,596,491,105,1,57,109,125,205,99,1,29,76,109,190,86,0,28,33,16,15,13
2020,1,A,골목상권,2110927,잠원역,745,553,192,2,93,342,198,98,12,2,82,218,159,81,11,0,11,124,39,17,1
2020,1,A,골목상권,2110926,신중초등학교,1610,1175,435,6,193,359,463,382,207,3,114,263,355,292,148,3,79,96,108,90,59
2020,1,A,골목상권,2110925,서초중학교,873,496,377,0,104,137,244,222,166,0,38,65,146,132,115,0,66,72,98,90,51
2020,1,A,골목상권,2110924,반포4동주민센터(몽마르뜨공원),1330,886,444,5,203,305,407,298,112,1,85,181,300,236,83,4,118,124,107,62,29
2020,1,A,골목상권,2110923,방배역 1번,210,153,57,0,34,56,55,41,24,0,21,38,42,34,18,0,13,18,13,7,6
2020,1,A,골목상권,2110922,내방역 1번,224,114,110,1,42,48,47,43,43,0,13,23,27,23,28,1,29,25,20,20,15
2020,1,A,골목상권,2110921,서울프랑스학교,522,321,201,7,63,71,118,142,121,2,30,43,82,90,74,5,33,28,36,52,47
2020,1,A,골목상권,2110920,방배역 2번(백석예술대학교),359,205,154,0,23,53,125,118,40,0,5,29,65,75,31,0,18,24,60,43,9
2020,1,A,골목상권,2110919,내방역 8번,1539,1126,413,3,142,311,413,419,251,1,60,179,331,354,201,2,82,132,82,65,50
2020,1,A,골목상권,2110918,방배역 3번,682,438,244,3,98,127,164,142,148,2,59,85,108,86,98,1,39,42,56,56,50
2020,1,A,골목상권,2110917,서초소방서,1505,939,566,6,157,432,402,355,153,2,72,281,295,181,108,4,85,151,107,174,45
2020,1,A,골목상권,2110916,내방역 4번,1152,592,560,9,216,272,301,208,146,6,58,167,187,91,83,3,158,105,114,117,63
2020,1,A,골목상권,2110915,서래초등학교,2807,2202,605,14,421,877,1027,379,89,11,280,648,849,336,78,3,141,229,178,43,11
2020,1,A,골목상권,2110914,내방역 6번,146,116,30,0,26,31,37,26,26,0,17,26,26,24,23,0,9,5,11,2,3
2020,1,A,골목상권,2110913,방현초등학교(방배119안전센터),3305,2117,1188,7,572,1265,879,376,206,4,272,824,627,237,153,3,300,441,252,139,53
2020,1,A,골목상권,2110912,방배동사이길,210,128,82,3,33,45,53,42,34,2,16,27,39,21,23,1,17,18,14,21,11
2020,1,A,골목상권,2110911,방배배수지체육공원,29,22,7,0,6,3,7,5,8,0,6,2,4,4,6,0,0,1,3,1,2
2020,1,A,골목상권,2110910,내방역 5번,614,240,374,5,72,124,157,176,80,3,30,69,52,49,37,2,42,55,105,127,43
2020,1,A,골목상권,2110909,남태령역(서울전자고등학교),132,97,35,1,11,29,23,34,34,1,4,19,16,29,28,0,7,10,7,5,6
2020,1,A,골목상권,2110908,구반포역,1525,377,1148,0,66,111,397,806,145,0,42,54,71,141,69,0,24,57,326,665,76
2020,1,A,골목상권,2110907,방배초등학교,878,506,372,8,144,197,239,157,133,5,66,109,122,99,105,3,78,88,117,58,28
2020,1,A,골목상권,2110906,서문여고,683,362,321,2,217,106,119,106,133,0,59,58,72,62,111,2,158,48,47,44,22
2020,1,A,골목상권,2110905,방배노인종합복지관(이수중학교),287,176,111,1,36,71,71,63,45,0,18,38,45,41,34,1,18,33,26,22,11
2020,1,A,골목상권,2110904,이수역 5번,835,468,367,4,167,217,239,139,69,1,90,125,135,59,58,3,77,92,104,80,11
2020,1,A,골목상권,2110903,방배아이파크아파트,7222,2653,4569,7,1242,1778,2487,1322,386,1,333,597,951,599,172,6,909,1181,1536,723,214
2020,1,A,골목상권,2110902,사당역 4번,1201,739,462,1,193,270,296,250,191,0,84,171,204,158,122,1,109,99,92,92,69
2020,1,A,골목상권,2110901,인헌고등학교(인헌중학교),262,154,108,3,44,64,75,55,21,3,23,40,40,32,16,0,21,24,35,23,5
2020,1,A,골목상권,2110900,낙성대역 1번(관악구민 종합체육센터),457,257,200,1,95,125,123,89,24,1,49,65,69,54,19,0,46,60,54,35,5
2020,1,A,골목상권,2110899,낙성대역 5번(관악중학교),690,448,242,0,167,185,166,123,49,0,107,135,96,71,39,0,60,50,70,52,10
2020,1,A,골목상권,2110898,청림동주민센터(상도중학교),66,27,39,0,16,14,14,16,6,0,5,3,8,7,4,0,11,11,6,9,2
2020,1,A,골목상권,2110897,서울대입구역 8번,219,139,80,0,16,45,69,64,25,0,7,24,40,44,24,0,9,21,29,20,1
2020,1,A,골목상권,2110896,관악우성아파트,202,49,153,0,41,37,44,47,33,0,5,7,11,13,13,0,36,30,33,34,20
2020,1,A,골목상권,2110895,샤로수길,1796,1222,574,3,307,721,360,233,172,2,170,534,234,152,130,1,137,187,126,81,42
2020,1,A,골목상권,2110894,관악동부센트레빌아파트(은천로35라길),20,8,12,0,2,4,3,6,5,0,0,2,1,2,3,0,2,2,2,4,2
2020,1,A,골목상권,2110893,관악소방서(문영여고),353,303,50,0,39,110,66,113,25,0,29,96,57,99,22,0,10,14,9,14,3
2020,1,A,골목상권,2110892,관악구 중앙길,709,341,368,0,69,110,159,221,150,0,25,55,76,105,80,0,44,55,83,116,70
2020,1,A,골목상권,2110891,구암초등학교,47,22,25,0,5,1,22,16,3,0,1,0,11,8,2,0,4,1,11,8,1
2020,1,A,골목상권,2110890,봉천역 1번(관악초등학교),261,152,109,1,22,44,95,70,29,0,4,22,59,46,21,1,18,22,36,24,8
2020,1,A,골목상권,2110889,봉천역 6번,376,317,59,0,29,36,69,136,106,0,18,20,47,130,102,0,11,16,22,6,4
2020,1,A,골목상권,2110888,청룡동주민센터,94,53,41,0,5,9,11,22,47,0,3,2,4,6,38,0,2,7,7,16,9
2020,1,A,골목상권,2110887,서울산업정보학교(서울삼성초등학교),19,11,8,0,1,4,7,6,1,0,0,0,4,6,1,0,1,4,3,0,0
2020,1,A,골목상권,2110886,관악해태어린이공원,188,103,85,1,38,50,41,36,22,1,18,28,21,23,12,0,20,22,20,13,10
2020,1,A,골목상권,2110885,영락고등학교,340,214,126,0,37,58,94,89,62,0,18,33,61,57,45,0,19,25,33,32,17
2020,1,A,골목상권,2110884,봉천역 4번(봉천110안전센터),372,284,88,1,17,30,61,98,165,0,1,8,49,84,142,1,16,22,12,14,23
2020,1,A,골목상권,2110883,은천초등학교(은천교앞),212,126,86,2,21,44,71,49,25,1,12,25,43,29,16,1,9,19,28,20,9
2020,1,A,골목상권,2110882,신성초등학교,733,444,289,1,95,131,215,168,123,0,52,67,122,109,94,1,43,64,93,59,29
2020,1,A,골목상권,2110881,구립대학경로당(관악산샘말공원),1601,1304,297,1,317,452,460,271,100,1,225,376,399,232,71,0,92,76,61,39,29
2020,1,A,골목상권,2110880,신림역 1번,995,275,720,0,379,296,157,128,35,0,78,87,66,33,11,0,301,209,91,95,24
2020,1,A,골목상권,2110879,신림현대아파트,17,7,10,0,2,3,5,5,2,0,1,2,2,2,0,0,1,1,3,3,2
2020,1,A,골목상권,2110878,미림여고,368,218,150,3,43,114,101,78,29,0,19,63,68,43,25,3,24,51,33,35,4
2020,1,A,골목상권,2110877,신림역 8번,319,154,165,2,23,63,86,80,65,0,10,30,36,39,39,2,13,33,50,41,26
2020,1,A,골목상권,2110876,서원동주민센터(신관중학교),49,29,20,0,5,9,16,9,10,0,2,4,10,4,9,0,3,5,6,5,1
2020,1,A,골목상권,2110875,보라매동주민센터(당곡고등학교),16,13,3,0,3,2,5,4,2,0,2,2,3,4,2,0,1,0,2,0,0
2020,1,A,골목상권,2110874,원신초등학교(구세군관악영문교회),46,15,31,1,4,19,7,12,3,1,1,3,3,6,1,0,3,16,4,6,2
2020,1,A,골목상권,2110873,당곡중학교,343,166,177,0,68,79,86,74,36,0,29,39,39,36,23,0,39,40,47,38,13
2020,1,A,골목상권,2110872,신림초등학교,277,195,82,3,54,68,69,53,30,3,36,54,54,41,7,0,18,14,15,12,23
2020,1,A,골목상권,2110871,신원동주민센터,159,101,58,1,12,40,45,37,24,0,8,25,27,25,16,1,4,15,18,12,8
2020,1,A,골목상권,2110869,"신림역 5번(신림동주민센터, 신림동별빛거리)",1026,681,345,1,79,136,248,233,329,1,36,73,143,155,273,0,43,63,105,78,56
2020,1,A,골목상권,2110868,남부초등학교,232,126,106,0,20,29,45,49,89,0,11,23,22,28,42,0,9,6,23,21,47
2020,1,A,골목상권,2110867,국제신학대학원대학교(남서울중학교),202,117,85,0,8,34,39,53,68,0,2,15,21,32,47,0,6,19,18,21,21
2020,1,A,골목상권,2110866,난우중학교,171,91,80,0,20,36,34,62,19,0,14,20,12,29,16,0,6,16,22,33,3
2020,1,A,골목상권,2110865,남강고등학교(남강중학교),336,143,193,4,66,72,69,85,40,2,16,34,28,34,29,2,50,38,41,51,11
2020,1,A,골목상권,2110864,신림우방아파트,236,161,75,0,31,48,53,60,44,0,21,31,37,43,29,0,10,17,16,17,15
2020,1,A,골목상권,2110863,난우초등학교,319,179,140,6,40,61,63,79,70,5,23,30,38,36,47,1,17,31,25,43,23
2020,1,A,골목상권,2110862,난곡초등학교(난곡동벽화마을),84,41,43,0,4,13,14,34,19,0,2,6,11,15,7,0,2,7,3,19,12
2020,1,A,골목상권,2110861,관악구신사동주민센터,1182,608,574,1,215,377,263,209,117,1,71,194,161,105,76,0,144,183,102,104,41
2020,1,A,골목상권,2110860,호림박물관(성보고등학교),410,314,96,1,57,102,66,110,74,1,44,84,47,78,60,0,13,18,19,32,14
2020,1,A,골목상권,2110859,난향초등학교,182,113,69,0,11,32,42,52,45,0,0,21,27,30,35,0,11,11,15,22,10
2020,1,A,골목상권,2110858,신대방역 1번,66,33,33,0,5,9,17,7,28,0,0,1,6,2,24,0,5,8,11,5,4
2020,1,A,골목상권,2110857,미성동주민센터,431,229,202,9,60,64,70,108,120,9,34,48,41,46,51,0,26,16,29,62,69
2020,1,A,골목상권,2110856,미성초등학교,538,295,243,3,58,85,170,150,72,1,28,44,99,71,52,2,30,41,71,79,20
2020,1,A,골목상권,2110855,신대방역 2번,429,275,154,2,53,111,126,90,47,0,22,81,83,55,34,2,31,30,43,35,13
2020,1,A,골목상권,2110854,조원동주민센터,55,39,16,0,4,5,17,21,8,0,3,5,9,15,7,0,1,0,8,6,1
2020,1,A,골목상권,2110853,KT구로지사,213,127,86,0,21,47,65,50,30,0,9,26,44,27,21,0,12,21,21,23,9
2020,1,A,골목상권,2110852,이수역 9번,198,121,77,0,26,35,54,38,45,0,12,20,30,23,36,0,14,15,24,15,9
2020,1,A,골목상권,2110851,경문고등학교(동작동성당),485,233,252,0,79,136,140,102,28,0,32,53,66,66,16,0,47,83,74,36,12
2020,1,A,골목상권,2110850,사당역 10번,969,487,482,4,217,207,185,162,194,1,54,88,92,95,157,3,163,119,93,67,37
2020,1,A,골목상권,2110849,이수역 10번,220,130,90,1,37,52,58,40,32,0,12,33,34,25,26,1,25,19,24,15,6
2020,1,A,골목상권,2110848,양지어린이공원,486,307,179,0,36,68,152,132,98,0,6,39,85,93,84,0,30,29,67,39,14
2020,1,A,골목상권,2110847,예술인마을,460,225,235,3,53,139,142,78,45,3,13,62,76,38,33,0,40,77,66,40,12
2020,1,A,골목상권,2110846,남성역 1번,535,290,245,1,66,120,146,135,67,0,25,59,78,74,54,1,41,61,68,61,13
2020,1,A,골목상권,2110845,사당종합체육관,119,51,68,0,9,17,39,36,18,0,5,8,19,9,10,0,4,9,20,27,8
2020,1,A,골목상권,2110844,흑석2치안센터,7,5,2,0,2,1,1,0,3,0,1,1,1,0,2,0,1,0,0,0,1
2020,1,A,골목상권,2110843,사당5동주민센터,181,135,46,1,22,25,55,52,26,0,16,17,34,44,24,1,6,8,21,8,2
2020,1,A,골목상권,2110842,흑리단길,43,14,29,0,7,8,8,12,8,0,2,2,3,2,5,0,5,6,5,10,3
2020,1,A,골목상권,2110841,중대부중,88,36,52,0,11,17,16,25,19,0,5,7,5,11,8,0,6,10,11,14,11
2020,1,A,골목상권,2110840,중앙대학교,165,92,73,0,24,22,52,43,24,0,12,12,32,21,15,0,12,10,20,22,9
2020,1,A,골목상권,2110839,숭실대입구역 4번,187,67,120,0,10,51,57,46,23,0,2,14,22,11,18,0,8,37,35,35,5
2020,1,A,골목상권,2110838,상도1동주민센터앞,131,122,9,0,3,32,30,35,31,0,3,27,27,35,30,0,0,5,3,0,1
2020,1,A,골목상권,2110837,숭실대입구역 1번,373,195,178,1,39,76,84,80,93,0,19,32,43,32,69,1,20,44,41,48,24
2020,1,A,골목상권,2110836,상도역 5번,3057,1846,1211,9,550,798,701,647,352,2,238,486,453,447,220,7,312,312,248,200,132
2020,1,A,골목상권,2110835,상도역 1번,285,161,124,0,81,92,57,35,20,0,32,59,36,16,18,0,49,33,21,19,2
2020,1,A,골목상권,2110834,동작구자원봉사센터,38,22,16,0,3,5,6,10,14,0,2,2,6,5,7,0,1,3,0,5,7
2020,1,A,골목상권,2110833,상도역 2번,266,172,94,2,20,64,76,77,27,0,17,51,48,37,19,2,3,13,28,40,8
2020,1,A,골목상권,2110832,노량진초등학교,377,171,206,0,38,51,93,141,54,0,14,22,57,55,23,0,24,29,36,86,31
2020,1,A,골목상권,2110831,상도4동주민센터,72,40,32,0,3,13,14,29,13,0,3,6,6,18,7,0,0,7,8,11,6
2020,1,A,골목상권,2110830,상도초등학교,281,152,129,0,22,61,73,85,40,0,7,29,36,54,26,0,15,32,37,31,14
2020,1,A,골목상권,2110829,장승배기역 5번,536,417,119,0,195,137,79,53,72,0,177,106,49,40,45,0,18,31,30,13,27
2020,1,A,골목상권,2110828,노량진역 6번,3010,2066,944,9,471,1047,854,467,162,3,252,711,639,357,104,6,219,336,215,110,58
2020,1,A,골목상권,2110827,NH농협은행 상도동지점,262,93,169,0,39,51,73,65,34,0,11,18,20,28,16,0,28,33,53,37,18
2020,1,A,골목상권,2110826,장승배기역 4번,366,149,217,2,20,37,57,103,147,1,8,22,28,38,52,1,12,15,29,65,95
2020,1,A,골목상권,2110825,신대방삼거리역 1번,316,205,111,0,33,63,94,71,55,0,23,41,57,46,38,0,10,22,37,25,17
2020,1,A,골목상권,2110824,대방역 3번,296,102,194,1,48,91,92,42,22,0,11,26,29,23,13,1,37,65,63,19,9
2020,1,A,골목상권,2110823,신대방삼거리역 3번,472,242,230,0,30,45,83,121,193,0,17,26,40,42,117,0,13,19,43,79,76
2020,1,A,골목상권,2110822,신대방삼거리역 4번(대림초등학교),311,130,181,0,57,71,68,74,41,0,13,28,34,34,21,0,44,43,34,40,20
2020,1,A,골목상권,2110821,보라매역 2번,595,353,242,0,73,109,140,135,138,0,34,65,79,87,88,0,39,44,61,48,50
2020,1,A,골목상권,2110820,성남고등학교,3101,2470,631,1,651,742,555,991,161,0,438,581,448,879,124,1,213,161,107,112,37
2020,1,A,골목상권,2110819,신대방역 4번,510,262,248,0,64,99,128,93,126,0,15,37,58,62,90,0,49,62,70,31,36
2020,1,A,골목상권,2110818,신대방역 3번,20,9,11,0,1,3,7,7,2,0,1,3,2,1,2,0,0,0,5,6,0
2020,1,A,골목상권,2110817,대방역 4번,286,227,59,1,38,51,90,59,47,0,19,35,79,53,41,1,19,16,11,6,6
2020,1,A,골목상권,2110816,대방역 6번,521,404,117,1,73,138,153,68,88,1,50,109,114,50,80,0,23,29,39,18,8
2020,1,A,골목상권,2110815,공군호텔,2240,785,1455,4,425,514,476,507,314,0,88,195,167,170,165,4,337,319,309,337,149
2020,1,A,골목상권,2110814,서울지방병무청,673,364,309,1,51,117,155,236,113,1,23,79,97,104,60,0,28,38,58,132,53
2020,1,A,골목상권,2110813,보라매역 6번,286,167,119,3,22,37,50,74,100,3,15,21,24,39,65,0,7,16,26,35,35
2020,1,A,골목상권,2110812,신길6동주민센터,363,245,118,0,69,115,106,50,23,0,34,78,85,29,19,0,35,37,21,21,4
2020,1,A,골목상권,2110811,보라매역 4번,187,94,93,0,22,41,49,52,23,0,8,22,18,27,19,0,14,19,31,25,4
2020,1,A,골목상권,2110810,영신초등학교,395,178,217,0,53,143,63,80,56,0,20,65,31,44,18,0,33,78,32,36,38
2020,1,A,골목상권,2110809,장훈고등학교,112,61,51,0,7,15,30,23,37,0,3,5,11,17,25,0,4,10,19,6,12
2020,1,A,골목상권,2110808,신길역 1번,67,48,19,0,3,22,21,13,8,0,3,15,14,9,7,0,0,7,7,4,1
2020,1,A,골목상권,2110807,신길역 3번,102,70,32,0,6,16,23,27,30,0,4,8,18,19,21,0,2,8,5,8,9
2020,1,A,골목상권,2110806,서울시립영등포장애인복지관,76,42,34,0,18,30,13,13,2,0,5,16,9,11,1,0,13,14,4,2,1
2020,1,A,골목상권,2110805,신길새마을금고신길4동지점,45,27,18,0,6,12,12,8,7,0,2,7,6,5,7,0,4,5,6,3,0
2020,1,A,골목상권,2110804,신풍역 1번,312,187,125,0,15,37,62,63,135,0,4,15,29,35,104,0,11,22,33,28,31
2020,1,A,골목상권,2110803,신길2동우편취급국,304,220,84,0,17,27,56,62,142,0,6,14,33,39,128,0,11,13,23,23,14
2020,1,A,골목상권,2110802,신길동홍어거리,336,159,177,1,59,113,86,61,16,0,18,45,44,40,12,1,41,68,42,21,4
2020,1,A,골목상권,2110800,영등포동성당,227,153,74,0,26,34,61,66,40,0,13,22,37,46,35,0,13,12,24,20,5
2020,1,A,골목상권,2110799,영등포본동주민센터,119,86,33,5,21,16,11,22,44,3,12,10,6,15,40,2,9,6,5,7,4
2020,1,A,골목상권,2110798,신풍역 2번,53,20,33,0,2,13,14,13,11,0,0,3,3,6,8,0,2,10,11,7,3
2020,1,A,골목상권,2110797,KT대방빌딩,52,10,42,1,7,10,12,11,11,0,0,0,1,3,6,1,7,10,11,8,5
2020,1,A,골목상권,2110796,한림대학교한강성심병원,87,52,35,1,7,19,26,19,15,0,4,11,17,9,11,1,3,8,9,10,4
2020,1,A,골목상권,2110795,도림초등학교,533,356,177,0,20,49,80,128,256,0,8,36,48,74,190,0,12,13,32,54,66
2020,1,A,골목상권,2110794,영동초등학교,632,494,138,0,87,115,178,167,85,0,47,89,148,135,75,0,40,26,30,32,10
2020,1,A,골목상권,2110792,영등포역 2번,3400,1767,1633,28,563,880,843,862,224,11,229,398,466,530,133,17,334,482,377,332,91
2020,1,A,골목상권,2110791,신풍역 3번,25,17,8,0,1,5,9,9,1,0,0,2,6,8,1,0,1,3,3,1,0
2020,1,A,골목상권,2110790,대림1동주민센터,739,336,403,1,74,163,280,161,60,1,46,71,88,77,53,0,28,92,192,84,7
2020,1,A,골목상권,2110789,대림성모병원,491,182,309,0,104,137,115,93,42,0,16,44,49,43,30,0,88,93,66,50,12
2020,1,A,골목상권,2110788,영등포시장역 3번,28,22,6,0,4,5,7,9,3,0,3,5,6,6,2,0,1,0,1,3,1
2020,1,A,골목상권,2110787,신길3동주민센터,171,122,49,0,19,35,47,42,28,0,8,25,36,31,22,0,11,10,11,11,6
2020,1,A,골목상권,2110786,당산역 8번,271,179,92,2,20,41,60,51,97,2,8,21,42,38,68,0,12,20,18,13,29
2020,1,A,골목상권,2110785,영등포푸르지오아파트,161,84,77,2,13,17,39,44,46,2,8,12,24,14,24,0,5,5,15,30,22
2020,1,A,골목상권,2110784,신대림초등학교,76,42,34,0,3,11,18,36,8,0,0,7,12,18,5,0,3,4,6,18,3
2020,1,A,골목상권,2110783,영등포시장역 1번,292,154,138,1,26,37,35,67,126,1,19,27,16,33,58,0,7,10,19,34,68
2020,1,A,골목상권,2110782,영등포시장역 4번,127,87,40,1,13,24,48,27,14,1,5,16,36,17,12,0,8,8,12,10,2
2020,1,A,골목상권,2110781,대림한신아파트,182,112,70,0,23,29,51,38,41,0,8,16,34,23,31,0,15,13,17,15,10
2020,1,A,골목상권,2110780,신길대성유니드아파트,223,171,52,0,22,42,71,56,32,0,18,34,51,41,27,0,4,8,20,15,5
2020,1,A,골목상권,2110779,대림갑을명가아파트,33,24,9,0,2,5,13,7,6,0,1,4,10,4,5,0,1,1,3,3,1
2020,1,A,골목상권,2110778,구로디지털단지역 4번,1615,878,737,0,248,461,489,233,184,0,122,282,196,145,133,0,126,179,293,88,51
2020,1,A,골목상권,2110777,구로세무서,282,210,72,0,36,41,47,83,75,0,13,30,32,66,69,0,23,11,15,17,6
2020,1,A,골목상권,2110776,도신초등학교,168,106,62,0,12,20,48,63,25,0,11,10,35,34,16,0,1,10,13,29,9
2020,1,A,골목상권,2110775,대동초등학교,61,30,31,0,5,13,20,15,8,0,2,6,6,10,6,0,3,7,14,5,2
2020,1,A,골목상권,2110774,당산반도유보라팰리스아파트,472,355,117,0,59,119,131,96,67,0,34,81,109,80,51,0,25,38,22,16,16
2020,1,A,골목상권,2110773,당산역 13번,272,218,54,0,46,65,45,40,76,0,36,53,32,34,63,0,10,12,13,6,13
2020,1,A,골목상권,2110772,신우어린이공원,94,55,39,0,9,15,22,26,22,0,5,8,12,19,11,0,4,7,10,7,11
2020,1,A,골목상권,2110771,대림역 11번,955,604,351,0,22,38,128,210,557,0,21,30,73,131,349,0,1,8,55,79,208
2020,1,A,골목상권,2110770,영등포구청역 6번,263,191,72,1,45,49,77,45,46,1,24,41,54,28,43,0,21,8,23,17,3
2020,1,A,골목상권,2110769,대림차이나타운(대림역 12번),18,8,10,0,3,4,6,4,1,0,0,1,4,2,1,0,3,3,2,2,0
2020,1,A,골목상권,2110768,도림2동유수지내체육시설,294,155,139,0,20,43,63,73,95,0,7,22,32,41,53,0,13,21,31,32,42
2020,1,A,골목상권,2110767,도림동주민센터,34,3,31,0,9,5,12,6,2,0,0,0,2,1,0,0,9,5,10,5,2
2020,1,A,골목상권,2110766,대림역 5번,360,205,155,0,30,82,85,99,64,0,15,54,42,56,38,0,15,28,43,43,26
2020,1,A,골목상권,2110765,문래동사거리,889,619,270,2,80,133,209,175,290,1,38,78,140,126,236,1,42,55,69,49,54
2020,1,A,골목상권,2110764,문래역 3번,541,223,318,0,93,127,159,102,60,0,27,39,54,54,49,0,66,88,105,48,11
2020,1,A,골목상권,2110763,영등포구청역 2번,480,353,127,2,84,147,107,84,56,0,53,100,79,72,49,2,31,47,28,12,7
2020,1,A,골목상권,2110762,선유도역 1번,3139,2286,853,6,392,669,739,809,524,4,217,459,529,629,448,2,175,210,210,180,76
2020,1,A,골목상권,2110761,문래동남성맨션,180,106,74,0,13,43,45,41,38,0,8,17,26,25,30,0,5,26,19,16,8
2020,1,A,골목상권,2110760,선유도역 6번,1792,1091,701,8,273,444,499,376,192,6,170,256,275,219,165,2,103,188,224,157,27
2020,1,A,골목상권,2110759,문래예술촌(문래창작촌),4221,2165,2056,9,520,837,996,1286,573,5,266,550,589,466,289,4,254,287,407,820,284
2020,1,A,골목상권,2110758,문래소공원,296,221,75,1,44,77,70,67,37,0,32,60,46,52,31,1,12,17,24,15,6
2020,1,A,골목상권,2110757,양평역 2번,1501,1114,387,1,111,230,356,424,379,0,51,176,286,314,287,1,60,54,70,110,92
2020,1,A,골목상권,2110756,문래중학교,275,179,96,0,48,79,78,35,35,0,21,58,52,21,27,0,27,21,26,14,8
2020,1,A,골목상권,2110755,동일여자고등학교,199,53,146,0,10,24,47,74,44,0,4,9,16,12,12,0,6,15,31,62,32
2020,1,A,골목상권,2110754,삼성산자연공원(서울금천초등학교),199,75,124,1,21,41,47,39,50,0,6,18,28,10,13,1,15,23,19,29,37
2020,1,A,골목상권,2110753,시흥동 은행나무사거리,617,387,230,0,69,100,149,166,133,0,28,68,90,96,105,0,41,32,59,70,28
2020,1,A,골목상권,2110752,한울중학교,269,117,152,2,25,46,81,79,36,2,13,16,34,33,19,0,12,30,47,46,17
2020,1,A,골목상권,2110751,난곡중학교,730,397,333,2,48,217,240,177,46,2,21,117,127,91,39,0,27,100,113,86,7
2020,1,A,골목상권,2110750,시흥4동주민센터(서울신흥초등학교),397,221,176,4,78,83,80,104,48,4,47,62,43,33,32,0,31,21,37,71,16
2020,1,A,골목상권,2110749,금산초등학교(금천고등학교),448,273,175,0,61,105,110,121,51,0,33,67,55,82,36,0,28,38,55,39,15
2020,1,A,골목상권,2110748,백산초등학교,102,64,38,0,6,19,21,26,30,0,2,9,11,22,20,0,4,10,10,4,10
2020,1,A,골목상권,2110747,석수역 1번 출입구,823,612,211,0,46,84,169,227,297,0,27,52,102,165,266,0,19,32,67,62,31
2020,1,A,골목상권,2110746,금천금빛공원(은행나무사거리서측),70,48,22,0,5,11,22,21,11,0,3,9,13,15,8,0,2,2,9,6,3
2020,1,A,골목상권,2110745,독산동정훈단지,251,191,60,0,11,20,33,86,101,0,3,12,22,64,90,0,8,8,11,22,11
2020,1,A,골목상권,2110744,독산동성당,531,327,204,0,49,107,129,152,94,0,36,71,75,86,59,0,13,36,54,66,35
2020,1,A,골목상권,2110743,시흥초등학교(시흥1동우체국),191,130,61,0,18,31,48,50,44,0,10,20,32,37,31,0,8,11,16,13,13
2020,1,A,골목상권,2110742,KT금천빌딩(금천구시설관리공단),426,237,189,0,42,83,106,125,70,0,21,57,71,54,34,0,21,26,35,71,36
2020,1,A,골목상권,2110741,독산2동주민센터,444,159,285,0,69,117,96,108,54,0,43,35,26,33,22,0,26,82,70,75,32
2020,1,A,골목상권,2110740,금천해태공원,650,283,367,1,135,136,138,170,70,1,47,55,58,71,51,0,88,81,80,99,19
2020,1,A,골목상권,2110739,시흥3동 우편취급국,1558,585,973,1,167,288,537,525,40,0,50,153,224,133,25,1,117,135,313,392,15
2020,1,A,골목상권,2110738,문성초등학교,249,125,124,0,17,27,65,90,50,0,12,14,34,40,25,0,5,13,31,50,25
2020,1,A,골목상권,2110737,금천세무서,506,324,182,8,78,85,96,117,122,0,28,49,51,91,105,8,50,36,45,26,17
2020,1,A,골목상권,2110736,독산119안전센터,450,196,254,0,45,52,74,114,165,0,21,31,34,41,69,0,24,21,40,73,96
2020,1,A,골목상권,2110735,말미고개,520,330,190,0,64,115,140,140,61,0,31,79,94,79,47,0,33,36,46,61,14
2020,1,A,골목상권,2110734,금천파출소,92,47,45,0,7,11,21,29,24,0,3,5,14,13,12,0,4,6,7,16,12
2020,1,A,골목상권,2110733,금천어울림복지센터,374,293,81,3,34,89,74,90,84,3,22,67,59,66,76,0,12,22,15,24,8
2020,1,A,골목상권,2110732,가산초등학교(세일중학교),338,239,99,1,41,60,98,76,62,0,22,34,71,60,52,1,19,26,27,16,10
2020,1,A,골목상권,2110731,금천구청역 1번 출입구,1041,563,478,7,306,383,206,96,43,2,149,229,102,55,26,5,157,154,104,41,17
2020,1,A,골목상권,2110730,서울축산농협 독산역지점(독산파출소),660,376,284,1,80,105,117,201,156,1,30,58,54,113,120,0,50,47,63,88,36
2020,1,A,골목상권,2110729,가산동우체국,151,112,39,0,19,30,40,39,23,0,14,19,30,30,19,0,5,11,10,9,4
2020,1,A,골목상권,2110728,두산초등학교,4560,2778,1782,8,88,138,245,530,3551,8,64,86,123,279,2218,0,24,52,122,251,1333
2020,1,A,골목상권,2110727,독산역 1번 출입구,659,514,145,4,72,152,169,191,71,4,48,118,128,165,51,0,24,34,41,26,20
2020,1,A,골목상권,2110726,금천철쭉어린이공원(금하마을),222,172,50,0,19,25,41,62,75,0,17,16,22,45,72,0,2,9,19,17,3
2020,1,A,골목상권,2110725,가산동주민센터,85,59,26,0,6,20,22,20,17,0,3,15,16,12,13,0,3,5,6,8,4
2020,1,A,골목상권,2110724,금천구립가산도서관,366,254,112,1,42,76,122,89,36,1,33,60,90,45,25,0,9,16,32,44,11
2020,1,A,골목상권,2110723,가산디지털단지역 1번 출입구,286,247,39,0,6,10,37,130,103,0,6,5,26,113,97,0,0,5,11,17,6
2020,1,A,골목상권,2110722,G타워,1221,876,345,5,246,423,354,139,54,5,163,311,281,79,37,0,83,112,73,60,17
2020,1,A,골목상권,2110721,가리봉파출소,215,104,111,1,6,36,42,42,88,0,2,19,17,22,44,1,4,17,25,20,44
2020,1,A,골목상권,2110720,대림역 2번,158,73,85,0,23,25,43,35,32,0,10,11,15,15,22,0,13,14,28,20,10
2020,1,A,골목상권,2110719,영서중학교,52,44,8,0,6,9,9,14,14,0,6,7,8,13,10,0,0,2,1,1,4
2020,1,A,골목상권,2110718,한국SGI본부,1614,1061,553,3,308,462,397,336,108,3,167,313,292,220,66,0,141,149,105,116,42
2020,1,A,골목상권,2110717,남구로역 2번,570,271,299,0,108,155,142,104,61,0,49,84,75,34,29,0,59,71,67,70,32
2020,1,A,골목상권,2110716,구로나눔길,666,398,268,1,132,256,164,77,36,0,39,154,115,60,30,1,93,102,49,17,6
2020,1,A,골목상권,2110715,구로구민회관,93,64,29,0,13,15,30,27,8,0,5,11,20,21,7,0,8,4,10,6,1
2020,1,A,골목상권,2110714,구로4동주민센터,271,156,115,0,34,44,57,79,57,0,8,19,32,53,44,0,26,25,25,26,13
2020,1,A,골목상권,2110713,구로보건소,2668,1817,851,5,474,650,706,533,300,3,323,472,514,332,173,2,151,178,192,201,127
2020,1,A,골목상권,2110712,남구로역 5번,233,108,125,1,32,36,66,64,34,0,10,17,24,32,25,1,22,19,42,32,9
2020,1,A,골목상권,2110711,구로초등학교,818,332,486,4,62,122,166,288,176,2,26,70,82,75,77,2,36,52,84,213,99
2020,1,A,골목상권,2110710,남구로역 3번,606,370,236,3,83,96,105,121,198,3,46,63,63,68,127,0,37,33,42,53,71
2020,1,A,골목상권,2110709,구로119안전센터,162,94,68,0,16,19,44,46,37,0,13,12,28,25,16,0,3,7,16,21,21
2020,1,A,골목상권,2110708,화원어린이공원,64,27,37,0,8,12,12,23,9,0,1,4,5,9,8,0,7,8,7,14,1
2020,1,A,골목상권,2110707,구로창업지원센터,1045,760,285,4,141,266,246,253,135,3,78,195,185,186,113,1,63,71,61,67,22
2020,1,A,골목상권,2110706,그라운드 고척,410,100,310,0,122,101,101,68,18,0,22,20,28,20,10,0,100,81,73,48,8
2020,1,A,골목상권,2110705,고산초등학교,33,19,14,0,3,2,8,7,13,0,3,1,8,2,5,0,0,1,0,5,8
2020,1,A,골목상권,2110704,고척중학교,62,36,26,0,12,23,10,12,5,0,7,12,3,11,3,0,5,11,7,1,2
2020,1,A,골목상권,2110703,개봉역,569,449,120,4,28,60,119,170,188,3,16,35,79,141,175,1,12,25,40,29,13
2020,1,A,골목상권,2110702,개봉초등학교,131,93,38,1,15,18,33,34,30,1,10,13,23,24,22,0,5,5,10,10,8
2020,1,A,골목상권,2110701,고척동성당,567,379,188,2,126,185,125,92,37,0,81,133,82,54,29,2,45,52,43,38,8
2020,1,A,골목상권,2110700,고척초등학교,3249,2648,601,3,209,680,974,1176,207,2,119,533,803,1021,170,1,90,147,171,155,37
2020,1,A,골목상권,2110699,덕의초등학교,150,89,61,0,15,24,32,48,31,0,8,15,15,28,23,0,7,9,17,20,8
2020,1,A,골목상권,2110698,개웅초등학교(개웅중학교),279,178,101,3,50,50,54,65,57,3,25,32,32,40,46,0,25,18,22,25,11
2020,1,A,골목상권,2110697,개봉3동주민센터,244,152,92,1,55,64,52,43,29,1,27,41,33,30,20,0,28,23,19,13,9
2020,1,A,골목상권,2110696,오류동역 1번,2453,1671,782,32,831,951,335,223,81,16,483,739,238,133,62,16,348,212,97,90,19
2020,1,A,골목상권,2110695,개봉1동주민센터,546,314,232,1,57,150,143,123,72,1,31,97,72,64,49,0,26,53,71,59,23
2020,1,A,골목상권,2110694,세곡초등학교,445,249,196,2,55,149,90,98,51,0,24,76,51,60,38,2,31,73,39,38,13
2020,1,A,골목상권,2110693,오류동역 4번,17,9,8,0,1,3,5,4,4,0,1,3,2,2,1,0,0,0,3,2,3
2020,1,A,골목상권,2110692,큰굴다리,233,148,85,0,12,52,54,66,49,0,7,19,35,49,38,0,5,33,19,17,11
2020,1,A,골목상권,2110691,개봉중학교,395,205,190,0,37,65,119,115,59,0,20,38,49,52,46,0,17,27,70,63,13
2020,1,A,골목상권,2110690,오류2동버들시장,625,318,307,1,105,200,143,105,71,0,42,115,72,46,43,1,63,85,71,59,28
2020,1,A,골목상권,2110689,오류동역 3번,259,188,71,3,41,45,52,66,52,3,25,32,40,48,40,0,16,13,12,18,12
2020,1,A,골목상권,2110688,오류지구대,171,60,111,1,18,20,40,59,33,0,7,11,15,19,8,1,11,9,25,40,25
2020,1,A,골목상권,2110687,"천왕역 3번(오류2동주민센터, 서울오류남초등학교)",21,16,5,0,2,3,5,6,5,0,1,3,4,4,4,0,1,0,1,2,1
2020,1,A,골목상권,2110686,수궁동주민센터,490,245,245,2,50,83,135,127,93,2,25,37,72,61,48,0,25,46,63,66,45
2020,1,A,골목상권,2110685,금강수목원아파트,181,143,38,0,13,32,53,57,26,0,10,25,38,47,23,0,3,7,15,10,3
2020,1,A,골목상권,2110684,서울공연예술고등학교,157,72,85,2,28,31,36,36,24,0,7,17,19,19,10,2,21,14,17,17,14
2020,1,A,골목상권,2110683,오류고등학교,185,125,60,0,24,46,55,41,19,0,18,33,33,23,18,0,6,13,22,18,1
2020,1,A,골목상권,2110682,온수역 8번,137,128,9,0,3,5,14,43,72,0,2,3,11,42,70,0,1,2,3,1,2
2020,1,A,골목상권,2110681,온수역 1번,152,106,46,0,13,52,39,21,27,0,10,38,25,13,20,0,3,14,14,8,7
2020,1,A,골목상권,2110680,온수역 5번(온수산업단지),1184,1003,181,18,161,205,235,343,222,18,129,175,191,286,204,0,32,30,44,57,18
2020,1,A,골목상권,2110679,염창역 2번,578,407,171,3,90,207,152,80,46,2,50,149,111,58,37,1,40,58,41,22,9
2020,1,A,골목상권,2110678,염창무학아파트,242,188,54,1,30,57,84,47,23,1,15,49,67,39,17,0,15,8,17,8,6
2020,1,A,골목상권,2110677,등촌역 1번,410,321,89,1,50,80,83,91,105,1,24,51,70,76,99,0,26,29,13,15,6
2020,1,A,골목상권,2110676,등촌역 7번,237,141,96,0,31,35,66,57,48,0,13,21,37,37,33,0,18,14,29,20,15
2020,1,A,골목상권,2110675,화곡4동주민센터,289,186,103,0,28,62,73,65,61,0,11,36,40,50,49,0,17,26,33,15,12
2020,1,A,골목상권,2110674,강서구청가양동별관,491,327,164,1,69,102,106,109,104,1,54,78,63,51,80,0,15,24,43,58,24
2020,1,A,골목상권,2110673,뜸부기어린이공원,253,143,110,0,37,52,62,64,38,0,21,29,31,34,28,0,16,23,31,30,10
2020,1,A,골목상권,2110672,백석중학교,155,99,56,1,21,37,40,43,13,1,18,26,18,25,11,0,3,11,22,18,2
2020,1,A,골목상권,2110671,등촌1동주민센터,5012,3056,1956,13,1252,1442,1027,802,476,5,391,945,826,556,333,8,861,497,201,246,143
2020,1,A,골목상권,2110670,신곡초등학교,527,322,205,6,79,119,122,101,100,3,45,78,71,59,66,3,34,41,51,42,34
2020,1,A,골목상권,2110669,화곡보람2차아파트,80,49,31,0,11,20,24,17,8,0,3,12,18,14,2,0,8,8,6,3,6
2020,1,A,골목상권,2110668,화곡2동주민센터,471,278,193,0,55,70,139,127,80,0,22,33,81,77,65,0,33,37,58,50,15
2020,1,A,골목상권,2110667,가양역 10번,177,126,51,0,33,32,56,36,20,0,21,20,38,29,18,0,12,12,18,7,2
2020,1,A,골목상권,2110666,KC대학교,257,131,126,0,26,51,66,72,42,0,16,23,31,26,35,0,10,28,35,46,7
2020,1,A,골목상권,2110665,곰달래도서관,469,285,184,0,36,92,123,138,80,0,25,60,79,74,47,0,11,32,44,64,33
2020,1,A,골목상권,2110664,강서구청옆,111,48,63,0,14,10,31,43,13,0,11,7,10,9,11,0,3,3,21,34,2
2020,1,A,골목상권,2110663,우장산롯데캐슬아파트앞,316,232,84,0,7,25,59,116,109,0,3,18,30,84,97,0,4,7,29,32,12
2020,1,A,골목상권,2110662,까치산역 1번,1480,885,595,4,245,501,396,234,100,4,129,301,207,171,73,0,116,200,189,63,27
2020,1,A,골목상권,2110661,강서새말어린이공원,126,48,78,0,3,13,30,38,42,0,2,8,10,9,19,0,1,5,20,29,23
2020,1,A,골목상권,2110660,등촌3동주민센터,4614,2039,2575,10,469,707,766,1291,1371,5,197,427,424,447,539,5,272,280,342,844,832
2020,1,A,골목상권,2110659,화곡역 4번,867,512,355,11,102,182,240,188,144,9,52,115,144,110,82,2,50,67,96,78,62
2020,1,A,골목상권,2110658,화곡초등학교,253,153,100,0,21,55,62,69,46,0,10,35,36,44,28,0,11,20,26,25,18
2020,1,A,골목상권,2110657,양천향교역 5번,3180,2118,1062,12,334,603,741,695,795,8,191,396,493,385,645,4,143,207,248,310,150
2020,1,A,골목상권,2110656,까치산역 3번,838,498,340,13,89,209,253,192,82,12,52,128,154,93,59,1,37,81,99,99,23
2020,1,A,골목상권,2110655,발산역 5번,587,355,232,0,97,156,147,112,75,0,29,94,98,76,58,0,68,62,49,36,17
2020,1,A,골목상권,2110654,까치산역 4번,1021,686,335,2,68,147,249,380,175,1,38,81,139,281,146,1,30,66,110,99,29
2020,1,A,골목상권,2110653,화곡역 2번,910,490,420,1,191,271,239,169,39,0,79,136,119,134,22,1,112,135,120,35,17
2020,1,A,골목상권,2110652,양천향교역 2번,643,483,160,0,70,131,146,169,127,0,32,102,104,139,106,0,38,29,42,30,21
2020,1,A,골목상권,2110651,화원중학교,377,214,163,2,29,50,102,105,89,1,19,31,68,52,43,1,10,19,34,53,46
2020,1,A,골목상권,2110650,우장산힐스테이트,146,118,28,0,24,30,52,21,19,0,15,25,43,18,17,0,9,5,9,3,2
2020,1,A,골목상권,2110649,우장산역 1번,366,197,169,0,41,92,83,98,52,0,12,49,39,63,34,0,29,43,44,35,18
2020,1,A,골목상권,2110648,양천향교역 7번,13,5,8,0,1,7,1,3,1,0,0,3,1,1,0,0,1,4,0,2,1
2020,1,A,골목상권,2110647,화곡역 5번,890,459,431,2,116,227,219,230,96,1,44,137,110,116,51,1,72,90,109,114,45
2020,1,A,골목상권,2110646,푸른들청소년도서관,782,401,381,1,93,124,208,189,167,1,27,53,103,100,117,0,66,71,105,89,50
2020,1,A,골목상권,2110645,우장산역 4번,794,391,403,0,64,125,239,221,145,0,33,65,87,90,116,0,31,60,152,131,29
2020,1,A,골목상권,2110644,신광명마을,333,288,45,1,24,22,60,107,119,1,7,13,52,100,115,0,17,9,8,7,4
2020,1,A,골목상권,2110643,강서구다솔마을,653,413,240,1,97,165,199,139,52,0,47,101,136,93,36,1,50,64,63,46,16
2020,1,A,골목상권,2110642,정곡초등학교,193,163,30,2,8,14,35,69,65,1,4,10,30,58,60,1,4,4,5,11,5
2020,1,A,골목상권,2110641,공항고등학교,345,236,109,2,46,95,100,79,23,1,30,72,61,52,20,1,16,23,39,27,3
2020,1,A,골목상권,2110640,방화역 1번,1019,638,381,3,139,292,240,195,150,3,62,119,167,158,129,0,77,173,73,37,21
2020,1,A,골목상권,2110639,신방화역 8번,523,369,154,1,74,61,88,153,146,1,17,22,51,139,139,0,57,39,37,14,7
2020,1,A,골목상권,2110638,신방화역 2번,372,202,170,3,53,75,88,87,66,3,22,40,44,43,50,0,31,35,44,44,16
2020,1,A,골목상권,2110637,송정역 2번,540,357,183,4,62,117,114,147,96,0,34,74,81,100,68,4,28,43,33,47,28
2020,1,A,골목상권,2110636,방화역 2번,152,76,76,1,25,49,41,21,15,0,9,26,27,4,10,1,16,23,14,17,5
2020,1,A,골목상권,2110635,공항시장역 3번,1482,399,1083,4,71,92,165,488,662,1,44,62,64,34,194,3,27,30,101,454,468
2020,1,A,골목상권,2110634,송정역 3번,664,434,230,0,64,143,178,145,134,0,33,90,116,101,94,0,31,53,62,44,40
2020,1,A,골목상권,2110633,개화산역 1번,115,89,26,2,29,34,27,15,8,2,28,22,19,10,8,0,1,12,8,5,0
2020,1,A,골목상권,2110632,방화역 3번,1075,887,188,2,42,127,400,334,170,1,21,90,353,281,141,1,21,37,47,53,29
2020,1,A,골목상권,2110631,방화초등학교,359,177,182,2,35,71,73,103,75,2,21,42,39,38,35,0,14,29,34,65,40
2020,1,A,골목상권,2110630,공항시장역 1번,1472,1008,464,0,157,294,298,328,395,0,67,180,202,240,319,0,90,114,96,88,76
2020,1,A,골목상권,2110629,송정역 4번,190,107,83,0,26,52,54,35,23,0,9,34,28,24,12,0,17,18,26,11,11
2020,1,A,골목상권,2110628,신목동역,496,319,177,0,58,88,124,120,106,0,30,58,82,89,60,0,28,30,42,31,46
2020,1,A,골목상권,2110627,신정롯데캐슬아파트,512,310,202,24,127,127,89,83,62,13,69,79,57,49,43,11,58,48,32,34,19
2020,1,A,골목상권,2110626,양화초등학교,652,271,381,1,127,138,149,147,90,0,37,57,76,63,38,1,90,81,73,84,52
2020,1,A,골목상권,2110625,신정2동주민센터,726,454,272,2,98,196,215,155,60,0,51,124,146,94,39,2,47,72,69,61,21
2020,1,A,골목상권,2110624,목동문화체육센터,382,234,148,0,93,118,75,65,31,0,40,79,46,50,19,0,53,39,29,15,12
2020,1,A,골목상권,2110623,갈산공원,118,94,24,0,27,32,24,27,8,0,23,26,21,19,5,0,4,6,3,8,3
2020,1,A,골목상권,2110622,달마을공원,458,261,197,0,58,90,102,138,70,0,26,47,63,65,60,0,32,43,39,73,10
2020,1,A,골목상권,2110621,목동역 5번,111,57,54,0,9,22,22,38,20,0,0,12,13,19,13,0,9,10,9,19,7
2020,1,A,골목상권,2110620,목동보건지소,451,235,216,4,51,81,102,125,88,4,20,45,47,65,54,0,31,36,55,60,34
2020,1,A,골목상권,2110619,목4동주민센터,311,203,108,1,51,87,89,64,19,1,16,52,58,57,19,0,35,35,31,7,0
2020,1,A,골목상권,2110618,강서고등학교,193,135,58,0,19,38,52,52,32,0,10,29,36,34,26,0,9,9,16,18,6
2020,1,A,골목상권,2110617,등촌역 4번,274,192,82,0,47,75,77,51,24,0,37,55,51,33,16,0,10,20,26,18,8
2020,1,A,골목상권,2110616,양목초등학교,161,103,58,0,3,23,19,40,76,0,2,18,14,32,37,0,1,5,5,8,39
2020,1,A,골목상권,2110615,신서초등학교,87,63,24,0,20,21,27,13,6,0,14,18,18,8,5,0,6,3,9,5,1
2020,1,A,골목상권,2110614,목동로데오거리,596,292,304,0,69,85,114,216,112,0,42,44,58,103,45,0,27,41,56,113,67
2020,1,A,골목상권,2110613,신정네거리역 4번,80,20,60,0,8,25,24,19,4,0,2,6,7,4,1,0,6,19,17,15,3
2020,1,A,골목상권,2110612,신정역 5번,644,303,341,1,85,88,143,197,130,0,44,62,74,70,53,1,41,26,69,127,77
2020,1,A,골목상권,2110611,신정역 1번,316,212,104,2,35,61,100,82,36,2,21,44,61,52,32,0,14,17,39,30,4
2020,1,A,골목상권,2110610,계남근린공원,126,85,41,0,5,11,41,44,25,0,3,6,28,35,13,0,2,5,13,9,12
2020,1,A,골목상권,2110609,신정네거리역 2번,1377,1358,19,0,14,15,52,171,1125,0,10,11,45,168,1124,0,4,4,7,3,1
2020,1,A,골목상권,2110608,신월2동주민센터,873,453,420,1,51,116,229,271,205,1,23,69,118,125,117,0,28,47,111,146,88
2020,1,A,골목상권,2110607,금빛새마을금고본점,53,31,22,0,2,10,11,19,11,0,1,4,5,12,9,0,1,6,6,7,2
2020,1,A,골목상권,2110606,신한은행 신월동지점,521,288,233,1,49,80,143,144,104,1,26,42,76,66,77,0,23,38,67,78,27
2020,1,A,골목상권,2110605,목동센트럴아이파크앞,155,89,66,0,15,22,26,47,45,0,5,15,11,27,31,0,10,7,15,20,14
2020,1,A,골목상권,2110604,신월4동주민센터,637,528,109,0,13,50,120,234,220,0,6,29,87,193,213,0,7,21,33,41,7
2020,1,A,골목상권,2110603,지향초등학교,205,119,86,0,13,56,60,44,32,0,5,30,37,25,22,0,8,26,23,19,10
2020,1,A,골목상권,2110602,신월시영아파트중문,644,574,70,1,7,22,68,238,308,0,4,13,52,214,291,1,3,9,16,24,17
2020,1,A,골목상권,2110601,신월1동우편취급국,1200,814,386,3,116,180,274,437,190,1,61,115,183,309,145,2,55,65,91,128,45
2020,1,A,골목상권,2110600,신월7동주민센터,350,263,87,0,32,30,66,101,121,0,17,14,38,79,115,0,15,16,28,22,6
2020,1,A,골목상권,2110599,신월1파출소,378,268,110,3,50,89,94,93,49,2,34,68,63,65,36,1,16,21,31,28,13
2020,1,A,골목상권,2110598,신월문화체육센터,428,195,233,0,21,58,112,150,87,0,5,28,45,66,51,0,16,30,67,84,36
2020,1,A,골목상권,2110597,신월1동주민센터,517,302,215,0,30,68,111,150,158,0,14,36,54,84,114,0,16,32,57,66,44
2020,1,A,골목상권,2110596,서서울호수공원,417,272,145,2,48,90,107,113,57,0,28,56,74,71,43,2,20,34,33,42,14
2020,1,A,골목상권,2110595,메디힐병원,731,459,272,0,80,148,163,185,155,0,34,85,86,136,118,0,46,63,77,49,37
2020,1,A,골목상권,2110594,신월중학교,453,225,228,0,54,166,104,96,33,0,14,66,56,59,30,0,40,100,48,37,3
2020,1,A,골목상권,2110593,신월3동주민센터,304,157,147,0,38,65,76,87,38,0,12,32,45,44,24,0,26,33,31,43,14
2020,1,A,골목상권,2110592,서울금융고등학교,449,344,105,0,19,35,74,156,165,0,9,13,45,128,149,0,10,22,29,28,16
2020,1,A,골목상권,2110591,충정로역 6번,627,422,205,0,99,158,178,126,66,0,55,103,135,92,37,0,44,55,43,34,29
2020,1,A,골목상권,2110590,만리재,97,50,47,0,19,23,23,25,7,0,6,12,11,16,5,0,13,11,12,9,2
2020,1,A,골목상권,2110589,애오개역 3번,58,14,44,0,4,8,19,13,14,0,0,1,5,6,2,0,4,7,14,7,12
2020,1,A,골목상권,2110588,한겨레신문사,169,92,77,0,34,44,41,33,17,0,14,22,20,21,15,0,20,22,21,12,2
2020,1,A,골목상권,2110587,공덕동주민센터,238,121,117,1,36,43,69,53,36,1,15,25,41,23,16,0,21,18,28,30,20
2020,1,A,골목상권,2110586,서울서부지방법원,1461,863,598,2,376,402,333,188,160,1,231,267,164,98,102,1,145,135,169,90,58
2020,1,A,골목상권,2110585,마포경찰서,918,790,128,0,192,360,176,181,9,0,150,313,153,166,8,0,42,47,23,15,1
2020,1,A,골목상권,2110584,아현역 4번,49,13,36,0,4,7,14,13,11,0,0,0,2,5,6,0,4,7,12,8,5
2020,1,A,골목상권,2110583,공덕래미안3차아파트,316,164,152,0,44,98,102,57,15,0,7,54,60,35,8,0,37,44,42,22,7
2020,1,A,골목상권,2110582,이대역 5번,59,19,40,0,6,11,16,16,10,0,0,4,4,6,5,0,6,7,12,10,5
2020,1,A,골목상권,2110581,염리초등학교,16,11,5,0,0,0,2,6,8,0,0,0,2,3,6,0,0,0,0,3,2
2020,1,A,골목상권,2110580,양원초등학교,78,20,58,0,3,6,16,25,28,0,0,1,3,11,5,0,3,5,13,14,23
2020,1,A,골목상권,2110579,마포역 4번,758,561,197,2,62,160,253,214,67,1,37,123,190,160,50,1,25,37,63,54,17
2020,1,A,골목상권,2110578,대흥역 2번,2091,1413,678,2,213,337,391,638,510,1,80,225,309,452,346,1,133,112,82,186,164
2020,1,A,골목상권,2110577,용강동주민센터,145,105,40,0,15,42,47,31,10,0,12,31,38,17,7,0,3,11,9,14,3
2020,1,A,골목상권,2110576,대흥역 3번,1605,1112,493,71,503,480,308,163,80,27,310,365,253,111,46,44,193,115,55,52,34
2020,1,A,골목상권,2110575,대흥동주민센터,206,156,50,2,25,47,36,48,48,2,11,35,25,40,43,0,14,12,11,8,5
2020,1,A,골목상권,2110574,서강대학교,173,123,50,0,35,41,49,38,10,0,17,30,41,30,5,0,18,11,8,8,5
2020,1,A,골목상권,2110573,신촌역 6번,33,14,19,0,7,4,6,8,8,0,2,0,3,3,6,0,5,4,3,5,2
2020,1,A,골목상권,2110572,서강대역 1번,470,254,216,1,63,130,117,116,43,1,32,67,58,66,30,0,31,63,59,50,13
2020,1,A,골목상권,2110571,신수동주민센터,635,358,277,5,109,159,187,126,49,5,57,88,98,74,36,0,52,71,89,52,13
2020,1,A,골목상권,2110570,KB국민은행 서강지점,61,39,22,0,4,22,18,12,5,0,4,13,10,7,5,0,0,9,8,5,0
2020,1,A,골목상권,2110569,홍대땡땡거리,358,153,205,2,62,108,97,53,36,1,18,48,46,19,21,1,44,60,51,34,15
2020,1,A,골목상권,2110568,광흥창역 1번,67,32,35,0,12,21,14,15,5,0,4,10,6,9,3,0,8,11,8,6,2
2020,1,A,골목상권,2110567,광흥창역 6번,91,61,30,0,16,26,27,12,10,0,8,20,13,11,9,0,8,6,14,1,1
2020,1,A,골목상권,2110566,경의선책거리,1690,934,756,2,359,547,406,290,86,1,137,328,252,157,59,1,222,219,154,133,27
2020,1,A,골목상권,2110565,홍익대,107,64,43,0,16,32,34,19,6,0,8,15,23,13,5,0,8,17,11,6,1
2020,1,A,골목상권,2110564,홍대입구역 3번,471,211,260,0,54,125,161,78,53,0,19,47,103,22,20,0,35,78,58,56,33
2020,1,A,골목상권,2110563,상수역 3번,355,274,81,12,83,130,78,23,29,10,63,101,61,16,23,2,20,29,17,7,6
2020,1,A,골목상권,2110562,연트럴파크(연남동주민센터),426,237,189,1,73,118,96,94,44,1,29,76,55,44,32,0,44,42,41,50,12
2020,1,A,골목상권,2110561,상수역 4번,395,247,148,4,59,102,94,89,47,2,21,56,64,68,36,2,38,46,30,21,11
2020,1,A,골목상권,2110560,마포FM,292,140,152,0,26,64,87,77,38,0,10,26,40,36,28,0,16,38,47,41,10
2020,1,A,골목상권,2110559,성산중학교,757,474,283,4,102,187,203,167,94,3,54,102,127,118,70,1,48,85,76,49,24
2020,1,A,골목상권,2110558,경성고등학교,2338,1579,759,11,302,556,565,513,391,10,149,343,406,384,287,1,153,213,159,129,104
2020,1,A,골목상권,2110557,홍대부속여중고앞,760,465,295,1,100,188,196,149,126,1,37,110,137,95,85,0,63,78,59,54,41
2020,1,A,골목상권,2110556,절두산순교성지,176,112,64,3,17,42,58,39,17,3,8,27,39,24,11,0,9,15,19,15,6
2020,1,A,골목상권,2110555,홍익지구대,335,161,174,1,58,69,68,50,89,0,16,32,34,21,58,1,42,37,34,29,31
2020,1,A,골목상권,2110554,망원역 1번,1499,727,772,2,210,352,484,333,118,2,105,174,225,147,74,0,105,178,259,186,44
2020,1,A,골목상권,2110553,가좌역 2번,257,150,107,0,23,42,73,79,40,0,14,23,39,41,33,0,9,19,34,38,7
2020,1,A,골목상권,2110552,성미산체육관,646,469,177,1,110,162,148,159,66,0,72,121,99,129,48,1,38,41,49,30,18
2020,1,A,골목상권,2110551,성서초등학교,803,387,416,1,110,164,235,172,121,1,42,90,114,81,59,0,68,74,121,91,62
2020,1,A,골목상권,2110550,합정역 8번,1578,740,838,1,240,411,414,333,179,0,84,165,221,171,99,1,156,246,193,162,80
2020,1,A,골목상권,2110549,새터산,283,137,146,1,48,61,76,46,51,1,18,31,43,16,28,0,30,30,33,30,23
2020,1,A,골목상권,2110548,마포구청역 4번,795,475,320,5,130,185,210,136,129,3,57,95,122,89,109,2,73,90,88,47,20
2020,1,A,골목상권,2110547,KB국민은행 망원동지점,284,168,116,0,13,47,93,76,55,0,4,25,55,45,39,0,9,22,38,31,16
2020,1,A,골목상권,2110546,양화대교북단,684,408,276,3,185,240,142,68,46,3,79,121,109,55,41,0,106,119,33,13,5
2020,1,A,골목상권,2110545,마포구청역 1번,880,496,384,1,74,169,241,262,133,1,30,100,116,154,95,0,44,69,125,108,38
2020,1,A,골목상권,2110544,망리단길,1203,718,485,1,179,248,331,253,191,1,107,153,171,147,139,0,72,95,160,106,52
2020,1,A,골목상권,2110543,중암중학교,38,25,13,0,6,8,14,7,3,0,3,5,8,6,3,0,3,3,6,1,0
2020,1,A,골목상권,2110542,마포구청역 7번,4013,2450,1563,16,528,715,782,1306,666,9,298,578,607,588,370,7,230,137,175,718,296
2020,1,A,골목상권,2110541,동교초등학교,377,221,156,0,43,59,101,96,78,0,23,37,63,50,48,0,20,22,38,46,30
2020,1,A,골목상권,2110540,망원나들목체육관,288,154,134,0,45,74,85,62,22,0,24,38,42,36,14,0,21,36,43,26,8
2020,1,A,골목상권,2110539,미근동,2792,1821,971,13,225,688,889,822,155,9,167,550,547,424,124,4,58,138,342,398,31
2020,1,A,골목상권,2110538,충정로역 3번,284,178,106,0,12,42,56,66,108,0,5,27,35,42,69,0,7,15,21,24,39
2020,1,A,골목상권,2110537,충정로현대아파트,1514,848,666,1,362,525,328,177,121,0,150,263,215,134,86,1,212,262,113,43,35
2020,1,A,골목상권,2110536,돈의문센트레빌아파트입구,141,105,36,0,12,23,61,32,13,0,7,17,50,21,10,0,5,6,11,11,3
2020,1,A,골목상권,2110535,영천시장입구,797,440,357,2,77,119,179,281,139,2,36,62,110,152,78,0,41,57,69,129,61
2020,1,A,골목상권,2110534,경기대학교,134,67,67,0,9,25,23,33,44,0,6,16,10,11,24,0,3,9,13,22,20
2020,1,A,골목상권,2110533,충정로역 7번,22,11,11,0,5,5,3,5,4,0,0,2,2,4,3,0,5,3,1,1,1
2020,1,A,골목상권,2110532,아현역 2번,330,205,125,0,52,33,48,78,119,0,17,13,23,57,95,0,35,20,25,21,24
2020,1,A,골목상권,2110531,홍지문,141,61,80,0,16,26,24,56,19,0,13,19,13,9,7,0,3,7,11,47,12
2020,1,A,골목상권,2110530,아현역 1번,36,20,16,0,5,5,7,15,4,0,2,5,4,6,3,0,3,0,3,9,1
2020,1,A,골목상권,2110529,홍제3동주민센터,136,67,69,0,14,22,30,27,43,0,2,6,11,16,32,0,12,16,19,11,11
2020,1,A,골목상권,2110528,서울여자간호대학교,309,149,160,0,11,22,32,69,175,0,10,12,16,22,89,0,1,10,16,47,86
2020,1,A,골목상권,2110527,홍제역 2번,177,83,94,1,35,39,35,38,29,1,11,26,14,19,12,0,24,13,21,19,17
2020,1,A,골목상권,2110526,봉원사,241,122,119,1,21,43,58,58,60,1,8,22,26,28,37,0,13,21,32,30,23
2020,1,A,골목상권,2110525,홍은종합사회복지관,61,17,44,0,10,12,15,10,14,0,1,3,0,4,9,0,9,9,15,6,5
2020,1,A,골목상권,2110524,연희세브란스병원,55,23,32,0,10,13,15,10,7,0,5,6,6,3,3,0,5,7,9,7,4
2020,1,A,골목상권,2110523,홍제성원아파트,25,11,14,0,0,6,7,7,5,0,0,1,3,5,2,0,0,5,4,2,3
2020,1,A,골목상권,2110522,홍제역 3번,8,3,5,0,3,0,1,1,3,0,0,0,0,1,2,0,3,0,1,0,1
2020,1,A,골목상권,2110521,홍제역 4번,63,36,27,0,4,7,19,17,16,0,0,4,10,9,13,0,4,3,9,8,3
2020,1,A,골목상권,2110520,경의중앙 신촌역,78,38,40,0,22,12,27,10,7,0,5,5,13,9,6,0,17,7,14,1,1
2020,1,A,골목상권,2110519,서대문구보건소별관,470,175,295,0,58,96,113,139,64,0,15,37,46,42,35,0,43,59,67,97,29
2020,1,A,골목상권,2110518,서대문구청,117,70,47,0,19,39,29,18,12,0,6,19,22,12,11,0,13,20,7,6,1
2020,1,A,골목상권,2110517,서대문소방서,1051,692,359,8,225,280,242,207,89,5,104,187,179,161,56,3,121,93,63,46,33
2020,1,A,골목상권,2110516,정원여중,114,85,29,0,24,19,35,22,14,0,17,14,26,19,9,0,7,5,9,3,5
2020,1,A,골목상권,2110515,홍은중학교,399,312,87,1,46,119,119,68,46,1,33,93,94,52,39,0,13,26,25,16,7
2020,1,A,골목상권,2110514,서대문우체국,86,19,67,0,26,26,17,9,8,0,0,4,7,4,4,0,26,22,10,5,4
2020,1,A,골목상권,2110513,연희파출소,457,241,216,0,51,87,110,130,79,0,17,46,58,69,51,0,34,41,52,61,28
2020,1,A,골목상권,2110512,연희지하차도,357,183,174,0,44,70,106,104,33,0,17,46,47,52,21,0,27,24,59,52,12
2020,1,A,골목상권,2110511,연희초등학교,3766,3317,449,2,465,768,660,1520,351,1,363,658,539,1427,329,1,102,110,121,93,22
2020,1,A,골목상권,2110510,홍연시장,99,59,40,0,8,14,35,26,16,0,4,6,23,14,12,0,4,8,12,12,4
2020,1,A,골목상권,2110509,연희대우아파트앞,691,333,358,0,73,177,151,193,97,0,29,73,77,101,53,0,44,104,74,92,44
2020,1,A,골목상권,2110508,서연중학교,1028,470,558,9,149,249,175,268,178,3,66,152,81,93,75,6,83,97,94,175,103
2020,1,A,골목상권,2110507,명지대학교,1537,1156,381,29,392,636,318,129,33,26,257,481,282,83,27,3,135,155,36,46,6
2020,1,A,골목상권,2110506,연희임광아파트,110,66,44,0,5,12,39,29,25,0,1,8,20,19,18,0,4,4,19,10,7
2020,1,A,골목상권,2110505,홍남교남측,14,9,5,0,1,0,3,7,3,0,0,0,2,5,2,0,1,0,1,2,1
2020,1,A,골목상권,2110504,명지전문대,139,35,104,0,8,17,27,38,49,0,3,4,6,11,11,0,5,13,21,27,38
2020,1,A,골목상권,2110503,명지대학교교회,230,123,107,0,27,52,59,64,28,0,9,30,26,36,22,0,18,22,33,28,6
2020,1,A,골목상권,2110502,남가좌파출소,290,147,143,0,29,34,73,92,62,0,14,16,35,47,35,0,15,18,38,45,27
2020,1,A,골목상권,2110501,연희어린이공원,214,82,132,0,12,33,40,75,54,0,3,20,15,18,26,0,9,13,25,57,28
2020,1,A,골목상권,2110500,남가좌동현대아파트,74,54,20,0,12,13,23,22,4,0,8,9,17,17,3,0,4,4,6,5,1
2020,1,A,골목상권,2110499,연가초등학교,282,123,159,0,44,47,83,67,41,0,8,22,32,35,26,0,36,25,51,32,15
2020,1,A,골목상권,2110498,증산역 1번,222,102,120,0,15,32,75,68,32,0,7,9,31,32,23,0,8,23,44,36,9
2020,1,A,골목상권,2110497,가좌역 3번,299,247,52,0,13,33,86,117,50,0,3,16,74,113,41,0,10,17,12,4,9
2020,1,A,골목상권,2110496,모래내우체국,611,333,278,2,88,190,160,89,82,2,20,100,117,42,52,0,68,90,43,47,30
2020,1,A,골목상권,2110495,북가좌2동주민센터,501,372,129,0,28,67,125,185,96,0,11,45,88,152,76,0,17,22,37,33,20
2020,1,A,골목상권,2110494,증산3교남측,31,24,7,0,1,8,7,9,6,0,0,7,5,7,5,0,1,1,2,2,1
2020,1,A,골목상권,2110493,북가좌초등학교,892,830,62,0,2,19,27,80,764,0,0,12,22,68,728,0,2,7,5,12,36
2020,1,A,골목상권,2110492,하나고등학교,247,43,204,1,6,15,13,98,114,0,1,8,7,10,17,1,5,7,6,88,97
2020,1,A,골목상권,2110491,불광중학교,195,90,105,0,13,35,71,56,20,0,8,20,32,18,12,0,5,15,39,38,8
2020,1,A,골목상권,2110490,녹번동근린공원,307,166,141,0,30,64,85,76,52,0,11,30,47,45,33,0,19,34,38,31,19
2020,1,A,골목상권,2110489,불광역 3번,35,25,10,0,3,7,10,10,5,0,3,4,7,6,5,0,0,3,3,4,0
2020,1,A,골목상권,2110488,우리은행응암동지점,171,103,68,1,14,24,41,36,55,0,8,16,19,15,45,1,6,8,22,21,10
2020,1,A,골목상권,2110487,불광역 8번,63,35,28,0,11,22,15,8,7,0,6,11,7,8,3,0,5,11,8,0,4
2020,1,A,골목상권,2110486,은평구청,629,292,337,0,86,110,146,178,109,0,55,72,56,64,45,0,31,38,90,114,64
2020,1,A,골목상권,2110485,연신내우체국,1259,678,581,0,7,24,35,160,1033,0,4,5,15,70,584,0,3,19,20,90,449
2020,1,A,골목상권,2110484,역촌역 3번,500,203,297,6,62,136,132,103,61,5,34,48,43,35,38,1,28,88,89,68,23
2020,1,A,골목상권,2110483,연천초등학교,147,90,57,0,13,21,45,22,46,0,5,11,31,13,30,0,8,10,14,9,16
2020,1,A,골목상권,2110482,연신초등학교,45,19,26,0,2,5,16,19,3,0,0,0,6,11,2,0,2,5,10,8,1
2020,1,A,골목상권,2110481,불광역 7번,193,86,107,0,13,43,41,57,39,0,2,22,11,24,27,0,11,21,30,33,12
2020,1,A,골목상권,2110480,연신내역 3번,117,34,83,0,7,27,37,29,17,0,0,7,12,9,6,0,7,20,25,20,11
2020,1,A,골목상권,2110479,연신내역 2번,304,177,127,1,50,83,64,66,40,0,28,71,33,32,13,1,22,12,31,34,27
2020,1,A,골목상권,2110478,응암1동주민센터,359,221,138,2,26,39,56,58,178,2,16,23,28,33,119,0,10,16,28,25,59
2020,1,A,골목상권,2110477,은평세무서,434,205,229,0,43,62,106,141,82,0,15,23,49,71,47,0,28,39,57,70,35
2020,1,A,골목상권,2110476,역촌역 2번,56,26,30,0,2,8,22,17,7,0,1,3,9,7,6,0,1,5,13,10,1
2020,1,A,골목상권,2110475,백련산해모로아파트,241,126,115,1,23,42,76,68,31,1,10,24,44,28,19,0,13,18,32,40,12
2020,1,A,골목상권,2110474,세명컴퓨터고등학교,196,68,128,0,12,41,40,59,44,0,3,19,15,11,20,0,9,22,25,48,24
2020,1,A,골목상권,2110473,구산역 1번,436,241,195,0,34,59,113,107,123,0,24,27,53,49,88,0,10,32,60,58,35
2020,1,A,골목상권,2110472,연신내역 4번,336,156,180,2,52,77,80,68,57,1,16,43,30,37,29,1,36,34,50,31,28
2020,1,A,골목상권,2110471,응암동우체국,258,110,148,0,33,58,70,72,25,0,10,17,25,36,22,0,23,41,45,36,3
2020,1,A,골목상권,2110470,신진과학기술고등학교,127,78,49,0,30,22,40,25,10,0,12,11,31,19,5,0,18,11,9,6,5
2020,1,A,골목상권,2110469,응암정보도서관,340,184,156,1,38,58,102,103,38,0,11,29,59,56,29,1,27,29,43,47,9
2020,1,A,골목상권,2110468,응암역 3번,1129,494,635,2,141,256,316,256,158,0,44,114,140,109,87,2,97,142,176,147,71
2020,1,A,골목상권,2110467,은평요양병원,487,284,203,3,90,154,110,68,62,2,46,100,61,37,38,1,44,54,49,31,24
2020,1,A,골목상권,2110466,구산역 2번,87,46,41,0,12,17,26,24,8,0,4,5,16,15,6,0,8,12,10,9,2
2020,1,A,골목상권,2110465,연신내역 7번,229,110,119,3,36,48,55,52,35,2,11,25,24,23,25,1,25,23,31,29,10
2020,1,A,골목상권,2110464,연신내역 5번,301,170,131,4,32,53,93,85,34,4,18,28,44,49,27,0,14,25,49,36,7
2020,1,A,골목상권,2110463,응암3동주민센터,123,54,69,0,7,23,36,26,31,0,3,6,14,11,20,0,4,17,22,15,11
2020,1,A,골목상권,2110462,갈현건영아파트,354,220,134,1,41,64,104,81,63,1,23,38,61,50,47,0,18,26,43,31,16
2020,1,A,골목상권,2110461,새절역 2번,39,21,18,0,2,8,11,10,8,0,2,2,6,6,5,0,0,6,5,4,3
2020,1,A,골목상권,2110460,구산역 4번,969,582,387,0,57,184,248,234,246,0,18,124,133,121,186,0,39,60,115,113,60
2020,1,A,골목상권,2110459,응암역 2번,547,198,349,1,50,105,159,154,78,0,9,38,77,41,33,1,41,67,82,113,45
2020,1,A,골목상권,2110458,선일여고,404,211,193,1,34,87,96,122,64,0,19,52,49,54,37,1,15,35,47,68,27
2020,1,A,골목상권,2110457,예일여고,484,284,200,1,60,89,88,132,114,0,27,47,47,71,92,1,33,42,41,61,22
2020,1,A,골목상권,2110456,구산보건지소,966,543,423,3,284,226,177,146,130,1,123,112,94,96,117,2,161,114,83,50,13
2020,1,A,골목상권,2110455,역촌노인복지관,678,360,318,2,69,118,187,198,104,0,34,63,89,105,69,2,35,55,98,93,35
2020,1,A,골목상권,2110454,선정중학교,481,268,213,3,56,71,142,108,101,2,42,35,53,66,70,1,14,36,89,42,31
2020,1,A,골목상권,2110453,신사1동주민센터,515,288,227,0,43,81,121,155,115,0,20,25,65,85,93,0,23,56,56,70,22
2020,1,A,골목상권,2110452,새절역 3번,420,347,73,1,17,47,78,132,145,1,11,29,58,113,135,0,6,18,20,19,10
2020,1,A,골목상권,2110451,증산역 4번,1296,986,310,2,153,384,374,298,85,2,78,294,312,235,65,0,75,90,62,63,20
2020,1,A,골목상권,2110450,시립서북병원,1576,644,932,4,301,361,344,339,227,2,124,172,146,108,92,2,177,189,198,231,135
2020,1,A,골목상권,2110449,증산역 3번,717,414,303,0,105,161,186,149,116,0,47,98,99,85,85,0,58,63,87,64,31
2020,1,A,골목상권,2110448,상신초등학교입구,120,76,44,1,20,27,26,26,20,1,17,17,12,14,15,0,3,10,14,12,5
2020,1,A,골목상권,2110447,구산초등학교,12,7,5,0,2,2,3,1,4,0,1,2,1,1,2,0,1,0,2,0,2
2020,1,A,골목상권,2110446,내를건너서숲으로도서관,375,294,81,0,65,88,84,69,69,0,61,77,55,44,57,0,4,11,29,25,12
2020,1,A,골목상권,2110445,덕산중학교,61,45,16,0,18,14,15,6,8,0,10,9,12,6,8,0,8,5,3,0,0
2020,1,A,골목상권,2110444,수색성당,170,73,97,0,13,53,46,45,13,0,5,27,13,17,11,0,8,26,33,28,2
2020,1,A,골목상권,2110443,수색역 1번,14,7,7,0,1,1,7,4,1,0,0,1,2,3,1,0,1,0,5,1,0
2020,1,A,골목상권,2110442,화랑대철도공원,76,20,56,0,1,4,14,49,8,0,0,2,4,10,4,0,1,2,10,39,4
2020,1,A,골목상권,2110441,영신여고,172,78,94,0,19,38,41,45,29,0,7,20,16,23,12,0,12,18,25,22,17
2020,1,A,골목상권,2110440,상계3동4동주민센터,49,16,33,0,8,6,15,10,10,0,1,1,4,2,8,0,7,5,11,8,2
2020,1,A,골목상권,2110439,당고개역 5번,63,21,42,0,3,7,6,19,28,0,0,4,2,7,8,0,3,3,4,12,20
2020,1,A,골목상권,2110438,경춘선숲길 우측,230,110,120,0,26,54,83,52,15,0,12,21,38,30,9,0,14,33,45,22,6
2020,1,A,골목상권,2110437,당고개역 2번,116,40,76,0,16,23,25,41,11,0,5,11,9,10,5,0,11,12,16,31,6
2020,1,A,골목상권,2110436,상계제일중학교,93,60,33,0,15,21,33,20,4,0,5,13,23,15,4,0,10,8,10,5,0
2020,1,A,골목상권,2110435,서울과학기술대,73,40,33,0,5,12,18,25,13,0,3,4,8,14,11,0,2,8,10,11,2
2020,1,A,골목상권,2110434,태릉입구역 4번,121,62,59,0,13,11,24,35,38,0,3,2,12,22,23,0,10,9,12,13,15
2020,1,A,골목상권,2110433,공릉역 2번,401,137,264,1,30,41,46,46,237,1,17,30,25,18,46,0,13,11,21,28,191
2020,1,A,골목상권,2110432,대진고등학교,894,734,160,0,55,146,248,343,102,0,27,96,214,311,86,0,28,50,34,32,16
2020,1,A,골목상권,2110431,상계역,124,72,52,1,16,24,28,37,18,0,2,13,17,27,13,1,14,11,11,10,5
2020,1,A,골목상권,2110430,중계초등학교,307,114,193,0,20,36,65,106,80,0,9,11,21,29,44,0,11,25,44,77,36
2020,1,A,골목상권,2110429,공릉동 국수거리,2074,916,1158,3,224,284,511,689,363,1,91,167,248,234,175,2,133,117,263,455,188
2020,1,A,골목상권,2110428,상계5동주민센터,491,217,274,1,43,52,106,158,131,0,14,25,45,70,63,1,29,27,61,88,68
2020,1,A,골목상권,2110427,노원 을지대학교병원,363,281,82,0,27,27,62,126,121,0,12,14,31,109,115,0,15,13,31,17,6
2020,1,A,골목상권,2110426,상계2동주민센터,337,169,168,0,32,57,83,96,69,0,15,30,39,45,40,0,17,27,44,51,29
2020,1,A,골목상권,2110425,계상초등학교,130,54,76,2,18,10,35,38,27,2,5,5,18,14,10,0,13,5,17,24,17
2020,1,A,골목상권,2110424,상계초등학교,388,157,231,2,42,50,96,106,92,2,18,32,32,42,31,0,24,18,64,64,61
2020,1,A,골목상권,2110423,석계역 2번,280,104,176,0,27,29,65,73,86,0,9,15,31,29,20,0,18,14,34,44,66
2020,1,A,골목상권,2110422,노원역 9번,277,221,56,0,27,70,94,54,32,0,24,59,79,37,22,0,3,11,15,17,10
2020,1,A,골목상권,2110421,석계역 1번,249,109,140,0,22,37,78,65,47,0,8,16,31,26,28,0,14,21,47,39,19
2020,1,A,골목상권,2110420,광운대역 1번,814,483,331,7,235,312,188,43,29,0,114,236,92,23,18,7,121,76,96,20,11
2020,1,A,골목상권,2110419,수락산디자인거리,789,536,253,5,96,138,186,200,164,5,51,79,130,146,125,0,45,59,56,54,39
2020,1,A,골목상권,2110418,광운대학교 남단,100,45,55,0,11,17,23,26,23,0,5,5,13,16,6,0,6,12,10,10,17
2020,1,A,골목상권,2110417,월계역 3번,26,14,12,0,11,9,2,4,0,0,4,6,2,2,0,0,7,3,0,2,0
2020,1,A,골목상권,2110416,노원초등학교,468,244,224,4,61,110,118,126,49,2,24,73,58,58,29,2,37,37,60,68,20
2020,1,A,골목상권,2110415,수락산역 4번,635,386,249,5,82,110,155,174,109,5,46,71,85,110,69,0,36,39,70,64,40
2020,1,A,골목상권,2110414,장석교회,61,47,14,0,5,13,15,20,8,0,3,11,11,17,5,0,2,2,4,3,3
2020,1,A,골목상권,2110413,누원고등학교,54,33,21,0,8,11,12,11,12,0,5,8,5,5,10,0,3,3,7,6,2
2020,1,A,골목상권,2110412,창동중학교,25,23,2,0,4,7,3,4,7,0,3,7,3,3,7,0,1,0,0,1,0
2020,1,A,골목상권,2110411,도봉역 3번,413,368,45,1,13,35,58,137,169,0,10,22,45,130,161,1,3,13,13,7,8
2020,1,A,골목상권,2110410,방학역 2번,957,833,124,3,75,187,185,224,283,2,61,162,154,194,260,1,14,25,31,30,23
2020,1,A,골목상권,2110409,창동역 2번,3957,2958,999,1,352,962,964,701,977,0,256,794,803,441,664,1,96,168,161,260,313
2020,1,A,골목상권,2110408,가인초등학교,359,108,251,0,68,70,101,86,34,0,13,24,33,22,16,0,55,46,68,64,18
2020,1,A,골목상권,2110407,도봉역 2번,562,338,224,1,32,77,115,203,134,1,8,41,57,126,105,0,24,36,58,77,29
2020,1,A,골목상권,2110406,도봉산역 1번,659,595,64,0,13,37,147,294,168,0,6,25,133,278,153,0,7,12,14,16,15
2020,1,A,골목상권,2110405,방학역 1번,1123,365,758,3,130,176,308,427,79,3,67,109,82,70,34,0,63,67,226,357,45
2020,1,A,골목상권,2110404,신창초등학교,520,300,220,1,42,96,163,136,82,0,11,57,109,76,47,1,31,39,54,60,35
2020,1,A,골목상권,2110403,방학1동주민센터,316,167,149,1,44,56,63,78,74,1,30,37,36,36,27,0,14,19,27,42,47
2020,1,A,골목상권,2110402,도봉구 정병원,471,221,250,1,85,98,98,106,83,0,24,38,54,59,46,1,61,60,44,47,37
2020,1,A,골목상권,2110401,도봉구민회관,243,65,178,0,29,32,38,87,57,0,4,14,14,22,11,0,25,18,24,65,46
2020,1,A,골목상권,2110400,도봉구보건소,191,111,80,0,20,35,53,51,32,0,9,22,32,26,22,0,11,13,21,25,10
2020,1,A,골목상권,2110399,창2동주민센터,852,519,333,8,114,210,262,189,69,8,71,159,139,94,48,0,43,51,123,95,21
2020,1,A,골목상권,2110398,쌍문2동우체국,474,326,148,0,30,65,96,153,130,0,11,27,50,124,114,0,19,38,46,29,16
2020,1,A,골목상권,2110397,도봉산입구,469,257,212,0,31,56,101,131,150,0,6,34,39,73,105,0,25,22,62,58,45
2020,1,A,골목상권,2110396,쌍문역1번(쌍리단길),259,94,165,2,41,49,52,76,39,0,13,15,22,29,15,2,28,34,30,47,24
2020,1,A,골목상권,2110395,신한은행 방학동지점,163,42,121,0,17,20,44,42,40,0,0,2,11,9,20,0,17,18,33,33,20
2020,1,A,골목상권,2110394,방학중학교,193,116,77,0,15,32,46,48,52,0,8,18,23,29,38,0,7,14,23,19,14
2020,1,A,골목상권,2110393,국민은행방학지점,49,13,36,0,2,10,17,15,5,0,0,0,4,6,3,0,2,10,13,9,2
2020,1,A,골목상권,2110392,발바닥공원,43,17,26,0,2,8,7,10,16,0,0,0,3,3,11,0,2,8,4,7,5
2020,1,A,골목상권,2110391,샘말어린이공원,373,154,219,0,29,54,74,53,163,0,14,28,40,26,46,0,15,26,34,27,117
2020,1,A,골목상권,2110390,방학초등학교,225,105,120,0,18,60,66,58,23,0,7,33,27,27,11,0,11,27,39,31,12
2020,1,A,골목상권,2110389,한일병원,209,120,89,0,23,37,57,53,39,0,10,19,35,30,26,0,13,18,22,23,13
2020,1,A,골목상권,2110388,도봉우체국,35,23,12,0,4,3,10,14,4,0,2,2,7,8,4,0,2,1,3,6,0
2020,1,A,골목상권,2110387,쌍문초등학교,335,185,150,0,38,53,98,88,58,0,13,29,51,47,45,0,25,24,47,41,13
2020,1,A,골목상권,2110386,연산군묘,124,114,10,0,4,3,10,44,63,0,1,3,7,40,63,0,3,0,3,4,0
2020,1,A,골목상권,2110385,효문고등학교,37,22,15,0,3,9,12,4,9,0,2,5,3,4,8,0,1,4,9,0,1
2020,1,A,골목상권,2110384,문이교,248,138,110,0,37,20,50,81,60,0,12,8,21,51,46,0,25,12,29,30,14
2020,1,A,골목상권,2110383,덕성여대시반거리,33,21,12,0,0,3,13,10,7,0,0,2,9,5,5,0,0,1,4,5,2
2020,1,A,골목상권,2110382,솔밭공원역 1번,32,25,7,0,1,9,8,7,7,0,0,5,6,7,7,0,1,4,2,0,0
2020,1,A,골목상권,2110381,번동주공2단지,171,88,83,5,31,28,38,55,14,4,11,14,21,30,8,1,20,14,17,25,6
2020,1,A,골목상권,2110380,강북문화정보도서관,48,15,33,0,12,10,12,10,4,0,0,3,5,4,3,0,12,7,7,6,1
2020,1,A,골목상권,2110379,KT&G 북부지사,12,3,9,1,1,1,3,3,3,0,0,0,1,1,1,1,1,1,2,2,2
2020,1,A,골목상권,2110378,송중동주민센터,23,13,10,0,1,4,6,9,3,0,1,2,2,6,2,0,0,2,4,3,1
2020,1,A,골목상권,2110377,미아사거리역 3번,21,14,7,0,2,2,2,9,6,0,2,2,1,4,5,0,0,0,1,5,1
2020,1,A,골목상권,2110376,수송초등학교,224,142,82,0,26,47,62,60,29,0,12,29,38,41,22,0,14,18,24,19,7
2020,1,A,골목상권,2110375,서울북부고용노동지청,178,99,79,1,23,32,47,52,23,0,18,26,25,19,11,1,5,6,22,33,12
2020,1,A,골목상권,2110374,송중초등학교,491,272,219,5,33,60,145,140,108,5,9,29,73,70,86,0,24,31,72,70,22
2020,1,A,골목상권,2110373,수유역 2번,891,705,186,0,129,255,172,236,99,0,90,208,134,205,68,0,39,47,38,31,31
2020,1,A,골목상권,2110372,강북중학교,188,100,88,0,21,43,50,48,26,0,17,25,18,20,20,0,4,18,32,28,6
2020,1,A,골목상권,2110371,삼양입구사거리,49,23,26,0,2,7,10,19,11,0,0,3,5,10,5,0,2,4,5,9,6
2020,1,A,골목상권,2110370,도봉세무서,367,255,112,0,17,61,76,105,108,0,11,31,42,80,91,0,6,30,34,25,17
2020,1,A,골목상권,2110369,성신여대운정그린캠퍼스,518,214,304,1,49,46,131,131,160,1,10,16,44,53,90,0,39,30,87,78,70
2020,1,A,골목상권,2110368,송천초등학교,196,176,20,0,9,16,36,71,64,0,5,11,32,66,62,0,4,5,4,5,2
2020,1,A,골목상권,2110367,강북구청,1943,976,967,5,195,512,483,522,226,4,64,205,237,340,126,1,131,307,246,182,100
2020,1,A,골목상권,2110366,광산사거리,91,64,27,0,17,20,17,22,15,0,13,13,11,16,11,0,4,7,6,6,4
2020,1,A,골목상권,2110365,미아역 5번,341,83,258,0,17,21,44,63,196,0,5,12,15,17,34,0,12,9,29,46,162
2020,1,A,골목상권,2110364,미아역 8번,146,75,71,0,9,26,51,39,21,0,3,9,25,23,15,0,6,17,26,16,6
2020,1,A,골목상권,2110363,송천동주민센터,19,12,7,0,0,4,3,7,5,0,0,3,1,4,4,0,0,1,2,3,1
2020,1,A,골목상권,2110362,우이천 계성교,205,110,95,1,24,34,61,63,22,0,11,19,28,35,17,1,13,15,33,28,5
2020,1,A,골목상권,2110361,삼양사거리역 1번,101,29,72,0,9,12,19,28,33,0,2,4,3,7,13,0,7,8,16,21,20
2020,1,A,골목상권,2110360,수유초등학교,321,222,99,0,34,61,63,67,96,0,7,43,42,44,86,0,27,18,21,23,10
2020,1,A,골목상권,2110359,수유시장옆,117,67,50,0,12,25,33,36,11,0,3,12,16,29,7,0,9,13,17,7,4
2020,1,A,골목상권,2110358,인수동 우편취급국,558,300,258,0,18,35,68,214,223,0,2,18,24,94,162,0,16,17,44,120,61
2020,1,A,골목상권,2110357,가오리역 1번,725,611,114,0,25,36,171,340,153,0,4,18,146,310,133,0,21,18,25,30,20
2020,1,A,골목상권,2110356,덕수교,228,114,114,0,13,34,55,60,66,0,4,17,22,30,41,0,9,17,33,30,25
2020,1,A,골목상권,2110355,삼양사거리역 2번,306,254,52,0,8,26,44,103,125,0,1,10,31,94,118,0,7,16,13,9,7
2020,1,A,골목상권,2110354,삼각산119안전센터,22,5,17,0,2,3,10,5,2,0,0,0,2,1,2,0,2,3,8,4,0
2020,1,A,골목상권,2110353,수유동우체국,187,91,96,0,4,18,48,60,57,0,1,12,33,27,18,0,3,6,15,33,39
2020,1,A,골목상권,2110352,수유1동주민센터,305,121,184,0,28,55,103,86,33,0,11,24,37,32,17,0,17,31,66,54,16
2020,1,A,골목상권,2110351,수유북부시장옆,214,93,121,0,27,45,51,59,32,0,9,17,20,25,22,0,18,28,31,34,10
2020,1,A,골목상권,2110350,가오리역 2번,148,77,71,0,11,27,37,49,24,0,5,11,18,26,17,0,6,16,19,23,7
2020,1,A,골목상권,2110349,화계역 2번,83,67,16,0,6,4,21,33,19,0,5,3,12,28,19,0,1,1,9,5,0
2020,1,A,골목상권,2110348,강북문화예술회관,343,174,169,0,27,59,108,96,53,0,4,31,63,43,33,0,23,28,45,53,20
2020,1,A,골목상권,2110347,구세군강북종합사회복지관,38,17,21,0,10,7,5,9,7,0,1,5,1,5,5,0,9,2,4,4,2
2020,1,A,골목상권,2110346,4.19민주묘지역 2번,96,48,48,0,12,13,19,19,33,0,3,7,8,7,23,0,9,6,11,12,10
2020,1,A,골목상권,2110345,솔밭공원역 2번,117,48,69,1,14,20,26,38,18,0,3,6,8,18,13,1,11,14,18,20,5
2020,1,A,골목상권,2110344,화계중학교,12,10,2,0,7,1,1,2,1,0,5,1,1,2,1,0,2,0,0,0,0
2020,1,A,골목상권,2110343,무너미어린이공원,100,74,26,0,7,21,28,32,12,0,4,14,22,25,9,0,3,7,6,7,3
2020,1,A,골목상권,2110342,국립재활원,59,44,15,0,5,11,20,15,8,0,3,8,14,13,6,0,2,3,6,2,2
2020,1,A,골목상권,2110341,북한산우이역 2번,492,408,84,0,15,25,80,255,117,0,4,10,52,235,107,0,11,15,28,20,10
2020,1,A,골목상권,2110340,인수중학교,176,99,77,0,24,55,50,29,18,0,8,43,31,7,10,0,16,12,19,22,8
2020,1,A,골목상권,2110339,국립4.19민주묘지,26,10,16,0,2,4,8,7,5,0,0,3,5,0,2,0,2,1,3,7,3
2020,1,A,골목상권,2110338,인수초등학교,190,135,55,0,34,59,43,46,8,0,18,42,33,35,7,0,16,17,10,11,1
2020,1,A,골목상권,2110337,아카데미하우스,512,368,144,6,70,69,94,159,114,6,43,58,60,98,103,0,27,11,34,61,11
2020,1,A,골목상권,2110336,석관고등학교,94,84,10,0,3,17,16,37,21,0,3,15,13,34,19,0,0,2,3,3,2
2020,1,A,골목상권,2110335,석계역 7번,249,172,77,1,19,32,66,64,67,0,13,18,34,45,62,1,6,14,32,19,5
2020,1,A,골목상권,2110334,석관중앙교회,170,105,65,0,21,43,31,41,34,0,8,19,19,29,30,0,13,24,12,12,4
2020,1,A,골목상권,2110333,돌곶이역 5번,988,746,242,0,15,23,38,74,838,0,2,13,20,42,669,0,13,10,18,32,169
2020,1,A,골목상권,2110332,돌곶이역 3번,164,63,101,0,28,29,42,47,18,0,6,18,19,14,6,0,22,11,23,33,12
2020,1,A,골목상권,2110331,돌곶이역 8번,436,292,144,3,54,146,112,76,45,0,17,105,82,53,35,3,37,41,30,23,10
2020,1,A,골목상권,2110330,돌곶이역 1번,220,172,48,0,12,18,33,31,126,0,4,12,20,23,113,0,8,6,13,8,13
2020,1,A,골목상권,2110329,우리은행체육관,53,27,26,1,7,9,12,17,7,1,0,5,5,10,6,0,7,4,7,7,1
2020,1,A,골목상권,2110328,상월곡역 3번,250,157,93,1,41,81,66,39,22,1,26,58,33,24,15,0,15,23,33,15,7
2020,1,A,골목상권,2110327,상월곡역 2번,104,55,49,0,8,15,39,26,16,0,3,6,23,14,9,0,5,9,16,12,7
2020,1,A,골목상권,2110326,장위동성당,84,40,44,0,2,9,16,13,44,0,1,2,6,5,26,0,1,7,10,8,18
2020,1,A,골목상권,2110325,장곡초등학교,62,22,40,0,0,14,22,20,6,0,0,3,8,7,4,0,0,11,14,13,2
2020,1,A,골목상권,2110324,월곡역 4번,99,55,44,0,31,21,19,18,10,0,9,10,13,14,9,0,22,11,6,4,1
2020,1,A,골목상권,2110323,상월곡역 1번,109,30,79,2,25,24,28,18,12,0,4,5,11,5,5,2,21,19,17,13,7
2020,1,A,골목상권,2110322,장위1동주민센터,237,158,79,0,14,15,42,74,92,0,9,11,30,52,56,0,5,4,12,22,36
2020,1,A,골목상권,2110321,동덕여대,43,29,14,0,2,6,17,12,6,0,2,6,9,7,5,0,0,0,8,5,1
2020,1,A,골목상권,2110320,KB국민은행 종암동지점,72,44,28,0,2,11,24,21,14,0,1,5,12,14,12,0,1,6,12,7,2
2020,1,A,골목상권,2110319,종암동주민센터,277,111,166,1,45,49,65,62,55,0,8,19,24,32,28,1,37,30,41,30,27
2020,1,A,골목상권,2110318,KT월곡지사,148,78,70,0,21,29,45,36,17,0,10,19,22,14,13,0,11,10,23,22,4
2020,1,A,골목상권,2110317,종암중학교,412,207,205,0,33,120,153,86,20,0,14,47,78,59,9,0,19,73,75,27,11
2020,1,A,골목상권,2110316,숭곡초등학교,439,217,222,2,68,114,129,88,38,2,19,58,73,42,23,0,49,56,56,46,15
2020,1,A,골목상권,2110315,종암아이파크2차,124,78,46,0,11,17,41,38,17,0,4,9,27,25,13,0,7,8,14,13,4
2020,1,A,골목상권,2110314,종암경찰서,953,701,252,1,127,272,224,287,42,0,72,207,163,231,28,1,55,65,61,56,14
2020,1,A,골목상권,2110313,안암역 3번,2079,1351,728,2,209,555,672,477,164,0,96,312,446,356,141,2,113,243,226,121,23
2020,1,A,골목상권,2110312,안암역 2번,175,96,79,0,18,24,52,54,27,0,9,17,27,27,16,0,9,7,25,27,11
2020,1,A,골목상권,2110311,종암아이파크2차후문,49,21,28,0,3,5,24,7,10,0,2,2,6,4,7,0,1,3,18,3,3
2020,1,A,골목상권,2110310,길음역 10번,45,14,31,0,12,8,5,15,5,0,4,1,2,4,3,0,8,7,3,11,2
2020,1,A,골목상권,2110309,대광초등학교,354,252,102,0,37,57,103,96,61,0,18,39,69,75,51,0,19,18,34,21,10
2020,1,A,골목상권,2110308,길음역 8번,174,85,89,0,17,36,56,41,24,0,8,17,26,20,14,0,9,19,30,21,10
2020,1,A,골목상권,2110307,길음역 7번,158,71,87,0,29,32,52,27,18,0,7,17,23,12,12,0,22,15,29,15,6
2020,1,A,골목상권,2110306,미아초등학교,291,194,97,2,13,46,66,71,93,0,3,25,39,45,82,2,10,21,27,26,11
2020,1,A,골목상권,2110305,보문역 5번,883,661,222,3,165,255,173,133,154,1,99,199,129,103,130,2,66,56,44,30,24
2020,1,A,골목상권,2110304,보문역 4번,248,146,102,0,40,77,61,48,22,0,10,46,35,37,18,0,30,31,26,11,4
2020,1,A,골목상권,2110303,성신여대입구역 1번,138,97,41,1,7,35,44,27,24,0,2,22,28,25,20,1,5,13,16,2,4
2020,1,A,골목상권,2110302,보문역 8번,3818,3195,623,1,369,1436,715,829,468,1,257,1276,659,708,294,0,112,160,56,121,174
2020,1,A,골목상권,2110301,성신여대입구역 7번,484,209,275,1,73,84,96,134,96,0,31,37,39,62,40,1,42,47,57,72,56
2020,1,A,골목상권,2110300,삼선동주민센터,2735,1587,1148,3,248,710,769,844,161,2,97,300,444,629,115,1,151,410,325,215,46
2020,1,A,골목상권,2110299,정릉역 1번,372,241,131,1,33,49,83,95,111,0,9,12,40,74,106,1,24,37,43,21,5
2020,1,A,골목상권,2110298,솔숲어린이공원,77,28,49,0,18,11,24,12,12,0,3,5,7,5,8,0,15,6,17,7,4
2020,1,A,골목상권,2110297,경동고등학교,654,311,343,0,74,123,156,164,137,0,31,65,74,79,62,0,43,58,82,85,75
2020,1,A,골목상권,2110296,성신여대입구역 4번,77,39,38,1,7,12,30,11,16,1,3,7,15,8,5,0,4,5,15,3,11
2020,1,A,골목상권,2110295,정릉우체국,679,248,431,0,166,178,163,119,53,0,36,67,49,52,44,0,130,111,114,67,9
2020,1,A,골목상권,2110294,서경대학교,391,262,129,0,35,30,93,120,113,0,18,14,46,87,97,0,17,16,47,33,16
2020,1,A,골목상권,2110293,삼선중학교,1730,860,870,4,248,467,527,319,165,3,116,277,268,111,85,1,132,190,259,208,80
2020,1,A,골목상권,2110292,정릉역 2번,43,17,26,0,2,7,21,7,6,0,1,5,6,3,2,0,1,2,15,4,4
2020,1,A,골목상권,2110291,한성대입구역 3번,345,174,171,2,27,49,96,92,79,0,14,24,50,52,34,2,13,25,46,40,45
2020,1,A,골목상권,2110290,북한산보국문역 1번,96,78,18,0,2,9,29,37,19,0,1,8,23,30,16,0,1,1,6,7,3
2020,1,A,골목상권,2110289,북한산보국문역 2번,144,105,39,0,9,28,49,32,26,0,6,23,30,24,22,0,3,5,19,8,4
2020,1,A,골목상권,2110288,동구여중,216,139,77,1,19,49,52,55,40,0,9,22,35,40,33,1,10,27,17,15,7
2020,1,A,골목상권,2110287,정릉3동주민센터,70,50,20,0,9,12,18,19,12,0,5,8,15,12,10,0,4,4,3,7,2
2020,1,A,골목상권,2110286,한성대입구역 5번,978,468,510,17,187,284,317,122,51,8,70,126,143,83,38,9,117,158,174,39,13
2020,1,A,골목상권,2110285,홍대부중,814,559,255,9,219,220,210,100,56,6,118,172,163,69,31,3,101,48,47,31,25
2020,1,A,골목상권,2110284,정릉북한산국립공원입구,644,558,86,0,13,85,200,250,96,0,8,69,176,220,85,0,5,16,24,30,11
2020,1,A,골목상권,2110283,성북초등학교앞,203,78,125,0,16,33,56,80,18,0,8,10,23,27,10,0,8,23,33,53,8
2020,1,A,골목상권,2110282,국민대학교앞,1403,1162,241,15,213,430,341,239,165,14,151,387,296,212,102,1,62,43,45,27,63
2020,1,A,골목상권,2110281,길상사,13811,12087,1724,12,1418,3093,4057,4963,268,1,960,2426,3678,4822,200,11,458,667,379,141,68
2020,1,A,골목상권,2110280,북정마을,78,40,38,0,6,12,25,24,11,0,2,4,11,15,8,0,4,8,14,9,3
2020,1,A,골목상권,2110279,신내역 2번,9,8,1,0,0,1,4,4,0,0,0,1,3,4,0,0,0,0,1,0,0
2020,1,A,골목상권,2110278,망우본동주민센터,279,168,111,1,32,46,78,83,39,0,10,25,44,57,32,1,22,21,34,26,7
2020,1,A,골목상권,2110277,러스크서울병원,178,100,78,0,16,32,39,52,39,0,6,15,23,29,27,0,10,17,16,23,12
2020,1,A,골목상권,2110276,신내IC북측,39,25,14,0,1,6,11,12,9,0,0,5,6,9,5,0,1,1,5,3,4
2020,1,A,골목상권,2110275,하나은행 망우동지점,63,33,30,0,4,9,19,16,15,0,3,6,9,5,10,0,1,3,10,11,5
2020,1,A,골목상권,2110274,서일대학교,552,385,167,0,49,66,143,153,141,0,10,43,97,121,114,0,39,23,46,32,27
2020,1,A,골목상권,2110273,장스여성병원,610,446,164,7,31,37,75,209,251,0,4,8,37,168,229,7,27,29,38,41,22
2020,1,A,골목상권,2110272,신내1동주민센터,471,318,153,0,45,69,93,149,115,0,15,35,60,103,105,0,30,34,33,46,10
2020,1,A,골목상권,2110271,신내역 1번,97,74,23,0,8,17,25,29,18,0,5,14,18,23,14,0,3,3,7,6,4
2020,1,A,골목상권,2110270,혜원여고,168,148,20,0,4,5,7,70,82,0,4,3,6,59,76,0,0,2,1,11,6
2020,1,A,골목상권,2110269,용마문화복지센터,169,98,71,0,19,53,52,28,17,0,13,32,30,19,4,0,6,21,22,9,13
2020,1,A,골목상권,2110268,망우3동주민센터,60,30,30,0,10,13,10,18,9,0,1,5,7,10,7,0,9,8,3,8,2
2020,1,A,골목상권,2110267,망우역 2번,139,49,90,1,15,28,50,28,17,1,2,10,19,13,4,0,13,18,31,15,13
2020,1,A,골목상권,2110266,면목동우체국,225,182,43,0,10,31,38,79,67,0,1,19,30,69,63,0,9,12,8,10,4
2020,1,A,골목상권,2110265,망우역 1번,198,91,107,1,23,43,54,57,20,0,7,18,21,32,13,1,16,25,33,25,7
2020,1,A,골목상권,2110264,면목역 2번,358,170,188,1,52,75,93,80,57,0,21,40,40,37,32,1,31,35,53,43,25
2020,1,A,골목상권,2110263,면목역 1번,128,69,59,0,12,27,34,24,31,0,6,12,11,14,26,0,6,15,23,10,5
2020,1,A,골목상권,2110262,상봉역 3번,1532,879,653,2,221,447,543,268,51,0,119,337,282,107,34,2,102,110,261,161,17
2020,1,A,골목상권,2110261,사가정역 4번,167,90,77,1,16,29,49,50,22,1,8,15,25,26,15,0,8,14,24,24,7
2020,1,A,골목상권,2110260,면목역 3번,126,74,52,0,24,21,24,29,28,0,14,8,12,20,20,0,10,13,12,9,8
2020,1,A,골목상권,2110259,사가정역 1번,543,425,118,2,48,108,172,159,54,2,29,73,131,140,50,0,19,35,41,19,4
2020,1,A,골목상권,2110258,면동초등학교,260,99,161,0,32,49,79,66,34,0,1,20,28,34,16,0,31,29,51,32,18
2020,1,A,골목상권,2110257,상봉역 7번,397,330,67,0,17,18,50,133,179,0,6,11,34,118,161,0,11,7,16,15,18
2020,1,A,골목상권,2110256,면목2동체육관,477,321,156,2,56,66,82,140,131,1,21,35,45,109,110,1,35,31,37,31,21
2020,1,A,골목상권,2110255,상봉역 4번,327,208,119,0,39,52,78,92,66,0,20,24,46,62,56,0,19,28,32,30,10
2020,1,A,골목상권,2110254,오거리공원,257,89,168,1,19,75,79,51,32,0,6,15,35,21,12,1,13,60,44,30,20
2020,1,A,골목상권,2110253,중곡초등학교,181,106,75,0,31,31,44,49,26,0,10,17,23,35,21,0,21,14,21,14,5
2020,1,A,골목상권,2110252,장안제일시장,712,505,207,1,64,101,159,195,192,1,42,73,87,131,171,0,22,28,72,64,21
2020,1,A,골목상권,2110251,장안중학교,147,104,43,0,8,34,46,39,20,0,3,23,34,27,17,0,5,11,12,12,3
2020,1,A,골목상권,2110250,화랑대역 7번,111,69,42,0,7,20,32,34,18,0,5,12,15,23,14,0,2,8,17,11,4
2020,1,A,골목상권,2110249,중화역 1번,783,496,287,0,71,131,213,207,161,0,34,62,112,143,145,0,37,69,101,64,16
2020,1,A,골목상권,2110248,먹골파출소,85,47,38,1,19,23,20,12,10,0,7,14,12,4,10,1,12,9,8,8,0
2020,1,A,골목상권,2110247,먹골역 1번,377,175,202,0,53,79,123,78,44,0,21,30,55,38,31,0,32,49,68,40,13
2020,1,A,골목상권,2110246,월드순복음교회,431,312,119,0,27,97,158,95,54,0,12,69,122,65,44,0,15,28,36,30,10
2020,1,A,골목상권,2110245,KB국민은행 중화동지점,108,69,39,0,5,18,41,27,17,0,4,10,24,17,14,0,1,8,17,10,3
2020,1,A,골목상권,2110244,중화역 4번,250,175,75,1,8,26,49,44,122,1,4,11,32,30,97,0,4,15,17,14,25
2020,1,A,골목상권,2110243,중랑노인종합복지관,317,126,191,1,32,51,76,111,46,0,7,22,39,36,22,1,25,29,37,75,24
2020,1,A,골목상권,2110242,면목5동주민센터,164,112,52,0,21,28,56,30,29,0,12,23,31,22,24,0,9,5,25,8,5
2020,1,A,골목상권,2110241,먹골역 5번,415,213,202,0,61,87,97,117,53,0,17,49,46,63,38,0,44,38,51,54,15
2020,1,A,골목상권,2110240,태릉시장 특화거리,97,39,58,2,20,13,28,16,18,1,3,8,7,8,12,1,17,5,21,8,6
2020,1,A,골목상권,2110238,배꽃어린이공원,66,48,18,0,6,7,15,23,15,0,4,5,9,15,15,0,2,2,6,8,0
2020,1,A,골목상권,2110237,메가박스 상봉,274,152,122,0,30,67,97,54,26,0,13,37,48,36,18,0,17,30,49,18,8
2020,1,A,골목상권,2110236,신묵초등학교,1015,836,179,0,185,302,228,255,45,0,135,246,194,228,33,0,50,56,34,27,12
2020,1,A,골목상권,2110235,세화어린이공원,17,12,5,0,6,3,1,5,2,0,5,1,1,3,2,0,1,2,0,2,0
2020,1,A,골목상권,2110234,중랑역 4번,96,41,55,0,15,16,23,25,17,0,2,5,10,14,10,0,13,11,13,11,7
2020,1,A,골목상권,2110233,중랑역 1번,142,46,96,1,23,27,50,35,6,1,6,7,16,11,5,0,17,20,34,24,1
2020,1,A,골목상권,2110232,동대부고,579,413,166,0,41,71,119,175,173,0,14,38,80,134,147,0,27,33,39,41,26
2020,1,A,골목상권,2110231,장안교,11,8,3,0,0,1,4,5,1,0,0,1,3,4,0,0,0,0,1,1,1
2020,1,A,골목상권,2110230,장안현대홈타운1차아파트,161,101,60,0,15,32,52,45,17,0,6,22,33,28,12,0,9,10,19,17,5
2020,1,A,골목상권,2110229,장평중학교,1339,865,474,0,145,164,192,320,518,0,81,103,125,212,344,0,64,61,67,108,174
2020,1,A,골목상권,2110228,장안근린공원,1992,1184,808,40,1381,313,92,101,65,24,788,223,60,54,35,16,593,90,32,47,30
2020,1,A,골목상권,2110227,답십리공원,216,82,134,0,13,28,73,82,20,0,10,14,25,21,12,0,3,14,48,61,8
2020,1,A,골목상권,2110226,장안1동주민센터,1882,1005,877,2,147,247,333,512,641,2,87,148,213,253,302,0,60,99,120,259,339
2020,1,A,골목상권,2110225,촬영소사거리,330,204,126,0,22,36,68,83,121,0,9,25,42,55,73,0,13,11,26,28,48
2020,1,A,골목상권,2110224,외대앞역 2번,95,39,56,0,9,14,16,27,29,0,2,4,9,15,9,0,7,10,7,12,20
2020,1,A,골목상권,2110223,군자초등학교,94,56,38,0,13,17,26,24,14,0,4,10,17,15,10,0,9,7,9,9,4
2020,1,A,골목상권,2110222,회기역 2번,20,17,3,0,0,3,2,6,9,0,0,2,2,4,9,0,0,1,0,2,0
2020,1,A,골목상권,2110221,의릉,95,69,26,0,10,12,36,29,8,0,6,10,24,22,7,0,4,2,12,7,1
2020,1,A,골목상권,2110220,외대앞역 1번,190,109,81,0,28,36,54,46,26,0,7,17,33,34,18,0,21,19,21,12,8
2020,1,A,골목상권,2110219,삼육보건대학교,249,145,104,0,18,42,68,82,39,0,11,20,31,53,30,0,7,22,37,29,9
2020,1,A,골목상권,2110218,답십리사거리,158,83,75,0,14,25,45,60,14,0,5,12,22,33,11,0,9,13,23,27,3
2020,1,A,골목상권,2110217,자동차부품상가,503,388,115,1,33,105,143,123,98,1,24,88,115,83,77,0,9,17,28,40,21
2020,1,A,골목상권,2110216,전농중학교,208,68,140,1,32,48,62,50,15,1,11,14,18,18,6,0,21,34,44,32,9
2020,1,A,골목상권,2110215,회기역 1번,28,18,10,0,3,4,9,7,5,0,3,2,6,3,4,0,0,2,3,4,1
2020,1,A,골목상권,2110214,경희대후문,86,42,44,0,18,17,24,17,10,0,6,6,13,10,7,0,12,11,11,7,3
2020,1,A,골목상권,2110213,청량초등학교,124,81,43,0,19,57,17,15,16,0,7,41,13,7,13,0,12,16,4,8,3
2020,1,A,골목상권,2110212,답십리초등학교,204,144,60,0,26,37,42,67,32,0,18,26,27,50,23,0,8,11,15,17,9
2020,1,A,골목상권,2110211,전곡마을마당공원,626,445,181,1,66,101,170,194,94,0,45,73,129,143,55,1,21,28,41,51,39
2020,1,A,골목상권,2110210,서울시립대,341,253,88,1,9,19,24,34,254,1,4,12,10,21,205,0,5,7,14,13,49
2020,1,A,골목상권,2110209,답십리 장령당공원,81,51,30,0,3,11,28,19,20,0,1,5,16,15,14,0,2,6,12,4,6
2020,1,A,골목상권,2110208,시조사삼거리,75,56,19,0,2,14,7,17,35,0,1,7,2,11,35,0,1,7,5,6,0
2020,1,A,골목상권,2110207,시립대앞사거리,50,26,24,0,4,12,12,10,12,0,2,8,6,3,7,0,2,4,6,7,5
2020,1,A,골목상권,2110206,텃골근린공원,81,29,52,0,5,14,23,23,16,0,2,7,7,7,6,0,3,7,16,16,10
2020,1,A,골목상권,2110205,경희대삼거리,82,48,34,0,4,13,23,23,19,0,2,10,7,17,12,0,2,3,16,6,7
2020,1,A,골목상권,2110204,간데메공원,411,268,143,3,83,97,82,89,57,3,57,64,46,58,40,0,26,33,36,31,17
2020,1,A,골목상권,2110203,떡전교사거리,99,63,36,1,9,15,32,29,13,1,0,7,26,20,9,0,9,8,6,9,4
2020,1,A,골목상권,2110202,전농1동주민센터(전농시장),111,68,43,0,14,35,31,20,11,0,9,19,21,14,5,0,5,16,10,6,6
2020,1,A,골목상권,2110201,전농119안전센터,27,11,16,0,2,1,9,10,5,0,1,0,3,4,3,0,1,1,6,6,2
2020,1,A,골목상권,2110200,동대문경찰서,74,50,24,0,1,6,21,13,33,0,0,1,11,6,32,0,1,5,10,7,1
2020,1,A,골목상권,2110199,홍릉시장,65,41,24,0,11,15,18,14,7,0,8,8,10,9,6,0,3,7,8,5,1
2020,1,A,골목상권,2110198,동대문중앙새마을금고본점,67,26,41,0,1,0,18,37,11,0,0,0,8,10,8,0,1,0,10,27,3
2020,1,A,골목상권,2110197,세종대왕기념관교차로,67,46,21,0,8,19,26,9,5,0,4,15,19,7,1,0,4,4,7,2,4
2020,1,A,골목상권,2110196,홍릉근린공원,23,12,11,0,1,6,8,5,3,0,1,4,3,2,2,0,0,2,5,3,1
2020,1,A,골목상권,2110195,동대문구청,221,115,106,0,41,58,47,40,35,0,12,28,23,27,25,0,29,30,24,13,10
2020,1,A,골목상권,2110194,홍파초등학교,112,85,27,0,6,32,24,36,14,0,4,20,20,31,10,0,2,12,4,5,4
2020,1,A,골목상권,2110193,고려대역 4번,48,37,11,0,5,11,11,10,11,0,3,5,10,10,9,0,2,6,1,0,2
2020,1,A,골목상권,2110192,동의보감타워,70,45,25,0,7,10,25,16,12,0,2,6,17,10,10,0,5,4,8,6,2
2020,1,A,골목상권,2110191,고려대역 6번,48,41,7,0,1,12,14,9,12,0,1,10,11,8,11,0,0,2,3,1,1
2020,1,A,골목상권,2110190,고대앞사거리,195,92,103,0,22,34,34,45,60,0,4,18,22,19,29,0,18,16,12,26,31
2020,1,A,골목상권,2110189,제기동역 1번,1545,1089,456,1,233,490,343,170,308,0,98,349,286,137,219,1,135,141,57,33,89
2020,1,A,골목상권,2110188,용두동신동아아파트,807,607,200,8,104,178,229,191,97,2,68,150,181,132,74,6,36,28,48,59,23
2020,1,A,골목상권,2110187,제기동역 6번,3124,2222,902,15,559,867,746,552,385,7,387,605,531,394,298,8,172,262,215,158,87
2020,1,A,골목상권,2110186,종암초등학교,94,71,23,0,5,13,15,30,31,0,1,12,9,23,26,0,4,1,6,7,5
2020,1,A,골목상권,2110185,용두초등학교,122,77,45,0,13,22,31,32,24,0,5,13,18,22,19,0,8,9,13,10,5
2020,1,A,골목상권,2110184,용두사거리,423,215,208,0,81,138,75,77,52,0,39,51,34,51,40,0,42,87,41,26,12
2020,1,A,골목상권,2110183,한국의류시험연구원,833,441,392,3,237,305,147,75,66,1,87,160,79,58,56,2,150,145,68,17,10
2020,1,A,골목상권,2110182,용두희망어린이공원,370,249,121,0,38,71,108,87,66,0,20,47,67,64,51,0,18,24,41,23,15
2020,1,A,골목상권,2110181,신설동역 9번,1864,1212,652,12,209,232,286,440,685,12,150,162,188,282,418,0,59,70,98,158,267
2020,1,A,골목상권,2110180,광진정보도서관,5946,4025,1921,18,1620,2093,1180,672,363,5,885,1485,859,489,302,13,735,608,321,183,61
2020,1,A,골목상권,2110179,광나루역 1번,911,620,291,0,142,209,188,233,139,0,82,160,157,154,67,0,60,49,31,79,72
2020,1,A,골목상권,2110178,장로회신학대학교,194,123,71,0,25,44,42,56,27,0,15,34,21,38,15,0,10,10,21,18,12
2020,1,A,골목상권,2110177,동의초등학교,135,90,45,0,11,31,32,35,26,0,3,15,21,27,24,0,8,16,11,8,2
2020,1,A,골목상권,2110176,해오름공원,758,432,326,1,70,206,221,168,92,1,30,116,125,90,70,0,40,90,96,78,22
2020,1,A,골목상권,2110175,푸른동산공원,370,235,135,0,41,74,109,86,60,0,24,48,70,53,40,0,17,26,39,33,20
2020,1,A,골목상권,2110174,아차산역 1번,432,305,127,1,49,80,115,104,83,1,25,57,76,69,77,0,24,23,39,35,6
2020,1,A,골목상권,2110173,구남초등학교,195,106,89,0,34,50,46,44,21,0,16,28,21,25,16,0,18,22,25,19,5
2020,1,A,골목상권,2110172,광진초등학교,351,227,124,0,42,73,97,92,47,0,17,48,61,65,36,0,25,25,36,27,11
2020,1,A,골목상권,2110171,중곡4동주민센터,59,36,23,0,4,8,7,22,18,0,1,2,3,15,15,0,3,6,4,7,3
2020,1,A,골목상권,2110170,동대부여고,189,105,84,1,35,39,58,39,17,0,16,16,35,26,12,1,19,23,23,13,5
2020,1,A,골목상권,2110169,성동초등학교,221,112,109,1,25,30,68,59,38,0,12,12,32,32,24,1,13,18,36,27,14
2020,1,A,골목상권,2110168,대원고등학교,688,531,157,0,66,102,139,225,156,0,38,73,103,173,144,0,28,29,36,52,12
2020,1,A,골목상권,2110167,용마초등학교,376,220,156,2,22,56,99,109,88,0,9,20,52,62,77,2,13,36,47,47,11
2020,1,A,골목상권,2110166,구의1동주민센터,552,292,260,1,70,121,177,115,68,1,20,59,99,60,53,0,50,62,78,55,15
2020,1,A,골목상권,2110165,국립정신건강센터,287,204,83,0,19,46,81,77,64,0,9,33,51,61,50,0,10,13,30,16,14
2020,1,A,골목상권,2110164,아차산역 5번,731,494,237,3,111,126,143,164,184,0,61,77,101,112,143,3,50,49,42,52,41
2020,1,A,골목상권,2110163,성자초등학교,272,134,138,0,37,44,65,72,54,0,13,26,31,26,38,0,24,18,34,46,16
2020,1,A,골목상권,2110162,군자역 4번,613,365,248,0,127,162,131,110,83,0,98,118,75,42,32,0,29,44,56,68,51
2020,1,A,골목상권,2110161,중곡역 3번,236,135,101,3,11,33,58,65,66,0,2,16,37,40,40,3,9,17,21,25,26
2020,1,A,골목상권,2110160,광진경찰서,832,690,142,0,149,323,182,167,11,0,110,261,152,157,10,0,39,62,30,10,1
2020,1,A,골목상권,2110159,구의역 4번,663,391,272,1,125,115,158,132,132,1,58,62,85,87,98,0,67,53,73,45,34
2020,1,A,골목상권,2110158,중곡3동주민센터,715,518,197,1,113,210,184,138,69,0,73,168,123,104,50,1,40,42,61,34,19
2020,1,A,골목상권,2110157,자양동우체국,1097,891,206,10,352,279,244,141,71,7,300,237,180,106,61,3,52,42,64,35,10
2020,1,A,골목상권,2110156,군자역 5번,624,365,259,0,96,182,174,113,59,0,41,115,102,67,40,0,55,67,72,46,19
2020,1,A,골목상권,2110155,광진구청,8356,7701,655,0,240,853,2408,4046,809,0,172,765,2256,3748,760,0,68,88,152,298,49
2020,1,A,골목상권,2110154,광진정말공원,307,161,146,1,43,62,79,78,44,1,19,37,35,37,32,0,24,25,44,41,12
2020,1,A,골목상권,2110153,중곡1동주민센터,241,83,158,1,42,57,67,57,17,0,14,22,22,17,8,1,28,35,45,40,9
2020,1,A,골목상권,2110152,중곡어린이공원,338,300,38,0,17,29,64,119,109,0,10,21,55,109,105,0,7,8,9,10,4
2020,1,A,골목상권,2110151,자양한강도서관,249,175,74,4,35,52,63,66,29,3,24,37,49,41,21,1,11,15,14,25,8
2020,1,A,골목상권,2110150,중곡1동 마을마당,1179,698,481,1,197,352,252,217,160,1,83,194,161,132,127,0,114,158,91,85,33
2020,1,A,골목상권,2110149,세종대학교,122,72,50,0,15,21,31,23,32,0,8,13,19,7,25,0,7,8,12,16,7
2020,1,A,골목상권,2110148,어린이대공원역 3번,17,12,5,0,3,3,6,5,0,0,0,2,5,5,0,0,3,1,1,0,0
2020,1,A,골목상권,2110147,능동우편취급국,815,464,351,4,120,172,160,137,222,2,56,88,104,77,137,2,64,84,56,60,85
2020,1,A,골목상권,2110146,신자초등학교,735,531,204,0,50,79,208,276,122,0,25,44,156,209,97,0,25,35,52,67,25
2020,1,A,골목상권,2110145,장안초등학교,7,4,3,0,0,1,2,3,1,0,0,0,1,3,0,0,0,1,1,0,1
2020,1,A,골목상권,2110144,어린이대공원역 4번,47,23,24,0,5,4,13,16,9,0,1,1,7,8,6,0,4,3,6,8,3
2020,1,A,골목상권,2110143,뚝섬유원지역 1번,63,26,37,1,5,15,12,20,10,1,0,3,7,7,8,0,5,12,5,13,2
2020,1,A,골목상권,2110142,화양사거리,213,107,106,1,37,47,44,52,32,1,20,25,24,16,21,0,17,22,20,36,11
2020,1,A,골목상권,2110141,건대입구역 1번,213,138,75,1,23,49,67,48,25,1,11,27,51,32,16,0,12,22,16,16,9
2020,1,A,골목상권,2110140,건대입구역 6번,552,361,191,6,51,90,136,158,111,5,28,47,82,114,85,1,23,43,54,44,26
2020,1,A,골목상권,2110139,자양4동주민센터,204,116,88,0,13,28,53,51,59,0,3,14,32,25,42,0,10,14,21,26,17
2020,1,A,골목상권,2110138,송정체육공원,160,79,81,0,15,27,53,41,24,0,4,12,21,23,19,0,11,15,32,18,5
2020,1,A,골목상권,2110137,성수초등학교,6605,4295,2310,31,1016,1740,1836,1344,638,22,557,1152,1250,828,486,9,459,588,586,516,152
2020,1,A,골목상권,2110136,경수초등학교,4745,2743,2002,43,1169,1097,978,875,583,32,439,633,615,593,431,11,730,464,363,282,152
2020,1,A,골목상권,2110135,성동세무서,355,182,173,0,41,69,96,66,83,0,7,34,41,34,66,0,34,35,55,32,17
2020,1,A,골목상권,2110134,성수119안전센터,771,587,184,4,65,108,185,252,157,4,38,78,143,200,124,0,27,30,42,52,33
2020,1,A,골목상권,2110133,서울교통공사,122,93,29,0,19,25,33,21,24,0,12,18,29,17,17,0,7,7,4,4,7
2020,1,A,골목상권,2110132,성수2가3동주민센터,786,521,265,0,97,182,220,197,90,0,67,133,145,108,68,0,30,49,75,89,22
2020,1,A,골목상권,2110131,성수동카페거리,4798,3110,1688,15,902,1536,1123,699,523,9,460,993,777,497,374,6,442,543,346,202,149
2020,1,A,골목상권,2110130,답십리역 6번,105,89,16,0,20,24,38,15,8,0,17,20,35,10,7,0,3,4,3,5,1
2020,1,A,골목상권,2110129,성원어린이공원,664,421,243,1,65,126,138,185,149,0,35,74,91,111,110,1,30,52,47,74,39
2020,1,A,골목상권,2110128,성원중학교,1237,712,525,1,127,206,296,338,269,1,66,118,185,203,139,0,61,88,111,135,130
2020,1,A,골목상권,2110127,성수1가1동주민센터,290,157,133,0,31,55,56,100,48,0,11,40,31,47,28,0,20,15,25,53,20
2020,1,A,골목상권,2110126,서울숲역 1번,27,18,9,0,0,7,2,12,6,0,0,6,0,7,5,0,0,1,2,5,1
2020,1,A,골목상권,2110125,사근동살곶이상점가,135,83,52,2,25,39,35,21,13,2,13,21,24,13,10,0,12,18,11,8,3
2020,1,A,골목상권,2110124,뚝섬역교차로,1253,1006,247,7,170,155,222,312,387,6,94,111,169,268,358,1,76,44,53,44,29
2020,1,A,골목상권,2110123,마장역 3번,511,382,129,0,42,56,91,185,137,0,21,36,63,141,121,0,21,20,28,44,16
2020,1,A,골목상권,2110122,마장역 2번,464,271,193,1,60,88,117,113,85,1,32,59,68,61,50,0,28,29,49,52,35
2020,1,A,골목상권,2110121,한양대역 4번,45,30,15,0,3,10,8,11,13,0,2,5,5,7,11,0,1,5,3,4,2
2020,1,A,골목상권,2110120,서울숲카페거리,79,49,30,0,8,12,35,18,6,0,3,8,23,10,5,0,5,4,12,8,1
2020,1,A,골목상권,2110119,마장지하차도,127,89,38,0,17,26,32,26,26,0,12,22,19,18,18,0,5,4,13,8,8
2020,1,A,골목상권,2110118,왕십리역 9번,697,487,210,1,90,182,204,129,91,0,62,110,144,93,78,1,28,72,60,36,13
2020,1,A,골목상권,2110117,성동구보건소,103,73,30,1,14,27,19,33,9,1,10,20,11,25,6,0,4,7,8,8,3
2020,1,A,골목상권,2110116,청계천박물관,4884,3674,1210,30,342,780,1090,1772,870,26,217,571,881,1319,660,4,125,209,209,453,210
2020,1,A,골목상권,2110115,상왕십리역 3번,945,362,583,10,392,218,156,113,56,0,76,84,93,75,34,10,316,134,63,38,22
2020,1,A,골목상권,2110114,왕십리파출소,68,21,47,0,3,2,11,24,28,0,1,1,4,10,5,0,2,1,7,14,23
2020,1,A,골목상권,2110113,응봉산,77,43,34,0,14,15,14,16,18,0,4,11,7,6,15,0,10,4,7,10,3
2020,1,A,골목상권,2110112,행당역 2번,205,100,105,0,37,37,36,53,42,0,14,19,15,26,26,0,23,18,21,27,16
2020,1,A,골목상권,2110111,대현산장미원,51,40,11,0,6,7,6,17,15,0,6,4,4,13,13,0,0,3,2,4,2
2020,1,A,골목상권,2110110,상왕십리역 6번,93,55,38,1,12,22,24,18,16,1,7,12,13,10,12,0,5,10,11,8,4
2020,1,A,골목상권,2110109,금호삼성래미안아파트,92,39,53,0,7,10,12,42,21,0,2,6,3,15,13,0,5,4,9,27,8
2020,1,A,골목상권,2110108,성동구립금호도서관,6,1,5,0,0,1,4,1,0,0,0,0,0,1,0,0,0,1,4,0,0
2020,1,A,골목상권,2110107,금호사거리,37,30,7,0,4,8,4,11,10,0,3,5,4,9,9,0,1,3,0,2,1
2020,1,A,골목상권,2110105,금동어린이공원,43,20,23,0,1,9,12,12,9,0,0,3,3,8,6,0,1,6,9,4,3
2020,1,A,골목상권,2110104,신금호역 4번,275,189,86,0,27,47,51,66,84,0,11,28,34,46,70,0,16,19,17,20,14
2020,1,A,골목상권,2110103,옥수터널,13,11,2,1,0,2,2,6,2,0,0,2,2,5,2,1,0,0,0,1,0
2020,1,A,골목상권,2110102,옥수역 6번,3362,1140,2222,0,968,1050,724,422,198,0,202,328,319,197,94,0,766,722,405,225,104
2020,1,A,골목상권,2110101,옥정중학교,218,121,97,0,55,51,65,31,16,0,24,34,43,13,7,0,31,17,22,18,9
2020,1,A,골목상권,2110100,옥수동우편취급국,46,31,15,0,5,18,13,6,4,0,0,15,7,5,4,0,5,3,6,1,0
2020,1,A,골목상권,2110099,유엔빌리지길,12646,10311,2335,33,1746,2596,3298,4558,415,25,904,1899,2859,4264,360,8,842,697,439,294,55
2020,1,A,골목상권,2110098,서울독일학교,242,91,151,0,57,85,68,23,9,0,15,22,34,15,5,0,42,63,34,8,4
2020,1,A,골목상권,2110097,한남초등학교,3116,1920,1196,1,597,1644,757,90,27,0,278,975,575,71,21,1,319,669,182,19,6
2020,1,A,골목상권,2110096,한남힐사이드아파트,4186,2661,1525,5,1055,1176,900,902,148,3,457,705,613,757,126,2,598,471,287,145,22
2020,1,A,골목상권,2110095,한강진역 3번,1186,801,385,16,160,326,321,298,65,8,61,235,227,226,44,8,99,91,94,72,21
2020,1,A,골목상권,2110094,오산중학교,26,12,14,0,0,1,4,13,8,0,0,0,2,6,4,0,0,1,2,7,4
2020,1,A,골목상권,2110093,우사단길,2482,1548,934,2,325,1015,734,327,79,1,101,529,548,305,64,1,224,486,186,22,15
2020,1,A,골목상권,2110092,NH농협은행 보광동지점,514,208,306,0,94,123,111,107,79,0,14,58,40,45,51,0,80,65,71,62,28
2020,1,A,골목상권,2110091,리움미술관,1106,810,296,0,216,345,343,155,47,0,117,236,293,128,36,0,99,109,50,27,11
2020,1,A,골목상권,2110090,한국폴리텍대학서울정수캠퍼스,3968,2447,1521,1,446,1358,1632,500,31,1,173,548,1231,467,27,0,273,810,401,33,4
2020,1,A,골목상권,2110089,서빙고동주민센터,752,503,249,1,94,230,220,107,100,0,33,136,159,88,87,1,61,94,61,19,13
2020,1,A,골목상권,2110088,오산고등학교,1696,1140,556,16,439,504,454,203,80,7,263,350,312,150,58,9,176,154,142,53,22
2020,1,A,골목상권,2110087,이태원엔틱가구거리,463,213,250,0,185,174,58,31,15,0,54,89,43,17,10,0,131,85,15,14,5
2020,1,A,골목상권,2110086,이태원역 북측,9251,3612,5639,12,3187,3893,1655,431,73,3,733,1559,905,357,55,9,2454,2334,750,74,18
2020,1,A,골목상권,2110085,경리단길남측,532,260,272,4,98,163,148,67,52,2,40,59,78,41,40,2,58,104,70,26,12
2020,1,A,골목상권,2110084,경리단길북측,315,168,147,0,47,85,84,57,42,0,23,36,39,36,34,0,24,49,45,21,8
2020,1,A,골목상권,2110083,서빙고역 1번,149,109,40,0,26,53,42,14,14,0,13,42,29,12,13,0,13,11,13,2,1
2020,1,A,골목상권,2110082,용산구청,1571,779,792,2,165,447,417,439,101,2,45,147,200,302,83,0,120,300,217,137,18
2020,1,A,골목상권,2110081,해방촌 남동측,291,170,121,0,46,68,58,64,55,0,14,37,30,41,48,0,32,31,28,23,7
2020,1,A,골목상권,2110080,해방촌예술마을,277,160,117,0,44,58,84,54,37,0,16,38,52,30,24,0,28,20,32,24,13
2020,1,A,골목상권,2110079,후암동주민센터,1084,584,500,4,223,262,267,196,132,3,73,156,156,105,91,1,150,106,111,91,41
2020,1,A,골목상권,2110078,이촌동점보아파트,69,29,40,0,12,15,17,13,12,0,3,8,7,5,6,0,9,7,10,8,6
2020,1,A,골목상권,2110077,삼광초등학교,385,317,68,0,37,86,148,98,16,0,21,66,130,88,12,0,16,20,18,10,4
2020,1,A,골목상권,2110076,삼각지역 14번,537,175,362,0,46,143,158,153,37,0,11,49,61,45,9,0,35,94,97,108,28
2020,1,A,골목상권,2110075,숙대입구역 1번,1630,736,894,9,270,506,417,289,139,5,69,188,182,181,111,4,201,318,235,108,28
2020,1,A,골목상권,2110074,서울역 12번,8149,1751,6398,152,5985,1340,330,181,161,9,598,652,233,134,125,143,5387,688,97,47,36
2020,1,A,골목상권,2110073,삼각지역 3번,7916,2353,5563,56,2498,2872,1896,491,103,25,856,912,415,109,36,31,1642,1960,1481,382,67
2020,1,A,골목상권,2110072,열정도,374,244,130,6,108,96,78,51,35,0,51,71,62,37,23,6,57,25,16,14,12
2020,1,A,골목상권,2110071,한강미주맨션아파트,281,182,99,0,36,68,68,55,54,0,20,44,40,41,37,0,16,24,28,14,17
2020,1,A,골목상권,2110070,용산세무서,184,130,54,0,21,54,55,24,30,0,8,37,41,18,26,0,13,17,14,6,4
2020,1,A,골목상권,2110069,숙대입구,829,295,534,3,200,295,168,86,77,3,34,90,82,40,46,0,166,205,86,46,31
2020,1,A,골목상권,2110068,남영역 1번,1039,595,444,8,154,224,240,224,189,6,59,124,144,138,124,2,95,100,96,86,65
2020,1,A,골목상권,2110067,배문고등학교,1574,907,667,1,219,377,391,329,257,0,85,177,202,230,213,1,134,200,189,99,44
2020,1,A,골목상권,2110066,서울역 15번,748,467,281,6,152,227,156,125,82,3,81,151,104,66,62,3,71,76,52,59,20
2020,1,A,골목상권,2110065,남정초등학교,137,92,45,0,17,45,48,17,10,0,9,37,31,10,5,0,8,8,17,7,5
2020,1,A,골목상권,2110064,효창공원앞역 2번,925,527,398,2,126,275,263,160,99,1,49,160,162,88,67,1,77,115,101,72,32
2020,1,A,골목상권,2110063,효창공원앞역 5번,530,347,183,8,47,104,139,132,100,6,25,71,93,87,65,2,22,33,46,45,35
2020,1,A,골목상권,2110062,한강로동땡땡거리(은행나무길),5667,3458,2209,9,735,1660,1587,1162,514,6,299,844,1074,890,345,3,436,816,513,272,169
2020,1,A,골목상권,2110061,효창동주민센터,473,301,172,1,61,90,150,113,58,1,38,52,96,67,47,0,23,38,54,46,11
2020,1,A,골목상권,2110060,효창공원앞역 6번,291,174,117,0,28,62,84,73,44,0,10,34,52,47,31,0,18,28,32,26,13
2020,1,A,골목상권,2110059,새남터성지,385,307,78,0,38,71,113,138,25,0,21,48,99,124,15,0,17,23,14,14,10
2020,1,A,골목상권,2110058,성심여자고등학교,947,659,288,10,141,228,254,194,120,3,71,162,181,141,101,7,70,66,73,53,19
2020,1,A,골목상권,2110057,황학코아루아파트,57,39,18,0,8,11,16,9,13,0,4,5,14,7,9,0,4,6,2,2,4
2020,1,A,골목상권,2110056,신당역 3번,506,288,218,0,60,129,115,112,90,0,29,63,68,70,58,0,31,66,47,42,32
2020,1,A,골목상권,2110055,황학동벼룩시장,29,19,10,0,1,4,6,11,7,0,1,3,5,6,4,0,0,1,1,5,3
2020,1,A,골목상권,2110054,청구역 3번,1537,849,688,3,259,378,315,336,246,1,90,204,220,211,123,2,169,174,95,125,123
2020,1,A,골목상권,2110053,청구역 1번,281,166,115,0,52,69,69,54,37,0,23,45,43,27,28,0,29,24,26,27,9
2020,1,A,골목상권,2110052,장충초등학교,484,281,203,0,43,100,132,130,79,0,16,63,75,82,45,0,27,37,57,48,34
2020,1,A,골목상권,2110051,한양공고앞 교차로,111,82,29,0,17,23,33,26,12,0,12,16,24,20,10,0,5,7,9,6,2
2020,1,A,골목상권,2110050,약수역 7번,309,230,79,0,34,81,76,76,42,0,21,59,60,57,33,0,13,22,16,19,9
2020,1,A,골목상권,2110049,장충단 고개,2303,1240,1063,4,566,582,448,431,272,2,174,314,281,257,212,2,392,268,167,174,60
2020,1,A,골목상권,2110048,장충동주민센터,5312,2706,2606,21,867,1339,1511,1367,207,5,338,768,756,707,132,16,529,571,755,660,75
2020,1,A,골목상권,2110047,다산성곽길,160,89,71,0,36,43,36,27,18,0,23,29,21,7,9,0,13,14,15,20,9
2020,1,A,골목상권,2110046,버티고개,106,76,30,0,6,23,41,28,8,0,3,17,29,20,7,0,3,6,12,8,1
2020,1,A,골목상권,2110045,동대문역사문화공원역 5번,234,174,60,0,24,54,64,55,37,0,11,38,46,47,32,0,13,16,18,8,5
2020,1,A,골목상권,2110044,관성묘,405,300,105,0,50,135,145,51,24,0,24,90,125,44,17,0,26,45,20,7,7
2020,1,A,골목상권,2110043,충무초등학교,1202,670,532,12,212,307,331,223,117,7,97,155,169,152,90,5,115,152,162,71,27
2020,1,A,골목상권,2110042,남산골공원옆,994,621,373,3,121,221,287,251,111,0,43,127,198,179,74,3,78,94,89,72,37
2020,1,A,골목상권,2110041,남산케이블카,967,435,532,2,118,152,175,254,266,2,51,69,83,87,143,0,67,83,92,167,123
2020,1,A,골목상권,2110040,중구회현체육센터(정화예술대남산캠퍼스),165,78,87,0,33,30,40,37,25,0,14,15,17,13,19,0,19,15,23,24,6
2020,1,A,골목상권,2110039,회현역 1번,49,26,23,0,2,8,12,14,13,0,0,4,9,8,5,0,2,4,3,6,8
2020,1,A,골목상권,2110038,경향신문사,2636,1651,985,0,377,783,808,593,75,0,119,436,540,491,65,0,258,347,268,102,10
2020,1,A,골목상권,2110037,신설동역 12번,208,124,84,0,16,46,51,61,34,0,6,20,32,41,25,0,10,26,19,20,9
2020,1,A,골목상권,2110036,동묘앞역 3번,65,42,23,0,3,7,20,15,20,0,1,3,10,13,15,0,2,4,10,2,5
2020,1,A,골목상권,2110035,동묘앞역 2번,276,161,115,2,18,43,75,88,50,0,5,18,42,65,31,2,13,25,33,23,19
2020,1,A,골목상권,2110034,창신1동주민센터,41,35,6,0,2,1,14,13,11,0,2,1,10,11,11,0,0,0,4,2,0
2020,1,A,골목상권,2110033,창신역 4번,166,89,77,0,26,42,35,40,23,0,6,22,17,25,19,0,20,20,18,15,4
2020,1,A,골목상권,2110032,수족관거리,31,16,15,0,3,6,4,13,5,0,2,2,2,7,3,0,1,4,2,6,2
2020,1,A,골목상권,2110031,창신역 1번,44,31,13,0,7,14,5,11,7,0,4,8,4,8,7,0,3,6,1,3,0
2020,1,A,골목상권,2110030,동대문역 3번,10,5,5,0,2,2,2,3,1,0,0,2,1,1,1,0,2,0,1,2,0
2020,1,A,골목상권,2110029,동대문역 1번,235,61,174,0,11,31,57,79,57,0,1,7,19,20,14,0,10,24,38,59,43
2020,1,A,골목상권,2110028,이화달팽이길,704,279,425,1,177,179,137,123,87,0,56,60,56,65,42,1,121,119,81,58,45
2020,1,A,골목상권,2110027,혜화역 1번,617,366,251,1,73,116,131,98,198,0,28,74,65,54,145,1,45,42,66,44,53
2020,1,A,골목상권,2110026,종로5가역 4번,190,120,70,0,22,41,73,27,27,0,9,28,47,14,22,0,13,13,26,13,5
2020,1,A,골목상권,2110025,충신시장옆,213,129,84,2,17,46,63,56,29,0,6,23,43,33,24,2,11,23,20,23,5
2020,1,A,골목상권,2110024,혜회동주민센터,928,263,665,0,135,264,294,184,51,0,17,64,90,55,37,0,118,200,204,129,14
2020,1,A,골목상권,2110023,서울대병원,186,55,131,0,18,37,42,47,42,0,5,12,14,10,14,0,13,25,28,37,28
2020,1,A,골목상권,2110022,경신고등학교,537,396,141,11,142,162,128,59,35,10,100,123,94,43,26,1,42,39,34,16,9
2020,1,A,골목상권,2110021,성균관대학교,387,297,90,2,15,39,109,145,77,2,7,26,88,125,49,0,8,13,21,20,28
2020,1,A,골목상권,2110020,서울국제고등학교,639,315,324,1,145,288,122,57,26,1,44,146,75,32,17,0,101,142,47,25,9
2020,1,A,골목상권,2110019,창덕궁,325,215,110,0,47,91,82,71,34,0,21,65,53,49,27,0,26,26,29,22,7
2020,1,A,골목상권,2110018,중앙고등학교,888,439,449,1,97,177,220,178,215,0,30,60,106,90,153,1,67,117,114,88,62
2020,1,A,골목상권,2110017,정독도서관,650,322,328,0,133,273,152,58,34,0,26,130,93,43,30,0,107,143,59,15,4
2020,1,A,골목상권,2110016,평창동동측,7589,3104,4485,10,716,2233,2858,1504,268,4,279,1021,1416,284,100,6,437,1212,1442,1220,168
2020,1,A,골목상권,2110015,청와대사랑채,578,345,233,0,64,147,166,126,75,0,16,63,110,91,65,0,48,84,56,35,10
2020,1,A,골목상권,2110014,경복고등학교,194,82,112,0,28,54,40,44,28,0,4,14,21,24,19,0,24,40,19,20,9
2020,1,A,골목상권,2110013,체부동홍종문가옥,119,70,49,0,5,26,31,25,32,0,2,11,18,13,26,0,3,15,13,12,6
2020,1,A,골목상권,2110012,성곡미술관,1061,503,558,0,262,337,262,118,82,0,72,159,150,73,49,0,190,178,112,45,33
2020,1,A,골목상권,2110011,청운초등학교,263,188,75,0,21,105,79,43,15,0,21,95,44,16,12,0,0,10,35,27,3
2020,1,A,골목상권,2110010,평창동서측,6687,3622,3065,12,676,1736,2550,1464,249,0,276,655,1387,1128,176,12,400,1081,1163,336,73
2020,1,A,골목상권,2110009,자하문터널,950,463,487,0,211,332,229,125,53,0,92,164,106,65,36,0,119,168,123,60,17
2020,1,A,골목상권,2110008,배화여자대학교(박노수미술관),552,379,173,1,52,82,133,180,104,0,16,46,102,135,80,1,36,36,31,45,24
2020,1,A,골목상권,2110007,사직공원(한국사회과학도서관),283,185,98,2,58,88,63,41,31,2,30,62,44,27,20,0,28,26,19,14,11
2020,1,A,골목상권,2110006,부암동주민센터,27,16,11,0,2,7,7,5,6,0,2,5,2,3,4,0,0,2,5,2,2
2020,1,A,골목상권,2110005,세검정,1006,510,496,3,125,296,290,195,97,0,36,137,157,121,59,3,89,159,133,74,38
2020,1,A,골목상권,2110004,대신고등학교,32,14,18,0,3,4,8,14,3,0,1,0,3,8,2,0,2,4,5,6,1
2020,1,A,골목상권,2110003,세검정초등학교,485,315,170,6,53,84,150,126,66,6,32,38,100,89,50,0,21,46,50,37,16
2020,1,A,골목상권,2110002,독립문역 1번,475,121,354,1,146,140,118,44,26,1,25,25,41,14,15,0,121,115,77,30,11
2020,1,A,골목상권,2110001,이북5도청사,1066,638,428,4,133,292,240,262,135,0,51,173,162,172,80,4,82,119,78,90,55
2019,4,U,관광특구,1001496,강남 마이스 관광특구,15904,8904,7000,59,3513,6185,4248,1596,303,25,1160,3361,2887,1246,225,34,2353,2824,1361,350,78
2019,4,U,관광특구,1001495,잠실 관광특구,24375,14199,10176,120,4722,6565,5617,4514,2837,51,2484,4186,3496,2297,1685,69,2238,2379,2121,2217,1152
2019,4,U,관광특구,1001494,종로?청계 관광특구,32935,17150,15785,68,5357,9965,9483,6401,1661,15,2285,4911,4591,4158,1190,53,3072,5054,4892,2243,471
2019,4,U,관광특구,1001493,동대문패션타운 관광특구,6054,2958,3096,36,1434,1695,1160,1061,668,13,543,737,662,600,403,23,891,958,498,461,265
2019,4,U,관광특구,1001492,명동 남대문 북창동 다동 무교동 관광특구,104830,53674,51156,423,27134,34007,23384,15726,4156,137,8860,16080,15133,10824,2640,286,18274,17927,8251,4902,1516
2019,4,U,관광특구,1001491,이태원 관광특구,5839,3064,2775,28,1377,2065,1290,768,311,18,514,986,777,541,228,10,863,1079,513,227,83
2019,4,R,전통시장,2130326,고덕 골목형상점가,935,850,85,0,8,37,165,395,330,0,4,31,147,360,308,0,4,6,18,35,22
2019,4,R,전통시장,2130325,명일전통시장,89,30,59,0,8,10,13,28,30,0,3,6,5,8,8,0,5,4,8,20,22
2019,4,R,전통시장,2130324,길동복조리시장,154,85,69,3,27,32,47,40,5,2,13,18,31,19,2,1,14,14,16,21,3
2019,4,R,전통시장,2130323,둔촌역전통시장,171,86,85,0,3,14,23,36,95,0,2,6,8,14,56,0,1,8,15,22,39
2019,4,R,전통시장,2130322,고분다리전통시장,8,5,3,0,0,1,2,4,1,0,0,1,1,2,1,0,0,0,1,2,0
2019,4,R,전통시장,2130321,장신구 특화거리 상점가,433,269,164,0,92,114,88,92,47,0,43,72,56,61,37,0,49,42,32,31,10
2019,4,R,전통시장,2130320,암사종합시장,173,97,76,1,16,29,50,31,46,1,5,12,31,19,29,0,11,17,19,12,17
2019,4,R,전통시장,2130319,성내전통시장,34,21,13,0,3,5,9,10,7,0,3,2,5,7,4,0,0,3,4,3,3
2019,4,R,전통시장,2130318,로데오거리상점가,266,132,134,0,31,43,49,55,88,0,9,12,19,26,66,0,22,31,30,29,22
2019,4,R,전통시장,2130317,마천중앙시장,107,77,30,0,15,35,24,17,16,0,11,24,12,14,16,0,4,11,12,3,0
2019,4,R,전통시장,2130316,마천시장,18,9,9,0,3,3,2,10,0,0,2,2,2,3,0,0,1,1,0,7,0
2019,4,R,전통시장,2130315,문정동 로데오거리 상점가(문정동 로데오거리),1372,808,564,6,313,289,260,251,253,3,118,168,164,145,210,3,195,121,96,106,43
2019,4,R,전통시장,2130314,풍납시장,202,99,103,1,24,42,50,60,25,1,15,27,22,18,16,0,9,15,28,42,9
2019,4,R,전통시장,2130313,방이시장,3469,1526,1943,5,449,529,612,1126,748,4,159,335,346,371,311,1,290,194,266,755,437
2019,4,R,전통시장,2130312,석촌시장,619,270,349,1,20,40,81,170,307,1,9,23,43,41,153,0,11,17,38,129,154
2019,4,R,전통시장,2130311,새마을시장,377,246,131,1,60,78,104,75,59,0,28,48,80,55,35,1,32,30,24,20,24
2019,4,R,전통시장,2130310,강남개포시장,298,173,125,0,29,56,71,82,60,0,8,23,42,56,44,0,21,33,29,26,16
2019,4,R,전통시장,2130308,청담삼익시장,48,30,18,0,5,11,13,7,12,0,3,6,8,4,9,0,2,5,5,3,3
2019,4,R,전통시장,2130307,도곡시장,57,25,32,0,3,7,15,13,19,0,1,4,4,6,10,0,2,3,11,7,9
2019,4,R,전통시장,2130306,강남언주로,235,151,84,2,48,48,63,45,29,2,27,34,47,23,18,0,21,14,16,22,11
2019,4,R,전통시장,2130305,논현종합시장,85,43,42,0,21,14,14,19,17,0,7,7,6,14,9,0,14,7,8,5,8
2019,4,R,전통시장,2130304,신사상가,138,79,59,1,12,22,32,42,29,0,3,8,11,32,25,1,9,14,21,10,4
2019,4,R,전통시장,2130303,영동전통시장,242,95,147,0,21,60,67,58,36,0,7,19,22,24,23,0,14,41,45,34,13
2019,4,R,전통시장,2130302,강남시장(강남구 강남시장),58,33,25,0,13,15,14,8,8,0,7,10,9,2,5,0,6,5,5,6,3
2019,4,R,전통시장,2130301,양재시장,35,22,13,0,2,10,9,7,7,0,1,7,6,3,5,0,1,3,3,4,2
2019,4,R,전통시장,2130299,엔터식스 강남점,1850,1551,299,18,189,270,602,601,170,5,97,197,542,558,152,13,92,73,60,43,18
2019,4,R,전통시장,2130298,강남터미널지하도상점가2구역,2,1,1,0,1,0,0,0,1,0,1,0,0,0,0,0,0,0,0,0,1
2019,4,R,전통시장,2130296,남부종합시장,85,63,22,0,2,8,25,35,15,0,1,8,16,24,14,0,1,0,9,11,1
2019,4,R,전통시장,2130295,인헌시장(원당종합시장),122,48,74,0,20,27,38,23,14,0,3,9,16,12,8,0,17,18,22,11,6
2019,4,R,전통시장,2130294,관악중부시장,102,40,62,1,5,10,22,39,25,0,2,3,7,16,12,1,3,7,15,23,13
2019,4,R,전통시장,2130293,봉천중앙시장,154,42,112,0,17,13,29,46,49,0,5,7,14,14,2,0,12,6,15,32,47
2019,4,R,전통시장,2130290,영림시장,417,183,234,0,74,101,107,92,43,0,14,49,43,44,33,0,60,52,64,48,10
2019,4,R,전통시장,2130289,봉일시장,36,20,16,1,1,2,5,14,13,0,0,1,5,3,11,1,1,1,0,11,2
2019,4,R,전통시장,2130288,신림현대종합상가,2,0,2,0,1,1,0,0,0,0,0,0,0,0,0,0,1,1,0,0,0
2019,4,R,전통시장,2130285,서원동상점가,615,316,299,4,28,56,85,160,282,1,17,38,45,60,155,3,11,18,40,100,127
2019,4,R,전통시장,2130284,관악종합시장(신원시장),17,10,7,0,0,1,3,10,3,0,0,1,1,6,2,0,0,0,2,4,1
2019,4,R,전통시장,2130283,신원시장,25,11,14,0,3,3,10,5,4,0,1,1,3,3,3,0,2,2,7,2,1
2019,4,R,전통시장,2130282,난곡 골목형상점가,20,8,12,0,4,2,10,4,0,0,2,1,4,1,0,0,2,1,6,3,0
2019,4,R,전통시장,2130281,우림시장,1,0,1,0,0,0,1,0,0,0,0,0,0,0,0,0,0,0,1,0,0
2019,4,R,전통시장,2130280,신림종합시장,8,7,1,0,0,0,0,2,6,0,0,0,0,1,6,0,0,0,0,1,0
2019,4,R,전통시장,2130279,관악신사시장,120,63,57,0,17,20,27,37,19,0,5,10,16,20,12,0,12,10,11,17,7
2019,4,R,전통시장,2130278,미성동 도깨비시장 골목형상점가,75,16,59,0,0,16,28,24,7,0,0,7,5,2,2,0,0,9,23,22,5
2019,4,R,전통시장,2130277,조원동 펭귄시장(신림중앙시장),98,56,42,1,15,26,31,19,6,1,8,18,16,9,4,0,7,8,15,10,2
2019,4,R,전통시장,2130276,신림중앙시장(조원동 펭귄시장),43,27,16,0,1,2,14,12,14,0,0,2,7,9,9,0,1,0,7,3,5
2019,4,R,전통시장,2130275,강남골목시장,168,124,44,0,17,40,46,35,30,0,15,33,30,24,22,0,2,7,16,11,8
2019,4,R,전통시장,2130274,사당1동먹자골목상점가(사당1동먹자골목),389,218,171,4,91,100,81,63,50,3,45,64,37,35,34,1,46,36,44,28,16
2019,4,R,전통시장,2130273,남성사계시장(남성시장),141,63,78,0,21,36,45,22,17,0,3,19,20,8,13,0,18,17,25,14,4
2019,4,R,전통시장,2130272,사당시장,45,20,25,0,4,6,10,11,14,0,0,1,4,6,9,0,4,5,6,5,5
2019,4,R,전통시장,2130271,남성역골목시장,467,268,199,1,36,33,39,47,311,1,12,20,22,16,197,0,24,13,17,31,114
2019,4,R,전통시장,2130270,흑석시장,4,3,1,0,2,0,0,2,0,0,1,0,0,2,0,0,1,0,0,0,0
2019,4,R,전통시장,2130268,상도전통시장,239,104,135,0,33,60,53,58,35,0,12,23,23,24,22,0,21,37,30,34,13
2019,4,R,전통시장,2130267,본동인정시장(기능상실),59,41,18,0,6,10,12,15,16,0,4,7,9,8,13,0,2,3,3,7,3
2019,4,R,전통시장,2130266,만양로상점가,129,75,54,0,6,37,51,21,14,0,1,23,33,14,4,0,5,14,18,7,10
2019,4,R,전통시장,2130265,노량진중앙시장,115,82,33,0,17,48,34,8,8,0,12,42,23,3,2,0,5,6,11,5,6
2019,4,R,전통시장,2130264,상도약수골목형상점가,65,35,30,1,14,8,15,20,7,0,4,3,9,12,7,1,10,5,6,8,0
2019,4,R,전통시장,2130263,신노량진시장(기능상실),11,3,8,0,0,3,3,5,0,0,0,0,1,2,0,0,0,3,2,3,0
2019,4,R,전통시장,2130262,상도도깨비 골목형상점가,18,8,10,0,1,0,12,2,3,0,0,0,6,0,2,0,1,0,6,2,1
2019,4,R,전통시장,2130261,성대전통시장(성대시장),211,104,107,0,15,47,61,61,27,0,4,26,33,23,18,0,11,21,28,38,9
2019,4,R,전통시장,2130260,신대방1동골목상권,70,31,39,0,8,22,15,15,10,0,0,7,7,10,7,0,8,15,8,5,3
2019,4,R,전통시장,2130259,대신시장,12,9,3,0,1,0,5,2,4,0,1,0,3,2,3,0,0,0,2,0,1
2019,4,R,전통시장,2130257,영등포시장기계공구상가,158,116,42,0,11,26,33,47,41,0,7,16,22,37,34,0,4,10,11,10,7
2019,4,R,전통시장,2130256,신동시장,2,2,0,0,0,0,0,1,1,0,0,0,0,1,1,0,0,0,0,0,0
2019,4,R,전통시장,2130255,영등포전통시장,45,29,16,0,1,7,5,10,22,0,1,5,3,4,16,0,0,2,2,6,6
2019,4,R,전통시장,2130253,영신상가(제일상가),9,7,2,0,2,3,0,2,2,0,2,3,0,1,1,0,0,0,0,1,1
2019,4,R,전통시장,2130250,삼구시장(로타리상가),1,0,1,0,0,0,0,1,0,0,0,0,0,0,0,0,0,0,0,1,0
2019,4,R,전통시장,2130249,동남상가,10,8,2,0,2,0,0,4,4,0,1,0,0,4,3,0,1,0,0,0,1
2019,4,R,전통시장,2130248,영등포역지하도상점가,12,5,7,0,0,2,4,3,3,0,0,0,2,0,3,0,0,2,2,3,0
2019,4,R,전통시장,2130247,우리시장,21,16,5,0,3,4,6,3,5,0,1,3,5,3,4,0,2,1,1,0,1
2019,4,R,전통시장,2130246,영등포청과시장(조광시장),237,126,111,0,24,33,47,77,56,0,9,11,28,39,39,0,15,22,19,38,17
2019,4,R,전통시장,2130245,영일시장,675,567,108,1,61,189,238,136,50,0,41,148,217,115,46,1,20,41,21,21,4
2019,4,R,전통시장,2130244,대림중앙시장,95,39,56,3,14,16,21,15,26,2,9,8,10,4,6,1,5,8,11,11,20
2019,4,R,전통시장,2130243,도림시장,6,4,2,0,0,1,4,0,1,0,0,1,3,0,0,0,0,0,1,0,1
2019,4,R,전통시장,2130242,대림중앙 골목형상점가,68,21,47,0,4,14,21,24,5,0,1,6,5,5,4,0,3,8,16,19,1
2019,4,R,전통시장,2130241,선유도역 골목형상점가,500,253,247,0,95,93,123,136,53,0,39,49,66,67,32,0,56,44,57,69,21
2019,4,R,전통시장,2130240,영등포유통상가,1183,753,430,0,95,232,273,252,331,0,52,127,178,168,228,0,43,105,95,84,103
2019,4,R,전통시장,2130238,은행나무시장,113,71,42,0,22,24,31,22,14,0,13,16,22,14,6,0,9,8,9,8,8
2019,4,R,전통시장,2130237,박미시장(기능상실),39,26,13,0,1,6,11,9,12,0,0,2,7,8,9,0,1,4,4,1,3
2019,4,R,전통시장,2130236,비단길현대시장(현대시장),139,42,97,0,13,23,49,40,14,0,4,3,12,17,6,0,9,20,37,23,8
2019,4,R,전통시장,2130235,대명여울빛거리시장(대명시장),298,80,218,0,39,52,77,82,48,0,11,14,25,19,11,0,28,38,52,63,37
2019,4,R,전통시장,2130234,푸른터시장(기능상실),3,2,1,0,0,1,0,2,0,0,0,1,0,1,0,0,0,0,0,1,0
2019,4,R,전통시장,2130233,남문시장,76,47,29,0,5,8,18,22,23,0,2,3,9,12,21,0,3,5,9,10,2
2019,4,R,전통시장,2130232,독산동 맛나는거리상점가(독산동 맛나는거리),33,24,9,0,3,12,5,10,3,0,2,9,4,6,3,0,1,3,1,4,0
2019,4,R,전통시장,2130231,독산동 우시장,611,476,135,2,31,74,126,196,182,0,16,55,97,145,163,2,15,19,29,51,19
2019,4,R,전통시장,2130229,남구로시장,249,139,110,1,16,53,61,62,56,0,7,30,31,32,39,1,9,23,30,30,17
2019,4,R,전통시장,2130228,구로시장,10,5,5,0,0,4,6,0,0,0,0,1,4,0,0,0,0,3,2,0,0
2019,4,R,전통시장,2130227,고척골목시장상점가(그라운드 고척),97,68,29,0,8,22,36,23,8,0,4,13,26,19,6,0,4,9,10,4,2
2019,4,R,전통시장,2130226,고척프라자,2,2,0,0,1,1,0,0,0,0,1,1,0,0,0,0,0,0,0,0,0
2019,4,R,전통시장,2130225,개봉중앙시장,147,59,88,0,15,21,39,44,28,0,3,4,19,22,11,0,12,17,20,22,17
2019,4,R,전통시장,2130224,개봉프라자(고척근린시장),5,4,1,0,0,0,1,2,2,0,0,0,1,1,2,0,0,0,0,1,0
2019,4,R,전통시장,2130223,고척근린시장,42,12,30,0,2,10,12,14,4,0,0,1,1,7,3,0,2,9,11,7,1
2019,4,R,전통시장,2130222,오류시장,132,21,111,0,10,26,46,43,7,0,5,1,4,5,6,0,5,25,42,38,1
2019,4,R,전통시장,2130221,"남부골목시장(남부화곡시장, 남부시장)",188,69,119,0,22,32,50,57,27,0,5,5,15,22,22,0,17,27,35,35,5
2019,4,R,전통시장,2130219,까치산시장,124,37,87,0,16,18,39,32,19,0,4,6,9,9,9,0,12,12,30,23,10
2019,4,R,전통시장,2130218,신월중앙시장,118,53,65,0,28,34,26,13,17,0,8,12,11,9,13,0,20,22,15,4,4
2019,4,R,전통시장,2130217,화곡본동시장,36,16,20,0,3,5,10,13,5,0,1,3,5,6,1,0,2,2,5,7,4
2019,4,R,전통시장,2130216,화곡중앙시장,75,32,43,0,4,11,21,22,17,0,2,2,9,8,11,0,2,9,12,14,6
2019,4,R,전통시장,2130215,대원종합시장,9,7,2,0,0,1,0,3,5,0,0,1,0,2,4,0,0,0,0,1,1
2019,4,R,전통시장,2130214,송화벽화시장(송화골목시장),119,44,75,2,23,18,25,33,18,0,6,7,9,13,9,2,17,11,16,20,9
2019,4,R,전통시장,2130213,방신전통시장,112,77,35,0,13,20,25,29,25,0,10,18,14,14,21,0,3,2,11,15,4
2019,4,R,전통시장,2130212,공항시장,8,6,2,0,1,0,3,2,2,0,1,0,3,0,2,0,0,0,0,2,0
2019,4,R,전통시장,2130211,신정2동 골목시장(오목교중앙시장),51,18,33,0,3,10,18,17,3,0,1,3,8,4,2,0,2,7,10,13,1
2019,4,R,전통시장,2130210,목2동시장,432,251,181,1,66,124,122,71,48,1,40,69,70,39,32,0,26,55,52,32,16
2019,4,R,전통시장,2130209,목사랑시장(목4동시장),111,61,50,0,7,15,23,42,24,0,2,13,10,20,16,0,5,2,13,22,8
2019,4,R,전통시장,2130208,목동깨비시장(목3동시장),148,67,81,0,13,20,55,37,23,0,7,6,18,19,17,0,6,14,37,18,6
2019,4,R,전통시장,2130207,신정1동 골목시장(신정제일시장),38,21,17,0,8,9,10,7,4,0,3,5,6,4,3,0,5,4,4,3,1
2019,4,R,전통시장,2130206,신정3동 골목시장,20,6,14,0,0,5,11,2,2,0,0,0,3,1,2,0,0,5,8,1,0
2019,4,R,전통시장,2130205,신곡종합시장(신월6동 골목시장),141,103,38,1,17,36,39,32,16,0,10,27,33,18,15,1,7,9,6,14,1
2019,4,R,전통시장,2130204,경창시장,100,50,50,0,5,12,27,27,29,0,2,5,12,16,15,0,3,7,15,11,14
2019,4,R,전통시장,2130203,서서울 골목형상점가,34,7,27,0,2,7,10,12,3,0,0,0,2,4,1,0,2,7,8,8,2
2019,4,R,전통시장,2130202,신영시장,40,13,27,0,3,4,13,16,4,0,2,0,3,6,2,0,1,4,10,10,2
2019,4,R,전통시장,2130201,월정로시장,27,17,10,0,2,8,10,7,0,0,0,7,6,4,0,0,2,1,4,3,0
2019,4,R,전통시장,2130200,"신월7동 골목시장(약수시장, 우성상가)",27,18,9,0,0,3,9,6,9,0,0,0,7,4,7,0,0,3,2,2,2
2019,4,R,전통시장,2130199,신월3동 골목시장,18,8,10,0,1,4,4,9,0,0,0,1,3,4,0,0,1,3,1,5,0
2019,4,R,전통시장,2130198,아현시장,203,45,158,1,51,84,52,10,5,0,8,5,26,4,2,1,43,79,26,6,3
2019,4,R,전통시장,2130197,마포시장,15,5,10,0,0,1,5,4,5,0,0,1,0,2,2,0,0,0,5,2,3
2019,4,R,전통시장,2130196,공덕시장,3948,2001,1947,52,1323,1296,891,287,99,28,467,646,599,181,80,24,856,650,292,106,19
2019,4,R,전통시장,2130195,도화동 상점가,1055,510,545,2,201,269,228,163,192,1,86,133,121,95,74,1,115,136,107,68,118
2019,4,R,전통시장,2130194,용강동 상점가,875,502,373,0,103,131,179,170,292,0,39,75,104,114,170,0,64,56,75,56,122
2019,4,R,전통시장,2130193,신수시장,34,19,15,0,4,7,12,5,6,0,1,5,5,4,4,0,3,2,7,1,2
2019,4,R,전통시장,2130192,동진시장,10,6,4,0,1,1,4,3,1,0,1,1,1,2,1,0,0,0,3,1,0
2019,4,R,전통시장,2130191,홍대 걷고싶은 거리,367,225,142,6,65,65,81,82,68,4,40,41,54,47,39,2,25,24,27,35,29
2019,4,R,전통시장,2130190,홍대소상공인상점가,150,77,73,1,55,35,30,18,11,0,18,22,18,10,9,1,37,13,12,8,2
2019,4,R,전통시장,2130189,서교시장,24,10,14,0,2,1,7,6,8,0,0,1,2,3,4,0,2,0,5,3,4
2019,4,R,전통시장,2130187,영진시장,29,14,15,0,4,5,11,7,2,0,2,2,6,2,2,0,2,3,5,5,0
2019,4,R,전통시장,2130186,망원시장,178,84,94,0,16,30,47,50,35,0,13,19,20,17,15,0,3,11,27,33,20
2019,4,R,전통시장,2130185,망원월드컵시장,190,123,67,1,26,69,53,25,16,1,14,43,35,16,14,0,12,26,18,9,2
2019,4,R,전통시장,2130184,마포농수산물시장,77,40,37,0,2,12,24,26,13,0,1,8,12,14,5,0,1,4,12,12,8
2019,4,R,전통시장,2130183,상암동상점가,816,607,209,1,89,204,283,187,52,0,49,150,227,143,38,1,40,54,56,44,14
2019,4,R,전통시장,2130182,영천시장,78,35,43,0,13,8,24,22,11,0,3,4,10,12,6,0,10,4,14,10,5
2019,4,R,전통시장,2130181,아현가구거리상점가,59,30,29,0,8,11,13,10,17,0,0,7,9,4,10,0,8,4,4,6,7
2019,4,R,전통시장,2130180,포방터시장,59,34,25,0,13,11,15,6,14,0,4,4,11,5,10,0,9,7,4,1,4
2019,4,R,전통시장,2130179,"이화여대 3,5,7길 상점가",147,65,82,3,34,15,41,31,23,1,12,3,14,17,18,2,22,12,27,14,5
2019,4,R,전통시장,2130178,이대 앞 스타트업 상점가,32,7,25,0,5,5,10,6,6,0,1,0,4,0,2,0,4,5,6,6,4
2019,4,R,전통시장,2130177,인왕시장(홍제골목형상점가),44,7,37,0,1,1,8,7,27,0,0,0,1,3,3,0,1,1,7,4,24
2019,4,R,전통시장,2130176,유진상가,38,23,15,0,20,16,1,1,0,0,9,13,1,0,0,0,11,3,0,1,0
2019,4,R,전통시장,2130175,신촌 상인회(신촌상점가),13,5,8,0,1,3,5,4,0,0,1,0,1,3,0,0,0,3,4,1,0
2019,4,R,전통시장,2130173,백련시장,5,3,2,0,0,1,0,2,2,0,0,1,0,0,2,0,0,0,0,2,0
2019,4,R,전통시장,2130172,모래내시장(서중시장),41,13,28,0,5,12,8,10,6,0,0,2,3,5,3,0,5,10,5,5,3
2019,4,R,전통시장,2130171,불광먹자골목 골목형상점가,155,54,101,0,18,31,24,37,45,0,4,9,11,16,14,0,14,22,13,21,31
2019,4,R,전통시장,2130170,제일시장,58,26,32,1,7,9,13,19,9,1,2,2,5,11,5,0,5,7,8,8,4
2019,4,R,전통시장,2130169,대조시장,67,31,36,0,5,11,21,23,7,0,1,3,11,11,5,0,4,8,10,12,2
2019,4,R,전통시장,2130168,연서시장,242,157,85,0,19,50,53,65,55,0,5,23,33,49,47,0,14,27,20,16,8
2019,4,R,전통시장,2130167,연신내상점가(연빛거리),636,239,397,1,144,143,157,120,71,1,31,52,57,53,45,0,113,91,100,67,26
2019,4,R,전통시장,2130166,응암시장(신응암시장),17,10,7,0,0,3,2,5,7,0,0,0,1,3,6,0,0,3,1,2,1
2019,4,R,전통시장,2130165,"대림골목시장(대림시장, 양지시장)",214,34,180,0,20,45,56,62,31,0,1,7,5,11,10,0,19,38,51,51,21
2019,4,R,전통시장,2130164,역촌중앙시장,9,3,6,0,0,1,2,2,4,0,0,0,1,1,1,0,0,1,1,1,3
2019,4,R,전통시장,2130163,응암오거리상점가,182,49,133,0,24,28,44,50,36,0,4,8,11,12,14,0,20,20,33,38,22
2019,4,R,전통시장,2130162,증산골목시장,7,3,4,0,0,2,2,1,2,0,0,0,0,1,2,0,0,2,2,0,0
2019,4,R,전통시장,2130161,증산종합시장,8,5,3,0,0,1,2,2,3,0,0,0,1,2,2,0,0,1,1,0,1
2019,4,R,전통시장,2130160,수일시장,7,2,5,0,0,2,1,2,2,0,0,0,0,1,1,0,0,2,1,1,1
2019,4,R,전통시장,2130159,공릉동 도깨비시장,101,47,54,0,12,22,24,26,17,0,4,8,9,15,11,0,8,14,15,11,6
2019,4,R,전통시장,2130157,상계중앙시장,74,40,34,0,14,19,14,17,10,0,8,15,7,7,3,0,6,4,7,10,7
2019,4,R,전통시장,2130155,시영B상가(중계 그린아파트 B 상가),12,8,4,0,1,5,3,3,0,0,0,5,2,1,0,0,1,0,1,2,0
2019,4,R,전통시장,2130153,창동역상점가,229,138,91,0,18,48,54,56,53,0,7,31,30,31,39,0,11,17,24,25,14
2019,4,R,전통시장,2130152,오!도봉거리 상점가,61,34,27,0,5,14,19,13,10,0,1,5,10,10,8,0,4,9,9,3,2
2019,4,R,전통시장,2130151,신도봉시장,5,5,0,0,1,0,2,2,0,0,1,0,2,2,0,0,0,0,0,0,0
2019,4,R,전통시장,2130150,창동골목시장,84,47,37,0,19,30,14,8,13,0,7,20,9,5,6,0,12,10,5,3,7
2019,4,R,전통시장,2130149,창동신창시장,104,40,64,0,2,21,32,29,20,0,0,7,14,8,11,0,2,14,18,21,9
2019,4,R,전통시장,2130148,방학동도깨비시장,60,33,27,0,6,9,16,18,11,0,4,3,8,14,4,0,2,6,8,4,7
2019,4,R,전통시장,2130147,쌍문역동측상점가,69,32,37,0,7,17,18,9,18,0,2,6,10,5,9,0,5,11,8,4,9
2019,4,R,전통시장,2130146,쌍문시장(쌍문역골목시장),263,124,139,0,29,33,54,80,67,0,10,12,28,32,42,0,19,21,26,48,25
2019,4,R,전통시장,2130145,쌍문역둘리상점가,244,202,42,0,39,44,77,62,22,0,28,35,65,56,18,0,11,9,12,6,4
2019,4,R,전통시장,2130144,백운시장,38,17,21,0,0,3,13,14,8,0,0,0,5,5,7,0,0,3,8,9,1
2019,4,R,전통시장,2130143,방천골목시장,65,36,29,0,11,7,19,24,4,0,6,5,9,13,3,0,5,2,10,11,1
2019,4,R,전통시장,2130142,강북북부시장,7,5,2,0,1,1,0,2,3,0,0,1,0,2,2,0,1,0,0,0,1
2019,4,R,전통시장,2130141,강북북부골목시장,43,20,23,0,16,4,11,6,6,0,3,2,6,6,3,0,13,2,5,0,3
2019,4,R,전통시장,2130140,숭인시장,62,27,35,0,9,13,10,15,15,0,0,4,1,9,13,0,9,9,9,6,2
2019,4,R,전통시장,2130139,강북종합전통시장(강북종합골목시장),166,114,52,0,16,45,61,28,16,0,11,33,42,19,9,0,5,12,19,9,7
2019,4,R,전통시장,2130138,수유프라자,142,24,118,1,31,24,16,42,28,0,1,4,5,4,10,1,30,20,11,38,18
2019,4,R,전통시장,2130137,"수유전통시장(수유시장, 수유골목시장)",89,31,58,0,5,10,19,26,29,0,0,3,8,8,12,0,5,7,11,18,17
2019,4,R,전통시장,2130136,수유재래시장,29,11,18,0,6,5,7,5,6,0,2,1,0,2,6,0,4,4,7,3,0
2019,4,R,전통시장,2130135,수유중앙골목시장(수유중앙시장),24,12,12,0,0,3,4,5,12,0,0,2,2,0,8,0,0,1,2,5,4
2019,4,R,전통시장,2130134,"솔샘시장(미아6,7동골목시장)",73,30,43,1,7,19,25,18,3,0,3,4,12,8,3,1,4,15,13,10,0
2019,4,R,전통시장,2130133,우이골목시장(우이시장),69,61,8,0,7,7,19,20,16,0,6,6,17,17,15,0,1,1,2,3,1
2019,4,R,전통시장,2130132,삼양골목시장(삼양시장),57,19,38,0,10,13,12,14,8,0,0,4,5,5,5,0,10,9,7,9,3
2019,4,R,전통시장,2130131,동북프라자,121,49,72,0,9,23,37,29,23,0,4,8,17,9,11,0,5,15,20,20,12
2019,4,R,전통시장,2130130,수유북부골목시장,20,14,6,0,1,1,7,5,6,0,0,0,6,3,5,0,1,1,1,2,1
2019,4,R,전통시장,2130129,장미원골목시장,911,571,340,0,15,14,38,89,755,0,1,4,12,40,514,0,14,10,26,49,241
2019,4,R,전통시장,2130128,돌곶이시장(석관황금시장),191,157,34,0,30,36,41,72,12,0,28,26,29,62,12,0,2,10,12,10,0
2019,4,R,전통시장,2130126,새석관시장,3,1,2,0,0,0,1,2,0,0,0,0,0,1,0,0,0,0,1,1,0
2019,4,R,전통시장,2130125,장위전통시장,40,20,20,0,5,6,7,8,14,0,0,2,5,5,8,0,5,4,2,3,6
2019,4,R,전통시장,2130123,꿈의숲 장곡 골목형상점가,6,5,1,0,1,0,1,4,0,0,1,0,1,3,0,0,0,0,0,1,0
2019,4,R,전통시장,2130122,밤나무골시장,17,5,12,0,2,4,6,4,1,0,1,1,2,1,0,0,1,3,4,3,1
2019,4,R,전통시장,2130121,길음시장,91,19,72,0,36,24,10,8,13,0,2,5,3,2,7,0,34,19,7,6,6
2019,4,R,전통시장,2130120,돈암시장(돈암제일시장),99,23,76,1,20,20,25,18,15,0,0,2,7,8,6,1,20,18,18,10,9
2019,4,R,전통시장,2130119,정릉아리랑시장,15,4,11,0,0,4,5,5,1,0,0,0,0,3,1,0,0,4,5,2,0
2019,4,R,전통시장,2130118,정릉골 골목형상점가,67,30,37,0,11,13,11,19,13,0,0,2,6,12,10,0,11,11,5,7,3
2019,4,R,전통시장,2130117,정릉시장,119,62,57,0,4,15,34,41,25,0,2,8,20,18,14,0,2,7,14,23,11
2019,4,R,전통시장,2130116,동성타워프라자,31,22,9,0,2,9,7,8,5,0,2,4,4,7,5,0,0,5,3,1,0
2019,4,R,전통시장,2130115,우림골목시장,307,106,201,2,80,61,68,64,32,0,29,11,30,20,16,2,51,50,38,44,16
2019,4,R,전통시장,2130114,유영시장,31,20,11,0,9,5,3,8,6,0,7,2,2,5,4,0,2,3,1,3,2
2019,4,R,전통시장,2130113,신아타운,148,27,121,1,31,31,28,39,18,1,4,9,3,4,6,0,27,22,25,35,12
2019,4,R,전통시장,2130112,사가정시장,86,28,58,0,13,17,24,19,13,0,0,3,6,8,11,0,13,14,18,11,2
2019,4,R,전통시장,2130111,"동원전통종합시장(동원시장, 동원전통시장 상점가)",224,109,115,0,24,37,49,82,32,0,11,17,21,38,22,0,13,20,28,44,10
2019,4,R,전통시장,2130110,면목골목시장(면목시장),103,59,44,0,1,8,32,38,24,0,1,5,19,18,16,0,0,3,13,20,8
2019,4,R,전통시장,2130109,묵1동도깨비시장,47,33,14,0,2,9,16,9,11,0,1,5,13,5,9,0,1,4,3,4,2
2019,4,R,전통시장,2130108,태능엔터피아(태릉시장),3,1,2,0,0,0,1,2,0,0,0,0,0,1,0,0,0,0,1,1,0
2019,4,R,전통시장,2130107,중랑동부시장(중랑교종합상가),13,3,10,0,0,1,4,5,3,0,0,0,0,1,2,0,0,1,4,4,1
2019,4,R,전통시장,2130106,중랑동부시장,166,56,110,1,20,40,34,39,32,0,1,8,7,21,19,1,19,32,27,18,13
2019,4,R,전통시장,2130105,장미제일시장(중화동제일시장),63,27,36,0,8,14,22,11,8,0,3,6,14,3,1,0,5,8,8,8,7
2019,4,R,전통시장,2130104,전곡시장,93,54,39,0,8,17,28,26,14,0,5,8,16,13,12,0,3,9,12,13,2
2019,4,R,전통시장,2130103,이경시장,16,8,8,0,0,1,2,2,11,0,0,1,1,1,5,0,0,0,1,1,6
2019,4,R,전통시장,2130101,답십리현대시장,8,5,3,0,0,1,3,2,2,0,0,1,1,2,1,0,0,0,2,0,1
2019,4,R,전통시장,2130100,답십리시장,93,40,53,2,19,25,23,11,13,2,4,9,11,6,8,0,15,16,12,5,5
2019,4,R,전통시장,2130099,전농로터리시장,7,3,4,0,1,0,2,3,1,0,0,0,1,1,1,0,1,0,1,2,0
2019,4,R,전통시장,2130098,회기시장,55,17,38,0,9,14,15,12,5,0,2,3,4,6,2,0,7,11,11,6,3
2019,4,R,전통시장,2130097,답십리 건축자재시장,315,202,113,1,17,46,46,44,161,0,8,37,25,23,109,1,9,9,21,21,52
2019,4,R,전통시장,2130096,동부시장,14,9,5,0,0,0,1,1,12,0,0,0,0,0,9,0,0,0,1,1,3
2019,4,R,전통시장,2130095,청량리전통시장,95,38,57,0,6,16,18,33,22,0,4,6,9,10,9,0,2,10,9,23,13
2019,4,R,전통시장,2130094,청량리청과물시장,54,24,30,0,7,13,17,7,10,0,0,4,10,2,8,0,7,9,7,5,2
2019,4,R,전통시장,2130093,동서시장,5,3,2,0,0,0,1,2,2,0,0,0,1,0,2,0,0,0,0,2,0
2019,4,R,전통시장,2130092,청량리농수산물시장,12,9,3,0,0,1,3,5,3,0,0,0,3,3,3,0,0,1,0,2,0
2019,4,R,전통시장,2130091,청량종합도매시장,36,27,9,0,1,3,11,14,7,0,0,3,8,10,6,0,1,0,3,4,1
2019,4,R,전통시장,2130090,청량리종합시장,19,13,6,0,1,4,3,5,6,0,1,2,3,3,4,0,0,2,0,2,2
2019,4,R,전통시장,2130089,청량리수산시장,42,33,9,0,4,7,16,6,9,0,3,7,12,4,7,0,1,0,4,2,2
2019,4,R,전통시장,2130088,경동시장,126,57,69,0,18,32,24,17,35,0,3,11,11,10,22,0,15,21,13,7,13
2019,4,R,전통시장,2130087,경동광성상가(경동시장),28,20,8,0,5,3,8,7,5,0,3,2,6,5,4,0,2,1,2,2,1
2019,4,R,전통시장,2130086,서울약령시장,1184,651,533,4,113,208,305,341,213,0,56,128,165,181,121,4,57,80,140,160,92
2019,4,R,전통시장,2130085,용두시장,4,2,2,0,0,0,1,2,1,0,0,0,0,1,1,0,0,0,1,1,0
2019,4,R,전통시장,2130084,신성시장(신성골목시장),21,6,15,0,3,5,8,4,1,0,0,1,2,2,1,0,3,4,6,2,0
2019,4,R,전통시장,2130083,"중곡제일시장(중곡제일골목시장, 광성시장)",111,68,43,0,15,21,29,24,22,0,7,14,20,10,17,0,8,7,9,14,5
2019,4,R,전통시장,2130082,면곡골목시장,20,11,9,0,4,0,1,9,6,0,4,0,0,3,4,0,0,0,1,6,2
2019,4,R,전통시장,2130081,자양골목전통시장(자양골목시장),54,36,18,0,7,17,14,9,7,0,5,12,9,6,4,0,2,5,5,3,3
2019,4,R,전통시장,2130080,자양종합시장(기능상실),14,10,4,0,0,1,6,6,1,0,0,1,4,4,1,0,0,0,2,2,0
2019,4,R,전통시장,2130079,한아름시장,40,29,11,0,5,6,6,10,13,0,4,4,5,6,10,0,1,2,1,4,3
2019,4,R,전통시장,2130078,화양제일골목시장,65,23,42,0,6,17,20,18,4,0,1,7,8,6,1,0,5,10,12,12,3
2019,4,R,전통시장,2130077,조양시장,31,19,12,0,11,7,8,5,0,0,6,5,4,4,0,0,5,2,4,1,0
2019,4,R,전통시장,2130076,능동로골목시장,88,67,21,0,2,11,14,16,45,0,1,4,13,10,39,0,1,7,1,6,6
2019,4,R,전통시장,2130075,노룬산시장(노룬산골목시장),23,13,10,0,4,5,10,2,2,0,3,3,6,0,1,0,1,2,4,2,1
2019,4,R,전통시장,2130074,영동교골목시장,21,15,6,0,6,9,2,3,1,0,3,9,0,2,1,0,3,0,2,1,0
2019,4,R,전통시장,2130073,뚝도시장,45,17,28,1,3,10,9,11,11,0,0,2,4,5,6,1,3,8,5,6,5
2019,4,R,전통시장,2130072,성동용답상가시장,132,71,61,0,21,19,35,39,18,0,9,9,16,26,11,0,12,10,19,13,7
2019,4,R,전통시장,2130071,성수역 골목형상점가,335,180,155,1,61,89,70,43,71,0,27,43,43,29,38,1,34,46,27,14,33
2019,4,R,전통시장,2130070,뚝섬역상점가,1016,697,319,6,178,259,217,222,134,4,105,179,143,157,109,2,73,80,74,65,25
2019,4,R,전통시장,2130069,"한양대앞상점가(한양시장, 왕십리맛골목)",32,19,13,0,6,6,4,8,8,0,4,4,0,5,6,0,2,2,4,3,2
2019,4,R,전통시장,2130068,마장축산물시장,975,630,345,1,102,202,250,248,172,1,68,127,155,165,114,0,34,75,95,83,58
2019,4,R,전통시장,2130067,왕십리도선동상점가,1670,335,1335,3,166,202,291,591,417,1,78,98,69,49,40,2,88,104,222,542,377
2019,4,R,전통시장,2130066,행당시장상점가,397,182,215,0,49,86,115,100,47,0,17,38,54,45,28,0,32,48,61,55,19
2019,4,R,전통시장,2130065,무학봉상점가,144,67,77,0,22,29,34,37,22,0,4,10,14,22,17,0,18,19,20,15,5
2019,4,R,전통시장,2130064,금남시장,36,13,23,0,6,7,8,4,11,0,1,0,5,2,5,0,5,7,3,2,6
2019,4,R,전통시장,2130063,신금호역 골목형상점가,30,21,9,0,2,4,5,9,10,0,1,3,4,7,6,0,1,1,1,2,4
2019,4,R,전통시장,2130062,보광시장,31,12,19,0,0,6,10,13,2,0,0,3,4,4,1,0,0,3,6,9,1
2019,4,R,전통시장,2130061,이태원시장,32,20,12,0,18,3,4,6,1,0,12,1,3,3,1,0,6,2,1,3,0
2019,4,R,전통시장,2130060,신흥시장,4,1,3,0,0,2,0,2,0,0,0,1,0,0,0,0,0,1,0,2,0
2019,4,R,전통시장,2130059,후암시장,64,40,24,0,6,12,16,11,19,0,4,5,10,7,14,0,2,7,6,4,5
2019,4,R,전통시장,2130058,이촌종합시장,109,78,31,0,13,19,25,26,26,0,7,12,15,21,23,0,6,7,10,5,3
2019,4,R,전통시장,2130057,만리시장,12,9,3,0,0,2,1,4,5,0,0,1,1,3,4,0,0,1,0,1,1
2019,4,R,전통시장,2130056,용산용문시장,65,34,31,0,7,15,18,10,15,0,4,6,7,6,11,0,3,9,11,4,4
2019,4,R,전통시장,2130055,"황학시장(서울중앙시장, 신중앙시장)",203,117,86,0,24,49,47,52,31,0,12,25,24,32,24,0,12,24,23,20,7
2019,4,R,전통시장,2130054,황학동주방가구거리상점가,374,266,108,0,25,80,116,106,47,0,18,60,77,74,37,0,7,20,39,32,10
2019,4,R,전통시장,2130053,백학시장,160,69,91,0,22,24,46,37,31,0,8,8,20,15,18,0,14,16,26,22,13
2019,4,R,전통시장,2130052,서울중앙시장(신중앙시장),479,342,137,0,106,156,101,61,55,0,80,110,57,45,50,0,26,46,44,16,5
2019,4,R,전통시장,2130051,동화동 골목형상점가,391,156,235,1,82,94,98,66,50,1,18,25,43,36,33,0,64,69,55,30,17
2019,4,R,전통시장,2130050,청평화시장,120,50,70,1,18,26,31,29,15,1,9,13,5,15,7,0,9,13,26,14,8
2019,4,R,전통시장,2130049,신당 미래유산 먹거리 골목형상점가,42,19,23,0,3,5,9,13,12,0,1,3,0,7,8,0,2,2,9,6,4
2019,4,R,전통시장,2130048,동평화시장,18,9,9,0,7,8,0,3,0,0,3,4,0,2,0,0,4,4,0,1,0
2019,4,R,전통시장,2130047,테크노상가(엘리시움),160,112,48,0,10,26,34,61,29,0,5,20,21,42,24,0,5,6,13,19,5
2019,4,R,전통시장,2130046,team204(팀204),20,13,7,0,1,3,4,2,10,0,0,2,3,1,7,0,1,1,1,1,3
2019,4,R,전통시장,2130045,광희패션몰,49,29,20,0,1,5,11,17,15,0,0,2,7,11,9,0,1,3,4,6,6
2019,4,R,전통시장,2130044,에리어식스(벨포스트),10,2,8,1,0,2,3,3,1,1,0,1,0,0,0,0,0,1,3,3,1
2019,4,R,전통시장,2130043,제일평화시장,43,27,16,0,6,14,13,8,2,0,1,9,9,6,2,0,5,5,4,2,0
2019,4,R,전통시장,2130042,약수시장,158,67,91,2,36,30,40,21,29,2,9,9,19,8,20,0,27,21,21,13,9
2019,4,R,전통시장,2130041,신평화패션타운(청계6가 지하도상가),28,21,7,0,1,5,9,8,5,0,0,4,9,5,3,0,1,1,0,3,2
2019,4,R,전통시장,2130040,남평화시장,5,3,2,0,0,4,0,0,1,0,0,2,0,0,1,0,0,2,0,0,0
2019,4,R,전통시장,2130039,청계6가 지하도상가,36,26,10,0,1,1,7,6,21,0,1,1,5,5,14,0,0,0,2,1,7
2019,4,R,전통시장,2130038,"평화시장(통일상가, 동화상가)",930,630,300,3,110,293,273,172,79,0,61,165,211,134,59,3,49,128,62,38,20
2019,4,R,전통시장,2130036,중부시장(신중부시장),3089,921,2168,8,1868,593,250,198,172,3,316,189,171,120,122,5,1552,404,79,78,50
2019,4,R,전통시장,2130035,방산종합시장(방산시장),1190,736,454,1,96,200,284,312,297,0,56,117,154,191,218,1,40,83,130,121,79
2019,4,R,전통시장,2130034,필동 골목형상점가,14,7,7,0,2,4,5,2,1,0,1,2,2,2,0,0,1,2,3,0,1
2019,4,R,전통시장,2130033,대림상가(청계상가),169,121,48,0,7,29,54,39,40,0,3,19,35,30,34,0,4,10,19,9,6
2019,4,R,전통시장,2130032,인현시장,167,123,44,0,3,25,47,54,38,0,3,16,35,40,29,0,0,9,12,14,9
2019,4,R,전통시장,2130031,청계천공구상가,921,698,223,2,101,281,234,159,144,1,64,230,181,104,118,1,37,51,53,55,26
2019,4,R,전통시장,2130028,을지입구지하상가(을지로지하보도쇼핑센터),2,2,0,0,0,0,1,1,0,0,0,0,1,1,0,0,0,0,0,0,0
2019,4,R,전통시장,2130025,삼익패션타운(남대문시장),5494,2675,2819,69,1760,1561,1124,794,186,31,674,837,763,292,78,38,1086,724,361,502,108
2019,4,R,전통시장,2130024,남대문시장(자유상가),732,426,306,2,54,129,172,177,198,1,15,75,95,108,132,1,39,54,77,69,66
2019,4,R,전통시장,2130022,숭례문수입상가(남대문시장),1907,850,1057,0,330,855,598,113,11,0,55,378,338,70,9,0,275,477,260,43,2
2019,4,R,전통시장,2130021,신설종합시장,50,37,13,1,1,10,12,13,13,0,0,9,10,10,8,1,1,1,2,3,5
2019,4,R,전통시장,2130020,동묘시장(동묘벼룩시장),407,177,230,5,154,93,73,58,24,5,43,31,45,32,21,0,111,62,28,26,3
2019,4,R,전통시장,2130019,동대문상가D동,28,21,7,0,6,5,5,4,8,0,4,2,4,4,7,0,2,3,1,0,1
2019,4,R,전통시장,2130018,동대문문구완구거리(동대문문구완구시장),215,124,91,0,27,45,50,52,41,0,12,24,33,31,24,0,15,21,17,21,17
2019,4,R,전통시장,2130017,동대문상가C동,12,9,3,0,1,4,4,2,1,0,1,4,3,0,1,0,0,0,1,2,0
2019,4,R,전통시장,2130016,동대문상가B동,2,1,1,0,0,1,1,0,0,0,0,0,1,0,0,0,0,1,0,0,0
2019,4,R,전통시장,2130015,창신골목시장,22,12,10,0,0,2,8,9,3,0,0,2,6,2,2,0,0,0,2,7,1
2019,4,R,전통시장,2130014,동문시장,3,1,2,0,0,2,0,0,1,0,0,0,0,0,1,0,0,2,0,0,0
2019,4,R,전통시장,2130012,"동대문종합시장(동대문종합시장 신관, 동대문종합시장D동상가)",1319,965,354,2,156,325,348,339,149,0,116,251,238,247,113,2,40,74,110,92,36
2019,4,R,전통시장,2130011,충신시장,88,44,44,0,19,19,20,17,13,0,7,11,8,8,10,0,12,8,12,9,3
2019,4,R,전통시장,2130010,종로신진시장,200,113,87,0,20,29,55,48,48,0,14,17,24,26,32,0,6,12,31,22,16
2019,4,R,전통시장,2130009,마전교지하쇼핑센터(구 한일상가),24,16,8,0,0,2,3,7,12,0,0,2,2,4,8,0,0,0,1,3,4
2019,4,R,전통시장,2130007,광장시장(광장전통시장),466,310,156,0,39,77,97,129,124,0,22,41,73,77,97,0,17,36,24,52,27
2019,4,R,전통시장,2130005,세운상가가동,137,96,41,0,7,34,35,22,39,0,5,23,28,8,32,0,2,11,7,14,7
2019,4,R,전통시장,2130004,낙원시장(낙원지하시장(대일상가)),364,258,106,0,29,70,99,78,88,0,14,51,68,57,68,0,15,19,31,21,20
2019,4,R,전통시장,2130002,세종마을음식문화거리(금천교시장),564,392,172,4,56,109,120,121,154,0,26,74,75,90,127,4,30,35,45,31,27
2019,4,R,전통시장,2130001,통인시장,59,29,30,0,4,14,11,12,18,0,2,4,6,6,11,0,2,10,5,6,7
2019,4,D,발달상권,2120249,고덕역,1359,916,443,3,172,305,337,317,225,1,75,198,249,221,172,2,97,107,88,96,53
2019,4,D,발달상권,2120248,명일역,860,332,528,4,114,141,223,204,174,2,41,59,84,69,77,2,73,82,139,135,97
2019,4,D,발달상권,2120247,굽은다리역,565,307,258,4,91,118,142,102,108,1,37,76,71,55,67,3,54,42,71,47,41
2019,4,D,발달상권,2120246,길동역,3399,1536,1863,14,384,560,835,905,701,8,169,317,417,296,329,6,215,243,418,609,372
2019,4,D,발달상권,2120245,둔촌역,1884,1135,749,7,312,460,446,371,288,6,169,309,271,195,185,1,143,151,175,176,103
2019,4,D,발달상권,2120244,암사역,916,401,515,0,70,85,103,111,547,0,14,44,49,42,252,0,56,41,54,69,295
2019,4,D,발달상권,2120243,천호역,1353,629,724,6,186,250,315,291,305,2,63,108,142,123,191,4,123,142,173,168,114
2019,4,D,발달상권,2120242,강동구청역,4528,2937,1591,33,536,1064,1055,893,947,13,287,678,695,560,704,20,249,386,360,333,243
2019,4,D,발달상권,2120241,거여역,1197,650,547,5,110,221,296,277,288,2,80,152,161,83,172,3,30,69,135,194,116
2019,4,D,발달상권,2120240,개롱역,1609,1102,507,7,212,314,404,431,241,5,125,230,269,295,178,2,87,84,135,136,63
2019,4,D,발달상권,2120239,오금역,4700,3006,1694,17,851,1243,1186,911,492,11,456,826,848,495,370,6,395,417,338,416,122
2019,4,D,발달상권,2120238,방이역,412,251,161,4,47,97,113,76,75,3,22,45,60,57,64,1,25,52,53,19,11
2019,4,D,발달상권,2120237,경찰병원역,8608,5226,3382,58,1222,1655,1718,1449,2506,24,537,1057,1126,725,1757,34,685,598,592,724,749
2019,4,D,발달상권,2120236,장지역(가든파이브),4622,3221,1401,15,678,1056,1076,989,808,10,373,711,778,710,639,5,305,345,298,279,169
2019,4,D,발달상권,2120235,문정역,907,621,286,1,116,196,202,236,156,0,69,151,148,144,109,1,47,45,54,92,47
2019,4,D,발달상권,2120234,가락시장역,10268,6224,4044,11,1350,2490,2149,1678,2590,3,586,1468,1439,927,1801,8,764,1022,710,751,789
2019,4,D,발달상권,2120233,몽촌토성역,10357,5705,4652,28,1787,2711,2252,2152,1427,22,1123,1846,1193,782,739,6,664,865,1059,1370,688
2019,4,D,발달상권,2120232,송파나루역,1269,856,413,0,212,350,295,218,194,0,91,220,204,165,176,0,121,130,91,53,18
2019,4,D,발달상권,2120231,가락시장,5698,4083,1615,0,368,1051,1564,1654,1061,0,264,836,1185,1098,700,0,104,215,379,556,361
2019,4,D,발달상권,2120230,송파사거리(송파역),876,470,406,4,96,176,202,193,205,1,38,99,115,92,125,3,58,77,87,101,80
2019,4,D,발달상권,2120229,방이동먹자골목,7319,4732,2587,12,1062,2182,1915,1302,846,5,588,1347,1338,913,541,7,474,835,577,389,305
2019,4,D,발달상권,2120228,석촌역(석촌호수),4494,2725,1769,7,707,1306,1038,695,741,1,288,851,680,410,495,6,419,455,358,285,246
2019,4,D,발달상권,2120227,잠실역,45438,24212,21226,163,8139,11821,12755,11278,1282,51,3785,7433,7435,4548,960,112,4354,4388,5320,6730,322
2019,4,D,발달상권,2120226,석촌고분역,2408,1777,631,8,277,341,447,352,983,7,130,207,264,234,935,1,147,134,183,118,48
2019,4,D,발달상권,2120225,잠실새내역(신천),5750,3738,2012,25,929,1190,1248,1210,1148,3,467,728,831,853,856,22,462,462,417,357,292
2019,4,D,발달상권,2120224,수서역,12418,6339,6079,23,1900,3177,3167,2346,1805,12,860,1669,1497,1232,1069,11,1040,1508,1670,1114,736
2019,4,D,발달상권,2120223,휘문고교사거리,9166,5574,3592,20,1785,2926,2736,1401,298,4,1102,2061,1597,609,201,16,683,865,1139,792,97
2019,4,D,발달상권,2120222,삼성역,43324,24141,19183,244,8091,13641,10294,6385,4669,119,3186,7703,6883,3711,2539,125,4905,5938,3411,2674,2130
2019,4,D,발달상권,2120221,봉은사역,19513,12605,6908,22,4375,5782,3654,2813,2867,8,2402,4217,2849,1721,1408,14,1973,1565,805,1092,1459
2019,4,D,발달상권,2120220,대치역,5578,3302,2276,26,1841,2261,972,319,159,2,769,1465,717,225,124,24,1072,796,255,94,35
2019,4,D,발달상권,2120219,은마아파트,17161,5791,11370,202,3396,3816,3174,4058,2515,83,1254,1870,1373,817,394,119,2142,1946,1801,3241,2121
2019,4,D,발달상권,2120218,코엑스,290,54,236,0,116,103,58,13,0,0,13,16,16,9,0,0,103,87,42,4,0
2019,4,D,발달상권,2120217,대치사거리,2779,1478,1301,11,552,771,700,452,293,10,220,379,381,264,224,1,332,392,319,188,69
2019,4,D,발달상권,2120216,경기고교사거리(경기고교앞사거리),4934,3621,1313,8,712,1628,1666,772,148,5,291,1070,1431,703,121,3,421,558,235,69,27
2019,4,D,발달상권,2120215,포스코사거리,61656,40699,20957,170,9756,22505,18176,8404,2645,29,4305,14324,13853,6406,1782,141,5451,8181,4323,1998,863
2019,4,D,발달상권,2120214,영동대교남단교차로,3990,2902,1088,7,489,1173,1108,931,282,3,271,811,866,755,196,4,218,362,242,176,86
2019,4,D,발달상권,2120213,삼성중앙역,8472,5131,3341,50,1855,2469,1898,1065,1135,12,828,1511,1297,712,771,38,1027,958,601,353,364
2019,4,D,발달상권,2120212,한티역,713,378,335,1,115,178,190,137,92,1,36,85,116,78,62,0,79,93,74,59,30
2019,4,D,발달상권,2120211,도성초등학교,984,516,468,7,180,282,189,161,165,3,68,120,112,117,96,4,112,162,77,44,69
2019,4,D,발달상권,2120210,선릉역,48780,26797,21983,117,11358,13636,11065,7952,4652,54,5356,8026,6479,4158,2724,63,6002,5610,4586,3794,1928
2019,4,D,발달상권,2120209,"강남구청(청담역_8번, 강남세무서)",8984,2608,6376,34,2050,2683,2467,1170,580,9,538,752,537,393,379,25,1512,1931,1930,777,201
2019,4,D,발달상권,2120208,청담사거리(청담동명품거리),10577,4635,5942,38,3354,3776,2024,878,507,13,1031,1619,1113,501,358,25,2323,2157,911,377,149
2019,4,D,발달상권,2120207,선정릉역,12151,7422,4729,32,2685,4209,2741,1595,889,16,1111,2464,1939,1147,745,16,1574,1745,802,448,144
2019,4,D,발달상권,2120206,개나리아파트,5280,3376,1904,87,1661,1418,1095,666,353,27,868,957,784,463,277,60,793,461,311,203,76
2019,4,D,발달상권,2120205,매봉역,13950,9370,4580,95,2838,4203,3126,1781,1907,44,1450,2959,2521,1302,1094,51,1388,1244,605,479,813
2019,4,D,발달상권,2120204,르네상스호텔사거리,41471,20644,20827,102,8167,11056,10671,10081,1394,54,5016,7567,4988,2062,957,48,3151,3489,5683,8019,437
2019,4,D,발달상권,2120203,강남구청역,7726,4602,3124,27,1589,2070,1890,1381,769,8,650,1218,1293,882,551,19,939,852,597,499,218
2019,4,D,발달상권,2120202,압구정로데오역(압구정로데오),11735,6075,5660,41,2963,4419,2469,1425,418,11,793,2184,1593,1195,299,30,2170,2235,876,230,119
2019,4,D,발달상권,2120201,도곡1동,11559,6387,5172,116,3565,3472,2482,1299,625,31,1365,2021,1730,754,486,85,2200,1451,752,545,139
2019,4,D,발달상권,2120200,학동사거리,9363,3808,5555,26,2868,3075,1848,1005,541,9,654,1122,937,687,399,17,2214,1953,911,318,142
2019,4,D,발달상권,2120199,경복아파트교차로,3830,2283,1547,10,796,1196,781,572,475,4,317,721,498,390,353,6,479,475,283,182,122
2019,4,D,발달상권,2120198,구역삼세무서,11531,7246,4285,23,2691,3529,2889,1562,837,12,1141,2216,2115,1139,623,11,1550,1313,774,423,214
2019,4,D,발달상권,2120197,역삼역,58694,38567,20127,93,10088,18053,15887,10835,3738,43,5227,11916,11864,7079,2438,50,4861,6137,4023,3756,1300
2019,4,D,발달상권,2120196,서울세관,9687,5900,3787,15,1708,2897,2579,1614,874,2,604,1527,1719,1323,725,13,1104,1370,860,291,149
2019,4,D,발달상권,2120195,성수대교남단,5611,2685,2926,39,1393,2394,1102,426,257,15,487,1194,634,208,147,24,906,1200,468,218,110
2019,4,D,발달상권,2120194,언주역(차병원),12628,8724,3904,37,2790,4202,2802,1923,874,14,1366,2863,2239,1588,654,23,1424,1339,563,335,220
2019,4,D,발달상권,2120193,도산공원교차로,6384,3798,2586,15,1278,1918,1493,983,697,6,466,1071,1021,696,538,9,812,847,472,287,159
2019,4,D,발달상권,2120192,뱅뱅사거리,27462,18935,8527,73,5758,8273,6703,4372,2283,38,3280,5616,5106,3189,1706,35,2478,2657,1597,1183,577
2019,4,D,발달상권,2120191,학동역,13862,8102,5760,40,2889,3759,2967,1864,2343,17,1120,2144,2011,1130,1680,23,1769,1615,956,734,663
2019,4,D,발달상권,2120190,강남을지병원,11703,6183,5520,44,3417,3226,2498,1508,1010,14,1228,1648,1560,985,748,30,2189,1578,938,523,262
2019,4,D,발달상권,2120189,강남역,72613,38819,33794,234,17636,24305,18411,9151,2876,59,6629,13226,10962,5914,2029,175,11007,11079,7449,3237,847
2019,4,D,발달상권,2120188,압구정역,8579,3750,4829,134,2204,2146,1550,1314,1231,47,698,969,897,556,583,87,1506,1177,653,758,648
2019,4,D,발달상권,2120187,신논현역,13076,7778,5298,64,3624,3962,2984,1673,769,27,1516,2302,2121,1247,565,37,2108,1660,863,426,204
2019,4,D,발달상권,2120186,가로수길,6518,3580,2938,19,1316,2133,1570,895,585,5,447,1174,950,573,431,14,869,959,620,322,154
2019,4,D,발달상권,2120185,논현역,12764,7403,5361,29,2731,4125,3228,1879,772,10,1040,2435,2232,1195,491,19,1691,1690,996,684,281
2019,4,D,발달상권,2120184,포이사거리(삼호물산),10139,7003,3136,20,1553,3044,2666,1705,1151,10,846,2068,2010,1212,857,10,707,976,656,493,294
2019,4,D,발달상권,2120183,양재천카페거리,3558,2626,932,12,586,972,848,551,589,10,364,717,638,413,484,2,222,255,210,138,105
2019,4,D,발달상권,2120182,"양재시민의숲역(양재동꽃시장, aT센터)",6144,4255,1889,33,1041,1652,1482,1259,677,14,539,1144,1089,924,545,19,502,508,393,335,132
2019,4,D,발달상권,2120181,교육개발원입구사거리,7278,4440,2838,316,2978,1563,1247,730,444,145,1506,983,939,536,331,171,1472,580,308,194,113
2019,4,D,발달상권,2120180,양재화물트럭터미널앞,2562,2146,416,13,637,812,554,409,137,10,466,711,481,363,115,3,171,101,73,46,22
2019,4,D,발달상권,2120179,양재역,21445,16961,4484,59,3105,7307,5206,3969,1799,34,2177,6101,4309,3030,1310,25,928,1206,897,939,489
2019,4,D,발달상권,2120178,신사역,10933,5953,4980,34,2539,2847,2355,1810,1348,13,871,1570,1480,999,1020,21,1668,1277,875,811,328
2019,4,D,발달상권,2120177,신논현역 1번,694,436,258,1,84,187,202,143,77,0,34,111,130,106,55,1,50,76,72,37,22
2019,4,D,발달상권,2120176,논현역 4번,893,566,327,1,130,216,195,168,183,1,67,126,129,106,137,0,63,90,66,62,46
2019,4,D,발달상권,2120175,남부터미널역,8239,5313,2926,32,1702,2478,1995,1290,742,6,856,1691,1361,852,547,26,846,787,634,438,195
2019,4,D,발달상권,2120174,논현역 5번,682,380,302,6,108,196,155,95,122,4,39,108,90,59,80,2,69,88,65,36,42
2019,4,D,발달상권,2120173,교대역(법원.검찰청),18197,10449,7748,74,3267,5392,4725,3068,1671,29,1418,3003,2843,1896,1260,45,1849,2389,1882,1172,411
2019,4,D,발달상권,2120172,교대입구교차로,10241,5712,4529,53,2062,2700,2445,1945,1036,33,854,1635,1489,1004,697,20,1208,1065,956,941,339
2019,4,D,발달상권,2120171,서초3동사거리,11750,6206,5544,15,1990,3845,2551,1862,1487,6,827,1746,1496,1064,1067,9,1163,2099,1055,798,420
2019,4,D,발달상권,2120170,삼호가든사거리,2026,1161,865,8,279,587,623,346,183,7,113,333,412,168,128,1,166,254,211,178,55
2019,4,D,발달상권,2120169,서초역,15771,7185,8586,70,3824,4195,3945,2657,1080,30,1313,1990,1801,1235,816,40,2511,2205,2144,1422,264
2019,4,D,발달상권,2120168,서울고교교차로,569,378,191,1,58,166,147,103,94,0,28,98,107,78,67,1,30,68,40,25,27
2019,4,D,발달상권,2120167,고속터미널(고속터미널역),5078,2994,2084,6,600,1311,1087,924,1150,5,318,915,786,488,482,1,282,396,301,436,668
2019,4,D,발달상권,2120166,방배역,5467,3282,2185,90,1234,1594,1033,699,817,26,523,920,713,451,649,64,711,674,320,248,168
2019,4,D,발달상권,2120165,서래마을카페거리(서래마을),3467,2266,1201,11,605,1119,949,516,267,3,277,716,707,369,194,8,328,403,242,147,73
2019,4,D,발달상권,2120164,내방역,8574,5973,2601,56,1923,2821,1862,1128,784,48,1160,1998,1383,799,585,8,763,823,479,329,199
2019,4,D,발달상권,2120163,사당역 11번(사당역먹자골목),491,290,201,0,55,119,99,86,132,0,28,73,57,50,82,0,27,46,42,36,50
2019,4,D,발달상권,2120162,방배동카페골목,1253,717,536,61,207,200,219,215,351,57,126,142,110,93,189,4,81,58,109,122,162
2019,4,D,발달상권,2120161,방배동가구거리(사당동가구거리),2517,1833,684,3,187,342,315,347,1323,2,78,178,165,202,1208,1,109,164,150,145,115
2019,4,D,발달상권,2120160,사당역(사당),9153,4750,4403,14,1560,2594,2716,1534,735,4,617,1307,1324,997,501,10,943,1287,1392,537,234
2019,4,D,발달상권,2120159,서울대입구역,1430,763,667,12,289,320,321,238,250,6,116,164,174,133,170,6,173,156,147,105,80
2019,4,D,발달상권,2120158,녹두거리(대학동),695,550,145,2,31,73,200,279,110,0,7,41,163,241,98,2,24,32,37,38,12
2019,4,D,발달상권,2120157,신림역(신림),593,255,338,1,95,115,145,125,112,0,19,40,81,48,67,1,76,75,64,77,45
2019,4,D,발달상권,2120156,"총신대입구역(이수, 총신대)",3255,1425,1830,14,615,769,718,629,510,7,201,327,374,254,262,7,414,442,344,375,248
2019,4,D,발달상권,2120155,총신대학교,111,57,54,0,13,27,27,26,18,0,7,8,15,15,12,0,6,19,12,11,6
2019,4,D,발달상권,2120154,장승배기역,479,199,280,1,61,123,126,106,62,0,16,58,67,35,23,1,45,65,59,71,39
2019,4,D,발달상권,2120153,노량진역(노량진),3699,1844,1855,10,521,1209,935,690,334,2,193,496,461,465,227,8,328,713,474,225,107
2019,4,D,발달상권,2120152,신대방삼거리역,594,291,303,1,66,127,155,154,91,1,22,63,84,74,47,0,44,64,71,80,44
2019,4,D,발달상권,2120151,보라매공원,2417,1455,962,6,401,736,707,383,184,4,194,433,450,237,137,2,207,303,257,146,47
2019,4,D,발달상권,2120150,63빌딩,7632,4749,2883,29,989,1932,2741,1691,250,5,494,1296,1379,1422,153,24,495,636,1362,269,97
2019,4,D,발달상권,2120149,여의도역(여의도),69255,45888,23367,184,11383,22550,19240,12096,3802,34,5884,14085,14147,9350,2388,150,5499,8465,5093,2746,1414
2019,4,D,발달상권,2120148,국회의사당역(국회의사당),31135,19451,11684,82,6815,10231,7641,4493,1873,27,3082,6187,5424,3397,1334,55,3733,4044,2217,1096,539
2019,4,D,발달상권,2120147,보라매역,1981,1262,719,6,292,455,377,378,473,3,99,312,255,270,323,3,193,143,122,108,150
2019,4,D,발달상권,2120146,한강성심병원,5045,2866,2179,18,1237,1249,1097,821,623,8,395,663,729,584,487,10,842,586,368,237,136
2019,4,D,발달상권,2120145,영등포역(영등포),3856,1817,2039,22,673,1021,921,702,517,0,202,441,486,388,300,22,471,580,435,314,217
2019,4,D,발달상권,2120144,영중로,2015,1072,943,1,254,394,507,598,261,1,142,276,288,230,135,0,112,118,219,368,126
2019,4,D,발달상권,2120143,당산역,2723,2018,705,9,329,524,575,532,754,2,194,398,412,396,616,7,135,126,163,136,138
2019,4,D,발달상권,2120142,대림역,1559,847,712,2,235,282,348,386,306,0,69,145,190,230,213,2,166,137,158,156,93
2019,4,D,발달상권,2120141,영등포청과시장교차로,601,418,183,2,71,137,188,115,88,1,36,85,133,86,77,1,35,52,55,29,11
2019,4,D,발달상권,2120140,문래동주민센터,6162,3296,2866,22,1447,1840,1635,916,302,11,558,993,992,517,225,11,889,847,643,399,77
2019,4,D,발달상권,2120139,대림3동사거리,3619,2404,1215,14,423,867,992,727,596,5,220,632,783,462,302,9,203,235,209,265,294
2019,4,D,발달상권,2120138,당산2동(영등포우체국),2754,1653,1101,23,745,579,479,488,440,15,395,347,312,309,275,8,350,232,167,179,165
2019,4,D,발달상권,2120137,문래역(문래로데오거리),50,21,29,2,11,8,13,12,4,0,4,1,7,7,2,2,7,7,6,5,2
2019,4,D,발달상권,2120136,영등포구청역,6617,3299,3318,20,1193,1504,1423,1444,1033,12,575,848,775,592,497,8,618,656,648,852,536
2019,4,D,발달상권,2120135,양평역,5072,3013,2059,32,1300,1280,1187,776,497,11,626,825,676,441,434,21,674,455,511,335,63
2019,4,D,발달상권,2120134,구로전화국,2014,1668,346,0,107,157,172,223,1355,0,44,75,96,153,1300,0,63,82,76,70,55
2019,4,D,발달상권,2120133,서울시흥동우체국(홈플러스시흥점),142,55,87,1,14,22,27,42,36,1,5,10,12,11,16,0,9,12,15,31,20
2019,4,D,발달상권,2120132,독산동,4203,2884,1319,13,512,908,1016,1074,680,12,350,650,695,701,476,1,162,258,321,373,204
2019,4,D,발달상권,2120131,가산디지털단지,81100,53404,27696,289,16340,25683,20119,11582,7087,184,8639,17229,14518,7692,5142,105,7701,8454,5601,3890,1945
2019,4,D,발달상권,2120130,구로디지털단지역,1136,620,516,1,169,376,236,212,142,0,59,208,125,125,103,1,110,168,111,87,39
2019,4,D,발달상권,2120129,구로디지털단지,47750,31091,16659,195,10197,16227,12034,5678,3419,126,5117,10736,8454,3920,2738,69,5080,5491,3580,1758,681
2019,4,D,발달상권,2120128,신도림역,1253,656,597,7,191,318,382,243,112,1,75,153,191,149,87,6,116,165,191,94,25
2019,4,D,발달상권,2120127,구로구청,5918,3878,2040,6,614,1229,1440,1444,1185,5,365,976,1050,808,674,1,249,253,390,636,511
2019,4,D,발달상권,2120126,디지털단지오거리,135,86,49,0,11,30,48,26,20,0,2,16,38,15,15,0,9,14,10,11,5
2019,4,D,발달상권,2120125,구로역,9291,6324,2967,24,1029,2136,2412,2271,1419,12,581,1466,1596,1572,1097,12,448,670,816,699,322
2019,4,D,발달상권,2120124,개봉동 현대아파트,461,205,256,0,63,89,119,82,108,0,18,26,49,43,69,0,45,63,70,39,39
2019,4,D,발달상권,2120123,오류동역,2120,1645,475,1,313,413,505,594,294,0,276,331,389,425,224,1,37,82,116,169,70
2019,4,D,발달상권,2120122,강서구청,2137,1208,929,4,308,444,489,437,455,2,103,218,267,256,362,2,205,226,222,181,93
2019,4,D,발달상권,2120121,까치산역,344,135,209,2,49,40,67,101,85,2,12,14,27,41,39,0,37,26,40,60,46
2019,4,D,발달상권,2120120,화곡역,927,405,522,1,177,218,193,196,142,0,46,109,84,81,85,1,131,109,109,115,57
2019,4,D,발달상권,2120119,발산역(마곡),1427,686,741,2,184,339,416,350,136,1,54,148,211,174,98,1,130,191,205,176,38
2019,4,D,발달상권,2120117,강서농산물도매시장,430,263,167,0,12,60,121,145,92,0,9,46,75,82,51,0,3,14,46,63,41
2019,4,D,발달상권,2120116,송정역,117,64,53,0,17,27,28,20,25,0,9,11,15,10,19,0,8,16,13,10,6
2019,4,D,발달상권,2120114,목동신시가지,13614,9392,4222,46,2086,3824,3484,2915,1259,29,1130,2623,2555,2209,846,17,956,1201,929,706,413
2019,4,D,발달상권,2120113,오목교역,628,372,256,2,96,144,162,136,88,1,45,79,94,92,61,1,51,65,68,44,27
2019,4,D,발달상권,2120112,등촌역,1633,1138,495,10,223,388,373,358,281,6,100,270,265,265,232,4,123,118,108,93,49
2019,4,D,발달상권,2120111,목동사거리,1828,710,1118,1,551,601,341,219,115,0,101,248,161,116,84,1,450,353,180,103,31
2019,4,D,발달상권,2120110,목동역 8번출구,1858,1400,458,2,142,216,286,247,965,1,42,102,166,181,908,1,100,114,120,66,57
2019,4,D,발달상권,2120109,서울남부지방법원,608,342,266,2,56,104,110,170,166,1,18,40,50,104,129,1,38,64,60,66,37
2019,4,D,발달상권,2120108,신정네거리역,992,580,412,2,93,215,220,242,220,1,28,110,112,160,169,1,65,105,108,82,51
2019,4,D,발달상권,2120107,공덕역(공덕오거리),13077,7619,5458,43,2471,3470,3552,3026,515,9,1021,2002,2300,1900,387,34,1450,1468,1252,1126,128
2019,4,D,발달상권,2120106,마포역,11462,7104,4358,12,1804,2735,2677,2306,1928,8,917,1662,1889,1435,1193,4,887,1073,788,871,735
2019,4,D,발달상권,2120105,상수역(홍대),524,273,251,4,126,153,122,71,48,2,51,74,70,42,34,2,75,79,52,29,14
2019,4,D,발달상권,2120104,연남동(홍대),5955,3176,2779,20,1117,1491,1289,1103,935,12,428,824,772,620,520,8,689,667,517,483,415
2019,4,D,발달상권,2120103,홍대입구역(홍대),9580,5991,3589,87,2167,2434,2066,1613,1213,61,1145,1486,1404,988,907,26,1022,948,662,625,306
2019,4,D,발달상권,2120102,서교동(홍대),7276,3402,3874,18,1521,2551,1814,899,473,11,496,1065,913,566,351,7,1025,1486,901,333,122
2019,4,D,발달상권,2120101,합정역,1932,1048,884,2,302,520,515,399,194,2,89,236,312,266,143,0,213,284,203,133,51
2019,4,D,발달상권,2120100,망원역,900,436,464,3,192,236,215,153,101,1,49,107,117,103,59,2,143,129,98,50,42
2019,4,D,발달상권,2120099,월드컵경기장역(월드컵경기장),84,57,27,0,11,20,26,14,13,0,6,16,21,7,7,0,5,4,5,7,6
2019,4,D,발달상권,2120098,DMC(디지털미디어시티),8846,5391,3455,19,1691,3228,2856,875,177,11,813,1995,1821,616,135,8,878,1233,1035,259,42
2019,4,D,발달상권,2120097,충정로역,2246,1354,892,0,321,658,631,407,229,0,172,390,397,254,141,0,149,268,234,153,88
2019,4,D,발달상권,2120096,"이화여대(이대역, 이대)",470,195,275,1,79,135,125,79,51,0,27,51,46,38,33,1,52,84,79,41,18
2019,4,D,발달상권,2120095,홍제역,922,520,402,1,73,107,260,362,119,0,17,56,137,222,88,1,56,51,123,140,31
2019,4,D,발달상권,2120094,"신촌역(신촌역, 신촌로터리)",5355,2430,2925,67,2390,1192,681,594,431,23,999,589,299,279,241,44,1391,603,382,315,190
2019,4,D,발달상권,2120093,연희동,661,351,310,2,60,125,170,195,109,0,27,62,91,103,68,2,33,63,79,92,41
2019,4,D,발달상권,2120092,불광역,274,147,127,0,33,51,83,52,55,0,12,29,44,21,41,0,21,22,39,31,14
2019,4,D,발달상권,2120091,본서부병원,516,192,324,1,51,69,119,165,111,0,20,28,51,55,38,1,31,41,68,110,73
2019,4,D,발달상권,2120090,연신내역,687,262,425,5,180,133,134,129,106,1,64,55,49,45,48,4,116,78,85,84,58
2019,4,D,발달상권,2120089,구파발역,1,0,1,0,0,0,1,0,0,0,0,0,0,0,0,0,0,0,1,0,0
2019,4,D,발달상권,2120088,구산역,799,279,520,2,86,117,175,272,147,2,30,65,68,59,55,0,56,52,107,213,92
2019,4,D,발달상권,2120087,응암역,441,272,169,0,45,84,114,106,92,0,17,50,78,60,67,0,28,34,36,46,25
2019,4,D,발달상권,2120086,태릉입구역,382,205,177,0,42,78,82,102,78,0,24,43,35,49,54,0,18,35,47,53,24
2019,4,D,발달상권,2120085,은행사거리,317,121,196,4,51,48,80,78,56,3,11,14,21,40,32,1,40,34,59,38,24
2019,4,D,발달상권,2120084,공릉역,712,546,166,3,33,59,110,240,267,1,11,22,63,205,244,2,22,37,47,35,23
2019,4,D,발달상권,2120083,등나무근린공원,1184,787,397,0,166,325,271,283,139,0,114,228,171,179,95,0,52,97,100,104,44
2019,4,D,발달상권,2120082,상계백병원,426,148,278,0,85,102,118,82,39,0,21,24,39,43,21,0,64,78,79,39,18
2019,4,D,발달상권,2120081,노원역,1552,508,1044,9,369,295,343,307,229,2,66,87,125,121,107,7,303,208,218,186,122
2019,4,D,발달상권,2120080,마들역,180,46,134,0,30,45,46,36,23,0,2,7,9,13,15,0,28,38,37,23,8
2019,4,D,발달상권,2120079,창동역,1326,796,530,0,151,232,320,304,319,0,54,108,172,195,267,0,97,124,148,109,52
2019,4,D,발달상권,2120078,미아사거리역,145,90,55,0,27,29,29,31,29,0,12,17,21,18,22,0,15,12,8,13,7
2019,4,D,발달상권,2120077,미아역,218,97,121,0,32,37,52,64,33,0,11,8,18,38,22,0,21,29,34,26,11
2019,4,D,발달상권,2120076,수유역,1930,865,1065,7,241,303,422,465,492,4,62,102,176,240,281,3,179,201,246,225,211
2019,4,D,발달상권,2120075,월곡역,369,213,156,1,40,86,97,67,78,0,17,48,54,44,50,1,23,38,43,23,28
2019,4,D,발달상권,2120074,안암역,59,28,31,1,12,16,12,8,10,0,5,9,7,2,5,1,7,7,5,6,5
2019,4,D,발달상권,2120073,미아사거리,353,135,218,3,40,67,95,95,53,2,16,29,45,23,20,1,24,38,50,72,33
2019,4,D,발달상권,2120072,성신여대,1048,537,511,18,137,211,213,271,198,11,46,86,103,152,139,7,91,125,110,119,59
2019,4,D,발달상권,2120071,성북구청,255,127,128,0,36,55,64,62,38,0,14,22,38,31,22,0,22,33,26,31,16
2019,4,D,발달상권,2120070,한성대입구역,466,180,286,2,83,69,78,113,121,2,21,31,37,38,51,0,62,38,41,75,70
2019,4,D,발달상권,2120069,상봉역,932,597,335,6,147,258,263,151,107,4,102,158,163,99,71,2,45,100,100,52,36
2019,4,D,발달상권,2120068,사가정역,145,45,100,3,38,31,25,22,26,0,1,5,12,12,15,3,37,26,13,10,11
2019,4,D,발달상권,2120067,장안동사거리,2587,1169,1418,9,427,578,671,577,325,7,165,280,258,255,204,2,262,298,413,322,121
2019,4,D,발달상권,2120066,장한평역(장한평),7424,4770,2654,43,1531,1839,1491,1235,1285,10,739,1202,991,818,1010,33,792,637,500,417,275
2019,4,D,발달상권,2120065,회기역,326,207,119,3,48,55,89,76,55,1,27,39,49,49,42,2,21,16,40,27,13
2019,4,D,발달상권,2120064,경희대학교(경희대),97,44,53,0,14,27,21,13,22,0,9,13,10,4,8,0,5,14,11,9,14
2019,4,D,발달상권,2120063,청량리역(청량리),1182,514,668,3,225,221,239,246,248,2,66,86,89,116,155,1,159,135,150,130,93
2019,4,D,발달상권,2120062,신설동역,12641,5433,7208,13,1215,2605,3449,3480,1879,2,445,1435,1625,1123,803,11,770,1170,1824,2357,1076
2019,4,D,발달상권,2120061,올림픽대교북단,1094,864,230,1,228,403,324,95,43,0,165,326,290,55,28,1,63,77,34,40,15
2019,4,D,발달상권,2120060,강변역(테크노마트),3189,2348,841,12,402,686,870,703,516,2,209,509,686,549,393,10,193,177,184,154,123
2019,4,D,발달상권,2120059,구삼강변맛길,3279,1781,1498,6,431,676,555,747,864,4,244,472,367,322,372,2,187,204,188,425,492
2019,4,D,발달상권,2120058,구의사거리,688,333,355,2,92,158,174,181,81,1,33,79,80,77,63,1,59,79,94,104,18
2019,4,D,발달상권,2120057,아차산역,2218,1220,998,52,412,432,503,468,351,19,236,257,289,206,213,33,176,175,214,262,138
2019,4,D,발달상권,2120056,구의역,2200,1115,1085,7,350,431,596,491,325,6,119,173,290,313,214,1,231,258,306,178,111
2019,4,D,발달상권,2120055,군자역,4255,2030,2225,33,1138,780,911,991,402,23,548,430,436,330,263,10,590,350,475,661,139
2019,4,D,발달상권,2120054,어린이대공원역,1243,826,417,0,90,153,311,440,249,0,25,88,205,321,187,0,65,65,106,119,62
2019,4,D,발달상권,2120053,건대입구역(건대),859,491,368,5,147,141,172,187,207,2,40,61,95,130,163,3,107,80,77,57,44
2019,4,D,발달상권,2120052,성수역,11387,7284,4103,23,2113,2900,2661,2238,1452,12,1170,1971,1783,1298,1050,11,943,929,878,940,402
2019,4,D,발달상권,2120051,뚝섬역,3944,2582,1362,20,703,946,867,651,757,15,446,646,549,445,481,5,257,300,318,206,276
2019,4,D,발달상권,2120050,서울숲역,212,159,53,0,33,40,60,52,27,0,19,30,47,41,22,0,14,10,13,11,5
2019,4,D,발달상권,2120049,왕십리역(왕십리),1459,1004,455,1,183,301,377,468,129,1,92,187,272,371,81,0,91,114,105,97,48
2019,4,D,발달상권,2120048,금호역,80,31,49,0,16,10,18,24,12,0,2,2,6,13,8,0,14,8,12,11,4
2019,4,D,발달상권,2120047,한남오거리,2290,1458,832,11,366,751,623,343,196,9,152,461,438,249,149,2,214,290,185,94,47
2019,4,D,발달상권,2120046,이태원(이태원역),2276,1295,981,24,817,682,338,220,195,15,389,421,205,134,131,9,428,261,133,86,64
2019,4,D,발달상권,2120045,남영동 먹자골목,4044,1580,2464,7,424,908,1421,1162,122,1,257,576,502,205,39,6,167,332,919,957,83
2019,4,D,발달상권,2120044,삼각지역,1611,1164,447,5,313,408,385,330,170,5,185,303,315,234,122,0,128,105,70,96,48
2019,4,D,발달상권,2120043,서울역,22578,15322,7256,58,4087,7782,5513,3664,1474,27,2087,4897,4201,3033,1077,31,2000,2885,1312,631,397
2019,4,D,발달상권,2120042,"숙대입구역(남영역, 남영동)",4057,2797,1260,20,750,1490,1024,558,215,8,370,894,831,510,184,12,380,596,193,48,31
2019,4,D,발달상권,2120041,신용산역(용산역),16270,5741,10529,72,4012,5520,4509,1569,588,25,1308,1921,1510,595,382,47,2704,3599,2999,974,206
2019,4,D,발달상권,2120040,용산전자상가(용산역),8014,5960,2054,43,1390,2727,2224,1236,394,30,882,2007,1729,997,315,13,508,720,495,239,79
2019,4,D,발달상권,2120039,신당역,2321,1230,1091,31,793,486,404,333,274,11,347,244,225,219,184,20,446,242,179,114,90
2019,4,D,발달상권,2120038,약수역,2289,1360,929,7,436,739,579,320,208,1,189,451,383,195,141,6,247,288,196,125,67
2019,4,D,발달상권,2120037,동대문역사문화공원역,35320,17057,18263,421,11234,9194,6981,5237,2253,180,5605,5543,3901,1328,500,241,5629,3651,3080,3909,1753
2019,4,D,발달상권,2120036,장충동족발거리(남소영길),2289,1090,1199,14,616,783,556,223,97,0,122,393,365,155,55,14,494,390,191,68,42
2019,4,D,발달상권,2120035,퇴계로5가,2257,1368,889,7,650,570,525,321,184,3,282,379,388,200,116,4,368,191,137,121,68
2019,4,D,발달상권,2120034,중구청(퇴계로4가),1538,1044,494,7,107,227,400,437,360,5,47,128,262,325,277,2,60,99,138,112,83
2019,4,D,발달상권,2120033,을지로4가역,874,443,431,7,128,213,194,204,128,1,45,108,99,91,99,6,83,105,95,113,29
2019,4,D,발달상권,2120032,충무로역,11403,5304,6099,36,1756,2560,3266,2711,1074,15,589,1271,1554,1201,674,21,1167,1289,1712,1510,400
2019,4,D,발달상권,2120031,을지로3가역,6147,3450,2697,9,699,1541,1643,1286,969,0,223,730,924,892,681,9,476,811,719,394,288
2019,4,D,발달상권,2120030,중부경찰서(영화인의거리),11889,6798,5091,53,2154,3638,3423,1960,661,16,721,2139,2092,1366,464,37,1433,1499,1331,594,197
2019,4,D,발달상권,2120029,을지로2가,7461,4461,3000,27,1938,2808,1698,798,192,7,787,1650,1165,693,159,20,1151,1158,533,105,33
2019,4,D,발달상권,2120028,명동(명동거리),12797,7708,5089,41,2137,3592,3670,2246,1111,16,1028,1982,2334,1641,707,25,1109,1610,1336,605,404
2019,4,D,발달상권,2120027,명동역(명동재미로),18097,8477,9620,67,2695,5851,6070,3074,340,9,859,2588,2522,2321,178,58,1836,3263,3548,753,162
2019,4,D,발달상권,2120026,을지로입구역,30610,18501,12109,14,4275,11589,8473,5661,598,4,1729,5846,5959,4562,401,10,2546,5743,2514,1099,197
2019,4,D,발달상권,2120025,롯데백화점(시청광장 지하쇼핑센터),22641,6272,16369,229,12750,7002,1623,944,93,71,3075,2028,779,248,71,158,9675,4974,844,696,22
2019,4,D,발달상권,2120024,회현역,2167,1364,803,2,341,795,582,250,197,1,146,473,416,192,136,1,195,322,166,58,61
2019,4,D,발달상권,2120023,서울시청,10242,5534,4708,15,2234,3260,2778,1425,530,4,852,1657,1658,983,380,11,1382,1603,1120,442,150
2019,4,D,발달상권,2120022,북창동(시청역_6번),5197,3160,2037,24,1010,1611,1149,767,636,2,391,936,852,543,436,22,619,675,297,224,200
2019,4,D,발달상권,2120021,시청역_8번,24117,15220,8897,74,4137,8250,7186,3526,944,13,1738,4529,5241,3020,679,61,2399,3721,1945,506,265
2019,4,D,발달상권,2120020,시청역_1번,10375,7489,2886,40,2120,3185,2952,1721,357,21,1118,2220,2480,1370,280,19,1002,965,472,351,77
2019,4,D,발달상권,2120019,경찰청앞교차로,5958,3146,2812,26,1051,2221,1625,793,242,8,274,1044,982,619,219,18,777,1177,643,174,23
2019,4,D,발달상권,2120018,중림동,2187,1366,821,2,393,736,598,293,165,2,207,425,357,237,138,0,186,311,241,56,27
2019,4,D,발달상권,2120017,동묘앞역(동묘),626,149,477,0,62,124,251,120,69,0,7,33,35,27,47,0,55,91,216,93,22
2019,4,D,발달상권,2120016,동대문역,193,120,73,1,10,27,45,44,66,0,6,14,20,31,49,1,4,13,25,13,17
2019,4,D,발달상권,2120015,종로6가,302,153,149,0,49,64,69,65,55,0,17,23,27,42,44,0,32,41,42,23,11
2019,4,D,발달상권,2120014,종로5가역,4887,2839,2048,375,1123,1351,1205,597,236,112,456,860,851,397,163,263,667,491,354,200,73
2019,4,D,발달상권,2120013,이화사거리,7552,5465,2087,8,1309,2510,2065,1290,370,1,628,1731,1677,1167,261,7,681,779,388,123,109
2019,4,D,발달상권,2120012,대학로(혜화역),2061,929,1132,10,357,603,507,318,266,5,105,208,252,171,188,5,252,395,255,147,78
2019,4,D,발달상권,2120011,종로4가,2980,1663,1317,5,420,1022,880,514,139,0,165,497,518,378,105,5,255,525,362,136,34
2019,4,D,발달상권,2120010,원남동사거리,4107,2297,1810,50,1544,1305,655,383,170,2,585,793,487,297,133,48,959,512,168,86,37
2019,4,D,발달상권,2120009,종로3가역,8495,4786,3709,19,1355,2296,2026,1582,1217,8,563,1230,1198,953,834,11,792,1066,828,629,383
2019,4,D,발달상권,2120008,인사동,22070,13019,9051,1263,7895,5069,3940,2756,1147,589,4005,3077,2666,2006,676,674,3890,1992,1274,750,471
2019,4,D,발달상권,2120007,북촌(안국역),10172,8081,2091,7,1112,3577,3084,1913,479,5,623,2851,2568,1659,375,2,489,726,516,254,104
2019,4,D,발달상권,2120006,종각역,33181,16028,17153,59,5900,11133,9928,5489,672,14,2254,4920,4677,3672,491,45,3646,6213,5251,1817,181
2019,4,D,발달상권,2120005,삼청동,3053,2795,258,1,399,712,898,817,226,0,340,633,848,776,198,1,59,79,50,41,28
2019,4,D,발달상권,2120004,종로구청,12937,7078,5859,9,1442,4392,4485,2080,529,4,432,2050,2756,1493,343,5,1010,2342,1729,587,186
2019,4,D,발달상권,2120003,광화문역,44202,27021,17181,79,6413,12958,13138,8070,3544,12,2655,7612,8988,5645,2109,67,3758,5346,4150,2425,1435
2019,4,D,발달상권,2120002,서촌(경복궁역),2008,1079,929,37,492,680,426,224,149,0,190,388,263,133,105,37,302,292,163,91,44
2019,4,D,발달상권,2120001,서대문역,1510,1022,488,1,265,530,359,278,77,1,106,344,272,237,62,0,159,186,87,41,15
2019,4,A,골목상권,2111090,강일동주민센터,91,35,56,0,15,30,23,17,6,0,1,10,10,10,4,0,14,20,13,7,2
2019,4,A,골목상권,2111089,상일여고(상일초등학교),758,508,250,0,51,131,184,236,156,0,32,81,128,155,112,0,19,50,56,81,44
2019,4,A,골목상권,2111088,고덕동성당,123,54,69,0,15,32,32,31,13,0,4,15,10,15,10,0,11,17,22,16,3
2019,4,A,골목상권,2111087,고덕중학교(고덕2동주민센터),197,89,108,0,26,46,62,36,27,0,5,21,26,17,20,0,21,25,36,19,7
2019,4,A,골목상권,2111086,한영중고,297,202,95,1,27,45,73,101,50,1,17,22,52,69,41,0,10,23,21,32,9
2019,4,A,골목상권,2111085,묘곡초등학교(고덕아이파크아파트),800,452,348,0,68,111,152,196,273,0,35,72,80,84,181,0,33,39,72,112,92
2019,4,A,골목상권,2111084,길동신동아아파트,169,104,65,2,27,32,37,58,13,2,21,23,24,25,9,0,6,9,13,33,4
2019,4,A,골목상권,2111083,GS강동자이아파트,411,245,166,0,67,62,70,100,112,0,47,43,41,44,70,0,20,19,29,56,42
2019,4,A,골목상권,2111082,중앙보훈병원,64,44,20,0,3,9,11,23,18,0,1,3,5,18,17,0,2,6,6,5,1
2019,4,A,골목상권,2111081,둔촌푸르지오아파트,78,50,28,0,8,17,18,18,17,0,4,12,13,6,15,0,4,5,5,12,2
2019,4,A,골목상권,2111080,굽은다리역 3번,434,235,199,0,44,77,100,110,103,0,12,52,63,58,50,0,32,25,37,52,53
2019,4,A,골목상권,2111079,둔촌고등학교(둔촌중학교),395,202,193,1,52,59,66,79,138,1,32,35,35,28,71,0,20,24,31,51,67
2019,4,A,골목상권,2111078,굽은다리역 4번,1728,1017,711,1,135,299,374,480,439,1,75,185,212,270,274,0,60,114,162,210,165
2019,4,A,골목상권,2111077,길동주민센터(강동도서관),1272,737,535,4,121,258,294,321,274,1,49,138,167,188,194,3,72,120,127,133,80
2019,4,A,골목상권,2111076,둔촌2동주민센터,297,174,123,0,25,49,61,86,76,0,14,24,34,39,63,0,11,25,27,47,13
2019,4,A,골목상권,2111075,굽은다리역 2번,192,115,77,0,14,42,52,54,30,0,14,28,24,33,16,0,0,14,28,21,14
2019,4,A,골목상권,2111074,명일역 1번,148,77,71,2,31,38,40,16,21,1,9,23,23,10,11,1,22,15,17,6,10
2019,4,A,골목상권,2111073,둔촌동역 1번(한산중학교),973,578,395,1,134,224,250,206,158,1,58,122,160,124,113,0,76,102,90,82,45
2019,4,A,골목상권,2111072,굽은다리역 1번(십자성마을),739,467,272,1,56,119,199,185,179,0,18,70,114,126,139,1,38,49,85,59,40
2019,4,A,골목상권,2111071,천동초등학교,76,52,24,0,4,15,21,25,11,0,4,6,18,16,8,0,0,9,3,9,3
2019,4,A,골목상권,2111070,천호초등학교,127,73,54,1,7,23,40,28,28,0,3,10,23,17,20,1,4,13,17,11,8
2019,4,A,골목상권,2111069,천호1동주민센터,79,54,25,0,8,17,17,26,11,0,4,12,14,14,10,0,4,5,3,12,1
2019,4,A,골목상권,2111068,강동성심병원,1570,605,965,0,532,392,271,203,172,0,126,134,114,101,130,0,406,258,157,102,42
2019,4,A,골목상권,2111067,강동구립성내도서관,746,414,332,2,73,149,192,177,153,1,36,98,107,84,88,1,37,51,85,93,65
2019,4,A,골목상권,2111066,암사동성당(효정하나플러스아파트),395,235,160,3,40,95,100,106,51,0,9,46,65,84,31,3,31,49,35,22,20
2019,4,A,골목상권,2111065,천일초등학교,75,34,41,2,6,20,18,22,7,2,5,10,7,5,5,0,1,10,11,17,2
2019,4,A,골목상권,2111064,둔촌동역 4번,157,98,59,0,13,34,47,40,23,0,3,21,30,28,16,0,10,13,17,12,7
2019,4,A,골목상권,2111063,강동구립 천호도서관,368,182,186,0,25,44,81,85,133,0,5,15,21,30,111,0,20,29,60,55,22
2019,4,A,골목상권,2111062,둔촌동역 3번(성내3동주민센터),751,501,250,5,134,198,194,144,76,5,81,139,126,91,59,0,53,59,68,53,17
2019,4,A,골목상권,2111061,암사역 1번,831,551,280,0,149,186,182,170,144,0,82,128,126,125,90,0,67,58,56,45,54
2019,4,A,골목상권,2111060,암사역 2번(서울강동초등학교),871,457,414,1,101,210,241,202,116,1,41,96,131,107,81,0,60,114,110,95,35
2019,4,A,골목상권,2111059,강동역 4번(강풀만화거리),819,430,389,3,90,160,193,170,203,1,48,75,93,94,119,2,42,85,100,76,84
2019,4,A,골목상권,2111058,성내중학교,451,317,134,0,51,92,129,121,58,0,37,63,90,82,45,0,14,29,39,39,13
2019,4,A,골목상권,2111057,천호공원(해공체육문화센터),255,113,142,2,53,50,64,61,25,2,15,19,30,33,14,0,38,31,34,28,11
2019,4,A,골목상권,2111056,천호태영아파트,191,53,138,0,27,35,64,36,29,0,4,5,19,15,10,0,23,30,45,21,19
2019,4,A,골목상권,2111055,선사초등학교,673,29,644,0,14,28,137,373,121,0,4,7,8,6,4,0,10,21,129,367,117
2019,4,A,골목상권,2111054,암사역 4번(삼성광나루아파트),104,42,62,0,14,18,19,12,41,0,4,12,7,5,14,0,10,6,12,7,27
2019,4,A,골목상권,2111053,성내천어린이공원(하니사랑길),6288,4564,1724,6,799,940,1025,1564,1954,3,542,693,750,1053,1523,3,257,247,275,511,431
2019,4,A,골목상권,2111052,암사역 3번(천호동자전거거리),357,228,129,1,26,71,117,94,48,1,11,47,76,58,35,0,15,24,41,36,13
2019,4,A,골목상권,2111051,천호역 6번,407,252,155,2,65,80,90,88,82,1,44,56,58,47,46,1,21,24,32,41,36
2019,4,A,골목상권,2111050,강동구청(강동구청역 2번),131,96,35,0,21,14,21,32,43,0,12,5,12,27,40,0,9,9,9,5,3
2019,4,A,골목상권,2111049,천호지구대(천호동자전거거리),507,277,230,2,75,90,96,118,126,0,36,50,40,68,83,2,39,40,56,50,43
2019,4,A,골목상권,2111048,천호역 1번(천호문구완구거리),189,104,85,3,18,52,45,45,26,2,10,24,26,25,17,1,8,28,19,20,9
2019,4,A,골목상권,2111047,마천1치안센터,111,73,38,0,9,17,34,34,17,0,6,14,19,22,12,0,3,3,15,12,5
2019,4,A,골목상권,2111046,마천역(마천초등학교),705,400,305,2,76,145,170,193,119,1,47,85,83,94,90,1,29,60,87,99,29
2019,4,A,골목상권,2111045,개미어린이공원,36,18,18,0,2,7,12,12,3,0,1,1,7,7,2,0,1,6,5,5,1
2019,4,A,골목상권,2111044,남천초등학교,557,264,293,1,95,146,167,113,35,0,35,71,76,56,26,1,60,75,91,57,9
2019,4,A,골목상권,2111043,마천공원,32,13,19,0,1,3,7,12,9,0,0,0,1,6,6,0,1,3,6,6,3
2019,4,A,골목상권,2111042,거여역 1번(거여공원),867,597,270,3,147,186,247,200,84,3,121,134,159,130,50,0,26,52,88,70,34
2019,4,A,골목상권,2111041,거여역 8번,428,350,78,1,102,124,87,64,50,1,84,98,72,51,44,0,18,26,15,13,6
2019,4,A,골목상권,2111040,거여초등학교,346,137,209,0,26,86,124,77,33,0,9,27,48,30,23,0,17,59,76,47,10
2019,4,A,골목상권,2111039,벌말어린이공원,485,353,132,8,85,125,121,94,52,8,51,89,88,72,45,0,34,36,33,22,7
2019,4,A,골목상권,2111038,보인중학교,416,270,146,0,26,66,113,123,88,0,11,38,85,88,48,0,15,28,28,35,40
2019,4,A,골목상권,2111037,Sh수협은행 오금동금융센터(아랫말어린이공원),373,243,130,0,37,103,90,93,50,0,25,84,60,43,31,0,12,19,30,50,19
2019,4,A,골목상권,2111036,투구봉어린이공원,209,119,90,1,22,40,55,62,29,1,7,20,26,39,26,0,15,20,29,23,3
2019,4,A,골목상권,2111035,오금공원(오주중학교),531,398,133,0,41,90,148,148,104,0,32,66,121,102,77,0,9,24,27,46,27
2019,4,A,골목상권,2111034,오동나무공원(송파레미니스1단지),1443,1020,423,3,244,367,352,318,159,3,155,253,264,223,122,0,89,114,88,95,37
2019,4,A,골목상권,2111033,문정동성당,70,30,40,0,5,4,16,16,29,0,2,3,8,9,8,0,3,1,8,7,21
2019,4,A,골목상권,2111032,방이역 1번,3885,2552,1333,4,235,340,605,719,1982,3,139,237,411,469,1293,1,96,103,194,250,689
2019,4,A,골목상권,2111031,장지동주민센터(한림연예예술고교),3127,2317,810,8,263,415,651,857,933,2,170,330,497,648,670,6,93,85,154,209,263
2019,4,A,골목상권,2111030,방이역 2번,665,419,246,1,57,107,147,217,136,0,28,68,94,128,101,1,29,39,53,89,35
2019,4,A,골목상권,2111029,오금역 4번,427,314,113,3,71,108,91,79,75,1,51,81,67,55,59,2,20,27,24,24,16
2019,4,A,골목상권,2111028,문현중학교(장지역 1번),424,194,230,0,54,66,132,116,56,0,29,36,49,50,30,0,25,30,83,66,26
2019,4,A,골목상권,2111027,문정초등학교,1403,775,628,3,148,289,326,247,390,1,67,160,211,126,210,2,81,129,115,121,180
2019,4,A,골목상권,2111026,문정역 2번,2304,1506,798,7,431,634,546,428,258,3,236,427,385,239,216,4,195,207,161,189,42
2019,4,A,골목상권,2111025,경찰병원역 3번,686,412,274,1,84,164,149,157,131,0,45,102,103,88,74,1,39,62,46,69,57
2019,4,A,골목상권,2111024,경찰병원역 4번(건너말공원),240,150,90,0,27,53,63,68,29,0,16,33,45,35,21,0,11,20,18,33,8
2019,4,A,골목상권,2111023,문정역 1번,939,576,363,2,133,202,263,204,135,0,86,139,184,100,67,2,47,63,79,104,68
2019,4,A,골목상권,2111022,석촌중학교(방이육교),567,255,312,1,48,105,141,206,66,0,28,66,72,57,32,1,20,39,69,149,34
2019,4,A,골목상권,2111021,방이역 4번,7674,5867,1807,22,792,1328,1977,2139,1416,15,392,911,1551,1769,1229,7,400,417,426,370,187
2019,4,A,골목상권,2111020,방이동고분군(방산고등학교),304,225,79,1,20,103,84,54,42,0,7,73,64,48,33,1,13,30,20,6,9
2019,4,A,골목상권,2111019,한성백제역 3번,1524,1000,524,2,207,448,428,254,185,2,103,303,300,164,128,0,104,145,128,90,57
2019,4,A,골목상권,2111018,풍납초등학교(풍납백제문화공원),26,23,3,0,1,5,10,6,4,0,1,4,8,6,4,0,0,1,2,0,0
2019,4,A,골목상권,2111017,송파나루역 3번,688,480,208,5,317,167,84,70,45,4,217,116,53,50,40,1,100,51,31,20,5
2019,4,A,골목상권,2111016,송파역 2번,3803,1601,2202,15,1126,1104,801,601,156,8,407,533,427,165,61,7,719,571,374,436,95
2019,4,A,골목상권,2111015,석촌역 3번,1352,778,574,1,151,315,350,351,184,1,72,199,216,181,109,0,79,116,134,170,75
2019,4,A,골목상권,2111014,송파나루역 2번,525,275,250,1,43,76,121,190,94,0,21,42,69,83,60,1,22,34,52,107,34
2019,4,A,골목상권,2111013,송파나루역 1번(송리단길),2234,1456,778,8,320,568,650,435,253,3,160,384,445,290,174,5,160,184,205,145,79
2019,4,A,골목상권,2111012,석촌역 6번,732,332,400,2,91,127,180,183,149,2,23,56,83,93,75,0,68,71,97,90,74
2019,4,A,골목상권,2111011,잠실나루역,9608,7747,1861,42,1275,3018,2795,2046,432,18,924,2492,2309,1674,330,24,351,526,486,372,102
2019,4,A,골목상권,2111010,석촌역 7번,1428,975,453,3,162,289,351,325,298,1,88,176,244,224,242,2,74,113,107,101,56
2019,4,A,골목상권,2111009,송파책박물관,127,92,35,1,13,38,27,22,26,0,11,32,17,14,18,1,2,6,10,8,8
2019,4,A,골목상권,2111008,석촌고분역 3번,1600,1210,390,1,185,292,294,400,428,1,151,243,216,259,340,0,34,49,78,141,88
2019,4,A,골목상권,2111007,석촌고분역 4번,936,480,456,0,107,215,255,242,117,0,43,116,142,109,70,0,64,99,113,133,47
2019,4,A,골목상권,2111006,석촌고분역 1번,1112,721,391,0,127,292,337,203,153,0,56,169,242,135,119,0,71,123,95,68,34
2019,4,A,골목상권,2111005,삼전역 3번,1865,1358,507,0,320,617,459,302,167,0,215,449,339,222,133,0,105,168,120,80,34
2019,4,A,골목상권,2111004,삼전역 1번,2036,1331,705,13,263,407,504,376,473,0,108,261,337,239,386,13,155,146,167,137,87
2019,4,A,골목상권,2111003,삼전역 4번,1991,1333,658,6,249,412,547,436,341,1,160,278,331,307,256,5,89,134,216,129,85
2019,4,A,골목상권,2111002,한국교통안전공단 강남자동차검사소,317,115,202,0,22,63,65,96,71,0,7,31,21,26,30,0,15,32,44,70,41
2019,4,A,골목상권,2111001,아래방죽마을공원(율현초등학교),70,44,26,0,2,10,16,22,20,0,1,7,13,13,10,0,1,3,3,9,10
2019,4,A,골목상권,2111000,대왕초등학교(세곡동사거리서남측),39,20,19,0,7,10,12,8,2,0,0,4,10,4,2,0,7,6,2,4,0
2019,4,A,골목상권,2110999,윗방죽마을공원,268,130,138,2,19,43,44,83,77,1,12,27,27,39,24,1,7,16,17,44,53
2019,4,A,골목상권,2110998,은곡마을(은곡마을공원),23,15,8,0,2,8,6,5,2,0,0,4,5,5,1,0,2,4,1,0,1
2019,4,A,골목상권,2110997,대청초등학교,1724,959,765,4,230,291,391,383,425,2,111,162,200,210,274,2,119,129,191,173,151
2019,4,A,골목상권,2110996,대치2동주민센터,1959,1227,732,2,83,278,351,342,903,0,48,209,277,247,446,2,35,69,74,95,457
2019,4,A,골목상권,2110995,봉은사역 4번,5085,3711,1374,9,978,2002,1271,637,188,2,575,1477,990,523,144,7,403,525,281,114,44
2019,4,A,골목상권,2110994,개포고등학교,494,382,112,7,65,161,123,110,28,4,47,134,103,73,21,3,18,27,20,37,7
2019,4,A,골목상권,2110993,개포지하차도 북측,70,53,17,0,3,9,19,23,16,0,2,7,16,18,10,0,1,2,3,5,6
2019,4,A,골목상권,2110992,도곡초등학교,2179,1144,1035,3,269,440,484,524,459,1,108,253,258,260,264,2,161,187,226,264,195
2019,4,A,골목상권,2110991,삼성중앙역 5번,1246,794,452,1,111,415,339,275,105,1,28,243,229,216,77,0,83,172,110,59,28
2019,4,A,골목상권,2110990,청담역 12번,262,109,153,2,61,92,56,36,15,0,12,32,29,23,13,2,49,60,27,13,2
2019,4,A,골목상권,2110989,대치동아우편취급국,444,270,174,9,90,148,75,68,54,0,43,102,43,44,38,9,47,46,32,24,16
2019,4,A,골목상권,2110988,청담역 3번,1594,1016,578,1,243,425,364,346,215,1,82,247,247,262,177,0,161,178,117,84,38
2019,4,A,골목상권,2110987,영동대교남단,473,237,236,2,91,86,93,107,94,1,46,51,44,40,55,1,45,35,49,67,39
2019,4,A,골목상권,2110986,삼성중앙역 7번,90,59,31,0,9,18,36,19,8,0,3,6,29,15,6,0,6,12,7,4,2
2019,4,A,골목상권,2110985,청담근린공원,1338,948,390,0,193,447,374,226,98,0,98,346,275,157,72,0,95,101,99,69,26
2019,4,A,골목상권,2110984,포이초등학교(개포목련어린이공원),1556,1046,510,2,236,342,331,306,339,0,140,241,211,199,255,2,96,101,120,107,84
2019,4,A,골목상권,2110983,국립국악고등학교,783,534,249,6,126,212,125,145,169,2,44,137,94,111,146,4,82,75,31,34,23
2019,4,A,골목상권,2110982,강남구보훈회관,166,74,92,0,31,34,41,41,19,0,7,13,25,14,15,0,24,21,16,27,4
2019,4,A,골목상권,2110981,국악고교사거리,361,216,145,2,57,77,110,81,34,0,27,36,72,56,25,2,30,41,38,25,9
2019,4,A,골목상권,2110980,개포지구대옆,663,482,181,0,90,198,202,111,62,0,45,142,168,72,55,0,45,56,34,39,7
2019,4,A,골목상권,2110979,청담초등학교,2996,1912,1084,4,522,922,768,567,213,4,228,628,535,343,174,0,294,294,233,224,39
2019,4,A,골목상권,2110978,도곡2동주민센터(대치중학교),331,186,145,0,46,70,72,114,29,0,20,41,47,62,16,0,26,29,25,52,13
2019,4,A,골목상권,2110977,논현로18길,148,102,46,0,22,32,45,29,20,0,14,20,33,20,15,0,8,12,12,9,5
2019,4,A,골목상권,2110976,언북초등학교,578,332,246,1,111,188,126,86,66,0,41,115,83,49,44,1,70,73,43,37,22
2019,4,A,골목상권,2110975,매봉역 1번,10837,6932,3905,34,2175,2199,3202,3019,208,21,1010,1161,2184,2402,154,13,1165,1038,1018,617,54
2019,4,A,골목상권,2110974,언주중학교,292,179,113,3,60,72,89,44,24,3,27,43,62,28,16,0,33,29,27,16,8
2019,4,A,골목상권,2110973,강남구청역 4번,1451,786,665,4,275,333,289,271,279,1,146,203,162,130,144,3,129,130,127,141,135
2019,4,A,골목상권,2110972,강남세브란스병원미래의학연구센터,2628,1440,1188,17,539,669,692,581,130,4,240,428,438,258,72,13,299,241,254,323,58
2019,4,A,골목상권,2110971,선정릉역 4번,1542,900,642,11,278,455,380,254,164,6,140,270,245,120,119,5,138,185,135,134,45
2019,4,A,골목상권,2110970,학동초등학교,378,236,142,1,66,98,102,65,46,0,27,49,66,57,37,1,39,49,36,8,9
2019,4,A,골목상권,2110969,베르사이유1아파트,1546,1230,316,4,231,442,483,285,101,2,165,345,402,239,77,2,66,97,81,46,24
2019,4,A,골목상권,2110968,강남구청역 2번,1023,596,427,7,327,204,133,121,231,4,177,117,81,68,149,3,150,87,52,53,82
2019,4,A,골목상권,2110967,역삼역 8번,377,228,149,0,63,92,89,92,41,0,31,51,60,56,30,0,32,41,29,36,11
2019,4,A,골목상권,2110966,논현2동주민센터,1637,1017,620,18,470,498,300,218,133,7,256,298,200,147,109,11,214,200,100,71,24
2019,4,A,골목상권,2110965,언주역 6번,1139,788,351,1,174,379,378,142,65,1,104,276,284,74,49,0,70,103,94,68,16
2019,4,A,골목상권,2110964,싸리고개근린공원,217,124,93,0,29,60,59,34,35,0,8,32,36,23,25,0,21,28,23,11,10
2019,4,A,골목상권,2110963,역삼월드메르디앙아파트,780,547,233,1,126,185,226,154,88,0,79,146,171,97,54,1,47,39,55,57,34
2019,4,A,골목상권,2110962,도산공원북측,557,487,70,1,66,80,242,144,24,0,45,70,226,130,16,1,21,10,16,14,8
2019,4,A,골목상권,2110961,언주역 3번,962,673,289,5,172,286,248,140,111,3,97,184,187,112,90,2,75,102,61,28,21
2019,4,A,골목상권,2110960,은광여고,1522,692,830,5,207,255,373,502,180,4,55,110,190,212,121,1,152,145,183,290,59
2019,4,A,골목상권,2110959,신구중학교,271,140,131,0,14,66,82,79,30,0,7,36,49,29,19,0,7,30,33,50,11
2019,4,A,골목상권,2110958,역삼역 4번,994,759,235,1,96,197,300,295,105,1,46,133,254,240,85,0,50,64,46,55,20
2019,4,A,골목상권,2110957,언북중학교,1251,831,420,1,262,379,317,147,145,1,146,241,215,109,119,0,116,138,102,38,26
2019,4,A,골목상권,2110956,언주역 8번,1199,758,441,4,361,471,199,87,77,2,158,307,163,70,58,2,203,164,36,17,19
2019,4,A,골목상권,2110955,논현초등학교,3430,2238,1192,19,719,823,793,625,451,13,417,568,554,389,297,6,302,255,239,236,154
2019,4,A,골목상권,2110954,국기원,636,445,191,0,89,142,187,94,124,0,35,97,161,74,78,0,54,45,26,20,46
2019,4,A,골목상권,2110953,학동근린공원,2487,1583,904,15,679,891,571,218,113,0,336,572,409,180,86,15,343,319,162,38,27
2019,4,A,골목상권,2110952,논현목련공원,117,65,52,0,21,23,27,22,24,0,9,13,13,14,16,0,12,10,14,8,8
2019,4,A,골목상권,2110951,신사은행나무공원,273,75,198,0,35,83,96,51,8,0,6,24,27,15,3,0,29,59,69,36,5
2019,4,A,골목상권,2110950,논현역 7번,2981,1929,1052,1,829,1305,518,230,98,0,418,886,383,173,69,1,411,419,135,57,29
2019,4,A,골목상권,2110949,한남IC,1683,1193,490,5,288,565,435,305,85,2,112,398,347,261,73,3,176,167,88,44,12
2019,4,A,골목상권,2110947,청계산입구역 2번(내곡동주민센터),121,48,73,0,19,18,29,21,34,0,9,9,15,7,8,0,10,9,14,14,26
2019,4,A,골목상권,2110946,청계산원터골,48,24,24,0,2,6,8,16,16,0,2,3,6,3,10,0,0,3,2,13,6
2019,4,A,골목상권,2110945,본마을노인복지센터(서초구립내곡도서관),191,114,77,3,44,57,37,33,17,3,14,31,25,28,13,0,30,26,12,5,4
2019,4,A,골목상권,2110944,서울나래학교(염곡어린이공원),1053,735,318,10,133,246,201,217,246,8,98,194,153,139,143,2,35,52,48,78,103
2019,4,A,골목상권,2110943,법제교육센터(버들어린이공원),1122,578,544,1,67,165,357,323,209,1,36,99,151,140,151,0,31,66,206,183,58
2019,4,A,골목상권,2110942,염곡동 구룡사(포이동성당),3242,1952,1290,7,578,932,791,613,321,3,328,587,461,351,222,4,250,345,330,262,99
2019,4,A,골목상권,2110941,언남고등학교,261,158,103,0,33,46,89,58,35,0,14,26,51,40,27,0,19,20,38,18,8
2019,4,A,골목상권,2110940,양재근린공원(양재2동주민센터),1043,755,288,9,186,346,264,145,93,8,116,256,200,103,72,1,70,90,64,42,21
2019,4,A,골목상권,2110939,양재역 8번(양재동우체국),5945,4103,1842,23,971,1415,1465,1168,903,15,500,989,1056,798,745,8,471,426,409,370,158
2019,4,A,골목상권,2110938,바우뫼공원,1784,1137,647,1,294,551,489,326,123,0,172,392,303,169,101,1,122,159,186,157,22
2019,4,A,골목상권,2110937,방아다리근린공원(횃불트리니티신학대학원대학교),2465,1270,1195,7,634,861,542,318,103,6,246,507,335,113,63,1,388,354,207,205,40
2019,4,A,골목상권,2110936,더케이호텔(양재리본타워2단지아파트),832,552,280,3,109,260,215,175,70,0,53,154,159,131,55,3,56,106,56,44,15
2019,4,A,골목상권,2110935,한전아트센터,379,264,115,2,53,108,105,72,39,2,33,82,75,46,26,0,20,26,30,26,13
2019,4,A,골목상권,2110934,우면주공아파트,998,677,321,6,198,291,253,164,86,5,83,217,195,113,64,1,115,74,58,51,22
2019,4,A,골목상권,2110933,한국상담대학원대학교,679,60,619,0,344,156,86,63,30,0,10,15,15,5,15,0,334,141,71,58,15
2019,4,A,골목상권,2110932,서울시인재개발원,532,384,148,2,128,170,127,64,41,2,76,116,100,54,36,0,52,54,27,10,5
2019,4,A,골목상권,2110931,삼성전자서울R&D(서울우면초등학교),100,51,49,0,37,31,18,7,7,0,12,16,10,7,6,0,25,15,8,0,1
2019,4,A,골목상권,2110930,서초동성당,2178,1774,404,8,284,588,694,433,171,2,190,448,591,393,150,6,94,140,103,40,21
2019,4,A,골목상권,2110929,남부터미널역 1번,21130,10703,10427,21,4446,4558,3912,7143,1050,4,1209,1890,1718,5123,759,17,3237,2668,2194,2020,291
2019,4,A,골목상권,2110928,서초우방유쉘아파트,596,491,105,1,57,109,125,205,99,1,29,76,109,190,86,0,28,33,16,15,13
2019,4,A,골목상권,2110927,잠원역,745,553,192,2,93,342,198,98,12,2,82,218,159,81,11,0,11,124,39,17,1
2019,4,A,골목상권,2110926,신중초등학교,1610,1175,435,6,193,359,463,382,207,3,114,263,355,292,148,3,79,96,108,90,59
2019,4,A,골목상권,2110925,서초중학교,873,496,377,0,104,137,244,222,166,0,38,65,146,132,115,0,66,72,98,90,51
2019,4,A,골목상권,2110924,반포4동주민센터(몽마르뜨공원),1330,886,444,5,203,305,407,298,112,1,85,181,300,236,83,4,118,124,107,62,29
2019,4,A,골목상권,2110923,방배역 1번,210,153,57,0,34,56,55,41,24,0,21,38,42,34,18,0,13,18,13,7,6
2019,4,A,골목상권,2110922,내방역 1번,224,114,110,1,42,48,47,43,43,0,13,23,27,23,28,1,29,25,20,20,15
2019,4,A,골목상권,2110921,서울프랑스학교,522,321,201,7,63,71,118,142,121,2,30,43,82,90,74,5,33,28,36,52,47
2019,4,A,골목상권,2110920,방배역 2번(백석예술대학교),359,205,154,0,23,53,125,118,40,0,5,29,65,75,31,0,18,24,60,43,9
2019,4,A,골목상권,2110919,내방역 8번,1539,1126,413,3,142,311,413,419,251,1,60,179,331,354,201,2,82,132,82,65,50
2019,4,A,골목상권,2110918,방배역 3번,682,438,244,3,98,127,164,142,148,2,59,85,108,86,98,1,39,42,56,56,50
2019,4,A,골목상권,2110917,서초소방서,1505,939,566,6,157,432,402,355,153,2,72,281,295,181,108,4,85,151,107,174,45
2019,4,A,골목상권,2110916,내방역 4번,1152,592,560,9,216,272,301,208,146,6,58,167,187,91,83,3,158,105,114,117,63
2019,4,A,골목상권,2110915,서래초등학교,2807,2202,605,14,421,877,1027,379,89,11,280,648,849,336,78,3,141,229,178,43,11
2019,4,A,골목상권,2110914,내방역 6번,146,116,30,0,26,31,37,26,26,0,17,26,26,24,23,0,9,5,11,2,3
2019,4,A,골목상권,2110913,방현초등학교(방배119안전센터),3305,2117,1188,7,572,1265,879,376,206,4,272,824,627,237,153,3,300,441,252,139,53
2019,4,A,골목상권,2110912,방배동사이길,210,128,82,3,33,45,53,42,34,2,16,27,39,21,23,1,17,18,14,21,11
2019,4,A,골목상권,2110911,방배배수지체육공원,29,22,7,0,6,3,7,5,8,0,6,2,4,4,6,0,0,1,3,1,2
2019,4,A,골목상권,2110910,내방역 5번,614,240,374,5,72,124,157,176,80,3,30,69,52,49,37,2,42,55,105,127,43
2019,4,A,골목상권,2110909,남태령역(서울전자고등학교),132,97,35,1,11,29,23,34,34,1,4,19,16,29,28,0,7,10,7,5,6
2019,4,A,골목상권,2110908,구반포역,1525,377,1148,0,66,111,397,806,145,0,42,54,71,141,69,0,24,57,326,665,76
2019,4,A,골목상권,2110907,방배초등학교,878,506,372,8,144,197,239,157,133,5,66,109,122,99,105,3,78,88,117,58,28
2019,4,A,골목상권,2110906,서문여고,683,362,321,2,217,106,119,106,133,0,59,58,72,62,111,2,158,48,47,44,22
2019,4,A,골목상권,2110905,방배노인종합복지관(이수중학교),287,176,111,1,36,71,71,63,45,0,18,38,45,41,34,1,18,33,26,22,11
2019,4,A,골목상권,2110904,이수역 5번,835,468,367,4,167,217,239,139,69,1,90,125,135,59,58,3,77,92,104,80,11
2019,4,A,골목상권,2110903,방배아이파크아파트,7222,2653,4569,7,1242,1778,2487,1322,386,1,333,597,951,599,172,6,909,1181,1536,723,214
2019,4,A,골목상권,2110902,사당역 4번,1201,739,462,1,193,270,296,250,191,0,84,171,204,158,122,1,109,99,92,92,69
2019,4,A,골목상권,2110901,인헌고등학교(인헌중학교),262,154,108,3,44,64,75,55,21,3,23,40,40,32,16,0,21,24,35,23,5
2019,4,A,골목상권,2110900,낙성대역 1번(관악구민 종합체육센터),457,257,200,1,95,125,123,89,24,1,49,65,69,54,19,0,46,60,54,35,5
2019,4,A,골목상권,2110899,낙성대역 5번(관악중학교),690,448,242,0,167,185,166,123,49,0,107,135,96,71,39,0,60,50,70,52,10
2019,4,A,골목상권,2110898,청림동주민센터(상도중학교),66,27,39,0,16,14,14,16,6,0,5,3,8,7,4,0,11,11,6,9,2
2019,4,A,골목상권,2110897,서울대입구역 8번,219,139,80,0,16,45,69,64,25,0,7,24,40,44,24,0,9,21,29,20,1
2019,4,A,골목상권,2110896,관악우성아파트,202,49,153,0,41,37,44,47,33,0,5,7,11,13,13,0,36,30,33,34,20
2019,4,A,골목상권,2110895,샤로수길,1796,1222,574,3,307,721,360,233,172,2,170,534,234,152,130,1,137,187,126,81,42
2019,4,A,골목상권,2110894,관악동부센트레빌아파트(은천로35라길),20,8,12,0,2,4,3,6,5,0,0,2,1,2,3,0,2,2,2,4,2
2019,4,A,골목상권,2110893,관악소방서(문영여고),353,303,50,0,39,110,66,113,25,0,29,96,57,99,22,0,10,14,9,14,3
2019,4,A,골목상권,2110892,관악구 중앙길,709,341,368,0,69,110,159,221,150,0,25,55,76,105,80,0,44,55,83,116,70
2019,4,A,골목상권,2110891,구암초등학교,47,22,25,0,5,1,22,16,3,0,1,0,11,8,2,0,4,1,11,8,1
2019,4,A,골목상권,2110890,봉천역 1번(관악초등학교),261,152,109,1,22,44,95,70,29,0,4,22,59,46,21,1,18,22,36,24,8
2019,4,A,골목상권,2110889,봉천역 6번,376,317,59,0,29,36,69,136,106,0,18,20,47,130,102,0,11,16,22,6,4
2019,4,A,골목상권,2110888,청룡동주민센터,94,53,41,0,5,9,11,22,47,0,3,2,4,6,38,0,2,7,7,16,9
2019,4,A,골목상권,2110887,서울산업정보학교(서울삼성초등학교),19,11,8,0,1,4,7,6,1,0,0,0,4,6,1,0,1,4,3,0,0
2019,4,A,골목상권,2110886,관악해태어린이공원,188,103,85,1,38,50,41,36,22,1,18,28,21,23,12,0,20,22,20,13,10
2019,4,A,골목상권,2110885,영락고등학교,340,214,126,0,37,58,94,89,62,0,18,33,61,57,45,0,19,25,33,32,17
2019,4,A,골목상권,2110884,봉천역 4번(봉천110안전센터),372,284,88,1,17,30,61,98,165,0,1,8,49,84,142,1,16,22,12,14,23
2019,4,A,골목상권,2110883,은천초등학교(은천교앞),212,126,86,2,21,44,71,49,25,1,12,25,43,29,16,1,9,19,28,20,9
2019,4,A,골목상권,2110882,신성초등학교,733,444,289,1,95,131,215,168,123,0,52,67,122,109,94,1,43,64,93,59,29
2019,4,A,골목상권,2110881,구립대학경로당(관악산샘말공원),1601,1304,297,1,317,452,460,271,100,1,225,376,399,232,71,0,92,76,61,39,29
2019,4,A,골목상권,2110880,신림역 1번,995,275,720,0,379,296,157,128,35,0,78,87,66,33,11,0,301,209,91,95,24
2019,4,A,골목상권,2110879,신림현대아파트,17,7,10,0,2,3,5,5,2,0,1,2,2,2,0,0,1,1,3,3,2
2019,4,A,골목상권,2110878,미림여고,368,218,150,3,43,114,101,78,29,0,19,63,68,43,25,3,24,51,33,35,4
2019,4,A,골목상권,2110877,신림역 8번,319,154,165,2,23,63,86,80,65,0,10,30,36,39,39,2,13,33,50,41,26
2019,4,A,골목상권,2110876,서원동주민센터(신관중학교),49,29,20,0,5,9,16,9,10,0,2,4,10,4,9,0,3,5,6,5,1
2019,4,A,골목상권,2110875,보라매동주민센터(당곡고등학교),16,13,3,0,3,2,5,4,2,0,2,2,3,4,2,0,1,0,2,0,0
2019,4,A,골목상권,2110874,원신초등학교(구세군관악영문교회),46,15,31,1,4,19,7,12,3,1,1,3,3,6,1,0,3,16,4,6,2
2019,4,A,골목상권,2110873,당곡중학교,343,166,177,0,68,79,86,74,36,0,29,39,39,36,23,0,39,40,47,38,13
2019,4,A,골목상권,2110872,신림초등학교,277,195,82,3,54,68,69,53,30,3,36,54,54,41,7,0,18,14,15,12,23
2019,4,A,골목상권,2110871,신원동주민센터,159,101,58,1,12,40,45,37,24,0,8,25,27,25,16,1,4,15,18,12,8
2019,4,A,골목상권,2110869,"신림역 5번(신림동주민센터, 신림동별빛거리)",1026,681,345,1,79,136,248,233,329,1,36,73,143,155,273,0,43,63,105,78,56
2019,4,A,골목상권,2110868,남부초등학교,232,126,106,0,20,29,45,49,89,0,11,23,22,28,42,0,9,6,23,21,47
2019,4,A,골목상권,2110867,국제신학대학원대학교(남서울중학교),202,117,85,0,8,34,39,53,68,0,2,15,21,32,47,0,6,19,18,21,21
2019,4,A,골목상권,2110866,난우중학교,171,91,80,0,20,36,34,62,19,0,14,20,12,29,16,0,6,16,22,33,3
2019,4,A,골목상권,2110865,남강고등학교(남강중학교),336,143,193,4,66,72,69,85,40,2,16,34,28,34,29,2,50,38,41,51,11
2019,4,A,골목상권,2110864,신림우방아파트,236,161,75,0,31,48,53,60,44,0,21,31,37,43,29,0,10,17,16,17,15
2019,4,A,골목상권,2110863,난우초등학교,319,179,140,6,40,61,63,79,70,5,23,30,38,36,47,1,17,31,25,43,23
2019,4,A,골목상권,2110862,난곡초등학교(난곡동벽화마을),84,41,43,0,4,13,14,34,19,0,2,6,11,15,7,0,2,7,3,19,12
2019,4,A,골목상권,2110861,관악구신사동주민센터,1182,608,574,1,215,377,263,209,117,1,71,194,161,105,76,0,144,183,102,104,41
2019,4,A,골목상권,2110860,호림박물관(성보고등학교),410,314,96,1,57,102,66,110,74,1,44,84,47,78,60,0,13,18,19,32,14
2019,4,A,골목상권,2110859,난향초등학교,182,113,69,0,11,32,42,52,45,0,0,21,27,30,35,0,11,11,15,22,10
2019,4,A,골목상권,2110858,신대방역 1번,66,33,33,0,5,9,17,7,28,0,0,1,6,2,24,0,5,8,11,5,4
2019,4,A,골목상권,2110857,미성동주민센터,431,229,202,9,60,64,70,108,120,9,34,48,41,46,51,0,26,16,29,62,69
2019,4,A,골목상권,2110856,미성초등학교,538,295,243,3,58,85,170,150,72,1,28,44,99,71,52,2,30,41,71,79,20
2019,4,A,골목상권,2110855,신대방역 2번,429,275,154,2,53,111,126,90,47,0,22,81,83,55,34,2,31,30,43,35,13
2019,4,A,골목상권,2110854,조원동주민센터,55,39,16,0,4,5,17,21,8,0,3,5,9,15,7,0,1,0,8,6,1
2019,4,A,골목상권,2110853,KT구로지사,213,127,86,0,21,47,65,50,30,0,9,26,44,27,21,0,12,21,21,23,9
2019,4,A,골목상권,2110852,이수역 9번,198,121,77,0,26,35,54,38,45,0,12,20,30,23,36,0,14,15,24,15,9
2019,4,A,골목상권,2110851,경문고등학교(동작동성당),485,233,252,0,79,136,140,102,28,0,32,53,66,66,16,0,47,83,74,36,12
2019,4,A,골목상권,2110850,사당역 10번,969,487,482,4,217,207,185,162,194,1,54,88,92,95,157,3,163,119,93,67,37
2019,4,A,골목상권,2110849,이수역 10번,220,130,90,1,37,52,58,40,32,0,12,33,34,25,26,1,25,19,24,15,6
2019,4,A,골목상권,2110848,양지어린이공원,486,307,179,0,36,68,152,132,98,0,6,39,85,93,84,0,30,29,67,39,14
2019,4,A,골목상권,2110847,예술인마을,460,225,235,3,53,139,142,78,45,3,13,62,76,38,33,0,40,77,66,40,12
2019,4,A,골목상권,2110846,남성역 1번,535,290,245,1,66,120,146,135,67,0,25,59,78,74,54,1,41,61,68,61,13
2019,4,A,골목상권,2110845,사당종합체육관,119,51,68,0,9,17,39,36,18,0,5,8,19,9,10,0,4,9,20,27,8
2019,4,A,골목상권,2110844,흑석2치안센터,7,5,2,0,2,1,1,0,3,0,1,1,1,0,2,0,1,0,0,0,1
2019,4,A,골목상권,2110843,사당5동주민센터,181,135,46,1,22,25,55,52,26,0,16,17,34,44,24,1,6,8,21,8,2
2019,4,A,골목상권,2110842,흑리단길,43,14,29,0,7,8,8,12,8,0,2,2,3,2,5,0,5,6,5,10,3
2019,4,A,골목상권,2110841,중대부중,88,36,52,0,11,17,16,25,19,0,5,7,5,11,8,0,6,10,11,14,11
2019,4,A,골목상권,2110840,중앙대학교,165,92,73,0,24,22,52,43,24,0,12,12,32,21,15,0,12,10,20,22,9
2019,4,A,골목상권,2110839,숭실대입구역 4번,187,67,120,0,10,51,57,46,23,0,2,14,22,11,18,0,8,37,35,35,5
2019,4,A,골목상권,2110838,상도1동주민센터앞,131,122,9,0,3,32,30,35,31,0,3,27,27,35,30,0,0,5,3,0,1
2019,4,A,골목상권,2110837,숭실대입구역 1번,373,195,178,1,39,76,84,80,93,0,19,32,43,32,69,1,20,44,41,48,24
2019,4,A,골목상권,2110836,상도역 5번,3057,1846,1211,9,550,798,701,647,352,2,238,486,453,447,220,7,312,312,248,200,132
2019,4,A,골목상권,2110835,상도역 1번,285,161,124,0,81,92,57,35,20,0,32,59,36,16,18,0,49,33,21,19,2
2019,4,A,골목상권,2110834,동작구자원봉사센터,38,22,16,0,3,5,6,10,14,0,2,2,6,5,7,0,1,3,0,5,7
2019,4,A,골목상권,2110833,상도역 2번,266,172,94,2,20,64,76,77,27,0,17,51,48,37,19,2,3,13,28,40,8
2019,4,A,골목상권,2110832,노량진초등학교,377,171,206,0,38,51,93,141,54,0,14,22,57,55,23,0,24,29,36,86,31
2019,4,A,골목상권,2110831,상도4동주민센터,72,40,32,0,3,13,14,29,13,0,3,6,6,18,7,0,0,7,8,11,6
2019,4,A,골목상권,2110830,상도초등학교,281,152,129,0,22,61,73,85,40,0,7,29,36,54,26,0,15,32,37,31,14
2019,4,A,골목상권,2110829,장승배기역 5번,536,417,119,0,195,137,79,53,72,0,177,106,49,40,45,0,18,31,30,13,27
2019,4,A,골목상권,2110828,노량진역 6번,3010,2066,944,9,471,1047,854,467,162,3,252,711,639,357,104,6,219,336,215,110,58
2019,4,A,골목상권,2110827,NH농협은행 상도동지점,262,93,169,0,39,51,73,65,34,0,11,18,20,28,16,0,28,33,53,37,18
2019,4,A,골목상권,2110826,장승배기역 4번,366,149,217,2,20,37,57,103,147,1,8,22,28,38,52,1,12,15,29,65,95
2019,4,A,골목상권,2110825,신대방삼거리역 1번,316,205,111,0,33,63,94,71,55,0,23,41,57,46,38,0,10,22,37,25,17
2019,4,A,골목상권,2110824,대방역 3번,296,102,194,1,48,91,92,42,22,0,11,26,29,23,13,1,37,65,63,19,9
2019,4,A,골목상권,2110823,신대방삼거리역 3번,472,242,230,0,30,45,83,121,193,0,17,26,40,42,117,0,13,19,43,79,76
2019,4,A,골목상권,2110822,신대방삼거리역 4번(대림초등학교),311,130,181,0,57,71,68,74,41,0,13,28,34,34,21,0,44,43,34,40,20
2019,4,A,골목상권,2110821,보라매역 2번,595,353,242,0,73,109,140,135,138,0,34,65,79,87,88,0,39,44,61,48,50
2019,4,A,골목상권,2110820,성남고등학교,3101,2470,631,1,651,742,555,991,161,0,438,581,448,879,124,1,213,161,107,112,37
2019,4,A,골목상권,2110819,신대방역 4번,510,262,248,0,64,99,128,93,126,0,15,37,58,62,90,0,49,62,70,31,36
2019,4,A,골목상권,2110818,신대방역 3번,20,9,11,0,1,3,7,7,2,0,1,3,2,1,2,0,0,0,5,6,0
2019,4,A,골목상권,2110817,대방역 4번,286,227,59,1,38,51,90,59,47,0,19,35,79,53,41,1,19,16,11,6,6
2019,4,A,골목상권,2110816,대방역 6번,521,404,117,1,73,138,153,68,88,1,50,109,114,50,80,0,23,29,39,18,8
2019,4,A,골목상권,2110815,공군호텔,2240,785,1455,4,425,514,476,507,314,0,88,195,167,170,165,4,337,319,309,337,149
2019,4,A,골목상권,2110814,서울지방병무청,673,364,309,1,51,117,155,236,113,1,23,79,97,104,60,0,28,38,58,132,53
2019,4,A,골목상권,2110813,보라매역 6번,286,167,119,3,22,37,50,74,100,3,15,21,24,39,65,0,7,16,26,35,35
2019,4,A,골목상권,2110812,신길6동주민센터,363,245,118,0,69,115,106,50,23,0,34,78,85,29,19,0,35,37,21,21,4
2019,4,A,골목상권,2110811,보라매역 4번,187,94,93,0,22,41,49,52,23,0,8,22,18,27,19,0,14,19,31,25,4
2019,4,A,골목상권,2110810,영신초등학교,395,178,217,0,53,143,63,80,56,0,20,65,31,44,18,0,33,78,32,36,38
2019,4,A,골목상권,2110809,장훈고등학교,112,61,51,0,7,15,30,23,37,0,3,5,11,17,25,0,4,10,19,6,12
2019,4,A,골목상권,2110808,신길역 1번,67,48,19,0,3,22,21,13,8,0,3,15,14,9,7,0,0,7,7,4,1
2019,4,A,골목상권,2110807,신길역 3번,102,70,32,0,6,16,23,27,30,0,4,8,18,19,21,0,2,8,5,8,9
2019,4,A,골목상권,2110806,서울시립영등포장애인복지관,76,42,34,0,18,30,13,13,2,0,5,16,9,11,1,0,13,14,4,2,1
2019,4,A,골목상권,2110805,신길새마을금고신길4동지점,45,27,18,0,6,12,12,8,7,0,2,7,6,5,7,0,4,5,6,3,0
2019,4,A,골목상권,2110804,신풍역 1번,312,187,125,0,15,37,62,63,135,0,4,15,29,35,104,0,11,22,33,28,31
2019,4,A,골목상권,2110803,신길2동우편취급국,304,220,84,0,17,27,56,62,142,0,6,14,33,39,128,0,11,13,23,23,14
2019,4,A,골목상권,2110802,신길동홍어거리,336,159,177,1,59,113,86,61,16,0,18,45,44,40,12,1,41,68,42,21,4
2019,4,A,골목상권,2110800,영등포동성당,227,153,74,0,26,34,61,66,40,0,13,22,37,46,35,0,13,12,24,20,5
2019,4,A,골목상권,2110799,영등포본동주민센터,119,86,33,5,21,16,11,22,44,3,12,10,6,15,40,2,9,6,5,7,4
2019,4,A,골목상권,2110798,신풍역 2번,53,20,33,0,2,13,14,13,11,0,0,3,3,6,8,0,2,10,11,7,3
2019,4,A,골목상권,2110797,KT대방빌딩,52,10,42,1,7,10,12,11,11,0,0,0,1,3,6,1,7,10,11,8,5
2019,4,A,골목상권,2110796,한림대학교한강성심병원,87,52,35,1,7,19,26,19,15,0,4,11,17,9,11,1,3,8,9,10,4
2019,4,A,골목상권,2110795,도림초등학교,533,356,177,0,20,49,80,128,256,0,8,36,48,74,190,0,12,13,32,54,66
2019,4,A,골목상권,2110794,영동초등학교,632,494,138,0,87,115,178,167,85,0,47,89,148,135,75,0,40,26,30,32,10
2019,4,A,골목상권,2110792,영등포역 2번,3400,1767,1633,28,563,880,843,862,224,11,229,398,466,530,133,17,334,482,377,332,91
2019,4,A,골목상권,2110791,신풍역 3번,25,17,8,0,1,5,9,9,1,0,0,2,6,8,1,0,1,3,3,1,0
2019,4,A,골목상권,2110790,대림1동주민센터,739,336,403,1,74,163,280,161,60,1,46,71,88,77,53,0,28,92,192,84,7
2019,4,A,골목상권,2110789,대림성모병원,491,182,309,0,104,137,115,93,42,0,16,44,49,43,30,0,88,93,66,50,12
2019,4,A,골목상권,2110788,영등포시장역 3번,28,22,6,0,4,5,7,9,3,0,3,5,6,6,2,0,1,0,1,3,1
2019,4,A,골목상권,2110787,신길3동주민센터,171,122,49,0,19,35,47,42,28,0,8,25,36,31,22,0,11,10,11,11,6
2019,4,A,골목상권,2110786,당산역 8번,271,179,92,2,20,41,60,51,97,2,8,21,42,38,68,0,12,20,18,13,29
2019,4,A,골목상권,2110785,영등포푸르지오아파트,161,84,77,2,13,17,39,44,46,2,8,12,24,14,24,0,5,5,15,30,22
2019,4,A,골목상권,2110784,신대림초등학교,76,42,34,0,3,11,18,36,8,0,0,7,12,18,5,0,3,4,6,18,3
2019,4,A,골목상권,2110783,영등포시장역 1번,292,154,138,1,26,37,35,67,126,1,19,27,16,33,58,0,7,10,19,34,68
2019,4,A,골목상권,2110782,영등포시장역 4번,127,87,40,1,13,24,48,27,14,1,5,16,36,17,12,0,8,8,12,10,2
2019,4,A,골목상권,2110781,대림한신아파트,182,112,70,0,23,29,51,38,41,0,8,16,34,23,31,0,15,13,17,15,10
2019,4,A,골목상권,2110780,신길대성유니드아파트,223,171,52,0,22,42,71,56,32,0,18,34,51,41,27,0,4,8,20,15,5
2019,4,A,골목상권,2110779,대림갑을명가아파트,33,24,9,0,2,5,13,7,6,0,1,4,10,4,5,0,1,1,3,3,1
2019,4,A,골목상권,2110778,구로디지털단지역 4번,1615,878,737,0,248,461,489,233,184,0,122,282,196,145,133,0,126,179,293,88,51
2019,4,A,골목상권,2110777,구로세무서,282,210,72,0,36,41,47,83,75,0,13,30,32,66,69,0,23,11,15,17,6
2019,4,A,골목상권,2110776,도신초등학교,168,106,62,0,12,20,48,63,25,0,11,10,35,34,16,0,1,10,13,29,9
2019,4,A,골목상권,2110775,대동초등학교,61,30,31,0,5,13,20,15,8,0,2,6,6,10,6,0,3,7,14,5,2
2019,4,A,골목상권,2110774,당산반도유보라팰리스아파트,472,355,117,0,59,119,131,96,67,0,34,81,109,80,51,0,25,38,22,16,16
2019,4,A,골목상권,2110773,당산역 13번,272,218,54,0,46,65,45,40,76,0,36,53,32,34,63,0,10,12,13,6,13
2019,4,A,골목상권,2110772,신우어린이공원,94,55,39,0,9,15,22,26,22,0,5,8,12,19,11,0,4,7,10,7,11
2019,4,A,골목상권,2110771,대림역 11번,955,604,351,0,22,38,128,210,557,0,21,30,73,131,349,0,1,8,55,79,208
2019,4,A,골목상권,2110770,영등포구청역 6번,263,191,72,1,45,49,77,45,46,1,24,41,54,28,43,0,21,8,23,17,3
2019,4,A,골목상권,2110769,대림차이나타운(대림역 12번),18,8,10,0,3,4,6,4,1,0,0,1,4,2,1,0,3,3,2,2,0
2019,4,A,골목상권,2110768,도림2동유수지내체육시설,294,155,139,0,20,43,63,73,95,0,7,22,32,41,53,0,13,21,31,32,42
2019,4,A,골목상권,2110767,도림동주민센터,34,3,31,0,9,5,12,6,2,0,0,0,2,1,0,0,9,5,10,5,2
2019,4,A,골목상권,2110766,대림역 5번,360,205,155,0,30,82,85,99,64,0,15,54,42,56,38,0,15,28,43,43,26
2019,4,A,골목상권,2110765,문래동사거리,889,619,270,2,80,133,209,175,290,1,38,78,140,126,236,1,42,55,69,49,54
2019,4,A,골목상권,2110764,문래역 3번,541,223,318,0,93,127,159,102,60,0,27,39,54,54,49,0,66,88,105,48,11
2019,4,A,골목상권,2110763,영등포구청역 2번,480,353,127,2,84,147,107,84,56,0,53,100,79,72,49,2,31,47,28,12,7
2019,4,A,골목상권,2110762,선유도역 1번,3139,2286,853,6,392,669,739,809,524,4,217,459,529,629,448,2,175,210,210,180,76
2019,4,A,골목상권,2110761,문래동남성맨션,180,106,74,0,13,43,45,41,38,0,8,17,26,25,30,0,5,26,19,16,8
2019,4,A,골목상권,2110760,선유도역 6번,1792,1091,701,8,273,444,499,376,192,6,170,256,275,219,165,2,103,188,224,157,27
2019,4,A,골목상권,2110759,문래예술촌(문래창작촌),4221,2165,2056,9,520,837,996,1286,573,5,266,550,589,466,289,4,254,287,407,820,284
2019,4,A,골목상권,2110758,문래소공원,296,221,75,1,44,77,70,67,37,0,32,60,46,52,31,1,12,17,24,15,6
2019,4,A,골목상권,2110757,양평역 2번,1501,1114,387,1,111,230,356,424,379,0,51,176,286,314,287,1,60,54,70,110,92
2019,4,A,골목상권,2110756,문래중학교,275,179,96,0,48,79,78,35,35,0,21,58,52,21,27,0,27,21,26,14,8
2019,4,A,골목상권,2110755,동일여자고등학교,199,53,146,0,10,24,47,74,44,0,4,9,16,12,12,0,6,15,31,62,32
2019,4,A,골목상권,2110754,삼성산자연공원(서울금천초등학교),199,75,124,1,21,41,47,39,50,0,6,18,28,10,13,1,15,23,19,29,37
2019,4,A,골목상권,2110753,시흥동 은행나무사거리,617,387,230,0,69,100,149,166,133,0,28,68,90,96,105,0,41,32,59,70,28
2019,4,A,골목상권,2110752,한울중학교,269,117,152,2,25,46,81,79,36,2,13,16,34,33,19,0,12,30,47,46,17
2019,4,A,골목상권,2110751,난곡중학교,730,397,333,2,48,217,240,177,46,2,21,117,127,91,39,0,27,100,113,86,7
2019,4,A,골목상권,2110750,시흥4동주민센터(서울신흥초등학교),397,221,176,4,78,83,80,104,48,4,47,62,43,33,32,0,31,21,37,71,16
2019,4,A,골목상권,2110749,금산초등학교(금천고등학교),448,273,175,0,61,105,110,121,51,0,33,67,55,82,36,0,28,38,55,39,15
2019,4,A,골목상권,2110748,백산초등학교,102,64,38,0,6,19,21,26,30,0,2,9,11,22,20,0,4,10,10,4,10
2019,4,A,골목상권,2110747,석수역 1번 출입구,823,612,211,0,46,84,169,227,297,0,27,52,102,165,266,0,19,32,67,62,31
2019,4,A,골목상권,2110746,금천금빛공원(은행나무사거리서측),70,48,22,0,5,11,22,21,11,0,3,9,13,15,8,0,2,2,9,6,3
2019,4,A,골목상권,2110745,독산동정훈단지,251,191,60,0,11,20,33,86,101,0,3,12,22,64,90,0,8,8,11,22,11
2019,4,A,골목상권,2110744,독산동성당,531,327,204,0,49,107,129,152,94,0,36,71,75,86,59,0,13,36,54,66,35
2019,4,A,골목상권,2110743,시흥초등학교(시흥1동우체국),191,130,61,0,18,31,48,50,44,0,10,20,32,37,31,0,8,11,16,13,13
2019,4,A,골목상권,2110742,KT금천빌딩(금천구시설관리공단),426,237,189,0,42,83,106,125,70,0,21,57,71,54,34,0,21,26,35,71,36
2019,4,A,골목상권,2110741,독산2동주민센터,444,159,285,0,69,117,96,108,54,0,43,35,26,33,22,0,26,82,70,75,32
2019,4,A,골목상권,2110740,금천해태공원,650,283,367,1,135,136,138,170,70,1,47,55,58,71,51,0,88,81,80,99,19
2019,4,A,골목상권,2110739,시흥3동 우편취급국,1558,585,973,1,167,288,537,525,40,0,50,153,224,133,25,1,117,135,313,392,15
2019,4,A,골목상권,2110738,문성초등학교,249,125,124,0,17,27,65,90,50,0,12,14,34,40,25,0,5,13,31,50,25
2019,4,A,골목상권,2110737,금천세무서,506,324,182,8,78,85,96,117,122,0,28,49,51,91,105,8,50,36,45,26,17
2019,4,A,골목상권,2110736,독산119안전센터,450,196,254,0,45,52,74,114,165,0,21,31,34,41,69,0,24,21,40,73,96
2019,4,A,골목상권,2110735,말미고개,520,330,190,0,64,115,140,140,61,0,31,79,94,79,47,0,33,36,46,61,14
2019,4,A,골목상권,2110734,금천파출소,92,47,45,0,7,11,21,29,24,0,3,5,14,13,12,0,4,6,7,16,12
2019,4,A,골목상권,2110733,금천어울림복지센터,374,293,81,3,34,89,74,90,84,3,22,67,59,66,76,0,12,22,15,24,8
2019,4,A,골목상권,2110732,가산초등학교(세일중학교),338,239,99,1,41,60,98,76,62,0,22,34,71,60,52,1,19,26,27,16,10
2019,4,A,골목상권,2110731,금천구청역 1번 출입구,1041,563,478,7,306,383,206,96,43,2,149,229,102,55,26,5,157,154,104,41,17
2019,4,A,골목상권,2110730,서울축산농협 독산역지점(독산파출소),660,376,284,1,80,105,117,201,156,1,30,58,54,113,120,0,50,47,63,88,36
2019,4,A,골목상권,2110729,가산동우체국,151,112,39,0,19,30,40,39,23,0,14,19,30,30,19,0,5,11,10,9,4
2019,4,A,골목상권,2110728,두산초등학교,4560,2778,1782,8,88,138,245,530,3551,8,64,86,123,279,2218,0,24,52,122,251,1333
2019,4,A,골목상권,2110727,독산역 1번 출입구,659,514,145,4,72,152,169,191,71,4,48,118,128,165,51,0,24,34,41,26,20
2019,4,A,골목상권,2110726,금천철쭉어린이공원(금하마을),222,172,50,0,19,25,41,62,75,0,17,16,22,45,72,0,2,9,19,17,3
2019,4,A,골목상권,2110725,가산동주민센터,85,59,26,0,6,20,22,20,17,0,3,15,16,12,13,0,3,5,6,8,4
2019,4,A,골목상권,2110724,금천구립가산도서관,366,254,112,1,42,76,122,89,36,1,33,60,90,45,25,0,9,16,32,44,11
2019,4,A,골목상권,2110723,가산디지털단지역 1번 출입구,286,247,39,0,6,10,37,130,103,0,6,5,26,113,97,0,0,5,11,17,6
2019,4,A,골목상권,2110722,G타워,1221,876,345,5,246,423,354,139,54,5,163,311,281,79,37,0,83,112,73,60,17
2019,4,A,골목상권,2110721,가리봉파출소,215,104,111,1,6,36,42,42,88,0,2,19,17,22,44,1,4,17,25,20,44
2019,4,A,골목상권,2110720,대림역 2번,158,73,85,0,23,25,43,35,32,0,10,11,15,15,22,0,13,14,28,20,10
2019,4,A,골목상권,2110719,영서중학교,52,44,8,0,6,9,9,14,14,0,6,7,8,13,10,0,0,2,1,1,4
2019,4,A,골목상권,2110718,한국SGI본부,1614,1061,553,3,308,462,397,336,108,3,167,313,292,220,66,0,141,149,105,116,42
2019,4,A,골목상권,2110717,남구로역 2번,570,271,299,0,108,155,142,104,61,0,49,84,75,34,29,0,59,71,67,70,32
2019,4,A,골목상권,2110716,구로나눔길,666,398,268,1,132,256,164,77,36,0,39,154,115,60,30,1,93,102,49,17,6
2019,4,A,골목상권,2110715,구로구민회관,93,64,29,0,13,15,30,27,8,0,5,11,20,21,7,0,8,4,10,6,1
2019,4,A,골목상권,2110714,구로4동주민센터,271,156,115,0,34,44,57,79,57,0,8,19,32,53,44,0,26,25,25,26,13
2019,4,A,골목상권,2110713,구로보건소,2668,1817,851,5,474,650,706,533,300,3,323,472,514,332,173,2,151,178,192,201,127
2019,4,A,골목상권,2110712,남구로역 5번,233,108,125,1,32,36,66,64,34,0,10,17,24,32,25,1,22,19,42,32,9
2019,4,A,골목상권,2110711,구로초등학교,818,332,486,4,62,122,166,288,176,2,26,70,82,75,77,2,36,52,84,213,99
2019,4,A,골목상권,2110710,남구로역 3번,606,370,236,3,83,96,105,121,198,3,46,63,63,68,127,0,37,33,42,53,71
2019,4,A,골목상권,2110709,구로119안전센터,162,94,68,0,16,19,44,46,37,0,13,12,28,25,16,0,3,7,16,21,21
2019,4,A,골목상권,2110708,화원어린이공원,64,27,37,0,8,12,12,23,9,0,1,4,5,9,8,0,7,8,7,14,1
2019,4,A,골목상권,2110707,구로창업지원센터,1045,760,285,4,141,266,246,253,135,3,78,195,185,186,113,1,63,71,61,67,22
2019,4,A,골목상권,2110706,그라운드 고척,410,100,310,0,122,101,101,68,18,0,22,20,28,20,10,0,100,81,73,48,8
2019,4,A,골목상권,2110705,고산초등학교,33,19,14,0,3,2,8,7,13,0,3,1,8,2,5,0,0,1,0,5,8
2019,4,A,골목상권,2110704,고척중학교,62,36,26,0,12,23,10,12,5,0,7,12,3,11,3,0,5,11,7,1,2
2019,4,A,골목상권,2110703,개봉역,569,449,120,4,28,60,119,170,188,3,16,35,79,141,175,1,12,25,40,29,13
2019,4,A,골목상권,2110702,개봉초등학교,131,93,38,1,15,18,33,34,30,1,10,13,23,24,22,0,5,5,10,10,8
2019,4,A,골목상권,2110701,고척동성당,567,379,188,2,126,185,125,92,37,0,81,133,82,54,29,2,45,52,43,38,8
2019,4,A,골목상권,2110700,고척초등학교,3249,2648,601,3,209,680,974,1176,207,2,119,533,803,1021,170,1,90,147,171,155,37
2019,4,A,골목상권,2110699,덕의초등학교,150,89,61,0,15,24,32,48,31,0,8,15,15,28,23,0,7,9,17,20,8
2019,4,A,골목상권,2110698,개웅초등학교(개웅중학교),279,178,101,3,50,50,54,65,57,3,25,32,32,40,46,0,25,18,22,25,11
2019,4,A,골목상권,2110697,개봉3동주민센터,244,152,92,1,55,64,52,43,29,1,27,41,33,30,20,0,28,23,19,13,9
2019,4,A,골목상권,2110696,오류동역 1번,2453,1671,782,32,831,951,335,223,81,16,483,739,238,133,62,16,348,212,97,90,19
2019,4,A,골목상권,2110695,개봉1동주민센터,546,314,232,1,57,150,143,123,72,1,31,97,72,64,49,0,26,53,71,59,23
2019,4,A,골목상권,2110694,세곡초등학교,445,249,196,2,55,149,90,98,51,0,24,76,51,60,38,2,31,73,39,38,13
2019,4,A,골목상권,2110693,오류동역 4번,17,9,8,0,1,3,5,4,4,0,1,3,2,2,1,0,0,0,3,2,3
2019,4,A,골목상권,2110692,큰굴다리,233,148,85,0,12,52,54,66,49,0,7,19,35,49,38,0,5,33,19,17,11
2019,4,A,골목상권,2110691,개봉중학교,395,205,190,0,37,65,119,115,59,0,20,38,49,52,46,0,17,27,70,63,13
2019,4,A,골목상권,2110690,오류2동버들시장,625,318,307,1,105,200,143,105,71,0,42,115,72,46,43,1,63,85,71,59,28
2019,4,A,골목상권,2110689,오류동역 3번,259,188,71,3,41,45,52,66,52,3,25,32,40,48,40,0,16,13,12,18,12
2019,4,A,골목상권,2110688,오류지구대,171,60,111,1,18,20,40,59,33,0,7,11,15,19,8,1,11,9,25,40,25
2019,4,A,골목상권,2110687,"천왕역 3번(오류2동주민센터, 서울오류남초등학교)",21,16,5,0,2,3,5,6,5,0,1,3,4,4,4,0,1,0,1,2,1
2019,4,A,골목상권,2110686,수궁동주민센터,490,245,245,2,50,83,135,127,93,2,25,37,72,61,48,0,25,46,63,66,45
2019,4,A,골목상권,2110685,금강수목원아파트,181,143,38,0,13,32,53,57,26,0,10,25,38,47,23,0,3,7,15,10,3
2019,4,A,골목상권,2110684,서울공연예술고등학교,157,72,85,2,28,31,36,36,24,0,7,17,19,19,10,2,21,14,17,17,14
2019,4,A,골목상권,2110683,오류고등학교,185,125,60,0,24,46,55,41,19,0,18,33,33,23,18,0,6,13,22,18,1
2019,4,A,골목상권,2110682,온수역 8번,137,128,9,0,3,5,14,43,72,0,2,3,11,42,70,0,1,2,3,1,2
2019,4,A,골목상권,2110681,온수역 1번,152,106,46,0,13,52,39,21,27,0,10,38,25,13,20,0,3,14,14,8,7
2019,4,A,골목상권,2110680,온수역 5번(온수산업단지),1184,1003,181,18,161,205,235,343,222,18,129,175,191,286,204,0,32,30,44,57,18
2019,4,A,골목상권,2110679,염창역 2번,578,407,171,3,90,207,152,80,46,2,50,149,111,58,37,1,40,58,41,22,9
2019,4,A,골목상권,2110678,염창무학아파트,242,188,54,1,30,57,84,47,23,1,15,49,67,39,17,0,15,8,17,8,6
2019,4,A,골목상권,2110677,등촌역 1번,410,321,89,1,50,80,83,91,105,1,24,51,70,76,99,0,26,29,13,15,6
2019,4,A,골목상권,2110676,등촌역 7번,237,141,96,0,31,35,66,57,48,0,13,21,37,37,33,0,18,14,29,20,15
2019,4,A,골목상권,2110675,화곡4동주민센터,289,186,103,0,28,62,73,65,61,0,11,36,40,50,49,0,17,26,33,15,12
2019,4,A,골목상권,2110674,강서구청가양동별관,491,327,164,1,69,102,106,109,104,1,54,78,63,51,80,0,15,24,43,58,24
2019,4,A,골목상권,2110673,뜸부기어린이공원,253,143,110,0,37,52,62,64,38,0,21,29,31,34,28,0,16,23,31,30,10
2019,4,A,골목상권,2110672,백석중학교,155,99,56,1,21,37,40,43,13,1,18,26,18,25,11,0,3,11,22,18,2
2019,4,A,골목상권,2110671,등촌1동주민센터,5012,3056,1956,13,1252,1442,1027,802,476,5,391,945,826,556,333,8,861,497,201,246,143
2019,4,A,골목상권,2110670,신곡초등학교,527,322,205,6,79,119,122,101,100,3,45,78,71,59,66,3,34,41,51,42,34
2019,4,A,골목상권,2110669,화곡보람2차아파트,80,49,31,0,11,20,24,17,8,0,3,12,18,14,2,0,8,8,6,3,6
2019,4,A,골목상권,2110668,화곡2동주민센터,471,278,193,0,55,70,139,127,80,0,22,33,81,77,65,0,33,37,58,50,15
2019,4,A,골목상권,2110667,가양역 10번,177,126,51,0,33,32,56,36,20,0,21,20,38,29,18,0,12,12,18,7,2
2019,4,A,골목상권,2110666,KC대학교,257,131,126,0,26,51,66,72,42,0,16,23,31,26,35,0,10,28,35,46,7
2019,4,A,골목상권,2110665,곰달래도서관,469,285,184,0,36,92,123,138,80,0,25,60,79,74,47,0,11,32,44,64,33
2019,4,A,골목상권,2110664,강서구청옆,111,48,63,0,14,10,31,43,13,0,11,7,10,9,11,0,3,3,21,34,2
2019,4,A,골목상권,2110663,우장산롯데캐슬아파트앞,316,232,84,0,7,25,59,116,109,0,3,18,30,84,97,0,4,7,29,32,12
2019,4,A,골목상권,2110662,까치산역 1번,1480,885,595,4,245,501,396,234,100,4,129,301,207,171,73,0,116,200,189,63,27
2019,4,A,골목상권,2110661,강서새말어린이공원,126,48,78,0,3,13,30,38,42,0,2,8,10,9,19,0,1,5,20,29,23
2019,4,A,골목상권,2110660,등촌3동주민센터,4614,2039,2575,10,469,707,766,1291,1371,5,197,427,424,447,539,5,272,280,342,844,832
2019,4,A,골목상권,2110659,화곡역 4번,867,512,355,11,102,182,240,188,144,9,52,115,144,110,82,2,50,67,96,78,62
2019,4,A,골목상권,2110658,화곡초등학교,253,153,100,0,21,55,62,69,46,0,10,35,36,44,28,0,11,20,26,25,18
2019,4,A,골목상권,2110657,양천향교역 5번,3180,2118,1062,12,334,603,741,695,795,8,191,396,493,385,645,4,143,207,248,310,150
2019,4,A,골목상권,2110656,까치산역 3번,838,498,340,13,89,209,253,192,82,12,52,128,154,93,59,1,37,81,99,99,23
2019,4,A,골목상권,2110655,발산역 5번,587,355,232,0,97,156,147,112,75,0,29,94,98,76,58,0,68,62,49,36,17
2019,4,A,골목상권,2110654,까치산역 4번,1021,686,335,2,68,147,249,380,175,1,38,81,139,281,146,1,30,66,110,99,29
2019,4,A,골목상권,2110653,화곡역 2번,910,490,420,1,191,271,239,169,39,0,79,136,119,134,22,1,112,135,120,35,17
2019,4,A,골목상권,2110652,양천향교역 2번,643,483,160,0,70,131,146,169,127,0,32,102,104,139,106,0,38,29,42,30,21
2019,4,A,골목상권,2110651,화원중학교,377,214,163,2,29,50,102,105,89,1,19,31,68,52,43,1,10,19,34,53,46
2019,4,A,골목상권,2110650,우장산힐스테이트,146,118,28,0,24,30,52,21,19,0,15,25,43,18,17,0,9,5,9,3,2
2019,4,A,골목상권,2110649,우장산역 1번,366,197,169,0,41,92,83,98,52,0,12,49,39,63,34,0,29,43,44,35,18
2019,4,A,골목상권,2110648,양천향교역 7번,13,5,8,0,1,7,1,3,1,0,0,3,1,1,0,0,1,4,0,2,1
2019,4,A,골목상권,2110647,화곡역 5번,890,459,431,2,116,227,219,230,96,1,44,137,110,116,51,1,72,90,109,114,45
2019,4,A,골목상권,2110646,푸른들청소년도서관,782,401,381,1,93,124,208,189,167,1,27,53,103,100,117,0,66,71,105,89,50
2019,4,A,골목상권,2110645,우장산역 4번,794,391,403,0,64,125,239,221,145,0,33,65,87,90,116,0,31,60,152,131,29
2019,4,A,골목상권,2110644,신광명마을,333,288,45,1,24,22,60,107,119,1,7,13,52,100,115,0,17,9,8,7,4
2019,4,A,골목상권,2110643,강서구다솔마을,653,413,240,1,97,165,199,139,52,0,47,101,136,93,36,1,50,64,63,46,16
2019,4,A,골목상권,2110642,정곡초등학교,193,163,30,2,8,14,35,69,65,1,4,10,30,58,60,1,4,4,5,11,5
2019,4,A,골목상권,2110641,공항고등학교,345,236,109,2,46,95,100,79,23,1,30,72,61,52,20,1,16,23,39,27,3
2019,4,A,골목상권,2110640,방화역 1번,1019,638,381,3,139,292,240,195,150,3,62,119,167,158,129,0,77,173,73,37,21
2019,4,A,골목상권,2110639,신방화역 8번,523,369,154,1,74,61,88,153,146,1,17,22,51,139,139,0,57,39,37,14,7
2019,4,A,골목상권,2110638,신방화역 2번,372,202,170,3,53,75,88,87,66,3,22,40,44,43,50,0,31,35,44,44,16
2019,4,A,골목상권,2110637,송정역 2번,540,357,183,4,62,117,114,147,96,0,34,74,81,100,68,4,28,43,33,47,28
2019,4,A,골목상권,2110636,방화역 2번,152,76,76,1,25,49,41,21,15,0,9,26,27,4,10,1,16,23,14,17,5
2019,4,A,골목상권,2110635,공항시장역 3번,1482,399,1083,4,71,92,165,488,662,1,44,62,64,34,194,3,27,30,101,454,468
2019,4,A,골목상권,2110634,송정역 3번,664,434,230,0,64,143,178,145,134,0,33,90,116,101,94,0,31,53,62,44,40
2019,4,A,골목상권,2110633,개화산역 1번,115,89,26,2,29,34,27,15,8,2,28,22,19,10,8,0,1,12,8,5,0
2019,4,A,골목상권,2110632,방화역 3번,1075,887,188,2,42,127,400,334,170,1,21,90,353,281,141,1,21,37,47,53,29
2019,4,A,골목상권,2110631,방화초등학교,359,177,182,2,35,71,73,103,75,2,21,42,39,38,35,0,14,29,34,65,40
2019,4,A,골목상권,2110630,공항시장역 1번,1472,1008,464,0,157,294,298,328,395,0,67,180,202,240,319,0,90,114,96,88,76
2019,4,A,골목상권,2110629,송정역 4번,190,107,83,0,26,52,54,35,23,0,9,34,28,24,12,0,17,18,26,11,11
2019,4,A,골목상권,2110628,신목동역,496,319,177,0,58,88,124,120,106,0,30,58,82,89,60,0,28,30,42,31,46
2019,4,A,골목상권,2110627,신정롯데캐슬아파트,512,310,202,24,127,127,89,83,62,13,69,79,57,49,43,11,58,48,32,34,19
2019,4,A,골목상권,2110626,양화초등학교,652,271,381,1,127,138,149,147,90,0,37,57,76,63,38,1,90,81,73,84,52
2019,4,A,골목상권,2110625,신정2동주민센터,726,454,272,2,98,196,215,155,60,0,51,124,146,94,39,2,47,72,69,61,21
2019,4,A,골목상권,2110624,목동문화체육센터,382,234,148,0,93,118,75,65,31,0,40,79,46,50,19,0,53,39,29,15,12
2019,4,A,골목상권,2110623,갈산공원,118,94,24,0,27,32,24,27,8,0,23,26,21,19,5,0,4,6,3,8,3
2019,4,A,골목상권,2110622,달마을공원,458,261,197,0,58,90,102,138,70,0,26,47,63,65,60,0,32,43,39,73,10
2019,4,A,골목상권,2110621,목동역 5번,111,57,54,0,9,22,22,38,20,0,0,12,13,19,13,0,9,10,9,19,7
2019,4,A,골목상권,2110620,목동보건지소,451,235,216,4,51,81,102,125,88,4,20,45,47,65,54,0,31,36,55,60,34
2019,4,A,골목상권,2110619,목4동주민센터,311,203,108,1,51,87,89,64,19,1,16,52,58,57,19,0,35,35,31,7,0
2019,4,A,골목상권,2110618,강서고등학교,193,135,58,0,19,38,52,52,32,0,10,29,36,34,26,0,9,9,16,18,6
2019,4,A,골목상권,2110617,등촌역 4번,274,192,82,0,47,75,77,51,24,0,37,55,51,33,16,0,10,20,26,18,8
2019,4,A,골목상권,2110616,양목초등학교,161,103,58,0,3,23,19,40,76,0,2,18,14,32,37,0,1,5,5,8,39
2019,4,A,골목상권,2110615,신서초등학교,87,63,24,0,20,21,27,13,6,0,14,18,18,8,5,0,6,3,9,5,1
2019,4,A,골목상권,2110614,목동로데오거리,596,292,304,0,69,85,114,216,112,0,42,44,58,103,45,0,27,41,56,113,67
2019,4,A,골목상권,2110613,신정네거리역 4번,80,20,60,0,8,25,24,19,4,0,2,6,7,4,1,0,6,19,17,15,3
2019,4,A,골목상권,2110612,신정역 5번,644,303,341,1,85,88,143,197,130,0,44,62,74,70,53,1,41,26,69,127,77
2019,4,A,골목상권,2110611,신정역 1번,316,212,104,2,35,61,100,82,36,2,21,44,61,52,32,0,14,17,39,30,4
2019,4,A,골목상권,2110610,계남근린공원,126,85,41,0,5,11,41,44,25,0,3,6,28,35,13,0,2,5,13,9,12
2019,4,A,골목상권,2110609,신정네거리역 2번,1377,1358,19,0,14,15,52,171,1125,0,10,11,45,168,1124,0,4,4,7,3,1
2019,4,A,골목상권,2110608,신월2동주민센터,873,453,420,1,51,116,229,271,205,1,23,69,118,125,117,0,28,47,111,146,88
2019,4,A,골목상권,2110607,금빛새마을금고본점,53,31,22,0,2,10,11,19,11,0,1,4,5,12,9,0,1,6,6,7,2
2019,4,A,골목상권,2110606,신한은행 신월동지점,521,288,233,1,49,80,143,144,104,1,26,42,76,66,77,0,23,38,67,78,27
2019,4,A,골목상권,2110605,목동센트럴아이파크앞,155,89,66,0,15,22,26,47,45,0,5,15,11,27,31,0,10,7,15,20,14
2019,4,A,골목상권,2110604,신월4동주민센터,637,528,109,0,13,50,120,234,220,0,6,29,87,193,213,0,7,21,33,41,7
2019,4,A,골목상권,2110603,지향초등학교,205,119,86,0,13,56,60,44,32,0,5,30,37,25,22,0,8,26,23,19,10
2019,4,A,골목상권,2110602,신월시영아파트중문,644,574,70,1,7,22,68,238,308,0,4,13,52,214,291,1,3,9,16,24,17
2019,4,A,골목상권,2110601,신월1동우편취급국,1200,814,386,3,116,180,274,437,190,1,61,115,183,309,145,2,55,65,91,128,45
2019,4,A,골목상권,2110600,신월7동주민센터,350,263,87,0,32,30,66,101,121,0,17,14,38,79,115,0,15,16,28,22,6
2019,4,A,골목상권,2110599,신월1파출소,378,268,110,3,50,89,94,93,49,2,34,68,63,65,36,1,16,21,31,28,13
2019,4,A,골목상권,2110598,신월문화체육센터,428,195,233,0,21,58,112,150,87,0,5,28,45,66,51,0,16,30,67,84,36
2019,4,A,골목상권,2110597,신월1동주민센터,517,302,215,0,30,68,111,150,158,0,14,36,54,84,114,0,16,32,57,66,44
2019,4,A,골목상권,2110596,서서울호수공원,417,272,145,2,48,90,107,113,57,0,28,56,74,71,43,2,20,34,33,42,14
2019,4,A,골목상권,2110595,메디힐병원,731,459,272,0,80,148,163,185,155,0,34,85,86,136,118,0,46,63,77,49,37
2019,4,A,골목상권,2110594,신월중학교,453,225,228,0,54,166,104,96,33,0,14,66,56,59,30,0,40,100,48,37,3
2019,4,A,골목상권,2110593,신월3동주민센터,304,157,147,0,38,65,76,87,38,0,12,32,45,44,24,0,26,33,31,43,14
2019,4,A,골목상권,2110592,서울금융고등학교,449,344,105,0,19,35,74,156,165,0,9,13,45,128,149,0,10,22,29,28,16
2019,4,A,골목상권,2110591,충정로역 6번,627,422,205,0,99,158,178,126,66,0,55,103,135,92,37,0,44,55,43,34,29
2019,4,A,골목상권,2110590,만리재,97,50,47,0,19,23,23,25,7,0,6,12,11,16,5,0,13,11,12,9,2
2019,4,A,골목상권,2110589,애오개역 3번,58,14,44,0,4,8,19,13,14,0,0,1,5,6,2,0,4,7,14,7,12
2019,4,A,골목상권,2110588,한겨레신문사,169,92,77,0,34,44,41,33,17,0,14,22,20,21,15,0,20,22,21,12,2
2019,4,A,골목상권,2110587,공덕동주민센터,238,121,117,1,36,43,69,53,36,1,15,25,41,23,16,0,21,18,28,30,20
2019,4,A,골목상권,2110586,서울서부지방법원,1461,863,598,2,376,402,333,188,160,1,231,267,164,98,102,1,145,135,169,90,58
2019,4,A,골목상권,2110585,마포경찰서,918,790,128,0,192,360,176,181,9,0,150,313,153,166,8,0,42,47,23,15,1
2019,4,A,골목상권,2110584,아현역 4번,49,13,36,0,4,7,14,13,11,0,0,0,2,5,6,0,4,7,12,8,5
2019,4,A,골목상권,2110583,공덕래미안3차아파트,316,164,152,0,44,98,102,57,15,0,7,54,60,35,8,0,37,44,42,22,7
2019,4,A,골목상권,2110582,이대역 5번,59,19,40,0,6,11,16,16,10,0,0,4,4,6,5,0,6,7,12,10,5
2019,4,A,골목상권,2110581,염리초등학교,16,11,5,0,0,0,2,6,8,0,0,0,2,3,6,0,0,0,0,3,2
2019,4,A,골목상권,2110580,양원초등학교,78,20,58,0,3,6,16,25,28,0,0,1,3,11,5,0,3,5,13,14,23
2019,4,A,골목상권,2110579,마포역 4번,758,561,197,2,62,160,253,214,67,1,37,123,190,160,50,1,25,37,63,54,17
2019,4,A,골목상권,2110578,대흥역 2번,2091,1413,678,2,213,337,391,638,510,1,80,225,309,452,346,1,133,112,82,186,164
2019,4,A,골목상권,2110577,용강동주민센터,145,105,40,0,15,42,47,31,10,0,12,31,38,17,7,0,3,11,9,14,3
2019,4,A,골목상권,2110576,대흥역 3번,1605,1112,493,71,503,480,308,163,80,27,310,365,253,111,46,44,193,115,55,52,34
2019,4,A,골목상권,2110575,대흥동주민센터,206,156,50,2,25,47,36,48,48,2,11,35,25,40,43,0,14,12,11,8,5
2019,4,A,골목상권,2110574,서강대학교,173,123,50,0,35,41,49,38,10,0,17,30,41,30,5,0,18,11,8,8,5
2019,4,A,골목상권,2110573,신촌역 6번,33,14,19,0,7,4,6,8,8,0,2,0,3,3,6,0,5,4,3,5,2
2019,4,A,골목상권,2110572,서강대역 1번,470,254,216,1,63,130,117,116,43,1,32,67,58,66,30,0,31,63,59,50,13
2019,4,A,골목상권,2110571,신수동주민센터,635,358,277,5,109,159,187,126,49,5,57,88,98,74,36,0,52,71,89,52,13
2019,4,A,골목상권,2110570,KB국민은행 서강지점,61,39,22,0,4,22,18,12,5,0,4,13,10,7,5,0,0,9,8,5,0
2019,4,A,골목상권,2110569,홍대땡땡거리,358,153,205,2,62,108,97,53,36,1,18,48,46,19,21,1,44,60,51,34,15
2019,4,A,골목상권,2110568,광흥창역 1번,67,32,35,0,12,21,14,15,5,0,4,10,6,9,3,0,8,11,8,6,2
2019,4,A,골목상권,2110567,광흥창역 6번,91,61,30,0,16,26,27,12,10,0,8,20,13,11,9,0,8,6,14,1,1
2019,4,A,골목상권,2110566,경의선책거리,1690,934,756,2,359,547,406,290,86,1,137,328,252,157,59,1,222,219,154,133,27
2019,4,A,골목상권,2110565,홍익대,107,64,43,0,16,32,34,19,6,0,8,15,23,13,5,0,8,17,11,6,1
2019,4,A,골목상권,2110564,홍대입구역 3번,471,211,260,0,54,125,161,78,53,0,19,47,103,22,20,0,35,78,58,56,33
2019,4,A,골목상권,2110563,상수역 3번,355,274,81,12,83,130,78,23,29,10,63,101,61,16,23,2,20,29,17,7,6
2019,4,A,골목상권,2110562,연트럴파크(연남동주민센터),426,237,189,1,73,118,96,94,44,1,29,76,55,44,32,0,44,42,41,50,12
2019,4,A,골목상권,2110561,상수역 4번,395,247,148,4,59,102,94,89,47,2,21,56,64,68,36,2,38,46,30,21,11
2019,4,A,골목상권,2110560,마포FM,292,140,152,0,26,64,87,77,38,0,10,26,40,36,28,0,16,38,47,41,10
2019,4,A,골목상권,2110559,성산중학교,757,474,283,4,102,187,203,167,94,3,54,102,127,118,70,1,48,85,76,49,24
2019,4,A,골목상권,2110558,경성고등학교,2338,1579,759,11,302,556,565,513,391,10,149,343,406,384,287,1,153,213,159,129,104
2019,4,A,골목상권,2110557,홍대부속여중고앞,760,465,295,1,100,188,196,149,126,1,37,110,137,95,85,0,63,78,59,54,41
2019,4,A,골목상권,2110556,절두산순교성지,176,112,64,3,17,42,58,39,17,3,8,27,39,24,11,0,9,15,19,15,6
2019,4,A,골목상권,2110555,홍익지구대,335,161,174,1,58,69,68,50,89,0,16,32,34,21,58,1,42,37,34,29,31
2019,4,A,골목상권,2110554,망원역 1번,1499,727,772,2,210,352,484,333,118,2,105,174,225,147,74,0,105,178,259,186,44
2019,4,A,골목상권,2110553,가좌역 2번,257,150,107,0,23,42,73,79,40,0,14,23,39,41,33,0,9,19,34,38,7
2019,4,A,골목상권,2110552,성미산체육관,646,469,177,1,110,162,148,159,66,0,72,121,99,129,48,1,38,41,49,30,18
2019,4,A,골목상권,2110551,성서초등학교,803,387,416,1,110,164,235,172,121,1,42,90,114,81,59,0,68,74,121,91,62
2019,4,A,골목상권,2110550,합정역 8번,1578,740,838,1,240,411,414,333,179,0,84,165,221,171,99,1,156,246,193,162,80
2019,4,A,골목상권,2110549,새터산,283,137,146,1,48,61,76,46,51,1,18,31,43,16,28,0,30,30,33,30,23
2019,4,A,골목상권,2110548,마포구청역 4번,795,475,320,5,130,185,210,136,129,3,57,95,122,89,109,2,73,90,88,47,20
2019,4,A,골목상권,2110547,KB국민은행 망원동지점,284,168,116,0,13,47,93,76,55,0,4,25,55,45,39,0,9,22,38,31,16
2019,4,A,골목상권,2110546,양화대교북단,684,408,276,3,185,240,142,68,46,3,79,121,109,55,41,0,106,119,33,13,5
2019,4,A,골목상권,2110545,마포구청역 1번,880,496,384,1,74,169,241,262,133,1,30,100,116,154,95,0,44,69,125,108,38
2019,4,A,골목상권,2110544,망리단길,1203,718,485,1,179,248,331,253,191,1,107,153,171,147,139,0,72,95,160,106,52
2019,4,A,골목상권,2110543,중암중학교,38,25,13,0,6,8,14,7,3,0,3,5,8,6,3,0,3,3,6,1,0
2019,4,A,골목상권,2110542,마포구청역 7번,4013,2450,1563,16,528,715,782,1306,666,9,298,578,607,588,370,7,230,137,175,718,296
2019,4,A,골목상권,2110541,동교초등학교,377,221,156,0,43,59,101,96,78,0,23,37,63,50,48,0,20,22,38,46,30
2019,4,A,골목상권,2110540,망원나들목체육관,288,154,134,0,45,74,85,62,22,0,24,38,42,36,14,0,21,36,43,26,8
2019,4,A,골목상권,2110539,미근동,2792,1821,971,13,225,688,889,822,155,9,167,550,547,424,124,4,58,138,342,398,31
2019,4,A,골목상권,2110538,충정로역 3번,284,178,106,0,12,42,56,66,108,0,5,27,35,42,69,0,7,15,21,24,39
2019,4,A,골목상권,2110537,충정로현대아파트,1514,848,666,1,362,525,328,177,121,0,150,263,215,134,86,1,212,262,113,43,35
2019,4,A,골목상권,2110536,돈의문센트레빌아파트입구,141,105,36,0,12,23,61,32,13,0,7,17,50,21,10,0,5,6,11,11,3
2019,4,A,골목상권,2110535,영천시장입구,797,440,357,2,77,119,179,281,139,2,36,62,110,152,78,0,41,57,69,129,61
2019,4,A,골목상권,2110534,경기대학교,134,67,67,0,9,25,23,33,44,0,6,16,10,11,24,0,3,9,13,22,20
2019,4,A,골목상권,2110533,충정로역 7번,22,11,11,0,5,5,3,5,4,0,0,2,2,4,3,0,5,3,1,1,1
2019,4,A,골목상권,2110532,아현역 2번,330,205,125,0,52,33,48,78,119,0,17,13,23,57,95,0,35,20,25,21,24
2019,4,A,골목상권,2110531,홍지문,141,61,80,0,16,26,24,56,19,0,13,19,13,9,7,0,3,7,11,47,12
2019,4,A,골목상권,2110530,아현역 1번,36,20,16,0,5,5,7,15,4,0,2,5,4,6,3,0,3,0,3,9,1
2019,4,A,골목상권,2110529,홍제3동주민센터,136,67,69,0,14,22,30,27,43,0,2,6,11,16,32,0,12,16,19,11,11
2019,4,A,골목상권,2110528,서울여자간호대학교,309,149,160,0,11,22,32,69,175,0,10,12,16,22,89,0,1,10,16,47,86
2019,4,A,골목상권,2110527,홍제역 2번,177,83,94,1,35,39,35,38,29,1,11,26,14,19,12,0,24,13,21,19,17
2019,4,A,골목상권,2110526,봉원사,241,122,119,1,21,43,58,58,60,1,8,22,26,28,37,0,13,21,32,30,23
2019,4,A,골목상권,2110525,홍은종합사회복지관,61,17,44,0,10,12,15,10,14,0,1,3,0,4,9,0,9,9,15,6,5
2019,4,A,골목상권,2110524,연희세브란스병원,55,23,32,0,10,13,15,10,7,0,5,6,6,3,3,0,5,7,9,7,4
2019,4,A,골목상권,2110523,홍제성원아파트,25,11,14,0,0,6,7,7,5,0,0,1,3,5,2,0,0,5,4,2,3
2019,4,A,골목상권,2110522,홍제역 3번,8,3,5,0,3,0,1,1,3,0,0,0,0,1,2,0,3,0,1,0,1
2019,4,A,골목상권,2110521,홍제역 4번,63,36,27,0,4,7,19,17,16,0,0,4,10,9,13,0,4,3,9,8,3
2019,4,A,골목상권,2110520,경의중앙 신촌역,78,38,40,0,22,12,27,10,7,0,5,5,13,9,6,0,17,7,14,1,1
2019,4,A,골목상권,2110519,서대문구보건소별관,470,175,295,0,58,96,113,139,64,0,15,37,46,42,35,0,43,59,67,97,29
2019,4,A,골목상권,2110518,서대문구청,117,70,47,0,19,39,29,18,12,0,6,19,22,12,11,0,13,20,7,6,1
2019,4,A,골목상권,2110517,서대문소방서,1051,692,359,8,225,280,242,207,89,5,104,187,179,161,56,3,121,93,63,46,33
2019,4,A,골목상권,2110516,정원여중,114,85,29,0,24,19,35,22,14,0,17,14,26,19,9,0,7,5,9,3,5
2019,4,A,골목상권,2110515,홍은중학교,399,312,87,1,46,119,119,68,46,1,33,93,94,52,39,0,13,26,25,16,7
2019,4,A,골목상권,2110514,서대문우체국,86,19,67,0,26,26,17,9,8,0,0,4,7,4,4,0,26,22,10,5,4
2019,4,A,골목상권,2110513,연희파출소,457,241,216,0,51,87,110,130,79,0,17,46,58,69,51,0,34,41,52,61,28
2019,4,A,골목상권,2110512,연희지하차도,357,183,174,0,44,70,106,104,33,0,17,46,47,52,21,0,27,24,59,52,12
2019,4,A,골목상권,2110511,연희초등학교,3766,3317,449,2,465,768,660,1520,351,1,363,658,539,1427,329,1,102,110,121,93,22
2019,4,A,골목상권,2110510,홍연시장,99,59,40,0,8,14,35,26,16,0,4,6,23,14,12,0,4,8,12,12,4
2019,4,A,골목상권,2110509,연희대우아파트앞,691,333,358,0,73,177,151,193,97,0,29,73,77,101,53,0,44,104,74,92,44
2019,4,A,골목상권,2110508,서연중학교,1028,470,558,9,149,249,175,268,178,3,66,152,81,93,75,6,83,97,94,175,103
2019,4,A,골목상권,2110507,명지대학교,1537,1156,381,29,392,636,318,129,33,26,257,481,282,83,27,3,135,155,36,46,6
2019,4,A,골목상권,2110506,연희임광아파트,110,66,44,0,5,12,39,29,25,0,1,8,20,19,18,0,4,4,19,10,7
2019,4,A,골목상권,2110505,홍남교남측,14,9,5,0,1,0,3,7,3,0,0,0,2,5,2,0,1,0,1,2,1
2019,4,A,골목상권,2110504,명지전문대,139,35,104,0,8,17,27,38,49,0,3,4,6,11,11,0,5,13,21,27,38
2019,4,A,골목상권,2110503,명지대학교교회,230,123,107,0,27,52,59,64,28,0,9,30,26,36,22,0,18,22,33,28,6
2019,4,A,골목상권,2110502,남가좌파출소,290,147,143,0,29,34,73,92,62,0,14,16,35,47,35,0,15,18,38,45,27
2019,4,A,골목상권,2110501,연희어린이공원,214,82,132,0,12,33,40,75,54,0,3,20,15,18,26,0,9,13,25,57,28
2019,4,A,골목상권,2110500,남가좌동현대아파트,74,54,20,0,12,13,23,22,4,0,8,9,17,17,3,0,4,4,6,5,1
2019,4,A,골목상권,2110499,연가초등학교,282,123,159,0,44,47,83,67,41,0,8,22,32,35,26,0,36,25,51,32,15
2019,4,A,골목상권,2110498,증산역 1번,222,102,120,0,15,32,75,68,32,0,7,9,31,32,23,0,8,23,44,36,9
2019,4,A,골목상권,2110497,가좌역 3번,299,247,52,0,13,33,86,117,50,0,3,16,74,113,41,0,10,17,12,4,9
2019,4,A,골목상권,2110496,모래내우체국,611,333,278,2,88,190,160,89,82,2,20,100,117,42,52,0,68,90,43,47,30
2019,4,A,골목상권,2110495,북가좌2동주민센터,501,372,129,0,28,67,125,185,96,0,11,45,88,152,76,0,17,22,37,33,20
2019,4,A,골목상권,2110494,증산3교남측,31,24,7,0,1,8,7,9,6,0,0,7,5,7,5,0,1,1,2,2,1
2019,4,A,골목상권,2110493,북가좌초등학교,892,830,62,0,2,19,27,80,764,0,0,12,22,68,728,0,2,7,5,12,36
2019,4,A,골목상권,2110492,하나고등학교,247,43,204,1,6,15,13,98,114,0,1,8,7,10,17,1,5,7,6,88,97
2019,4,A,골목상권,2110491,불광중학교,195,90,105,0,13,35,71,56,20,0,8,20,32,18,12,0,5,15,39,38,8
2019,4,A,골목상권,2110490,녹번동근린공원,307,166,141,0,30,64,85,76,52,0,11,30,47,45,33,0,19,34,38,31,19
2019,4,A,골목상권,2110489,불광역 3번,35,25,10,0,3,7,10,10,5,0,3,4,7,6,5,0,0,3,3,4,0
2019,4,A,골목상권,2110488,우리은행응암동지점,171,103,68,1,14,24,41,36,55,0,8,16,19,15,45,1,6,8,22,21,10
2019,4,A,골목상권,2110487,불광역 8번,63,35,28,0,11,22,15,8,7,0,6,11,7,8,3,0,5,11,8,0,4
2019,4,A,골목상권,2110486,은평구청,629,292,337,0,86,110,146,178,109,0,55,72,56,64,45,0,31,38,90,114,64
2019,4,A,골목상권,2110485,연신내우체국,1259,678,581,0,7,24,35,160,1033,0,4,5,15,70,584,0,3,19,20,90,449
2019,4,A,골목상권,2110484,역촌역 3번,500,203,297,6,62,136,132,103,61,5,34,48,43,35,38,1,28,88,89,68,23
2019,4,A,골목상권,2110483,연천초등학교,147,90,57,0,13,21,45,22,46,0,5,11,31,13,30,0,8,10,14,9,16
2019,4,A,골목상권,2110482,연신초등학교,45,19,26,0,2,5,16,19,3,0,0,0,6,11,2,0,2,5,10,8,1
2019,4,A,골목상권,2110481,불광역 7번,193,86,107,0,13,43,41,57,39,0,2,22,11,24,27,0,11,21,30,33,12
2019,4,A,골목상권,2110480,연신내역 3번,117,34,83,0,7,27,37,29,17,0,0,7,12,9,6,0,7,20,25,20,11
2019,4,A,골목상권,2110479,연신내역 2번,304,177,127,1,50,83,64,66,40,0,28,71,33,32,13,1,22,12,31,34,27
2019,4,A,골목상권,2110478,응암1동주민센터,359,221,138,2,26,39,56,58,178,2,16,23,28,33,119,0,10,16,28,25,59
2019,4,A,골목상권,2110477,은평세무서,434,205,229,0,43,62,106,141,82,0,15,23,49,71,47,0,28,39,57,70,35
2019,4,A,골목상권,2110476,역촌역 2번,56,26,30,0,2,8,22,17,7,0,1,3,9,7,6,0,1,5,13,10,1
2019,4,A,골목상권,2110475,백련산해모로아파트,241,126,115,1,23,42,76,68,31,1,10,24,44,28,19,0,13,18,32,40,12
2019,4,A,골목상권,2110474,세명컴퓨터고등학교,196,68,128,0,12,41,40,59,44,0,3,19,15,11,20,0,9,22,25,48,24
2019,4,A,골목상권,2110473,구산역 1번,436,241,195,0,34,59,113,107,123,0,24,27,53,49,88,0,10,32,60,58,35
2019,4,A,골목상권,2110472,연신내역 4번,336,156,180,2,52,77,80,68,57,1,16,43,30,37,29,1,36,34,50,31,28
2019,4,A,골목상권,2110471,응암동우체국,258,110,148,0,33,58,70,72,25,0,10,17,25,36,22,0,23,41,45,36,3
2019,4,A,골목상권,2110470,신진과학기술고등학교,127,78,49,0,30,22,40,25,10,0,12,11,31,19,5,0,18,11,9,6,5
2019,4,A,골목상권,2110469,응암정보도서관,340,184,156,1,38,58,102,103,38,0,11,29,59,56,29,1,27,29,43,47,9
2019,4,A,골목상권,2110468,응암역 3번,1129,494,635,2,141,256,316,256,158,0,44,114,140,109,87,2,97,142,176,147,71
2019,4,A,골목상권,2110467,은평요양병원,487,284,203,3,90,154,110,68,62,2,46,100,61,37,38,1,44,54,49,31,24
2019,4,A,골목상권,2110466,구산역 2번,87,46,41,0,12,17,26,24,8,0,4,5,16,15,6,0,8,12,10,9,2
2019,4,A,골목상권,2110465,연신내역 7번,229,110,119,3,36,48,55,52,35,2,11,25,24,23,25,1,25,23,31,29,10
2019,4,A,골목상권,2110464,연신내역 5번,301,170,131,4,32,53,93,85,34,4,18,28,44,49,27,0,14,25,49,36,7
2019,4,A,골목상권,2110463,응암3동주민센터,123,54,69,0,7,23,36,26,31,0,3,6,14,11,20,0,4,17,22,15,11
2019,4,A,골목상권,2110462,갈현건영아파트,354,220,134,1,41,64,104,81,63,1,23,38,61,50,47,0,18,26,43,31,16
2019,4,A,골목상권,2110461,새절역 2번,39,21,18,0,2,8,11,10,8,0,2,2,6,6,5,0,0,6,5,4,3
2019,4,A,골목상권,2110460,구산역 4번,969,582,387,0,57,184,248,234,246,0,18,124,133,121,186,0,39,60,115,113,60
2019,4,A,골목상권,2110459,응암역 2번,547,198,349,1,50,105,159,154,78,0,9,38,77,41,33,1,41,67,82,113,45
2019,4,A,골목상권,2110458,선일여고,404,211,193,1,34,87,96,122,64,0,19,52,49,54,37,1,15,35,47,68,27
2019,4,A,골목상권,2110457,예일여고,484,284,200,1,60,89,88,132,114,0,27,47,47,71,92,1,33,42,41,61,22
2019,4,A,골목상권,2110456,구산보건지소,966,543,423,3,284,226,177,146,130,1,123,112,94,96,117,2,161,114,83,50,13
2019,4,A,골목상권,2110455,역촌노인복지관,678,360,318,2,69,118,187,198,104,0,34,63,89,105,69,2,35,55,98,93,35
2019,4,A,골목상권,2110454,선정중학교,481,268,213,3,56,71,142,108,101,2,42,35,53,66,70,1,14,36,89,42,31
2019,4,A,골목상권,2110453,신사1동주민센터,515,288,227,0,43,81,121,155,115,0,20,25,65,85,93,0,23,56,56,70,22
2019,4,A,골목상권,2110452,새절역 3번,420,347,73,1,17,47,78,132,145,1,11,29,58,113,135,0,6,18,20,19,10
2019,4,A,골목상권,2110451,증산역 4번,1296,986,310,2,153,384,374,298,85,2,78,294,312,235,65,0,75,90,62,63,20
2019,4,A,골목상권,2110450,시립서북병원,1576,644,932,4,301,361,344,339,227,2,124,172,146,108,92,2,177,189,198,231,135
2019,4,A,골목상권,2110449,증산역 3번,717,414,303,0,105,161,186,149,116,0,47,98,99,85,85,0,58,63,87,64,31
2019,4,A,골목상권,2110448,상신초등학교입구,120,76,44,1,20,27,26,26,20,1,17,17,12,14,15,0,3,10,14,12,5
2019,4,A,골목상권,2110447,구산초등학교,12,7,5,0,2,2,3,1,4,0,1,2,1,1,2,0,1,0,2,0,2
2019,4,A,골목상권,2110446,내를건너서숲으로도서관,375,294,81,0,65,88,84,69,69,0,61,77,55,44,57,0,4,11,29,25,12
2019,4,A,골목상권,2110445,덕산중학교,61,45,16,0,18,14,15,6,8,0,10,9,12,6,8,0,8,5,3,0,0
2019,4,A,골목상권,2110444,수색성당,170,73,97,0,13,53,46,45,13,0,5,27,13,17,11,0,8,26,33,28,2
2019,4,A,골목상권,2110443,수색역 1번,14,7,7,0,1,1,7,4,1,0,0,1,2,3,1,0,1,0,5,1,0
2019,4,A,골목상권,2110442,화랑대철도공원,76,20,56,0,1,4,14,49,8,0,0,2,4,10,4,0,1,2,10,39,4
2019,4,A,골목상권,2110441,영신여고,172,78,94,0,19,38,41,45,29,0,7,20,16,23,12,0,12,18,25,22,17
2019,4,A,골목상권,2110440,상계3동4동주민센터,49,16,33,0,8,6,15,10,10,0,1,1,4,2,8,0,7,5,11,8,2
2019,4,A,골목상권,2110439,당고개역 5번,63,21,42,0,3,7,6,19,28,0,0,4,2,7,8,0,3,3,4,12,20
2019,4,A,골목상권,2110438,경춘선숲길 우측,230,110,120,0,26,54,83,52,15,0,12,21,38,30,9,0,14,33,45,22,6
2019,4,A,골목상권,2110437,당고개역 2번,116,40,76,0,16,23,25,41,11,0,5,11,9,10,5,0,11,12,16,31,6
2019,4,A,골목상권,2110436,상계제일중학교,93,60,33,0,15,21,33,20,4,0,5,13,23,15,4,0,10,8,10,5,0
2019,4,A,골목상권,2110435,서울과학기술대,73,40,33,0,5,12,18,25,13,0,3,4,8,14,11,0,2,8,10,11,2
2019,4,A,골목상권,2110434,태릉입구역 4번,121,62,59,0,13,11,24,35,38,0,3,2,12,22,23,0,10,9,12,13,15
2019,4,A,골목상권,2110433,공릉역 2번,401,137,264,1,30,41,46,46,237,1,17,30,25,18,46,0,13,11,21,28,191
2019,4,A,골목상권,2110432,대진고등학교,894,734,160,0,55,146,248,343,102,0,27,96,214,311,86,0,28,50,34,32,16
2019,4,A,골목상권,2110431,상계역,124,72,52,1,16,24,28,37,18,0,2,13,17,27,13,1,14,11,11,10,5
2019,4,A,골목상권,2110430,중계초등학교,307,114,193,0,20,36,65,106,80,0,9,11,21,29,44,0,11,25,44,77,36
2019,4,A,골목상권,2110429,공릉동 국수거리,2074,916,1158,3,224,284,511,689,363,1,91,167,248,234,175,2,133,117,263,455,188
2019,4,A,골목상권,2110428,상계5동주민센터,491,217,274,1,43,52,106,158,131,0,14,25,45,70,63,1,29,27,61,88,68
2019,4,A,골목상권,2110427,노원 을지대학교병원,363,281,82,0,27,27,62,126,121,0,12,14,31,109,115,0,15,13,31,17,6
2019,4,A,골목상권,2110426,상계2동주민센터,337,169,168,0,32,57,83,96,69,0,15,30,39,45,40,0,17,27,44,51,29
2019,4,A,골목상권,2110425,계상초등학교,130,54,76,2,18,10,35,38,27,2,5,5,18,14,10,0,13,5,17,24,17
2019,4,A,골목상권,2110424,상계초등학교,388,157,231,2,42,50,96,106,92,2,18,32,32,42,31,0,24,18,64,64,61
2019,4,A,골목상권,2110423,석계역 2번,280,104,176,0,27,29,65,73,86,0,9,15,31,29,20,0,18,14,34,44,66
2019,4,A,골목상권,2110422,노원역 9번,277,221,56,0,27,70,94,54,32,0,24,59,79,37,22,0,3,11,15,17,10
2019,4,A,골목상권,2110421,석계역 1번,249,109,140,0,22,37,78,65,47,0,8,16,31,26,28,0,14,21,47,39,19
2019,4,A,골목상권,2110420,광운대역 1번,814,483,331,7,235,312,188,43,29,0,114,236,92,23,18,7,121,76,96,20,11
2019,4,A,골목상권,2110419,수락산디자인거리,789,536,253,5,96,138,186,200,164,5,51,79,130,146,125,0,45,59,56,54,39
2019,4,A,골목상권,2110418,광운대학교 남단,100,45,55,0,11,17,23,26,23,0,5,5,13,16,6,0,6,12,10,10,17
2019,4,A,골목상권,2110417,월계역 3번,26,14,12,0,11,9,2,4,0,0,4,6,2,2,0,0,7,3,0,2,0
2019,4,A,골목상권,2110416,노원초등학교,468,244,224,4,61,110,118,126,49,2,24,73,58,58,29,2,37,37,60,68,20
2019,4,A,골목상권,2110415,수락산역 4번,635,386,249,5,82,110,155,174,109,5,46,71,85,110,69,0,36,39,70,64,40
2019,4,A,골목상권,2110414,장석교회,61,47,14,0,5,13,15,20,8,0,3,11,11,17,5,0,2,2,4,3,3
2019,4,A,골목상권,2110413,누원고등학교,54,33,21,0,8,11,12,11,12,0,5,8,5,5,10,0,3,3,7,6,2
2019,4,A,골목상권,2110412,창동중학교,25,23,2,0,4,7,3,4,7,0,3,7,3,3,7,0,1,0,0,1,0
2019,4,A,골목상권,2110411,도봉역 3번,413,368,45,1,13,35,58,137,169,0,10,22,45,130,161,1,3,13,13,7,8
2019,4,A,골목상권,2110410,방학역 2번,957,833,124,3,75,187,185,224,283,2,61,162,154,194,260,1,14,25,31,30,23
2019,4,A,골목상권,2110409,창동역 2번,3957,2958,999,1,352,962,964,701,977,0,256,794,803,441,664,1,96,168,161,260,313
2019,4,A,골목상권,2110408,가인초등학교,359,108,251,0,68,70,101,86,34,0,13,24,33,22,16,0,55,46,68,64,18
2019,4,A,골목상권,2110407,도봉역 2번,562,338,224,1,32,77,115,203,134,1,8,41,57,126,105,0,24,36,58,77,29
2019,4,A,골목상권,2110406,도봉산역 1번,659,595,64,0,13,37,147,294,168,0,6,25,133,278,153,0,7,12,14,16,15
2019,4,A,골목상권,2110405,방학역 1번,1123,365,758,3,130,176,308,427,79,3,67,109,82,70,34,0,63,67,226,357,45
2019,4,A,골목상권,2110404,신창초등학교,520,300,220,1,42,96,163,136,82,0,11,57,109,76,47,1,31,39,54,60,35
2019,4,A,골목상권,2110403,방학1동주민센터,316,167,149,1,44,56,63,78,74,1,30,37,36,36,27,0,14,19,27,42,47
2019,4,A,골목상권,2110402,도봉구 정병원,471,221,250,1,85,98,98,106,83,0,24,38,54,59,46,1,61,60,44,47,37
2019,4,A,골목상권,2110401,도봉구민회관,243,65,178,0,29,32,38,87,57,0,4,14,14,22,11,0,25,18,24,65,46
2019,4,A,골목상권,2110400,도봉구보건소,191,111,80,0,20,35,53,51,32,0,9,22,32,26,22,0,11,13,21,25,10
2019,4,A,골목상권,2110399,창2동주민센터,852,519,333,8,114,210,262,189,69,8,71,159,139,94,48,0,43,51,123,95,21
2019,4,A,골목상권,2110398,쌍문2동우체국,474,326,148,0,30,65,96,153,130,0,11,27,50,124,114,0,19,38,46,29,16
2019,4,A,골목상권,2110397,도봉산입구,469,257,212,0,31,56,101,131,150,0,6,34,39,73,105,0,25,22,62,58,45
2019,4,A,골목상권,2110396,쌍문역1번(쌍리단길),259,94,165,2,41,49,52,76,39,0,13,15,22,29,15,2,28,34,30,47,24
2019,4,A,골목상권,2110395,신한은행 방학동지점,163,42,121,0,17,20,44,42,40,0,0,2,11,9,20,0,17,18,33,33,20
2019,4,A,골목상권,2110394,방학중학교,193,116,77,0,15,32,46,48,52,0,8,18,23,29,38,0,7,14,23,19,14
2019,4,A,골목상권,2110393,국민은행방학지점,49,13,36,0,2,10,17,15,5,0,0,0,4,6,3,0,2,10,13,9,2
2019,4,A,골목상권,2110392,발바닥공원,43,17,26,0,2,8,7,10,16,0,0,0,3,3,11,0,2,8,4,7,5
2019,4,A,골목상권,2110391,샘말어린이공원,373,154,219,0,29,54,74,53,163,0,14,28,40,26,46,0,15,26,34,27,117
2019,4,A,골목상권,2110390,방학초등학교,225,105,120,0,18,60,66,58,23,0,7,33,27,27,11,0,11,27,39,31,12
2019,4,A,골목상권,2110389,한일병원,209,120,89,0,23,37,57,53,39,0,10,19,35,30,26,0,13,18,22,23,13
2019,4,A,골목상권,2110388,도봉우체국,35,23,12,0,4,3,10,14,4,0,2,2,7,8,4,0,2,1,3,6,0
2019,4,A,골목상권,2110387,쌍문초등학교,335,185,150,0,38,53,98,88,58,0,13,29,51,47,45,0,25,24,47,41,13
2019,4,A,골목상권,2110386,연산군묘,124,114,10,0,4,3,10,44,63,0,1,3,7,40,63,0,3,0,3,4,0
2019,4,A,골목상권,2110385,효문고등학교,37,22,15,0,3,9,12,4,9,0,2,5,3,4,8,0,1,4,9,0,1
2019,4,A,골목상권,2110384,문이교,248,138,110,0,37,20,50,81,60,0,12,8,21,51,46,0,25,12,29,30,14
2019,4,A,골목상권,2110383,덕성여대시반거리,33,21,12,0,0,3,13,10,7,0,0,2,9,5,5,0,0,1,4,5,2
2019,4,A,골목상권,2110382,솔밭공원역 1번,32,25,7,0,1,9,8,7,7,0,0,5,6,7,7,0,1,4,2,0,0
2019,4,A,골목상권,2110381,번동주공2단지,171,88,83,5,31,28,38,55,14,4,11,14,21,30,8,1,20,14,17,25,6
2019,4,A,골목상권,2110380,강북문화정보도서관,48,15,33,0,12,10,12,10,4,0,0,3,5,4,3,0,12,7,7,6,1
2019,4,A,골목상권,2110379,KT&G 북부지사,12,3,9,1,1,1,3,3,3,0,0,0,1,1,1,1,1,1,2,2,2
2019,4,A,골목상권,2110378,송중동주민센터,23,13,10,0,1,4,6,9,3,0,1,2,2,6,2,0,0,2,4,3,1
2019,4,A,골목상권,2110377,미아사거리역 3번,21,14,7,0,2,2,2,9,6,0,2,2,1,4,5,0,0,0,1,5,1
2019,4,A,골목상권,2110376,수송초등학교,224,142,82,0,26,47,62,60,29,0,12,29,38,41,22,0,14,18,24,19,7
2019,4,A,골목상권,2110375,서울북부고용노동지청,178,99,79,1,23,32,47,52,23,0,18,26,25,19,11,1,5,6,22,33,12
2019,4,A,골목상권,2110374,송중초등학교,491,272,219,5,33,60,145,140,108,5,9,29,73,70,86,0,24,31,72,70,22
2019,4,A,골목상권,2110373,수유역 2번,891,705,186,0,129,255,172,236,99,0,90,208,134,205,68,0,39,47,38,31,31
2019,4,A,골목상권,2110372,강북중학교,188,100,88,0,21,43,50,48,26,0,17,25,18,20,20,0,4,18,32,28,6
2019,4,A,골목상권,2110371,삼양입구사거리,49,23,26,0,2,7,10,19,11,0,0,3,5,10,5,0,2,4,5,9,6
2019,4,A,골목상권,2110370,도봉세무서,367,255,112,0,17,61,76,105,108,0,11,31,42,80,91,0,6,30,34,25,17
2019,4,A,골목상권,2110369,성신여대운정그린캠퍼스,518,214,304,1,49,46,131,131,160,1,10,16,44,53,90,0,39,30,87,78,70
2019,4,A,골목상권,2110368,송천초등학교,196,176,20,0,9,16,36,71,64,0,5,11,32,66,62,0,4,5,4,5,2
2019,4,A,골목상권,2110367,강북구청,1943,976,967,5,195,512,483,522,226,4,64,205,237,340,126,1,131,307,246,182,100
2019,4,A,골목상권,2110366,광산사거리,91,64,27,0,17,20,17,22,15,0,13,13,11,16,11,0,4,7,6,6,4
2019,4,A,골목상권,2110365,미아역 5번,341,83,258,0,17,21,44,63,196,0,5,12,15,17,34,0,12,9,29,46,162
2019,4,A,골목상권,2110364,미아역 8번,146,75,71,0,9,26,51,39,21,0,3,9,25,23,15,0,6,17,26,16,6
2019,4,A,골목상권,2110363,송천동주민센터,19,12,7,0,0,4,3,7,5,0,0,3,1,4,4,0,0,1,2,3,1
2019,4,A,골목상권,2110362,우이천 계성교,205,110,95,1,24,34,61,63,22,0,11,19,28,35,17,1,13,15,33,28,5
2019,4,A,골목상권,2110361,삼양사거리역 1번,101,29,72,0,9,12,19,28,33,0,2,4,3,7,13,0,7,8,16,21,20
2019,4,A,골목상권,2110360,수유초등학교,321,222,99,0,34,61,63,67,96,0,7,43,42,44,86,0,27,18,21,23,10
2019,4,A,골목상권,2110359,수유시장옆,117,67,50,0,12,25,33,36,11,0,3,12,16,29,7,0,9,13,17,7,4
2019,4,A,골목상권,2110358,인수동 우편취급국,558,300,258,0,18,35,68,214,223,0,2,18,24,94,162,0,16,17,44,120,61
2019,4,A,골목상권,2110357,가오리역 1번,725,611,114,0,25,36,171,340,153,0,4,18,146,310,133,0,21,18,25,30,20
2019,4,A,골목상권,2110356,덕수교,228,114,114,0,13,34,55,60,66,0,4,17,22,30,41,0,9,17,33,30,25
2019,4,A,골목상권,2110355,삼양사거리역 2번,306,254,52,0,8,26,44,103,125,0,1,10,31,94,118,0,7,16,13,9,7
2019,4,A,골목상권,2110354,삼각산119안전센터,22,5,17,0,2,3,10,5,2,0,0,0,2,1,2,0,2,3,8,4,0
2019,4,A,골목상권,2110353,수유동우체국,187,91,96,0,4,18,48,60,57,0,1,12,33,27,18,0,3,6,15,33,39
2019,4,A,골목상권,2110352,수유1동주민센터,305,121,184,0,28,55,103,86,33,0,11,24,37,32,17,0,17,31,66,54,16
2019,4,A,골목상권,2110351,수유북부시장옆,214,93,121,0,27,45,51,59,32,0,9,17,20,25,22,0,18,28,31,34,10
2019,4,A,골목상권,2110350,가오리역 2번,148,77,71,0,11,27,37,49,24,0,5,11,18,26,17,0,6,16,19,23,7
2019,4,A,골목상권,2110349,화계역 2번,83,67,16,0,6,4,21,33,19,0,5,3,12,28,19,0,1,1,9,5,0
2019,4,A,골목상권,2110348,강북문화예술회관,343,174,169,0,27,59,108,96,53,0,4,31,63,43,33,0,23,28,45,53,20
2019,4,A,골목상권,2110347,구세군강북종합사회복지관,38,17,21,0,10,7,5,9,7,0,1,5,1,5,5,0,9,2,4,4,2
2019,4,A,골목상권,2110346,4.19민주묘지역 2번,96,48,48,0,12,13,19,19,33,0,3,7,8,7,23,0,9,6,11,12,10
2019,4,A,골목상권,2110345,솔밭공원역 2번,117,48,69,1,14,20,26,38,18,0,3,6,8,18,13,1,11,14,18,20,5
2019,4,A,골목상권,2110344,화계중학교,12,10,2,0,7,1,1,2,1,0,5,1,1,2,1,0,2,0,0,0,0
2019,4,A,골목상권,2110343,무너미어린이공원,100,74,26,0,7,21,28,32,12,0,4,14,22,25,9,0,3,7,6,7,3
2019,4,A,골목상권,2110342,국립재활원,59,44,15,0,5,11,20,15,8,0,3,8,14,13,6,0,2,3,6,2,2
2019,4,A,골목상권,2110341,북한산우이역 2번,492,408,84,0,15,25,80,255,117,0,4,10,52,235,107,0,11,15,28,20,10
2019,4,A,골목상권,2110340,인수중학교,176,99,77,0,24,55,50,29,18,0,8,43,31,7,10,0,16,12,19,22,8
2019,4,A,골목상권,2110339,국립4.19민주묘지,26,10,16,0,2,4,8,7,5,0,0,3,5,0,2,0,2,1,3,7,3
2019,4,A,골목상권,2110338,인수초등학교,190,135,55,0,34,59,43,46,8,0,18,42,33,35,7,0,16,17,10,11,1
2019,4,A,골목상권,2110337,아카데미하우스,512,368,144,6,70,69,94,159,114,6,43,58,60,98,103,0,27,11,34,61,11
2019,4,A,골목상권,2110336,석관고등학교,94,84,10,0,3,17,16,37,21,0,3,15,13,34,19,0,0,2,3,3,2
2019,4,A,골목상권,2110335,석계역 7번,249,172,77,1,19,32,66,64,67,0,13,18,34,45,62,1,6,14,32,19,5
2019,4,A,골목상권,2110334,석관중앙교회,170,105,65,0,21,43,31,41,34,0,8,19,19,29,30,0,13,24,12,12,4
2019,4,A,골목상권,2110333,돌곶이역 5번,988,746,242,0,15,23,38,74,838,0,2,13,20,42,669,0,13,10,18,32,169
2019,4,A,골목상권,2110332,돌곶이역 3번,164,63,101,0,28,29,42,47,18,0,6,18,19,14,6,0,22,11,23,33,12
2019,4,A,골목상권,2110331,돌곶이역 8번,436,292,144,3,54,146,112,76,45,0,17,105,82,53,35,3,37,41,30,23,10
2019,4,A,골목상권,2110330,돌곶이역 1번,220,172,48,0,12,18,33,31,126,0,4,12,20,23,113,0,8,6,13,8,13
2019,4,A,골목상권,2110329,우리은행체육관,53,27,26,1,7,9,12,17,7,1,0,5,5,10,6,0,7,4,7,7,1
2019,4,A,골목상권,2110328,상월곡역 3번,250,157,93,1,41,81,66,39,22,1,26,58,33,24,15,0,15,23,33,15,7
2019,4,A,골목상권,2110327,상월곡역 2번,104,55,49,0,8,15,39,26,16,0,3,6,23,14,9,0,5,9,16,12,7
2019,4,A,골목상권,2110326,장위동성당,84,40,44,0,2,9,16,13,44,0,1,2,6,5,26,0,1,7,10,8,18
2019,4,A,골목상권,2110325,장곡초등학교,62,22,40,0,0,14,22,20,6,0,0,3,8,7,4,0,0,11,14,13,2
2019,4,A,골목상권,2110324,월곡역 4번,99,55,44,0,31,21,19,18,10,0,9,10,13,14,9,0,22,11,6,4,1
2019,4,A,골목상권,2110323,상월곡역 1번,109,30,79,2,25,24,28,18,12,0,4,5,11,5,5,2,21,19,17,13,7
2019,4,A,골목상권,2110322,장위1동주민센터,237,158,79,0,14,15,42,74,92,0,9,11,30,52,56,0,5,4,12,22,36
2019,4,A,골목상권,2110321,동덕여대,43,29,14,0,2,6,17,12,6,0,2,6,9,7,5,0,0,0,8,5,1
2019,4,A,골목상권,2110320,KB국민은행 종암동지점,72,44,28,0,2,11,24,21,14,0,1,5,12,14,12,0,1,6,12,7,2
2019,4,A,골목상권,2110319,종암동주민센터,277,111,166,1,45,49,65,62,55,0,8,19,24,32,28,1,37,30,41,30,27
2019,4,A,골목상권,2110318,KT월곡지사,148,78,70,0,21,29,45,36,17,0,10,19,22,14,13,0,11,10,23,22,4
2019,4,A,골목상권,2110317,종암중학교,412,207,205,0,33,120,153,86,20,0,14,47,78,59,9,0,19,73,75,27,11
2019,4,A,골목상권,2110316,숭곡초등학교,439,217,222,2,68,114,129,88,38,2,19,58,73,42,23,0,49,56,56,46,15
2019,4,A,골목상권,2110315,종암아이파크2차,124,78,46,0,11,17,41,38,17,0,4,9,27,25,13,0,7,8,14,13,4
2019,4,A,골목상권,2110314,종암경찰서,953,701,252,1,127,272,224,287,42,0,72,207,163,231,28,1,55,65,61,56,14
2019,4,A,골목상권,2110313,안암역 3번,2079,1351,728,2,209,555,672,477,164,0,96,312,446,356,141,2,113,243,226,121,23
2019,4,A,골목상권,2110312,안암역 2번,175,96,79,0,18,24,52,54,27,0,9,17,27,27,16,0,9,7,25,27,11
2019,4,A,골목상권,2110311,종암아이파크2차후문,49,21,28,0,3,5,24,7,10,0,2,2,6,4,7,0,1,3,18,3,3
2019,4,A,골목상권,2110310,길음역 10번,45,14,31,0,12,8,5,15,5,0,4,1,2,4,3,0,8,7,3,11,2
2019,4,A,골목상권,2110309,대광초등학교,354,252,102,0,37,57,103,96,61,0,18,39,69,75,51,0,19,18,34,21,10
2019,4,A,골목상권,2110308,길음역 8번,174,85,89,0,17,36,56,41,24,0,8,17,26,20,14,0,9,19,30,21,10
2019,4,A,골목상권,2110307,길음역 7번,158,71,87,0,29,32,52,27,18,0,7,17,23,12,12,0,22,15,29,15,6
2019,4,A,골목상권,2110306,미아초등학교,291,194,97,2,13,46,66,71,93,0,3,25,39,45,82,2,10,21,27,26,11
2019,4,A,골목상권,2110305,보문역 5번,883,661,222,3,165,255,173,133,154,1,99,199,129,103,130,2,66,56,44,30,24
2019,4,A,골목상권,2110304,보문역 4번,248,146,102,0,40,77,61,48,22,0,10,46,35,37,18,0,30,31,26,11,4
2019,4,A,골목상권,2110303,성신여대입구역 1번,138,97,41,1,7,35,44,27,24,0,2,22,28,25,20,1,5,13,16,2,4
2019,4,A,골목상권,2110302,보문역 8번,3818,3195,623,1,369,1436,715,829,468,1,257,1276,659,708,294,0,112,160,56,121,174
2019,4,A,골목상권,2110301,성신여대입구역 7번,484,209,275,1,73,84,96,134,96,0,31,37,39,62,40,1,42,47,57,72,56
2019,4,A,골목상권,2110300,삼선동주민센터,2735,1587,1148,3,248,710,769,844,161,2,97,300,444,629,115,1,151,410,325,215,46
2019,4,A,골목상권,2110299,정릉역 1번,372,241,131,1,33,49,83,95,111,0,9,12,40,74,106,1,24,37,43,21,5
2019,4,A,골목상권,2110298,솔숲어린이공원,77,28,49,0,18,11,24,12,12,0,3,5,7,5,8,0,15,6,17,7,4
2019,4,A,골목상권,2110297,경동고등학교,654,311,343,0,74,123,156,164,137,0,31,65,74,79,62,0,43,58,82,85,75
2019,4,A,골목상권,2110296,성신여대입구역 4번,77,39,38,1,7,12,30,11,16,1,3,7,15,8,5,0,4,5,15,3,11
2019,4,A,골목상권,2110295,정릉우체국,679,248,431,0,166,178,163,119,53,0,36,67,49,52,44,0,130,111,114,67,9
2019,4,A,골목상권,2110294,서경대학교,391,262,129,0,35,30,93,120,113,0,18,14,46,87,97,0,17,16,47,33,16
2019,4,A,골목상권,2110293,삼선중학교,1730,860,870,4,248,467,527,319,165,3,116,277,268,111,85,1,132,190,259,208,80
2019,4,A,골목상권,2110292,정릉역 2번,43,17,26,0,2,7,21,7,6,0,1,5,6,3,2,0,1,2,15,4,4
2019,4,A,골목상권,2110291,한성대입구역 3번,345,174,171,2,27,49,96,92,79,0,14,24,50,52,34,2,13,25,46,40,45
2019,4,A,골목상권,2110290,북한산보국문역 1번,96,78,18,0,2,9,29,37,19,0,1,8,23,30,16,0,1,1,6,7,3
2019,4,A,골목상권,2110289,북한산보국문역 2번,144,105,39,0,9,28,49,32,26,0,6,23,30,24,22,0,3,5,19,8,4
2019,4,A,골목상권,2110288,동구여중,216,139,77,1,19,49,52,55,40,0,9,22,35,40,33,1,10,27,17,15,7
2019,4,A,골목상권,2110287,정릉3동주민센터,70,50,20,0,9,12,18,19,12,0,5,8,15,12,10,0,4,4,3,7,2
2019,4,A,골목상권,2110286,한성대입구역 5번,978,468,510,17,187,284,317,122,51,8,70,126,143,83,38,9,117,158,174,39,13
2019,4,A,골목상권,2110285,홍대부중,814,559,255,9,219,220,210,100,56,6,118,172,163,69,31,3,101,48,47,31,25
2019,4,A,골목상권,2110284,정릉북한산국립공원입구,644,558,86,0,13,85,200,250,96,0,8,69,176,220,85,0,5,16,24,30,11
2019,4,A,골목상권,2110283,성북초등학교앞,203,78,125,0,16,33,56,80,18,0,8,10,23,27,10,0,8,23,33,53,8
2019,4,A,골목상권,2110282,국민대학교앞,1403,1162,241,15,213,430,341,239,165,14,151,387,296,212,102,1,62,43,45,27,63
2019,4,A,골목상권,2110281,길상사,13811,12087,1724,12,1418,3093,4057,4963,268,1,960,2426,3678,4822,200,11,458,667,379,141,68
2019,4,A,골목상권,2110280,북정마을,78,40,38,0,6,12,25,24,11,0,2,4,11,15,8,0,4,8,14,9,3
2019,4,A,골목상권,2110279,신내역 2번,9,8,1,0,0,1,4,4,0,0,0,1,3,4,0,0,0,0,1,0,0
2019,4,A,골목상권,2110278,망우본동주민센터,279,168,111,1,32,46,78,83,39,0,10,25,44,57,32,1,22,21,34,26,7
2019,4,A,골목상권,2110277,러스크서울병원,178,100,78,0,16,32,39,52,39,0,6,15,23,29,27,0,10,17,16,23,12
2019,4,A,골목상권,2110276,신내IC북측,39,25,14,0,1,6,11,12,9,0,0,5,6,9,5,0,1,1,5,3,4
2019,4,A,골목상권,2110275,하나은행 망우동지점,63,33,30,0,4,9,19,16,15,0,3,6,9,5,10,0,1,3,10,11,5
2019,4,A,골목상권,2110274,서일대학교,552,385,167,0,49,66,143,153,141,0,10,43,97,121,114,0,39,23,46,32,27
2019,4,A,골목상권,2110273,장스여성병원,610,446,164,7,31,37,75,209,251,0,4,8,37,168,229,7,27,29,38,41,22
2019,4,A,골목상권,2110272,신내1동주민센터,471,318,153,0,45,69,93,149,115,0,15,35,60,103,105,0,30,34,33,46,10
2019,4,A,골목상권,2110271,신내역 1번,97,74,23,0,8,17,25,29,18,0,5,14,18,23,14,0,3,3,7,6,4
2019,4,A,골목상권,2110270,혜원여고,168,148,20,0,4,5,7,70,82,0,4,3,6,59,76,0,0,2,1,11,6
2019,4,A,골목상권,2110269,용마문화복지센터,169,98,71,0,19,53,52,28,17,0,13,32,30,19,4,0,6,21,22,9,13
2019,4,A,골목상권,2110268,망우3동주민센터,60,30,30,0,10,13,10,18,9,0,1,5,7,10,7,0,9,8,3,8,2
2019,4,A,골목상권,2110267,망우역 2번,139,49,90,1,15,28,50,28,17,1,2,10,19,13,4,0,13,18,31,15,13
2019,4,A,골목상권,2110266,면목동우체국,225,182,43,0,10,31,38,79,67,0,1,19,30,69,63,0,9,12,8,10,4
2019,4,A,골목상권,2110265,망우역 1번,198,91,107,1,23,43,54,57,20,0,7,18,21,32,13,1,16,25,33,25,7
2019,4,A,골목상권,2110264,면목역 2번,358,170,188,1,52,75,93,80,57,0,21,40,40,37,32,1,31,35,53,43,25
2019,4,A,골목상권,2110263,면목역 1번,128,69,59,0,12,27,34,24,31,0,6,12,11,14,26,0,6,15,23,10,5
2019,4,A,골목상권,2110262,상봉역 3번,1532,879,653,2,221,447,543,268,51,0,119,337,282,107,34,2,102,110,261,161,17
2019,4,A,골목상권,2110261,사가정역 4번,167,90,77,1,16,29,49,50,22,1,8,15,25,26,15,0,8,14,24,24,7
2019,4,A,골목상권,2110260,면목역 3번,126,74,52,0,24,21,24,29,28,0,14,8,12,20,20,0,10,13,12,9,8
2019,4,A,골목상권,2110259,사가정역 1번,543,425,118,2,48,108,172,159,54,2,29,73,131,140,50,0,19,35,41,19,4
2019,4,A,골목상권,2110258,면동초등학교,260,99,161,0,32,49,79,66,34,0,1,20,28,34,16,0,31,29,51,32,18
2019,4,A,골목상권,2110257,상봉역 7번,397,330,67,0,17,18,50,133,179,0,6,11,34,118,161,0,11,7,16,15,18
2019,4,A,골목상권,2110256,면목2동체육관,477,321,156,2,56,66,82,140,131,1,21,35,45,109,110,1,35,31,37,31,21
2019,4,A,골목상권,2110255,상봉역 4번,327,208,119,0,39,52,78,92,66,0,20,24,46,62,56,0,19,28,32,30,10
2019,4,A,골목상권,2110254,오거리공원,257,89,168,1,19,75,79,51,32,0,6,15,35,21,12,1,13,60,44,30,20
2019,4,A,골목상권,2110253,중곡초등학교,181,106,75,0,31,31,44,49,26,0,10,17,23,35,21,0,21,14,21,14,5
2019,4,A,골목상권,2110252,장안제일시장,712,505,207,1,64,101,159,195,192,1,42,73,87,131,171,0,22,28,72,64,21
2019,4,A,골목상권,2110251,장안중학교,147,104,43,0,8,34,46,39,20,0,3,23,34,27,17,0,5,11,12,12,3
2019,4,A,골목상권,2110250,화랑대역 7번,111,69,42,0,7,20,32,34,18,0,5,12,15,23,14,0,2,8,17,11,4
2019,4,A,골목상권,2110249,중화역 1번,783,496,287,0,71,131,213,207,161,0,34,62,112,143,145,0,37,69,101,64,16
2019,4,A,골목상권,2110248,먹골파출소,85,47,38,1,19,23,20,12,10,0,7,14,12,4,10,1,12,9,8,8,0
2019,4,A,골목상권,2110247,먹골역 1번,377,175,202,0,53,79,123,78,44,0,21,30,55,38,31,0,32,49,68,40,13
2019,4,A,골목상권,2110246,월드순복음교회,431,312,119,0,27,97,158,95,54,0,12,69,122,65,44,0,15,28,36,30,10
2019,4,A,골목상권,2110245,KB국민은행 중화동지점,108,69,39,0,5,18,41,27,17,0,4,10,24,17,14,0,1,8,17,10,3
2019,4,A,골목상권,2110244,중화역 4번,250,175,75,1,8,26,49,44,122,1,4,11,32,30,97,0,4,15,17,14,25
2019,4,A,골목상권,2110243,중랑노인종합복지관,317,126,191,1,32,51,76,111,46,0,7,22,39,36,22,1,25,29,37,75,24
2019,4,A,골목상권,2110242,면목5동주민센터,164,112,52,0,21,28,56,30,29,0,12,23,31,22,24,0,9,5,25,8,5
2019,4,A,골목상권,2110241,먹골역 5번,415,213,202,0,61,87,97,117,53,0,17,49,46,63,38,0,44,38,51,54,15
2019,4,A,골목상권,2110240,태릉시장 특화거리,97,39,58,2,20,13,28,16,18,1,3,8,7,8,12,1,17,5,21,8,6
2019,4,A,골목상권,2110238,배꽃어린이공원,66,48,18,0,6,7,15,23,15,0,4,5,9,15,15,0,2,2,6,8,0
2019,4,A,골목상권,2110237,메가박스 상봉,274,152,122,0,30,67,97,54,26,0,13,37,48,36,18,0,17,30,49,18,8
2019,4,A,골목상권,2110236,신묵초등학교,1015,836,179,0,185,302,228,255,45,0,135,246,194,228,33,0,50,56,34,27,12
2019,4,A,골목상권,2110235,세화어린이공원,17,12,5,0,6,3,1,5,2,0,5,1,1,3,2,0,1,2,0,2,0
2019,4,A,골목상권,2110234,중랑역 4번,96,41,55,0,15,16,23,25,17,0,2,5,10,14,10,0,13,11,13,11,7
2019,4,A,골목상권,2110233,중랑역 1번,142,46,96,1,23,27,50,35,6,1,6,7,16,11,5,0,17,20,34,24,1
2019,4,A,골목상권,2110232,동대부고,579,413,166,0,41,71,119,175,173,0,14,38,80,134,147,0,27,33,39,41,26
2019,4,A,골목상권,2110231,장안교,11,8,3,0,0,1,4,5,1,0,0,1,3,4,0,0,0,0,1,1,1
2019,4,A,골목상권,2110230,장안현대홈타운1차아파트,161,101,60,0,15,32,52,45,17,0,6,22,33,28,12,0,9,10,19,17,5
2019,4,A,골목상권,2110229,장평중학교,1339,865,474,0,145,164,192,320,518,0,81,103,125,212,344,0,64,61,67,108,174
2019,4,A,골목상권,2110228,장안근린공원,1992,1184,808,40,1381,313,92,101,65,24,788,223,60,54,35,16,593,90,32,47,30
2019,4,A,골목상권,2110227,답십리공원,216,82,134,0,13,28,73,82,20,0,10,14,25,21,12,0,3,14,48,61,8
2019,4,A,골목상권,2110226,장안1동주민센터,1882,1005,877,2,147,247,333,512,641,2,87,148,213,253,302,0,60,99,120,259,339
2019,4,A,골목상권,2110225,촬영소사거리,330,204,126,0,22,36,68,83,121,0,9,25,42,55,73,0,13,11,26,28,48
2019,4,A,골목상권,2110224,외대앞역 2번,95,39,56,0,9,14,16,27,29,0,2,4,9,15,9,0,7,10,7,12,20
2019,4,A,골목상권,2110223,군자초등학교,94,56,38,0,13,17,26,24,14,0,4,10,17,15,10,0,9,7,9,9,4
2019,4,A,골목상권,2110222,회기역 2번,20,17,3,0,0,3,2,6,9,0,0,2,2,4,9,0,0,1,0,2,0
2019,4,A,골목상권,2110221,의릉,95,69,26,0,10,12,36,29,8,0,6,10,24,22,7,0,4,2,12,7,1
2019,4,A,골목상권,2110220,외대앞역 1번,190,109,81,0,28,36,54,46,26,0,7,17,33,34,18,0,21,19,21,12,8
2019,4,A,골목상권,2110219,삼육보건대학교,249,145,104,0,18,42,68,82,39,0,11,20,31,53,30,0,7,22,37,29,9
2019,4,A,골목상권,2110218,답십리사거리,158,83,75,0,14,25,45,60,14,0,5,12,22,33,11,0,9,13,23,27,3
2019,4,A,골목상권,2110217,자동차부품상가,503,388,115,1,33,105,143,123,98,1,24,88,115,83,77,0,9,17,28,40,21
2019,4,A,골목상권,2110216,전농중학교,208,68,140,1,32,48,62,50,15,1,11,14,18,18,6,0,21,34,44,32,9
2019,4,A,골목상권,2110215,회기역 1번,28,18,10,0,3,4,9,7,5,0,3,2,6,3,4,0,0,2,3,4,1
2019,4,A,골목상권,2110214,경희대후문,86,42,44,0,18,17,24,17,10,0,6,6,13,10,7,0,12,11,11,7,3
2019,4,A,골목상권,2110213,청량초등학교,124,81,43,0,19,57,17,15,16,0,7,41,13,7,13,0,12,16,4,8,3
2019,4,A,골목상권,2110212,답십리초등학교,204,144,60,0,26,37,42,67,32,0,18,26,27,50,23,0,8,11,15,17,9
2019,4,A,골목상권,2110211,전곡마을마당공원,626,445,181,1,66,101,170,194,94,0,45,73,129,143,55,1,21,28,41,51,39
2019,4,A,골목상권,2110210,서울시립대,341,253,88,1,9,19,24,34,254,1,4,12,10,21,205,0,5,7,14,13,49
2019,4,A,골목상권,2110209,답십리 장령당공원,81,51,30,0,3,11,28,19,20,0,1,5,16,15,14,0,2,6,12,4,6
2019,4,A,골목상권,2110208,시조사삼거리,75,56,19,0,2,14,7,17,35,0,1,7,2,11,35,0,1,7,5,6,0
2019,4,A,골목상권,2110207,시립대앞사거리,50,26,24,0,4,12,12,10,12,0,2,8,6,3,7,0,2,4,6,7,5
2019,4,A,골목상권,2110206,텃골근린공원,81,29,52,0,5,14,23,23,16,0,2,7,7,7,6,0,3,7,16,16,10
2019,4,A,골목상권,2110205,경희대삼거리,82,48,34,0,4,13,23,23,19,0,2,10,7,17,12,0,2,3,16,6,7
2019,4,A,골목상권,2110204,간데메공원,411,268,143,3,83,97,82,89,57,3,57,64,46,58,40,0,26,33,36,31,17
2019,4,A,골목상권,2110203,떡전교사거리,99,63,36,1,9,15,32,29,13,1,0,7,26,20,9,0,9,8,6,9,4
2019,4,A,골목상권,2110202,전농1동주민센터(전농시장),111,68,43,0,14,35,31,20,11,0,9,19,21,14,5,0,5,16,10,6,6
2019,4,A,골목상권,2110201,전농119안전센터,27,11,16,0,2,1,9,10,5,0,1,0,3,4,3,0,1,1,6,6,2
2019,4,A,골목상권,2110200,동대문경찰서,74,50,24,0,1,6,21,13,33,0,0,1,11,6,32,0,1,5,10,7,1
2019,4,A,골목상권,2110199,홍릉시장,65,41,24,0,11,15,18,14,7,0,8,8,10,9,6,0,3,7,8,5,1
2019,4,A,골목상권,2110198,동대문중앙새마을금고본점,67,26,41,0,1,0,18,37,11,0,0,0,8,10,8,0,1,0,10,27,3
2019,4,A,골목상권,2110197,세종대왕기념관교차로,67,46,21,0,8,19,26,9,5,0,4,15,19,7,1,0,4,4,7,2,4
2019,4,A,골목상권,2110196,홍릉근린공원,23,12,11,0,1,6,8,5,3,0,1,4,3,2,2,0,0,2,5,3,1
2019,4,A,골목상권,2110195,동대문구청,221,115,106,0,41,58,47,40,35,0,12,28,23,27,25,0,29,30,24,13,10
2019,4,A,골목상권,2110194,홍파초등학교,112,85,27,0,6,32,24,36,14,0,4,20,20,31,10,0,2,12,4,5,4
2019,4,A,골목상권,2110193,고려대역 4번,48,37,11,0,5,11,11,10,11,0,3,5,10,10,9,0,2,6,1,0,2
2019,4,A,골목상권,2110192,동의보감타워,70,45,25,0,7,10,25,16,12,0,2,6,17,10,10,0,5,4,8,6,2
2019,4,A,골목상권,2110191,고려대역 6번,48,41,7,0,1,12,14,9,12,0,1,10,11,8,11,0,0,2,3,1,1
2019,4,A,골목상권,2110190,고대앞사거리,195,92,103,0,22,34,34,45,60,0,4,18,22,19,29,0,18,16,12,26,31
2019,4,A,골목상권,2110189,제기동역 1번,1545,1089,456,1,233,490,343,170,308,0,98,349,286,137,219,1,135,141,57,33,89
2019,4,A,골목상권,2110188,용두동신동아아파트,807,607,200,8,104,178,229,191,97,2,68,150,181,132,74,6,36,28,48,59,23
2019,4,A,골목상권,2110187,제기동역 6번,3124,2222,902,15,559,867,746,552,385,7,387,605,531,394,298,8,172,262,215,158,87
2019,4,A,골목상권,2110186,종암초등학교,94,71,23,0,5,13,15,30,31,0,1,12,9,23,26,0,4,1,6,7,5
2019,4,A,골목상권,2110185,용두초등학교,122,77,45,0,13,22,31,32,24,0,5,13,18,22,19,0,8,9,13,10,5
2019,4,A,골목상권,2110184,용두사거리,423,215,208,0,81,138,75,77,52,0,39,51,34,51,40,0,42,87,41,26,12
2019,4,A,골목상권,2110183,한국의류시험연구원,833,441,392,3,237,305,147,75,66,1,87,160,79,58,56,2,150,145,68,17,10
2019,4,A,골목상권,2110182,용두희망어린이공원,370,249,121,0,38,71,108,87,66,0,20,47,67,64,51,0,18,24,41,23,15
2019,4,A,골목상권,2110181,신설동역 9번,1864,1212,652,12,209,232,286,440,685,12,150,162,188,282,418,0,59,70,98,158,267
2019,4,A,골목상권,2110180,광진정보도서관,5946,4025,1921,18,1620,2093,1180,672,363,5,885,1485,859,489,302,13,735,608,321,183,61
2019,4,A,골목상권,2110179,광나루역 1번,911,620,291,0,142,209,188,233,139,0,82,160,157,154,67,0,60,49,31,79,72
2019,4,A,골목상권,2110178,장로회신학대학교,194,123,71,0,25,44,42,56,27,0,15,34,21,38,15,0,10,10,21,18,12
2019,4,A,골목상권,2110177,동의초등학교,135,90,45,0,11,31,32,35,26,0,3,15,21,27,24,0,8,16,11,8,2
2019,4,A,골목상권,2110176,해오름공원,758,432,326,1,70,206,221,168,92,1,30,116,125,90,70,0,40,90,96,78,22
2019,4,A,골목상권,2110175,푸른동산공원,370,235,135,0,41,74,109,86,60,0,24,48,70,53,40,0,17,26,39,33,20
2019,4,A,골목상권,2110174,아차산역 1번,432,305,127,1,49,80,115,104,83,1,25,57,76,69,77,0,24,23,39,35,6
2019,4,A,골목상권,2110173,구남초등학교,195,106,89,0,34,50,46,44,21,0,16,28,21,25,16,0,18,22,25,19,5
2019,4,A,골목상권,2110172,광진초등학교,351,227,124,0,42,73,97,92,47,0,17,48,61,65,36,0,25,25,36,27,11
2019,4,A,골목상권,2110171,중곡4동주민센터,59,36,23,0,4,8,7,22,18,0,1,2,3,15,15,0,3,6,4,7,3
2019,4,A,골목상권,2110170,동대부여고,189,105,84,1,35,39,58,39,17,0,16,16,35,26,12,1,19,23,23,13,5
2019,4,A,골목상권,2110169,성동초등학교,221,112,109,1,25,30,68,59,38,0,12,12,32,32,24,1,13,18,36,27,14
2019,4,A,골목상권,2110168,대원고등학교,688,531,157,0,66,102,139,225,156,0,38,73,103,173,144,0,28,29,36,52,12
2019,4,A,골목상권,2110167,용마초등학교,376,220,156,2,22,56,99,109,88,0,9,20,52,62,77,2,13,36,47,47,11
2019,4,A,골목상권,2110166,구의1동주민센터,552,292,260,1,70,121,177,115,68,1,20,59,99,60,53,0,50,62,78,55,15
2019,4,A,골목상권,2110165,국립정신건강센터,287,204,83,0,19,46,81,77,64,0,9,33,51,61,50,0,10,13,30,16,14
2019,4,A,골목상권,2110164,아차산역 5번,731,494,237,3,111,126,143,164,184,0,61,77,101,112,143,3,50,49,42,52,41
2019,4,A,골목상권,2110163,성자초등학교,272,134,138,0,37,44,65,72,54,0,13,26,31,26,38,0,24,18,34,46,16
2019,4,A,골목상권,2110162,군자역 4번,613,365,248,0,127,162,131,110,83,0,98,118,75,42,32,0,29,44,56,68,51
2019,4,A,골목상권,2110161,중곡역 3번,236,135,101,3,11,33,58,65,66,0,2,16,37,40,40,3,9,17,21,25,26
2019,4,A,골목상권,2110160,광진경찰서,832,690,142,0,149,323,182,167,11,0,110,261,152,157,10,0,39,62,30,10,1
2019,4,A,골목상권,2110159,구의역 4번,663,391,272,1,125,115,158,132,132,1,58,62,85,87,98,0,67,53,73,45,34
2019,4,A,골목상권,2110158,중곡3동주민센터,715,518,197,1,113,210,184,138,69,0,73,168,123,104,50,1,40,42,61,34,19
2019,4,A,골목상권,2110157,자양동우체국,1097,891,206,10,352,279,244,141,71,7,300,237,180,106,61,3,52,42,64,35,10
2019,4,A,골목상권,2110156,군자역 5번,624,365,259,0,96,182,174,113,59,0,41,115,102,67,40,0,55,67,72,46,19
2019,4,A,골목상권,2110155,광진구청,8356,7701,655,0,240,853,2408,4046,809,0,172,765,2256,3748,760,0,68,88,152,298,49
2019,4,A,골목상권,2110154,광진정말공원,307,161,146,1,43,62,79,78,44,1,19,37,35,37,32,0,24,25,44,41,12
2019,4,A,골목상권,2110153,중곡1동주민센터,241,83,158,1,42,57,67,57,17,0,14,22,22,17,8,1,28,35,45,40,9
2019,4,A,골목상권,2110152,중곡어린이공원,338,300,38,0,17,29,64,119,109,0,10,21,55,109,105,0,7,8,9,10,4
2019,4,A,골목상권,2110151,자양한강도서관,249,175,74,4,35,52,63,66,29,3,24,37,49,41,21,1,11,15,14,25,8
2019,4,A,골목상권,2110150,중곡1동 마을마당,1179,698,481,1,197,352,252,217,160,1,83,194,161,132,127,0,114,158,91,85,33
2019,4,A,골목상권,2110149,세종대학교,122,72,50,0,15,21,31,23,32,0,8,13,19,7,25,0,7,8,12,16,7
2019,4,A,골목상권,2110148,어린이대공원역 3번,17,12,5,0,3,3,6,5,0,0,0,2,5,5,0,0,3,1,1,0,0
2019,4,A,골목상권,2110147,능동우편취급국,815,464,351,4,120,172,160,137,222,2,56,88,104,77,137,2,64,84,56,60,85
2019,4,A,골목상권,2110146,신자초등학교,735,531,204,0,50,79,208,276,122,0,25,44,156,209,97,0,25,35,52,67,25
2019,4,A,골목상권,2110145,장안초등학교,7,4,3,0,0,1,2,3,1,0,0,0,1,3,0,0,0,1,1,0,1
2019,4,A,골목상권,2110144,어린이대공원역 4번,47,23,24,0,5,4,13,16,9,0,1,1,7,8,6,0,4,3,6,8,3
2019,4,A,골목상권,2110143,뚝섬유원지역 1번,63,26,37,1,5,15,12,20,10,1,0,3,7,7,8,0,5,12,5,13,2
2019,4,A,골목상권,2110142,화양사거리,213,107,106,1,37,47,44,52,32,1,20,25,24,16,21,0,17,22,20,36,11
2019,4,A,골목상권,2110141,건대입구역 1번,213,138,75,1,23,49,67,48,25,1,11,27,51,32,16,0,12,22,16,16,9
2019,4,A,골목상권,2110140,건대입구역 6번,552,361,191,6,51,90,136,158,111,5,28,47,82,114,85,1,23,43,54,44,26
2019,4,A,골목상권,2110139,자양4동주민센터,204,116,88,0,13,28,53,51,59,0,3,14,32,25,42,0,10,14,21,26,17
2019,4,A,골목상권,2110138,송정체육공원,160,79,81,0,15,27,53,41,24,0,4,12,21,23,19,0,11,15,32,18,5
2019,4,A,골목상권,2110137,성수초등학교,6605,4295,2310,31,1016,1740,1836,1344,638,22,557,1152,1250,828,486,9,459,588,586,516,152
2019,4,A,골목상권,2110136,경수초등학교,4745,2743,2002,43,1169,1097,978,875,583,32,439,633,615,593,431,11,730,464,363,282,152
2019,4,A,골목상권,2110135,성동세무서,355,182,173,0,41,69,96,66,83,0,7,34,41,34,66,0,34,35,55,32,17
2019,4,A,골목상권,2110134,성수119안전센터,771,587,184,4,65,108,185,252,157,4,38,78,143,200,124,0,27,30,42,52,33
2019,4,A,골목상권,2110133,서울교통공사,122,93,29,0,19,25,33,21,24,0,12,18,29,17,17,0,7,7,4,4,7
2019,4,A,골목상권,2110132,성수2가3동주민센터,786,521,265,0,97,182,220,197,90,0,67,133,145,108,68,0,30,49,75,89,22
2019,4,A,골목상권,2110131,성수동카페거리,4798,3110,1688,15,902,1536,1123,699,523,9,460,993,777,497,374,6,442,543,346,202,149
2019,4,A,골목상권,2110130,답십리역 6번,105,89,16,0,20,24,38,15,8,0,17,20,35,10,7,0,3,4,3,5,1
2019,4,A,골목상권,2110129,성원어린이공원,664,421,243,1,65,126,138,185,149,0,35,74,91,111,110,1,30,52,47,74,39
2019,4,A,골목상권,2110128,성원중학교,1237,712,525,1,127,206,296,338,269,1,66,118,185,203,139,0,61,88,111,135,130
2019,4,A,골목상권,2110127,성수1가1동주민센터,290,157,133,0,31,55,56,100,48,0,11,40,31,47,28,0,20,15,25,53,20
2019,4,A,골목상권,2110126,서울숲역 1번,27,18,9,0,0,7,2,12,6,0,0,6,0,7,5,0,0,1,2,5,1
2019,4,A,골목상권,2110125,사근동살곶이상점가,135,83,52,2,25,39,35,21,13,2,13,21,24,13,10,0,12,18,11,8,3
2019,4,A,골목상권,2110124,뚝섬역교차로,1253,1006,247,7,170,155,222,312,387,6,94,111,169,268,358,1,76,44,53,44,29
2019,4,A,골목상권,2110123,마장역 3번,511,382,129,0,42,56,91,185,137,0,21,36,63,141,121,0,21,20,28,44,16
2019,4,A,골목상권,2110122,마장역 2번,464,271,193,1,60,88,117,113,85,1,32,59,68,61,50,0,28,29,49,52,35
2019,4,A,골목상권,2110121,한양대역 4번,45,30,15,0,3,10,8,11,13,0,2,5,5,7,11,0,1,5,3,4,2
2019,4,A,골목상권,2110120,서울숲카페거리,79,49,30,0,8,12,35,18,6,0,3,8,23,10,5,0,5,4,12,8,1
2019,4,A,골목상권,2110119,마장지하차도,127,89,38,0,17,26,32,26,26,0,12,22,19,18,18,0,5,4,13,8,8
2019,4,A,골목상권,2110118,왕십리역 9번,697,487,210,1,90,182,204,129,91,0,62,110,144,93,78,1,28,72,60,36,13
2019,4,A,골목상권,2110117,성동구보건소,103,73,30,1,14,27,19,33,9,1,10,20,11,25,6,0,4,7,8,8,3
2019,4,A,골목상권,2110116,청계천박물관,4884,3674,1210,30,342,780,1090,1772,870,26,217,571,881,1319,660,4,125,209,209,453,210
2019,4,A,골목상권,2110115,상왕십리역 3번,945,362,583,10,392,218,156,113,56,0,76,84,93,75,34,10,316,134,63,38,22
2019,4,A,골목상권,2110114,왕십리파출소,68,21,47,0,3,2,11,24,28,0,1,1,4,10,5,0,2,1,7,14,23
2019,4,A,골목상권,2110113,응봉산,77,43,34,0,14,15,14,16,18,0,4,11,7,6,15,0,10,4,7,10,3
2019,4,A,골목상권,2110112,행당역 2번,205,100,105,0,37,37,36,53,42,0,14,19,15,26,26,0,23,18,21,27,16
2019,4,A,골목상권,2110111,대현산장미원,51,40,11,0,6,7,6,17,15,0,6,4,4,13,13,0,0,3,2,4,2
2019,4,A,골목상권,2110110,상왕십리역 6번,93,55,38,1,12,22,24,18,16,1,7,12,13,10,12,0,5,10,11,8,4
2019,4,A,골목상권,2110109,금호삼성래미안아파트,92,39,53,0,7,10,12,42,21,0,2,6,3,15,13,0,5,4,9,27,8
2019,4,A,골목상권,2110108,성동구립금호도서관,6,1,5,0,0,1,4,1,0,0,0,0,0,1,0,0,0,1,4,0,0
2019,4,A,골목상권,2110107,금호사거리,37,30,7,0,4,8,4,11,10,0,3,5,4,9,9,0,1,3,0,2,1
2019,4,A,골목상권,2110105,금동어린이공원,43,20,23,0,1,9,12,12,9,0,0,3,3,8,6,0,1,6,9,4,3
2019,4,A,골목상권,2110104,신금호역 4번,275,189,86,0,27,47,51,66,84,0,11,28,34,46,70,0,16,19,17,20,14
2019,4,A,골목상권,2110103,옥수터널,13,11,2,1,0,2,2,6,2,0,0,2,2,5,2,1,0,0,0,1,0
2019,4,A,골목상권,2110102,옥수역 6번,3362,1140,2222,0,968,1050,724,422,198,0,202,328,319,197,94,0,766,722,405,225,104
2019,4,A,골목상권,2110101,옥정중학교,218,121,97,0,55,51,65,31,16,0,24,34,43,13,7,0,31,17,22,18,9
2019,4,A,골목상권,2110100,옥수동우편취급국,46,31,15,0,5,18,13,6,4,0,0,15,7,5,4,0,5,3,6,1,0
2019,4,A,골목상권,2110099,유엔빌리지길,12646,10311,2335,33,1746,2596,3298,4558,415,25,904,1899,2859,4264,360,8,842,697,439,294,55
2019,4,A,골목상권,2110098,서울독일학교,242,91,151,0,57,85,68,23,9,0,15,22,34,15,5,0,42,63,34,8,4
2019,4,A,골목상권,2110097,한남초등학교,3116,1920,1196,1,597,1644,757,90,27,0,278,975,575,71,21,1,319,669,182,19,6
2019,4,A,골목상권,2110096,한남힐사이드아파트,4186,2661,1525,5,1055,1176,900,902,148,3,457,705,613,757,126,2,598,471,287,145,22
2019,4,A,골목상권,2110095,한강진역 3번,1186,801,385,16,160,326,321,298,65,8,61,235,227,226,44,8,99,91,94,72,21
2019,4,A,골목상권,2110094,오산중학교,26,12,14,0,0,1,4,13,8,0,0,0,2,6,4,0,0,1,2,7,4
2019,4,A,골목상권,2110093,우사단길,2482,1548,934,2,325,1015,734,327,79,1,101,529,548,305,64,1,224,486,186,22,15
2019,4,A,골목상권,2110092,NH농협은행 보광동지점,514,208,306,0,94,123,111,107,79,0,14,58,40,45,51,0,80,65,71,62,28
2019,4,A,골목상권,2110091,리움미술관,1106,810,296,0,216,345,343,155,47,0,117,236,293,128,36,0,99,109,50,27,11
2019,4,A,골목상권,2110090,한국폴리텍대학서울정수캠퍼스,3968,2447,1521,1,446,1358,1632,500,31,1,173,548,1231,467,27,0,273,810,401,33,4
2019,4,A,골목상권,2110089,서빙고동주민센터,752,503,249,1,94,230,220,107,100,0,33,136,159,88,87,1,61,94,61,19,13
2019,4,A,골목상권,2110088,오산고등학교,1696,1140,556,16,439,504,454,203,80,7,263,350,312,150,58,9,176,154,142,53,22
2019,4,A,골목상권,2110087,이태원엔틱가구거리,463,213,250,0,185,174,58,31,15,0,54,89,43,17,10,0,131,85,15,14,5
2019,4,A,골목상권,2110086,이태원역 북측,9251,3612,5639,12,3187,3893,1655,431,73,3,733,1559,905,357,55,9,2454,2334,750,74,18
2019,4,A,골목상권,2110085,경리단길남측,532,260,272,4,98,163,148,67,52,2,40,59,78,41,40,2,58,104,70,26,12
2019,4,A,골목상권,2110084,경리단길북측,315,168,147,0,47,85,84,57,42,0,23,36,39,36,34,0,24,49,45,21,8
2019,4,A,골목상권,2110083,서빙고역 1번,149,109,40,0,26,53,42,14,14,0,13,42,29,12,13,0,13,11,13,2,1
2019,4,A,골목상권,2110082,용산구청,1571,779,792,2,165,447,417,439,101,2,45,147,200,302,83,0,120,300,217,137,18
2019,4,A,골목상권,2110081,해방촌 남동측,291,170,121,0,46,68,58,64,55,0,14,37,30,41,48,0,32,31,28,23,7
2019,4,A,골목상권,2110080,해방촌예술마을,277,160,117,0,44,58,84,54,37,0,16,38,52,30,24,0,28,20,32,24,13
2019,4,A,골목상권,2110079,후암동주민센터,1084,584,500,4,223,262,267,196,132,3,73,156,156,105,91,1,150,106,111,91,41
2019,4,A,골목상권,2110078,이촌동점보아파트,69,29,40,0,12,15,17,13,12,0,3,8,7,5,6,0,9,7,10,8,6
2019,4,A,골목상권,2110077,삼광초등학교,385,317,68,0,37,86,148,98,16,0,21,66,130,88,12,0,16,20,18,10,4
2019,4,A,골목상권,2110076,삼각지역 14번,537,175,362,0,46,143,158,153,37,0,11,49,61,45,9,0,35,94,97,108,28
2019,4,A,골목상권,2110075,숙대입구역 1번,1630,736,894,9,270,506,417,289,139,5,69,188,182,181,111,4,201,318,235,108,28
2019,4,A,골목상권,2110074,서울역 12번,8149,1751,6398,152,5985,1340,330,181,161,9,598,652,233,134,125,143,5387,688,97,47,36
2019,4,A,골목상권,2110073,삼각지역 3번,7916,2353,5563,56,2498,2872,1896,491,103,25,856,912,415,109,36,31,1642,1960,1481,382,67
2019,4,A,골목상권,2110072,열정도,374,244,130,6,108,96,78,51,35,0,51,71,62,37,23,6,57,25,16,14,12
2019,4,A,골목상권,2110071,한강미주맨션아파트,281,182,99,0,36,68,68,55,54,0,20,44,40,41,37,0,16,24,28,14,17
2019,4,A,골목상권,2110070,용산세무서,184,130,54,0,21,54,55,24,30,0,8,37,41,18,26,0,13,17,14,6,4
2019,4,A,골목상권,2110069,숙대입구,829,295,534,3,200,295,168,86,77,3,34,90,82,40,46,0,166,205,86,46,31
2019,4,A,골목상권,2110068,남영역 1번,1039,595,444,8,154,224,240,224,189,6,59,124,144,138,124,2,95,100,96,86,65
2019,4,A,골목상권,2110067,배문고등학교,1574,907,667,1,219,377,391,329,257,0,85,177,202,230,213,1,134,200,189,99,44
2019,4,A,골목상권,2110066,서울역 15번,748,467,281,6,152,227,156,125,82,3,81,151,104,66,62,3,71,76,52,59,20
2019,4,A,골목상권,2110065,남정초등학교,137,92,45,0,17,45,48,17,10,0,9,37,31,10,5,0,8,8,17,7,5
2019,4,A,골목상권,2110064,효창공원앞역 2번,925,527,398,2,126,275,263,160,99,1,49,160,162,88,67,1,77,115,101,72,32
2019,4,A,골목상권,2110063,효창공원앞역 5번,530,347,183,8,47,104,139,132,100,6,25,71,93,87,65,2,22,33,46,45,35
2019,4,A,골목상권,2110062,한강로동땡땡거리(은행나무길),5667,3458,2209,9,735,1660,1587,1162,514,6,299,844,1074,890,345,3,436,816,513,272,169
2019,4,A,골목상권,2110061,효창동주민센터,473,301,172,1,61,90,150,113,58,1,38,52,96,67,47,0,23,38,54,46,11
2019,4,A,골목상권,2110060,효창공원앞역 6번,291,174,117,0,28,62,84,73,44,0,10,34,52,47,31,0,18,28,32,26,13
2019,4,A,골목상권,2110059,새남터성지,385,307,78,0,38,71,113,138,25,0,21,48,99,124,15,0,17,23,14,14,10
2019,4,A,골목상권,2110058,성심여자고등학교,947,659,288,10,141,228,254,194,120,3,71,162,181,141,101,7,70,66,73,53,19
2019,4,A,골목상권,2110057,황학코아루아파트,57,39,18,0,8,11,16,9,13,0,4,5,14,7,9,0,4,6,2,2,4
2019,4,A,골목상권,2110056,신당역 3번,506,288,218,0,60,129,115,112,90,0,29,63,68,70,58,0,31,66,47,42,32
2019,4,A,골목상권,2110055,황학동벼룩시장,29,19,10,0,1,4,6,11,7,0,1,3,5,6,4,0,0,1,1,5,3
2019,4,A,골목상권,2110054,청구역 3번,1537,849,688,3,259,378,315,336,246,1,90,204,220,211,123,2,169,174,95,125,123
2019,4,A,골목상권,2110053,청구역 1번,281,166,115,0,52,69,69,54,37,0,23,45,43,27,28,0,29,24,26,27,9
2019,4,A,골목상권,2110052,장충초등학교,484,281,203,0,43,100,132,130,79,0,16,63,75,82,45,0,27,37,57,48,34
2019,4,A,골목상권,2110051,한양공고앞 교차로,111,82,29,0,17,23,33,26,12,0,12,16,24,20,10,0,5,7,9,6,2
2019,4,A,골목상권,2110050,약수역 7번,309,230,79,0,34,81,76,76,42,0,21,59,60,57,33,0,13,22,16,19,9
2019,4,A,골목상권,2110049,장충단 고개,2303,1240,1063,4,566,582,448,431,272,2,174,314,281,257,212,2,392,268,167,174,60
2019,4,A,골목상권,2110048,장충동주민센터,5312,2706,2606,21,867,1339,1511,1367,207,5,338,768,756,707,132,16,529,571,755,660,75
2019,4,A,골목상권,2110047,다산성곽길,160,89,71,0,36,43,36,27,18,0,23,29,21,7,9,0,13,14,15,20,9
2019,4,A,골목상권,2110046,버티고개,106,76,30,0,6,23,41,28,8,0,3,17,29,20,7,0,3,6,12,8,1
2019,4,A,골목상권,2110045,동대문역사문화공원역 5번,234,174,60,0,24,54,64,55,37,0,11,38,46,47,32,0,13,16,18,8,5
2019,4,A,골목상권,2110044,관성묘,405,300,105,0,50,135,145,51,24,0,24,90,125,44,17,0,26,45,20,7,7
2019,4,A,골목상권,2110043,충무초등학교,1202,670,532,12,212,307,331,223,117,7,97,155,169,152,90,5,115,152,162,71,27
2019,4,A,골목상권,2110042,남산골공원옆,994,621,373,3,121,221,287,251,111,0,43,127,198,179,74,3,78,94,89,72,37
2019,4,A,골목상권,2110041,남산케이블카,967,435,532,2,118,152,175,254,266,2,51,69,83,87,143,0,67,83,92,167,123
2019,4,A,골목상권,2110040,중구회현체육센터(정화예술대남산캠퍼스),165,78,87,0,33,30,40,37,25,0,14,15,17,13,19,0,19,15,23,24,6
2019,4,A,골목상권,2110039,회현역 1번,49,26,23,0,2,8,12,14,13,0,0,4,9,8,5,0,2,4,3,6,8
2019,4,A,골목상권,2110038,경향신문사,2636,1651,985,0,377,783,808,593,75,0,119,436,540,491,65,0,258,347,268,102,10
2019,4,A,골목상권,2110037,신설동역 12번,208,124,84,0,16,46,51,61,34,0,6,20,32,41,25,0,10,26,19,20,9
2019,4,A,골목상권,2110036,동묘앞역 3번,65,42,23,0,3,7,20,15,20,0,1,3,10,13,15,0,2,4,10,2,5
2019,4,A,골목상권,2110035,동묘앞역 2번,276,161,115,2,18,43,75,88,50,0,5,18,42,65,31,2,13,25,33,23,19
2019,4,A,골목상권,2110034,창신1동주민센터,41,35,6,0,2,1,14,13,11,0,2,1,10,11,11,0,0,0,4,2,0
2019,4,A,골목상권,2110033,창신역 4번,166,89,77,0,26,42,35,40,23,0,6,22,17,25,19,0,20,20,18,15,4
2019,4,A,골목상권,2110032,수족관거리,31,16,15,0,3,6,4,13,5,0,2,2,2,7,3,0,1,4,2,6,2
2019,4,A,골목상권,2110031,창신역 1번,44,31,13,0,7,14,5,11,7,0,4,8,4,8,7,0,3,6,1,3,0
2019,4,A,골목상권,2110030,동대문역 3번,10,5,5,0,2,2,2,3,1,0,0,2,1,1,1,0,2,0,1,2,0
2019,4,A,골목상권,2110029,동대문역 1번,235,61,174,0,11,31,57,79,57,0,1,7,19,20,14,0,10,24,38,59,43
2019,4,A,골목상권,2110028,이화달팽이길,704,279,425,1,177,179,137,123,87,0,56,60,56,65,42,1,121,119,81,58,45
2019,4,A,골목상권,2110027,혜화역 1번,617,366,251,1,73,116,131,98,198,0,28,74,65,54,145,1,45,42,66,44,53
2019,4,A,골목상권,2110026,종로5가역 4번,190,120,70,0,22,41,73,27,27,0,9,28,47,14,22,0,13,13,26,13,5
2019,4,A,골목상권,2110025,충신시장옆,213,129,84,2,17,46,63,56,29,0,6,23,43,33,24,2,11,23,20,23,5
2019,4,A,골목상권,2110024,혜회동주민센터,928,263,665,0,135,264,294,184,51,0,17,64,90,55,37,0,118,200,204,129,14
2019,4,A,골목상권,2110023,서울대병원,186,55,131,0,18,37,42,47,42,0,5,12,14,10,14,0,13,25,28,37,28
2019,4,A,골목상권,2110022,경신고등학교,537,396,141,11,142,162,128,59,35,10,100,123,94,43,26,1,42,39,34,16,9
2019,4,A,골목상권,2110021,성균관대학교,387,297,90,2,15,39,109,145,77,2,7,26,88,125,49,0,8,13,21,20,28
2019,4,A,골목상권,2110020,서울국제고등학교,639,315,324,1,145,288,122,57,26,1,44,146,75,32,17,0,101,142,47,25,9
2019,4,A,골목상권,2110019,창덕궁,325,215,110,0,47,91,82,71,34,0,21,65,53,49,27,0,26,26,29,22,7
2019,4,A,골목상권,2110018,중앙고등학교,888,439,449,1,97,177,220,178,215,0,30,60,106,90,153,1,67,117,114,88,62
2019,4,A,골목상권,2110017,정독도서관,650,322,328,0,133,273,152,58,34,0,26,130,93,43,30,0,107,143,59,15,4
2019,4,A,골목상권,2110016,평창동동측,7589,3104,4485,10,716,2233,2858,1504,268,4,279,1021,1416,284,100,6,437,1212,1442,1220,168
2019,4,A,골목상권,2110015,청와대사랑채,578,345,233,0,64,147,166,126,75,0,16,63,110,91,65,0,48,84,56,35,10
2019,4,A,골목상권,2110014,경복고등학교,194,82,112,0,28,54,40,44,28,0,4,14,21,24,19,0,24,40,19,20,9
2019,4,A,골목상권,2110013,체부동홍종문가옥,119,70,49,0,5,26,31,25,32,0,2,11,18,13,26,0,3,15,13,12,6
2019,4,A,골목상권,2110012,성곡미술관,1061,503,558,0,262,337,262,118,82,0,72,159,150,73,49,0,190,178,112,45,33
2019,4,A,골목상권,2110011,청운초등학교,263,188,75,0,21,105,79,43,15,0,21,95,44,16,12,0,0,10,35,27,3
2019,4,A,골목상권,2110010,평창동서측,6687,3622,3065,12,676,1736,2550,1464,249,0,276,655,1387,1128,176,12,400,1081,1163,336,73
2019,4,A,골목상권,2110009,자하문터널,950,463,487,0,211,332,229,125,53,0,92,164,106,65,36,0,119,168,123,60,17
2019,4,A,골목상권,2110008,배화여자대학교(박노수미술관),552,379,173,1,52,82,133,180,104,0,16,46,102,135,80,1,36,36,31,45,24
2019,4,A,골목상권,2110007,사직공원(한국사회과학도서관),283,185,98,2,58,88,63,41,31,2,30,62,44,27,20,0,28,26,19,14,11
2019,4,A,골목상권,2110006,부암동주민센터,27,16,11,0,2,7,7,5,6,0,2,5,2,3,4,0,0,2,5,2,2
2019,4,A,골목상권,2110005,세검정,1006,510,496,3,125,296,290,195,97,0,36,137,157,121,59,3,89,159,133,74,38
2019,4,A,골목상권,2110004,대신고등학교,32,14,18,0,3,4,8,14,3,0,1,0,3,8,2,0,2,4,5,6,1
2019,4,A,골목상권,2110003,세검정초등학교,485,315,170,6,53,84,150,126,66,6,32,38,100,89,50,0,21,46,50,37,16
2019,4,A,골목상권,2110002,독립문역 1번,475,121,354,1,146,140,118,44,26,1,25,25,41,14,15,0,121,115,77,30,11
2019,4,A,골목상권,2110001,이북5도청사,1066,638,428,4,133,292,240,262,135,0,51,173,162,172,80,4,82,119,78,90,55
2019,3,U,관광특구,1001496,강남 마이스 관광특구,18430,10279,8151,53,4526,6985,4669,1834,363,24,1546,3849,3204,1388,268,29,2980,3136,1465,446,95
2019,3,U,관광특구,1001495,잠실 관광특구,26843,16958,9885,115,7377,8144,5710,3611,1886,45,4003,5341,4080,2222,1267,70,3374,2803,1630,1389,619
2019,3,U,관광특구,1001494,종로?청계 관광특구,24700,16394,8306,32,3438,7358,6727,5432,1713,7,1671,4435,4703,4333,1245,25,1767,2923,2024,1099,468
2019,3,U,관광특구,1001493,동대문패션타운 관광특구,6683,3404,3279,21,1392,2011,1467,1160,632,5,522,910,889,695,383,16,870,1101,578,465,249
2019,3,U,관광특구,1001492,명동 남대문 북창동 다동 무교동 관광특구,133878,65609,68269,318,27739,43557,35187,22443,4634,108,8851,19114,19026,15513,2997,210,18888,24443,16161,6930,1637
2019,3,U,관광특구,1001491,이태원 관광특구,5797,3200,2597,26,1315,2074,1350,566,466,15,593,1089,845,374,284,11,722,985,505,192,182
2019,3,R,전통시장,2130326,고덕 골목형상점가,1029,945,84,0,5,36,170,413,405,0,4,29,150,376,386,0,1,7,20,37,19
2019,3,R,전통시장,2130325,명일전통시장,87,37,50,0,7,13,13,24,30,0,3,9,8,9,8,0,4,4,5,15,22
2019,3,R,전통시장,2130324,길동복조리시장,86,57,29,0,16,14,23,24,9,0,9,10,12,17,9,0,7,4,11,7,0
2019,3,R,전통시장,2130323,둔촌역전통시장,186,98,88,0,7,17,29,32,101,0,6,7,12,12,61,0,1,10,17,20,40
2019,3,R,전통시장,2130322,고분다리전통시장,17,8,9,0,2,4,6,3,2,0,1,2,3,1,1,0,1,2,3,2,1
2019,3,R,전통시장,2130321,장신구 특화거리 상점가,452,284,168,0,78,122,92,101,59,0,36,76,61,67,44,0,42,46,31,34,15
2019,3,R,전통시장,2130320,암사종합시장,179,111,68,2,9,29,52,30,57,2,2,19,33,20,35,0,7,10,19,10,22
2019,3,R,전통시장,2130319,성내전통시장,39,23,16,0,5,7,14,7,6,0,3,3,6,7,4,0,2,4,8,0,2
2019,3,R,전통시장,2130318,로데오거리상점가,242,116,126,0,21,45,51,45,80,0,5,14,19,20,58,0,16,31,32,25,22
2019,3,R,전통시장,2130317,마천중앙시장,94,64,30,0,14,22,22,18,18,0,7,16,11,14,16,0,7,6,11,4,2
2019,3,R,전통시장,2130316,마천시장,19,12,7,0,2,4,3,10,0,0,2,3,3,4,0,0,0,1,0,6,0
2019,3,R,전통시장,2130315,문정동 로데오거리 상점가(문정동 로데오거리),1484,847,637,2,359,312,290,260,261,0,122,179,189,147,210,2,237,133,101,113,51
2019,3,R,전통시장,2130314,풍납시장,228,109,119,0,26,45,56,74,27,0,15,27,26,23,18,0,11,18,30,51,9
2019,3,R,전통시장,2130313,방이시장,3029,1247,1782,1,415,423,511,999,680,0,144,236,271,324,272,1,271,187,240,675,408
2019,3,R,전통시장,2130312,석촌시장,738,330,408,1,60,105,90,162,320,1,15,50,53,49,162,0,45,55,37,113,158
2019,3,R,전통시장,2130311,새마을시장,239,143,96,0,38,40,65,50,46,0,25,16,38,31,33,0,13,24,27,19,13
2019,3,R,전통시장,2130310,강남개포시장,241,146,95,0,24,54,52,71,40,0,6,28,34,47,31,0,18,26,18,24,9
2019,3,R,전통시장,2130308,청담삼익시장,60,37,23,0,7,11,16,13,13,0,4,5,9,8,11,0,3,6,7,5,2
2019,3,R,전통시장,2130307,도곡시장,58,27,31,0,1,6,16,18,17,0,0,5,5,8,9,0,1,1,11,10,8
2019,3,R,전통시장,2130306,강남언주로,280,160,120,0,56,72,76,58,18,0,30,47,51,23,9,0,26,25,25,35,9
2019,3,R,전통시장,2130305,논현종합시장,83,41,42,0,15,15,16,18,19,0,2,8,8,12,11,0,13,7,8,6,8
2019,3,R,전통시장,2130304,신사상가,139,83,56,1,13,18,40,38,29,0,3,7,18,29,26,1,10,11,22,9,3
2019,3,R,전통시장,2130303,영동전통시장,255,106,149,0,23,74,61,60,37,0,12,30,15,25,24,0,11,44,46,35,13
2019,3,R,전통시장,2130302,강남시장(강남구 강남시장),60,39,21,0,14,14,13,10,9,0,8,10,10,5,6,0,6,4,3,5,3
2019,3,R,전통시장,2130301,양재시장,36,23,13,0,6,9,9,7,5,0,4,7,6,3,3,0,2,2,3,4,2
2019,3,R,전통시장,2130299,엔터식스 강남점,3140,2756,384,18,218,343,1015,1227,319,6,110,252,944,1154,290,12,108,91,71,73,29
2019,3,R,전통시장,2130298,강남터미널지하도상점가2구역,11,5,6,0,4,2,3,0,2,0,2,2,1,0,0,0,2,0,2,0,2
2019,3,R,전통시장,2130296,남부종합시장,69,50,19,0,2,4,19,30,14,0,1,3,10,22,14,0,1,1,9,8,0
2019,3,R,전통시장,2130295,인헌시장(원당종합시장),125,48,77,0,19,25,41,24,16,0,3,7,15,14,9,0,16,18,26,10,7
2019,3,R,전통시장,2130294,관악중부시장,85,33,52,1,5,10,20,34,15,0,0,2,10,15,6,1,5,8,10,19,9
2019,3,R,전통시장,2130293,봉천중앙시장,178,53,125,0,18,12,33,51,64,0,5,5,17,16,10,0,13,7,16,35,54
2019,3,R,전통시장,2130292,봉천현대시장,5,2,3,0,0,0,1,1,3,0,0,0,1,1,0,0,0,0,0,0,3
2019,3,R,전통시장,2130290,영림시장,450,217,233,0,53,128,134,94,41,0,18,70,55,44,30,0,35,58,79,50,11
2019,3,R,전통시장,2130289,봉일시장,37,21,16,1,1,3,4,15,13,0,0,2,4,4,11,1,1,1,0,11,2
2019,3,R,전통시장,2130288,신림현대종합상가,4,2,2,0,1,1,1,1,0,0,1,0,0,1,0,0,0,1,1,0,0
2019,3,R,전통시장,2130286,신신림시장(삼성동시장),1,1,0,0,1,0,0,0,0,0,1,0,0,0,0,0,0,0,0,0,0
2019,3,R,전통시장,2130285,서원동상점가,1369,485,884,6,419,333,212,216,183,2,133,123,95,56,76,4,286,210,117,160,107
2019,3,R,전통시장,2130284,관악종합시장(신원시장),10,6,4,0,0,0,1,6,3,0,0,0,0,4,2,0,0,0,1,2,1
2019,3,R,전통시장,2130283,신원시장,28,9,19,0,3,2,9,8,6,0,0,1,3,2,3,0,3,1,6,6,3
2019,3,R,전통시장,2130282,난곡 골목형상점가,14,9,5,0,5,3,4,2,0,0,3,1,4,1,0,0,2,2,0,1,0
2019,3,R,전통시장,2130280,신림종합시장,6,5,1,0,0,0,0,1,5,0,0,0,0,0,5,0,0,0,0,1,0
2019,3,R,전통시장,2130279,관악신사시장,148,89,59,0,22,33,35,31,27,0,10,17,23,19,20,0,12,16,12,12,7
2019,3,R,전통시장,2130278,미성동 도깨비시장 골목형상점가,92,27,65,0,2,17,32,32,9,0,1,8,6,8,4,0,1,9,26,24,5
2019,3,R,전통시장,2130277,조원동 펭귄시장(신림중앙시장),72,49,23,0,10,17,23,20,2,0,6,15,16,10,2,0,4,2,7,10,0
2019,3,R,전통시장,2130276,신림중앙시장(조원동 펭귄시장),42,24,18,0,1,2,12,16,11,0,0,2,6,9,7,0,1,0,6,7,4
2019,3,R,전통시장,2130275,강남골목시장,197,118,79,0,23,48,48,43,35,0,16,37,21,21,23,0,7,11,27,22,12
2019,3,R,전통시장,2130274,사당1동먹자골목상점가(사당1동먹자골목),466,259,207,0,98,110,126,78,54,0,46,63,68,44,38,0,52,47,58,34,16
2019,3,R,전통시장,2130273,남성사계시장(남성시장),129,60,69,0,21,26,42,18,22,0,3,15,18,8,16,0,18,11,24,10,6
2019,3,R,전통시장,2130272,사당시장,73,37,36,0,12,10,19,16,16,0,3,2,12,10,10,0,9,8,7,6,6
2019,3,R,전통시장,2130271,남성역골목시장,490,271,219,0,27,21,38,46,358,0,5,8,17,17,224,0,22,13,21,29,134
2019,3,R,전통시장,2130270,흑석시장,6,4,2,0,2,0,1,3,0,0,1,0,1,2,0,0,1,0,0,1,0
2019,3,R,전통시장,2130269,강남시장(동작구 강남시장),1,0,1,0,0,0,1,0,0,0,0,0,0,0,0,0,0,0,1,0,0
2019,3,R,전통시장,2130268,상도전통시장,235,115,120,0,23,64,48,61,39,0,11,30,20,31,23,0,12,34,28,30,16
2019,3,R,전통시장,2130267,본동인정시장(기능상실),56,38,18,0,8,6,8,18,16,0,6,5,5,10,12,0,2,1,3,8,4
2019,3,R,전통시장,2130266,만양로상점가,147,88,59,0,7,38,58,28,16,0,2,25,41,16,4,0,5,13,17,12,12
2019,3,R,전통시장,2130265,노량진중앙시장,34,16,18,0,2,3,9,12,8,0,0,3,4,7,2,0,2,0,5,5,6
2019,3,R,전통시장,2130264,상도약수골목형상점가,64,34,30,1,13,7,15,21,7,0,3,3,8,13,7,1,10,4,7,8,0
2019,3,R,전통시장,2130263,신노량진시장(기능상실),5,1,4,0,0,3,1,1,0,0,0,0,0,1,0,0,0,3,1,0,0
2019,3,R,전통시장,2130262,상도도깨비 골목형상점가,41,8,33,0,1,2,15,19,4,0,0,1,5,0,2,0,1,1,10,19,2
2019,3,R,전통시장,2130261,성대전통시장(성대시장),223,111,112,0,17,55,60,59,32,0,5,30,35,21,20,0,12,25,25,38,12
2019,3,R,전통시장,2130260,신대방1동골목상권,58,29,29,0,7,12,11,18,10,0,0,6,5,11,7,0,7,6,6,7,3
2019,3,R,전통시장,2130259,대신시장,39,23,16,0,1,4,20,10,4,0,0,4,11,5,3,0,1,0,9,5,1
2019,3,R,전통시장,2130257,영등포시장기계공구상가,323,235,88,0,20,44,98,110,51,0,12,23,62,99,39,0,8,21,36,11,12
2019,3,R,전통시장,2130256,신동시장,2,2,0,0,0,0,0,1,1,0,0,0,0,1,1,0,0,0,0,0,0
2019,3,R,전통시장,2130255,영등포전통시장,48,32,16,0,1,8,5,13,21,0,1,6,3,7,15,0,0,2,2,6,6
2019,3,R,전통시장,2130253,영신상가(제일상가),5,3,2,0,0,0,0,3,2,0,0,0,0,2,1,0,0,0,0,1,1
2019,3,R,전통시장,2130250,삼구시장(로타리상가),1,0,1,0,0,0,0,1,0,0,0,0,0,0,0,0,0,0,0,1,0
2019,3,R,전통시장,2130249,동남상가,5,4,1,0,2,0,0,2,1,0,1,0,0,2,1,0,1,0,0,0,0
2019,3,R,전통시장,2130248,영등포역지하도상점가,21,9,12,0,3,3,6,5,4,0,1,1,4,0,3,0,2,2,2,5,1
2019,3,R,전통시장,2130247,우리시장,23,19,4,0,3,6,5,3,6,0,1,5,5,3,5,0,2,1,0,0,1
2019,3,R,전통시장,2130246,영등포청과시장(조광시장),222,110,112,0,25,27,51,74,45,0,11,12,28,32,27,0,14,15,23,42,18
2019,3,R,전통시장,2130245,영일시장,673,564,109,1,51,196,225,143,57,0,32,155,202,121,54,1,19,41,23,22,3
2019,3,R,전통시장,2130244,대림중앙시장,83,31,52,3,15,13,17,11,24,2,9,6,8,1,5,1,6,7,9,10,19
2019,3,R,전통시장,2130243,도림시장,7,5,2,0,0,1,4,1,1,0,0,1,3,1,0,0,0,0,1,0,1
2019,3,R,전통시장,2130242,대림중앙 골목형상점가,91,29,62,0,7,19,27,30,8,0,3,10,7,5,4,0,4,9,20,25,4
2019,3,R,전통시장,2130241,선유도역 골목형상점가,747,389,358,2,121,168,187,201,68,1,50,89,103,105,41,1,71,79,84,96,27
2019,3,R,전통시장,2130240,영등포유통상가,1309,815,494,1,121,350,357,252,228,0,62,183,231,179,160,1,59,167,126,73,68
2019,3,R,전통시장,2130238,은행나무시장,106,61,45,0,18,23,28,20,17,0,10,16,19,10,6,0,8,7,9,10,11
2019,3,R,전통시장,2130237,박미시장(기능상실),33,24,9,0,1,3,11,6,12,0,0,2,7,6,9,0,1,1,4,0,3
2019,3,R,전통시장,2130236,비단길현대시장(현대시장),121,55,66,0,13,18,30,41,19,0,6,7,9,21,12,0,7,11,21,20,7
2019,3,R,전통시장,2130235,대명여울빛거리시장(대명시장),374,121,253,0,35,51,78,107,103,0,9,21,28,32,31,0,26,30,50,75,72
2019,3,R,전통시장,2130234,푸른터시장(기능상실),4,2,2,0,1,1,0,2,0,0,0,1,0,1,0,0,1,0,0,1,0
2019,3,R,전통시장,2130233,남문시장,86,52,34,0,6,12,22,23,23,0,1,4,13,12,22,0,5,8,9,11,1
2019,3,R,전통시장,2130232,독산동 맛나는거리상점가(독산동 맛나는거리),32,27,5,0,1,8,9,9,5,0,1,7,8,6,5,0,0,1,1,3,0
2019,3,R,전통시장,2130231,독산동 우시장,605,473,132,3,29,76,118,195,184,1,18,54,92,145,163,2,11,22,26,50,21
2019,3,R,전통시장,2130230,가리봉시장,1,1,0,0,0,0,1,0,0,0,0,0,1,0,0,0,0,0,0,0,0
2019,3,R,전통시장,2130229,남구로시장,86,29,57,1,5,17,32,20,11,0,0,4,9,9,7,1,5,13,23,11,4
2019,3,R,전통시장,2130228,구로시장,15,9,6,0,1,3,7,3,1,0,1,1,5,1,1,0,0,2,2,2,0
2019,3,R,전통시장,2130227,고척골목시장상점가(그라운드 고척),104,70,34,0,11,28,36,23,6,0,5,17,25,18,5,0,6,11,11,5,1
2019,3,R,전통시장,2130225,개봉중앙시장,163,68,95,0,14,25,42,46,36,0,3,6,21,23,15,0,11,19,21,23,21
2019,3,R,전통시장,2130224,개봉프라자(고척근린시장),2,1,1,0,0,0,0,1,1,0,0,0,0,0,1,0,0,0,0,1,0
2019,3,R,전통시장,2130223,고척근린시장,43,9,34,0,7,8,10,12,6,0,0,0,1,5,3,0,7,8,9,7,3
2019,3,R,전통시장,2130222,오류시장,77,23,54,0,3,10,25,27,12,0,0,0,6,7,10,0,3,10,19,20,2
2019,3,R,전통시장,2130221,"남부골목시장(남부화곡시장, 남부시장)",158,52,106,0,17,24,40,52,25,0,3,4,8,18,19,0,14,20,32,34,6
2019,3,R,전통시장,2130220,등마루시장,3,3,0,0,1,1,0,1,0,0,1,1,0,1,0,0,0,0,0,0,0
2019,3,R,전통시장,2130219,까치산시장,137,42,95,0,19,20,41,41,16,0,4,6,11,12,9,0,15,14,30,29,7
2019,3,R,전통시장,2130218,신월중앙시장,118,53,65,0,27,42,25,12,12,0,9,15,10,10,9,0,18,27,15,2,3
2019,3,R,전통시장,2130217,화곡본동시장,50,21,29,0,4,6,10,20,10,0,2,4,5,8,2,0,2,2,5,12,8
2019,3,R,전통시장,2130216,화곡중앙시장,138,68,70,0,24,25,30,32,27,0,12,10,19,13,14,0,12,15,11,19,13
2019,3,R,전통시장,2130215,대원종합시장,7,6,1,0,0,0,0,3,4,0,0,0,0,2,4,0,0,0,0,1,0
2019,3,R,전통시장,2130214,송화벽화시장(송화골목시장),127,44,83,2,20,20,34,32,19,0,0,10,10,11,13,2,20,10,24,21,6
2019,3,R,전통시장,2130213,방신전통시장,92,60,32,0,8,15,26,23,20,0,5,11,15,14,15,0,3,4,11,9,5
2019,3,R,전통시장,2130212,공항시장,159,126,33,0,23,95,30,9,2,0,16,77,25,6,2,0,7,18,5,3,0
2019,3,R,전통시장,2130211,신정2동 골목시장(오목교중앙시장),58,16,42,0,4,11,17,22,4,0,1,2,6,4,3,0,3,9,11,18,1
2019,3,R,전통시장,2130210,목2동시장,426,233,193,0,44,134,118,78,52,0,20,71,67,39,36,0,24,63,51,39,16
2019,3,R,전통시장,2130209,목사랑시장(목4동시장),158,74,84,0,23,24,38,47,26,0,11,13,12,22,16,0,12,11,26,25,10
2019,3,R,전통시장,2130208,목동깨비시장(목3동시장),181,82,99,0,15,27,51,53,35,0,3,6,19,29,25,0,12,21,32,24,10
2019,3,R,전통시장,2130207,신정1동 골목시장(신정제일시장),27,8,19,0,7,5,7,6,2,0,1,1,3,2,1,0,6,4,4,4,1
2019,3,R,전통시장,2130206,신정3동 골목시장,24,7,17,1,1,4,12,3,3,0,0,0,3,1,3,1,1,4,9,2,0
2019,3,R,전통시장,2130205,신곡종합시장(신월6동 골목시장),184,116,68,1,26,42,40,40,35,0,13,26,32,22,23,1,13,16,8,18,12
2019,3,R,전통시장,2130204,경창시장,80,30,50,0,0,8,25,22,25,0,0,2,5,11,12,0,0,6,20,11,13
2019,3,R,전통시장,2130203,서서울 골목형상점가,36,11,25,0,1,9,13,11,2,0,0,1,4,5,1,0,1,8,9,6,1
2019,3,R,전통시장,2130202,신영시장,54,25,29,0,4,10,21,14,5,0,2,5,11,5,2,0,2,5,10,9,3
2019,3,R,전통시장,2130201,월정로시장,43,31,12,0,3,8,13,16,3,0,1,6,10,12,2,0,2,2,3,4,1
2019,3,R,전통시장,2130200,"신월7동 골목시장(약수시장, 우성상가)",43,22,21,0,1,6,14,10,12,0,0,1,5,7,9,0,1,5,9,3,3
2019,3,R,전통시장,2130199,신월3동 골목시장,28,16,12,0,1,3,8,8,8,0,0,1,4,3,8,0,1,2,4,5,0
2019,3,R,전통시장,2130198,아현시장,190,46,144,1,40,88,45,10,6,0,4,10,22,7,3,1,36,78,23,3,3
2019,3,R,전통시장,2130197,마포시장,10,4,6,0,0,1,4,1,4,0,0,1,1,0,2,0,0,0,3,1,2
2019,3,R,전통시장,2130196,공덕시장,3883,1806,2077,18,1170,1392,926,268,109,9,373,588,574,172,90,9,797,804,352,96,19
2019,3,R,전통시장,2130195,도화동 상점가,1798,1109,689,2,282,443,371,394,306,0,116,272,255,270,196,2,166,171,116,124,110
2019,3,R,전통시장,2130194,용강동 상점가,763,487,276,0,78,148,208,156,173,0,25,85,137,106,134,0,53,63,71,50,39
2019,3,R,전통시장,2130193,신수시장,28,16,12,0,5,5,9,3,6,0,1,4,6,2,3,0,4,1,3,1,3
2019,3,R,전통시장,2130192,동진시장,10,5,5,0,1,1,2,4,2,0,1,0,0,2,2,0,0,1,2,2,0
2019,3,R,전통시장,2130191,홍대 걷고싶은 거리,386,249,137,3,95,61,91,83,53,2,55,43,59,54,36,1,40,18,32,29,17
2019,3,R,전통시장,2130190,홍대소상공인상점가,165,87,78,1,53,44,35,16,16,0,19,26,23,7,12,1,34,18,12,9,4
2019,3,R,전통시장,2130189,서교시장,48,31,17,0,2,1,6,8,31,0,0,1,3,5,22,0,2,0,3,3,9
2019,3,R,전통시장,2130187,영진시장,23,12,11,0,0,3,12,6,2,0,0,1,7,2,2,0,0,2,5,4,0
2019,3,R,전통시장,2130186,망원시장,191,89,102,0,26,35,55,46,29,0,12,21,27,15,14,0,14,14,28,31,15
2019,3,R,전통시장,2130185,망원월드컵시장,232,141,91,1,32,75,67,29,28,1,15,49,41,16,19,0,17,26,26,13,9
2019,3,R,전통시장,2130184,마포농수산물시장,329,231,98,0,21,41,74,110,83,0,16,32,47,80,56,0,5,9,27,30,27
2019,3,R,전통시장,2130183,상암동상점가,618,416,202,0,72,78,133,216,119,0,29,41,90,160,96,0,43,37,43,56,23
2019,3,R,전통시장,2130182,영천시장,114,47,67,0,29,14,29,33,9,0,7,6,11,17,6,0,22,8,18,16,3
2019,3,R,전통시장,2130181,아현가구거리상점가,62,33,29,0,7,9,12,18,16,0,0,5,8,10,10,0,7,4,4,8,6
2019,3,R,전통시장,2130180,포방터시장,104,68,36,0,19,16,21,23,25,0,8,8,14,16,22,0,11,8,7,7,3
2019,3,R,전통시장,2130179,"이화여대 3,5,7길 상점가",167,74,93,1,42,18,39,39,28,0,16,5,18,19,16,1,26,13,21,20,12
2019,3,R,전통시장,2130178,이대 앞 스타트업 상점가,27,11,16,0,2,7,9,8,1,0,2,2,5,1,1,0,0,5,4,7,0
2019,3,R,전통시장,2130177,인왕시장(홍제골목형상점가),51,7,44,0,1,4,6,9,31,0,0,1,0,3,3,0,1,3,6,6,28
2019,3,R,전통시장,2130176,유진상가,54,31,23,0,25,21,4,4,0,0,11,16,3,1,0,0,14,5,1,3,0
2019,3,R,전통시장,2130175,신촌 상인회(신촌상점가),14,8,6,1,5,1,1,3,3,1,3,0,1,2,1,0,2,1,0,1,2
2019,3,R,전통시장,2130173,백련시장,57,47,10,0,4,29,14,8,2,0,2,24,13,6,2,0,2,5,1,2,0
2019,3,R,전통시장,2130172,모래내시장(서중시장),29,14,15,0,6,7,4,6,6,0,2,3,2,4,3,0,4,4,2,2,3
2019,3,R,전통시장,2130171,불광먹자골목 골목형상점가,200,75,125,0,18,36,35,37,74,0,4,12,17,13,29,0,14,24,18,24,45
2019,3,R,전통시장,2130170,제일시장,94,55,39,0,7,18,32,24,13,0,3,7,22,16,7,0,4,11,10,8,6
2019,3,R,전통시장,2130169,대조시장,68,31,37,0,4,13,18,25,8,0,0,3,11,12,5,0,4,10,7,13,3
2019,3,R,전통시장,2130168,연서시장,241,156,85,0,14,35,50,68,74,0,3,13,30,50,60,0,11,22,20,18,14
2019,3,R,전통시장,2130167,연신내상점가(연빛거리),674,235,439,6,146,146,169,136,71,4,35,53,53,51,39,2,111,93,116,85,32
2019,3,R,전통시장,2130166,응암시장(신응암시장),18,12,6,0,0,0,3,5,10,0,0,0,0,2,10,0,0,0,3,3,0
2019,3,R,전통시장,2130165,"대림골목시장(대림시장, 양지시장)",209,33,176,0,20,46,58,59,26,0,2,8,5,9,9,0,18,38,53,50,17
2019,3,R,전통시장,2130164,역촌중앙시장,2,2,0,0,0,0,1,0,1,0,0,0,1,0,1,0,0,0,0,0,0
2019,3,R,전통시장,2130163,응암오거리상점가,159,36,123,0,14,25,44,45,31,0,3,4,11,9,9,0,11,21,33,36,22
2019,3,R,전통시장,2130162,증산골목시장,19,9,10,0,1,3,4,4,7,0,0,0,1,1,7,0,1,3,3,3,0
2019,3,R,전통시장,2130161,증산종합시장,65,12,53,0,0,4,23,32,6,0,0,3,3,4,2,0,0,1,20,28,4
2019,3,R,전통시장,2130160,수일시장,9,4,5,0,0,2,1,3,3,0,0,0,0,2,2,0,0,2,1,1,1
2019,3,R,전통시장,2130159,공릉동 도깨비시장,214,168,46,0,7,19,34,75,79,0,3,9,19,65,72,0,4,10,15,10,7
2019,3,R,전통시장,2130157,상계중앙시장,98,48,50,0,23,21,24,18,12,0,12,15,11,7,3,0,11,6,13,11,9
2019,3,R,전통시장,2130155,시영B상가(중계 그린아파트 B 상가),18,14,4,0,2,8,5,3,0,0,1,8,4,1,0,0,1,0,1,2,0
2019,3,R,전통시장,2130154,상계주공1단지(가)상가,2,2,0,0,1,0,1,0,0,0,1,0,1,0,0,0,0,0,0,0,0
2019,3,R,전통시장,2130153,창동역상점가,243,136,107,0,19,52,55,70,47,0,8,28,31,37,32,0,11,24,24,33,15
2019,3,R,전통시장,2130152,오!도봉거리 상점가,57,32,25,0,5,16,17,10,9,0,2,7,7,9,7,0,3,9,10,1,2
2019,3,R,전통시장,2130151,신도봉시장,9,6,3,0,0,0,3,2,4,0,0,0,3,2,1,0,0,0,0,0,3
2019,3,R,전통시장,2130150,창동골목시장,106,52,54,0,19,42,22,17,6,0,7,22,13,8,2,0,12,20,9,9,4
2019,3,R,전통시장,2130149,창동신창시장,82,33,49,0,4,19,21,24,14,0,1,8,12,5,7,0,3,11,9,19,7
2019,3,R,전통시장,2130148,방학동도깨비시장,85,35,50,0,8,17,21,24,15,0,4,5,8,14,4,0,4,12,13,10,11
2019,3,R,전통시장,2130147,쌍문역동측상점가,114,55,59,2,21,28,30,17,16,2,5,12,18,10,8,0,16,16,12,7,8
2019,3,R,전통시장,2130146,쌍문시장(쌍문역골목시장),289,128,161,0,36,35,50,86,82,0,9,16,20,33,50,0,27,19,30,53,32
2019,3,R,전통시장,2130145,쌍문역둘리상점가,189,148,41,0,20,32,49,62,26,0,7,24,40,56,21,0,13,8,9,6,5
2019,3,R,전통시장,2130144,백운시장,38,18,20,0,0,4,14,12,8,0,0,0,7,4,7,0,0,4,7,8,1
2019,3,R,전통시장,2130143,방천골목시장,63,34,29,0,12,15,14,17,5,0,4,9,8,9,4,0,8,6,6,8,1
2019,3,R,전통시장,2130142,강북북부시장,6,4,2,0,1,0,4,1,0,0,0,0,3,1,0,0,1,0,1,0,0
2019,3,R,전통시장,2130141,강북북부골목시장,45,23,22,0,13,9,9,9,5,0,3,5,3,8,4,0,10,4,6,1,1
2019,3,R,전통시장,2130140,숭인시장,57,25,32,0,7,12,8,15,15,0,0,3,1,8,13,0,7,9,7,7,2
2019,3,R,전통시장,2130139,강북종합전통시장(강북종합골목시장),201,123,78,0,17,43,71,43,27,0,7,27,46,25,18,0,10,16,25,18,9
2019,3,R,전통시장,2130138,수유프라자,55,24,31,0,4,11,8,12,20,0,1,1,1,6,15,0,3,10,7,6,5
2019,3,R,전통시장,2130137,"수유전통시장(수유시장, 수유골목시장)",80,44,36,0,5,14,18,20,23,0,0,5,9,11,19,0,5,9,9,9,4
2019,3,R,전통시장,2130136,수유재래시장,18,8,10,0,5,1,6,2,4,0,3,0,0,1,4,0,2,1,6,1,0
2019,3,R,전통시장,2130135,수유중앙골목시장(수유중앙시장),29,12,17,0,1,5,5,5,13,0,0,3,2,0,7,0,1,2,3,5,6
2019,3,R,전통시장,2130134,"솔샘시장(미아6,7동골목시장)",86,36,50,1,11,18,30,21,5,0,3,6,14,9,4,1,8,12,16,12,1
2019,3,R,전통시장,2130133,우이골목시장(우이시장),70,53,17,0,4,7,25,20,14,0,3,6,14,17,13,0,1,1,11,3,1
2019,3,R,전통시장,2130132,삼양골목시장(삼양시장),92,24,68,0,10,15,17,29,21,0,0,6,6,8,4,0,10,9,11,21,17
2019,3,R,전통시장,2130131,동북프라자,104,39,65,0,10,21,33,22,18,0,4,6,15,6,8,0,6,15,18,16,10
2019,3,R,전통시장,2130130,수유북부골목시장,19,13,6,0,1,1,6,6,5,0,0,0,5,4,4,0,1,1,1,2,1
2019,3,R,전통시장,2130129,장미원골목시장,958,615,343,0,13,14,46,90,795,0,2,4,18,43,548,0,11,10,28,47,247
2019,3,R,전통시장,2130128,돌곶이시장(석관황금시장),177,147,30,0,35,31,38,62,11,0,34,23,27,53,10,0,1,8,11,9,1
2019,3,R,전통시장,2130127,석관시장,30,19,11,0,1,6,11,5,7,0,0,4,6,3,6,0,1,2,5,2,1
2019,3,R,전통시장,2130126,새석관시장,4,1,3,0,0,0,1,3,0,0,0,0,0,1,0,0,0,0,1,2,0
2019,3,R,전통시장,2130125,장위전통시장,74,43,31,0,6,8,17,21,22,0,3,4,9,13,14,0,3,4,8,8,8
2019,3,R,전통시장,2130123,꿈의숲 장곡 골목형상점가,9,7,2,0,1,0,2,6,0,0,1,0,2,4,0,0,0,0,0,2,0
2019,3,R,전통시장,2130122,밤나무골시장,13,1,12,0,1,3,3,4,2,0,0,0,0,1,0,0,1,3,3,3,2
2019,3,R,전통시장,2130121,길음시장,18,5,13,0,4,6,2,1,5,0,0,0,1,0,4,0,4,6,1,1,1
2019,3,R,전통시장,2130120,돈암시장(돈암제일시장),104,28,76,0,19,15,29,22,19,0,1,2,7,11,7,0,18,13,22,11,12
2019,3,R,전통시장,2130119,정릉아리랑시장,27,6,21,0,1,5,12,8,1,0,1,0,0,4,1,0,0,5,12,4,0
2019,3,R,전통시장,2130118,정릉골 골목형상점가,91,44,47,0,16,19,16,23,17,0,3,5,11,13,12,0,13,14,5,10,5
2019,3,R,전통시장,2130117,정릉시장,103,49,54,0,8,15,25,28,27,0,3,5,12,14,15,0,5,10,13,14,12
2019,3,R,전통시장,2130116,동성타워프라자,10,6,4,0,0,0,5,3,2,0,0,0,2,2,2,0,0,0,3,1,0
2019,3,R,전통시장,2130115,우림골목시장,285,107,178,1,73,54,58,65,34,0,30,14,22,23,18,1,43,40,36,42,16
2019,3,R,전통시장,2130114,유영시장,32,7,25,0,1,6,12,10,3,0,0,0,2,5,0,0,1,6,10,5,3
2019,3,R,전통시장,2130113,신아타운,195,44,151,0,50,50,36,42,17,0,8,13,10,6,7,0,42,37,26,36,10
2019,3,R,전통시장,2130112,사가정시장,95,40,55,0,13,14,31,21,16,0,0,5,10,9,16,0,13,9,21,12,0
2019,3,R,전통시장,2130111,"동원전통종합시장(동원시장, 동원전통시장 상점가)",230,100,130,1,26,30,60,83,30,0,8,14,23,39,16,1,18,16,37,44,14
2019,3,R,전통시장,2130110,면목골목시장(면목시장),110,57,53,0,1,7,28,35,39,0,1,4,17,19,16,0,0,3,11,16,23
2019,3,R,전통시장,2130109,묵1동도깨비시장,44,35,9,0,3,9,17,7,8,0,3,7,15,4,6,0,0,2,2,3,2
2019,3,R,전통시장,2130108,태능엔터피아(태릉시장),8,3,5,0,1,0,2,5,0,0,1,0,1,1,0,0,0,0,1,4,0
2019,3,R,전통시장,2130107,중랑동부시장(중랑교종합상가),15,4,11,0,0,2,5,6,2,0,0,1,1,1,1,0,0,1,4,5,1
2019,3,R,전통시장,2130106,중랑동부시장,169,65,104,0,24,40,33,35,37,0,5,11,8,18,23,0,19,29,25,17,14
2019,3,R,전통시장,2130105,장미제일시장(중화동제일시장),60,26,34,0,6,12,19,13,10,0,2,5,11,6,2,0,4,7,8,7,8
2019,3,R,전통시장,2130104,전곡시장,97,56,41,0,8,16,30,30,13,0,6,8,16,14,12,0,2,8,14,16,1
2019,3,R,전통시장,2130103,이경시장,14,7,7,0,0,1,0,2,11,0,0,1,0,1,5,0,0,0,0,1,6
2019,3,R,전통시장,2130102,이문제일시장,1,1,0,0,0,0,0,1,0,0,0,0,0,1,0,0,0,0,0,0,0
2019,3,R,전통시장,2130101,답십리현대시장,97,84,13,0,5,9,9,25,49,0,3,7,4,22,48,0,2,2,5,3,1
2019,3,R,전통시장,2130100,답십리시장,99,41,58,5,20,21,30,10,13,1,4,7,16,5,8,4,16,14,14,5,5
2019,3,R,전통시장,2130099,전농로터리시장,17,10,7,0,2,2,7,5,1,0,1,1,4,3,1,0,1,1,3,2,0
2019,3,R,전통시장,2130098,회기시장,63,18,45,0,9,20,13,13,8,0,1,5,5,4,3,0,8,15,8,9,5
2019,3,R,전통시장,2130097,답십리 건축자재시장,433,248,185,0,18,58,48,58,251,0,7,43,26,27,145,0,11,15,22,31,106
2019,3,R,전통시장,2130096,동부시장,13,8,5,0,0,0,1,1,11,0,0,0,0,0,8,0,0,0,1,1,3
2019,3,R,전통시장,2130095,청량리전통시장,99,39,60,0,5,16,18,32,28,0,3,4,9,11,12,0,2,12,9,21,16
2019,3,R,전통시장,2130094,청량리청과물시장,48,19,29,0,9,10,16,5,8,0,0,2,9,2,6,0,9,8,7,3,2
2019,3,R,전통시장,2130093,동서시장,4,3,1,0,0,0,1,1,2,0,0,0,1,0,2,0,0,0,0,1,0
2019,3,R,전통시장,2130092,청량리농수산물시장,12,9,3,0,0,1,3,5,3,0,0,0,3,3,3,0,0,1,0,2,0
2019,3,R,전통시장,2130091,청량종합도매시장,56,43,13,0,9,5,13,19,10,0,7,4,11,13,8,0,2,1,2,6,2
2019,3,R,전통시장,2130090,청량리종합시장,23,16,7,0,1,5,4,5,8,0,1,2,4,4,5,0,0,3,0,1,3
2019,3,R,전통시장,2130089,청량리수산시장,41,32,9,0,2,7,19,4,9,0,2,6,14,3,7,0,0,1,5,1,2
2019,3,R,전통시장,2130088,경동시장,142,63,79,0,14,30,36,32,30,0,2,8,19,14,20,0,12,22,17,18,10
2019,3,R,전통시장,2130087,경동광성상가(경동시장),25,16,9,0,5,2,5,7,6,0,3,2,3,5,3,0,2,0,2,2,3
2019,3,R,전통시장,2130086,서울약령시장,1239,677,562,3,121,201,319,364,231,0,59,116,175,200,127,3,62,85,144,164,104
2019,3,R,전통시장,2130085,용두시장,4,2,2,0,0,0,1,2,1,0,0,0,0,1,1,0,0,0,1,1,0
2019,3,R,전통시장,2130084,신성시장(신성골목시장),14,3,11,0,3,1,7,3,0,0,0,1,1,1,0,0,3,0,6,2,0
2019,3,R,전통시장,2130083,"중곡제일시장(중곡제일골목시장, 광성시장)",122,70,52,0,13,25,29,37,18,0,5,16,20,15,14,0,8,9,9,22,4
2019,3,R,전통시장,2130082,면곡골목시장,26,14,12,0,2,0,1,14,9,0,2,0,0,6,6,0,0,0,1,8,3
2019,3,R,전통시장,2130081,자양골목전통시장(자양골목시장),63,34,29,0,6,19,20,8,10,0,4,10,9,6,5,0,2,9,11,2,5
2019,3,R,전통시장,2130080,자양종합시장(기능상실),16,10,6,0,0,0,5,10,1,0,0,0,4,5,1,0,0,0,1,5,0
2019,3,R,전통시장,2130079,한아름시장,68,43,25,0,15,12,14,14,13,0,9,7,9,8,10,0,6,5,5,6,3
2019,3,R,전통시장,2130078,화양제일골목시장,48,18,30,0,5,11,17,12,3,0,1,4,6,6,1,0,4,7,11,6,2
2019,3,R,전통시장,2130077,조양시장,33,18,15,0,8,7,13,4,1,0,4,4,6,3,1,0,4,3,7,1,0
2019,3,R,전통시장,2130076,능동로골목시장,39,32,7,0,1,6,12,14,6,0,1,4,12,10,5,0,0,2,0,4,1
2019,3,R,전통시장,2130075,노룬산시장(노룬산골목시장),26,14,12,0,3,4,9,8,2,0,2,3,6,2,1,0,1,1,3,6,1
2019,3,R,전통시장,2130074,영동교골목시장,14,8,6,0,5,2,4,3,0,0,3,2,1,2,0,0,2,0,3,1,0
2019,3,R,전통시장,2130073,뚝도시장,62,36,26,0,6,7,16,17,16,0,3,3,6,13,11,0,3,4,10,4,5
2019,3,R,전통시장,2130072,성동용답상가시장,375,123,252,18,156,51,70,59,21,2,48,15,21,26,11,16,108,36,49,33,10
2019,3,R,전통시장,2130071,성수역 골목형상점가,408,229,179,2,78,107,80,61,80,0,38,52,53,44,42,2,40,55,27,17,38
2019,3,R,전통시장,2130070,뚝섬역상점가,1407,950,457,5,222,429,344,251,156,4,110,300,241,174,121,1,112,129,103,77,35
2019,3,R,전통시장,2130069,"한양대앞상점가(한양시장, 왕십리맛골목)",24,11,13,0,3,3,3,7,8,0,1,1,0,4,5,0,2,2,3,3,3
2019,3,R,전통시장,2130068,마장축산물시장,1100,730,370,1,103,240,301,266,189,1,71,156,201,178,123,0,32,84,100,88,66
2019,3,R,전통시장,2130067,왕십리도선동상점가,623,328,295,3,98,146,156,135,85,1,48,86,97,60,36,2,50,60,59,75,49
2019,3,R,전통시장,2130066,행당시장상점가,494,220,274,1,58,107,139,118,71,1,18,40,63,52,46,0,40,67,76,66,25
2019,3,R,전통시장,2130065,무학봉상점가,144,69,75,0,19,28,35,38,24,0,3,9,16,22,19,0,16,19,19,16,5
2019,3,R,전통시장,2130064,금남시장,31,12,19,0,3,7,7,4,10,0,1,1,4,2,4,0,2,6,3,2,6
2019,3,R,전통시장,2130063,신금호역 골목형상점가,41,28,13,0,2,7,10,12,10,0,2,4,6,9,7,0,0,3,4,3,3
2019,3,R,전통시장,2130062,보광시장,14,6,8,0,0,0,4,5,5,0,0,0,0,2,4,0,0,0,4,3,1
2019,3,R,전통시장,2130061,이태원시장,50,30,20,0,22,14,5,7,2,0,15,7,4,3,1,0,7,7,1,4,1
2019,3,R,전통시장,2130060,신흥시장,7,4,3,1,0,2,1,2,1,1,0,1,1,0,1,0,0,1,0,2,0
2019,3,R,전통시장,2130059,후암시장,78,44,34,0,13,15,19,12,19,0,4,7,9,8,16,0,9,8,10,4,3
2019,3,R,전통시장,2130058,이촌종합시장,100,71,29,0,8,16,23,26,27,0,5,9,11,21,25,0,3,7,12,5,2
2019,3,R,전통시장,2130057,만리시장,15,12,3,0,0,2,1,7,5,0,0,1,1,6,4,0,0,1,0,1,1
2019,3,R,전통시장,2130056,용산용문시장,169,104,65,0,43,46,44,27,9,0,27,35,22,15,5,0,16,11,22,12,4
2019,3,R,전통시장,2130055,"황학시장(서울중앙시장, 신중앙시장)",297,170,127,0,37,70,79,62,49,0,19,35,44,36,36,0,18,35,35,26,13
2019,3,R,전통시장,2130054,황학동주방가구거리상점가,427,275,152,1,45,93,122,121,45,1,21,64,79,78,32,0,24,29,43,43,13
2019,3,R,전통시장,2130053,백학시장,170,79,91,0,25,31,47,35,32,0,8,11,23,17,20,0,17,20,24,18,12
2019,3,R,전통시장,2130052,서울중앙시장(신중앙시장),552,377,175,0,117,177,111,83,64,0,87,126,61,51,52,0,30,51,50,32,12
2019,3,R,전통시장,2130051,동화동 골목형상점가,375,166,209,0,75,86,100,64,50,0,15,26,49,41,35,0,60,60,51,23,15
2019,3,R,전통시장,2130050,청평화시장,117,45,72,0,16,40,42,14,5,0,8,21,9,5,2,0,8,19,33,9,3
2019,3,R,전통시장,2130049,신당 미래유산 먹거리 골목형상점가,55,22,33,0,4,2,11,18,20,0,2,1,1,7,11,0,2,1,10,11,9
2019,3,R,전통시장,2130048,동평화시장,13,8,5,0,3,7,0,2,1,0,2,5,0,0,1,0,1,2,0,2,0
2019,3,R,전통시장,2130047,테크노상가(엘리시움),203,140,63,0,21,53,42,55,32,0,10,38,27,38,27,0,11,15,15,17,5
2019,3,R,전통시장,2130046,team204(팀204),29,20,9,0,4,7,9,8,1,0,2,4,6,7,1,0,2,3,3,1,0
2019,3,R,전통시장,2130045,광희패션몰,57,32,25,0,2,8,11,17,19,0,0,2,8,12,10,0,2,6,3,5,9
2019,3,R,전통시장,2130044,에리어식스(벨포스트),19,9,10,0,4,7,4,4,0,0,3,4,1,1,0,0,1,3,3,3,0
2019,3,R,전통시장,2130043,제일평화시장,47,28,19,0,6,13,16,8,4,0,1,9,9,6,3,0,5,4,7,2,1
2019,3,R,전통시장,2130042,약수시장,158,64,94,1,33,30,36,27,31,1,8,7,16,11,21,0,25,23,20,16,10
2019,3,R,전통시장,2130041,신평화패션타운(청계6가 지하도상가),19,11,8,0,1,3,6,7,2,0,0,2,6,3,0,0,1,1,0,4,2
2019,3,R,전통시장,2130040,남평화시장,3,2,1,0,1,1,1,0,0,0,1,0,1,0,0,0,0,1,0,0,0
2019,3,R,전통시장,2130039,청계6가 지하도상가,42,28,14,0,1,3,9,7,22,0,1,1,6,6,14,0,0,2,3,1,8
2019,3,R,전통시장,2130038,"평화시장(통일상가, 동화상가)",1496,1053,443,6,169,486,486,256,93,0,73,296,399,210,75,6,96,190,87,46,18
2019,3,R,전통시장,2130036,중부시장(신중부시장),3125,1030,2095,4,1745,623,302,231,220,1,313,205,210,146,155,3,1432,418,92,85,65
2019,3,R,전통시장,2130035,방산종합시장(방산시장),1245,767,478,2,106,235,291,320,291,0,59,141,158,196,213,2,47,94,133,124,78
2019,3,R,전통시장,2130034,필동 골목형상점가,12,6,6,0,2,3,4,1,2,0,0,1,2,1,2,0,2,2,2,0,0
2019,3,R,전통시장,2130033,대림상가(청계상가),230,158,72,0,11,38,82,46,53,0,5,24,49,36,44,0,6,14,33,10,9
2019,3,R,전통시장,2130032,인현시장,180,126,54,0,3,23,57,54,43,0,3,14,42,37,30,0,0,9,15,17,13
2019,3,R,전통시장,2130031,청계천공구상가,929,711,218,1,92,278,240,162,156,1,62,228,185,106,129,0,30,50,55,56,27
2019,3,R,전통시장,2130025,삼익패션타운(남대문시장),922,527,395,0,122,258,249,203,90,0,33,98,176,174,46,0,89,160,73,29,44
2019,3,R,전통시장,2130024,남대문시장(자유상가),893,511,382,1,70,165,202,215,240,1,19,80,114,128,169,0,51,85,88,87,71
2019,3,R,전통시장,2130022,숭례문수입상가(남대문시장),1936,855,1081,0,327,880,603,113,13,0,52,387,336,70,10,0,275,493,267,43,3
2019,3,R,전통시장,2130021,신설종합시장,35,25,10,0,0,11,10,6,8,0,0,10,6,4,5,0,0,1,4,2,3
2019,3,R,전통시장,2130020,동묘시장(동묘벼룩시장),411,173,238,4,126,113,71,71,26,3,31,36,43,40,20,1,95,77,28,31,6
2019,3,R,전통시장,2130019,동대문상가D동,22,16,6,0,2,4,5,3,8,0,1,1,4,3,7,0,1,3,1,0,1
2019,3,R,전통시장,2130018,동대문문구완구거리(동대문문구완구시장),200,108,92,1,19,46,44,52,38,1,6,24,28,29,20,0,13,22,16,23,18
2019,3,R,전통시장,2130017,동대문상가C동,12,10,2,0,1,6,3,1,1,0,1,6,3,0,0,0,0,0,0,1,1
2019,3,R,전통시장,2130016,동대문상가B동,3,1,2,0,0,1,2,0,0,0,0,0,1,0,0,0,0,1,1,0,0
2019,3,R,전통시장,2130015,창신골목시장,25,13,12,0,0,2,7,13,3,0,0,2,4,5,2,0,0,0,3,8,1
2019,3,R,전통시장,2130014,동문시장,10,6,4,0,0,1,3,5,1,0,0,1,1,3,1,0,0,0,2,2,0
2019,3,R,전통시장,2130013,동대문상가A동,5,5,0,0,0,0,0,0,5,0,0,0,0,0,5,0,0,0,0,0,0
2019,3,R,전통시장,2130012,"동대문종합시장(동대문종합시장 신관, 동대문종합시장D동상가)",1459,1062,397,2,153,362,395,389,158,1,115,274,272,277,123,1,38,88,123,112,35
2019,3,R,전통시장,2130011,충신시장,70,38,32,0,11,16,19,14,10,0,6,11,9,6,6,0,5,5,10,8,4
2019,3,R,전통시장,2130010,종로신진시장,222,127,95,1,20,32,54,56,59,1,13,20,22,30,41,0,7,12,32,26,18
2019,3,R,전통시장,2130009,마전교지하쇼핑센터(구 한일상가),54,31,23,0,4,8,10,17,15,0,2,4,6,7,12,0,2,4,4,10,3
2019,3,R,전통시장,2130007,광장시장(광장전통시장),425,289,136,0,25,66,103,127,104,0,14,35,78,79,83,0,11,31,25,48,21
2019,3,R,전통시장,2130005,세운상가가동,136,97,39,0,8,30,37,23,38,0,6,23,29,9,30,0,2,7,8,14,8
2019,3,R,전통시장,2130004,낙원시장(낙원지하시장(대일상가)),338,237,101,0,24,77,81,71,85,0,12,59,53,45,68,0,12,18,28,26,17
2019,3,R,전통시장,2130002,세종마을음식문화거리(금천교시장),585,393,192,1,58,115,129,138,144,0,29,71,77,99,117,1,29,44,52,39,27
2019,3,R,전통시장,2130001,통인시장,72,32,40,0,3,22,14,16,17,0,1,7,6,8,10,0,2,15,8,8,7
2019,3,D,발달상권,2120249,고덕역,1023,653,370,6,114,198,202,268,235,3,43,114,132,180,181,3,71,84,70,88,54
2019,3,D,발달상권,2120248,명일역,927,373,554,6,129,142,240,222,188,6,49,68,99,71,80,0,80,74,141,151,108
2019,3,D,발달상권,2120247,굽은다리역,861,498,363,4,91,157,193,144,272,1,36,96,102,83,180,3,55,61,91,61,92
2019,3,D,발달상권,2120246,길동역,3598,1651,1947,12,396,612,894,949,735,7,168,334,462,316,364,5,228,278,432,633,371
2019,3,D,발달상권,2120245,둔촌역,2424,1457,967,6,295,544,540,540,499,2,161,369,349,272,304,4,134,175,191,268,195
2019,3,D,발달상권,2120244,암사역,955,432,523,0,70,95,115,122,553,0,18,43,53,55,263,0,52,52,62,67,290
2019,3,D,발달상권,2120243,천호역,2608,1165,1443,6,590,693,578,385,356,1,164,341,280,172,207,5,426,352,298,213,149
2019,3,D,발달상권,2120242,강동구청역,5813,3679,2134,41,709,1369,1381,1141,1172,13,315,839,915,758,839,28,394,530,466,383,333
2019,3,D,발달상권,2120241,거여역,922,600,322,8,123,225,229,137,200,5,78,147,147,73,150,3,45,78,82,64,50
2019,3,D,발달상권,2120240,개롱역,2048,1357,691,29,316,370,552,528,253,16,172,241,379,357,192,13,144,129,173,171,61
2019,3,D,발달상권,2120239,오금역,5292,3415,1877,18,863,1498,1386,969,558,14,474,1024,1001,502,400,4,389,474,385,467,158
2019,3,D,발달상권,2120238,방이역,370,197,173,1,42,88,90,75,74,0,10,37,38,53,59,1,32,51,52,22,15
2019,3,D,발달상권,2120237,경찰병원역,7707,4581,3126,50,1207,2086,1907,1371,1086,21,568,1388,1269,717,618,29,639,698,638,654,468
2019,3,D,발달상권,2120236,장지역(가든파이브),4917,3249,1668,16,723,1148,1159,1027,844,10,386,729,791,684,649,6,337,419,368,343,195
2019,3,D,발달상권,2120235,문정역,1429,956,473,2,202,345,390,308,182,2,99,258,284,187,126,0,103,87,106,121,56
2019,3,D,발달상권,2120234,가락시장역,12304,7585,4719,63,1161,1875,2071,1999,5135,25,612,1255,1389,1009,3295,38,549,620,682,990,1840
2019,3,D,발달상권,2120233,몽촌토성역,5557,4120,1437,9,1303,2079,1198,617,351,6,860,1532,956,497,269,3,443,547,242,120,82
2019,3,D,발달상권,2120232,송파나루역,1025,708,317,0,151,267,257,201,149,0,83,190,181,137,117,0,68,77,76,64,32
2019,3,D,발달상권,2120231,가락시장,5581,3966,1615,2,322,1014,1528,1630,1085,1,229,804,1161,1071,700,1,93,210,367,559,385
2019,3,D,발달상권,2120230,송파사거리(송파역),780,419,361,2,73,151,149,196,209,1,38,84,85,89,122,1,35,67,64,107,87
2019,3,D,발달상권,2120229,방이동먹자골목,7822,5156,2666,15,1072,2465,2098,1298,874,8,569,1548,1467,973,591,7,503,917,631,325,283
2019,3,D,발달상권,2120228,석촌역(석촌호수),4972,3084,1888,4,796,1539,1207,760,666,0,347,1040,803,446,448,4,449,499,404,314,218
2019,3,D,발달상권,2120227,잠실역,57707,30003,27704,130,10965,15234,15975,13804,1599,40,5169,9400,8810,5467,1117,90,5796,5834,7165,8337,482
2019,3,D,발달상권,2120226,석촌고분역,3087,2310,777,9,351,481,577,529,1140,7,185,292,379,379,1068,2,166,189,198,150,72
2019,3,D,발달상권,2120225,잠실새내역(신천),5496,3245,2251,17,977,1152,1272,915,1163,7,493,673,771,495,806,10,484,479,501,420,357
2019,3,D,발달상권,2120224,수서역,14566,8218,6348,20,2015,3961,4060,2626,1884,10,957,2352,2327,1465,1107,10,1058,1609,1733,1161,777
2019,3,D,발달상권,2120223,휘문고교사거리,9875,5993,3882,16,1684,3350,3037,1476,312,4,1010,2325,1802,646,206,12,674,1025,1235,830,106
2019,3,D,발달상권,2120222,삼성역,58834,33884,24950,212,11288,17770,13312,8940,7312,126,4659,10523,9272,5337,3967,86,6629,7247,4040,3603,3345
2019,3,D,발달상권,2120221,봉은사역,24170,16376,7794,22,4803,6746,4228,3834,4537,12,2723,4962,3360,2532,2787,10,2080,1784,868,1302,1750
2019,3,D,발달상권,2120220,대치역,5446,3259,2187,28,1834,2182,911,308,183,0,774,1435,682,220,148,28,1060,747,229,88,35
2019,3,D,발달상권,2120219,은마아파트,7507,4027,3480,11,1616,2156,1873,1304,547,4,518,1216,1151,778,360,7,1098,940,722,526,187
2019,3,D,발달상권,2120218,코엑스,985,607,378,0,303,366,218,81,17,0,145,220,163,65,14,0,158,146,55,16,3
2019,3,D,발달상권,2120217,대치사거리,3105,1669,1436,6,669,912,718,466,334,4,278,455,421,268,243,2,391,457,297,198,91
2019,3,D,발달상권,2120216,경기고교사거리(경기고교앞사거리),5567,4135,1432,9,789,1749,1840,952,228,7,348,1191,1587,832,170,2,441,558,253,120,58
2019,3,D,발달상권,2120215,포스코사거리,52979,32788,20191,133,9440,18613,14621,7581,2591,18,4039,11704,10390,5020,1617,115,5401,6909,4231,2561,974
2019,3,D,발달상권,2120214,영동대교남단교차로,5202,3213,1989,4,816,1783,1318,956,325,0,303,988,906,763,253,4,513,795,412,193,72
2019,3,D,발달상권,2120213,삼성중앙역,9812,5595,4217,40,2171,2830,2263,1386,1122,8,927,1716,1427,805,712,32,1244,1114,836,581,410
2019,3,D,발달상권,2120212,한티역,791,396,395,2,136,218,206,140,89,1,39,106,120,75,55,1,97,112,86,65,34
2019,3,D,발달상권,2120211,도성초등학교,1290,663,627,5,234,437,271,195,148,2,62,178,175,144,102,3,172,259,96,51,46
2019,3,D,발달상권,2120210,선릉역,59491,34229,25262,94,11730,19726,15084,8496,4361,51,4915,11642,10160,4988,2473,43,6815,8084,4924,3508,1888
2019,3,D,발달상권,2120209,"강남구청(청담역_8번, 강남세무서)",8298,2305,5993,13,1848,2568,2311,1082,476,5,499,721,474,330,276,8,1349,1847,1837,752,200
2019,3,D,발달상권,2120208,청담사거리(청담동명품거리),22042,14977,7065,49,4076,5580,6152,5470,715,16,1610,3171,4672,4978,530,33,2466,2409,1480,492,185
2019,3,D,발달상권,2120207,선정릉역,14576,8915,5661,32,3046,5283,3419,1808,988,12,1230,3070,2443,1336,824,20,1816,2213,976,472,164
2019,3,D,발달상권,2120206,개나리아파트,4566,2926,1640,60,1426,1210,896,634,340,16,748,825,638,437,262,44,678,385,258,197,78
2019,3,D,발달상권,2120205,매봉역,15595,10393,5202,67,2980,4586,3532,2104,2326,37,1457,3182,2829,1564,1324,30,1523,1404,703,540,1002
2019,3,D,발달상권,2120204,르네상스호텔사거리,37795,19343,18452,73,6463,9924,9985,9912,1438,36,4527,7198,4837,1901,844,37,1936,2726,5148,8011,594
2019,3,D,발달상권,2120203,강남구청역,7431,4645,2786,15,1221,2136,1939,1400,720,5,520,1265,1356,933,566,10,701,871,583,467,154
2019,3,D,발달상권,2120202,압구정로데오역(압구정로데오),10952,5651,5301,21,2755,3934,2396,1400,446,4,757,1889,1519,1169,313,17,1998,2045,877,231,133
2019,3,D,발달상권,2120201,도곡1동,5410,3656,1754,10,874,1671,1409,859,587,7,458,1084,1047,616,444,3,416,587,362,243,143
2019,3,D,발달상권,2120200,학동사거리,9454,3805,5649,21,2722,3043,1897,1080,691,6,560,1049,962,729,499,15,2162,1994,935,351,192
2019,3,D,발달상권,2120199,경복아파트교차로,4628,2911,1717,8,912,1439,917,723,629,2,390,891,607,531,490,6,522,548,310,192,139
2019,3,D,발달상권,2120198,구역삼세무서,12815,7778,5037,27,2914,3967,3209,1770,928,11,1195,2380,2266,1229,697,16,1719,1587,943,541,231
2019,3,D,발달상권,2120197,역삼역,64216,42760,21456,81,10001,20543,17667,11865,4059,35,5050,13631,13182,8144,2718,46,4951,6912,4485,3721,1341
2019,3,D,발달상권,2120196,서울세관,9428,5264,4164,8,1585,2810,2342,1776,907,3,524,1322,1431,1256,728,5,1061,1488,911,520,179
2019,3,D,발달상권,2120195,성수대교남단,6284,2992,3292,53,1606,2645,1218,464,298,23,501,1347,707,235,179,30,1105,1298,511,229,119
2019,3,D,발달상권,2120194,언주역(차병원),11805,8150,3655,37,2502,3764,2741,1891,870,14,1181,2546,2173,1587,649,23,1321,1218,568,304,221
2019,3,D,발달상권,2120193,도산공원교차로,5510,3266,2244,11,941,1671,1323,883,681,5,336,910,903,604,508,6,605,761,420,279,173
2019,3,D,발달상권,2120192,뱅뱅사거리,28648,19068,9580,54,4735,9223,7596,4708,2332,20,2282,6112,5620,3291,1743,34,2453,3111,1976,1417,589
2019,3,D,발달상권,2120191,학동역,15267,8618,6649,42,3507,4140,3126,1950,2502,17,1229,2320,2063,1203,1786,25,2278,1820,1063,747,716
2019,3,D,발달상권,2120190,강남을지병원,11294,5864,5430,20,3070,3234,2462,1464,1044,8,1014,1647,1496,930,769,12,2056,1587,966,534,275
2019,3,D,발달상권,2120189,강남역,83324,43342,39982,154,17247,26613,21163,12824,5323,51,7055,14877,12515,6568,2276,103,10192,11736,8648,6256,3047
2019,3,D,발달상권,2120188,압구정역,7605,3195,4410,240,2435,2071,1335,884,640,81,832,846,678,407,351,159,1603,1225,657,477,289
2019,3,D,발달상권,2120187,신논현역,14268,8367,5901,47,3721,4462,3315,1866,857,23,1445,2547,2337,1380,635,24,2276,1915,978,486,222
2019,3,D,발달상권,2120186,가로수길,8145,4225,3920,8,1727,2747,1951,1091,621,1,615,1474,1094,611,430,7,1112,1273,857,480,191
2019,3,D,발달상권,2120185,논현역,14799,8125,6674,28,3556,4970,3419,1975,851,13,1200,2826,2323,1231,532,15,2356,2144,1096,744,319
2019,3,D,발달상권,2120184,포이사거리(삼호물산),14521,8267,6254,24,2038,4096,3930,2962,1471,10,1033,2549,2249,1421,1005,14,1005,1547,1681,1541,466
2019,3,D,발달상권,2120183,양재천카페거리,3554,2524,1030,13,628,995,895,571,452,10,338,694,686,449,347,3,290,301,209,122,105
2019,3,D,발달상권,2120182,"양재시민의숲역(양재동꽃시장, aT센터)",6353,4491,1862,15,994,1798,1591,1250,705,9,534,1251,1188,936,573,6,460,547,403,314,132
2019,3,D,발달상권,2120181,교육개발원입구사거리,8066,4942,3124,190,2734,1793,1474,1089,786,93,1394,1170,1101,696,488,97,1340,623,373,393,298
2019,3,D,발달상권,2120180,양재화물트럭터미널앞,2843,2360,483,12,648,930,648,454,151,6,457,805,569,398,125,6,191,125,79,56,26
2019,3,D,발달상권,2120179,양재역,22898,17048,5850,85,4067,7898,5367,3825,1656,45,2216,6305,4432,2900,1150,40,1851,1593,935,925,506
2019,3,D,발달상권,2120178,신사역,15584,8069,7515,43,3811,4574,3282,2212,1662,20,1024,2334,2177,1275,1239,23,2787,2240,1105,937,423
2019,3,D,발달상권,2120177,신논현역 1번,813,508,305,2,90,225,234,171,91,1,31,135,154,124,63,1,59,90,80,47,28
2019,3,D,발달상권,2120176,논현역 4번,720,447,273,1,114,194,167,144,100,1,54,111,113,96,72,0,60,83,54,48,28
2019,3,D,발달상권,2120175,남부터미널역,10440,6032,4408,29,1843,3032,2546,1894,1096,4,905,1984,1632,957,550,25,938,1048,914,937,546
2019,3,D,발달상권,2120174,논현역 5번,772,467,305,3,96,223,194,125,131,2,35,133,122,82,93,1,61,90,72,43,38
2019,3,D,발달상권,2120173,교대역(법원.검찰청),17847,10226,7621,53,3185,5108,4412,2968,2121,22,1319,2760,2620,1931,1574,31,1866,2348,1792,1037,547
2019,3,D,발달상권,2120172,교대입구교차로,11584,6561,5023,50,2172,3161,2787,2258,1156,26,857,1900,1741,1255,782,24,1315,1261,1046,1003,374
2019,3,D,발달상권,2120171,서초3동사거리,11557,5878,5679,7,1626,3803,2652,1950,1519,4,639,1652,1457,1047,1079,3,987,2151,1195,903,440
2019,3,D,발달상권,2120170,삼호가든사거리,2483,1315,1168,6,362,794,694,423,204,4,114,435,448,181,133,2,248,359,246,242,71
2019,3,D,발달상권,2120169,서초역,15188,6999,8189,41,3482,4127,3820,2571,1147,19,1102,1950,1805,1269,854,22,2380,2177,2015,1302,293
2019,3,D,발달상권,2120168,서울고교교차로,969,453,516,0,109,314,200,160,186,0,28,150,136,78,61,0,81,164,64,82,125
2019,3,D,발달상권,2120167,고속터미널(고속터미널역),5358,3177,2181,13,590,1384,1182,994,1195,11,291,939,871,552,513,2,299,445,311,442,682
2019,3,D,발달상권,2120166,방배역,5391,3268,2123,5,1014,1721,1038,728,885,3,421,966,709,473,696,2,593,755,329,255,189
2019,3,D,발달상권,2120165,서래마을카페거리(서래마을),3695,2368,1327,8,598,1232,1033,546,278,2,253,744,764,404,201,6,345,488,269,142,77
2019,3,D,발달상권,2120164,내방역,8610,5958,2652,50,1839,2859,1906,1174,782,37,1116,1998,1393,811,603,13,723,861,513,363,179
2019,3,D,발달상권,2120163,사당역 11번(사당역먹자골목),464,265,199,0,48,110,98,79,129,0,23,59,59,41,83,0,25,51,39,38,46
2019,3,D,발달상권,2120162,방배동카페골목,1013,579,434,15,199,172,143,151,333,15,104,121,87,76,176,0,95,51,56,75,157
2019,3,D,발달상권,2120161,방배동가구거리(사당동가구거리),1409,646,763,1,138,375,372,389,134,0,49,189,195,147,66,1,89,186,177,242,68
2019,3,D,발달상권,2120160,사당역(사당),9863,5178,4685,17,1740,2821,2906,1707,672,9,657,1404,1464,1139,505,8,1083,1417,1442,568,167
2019,3,D,발달상권,2120159,서울대입구역,1485,825,660,17,270,336,372,253,237,8,104,181,215,157,160,9,166,155,157,96,77
2019,3,D,발달상권,2120158,녹두거리(대학동),402,243,159,2,51,86,113,77,73,0,20,56,74,47,46,2,31,30,39,30,27
2019,3,D,발달상권,2120157,신림역(신림),747,296,451,0,111,140,171,160,165,0,23,52,79,55,87,0,88,88,92,105,78
2019,3,D,발달상권,2120156,"총신대입구역(이수, 총신대)",3813,1773,2040,14,589,943,932,734,601,8,195,416,521,317,316,6,394,527,411,417,285
2019,3,D,발달상권,2120155,총신대학교,155,79,76,0,18,32,41,32,32,0,8,11,27,17,16,0,10,21,14,15,16
2019,3,D,발달상권,2120154,장승배기역,254,106,148,0,31,69,70,54,30,0,7,27,33,24,15,0,24,42,37,30,15
2019,3,D,발달상권,2120153,노량진역(노량진),3809,1859,1950,10,483,1271,970,690,385,3,177,505,449,450,275,7,306,766,521,240,110
2019,3,D,발달상권,2120152,신대방삼거리역,755,422,333,0,88,186,205,175,101,0,35,110,131,91,55,0,53,76,74,84,46
2019,3,D,발달상권,2120151,보라매공원,2357,1432,925,5,341,752,730,356,173,4,143,446,481,227,131,1,198,306,249,129,42
2019,3,D,발달상권,2120150,63빌딩,6718,4003,2715,27,747,1768,2690,1310,176,3,296,1099,1336,1151,118,24,451,669,1354,159,58
2019,3,D,발달상권,2120149,여의도역(여의도),72957,43744,29213,185,11689,23637,21121,12032,4293,31,5377,13604,13600,8469,2663,154,6312,10033,7521,3563,1630
2019,3,D,발달상권,2120148,국회의사당역(국회의사당),31546,19219,12327,42,6629,10832,7490,4557,1996,16,2788,6336,5247,3427,1405,26,3841,4496,2243,1130,591
2019,3,D,발달상권,2120147,보라매역,1680,1071,609,11,269,397,389,361,253,5,78,259,258,269,202,6,191,138,131,92,51
2019,3,D,발달상권,2120146,한강성심병원,4922,2841,2081,13,1143,1229,1083,803,651,8,343,667,742,572,509,5,800,562,341,231,142
2019,3,D,발달상권,2120145,영등포역(영등포),3743,1830,1913,32,559,910,923,732,587,3,170,429,497,401,330,29,389,481,426,331,257
2019,3,D,발달상권,2120144,영중로,1017,490,527,1,155,247,267,254,93,1,61,150,128,88,62,0,94,97,139,166,31
2019,3,D,발달상권,2120143,당산역,4541,2931,1610,10,298,648,1131,1390,1064,6,157,456,757,818,737,4,141,192,374,572,327
2019,3,D,발달상권,2120142,대림역,1851,957,894,2,330,364,392,425,338,1,101,181,207,242,225,1,229,183,185,183,113
2019,3,D,발달상권,2120141,영등포청과시장교차로,796,549,247,4,81,159,268,158,126,3,43,105,183,113,102,1,38,54,85,45,24
2019,3,D,발달상권,2120140,문래동주민센터,6882,4031,2851,15,1642,2203,1796,885,341,6,682,1225,1223,621,274,9,960,978,573,264,67
2019,3,D,발달상권,2120139,대림3동사거리,3302,2204,1098,12,297,804,891,667,631,5,179,586,701,418,315,7,118,218,190,249,316
2019,3,D,발달상권,2120138,당산2동(영등포우체국),1453,945,508,20,288,356,424,229,136,5,129,228,311,154,118,15,159,128,113,75,18
2019,3,D,발달상권,2120137,문래역(문래로데오거리),37,16,21,0,6,11,7,11,2,0,2,2,3,8,1,0,4,9,4,3,1
2019,3,D,발달상권,2120136,영등포구청역,9011,4668,4343,19,1487,1699,1691,2048,2067,10,719,953,924,911,1151,9,768,746,767,1137,916
2019,3,D,발달상권,2120135,양평역,5289,3173,2116,17,1209,1388,1306,854,515,7,620,916,732,449,449,10,589,472,574,405,66
2019,3,D,발달상권,2120134,구로전화국,2405,1899,506,1,83,257,278,312,1474,1,32,116,161,195,1394,0,51,141,117,117,80
2019,3,D,발달상권,2120133,서울시흥동우체국(홈플러스시흥점),165,63,102,0,18,31,30,45,41,0,3,15,12,11,22,0,15,16,18,34,19
2019,3,D,발달상권,2120132,독산동,4735,3082,1653,20,591,1063,1233,1146,682,19,393,717,820,692,441,1,198,346,413,454,241
2019,3,D,발달상권,2120131,가산디지털단지,93308,60076,33232,940,21337,28795,22390,12592,7254,472,11027,19047,16046,8193,5291,468,10310,9748,6344,4399,1963
2019,3,D,발달상권,2120130,구로디지털단지역,1084,589,495,2,157,300,255,216,154,1,61,150,144,125,108,1,96,150,111,91,46
2019,3,D,발달상권,2120129,구로디지털단지,51052,32700,18352,175,10641,17887,13088,6031,3230,106,5165,11707,9164,4042,2516,69,5476,6180,3924,1989,714
2019,3,D,발달상권,2120128,신도림역,1449,841,608,7,200,399,440,272,131,1,79,238,240,180,103,6,121,161,200,92,28
2019,3,D,발달상권,2120127,구로구청,8071,5908,2163,7,1081,2142,1807,1584,1450,5,816,1828,1473,957,829,2,265,314,334,627,621
2019,3,D,발달상권,2120126,디지털단지오거리,143,93,50,0,9,34,52,27,21,0,3,17,40,18,15,0,6,17,12,9,6
2019,3,D,발달상권,2120125,구로역,10915,7555,3360,31,1197,2585,2953,2584,1565,18,706,1805,2024,1806,1196,13,491,780,929,778,369
2019,3,D,발달상권,2120124,개봉동 현대아파트,502,215,287,0,65,105,117,93,122,0,16,36,46,45,72,0,49,69,71,48,50
2019,3,D,발달상권,2120123,오류동역,1741,1292,449,5,212,345,487,578,114,0,173,256,380,391,92,5,39,89,107,187,22
2019,3,D,발달상권,2120122,강서구청,2324,1465,859,0,267,501,544,492,520,0,115,305,350,308,387,0,152,196,194,184,133
2019,3,D,발달상권,2120121,까치산역,325,151,174,1,42,52,73,88,69,1,19,20,35,41,35,0,23,32,38,47,34
2019,3,D,발달상권,2120120,화곡역,988,409,579,2,167,230,230,212,147,0,39,101,98,93,78,2,128,129,132,119,69
2019,3,D,발달상권,2120119,발산역(마곡),1764,1077,687,3,197,426,446,397,295,3,86,243,297,258,190,0,111,183,149,139,105
2019,3,D,발달상권,2120117,강서농산물도매시장,500,310,190,0,21,67,146,165,101,0,15,51,96,94,54,0,6,16,50,71,47
2019,3,D,발달상권,2120116,송정역,192,123,69,1,25,39,45,48,34,1,13,20,27,37,25,0,12,19,18,11,9
2019,3,D,발달상권,2120114,목동신시가지,20285,15035,5250,48,2614,6777,5548,3895,1403,22,1449,5105,4400,3099,960,26,1165,1672,1148,796,443
2019,3,D,발달상권,2120113,오목교역,731,375,356,2,119,153,176,161,120,1,44,66,98,100,66,1,75,87,78,61,54
2019,3,D,발달상권,2120112,등촌역,1795,1226,569,9,237,431,434,390,294,7,104,286,305,284,240,2,133,145,129,106,54
2019,3,D,발달상권,2120111,목동사거리,1858,713,1145,2,561,601,346,236,112,0,93,248,167,127,78,2,468,353,179,109,34
2019,3,D,발달상권,2120110,목동역 8번출구,1223,706,517,6,214,338,355,182,128,5,80,199,225,114,83,1,134,139,130,68,45
2019,3,D,발달상권,2120109,서울남부지방법원,604,321,283,1,47,137,131,158,130,1,14,53,61,96,96,0,33,84,70,62,34
2019,3,D,발달상권,2120108,신정네거리역,1143,625,518,4,94,211,267,305,262,4,37,101,139,171,173,0,57,110,128,134,89
2019,3,D,발달상권,2120107,공덕역(공덕오거리),18395,12423,5972,40,2835,4975,5062,4706,777,12,1490,3302,3563,3483,573,28,1345,1673,1499,1223,204
2019,3,D,발달상권,2120106,마포역,14812,9378,5434,16,1874,3274,3266,3582,2800,10,1069,2117,2426,2040,1716,6,805,1157,840,1542,1084
2019,3,D,발달상권,2120105,상수역(홍대),536,275,261,5,135,152,121,74,49,1,52,78,74,37,33,4,83,74,47,37,16
2019,3,D,발달상권,2120104,연남동(홍대),6783,3463,3320,23,1170,1886,1581,1231,892,13,383,1024,933,657,453,10,787,862,648,574,439
2019,3,D,발달상권,2120103,홍대입구역(홍대),11002,6704,4298,66,2311,2957,2494,1811,1363,46,1191,1784,1660,1058,965,20,1120,1173,834,753,398
2019,3,D,발달상권,2120102,서교동(홍대),6946,3369,3577,17,1062,1760,1510,980,1617,8,377,885,894,560,645,9,685,875,616,420,972
2019,3,D,발달상권,2120101,합정역,2277,1254,1023,6,429,630,581,387,244,5,161,313,356,249,170,1,268,317,225,138,74
2019,3,D,발달상권,2120100,망원역,991,489,502,1,200,257,243,164,126,1,48,125,132,107,76,0,152,132,111,57,50
2019,3,D,발달상권,2120099,월드컵경기장역(월드컵경기장),100,65,35,0,11,24,38,14,13,0,7,18,28,5,7,0,4,6,10,9,6
2019,3,D,발달상권,2120098,DMC(디지털미디어시티),8858,5763,3095,17,1735,3223,2726,962,195,11,787,2098,1983,741,143,6,948,1125,743,221,52
2019,3,D,발달상권,2120097,충정로역,2224,1300,924,1,301,679,625,385,233,0,148,392,388,229,143,1,153,287,237,156,90
2019,3,D,발달상권,2120096,"이화여대(이대역, 이대)",537,221,316,1,77,132,146,97,84,0,20,53,53,43,52,1,57,79,93,54,32
2019,3,D,발달상권,2120095,홍제역,968,548,420,1,69,107,271,401,119,0,17,62,142,241,86,1,52,45,129,160,33
2019,3,D,발달상권,2120094,"신촌역(신촌역, 신촌로터리)",1816,735,1081,13,416,510,360,303,214,6,101,193,162,152,121,7,315,317,198,151,93
2019,3,D,발달상권,2120093,연희동,705,378,327,1,70,121,180,198,135,0,33,61,92,109,83,1,37,60,88,89,52
2019,3,D,발달상권,2120092,불광역,290,141,149,0,35,53,83,60,59,0,9,26,43,22,41,0,26,27,40,38,18
2019,3,D,발달상권,2120091,본서부병원,552,215,337,2,71,69,122,181,107,0,37,25,53,57,43,2,34,44,69,124,64
2019,3,D,발달상권,2120090,연신내역,568,220,348,2,120,110,103,125,108,1,40,46,39,48,46,1,80,64,64,77,62
2019,3,D,발달상권,2120089,구파발역,10,4,6,0,2,0,6,1,1,0,0,0,3,0,1,0,2,0,3,1,0
2019,3,D,발달상권,2120088,구산역,1114,345,769,2,118,203,277,342,172,2,49,94,78,63,59,0,69,109,199,279,113
2019,3,D,발달상권,2120087,응암역,436,281,155,0,46,89,123,94,84,0,17,54,84,59,67,0,29,35,39,35,17
2019,3,D,발달상권,2120086,태릉입구역,419,231,188,0,57,73,94,113,82,0,33,42,42,57,57,0,24,31,52,56,25
2019,3,D,발달상권,2120085,은행사거리,357,146,211,1,60,60,95,80,61,1,17,19,24,45,40,0,43,41,71,35,21
2019,3,D,발달상권,2120084,공릉역,750,569,181,1,49,88,114,226,272,0,14,44,69,191,251,1,35,44,45,35,21
2019,3,D,발달상권,2120083,등나무근린공원,1229,800,429,0,140,334,297,291,167,0,89,226,190,183,112,0,51,108,107,108,55
2019,3,D,발달상권,2120082,상계백병원,419,146,273,0,55,109,120,85,50,0,10,27,39,45,25,0,45,82,81,40,25
2019,3,D,발달상권,2120081,노원역,1807,582,1225,7,397,358,407,345,293,1,68,108,147,127,131,6,329,250,260,218,162
2019,3,D,발달상권,2120080,마들역,224,66,158,0,41,58,59,39,27,0,4,14,15,16,17,0,37,44,44,23,10
2019,3,D,발달상권,2120079,창동역,1403,870,533,2,149,256,317,329,350,0,40,135,177,224,294,2,109,121,140,105,56
2019,3,D,발달상권,2120078,미아사거리역,316,214,102,0,72,79,69,52,44,0,49,60,49,26,30,0,23,19,20,26,14
2019,3,D,발달상권,2120077,미아역,224,92,132,0,31,43,49,60,41,0,9,9,18,30,26,0,22,34,31,30,15
2019,3,D,발달상권,2120076,수유역,1991,918,1073,5,270,349,410,462,495,1,77,133,182,244,281,4,193,216,228,218,214
2019,3,D,발달상권,2120075,월곡역,398,172,226,0,39,88,105,100,66,0,15,41,40,41,35,0,24,47,65,59,31
2019,3,D,발달상권,2120074,안암역,76,39,37,1,13,25,15,11,11,0,8,16,7,2,6,1,5,9,8,9,5
2019,3,D,발달상권,2120073,미아사거리,334,166,168,8,72,75,72,64,43,8,36,40,40,25,17,0,36,35,32,39,26
2019,3,D,발달상권,2120072,성신여대,1079,509,570,7,175,223,214,262,198,5,49,87,91,140,137,2,126,136,123,122,61
2019,3,D,발달상권,2120071,성북구청,297,144,153,4,84,74,62,43,30,0,29,32,39,24,20,4,55,42,23,19,10
2019,3,D,발달상권,2120070,한성대입구역,531,215,316,3,77,92,92,136,131,2,24,43,37,50,59,1,53,49,55,86,72
2019,3,D,발달상권,2120069,상봉역,988,533,455,0,167,225,266,204,126,0,74,108,144,122,85,0,93,117,122,82,41
2019,3,D,발달상권,2120068,사가정역,1074,635,439,0,41,34,50,165,784,0,13,9,24,109,480,0,28,25,26,56,304
2019,3,D,발달상권,2120067,장안동사거리,2755,1252,1503,12,487,706,686,540,324,9,177,318,273,270,205,3,310,388,413,270,119
2019,3,D,발달상권,2120066,장한평역(장한평),7950,4951,2999,37,1591,1968,1634,1394,1326,1,713,1250,1080,876,1031,36,878,718,554,518,295
2019,3,D,발달상권,2120065,회기역,359,222,137,1,42,56,94,100,66,0,23,35,50,63,51,1,19,21,44,37,15
2019,3,D,발달상권,2120064,경희대학교(경희대),99,37,62,1,17,19,21,18,23,0,11,6,6,6,8,1,6,13,15,12,15
2019,3,D,발달상권,2120063,청량리역(청량리),1329,573,756,2,204,235,267,308,313,2,65,93,105,117,191,0,139,142,162,191,122
2019,3,D,발달상권,2120062,신설동역,12132,4349,7783,10,1295,2691,3377,3320,1439,1,376,1321,1314,857,480,9,919,1370,2063,2463,959
2019,3,D,발달상권,2120061,올림픽대교북단,1289,990,299,1,268,495,384,102,39,0,181,390,331,62,26,1,87,105,53,40,13
2019,3,D,발달상권,2120060,강변역(테크노마트),3922,3103,819,8,364,770,1164,955,661,3,200,590,974,803,533,5,164,180,190,152,128
2019,3,D,발달상권,2120059,구삼강변맛길,3461,1950,1511,5,443,732,649,750,882,3,237,500,440,360,410,2,206,232,209,390,472
2019,3,D,발달상권,2120058,구의사거리,835,472,363,3,90,205,212,225,100,3,35,113,122,117,82,0,55,92,90,108,18
2019,3,D,발달상권,2120057,아차산역,1909,1020,889,10,217,356,496,466,364,4,103,200,267,226,220,6,114,156,229,240,144
2019,3,D,발달상권,2120056,구의역,2472,1337,1135,7,414,555,661,485,350,6,145,272,364,306,244,1,269,283,297,179,106
2019,3,D,발달상권,2120055,군자역,2736,1711,1025,13,496,663,734,496,334,10,268,410,454,321,248,3,228,253,280,175,86
2019,3,D,발달상권,2120054,어린이대공원역,1328,893,435,0,105,185,325,451,262,0,41,114,220,323,195,0,64,71,105,128,67
2019,3,D,발달상권,2120053,건대입구역(건대),996,551,445,4,194,182,190,185,241,0,52,74,112,131,182,4,142,108,78,54,59
2019,3,D,발달상권,2120052,성수역,10719,6473,4246,19,1748,2542,2471,2245,1694,10,839,1541,1576,1279,1228,9,909,1001,895,966,466
2019,3,D,발달상권,2120051,뚝섬역,4039,2467,1572,7,659,905,912,753,803,2,375,573,530,479,508,5,284,332,382,274,295
2019,3,D,발달상권,2120050,서울숲역,336,239,97,0,63,87,82,69,35,0,39,59,60,52,29,0,24,28,22,17,6
2019,3,D,발달상권,2120049,왕십리역(왕십리),1775,1311,464,3,248,327,437,502,258,3,131,215,337,429,196,0,117,112,100,73,62
2019,3,D,발달상권,2120048,금호역,109,39,70,0,19,18,29,30,13,0,3,4,12,12,8,0,16,14,17,18,5
2019,3,D,발달상권,2120047,한남오거리,2379,1560,819,12,338,770,643,363,253,9,140,493,462,275,181,3,198,277,181,88,72
2019,3,D,발달상권,2120046,이태원(이태원역),3781,2142,1639,24,1004,1239,793,416,305,14,502,716,468,249,193,10,502,523,325,167,112
2019,3,D,발달상권,2120045,남영동 먹자골목,3108,711,2397,7,255,540,1129,1085,92,2,82,220,236,135,36,5,173,320,893,950,56
2019,3,D,발달상권,2120044,삼각지역,1437,1028,409,8,258,365,350,304,152,6,152,267,276,225,102,2,106,98,74,79,50
2019,3,D,발달상권,2120043,서울역,22310,15534,6776,49,3576,7659,6149,3721,1156,12,1756,4990,4819,3117,840,37,1820,2669,1330,604,316
2019,3,D,발달상권,2120042,"숙대입구역(남영역, 남영동)",6923,4023,2900,260,2507,2488,1119,417,132,111,1220,1493,796,301,102,149,1287,995,323,116,30
2019,3,D,발달상권,2120041,신용산역(용산역),19932,8205,11727,44,5023,7331,5291,1634,609,10,1868,3113,2092,699,423,34,3155,4218,3199,935,186
2019,3,D,발달상권,2120040,용산전자상가(용산역),8463,6274,2189,48,1496,2998,2425,1003,493,33,958,2238,1885,756,404,15,538,760,540,247,89
2019,3,D,발달상권,2120039,신당역,2152,1110,1042,14,669,474,381,348,266,4,285,225,196,226,174,10,384,249,185,122,92
2019,3,D,발달상권,2120038,약수역,1964,1084,880,6,405,619,456,274,204,0,156,346,281,159,142,6,249,273,175,115,62
2019,3,D,발달상권,2120037,동대문역사문화공원역,35078,16728,18350,281,11501,9054,6754,5254,2234,107,5703,5439,3699,1331,449,174,5798,3615,3055,3923,1785
2019,3,D,발달상권,2120036,장충동족발거리(남소영길),2683,1331,1352,6,676,952,658,277,114,0,140,503,443,182,63,6,536,449,215,95,51
2019,3,D,발달상권,2120035,퇴계로5가,2583,1576,1007,8,647,626,617,448,237,4,264,411,464,285,148,4,383,215,153,163,89
2019,3,D,발달상권,2120034,중구청(퇴계로4가),1432,992,440,7,94,218,396,419,298,5,40,127,265,316,239,2,54,91,131,103,59
2019,3,D,발달상권,2120033,을지로4가역,871,417,454,2,102,193,209,225,140,0,31,85,101,98,102,2,71,108,108,127,38
2019,3,D,발달상권,2120032,충무로역,12399,6014,6385,39,1920,2985,3508,2779,1168,12,682,1605,1765,1215,735,27,1238,1380,1743,1564,433
2019,3,D,발달상권,2120031,을지로3가역,6307,3439,2868,8,718,1601,1656,1287,1037,1,226,758,918,847,689,7,492,843,738,440,348
2019,3,D,발달상권,2120030,중부경찰서(영화인의거리),12987,6608,6379,41,1944,3922,3878,2338,864,12,628,2051,2233,1111,573,29,1316,1871,1645,1227,291
2019,3,D,발달상권,2120029,을지로2가,6686,4392,2294,9,1087,2783,1748,851,208,4,569,1695,1209,742,173,5,518,1088,539,109,35
2019,3,D,발달상권,2120028,명동(명동거리),39835,18213,21622,113,6006,10888,12860,8571,1397,36,2194,3943,5317,5825,898,77,3812,6945,7543,2746,499
2019,3,D,발달상권,2120027,명동역(명동재미로),13978,8093,5885,9,1936,4411,4758,2371,493,4,864,2431,3267,1318,209,5,1072,1980,1491,1053,284
2019,3,D,발달상권,2120026,을지로입구역,37481,22051,15430,47,4967,14511,10965,6325,666,22,1971,7336,7236,5031,455,25,2996,7175,3729,1294,211
2019,3,D,발달상권,2120025,롯데백화점(시청광장 지하쇼핑센터),18157,4889,13268,110,10781,6002,922,242,100,38,2421,1665,534,155,76,72,8360,4337,388,87,24
2019,3,D,발달상권,2120024,회현역,2310,1379,931,1,402,823,594,275,215,0,158,461,402,212,146,1,244,362,192,63,69
2019,3,D,발달상권,2120023,서울시청,9970,5374,4596,11,2063,3281,2717,1383,515,3,758,1688,1617,935,373,8,1305,1593,1100,448,142
2019,3,D,발달상권,2120022,북창동(시청역_6번),6996,3577,3419,21,1087,2240,2039,943,666,2,392,1146,997,583,457,19,695,1094,1042,360,209
2019,3,D,발달상권,2120021,시청역_8번,37604,22586,15018,82,5373,13366,11971,5932,880,15,2042,6611,8028,5178,712,67,3331,6755,3943,754,168
2019,3,D,발달상권,2120020,시청역_1번,10762,7770,2992,28,2007,3225,3191,1965,346,20,1094,2284,2613,1484,275,8,913,941,578,481,71
2019,3,D,발달상권,2120019,경찰청앞교차로,5741,3072,2669,14,855,2149,1647,812,264,3,211,965,1011,648,234,11,644,1184,636,164,30
2019,3,D,발달상권,2120018,중림동,3451,2263,1188,3,562,1148,901,549,288,0,297,694,605,448,219,3,265,454,296,101,69
2019,3,D,발달상권,2120017,동묘앞역(동묘),687,163,524,2,65,152,284,126,58,1,7,33,51,33,38,1,58,119,233,93,20
2019,3,D,발달상권,2120016,동대문역,191,118,73,1,17,31,50,41,51,1,8,18,25,28,38,0,9,13,25,13,13
2019,3,D,발달상권,2120015,종로6가,360,171,189,0,43,73,101,80,63,0,11,24,41,51,44,0,32,49,60,29,19
2019,3,D,발달상권,2120014,종로5가역,3211,2279,932,7,319,1116,1055,501,213,1,129,740,841,408,160,6,190,376,214,93,53
2019,3,D,발달상권,2120013,이화사거리,6083,4117,1966,4,971,1780,1598,1317,413,1,368,1045,1228,1177,298,3,603,735,370,140,115
2019,3,D,발달상권,2120012,대학로(혜화역),2420,1157,1263,5,427,719,605,379,285,2,127,271,323,226,208,3,300,448,282,153,77
2019,3,D,발달상권,2120011,종로4가,2502,1441,1061,1,347,743,690,522,199,0,141,363,400,379,158,1,206,380,290,143,41
2019,3,D,발달상권,2120010,원남동사거리,3381,2278,1103,25,638,1243,780,462,233,1,292,804,596,380,205,24,346,439,184,82,28
2019,3,D,발달상권,2120009,종로3가역,7033,3695,3338,16,992,1747,1598,1422,1258,2,317,810,870,841,855,14,675,937,728,581,403
2019,3,D,발달상권,2120008,인사동,21235,13074,8161,608,7017,5048,4255,2963,1344,316,3559,3191,2999,2191,818,292,3458,1857,1256,772,526
2019,3,D,발달상권,2120007,북촌(안국역),5339,3317,2022,2,687,1543,1563,941,603,1,308,982,1108,586,332,1,379,561,455,355,271
2019,3,D,발달상권,2120006,종각역,25622,15581,10041,14,4145,8676,7207,4624,956,1,1835,4571,4724,3783,667,13,2310,4105,2483,841,289
2019,3,D,발달상권,2120005,삼청동,3076,2804,272,2,350,709,904,830,281,0,283,624,854,788,255,2,67,85,50,42,26
2019,3,D,발달상권,2120004,종로구청,12107,6719,5388,7,1196,3997,4314,2073,520,3,373,1833,2658,1509,343,4,823,2164,1656,564,177
2019,3,D,발달상권,2120003,광화문역,46428,27858,18570,88,7315,15451,12904,7271,3399,20,2595,8124,9074,5702,2343,68,4720,7327,3830,1569,1056
2019,3,D,발달상권,2120002,서촌(경복궁역),2493,1400,1093,21,449,790,627,349,257,0,193,470,373,205,159,21,256,320,254,144,98
2019,3,D,발달상권,2120001,서대문역,1326,912,414,1,186,469,322,271,77,1,61,305,248,234,63,0,125,164,74,37,14
2019,3,A,골목상권,2111090,강일동주민센터,88,38,50,0,10,25,27,21,5,0,4,9,11,11,3,0,6,16,16,10,2
2019,3,A,골목상권,2111089,상일여고(상일초등학교),737,471,266,0,56,116,177,243,145,0,32,65,119,153,102,0,24,51,58,90,43
2019,3,A,골목상권,2111088,고덕동성당,152,81,71,0,24,37,33,39,19,0,8,23,15,21,14,0,16,14,18,18,5
2019,3,A,골목상권,2111087,고덕중학교(고덕2동주민센터),187,102,85,0,28,49,45,41,24,0,9,27,25,25,16,0,19,22,20,16,8
2019,3,A,골목상권,2111086,한영중고,316,209,107,1,23,46,82,111,53,1,14,23,56,72,43,0,9,23,26,39,10
2019,3,A,골목상권,2111085,묘곡초등학교(고덕아이파크아파트),435,284,151,0,59,105,96,104,71,0,33,73,58,73,47,0,26,32,38,31,24
2019,3,A,골목상권,2111084,길동신동아아파트,157,81,76,0,29,34,32,47,15,0,17,24,17,14,9,0,12,10,15,33,6
2019,3,A,골목상권,2111083,GS강동자이아파트,410,246,164,0,43,61,77,115,114,0,27,41,49,59,70,0,16,20,28,56,44
2019,3,A,골목상권,2111082,중앙보훈병원,58,38,20,1,3,7,9,17,21,0,2,3,3,12,18,1,1,4,6,5,3
2019,3,A,골목상권,2111081,둔촌푸르지오아파트,84,53,31,0,11,18,20,18,17,0,5,12,14,7,15,0,6,6,6,11,2
2019,3,A,골목상권,2111080,굽은다리역 3번,499,281,218,0,51,95,115,122,116,0,15,74,73,64,55,0,36,21,42,58,61
2019,3,A,골목상권,2111079,둔촌고등학교(둔촌중학교),4886,2474,2412,0,590,1297,1900,912,187,0,148,683,930,628,85,0,442,614,970,284,102
2019,3,A,골목상권,2111078,굽은다리역 4번,1271,762,509,0,115,251,322,341,242,0,44,142,188,210,178,0,71,109,134,131,64
2019,3,A,골목상권,2111077,길동주민센터(강동도서관),1609,1000,609,4,134,275,317,298,581,2,49,157,185,183,424,2,85,118,132,115,157
2019,3,A,골목상권,2111076,둔촌2동주민센터,272,166,106,0,16,47,70,77,62,0,8,27,46,36,49,0,8,20,24,41,13
2019,3,A,골목상권,2111075,굽은다리역 2번,304,149,155,0,29,63,73,85,54,0,19,36,35,34,25,0,10,27,38,51,29
2019,3,A,골목상권,2111074,명일역 1번,100,47,53,1,13,15,31,17,23,0,6,8,15,7,11,1,7,7,16,10,12
2019,3,A,골목상권,2111073,둔촌동역 1번(한산중학교),1989,1130,859,0,395,717,429,253,195,0,147,393,273,172,145,0,248,324,156,81,50
2019,3,A,골목상권,2111072,굽은다리역 1번(십자성마을),956,519,437,1,63,149,226,288,229,0,21,80,112,151,155,1,42,69,114,137,74
2019,3,A,골목상권,2111071,천동초등학교,73,38,35,1,2,17,21,21,11,1,1,4,10,14,8,0,1,13,11,7,3
2019,3,A,골목상권,2111070,천호초등학교,126,76,50,0,9,26,38,32,21,0,3,14,23,21,15,0,6,12,15,11,6
2019,3,A,골목상권,2111069,천호1동주민센터,94,60,34,0,8,20,18,35,13,0,3,11,13,21,12,0,5,9,5,14,1
2019,3,A,골목상권,2111068,강동성심병원,1512,577,935,0,512,388,263,187,162,0,120,125,101,100,131,0,392,263,162,87,31
2019,3,A,골목상권,2111067,강동구립성내도서관,705,375,330,1,70,159,161,173,141,1,31,95,91,83,74,0,39,64,70,90,67
2019,3,A,골목상권,2111066,암사동성당(효정하나플러스아파트),443,253,190,3,50,100,116,111,63,0,19,44,69,83,38,3,31,56,47,28,25
2019,3,A,골목상권,2111065,천일초등학교,92,44,48,3,9,22,21,27,10,3,5,12,9,7,8,0,4,10,12,20,2
2019,3,A,골목상권,2111064,둔촌동역 4번,149,87,62,0,12,29,43,44,21,0,4,16,28,25,14,0,8,13,15,19,7
2019,3,A,골목상권,2111063,강동구립 천호도서관,281,108,173,0,37,43,93,79,29,0,15,16,26,30,21,0,22,27,67,49,8
2019,3,A,골목상권,2111062,둔촌동역 3번(성내3동주민센터),812,515,297,5,142,234,208,141,82,5,69,148,134,97,62,0,73,86,74,44,20
2019,3,A,골목상권,2111061,암사역 1번,845,590,255,1,166,209,195,175,99,1,96,152,137,125,79,0,70,57,58,50,20
2019,3,A,골목상권,2111060,암사역 2번(서울강동초등학교),894,493,401,1,119,213,241,201,119,1,52,103,142,115,80,0,67,110,99,86,39
2019,3,A,골목상권,2111059,강동역 4번(강풀만화거리),6891,3658,3233,77,1720,2053,2235,600,206,2,707,1004,1430,396,119,75,1013,1049,805,204,87
2019,3,A,골목상권,2111058,성내중학교,368,275,93,0,48,72,107,97,44,0,36,49,81,74,35,0,12,23,26,23,9
2019,3,A,골목상권,2111057,천호공원(해공체육문화센터),239,97,142,0,45,48,64,56,26,0,8,15,29,28,17,0,37,33,35,28,9
2019,3,A,골목상권,2111056,천호태영아파트,758,568,190,0,112,321,227,85,13,0,54,250,180,75,9,0,58,71,47,10,4
2019,3,A,골목상권,2111055,선사초등학교,683,52,631,0,18,34,133,374,124,0,9,12,9,6,16,0,9,22,124,368,108
2019,3,A,골목상권,2111054,암사역 4번(삼성광나루아파트),127,50,77,0,20,21,28,14,44,0,6,11,13,6,14,0,14,10,15,8,30
2019,3,A,골목상권,2111053,성내천어린이공원(하니사랑길),2254,1250,1004,2,301,492,578,572,309,1,144,303,343,264,195,1,157,189,235,308,114
2019,3,A,골목상권,2111052,암사역 3번(천호동자전거거리),372,237,135,0,26,73,133,88,52,0,12,47,88,52,38,0,14,26,45,36,14
2019,3,A,골목상권,2111051,천호역 6번,566,345,221,1,78,137,143,122,85,1,40,82,86,78,58,0,38,55,57,44,27
2019,3,A,골목상권,2111050,강동구청(강동구청역 2번),141,91,50,0,23,35,33,22,28,0,10,22,19,15,25,0,13,13,14,7,3
2019,3,A,골목상권,2111049,천호지구대(천호동자전거거리),525,298,227,0,72,94,108,122,129,0,35,52,49,73,89,0,37,42,59,49,40
2019,3,A,골목상권,2111048,천호역 1번(천호문구완구거리),186,97,89,1,12,42,53,44,34,0,4,16,29,25,23,1,8,26,24,19,11
2019,3,A,골목상권,2111047,마천1치안센터,121,80,41,0,9,16,43,36,17,0,6,11,26,25,12,0,3,5,17,11,5
2019,3,A,골목상권,2111046,마천역(마천초등학교),695,391,304,0,63,127,166,205,134,0,33,73,87,98,100,0,30,54,79,107,34
2019,3,A,골목상권,2111045,개미어린이공원,59,29,30,0,5,14,17,16,7,0,2,3,7,11,6,0,3,11,10,5,1
2019,3,A,골목상권,2111044,남천초등학교,594,286,308,0,97,149,175,127,46,0,39,75,81,57,34,0,58,74,94,70,12
2019,3,A,골목상권,2111043,마천공원,74,34,40,0,3,12,20,24,15,0,1,6,7,10,10,0,2,6,13,14,5
2019,3,A,골목상권,2111042,거여역 1번(거여공원),1576,839,737,6,351,436,404,282,97,5,124,202,257,194,57,1,227,234,147,88,40
2019,3,A,골목상권,2111041,거여역 8번,403,344,59,1,81,115,90,69,47,1,75,99,71,55,43,0,6,16,19,14,4
2019,3,A,골목상권,2111040,거여초등학교,380,188,192,0,23,98,142,81,36,0,8,39,72,43,26,0,15,59,70,38,10
2019,3,A,골목상권,2111039,벌말어린이공원,578,427,151,8,101,146,148,110,65,8,60,107,117,83,52,0,41,39,31,27,13
2019,3,A,골목상권,2111038,보인중학교,556,355,201,0,34,101,153,166,102,0,16,56,111,112,60,0,18,45,42,54,42
2019,3,A,골목상권,2111037,Sh수협은행 오금동금융센터(아랫말어린이공원),368,274,94,0,42,113,100,63,50,0,31,91,75,34,43,0,11,22,25,29,7
2019,3,A,골목상권,2111036,투구봉어린이공원,475,257,218,7,155,117,74,76,46,0,66,70,35,45,41,7,89,47,39,31,5
2019,3,A,골목상권,2111035,오금공원(오주중학교),676,502,174,0,74,142,177,162,121,0,51,110,143,110,88,0,23,32,34,52,33
2019,3,A,골목상권,2111034,오동나무공원(송파레미니스1단지),1703,1232,471,2,214,386,446,433,222,2,128,249,349,326,178,0,86,137,97,107,44
2019,3,A,골목상권,2111033,문정동성당,100,51,49,0,8,5,21,24,42,0,6,2,10,16,17,0,2,3,11,8,25
2019,3,A,골목상권,2111032,방이역 1번,1978,1352,626,0,145,254,522,454,603,0,63,156,343,317,473,0,82,98,179,137,130
2019,3,A,골목상권,2111031,장지동주민센터(한림연예예술고교),3115,2248,867,4,252,402,629,824,1004,1,151,308,476,605,707,3,101,94,153,219,297
2019,3,A,골목상권,2111030,방이역 2번,651,361,290,2,78,149,154,176,92,0,37,97,90,82,55,2,41,52,64,94,37
2019,3,A,골목상권,2111029,오금역 4번,555,367,188,1,152,134,111,82,75,0,94,90,69,56,58,1,58,44,42,26,17
2019,3,A,골목상권,2111028,문현중학교(장지역 1번),575,297,278,3,63,80,172,156,101,0,30,43,82,78,64,3,33,37,90,78,37
2019,3,A,골목상권,2111027,문정초등학교,1517,904,613,4,162,302,339,237,473,2,70,178,218,143,293,2,92,124,121,94,180
2019,3,A,골목상권,2111026,문정역 2번,1913,1221,692,3,261,456,488,443,262,1,152,310,319,233,206,2,109,146,169,210,56
2019,3,A,골목상권,2111025,경찰병원역 3번,708,430,278,2,82,181,150,149,144,0,45,117,104,78,86,2,37,64,46,71,58
2019,3,A,골목상권,2111024,경찰병원역 4번(건너말공원),235,135,100,0,20,58,60,71,26,0,9,34,42,35,15,0,11,24,18,36,11
2019,3,A,골목상권,2111023,문정역 1번,887,528,359,2,113,183,235,210,144,0,72,128,160,98,70,2,41,55,75,112,74
2019,3,A,골목상권,2111022,석촌중학교(방이육교),514,287,227,1,53,133,145,121,61,1,32,88,73,60,33,0,21,45,72,61,28
2019,3,A,골목상권,2111021,방이역 4번,8241,5658,2583,17,1070,1551,2089,2024,1490,9,401,932,1435,1627,1254,8,669,619,654,397,236
2019,3,A,골목상권,2111020,방이동고분군(방산고등학교),317,232,85,1,19,90,92,56,59,0,8,68,65,46,45,1,11,22,27,10,14
2019,3,A,골목상권,2111019,한성백제역 3번,2052,1294,758,4,295,577,589,370,217,4,173,381,377,208,151,0,122,196,212,162,66
2019,3,A,골목상권,2111018,풍납초등학교(풍납백제문화공원),29,26,3,0,2,6,13,4,4,0,2,5,11,4,4,0,0,1,2,0,0
2019,3,A,골목상권,2111017,송파나루역 3번,842,585,257,3,357,221,111,88,62,3,246,148,73,63,52,0,111,73,38,25,10
2019,3,A,골목상권,2111016,송파역 2번,3805,1593,2212,14,1061,1111,809,645,165,8,358,527,452,181,67,6,703,584,357,464,98
2019,3,A,골목상권,2111015,석촌역 3번,1454,790,664,2,159,360,377,349,207,2,68,213,222,178,107,0,91,147,155,171,100
2019,3,A,골목상권,2111014,송파나루역 2번,504,274,230,1,43,84,106,180,90,1,14,51,70,80,58,0,29,33,36,100,32
2019,3,A,골목상권,2111013,송파나루역 1번(송리단길),6621,3442,3179,53,1917,1810,1422,1041,378,22,761,1080,948,403,228,31,1156,730,474,638,150
2019,3,A,골목상권,2111012,석촌역 6번,768,391,377,3,95,140,209,182,139,2,30,65,104,104,86,1,65,75,105,78,53
2019,3,A,골목상권,2111011,잠실나루역,9493,7624,1869,10,1167,2952,2810,2105,449,8,838,2423,2307,1703,345,2,329,529,503,402,104
2019,3,A,골목상권,2111010,석촌역 7번,2456,1640,816,0,379,820,538,408,311,0,172,549,387,276,256,0,207,271,151,132,55
2019,3,A,골목상권,2111009,송파책박물관,133,92,41,1,17,33,28,27,27,0,14,27,17,15,19,1,3,6,11,12,8
2019,3,A,골목상권,2111008,석촌고분역 3번,1565,1106,459,0,178,293,311,399,384,0,132,227,212,241,294,0,46,66,99,158,90
2019,3,A,골목상권,2111007,석촌고분역 4번,926,493,433,3,103,240,240,223,117,2,37,137,144,105,68,1,66,103,96,118,49
2019,3,A,골목상권,2111006,석촌고분역 1번,1085,675,410,0,103,264,300,241,177,0,46,151,205,146,127,0,57,113,95,95,50
2019,3,A,골목상권,2111005,삼전역 3번,1118,772,346,0,118,207,269,303,221,0,49,134,177,220,192,0,69,73,92,83,29
2019,3,A,골목상권,2111004,삼전역 1번,2227,1466,761,8,283,494,550,374,518,0,117,303,365,253,428,8,166,191,185,121,90
2019,3,A,골목상권,2111003,삼전역 4번,2467,1642,825,7,276,547,690,567,380,4,168,360,449,380,281,3,108,187,241,187,99
2019,3,A,골목상권,2111002,한국교통안전공단 강남자동차검사소,250,89,161,0,7,45,64,70,64,0,3,24,17,19,26,0,4,21,47,51,38
2019,3,A,골목상권,2111001,아래방죽마을공원(율현초등학교),65,43,22,0,1,11,15,20,18,0,0,8,13,12,10,0,1,3,2,8,8
2019,3,A,골목상권,2111000,대왕초등학교(세곡동사거리서남측),48,26,22,0,8,11,19,8,2,0,1,5,14,4,2,0,7,6,5,4,0
2019,3,A,골목상권,2110999,윗방죽마을공원,256,118,138,0,19,34,45,81,77,0,11,20,27,36,24,0,8,14,18,45,53
2019,3,A,골목상권,2110998,은곡마을(은곡마을공원),57,34,23,0,8,18,18,6,7,0,3,8,13,5,5,0,5,10,5,1,2
2019,3,A,골목상권,2110997,대청초등학교,1452,895,557,1,162,219,345,361,364,0,94,149,209,223,220,1,68,70,136,138,144
2019,3,A,골목상권,2110996,대치2동주민센터,2169,1385,784,2,117,353,426,358,913,1,66,265,348,250,455,1,51,88,78,108,458
2019,3,A,골목상권,2110995,봉은사역 4번,5681,4027,1654,9,983,2287,1396,745,261,3,514,1706,1068,561,175,6,469,581,328,184,86
2019,3,A,골목상권,2110994,개포고등학교,587,433,154,9,86,188,143,117,44,6,53,151,118,77,28,3,33,37,25,40,16
2019,3,A,골목상권,2110993,개포지하차도 북측,68,52,16,0,4,10,16,23,15,0,3,8,14,18,9,0,1,2,2,5,6
2019,3,A,골목상권,2110992,도곡초등학교,2141,1132,1009,4,270,433,487,491,456,1,104,239,254,251,283,3,166,194,233,240,173
2019,3,A,골목상권,2110991,삼성중앙역 5번,1265,873,392,0,103,378,347,301,136,0,37,251,247,236,102,0,66,127,100,65,34
2019,3,A,골목상권,2110990,청담역 12번,70,33,37,1,11,18,16,17,7,0,5,6,10,8,4,1,6,12,6,9,3
2019,3,A,골목상권,2110989,대치동아우편취급국,633,421,212,10,103,222,140,97,61,3,47,161,102,62,46,7,56,61,38,35,15
2019,3,A,골목상권,2110988,청담역 3번,12503,9776,2727,5,2177,5086,3513,1417,305,4,1324,3854,3031,1300,263,1,853,1232,482,117,42
2019,3,A,골목상권,2110987,영동대교남단,604,265,339,5,143,165,105,100,86,4,60,69,53,33,46,1,83,96,52,67,40
2019,3,A,골목상권,2110986,삼성중앙역 7번,112,72,40,0,14,19,42,27,10,0,8,7,29,19,9,0,6,12,13,8,1
2019,3,A,골목상권,2110985,청담근린공원,1572,931,641,0,170,459,439,367,137,0,79,352,265,149,86,0,91,107,174,218,51
2019,3,A,골목상권,2110984,포이초등학교(개포목련어린이공원),1368,943,425,0,140,287,295,312,334,0,77,200,199,222,245,0,63,87,96,90,89
2019,3,A,골목상권,2110983,국립국악고등학교,783,544,239,6,115,220,130,146,166,1,46,154,94,107,142,5,69,66,36,39,24
2019,3,A,골목상권,2110982,강남구보훈회관,163,66,97,0,30,31,45,38,19,0,3,12,24,14,13,0,27,19,21,24,6
2019,3,A,골목상권,2110981,국악고교사거리,509,292,217,1,74,109,142,128,55,1,35,64,81,72,39,0,39,45,61,56,16
2019,3,A,골목상권,2110980,개포지구대옆,971,728,243,4,164,351,262,113,77,2,97,263,225,73,68,2,67,88,37,40,9
2019,3,A,골목상권,2110979,청담초등학교,3056,1795,1261,4,575,905,747,561,264,4,236,544,494,317,200,0,339,361,253,244,64
2019,3,A,골목상권,2110978,도곡2동주민센터(대치중학교),364,207,157,1,58,75,75,113,42,0,22,43,48,65,29,1,36,32,27,48,13
2019,3,A,골목상권,2110977,논현로18길,195,133,62,2,48,47,48,32,18,1,36,30,34,19,13,1,12,17,14,13,5
2019,3,A,골목상권,2110976,언북초등학교,527,307,220,2,89,145,128,97,66,0,34,88,85,58,42,2,55,57,43,39,24
2019,3,A,골목상권,2110975,매봉역 1번,10316,6685,3631,23,1661,2145,3198,3073,216,14,785,1132,2188,2422,144,9,876,1013,1010,651,72
2019,3,A,골목상권,2110974,언주중학교,274,174,100,6,40,58,88,54,28,6,17,33,64,37,17,0,23,25,24,17,11
2019,3,A,골목상권,2110973,강남구청역 4번,1699,970,729,5,236,341,348,366,403,2,116,184,203,206,259,3,120,157,145,160,144
2019,3,A,골목상권,2110972,강남세브란스병원미래의학연구센터,2899,1550,1349,25,710,758,665,602,139,10,284,469,440,273,74,15,426,289,225,329,65
2019,3,A,골목상권,2110971,선정릉역 4번,1732,982,750,8,335,496,440,278,175,5,135,276,294,143,129,3,200,220,146,135,46
2019,3,A,골목상권,2110970,학동초등학교,528,341,187,2,101,152,129,77,67,0,51,83,85,67,55,2,50,69,44,10,12
2019,3,A,골목상권,2110969,베르사이유1아파트,1401,1076,325,3,205,393,419,276,105,3,137,272,355,231,78,0,68,121,64,45,27
2019,3,A,골목상권,2110968,강남구청역 2번,833,477,356,4,296,173,119,105,136,3,152,98,72,69,83,1,144,75,47,36,53
2019,3,A,골목상권,2110967,역삼역 8번,415,250,165,0,75,107,97,90,46,0,28,58,73,57,34,0,47,49,24,33,12
2019,3,A,골목상권,2110966,논현2동주민센터,1675,998,677,15,430,562,337,204,127,9,223,309,221,136,100,6,207,253,116,68,27
2019,3,A,골목상권,2110965,언주역 6번,989,693,296,0,111,337,342,134,65,0,71,253,257,62,50,0,40,84,85,72,15
2019,3,A,골목상권,2110964,싸리고개근린공원,596,386,210,1,76,158,225,97,39,1,39,89,148,80,29,0,37,69,77,17,10
2019,3,A,골목상권,2110963,역삼월드메르디앙아파트,837,583,254,1,131,201,242,167,95,0,83,154,184,105,57,1,48,47,58,62,38
2019,3,A,골목상권,2110962,도산공원북측,594,502,92,0,73,92,247,148,34,0,45,79,225,131,22,0,28,13,22,17,12
2019,3,A,골목상권,2110961,언주역 3번,1149,794,355,2,224,367,283,162,111,2,108,246,219,128,91,0,116,121,64,34,20
2019,3,A,골목상권,2110960,은광여고,1518,690,828,3,194,262,368,504,187,1,50,114,182,214,129,2,144,148,186,290,58
2019,3,A,골목상권,2110959,신구중학교,436,259,177,0,92,145,95,73,31,0,50,98,62,30,19,0,42,47,33,43,12
2019,3,A,골목상권,2110958,역삼역 4번,1055,657,398,4,211,333,261,176,70,3,86,196,197,125,50,1,125,137,64,51,20
2019,3,A,골목상권,2110957,언북중학교,1411,925,486,2,283,448,373,162,143,1,139,285,266,119,115,1,144,163,107,43,28
2019,3,A,골목상권,2110956,언주역 8번,679,452,227,1,217,155,135,85,86,0,110,106,108,66,62,1,107,49,27,19,24
2019,3,A,골목상권,2110955,논현초등학교,3400,2245,1155,23,643,793,841,638,462,18,380,562,589,398,298,5,263,231,252,240,164
2019,3,A,골목상권,2110954,국기원,800,574,226,3,155,249,255,100,38,1,78,169,206,84,36,2,77,80,49,16,2
2019,3,A,골목상권,2110953,학동근린공원,2707,1690,1017,18,759,931,625,243,131,0,353,594,441,204,98,18,406,337,184,39,33
2019,3,A,골목상권,2110952,논현목련공원,187,113,74,0,35,35,32,40,45,0,18,23,19,22,31,0,17,12,13,18,14
2019,3,A,골목상권,2110951,신사은행나무공원,453,173,280,0,108,156,107,62,20,0,41,60,36,23,13,0,67,96,71,39,7
2019,3,A,골목상권,2110950,논현역 7번,2750,1786,964,1,662,1258,515,232,82,0,319,846,387,172,62,1,343,412,128,60,20
2019,3,A,골목상권,2110949,한남IC,1549,1118,431,8,266,535,399,275,66,1,112,395,317,240,53,7,154,140,82,35,13
2019,3,A,골목상권,2110947,청계산입구역 2번(내곡동주민센터),83,53,30,0,10,15,14,26,18,0,4,8,9,19,13,0,6,7,5,7,5
2019,3,A,골목상권,2110946,청계산원터골,38,21,17,0,2,5,8,12,11,0,2,3,6,2,8,0,0,2,2,10,3
2019,3,A,골목상권,2110945,본마을노인복지센터(서초구립내곡도서관),163,95,68,2,30,47,30,36,18,2,6,28,21,26,12,0,24,19,9,10,6
2019,3,A,골목상권,2110944,서울나래학교(염곡어린이공원),1240,859,381,10,151,300,280,253,246,8,111,224,204,166,146,2,40,76,76,87,100
2019,3,A,골목상권,2110943,법제교육센터(버들어린이공원),1214,639,575,1,75,186,372,354,226,1,40,123,164,154,157,0,35,63,208,200,69
2019,3,A,골목상권,2110942,염곡동 구룡사(포이동성당),3385,2205,1180,9,567,941,766,664,438,5,361,653,498,416,272,4,206,288,268,248,166
2019,3,A,골목상권,2110941,언남고등학교,312,192,120,1,33,74,104,62,38,0,15,44,63,40,30,1,18,30,41,22,8
2019,3,A,골목상권,2110940,양재근린공원(양재2동주민센터),877,602,275,3,137,291,202,145,99,3,76,202,144,98,79,0,61,89,58,47,20
2019,3,A,골목상권,2110939,양재역 8번(양재동우체국),7037,4538,2499,10,1327,2079,1710,1105,806,2,621,1350,1214,687,664,8,706,729,496,418,142
2019,3,A,골목상권,2110938,바우뫼공원,1165,903,262,0,153,375,325,198,114,0,97,291,261,158,96,0,56,84,64,40,18
2019,3,A,골목상권,2110937,방아다리근린공원(횃불트리니티신학대학원대학교),2831,1404,1427,6,673,1009,642,379,122,6,237,546,387,151,77,0,436,463,255,228,45
2019,3,A,골목상권,2110936,더케이호텔(양재리본타워2단지아파트),873,592,281,0,105,261,240,186,81,0,51,156,182,139,64,0,54,105,58,47,17
2019,3,A,골목상권,2110935,한전아트센터,445,314,131,2,83,111,115,87,47,2,51,85,86,59,31,0,32,26,29,28,16
2019,3,A,골목상권,2110934,우면주공아파트,1179,687,492,1,199,375,334,174,96,0,67,223,226,102,69,1,132,152,108,72,27
2019,3,A,골목상권,2110933,한국상담대학원대학교,777,111,666,1,354,198,114,73,37,1,14,34,33,12,17,0,340,164,81,61,20
2019,3,A,골목상권,2110932,서울시인재개발원,836,621,215,1,162,304,221,97,51,0,94,224,181,78,44,1,68,80,40,19,7
2019,3,A,골목상권,2110931,삼성전자서울R&D(서울우면초등학교),132,60,72,0,46,48,21,10,7,0,8,26,11,9,6,0,38,22,10,1,1
2019,3,A,골목상권,2110930,서초동성당,3130,2542,588,6,406,1081,938,545,154,3,250,820,827,509,133,3,156,261,111,36,21
2019,3,A,골목상권,2110929,남부터미널역 1번,3840,2313,1527,14,638,1187,1065,617,319,1,250,719,751,379,213,13,388,468,314,238,106
2019,3,A,골목상권,2110928,서초우방유쉘아파트,657,516,141,0,82,119,133,218,105,0,37,78,109,196,96,0,45,41,24,22,9
2019,3,A,골목상권,2110927,잠원역,1050,840,210,2,115,461,285,140,47,2,100,330,242,122,44,0,15,131,43,18,3
2019,3,A,골목상권,2110926,신중초등학교,1504,1104,400,4,175,340,431,354,200,1,97,247,328,283,148,3,78,93,103,71,52
2019,3,A,골목상권,2110925,서초중학교,984,549,435,3,121,165,277,234,184,1,43,75,160,142,128,2,78,90,117,92,56
2019,3,A,골목상권,2110924,반포4동주민센터(몽마르뜨공원),1429,954,475,2,202,328,430,328,139,0,86,202,306,255,105,2,116,126,124,73,34
2019,3,A,골목상권,2110923,방배역 1번,204,154,50,0,31,52,52,41,28,0,18,40,40,35,21,0,13,12,12,6,7
2019,3,A,골목상권,2110922,내방역 1번,332,218,114,1,41,98,90,64,38,0,18,59,65,47,29,1,23,39,25,17,9
2019,3,A,골목상권,2110921,서울프랑스학교,470,287,183,3,38,58,92,137,142,1,18,32,54,88,94,2,20,26,38,49,48
2019,3,A,골목상권,2110920,방배역 2번(백석예술대학교),319,186,133,0,13,44,114,104,44,0,6,25,59,62,34,0,7,19,55,42,10
2019,3,A,골목상권,2110919,내방역 8번,2031,1585,446,1,150,330,501,627,422,0,61,190,415,551,368,1,89,140,86,76,54
2019,3,A,골목상권,2110918,방배역 3번,919,590,329,0,127,180,242,196,174,0,74,114,162,123,117,0,53,66,80,73,57
2019,3,A,골목상권,2110917,서초소방서,1664,1025,639,4,173,472,445,385,185,2,76,304,323,194,126,2,97,168,122,191,59
2019,3,A,골목상권,2110916,내방역 4번,1105,600,505,11,216,248,287,201,142,9,66,148,191,102,84,2,150,100,96,99,58
2019,3,A,골목상권,2110915,서래초등학교,2170,1655,515,12,319,717,737,285,100,10,215,519,585,241,85,2,104,198,152,44,15
2019,3,A,골목상권,2110914,내방역 6번,119,89,30,0,27,32,30,16,14,0,18,24,23,14,10,0,9,8,7,2,4
2019,3,A,골목상권,2110913,방현초등학교(방배119안전센터),2753,1698,1055,8,449,866,766,443,221,7,191,507,510,306,177,1,258,359,256,137,44
2019,3,A,골목상권,2110912,방배동사이길,196,114,82,1,33,47,44,44,27,0,15,28,33,21,17,1,18,19,11,23,10
2019,3,A,골목상권,2110911,방배배수지체육공원,15,13,2,0,6,2,4,2,1,0,6,2,3,1,1,0,0,0,1,1,0
2019,3,A,골목상권,2110910,내방역 5번,649,246,403,5,82,147,169,165,81,2,19,49,64,59,53,3,63,98,105,106,28
2019,3,A,골목상권,2110909,남태령역(서울전자고등학교),206,145,61,0,22,40,40,50,54,0,6,25,29,39,46,0,16,15,11,11,8
2019,3,A,골목상권,2110908,구반포역,1489,328,1161,0,50,114,400,792,133,0,28,59,70,112,59,0,22,55,330,680,74
2019,3,A,골목상권,2110907,방배초등학교,818,530,288,6,123,177,223,152,137,3,56,113,136,111,111,3,67,64,87,41,26
2019,3,A,골목상권,2110906,서문여고,340,194,146,1,38,72,83,83,63,0,18,38,45,48,45,1,20,34,38,35,18
2019,3,A,골목상권,2110905,방배노인종합복지관(이수중학교),361,221,140,0,54,85,93,75,54,0,28,46,56,49,42,0,26,39,37,26,12
2019,3,A,골목상권,2110904,이수역 5번,855,496,359,3,167,227,250,130,78,1,88,136,142,61,68,2,79,91,108,69,10
2019,3,A,골목상권,2110903,방배아이파크아파트,7292,2681,4611,7,1151,1800,2520,1382,432,2,300,618,972,606,183,5,851,1182,1548,776,249
2019,3,A,골목상권,2110902,사당역 4번,1753,1147,606,0,270,435,410,328,310,0,141,296,282,220,208,0,129,139,128,108,102
2019,3,A,골목상권,2110901,인헌고등학교(인헌중학교),350,215,135,0,78,96,97,52,27,0,44,66,58,29,18,0,34,30,39,23,9
2019,3,A,골목상권,2110900,낙성대역 1번(관악구민 종합체육센터),582,348,234,1,116,171,146,103,45,1,69,101,93,59,25,0,47,70,53,44,20
2019,3,A,골목상권,2110899,낙성대역 5번(관악중학교),604,377,227,0,112,157,165,118,52,0,62,114,98,66,37,0,50,43,67,52,15
2019,3,A,골목상권,2110898,청림동주민센터(상도중학교),64,25,39,0,15,13,14,13,9,0,5,2,7,6,5,0,10,11,7,7,4
2019,3,A,골목상권,2110897,서울대입구역 8번,283,168,115,1,24,69,94,64,31,0,9,39,50,42,28,1,15,30,44,22,3
2019,3,A,골목상권,2110896,관악우성아파트,207,47,160,0,40,39,41,53,34,0,4,9,9,11,14,0,36,30,32,42,20
2019,3,A,골목상권,2110895,샤로수길,1188,716,472,2,182,253,304,262,185,1,94,143,178,165,135,1,88,110,126,97,50
2019,3,A,골목상권,2110894,관악동부센트레빌아파트(은천로35라길),14,4,10,0,1,2,2,5,4,0,0,0,1,1,2,0,1,2,1,4,2
2019,3,A,골목상권,2110893,관악소방서(문영여고),356,301,55,0,38,114,64,112,28,0,28,96,55,97,25,0,10,18,9,15,3
2019,3,A,골목상권,2110892,관악구 중앙길,550,290,260,0,65,90,135,134,126,0,22,44,74,78,72,0,43,46,61,56,54
2019,3,A,골목상권,2110891,구암초등학교,64,33,31,0,4,3,29,23,5,0,1,2,14,12,4,0,3,1,15,11,1
2019,3,A,골목상권,2110890,봉천역 1번(관악초등학교),146,105,41,0,12,21,61,42,10,0,4,17,42,34,8,0,8,4,19,8,2
2019,3,A,골목상권,2110889,봉천역 6번,186,114,72,0,38,41,68,23,16,0,18,24,48,15,9,0,20,17,20,8,7
2019,3,A,골목상권,2110888,청룡동주민센터,45,19,26,0,7,9,14,6,9,0,3,3,6,1,6,0,4,6,8,5,3
2019,3,A,골목상권,2110887,서울산업정보학교(서울삼성초등학교),27,13,14,0,1,6,10,8,2,0,0,0,5,7,1,0,1,6,5,1,1
2019,3,A,골목상권,2110886,관악해태어린이공원,190,109,81,1,31,54,46,35,23,1,15,33,26,22,12,0,16,21,20,13,11
2019,3,A,골목상권,2110885,영락고등학교,334,178,156,0,17,38,74,114,91,0,4,22,46,62,44,0,13,16,28,52,47
2019,3,A,골목상권,2110884,봉천역 4번(봉천110안전센터),453,329,124,1,17,42,58,111,224,0,1,18,45,92,173,1,16,24,13,19,51
2019,3,A,골목상권,2110883,은천초등학교(은천교앞),211,123,88,0,15,40,79,48,29,0,8,19,47,30,19,0,7,21,32,18,10
2019,3,A,골목상권,2110882,신성초등학교,937,626,311,0,105,160,251,210,211,0,53,86,149,155,183,0,52,74,102,55,28
2019,3,A,골목상권,2110881,구립대학경로당(관악산샘말공원),1548,1227,321,0,273,449,464,256,106,0,186,356,390,217,78,0,87,93,74,39,28
2019,3,A,골목상권,2110880,신림역 1번,114,76,38,0,37,35,29,7,6,0,28,25,19,3,1,0,9,10,10,4,5
2019,3,A,골목상권,2110879,신림현대아파트,28,11,17,0,5,4,6,8,5,0,1,2,3,3,2,0,4,2,3,5,3
2019,3,A,골목상권,2110878,미림여고,281,185,96,0,30,103,79,50,19,0,14,65,66,25,15,0,16,38,13,25,4
2019,3,A,골목상권,2110877,신림역 8번,403,212,191,2,55,94,99,86,67,0,26,55,47,41,43,2,29,39,52,45,24
2019,3,A,골목상권,2110876,서원동주민센터(신관중학교),57,26,31,0,8,9,19,13,8,0,2,2,9,7,6,0,6,7,10,6,2
2019,3,A,골목상권,2110875,보라매동주민센터(당곡고등학교),31,22,9,0,2,2,9,13,5,0,2,2,5,9,4,0,0,0,4,4,1
2019,3,A,골목상권,2110874,원신초등학교(구세군관악영문교회),29,16,13,1,0,4,7,11,6,1,0,4,5,5,1,0,0,0,2,6,5
2019,3,A,골목상권,2110873,당곡중학교,400,151,249,0,31,59,94,136,80,0,11,28,33,48,31,0,20,31,61,88,49
2019,3,A,골목상권,2110872,신림초등학교,211,147,64,4,38,35,45,56,33,4,30,26,35,40,12,0,8,9,10,16,21
2019,3,A,골목상권,2110871,신원동주민센터,171,113,58,0,14,39,47,39,32,0,9,23,31,29,21,0,5,16,16,10,11
2019,3,A,골목상권,2110869,"신림역 5번(신림동주민센터, 신림동별빛거리)",1051,660,391,1,138,155,226,203,328,1,52,76,125,136,270,0,86,79,101,67,58
2019,3,A,골목상권,2110868,남부초등학교,245,138,107,0,23,38,52,44,88,0,15,25,28,24,46,0,8,13,24,20,42
2019,3,A,골목상권,2110867,국제신학대학원대학교(남서울중학교),183,96,87,0,11,51,46,52,23,0,2,25,25,28,16,0,9,26,21,24,7
2019,3,A,골목상권,2110866,난우중학교,168,92,76,0,14,38,34,62,20,0,11,20,12,33,16,0,3,18,22,29,4
2019,3,A,골목상권,2110865,남강고등학교(남강중학교),447,198,249,2,77,105,111,105,47,1,19,50,54,44,30,1,58,55,57,61,17
2019,3,A,골목상권,2110864,신림우방아파트,235,164,71,0,31,42,49,64,49,0,19,27,33,49,36,0,12,15,16,15,13
2019,3,A,골목상권,2110863,난우초등학교,277,148,129,3,38,56,47,74,59,3,20,29,27,32,37,0,18,27,20,42,22
2019,3,A,골목상권,2110862,난곡초등학교(난곡동벽화마을),78,37,41,0,4,10,14,33,17,0,3,5,10,14,5,0,1,5,4,19,12
2019,3,A,골목상권,2110861,관악구신사동주민센터,918,510,408,3,140,230,193,225,127,2,59,145,117,114,73,1,81,85,76,111,54
2019,3,A,골목상권,2110860,호림박물관(성보고등학교),750,487,263,0,86,175,153,216,120,0,54,130,96,122,85,0,32,45,57,94,35
2019,3,A,골목상권,2110859,난향초등학교,675,304,371,0,302,209,59,57,48,0,79,114,40,34,37,0,223,95,19,23,11
2019,3,A,골목상권,2110858,신대방역 1번,91,50,41,0,9,16,25,8,33,0,2,6,11,3,28,0,7,10,14,5,5
2019,3,A,골목상권,2110857,미성동주민센터,432,228,204,13,54,61,78,101,125,12,30,42,46,42,56,1,24,19,32,59,69
2019,3,A,골목상권,2110856,미성초등학교,589,308,281,3,97,101,165,147,76,2,46,56,86,70,48,1,51,45,79,77,28
2019,3,A,골목상권,2110855,신대방역 2번,694,439,255,3,87,181,196,133,94,0,29,123,145,82,60,3,58,58,51,51,34
2019,3,A,골목상권,2110854,조원동주민센터,55,40,15,0,5,9,13,22,6,0,3,8,8,16,5,0,2,1,5,6,1
2019,3,A,골목상권,2110853,KT구로지사,240,139,101,0,35,57,71,50,27,0,19,31,48,25,16,0,16,26,23,25,11
2019,3,A,골목상권,2110852,이수역 9번,185,125,60,0,18,44,45,36,42,0,11,31,28,20,35,0,7,13,17,16,7
2019,3,A,골목상권,2110851,경문고등학교(동작동성당),477,196,281,0,70,119,147,112,29,0,21,37,62,61,15,0,49,82,85,51,14
2019,3,A,골목상권,2110850,사당역 10번,900,612,288,1,103,167,179,159,291,0,43,93,128,115,233,1,60,74,51,44,58
2019,3,A,골목상권,2110849,이수역 10번,225,129,96,0,28,55,57,47,38,0,10,34,36,24,25,0,18,21,21,23,13
2019,3,A,골목상권,2110848,양지어린이공원,602,402,200,0,40,98,187,175,102,0,10,50,120,133,89,0,30,48,67,42,13
2019,3,A,골목상권,2110847,예술인마을,720,433,287,4,106,180,236,128,66,2,58,94,158,67,54,2,48,86,78,61,12
2019,3,A,골목상권,2110846,남성역 1번,464,259,205,1,57,127,130,90,59,0,22,62,77,49,49,1,35,65,53,41,10
2019,3,A,골목상권,2110845,사당종합체육관,163,102,61,0,13,36,55,39,20,0,6,27,33,22,14,0,7,9,22,17,6
2019,3,A,골목상권,2110844,흑석2치안센터,11,8,3,0,1,2,4,1,3,0,1,2,2,1,2,0,0,0,2,0,1
2019,3,A,골목상권,2110843,사당5동주민센터,221,159,62,0,34,38,56,58,35,0,17,28,40,46,28,0,17,10,16,12,7
2019,3,A,골목상권,2110842,흑리단길,37,14,23,0,4,5,12,10,6,0,1,1,5,3,4,0,3,4,7,7,2
2019,3,A,골목상권,2110841,중대부중,102,48,54,1,12,22,21,26,20,1,4,13,9,12,9,0,8,9,12,14,11
2019,3,A,골목상권,2110840,중앙대학교,139,69,70,0,23,16,39,36,25,0,9,7,19,18,16,0,14,9,20,18,9
2019,3,A,골목상권,2110839,숭실대입구역 4번,214,88,126,0,14,62,59,55,24,0,5,22,26,15,20,0,9,40,33,40,4
2019,3,A,골목상권,2110838,상도1동주민센터앞,119,108,11,0,5,28,32,31,23,0,2,25,29,31,21,0,3,3,3,0,2
2019,3,A,골목상권,2110837,숭실대입구역 1번,481,294,187,1,46,104,119,121,90,0,20,59,84,67,64,1,26,45,35,54,26
2019,3,A,골목상권,2110836,상도역 5번,1822,871,951,3,258,471,487,380,223,2,92,233,239,186,119,1,166,238,248,194,104
2019,3,A,골목상권,2110835,상도역 1번,301,175,126,0,84,91,60,45,21,0,34,58,39,25,19,0,50,33,21,20,2
2019,3,A,골목상권,2110834,동작구자원봉사센터,151,34,117,0,9,15,41,58,28,0,3,5,12,6,8,0,6,10,29,52,20
2019,3,A,골목상권,2110833,상도역 2번,260,168,92,3,14,67,70,80,26,0,12,58,44,37,17,3,2,9,26,43,9
2019,3,A,골목상권,2110832,노량진초등학교,403,189,214,1,44,57,105,139,57,1,19,25,65,53,26,0,25,32,40,86,31
2019,3,A,골목상권,2110831,상도4동주민센터,112,81,31,0,6,15,26,39,26,0,4,11,15,29,22,0,2,4,11,10,4
2019,3,A,골목상권,2110830,상도초등학교,229,108,121,0,13,51,72,65,28,0,3,21,37,34,13,0,10,30,35,31,15
2019,3,A,골목상권,2110829,장승배기역 5번,208,99,109,0,9,37,60,53,49,0,4,19,28,23,25,0,5,18,32,30,24
2019,3,A,골목상권,2110828,노량진역 6번,2942,2048,894,5,419,1058,829,458,173,3,233,723,627,351,111,2,186,335,202,107,62
2019,3,A,골목상권,2110827,NH농협은행 상도동지점,285,111,174,0,37,61,79,64,44,0,9,21,29,29,23,0,28,40,50,35,21
2019,3,A,골목상권,2110826,장승배기역 4번,420,185,235,0,29,44,67,108,172,0,15,28,34,47,61,0,14,16,33,61,111
2019,3,A,골목상권,2110825,신대방삼거리역 1번,385,189,196,0,21,73,99,128,64,0,7,37,47,57,41,0,14,36,52,71,23
2019,3,A,골목상권,2110824,대방역 3번,276,92,184,1,36,88,89,41,21,0,6,23,29,22,12,1,30,65,60,19,9
2019,3,A,골목상권,2110823,신대방삼거리역 3번,297,187,110,0,31,60,63,65,78,0,16,40,44,34,53,0,15,20,19,31,25
2019,3,A,골목상권,2110822,신대방삼거리역 4번(대림초등학교),382,163,219,0,80,84,82,88,48,0,23,34,41,42,23,0,57,50,41,46,25
2019,3,A,골목상권,2110821,보라매역 2번,804,416,388,3,93,123,152,151,282,2,49,75,87,88,115,1,44,48,65,63,167
2019,3,A,골목상권,2110820,성남고등학교,3047,2434,613,1,567,745,561,1009,164,0,388,582,450,894,120,1,179,163,111,115,44
2019,3,A,골목상권,2110819,신대방역 4번,895,521,374,1,128,239,257,129,141,0,39,123,160,99,100,1,89,116,97,30,41
2019,3,A,골목상권,2110818,신대방역 3번,1261,1172,89,6,252,407,389,174,33,5,237,398,361,146,25,1,15,9,28,28,8
2019,3,A,골목상권,2110817,대방역 4번,287,231,56,1,36,47,91,59,53,0,20,32,79,53,47,1,16,15,12,6,6
2019,3,A,골목상권,2110816,대방역 6번,1144,785,359,1,260,446,238,102,97,1,117,314,184,83,86,0,143,132,54,19,11
2019,3,A,골목상권,2110815,공군호텔,2369,827,1542,3,459,545,492,521,349,0,77,223,193,194,140,3,382,322,299,327,209
2019,3,A,골목상권,2110814,서울지방병무청,687,365,322,0,56,116,151,236,128,0,23,75,88,104,75,0,33,41,63,132,53
2019,3,A,골목상권,2110813,보라매역 6번,261,146,115,2,11,33,49,70,96,2,6,14,21,39,64,0,5,19,28,31,32
2019,3,A,골목상권,2110812,신길6동주민센터,148,80,68,0,33,27,38,30,20,0,9,14,20,21,16,0,24,13,18,9,4
2019,3,A,골목상권,2110811,보라매역 4번,216,114,102,0,22,41,62,60,31,0,5,26,26,32,25,0,17,15,36,28,6
2019,3,A,골목상권,2110810,영신초등학교,369,192,177,0,37,143,75,67,47,0,17,63,39,46,27,0,20,80,36,21,20
2019,3,A,골목상권,2110809,장훈고등학교,100,50,50,0,9,13,27,20,31,0,3,3,9,17,18,0,6,10,18,3,13
2019,3,A,골목상권,2110808,신길역 1번,58,44,14,0,3,19,19,11,6,0,3,14,13,8,6,0,0,5,6,3,0
2019,3,A,골목상권,2110807,신길역 3번,107,67,40,0,4,17,27,29,30,0,2,8,17,19,21,0,2,9,10,10,9
2019,3,A,골목상권,2110806,서울시립영등포장애인복지관,56,25,31,0,16,28,6,4,2,0,5,13,3,3,1,0,11,15,3,1,1
2019,3,A,골목상권,2110805,신길새마을금고신길4동지점,64,26,38,0,2,10,14,16,22,0,0,7,8,4,7,0,2,3,6,12,15
2019,3,A,골목상권,2110804,신풍역 1번,328,188,140,0,18,40,64,71,135,0,6,16,25,37,104,0,12,24,39,34,31
2019,3,A,골목상권,2110803,신길2동우편취급국,295,219,76,0,16,26,52,56,145,0,8,14,27,37,133,0,8,12,25,19,12
2019,3,A,골목상권,2110802,신길동홍어거리,341,162,179,1,47,114,84,79,16,0,13,48,46,44,11,1,34,66,38,35,5
2019,3,A,골목상권,2110800,영등포동성당,263,188,75,0,31,46,55,80,51,0,18,31,35,57,47,0,13,15,20,23,4
2019,3,A,골목상권,2110799,영등포본동주민센터,124,88,36,3,33,16,13,24,35,1,21,10,7,17,32,2,12,6,6,7,3
2019,3,A,골목상권,2110798,신풍역 2번,197,49,148,0,8,23,36,67,63,0,4,7,7,9,22,0,4,16,29,58,41
2019,3,A,골목상권,2110797,KT대방빌딩,56,8,48,1,7,11,13,13,11,0,0,0,1,2,5,1,7,11,12,11,6
2019,3,A,골목상권,2110796,한림대학교한강성심병원,106,64,42,0,12,18,27,24,25,0,8,11,16,12,17,0,4,7,11,12,8
2019,3,A,골목상권,2110795,도림초등학교,570,393,177,0,17,49,76,138,290,0,10,34,48,87,214,0,7,15,28,51,76
2019,3,A,골목상권,2110794,영동초등학교,928,678,250,0,155,257,235,181,100,0,74,186,183,143,92,0,81,71,52,38,8
2019,3,A,골목상권,2110792,영등포역 2번,1610,937,673,20,412,366,357,294,161,8,175,240,245,177,92,12,237,126,112,117,69
2019,3,A,골목상권,2110791,신풍역 3번,14,8,6,0,1,2,6,5,0,0,0,0,4,4,0,0,1,2,2,1,0
2019,3,A,골목상권,2110790,대림1동주민센터,791,344,447,0,75,182,293,174,67,0,36,79,88,85,56,0,39,103,205,89,11
2019,3,A,골목상권,2110789,대림성모병원,583,218,365,0,114,157,129,107,76,0,18,52,56,42,50,0,96,105,73,65,26
2019,3,A,골목상권,2110788,영등포시장역 3번,20,15,5,0,4,1,5,8,2,0,4,1,3,5,2,0,0,0,2,3,0
2019,3,A,골목상권,2110787,신길3동주민센터,171,119,52,0,13,38,42,45,33,0,5,28,30,32,24,0,8,10,12,13,9
2019,3,A,골목상권,2110786,당산역 8번,305,179,126,0,34,74,87,63,47,0,11,32,57,46,33,0,23,42,30,17,14
2019,3,A,골목상권,2110785,영등포푸르지오아파트,224,124,100,2,14,42,63,55,48,2,9,27,39,19,28,0,5,15,24,36,20
2019,3,A,골목상권,2110784,신대림초등학교,69,48,21,0,7,8,18,27,9,0,4,7,13,18,6,0,3,1,5,9,3
2019,3,A,골목상권,2110783,영등포시장역 1번,256,157,99,0,26,37,35,51,107,0,19,32,18,28,60,0,7,5,17,23,47
2019,3,A,골목상권,2110782,영등포시장역 4번,109,61,48,2,8,29,41,16,13,1,3,13,23,11,10,1,5,16,18,5,3
2019,3,A,골목상권,2110781,대림한신아파트,157,97,60,0,17,26,45,35,34,0,8,14,29,21,25,0,9,12,16,14,9
2019,3,A,골목상권,2110780,신길대성유니드아파트,241,186,55,0,34,42,58,68,39,0,29,35,42,48,32,0,5,7,16,20,7
2019,3,A,골목상권,2110779,대림갑을명가아파트,26,17,9,0,1,6,6,6,7,0,1,5,2,3,6,0,0,1,4,3,1
2019,3,A,골목상권,2110778,구로디지털단지역 4번,1675,923,752,0,251,462,525,241,196,0,135,292,207,148,141,0,116,170,318,93,55
2019,3,A,골목상권,2110777,구로세무서,317,236,81,0,33,49,53,105,77,0,14,37,37,79,69,0,19,12,16,26,8
2019,3,A,골목상권,2110776,도신초등학교,213,141,72,0,21,32,59,65,36,0,16,18,46,38,23,0,5,14,13,27,13
2019,3,A,골목상권,2110775,대동초등학교,83,48,35,0,9,16,26,26,6,0,3,8,11,21,5,0,6,8,15,5,1
2019,3,A,골목상권,2110774,당산반도유보라팰리스아파트,738,585,153,0,77,227,189,127,118,0,44,173,158,110,100,0,33,54,31,17,18
2019,3,A,골목상권,2110773,당산역 13번,289,231,58,0,43,64,50,41,91,0,37,52,37,29,76,0,6,12,13,12,15
2019,3,A,골목상권,2110772,신우어린이공원,120,70,50,0,10,24,26,27,33,0,6,13,13,19,19,0,4,11,13,8,14
2019,3,A,골목상권,2110771,대림역 11번,20,17,3,0,0,2,2,8,8,0,0,2,2,7,6,0,0,0,0,1,2
2019,3,A,골목상권,2110770,영등포구청역 6번,1447,798,649,16,465,424,267,155,120,9,234,240,156,81,78,7,231,184,111,74,42
2019,3,A,골목상권,2110769,대림차이나타운(대림역 12번),15,7,8,0,3,3,6,2,1,0,0,1,4,1,1,0,3,2,2,1,0
2019,3,A,골목상권,2110768,도림2동유수지내체육시설,280,156,124,1,26,41,62,68,82,1,12,24,29,40,50,0,14,17,33,28,32
2019,3,A,골목상권,2110767,도림동주민센터,314,207,107,0,154,102,38,16,4,0,95,79,25,6,2,0,59,23,13,10,2
2019,3,A,골목상권,2110766,대림역 5번,265,169,96,1,17,52,67,74,54,0,10,31,45,47,36,1,7,21,22,27,18
2019,3,A,골목상권,2110765,문래동사거리,731,496,235,1,70,130,209,167,154,1,26,76,141,127,125,0,44,54,68,40,29
2019,3,A,골목상권,2110764,문래역 3번,573,258,315,0,95,133,163,101,81,0,25,42,63,57,71,0,70,91,100,44,10
2019,3,A,골목상권,2110763,영등포구청역 2번,615,438,177,2,117,181,134,108,73,0,67,130,93,86,62,2,50,51,41,22,11
2019,3,A,골목상권,2110762,선유도역 1번,3265,2323,942,7,401,727,755,832,543,2,209,486,531,633,462,5,192,241,224,199,81
2019,3,A,골목상권,2110761,문래동남성맨션,181,113,68,0,13,39,48,43,38,0,8,19,32,25,29,0,5,20,16,18,9
2019,3,A,골목상권,2110760,선유도역 6번,2147,1338,809,9,325,579,629,402,203,8,203,351,373,235,168,1,122,228,256,167,35
2019,3,A,골목상권,2110759,문래예술촌(문래창작촌),4447,2367,2080,8,553,890,1058,1302,636,5,292,592,649,519,310,3,261,298,409,783,326
2019,3,A,골목상권,2110758,문래소공원,337,236,101,3,30,54,59,68,123,2,19,40,39,48,88,1,11,14,20,20,35
2019,3,A,골목상권,2110757,양평역 2번,1563,1186,377,1,109,239,392,421,401,0,57,183,321,314,311,1,52,56,71,107,90
2019,3,A,골목상권,2110756,문래중학교,356,229,127,0,53,99,100,60,44,0,21,66,67,41,34,0,32,33,33,19,10
2019,3,A,골목상권,2110755,동일여자고등학교,295,129,166,0,18,30,51,89,107,0,9,16,18,24,62,0,9,14,33,65,45
2019,3,A,골목상권,2110754,삼성산자연공원(서울금천초등학교),208,86,122,0,27,48,54,42,37,0,8,21,30,11,16,0,19,27,24,31,21
2019,3,A,골목상권,2110753,시흥동 은행나무사거리,704,432,272,1,72,109,170,190,162,1,28,69,99,106,129,0,44,40,71,84,33
2019,3,A,골목상권,2110752,한울중학교,270,120,150,2,23,45,82,75,43,2,11,16,38,30,23,0,12,29,44,45,20
2019,3,A,골목상권,2110751,난곡중학교,453,275,178,0,48,121,118,118,48,0,21,86,71,59,38,0,27,35,47,59,10
2019,3,A,골목상권,2110750,시흥4동주민센터(서울신흥초등학교),414,228,186,3,82,86,89,100,54,3,53,58,47,31,36,0,29,28,42,69,18
2019,3,A,골목상권,2110749,금산초등학교(금천고등학교),747,505,242,0,80,154,171,201,141,0,36,93,105,149,122,0,44,61,66,52,19
2019,3,A,골목상권,2110748,백산초등학교,122,74,48,0,8,26,27,30,31,0,3,14,14,22,21,0,5,12,13,8,10
2019,3,A,골목상권,2110747,석수역 1번 출입구,914,691,223,0,43,89,188,246,348,0,26,55,118,177,315,0,17,34,70,69,33
2019,3,A,골목상권,2110746,금천금빛공원(은행나무사거리서측),80,52,28,0,7,15,25,18,15,0,1,11,16,12,12,0,6,4,9,6,3
2019,3,A,골목상권,2110745,독산동정훈단지,368,300,68,0,14,25,53,128,148,0,4,14,38,105,139,0,10,11,15,23,9
2019,3,A,골목상권,2110744,독산동성당,936,652,284,2,159,295,244,143,93,2,105,224,167,88,66,0,54,71,77,55,27
2019,3,A,골목상권,2110743,시흥초등학교(시흥1동우체국),213,134,79,0,23,37,51,54,48,0,11,22,31,36,34,0,12,15,20,18,14
2019,3,A,골목상권,2110742,KT금천빌딩(금천구시설관리공단),446,255,191,0,46,86,118,125,71,0,21,61,79,62,32,0,25,25,39,63,39
2019,3,A,골목상권,2110741,독산2동주민센터,439,159,280,0,68,115,97,106,53,0,43,38,25,33,20,0,25,77,72,73,33
2019,3,A,골목상권,2110740,금천해태공원,682,292,390,1,138,145,156,166,76,1,41,63,63,73,51,0,97,82,93,93,25
2019,3,A,골목상권,2110739,시흥3동 우편취급국,1701,665,1036,2,191,326,575,557,50,0,51,186,243,157,28,2,140,140,332,400,22
2019,3,A,골목상권,2110738,문성초등학교,224,116,108,0,16,30,58,78,42,0,10,13,28,35,30,0,6,17,30,43,12
2019,3,A,골목상권,2110737,금천세무서,515,325,190,4,60,86,112,117,136,0,18,49,60,84,114,4,42,37,52,33,22
2019,3,A,골목상권,2110736,독산119안전센터,295,166,129,0,33,46,55,85,76,0,15,26,37,42,46,0,18,20,18,43,30
2019,3,A,골목상권,2110735,말미고개,999,803,196,0,66,112,138,152,531,0,35,76,93,94,505,0,31,36,45,58,26
2019,3,A,골목상권,2110734,금천파출소,105,52,53,0,6,11,21,40,27,0,2,5,13,18,14,0,4,6,8,22,13
2019,3,A,골목상권,2110733,금천어울림복지센터,338,264,74,3,32,83,70,82,68,3,21,65,52,59,64,0,11,18,18,23,4
2019,3,A,골목상권,2110732,가산초등학교(세일중학교),479,338,141,0,57,100,156,112,54,0,29,64,121,77,47,0,28,36,35,35,7
2019,3,A,골목상권,2110731,금천구청역 1번 출입구,1705,887,818,8,625,658,258,104,52,2,304,366,120,61,34,6,321,292,138,43,18
2019,3,A,골목상권,2110730,서울축산농협 독산역지점(독산파출소),712,410,302,1,70,132,121,226,162,1,30,69,58,128,124,0,40,63,63,98,38
2019,3,A,골목상권,2110729,가산동우체국,157,103,54,0,19,31,43,42,22,0,12,18,27,29,17,0,7,13,16,13,5
2019,3,A,골목상권,2110728,두산초등학교,4363,2707,1656,0,79,155,266,495,3368,0,46,94,138,274,2155,0,33,61,128,221,1213
2019,3,A,골목상권,2110727,독산역 1번 출입구,760,566,194,6,78,182,193,218,83,6,46,141,143,173,57,0,32,41,50,45,26
2019,3,A,골목상권,2110726,금천철쭉어린이공원(금하마을),195,146,49,0,14,26,37,51,67,0,13,15,17,37,64,0,1,11,20,14,3
2019,3,A,골목상권,2110725,가산동주민센터,102,74,28,0,6,24,22,28,22,0,3,18,19,19,15,0,3,6,3,9,7
2019,3,A,골목상권,2110724,금천구립가산도서관,260,185,75,0,35,68,60,63,34,0,26,52,43,38,26,0,9,16,17,25,8
2019,3,A,골목상권,2110723,가산디지털단지역 1번 출입구,72,51,21,0,2,8,12,20,30,0,2,3,5,12,29,0,0,5,7,8,1
2019,3,A,골목상권,2110722,G타워,1169,834,335,9,192,407,356,149,56,9,124,296,279,87,39,0,68,111,77,62,17
2019,3,A,골목상권,2110721,가리봉파출소,215,120,95,1,11,44,47,39,73,0,2,22,25,25,46,1,9,22,22,14,27
2019,3,A,골목상권,2110720,대림역 2번,165,86,79,1,16,27,49,40,32,0,5,13,24,19,25,1,11,14,25,21,7
2019,3,A,골목상권,2110719,영서중학교,83,45,38,0,16,18,16,15,18,0,5,6,10,11,13,0,11,12,6,4,5
2019,3,A,골목상권,2110718,한국SGI본부,1707,1237,470,3,207,498,483,381,135,1,96,366,413,267,94,2,111,132,70,114,41
2019,3,A,골목상권,2110717,남구로역 2번,491,203,288,1,69,93,127,125,76,1,30,34,53,44,41,0,39,59,74,81,35
2019,3,A,골목상권,2110716,구로나눔길,585,342,243,1,110,241,141,64,28,0,30,144,99,47,22,1,80,97,42,17,6
2019,3,A,골목상권,2110715,구로구민회관,147,69,78,0,12,19,38,41,37,0,3,14,21,22,9,0,9,5,17,19,28
2019,3,A,골목상권,2110714,구로4동주민센터,218,118,100,0,19,31,46,64,58,0,4,14,26,38,36,0,15,17,20,26,22
2019,3,A,골목상권,2110713,구로보건소,2186,1293,893,2,268,424,555,547,390,0,141,244,343,328,237,2,127,180,212,219,153
2019,3,A,골목상권,2110712,남구로역 5번,296,127,169,0,34,39,91,95,37,0,8,19,32,46,22,0,26,20,59,49,15
2019,3,A,골목상권,2110711,구로초등학교,567,250,317,0,42,61,106,190,168,0,16,30,58,74,72,0,26,31,48,116,96
2019,3,A,골목상권,2110710,남구로역 3번,674,440,234,2,69,103,116,144,240,2,40,64,79,95,160,0,29,39,37,49,80
2019,3,A,골목상권,2110709,구로119안전센터,198,105,93,0,15,27,49,54,53,0,10,14,27,28,26,0,5,13,22,26,27
2019,3,A,골목상권,2110708,화원어린이공원,115,66,49,1,10,17,23,39,25,0,1,6,14,23,22,1,9,11,9,16,3
2019,3,A,골목상권,2110707,구로창업지원센터,1047,763,284,1,134,263,245,246,158,1,82,188,183,174,135,0,52,75,62,72,23
2019,3,A,골목상권,2110706,그라운드 고척,395,111,284,0,106,104,95,70,20,0,18,24,32,27,10,0,88,80,63,43,10
2019,3,A,골목상권,2110705,고산초등학교,25,20,5,0,2,2,12,4,5,0,2,2,10,2,4,0,0,0,2,2,1
2019,3,A,골목상권,2110704,고척중학교,66,40,26,0,6,24,12,16,8,0,3,13,5,14,5,0,3,11,7,2,3
2019,3,A,골목상권,2110703,개봉역,569,477,92,7,26,57,115,169,195,4,13,37,83,152,188,3,13,20,32,17,7
2019,3,A,골목상권,2110702,개봉초등학교,187,124,63,2,10,26,41,51,57,2,8,17,27,35,35,0,2,9,14,16,22
2019,3,A,골목상권,2110701,고척동성당,596,414,182,2,111,194,121,112,56,0,67,144,83,73,47,2,44,50,38,39,9
2019,3,A,골목상권,2110700,고척초등학교,3183,2561,622,5,160,693,979,1183,163,4,86,526,801,1022,122,1,74,167,178,161,41
2019,3,A,골목상권,2110699,덕의초등학교,142,84,58,0,20,23,23,42,34,0,8,15,12,23,26,0,12,8,11,19,8
2019,3,A,골목상권,2110698,개웅초등학교(개웅중학교),295,177,118,4,55,55,58,67,56,4,27,35,32,35,44,0,28,20,26,32,12
2019,3,A,골목상권,2110697,개봉3동주민센터,264,161,103,1,53,63,63,52,32,1,28,39,40,31,22,0,25,24,23,21,10
2019,3,A,골목상권,2110696,오류동역 1번,2248,1554,694,14,743,921,313,179,78,9,432,716,225,112,60,5,311,205,88,67,18
2019,3,A,골목상권,2110695,개봉1동주민센터,543,323,220,0,57,148,138,126,74,0,32,100,76,64,51,0,25,48,62,62,23
2019,3,A,골목상권,2110694,세곡초등학교,474,275,199,1,56,157,105,107,48,0,23,79,70,69,34,1,33,78,35,38,14
2019,3,A,골목상권,2110693,오류동역 4번,24,12,12,0,4,2,6,7,5,0,2,2,3,4,1,0,2,0,3,3,4
2019,3,A,골목상권,2110692,큰굴다리,232,130,102,0,18,54,55,55,50,0,6,18,30,39,37,0,12,36,25,16,13
2019,3,A,골목상권,2110691,개봉중학교,376,194,182,0,31,67,118,116,44,0,18,43,50,49,34,0,13,24,68,67,10
2019,3,A,골목상권,2110690,오류2동버들시장,700,356,344,0,101,206,157,141,95,0,35,120,81,61,59,0,66,86,76,80,36
2019,3,A,골목상권,2110689,오류동역 3번,184,119,65,0,21,29,36,53,45,0,9,17,24,36,33,0,12,12,12,17,12
2019,3,A,골목상권,2110688,오류지구대,168,64,104,0,12,20,43,66,27,0,5,9,17,25,8,0,7,11,26,41,19
2019,3,A,골목상권,2110687,"천왕역 3번(오류2동주민센터, 서울오류남초등학교)",10,7,3,0,0,2,4,2,2,0,0,2,3,0,2,0,0,0,1,2,0
2019,3,A,골목상권,2110686,수궁동주민센터,571,276,295,0,65,98,157,145,106,0,28,46,78,67,57,0,37,52,79,78,49
2019,3,A,골목상권,2110685,금강수목원아파트,160,130,30,0,9,24,50,58,19,0,8,17,38,49,18,0,1,7,12,9,1
2019,3,A,골목상권,2110684,서울공연예술고등학교,153,65,88,0,32,35,33,30,23,0,7,14,15,19,10,0,25,21,18,11,13
2019,3,A,골목상권,2110683,오류고등학교,184,137,47,0,22,41,55,46,20,0,17,35,36,31,18,0,5,6,19,15,2
2019,3,A,골목상권,2110682,온수역 8번,146,130,16,0,2,15,20,41,68,0,1,10,13,39,67,0,1,5,7,2,1
2019,3,A,골목상권,2110681,온수역 1번,182,135,47,1,26,55,49,31,20,1,21,37,38,22,16,0,5,18,11,9,4
2019,3,A,골목상권,2110680,온수역 5번(온수산업단지),1474,1289,185,21,157,223,292,442,339,21,123,194,249,388,314,0,34,29,43,54,25
2019,3,A,골목상권,2110679,염창역 2번,533,351,182,4,76,170,144,87,52,2,42,119,96,55,37,2,34,51,48,32,15
2019,3,A,골목상권,2110678,염창무학아파트,242,189,53,1,21,53,92,54,21,1,12,46,74,41,15,0,9,7,18,13,6
2019,3,A,골목상권,2110677,등촌역 1번,515,417,98,2,43,107,128,117,118,2,25,80,103,97,110,0,18,27,25,20,8
2019,3,A,골목상권,2110676,등촌역 7번,263,158,105,0,29,43,77,68,46,0,11,27,40,49,31,0,18,16,37,19,15
2019,3,A,골목상권,2110675,화곡4동주민센터,362,246,116,0,32,92,86,77,75,0,10,64,53,58,61,0,22,28,33,19,14
2019,3,A,골목상권,2110674,강서구청가양동별관,471,321,150,0,68,103,96,106,98,0,59,75,61,52,74,0,9,28,35,54,24
2019,3,A,골목상권,2110673,뜸부기어린이공원,292,168,124,1,31,51,85,79,45,0,15,26,46,49,32,1,16,25,39,30,13
2019,3,A,골목상권,2110672,백석중학교,164,105,59,1,18,40,43,47,15,1,15,28,20,30,11,0,3,12,23,17,4
2019,3,A,골목상권,2110671,등촌1동주민센터,4397,2748,1649,10,1153,1326,897,617,394,1,331,867,728,487,334,9,822,459,169,130,60
2019,3,A,골목상권,2110670,신곡초등학교,455,270,185,2,50,92,122,91,98,1,30,57,71,53,58,1,20,35,51,38,40
2019,3,A,골목상권,2110669,화곡보람2차아파트,104,62,42,1,13,27,35,21,7,0,2,14,27,17,2,1,11,13,8,4,5
2019,3,A,골목상권,2110668,화곡2동주민센터,487,294,193,0,55,73,139,140,80,0,22,33,80,89,70,0,33,40,59,51,10
2019,3,A,골목상권,2110667,가양역 10번,203,147,56,1,37,44,57,40,24,0,24,29,42,31,21,1,13,15,15,9,3
2019,3,A,골목상권,2110666,KC대학교,247,118,129,0,24,46,71,65,41,0,13,21,30,23,31,0,11,25,41,42,10
2019,3,A,골목상권,2110665,곰달래도서관,819,501,318,0,83,206,229,200,101,0,58,141,144,100,58,0,25,65,85,100,43
2019,3,A,골목상권,2110664,강서구청옆,69,45,24,2,15,10,12,16,14,2,10,7,7,7,12,0,5,3,5,9,2
2019,3,A,골목상권,2110663,우장산롯데캐슬아파트앞,798,527,271,0,56,128,177,221,216,0,26,80,88,137,196,0,30,48,89,84,20
2019,3,A,골목상권,2110662,까치산역 1번,1463,860,603,2,177,491,417,239,137,2,97,276,210,170,105,0,80,215,207,69,32
2019,3,A,골목상권,2110661,강서새말어린이공원,415,239,176,0,18,56,101,135,105,0,10,29,62,70,68,0,8,27,39,65,37
2019,3,A,골목상권,2110660,등촌3동주민센터,3986,1895,2091,9,466,726,757,1204,824,2,189,435,437,439,393,7,277,291,320,765,431
2019,3,A,골목상권,2110659,화곡역 4번,919,535,384,10,110,209,261,189,140,8,60,130,149,106,82,2,50,79,112,83,58
2019,3,A,골목상권,2110658,화곡초등학교,284,171,113,0,32,68,68,74,42,0,13,45,43,44,26,0,19,23,25,30,16
2019,3,A,골목상권,2110657,양천향교역 5번,3855,2163,1692,11,412,748,843,918,923,11,225,455,541,318,613,0,187,293,302,600,310
2019,3,A,골목상권,2110656,까치산역 3번,827,495,332,8,114,199,243,183,80,8,78,117,147,88,57,0,36,82,96,95,23
2019,3,A,골목상권,2110655,발산역 5번,596,381,215,1,83,153,161,109,89,1,21,100,115,79,65,0,62,53,46,30,24
2019,3,A,골목상권,2110654,까치산역 4번,1121,750,371,4,73,156,282,424,182,4,45,79,163,309,150,0,28,77,119,115,32
2019,3,A,골목상권,2110653,화곡역 2번,907,486,421,0,190,271,242,162,42,0,74,137,121,133,21,0,116,134,121,29,21
2019,3,A,골목상권,2110652,양천향교역 2번,699,546,153,0,65,163,155,175,141,0,34,119,121,150,122,0,31,44,34,25,19
2019,3,A,골목상권,2110651,화원중학교,508,236,272,1,35,72,141,123,136,0,20,40,84,56,36,1,15,32,57,67,100
2019,3,A,골목상권,2110650,우장산힐스테이트,143,115,28,0,25,29,50,19,20,0,15,24,42,16,18,0,10,5,8,3,2
2019,3,A,골목상권,2110649,우장산역 1번,397,212,185,1,42,82,93,117,62,1,13,40,48,68,42,0,29,42,45,49,20
2019,3,A,골목상권,2110648,양천향교역 7번,19,7,12,0,3,7,1,5,3,0,0,2,1,2,2,0,3,5,0,3,1
2019,3,A,골목상권,2110647,화곡역 5번,938,499,439,1,116,244,235,227,115,1,50,141,116,125,66,0,66,103,119,102,49
2019,3,A,골목상권,2110646,푸른들청소년도서관,742,411,331,0,67,150,221,173,131,0,29,94,115,89,84,0,38,56,106,84,47
2019,3,A,골목상권,2110645,우장산역 4번,567,302,265,0,70,108,155,155,79,0,30,49,69,92,62,0,40,59,86,63,17
2019,3,A,골목상권,2110644,신광명마을,369,308,61,1,28,38,82,110,110,1,8,23,71,100,105,0,20,15,11,10,5
2019,3,A,골목상권,2110643,강서구다솔마을,706,451,255,0,85,190,221,153,57,0,45,118,154,96,38,0,40,72,67,57,19
2019,3,A,골목상권,2110642,정곡초등학교,214,180,34,0,12,20,42,66,74,0,5,12,34,61,68,0,7,8,8,5,6
2019,3,A,골목상권,2110641,공항고등학교,411,303,108,2,60,114,114,85,36,1,44,89,77,61,31,1,16,25,37,24,5
2019,3,A,골목상권,2110640,방화역 1번,903,601,302,2,98,247,230,193,133,1,55,122,156,150,117,1,43,125,74,43,16
2019,3,A,골목상권,2110639,신방화역 8번,277,116,161,1,67,60,67,53,29,1,7,21,33,31,23,0,60,39,34,22,6
2019,3,A,골목상권,2110638,신방화역 2번,368,186,182,0,46,67,92,106,57,0,20,35,45,50,36,0,26,32,47,56,21
2019,3,A,골목상권,2110637,송정역 2번,532,352,180,7,63,99,122,138,103,2,35,65,85,92,73,5,28,34,37,46,30
2019,3,A,골목상권,2110636,방화역 2번,262,106,156,1,38,88,55,53,27,0,11,37,34,13,11,1,27,51,21,40,16
2019,3,A,골목상권,2110635,공항시장역 3번,596,208,388,1,36,49,91,90,329,1,16,31,62,35,63,0,20,18,29,55,266
2019,3,A,골목상권,2110634,송정역 3번,674,465,209,0,71,152,183,157,111,0,40,96,126,112,91,0,31,56,57,45,20
2019,3,A,골목상권,2110633,개화산역 1번,127,96,31,1,34,38,30,15,9,0,30,25,23,10,8,1,4,13,7,5,1
2019,3,A,골목상권,2110632,방화역 3번,1122,914,208,2,48,148,414,336,174,0,22,103,357,281,151,2,26,45,57,55,23
2019,3,A,골목상권,2110631,방화초등학교,382,210,172,2,37,84,78,107,74,2,25,50,46,46,41,0,12,34,32,61,33
2019,3,A,골목상권,2110630,공항시장역 1번,1173,763,410,0,93,185,260,278,357,0,39,114,174,174,262,0,54,71,86,104,95
2019,3,A,골목상권,2110629,송정역 4번,195,104,91,1,29,58,50,36,21,0,8,35,25,22,14,1,21,23,25,14,7
2019,3,A,골목상권,2110628,신목동역,445,258,187,0,61,91,112,89,92,0,24,58,71,61,44,0,37,33,41,28,48
2019,3,A,골목상권,2110627,신정롯데캐슬아파트,252,160,92,0,24,61,58,68,41,0,11,38,40,40,31,0,13,23,18,28,10
2019,3,A,골목상권,2110626,양화초등학교,770,383,387,0,128,183,192,175,92,0,41,92,105,95,50,0,87,91,87,80,42
2019,3,A,골목상권,2110625,신정2동주민센터,674,391,283,1,83,159,196,170,65,0,43,83,124,98,43,1,40,76,72,72,22
2019,3,A,골목상권,2110624,목동문화체육센터,362,226,136,0,81,111,75,65,30,0,32,74,52,49,19,0,49,37,23,16,11
2019,3,A,골목상권,2110623,갈산공원,133,104,29,0,22,39,28,31,13,0,19,32,23,21,9,0,3,7,5,10,4
2019,3,A,골목상권,2110622,달마을공원,489,280,209,1,52,126,117,125,68,0,13,70,78,61,58,1,39,56,39,64,10
2019,3,A,골목상권,2110621,목동역 5번,83,50,33,0,0,17,16,31,19,0,0,11,10,18,11,0,0,6,6,13,8
2019,3,A,골목상권,2110620,목동보건지소,491,272,219,4,62,101,120,117,87,2,25,63,65,62,55,2,37,38,55,55,32
2019,3,A,골목상권,2110619,목4동주민센터,329,202,127,1,54,83,78,81,32,1,19,47,53,60,22,0,35,36,25,21,10
2019,3,A,골목상권,2110618,강서고등학교,218,141,77,0,17,45,52,66,38,0,11,32,38,34,26,0,6,13,14,32,12
2019,3,A,골목상권,2110617,등촌역 4번,278,194,84,0,55,73,77,53,20,0,41,54,50,34,15,0,14,19,27,19,5
2019,3,A,골목상권,2110616,양목초등학교,183,121,62,0,8,24,22,49,80,0,6,17,16,37,45,0,2,7,6,12,35
2019,3,A,골목상권,2110615,신서초등학교,102,74,28,0,21,30,24,17,10,0,16,24,18,10,6,0,5,6,6,7,4
2019,3,A,골목상권,2110614,목동로데오거리,668,358,310,0,76,98,122,225,147,0,44,51,70,108,85,0,32,47,52,117,62
2019,3,A,골목상권,2110613,신정네거리역 4번,12,3,9,0,2,0,5,5,0,0,0,0,1,2,0,0,2,0,4,3,0
2019,3,A,골목상권,2110612,신정역 5번,621,303,318,0,79,86,129,180,147,0,42,51,71,69,70,0,37,35,58,111,77
2019,3,A,골목상권,2110611,신정역 1번,387,228,159,2,40,72,119,91,63,2,19,47,69,51,40,0,21,25,50,40,23
2019,3,A,골목상권,2110610,계남근린공원,157,102,55,0,15,20,47,54,21,0,5,10,36,37,14,0,10,10,11,17,7
2019,3,A,골목상권,2110609,신정네거리역 2번,1444,1381,63,0,28,48,70,164,1134,0,18,24,50,157,1132,0,10,24,20,7,2
2019,3,A,골목상권,2110608,신월2동주민센터,886,587,299,2,95,164,237,234,154,2,53,111,154,141,126,0,42,53,83,93,28
2019,3,A,골목상권,2110607,금빛새마을금고본점,56,33,23,0,3,11,9,20,13,0,2,5,4,11,11,0,1,6,5,9,2
2019,3,A,골목상권,2110606,신한은행 신월동지점,505,295,210,1,43,84,134,133,110,1,24,47,67,74,82,0,19,37,67,59,28
2019,3,A,골목상권,2110605,목동센트럴아이파크앞,195,93,102,0,17,36,35,60,47,0,7,18,14,26,28,0,10,18,21,34,19
2019,3,A,골목상권,2110604,신월4동주민센터,672,558,114,0,24,54,122,231,241,0,16,35,84,190,233,0,8,19,38,41,8
2019,3,A,골목상권,2110603,지향초등학교,306,146,160,0,14,63,69,72,88,0,5,24,33,34,50,0,9,39,36,38,38
2019,3,A,골목상권,2110602,신월시영아파트중문,623,557,66,0,7,21,61,227,307,0,4,14,44,204,291,0,3,7,17,23,16
2019,3,A,골목상권,2110601,신월1동우편취급국,1203,814,389,3,119,164,277,438,202,1,62,105,181,308,157,2,57,59,96,130,45
2019,3,A,골목상권,2110600,신월7동주민센터,441,301,140,0,33,33,76,149,150,0,17,19,46,94,125,0,16,14,30,55,25
2019,3,A,골목상권,2110599,신월1파출소,385,258,127,4,52,99,86,94,50,3,37,76,51,58,33,1,15,23,35,36,17
2019,3,A,골목상권,2110598,신월문화체육센터,315,204,111,0,17,43,79,110,66,0,3,25,47,74,55,0,14,18,32,36,11
2019,3,A,골목상권,2110597,신월1동주민센터,781,376,405,0,55,113,216,228,169,0,37,56,71,93,119,0,18,57,145,135,50
2019,3,A,골목상권,2110596,서서울호수공원,377,252,125,1,44,77,97,101,57,0,28,51,70,61,42,1,16,26,27,40,15
2019,3,A,골목상권,2110595,메디힐병원,465,300,165,1,36,93,116,127,92,1,24,65,76,82,52,0,12,28,40,45,40
2019,3,A,골목상권,2110594,신월중학교,272,148,124,0,26,69,65,80,32,0,9,27,44,41,27,0,17,42,21,39,5
2019,3,A,골목상권,2110593,신월3동주민센터,391,209,182,4,45,91,91,102,58,4,16,46,55,51,37,0,29,45,36,51,21
2019,3,A,골목상권,2110592,서울금융고등학교,458,370,88,0,20,31,77,156,174,0,10,17,46,134,163,0,10,14,31,22,11
2019,3,A,골목상권,2110591,충정로역 6번,748,501,247,3,109,183,228,139,86,0,55,117,179,101,49,3,54,66,49,38,37
2019,3,A,골목상권,2110590,만리재,103,50,53,0,23,24,23,25,8,0,8,12,11,14,5,0,15,12,12,11,3
2019,3,A,골목상권,2110589,애오개역 3번,69,22,47,0,4,10,20,16,19,0,0,2,2,10,8,0,4,8,18,6,11
2019,3,A,골목상권,2110588,한겨레신문사,758,473,285,0,76,183,250,223,26,0,27,71,154,197,24,0,49,112,96,26,2
2019,3,A,골목상권,2110587,공덕동주민센터,217,110,107,2,19,42,64,48,42,2,6,26,35,24,17,0,13,16,29,24,25
2019,3,A,골목상권,2110586,서울서부지방법원,1997,1003,994,8,583,528,425,245,208,3,265,297,192,111,135,5,318,231,233,134,73
2019,3,A,골목상권,2110585,마포경찰서,898,783,115,0,145,366,181,186,20,0,116,322,158,169,18,0,29,44,23,17,2
2019,3,A,골목상권,2110584,아현역 4번,70,23,47,0,11,6,16,20,17,0,2,1,3,7,10,0,9,5,13,13,7
2019,3,A,골목상권,2110583,공덕래미안3차아파트,297,137,160,0,42,78,97,59,21,0,2,35,51,37,12,0,40,43,46,22,9
2019,3,A,골목상권,2110582,이대역 5번,86,37,49,1,16,15,21,21,12,1,7,6,6,10,7,0,9,9,15,11,5
2019,3,A,골목상권,2110581,염리초등학교,11,8,3,0,0,0,1,3,7,0,0,0,1,1,6,0,0,0,0,2,1
2019,3,A,골목상권,2110580,양원초등학교,87,38,49,0,3,13,14,30,27,0,0,9,4,18,7,0,3,4,10,12,20
2019,3,A,골목상권,2110579,마포역 4번,845,615,230,2,92,199,264,213,75,1,51,144,199,162,58,1,41,55,65,51,17
2019,3,A,골목상권,2110578,대흥역 2번,2741,1965,776,2,204,338,486,860,851,1,81,222,388,638,635,1,123,116,98,222,216
2019,3,A,골목상권,2110577,용강동주민센터,438,233,205,4,65,201,105,46,17,0,18,99,78,26,12,4,47,102,27,20,5
2019,3,A,골목상권,2110576,대흥역 3번,1528,1067,461,70,473,475,304,137,69,29,280,362,251,102,43,41,193,113,53,35,26
2019,3,A,골목상권,2110575,대흥동주민센터,247,181,66,2,28,59,50,57,51,2,15,44,31,43,46,0,13,15,19,14,5
2019,3,A,골목상권,2110574,서강대학교,328,159,169,0,97,96,77,47,11,0,29,46,47,32,5,0,68,50,30,15,6
2019,3,A,골목상권,2110573,신촌역 6번,27,17,10,0,4,4,3,9,7,0,3,0,3,6,5,0,1,4,0,3,2
2019,3,A,골목상권,2110572,서강대역 1번,546,326,220,1,73,125,133,138,76,1,34,66,75,86,64,0,39,59,58,52,12
2019,3,A,골목상권,2110571,신수동주민센터,613,351,262,6,101,166,169,123,48,5,57,91,88,72,38,1,44,75,81,51,10
2019,3,A,골목상권,2110570,KB국민은행 서강지점,75,43,32,0,1,31,22,15,6,0,0,16,12,10,5,0,1,15,10,5,1
2019,3,A,골목상권,2110569,홍대땡땡거리,462,214,248,2,96,136,115,62,51,2,32,68,50,30,32,0,64,68,65,32,19
2019,3,A,골목상권,2110568,광흥창역 1번,72,35,37,0,12,23,15,15,7,0,5,10,6,9,5,0,7,13,9,6,2
2019,3,A,골목상권,2110567,광흥창역 6번,100,67,33,0,16,29,32,15,8,0,7,21,20,13,6,0,9,8,12,2,2
2019,3,A,골목상권,2110566,경의선책거리,1455,870,585,1,316,517,340,202,79,1,120,309,228,150,62,0,196,208,112,52,17
2019,3,A,골목상권,2110565,홍익대,133,80,53,0,24,39,37,24,9,0,10,20,24,18,8,0,14,19,13,6,1
2019,3,A,골목상권,2110564,홍대입구역 3번,680,245,435,0,68,147,229,166,70,0,15,64,116,30,20,0,53,83,113,136,50
2019,3,A,골목상권,2110563,상수역 3번,417,309,108,10,109,160,78,30,30,8,73,120,62,22,24,2,36,40,16,8,6
2019,3,A,골목상권,2110562,연트럴파크(연남동주민센터),436,236,200,0,65,115,112,98,46,0,25,66,63,48,34,0,40,49,49,50,12
2019,3,A,골목상권,2110561,상수역 4번,1910,1234,676,16,714,646,291,186,57,6,380,517,187,101,43,10,334,129,104,85,14
2019,3,A,골목상권,2110560,마포FM,345,162,183,0,26,71,108,92,48,0,11,26,43,46,36,0,15,45,65,46,12
2019,3,A,골목상권,2110559,성산중학교,949,604,345,7,150,262,241,191,98,5,70,162,162,134,71,2,80,100,79,57,27
2019,3,A,골목상권,2110558,경성고등학교,2164,1436,728,6,293,545,517,474,329,6,137,337,361,355,240,0,156,208,156,119,89
2019,3,A,골목상권,2110557,홍대부속여중고앞,762,465,297,4,77,173,206,181,121,3,30,113,139,97,83,1,47,60,67,84,38
2019,3,A,골목상권,2110556,절두산순교성지,194,120,74,3,25,47,52,47,20,3,10,29,35,29,14,0,15,18,17,18,6
2019,3,A,골목상권,2110555,홍익지구대,500,283,217,2,67,80,74,82,195,0,20,43,46,39,135,2,47,37,28,43,60
2019,3,A,골목상권,2110554,망원역 1번,1553,791,762,2,275,436,435,273,132,2,96,204,244,155,90,0,179,232,191,118,42
2019,3,A,골목상권,2110553,가좌역 2번,303,187,116,0,24,46,90,89,54,0,16,22,51,53,45,0,8,24,39,36,9
2019,3,A,골목상권,2110552,성미산체육관,728,487,241,1,132,181,173,173,68,0,64,121,118,134,50,1,68,60,55,39,18
2019,3,A,골목상권,2110551,성서초등학교,4851,3524,1327,31,364,818,1123,1737,778,27,206,594,873,1270,554,4,158,224,250,467,224
2019,3,A,골목상권,2110550,합정역 8번,1877,961,916,1,268,519,438,378,273,1,99,222,242,219,178,0,169,297,196,159,95
2019,3,A,골목상권,2110549,새터산,233,114,119,0,21,48,57,57,50,0,7,29,30,18,30,0,14,19,27,39,20
2019,3,A,골목상권,2110548,마포구청역 4번,1085,608,477,14,253,254,212,190,162,5,93,144,141,110,115,9,160,110,71,80,47
2019,3,A,골목상권,2110547,KB국민은행 망원동지점,252,150,102,0,12,36,80,77,47,0,4,21,44,49,32,0,8,15,36,28,15
2019,3,A,골목상권,2110546,양화대교북단,724,435,289,1,198,268,145,68,44,1,83,142,112,57,40,0,115,126,33,11,4
2019,3,A,골목상권,2110545,마포구청역 1번,1000,576,424,3,87,202,277,285,146,3,45,115,142,170,101,0,42,87,135,115,45
2019,3,A,골목상권,2110544,망리단길,1193,696,497,1,159,259,352,275,147,1,89,163,189,159,95,0,70,96,163,116,52
2019,3,A,골목상권,2110543,중암중학교,48,31,17,0,10,8,17,9,4,0,4,5,11,7,4,0,6,3,6,2,0
2019,3,A,골목상권,2110542,마포구청역 7번,992,598,394,3,187,207,247,201,147,2,64,120,162,141,109,1,123,87,85,60,38
2019,3,A,골목상권,2110541,동교초등학교,460,286,174,0,55,101,132,113,59,0,29,59,92,60,46,0,26,42,40,53,13
2019,3,A,골목상권,2110540,망원나들목체육관,388,221,167,0,54,115,108,76,35,0,29,62,59,48,23,0,25,53,49,28,12
2019,3,A,골목상권,2110539,미근동,2820,1863,957,11,298,660,874,840,137,8,237,532,539,434,113,3,61,128,335,406,24
2019,3,A,골목상권,2110538,충정로역 3번,214,126,88,0,16,33,48,51,66,0,5,17,28,33,43,0,11,16,20,18,23
2019,3,A,골목상권,2110537,충정로현대아파트,908,611,297,1,132,230,263,175,107,0,64,132,195,140,80,1,68,98,68,35,27
2019,3,A,골목상권,2110536,돈의문센트레빌아파트입구,103,44,59,0,15,21,40,18,9,0,4,7,17,9,7,0,11,14,23,9,2
2019,3,A,골목상권,2110535,영천시장입구,787,435,352,2,61,112,181,282,149,2,27,61,108,146,91,0,34,51,73,136,58
2019,3,A,골목상권,2110534,경기대학교,209,95,114,0,31,48,35,42,53,0,10,21,20,14,30,0,21,27,15,28,23
2019,3,A,골목상권,2110533,충정로역 7번,23,10,13,0,5,6,2,5,5,0,0,3,1,3,3,0,5,3,1,2,2
2019,3,A,골목상권,2110532,아현역 2번,183,74,109,0,41,32,42,30,38,0,14,15,16,13,16,0,27,17,26,17,22
2019,3,A,골목상권,2110531,홍지문,67,47,20,0,17,14,12,13,11,0,13,12,8,6,8,0,4,2,4,7,3
2019,3,A,골목상권,2110530,아현역 1번,31,17,14,0,4,6,3,15,3,0,2,6,1,6,2,0,2,0,2,9,1
2019,3,A,골목상권,2110529,홍제3동주민센터,190,98,92,0,31,39,32,42,46,0,10,18,15,23,32,0,21,21,17,19,14
2019,3,A,골목상권,2110528,서울여자간호대학교,111,69,42,0,13,24,35,25,14,0,8,16,18,19,8,0,5,8,17,6,6
2019,3,A,골목상권,2110527,홍제역 2번,183,94,89,0,40,38,37,42,26,0,17,24,17,26,10,0,23,14,20,16,16
2019,3,A,골목상권,2110526,봉원사,77,39,38,0,9,10,20,26,12,0,3,5,10,14,7,0,6,5,10,12,5
2019,3,A,골목상권,2110525,홍은종합사회복지관,71,20,51,0,10,15,17,13,16,0,2,3,0,4,11,0,8,12,17,9,5
2019,3,A,골목상권,2110524,연희세브란스병원,54,25,29,0,8,12,14,11,9,0,5,7,7,3,3,0,3,5,7,8,6
2019,3,A,골목상권,2110523,홍제성원아파트,19,13,6,0,0,4,11,1,3,0,0,1,10,0,2,0,0,3,1,1,1
2019,3,A,골목상권,2110522,홍제역 3번,46,18,28,0,5,22,12,3,4,0,1,7,4,2,4,0,4,15,8,1,0
2019,3,A,골목상권,2110521,홍제역 4번,50,25,25,0,1,7,9,24,9,0,0,4,3,12,6,0,1,3,6,12,3
2019,3,A,골목상권,2110520,경의중앙 신촌역,159,97,62,0,38,38,35,28,20,0,20,19,21,21,16,0,18,19,14,7,4
2019,3,A,골목상권,2110519,서대문구보건소별관,327,169,158,1,53,86,76,71,40,0,18,35,42,43,31,1,35,51,34,28,9
2019,3,A,골목상권,2110518,서대문구청,84,42,42,1,9,26,15,15,18,1,2,14,12,5,8,0,7,12,3,10,10
2019,3,A,골목상권,2110517,서대문소방서,1077,676,401,6,232,277,239,228,95,3,105,173,167,169,59,3,127,104,72,59,36
2019,3,A,골목상권,2110516,정원여중,148,106,42,0,27,31,44,24,22,0,18,22,33,20,13,0,9,9,11,4,9
2019,3,A,골목상권,2110515,홍은중학교,321,217,104,1,35,80,89,70,46,1,21,58,59,44,34,0,14,22,30,26,12
2019,3,A,골목상권,2110514,서대문우체국,111,39,72,0,37,28,21,14,11,0,9,5,9,8,8,0,28,23,12,6,3
2019,3,A,골목상권,2110513,연희파출소,503,261,242,0,57,100,117,134,95,0,21,49,67,66,58,0,36,51,50,68,37
2019,3,A,골목상권,2110512,연희지하차도,630,319,311,4,88,152,161,157,68,4,42,108,69,65,31,0,46,44,92,92,37
2019,3,A,골목상권,2110511,연희초등학교,3920,3443,477,1,472,768,679,1567,433,1,363,662,551,1464,402,0,109,106,128,103,31
2019,3,A,골목상권,2110510,홍연시장,106,68,38,0,7,21,37,23,18,0,4,15,24,12,13,0,3,6,13,11,5
2019,3,A,골목상권,2110509,연희대우아파트앞,845,444,401,4,101,180,180,224,156,0,36,85,101,124,98,4,65,95,79,100,58
2019,3,A,골목상권,2110508,서연중학교,996,476,520,2,148,275,189,228,154,0,61,175,100,79,61,2,87,100,89,149,93
2019,3,A,골목상권,2110507,명지대학교,252,136,116,0,41,57,60,64,30,0,17,28,35,33,23,0,24,29,25,31,7
2019,3,A,골목상권,2110506,연희임광아파트,106,59,47,0,8,12,36,26,24,0,1,7,18,15,18,0,7,5,18,11,6
2019,3,A,골목상권,2110505,홍남교남측,14,9,5,0,1,0,3,7,3,0,0,0,2,5,2,0,1,0,1,2,1
2019,3,A,골목상권,2110504,명지전문대,131,33,98,0,6,23,25,36,41,0,1,5,7,11,9,0,5,18,18,25,32
2019,3,A,골목상권,2110503,명지대학교교회,409,247,162,0,27,62,75,128,117,0,9,29,29,78,102,0,18,33,46,50,15
2019,3,A,골목상권,2110502,남가좌파출소,255,120,135,0,28,39,80,70,38,0,9,17,38,35,21,0,19,22,42,35,17
2019,3,A,골목상권,2110501,연희어린이공원,246,85,161,0,15,35,45,89,62,0,4,20,16,22,23,0,11,15,29,67,39
2019,3,A,골목상권,2110500,남가좌동현대아파트,118,28,90,0,6,17,37,49,9,0,2,5,7,9,5,0,4,12,30,40,4
2019,3,A,골목상권,2110499,연가초등학교,262,143,119,0,30,45,69,69,49,0,8,24,32,43,36,0,22,21,37,26,13
2019,3,A,골목상권,2110498,증산역 1번,291,128,163,0,21,41,75,70,84,0,9,14,26,36,43,0,12,27,49,34,41
2019,3,A,골목상권,2110497,가좌역 3번,261,234,27,0,2,14,80,114,51,0,0,9,71,111,43,0,2,5,9,3,8
2019,3,A,골목상권,2110496,모래내우체국,686,365,321,2,85,196,182,120,101,2,24,93,121,62,63,0,61,103,61,58,38
2019,3,A,골목상권,2110495,북가좌2동주민센터,578,442,136,0,29,92,147,197,113,0,13,65,104,167,93,0,16,27,43,30,20
2019,3,A,골목상권,2110494,증산3교남측,61,44,17,0,5,21,16,12,7,0,1,17,12,9,5,0,4,4,4,3,2
2019,3,A,골목상권,2110493,북가좌초등학교,2178,2001,177,0,5,24,48,183,1918,0,0,16,36,155,1794,0,5,8,12,28,124
2019,3,A,골목상권,2110492,하나고등학교,251,41,210,1,4,12,15,104,115,0,0,7,8,9,17,1,4,5,7,95,98
2019,3,A,골목상권,2110491,불광중학교,236,123,113,0,16,46,78,63,33,0,12,31,35,24,21,0,4,15,43,39,12
2019,3,A,골목상권,2110490,녹번동근린공원,290,157,133,0,19,53,97,73,48,0,6,27,54,41,29,0,13,26,43,32,19
2019,3,A,골목상권,2110489,불광역 3번,69,31,38,0,12,15,21,18,3,0,3,4,11,10,3,0,9,11,10,8,0
2019,3,A,골목상권,2110488,우리은행응암동지점,237,123,114,0,23,30,53,44,87,0,6,17,27,21,52,0,17,13,26,23,35
2019,3,A,골목상권,2110487,불광역 8번,90,49,41,1,16,30,28,8,7,0,8,14,14,6,7,1,8,16,14,2,0
2019,3,A,골목상권,2110486,은평구청,421,238,183,0,45,68,105,120,83,0,22,49,54,60,53,0,23,19,51,60,30
2019,3,A,골목상권,2110485,연신내우체국,1158,590,568,0,14,32,41,129,942,0,9,8,18,52,503,0,5,24,23,77,439
2019,3,A,골목상권,2110484,역촌역 3번,474,240,234,4,77,122,116,95,60,3,45,72,50,37,33,1,32,50,66,58,27
2019,3,A,골목상권,2110483,연천초등학교,99,53,46,0,6,11,23,14,45,0,2,4,10,8,29,0,4,7,13,6,16
2019,3,A,골목상권,2110482,연신초등학교,59,23,36,0,4,7,18,25,5,0,1,0,4,14,4,0,3,7,14,11,1
2019,3,A,골목상권,2110481,불광역 7번,221,110,111,0,25,41,56,55,44,0,8,17,25,30,30,0,17,24,31,25,14
2019,3,A,골목상권,2110480,연신내역 3번,130,34,96,0,14,26,40,30,20,0,0,6,11,10,7,0,14,20,29,20,13
2019,3,A,골목상권,2110479,연신내역 2번,487,244,243,0,72,127,110,122,56,0,30,95,55,42,22,0,42,32,55,80,34
2019,3,A,골목상권,2110478,응암1동주민센터,311,207,104,4,24,42,53,61,127,4,12,24,31,36,100,0,12,18,22,25,27
2019,3,A,골목상권,2110477,은평세무서,487,257,230,1,41,107,124,133,81,0,14,61,69,67,46,1,27,46,55,66,35
2019,3,A,골목상권,2110476,역촌역 2번,62,27,35,0,2,7,20,25,8,0,0,1,7,11,8,0,2,6,13,14,0
2019,3,A,골목상권,2110475,백련산해모로아파트,236,129,107,1,19,46,78,60,32,1,10,28,47,25,18,0,9,18,31,35,14
2019,3,A,골목상권,2110474,세명컴퓨터고등학교,227,85,142,0,24,45,42,65,51,0,12,20,18,14,21,0,12,25,24,51,30
2019,3,A,골목상권,2110473,구산역 1번,417,219,198,0,34,60,153,101,69,0,22,31,68,47,51,0,12,29,85,54,18
2019,3,A,골목상권,2110472,연신내역 4번,335,162,173,1,60,89,83,64,38,0,18,50,35,35,24,1,42,39,48,29,14
2019,3,A,골목상권,2110471,응암동우체국,431,157,274,0,35,64,78,116,138,0,13,26,27,39,52,0,22,38,51,77,86
2019,3,A,골목상권,2110470,신진과학기술고등학교,121,67,54,0,32,30,34,19,6,0,12,16,25,12,2,0,20,14,9,7,4
2019,3,A,골목상권,2110469,응암정보도서관,508,275,233,0,46,86,153,160,63,0,23,52,76,74,50,0,23,34,77,86,13
2019,3,A,골목상권,2110468,응암역 3번,805,429,376,1,107,197,198,168,134,0,34,97,123,92,83,1,73,100,75,76,51
2019,3,A,골목상권,2110467,은평요양병원,253,129,124,1,29,46,60,56,61,0,11,21,26,31,40,1,18,25,34,25,21
2019,3,A,골목상권,2110466,구산역 2번,267,160,107,0,31,50,63,69,54,0,15,29,40,39,37,0,16,21,23,30,17
2019,3,A,골목상권,2110465,연신내역 7번,238,116,122,1,37,55,52,57,36,0,10,29,21,29,27,1,27,26,31,28,9
2019,3,A,골목상권,2110464,연신내역 5번,367,212,155,7,57,65,102,91,45,7,27,37,46,58,37,0,30,28,56,33,8
2019,3,A,골목상권,2110463,응암3동주민센터,218,106,112,1,61,51,41,33,31,0,36,25,13,12,20,1,25,26,28,21,11
2019,3,A,골목상권,2110462,갈현건영아파트,360,218,142,1,48,69,94,82,66,1,28,40,53,46,50,0,20,29,41,36,16
2019,3,A,골목상권,2110461,새절역 2번,28,19,9,0,2,5,7,7,7,0,2,2,5,5,5,0,0,3,2,2,2
2019,3,A,골목상권,2110460,구산역 4번,652,254,398,0,44,111,197,170,130,0,18,58,66,49,63,0,26,53,131,121,67
2019,3,A,골목상권,2110459,응암역 2번,579,213,366,2,54,113,163,160,87,1,14,44,78,43,33,1,40,69,85,117,54
2019,3,A,골목상권,2110458,선일여고,384,212,172,2,35,95,94,104,54,0,15,56,46,58,37,2,20,39,48,46,17
2019,3,A,골목상권,2110457,예일여고,706,477,229,3,94,152,140,162,155,0,62,100,99,107,109,3,32,52,41,55,46
2019,3,A,골목상권,2110456,구산보건지소,913,512,401,2,273,222,168,139,109,1,120,115,89,90,97,1,153,107,79,49,12
2019,3,A,골목상권,2110455,역촌노인복지관,657,305,352,1,69,128,168,183,108,0,30,69,64,78,64,1,39,59,104,105,44
2019,3,A,골목상권,2110454,선정중학교,523,289,234,2,55,77,157,124,108,2,43,34,58,75,77,0,12,43,99,49,31
2019,3,A,골목상권,2110453,신사1동주민센터,605,339,266,0,47,100,157,170,131,0,18,36,83,98,104,0,29,64,74,72,27
2019,3,A,골목상권,2110452,새절역 3번,417,339,78,1,13,52,80,121,150,1,9,29,57,104,139,0,4,23,23,17,11
2019,3,A,골목상권,2110451,증산역 4번,1322,1032,290,1,152,378,356,304,131,1,80,295,309,244,103,0,72,83,47,60,28
2019,3,A,골목상권,2110450,시립서북병원,1396,559,837,3,219,305,300,332,237,3,87,141,125,110,93,0,132,164,175,222,144
2019,3,A,골목상권,2110449,증산역 3번,706,401,305,0,117,165,188,148,88,0,51,98,104,80,68,0,66,67,84,68,20
2019,3,A,골목상권,2110448,상신초등학교입구,218,102,116,0,36,51,44,49,38,0,14,22,22,20,24,0,22,29,22,29,14
2019,3,A,골목상권,2110447,구산초등학교,1,1,0,0,0,1,0,0,0,0,0,1,0,0,0,0,0,0,0,0,0
2019,3,A,골목상권,2110446,내를건너서숲으로도서관,369,286,83,0,61,93,79,68,68,0,55,79,52,44,56,0,6,14,27,24,12
2019,3,A,골목상권,2110445,덕산중학교,67,49,18,0,11,18,19,7,12,0,7,12,12,6,12,0,4,6,7,1,0
2019,3,A,골목상권,2110444,수색성당,160,70,90,0,19,47,38,44,12,0,7,23,13,17,10,0,12,24,25,27,2
2019,3,A,골목상권,2110443,수색역 1번,17,12,5,0,1,1,8,6,1,0,1,1,5,4,1,0,0,0,3,2,0
2019,3,A,골목상권,2110442,화랑대철도공원,114,52,62,0,11,18,20,52,13,0,9,14,9,12,8,0,2,4,11,40,5
2019,3,A,골목상권,2110441,영신여고,176,79,97,0,13,39,46,47,31,0,2,21,19,23,14,0,11,18,27,24,17
2019,3,A,골목상권,2110440,상계3동4동주민센터,40,11,29,0,8,9,12,7,4,0,1,1,5,2,2,0,7,8,7,5,2
2019,3,A,골목상권,2110439,당고개역 5번,65,28,37,0,7,8,12,15,23,0,1,5,7,7,8,0,6,3,5,8,15
2019,3,A,골목상권,2110438,경춘선숲길 우측,285,145,140,1,27,78,100,63,16,0,15,36,50,35,9,1,12,42,50,28,7
2019,3,A,골목상권,2110437,당고개역 2번,147,55,92,0,19,26,38,42,22,0,8,11,12,13,11,0,11,15,26,29,11
2019,3,A,골목상권,2110436,상계제일중학교,100,55,45,0,17,22,30,21,10,0,6,8,19,13,9,0,11,14,11,8,1
2019,3,A,골목상권,2110435,서울과학기술대,67,40,27,0,4,10,14,25,14,0,3,5,7,13,12,0,1,5,7,12,2
2019,3,A,골목상권,2110434,태릉입구역 4번,131,64,67,0,11,7,24,42,47,0,1,2,11,21,29,0,10,5,13,21,18
2019,3,A,골목상권,2110433,공릉역 2번,462,162,300,1,50,65,64,55,227,1,21,30,34,23,53,0,29,35,30,32,174
2019,3,A,골목상권,2110432,대진고등학교,913,740,173,0,52,145,243,364,109,0,24,96,208,321,91,0,28,49,35,43,18
2019,3,A,골목상권,2110431,상계역,101,50,51,1,20,19,29,19,13,0,7,11,16,10,6,1,13,8,13,9,7
2019,3,A,골목상권,2110430,중계초등학교,179,102,77,0,15,28,39,42,55,0,10,12,18,21,41,0,5,16,21,21,14
2019,3,A,골목상권,2110429,공릉동 국수거리,2346,994,1352,3,232,323,514,711,563,2,89,189,249,246,219,1,143,134,265,465,344
2019,3,A,골목상권,2110428,상계5동주민센터,548,256,292,3,56,59,129,172,129,1,17,33,61,75,69,2,39,26,68,97,60
2019,3,A,골목상권,2110427,노원 을지대학교병원,350,271,79,0,23,31,61,114,121,0,10,15,34,98,114,0,13,16,27,16,7
2019,3,A,골목상권,2110426,상계2동주민센터,367,181,186,0,49,66,92,97,63,0,21,35,41,47,37,0,28,31,51,50,26
2019,3,A,골목상권,2110425,계상초등학교,113,55,58,1,17,7,33,30,25,1,3,5,17,16,13,0,14,2,16,14,12
2019,3,A,골목상권,2110424,상계초등학교,381,157,224,1,27,51,107,111,84,1,15,35,36,43,27,0,12,16,71,68,57
2019,3,A,골목상권,2110423,석계역 2번,281,141,140,1,39,48,79,62,52,0,14,28,47,34,18,1,25,20,32,28,34
2019,3,A,골목상권,2110422,노원역 9번,217,171,46,0,24,52,70,37,34,0,21,44,57,24,25,0,3,8,13,13,9
2019,3,A,골목상권,2110421,석계역 1번,243,94,149,0,15,37,78,69,44,0,4,11,25,29,25,0,11,26,53,40,19
2019,3,A,골목상권,2110420,광운대역 1번,827,499,328,8,225,323,194,41,36,0,107,245,99,24,24,8,118,78,95,17,12
2019,3,A,골목상권,2110419,수락산디자인거리,1101,778,323,3,115,172,247,238,326,3,66,99,170,175,265,0,49,73,77,63,61
2019,3,A,골목상권,2110418,광운대학교 남단,119,66,53,0,20,20,21,26,32,0,15,12,11,17,11,0,5,8,10,9,21
2019,3,A,골목상권,2110417,월계역 3번,66,34,32,0,15,11,8,15,17,0,6,7,4,6,11,0,9,4,4,9,6
2019,3,A,골목상권,2110416,노원초등학교,605,312,293,4,91,146,139,163,62,2,30,97,79,71,33,2,61,49,60,92,29
2019,3,A,골목상권,2110415,수락산역 4번,949,444,505,4,82,124,181,195,363,4,45,76,99,109,111,0,37,48,82,86,252
2019,3,A,골목상권,2110414,장석교회,65,49,16,0,5,10,13,27,10,0,3,8,10,21,7,0,2,2,3,6,3
2019,3,A,골목상권,2110413,누원고등학교,82,42,40,0,14,13,20,17,18,0,7,9,8,7,11,0,7,4,12,10,7
2019,3,A,골목상권,2110412,창동중학교,30,27,3,0,3,9,6,5,7,0,3,9,5,3,7,0,0,0,1,2,0
2019,3,A,골목상권,2110411,도봉역 3번,437,382,55,0,13,31,62,146,185,0,6,19,47,135,175,0,7,12,15,11,10
2019,3,A,골목상권,2110410,방학역 2번,1418,1247,171,2,116,213,240,387,460,2,80,178,199,352,436,0,36,35,41,35,24
2019,3,A,골목상권,2110409,창동역 2번,3269,2172,1097,2,220,675,783,668,921,0,120,483,603,365,601,2,100,192,180,303,320
2019,3,A,골목상권,2110408,가인초등학교,326,123,203,0,60,64,94,80,28,0,13,23,40,34,13,0,47,41,54,46,15
2019,3,A,골목상권,2110407,도봉역 2번,630,401,229,2,43,94,140,208,143,2,20,59,75,132,113,0,23,35,65,76,30
2019,3,A,골목상권,2110406,도봉산역 1번,159,118,41,0,15,31,37,32,44,0,7,20,29,25,37,0,8,11,8,7,7
2019,3,A,골목상권,2110405,방학역 1번,319,164,155,0,57,68,77,72,45,0,23,43,29,40,29,0,34,25,48,32,16
2019,3,A,골목상권,2110404,신창초등학교,501,288,213,2,40,95,144,138,82,0,13,57,96,70,52,2,27,38,48,68,30
2019,3,A,골목상권,2110403,방학1동주민센터,346,171,175,0,44,61,74,88,79,0,28,38,38,36,31,0,16,23,36,52,48
2019,3,A,골목상권,2110402,도봉구 정병원,551,254,297,1,80,99,112,137,122,0,21,42,60,67,64,1,59,57,52,70,58
2019,3,A,골목상권,2110401,도봉구민회관,252,58,194,0,24,31,43,91,63,0,2,9,15,22,10,0,22,22,28,69,53
2019,3,A,골목상권,2110400,도봉구보건소,359,244,115,0,32,43,82,93,109,0,13,23,40,69,99,0,19,20,42,24,10
2019,3,A,골목상권,2110399,창2동주민센터,820,507,313,9,95,198,240,199,79,9,63,155,121,105,54,0,32,43,119,94,25
2019,3,A,골목상권,2110398,쌍문2동우체국,470,311,159,0,37,60,91,140,142,0,10,22,46,109,124,0,27,38,45,31,18
2019,3,A,골목상권,2110397,도봉산입구,551,285,266,0,33,73,125,160,160,0,7,41,50,73,114,0,26,32,75,87,46
2019,3,A,골목상권,2110396,쌍문역1번(쌍리단길),198,87,111,0,18,29,48,70,33,0,11,13,22,26,15,0,7,16,26,44,18
2019,3,A,골목상권,2110395,신한은행 방학동지점,168,61,107,0,14,29,41,40,44,0,0,10,16,12,23,0,14,19,25,28,21
2019,3,A,골목상권,2110394,방학중학교,239,140,99,0,15,42,53,63,66,0,7,23,28,36,46,0,8,19,25,27,20
2019,3,A,골목상권,2110393,국민은행방학지점,64,19,45,0,6,8,26,20,4,0,0,0,8,8,3,0,6,8,18,12,1
2019,3,A,골목상권,2110392,발바닥공원,57,20,37,0,7,14,13,12,11,0,3,4,4,2,7,0,4,10,9,10,4
2019,3,A,골목상권,2110391,샘말어린이공원,328,158,170,0,24,60,89,49,106,0,12,33,53,23,37,0,12,27,36,26,69
2019,3,A,골목상권,2110390,방학초등학교,160,66,94,0,6,36,44,49,25,0,3,16,15,20,12,0,3,20,29,29,13
2019,3,A,골목상권,2110389,한일병원,150,96,54,0,12,29,42,38,29,0,5,16,28,26,21,0,7,13,14,12,8
2019,3,A,골목상권,2110388,도봉우체국,49,29,20,0,7,4,13,17,8,0,3,2,6,10,8,0,4,2,7,7,0
2019,3,A,골목상권,2110387,쌍문초등학교,345,190,155,0,29,56,101,87,72,0,8,28,54,43,57,0,21,28,47,44,15
2019,3,A,골목상권,2110386,연산군묘,127,117,10,0,4,5,14,42,62,0,1,5,10,39,62,0,3,0,4,3,0
2019,3,A,골목상권,2110385,효문고등학교,31,24,7,0,2,5,10,5,9,0,1,4,7,3,9,0,1,1,3,2,0
2019,3,A,골목상권,2110384,문이교,258,134,124,0,37,26,58,77,60,0,9,10,23,46,46,0,28,16,35,31,14
2019,3,A,골목상권,2110383,덕성여대시반거리,34,21,13,0,0,3,13,12,6,0,0,2,8,6,5,0,0,1,5,6,1
2019,3,A,골목상권,2110382,솔밭공원역 1번,45,32,13,0,1,9,9,9,17,0,0,4,6,9,13,0,1,5,3,0,4
2019,3,A,골목상권,2110381,번동주공2단지,219,119,100,6,37,45,54,56,21,5,17,23,31,29,14,1,20,22,23,27,7
2019,3,A,골목상권,2110380,강북문화정보도서관,48,15,33,0,11,8,12,13,4,0,0,2,4,6,3,0,11,6,8,7,1
2019,3,A,골목상권,2110379,KT&G 북부지사,22,11,11,0,2,2,7,6,5,0,0,1,4,3,3,0,2,1,3,3,2
2019,3,A,골목상권,2110378,송중동주민센터,53,33,20,0,6,12,15,13,7,0,4,10,9,7,3,0,2,2,6,6,4
2019,3,A,골목상권,2110377,미아사거리역 3번,24,16,8,0,1,2,5,10,6,0,1,2,3,6,4,0,0,0,2,4,2
2019,3,A,골목상권,2110376,수송초등학교,217,145,72,0,15,37,61,61,43,0,7,25,38,41,34,0,8,12,23,20,9
2019,3,A,골목상권,2110375,서울북부고용노동지청,151,94,57,0,17,29,48,40,17,0,11,23,29,21,10,0,6,6,19,19,7
2019,3,A,골목상권,2110374,송중초등학교,510,274,236,3,41,63,159,136,108,3,10,34,79,62,86,0,31,29,80,74,22
2019,3,A,골목상권,2110373,수유역 2번,887,707,180,0,82,278,183,241,103,0,57,226,147,215,62,0,25,52,36,26,41
2019,3,A,골목상권,2110372,강북중학교,173,89,84,0,23,31,47,46,26,0,17,18,15,19,20,0,6,13,32,27,6
2019,3,A,골목상권,2110371,삼양입구사거리,85,46,39,0,3,7,19,29,27,0,2,2,12,15,15,0,1,5,7,14,12
2019,3,A,골목상권,2110370,도봉세무서,440,286,154,1,21,81,84,105,148,1,13,45,44,72,111,0,8,36,40,33,37
2019,3,A,골목상권,2110369,성신여대운정그린캠퍼스,509,219,290,2,52,49,119,137,150,1,15,24,44,55,80,1,37,25,75,82,70
2019,3,A,골목상권,2110368,송천초등학교,229,200,29,0,13,17,43,92,64,0,9,12,34,82,63,0,4,5,9,10,1
2019,3,A,골목상권,2110367,강북구청,1925,970,955,1,182,510,468,532,232,1,59,200,227,360,123,0,123,310,241,172,109
2019,3,A,골목상권,2110366,광산사거리,201,135,66,0,35,39,39,55,33,0,18,25,21,42,29,0,17,14,18,13,4
2019,3,A,골목상권,2110365,미아역 5번,340,85,255,0,17,16,33,62,212,0,4,10,12,20,39,0,13,6,21,42,173
2019,3,A,골목상권,2110364,미아역 8번,136,64,72,0,7,20,53,34,22,0,1,6,26,18,13,0,6,14,27,16,9
2019,3,A,골목상권,2110363,송천동주민센터,17,11,6,0,1,3,5,6,2,0,1,2,3,3,2,0,0,1,2,3,0
2019,3,A,골목상권,2110362,우이천 계성교,226,116,110,1,18,30,65,62,50,0,9,15,30,31,31,1,9,15,35,31,19
2019,3,A,골목상권,2110361,삼양사거리역 1번,113,38,75,0,12,17,24,27,33,0,2,9,7,8,12,0,10,8,17,19,21
2019,3,A,골목상권,2110360,수유초등학교,245,154,91,0,22,75,69,44,35,0,10,51,47,20,26,0,12,24,22,24,9
2019,3,A,골목상권,2110359,수유시장옆,163,77,86,0,14,31,62,41,15,0,3,10,26,28,10,0,11,21,36,13,5
2019,3,A,골목상권,2110358,인수동 우편취급국,520,307,213,0,19,33,69,192,207,0,7,15,25,92,168,0,12,18,44,100,39
2019,3,A,골목상권,2110357,가오리역 1번,706,605,101,0,18,26,159,342,161,0,5,11,137,312,140,0,13,15,22,30,21
2019,3,A,골목상권,2110356,덕수교,258,123,135,0,19,46,62,66,65,0,8,22,21,32,40,0,11,24,41,34,25
2019,3,A,골목상권,2110355,삼양사거리역 2번,293,237,56,0,13,29,36,92,123,0,4,12,23,83,115,0,9,17,13,9,8
2019,3,A,골목상권,2110354,삼각산119안전센터,34,8,26,0,7,7,12,5,3,0,0,2,3,1,2,0,7,5,9,4,1
2019,3,A,골목상권,2110353,수유동우체국,189,91,98,0,10,20,38,62,59,0,6,14,21,31,19,0,4,6,17,31,40
2019,3,A,골목상권,2110352,수유1동주민센터,421,165,256,1,51,72,130,111,56,1,18,32,49,40,25,0,33,40,81,71,31
2019,3,A,골목상권,2110351,수유북부시장옆,225,106,119,0,25,55,56,53,36,0,7,23,24,26,26,0,18,32,32,27,10
2019,3,A,골목상권,2110350,가오리역 2번,181,77,104,0,10,28,38,63,42,0,3,11,21,24,18,0,7,17,17,39,24
2019,3,A,골목상권,2110349,화계역 2번,5,4,1,0,0,0,2,1,2,0,0,0,1,1,2,0,0,0,1,0,0
2019,3,A,골목상권,2110348,강북문화예술회관,493,262,231,0,28,62,115,117,171,0,3,34,69,50,106,0,25,28,46,67,65
2019,3,A,골목상권,2110347,구세군강북종합사회복지관,44,15,29,0,13,9,9,9,4,0,2,5,3,3,2,0,11,4,6,6,2
2019,3,A,골목상권,2110346,4.19민주묘지역 2번,109,48,61,0,14,17,26,19,33,0,4,7,7,7,23,0,10,10,19,12,10
2019,3,A,골목상권,2110345,솔밭공원역 2번,147,64,83,3,21,26,27,47,23,1,9,12,8,20,14,2,12,14,19,27,9
2019,3,A,골목상권,2110344,화계중학교,556,549,7,0,9,49,193,228,77,0,6,45,193,228,77,0,3,4,0,0,0
2019,3,A,골목상권,2110343,무너미어린이공원,75,56,19,0,2,20,19,25,9,0,1,16,13,19,7,0,1,4,6,6,2
2019,3,A,골목상권,2110342,국립재활원,60,43,17,0,8,14,14,16,8,0,2,12,12,11,6,0,6,2,2,5,2
2019,3,A,골목상권,2110341,북한산우이역 2번,490,407,83,0,15,22,71,252,130,0,4,10,45,229,119,0,11,12,26,23,11
2019,3,A,골목상권,2110340,인수중학교,161,103,58,0,20,58,43,20,20,0,5,44,33,10,11,0,15,14,10,10,9
2019,3,A,골목상권,2110339,국립4.19민주묘지,20,11,9,0,2,4,7,4,3,0,0,3,6,0,2,0,2,1,1,4,1
2019,3,A,골목상권,2110338,인수초등학교,188,137,51,0,30,66,40,42,10,0,17,47,31,34,8,0,13,19,9,8,2
2019,3,A,골목상권,2110337,아카데미하우스,711,420,291,3,80,82,103,183,260,3,57,68,58,105,129,0,23,14,45,78,131
2019,3,A,골목상권,2110336,석관고등학교,336,312,24,0,8,52,90,115,71,0,6,45,84,111,66,0,2,7,6,4,5
2019,3,A,골목상권,2110335,석계역 7번,231,124,107,0,26,42,69,53,41,0,8,22,35,28,31,0,18,20,34,25,10
2019,3,A,골목상권,2110334,석관중앙교회,124,75,49,0,12,33,30,29,20,0,6,15,19,20,15,0,6,18,11,9,5
2019,3,A,골목상권,2110333,돌곶이역 5번,1026,770,256,0,16,33,45,69,863,0,1,18,25,36,690,0,15,15,20,33,173
2019,3,A,골목상권,2110332,돌곶이역 3번,180,76,104,0,27,26,48,55,24,0,3,13,21,22,17,0,24,13,27,33,7
2019,3,A,골목상권,2110331,돌곶이역 8번,445,298,147,3,58,153,113,78,40,0,20,109,84,57,28,3,38,44,29,21,12
2019,3,A,골목상권,2110330,돌곶이역 1번,266,211,55,0,34,32,42,28,130,0,20,23,31,22,115,0,14,9,11,6,15
2019,3,A,골목상권,2110329,우리은행체육관,68,30,38,0,8,5,20,23,12,0,0,2,11,10,7,0,8,3,9,13,5
2019,3,A,골목상권,2110328,상월곡역 3번,554,345,209,1,66,174,166,88,59,1,38,112,102,52,40,0,28,62,64,36,19
2019,3,A,골목상권,2110327,상월곡역 2번,124,68,56,2,7,22,41,30,22,2,3,8,24,18,13,0,4,14,17,12,9
2019,3,A,골목상권,2110326,장위동성당,88,43,45,0,2,10,14,15,47,0,1,2,4,8,28,0,1,8,10,7,19
2019,3,A,골목상권,2110325,장곡초등학교,86,40,46,0,6,19,23,25,13,0,3,9,10,10,8,0,3,10,13,15,5
2019,3,A,골목상권,2110324,월곡역 4번,91,52,39,0,27,16,21,16,11,0,7,9,15,12,9,0,20,7,6,4,2
2019,3,A,골목상권,2110323,상월곡역 1번,128,40,88,1,28,28,32,27,12,0,4,9,13,9,5,1,24,19,19,18,7
2019,3,A,골목상권,2110322,장위1동주민센터,256,163,93,1,16,35,42,75,87,1,7,17,27,52,59,0,9,18,15,23,28
2019,3,A,골목상권,2110321,동덕여대,45,33,12,0,2,5,19,10,9,0,2,5,11,7,8,0,0,0,8,3,1
2019,3,A,골목상권,2110320,KB국민은행 종암동지점,70,47,23,0,2,8,26,20,14,0,2,4,15,13,13,0,0,4,11,7,1
2019,3,A,골목상권,2110319,종암동주민센터,296,114,182,2,41,53,70,70,60,1,7,19,27,33,27,1,34,34,43,37,33
2019,3,A,골목상권,2110318,KT월곡지사,136,68,68,1,10,13,49,41,22,0,4,7,24,17,16,1,6,6,25,24,6
2019,3,A,골목상권,2110317,종암중학교,418,215,203,0,33,118,152,93,22,0,13,46,76,68,12,0,20,72,76,25,10
2019,3,A,골목상권,2110316,숭곡초등학교,802,441,361,2,183,217,217,119,64,1,75,122,133,62,48,1,108,95,84,57,16
2019,3,A,골목상권,2110315,종암아이파크2차,195,114,81,0,23,30,45,52,45,0,12,18,26,29,29,0,11,12,19,23,16
2019,3,A,골목상권,2110314,종암경찰서,961,694,267,1,116,262,249,291,42,0,52,196,176,242,28,1,64,66,73,49,14
2019,3,A,골목상권,2110313,안암역 3번,2094,1344,750,3,207,551,679,479,175,1,90,310,447,350,146,2,117,241,232,129,29
2019,3,A,골목상권,2110312,안암역 2번,210,112,98,1,27,33,56,61,32,0,11,21,30,30,20,1,16,12,26,31,12
2019,3,A,골목상권,2110311,종암아이파크2차후문,35,24,11,0,2,1,16,6,10,0,2,1,9,3,9,0,0,0,7,3,1
2019,3,A,골목상권,2110310,길음역 10번,58,18,40,0,0,5,10,35,8,0,0,4,3,8,3,0,0,1,7,27,5
2019,3,A,골목상권,2110309,대광초등학교,414,290,124,2,44,80,97,115,76,1,23,52,64,91,59,1,21,28,33,24,17
2019,3,A,골목상권,2110308,길음역 8번,215,102,113,0,29,50,67,44,25,0,7,25,34,21,15,0,22,25,33,23,10
2019,3,A,골목상권,2110307,길음역 7번,257,108,149,1,59,58,71,43,25,1,10,28,29,22,18,0,49,30,42,21,7
2019,3,A,골목상권,2110306,미아초등학교,296,204,92,3,14,48,59,72,100,1,4,26,37,50,86,2,10,22,22,22,14
2019,3,A,골목상권,2110305,보문역 5번,533,373,160,3,41,62,110,140,177,2,13,43,73,100,142,1,28,19,37,40,35
2019,3,A,골목상권,2110304,보문역 4번,225,122,103,0,35,55,48,49,38,0,11,31,22,35,23,0,24,24,26,14,15
2019,3,A,골목상권,2110303,성신여대입구역 1번,331,149,182,2,146,78,48,31,26,0,36,41,25,27,20,2,110,37,23,4,6
2019,3,A,골목상권,2110302,보문역 8번,3888,3217,671,1,362,1456,725,859,485,1,245,1287,661,716,307,0,117,169,64,143,178
2019,3,A,골목상권,2110301,성신여대입구역 7번,349,148,201,0,23,46,86,106,88,0,7,22,34,50,35,0,16,24,52,56,53
2019,3,A,골목상권,2110300,삼선동주민센터,1207,872,335,3,83,209,372,407,133,1,34,139,281,326,91,2,49,70,91,81,42
2019,3,A,골목상권,2110299,정릉역 1번,263,132,131,1,48,67,72,49,26,1,21,28,34,29,19,0,27,39,38,20,7
2019,3,A,골목상권,2110298,솔숲어린이공원,67,22,45,0,17,10,18,16,6,0,1,4,5,7,5,0,16,6,13,9,1
2019,3,A,골목상권,2110297,경동고등학교,783,402,381,0,104,192,187,170,130,0,44,125,95,87,51,0,60,67,92,83,79
2019,3,A,골목상권,2110296,성신여대입구역 4번,95,43,52,0,11,22,29,14,19,0,4,13,11,10,5,0,7,9,18,4,14
2019,3,A,골목상권,2110295,정릉우체국,737,275,462,1,173,184,181,133,65,1,37,69,60,58,50,0,136,115,121,75,15
2019,3,A,골목상권,2110294,서경대학교,435,298,137,0,38,37,104,131,125,0,18,19,52,96,113,0,20,18,52,35,12
2019,3,A,골목상권,2110293,삼선중학교,1585,772,813,4,206,433,480,303,159,3,99,259,231,99,81,1,107,174,249,204,78
2019,3,A,골목상권,2110292,정릉역 2번,37,13,24,0,0,5,12,4,16,0,0,4,6,2,1,0,0,1,6,2,15
2019,3,A,골목상권,2110291,한성대입구역 3번,359,186,173,0,33,61,94,88,83,0,20,28,48,54,36,0,13,33,46,34,47
2019,3,A,골목상권,2110290,북한산보국문역 1번,99,83,16,0,3,12,29,36,19,0,3,10,25,29,16,0,0,2,4,7,3
2019,3,A,골목상권,2110289,북한산보국문역 2번,175,119,56,0,11,31,55,48,30,0,7,22,31,33,26,0,4,9,24,15,4
2019,3,A,골목상권,2110288,동구여중,287,170,117,1,36,65,74,69,42,0,17,28,47,45,33,1,19,37,27,24,9
2019,3,A,골목상권,2110287,정릉3동주민센터,117,77,40,0,11,28,27,28,23,0,5,20,23,17,12,0,6,8,4,11,11
2019,3,A,골목상권,2110286,한성대입구역 5번,806,436,370,16,284,181,158,110,57,7,138,94,88,75,34,9,146,87,70,35,23
2019,3,A,골목상권,2110285,홍대부중,613,460,153,7,99,169,191,98,49,7,68,139,154,65,27,0,31,30,37,33,22
2019,3,A,골목상권,2110284,정릉북한산국립공원입구,603,530,73,0,8,68,177,246,104,0,7,58,159,215,91,0,1,10,18,31,13
2019,3,A,골목상권,2110283,성북초등학교앞,243,112,131,0,19,42,68,95,19,0,6,17,35,41,13,0,13,25,33,54,6
2019,3,A,골목상권,2110282,국민대학교앞,1374,1142,232,5,182,416,349,252,170,4,128,373,305,225,107,1,54,43,44,27,63
2019,3,A,골목상권,2110281,길상사,13265,11795,1470,8,964,2779,4078,5143,293,0,733,2280,3650,4910,222,8,231,499,428,233,71
2019,3,A,골목상권,2110280,북정마을,83,42,41,1,5,14,28,23,12,0,1,4,14,15,8,1,4,10,14,8,4
2019,3,A,골목상권,2110279,신내역 2번,22,18,4,0,4,3,8,7,0,0,3,3,7,5,0,0,1,0,1,2,0
2019,3,A,골목상권,2110278,망우본동주민센터,401,228,173,1,44,60,98,116,82,0,20,37,53,70,48,1,24,23,45,46,34
2019,3,A,골목상권,2110277,러스크서울병원,293,159,134,0,16,63,84,82,48,0,4,34,51,40,30,0,12,29,33,42,18
2019,3,A,골목상권,2110276,신내IC북측,58,41,17,0,3,12,13,18,12,0,1,11,7,12,10,0,2,1,6,6,2
2019,3,A,골목상권,2110275,하나은행 망우동지점,64,31,33,0,6,15,13,15,15,0,2,5,4,9,11,0,4,10,9,6,4
2019,3,A,골목상권,2110274,서일대학교,329,177,152,0,44,46,94,77,68,0,11,23,57,48,38,0,33,23,37,29,30
2019,3,A,골목상권,2110273,장스여성병원,649,450,199,6,46,46,80,210,261,0,5,12,36,163,234,6,41,34,44,47,27
2019,3,A,골목상권,2110272,신내1동주민센터,550,364,186,1,50,82,108,179,130,0,19,45,70,119,111,1,31,37,38,60,19
2019,3,A,골목상권,2110271,신내역 1번,105,78,27,0,5,20,27,30,23,0,2,16,19,22,19,0,3,4,8,8,4
2019,3,A,골목상권,2110270,혜원여고,173,166,7,0,3,2,8,67,93,0,3,2,7,64,90,0,0,0,1,3,3
2019,3,A,골목상권,2110269,용마문화복지센터,177,108,69,0,18,54,58,36,11,0,13,33,33,24,5,0,5,21,25,12,6
2019,3,A,골목상권,2110268,망우3동주민센터,63,24,39,0,12,18,13,16,4,0,2,7,5,7,3,0,10,11,8,9,1
2019,3,A,골목상권,2110267,망우역 2번,174,54,120,1,32,33,51,37,20,1,4,11,18,12,8,0,28,22,33,25,12
2019,3,A,골목상권,2110266,면목동우체국,245,182,63,0,5,31,42,92,75,0,0,17,29,70,66,0,5,14,13,22,9
2019,3,A,골목상권,2110265,망우역 1번,181,80,101,1,29,33,46,53,19,0,10,15,16,28,11,1,19,18,30,25,8
2019,3,A,골목상권,2110264,면목역 2번,447,224,223,0,55,91,102,106,93,0,20,42,49,52,61,0,35,49,53,54,32
2019,3,A,골목상권,2110263,면목역 1번,135,73,62,0,10,25,35,24,41,0,4,8,13,14,34,0,6,17,22,10,7
2019,3,A,골목상권,2110262,상봉역 3번,1690,1052,638,1,213,470,532,288,186,0,116,357,310,120,149,1,97,113,222,168,37
2019,3,A,골목상권,2110261,사가정역 4번,171,103,68,0,20,31,42,50,28,0,13,20,25,27,18,0,7,11,17,23,10
2019,3,A,골목상권,2110260,면목역 3번,160,91,69,0,29,27,39,38,27,0,15,11,23,23,19,0,14,16,16,15,8
2019,3,A,골목상권,2110259,사가정역 1번,272,164,108,0,23,61,85,73,30,0,7,36,48,51,22,0,16,25,37,22,8
2019,3,A,골목상권,2110258,면동초등학교,285,109,176,0,31,50,81,79,44,0,3,22,30,37,17,0,28,28,51,42,27
2019,3,A,골목상권,2110257,상봉역 7번,409,312,97,0,19,22,57,130,181,0,6,11,40,102,153,0,13,11,17,28,28
2019,3,A,골목상권,2110256,면목2동체육관,592,384,208,1,53,78,114,188,158,1,16,37,63,139,128,0,37,41,51,49,30
2019,3,A,골목상권,2110255,상봉역 4번,413,242,171,0,57,82,99,111,64,0,29,40,59,65,49,0,28,42,40,46,15
2019,3,A,골목상권,2110254,오거리공원,254,104,150,0,16,66,89,45,38,0,10,19,44,19,12,0,6,47,45,26,26
2019,3,A,골목상권,2110253,중곡초등학교,166,88,78,0,28,28,43,38,29,0,6,13,22,24,23,0,22,15,21,14,6
2019,3,A,골목상권,2110252,장안제일시장,837,643,194,1,84,136,195,209,212,1,61,108,126,155,192,0,23,28,69,54,20
2019,3,A,골목상권,2110251,장안중학교,191,133,58,0,18,38,59,52,24,0,8,27,43,35,20,0,10,11,16,17,4
2019,3,A,골목상권,2110250,화랑대역 7번,176,95,81,0,10,27,38,58,43,0,8,16,18,28,25,0,2,11,20,30,18
2019,3,A,골목상권,2110249,중화역 1번,594,316,278,0,60,131,182,142,79,0,26,63,93,73,61,0,34,68,89,69,18
2019,3,A,골목상권,2110248,먹골파출소,86,44,42,1,11,26,23,14,11,0,4,14,10,5,11,1,7,12,13,9,0
2019,3,A,골목상권,2110247,먹골역 1번,486,310,176,3,81,116,122,100,64,2,43,87,74,53,51,1,38,29,48,47,13
2019,3,A,골목상권,2110246,월드순복음교회,388,274,114,0,23,81,134,99,51,0,11,54,101,66,42,0,12,27,33,33,9
2019,3,A,골목상권,2110245,KB국민은행 중화동지점,95,58,37,0,7,18,30,24,16,0,5,10,14,15,14,0,2,8,16,9,2
2019,3,A,골목상권,2110244,중화역 4번,289,206,83,0,11,36,66,59,117,0,8,18,41,41,98,0,3,18,25,18,19
2019,3,A,골목상권,2110243,중랑노인종합복지관,265,125,140,1,20,47,66,86,45,1,6,23,33,39,23,0,14,24,33,47,22
2019,3,A,골목상권,2110242,면목5동주민센터,256,174,82,0,47,53,64,51,41,0,27,42,35,37,33,0,20,11,29,14,8
2019,3,A,골목상권,2110241,먹골역 5번,470,238,232,0,75,112,98,131,54,0,22,63,48,68,37,0,53,49,50,63,17
2019,3,A,골목상권,2110240,태릉시장 특화거리,68,19,49,0,17,10,23,11,7,0,2,6,2,6,3,0,15,4,21,5,4
2019,3,A,골목상권,2110238,배꽃어린이공원,58,42,16,0,7,7,13,16,15,0,1,6,7,13,15,0,6,1,6,3,0
2019,3,A,골목상권,2110237,메가박스 상봉,328,180,148,0,37,65,116,68,42,0,18,35,52,45,30,0,19,30,64,23,12
2019,3,A,골목상권,2110236,신묵초등학교,1030,850,180,0,160,294,240,276,60,0,116,246,202,239,47,0,44,48,38,37,13
2019,3,A,골목상권,2110235,세화어린이공원,19,15,4,0,5,4,2,5,3,0,5,2,2,3,3,0,0,2,0,2,0
2019,3,A,골목상권,2110234,중랑역 4번,179,65,114,0,34,49,35,38,23,0,7,12,17,17,12,0,27,37,18,21,11
2019,3,A,골목상권,2110233,중랑역 1번,108,37,71,0,15,27,30,28,8,0,3,10,7,11,6,0,12,17,23,17,2
2019,3,A,골목상권,2110232,동대부고,680,488,192,0,59,110,129,198,184,0,24,72,88,148,156,0,35,38,41,50,28
2019,3,A,골목상권,2110231,장안교,9,8,1,0,0,0,4,3,2,0,0,0,4,2,2,0,0,0,0,1,0
2019,3,A,골목상권,2110230,장안현대홈타운1차아파트,364,199,165,0,18,44,89,137,76,0,8,33,55,60,43,0,10,11,34,77,33
2019,3,A,골목상권,2110229,장평중학교,986,696,290,0,108,123,194,280,281,0,44,70,123,200,259,0,64,53,71,80,22
2019,3,A,골목상권,2110228,장안근린공원,2072,1194,878,5,1380,355,119,123,90,3,761,250,71,63,46,2,619,105,48,60,44
2019,3,A,골목상권,2110227,답십리공원,249,91,158,0,24,37,81,85,22,0,13,18,31,19,10,0,11,19,50,66,12
2019,3,A,골목상권,2110226,장안1동주민센터,2133,1099,1034,5,164,301,375,562,726,4,87,169,236,266,337,1,77,132,139,296,389
2019,3,A,골목상권,2110225,촬영소사거리,358,217,141,3,28,46,64,85,132,3,14,29,41,55,75,0,14,17,23,30,57
2019,3,A,골목상권,2110224,외대앞역 2번,98,42,56,0,5,17,19,28,29,0,2,5,10,15,10,0,3,12,9,13,19
2019,3,A,골목상권,2110223,군자초등학교,97,62,35,0,12,20,28,23,14,0,4,13,21,14,10,0,8,7,7,9,4
2019,3,A,골목상권,2110222,회기역 2번,28,22,6,0,0,3,3,5,17,0,0,3,3,3,13,0,0,0,0,2,4
2019,3,A,골목상권,2110221,의릉,27,15,12,0,5,4,7,8,3,0,4,3,3,3,2,0,1,1,4,5,1
2019,3,A,골목상권,2110220,외대앞역 1번,153,69,84,0,32,31,34,36,20,0,8,14,16,19,12,0,24,17,18,17,8
2019,3,A,골목상권,2110219,삼육보건대학교,251,139,112,0,19,53,70,71,38,0,9,22,34,45,29,0,10,31,36,26,9
2019,3,A,골목상권,2110218,답십리사거리,164,84,80,0,11,28,42,56,27,0,4,12,23,28,17,0,7,16,19,28,10
2019,3,A,골목상권,2110217,자동차부품상가,499,381,118,0,38,105,139,120,97,0,29,88,104,82,78,0,9,17,35,38,19
2019,3,A,골목상권,2110216,전농중학교,198,68,130,1,20,51,61,49,16,1,6,15,20,18,8,0,14,36,41,31,8
2019,3,A,골목상권,2110215,회기역 1번,27,19,8,0,1,9,6,6,5,0,0,8,5,3,3,0,1,1,1,3,2
2019,3,A,골목상권,2110214,경희대후문,102,44,58,0,23,19,29,20,11,0,5,5,17,9,8,0,18,14,12,11,3
2019,3,A,골목상권,2110213,청량초등학교,85,67,18,0,11,40,10,11,13,0,7,35,9,6,10,0,4,5,1,5,3
2019,3,A,골목상권,2110212,답십리초등학교,226,154,72,0,22,35,52,78,39,0,13,23,34,52,32,0,9,12,18,26,7
2019,3,A,골목상권,2110211,전곡마을마당공원,717,503,214,0,70,116,194,216,121,0,51,81,145,155,71,0,19,35,49,61,50
2019,3,A,골목상권,2110210,서울시립대,415,313,102,1,13,31,53,52,265,1,8,23,27,34,220,0,5,8,26,18,45
2019,3,A,골목상권,2110209,답십리 장령당공원,75,50,25,0,5,9,26,13,22,0,2,6,16,11,15,0,3,3,10,2,7
2019,3,A,골목상권,2110208,시조사삼거리,83,63,20,0,1,18,10,19,35,0,1,9,4,14,35,0,0,9,6,5,0
2019,3,A,골목상권,2110207,시립대앞사거리,88,38,50,1,36,14,18,11,8,0,19,8,7,1,3,1,17,6,11,10,5
2019,3,A,골목상권,2110206,텃골근린공원,79,44,35,0,6,15,29,14,15,0,3,10,17,8,6,0,3,5,12,6,9
2019,3,A,골목상권,2110205,경희대삼거리,144,97,47,0,20,37,32,35,20,0,9,29,17,29,13,0,11,8,15,6,7
2019,3,A,골목상권,2110204,간데메공원,407,260,147,3,82,93,79,91,59,3,53,63,44,56,41,0,29,30,35,35,18
2019,3,A,골목상권,2110203,떡전교사거리,145,108,37,0,11,41,31,37,25,0,3,31,26,30,18,0,8,10,5,7,7
2019,3,A,골목상권,2110202,전농1동주민센터(전농시장),141,79,62,1,24,41,37,24,14,1,13,22,26,13,4,0,11,19,11,11,10
2019,3,A,골목상권,2110201,전농119안전센터,20,11,9,0,3,0,9,6,2,0,3,0,3,3,2,0,0,0,6,3,0
2019,3,A,골목상권,2110200,동대문경찰서,86,58,28,0,3,11,23,15,34,0,1,4,12,9,32,0,2,7,11,6,2
2019,3,A,골목상권,2110199,홍릉시장,57,35,22,0,3,13,18,15,8,0,2,7,11,10,5,0,1,6,7,5,3
2019,3,A,골목상권,2110198,동대문중앙새마을금고본점,69,26,43,0,1,1,17,38,12,0,0,0,8,10,8,0,1,1,9,28,4
2019,3,A,골목상권,2110197,세종대왕기념관교차로,74,55,19,0,10,22,27,13,2,0,7,18,19,10,1,0,3,4,8,3,1
2019,3,A,골목상권,2110196,홍릉근린공원,18,2,16,0,0,2,3,5,8,0,0,1,1,0,0,0,0,1,2,5,8
2019,3,A,골목상권,2110195,동대문구청,147,80,67,0,6,29,42,37,33,0,3,15,17,23,22,0,3,14,25,14,11
2019,3,A,골목상권,2110194,홍파초등학교,172,126,46,0,10,40,50,49,23,0,5,27,40,40,14,0,5,13,10,9,9
2019,3,A,골목상권,2110193,고려대역 4번,47,16,31,0,6,8,5,7,21,0,2,4,4,3,3,0,4,4,1,4,18
2019,3,A,골목상권,2110192,동의보감타워,103,67,36,0,10,21,29,22,21,0,3,12,20,15,17,0,7,9,9,7,4
2019,3,A,골목상권,2110191,고려대역 6번,69,54,15,0,2,13,22,18,14,0,2,10,15,15,12,0,0,3,7,3,2
2019,3,A,골목상권,2110190,고대앞사거리,191,82,109,0,31,43,44,41,32,0,4,19,28,16,15,0,27,24,16,25,17
2019,3,A,골목상권,2110189,제기동역 1번,2629,1325,1304,2,940,825,453,228,181,0,220,486,309,165,145,2,720,339,144,63,36
2019,3,A,골목상권,2110188,용두동신동아아파트,930,592,338,1,115,265,261,182,106,0,51,135,196,127,83,1,64,130,65,55,23
2019,3,A,골목상권,2110187,제기동역 6번,3553,2446,1107,12,628,1053,870,590,400,5,385,733,605,419,299,7,243,320,265,171,101
2019,3,A,골목상권,2110186,종암초등학교,96,70,26,0,9,20,21,28,18,0,5,14,17,20,14,0,4,6,4,8,4
2019,3,A,골목상권,2110185,용두초등학교,115,61,54,1,13,24,33,29,15,0,4,12,17,18,10,1,9,12,16,11,5
2019,3,A,골목상권,2110184,용두사거리,449,292,157,0,78,130,72,88,81,0,44,78,48,58,64,0,34,52,24,30,17
2019,3,A,골목상권,2110183,한국의류시험연구원,722,372,350,4,209,249,145,73,42,3,79,120,74,62,34,1,130,129,71,11,8
2019,3,A,골목상권,2110182,용두희망어린이공원,395,252,143,0,32,75,120,94,74,0,15,44,72,65,56,0,17,31,48,29,18
2019,3,A,골목상권,2110181,신설동역 9번,1060,702,358,2,159,262,192,243,202,2,69,156,126,182,167,0,90,106,66,61,35
2019,3,A,골목상권,2110180,광진정보도서관,2420,1702,718,12,316,572,655,555,310,9,179,405,453,396,260,3,137,167,202,159,50
2019,3,A,골목상권,2110179,광나루역 1번,230,156,74,2,30,50,80,46,22,2,18,31,61,25,19,0,12,19,19,21,3
2019,3,A,골목상권,2110178,장로회신학대학교,211,127,84,0,29,46,48,55,33,0,14,35,25,34,19,0,15,11,23,21,14
2019,3,A,골목상권,2110177,동의초등학교,166,110,56,0,19,36,39,39,33,0,6,18,23,33,30,0,13,18,16,6,3
2019,3,A,골목상권,2110176,해오름공원,458,265,193,0,45,103,142,109,59,0,22,67,81,54,41,0,23,36,61,55,18
2019,3,A,골목상권,2110175,푸른동산공원,475,299,176,1,49,104,142,125,54,0,27,70,85,73,44,1,22,34,57,52,10
2019,3,A,골목상권,2110174,아차산역 1번,495,323,172,1,50,92,142,112,98,1,23,65,77,70,87,0,27,27,65,42,11
2019,3,A,골목상권,2110173,구남초등학교,245,119,126,1,25,57,55,60,47,0,13,34,27,23,22,1,12,23,28,37,25
2019,3,A,골목상권,2110172,광진초등학교,374,233,141,0,47,82,85,100,60,0,18,54,47,67,47,0,29,28,38,33,13
2019,3,A,골목상권,2110171,중곡4동주민센터,97,64,33,0,8,15,24,28,22,0,2,10,14,19,19,0,6,5,10,9,3
2019,3,A,골목상권,2110170,동대부여고,276,171,105,2,44,68,68,64,30,1,27,45,42,36,20,1,17,23,26,28,10
2019,3,A,골목상권,2110169,성동초등학교,267,141,126,1,35,43,73,70,45,0,12,22,36,38,33,1,23,21,37,32,12
2019,3,A,골목상권,2110168,대원고등학교,558,397,161,0,60,100,127,174,97,0,35,68,88,121,85,0,25,32,39,53,12
2019,3,A,골목상권,2110167,용마초등학교,463,265,198,0,30,77,107,133,116,0,13,38,51,81,82,0,17,39,56,52,34
2019,3,A,골목상권,2110166,구의1동주민센터,554,266,288,2,79,138,152,119,64,2,21,65,80,54,44,0,58,73,72,65,20
2019,3,A,골목상권,2110165,국립정신건강센터,254,172,82,0,20,44,69,64,57,0,7,25,47,48,45,0,13,19,22,16,12
2019,3,A,골목상권,2110164,아차산역 5번,791,537,254,3,106,146,161,177,198,1,55,100,110,117,154,2,51,46,51,60,44
2019,3,A,골목상권,2110163,성자초등학교,393,186,207,0,56,107,81,95,54,0,18,51,39,44,34,0,38,56,42,51,20
2019,3,A,골목상권,2110162,군자역 4번,609,334,275,0,100,162,125,120,102,0,74,119,70,37,34,0,26,43,55,83,68
2019,3,A,골목상권,2110161,중곡역 3번,319,177,142,2,29,65,74,73,76,0,5,28,47,47,50,2,24,37,27,26,26
2019,3,A,골목상권,2110160,광진경찰서,805,670,135,1,104,320,176,173,31,1,77,266,147,161,18,0,27,54,29,12,13
2019,3,A,골목상권,2110159,구의역 4번,762,422,340,5,152,125,157,155,168,1,75,71,83,83,109,4,77,54,74,72,59
2019,3,A,골목상권,2110158,중곡3동주민센터,720,510,210,1,93,206,193,150,77,0,46,163,129,112,60,1,47,43,64,38,17
2019,3,A,골목상권,2110157,자양동우체국,1161,953,208,5,353,304,264,145,90,3,303,257,192,116,82,2,50,47,72,29,8
2019,3,A,골목상권,2110156,군자역 5번,854,563,291,0,74,166,218,175,221,0,31,101,151,116,164,0,43,65,67,59,57
2019,3,A,골목상권,2110155,광진구청,7922,7215,707,0,214,778,2231,3843,856,0,143,694,2076,3527,775,0,71,84,155,316,81
2019,3,A,골목상권,2110154,광진정말공원,401,194,207,1,53,73,109,120,45,0,25,45,49,42,33,1,28,28,60,78,12
2019,3,A,골목상권,2110153,중곡1동주민센터,234,81,153,0,41,55,64,53,21,0,11,23,21,16,10,0,30,32,43,37,11
2019,3,A,골목상권,2110152,중곡어린이공원,324,289,35,0,12,26,56,115,115,0,10,17,49,104,109,0,2,9,7,11,6
2019,3,A,골목상권,2110151,자양한강도서관,274,193,81,5,32,53,70,66,48,3,24,38,52,42,34,2,8,15,18,24,14
2019,3,A,골목상권,2110150,중곡1동 마을마당,1324,813,511,4,186,345,297,255,237,4,81,191,195,164,178,0,105,154,102,91,59
2019,3,A,골목상권,2110149,세종대학교,132,72,60,0,18,25,40,29,20,0,8,15,22,12,15,0,10,10,18,17,5
2019,3,A,골목상권,2110148,어린이대공원역 3번,18,13,5,0,3,2,6,5,2,0,1,2,4,4,2,0,2,0,2,1,0
2019,3,A,골목상권,2110147,능동우편취급국,833,430,403,3,122,198,151,134,225,2,37,100,86,62,143,1,85,98,65,72,82
2019,3,A,골목상권,2110146,신자초등학교,464,247,217,0,53,74,120,136,81,0,27,38,67,65,50,0,26,36,53,71,31
2019,3,A,골목상권,2110145,장안초등학교,9,5,4,0,2,1,2,3,1,0,1,0,1,3,0,0,1,1,1,0,1
2019,3,A,골목상권,2110144,어린이대공원역 4번,51,25,26,0,2,7,18,16,8,0,0,2,9,9,5,0,2,5,9,7,3
2019,3,A,골목상권,2110143,뚝섬유원지역 1번,79,38,41,1,9,24,16,16,13,1,2,12,9,4,10,0,7,12,7,12,3
2019,3,A,골목상권,2110142,화양사거리,217,107,110,1,34,51,54,50,27,1,14,26,29,19,18,0,20,25,25,31,9
2019,3,A,골목상권,2110141,건대입구역 1번,246,150,96,1,23,56,71,57,38,1,12,34,51,33,19,0,11,22,20,24,19
2019,3,A,골목상권,2110140,건대입구역 6번,652,404,248,4,110,109,148,171,110,3,58,57,86,117,83,1,52,52,62,54,27
2019,3,A,골목상권,2110139,자양4동주민센터,188,115,73,0,13,28,47,47,53,0,3,16,25,28,43,0,10,12,22,19,10
2019,3,A,골목상권,2110138,송정체육공원,362,217,145,0,66,110,104,66,16,0,31,84,61,30,11,0,35,26,43,36,5
2019,3,A,골목상권,2110137,성수초등학교,7227,4906,2321,42,1105,2091,2028,1276,685,27,606,1395,1440,887,551,15,499,696,588,389,134
2019,3,A,골목상권,2110136,경수초등학교,3967,2644,1323,34,521,886,966,963,597,25,301,601,653,649,415,9,220,285,313,314,182
2019,3,A,골목상권,2110135,성동세무서,374,208,166,0,39,76,113,73,73,0,9,39,56,41,63,0,30,37,57,32,10
2019,3,A,골목상권,2110134,성수119안전센터,824,627,197,2,60,129,203,271,159,2,37,93,154,219,122,0,23,36,49,52,37
2019,3,A,골목상권,2110133,서울교통공사,148,113,35,0,17,37,39,30,25,0,12,29,32,22,18,0,5,8,7,8,7
2019,3,A,골목상권,2110132,성수2가3동주민센터,796,517,279,0,91,186,215,217,87,0,59,127,142,123,66,0,32,59,73,94,21
2019,3,A,골목상권,2110131,성수동카페거리,4770,3138,1632,13,809,1531,1187,718,512,9,447,987,825,519,351,4,362,544,362,199,161
2019,3,A,골목상권,2110130,답십리역 6번,96,80,16,0,19,21,30,16,10,0,16,19,26,11,8,0,3,2,4,5,2
2019,3,A,골목상권,2110129,성원어린이공원,671,406,265,1,88,127,128,179,148,0,42,78,78,100,108,1,46,49,50,79,40
2019,3,A,골목상권,2110128,성원중학교,1099,701,398,3,116,211,296,317,156,1,68,123,175,211,123,2,48,88,121,106,33
2019,3,A,골목상권,2110127,성수1가1동주민센터,316,177,139,0,36,69,60,92,59,0,15,50,31,46,35,0,21,19,29,46,24
2019,3,A,골목상권,2110126,서울숲역 1번,40,30,10,0,4,8,7,15,6,0,3,6,6,9,6,0,1,2,1,6,0
2019,3,A,골목상권,2110125,사근동살곶이상점가,168,97,71,0,33,55,39,27,14,0,14,27,29,15,12,0,19,28,10,12,2
2019,3,A,골목상권,2110124,뚝섬역교차로,854,640,214,1,69,112,185,229,258,0,36,74,117,187,226,1,33,38,68,42,32
2019,3,A,골목상권,2110123,마장역 3번,511,389,122,0,46,64,97,170,134,0,26,39,66,138,120,0,20,25,31,32,14
2019,3,A,골목상권,2110122,마장역 2번,489,288,201,0,51,91,123,128,96,0,28,62,69,71,58,0,23,29,54,57,38
2019,3,A,골목상권,2110121,한양대역 4번,58,37,21,0,3,14,15,11,15,0,2,10,8,5,12,0,1,4,7,6,3
2019,3,A,골목상권,2110120,서울숲카페거리,61,46,15,0,5,10,28,15,3,0,3,9,22,9,3,0,2,1,6,6,0
2019,3,A,골목상권,2110119,마장지하차도,144,94,50,0,20,29,42,28,25,0,11,24,23,18,18,0,9,5,19,10,7
2019,3,A,골목상권,2110118,왕십리역 9번,7553,2324,5229,10,596,1176,2256,3202,313,8,408,862,720,218,108,2,188,314,1536,2984,205
2019,3,A,골목상권,2110117,성동구보건소,106,79,27,0,14,30,15,32,15,0,12,23,10,22,12,0,2,7,5,10,3
2019,3,A,골목상권,2110116,청계천박물관,892,566,326,1,124,188,177,186,216,0,70,105,120,120,151,1,54,83,57,66,65
2019,3,A,골목상권,2110115,상왕십리역 3번,974,404,570,4,374,227,149,135,85,0,89,100,97,78,40,4,285,127,52,57,45
2019,3,A,골목상권,2110114,왕십리파출소,134,41,93,0,15,33,21,36,29,0,3,7,10,16,5,0,12,26,11,20,24
2019,3,A,골목상권,2110113,응봉산,88,45,43,0,15,12,19,21,21,0,5,7,9,7,17,0,10,5,10,14,4
2019,3,A,골목상권,2110112,행당역 2번,171,84,87,0,26,31,35,44,35,0,10,17,14,23,20,0,16,14,21,21,15
2019,3,A,골목상권,2110111,대현산장미원,59,50,9,0,0,9,11,18,21,0,0,7,10,14,19,0,0,2,1,4,2
2019,3,A,골목상권,2110110,상왕십리역 6번,109,65,44,0,14,31,27,21,16,0,6,18,15,13,13,0,8,13,12,8,3
2019,3,A,골목상권,2110109,금호삼성래미안아파트,106,39,67,0,11,14,21,41,19,0,1,7,5,14,12,0,10,7,16,27,7
2019,3,A,골목상권,2110108,성동구립금호도서관,6,1,5,0,2,1,2,1,0,0,0,0,0,1,0,0,2,1,2,0,0
2019,3,A,골목상권,2110107,금호사거리,45,34,11,0,2,4,7,16,16,0,2,2,5,11,14,0,0,2,2,5,2
2019,3,A,골목상권,2110105,금동어린이공원,87,31,56,0,5,24,22,20,16,0,0,5,6,9,11,0,5,19,16,11,5
2019,3,A,골목상권,2110104,신금호역 4번,286,199,87,0,32,49,50,67,88,0,14,27,37,47,74,0,18,22,13,20,14
2019,3,A,골목상권,2110103,옥수터널,19,15,4,0,3,4,4,6,2,0,2,3,3,5,2,0,1,1,1,1,0
2019,3,A,골목상권,2110102,옥수역 6번,2976,1078,1898,1,787,1039,683,340,126,1,163,324,314,181,95,0,624,715,369,159,31
2019,3,A,골목상권,2110101,옥정중학교,276,142,134,0,68,66,79,43,20,0,28,40,48,13,13,0,40,26,31,30,7
2019,3,A,골목상권,2110100,옥수동우편취급국,76,41,35,0,10,35,21,6,4,0,1,20,11,5,4,0,9,15,10,1,0
2019,3,A,골목상권,2110099,유엔빌리지길,13382,10858,2524,57,1920,2915,3461,4570,459,24,1020,2137,3003,4281,393,33,900,778,458,289,66
2019,3,A,골목상권,2110098,서울독일학교,319,131,188,3,96,127,67,19,7,1,24,47,40,16,3,2,72,80,27,3,4
2019,3,A,골목상권,2110097,한남초등학교,3178,1921,1257,3,598,1700,785,67,25,2,260,994,601,46,18,1,338,706,184,21,7
2019,3,A,골목상권,2110096,한남힐사이드아파트,4238,2663,1575,8,1054,1203,907,911,155,4,430,725,614,764,126,4,624,478,293,147,29
2019,3,A,골목상권,2110095,한강진역 3번,1239,826,413,11,173,345,330,312,68,5,62,236,239,237,47,6,111,109,91,75,21
2019,3,A,골목상권,2110094,오산중학교,24,11,13,0,0,1,4,11,8,0,0,0,2,5,4,0,0,1,2,6,4
2019,3,A,골목상권,2110093,우사단길,3291,1859,1432,4,380,1406,1045,370,86,1,106,649,701,330,72,3,274,757,344,40,14
2019,3,A,골목상권,2110092,NH농협은행 보광동지점,621,388,233,1,82,79,139,208,112,0,12,50,98,149,79,1,70,29,41,59,33
2019,3,A,골목상권,2110091,리움미술관,971,717,254,1,175,293,302,143,57,0,94,207,253,118,45,1,81,86,49,25,12
2019,3,A,골목상권,2110090,한국폴리텍대학서울정수캠퍼스,3190,1844,1346,2,384,1020,1346,405,33,1,140,314,986,376,27,1,244,706,360,29,6
2019,3,A,골목상권,2110089,서빙고동주민센터,715,478,237,0,67,216,217,116,99,0,22,117,157,94,88,0,45,99,60,22,11
2019,3,A,골목상권,2110088,오산고등학교,1918,1286,632,8,461,634,532,208,75,5,271,435,369,153,53,3,190,199,163,55,22
2019,3,A,골목상권,2110087,이태원엔틱가구거리,198,141,57,0,46,62,41,33,16,0,36,48,28,19,10,0,10,14,13,14,6
2019,3,A,골목상권,2110086,이태원역 북측,9856,3997,5859,3,3120,4122,1857,501,253,1,703,1662,1052,411,168,2,2417,2460,805,90,85
2019,3,A,골목상권,2110085,경리단길남측,871,456,415,1,135,233,249,165,88,0,54,107,151,83,61,1,81,126,98,82,27
2019,3,A,골목상권,2110084,경리단길북측,2024,864,1160,3,353,860,538,204,66,0,165,415,179,60,45,3,188,445,359,144,21
2019,3,A,골목상권,2110083,서빙고역 1번,164,122,42,0,20,58,55,18,13,0,11,43,41,15,12,0,9,15,14,3,1
2019,3,A,골목상권,2110082,용산구청,345,231,114,1,39,56,75,93,81,1,18,36,50,65,61,0,21,20,25,28,20
2019,3,A,골목상권,2110081,해방촌 남동측,293,175,118,0,45,77,57,56,58,0,17,41,32,37,48,0,28,36,25,19,10
2019,3,A,골목상권,2110080,해방촌예술마을,313,180,133,0,46,79,92,61,35,0,21,46,53,35,25,0,25,33,39,26,10
2019,3,A,골목상권,2110079,후암동주민센터,1092,562,530,5,227,290,251,183,136,4,69,159,146,93,91,1,158,131,105,90,45
2019,3,A,골목상권,2110078,이촌동점보아파트,61,27,34,0,8,13,15,12,13,0,1,7,9,5,5,0,7,6,6,7,8
2019,3,A,골목상권,2110077,삼광초등학교,63,27,36,0,10,11,15,15,12,0,2,5,3,9,8,0,8,6,12,6,4
2019,3,A,골목상권,2110076,삼각지역 14번,39,21,18,0,0,3,8,17,11,0,0,2,4,9,6,0,0,1,4,8,5
2019,3,A,골목상권,2110075,숙대입구역 1번,1549,946,603,12,315,538,364,227,93,2,125,300,272,172,75,10,190,238,92,55,18
2019,3,A,골목상권,2110074,서울역 12번,8572,1946,6626,55,6296,1433,387,219,182,5,663,705,276,160,137,50,5633,728,111,59,45
2019,3,A,골목상권,2110073,삼각지역 3번,7476,2037,5439,20,2380,2764,1788,424,100,7,809,835,316,44,26,13,1571,1929,1472,380,74
2019,3,A,골목상권,2110072,열정도,378,254,124,4,102,110,80,47,35,0,51,79,62,34,28,4,51,31,18,13,7
2019,3,A,골목상권,2110071,한강미주맨션아파트,247,173,74,1,31,58,48,55,54,0,17,43,32,41,40,1,14,15,16,14,14
2019,3,A,골목상권,2110070,용산세무서,203,155,48,0,23,47,43,32,58,0,8,36,31,26,54,0,15,11,12,6,4
2019,3,A,골목상권,2110069,숙대입구,942,354,588,0,193,367,201,98,83,0,35,123,99,43,54,0,158,244,102,55,29
2019,3,A,골목상권,2110068,남영역 1번,1280,762,518,6,193,300,310,266,205,5,86,171,194,175,131,1,107,129,116,91,74
2019,3,A,골목상권,2110067,배문고등학교,1028,725,303,0,104,165,236,256,267,0,49,98,177,191,210,0,55,67,59,65,57
2019,3,A,골목상권,2110066,서울역 15번,714,452,262,11,147,204,148,127,77,7,74,129,101,74,67,4,73,75,47,53,10
2019,3,A,골목상권,2110065,남정초등학교,305,212,93,4,73,72,80,44,32,2,57,57,56,24,16,2,16,15,24,20,16
2019,3,A,골목상권,2110064,효창공원앞역 2번,903,491,412,3,117,257,240,162,124,2,40,152,146,80,71,1,77,105,94,82,53
2019,3,A,골목상권,2110063,효창공원앞역 5번,600,395,205,7,54,130,161,149,99,5,31,85,108,100,66,2,23,45,53,49,33
2019,3,A,골목상권,2110062,한강로동땡땡거리(은행나무길),5689,3552,2137,8,616,1634,1618,1277,536,6,254,841,1094,974,383,2,362,793,524,303,153
2019,3,A,골목상권,2110061,효창동주민센터,532,341,191,1,60,122,157,121,71,1,36,77,108,74,45,0,24,45,49,47,26
2019,3,A,골목상권,2110060,효창공원앞역 6번,341,211,130,0,44,79,101,75,42,0,20,48,66,49,28,0,24,31,35,26,14
2019,3,A,골목상권,2110059,새남터성지,376,305,71,0,35,74,110,138,19,0,22,44,97,127,15,0,13,30,13,11,4
2019,3,A,골목상권,2110058,성심여자고등학교,751,486,265,2,81,161,217,180,110,1,34,101,140,125,85,1,47,60,77,55,25
2019,3,A,골목상권,2110057,황학코아루아파트,82,44,38,0,9,14,22,11,26,0,3,6,16,9,10,0,6,8,6,2,16
2019,3,A,골목상권,2110056,신당역 3번,618,278,340,0,74,159,123,164,98,0,26,73,69,71,39,0,48,86,54,93,59
2019,3,A,골목상권,2110055,황학동벼룩시장,38,27,11,0,4,5,8,12,9,0,3,3,7,8,6,0,1,2,1,4,3
2019,3,A,골목상권,2110054,청구역 3번,1524,823,701,1,286,389,337,337,174,0,91,206,230,214,82,1,195,183,107,123,92
2019,3,A,골목상권,2110053,청구역 1번,340,188,152,0,71,79,77,66,47,0,30,45,44,36,33,0,41,34,33,30,14
2019,3,A,골목상권,2110052,장충초등학교,457,282,175,0,47,111,132,104,63,0,18,71,81,70,42,0,29,40,51,34,21
2019,3,A,골목상권,2110051,한양공고앞 교차로,128,95,33,0,17,21,41,32,17,0,14,15,29,24,13,0,3,6,12,8,4
2019,3,A,골목상권,2110050,약수역 7번,337,248,89,0,40,84,86,82,45,0,18,55,70,68,37,0,22,29,16,14,8
2019,3,A,골목상권,2110049,장충단 고개,2557,969,1588,5,769,706,443,392,242,2,160,264,194,185,164,3,609,442,249,207,78
2019,3,A,골목상권,2110048,장충동주민센터,5373,2666,2707,7,868,1277,1484,1420,317,3,360,723,703,697,180,4,508,554,781,723,137
2019,3,A,골목상권,2110047,다산성곽길,248,133,115,0,52,60,63,50,23,0,28,42,36,14,13,0,24,18,27,36,10
2019,3,A,골목상권,2110046,버티고개,125,96,29,0,6,29,48,30,12,0,5,22,37,23,9,0,1,7,11,7,3
2019,3,A,골목상권,2110045,동대문역사문화공원역 5번,232,171,61,0,21,48,62,59,42,0,12,33,40,50,36,0,9,15,22,9,6
2019,3,A,골목상권,2110044,관성묘,672,514,158,0,95,234,236,83,24,0,34,170,214,76,20,0,61,64,22,7,4
2019,3,A,골목상권,2110043,충무초등학교,1274,612,662,10,236,364,361,214,89,6,93,163,150,136,64,4,143,201,211,78,25
2019,3,A,골목상권,2110042,남산골공원옆,1177,744,433,4,161,261,327,293,131,1,67,163,222,203,88,3,94,98,105,90,43
2019,3,A,골목상권,2110041,남산케이블카,919,556,363,7,185,229,183,149,166,3,84,131,107,92,139,4,101,98,76,57,27
2019,3,A,골목상권,2110040,중구회현체육센터(정화예술대남산캠퍼스),198,116,82,0,32,47,47,42,30,0,17,29,25,22,23,0,15,18,22,20,7
2019,3,A,골목상권,2110039,회현역 1번,49,27,22,0,5,8,8,15,13,0,1,5,7,10,4,0,4,3,1,5,9
2019,3,A,골목상권,2110038,경향신문사,2486,1524,962,3,402,777,742,489,73,0,143,431,493,392,65,3,259,346,249,97,8
2019,3,A,골목상권,2110037,신설동역 12번,272,135,137,0,34,75,52,69,42,0,3,30,34,40,28,0,31,45,18,29,14
2019,3,A,골목상권,2110036,동묘앞역 3번,95,69,26,0,4,14,27,24,26,0,2,10,14,21,22,0,2,4,13,3,4
2019,3,A,골목상권,2110035,동묘앞역 2번,272,166,106,0,25,37,71,91,48,0,11,16,43,68,28,0,14,21,28,23,20
2019,3,A,골목상권,2110034,창신1동주민센터,35,29,6,0,1,2,12,13,7,0,1,1,7,13,7,0,0,1,5,0,0
2019,3,A,골목상권,2110033,창신역 4번,166,91,75,0,24,38,35,44,25,0,3,20,18,29,21,0,21,18,17,15,4
2019,3,A,골목상권,2110032,수족관거리,43,22,21,0,5,8,5,16,9,0,2,3,3,8,6,0,3,5,2,8,3
2019,3,A,골목상권,2110031,창신역 1번,45,31,14,0,7,14,8,9,7,0,4,8,5,7,7,0,3,6,3,2,0
2019,3,A,골목상권,2110030,동대문역 3번,35,14,21,0,3,8,11,9,4,0,0,4,5,3,2,0,3,4,6,6,2
2019,3,A,골목상권,2110029,동대문역 1번,267,73,194,0,13,32,57,85,80,0,2,8,27,20,16,0,11,24,30,65,64
2019,3,A,골목상권,2110028,이화달팽이길,697,292,405,1,157,177,140,133,89,1,52,65,58,71,45,0,105,112,82,62,44
2019,3,A,골목상권,2110027,혜화역 1번,871,471,400,0,119,243,189,115,205,0,41,127,89,57,157,0,78,116,100,58,48
2019,3,A,골목상권,2110026,종로5가역 4번,266,174,92,0,31,58,80,54,43,0,16,40,51,34,33,0,15,18,29,20,10
2019,3,A,골목상권,2110025,충신시장옆,313,199,114,2,48,92,81,56,34,0,27,59,52,34,27,2,21,33,29,22,7
2019,3,A,골목상권,2110024,혜회동주민센터,282,155,127,0,37,69,61,60,55,0,6,31,36,39,43,0,31,38,25,21,12
2019,3,A,골목상권,2110023,서울대병원,138,42,96,0,19,31,37,24,27,0,3,15,10,6,8,0,16,16,27,18,19
2019,3,A,골목상권,2110022,경신고등학교,553,417,136,10,132,175,126,67,43,9,96,131,101,47,33,1,36,44,25,20,10
2019,3,A,골목상권,2110021,성균관대학교,414,309,105,2,16,51,117,147,81,2,9,31,89,127,51,0,7,20,28,20,30
2019,3,A,골목상권,2110020,서울국제고등학교,642,338,304,1,133,297,123,56,32,1,38,154,85,36,24,0,95,143,38,20,8
2019,3,A,골목상권,2110019,창덕궁,365,235,130,0,50,111,90,77,37,0,23,73,58,52,29,0,27,38,32,25,8
2019,3,A,골목상권,2110018,중앙고등학교,841,340,501,0,208,256,164,128,85,0,60,101,76,54,49,0,148,155,88,74,36
2019,3,A,골목상권,2110017,정독도서관,523,286,237,1,88,213,137,51,33,1,27,114,85,34,25,0,61,99,52,17,8
2019,3,A,골목상권,2110016,평창동동측,3569,2193,1376,1,413,1071,1249,617,218,0,205,595,821,399,173,1,208,476,428,218,45
2019,3,A,골목상권,2110015,청와대사랑채,462,278,184,0,50,97,129,107,79,0,13,40,81,76,68,0,37,57,48,31,11
2019,3,A,골목상권,2110014,경복고등학교,287,123,164,1,47,85,78,47,29,0,12,29,41,22,19,1,35,56,37,25,10
2019,3,A,골목상권,2110013,체부동홍종문가옥,89,60,29,0,2,18,22,18,29,0,1,10,15,12,22,0,1,8,7,6,7
2019,3,A,골목상권,2110012,성곡미술관,1370,719,651,0,243,480,353,186,108,0,68,228,220,128,75,0,175,252,133,58,33
2019,3,A,골목상권,2110011,청운초등학교,312,222,90,0,33,123,88,49,19,0,29,111,50,19,13,0,4,12,38,30,6
2019,3,A,골목상권,2110010,평창동서측,6330,3403,2927,8,546,1698,2451,1338,289,0,233,662,1323,1000,185,8,313,1036,1128,338,104
2019,3,A,골목상권,2110009,자하문터널,856,420,436,0,149,296,226,127,58,0,58,146,113,63,40,0,91,150,113,64,18
2019,3,A,골목상권,2110008,배화여자대학교(박노수미술관),377,203,174,0,34,85,95,100,63,0,13,34,58,57,41,0,21,51,37,43,22
2019,3,A,골목상권,2110007,사직공원(한국사회과학도서관),276,179,97,2,59,85,67,39,24,2,30,61,48,24,14,0,29,24,19,15,10
2019,3,A,골목상권,2110006,부암동주민센터,26,13,13,0,4,7,4,6,5,0,2,4,1,3,3,0,2,3,3,3,2
2019,3,A,골목상권,2110005,세검정,985,486,499,2,111,299,286,185,102,0,35,129,157,109,56,2,76,170,129,76,46
2019,3,A,골목상권,2110004,대신고등학교,24,10,14,0,3,2,5,10,4,0,1,0,3,3,3,0,2,2,2,7,1
2019,3,A,골목상권,2110003,세검정초등학교,683,445,238,4,78,143,199,172,87,4,42,75,136,122,66,0,36,68,63,50,21
2019,3,A,골목상권,2110002,독립문역 1번,453,118,335,0,126,141,113,46,27,0,22,26,42,13,15,0,104,115,71,33,12
2019,3,A,골목상권,2110001,이북5도청사,1130,683,447,1,132,315,252,284,146,0,44,181,180,191,87,1,88,134,72,93,59
2019,2,U,관광특구,1001496,강남 마이스 관광특구,18430,10279,8151,53,4526,6985,4669,1834,363,24,1546,3849,3204,1388,268,29,2980,3136,1465,446,95
2019,2,U,관광특구,1001495,잠실 관광특구,26843,16958,9885,115,7377,8144,5710,3611,1886,45,4003,5341,4080,2222,1267,70,3374,2803,1630,1389,619
2019,2,U,관광특구,1001494,종로?청계 관광특구,24700,16394,8306,32,3438,7358,6727,5432,1713,7,1671,4435,4703,4333,1245,25,1767,2923,2024,1099,468
2019,2,U,관광특구,1001493,동대문패션타운 관광특구,6683,3404,3279,21,1392,2011,1467,1160,632,5,522,910,889,695,383,16,870,1101,578,465,249
2019,2,U,관광특구,1001492,명동 남대문 북창동 다동 무교동 관광특구,133878,65609,68269,318,27739,43557,35187,22443,4634,108,8851,19114,19026,15513,2997,210,18888,24443,16161,6930,1637
2019,2,U,관광특구,1001491,이태원 관광특구,5797,3200,2597,26,1315,2074,1350,566,466,15,593,1089,845,374,284,11,722,985,505,192,182
2019,2,R,전통시장,2130326,고덕 골목형상점가,1029,945,84,0,5,36,170,413,405,0,4,29,150,376,386,0,1,7,20,37,19
2019,2,R,전통시장,2130325,명일전통시장,87,37,50,0,7,13,13,24,30,0,3,9,8,9,8,0,4,4,5,15,22
2019,2,R,전통시장,2130324,길동복조리시장,86,57,29,0,16,14,23,24,9,0,9,10,12,17,9,0,7,4,11,7,0
2019,2,R,전통시장,2130323,둔촌역전통시장,186,98,88,0,7,17,29,32,101,0,6,7,12,12,61,0,1,10,17,20,40
2019,2,R,전통시장,2130322,고분다리전통시장,17,8,9,0,2,4,6,3,2,0,1,2,3,1,1,0,1,2,3,2,1
2019,2,R,전통시장,2130321,장신구 특화거리 상점가,452,284,168,0,78,122,92,101,59,0,36,76,61,67,44,0,42,46,31,34,15
2019,2,R,전통시장,2130320,암사종합시장,179,111,68,2,9,29,52,30,57,2,2,19,33,20,35,0,7,10,19,10,22
2019,2,R,전통시장,2130319,성내전통시장,39,23,16,0,5,7,14,7,6,0,3,3,6,7,4,0,2,4,8,0,2
2019,2,R,전통시장,2130318,로데오거리상점가,242,116,126,0,21,45,51,45,80,0,5,14,19,20,58,0,16,31,32,25,22
2019,2,R,전통시장,2130317,마천중앙시장,94,64,30,0,14,22,22,18,18,0,7,16,11,14,16,0,7,6,11,4,2
2019,2,R,전통시장,2130316,마천시장,19,12,7,0,2,4,3,10,0,0,2,3,3,4,0,0,0,1,0,6,0
2019,2,R,전통시장,2130315,문정동 로데오거리 상점가(문정동 로데오거리),1484,847,637,2,359,312,290,260,261,0,122,179,189,147,210,2,237,133,101,113,51
2019,2,R,전통시장,2130314,풍납시장,228,109,119,0,26,45,56,74,27,0,15,27,26,23,18,0,11,18,30,51,9
2019,2,R,전통시장,2130313,방이시장,3029,1247,1782,1,415,423,511,999,680,0,144,236,271,324,272,1,271,187,240,675,408
2019,2,R,전통시장,2130312,석촌시장,738,330,408,1,60,105,90,162,320,1,15,50,53,49,162,0,45,55,37,113,158
2019,2,R,전통시장,2130311,새마을시장,239,143,96,0,38,40,65,50,46,0,25,16,38,31,33,0,13,24,27,19,13
2019,2,R,전통시장,2130310,강남개포시장,241,146,95,0,24,54,52,71,40,0,6,28,34,47,31,0,18,26,18,24,9
2019,2,R,전통시장,2130308,청담삼익시장,60,37,23,0,7,11,16,13,13,0,4,5,9,8,11,0,3,6,7,5,2
2019,2,R,전통시장,2130307,도곡시장,58,27,31,0,1,6,16,18,17,0,0,5,5,8,9,0,1,1,11,10,8
2019,2,R,전통시장,2130306,강남언주로,280,160,120,0,56,72,76,58,18,0,30,47,51,23,9,0,26,25,25,35,9
2019,2,R,전통시장,2130305,논현종합시장,83,41,42,0,15,15,16,18,19,0,2,8,8,12,11,0,13,7,8,6,8
2019,2,R,전통시장,2130304,신사상가,139,83,56,1,13,18,40,38,29,0,3,7,18,29,26,1,10,11,22,9,3
2019,2,R,전통시장,2130303,영동전통시장,255,106,149,0,23,74,61,60,37,0,12,30,15,25,24,0,11,44,46,35,13
2019,2,R,전통시장,2130302,강남시장(강남구 강남시장),60,39,21,0,14,14,13,10,9,0,8,10,10,5,6,0,6,4,3,5,3
2019,2,R,전통시장,2130301,양재시장,36,23,13,0,6,9,9,7,5,0,4,7,6,3,3,0,2,2,3,4,2
2019,2,R,전통시장,2130299,엔터식스 강남점,3140,2756,384,18,218,343,1015,1227,319,6,110,252,944,1154,290,12,108,91,71,73,29
2019,2,R,전통시장,2130298,강남터미널지하도상점가2구역,11,5,6,0,4,2,3,0,2,0,2,2,1,0,0,0,2,0,2,0,2
2019,2,R,전통시장,2130296,남부종합시장,69,50,19,0,2,4,19,30,14,0,1,3,10,22,14,0,1,1,9,8,0
2019,2,R,전통시장,2130295,인헌시장(원당종합시장),125,48,77,0,19,25,41,24,16,0,3,7,15,14,9,0,16,18,26,10,7
2019,2,R,전통시장,2130294,관악중부시장,85,33,52,1,5,10,20,34,15,0,0,2,10,15,6,1,5,8,10,19,9
2019,2,R,전통시장,2130293,봉천중앙시장,178,53,125,0,18,12,33,51,64,0,5,5,17,16,10,0,13,7,16,35,54
2019,2,R,전통시장,2130292,봉천현대시장,5,2,3,0,0,0,1,1,3,0,0,0,1,1,0,0,0,0,0,0,3
2019,2,R,전통시장,2130290,영림시장,450,217,233,0,53,128,134,94,41,0,18,70,55,44,30,0,35,58,79,50,11
2019,2,R,전통시장,2130289,봉일시장,37,21,16,1,1,3,4,15,13,0,0,2,4,4,11,1,1,1,0,11,2
2019,2,R,전통시장,2130288,신림현대종합상가,4,2,2,0,1,1,1,1,0,0,1,0,0,1,0,0,0,1,1,0,0
2019,2,R,전통시장,2130286,신신림시장(삼성동시장),1,1,0,0,1,0,0,0,0,0,1,0,0,0,0,0,0,0,0,0,0
2019,2,R,전통시장,2130285,서원동상점가,1369,485,884,6,419,333,212,216,183,2,133,123,95,56,76,4,286,210,117,160,107
2019,2,R,전통시장,2130284,관악종합시장(신원시장),10,6,4,0,0,0,1,6,3,0,0,0,0,4,2,0,0,0,1,2,1
2019,2,R,전통시장,2130283,신원시장,28,9,19,0,3,2,9,8,6,0,0,1,3,2,3,0,3,1,6,6,3
2019,2,R,전통시장,2130282,난곡 골목형상점가,14,9,5,0,5,3,4,2,0,0,3,1,4,1,0,0,2,2,0,1,0
2019,2,R,전통시장,2130280,신림종합시장,6,5,1,0,0,0,0,1,5,0,0,0,0,0,5,0,0,0,0,1,0
2019,2,R,전통시장,2130279,관악신사시장,148,89,59,0,22,33,35,31,27,0,10,17,23,19,20,0,12,16,12,12,7
2019,2,R,전통시장,2130278,미성동 도깨비시장 골목형상점가,92,27,65,0,2,17,32,32,9,0,1,8,6,8,4,0,1,9,26,24,5
2019,2,R,전통시장,2130277,조원동 펭귄시장(신림중앙시장),72,49,23,0,10,17,23,20,2,0,6,15,16,10,2,0,4,2,7,10,0
2019,2,R,전통시장,2130276,신림중앙시장(조원동 펭귄시장),42,24,18,0,1,2,12,16,11,0,0,2,6,9,7,0,1,0,6,7,4
2019,2,R,전통시장,2130275,강남골목시장,197,118,79,0,23,48,48,43,35,0,16,37,21,21,23,0,7,11,27,22,12
2019,2,R,전통시장,2130274,사당1동먹자골목상점가(사당1동먹자골목),466,259,207,0,98,110,126,78,54,0,46,63,68,44,38,0,52,47,58,34,16
2019,2,R,전통시장,2130273,남성사계시장(남성시장),129,60,69,0,21,26,42,18,22,0,3,15,18,8,16,0,18,11,24,10,6
2019,2,R,전통시장,2130272,사당시장,73,37,36,0,12,10,19,16,16,0,3,2,12,10,10,0,9,8,7,6,6
2019,2,R,전통시장,2130271,남성역골목시장,490,271,219,0,27,21,38,46,358,0,5,8,17,17,224,0,22,13,21,29,134
2019,2,R,전통시장,2130270,흑석시장,6,4,2,0,2,0,1,3,0,0,1,0,1,2,0,0,1,0,0,1,0
2019,2,R,전통시장,2130269,강남시장(동작구 강남시장),1,0,1,0,0,0,1,0,0,0,0,0,0,0,0,0,0,0,1,0,0
2019,2,R,전통시장,2130268,상도전통시장,235,115,120,0,23,64,48,61,39,0,11,30,20,31,23,0,12,34,28,30,16
2019,2,R,전통시장,2130267,본동인정시장(기능상실),56,38,18,0,8,6,8,18,16,0,6,5,5,10,12,0,2,1,3,8,4
2019,2,R,전통시장,2130266,만양로상점가,147,88,59,0,7,38,58,28,16,0,2,25,41,16,4,0,5,13,17,12,12
2019,2,R,전통시장,2130265,노량진중앙시장,34,16,18,0,2,3,9,12,8,0,0,3,4,7,2,0,2,0,5,5,6
2019,2,R,전통시장,2130264,상도약수골목형상점가,64,34,30,1,13,7,15,21,7,0,3,3,8,13,7,1,10,4,7,8,0
2019,2,R,전통시장,2130263,신노량진시장(기능상실),5,1,4,0,0,3,1,1,0,0,0,0,0,1,0,0,0,3,1,0,0
2019,2,R,전통시장,2130262,상도도깨비 골목형상점가,41,8,33,0,1,2,15,19,4,0,0,1,5,0,2,0,1,1,10,19,2
2019,2,R,전통시장,2130261,성대전통시장(성대시장),223,111,112,0,17,55,60,59,32,0,5,30,35,21,20,0,12,25,25,38,12
2019,2,R,전통시장,2130260,신대방1동골목상권,58,29,29,0,7,12,11,18,10,0,0,6,5,11,7,0,7,6,6,7,3
2019,2,R,전통시장,2130259,대신시장,39,23,16,0,1,4,20,10,4,0,0,4,11,5,3,0,1,0,9,5,1
2019,2,R,전통시장,2130257,영등포시장기계공구상가,323,235,88,0,20,44,98,110,51,0,12,23,62,99,39,0,8,21,36,11,12
2019,2,R,전통시장,2130256,신동시장,2,2,0,0,0,0,0,1,1,0,0,0,0,1,1,0,0,0,0,0,0
2019,2,R,전통시장,2130255,영등포전통시장,48,32,16,0,1,8,5,13,21,0,1,6,3,7,15,0,0,2,2,6,6
2019,2,R,전통시장,2130253,영신상가(제일상가),5,3,2,0,0,0,0,3,2,0,0,0,0,2,1,0,0,0,0,1,1
2019,2,R,전통시장,2130250,삼구시장(로타리상가),1,0,1,0,0,0,0,1,0,0,0,0,0,0,0,0,0,0,0,1,0
2019,2,R,전통시장,2130249,동남상가,5,4,1,0,2,0,0,2,1,0,1,0,0,2,1,0,1,0,0,0,0
2019,2,R,전통시장,2130248,영등포역지하도상점가,21,9,12,0,3,3,6,5,4,0,1,1,4,0,3,0,2,2,2,5,1
2019,2,R,전통시장,2130247,우리시장,23,19,4,0,3,6,5,3,6,0,1,5,5,3,5,0,2,1,0,0,1
2019,2,R,전통시장,2130246,영등포청과시장(조광시장),222,110,112,0,25,27,51,74,45,0,11,12,28,32,27,0,14,15,23,42,18
2019,2,R,전통시장,2130245,영일시장,673,564,109,1,51,196,225,143,57,0,32,155,202,121,54,1,19,41,23,22,3
2019,2,R,전통시장,2130244,대림중앙시장,83,31,52,3,15,13,17,11,24,2,9,6,8,1,5,1,6,7,9,10,19
2019,2,R,전통시장,2130243,도림시장,7,5,2,0,0,1,4,1,1,0,0,1,3,1,0,0,0,0,1,0,1
2019,2,R,전통시장,2130242,대림중앙 골목형상점가,91,29,62,0,7,19,27,30,8,0,3,10,7,5,4,0,4,9,20,25,4
2019,2,R,전통시장,2130241,선유도역 골목형상점가,747,389,358,2,121,168,187,201,68,1,50,89,103,105,41,1,71,79,84,96,27
2019,2,R,전통시장,2130240,영등포유통상가,1309,815,494,1,121,350,357,252,228,0,62,183,231,179,160,1,59,167,126,73,68
2019,2,R,전통시장,2130238,은행나무시장,106,61,45,0,18,23,28,20,17,0,10,16,19,10,6,0,8,7,9,10,11
2019,2,R,전통시장,2130237,박미시장(기능상실),33,24,9,0,1,3,11,6,12,0,0,2,7,6,9,0,1,1,4,0,3
2019,2,R,전통시장,2130236,비단길현대시장(현대시장),121,55,66,0,13,18,30,41,19,0,6,7,9,21,12,0,7,11,21,20,7
2019,2,R,전통시장,2130235,대명여울빛거리시장(대명시장),374,121,253,0,35,51,78,107,103,0,9,21,28,32,31,0,26,30,50,75,72
2019,2,R,전통시장,2130234,푸른터시장(기능상실),4,2,2,0,1,1,0,2,0,0,0,1,0,1,0,0,1,0,0,1,0
2019,2,R,전통시장,2130233,남문시장,86,52,34,0,6,12,22,23,23,0,1,4,13,12,22,0,5,8,9,11,1
2019,2,R,전통시장,2130232,독산동 맛나는거리상점가(독산동 맛나는거리),32,27,5,0,1,8,9,9,5,0,1,7,8,6,5,0,0,1,1,3,0
2019,2,R,전통시장,2130231,독산동 우시장,605,473,132,3,29,76,118,195,184,1,18,54,92,145,163,2,11,22,26,50,21
2019,2,R,전통시장,2130230,가리봉시장,1,1,0,0,0,0,1,0,0,0,0,0,1,0,0,0,0,0,0,0,0
2019,2,R,전통시장,2130229,남구로시장,86,29,57,1,5,17,32,20,11,0,0,4,9,9,7,1,5,13,23,11,4
2019,2,R,전통시장,2130228,구로시장,15,9,6,0,1,3,7,3,1,0,1,1,5,1,1,0,0,2,2,2,0
2019,2,R,전통시장,2130227,고척골목시장상점가(그라운드 고척),104,70,34,0,11,28,36,23,6,0,5,17,25,18,5,0,6,11,11,5,1
2019,2,R,전통시장,2130225,개봉중앙시장,163,68,95,0,14,25,42,46,36,0,3,6,21,23,15,0,11,19,21,23,21
2019,2,R,전통시장,2130224,개봉프라자(고척근린시장),2,1,1,0,0,0,0,1,1,0,0,0,0,0,1,0,0,0,0,1,0
2019,2,R,전통시장,2130223,고척근린시장,43,9,34,0,7,8,10,12,6,0,0,0,1,5,3,0,7,8,9,7,3
2019,2,R,전통시장,2130222,오류시장,77,23,54,0,3,10,25,27,12,0,0,0,6,7,10,0,3,10,19,20,2
2019,2,R,전통시장,2130221,"남부골목시장(남부화곡시장, 남부시장)",158,52,106,0,17,24,40,52,25,0,3,4,8,18,19,0,14,20,32,34,6
2019,2,R,전통시장,2130220,등마루시장,3,3,0,0,1,1,0,1,0,0,1,1,0,1,0,0,0,0,0,0,0
2019,2,R,전통시장,2130219,까치산시장,137,42,95,0,19,20,41,41,16,0,4,6,11,12,9,0,15,14,30,29,7
2019,2,R,전통시장,2130218,신월중앙시장,118,53,65,0,27,42,25,12,12,0,9,15,10,10,9,0,18,27,15,2,3
2019,2,R,전통시장,2130217,화곡본동시장,50,21,29,0,4,6,10,20,10,0,2,4,5,8,2,0,2,2,5,12,8
2019,2,R,전통시장,2130216,화곡중앙시장,138,68,70,0,24,25,30,32,27,0,12,10,19,13,14,0,12,15,11,19,13
2019,2,R,전통시장,2130215,대원종합시장,7,6,1,0,0,0,0,3,4,0,0,0,0,2,4,0,0,0,0,1,0
2019,2,R,전통시장,2130214,송화벽화시장(송화골목시장),127,44,83,2,20,20,34,32,19,0,0,10,10,11,13,2,20,10,24,21,6
2019,2,R,전통시장,2130213,방신전통시장,92,60,32,0,8,15,26,23,20,0,5,11,15,14,15,0,3,4,11,9,5
2019,2,R,전통시장,2130212,공항시장,159,126,33,0,23,95,30,9,2,0,16,77,25,6,2,0,7,18,5,3,0
2019,2,R,전통시장,2130211,신정2동 골목시장(오목교중앙시장),58,16,42,0,4,11,17,22,4,0,1,2,6,4,3,0,3,9,11,18,1
2019,2,R,전통시장,2130210,목2동시장,426,233,193,0,44,134,118,78,52,0,20,71,67,39,36,0,24,63,51,39,16
2019,2,R,전통시장,2130209,목사랑시장(목4동시장),158,74,84,0,23,24,38,47,26,0,11,13,12,22,16,0,12,11,26,25,10
2019,2,R,전통시장,2130208,목동깨비시장(목3동시장),181,82,99,0,15,27,51,53,35,0,3,6,19,29,25,0,12,21,32,24,10
2019,2,R,전통시장,2130207,신정1동 골목시장(신정제일시장),27,8,19,0,7,5,7,6,2,0,1,1,3,2,1,0,6,4,4,4,1
2019,2,R,전통시장,2130206,신정3동 골목시장,24,7,17,1,1,4,12,3,3,0,0,0,3,1,3,1,1,4,9,2,0
2019,2,R,전통시장,2130205,신곡종합시장(신월6동 골목시장),184,116,68,1,26,42,40,40,35,0,13,26,32,22,23,1,13,16,8,18,12
2019,2,R,전통시장,2130204,경창시장,80,30,50,0,0,8,25,22,25,0,0,2,5,11,12,0,0,6,20,11,13
2019,2,R,전통시장,2130203,서서울 골목형상점가,36,11,25,0,1,9,13,11,2,0,0,1,4,5,1,0,1,8,9,6,1
2019,2,R,전통시장,2130202,신영시장,54,25,29,0,4,10,21,14,5,0,2,5,11,5,2,0,2,5,10,9,3
2019,2,R,전통시장,2130201,월정로시장,43,31,12,0,3,8,13,16,3,0,1,6,10,12,2,0,2,2,3,4,1
2019,2,R,전통시장,2130200,"신월7동 골목시장(약수시장, 우성상가)",43,22,21,0,1,6,14,10,12,0,0,1,5,7,9,0,1,5,9,3,3
2019,2,R,전통시장,2130199,신월3동 골목시장,28,16,12,0,1,3,8,8,8,0,0,1,4,3,8,0,1,2,4,5,0
2019,2,R,전통시장,2130198,아현시장,190,46,144,1,40,88,45,10,6,0,4,10,22,7,3,1,36,78,23,3,3
2019,2,R,전통시장,2130197,마포시장,10,4,6,0,0,1,4,1,4,0,0,1,1,0,2,0,0,0,3,1,2
2019,2,R,전통시장,2130196,공덕시장,3883,1806,2077,18,1170,1392,926,268,109,9,373,588,574,172,90,9,797,804,352,96,19
2019,2,R,전통시장,2130195,도화동 상점가,1798,1109,689,2,282,443,371,394,306,0,116,272,255,270,196,2,166,171,116,124,110
2019,2,R,전통시장,2130194,용강동 상점가,763,487,276,0,78,148,208,156,173,0,25,85,137,106,134,0,53,63,71,50,39
2019,2,R,전통시장,2130193,신수시장,28,16,12,0,5,5,9,3,6,0,1,4,6,2,3,0,4,1,3,1,3
2019,2,R,전통시장,2130192,동진시장,10,5,5,0,1,1,2,4,2,0,1,0,0,2,2,0,0,1,2,2,0
2019,2,R,전통시장,2130191,홍대 걷고싶은 거리,386,249,137,3,95,61,91,83,53,2,55,43,59,54,36,1,40,18,32,29,17
2019,2,R,전통시장,2130190,홍대소상공인상점가,165,87,78,1,53,44,35,16,16,0,19,26,23,7,12,1,34,18,12,9,4
2019,2,R,전통시장,2130189,서교시장,48,31,17,0,2,1,6,8,31,0,0,1,3,5,22,0,2,0,3,3,9
2019,2,R,전통시장,2130187,영진시장,23,12,11,0,0,3,12,6,2,0,0,1,7,2,2,0,0,2,5,4,0
2019,2,R,전통시장,2130186,망원시장,191,89,102,0,26,35,55,46,29,0,12,21,27,15,14,0,14,14,28,31,15
2019,2,R,전통시장,2130185,망원월드컵시장,232,141,91,1,32,75,67,29,28,1,15,49,41,16,19,0,17,26,26,13,9
2019,2,R,전통시장,2130184,마포농수산물시장,329,231,98,0,21,41,74,110,83,0,16,32,47,80,56,0,5,9,27,30,27
2019,2,R,전통시장,2130183,상암동상점가,618,416,202,0,72,78,133,216,119,0,29,41,90,160,96,0,43,37,43,56,23
2019,2,R,전통시장,2130182,영천시장,114,47,67,0,29,14,29,33,9,0,7,6,11,17,6,0,22,8,18,16,3
2019,2,R,전통시장,2130181,아현가구거리상점가,62,33,29,0,7,9,12,18,16,0,0,5,8,10,10,0,7,4,4,8,6
2019,2,R,전통시장,2130180,포방터시장,104,68,36,0,19,16,21,23,25,0,8,8,14,16,22,0,11,8,7,7,3
2019,2,R,전통시장,2130179,"이화여대 3,5,7길 상점가",167,74,93,1,42,18,39,39,28,0,16,5,18,19,16,1,26,13,21,20,12
2019,2,R,전통시장,2130178,이대 앞 스타트업 상점가,27,11,16,0,2,7,9,8,1,0,2,2,5,1,1,0,0,5,4,7,0
2019,2,R,전통시장,2130177,인왕시장(홍제골목형상점가),51,7,44,0,1,4,6,9,31,0,0,1,0,3,3,0,1,3,6,6,28
2019,2,R,전통시장,2130176,유진상가,54,31,23,0,25,21,4,4,0,0,11,16,3,1,0,0,14,5,1,3,0
2019,2,R,전통시장,2130175,신촌 상인회(신촌상점가),14,8,6,1,5,1,1,3,3,1,3,0,1,2,1,0,2,1,0,1,2
2019,2,R,전통시장,2130173,백련시장,57,47,10,0,4,29,14,8,2,0,2,24,13,6,2,0,2,5,1,2,0
2019,2,R,전통시장,2130172,모래내시장(서중시장),29,14,15,0,6,7,4,6,6,0,2,3,2,4,3,0,4,4,2,2,3
2019,2,R,전통시장,2130171,불광먹자골목 골목형상점가,200,75,125,0,18,36,35,37,74,0,4,12,17,13,29,0,14,24,18,24,45
2019,2,R,전통시장,2130170,제일시장,94,55,39,0,7,18,32,24,13,0,3,7,22,16,7,0,4,11,10,8,6
2019,2,R,전통시장,2130169,대조시장,68,31,37,0,4,13,18,25,8,0,0,3,11,12,5,0,4,10,7,13,3
2019,2,R,전통시장,2130168,연서시장,241,156,85,0,14,35,50,68,74,0,3,13,30,50,60,0,11,22,20,18,14
2019,2,R,전통시장,2130167,연신내상점가(연빛거리),674,235,439,6,146,146,169,136,71,4,35,53,53,51,39,2,111,93,116,85,32
2019,2,R,전통시장,2130166,응암시장(신응암시장),18,12,6,0,0,0,3,5,10,0,0,0,0,2,10,0,0,0,3,3,0
2019,2,R,전통시장,2130165,"대림골목시장(대림시장, 양지시장)",209,33,176,0,20,46,58,59,26,0,2,8,5,9,9,0,18,38,53,50,17
2019,2,R,전통시장,2130164,역촌중앙시장,2,2,0,0,0,0,1,0,1,0,0,0,1,0,1,0,0,0,0,0,0
2019,2,R,전통시장,2130163,응암오거리상점가,159,36,123,0,14,25,44,45,31,0,3,4,11,9,9,0,11,21,33,36,22
2019,2,R,전통시장,2130162,증산골목시장,19,9,10,0,1,3,4,4,7,0,0,0,1,1,7,0,1,3,3,3,0
2019,2,R,전통시장,2130161,증산종합시장,65,12,53,0,0,4,23,32,6,0,0,3,3,4,2,0,0,1,20,28,4
2019,2,R,전통시장,2130160,수일시장,9,4,5,0,0,2,1,3,3,0,0,0,0,2,2,0,0,2,1,1,1
2019,2,R,전통시장,2130159,공릉동 도깨비시장,214,168,46,0,7,19,34,75,79,0,3,9,19,65,72,0,4,10,15,10,7
2019,2,R,전통시장,2130157,상계중앙시장,98,48,50,0,23,21,24,18,12,0,12,15,11,7,3,0,11,6,13,11,9
2019,2,R,전통시장,2130155,시영B상가(중계 그린아파트 B 상가),18,14,4,0,2,8,5,3,0,0,1,8,4,1,0,0,1,0,1,2,0
2019,2,R,전통시장,2130154,상계주공1단지(가)상가,2,2,0,0,1,0,1,0,0,0,1,0,1,0,0,0,0,0,0,0,0
2019,2,R,전통시장,2130153,창동역상점가,243,136,107,0,19,52,55,70,47,0,8,28,31,37,32,0,11,24,24,33,15
2019,2,R,전통시장,2130152,오!도봉거리 상점가,57,32,25,0,5,16,17,10,9,0,2,7,7,9,7,0,3,9,10,1,2
2019,2,R,전통시장,2130151,신도봉시장,9,6,3,0,0,0,3,2,4,0,0,0,3,2,1,0,0,0,0,0,3
2019,2,R,전통시장,2130150,창동골목시장,106,52,54,0,19,42,22,17,6,0,7,22,13,8,2,0,12,20,9,9,4
2019,2,R,전통시장,2130149,창동신창시장,82,33,49,0,4,19,21,24,14,0,1,8,12,5,7,0,3,11,9,19,7
2019,2,R,전통시장,2130148,방학동도깨비시장,85,35,50,0,8,17,21,24,15,0,4,5,8,14,4,0,4,12,13,10,11
2019,2,R,전통시장,2130147,쌍문역동측상점가,114,55,59,2,21,28,30,17,16,2,5,12,18,10,8,0,16,16,12,7,8
2019,2,R,전통시장,2130146,쌍문시장(쌍문역골목시장),289,128,161,0,36,35,50,86,82,0,9,16,20,33,50,0,27,19,30,53,32
2019,2,R,전통시장,2130145,쌍문역둘리상점가,189,148,41,0,20,32,49,62,26,0,7,24,40,56,21,0,13,8,9,6,5
2019,2,R,전통시장,2130144,백운시장,38,18,20,0,0,4,14,12,8,0,0,0,7,4,7,0,0,4,7,8,1
2019,2,R,전통시장,2130143,방천골목시장,63,34,29,0,12,15,14,17,5,0,4,9,8,9,4,0,8,6,6,8,1
2019,2,R,전통시장,2130142,강북북부시장,6,4,2,0,1,0,4,1,0,0,0,0,3,1,0,0,1,0,1,0,0
2019,2,R,전통시장,2130141,강북북부골목시장,45,23,22,0,13,9,9,9,5,0,3,5,3,8,4,0,10,4,6,1,1
2019,2,R,전통시장,2130140,숭인시장,57,25,32,0,7,12,8,15,15,0,0,3,1,8,13,0,7,9,7,7,2
2019,2,R,전통시장,2130139,강북종합전통시장(강북종합골목시장),201,123,78,0,17,43,71,43,27,0,7,27,46,25,18,0,10,16,25,18,9
2019,2,R,전통시장,2130138,수유프라자,55,24,31,0,4,11,8,12,20,0,1,1,1,6,15,0,3,10,7,6,5
2019,2,R,전통시장,2130137,"수유전통시장(수유시장, 수유골목시장)",80,44,36,0,5,14,18,20,23,0,0,5,9,11,19,0,5,9,9,9,4
2019,2,R,전통시장,2130136,수유재래시장,18,8,10,0,5,1,6,2,4,0,3,0,0,1,4,0,2,1,6,1,0
2019,2,R,전통시장,2130135,수유중앙골목시장(수유중앙시장),29,12,17,0,1,5,5,5,13,0,0,3,2,0,7,0,1,2,3,5,6
2019,2,R,전통시장,2130134,"솔샘시장(미아6,7동골목시장)",86,36,50,1,11,18,30,21,5,0,3,6,14,9,4,1,8,12,16,12,1
2019,2,R,전통시장,2130133,우이골목시장(우이시장),70,53,17,0,4,7,25,20,14,0,3,6,14,17,13,0,1,1,11,3,1
2019,2,R,전통시장,2130132,삼양골목시장(삼양시장),92,24,68,0,10,15,17,29,21,0,0,6,6,8,4,0,10,9,11,21,17
2019,2,R,전통시장,2130131,동북프라자,104,39,65,0,10,21,33,22,18,0,4,6,15,6,8,0,6,15,18,16,10
2019,2,R,전통시장,2130130,수유북부골목시장,19,13,6,0,1,1,6,6,5,0,0,0,5,4,4,0,1,1,1,2,1
2019,2,R,전통시장,2130129,장미원골목시장,958,615,343,0,13,14,46,90,795,0,2,4,18,43,548,0,11,10,28,47,247
2019,2,R,전통시장,2130128,돌곶이시장(석관황금시장),177,147,30,0,35,31,38,62,11,0,34,23,27,53,10,0,1,8,11,9,1
2019,2,R,전통시장,2130127,석관시장,30,19,11,0,1,6,11,5,7,0,0,4,6,3,6,0,1,2,5,2,1
2019,2,R,전통시장,2130126,새석관시장,4,1,3,0,0,0,1,3,0,0,0,0,0,1,0,0,0,0,1,2,0
2019,2,R,전통시장,2130125,장위전통시장,74,43,31,0,6,8,17,21,22,0,3,4,9,13,14,0,3,4,8,8,8
2019,2,R,전통시장,2130123,꿈의숲 장곡 골목형상점가,9,7,2,0,1,0,2,6,0,0,1,0,2,4,0,0,0,0,0,2,0
2019,2,R,전통시장,2130122,밤나무골시장,13,1,12,0,1,3,3,4,2,0,0,0,0,1,0,0,1,3,3,3,2
2019,2,R,전통시장,2130121,길음시장,18,5,13,0,4,6,2,1,5,0,0,0,1,0,4,0,4,6,1,1,1
2019,2,R,전통시장,2130120,돈암시장(돈암제일시장),104,28,76,0,19,15,29,22,19,0,1,2,7,11,7,0,18,13,22,11,12
2019,2,R,전통시장,2130119,정릉아리랑시장,27,6,21,0,1,5,12,8,1,0,1,0,0,4,1,0,0,5,12,4,0
2019,2,R,전통시장,2130118,정릉골 골목형상점가,91,44,47,0,16,19,16,23,17,0,3,5,11,13,12,0,13,14,5,10,5
2019,2,R,전통시장,2130117,정릉시장,103,49,54,0,8,15,25,28,27,0,3,5,12,14,15,0,5,10,13,14,12
2019,2,R,전통시장,2130116,동성타워프라자,10,6,4,0,0,0,5,3,2,0,0,0,2,2,2,0,0,0,3,1,0
2019,2,R,전통시장,2130115,우림골목시장,285,107,178,1,73,54,58,65,34,0,30,14,22,23,18,1,43,40,36,42,16
2019,2,R,전통시장,2130114,유영시장,32,7,25,0,1,6,12,10,3,0,0,0,2,5,0,0,1,6,10,5,3
2019,2,R,전통시장,2130113,신아타운,195,44,151,0,50,50,36,42,17,0,8,13,10,6,7,0,42,37,26,36,10
2019,2,R,전통시장,2130112,사가정시장,95,40,55,0,13,14,31,21,16,0,0,5,10,9,16,0,13,9,21,12,0
2019,2,R,전통시장,2130111,"동원전통종합시장(동원시장, 동원전통시장 상점가)",230,100,130,1,26,30,60,83,30,0,8,14,23,39,16,1,18,16,37,44,14
2019,2,R,전통시장,2130110,면목골목시장(면목시장),110,57,53,0,1,7,28,35,39,0,1,4,17,19,16,0,0,3,11,16,23
2019,2,R,전통시장,2130109,묵1동도깨비시장,44,35,9,0,3,9,17,7,8,0,3,7,15,4,6,0,0,2,2,3,2
2019,2,R,전통시장,2130108,태능엔터피아(태릉시장),8,3,5,0,1,0,2,5,0,0,1,0,1,1,0,0,0,0,1,4,0
2019,2,R,전통시장,2130107,중랑동부시장(중랑교종합상가),15,4,11,0,0,2,5,6,2,0,0,1,1,1,1,0,0,1,4,5,1
2019,2,R,전통시장,2130106,중랑동부시장,169,65,104,0,24,40,33,35,37,0,5,11,8,18,23,0,19,29,25,17,14
2019,2,R,전통시장,2130105,장미제일시장(중화동제일시장),60,26,34,0,6,12,19,13,10,0,2,5,11,6,2,0,4,7,8,7,8
2019,2,R,전통시장,2130104,전곡시장,97,56,41,0,8,16,30,30,13,0,6,8,16,14,12,0,2,8,14,16,1
2019,2,R,전통시장,2130103,이경시장,14,7,7,0,0,1,0,2,11,0,0,1,0,1,5,0,0,0,0,1,6
2019,2,R,전통시장,2130102,이문제일시장,1,1,0,0,0,0,0,1,0,0,0,0,0,1,0,0,0,0,0,0,0
2019,2,R,전통시장,2130101,답십리현대시장,97,84,13,0,5,9,9,25,49,0,3,7,4,22,48,0,2,2,5,3,1
2019,2,R,전통시장,2130100,답십리시장,99,41,58,5,20,21,30,10,13,1,4,7,16,5,8,4,16,14,14,5,5
2019,2,R,전통시장,2130099,전농로터리시장,17,10,7,0,2,2,7,5,1,0,1,1,4,3,1,0,1,1,3,2,0
2019,2,R,전통시장,2130098,회기시장,63,18,45,0,9,20,13,13,8,0,1,5,5,4,3,0,8,15,8,9,5
2019,2,R,전통시장,2130097,답십리 건축자재시장,433,248,185,0,18,58,48,58,251,0,7,43,26,27,145,0,11,15,22,31,106
2019,2,R,전통시장,2130096,동부시장,13,8,5,0,0,0,1,1,11,0,0,0,0,0,8,0,0,0,1,1,3
2019,2,R,전통시장,2130095,청량리전통시장,99,39,60,0,5,16,18,32,28,0,3,4,9,11,12,0,2,12,9,21,16
2019,2,R,전통시장,2130094,청량리청과물시장,48,19,29,0,9,10,16,5,8,0,0,2,9,2,6,0,9,8,7,3,2
2019,2,R,전통시장,2130093,동서시장,4,3,1,0,0,0,1,1,2,0,0,0,1,0,2,0,0,0,0,1,0
2019,2,R,전통시장,2130092,청량리농수산물시장,12,9,3,0,0,1,3,5,3,0,0,0,3,3,3,0,0,1,0,2,0
2019,2,R,전통시장,2130091,청량종합도매시장,56,43,13,0,9,5,13,19,10,0,7,4,11,13,8,0,2,1,2,6,2
2019,2,R,전통시장,2130090,청량리종합시장,23,16,7,0,1,5,4,5,8,0,1,2,4,4,5,0,0,3,0,1,3
2019,2,R,전통시장,2130089,청량리수산시장,41,32,9,0,2,7,19,4,9,0,2,6,14,3,7,0,0,1,5,1,2
2019,2,R,전통시장,2130088,경동시장,142,63,79,0,14,30,36,32,30,0,2,8,19,14,20,0,12,22,17,18,10
2019,2,R,전통시장,2130087,경동광성상가(경동시장),25,16,9,0,5,2,5,7,6,0,3,2,3,5,3,0,2,0,2,2,3
2019,2,R,전통시장,2130086,서울약령시장,1239,677,562,3,121,201,319,364,231,0,59,116,175,200,127,3,62,85,144,164,104
2019,2,R,전통시장,2130085,용두시장,4,2,2,0,0,0,1,2,1,0,0,0,0,1,1,0,0,0,1,1,0
2019,2,R,전통시장,2130084,신성시장(신성골목시장),14,3,11,0,3,1,7,3,0,0,0,1,1,1,0,0,3,0,6,2,0
2019,2,R,전통시장,2130083,"중곡제일시장(중곡제일골목시장, 광성시장)",122,70,52,0,13,25,29,37,18,0,5,16,20,15,14,0,8,9,9,22,4
2019,2,R,전통시장,2130082,면곡골목시장,26,14,12,0,2,0,1,14,9,0,2,0,0,6,6,0,0,0,1,8,3
2019,2,R,전통시장,2130081,자양골목전통시장(자양골목시장),63,34,29,0,6,19,20,8,10,0,4,10,9,6,5,0,2,9,11,2,5
2019,2,R,전통시장,2130080,자양종합시장(기능상실),16,10,6,0,0,0,5,10,1,0,0,0,4,5,1,0,0,0,1,5,0
2019,2,R,전통시장,2130079,한아름시장,68,43,25,0,15,12,14,14,13,0,9,7,9,8,10,0,6,5,5,6,3
2019,2,R,전통시장,2130078,화양제일골목시장,48,18,30,0,5,11,17,12,3,0,1,4,6,6,1,0,4,7,11,6,2
2019,2,R,전통시장,2130077,조양시장,33,18,15,0,8,7,13,4,1,0,4,4,6,3,1,0,4,3,7,1,0
2019,2,R,전통시장,2130076,능동로골목시장,39,32,7,0,1,6,12,14,6,0,1,4,12,10,5,0,0,2,0,4,1
2019,2,R,전통시장,2130075,노룬산시장(노룬산골목시장),26,14,12,0,3,4,9,8,2,0,2,3,6,2,1,0,1,1,3,6,1
2019,2,R,전통시장,2130074,영동교골목시장,14,8,6,0,5,2,4,3,0,0,3,2,1,2,0,0,2,0,3,1,0
2019,2,R,전통시장,2130073,뚝도시장,62,36,26,0,6,7,16,17,16,0,3,3,6,13,11,0,3,4,10,4,5
2019,2,R,전통시장,2130072,성동용답상가시장,375,123,252,18,156,51,70,59,21,2,48,15,21,26,11,16,108,36,49,33,10
2019,2,R,전통시장,2130071,성수역 골목형상점가,408,229,179,2,78,107,80,61,80,0,38,52,53,44,42,2,40,55,27,17,38
2019,2,R,전통시장,2130070,뚝섬역상점가,1407,950,457,5,222,429,344,251,156,4,110,300,241,174,121,1,112,129,103,77,35
2019,2,R,전통시장,2130069,"한양대앞상점가(한양시장, 왕십리맛골목)",24,11,13,0,3,3,3,7,8,0,1,1,0,4,5,0,2,2,3,3,3
2019,2,R,전통시장,2130068,마장축산물시장,1100,730,370,1,103,240,301,266,189,1,71,156,201,178,123,0,32,84,100,88,66
2019,2,R,전통시장,2130067,왕십리도선동상점가,623,328,295,3,98,146,156,135,85,1,48,86,97,60,36,2,50,60,59,75,49
2019,2,R,전통시장,2130066,행당시장상점가,494,220,274,1,58,107,139,118,71,1,18,40,63,52,46,0,40,67,76,66,25
2019,2,R,전통시장,2130065,무학봉상점가,144,69,75,0,19,28,35,38,24,0,3,9,16,22,19,0,16,19,19,16,5
2019,2,R,전통시장,2130064,금남시장,31,12,19,0,3,7,7,4,10,0,1,1,4,2,4,0,2,6,3,2,6
2019,2,R,전통시장,2130063,신금호역 골목형상점가,41,28,13,0,2,7,10,12,10,0,2,4,6,9,7,0,0,3,4,3,3
2019,2,R,전통시장,2130062,보광시장,14,6,8,0,0,0,4,5,5,0,0,0,0,2,4,0,0,0,4,3,1
2019,2,R,전통시장,2130061,이태원시장,50,30,20,0,22,14,5,7,2,0,15,7,4,3,1,0,7,7,1,4,1
2019,2,R,전통시장,2130060,신흥시장,7,4,3,1,0,2,1,2,1,1,0,1,1,0,1,0,0,1,0,2,0
2019,2,R,전통시장,2130059,후암시장,78,44,34,0,13,15,19,12,19,0,4,7,9,8,16,0,9,8,10,4,3
2019,2,R,전통시장,2130058,이촌종합시장,100,71,29,0,8,16,23,26,27,0,5,9,11,21,25,0,3,7,12,5,2
2019,2,R,전통시장,2130057,만리시장,15,12,3,0,0,2,1,7,5,0,0,1,1,6,4,0,0,1,0,1,1
2019,2,R,전통시장,2130056,용산용문시장,169,104,65,0,43,46,44,27,9,0,27,35,22,15,5,0,16,11,22,12,4
2019,2,R,전통시장,2130055,"황학시장(서울중앙시장, 신중앙시장)",297,170,127,0,37,70,79,62,49,0,19,35,44,36,36,0,18,35,35,26,13
2019,2,R,전통시장,2130054,황학동주방가구거리상점가,427,275,152,1,45,93,122,121,45,1,21,64,79,78,32,0,24,29,43,43,13
2019,2,R,전통시장,2130053,백학시장,170,79,91,0,25,31,47,35,32,0,8,11,23,17,20,0,17,20,24,18,12
2019,2,R,전통시장,2130052,서울중앙시장(신중앙시장),552,377,175,0,117,177,111,83,64,0,87,126,61,51,52,0,30,51,50,32,12
2019,2,R,전통시장,2130051,동화동 골목형상점가,375,166,209,0,75,86,100,64,50,0,15,26,49,41,35,0,60,60,51,23,15
2019,2,R,전통시장,2130050,청평화시장,117,45,72,0,16,40,42,14,5,0,8,21,9,5,2,0,8,19,33,9,3
2019,2,R,전통시장,2130049,신당 미래유산 먹거리 골목형상점가,55,22,33,0,4,2,11,18,20,0,2,1,1,7,11,0,2,1,10,11,9
2019,2,R,전통시장,2130048,동평화시장,13,8,5,0,3,7,0,2,1,0,2,5,0,0,1,0,1,2,0,2,0
2019,2,R,전통시장,2130047,테크노상가(엘리시움),203,140,63,0,21,53,42,55,32,0,10,38,27,38,27,0,11,15,15,17,5
2019,2,R,전통시장,2130046,team204(팀204),29,20,9,0,4,7,9,8,1,0,2,4,6,7,1,0,2,3,3,1,0
2019,2,R,전통시장,2130045,광희패션몰,57,32,25,0,2,8,11,17,19,0,0,2,8,12,10,0,2,6,3,5,9
2019,2,R,전통시장,2130044,에리어식스(벨포스트),19,9,10,0,4,7,4,4,0,0,3,4,1,1,0,0,1,3,3,3,0
2019,2,R,전통시장,2130043,제일평화시장,47,28,19,0,6,13,16,8,4,0,1,9,9,6,3,0,5,4,7,2,1
2019,2,R,전통시장,2130042,약수시장,158,64,94,1,33,30,36,27,31,1,8,7,16,11,21,0,25,23,20,16,10
2019,2,R,전통시장,2130041,신평화패션타운(청계6가 지하도상가),19,11,8,0,1,3,6,7,2,0,0,2,6,3,0,0,1,1,0,4,2
2019,2,R,전통시장,2130040,남평화시장,3,2,1,0,1,1,1,0,0,0,1,0,1,0,0,0,0,1,0,0,0
2019,2,R,전통시장,2130039,청계6가 지하도상가,42,28,14,0,1,3,9,7,22,0,1,1,6,6,14,0,0,2,3,1,8
2019,2,R,전통시장,2130038,"평화시장(통일상가, 동화상가)",1496,1053,443,6,169,486,486,256,93,0,73,296,399,210,75,6,96,190,87,46,18
2019,2,R,전통시장,2130036,중부시장(신중부시장),3125,1030,2095,4,1745,623,302,231,220,1,313,205,210,146,155,3,1432,418,92,85,65
2019,2,R,전통시장,2130035,방산종합시장(방산시장),1245,767,478,2,106,235,291,320,291,0,59,141,158,196,213,2,47,94,133,124,78
2019,2,R,전통시장,2130034,필동 골목형상점가,12,6,6,0,2,3,4,1,2,0,0,1,2,1,2,0,2,2,2,0,0
2019,2,R,전통시장,2130033,대림상가(청계상가),230,158,72,0,11,38,82,46,53,0,5,24,49,36,44,0,6,14,33,10,9
2019,2,R,전통시장,2130032,인현시장,180,126,54,0,3,23,57,54,43,0,3,14,42,37,30,0,0,9,15,17,13
2019,2,R,전통시장,2130031,청계천공구상가,929,711,218,1,92,278,240,162,156,1,62,228,185,106,129,0,30,50,55,56,27
2019,2,R,전통시장,2130025,삼익패션타운(남대문시장),922,527,395,0,122,258,249,203,90,0,33,98,176,174,46,0,89,160,73,29,44
2019,2,R,전통시장,2130024,남대문시장(자유상가),893,511,382,1,70,165,202,215,240,1,19,80,114,128,169,0,51,85,88,87,71
2019,2,R,전통시장,2130022,숭례문수입상가(남대문시장),1936,855,1081,0,327,880,603,113,13,0,52,387,336,70,10,0,275,493,267,43,3
2019,2,R,전통시장,2130021,신설종합시장,35,25,10,0,0,11,10,6,8,0,0,10,6,4,5,0,0,1,4,2,3
2019,2,R,전통시장,2130020,동묘시장(동묘벼룩시장),411,173,238,4,126,113,71,71,26,3,31,36,43,40,20,1,95,77,28,31,6
2019,2,R,전통시장,2130019,동대문상가D동,22,16,6,0,2,4,5,3,8,0,1,1,4,3,7,0,1,3,1,0,1
2019,2,R,전통시장,2130018,동대문문구완구거리(동대문문구완구시장),200,108,92,1,19,46,44,52,38,1,6,24,28,29,20,0,13,22,16,23,18
2019,2,R,전통시장,2130017,동대문상가C동,12,10,2,0,1,6,3,1,1,0,1,6,3,0,0,0,0,0,0,1,1
2019,2,R,전통시장,2130016,동대문상가B동,3,1,2,0,0,1,2,0,0,0,0,0,1,0,0,0,0,1,1,0,0
2019,2,R,전통시장,2130015,창신골목시장,25,13,12,0,0,2,7,13,3,0,0,2,4,5,2,0,0,0,3,8,1
2019,2,R,전통시장,2130014,동문시장,10,6,4,0,0,1,3,5,1,0,0,1,1,3,1,0,0,0,2,2,0
2019,2,R,전통시장,2130013,동대문상가A동,5,5,0,0,0,0,0,0,5,0,0,0,0,0,5,0,0,0,0,0,0
2019,2,R,전통시장,2130012,"동대문종합시장(동대문종합시장 신관, 동대문종합시장D동상가)",1459,1062,397,2,153,362,395,389,158,1,115,274,272,277,123,1,38,88,123,112,35
2019,2,R,전통시장,2130011,충신시장,70,38,32,0,11,16,19,14,10,0,6,11,9,6,6,0,5,5,10,8,4
2019,2,R,전통시장,2130010,종로신진시장,222,127,95,1,20,32,54,56,59,1,13,20,22,30,41,0,7,12,32,26,18
2019,2,R,전통시장,2130009,마전교지하쇼핑센터(구 한일상가),54,31,23,0,4,8,10,17,15,0,2,4,6,7,12,0,2,4,4,10,3
2019,2,R,전통시장,2130007,광장시장(광장전통시장),425,289,136,0,25,66,103,127,104,0,14,35,78,79,83,0,11,31,25,48,21
2019,2,R,전통시장,2130005,세운상가가동,136,97,39,0,8,30,37,23,38,0,6,23,29,9,30,0,2,7,8,14,8
2019,2,R,전통시장,2130004,낙원시장(낙원지하시장(대일상가)),338,237,101,0,24,77,81,71,85,0,12,59,53,45,68,0,12,18,28,26,17
2019,2,R,전통시장,2130002,세종마을음식문화거리(금천교시장),585,393,192,1,58,115,129,138,144,0,29,71,77,99,117,1,29,44,52,39,27
2019,2,R,전통시장,2130001,통인시장,72,32,40,0,3,22,14,16,17,0,1,7,6,8,10,0,2,15,8,8,7
2019,2,D,발달상권,2120249,고덕역,1023,653,370,6,114,198,202,268,235,3,43,114,132,180,181,3,71,84,70,88,54
2019,2,D,발달상권,2120248,명일역,927,373,554,6,129,142,240,222,188,6,49,68,99,71,80,0,80,74,141,151,108
2019,2,D,발달상권,2120247,굽은다리역,861,498,363,4,91,157,193,144,272,1,36,96,102,83,180,3,55,61,91,61,92
2019,2,D,발달상권,2120246,길동역,3598,1651,1947,12,396,612,894,949,735,7,168,334,462,316,364,5,228,278,432,633,371
2019,2,D,발달상권,2120245,둔촌역,2424,1457,967,6,295,544,540,540,499,2,161,369,349,272,304,4,134,175,191,268,195
2019,2,D,발달상권,2120244,암사역,955,432,523,0,70,95,115,122,553,0,18,43,53,55,263,0,52,52,62,67,290
2019,2,D,발달상권,2120243,천호역,2608,1165,1443,6,590,693,578,385,356,1,164,341,280,172,207,5,426,352,298,213,149
2019,2,D,발달상권,2120242,강동구청역,5813,3679,2134,41,709,1369,1381,1141,1172,13,315,839,915,758,839,28,394,530,466,383,333
2019,2,D,발달상권,2120241,거여역,922,600,322,8,123,225,229,137,200,5,78,147,147,73,150,3,45,78,82,64,50
2019,2,D,발달상권,2120240,개롱역,2048,1357,691,29,316,370,552,528,253,16,172,241,379,357,192,13,144,129,173,171,61
2019,2,D,발달상권,2120239,오금역,5292,3415,1877,18,863,1498,1386,969,558,14,474,1024,1001,502,400,4,389,474,385,467,158
2019,2,D,발달상권,2120238,방이역,370,197,173,1,42,88,90,75,74,0,10,37,38,53,59,1,32,51,52,22,15
2019,2,D,발달상권,2120237,경찰병원역,7707,4581,3126,50,1207,2086,1907,1371,1086,21,568,1388,1269,717,618,29,639,698,638,654,468
2019,2,D,발달상권,2120236,장지역(가든파이브),4917,3249,1668,16,723,1148,1159,1027,844,10,386,729,791,684,649,6,337,419,368,343,195
2019,2,D,발달상권,2120235,문정역,1429,956,473,2,202,345,390,308,182,2,99,258,284,187,126,0,103,87,106,121,56
2019,2,D,발달상권,2120234,가락시장역,12304,7585,4719,63,1161,1875,2071,1999,5135,25,612,1255,1389,1009,3295,38,549,620,682,990,1840
2019,2,D,발달상권,2120233,몽촌토성역,5557,4120,1437,9,1303,2079,1198,617,351,6,860,1532,956,497,269,3,443,547,242,120,82
2019,2,D,발달상권,2120232,송파나루역,1025,708,317,0,151,267,257,201,149,0,83,190,181,137,117,0,68,77,76,64,32
2019,2,D,발달상권,2120231,가락시장,5581,3966,1615,2,322,1014,1528,1630,1085,1,229,804,1161,1071,700,1,93,210,367,559,385
2019,2,D,발달상권,2120230,송파사거리(송파역),780,419,361,2,73,151,149,196,209,1,38,84,85,89,122,1,35,67,64,107,87
2019,2,D,발달상권,2120229,방이동먹자골목,7822,5156,2666,15,1072,2465,2098,1298,874,8,569,1548,1467,973,591,7,503,917,631,325,283
2019,2,D,발달상권,2120228,석촌역(석촌호수),4972,3084,1888,4,796,1539,1207,760,666,0,347,1040,803,446,448,4,449,499,404,314,218
2019,2,D,발달상권,2120227,잠실역,57707,30003,27704,130,10965,15234,15975,13804,1599,40,5169,9400,8810,5467,1117,90,5796,5834,7165,8337,482
2019,2,D,발달상권,2120226,석촌고분역,3087,2310,777,9,351,481,577,529,1140,7,185,292,379,379,1068,2,166,189,198,150,72
2019,2,D,발달상권,2120225,잠실새내역(신천),5496,3245,2251,17,977,1152,1272,915,1163,7,493,673,771,495,806,10,484,479,501,420,357
2019,2,D,발달상권,2120224,수서역,14566,8218,6348,20,2015,3961,4060,2626,1884,10,957,2352,2327,1465,1107,10,1058,1609,1733,1161,777
2019,2,D,발달상권,2120223,휘문고교사거리,9875,5993,3882,16,1684,3350,3037,1476,312,4,1010,2325,1802,646,206,12,674,1025,1235,830,106
2019,2,D,발달상권,2120222,삼성역,58834,33884,24950,212,11288,17770,13312,8940,7312,126,4659,10523,9272,5337,3967,86,6629,7247,4040,3603,3345
2019,2,D,발달상권,2120221,봉은사역,24170,16376,7794,22,4803,6746,4228,3834,4537,12,2723,4962,3360,2532,2787,10,2080,1784,868,1302,1750
2019,2,D,발달상권,2120220,대치역,5446,3259,2187,28,1834,2182,911,308,183,0,774,1435,682,220,148,28,1060,747,229,88,35
2019,2,D,발달상권,2120219,은마아파트,7507,4027,3480,11,1616,2156,1873,1304,547,4,518,1216,1151,778,360,7,1098,940,722,526,187
2019,2,D,발달상권,2120218,코엑스,985,607,378,0,303,366,218,81,17,0,145,220,163,65,14,0,158,146,55,16,3
2019,2,D,발달상권,2120217,대치사거리,3105,1669,1436,6,669,912,718,466,334,4,278,455,421,268,243,2,391,457,297,198,91
2019,2,D,발달상권,2120216,경기고교사거리(경기고교앞사거리),5567,4135,1432,9,789,1749,1840,952,228,7,348,1191,1587,832,170,2,441,558,253,120,58
2019,2,D,발달상권,2120215,포스코사거리,52979,32788,20191,133,9440,18613,14621,7581,2591,18,4039,11704,10390,5020,1617,115,5401,6909,4231,2561,974
2019,2,D,발달상권,2120214,영동대교남단교차로,5202,3213,1989,4,816,1783,1318,956,325,0,303,988,906,763,253,4,513,795,412,193,72
2019,2,D,발달상권,2120213,삼성중앙역,9812,5595,4217,40,2171,2830,2263,1386,1122,8,927,1716,1427,805,712,32,1244,1114,836,581,410
2019,2,D,발달상권,2120212,한티역,791,396,395,2,136,218,206,140,89,1,39,106,120,75,55,1,97,112,86,65,34
2019,2,D,발달상권,2120211,도성초등학교,1290,663,627,5,234,437,271,195,148,2,62,178,175,144,102,3,172,259,96,51,46
2019,2,D,발달상권,2120210,선릉역,59491,34229,25262,94,11730,19726,15084,8496,4361,51,4915,11642,10160,4988,2473,43,6815,8084,4924,3508,1888
2019,2,D,발달상권,2120209,"강남구청(청담역_8번, 강남세무서)",8298,2305,5993,13,1848,2568,2311,1082,476,5,499,721,474,330,276,8,1349,1847,1837,752,200
2019,2,D,발달상권,2120208,청담사거리(청담동명품거리),22042,14977,7065,49,4076,5580,6152,5470,715,16,1610,3171,4672,4978,530,33,2466,2409,1480,492,185
2019,2,D,발달상권,2120207,선정릉역,14576,8915,5661,32,3046,5283,3419,1808,988,12,1230,3070,2443,1336,824,20,1816,2213,976,472,164
2019,2,D,발달상권,2120206,개나리아파트,4566,2926,1640,60,1426,1210,896,634,340,16,748,825,638,437,262,44,678,385,258,197,78
2019,2,D,발달상권,2120205,매봉역,15595,10393,5202,67,2980,4586,3532,2104,2326,37,1457,3182,2829,1564,1324,30,1523,1404,703,540,1002
2019,2,D,발달상권,2120204,르네상스호텔사거리,37795,19343,18452,73,6463,9924,9985,9912,1438,36,4527,7198,4837,1901,844,37,1936,2726,5148,8011,594
2019,2,D,발달상권,2120203,강남구청역,7431,4645,2786,15,1221,2136,1939,1400,720,5,520,1265,1356,933,566,10,701,871,583,467,154
2019,2,D,발달상권,2120202,압구정로데오역(압구정로데오),10952,5651,5301,21,2755,3934,2396,1400,446,4,757,1889,1519,1169,313,17,1998,2045,877,231,133
2019,2,D,발달상권,2120201,도곡1동,5410,3656,1754,10,874,1671,1409,859,587,7,458,1084,1047,616,444,3,416,587,362,243,143
2019,2,D,발달상권,2120200,학동사거리,9454,3805,5649,21,2722,3043,1897,1080,691,6,560,1049,962,729,499,15,2162,1994,935,351,192
2019,2,D,발달상권,2120199,경복아파트교차로,4628,2911,1717,8,912,1439,917,723,629,2,390,891,607,531,490,6,522,548,310,192,139
2019,2,D,발달상권,2120198,구역삼세무서,12815,7778,5037,27,2914,3967,3209,1770,928,11,1195,2380,2266,1229,697,16,1719,1587,943,541,231
2019,2,D,발달상권,2120197,역삼역,64216,42760,21456,81,10001,20543,17667,11865,4059,35,5050,13631,13182,8144,2718,46,4951,6912,4485,3721,1341
2019,2,D,발달상권,2120196,서울세관,9428,5264,4164,8,1585,2810,2342,1776,907,3,524,1322,1431,1256,728,5,1061,1488,911,520,179
2019,2,D,발달상권,2120195,성수대교남단,6284,2992,3292,53,1606,2645,1218,464,298,23,501,1347,707,235,179,30,1105,1298,511,229,119
2019,2,D,발달상권,2120194,언주역(차병원),11805,8150,3655,37,2502,3764,2741,1891,870,14,1181,2546,2173,1587,649,23,1321,1218,568,304,221
2019,2,D,발달상권,2120193,도산공원교차로,5510,3266,2244,11,941,1671,1323,883,681,5,336,910,903,604,508,6,605,761,420,279,173
2019,2,D,발달상권,2120192,뱅뱅사거리,28648,19068,9580,54,4735,9223,7596,4708,2332,20,2282,6112,5620,3291,1743,34,2453,3111,1976,1417,589
2019,2,D,발달상권,2120191,학동역,15267,8618,6649,42,3507,4140,3126,1950,2502,17,1229,2320,2063,1203,1786,25,2278,1820,1063,747,716
2019,2,D,발달상권,2120190,강남을지병원,11294,5864,5430,20,3070,3234,2462,1464,1044,8,1014,1647,1496,930,769,12,2056,1587,966,534,275
2019,2,D,발달상권,2120189,강남역,83324,43342,39982,154,17247,26613,21163,12824,5323,51,7055,14877,12515,6568,2276,103,10192,11736,8648,6256,3047
2019,2,D,발달상권,2120188,압구정역,7605,3195,4410,240,2435,2071,1335,884,640,81,832,846,678,407,351,159,1603,1225,657,477,289
2019,2,D,발달상권,2120187,신논현역,14268,8367,5901,47,3721,4462,3315,1866,857,23,1445,2547,2337,1380,635,24,2276,1915,978,486,222
2019,2,D,발달상권,2120186,가로수길,8145,4225,3920,8,1727,2747,1951,1091,621,1,615,1474,1094,611,430,7,1112,1273,857,480,191
2019,2,D,발달상권,2120185,논현역,14799,8125,6674,28,3556,4970,3419,1975,851,13,1200,2826,2323,1231,532,15,2356,2144,1096,744,319
2019,2,D,발달상권,2120184,포이사거리(삼호물산),14521,8267,6254,24,2038,4096,3930,2962,1471,10,1033,2549,2249,1421,1005,14,1005,1547,1681,1541,466
2019,2,D,발달상권,2120183,양재천카페거리,3554,2524,1030,13,628,995,895,571,452,10,338,694,686,449,347,3,290,301,209,122,105
2019,2,D,발달상권,2120182,"양재시민의숲역(양재동꽃시장, aT센터)",6353,4491,1862,15,994,1798,1591,1250,705,9,534,1251,1188,936,573,6,460,547,403,314,132
2019,2,D,발달상권,2120181,교육개발원입구사거리,8066,4942,3124,190,2734,1793,1474,1089,786,93,1394,1170,1101,696,488,97,1340,623,373,393,298
2019,2,D,발달상권,2120180,양재화물트럭터미널앞,2843,2360,483,12,648,930,648,454,151,6,457,805,569,398,125,6,191,125,79,56,26
2019,2,D,발달상권,2120179,양재역,22898,17048,5850,85,4067,7898,5367,3825,1656,45,2216,6305,4432,2900,1150,40,1851,1593,935,925,506
2019,2,D,발달상권,2120178,신사역,15584,8069,7515,43,3811,4574,3282,2212,1662,20,1024,2334,2177,1275,1239,23,2787,2240,1105,937,423
2019,2,D,발달상권,2120177,신논현역 1번,813,508,305,2,90,225,234,171,91,1,31,135,154,124,63,1,59,90,80,47,28
2019,2,D,발달상권,2120176,논현역 4번,720,447,273,1,114,194,167,144,100,1,54,111,113,96,72,0,60,83,54,48,28
2019,2,D,발달상권,2120175,남부터미널역,10440,6032,4408,29,1843,3032,2546,1894,1096,4,905,1984,1632,957,550,25,938,1048,914,937,546
2019,2,D,발달상권,2120174,논현역 5번,772,467,305,3,96,223,194,125,131,2,35,133,122,82,93,1,61,90,72,43,38
2019,2,D,발달상권,2120173,교대역(법원.검찰청),17847,10226,7621,53,3185,5108,4412,2968,2121,22,1319,2760,2620,1931,1574,31,1866,2348,1792,1037,547
2019,2,D,발달상권,2120172,교대입구교차로,11584,6561,5023,50,2172,3161,2787,2258,1156,26,857,1900,1741,1255,782,24,1315,1261,1046,1003,374
2019,2,D,발달상권,2120171,서초3동사거리,11557,5878,5679,7,1626,3803,2652,1950,1519,4,639,1652,1457,1047,1079,3,987,2151,1195,903,440
2019,2,D,발달상권,2120170,삼호가든사거리,2483,1315,1168,6,362,794,694,423,204,4,114,435,448,181,133,2,248,359,246,242,71
2019,2,D,발달상권,2120169,서초역,15188,6999,8189,41,3482,4127,3820,2571,1147,19,1102,1950,1805,1269,854,22,2380,2177,2015,1302,293
2019,2,D,발달상권,2120168,서울고교교차로,969,453,516,0,109,314,200,160,186,0,28,150,136,78,61,0,81,164,64,82,125
2019,2,D,발달상권,2120167,고속터미널(고속터미널역),5358,3177,2181,13,590,1384,1182,994,1195,11,291,939,871,552,513,2,299,445,311,442,682
2019,2,D,발달상권,2120166,방배역,5391,3268,2123,5,1014,1721,1038,728,885,3,421,966,709,473,696,2,593,755,329,255,189
2019,2,D,발달상권,2120165,서래마을카페거리(서래마을),3695,2368,1327,8,598,1232,1033,546,278,2,253,744,764,404,201,6,345,488,269,142,77
2019,2,D,발달상권,2120164,내방역,8610,5958,2652,50,1839,2859,1906,1174,782,37,1116,1998,1393,811,603,13,723,861,513,363,179
2019,2,D,발달상권,2120163,사당역 11번(사당역먹자골목),464,265,199,0,48,110,98,79,129,0,23,59,59,41,83,0,25,51,39,38,46
2019,2,D,발달상권,2120162,방배동카페골목,1013,579,434,15,199,172,143,151,333,15,104,121,87,76,176,0,95,51,56,75,157
2019,2,D,발달상권,2120161,방배동가구거리(사당동가구거리),1409,646,763,1,138,375,372,389,134,0,49,189,195,147,66,1,89,186,177,242,68
2019,2,D,발달상권,2120160,사당역(사당),9863,5178,4685,17,1740,2821,2906,1707,672,9,657,1404,1464,1139,505,8,1083,1417,1442,568,167
2019,2,D,발달상권,2120159,서울대입구역,1485,825,660,17,270,336,372,253,237,8,104,181,215,157,160,9,166,155,157,96,77
2019,2,D,발달상권,2120158,녹두거리(대학동),402,243,159,2,51,86,113,77,73,0,20,56,74,47,46,2,31,30,39,30,27
2019,2,D,발달상권,2120157,신림역(신림),747,296,451,0,111,140,171,160,165,0,23,52,79,55,87,0,88,88,92,105,78
2019,2,D,발달상권,2120156,"총신대입구역(이수, 총신대)",3813,1773,2040,14,589,943,932,734,601,8,195,416,521,317,316,6,394,527,411,417,285
2019,2,D,발달상권,2120155,총신대학교,155,79,76,0,18,32,41,32,32,0,8,11,27,17,16,0,10,21,14,15,16
2019,2,D,발달상권,2120154,장승배기역,254,106,148,0,31,69,70,54,30,0,7,27,33,24,15,0,24,42,37,30,15
2019,2,D,발달상권,2120153,노량진역(노량진),3809,1859,1950,10,483,1271,970,690,385,3,177,505,449,450,275,7,306,766,521,240,110
2019,2,D,발달상권,2120152,신대방삼거리역,755,422,333,0,88,186,205,175,101,0,35,110,131,91,55,0,53,76,74,84,46
2019,2,D,발달상권,2120151,보라매공원,2357,1432,925,5,341,752,730,356,173,4,143,446,481,227,131,1,198,306,249,129,42
2019,2,D,발달상권,2120150,63빌딩,6718,4003,2715,27,747,1768,2690,1310,176,3,296,1099,1336,1151,118,24,451,669,1354,159,58
2019,2,D,발달상권,2120149,여의도역(여의도),72957,43744,29213,185,11689,23637,21121,12032,4293,31,5377,13604,13600,8469,2663,154,6312,10033,7521,3563,1630
2019,2,D,발달상권,2120148,국회의사당역(국회의사당),31546,19219,12327,42,6629,10832,7490,4557,1996,16,2788,6336,5247,3427,1405,26,3841,4496,2243,1130,591
2019,2,D,발달상권,2120147,보라매역,1680,1071,609,11,269,397,389,361,253,5,78,259,258,269,202,6,191,138,131,92,51
2019,2,D,발달상권,2120146,한강성심병원,4922,2841,2081,13,1143,1229,1083,803,651,8,343,667,742,572,509,5,800,562,341,231,142
2019,2,D,발달상권,2120145,영등포역(영등포),3743,1830,1913,32,559,910,923,732,587,3,170,429,497,401,330,29,389,481,426,331,257
2019,2,D,발달상권,2120144,영중로,1017,490,527,1,155,247,267,254,93,1,61,150,128,88,62,0,94,97,139,166,31
2019,2,D,발달상권,2120143,당산역,4541,2931,1610,10,298,648,1131,1390,1064,6,157,456,757,818,737,4,141,192,374,572,327
2019,2,D,발달상권,2120142,대림역,1851,957,894,2,330,364,392,425,338,1,101,181,207,242,225,1,229,183,185,183,113
2019,2,D,발달상권,2120141,영등포청과시장교차로,796,549,247,4,81,159,268,158,126,3,43,105,183,113,102,1,38,54,85,45,24
2019,2,D,발달상권,2120140,문래동주민센터,6882,4031,2851,15,1642,2203,1796,885,341,6,682,1225,1223,621,274,9,960,978,573,264,67
2019,2,D,발달상권,2120139,대림3동사거리,3302,2204,1098,12,297,804,891,667,631,5,179,586,701,418,315,7,118,218,190,249,316
2019,2,D,발달상권,2120138,당산2동(영등포우체국),1453,945,508,20,288,356,424,229,136,5,129,228,311,154,118,15,159,128,113,75,18
2019,2,D,발달상권,2120137,문래역(문래로데오거리),37,16,21,0,6,11,7,11,2,0,2,2,3,8,1,0,4,9,4,3,1
2019,2,D,발달상권,2120136,영등포구청역,9011,4668,4343,19,1487,1699,1691,2048,2067,10,719,953,924,911,1151,9,768,746,767,1137,916
2019,2,D,발달상권,2120135,양평역,5289,3173,2116,17,1209,1388,1306,854,515,7,620,916,732,449,449,10,589,472,574,405,66
2019,2,D,발달상권,2120134,구로전화국,2405,1899,506,1,83,257,278,312,1474,1,32,116,161,195,1394,0,51,141,117,117,80
2019,2,D,발달상권,2120133,서울시흥동우체국(홈플러스시흥점),165,63,102,0,18,31,30,45,41,0,3,15,12,11,22,0,15,16,18,34,19
2019,2,D,발달상권,2120132,독산동,4735,3082,1653,20,591,1063,1233,1146,682,19,393,717,820,692,441,1,198,346,413,454,241
2019,2,D,발달상권,2120131,가산디지털단지,93308,60076,33232,940,21337,28795,22390,12592,7254,472,11027,19047,16046,8193,5291,468,10310,9748,6344,4399,1963
2019,2,D,발달상권,2120130,구로디지털단지역,1084,589,495,2,157,300,255,216,154,1,61,150,144,125,108,1,96,150,111,91,46
2019,2,D,발달상권,2120129,구로디지털단지,51052,32700,18352,175,10641,17887,13088,6031,3230,106,5165,11707,9164,4042,2516,69,5476,6180,3924,1989,714
2019,2,D,발달상권,2120128,신도림역,1449,841,608,7,200,399,440,272,131,1,79,238,240,180,103,6,121,161,200,92,28
2019,2,D,발달상권,2120127,구로구청,8071,5908,2163,7,1081,2142,1807,1584,1450,5,816,1828,1473,957,829,2,265,314,334,627,621
2019,2,D,발달상권,2120126,디지털단지오거리,143,93,50,0,9,34,52,27,21,0,3,17,40,18,15,0,6,17,12,9,6
2019,2,D,발달상권,2120125,구로역,10915,7555,3360,31,1197,2585,2953,2584,1565,18,706,1805,2024,1806,1196,13,491,780,929,778,369
2019,2,D,발달상권,2120124,개봉동 현대아파트,502,215,287,0,65,105,117,93,122,0,16,36,46,45,72,0,49,69,71,48,50
2019,2,D,발달상권,2120123,오류동역,1741,1292,449,5,212,345,487,578,114,0,173,256,380,391,92,5,39,89,107,187,22
2019,2,D,발달상권,2120122,강서구청,2324,1465,859,0,267,501,544,492,520,0,115,305,350,308,387,0,152,196,194,184,133
2019,2,D,발달상권,2120121,까치산역,325,151,174,1,42,52,73,88,69,1,19,20,35,41,35,0,23,32,38,47,34
2019,2,D,발달상권,2120120,화곡역,988,409,579,2,167,230,230,212,147,0,39,101,98,93,78,2,128,129,132,119,69
2019,2,D,발달상권,2120119,발산역(마곡),1764,1077,687,3,197,426,446,397,295,3,86,243,297,258,190,0,111,183,149,139,105
2019,2,D,발달상권,2120117,강서농산물도매시장,500,310,190,0,21,67,146,165,101,0,15,51,96,94,54,0,6,16,50,71,47
2019,2,D,발달상권,2120116,송정역,192,123,69,1,25,39,45,48,34,1,13,20,27,37,25,0,12,19,18,11,9
2019,2,D,발달상권,2120114,목동신시가지,20285,15035,5250,48,2614,6777,5548,3895,1403,22,1449,5105,4400,3099,960,26,1165,1672,1148,796,443
2019,2,D,발달상권,2120113,오목교역,731,375,356,2,119,153,176,161,120,1,44,66,98,100,66,1,75,87,78,61,54
2019,2,D,발달상권,2120112,등촌역,1795,1226,569,9,237,431,434,390,294,7,104,286,305,284,240,2,133,145,129,106,54
2019,2,D,발달상권,2120111,목동사거리,1858,713,1145,2,561,601,346,236,112,0,93,248,167,127,78,2,468,353,179,109,34
2019,2,D,발달상권,2120110,목동역 8번출구,1223,706,517,6,214,338,355,182,128,5,80,199,225,114,83,1,134,139,130,68,45
2019,2,D,발달상권,2120109,서울남부지방법원,604,321,283,1,47,137,131,158,130,1,14,53,61,96,96,0,33,84,70,62,34
2019,2,D,발달상권,2120108,신정네거리역,1143,625,518,4,94,211,267,305,262,4,37,101,139,171,173,0,57,110,128,134,89
2019,2,D,발달상권,2120107,공덕역(공덕오거리),18395,12423,5972,40,2835,4975,5062,4706,777,12,1490,3302,3563,3483,573,28,1345,1673,1499,1223,204
2019,2,D,발달상권,2120106,마포역,14812,9378,5434,16,1874,3274,3266,3582,2800,10,1069,2117,2426,2040,1716,6,805,1157,840,1542,1084
2019,2,D,발달상권,2120105,상수역(홍대),536,275,261,5,135,152,121,74,49,1,52,78,74,37,33,4,83,74,47,37,16
2019,2,D,발달상권,2120104,연남동(홍대),6783,3463,3320,23,1170,1886,1581,1231,892,13,383,1024,933,657,453,10,787,862,648,574,439
2019,2,D,발달상권,2120103,홍대입구역(홍대),11002,6704,4298,66,2311,2957,2494,1811,1363,46,1191,1784,1660,1058,965,20,1120,1173,834,753,398
2019,2,D,발달상권,2120102,서교동(홍대),6946,3369,3577,17,1062,1760,1510,980,1617,8,377,885,894,560,645,9,685,875,616,420,972
2019,2,D,발달상권,2120101,합정역,2277,1254,1023,6,429,630,581,387,244,5,161,313,356,249,170,1,268,317,225,138,74
2019,2,D,발달상권,2120100,망원역,991,489,502,1,200,257,243,164,126,1,48,125,132,107,76,0,152,132,111,57,50
2019,2,D,발달상권,2120099,월드컵경기장역(월드컵경기장),100,65,35,0,11,24,38,14,13,0,7,18,28,5,7,0,4,6,10,9,6
2019,2,D,발달상권,2120098,DMC(디지털미디어시티),8858,5763,3095,17,1735,3223,2726,962,195,11,787,2098,1983,741,143,6,948,1125,743,221,52
2019,2,D,발달상권,2120097,충정로역,2224,1300,924,1,301,679,625,385,233,0,148,392,388,229,143,1,153,287,237,156,90
2019,2,D,발달상권,2120096,"이화여대(이대역, 이대)",537,221,316,1,77,132,146,97,84,0,20,53,53,43,52,1,57,79,93,54,32
2019,2,D,발달상권,2120095,홍제역,968,548,420,1,69,107,271,401,119,0,17,62,142,241,86,1,52,45,129,160,33
2019,2,D,발달상권,2120094,"신촌역(신촌역, 신촌로터리)",1816,735,1081,13,416,510,360,303,214,6,101,193,162,152,121,7,315,317,198,151,93
2019,2,D,발달상권,2120093,연희동,705,378,327,1,70,121,180,198,135,0,33,61,92,109,83,1,37,60,88,89,52
2019,2,D,발달상권,2120092,불광역,290,141,149,0,35,53,83,60,59,0,9,26,43,22,41,0,26,27,40,38,18
2019,2,D,발달상권,2120091,본서부병원,552,215,337,2,71,69,122,181,107,0,37,25,53,57,43,2,34,44,69,124,64
2019,2,D,발달상권,2120090,연신내역,568,220,348,2,120,110,103,125,108,1,40,46,39,48,46,1,80,64,64,77,62
2019,2,D,발달상권,2120089,구파발역,10,4,6,0,2,0,6,1,1,0,0,0,3,0,1,0,2,0,3,1,0
2019,2,D,발달상권,2120088,구산역,1114,345,769,2,118,203,277,342,172,2,49,94,78,63,59,0,69,109,199,279,113
2019,2,D,발달상권,2120087,응암역,436,281,155,0,46,89,123,94,84,0,17,54,84,59,67,0,29,35,39,35,17
2019,2,D,발달상권,2120086,태릉입구역,419,231,188,0,57,73,94,113,82,0,33,42,42,57,57,0,24,31,52,56,25
2019,2,D,발달상권,2120085,은행사거리,357,146,211,1,60,60,95,80,61,1,17,19,24,45,40,0,43,41,71,35,21
2019,2,D,발달상권,2120084,공릉역,750,569,181,1,49,88,114,226,272,0,14,44,69,191,251,1,35,44,45,35,21
2019,2,D,발달상권,2120083,등나무근린공원,1229,800,429,0,140,334,297,291,167,0,89,226,190,183,112,0,51,108,107,108,55
2019,2,D,발달상권,2120082,상계백병원,419,146,273,0,55,109,120,85,50,0,10,27,39,45,25,0,45,82,81,40,25
2019,2,D,발달상권,2120081,노원역,1807,582,1225,7,397,358,407,345,293,1,68,108,147,127,131,6,329,250,260,218,162
2019,2,D,발달상권,2120080,마들역,224,66,158,0,41,58,59,39,27,0,4,14,15,16,17,0,37,44,44,23,10
2019,2,D,발달상권,2120079,창동역,1403,870,533,2,149,256,317,329,350,0,40,135,177,224,294,2,109,121,140,105,56
2019,2,D,발달상권,2120078,미아사거리역,316,214,102,0,72,79,69,52,44,0,49,60,49,26,30,0,23,19,20,26,14
2019,2,D,발달상권,2120077,미아역,224,92,132,0,31,43,49,60,41,0,9,9,18,30,26,0,22,34,31,30,15
2019,2,D,발달상권,2120076,수유역,1991,918,1073,5,270,349,410,462,495,1,77,133,182,244,281,4,193,216,228,218,214
2019,2,D,발달상권,2120075,월곡역,398,172,226,0,39,88,105,100,66,0,15,41,40,41,35,0,24,47,65,59,31
2019,2,D,발달상권,2120074,안암역,76,39,37,1,13,25,15,11,11,0,8,16,7,2,6,1,5,9,8,9,5
2019,2,D,발달상권,2120073,미아사거리,334,166,168,8,72,75,72,64,43,8,36,40,40,25,17,0,36,35,32,39,26
2019,2,D,발달상권,2120072,성신여대,1079,509,570,7,175,223,214,262,198,5,49,87,91,140,137,2,126,136,123,122,61
2019,2,D,발달상권,2120071,성북구청,297,144,153,4,84,74,62,43,30,0,29,32,39,24,20,4,55,42,23,19,10
2019,2,D,발달상권,2120070,한성대입구역,531,215,316,3,77,92,92,136,131,2,24,43,37,50,59,1,53,49,55,86,72
2019,2,D,발달상권,2120069,상봉역,988,533,455,0,167,225,266,204,126,0,74,108,144,122,85,0,93,117,122,82,41
2019,2,D,발달상권,2120068,사가정역,1074,635,439,0,41,34,50,165,784,0,13,9,24,109,480,0,28,25,26,56,304
2019,2,D,발달상권,2120067,장안동사거리,2755,1252,1503,12,487,706,686,540,324,9,177,318,273,270,205,3,310,388,413,270,119
2019,2,D,발달상권,2120066,장한평역(장한평),7950,4951,2999,37,1591,1968,1634,1394,1326,1,713,1250,1080,876,1031,36,878,718,554,518,295
2019,2,D,발달상권,2120065,회기역,359,222,137,1,42,56,94,100,66,0,23,35,50,63,51,1,19,21,44,37,15
2019,2,D,발달상권,2120064,경희대학교(경희대),99,37,62,1,17,19,21,18,23,0,11,6,6,6,8,1,6,13,15,12,15
2019,2,D,발달상권,2120063,청량리역(청량리),1329,573,756,2,204,235,267,308,313,2,65,93,105,117,191,0,139,142,162,191,122
2019,2,D,발달상권,2120062,신설동역,12132,4349,7783,10,1295,2691,3377,3320,1439,1,376,1321,1314,857,480,9,919,1370,2063,2463,959
2019,2,D,발달상권,2120061,올림픽대교북단,1289,990,299,1,268,495,384,102,39,0,181,390,331,62,26,1,87,105,53,40,13
2019,2,D,발달상권,2120060,강변역(테크노마트),3922,3103,819,8,364,770,1164,955,661,3,200,590,974,803,533,5,164,180,190,152,128
2019,2,D,발달상권,2120059,구삼강변맛길,3461,1950,1511,5,443,732,649,750,882,3,237,500,440,360,410,2,206,232,209,390,472
2019,2,D,발달상권,2120058,구의사거리,835,472,363,3,90,205,212,225,100,3,35,113,122,117,82,0,55,92,90,108,18
2019,2,D,발달상권,2120057,아차산역,1909,1020,889,10,217,356,496,466,364,4,103,200,267,226,220,6,114,156,229,240,144
2019,2,D,발달상권,2120056,구의역,2472,1337,1135,7,414,555,661,485,350,6,145,272,364,306,244,1,269,283,297,179,106
2019,2,D,발달상권,2120055,군자역,2736,1711,1025,13,496,663,734,496,334,10,268,410,454,321,248,3,228,253,280,175,86
2019,2,D,발달상권,2120054,어린이대공원역,1328,893,435,0,105,185,325,451,262,0,41,114,220,323,195,0,64,71,105,128,67
2019,2,D,발달상권,2120053,건대입구역(건대),996,551,445,4,194,182,190,185,241,0,52,74,112,131,182,4,142,108,78,54,59
2019,2,D,발달상권,2120052,성수역,10719,6473,4246,19,1748,2542,2471,2245,1694,10,839,1541,1576,1279,1228,9,909,1001,895,966,466
2019,2,D,발달상권,2120051,뚝섬역,4039,2467,1572,7,659,905,912,753,803,2,375,573,530,479,508,5,284,332,382,274,295
2019,2,D,발달상권,2120050,서울숲역,336,239,97,0,63,87,82,69,35,0,39,59,60,52,29,0,24,28,22,17,6
2019,2,D,발달상권,2120049,왕십리역(왕십리),1775,1311,464,3,248,327,437,502,258,3,131,215,337,429,196,0,117,112,100,73,62
2019,2,D,발달상권,2120048,금호역,109,39,70,0,19,18,29,30,13,0,3,4,12,12,8,0,16,14,17,18,5
2019,2,D,발달상권,2120047,한남오거리,2379,1560,819,12,338,770,643,363,253,9,140,493,462,275,181,3,198,277,181,88,72
2019,2,D,발달상권,2120046,이태원(이태원역),3781,2142,1639,24,1004,1239,793,416,305,14,502,716,468,249,193,10,502,523,325,167,112
2019,2,D,발달상권,2120045,남영동 먹자골목,3108,711,2397,7,255,540,1129,1085,92,2,82,220,236,135,36,5,173,320,893,950,56
2019,2,D,발달상권,2120044,삼각지역,1437,1028,409,8,258,365,350,304,152,6,152,267,276,225,102,2,106,98,74,79,50
2019,2,D,발달상권,2120043,서울역,22310,15534,6776,49,3576,7659,6149,3721,1156,12,1756,4990,4819,3117,840,37,1820,2669,1330,604,316
2019,2,D,발달상권,2120042,"숙대입구역(남영역, 남영동)",6923,4023,2900,260,2507,2488,1119,417,132,111,1220,1493,796,301,102,149,1287,995,323,116,30
2019,2,D,발달상권,2120041,신용산역(용산역),19932,8205,11727,44,5023,7331,5291,1634,609,10,1868,3113,2092,699,423,34,3155,4218,3199,935,186
2019,2,D,발달상권,2120040,용산전자상가(용산역),8463,6274,2189,48,1496,2998,2425,1003,493,33,958,2238,1885,756,404,15,538,760,540,247,89
2019,2,D,발달상권,2120039,신당역,2152,1110,1042,14,669,474,381,348,266,4,285,225,196,226,174,10,384,249,185,122,92
2019,2,D,발달상권,2120038,약수역,1964,1084,880,6,405,619,456,274,204,0,156,346,281,159,142,6,249,273,175,115,62
2019,2,D,발달상권,2120037,동대문역사문화공원역,35078,16728,18350,281,11501,9054,6754,5254,2234,107,5703,5439,3699,1331,449,174,5798,3615,3055,3923,1785
2019,2,D,발달상권,2120036,장충동족발거리(남소영길),2683,1331,1352,6,676,952,658,277,114,0,140,503,443,182,63,6,536,449,215,95,51
2019,2,D,발달상권,2120035,퇴계로5가,2583,1576,1007,8,647,626,617,448,237,4,264,411,464,285,148,4,383,215,153,163,89
2019,2,D,발달상권,2120034,중구청(퇴계로4가),1432,992,440,7,94,218,396,419,298,5,40,127,265,316,239,2,54,91,131,103,59
2019,2,D,발달상권,2120033,을지로4가역,871,417,454,2,102,193,209,225,140,0,31,85,101,98,102,2,71,108,108,127,38
2019,2,D,발달상권,2120032,충무로역,12399,6014,6385,39,1920,2985,3508,2779,1168,12,682,1605,1765,1215,735,27,1238,1380,1743,1564,433
2019,2,D,발달상권,2120031,을지로3가역,6307,3439,2868,8,718,1601,1656,1287,1037,1,226,758,918,847,689,7,492,843,738,440,348
2019,2,D,발달상권,2120030,중부경찰서(영화인의거리),12987,6608,6379,41,1944,3922,3878,2338,864,12,628,2051,2233,1111,573,29,1316,1871,1645,1227,291
2019,2,D,발달상권,2120029,을지로2가,6686,4392,2294,9,1087,2783,1748,851,208,4,569,1695,1209,742,173,5,518,1088,539,109,35
2019,2,D,발달상권,2120028,명동(명동거리),39835,18213,21622,113,6006,10888,12860,8571,1397,36,2194,3943,5317,5825,898,77,3812,6945,7543,2746,499
2019,2,D,발달상권,2120027,명동역(명동재미로),13978,8093,5885,9,1936,4411,4758,2371,493,4,864,2431,3267,1318,209,5,1072,1980,1491,1053,284
2019,2,D,발달상권,2120026,을지로입구역,37481,22051,15430,47,4967,14511,10965,6325,666,22,1971,7336,7236,5031,455,25,2996,7175,3729,1294,211
2019,2,D,발달상권,2120025,롯데백화점(시청광장 지하쇼핑센터),18157,4889,13268,110,10781,6002,922,242,100,38,2421,1665,534,155,76,72,8360,4337,388,87,24
2019,2,D,발달상권,2120024,회현역,2310,1379,931,1,402,823,594,275,215,0,158,461,402,212,146,1,244,362,192,63,69
2019,2,D,발달상권,2120023,서울시청,9970,5374,4596,11,2063,3281,2717,1383,515,3,758,1688,1617,935,373,8,1305,1593,1100,448,142
2019,2,D,발달상권,2120022,북창동(시청역_6번),6996,3577,3419,21,1087,2240,2039,943,666,2,392,1146,997,583,457,19,695,1094,1042,360,209
2019,2,D,발달상권,2120021,시청역_8번,37604,22586,15018,82,5373,13366,11971,5932,880,15,2042,6611,8028,5178,712,67,3331,6755,3943,754,168
2019,2,D,발달상권,2120020,시청역_1번,10762,7770,2992,28,2007,3225,3191,1965,346,20,1094,2284,2613,1484,275,8,913,941,578,481,71
2019,2,D,발달상권,2120019,경찰청앞교차로,5741,3072,2669,14,855,2149,1647,812,264,3,211,965,1011,648,234,11,644,1184,636,164,30
2019,2,D,발달상권,2120018,중림동,3451,2263,1188,3,562,1148,901,549,288,0,297,694,605,448,219,3,265,454,296,101,69
2019,2,D,발달상권,2120017,동묘앞역(동묘),687,163,524,2,65,152,284,126,58,1,7,33,51,33,38,1,58,119,233,93,20
2019,2,D,발달상권,2120016,동대문역,191,118,73,1,17,31,50,41,51,1,8,18,25,28,38,0,9,13,25,13,13
2019,2,D,발달상권,2120015,종로6가,360,171,189,0,43,73,101,80,63,0,11,24,41,51,44,0,32,49,60,29,19
2019,2,D,발달상권,2120014,종로5가역,3211,2279,932,7,319,1116,1055,501,213,1,129,740,841,408,160,6,190,376,214,93,53
2019,2,D,발달상권,2120013,이화사거리,6083,4117,1966,4,971,1780,1598,1317,413,1,368,1045,1228,1177,298,3,603,735,370,140,115
2019,2,D,발달상권,2120012,대학로(혜화역),2420,1157,1263,5,427,719,605,379,285,2,127,271,323,226,208,3,300,448,282,153,77
2019,2,D,발달상권,2120011,종로4가,2502,1441,1061,1,347,743,690,522,199,0,141,363,400,379,158,1,206,380,290,143,41
2019,2,D,발달상권,2120010,원남동사거리,3381,2278,1103,25,638,1243,780,462,233,1,292,804,596,380,205,24,346,439,184,82,28
2019,2,D,발달상권,2120009,종로3가역,7033,3695,3338,16,992,1747,1598,1422,1258,2,317,810,870,841,855,14,675,937,728,581,403
2019,2,D,발달상권,2120008,인사동,21235,13074,8161,608,7017,5048,4255,2963,1344,316,3559,3191,2999,2191,818,292,3458,1857,1256,772,526
2019,2,D,발달상권,2120007,북촌(안국역),5339,3317,2022,2,687,1543,1563,941,603,1,308,982,1108,586,332,1,379,561,455,355,271
2019,2,D,발달상권,2120006,종각역,25622,15581,10041,14,4145,8676,7207,4624,956,1,1835,4571,4724,3783,667,13,2310,4105,2483,841,289
2019,2,D,발달상권,2120005,삼청동,3076,2804,272,2,350,709,904,830,281,0,283,624,854,788,255,2,67,85,50,42,26
2019,2,D,발달상권,2120004,종로구청,12107,6719,5388,7,1196,3997,4314,2073,520,3,373,1833,2658,1509,343,4,823,2164,1656,564,177
2019,2,D,발달상권,2120003,광화문역,46428,27858,18570,88,7315,15451,12904,7271,3399,20,2595,8124,9074,5702,2343,68,4720,7327,3830,1569,1056
2019,2,D,발달상권,2120002,서촌(경복궁역),2493,1400,1093,21,449,790,627,349,257,0,193,470,373,205,159,21,256,320,254,144,98
2019,2,D,발달상권,2120001,서대문역,1326,912,414,1,186,469,322,271,77,1,61,305,248,234,63,0,125,164,74,37,14
2019,2,A,골목상권,2111090,강일동주민센터,88,38,50,0,10,25,27,21,5,0,4,9,11,11,3,0,6,16,16,10,2
2019,2,A,골목상권,2111089,상일여고(상일초등학교),737,471,266,0,56,116,177,243,145,0,32,65,119,153,102,0,24,51,58,90,43
2019,2,A,골목상권,2111088,고덕동성당,152,81,71,0,24,37,33,39,19,0,8,23,15,21,14,0,16,14,18,18,5
2019,2,A,골목상권,2111087,고덕중학교(고덕2동주민센터),187,102,85,0,28,49,45,41,24,0,9,27,25,25,16,0,19,22,20,16,8
2019,2,A,골목상권,2111086,한영중고,316,209,107,1,23,46,82,111,53,1,14,23,56,72,43,0,9,23,26,39,10
2019,2,A,골목상권,2111085,묘곡초등학교(고덕아이파크아파트),435,284,151,0,59,105,96,104,71,0,33,73,58,73,47,0,26,32,38,31,24
2019,2,A,골목상권,2111084,길동신동아아파트,157,81,76,0,29,34,32,47,15,0,17,24,17,14,9,0,12,10,15,33,6
2019,2,A,골목상권,2111083,GS강동자이아파트,410,246,164,0,43,61,77,115,114,0,27,41,49,59,70,0,16,20,28,56,44
2019,2,A,골목상권,2111082,중앙보훈병원,58,38,20,1,3,7,9,17,21,0,2,3,3,12,18,1,1,4,6,5,3
2019,2,A,골목상권,2111081,둔촌푸르지오아파트,84,53,31,0,11,18,20,18,17,0,5,12,14,7,15,0,6,6,6,11,2
2019,2,A,골목상권,2111080,굽은다리역 3번,499,281,218,0,51,95,115,122,116,0,15,74,73,64,55,0,36,21,42,58,61
2019,2,A,골목상권,2111079,둔촌고등학교(둔촌중학교),4886,2474,2412,0,590,1297,1900,912,187,0,148,683,930,628,85,0,442,614,970,284,102
2019,2,A,골목상권,2111078,굽은다리역 4번,1271,762,509,0,115,251,322,341,242,0,44,142,188,210,178,0,71,109,134,131,64
2019,2,A,골목상권,2111077,길동주민센터(강동도서관),1609,1000,609,4,134,275,317,298,581,2,49,157,185,183,424,2,85,118,132,115,157
2019,2,A,골목상권,2111076,둔촌2동주민센터,272,166,106,0,16,47,70,77,62,0,8,27,46,36,49,0,8,20,24,41,13
2019,2,A,골목상권,2111075,굽은다리역 2번,304,149,155,0,29,63,73,85,54,0,19,36,35,34,25,0,10,27,38,51,29
2019,2,A,골목상권,2111074,명일역 1번,100,47,53,1,13,15,31,17,23,0,6,8,15,7,11,1,7,7,16,10,12
2019,2,A,골목상권,2111073,둔촌동역 1번(한산중학교),1989,1130,859,0,395,717,429,253,195,0,147,393,273,172,145,0,248,324,156,81,50
2019,2,A,골목상권,2111072,굽은다리역 1번(십자성마을),956,519,437,1,63,149,226,288,229,0,21,80,112,151,155,1,42,69,114,137,74
2019,2,A,골목상권,2111071,천동초등학교,73,38,35,1,2,17,21,21,11,1,1,4,10,14,8,0,1,13,11,7,3
2019,2,A,골목상권,2111070,천호초등학교,126,76,50,0,9,26,38,32,21,0,3,14,23,21,15,0,6,12,15,11,6
2019,2,A,골목상권,2111069,천호1동주민센터,94,60,34,0,8,20,18,35,13,0,3,11,13,21,12,0,5,9,5,14,1
2019,2,A,골목상권,2111068,강동성심병원,1512,577,935,0,512,388,263,187,162,0,120,125,101,100,131,0,392,263,162,87,31
2019,2,A,골목상권,2111067,강동구립성내도서관,705,375,330,1,70,159,161,173,141,1,31,95,91,83,74,0,39,64,70,90,67
2019,2,A,골목상권,2111066,암사동성당(효정하나플러스아파트),443,253,190,3,50,100,116,111,63,0,19,44,69,83,38,3,31,56,47,28,25
2019,2,A,골목상권,2111065,천일초등학교,92,44,48,3,9,22,21,27,10,3,5,12,9,7,8,0,4,10,12,20,2
2019,2,A,골목상권,2111064,둔촌동역 4번,149,87,62,0,12,29,43,44,21,0,4,16,28,25,14,0,8,13,15,19,7
2019,2,A,골목상권,2111063,강동구립 천호도서관,281,108,173,0,37,43,93,79,29,0,15,16,26,30,21,0,22,27,67,49,8
2019,2,A,골목상권,2111062,둔촌동역 3번(성내3동주민센터),812,515,297,5,142,234,208,141,82,5,69,148,134,97,62,0,73,86,74,44,20
2019,2,A,골목상권,2111061,암사역 1번,845,590,255,1,166,209,195,175,99,1,96,152,137,125,79,0,70,57,58,50,20
2019,2,A,골목상권,2111060,암사역 2번(서울강동초등학교),894,493,401,1,119,213,241,201,119,1,52,103,142,115,80,0,67,110,99,86,39
2019,2,A,골목상권,2111059,강동역 4번(강풀만화거리),6891,3658,3233,77,1720,2053,2235,600,206,2,707,1004,1430,396,119,75,1013,1049,805,204,87
2019,2,A,골목상권,2111058,성내중학교,368,275,93,0,48,72,107,97,44,0,36,49,81,74,35,0,12,23,26,23,9
2019,2,A,골목상권,2111057,천호공원(해공체육문화센터),239,97,142,0,45,48,64,56,26,0,8,15,29,28,17,0,37,33,35,28,9
2019,2,A,골목상권,2111056,천호태영아파트,758,568,190,0,112,321,227,85,13,0,54,250,180,75,9,0,58,71,47,10,4
2019,2,A,골목상권,2111055,선사초등학교,683,52,631,0,18,34,133,374,124,0,9,12,9,6,16,0,9,22,124,368,108
2019,2,A,골목상권,2111054,암사역 4번(삼성광나루아파트),127,50,77,0,20,21,28,14,44,0,6,11,13,6,14,0,14,10,15,8,30
2019,2,A,골목상권,2111053,성내천어린이공원(하니사랑길),2254,1250,1004,2,301,492,578,572,309,1,144,303,343,264,195,1,157,189,235,308,114
2019,2,A,골목상권,2111052,암사역 3번(천호동자전거거리),372,237,135,0,26,73,133,88,52,0,12,47,88,52,38,0,14,26,45,36,14
2019,2,A,골목상권,2111051,천호역 6번,566,345,221,1,78,137,143,122,85,1,40,82,86,78,58,0,38,55,57,44,27
2019,2,A,골목상권,2111050,강동구청(강동구청역 2번),141,91,50,0,23,35,33,22,28,0,10,22,19,15,25,0,13,13,14,7,3
2019,2,A,골목상권,2111049,천호지구대(천호동자전거거리),525,298,227,0,72,94,108,122,129,0,35,52,49,73,89,0,37,42,59,49,40
2019,2,A,골목상권,2111048,천호역 1번(천호문구완구거리),186,97,89,1,12,42,53,44,34,0,4,16,29,25,23,1,8,26,24,19,11
2019,2,A,골목상권,2111047,마천1치안센터,121,80,41,0,9,16,43,36,17,0,6,11,26,25,12,0,3,5,17,11,5
2019,2,A,골목상권,2111046,마천역(마천초등학교),695,391,304,0,63,127,166,205,134,0,33,73,87,98,100,0,30,54,79,107,34
2019,2,A,골목상권,2111045,개미어린이공원,59,29,30,0,5,14,17,16,7,0,2,3,7,11,6,0,3,11,10,5,1
2019,2,A,골목상권,2111044,남천초등학교,594,286,308,0,97,149,175,127,46,0,39,75,81,57,34,0,58,74,94,70,12
2019,2,A,골목상권,2111043,마천공원,74,34,40,0,3,12,20,24,15,0,1,6,7,10,10,0,2,6,13,14,5
2019,2,A,골목상권,2111042,거여역 1번(거여공원),1576,839,737,6,351,436,404,282,97,5,124,202,257,194,57,1,227,234,147,88,40
2019,2,A,골목상권,2111041,거여역 8번,403,344,59,1,81,115,90,69,47,1,75,99,71,55,43,0,6,16,19,14,4
2019,2,A,골목상권,2111040,거여초등학교,380,188,192,0,23,98,142,81,36,0,8,39,72,43,26,0,15,59,70,38,10
2019,2,A,골목상권,2111039,벌말어린이공원,578,427,151,8,101,146,148,110,65,8,60,107,117,83,52,0,41,39,31,27,13
2019,2,A,골목상권,2111038,보인중학교,556,355,201,0,34,101,153,166,102,0,16,56,111,112,60,0,18,45,42,54,42
2019,2,A,골목상권,2111037,Sh수협은행 오금동금융센터(아랫말어린이공원),368,274,94,0,42,113,100,63,50,0,31,91,75,34,43,0,11,22,25,29,7
2019,2,A,골목상권,2111036,투구봉어린이공원,475,257,218,7,155,117,74,76,46,0,66,70,35,45,41,7,89,47,39,31,5
2019,2,A,골목상권,2111035,오금공원(오주중학교),676,502,174,0,74,142,177,162,121,0,51,110,143,110,88,0,23,32,34,52,33
2019,2,A,골목상권,2111034,오동나무공원(송파레미니스1단지),1703,1232,471,2,214,386,446,433,222,2,128,249,349,326,178,0,86,137,97,107,44
2019,2,A,골목상권,2111033,문정동성당,100,51,49,0,8,5,21,24,42,0,6,2,10,16,17,0,2,3,11,8,25
2019,2,A,골목상권,2111032,방이역 1번,1978,1352,626,0,145,254,522,454,603,0,63,156,343,317,473,0,82,98,179,137,130
2019,2,A,골목상권,2111031,장지동주민센터(한림연예예술고교),3115,2248,867,4,252,402,629,824,1004,1,151,308,476,605,707,3,101,94,153,219,297
2019,2,A,골목상권,2111030,방이역 2번,651,361,290,2,78,149,154,176,92,0,37,97,90,82,55,2,41,52,64,94,37
2019,2,A,골목상권,2111029,오금역 4번,555,367,188,1,152,134,111,82,75,0,94,90,69,56,58,1,58,44,42,26,17
2019,2,A,골목상권,2111028,문현중학교(장지역 1번),575,297,278,3,63,80,172,156,101,0,30,43,82,78,64,3,33,37,90,78,37
2019,2,A,골목상권,2111027,문정초등학교,1517,904,613,4,162,302,339,237,473,2,70,178,218,143,293,2,92,124,121,94,180
2019,2,A,골목상권,2111026,문정역 2번,1913,1221,692,3,261,456,488,443,262,1,152,310,319,233,206,2,109,146,169,210,56
2019,2,A,골목상권,2111025,경찰병원역 3번,708,430,278,2,82,181,150,149,144,0,45,117,104,78,86,2,37,64,46,71,58
2019,2,A,골목상권,2111024,경찰병원역 4번(건너말공원),235,135,100,0,20,58,60,71,26,0,9,34,42,35,15,0,11,24,18,36,11
2019,2,A,골목상권,2111023,문정역 1번,887,528,359,2,113,183,235,210,144,0,72,128,160,98,70,2,41,55,75,112,74
2019,2,A,골목상권,2111022,석촌중학교(방이육교),514,287,227,1,53,133,145,121,61,1,32,88,73,60,33,0,21,45,72,61,28
2019,2,A,골목상권,2111021,방이역 4번,8241,5658,2583,17,1070,1551,2089,2024,1490,9,401,932,1435,1627,1254,8,669,619,654,397,236
2019,2,A,골목상권,2111020,방이동고분군(방산고등학교),317,232,85,1,19,90,92,56,59,0,8,68,65,46,45,1,11,22,27,10,14
2019,2,A,골목상권,2111019,한성백제역 3번,2052,1294,758,4,295,577,589,370,217,4,173,381,377,208,151,0,122,196,212,162,66
2019,2,A,골목상권,2111018,풍납초등학교(풍납백제문화공원),29,26,3,0,2,6,13,4,4,0,2,5,11,4,4,0,0,1,2,0,0
2019,2,A,골목상권,2111017,송파나루역 3번,842,585,257,3,357,221,111,88,62,3,246,148,73,63,52,0,111,73,38,25,10
2019,2,A,골목상권,2111016,송파역 2번,3805,1593,2212,14,1061,1111,809,645,165,8,358,527,452,181,67,6,703,584,357,464,98
2019,2,A,골목상권,2111015,석촌역 3번,1454,790,664,2,159,360,377,349,207,2,68,213,222,178,107,0,91,147,155,171,100
2019,2,A,골목상권,2111014,송파나루역 2번,504,274,230,1,43,84,106,180,90,1,14,51,70,80,58,0,29,33,36,100,32
2019,2,A,골목상권,2111013,송파나루역 1번(송리단길),6621,3442,3179,53,1917,1810,1422,1041,378,22,761,1080,948,403,228,31,1156,730,474,638,150
2019,2,A,골목상권,2111012,석촌역 6번,768,391,377,3,95,140,209,182,139,2,30,65,104,104,86,1,65,75,105,78,53
2019,2,A,골목상권,2111011,잠실나루역,9493,7624,1869,10,1167,2952,2810,2105,449,8,838,2423,2307,1703,345,2,329,529,503,402,104
2019,2,A,골목상권,2111010,석촌역 7번,2456,1640,816,0,379,820,538,408,311,0,172,549,387,276,256,0,207,271,151,132,55
2019,2,A,골목상권,2111009,송파책박물관,133,92,41,1,17,33,28,27,27,0,14,27,17,15,19,1,3,6,11,12,8
2019,2,A,골목상권,2111008,석촌고분역 3번,1565,1106,459,0,178,293,311,399,384,0,132,227,212,241,294,0,46,66,99,158,90
2019,2,A,골목상권,2111007,석촌고분역 4번,926,493,433,3,103,240,240,223,117,2,37,137,144,105,68,1,66,103,96,118,49
2019,2,A,골목상권,2111006,석촌고분역 1번,1085,675,410,0,103,264,300,241,177,0,46,151,205,146,127,0,57,113,95,95,50
2019,2,A,골목상권,2111005,삼전역 3번,1118,772,346,0,118,207,269,303,221,0,49,134,177,220,192,0,69,73,92,83,29
2019,2,A,골목상권,2111004,삼전역 1번,2227,1466,761,8,283,494,550,374,518,0,117,303,365,253,428,8,166,191,185,121,90
2019,2,A,골목상권,2111003,삼전역 4번,2467,1642,825,7,276,547,690,567,380,4,168,360,449,380,281,3,108,187,241,187,99
2019,2,A,골목상권,2111002,한국교통안전공단 강남자동차검사소,250,89,161,0,7,45,64,70,64,0,3,24,17,19,26,0,4,21,47,51,38
2019,2,A,골목상권,2111001,아래방죽마을공원(율현초등학교),65,43,22,0,1,11,15,20,18,0,0,8,13,12,10,0,1,3,2,8,8
2019,2,A,골목상권,2111000,대왕초등학교(세곡동사거리서남측),48,26,22,0,8,11,19,8,2,0,1,5,14,4,2,0,7,6,5,4,0
2019,2,A,골목상권,2110999,윗방죽마을공원,256,118,138,0,19,34,45,81,77,0,11,20,27,36,24,0,8,14,18,45,53
2019,2,A,골목상권,2110998,은곡마을(은곡마을공원),57,34,23,0,8,18,18,6,7,0,3,8,13,5,5,0,5,10,5,1,2
2019,2,A,골목상권,2110997,대청초등학교,1452,895,557,1,162,219,345,361,364,0,94,149,209,223,220,1,68,70,136,138,144
2019,2,A,골목상권,2110996,대치2동주민센터,2169,1385,784,2,117,353,426,358,913,1,66,265,348,250,455,1,51,88,78,108,458
2019,2,A,골목상권,2110995,봉은사역 4번,5681,4027,1654,9,983,2287,1396,745,261,3,514,1706,1068,561,175,6,469,581,328,184,86
2019,2,A,골목상권,2110994,개포고등학교,587,433,154,9,86,188,143,117,44,6,53,151,118,77,28,3,33,37,25,40,16
2019,2,A,골목상권,2110993,개포지하차도 북측,68,52,16,0,4,10,16,23,15,0,3,8,14,18,9,0,1,2,2,5,6
2019,2,A,골목상권,2110992,도곡초등학교,2141,1132,1009,4,270,433,487,491,456,1,104,239,254,251,283,3,166,194,233,240,173
2019,2,A,골목상권,2110991,삼성중앙역 5번,1265,873,392,0,103,378,347,301,136,0,37,251,247,236,102,0,66,127,100,65,34
2019,2,A,골목상권,2110990,청담역 12번,70,33,37,1,11,18,16,17,7,0,5,6,10,8,4,1,6,12,6,9,3
2019,2,A,골목상권,2110989,대치동아우편취급국,633,421,212,10,103,222,140,97,61,3,47,161,102,62,46,7,56,61,38,35,15
2019,2,A,골목상권,2110988,청담역 3번,12503,9776,2727,5,2177,5086,3513,1417,305,4,1324,3854,3031,1300,263,1,853,1232,482,117,42
2019,2,A,골목상권,2110987,영동대교남단,604,265,339,5,143,165,105,100,86,4,60,69,53,33,46,1,83,96,52,67,40
2019,2,A,골목상권,2110986,삼성중앙역 7번,112,72,40,0,14,19,42,27,10,0,8,7,29,19,9,0,6,12,13,8,1
2019,2,A,골목상권,2110985,청담근린공원,1572,931,641,0,170,459,439,367,137,0,79,352,265,149,86,0,91,107,174,218,51
2019,2,A,골목상권,2110984,포이초등학교(개포목련어린이공원),1368,943,425,0,140,287,295,312,334,0,77,200,199,222,245,0,63,87,96,90,89
2019,2,A,골목상권,2110983,국립국악고등학교,783,544,239,6,115,220,130,146,166,1,46,154,94,107,142,5,69,66,36,39,24
2019,2,A,골목상권,2110982,강남구보훈회관,163,66,97,0,30,31,45,38,19,0,3,12,24,14,13,0,27,19,21,24,6
2019,2,A,골목상권,2110981,국악고교사거리,509,292,217,1,74,109,142,128,55,1,35,64,81,72,39,0,39,45,61,56,16
2019,2,A,골목상권,2110980,개포지구대옆,971,728,243,4,164,351,262,113,77,2,97,263,225,73,68,2,67,88,37,40,9
2019,2,A,골목상권,2110979,청담초등학교,3056,1795,1261,4,575,905,747,561,264,4,236,544,494,317,200,0,339,361,253,244,64
2019,2,A,골목상권,2110978,도곡2동주민센터(대치중학교),364,207,157,1,58,75,75,113,42,0,22,43,48,65,29,1,36,32,27,48,13
2019,2,A,골목상권,2110977,논현로18길,195,133,62,2,48,47,48,32,18,1,36,30,34,19,13,1,12,17,14,13,5
2019,2,A,골목상권,2110976,언북초등학교,527,307,220,2,89,145,128,97,66,0,34,88,85,58,42,2,55,57,43,39,24
2019,2,A,골목상권,2110975,매봉역 1번,10316,6685,3631,23,1661,2145,3198,3073,216,14,785,1132,2188,2422,144,9,876,1013,1010,651,72
2019,2,A,골목상권,2110974,언주중학교,274,174,100,6,40,58,88,54,28,6,17,33,64,37,17,0,23,25,24,17,11
2019,2,A,골목상권,2110973,강남구청역 4번,1699,970,729,5,236,341,348,366,403,2,116,184,203,206,259,3,120,157,145,160,144
2019,2,A,골목상권,2110972,강남세브란스병원미래의학연구센터,2899,1550,1349,25,710,758,665,602,139,10,284,469,440,273,74,15,426,289,225,329,65
2019,2,A,골목상권,2110971,선정릉역 4번,1732,982,750,8,335,496,440,278,175,5,135,276,294,143,129,3,200,220,146,135,46
2019,2,A,골목상권,2110970,학동초등학교,528,341,187,2,101,152,129,77,67,0,51,83,85,67,55,2,50,69,44,10,12
2019,2,A,골목상권,2110969,베르사이유1아파트,1401,1076,325,3,205,393,419,276,105,3,137,272,355,231,78,0,68,121,64,45,27
2019,2,A,골목상권,2110968,강남구청역 2번,833,477,356,4,296,173,119,105,136,3,152,98,72,69,83,1,144,75,47,36,53
2019,2,A,골목상권,2110967,역삼역 8번,415,250,165,0,75,107,97,90,46,0,28,58,73,57,34,0,47,49,24,33,12
2019,2,A,골목상권,2110966,논현2동주민센터,1675,998,677,15,430,562,337,204,127,9,223,309,221,136,100,6,207,253,116,68,27
2019,2,A,골목상권,2110965,언주역 6번,989,693,296,0,111,337,342,134,65,0,71,253,257,62,50,0,40,84,85,72,15
2019,2,A,골목상권,2110964,싸리고개근린공원,596,386,210,1,76,158,225,97,39,1,39,89,148,80,29,0,37,69,77,17,10
2019,2,A,골목상권,2110963,역삼월드메르디앙아파트,837,583,254,1,131,201,242,167,95,0,83,154,184,105,57,1,48,47,58,62,38
2019,2,A,골목상권,2110962,도산공원북측,594,502,92,0,73,92,247,148,34,0,45,79,225,131,22,0,28,13,22,17,12
2019,2,A,골목상권,2110961,언주역 3번,1149,794,355,2,224,367,283,162,111,2,108,246,219,128,91,0,116,121,64,34,20
2019,2,A,골목상권,2110960,은광여고,1518,690,828,3,194,262,368,504,187,1,50,114,182,214,129,2,144,148,186,290,58
2019,2,A,골목상권,2110959,신구중학교,436,259,177,0,92,145,95,73,31,0,50,98,62,30,19,0,42,47,33,43,12
2019,2,A,골목상권,2110958,역삼역 4번,1055,657,398,4,211,333,261,176,70,3,86,196,197,125,50,1,125,137,64,51,20
2019,2,A,골목상권,2110957,언북중학교,1411,925,486,2,283,448,373,162,143,1,139,285,266,119,115,1,144,163,107,43,28
2019,2,A,골목상권,2110956,언주역 8번,679,452,227,1,217,155,135,85,86,0,110,106,108,66,62,1,107,49,27,19,24
2019,2,A,골목상권,2110955,논현초등학교,3400,2245,1155,23,643,793,841,638,462,18,380,562,589,398,298,5,263,231,252,240,164
2019,2,A,골목상권,2110954,국기원,800,574,226,3,155,249,255,100,38,1,78,169,206,84,36,2,77,80,49,16,2
2019,2,A,골목상권,2110953,학동근린공원,2707,1690,1017,18,759,931,625,243,131,0,353,594,441,204,98,18,406,337,184,39,33
2019,2,A,골목상권,2110952,논현목련공원,187,113,74,0,35,35,32,40,45,0,18,23,19,22,31,0,17,12,13,18,14
2019,2,A,골목상권,2110951,신사은행나무공원,453,173,280,0,108,156,107,62,20,0,41,60,36,23,13,0,67,96,71,39,7
2019,2,A,골목상권,2110950,논현역 7번,2750,1786,964,1,662,1258,515,232,82,0,319,846,387,172,62,1,343,412,128,60,20
2019,2,A,골목상권,2110949,한남IC,1549,1118,431,8,266,535,399,275,66,1,112,395,317,240,53,7,154,140,82,35,13
2019,2,A,골목상권,2110947,청계산입구역 2번(내곡동주민센터),83,53,30,0,10,15,14,26,18,0,4,8,9,19,13,0,6,7,5,7,5
2019,2,A,골목상권,2110946,청계산원터골,38,21,17,0,2,5,8,12,11,0,2,3,6,2,8,0,0,2,2,10,3
2019,2,A,골목상권,2110945,본마을노인복지센터(서초구립내곡도서관),163,95,68,2,30,47,30,36,18,2,6,28,21,26,12,0,24,19,9,10,6
2019,2,A,골목상권,2110944,서울나래학교(염곡어린이공원),1240,859,381,10,151,300,280,253,246,8,111,224,204,166,146,2,40,76,76,87,100
2019,2,A,골목상권,2110943,법제교육센터(버들어린이공원),1214,639,575,1,75,186,372,354,226,1,40,123,164,154,157,0,35,63,208,200,69
2019,2,A,골목상권,2110942,염곡동 구룡사(포이동성당),3385,2205,1180,9,567,941,766,664,438,5,361,653,498,416,272,4,206,288,268,248,166
2019,2,A,골목상권,2110941,언남고등학교,312,192,120,1,33,74,104,62,38,0,15,44,63,40,30,1,18,30,41,22,8
2019,2,A,골목상권,2110940,양재근린공원(양재2동주민센터),877,602,275,3,137,291,202,145,99,3,76,202,144,98,79,0,61,89,58,47,20
2019,2,A,골목상권,2110939,양재역 8번(양재동우체국),7037,4538,2499,10,1327,2079,1710,1105,806,2,621,1350,1214,687,664,8,706,729,496,418,142
2019,2,A,골목상권,2110938,바우뫼공원,1165,903,262,0,153,375,325,198,114,0,97,291,261,158,96,0,56,84,64,40,18
2019,2,A,골목상권,2110937,방아다리근린공원(횃불트리니티신학대학원대학교),2831,1404,1427,6,673,1009,642,379,122,6,237,546,387,151,77,0,436,463,255,228,45
2019,2,A,골목상권,2110936,더케이호텔(양재리본타워2단지아파트),873,592,281,0,105,261,240,186,81,0,51,156,182,139,64,0,54,105,58,47,17
2019,2,A,골목상권,2110935,한전아트센터,445,314,131,2,83,111,115,87,47,2,51,85,86,59,31,0,32,26,29,28,16
2019,2,A,골목상권,2110934,우면주공아파트,1179,687,492,1,199,375,334,174,96,0,67,223,226,102,69,1,132,152,108,72,27
2019,2,A,골목상권,2110933,한국상담대학원대학교,777,111,666,1,354,198,114,73,37,1,14,34,33,12,17,0,340,164,81,61,20
2019,2,A,골목상권,2110932,서울시인재개발원,836,621,215,1,162,304,221,97,51,0,94,224,181,78,44,1,68,80,40,19,7
2019,2,A,골목상권,2110931,삼성전자서울R&D(서울우면초등학교),132,60,72,0,46,48,21,10,7,0,8,26,11,9,6,0,38,22,10,1,1
2019,2,A,골목상권,2110930,서초동성당,3130,2542,588,6,406,1081,938,545,154,3,250,820,827,509,133,3,156,261,111,36,21
2019,2,A,골목상권,2110929,남부터미널역 1번,3840,2313,1527,14,638,1187,1065,617,319,1,250,719,751,379,213,13,388,468,314,238,106
2019,2,A,골목상권,2110928,서초우방유쉘아파트,657,516,141,0,82,119,133,218,105,0,37,78,109,196,96,0,45,41,24,22,9
2019,2,A,골목상권,2110927,잠원역,1050,840,210,2,115,461,285,140,47,2,100,330,242,122,44,0,15,131,43,18,3
2019,2,A,골목상권,2110926,신중초등학교,1504,1104,400,4,175,340,431,354,200,1,97,247,328,283,148,3,78,93,103,71,52
2019,2,A,골목상권,2110925,서초중학교,984,549,435,3,121,165,277,234,184,1,43,75,160,142,128,2,78,90,117,92,56
2019,2,A,골목상권,2110924,반포4동주민센터(몽마르뜨공원),1429,954,475,2,202,328,430,328,139,0,86,202,306,255,105,2,116,126,124,73,34
2019,2,A,골목상권,2110923,방배역 1번,204,154,50,0,31,52,52,41,28,0,18,40,40,35,21,0,13,12,12,6,7
2019,2,A,골목상권,2110922,내방역 1번,332,218,114,1,41,98,90,64,38,0,18,59,65,47,29,1,23,39,25,17,9
2019,2,A,골목상권,2110921,서울프랑스학교,470,287,183,3,38,58,92,137,142,1,18,32,54,88,94,2,20,26,38,49,48
2019,2,A,골목상권,2110920,방배역 2번(백석예술대학교),319,186,133,0,13,44,114,104,44,0,6,25,59,62,34,0,7,19,55,42,10
2019,2,A,골목상권,2110919,내방역 8번,2031,1585,446,1,150,330,501,627,422,0,61,190,415,551,368,1,89,140,86,76,54
2019,2,A,골목상권,2110918,방배역 3번,919,590,329,0,127,180,242,196,174,0,74,114,162,123,117,0,53,66,80,73,57
2019,2,A,골목상권,2110917,서초소방서,1664,1025,639,4,173,472,445,385,185,2,76,304,323,194,126,2,97,168,122,191,59
2019,2,A,골목상권,2110916,내방역 4번,1105,600,505,11,216,248,287,201,142,9,66,148,191,102,84,2,150,100,96,99,58
2019,2,A,골목상권,2110915,서래초등학교,2170,1655,515,12,319,717,737,285,100,10,215,519,585,241,85,2,104,198,152,44,15
2019,2,A,골목상권,2110914,내방역 6번,119,89,30,0,27,32,30,16,14,0,18,24,23,14,10,0,9,8,7,2,4
2019,2,A,골목상권,2110913,방현초등학교(방배119안전센터),2753,1698,1055,8,449,866,766,443,221,7,191,507,510,306,177,1,258,359,256,137,44
2019,2,A,골목상권,2110912,방배동사이길,196,114,82,1,33,47,44,44,27,0,15,28,33,21,17,1,18,19,11,23,10
2019,2,A,골목상권,2110911,방배배수지체육공원,15,13,2,0,6,2,4,2,1,0,6,2,3,1,1,0,0,0,1,1,0
2019,2,A,골목상권,2110910,내방역 5번,649,246,403,5,82,147,169,165,81,2,19,49,64,59,53,3,63,98,105,106,28
2019,2,A,골목상권,2110909,남태령역(서울전자고등학교),206,145,61,0,22,40,40,50,54,0,6,25,29,39,46,0,16,15,11,11,8
2019,2,A,골목상권,2110908,구반포역,1489,328,1161,0,50,114,400,792,133,0,28,59,70,112,59,0,22,55,330,680,74
2019,2,A,골목상권,2110907,방배초등학교,818,530,288,6,123,177,223,152,137,3,56,113,136,111,111,3,67,64,87,41,26
2019,2,A,골목상권,2110906,서문여고,340,194,146,1,38,72,83,83,63,0,18,38,45,48,45,1,20,34,38,35,18
2019,2,A,골목상권,2110905,방배노인종합복지관(이수중학교),361,221,140,0,54,85,93,75,54,0,28,46,56,49,42,0,26,39,37,26,12
2019,2,A,골목상권,2110904,이수역 5번,855,496,359,3,167,227,250,130,78,1,88,136,142,61,68,2,79,91,108,69,10
2019,2,A,골목상권,2110903,방배아이파크아파트,7292,2681,4611,7,1151,1800,2520,1382,432,2,300,618,972,606,183,5,851,1182,1548,776,249
2019,2,A,골목상권,2110902,사당역 4번,1753,1147,606,0,270,435,410,328,310,0,141,296,282,220,208,0,129,139,128,108,102
2019,2,A,골목상권,2110901,인헌고등학교(인헌중학교),350,215,135,0,78,96,97,52,27,0,44,66,58,29,18,0,34,30,39,23,9
2019,2,A,골목상권,2110900,낙성대역 1번(관악구민 종합체육센터),582,348,234,1,116,171,146,103,45,1,69,101,93,59,25,0,47,70,53,44,20
2019,2,A,골목상권,2110899,낙성대역 5번(관악중학교),604,377,227,0,112,157,165,118,52,0,62,114,98,66,37,0,50,43,67,52,15
2019,2,A,골목상권,2110898,청림동주민센터(상도중학교),64,25,39,0,15,13,14,13,9,0,5,2,7,6,5,0,10,11,7,7,4
2019,2,A,골목상권,2110897,서울대입구역 8번,283,168,115,1,24,69,94,64,31,0,9,39,50,42,28,1,15,30,44,22,3
2019,2,A,골목상권,2110896,관악우성아파트,207,47,160,0,40,39,41,53,34,0,4,9,9,11,14,0,36,30,32,42,20
2019,2,A,골목상권,2110895,샤로수길,1188,716,472,2,182,253,304,262,185,1,94,143,178,165,135,1,88,110,126,97,50
2019,2,A,골목상권,2110894,관악동부센트레빌아파트(은천로35라길),14,4,10,0,1,2,2,5,4,0,0,0,1,1,2,0,1,2,1,4,2
2019,2,A,골목상권,2110893,관악소방서(문영여고),356,301,55,0,38,114,64,112,28,0,28,96,55,97,25,0,10,18,9,15,3
2019,2,A,골목상권,2110892,관악구 중앙길,550,290,260,0,65,90,135,134,126,0,22,44,74,78,72,0,43,46,61,56,54
2019,2,A,골목상권,2110891,구암초등학교,64,33,31,0,4,3,29,23,5,0,1,2,14,12,4,0,3,1,15,11,1
2019,2,A,골목상권,2110890,봉천역 1번(관악초등학교),146,105,41,0,12,21,61,42,10,0,4,17,42,34,8,0,8,4,19,8,2
2019,2,A,골목상권,2110889,봉천역 6번,186,114,72,0,38,41,68,23,16,0,18,24,48,15,9,0,20,17,20,8,7
2019,2,A,골목상권,2110888,청룡동주민센터,45,19,26,0,7,9,14,6,9,0,3,3,6,1,6,0,4,6,8,5,3
2019,2,A,골목상권,2110887,서울산업정보학교(서울삼성초등학교),27,13,14,0,1,6,10,8,2,0,0,0,5,7,1,0,1,6,5,1,1
2019,2,A,골목상권,2110886,관악해태어린이공원,190,109,81,1,31,54,46,35,23,1,15,33,26,22,12,0,16,21,20,13,11
2019,2,A,골목상권,2110885,영락고등학교,334,178,156,0,17,38,74,114,91,0,4,22,46,62,44,0,13,16,28,52,47
2019,2,A,골목상권,2110884,봉천역 4번(봉천110안전센터),453,329,124,1,17,42,58,111,224,0,1,18,45,92,173,1,16,24,13,19,51
2019,2,A,골목상권,2110883,은천초등학교(은천교앞),211,123,88,0,15,40,79,48,29,0,8,19,47,30,19,0,7,21,32,18,10
2019,2,A,골목상권,2110882,신성초등학교,937,626,311,0,105,160,251,210,211,0,53,86,149,155,183,0,52,74,102,55,28
2019,2,A,골목상권,2110881,구립대학경로당(관악산샘말공원),1548,1227,321,0,273,449,464,256,106,0,186,356,390,217,78,0,87,93,74,39,28
2019,2,A,골목상권,2110880,신림역 1번,114,76,38,0,37,35,29,7,6,0,28,25,19,3,1,0,9,10,10,4,5
2019,2,A,골목상권,2110879,신림현대아파트,28,11,17,0,5,4,6,8,5,0,1,2,3,3,2,0,4,2,3,5,3
2019,2,A,골목상권,2110878,미림여고,281,185,96,0,30,103,79,50,19,0,14,65,66,25,15,0,16,38,13,25,4
2019,2,A,골목상권,2110877,신림역 8번,403,212,191,2,55,94,99,86,67,0,26,55,47,41,43,2,29,39,52,45,24
2019,2,A,골목상권,2110876,서원동주민센터(신관중학교),57,26,31,0,8,9,19,13,8,0,2,2,9,7,6,0,6,7,10,6,2
2019,2,A,골목상권,2110875,보라매동주민센터(당곡고등학교),31,22,9,0,2,2,9,13,5,0,2,2,5,9,4,0,0,0,4,4,1
2019,2,A,골목상권,2110874,원신초등학교(구세군관악영문교회),29,16,13,1,0,4,7,11,6,1,0,4,5,5,1,0,0,0,2,6,5
2019,2,A,골목상권,2110873,당곡중학교,400,151,249,0,31,59,94,136,80,0,11,28,33,48,31,0,20,31,61,88,49
2019,2,A,골목상권,2110872,신림초등학교,211,147,64,4,38,35,45,56,33,4,30,26,35,40,12,0,8,9,10,16,21
2019,2,A,골목상권,2110871,신원동주민센터,171,113,58,0,14,39,47,39,32,0,9,23,31,29,21,0,5,16,16,10,11
2019,2,A,골목상권,2110869,"신림역 5번(신림동주민센터, 신림동별빛거리)",1051,660,391,1,138,155,226,203,328,1,52,76,125,136,270,0,86,79,101,67,58
2019,2,A,골목상권,2110868,남부초등학교,245,138,107,0,23,38,52,44,88,0,15,25,28,24,46,0,8,13,24,20,42
2019,2,A,골목상권,2110867,국제신학대학원대학교(남서울중학교),183,96,87,0,11,51,46,52,23,0,2,25,25,28,16,0,9,26,21,24,7
2019,2,A,골목상권,2110866,난우중학교,168,92,76,0,14,38,34,62,20,0,11,20,12,33,16,0,3,18,22,29,4
2019,2,A,골목상권,2110865,남강고등학교(남강중학교),447,198,249,2,77,105,111,105,47,1,19,50,54,44,30,1,58,55,57,61,17
2019,2,A,골목상권,2110864,신림우방아파트,235,164,71,0,31,42,49,64,49,0,19,27,33,49,36,0,12,15,16,15,13
2019,2,A,골목상권,2110863,난우초등학교,277,148,129,3,38,56,47,74,59,3,20,29,27,32,37,0,18,27,20,42,22
2019,2,A,골목상권,2110862,난곡초등학교(난곡동벽화마을),78,37,41,0,4,10,14,33,17,0,3,5,10,14,5,0,1,5,4,19,12
2019,2,A,골목상권,2110861,관악구신사동주민센터,918,510,408,3,140,230,193,225,127,2,59,145,117,114,73,1,81,85,76,111,54
2019,2,A,골목상권,2110860,호림박물관(성보고등학교),750,487,263,0,86,175,153,216,120,0,54,130,96,122,85,0,32,45,57,94,35
2019,2,A,골목상권,2110859,난향초등학교,675,304,371,0,302,209,59,57,48,0,79,114,40,34,37,0,223,95,19,23,11
2019,2,A,골목상권,2110858,신대방역 1번,91,50,41,0,9,16,25,8,33,0,2,6,11,3,28,0,7,10,14,5,5
2019,2,A,골목상권,2110857,미성동주민센터,432,228,204,13,54,61,78,101,125,12,30,42,46,42,56,1,24,19,32,59,69
2019,2,A,골목상권,2110856,미성초등학교,589,308,281,3,97,101,165,147,76,2,46,56,86,70,48,1,51,45,79,77,28
2019,2,A,골목상권,2110855,신대방역 2번,694,439,255,3,87,181,196,133,94,0,29,123,145,82,60,3,58,58,51,51,34
2019,2,A,골목상권,2110854,조원동주민센터,55,40,15,0,5,9,13,22,6,0,3,8,8,16,5,0,2,1,5,6,1
2019,2,A,골목상권,2110853,KT구로지사,240,139,101,0,35,57,71,50,27,0,19,31,48,25,16,0,16,26,23,25,11
2019,2,A,골목상권,2110852,이수역 9번,185,125,60,0,18,44,45,36,42,0,11,31,28,20,35,0,7,13,17,16,7
2019,2,A,골목상권,2110851,경문고등학교(동작동성당),477,196,281,0,70,119,147,112,29,0,21,37,62,61,15,0,49,82,85,51,14
2019,2,A,골목상권,2110850,사당역 10번,900,612,288,1,103,167,179,159,291,0,43,93,128,115,233,1,60,74,51,44,58
2019,2,A,골목상권,2110849,이수역 10번,225,129,96,0,28,55,57,47,38,0,10,34,36,24,25,0,18,21,21,23,13
2019,2,A,골목상권,2110848,양지어린이공원,602,402,200,0,40,98,187,175,102,0,10,50,120,133,89,0,30,48,67,42,13
2019,2,A,골목상권,2110847,예술인마을,720,433,287,4,106,180,236,128,66,2,58,94,158,67,54,2,48,86,78,61,12
2019,2,A,골목상권,2110846,남성역 1번,464,259,205,1,57,127,130,90,59,0,22,62,77,49,49,1,35,65,53,41,10
2019,2,A,골목상권,2110845,사당종합체육관,163,102,61,0,13,36,55,39,20,0,6,27,33,22,14,0,7,9,22,17,6
2019,2,A,골목상권,2110844,흑석2치안센터,11,8,3,0,1,2,4,1,3,0,1,2,2,1,2,0,0,0,2,0,1
2019,2,A,골목상권,2110843,사당5동주민센터,221,159,62,0,34,38,56,58,35,0,17,28,40,46,28,0,17,10,16,12,7
2019,2,A,골목상권,2110842,흑리단길,37,14,23,0,4,5,12,10,6,0,1,1,5,3,4,0,3,4,7,7,2
2019,2,A,골목상권,2110841,중대부중,102,48,54,1,12,22,21,26,20,1,4,13,9,12,9,0,8,9,12,14,11
2019,2,A,골목상권,2110840,중앙대학교,139,69,70,0,23,16,39,36,25,0,9,7,19,18,16,0,14,9,20,18,9
2019,2,A,골목상권,2110839,숭실대입구역 4번,214,88,126,0,14,62,59,55,24,0,5,22,26,15,20,0,9,40,33,40,4
2019,2,A,골목상권,2110838,상도1동주민센터앞,119,108,11,0,5,28,32,31,23,0,2,25,29,31,21,0,3,3,3,0,2
2019,2,A,골목상권,2110837,숭실대입구역 1번,481,294,187,1,46,104,119,121,90,0,20,59,84,67,64,1,26,45,35,54,26
2019,2,A,골목상권,2110836,상도역 5번,1822,871,951,3,258,471,487,380,223,2,92,233,239,186,119,1,166,238,248,194,104
2019,2,A,골목상권,2110835,상도역 1번,301,175,126,0,84,91,60,45,21,0,34,58,39,25,19,0,50,33,21,20,2
2019,2,A,골목상권,2110834,동작구자원봉사센터,151,34,117,0,9,15,41,58,28,0,3,5,12,6,8,0,6,10,29,52,20
2019,2,A,골목상권,2110833,상도역 2번,260,168,92,3,14,67,70,80,26,0,12,58,44,37,17,3,2,9,26,43,9
2019,2,A,골목상권,2110832,노량진초등학교,403,189,214,1,44,57,105,139,57,1,19,25,65,53,26,0,25,32,40,86,31
2019,2,A,골목상권,2110831,상도4동주민센터,112,81,31,0,6,15,26,39,26,0,4,11,15,29,22,0,2,4,11,10,4
2019,2,A,골목상권,2110830,상도초등학교,229,108,121,0,13,51,72,65,28,0,3,21,37,34,13,0,10,30,35,31,15
2019,2,A,골목상권,2110829,장승배기역 5번,208,99,109,0,9,37,60,53,49,0,4,19,28,23,25,0,5,18,32,30,24
2019,2,A,골목상권,2110828,노량진역 6번,2942,2048,894,5,419,1058,829,458,173,3,233,723,627,351,111,2,186,335,202,107,62
2019,2,A,골목상권,2110827,NH농협은행 상도동지점,285,111,174,0,37,61,79,64,44,0,9,21,29,29,23,0,28,40,50,35,21
2019,2,A,골목상권,2110826,장승배기역 4번,420,185,235,0,29,44,67,108,172,0,15,28,34,47,61,0,14,16,33,61,111
2019,2,A,골목상권,2110825,신대방삼거리역 1번,385,189,196,0,21,73,99,128,64,0,7,37,47,57,41,0,14,36,52,71,23
2019,2,A,골목상권,2110824,대방역 3번,276,92,184,1,36,88,89,41,21,0,6,23,29,22,12,1,30,65,60,19,9
2019,2,A,골목상권,2110823,신대방삼거리역 3번,297,187,110,0,31,60,63,65,78,0,16,40,44,34,53,0,15,20,19,31,25
2019,2,A,골목상권,2110822,신대방삼거리역 4번(대림초등학교),382,163,219,0,80,84,82,88,48,0,23,34,41,42,23,0,57,50,41,46,25
2019,2,A,골목상권,2110821,보라매역 2번,804,416,388,3,93,123,152,151,282,2,49,75,87,88,115,1,44,48,65,63,167
2019,2,A,골목상권,2110820,성남고등학교,3047,2434,613,1,567,745,561,1009,164,0,388,582,450,894,120,1,179,163,111,115,44
2019,2,A,골목상권,2110819,신대방역 4번,895,521,374,1,128,239,257,129,141,0,39,123,160,99,100,1,89,116,97,30,41
2019,2,A,골목상권,2110818,신대방역 3번,1261,1172,89,6,252,407,389,174,33,5,237,398,361,146,25,1,15,9,28,28,8
2019,2,A,골목상권,2110817,대방역 4번,287,231,56,1,36,47,91,59,53,0,20,32,79,53,47,1,16,15,12,6,6
2019,2,A,골목상권,2110816,대방역 6번,1144,785,359,1,260,446,238,102,97,1,117,314,184,83,86,0,143,132,54,19,11
2019,2,A,골목상권,2110815,공군호텔,2369,827,1542,3,459,545,492,521,349,0,77,223,193,194,140,3,382,322,299,327,209
2019,2,A,골목상권,2110814,서울지방병무청,687,365,322,0,56,116,151,236,128,0,23,75,88,104,75,0,33,41,63,132,53
2019,2,A,골목상권,2110813,보라매역 6번,261,146,115,2,11,33,49,70,96,2,6,14,21,39,64,0,5,19,28,31,32
2019,2,A,골목상권,2110812,신길6동주민센터,148,80,68,0,33,27,38,30,20,0,9,14,20,21,16,0,24,13,18,9,4
2019,2,A,골목상권,2110811,보라매역 4번,216,114,102,0,22,41,62,60,31,0,5,26,26,32,25,0,17,15,36,28,6
2019,2,A,골목상권,2110810,영신초등학교,369,192,177,0,37,143,75,67,47,0,17,63,39,46,27,0,20,80,36,21,20
2019,2,A,골목상권,2110809,장훈고등학교,100,50,50,0,9,13,27,20,31,0,3,3,9,17,18,0,6,10,18,3,13
2019,2,A,골목상권,2110808,신길역 1번,58,44,14,0,3,19,19,11,6,0,3,14,13,8,6,0,0,5,6,3,0
2019,2,A,골목상권,2110807,신길역 3번,107,67,40,0,4,17,27,29,30,0,2,8,17,19,21,0,2,9,10,10,9
2019,2,A,골목상권,2110806,서울시립영등포장애인복지관,56,25,31,0,16,28,6,4,2,0,5,13,3,3,1,0,11,15,3,1,1
2019,2,A,골목상권,2110805,신길새마을금고신길4동지점,64,26,38,0,2,10,14,16,22,0,0,7,8,4,7,0,2,3,6,12,15
2019,2,A,골목상권,2110804,신풍역 1번,328,188,140,0,18,40,64,71,135,0,6,16,25,37,104,0,12,24,39,34,31
2019,2,A,골목상권,2110803,신길2동우편취급국,295,219,76,0,16,26,52,56,145,0,8,14,27,37,133,0,8,12,25,19,12
2019,2,A,골목상권,2110802,신길동홍어거리,341,162,179,1,47,114,84,79,16,0,13,48,46,44,11,1,34,66,38,35,5
2019,2,A,골목상권,2110800,영등포동성당,263,188,75,0,31,46,55,80,51,0,18,31,35,57,47,0,13,15,20,23,4
2019,2,A,골목상권,2110799,영등포본동주민센터,124,88,36,3,33,16,13,24,35,1,21,10,7,17,32,2,12,6,6,7,3
2019,2,A,골목상권,2110798,신풍역 2번,197,49,148,0,8,23,36,67,63,0,4,7,7,9,22,0,4,16,29,58,41
2019,2,A,골목상권,2110797,KT대방빌딩,56,8,48,1,7,11,13,13,11,0,0,0,1,2,5,1,7,11,12,11,6
2019,2,A,골목상권,2110796,한림대학교한강성심병원,106,64,42,0,12,18,27,24,25,0,8,11,16,12,17,0,4,7,11,12,8
2019,2,A,골목상권,2110795,도림초등학교,570,393,177,0,17,49,76,138,290,0,10,34,48,87,214,0,7,15,28,51,76
2019,2,A,골목상권,2110794,영동초등학교,928,678,250,0,155,257,235,181,100,0,74,186,183,143,92,0,81,71,52,38,8
2019,2,A,골목상권,2110792,영등포역 2번,1610,937,673,20,412,366,357,294,161,8,175,240,245,177,92,12,237,126,112,117,69
2019,2,A,골목상권,2110791,신풍역 3번,14,8,6,0,1,2,6,5,0,0,0,0,4,4,0,0,1,2,2,1,0
2019,2,A,골목상권,2110790,대림1동주민센터,791,344,447,0,75,182,293,174,67,0,36,79,88,85,56,0,39,103,205,89,11
2019,2,A,골목상권,2110789,대림성모병원,583,218,365,0,114,157,129,107,76,0,18,52,56,42,50,0,96,105,73,65,26
2019,2,A,골목상권,2110788,영등포시장역 3번,20,15,5,0,4,1,5,8,2,0,4,1,3,5,2,0,0,0,2,3,0
2019,2,A,골목상권,2110787,신길3동주민센터,171,119,52,0,13,38,42,45,33,0,5,28,30,32,24,0,8,10,12,13,9
2019,2,A,골목상권,2110786,당산역 8번,305,179,126,0,34,74,87,63,47,0,11,32,57,46,33,0,23,42,30,17,14
2019,2,A,골목상권,2110785,영등포푸르지오아파트,224,124,100,2,14,42,63,55,48,2,9,27,39,19,28,0,5,15,24,36,20
2019,2,A,골목상권,2110784,신대림초등학교,69,48,21,0,7,8,18,27,9,0,4,7,13,18,6,0,3,1,5,9,3
2019,2,A,골목상권,2110783,영등포시장역 1번,256,157,99,0,26,37,35,51,107,0,19,32,18,28,60,0,7,5,17,23,47
2019,2,A,골목상권,2110782,영등포시장역 4번,109,61,48,2,8,29,41,16,13,1,3,13,23,11,10,1,5,16,18,5,3
2019,2,A,골목상권,2110781,대림한신아파트,157,97,60,0,17,26,45,35,34,0,8,14,29,21,25,0,9,12,16,14,9
2019,2,A,골목상권,2110780,신길대성유니드아파트,241,186,55,0,34,42,58,68,39,0,29,35,42,48,32,0,5,7,16,20,7
2019,2,A,골목상권,2110779,대림갑을명가아파트,26,17,9,0,1,6,6,6,7,0,1,5,2,3,6,0,0,1,4,3,1
2019,2,A,골목상권,2110778,구로디지털단지역 4번,1675,923,752,0,251,462,525,241,196,0,135,292,207,148,141,0,116,170,318,93,55
2019,2,A,골목상권,2110777,구로세무서,317,236,81,0,33,49,53,105,77,0,14,37,37,79,69,0,19,12,16,26,8
2019,2,A,골목상권,2110776,도신초등학교,213,141,72,0,21,32,59,65,36,0,16,18,46,38,23,0,5,14,13,27,13
2019,2,A,골목상권,2110775,대동초등학교,83,48,35,0,9,16,26,26,6,0,3,8,11,21,5,0,6,8,15,5,1
2019,2,A,골목상권,2110774,당산반도유보라팰리스아파트,738,585,153,0,77,227,189,127,118,0,44,173,158,110,100,0,33,54,31,17,18
2019,2,A,골목상권,2110773,당산역 13번,289,231,58,0,43,64,50,41,91,0,37,52,37,29,76,0,6,12,13,12,15
2019,2,A,골목상권,2110772,신우어린이공원,120,70,50,0,10,24,26,27,33,0,6,13,13,19,19,0,4,11,13,8,14
2019,2,A,골목상권,2110771,대림역 11번,20,17,3,0,0,2,2,8,8,0,0,2,2,7,6,0,0,0,0,1,2
2019,2,A,골목상권,2110770,영등포구청역 6번,1447,798,649,16,465,424,267,155,120,9,234,240,156,81,78,7,231,184,111,74,42
2019,2,A,골목상권,2110769,대림차이나타운(대림역 12번),15,7,8,0,3,3,6,2,1,0,0,1,4,1,1,0,3,2,2,1,0
2019,2,A,골목상권,2110768,도림2동유수지내체육시설,280,156,124,1,26,41,62,68,82,1,12,24,29,40,50,0,14,17,33,28,32
2019,2,A,골목상권,2110767,도림동주민센터,314,207,107,0,154,102,38,16,4,0,95,79,25,6,2,0,59,23,13,10,2
2019,2,A,골목상권,2110766,대림역 5번,265,169,96,1,17,52,67,74,54,0,10,31,45,47,36,1,7,21,22,27,18
2019,2,A,골목상권,2110765,문래동사거리,731,496,235,1,70,130,209,167,154,1,26,76,141,127,125,0,44,54,68,40,29
2019,2,A,골목상권,2110764,문래역 3번,573,258,315,0,95,133,163,101,81,0,25,42,63,57,71,0,70,91,100,44,10
2019,2,A,골목상권,2110763,영등포구청역 2번,615,438,177,2,117,181,134,108,73,0,67,130,93,86,62,2,50,51,41,22,11
2019,2,A,골목상권,2110762,선유도역 1번,3265,2323,942,7,401,727,755,832,543,2,209,486,531,633,462,5,192,241,224,199,81
2019,2,A,골목상권,2110761,문래동남성맨션,181,113,68,0,13,39,48,43,38,0,8,19,32,25,29,0,5,20,16,18,9
2019,2,A,골목상권,2110760,선유도역 6번,2147,1338,809,9,325,579,629,402,203,8,203,351,373,235,168,1,122,228,256,167,35
2019,2,A,골목상권,2110759,문래예술촌(문래창작촌),4447,2367,2080,8,553,890,1058,1302,636,5,292,592,649,519,310,3,261,298,409,783,326
2019,2,A,골목상권,2110758,문래소공원,337,236,101,3,30,54,59,68,123,2,19,40,39,48,88,1,11,14,20,20,35
2019,2,A,골목상권,2110757,양평역 2번,1563,1186,377,1,109,239,392,421,401,0,57,183,321,314,311,1,52,56,71,107,90
2019,2,A,골목상권,2110756,문래중학교,356,229,127,0,53,99,100,60,44,0,21,66,67,41,34,0,32,33,33,19,10
2019,2,A,골목상권,2110755,동일여자고등학교,295,129,166,0,18,30,51,89,107,0,9,16,18,24,62,0,9,14,33,65,45
2019,2,A,골목상권,2110754,삼성산자연공원(서울금천초등학교),208,86,122,0,27,48,54,42,37,0,8,21,30,11,16,0,19,27,24,31,21
2019,2,A,골목상권,2110753,시흥동 은행나무사거리,704,432,272,1,72,109,170,190,162,1,28,69,99,106,129,0,44,40,71,84,33
2019,2,A,골목상권,2110752,한울중학교,270,120,150,2,23,45,82,75,43,2,11,16,38,30,23,0,12,29,44,45,20
2019,2,A,골목상권,2110751,난곡중학교,453,275,178,0,48,121,118,118,48,0,21,86,71,59,38,0,27,35,47,59,10
2019,2,A,골목상권,2110750,시흥4동주민센터(서울신흥초등학교),414,228,186,3,82,86,89,100,54,3,53,58,47,31,36,0,29,28,42,69,18
2019,2,A,골목상권,2110749,금산초등학교(금천고등학교),747,505,242,0,80,154,171,201,141,0,36,93,105,149,122,0,44,61,66,52,19
2019,2,A,골목상권,2110748,백산초등학교,122,74,48,0,8,26,27,30,31,0,3,14,14,22,21,0,5,12,13,8,10
2019,2,A,골목상권,2110747,석수역 1번 출입구,914,691,223,0,43,89,188,246,348,0,26,55,118,177,315,0,17,34,70,69,33
2019,2,A,골목상권,2110746,금천금빛공원(은행나무사거리서측),80,52,28,0,7,15,25,18,15,0,1,11,16,12,12,0,6,4,9,6,3
2019,2,A,골목상권,2110745,독산동정훈단지,368,300,68,0,14,25,53,128,148,0,4,14,38,105,139,0,10,11,15,23,9
2019,2,A,골목상권,2110744,독산동성당,936,652,284,2,159,295,244,143,93,2,105,224,167,88,66,0,54,71,77,55,27
2019,2,A,골목상권,2110743,시흥초등학교(시흥1동우체국),213,134,79,0,23,37,51,54,48,0,11,22,31,36,34,0,12,15,20,18,14
2019,2,A,골목상권,2110742,KT금천빌딩(금천구시설관리공단),446,255,191,0,46,86,118,125,71,0,21,61,79,62,32,0,25,25,39,63,39
2019,2,A,골목상권,2110741,독산2동주민센터,439,159,280,0,68,115,97,106,53,0,43,38,25,33,20,0,25,77,72,73,33
2019,2,A,골목상권,2110740,금천해태공원,682,292,390,1,138,145,156,166,76,1,41,63,63,73,51,0,97,82,93,93,25
2019,2,A,골목상권,2110739,시흥3동 우편취급국,1701,665,1036,2,191,326,575,557,50,0,51,186,243,157,28,2,140,140,332,400,22
2019,2,A,골목상권,2110738,문성초등학교,224,116,108,0,16,30,58,78,42,0,10,13,28,35,30,0,6,17,30,43,12
2019,2,A,골목상권,2110737,금천세무서,515,325,190,4,60,86,112,117,136,0,18,49,60,84,114,4,42,37,52,33,22
2019,2,A,골목상권,2110736,독산119안전센터,295,166,129,0,33,46,55,85,76,0,15,26,37,42,46,0,18,20,18,43,30
2019,2,A,골목상권,2110735,말미고개,999,803,196,0,66,112,138,152,531,0,35,76,93,94,505,0,31,36,45,58,26
2019,2,A,골목상권,2110734,금천파출소,105,52,53,0,6,11,21,40,27,0,2,5,13,18,14,0,4,6,8,22,13
2019,2,A,골목상권,2110733,금천어울림복지센터,338,264,74,3,32,83,70,82,68,3,21,65,52,59,64,0,11,18,18,23,4
2019,2,A,골목상권,2110732,가산초등학교(세일중학교),479,338,141,0,57,100,156,112,54,0,29,64,121,77,47,0,28,36,35,35,7
2019,2,A,골목상권,2110731,금천구청역 1번 출입구,1705,887,818,8,625,658,258,104,52,2,304,366,120,61,34,6,321,292,138,43,18
2019,2,A,골목상권,2110730,서울축산농협 독산역지점(독산파출소),712,410,302,1,70,132,121,226,162,1,30,69,58,128,124,0,40,63,63,98,38
2019,2,A,골목상권,2110729,가산동우체국,157,103,54,0,19,31,43,42,22,0,12,18,27,29,17,0,7,13,16,13,5
2019,2,A,골목상권,2110728,두산초등학교,4363,2707,1656,0,79,155,266,495,3368,0,46,94,138,274,2155,0,33,61,128,221,1213
2019,2,A,골목상권,2110727,독산역 1번 출입구,760,566,194,6,78,182,193,218,83,6,46,141,143,173,57,0,32,41,50,45,26
2019,2,A,골목상권,2110726,금천철쭉어린이공원(금하마을),195,146,49,0,14,26,37,51,67,0,13,15,17,37,64,0,1,11,20,14,3
2019,2,A,골목상권,2110725,가산동주민센터,102,74,28,0,6,24,22,28,22,0,3,18,19,19,15,0,3,6,3,9,7
2019,2,A,골목상권,2110724,금천구립가산도서관,260,185,75,0,35,68,60,63,34,0,26,52,43,38,26,0,9,16,17,25,8
2019,2,A,골목상권,2110723,가산디지털단지역 1번 출입구,72,51,21,0,2,8,12,20,30,0,2,3,5,12,29,0,0,5,7,8,1
2019,2,A,골목상권,2110722,G타워,1169,834,335,9,192,407,356,149,56,9,124,296,279,87,39,0,68,111,77,62,17
2019,2,A,골목상권,2110721,가리봉파출소,215,120,95,1,11,44,47,39,73,0,2,22,25,25,46,1,9,22,22,14,27
2019,2,A,골목상권,2110720,대림역 2번,165,86,79,1,16,27,49,40,32,0,5,13,24,19,25,1,11,14,25,21,7
2019,2,A,골목상권,2110719,영서중학교,83,45,38,0,16,18,16,15,18,0,5,6,10,11,13,0,11,12,6,4,5
2019,2,A,골목상권,2110718,한국SGI본부,1707,1237,470,3,207,498,483,381,135,1,96,366,413,267,94,2,111,132,70,114,41
2019,2,A,골목상권,2110717,남구로역 2번,491,203,288,1,69,93,127,125,76,1,30,34,53,44,41,0,39,59,74,81,35
2019,2,A,골목상권,2110716,구로나눔길,585,342,243,1,110,241,141,64,28,0,30,144,99,47,22,1,80,97,42,17,6
2019,2,A,골목상권,2110715,구로구민회관,147,69,78,0,12,19,38,41,37,0,3,14,21,22,9,0,9,5,17,19,28
2019,2,A,골목상권,2110714,구로4동주민센터,218,118,100,0,19,31,46,64,58,0,4,14,26,38,36,0,15,17,20,26,22
2019,2,A,골목상권,2110713,구로보건소,2186,1293,893,2,268,424,555,547,390,0,141,244,343,328,237,2,127,180,212,219,153
2019,2,A,골목상권,2110712,남구로역 5번,296,127,169,0,34,39,91,95,37,0,8,19,32,46,22,0,26,20,59,49,15
2019,2,A,골목상권,2110711,구로초등학교,567,250,317,0,42,61,106,190,168,0,16,30,58,74,72,0,26,31,48,116,96
2019,2,A,골목상권,2110710,남구로역 3번,674,440,234,2,69,103,116,144,240,2,40,64,79,95,160,0,29,39,37,49,80
2019,2,A,골목상권,2110709,구로119안전센터,198,105,93,0,15,27,49,54,53,0,10,14,27,28,26,0,5,13,22,26,27
2019,2,A,골목상권,2110708,화원어린이공원,115,66,49,1,10,17,23,39,25,0,1,6,14,23,22,1,9,11,9,16,3
2019,2,A,골목상권,2110707,구로창업지원센터,1047,763,284,1,134,263,245,246,158,1,82,188,183,174,135,0,52,75,62,72,23
2019,2,A,골목상권,2110706,그라운드 고척,395,111,284,0,106,104,95,70,20,0,18,24,32,27,10,0,88,80,63,43,10
2019,2,A,골목상권,2110705,고산초등학교,25,20,5,0,2,2,12,4,5,0,2,2,10,2,4,0,0,0,2,2,1
2019,2,A,골목상권,2110704,고척중학교,66,40,26,0,6,24,12,16,8,0,3,13,5,14,5,0,3,11,7,2,3
2019,2,A,골목상권,2110703,개봉역,569,477,92,7,26,57,115,169,195,4,13,37,83,152,188,3,13,20,32,17,7
2019,2,A,골목상권,2110702,개봉초등학교,187,124,63,2,10,26,41,51,57,2,8,17,27,35,35,0,2,9,14,16,22
2019,2,A,골목상권,2110701,고척동성당,596,414,182,2,111,194,121,112,56,0,67,144,83,73,47,2,44,50,38,39,9
2019,2,A,골목상권,2110700,고척초등학교,3183,2561,622,5,160,693,979,1183,163,4,86,526,801,1022,122,1,74,167,178,161,41
2019,2,A,골목상권,2110699,덕의초등학교,142,84,58,0,20,23,23,42,34,0,8,15,12,23,26,0,12,8,11,19,8
2019,2,A,골목상권,2110698,개웅초등학교(개웅중학교),295,177,118,4,55,55,58,67,56,4,27,35,32,35,44,0,28,20,26,32,12
2019,2,A,골목상권,2110697,개봉3동주민센터,264,161,103,1,53,63,63,52,32,1,28,39,40,31,22,0,25,24,23,21,10
2019,2,A,골목상권,2110696,오류동역 1번,2248,1554,694,14,743,921,313,179,78,9,432,716,225,112,60,5,311,205,88,67,18
2019,2,A,골목상권,2110695,개봉1동주민센터,543,323,220,0,57,148,138,126,74,0,32,100,76,64,51,0,25,48,62,62,23
2019,2,A,골목상권,2110694,세곡초등학교,474,275,199,1,56,157,105,107,48,0,23,79,70,69,34,1,33,78,35,38,14
2019,2,A,골목상권,2110693,오류동역 4번,24,12,12,0,4,2,6,7,5,0,2,2,3,4,1,0,2,0,3,3,4
2019,2,A,골목상권,2110692,큰굴다리,232,130,102,0,18,54,55,55,50,0,6,18,30,39,37,0,12,36,25,16,13
2019,2,A,골목상권,2110691,개봉중학교,376,194,182,0,31,67,118,116,44,0,18,43,50,49,34,0,13,24,68,67,10
2019,2,A,골목상권,2110690,오류2동버들시장,700,356,344,0,101,206,157,141,95,0,35,120,81,61,59,0,66,86,76,80,36
2019,2,A,골목상권,2110689,오류동역 3번,184,119,65,0,21,29,36,53,45,0,9,17,24,36,33,0,12,12,12,17,12
2019,2,A,골목상권,2110688,오류지구대,168,64,104,0,12,20,43,66,27,0,5,9,17,25,8,0,7,11,26,41,19
2019,2,A,골목상권,2110687,"천왕역 3번(오류2동주민센터, 서울오류남초등학교)",10,7,3,0,0,2,4,2,2,0,0,2,3,0,2,0,0,0,1,2,0
2019,2,A,골목상권,2110686,수궁동주민센터,571,276,295,0,65,98,157,145,106,0,28,46,78,67,57,0,37,52,79,78,49
2019,2,A,골목상권,2110685,금강수목원아파트,160,130,30,0,9,24,50,58,19,0,8,17,38,49,18,0,1,7,12,9,1
2019,2,A,골목상권,2110684,서울공연예술고등학교,153,65,88,0,32,35,33,30,23,0,7,14,15,19,10,0,25,21,18,11,13
2019,2,A,골목상권,2110683,오류고등학교,184,137,47,0,22,41,55,46,20,0,17,35,36,31,18,0,5,6,19,15,2
2019,2,A,골목상권,2110682,온수역 8번,146,130,16,0,2,15,20,41,68,0,1,10,13,39,67,0,1,5,7,2,1
2019,2,A,골목상권,2110681,온수역 1번,182,135,47,1,26,55,49,31,20,1,21,37,38,22,16,0,5,18,11,9,4
2019,2,A,골목상권,2110680,온수역 5번(온수산업단지),1474,1289,185,21,157,223,292,442,339,21,123,194,249,388,314,0,34,29,43,54,25
2019,2,A,골목상권,2110679,염창역 2번,533,351,182,4,76,170,144,87,52,2,42,119,96,55,37,2,34,51,48,32,15
2019,2,A,골목상권,2110678,염창무학아파트,242,189,53,1,21,53,92,54,21,1,12,46,74,41,15,0,9,7,18,13,6
2019,2,A,골목상권,2110677,등촌역 1번,515,417,98,2,43,107,128,117,118,2,25,80,103,97,110,0,18,27,25,20,8
2019,2,A,골목상권,2110676,등촌역 7번,263,158,105,0,29,43,77,68,46,0,11,27,40,49,31,0,18,16,37,19,15
2019,2,A,골목상권,2110675,화곡4동주민센터,362,246,116,0,32,92,86,77,75,0,10,64,53,58,61,0,22,28,33,19,14
2019,2,A,골목상권,2110674,강서구청가양동별관,471,321,150,0,68,103,96,106,98,0,59,75,61,52,74,0,9,28,35,54,24
2019,2,A,골목상권,2110673,뜸부기어린이공원,292,168,124,1,31,51,85,79,45,0,15,26,46,49,32,1,16,25,39,30,13
2019,2,A,골목상권,2110672,백석중학교,164,105,59,1,18,40,43,47,15,1,15,28,20,30,11,0,3,12,23,17,4
2019,2,A,골목상권,2110671,등촌1동주민센터,4397,2748,1649,10,1153,1326,897,617,394,1,331,867,728,487,334,9,822,459,169,130,60
2019,2,A,골목상권,2110670,신곡초등학교,455,270,185,2,50,92,122,91,98,1,30,57,71,53,58,1,20,35,51,38,40
2019,2,A,골목상권,2110669,화곡보람2차아파트,104,62,42,1,13,27,35,21,7,0,2,14,27,17,2,1,11,13,8,4,5
2019,2,A,골목상권,2110668,화곡2동주민센터,487,294,193,0,55,73,139,140,80,0,22,33,80,89,70,0,33,40,59,51,10
2019,2,A,골목상권,2110667,가양역 10번,203,147,56,1,37,44,57,40,24,0,24,29,42,31,21,1,13,15,15,9,3
2019,2,A,골목상권,2110666,KC대학교,247,118,129,0,24,46,71,65,41,0,13,21,30,23,31,0,11,25,41,42,10
2019,2,A,골목상권,2110665,곰달래도서관,819,501,318,0,83,206,229,200,101,0,58,141,144,100,58,0,25,65,85,100,43
2019,2,A,골목상권,2110664,강서구청옆,69,45,24,2,15,10,12,16,14,2,10,7,7,7,12,0,5,3,5,9,2
2019,2,A,골목상권,2110663,우장산롯데캐슬아파트앞,798,527,271,0,56,128,177,221,216,0,26,80,88,137,196,0,30,48,89,84,20
2019,2,A,골목상권,2110662,까치산역 1번,1463,860,603,2,177,491,417,239,137,2,97,276,210,170,105,0,80,215,207,69,32
2019,2,A,골목상권,2110661,강서새말어린이공원,415,239,176,0,18,56,101,135,105,0,10,29,62,70,68,0,8,27,39,65,37
2019,2,A,골목상권,2110660,등촌3동주민센터,3986,1895,2091,9,466,726,757,1204,824,2,189,435,437,439,393,7,277,291,320,765,431
2019,2,A,골목상권,2110659,화곡역 4번,919,535,384,10,110,209,261,189,140,8,60,130,149,106,82,2,50,79,112,83,58
2019,2,A,골목상권,2110658,화곡초등학교,284,171,113,0,32,68,68,74,42,0,13,45,43,44,26,0,19,23,25,30,16
2019,2,A,골목상권,2110657,양천향교역 5번,3855,2163,1692,11,412,748,843,918,923,11,225,455,541,318,613,0,187,293,302,600,310
2019,2,A,골목상권,2110656,까치산역 3번,827,495,332,8,114,199,243,183,80,8,78,117,147,88,57,0,36,82,96,95,23
2019,2,A,골목상권,2110655,발산역 5번,596,381,215,1,83,153,161,109,89,1,21,100,115,79,65,0,62,53,46,30,24
2019,2,A,골목상권,2110654,까치산역 4번,1121,750,371,4,73,156,282,424,182,4,45,79,163,309,150,0,28,77,119,115,32
2019,2,A,골목상권,2110653,화곡역 2번,907,486,421,0,190,271,242,162,42,0,74,137,121,133,21,0,116,134,121,29,21
2019,2,A,골목상권,2110652,양천향교역 2번,699,546,153,0,65,163,155,175,141,0,34,119,121,150,122,0,31,44,34,25,19
2019,2,A,골목상권,2110651,화원중학교,508,236,272,1,35,72,141,123,136,0,20,40,84,56,36,1,15,32,57,67,100
2019,2,A,골목상권,2110650,우장산힐스테이트,143,115,28,0,25,29,50,19,20,0,15,24,42,16,18,0,10,5,8,3,2
2019,2,A,골목상권,2110649,우장산역 1번,397,212,185,1,42,82,93,117,62,1,13,40,48,68,42,0,29,42,45,49,20
2019,2,A,골목상권,2110648,양천향교역 7번,19,7,12,0,3,7,1,5,3,0,0,2,1,2,2,0,3,5,0,3,1
2019,2,A,골목상권,2110647,화곡역 5번,938,499,439,1,116,244,235,227,115,1,50,141,116,125,66,0,66,103,119,102,49
2019,2,A,골목상권,2110646,푸른들청소년도서관,742,411,331,0,67,150,221,173,131,0,29,94,115,89,84,0,38,56,106,84,47
2019,2,A,골목상권,2110645,우장산역 4번,567,302,265,0,70,108,155,155,79,0,30,49,69,92,62,0,40,59,86,63,17
2019,2,A,골목상권,2110644,신광명마을,369,308,61,1,28,38,82,110,110,1,8,23,71,100,105,0,20,15,11,10,5
2019,2,A,골목상권,2110643,강서구다솔마을,706,451,255,0,85,190,221,153,57,0,45,118,154,96,38,0,40,72,67,57,19
2019,2,A,골목상권,2110642,정곡초등학교,214,180,34,0,12,20,42,66,74,0,5,12,34,61,68,0,7,8,8,5,6
2019,2,A,골목상권,2110641,공항고등학교,411,303,108,2,60,114,114,85,36,1,44,89,77,61,31,1,16,25,37,24,5
2019,2,A,골목상권,2110640,방화역 1번,903,601,302,2,98,247,230,193,133,1,55,122,156,150,117,1,43,125,74,43,16
2019,2,A,골목상권,2110639,신방화역 8번,277,116,161,1,67,60,67,53,29,1,7,21,33,31,23,0,60,39,34,22,6
2019,2,A,골목상권,2110638,신방화역 2번,368,186,182,0,46,67,92,106,57,0,20,35,45,50,36,0,26,32,47,56,21
2019,2,A,골목상권,2110637,송정역 2번,532,352,180,7,63,99,122,138,103,2,35,65,85,92,73,5,28,34,37,46,30
2019,2,A,골목상권,2110636,방화역 2번,262,106,156,1,38,88,55,53,27,0,11,37,34,13,11,1,27,51,21,40,16
2019,2,A,골목상권,2110635,공항시장역 3번,596,208,388,1,36,49,91,90,329,1,16,31,62,35,63,0,20,18,29,55,266
2019,2,A,골목상권,2110634,송정역 3번,674,465,209,0,71,152,183,157,111,0,40,96,126,112,91,0,31,56,57,45,20
2019,2,A,골목상권,2110633,개화산역 1번,127,96,31,1,34,38,30,15,9,0,30,25,23,10,8,1,4,13,7,5,1
2019,2,A,골목상권,2110632,방화역 3번,1122,914,208,2,48,148,414,336,174,0,22,103,357,281,151,2,26,45,57,55,23
2019,2,A,골목상권,2110631,방화초등학교,382,210,172,2,37,84,78,107,74,2,25,50,46,46,41,0,12,34,32,61,33
2019,2,A,골목상권,2110630,공항시장역 1번,1173,763,410,0,93,185,260,278,357,0,39,114,174,174,262,0,54,71,86,104,95
2019,2,A,골목상권,2110629,송정역 4번,195,104,91,1,29,58,50,36,21,0,8,35,25,22,14,1,21,23,25,14,7
2019,2,A,골목상권,2110628,신목동역,445,258,187,0,61,91,112,89,92,0,24,58,71,61,44,0,37,33,41,28,48
2019,2,A,골목상권,2110627,신정롯데캐슬아파트,252,160,92,0,24,61,58,68,41,0,11,38,40,40,31,0,13,23,18,28,10
2019,2,A,골목상권,2110626,양화초등학교,770,383,387,0,128,183,192,175,92,0,41,92,105,95,50,0,87,91,87,80,42
2019,2,A,골목상권,2110625,신정2동주민센터,674,391,283,1,83,159,196,170,65,0,43,83,124,98,43,1,40,76,72,72,22
2019,2,A,골목상권,2110624,목동문화체육센터,362,226,136,0,81,111,75,65,30,0,32,74,52,49,19,0,49,37,23,16,11
2019,2,A,골목상권,2110623,갈산공원,133,104,29,0,22,39,28,31,13,0,19,32,23,21,9,0,3,7,5,10,4
2019,2,A,골목상권,2110622,달마을공원,489,280,209,1,52,126,117,125,68,0,13,70,78,61,58,1,39,56,39,64,10
2019,2,A,골목상권,2110621,목동역 5번,83,50,33,0,0,17,16,31,19,0,0,11,10,18,11,0,0,6,6,13,8
2019,2,A,골목상권,2110620,목동보건지소,491,272,219,4,62,101,120,117,87,2,25,63,65,62,55,2,37,38,55,55,32
2019,2,A,골목상권,2110619,목4동주민센터,329,202,127,1,54,83,78,81,32,1,19,47,53,60,22,0,35,36,25,21,10
2019,2,A,골목상권,2110618,강서고등학교,218,141,77,0,17,45,52,66,38,0,11,32,38,34,26,0,6,13,14,32,12
2019,2,A,골목상권,2110617,등촌역 4번,278,194,84,0,55,73,77,53,20,0,41,54,50,34,15,0,14,19,27,19,5
2019,2,A,골목상권,2110616,양목초등학교,183,121,62,0,8,24,22,49,80,0,6,17,16,37,45,0,2,7,6,12,35
2019,2,A,골목상권,2110615,신서초등학교,102,74,28,0,21,30,24,17,10,0,16,24,18,10,6,0,5,6,6,7,4
2019,2,A,골목상권,2110614,목동로데오거리,668,358,310,0,76,98,122,225,147,0,44,51,70,108,85,0,32,47,52,117,62
2019,2,A,골목상권,2110613,신정네거리역 4번,12,3,9,0,2,0,5,5,0,0,0,0,1,2,0,0,2,0,4,3,0
2019,2,A,골목상권,2110612,신정역 5번,621,303,318,0,79,86,129,180,147,0,42,51,71,69,70,0,37,35,58,111,77
2019,2,A,골목상권,2110611,신정역 1번,387,228,159,2,40,72,119,91,63,2,19,47,69,51,40,0,21,25,50,40,23
2019,2,A,골목상권,2110610,계남근린공원,157,102,55,0,15,20,47,54,21,0,5,10,36,37,14,0,10,10,11,17,7
2019,2,A,골목상권,2110609,신정네거리역 2번,1444,1381,63,0,28,48,70,164,1134,0,18,24,50,157,1132,0,10,24,20,7,2
2019,2,A,골목상권,2110608,신월2동주민센터,886,587,299,2,95,164,237,234,154,2,53,111,154,141,126,0,42,53,83,93,28
2019,2,A,골목상권,2110607,금빛새마을금고본점,56,33,23,0,3,11,9,20,13,0,2,5,4,11,11,0,1,6,5,9,2
2019,2,A,골목상권,2110606,신한은행 신월동지점,505,295,210,1,43,84,134,133,110,1,24,47,67,74,82,0,19,37,67,59,28
2019,2,A,골목상권,2110605,목동센트럴아이파크앞,195,93,102,0,17,36,35,60,47,0,7,18,14,26,28,0,10,18,21,34,19
2019,2,A,골목상권,2110604,신월4동주민센터,672,558,114,0,24,54,122,231,241,0,16,35,84,190,233,0,8,19,38,41,8
2019,2,A,골목상권,2110603,지향초등학교,306,146,160,0,14,63,69,72,88,0,5,24,33,34,50,0,9,39,36,38,38
2019,2,A,골목상권,2110602,신월시영아파트중문,623,557,66,0,7,21,61,227,307,0,4,14,44,204,291,0,3,7,17,23,16
2019,2,A,골목상권,2110601,신월1동우편취급국,1203,814,389,3,119,164,277,438,202,1,62,105,181,308,157,2,57,59,96,130,45
2019,2,A,골목상권,2110600,신월7동주민센터,441,301,140,0,33,33,76,149,150,0,17,19,46,94,125,0,16,14,30,55,25
2019,2,A,골목상권,2110599,신월1파출소,385,258,127,4,52,99,86,94,50,3,37,76,51,58,33,1,15,23,35,36,17
2019,2,A,골목상권,2110598,신월문화체육센터,315,204,111,0,17,43,79,110,66,0,3,25,47,74,55,0,14,18,32,36,11
2019,2,A,골목상권,2110597,신월1동주민센터,781,376,405,0,55,113,216,228,169,0,37,56,71,93,119,0,18,57,145,135,50
2019,2,A,골목상권,2110596,서서울호수공원,377,252,125,1,44,77,97,101,57,0,28,51,70,61,42,1,16,26,27,40,15
2019,2,A,골목상권,2110595,메디힐병원,465,300,165,1,36,93,116,127,92,1,24,65,76,82,52,0,12,28,40,45,40
2019,2,A,골목상권,2110594,신월중학교,272,148,124,0,26,69,65,80,32,0,9,27,44,41,27,0,17,42,21,39,5
2019,2,A,골목상권,2110593,신월3동주민센터,391,209,182,4,45,91,91,102,58,4,16,46,55,51,37,0,29,45,36,51,21
2019,2,A,골목상권,2110592,서울금융고등학교,458,370,88,0,20,31,77,156,174,0,10,17,46,134,163,0,10,14,31,22,11
2019,2,A,골목상권,2110591,충정로역 6번,748,501,247,3,109,183,228,139,86,0,55,117,179,101,49,3,54,66,49,38,37
2019,2,A,골목상권,2110590,만리재,103,50,53,0,23,24,23,25,8,0,8,12,11,14,5,0,15,12,12,11,3
2019,2,A,골목상권,2110589,애오개역 3번,69,22,47,0,4,10,20,16,19,0,0,2,2,10,8,0,4,8,18,6,11
2019,2,A,골목상권,2110588,한겨레신문사,758,473,285,0,76,183,250,223,26,0,27,71,154,197,24,0,49,112,96,26,2
2019,2,A,골목상권,2110587,공덕동주민센터,217,110,107,2,19,42,64,48,42,2,6,26,35,24,17,0,13,16,29,24,25
2019,2,A,골목상권,2110586,서울서부지방법원,1997,1003,994,8,583,528,425,245,208,3,265,297,192,111,135,5,318,231,233,134,73
2019,2,A,골목상권,2110585,마포경찰서,898,783,115,0,145,366,181,186,20,0,116,322,158,169,18,0,29,44,23,17,2
2019,2,A,골목상권,2110584,아현역 4번,70,23,47,0,11,6,16,20,17,0,2,1,3,7,10,0,9,5,13,13,7
2019,2,A,골목상권,2110583,공덕래미안3차아파트,297,137,160,0,42,78,97,59,21,0,2,35,51,37,12,0,40,43,46,22,9
2019,2,A,골목상권,2110582,이대역 5번,86,37,49,1,16,15,21,21,12,1,7,6,6,10,7,0,9,9,15,11,5
2019,2,A,골목상권,2110581,염리초등학교,11,8,3,0,0,0,1,3,7,0,0,0,1,1,6,0,0,0,0,2,1
2019,2,A,골목상권,2110580,양원초등학교,87,38,49,0,3,13,14,30,27,0,0,9,4,18,7,0,3,4,10,12,20
2019,2,A,골목상권,2110579,마포역 4번,845,615,230,2,92,199,264,213,75,1,51,144,199,162,58,1,41,55,65,51,17
2019,2,A,골목상권,2110578,대흥역 2번,2741,1965,776,2,204,338,486,860,851,1,81,222,388,638,635,1,123,116,98,222,216
2019,2,A,골목상권,2110577,용강동주민센터,438,233,205,4,65,201,105,46,17,0,18,99,78,26,12,4,47,102,27,20,5
2019,2,A,골목상권,2110576,대흥역 3번,1528,1067,461,70,473,475,304,137,69,29,280,362,251,102,43,41,193,113,53,35,26
2019,2,A,골목상권,2110575,대흥동주민센터,247,181,66,2,28,59,50,57,51,2,15,44,31,43,46,0,13,15,19,14,5
2019,2,A,골목상권,2110574,서강대학교,328,159,169,0,97,96,77,47,11,0,29,46,47,32,5,0,68,50,30,15,6
2019,2,A,골목상권,2110573,신촌역 6번,27,17,10,0,4,4,3,9,7,0,3,0,3,6,5,0,1,4,0,3,2
2019,2,A,골목상권,2110572,서강대역 1번,546,326,220,1,73,125,133,138,76,1,34,66,75,86,64,0,39,59,58,52,12
2019,2,A,골목상권,2110571,신수동주민센터,613,351,262,6,101,166,169,123,48,5,57,91,88,72,38,1,44,75,81,51,10
2019,2,A,골목상권,2110570,KB국민은행 서강지점,75,43,32,0,1,31,22,15,6,0,0,16,12,10,5,0,1,15,10,5,1
2019,2,A,골목상권,2110569,홍대땡땡거리,462,214,248,2,96,136,115,62,51,2,32,68,50,30,32,0,64,68,65,32,19
2019,2,A,골목상권,2110568,광흥창역 1번,72,35,37,0,12,23,15,15,7,0,5,10,6,9,5,0,7,13,9,6,2
2019,2,A,골목상권,2110567,광흥창역 6번,100,67,33,0,16,29,32,15,8,0,7,21,20,13,6,0,9,8,12,2,2
2019,2,A,골목상권,2110566,경의선책거리,1455,870,585,1,316,517,340,202,79,1,120,309,228,150,62,0,196,208,112,52,17
2019,2,A,골목상권,2110565,홍익대,133,80,53,0,24,39,37,24,9,0,10,20,24,18,8,0,14,19,13,6,1
2019,2,A,골목상권,2110564,홍대입구역 3번,680,245,435,0,68,147,229,166,70,0,15,64,116,30,20,0,53,83,113,136,50
2019,2,A,골목상권,2110563,상수역 3번,417,309,108,10,109,160,78,30,30,8,73,120,62,22,24,2,36,40,16,8,6
2019,2,A,골목상권,2110562,연트럴파크(연남동주민센터),436,236,200,0,65,115,112,98,46,0,25,66,63,48,34,0,40,49,49,50,12
2019,2,A,골목상권,2110561,상수역 4번,1910,1234,676,16,714,646,291,186,57,6,380,517,187,101,43,10,334,129,104,85,14
2019,2,A,골목상권,2110560,마포FM,345,162,183,0,26,71,108,92,48,0,11,26,43,46,36,0,15,45,65,46,12
2019,2,A,골목상권,2110559,성산중학교,949,604,345,7,150,262,241,191,98,5,70,162,162,134,71,2,80,100,79,57,27
2019,2,A,골목상권,2110558,경성고등학교,2164,1436,728,6,293,545,517,474,329,6,137,337,361,355,240,0,156,208,156,119,89
2019,2,A,골목상권,2110557,홍대부속여중고앞,762,465,297,4,77,173,206,181,121,3,30,113,139,97,83,1,47,60,67,84,38
2019,2,A,골목상권,2110556,절두산순교성지,194,120,74,3,25,47,52,47,20,3,10,29,35,29,14,0,15,18,17,18,6
2019,2,A,골목상권,2110555,홍익지구대,500,283,217,2,67,80,74,82,195,0,20,43,46,39,135,2,47,37,28,43,60
2019,2,A,골목상권,2110554,망원역 1번,1553,791,762,2,275,436,435,273,132,2,96,204,244,155,90,0,179,232,191,118,42
2019,2,A,골목상권,2110553,가좌역 2번,303,187,116,0,24,46,90,89,54,0,16,22,51,53,45,0,8,24,39,36,9
2019,2,A,골목상권,2110552,성미산체육관,728,487,241,1,132,181,173,173,68,0,64,121,118,134,50,1,68,60,55,39,18
2019,2,A,골목상권,2110551,성서초등학교,4851,3524,1327,31,364,818,1123,1737,778,27,206,594,873,1270,554,4,158,224,250,467,224
2019,2,A,골목상권,2110550,합정역 8번,1877,961,916,1,268,519,438,378,273,1,99,222,242,219,178,0,169,297,196,159,95
2019,2,A,골목상권,2110549,새터산,233,114,119,0,21,48,57,57,50,0,7,29,30,18,30,0,14,19,27,39,20
2019,2,A,골목상권,2110548,마포구청역 4번,1085,608,477,14,253,254,212,190,162,5,93,144,141,110,115,9,160,110,71,80,47
2019,2,A,골목상권,2110547,KB국민은행 망원동지점,252,150,102,0,12,36,80,77,47,0,4,21,44,49,32,0,8,15,36,28,15
2019,2,A,골목상권,2110546,양화대교북단,724,435,289,1,198,268,145,68,44,1,83,142,112,57,40,0,115,126,33,11,4
2019,2,A,골목상권,2110545,마포구청역 1번,1000,576,424,3,87,202,277,285,146,3,45,115,142,170,101,0,42,87,135,115,45
2019,2,A,골목상권,2110544,망리단길,1193,696,497,1,159,259,352,275,147,1,89,163,189,159,95,0,70,96,163,116,52
2019,2,A,골목상권,2110543,중암중학교,48,31,17,0,10,8,17,9,4,0,4,5,11,7,4,0,6,3,6,2,0
2019,2,A,골목상권,2110542,마포구청역 7번,992,598,394,3,187,207,247,201,147,2,64,120,162,141,109,1,123,87,85,60,38
2019,2,A,골목상권,2110541,동교초등학교,460,286,174,0,55,101,132,113,59,0,29,59,92,60,46,0,26,42,40,53,13
2019,2,A,골목상권,2110540,망원나들목체육관,388,221,167,0,54,115,108,76,35,0,29,62,59,48,23,0,25,53,49,28,12
2019,2,A,골목상권,2110539,미근동,2820,1863,957,11,298,660,874,840,137,8,237,532,539,434,113,3,61,128,335,406,24
2019,2,A,골목상권,2110538,충정로역 3번,214,126,88,0,16,33,48,51,66,0,5,17,28,33,43,0,11,16,20,18,23
2019,2,A,골목상권,2110537,충정로현대아파트,908,611,297,1,132,230,263,175,107,0,64,132,195,140,80,1,68,98,68,35,27
2019,2,A,골목상권,2110536,돈의문센트레빌아파트입구,103,44,59,0,15,21,40,18,9,0,4,7,17,9,7,0,11,14,23,9,2
2019,2,A,골목상권,2110535,영천시장입구,787,435,352,2,61,112,181,282,149,2,27,61,108,146,91,0,34,51,73,136,58
2019,2,A,골목상권,2110534,경기대학교,209,95,114,0,31,48,35,42,53,0,10,21,20,14,30,0,21,27,15,28,23
2019,2,A,골목상권,2110533,충정로역 7번,23,10,13,0,5,6,2,5,5,0,0,3,1,3,3,0,5,3,1,2,2
2019,2,A,골목상권,2110532,아현역 2번,183,74,109,0,41,32,42,30,38,0,14,15,16,13,16,0,27,17,26,17,22
2019,2,A,골목상권,2110531,홍지문,67,47,20,0,17,14,12,13,11,0,13,12,8,6,8,0,4,2,4,7,3
2019,2,A,골목상권,2110530,아현역 1번,31,17,14,0,4,6,3,15,3,0,2,6,1,6,2,0,2,0,2,9,1
2019,2,A,골목상권,2110529,홍제3동주민센터,190,98,92,0,31,39,32,42,46,0,10,18,15,23,32,0,21,21,17,19,14
2019,2,A,골목상권,2110528,서울여자간호대학교,111,69,42,0,13,24,35,25,14,0,8,16,18,19,8,0,5,8,17,6,6
2019,2,A,골목상권,2110527,홍제역 2번,183,94,89,0,40,38,37,42,26,0,17,24,17,26,10,0,23,14,20,16,16
2019,2,A,골목상권,2110526,봉원사,77,39,38,0,9,10,20,26,12,0,3,5,10,14,7,0,6,5,10,12,5
2019,2,A,골목상권,2110525,홍은종합사회복지관,71,20,51,0,10,15,17,13,16,0,2,3,0,4,11,0,8,12,17,9,5
2019,2,A,골목상권,2110524,연희세브란스병원,54,25,29,0,8,12,14,11,9,0,5,7,7,3,3,0,3,5,7,8,6
2019,2,A,골목상권,2110523,홍제성원아파트,19,13,6,0,0,4,11,1,3,0,0,1,10,0,2,0,0,3,1,1,1
2019,2,A,골목상권,2110522,홍제역 3번,46,18,28,0,5,22,12,3,4,0,1,7,4,2,4,0,4,15,8,1,0
2019,2,A,골목상권,2110521,홍제역 4번,50,25,25,0,1,7,9,24,9,0,0,4,3,12,6,0,1,3,6,12,3
2019,2,A,골목상권,2110520,경의중앙 신촌역,159,97,62,0,38,38,35,28,20,0,20,19,21,21,16,0,18,19,14,7,4
2019,2,A,골목상권,2110519,서대문구보건소별관,327,169,158,1,53,86,76,71,40,0,18,35,42,43,31,1,35,51,34,28,9
2019,2,A,골목상권,2110518,서대문구청,84,42,42,1,9,26,15,15,18,1,2,14,12,5,8,0,7,12,3,10,10
2019,2,A,골목상권,2110517,서대문소방서,1077,676,401,6,232,277,239,228,95,3,105,173,167,169,59,3,127,104,72,59,36
2019,2,A,골목상권,2110516,정원여중,148,106,42,0,27,31,44,24,22,0,18,22,33,20,13,0,9,9,11,4,9
2019,2,A,골목상권,2110515,홍은중학교,321,217,104,1,35,80,89,70,46,1,21,58,59,44,34,0,14,22,30,26,12
2019,2,A,골목상권,2110514,서대문우체국,111,39,72,0,37,28,21,14,11,0,9,5,9,8,8,0,28,23,12,6,3
2019,2,A,골목상권,2110513,연희파출소,503,261,242,0,57,100,117,134,95,0,21,49,67,66,58,0,36,51,50,68,37
2019,2,A,골목상권,2110512,연희지하차도,630,319,311,4,88,152,161,157,68,4,42,108,69,65,31,0,46,44,92,92,37
2019,2,A,골목상권,2110511,연희초등학교,3920,3443,477,1,472,768,679,1567,433,1,363,662,551,1464,402,0,109,106,128,103,31
2019,2,A,골목상권,2110510,홍연시장,106,68,38,0,7,21,37,23,18,0,4,15,24,12,13,0,3,6,13,11,5
2019,2,A,골목상권,2110509,연희대우아파트앞,845,444,401,4,101,180,180,224,156,0,36,85,101,124,98,4,65,95,79,100,58
2019,2,A,골목상권,2110508,서연중학교,996,476,520,2,148,275,189,228,154,0,61,175,100,79,61,2,87,100,89,149,93
2019,2,A,골목상권,2110507,명지대학교,252,136,116,0,41,57,60,64,30,0,17,28,35,33,23,0,24,29,25,31,7
2019,2,A,골목상권,2110506,연희임광아파트,106,59,47,0,8,12,36,26,24,0,1,7,18,15,18,0,7,5,18,11,6
2019,2,A,골목상권,2110505,홍남교남측,14,9,5,0,1,0,3,7,3,0,0,0,2,5,2,0,1,0,1,2,1
2019,2,A,골목상권,2110504,명지전문대,131,33,98,0,6,23,25,36,41,0,1,5,7,11,9,0,5,18,18,25,32
2019,2,A,골목상권,2110503,명지대학교교회,409,247,162,0,27,62,75,128,117,0,9,29,29,78,102,0,18,33,46,50,15
2019,2,A,골목상권,2110502,남가좌파출소,255,120,135,0,28,39,80,70,38,0,9,17,38,35,21,0,19,22,42,35,17
2019,2,A,골목상권,2110501,연희어린이공원,246,85,161,0,15,35,45,89,62,0,4,20,16,22,23,0,11,15,29,67,39
2019,2,A,골목상권,2110500,남가좌동현대아파트,118,28,90,0,6,17,37,49,9,0,2,5,7,9,5,0,4,12,30,40,4
2019,2,A,골목상권,2110499,연가초등학교,262,143,119,0,30,45,69,69,49,0,8,24,32,43,36,0,22,21,37,26,13
2019,2,A,골목상권,2110498,증산역 1번,291,128,163,0,21,41,75,70,84,0,9,14,26,36,43,0,12,27,49,34,41
2019,2,A,골목상권,2110497,가좌역 3번,261,234,27,0,2,14,80,114,51,0,0,9,71,111,43,0,2,5,9,3,8
2019,2,A,골목상권,2110496,모래내우체국,686,365,321,2,85,196,182,120,101,2,24,93,121,62,63,0,61,103,61,58,38
2019,2,A,골목상권,2110495,북가좌2동주민센터,578,442,136,0,29,92,147,197,113,0,13,65,104,167,93,0,16,27,43,30,20
2019,2,A,골목상권,2110494,증산3교남측,61,44,17,0,5,21,16,12,7,0,1,17,12,9,5,0,4,4,4,3,2
2019,2,A,골목상권,2110493,북가좌초등학교,2178,2001,177,0,5,24,48,183,1918,0,0,16,36,155,1794,0,5,8,12,28,124
2019,2,A,골목상권,2110492,하나고등학교,251,41,210,1,4,12,15,104,115,0,0,7,8,9,17,1,4,5,7,95,98
2019,2,A,골목상권,2110491,불광중학교,236,123,113,0,16,46,78,63,33,0,12,31,35,24,21,0,4,15,43,39,12
2019,2,A,골목상권,2110490,녹번동근린공원,290,157,133,0,19,53,97,73,48,0,6,27,54,41,29,0,13,26,43,32,19
2019,2,A,골목상권,2110489,불광역 3번,69,31,38,0,12,15,21,18,3,0,3,4,11,10,3,0,9,11,10,8,0
2019,2,A,골목상권,2110488,우리은행응암동지점,237,123,114,0,23,30,53,44,87,0,6,17,27,21,52,0,17,13,26,23,35
2019,2,A,골목상권,2110487,불광역 8번,90,49,41,1,16,30,28,8,7,0,8,14,14,6,7,1,8,16,14,2,0
2019,2,A,골목상권,2110486,은평구청,421,238,183,0,45,68,105,120,83,0,22,49,54,60,53,0,23,19,51,60,30
2019,2,A,골목상권,2110485,연신내우체국,1158,590,568,0,14,32,41,129,942,0,9,8,18,52,503,0,5,24,23,77,439
2019,2,A,골목상권,2110484,역촌역 3번,474,240,234,4,77,122,116,95,60,3,45,72,50,37,33,1,32,50,66,58,27
2019,2,A,골목상권,2110483,연천초등학교,99,53,46,0,6,11,23,14,45,0,2,4,10,8,29,0,4,7,13,6,16
2019,2,A,골목상권,2110482,연신초등학교,59,23,36,0,4,7,18,25,5,0,1,0,4,14,4,0,3,7,14,11,1
2019,2,A,골목상권,2110481,불광역 7번,221,110,111,0,25,41,56,55,44,0,8,17,25,30,30,0,17,24,31,25,14
2019,2,A,골목상권,2110480,연신내역 3번,130,34,96,0,14,26,40,30,20,0,0,6,11,10,7,0,14,20,29,20,13
2019,2,A,골목상권,2110479,연신내역 2번,487,244,243,0,72,127,110,122,56,0,30,95,55,42,22,0,42,32,55,80,34
2019,2,A,골목상권,2110478,응암1동주민센터,311,207,104,4,24,42,53,61,127,4,12,24,31,36,100,0,12,18,22,25,27
2019,2,A,골목상권,2110477,은평세무서,487,257,230,1,41,107,124,133,81,0,14,61,69,67,46,1,27,46,55,66,35
2019,2,A,골목상권,2110476,역촌역 2번,62,27,35,0,2,7,20,25,8,0,0,1,7,11,8,0,2,6,13,14,0
2019,2,A,골목상권,2110475,백련산해모로아파트,236,129,107,1,19,46,78,60,32,1,10,28,47,25,18,0,9,18,31,35,14
2019,2,A,골목상권,2110474,세명컴퓨터고등학교,227,85,142,0,24,45,42,65,51,0,12,20,18,14,21,0,12,25,24,51,30
2019,2,A,골목상권,2110473,구산역 1번,417,219,198,0,34,60,153,101,69,0,22,31,68,47,51,0,12,29,85,54,18
2019,2,A,골목상권,2110472,연신내역 4번,335,162,173,1,60,89,83,64,38,0,18,50,35,35,24,1,42,39,48,29,14
2019,2,A,골목상권,2110471,응암동우체국,431,157,274,0,35,64,78,116,138,0,13,26,27,39,52,0,22,38,51,77,86
2019,2,A,골목상권,2110470,신진과학기술고등학교,121,67,54,0,32,30,34,19,6,0,12,16,25,12,2,0,20,14,9,7,4
2019,2,A,골목상권,2110469,응암정보도서관,508,275,233,0,46,86,153,160,63,0,23,52,76,74,50,0,23,34,77,86,13
2019,2,A,골목상권,2110468,응암역 3번,805,429,376,1,107,197,198,168,134,0,34,97,123,92,83,1,73,100,75,76,51
2019,2,A,골목상권,2110467,은평요양병원,253,129,124,1,29,46,60,56,61,0,11,21,26,31,40,1,18,25,34,25,21
2019,2,A,골목상권,2110466,구산역 2번,267,160,107,0,31,50,63,69,54,0,15,29,40,39,37,0,16,21,23,30,17
2019,2,A,골목상권,2110465,연신내역 7번,238,116,122,1,37,55,52,57,36,0,10,29,21,29,27,1,27,26,31,28,9
2019,2,A,골목상권,2110464,연신내역 5번,367,212,155,7,57,65,102,91,45,7,27,37,46,58,37,0,30,28,56,33,8
2019,2,A,골목상권,2110463,응암3동주민센터,218,106,112,1,61,51,41,33,31,0,36,25,13,12,20,1,25,26,28,21,11
2019,2,A,골목상권,2110462,갈현건영아파트,360,218,142,1,48,69,94,82,66,1,28,40,53,46,50,0,20,29,41,36,16
2019,2,A,골목상권,2110461,새절역 2번,28,19,9,0,2,5,7,7,7,0,2,2,5,5,5,0,0,3,2,2,2
2019,2,A,골목상권,2110460,구산역 4번,652,254,398,0,44,111,197,170,130,0,18,58,66,49,63,0,26,53,131,121,67
2019,2,A,골목상권,2110459,응암역 2번,579,213,366,2,54,113,163,160,87,1,14,44,78,43,33,1,40,69,85,117,54
2019,2,A,골목상권,2110458,선일여고,384,212,172,2,35,95,94,104,54,0,15,56,46,58,37,2,20,39,48,46,17
2019,2,A,골목상권,2110457,예일여고,706,477,229,3,94,152,140,162,155,0,62,100,99,107,109,3,32,52,41,55,46
2019,2,A,골목상권,2110456,구산보건지소,913,512,401,2,273,222,168,139,109,1,120,115,89,90,97,1,153,107,79,49,12
2019,2,A,골목상권,2110455,역촌노인복지관,657,305,352,1,69,128,168,183,108,0,30,69,64,78,64,1,39,59,104,105,44
2019,2,A,골목상권,2110454,선정중학교,523,289,234,2,55,77,157,124,108,2,43,34,58,75,77,0,12,43,99,49,31
2019,2,A,골목상권,2110453,신사1동주민센터,605,339,266,0,47,100,157,170,131,0,18,36,83,98,104,0,29,64,74,72,27
2019,2,A,골목상권,2110452,새절역 3번,417,339,78,1,13,52,80,121,150,1,9,29,57,104,139,0,4,23,23,17,11
2019,2,A,골목상권,2110451,증산역 4번,1322,1032,290,1,152,378,356,304,131,1,80,295,309,244,103,0,72,83,47,60,28
2019,2,A,골목상권,2110450,시립서북병원,1396,559,837,3,219,305,300,332,237,3,87,141,125,110,93,0,132,164,175,222,144
2019,2,A,골목상권,2110449,증산역 3번,706,401,305,0,117,165,188,148,88,0,51,98,104,80,68,0,66,67,84,68,20
2019,2,A,골목상권,2110448,상신초등학교입구,218,102,116,0,36,51,44,49,38,0,14,22,22,20,24,0,22,29,22,29,14
2019,2,A,골목상권,2110447,구산초등학교,1,1,0,0,0,1,0,0,0,0,0,1,0,0,0,0,0,0,0,0,0
2019,2,A,골목상권,2110446,내를건너서숲으로도서관,369,286,83,0,61,93,79,68,68,0,55,79,52,44,56,0,6,14,27,24,12
2019,2,A,골목상권,2110445,덕산중학교,67,49,18,0,11,18,19,7,12,0,7,12,12,6,12,0,4,6,7,1,0
2019,2,A,골목상권,2110444,수색성당,160,70,90,0,19,47,38,44,12,0,7,23,13,17,10,0,12,24,25,27,2
2019,2,A,골목상권,2110443,수색역 1번,17,12,5,0,1,1,8,6,1,0,1,1,5,4,1,0,0,0,3,2,0
2019,2,A,골목상권,2110442,화랑대철도공원,114,52,62,0,11,18,20,52,13,0,9,14,9,12,8,0,2,4,11,40,5
2019,2,A,골목상권,2110441,영신여고,176,79,97,0,13,39,46,47,31,0,2,21,19,23,14,0,11,18,27,24,17
2019,2,A,골목상권,2110440,상계3동4동주민센터,40,11,29,0,8,9,12,7,4,0,1,1,5,2,2,0,7,8,7,5,2
2019,2,A,골목상권,2110439,당고개역 5번,65,28,37,0,7,8,12,15,23,0,1,5,7,7,8,0,6,3,5,8,15
2019,2,A,골목상권,2110438,경춘선숲길 우측,285,145,140,1,27,78,100,63,16,0,15,36,50,35,9,1,12,42,50,28,7
2019,2,A,골목상권,2110437,당고개역 2번,147,55,92,0,19,26,38,42,22,0,8,11,12,13,11,0,11,15,26,29,11
2019,2,A,골목상권,2110436,상계제일중학교,100,55,45,0,17,22,30,21,10,0,6,8,19,13,9,0,11,14,11,8,1
2019,2,A,골목상권,2110435,서울과학기술대,67,40,27,0,4,10,14,25,14,0,3,5,7,13,12,0,1,5,7,12,2
2019,2,A,골목상권,2110434,태릉입구역 4번,131,64,67,0,11,7,24,42,47,0,1,2,11,21,29,0,10,5,13,21,18
2019,2,A,골목상권,2110433,공릉역 2번,462,162,300,1,50,65,64,55,227,1,21,30,34,23,53,0,29,35,30,32,174
2019,2,A,골목상권,2110432,대진고등학교,913,740,173,0,52,145,243,364,109,0,24,96,208,321,91,0,28,49,35,43,18
2019,2,A,골목상권,2110431,상계역,101,50,51,1,20,19,29,19,13,0,7,11,16,10,6,1,13,8,13,9,7
2019,2,A,골목상권,2110430,중계초등학교,179,102,77,0,15,28,39,42,55,0,10,12,18,21,41,0,5,16,21,21,14
2019,2,A,골목상권,2110429,공릉동 국수거리,2346,994,1352,3,232,323,514,711,563,2,89,189,249,246,219,1,143,134,265,465,344
2019,2,A,골목상권,2110428,상계5동주민센터,548,256,292,3,56,59,129,172,129,1,17,33,61,75,69,2,39,26,68,97,60
2019,2,A,골목상권,2110427,노원 을지대학교병원,350,271,79,0,23,31,61,114,121,0,10,15,34,98,114,0,13,16,27,16,7
2019,2,A,골목상권,2110426,상계2동주민센터,367,181,186,0,49,66,92,97,63,0,21,35,41,47,37,0,28,31,51,50,26
2019,2,A,골목상권,2110425,계상초등학교,113,55,58,1,17,7,33,30,25,1,3,5,17,16,13,0,14,2,16,14,12
2019,2,A,골목상권,2110424,상계초등학교,381,157,224,1,27,51,107,111,84,1,15,35,36,43,27,0,12,16,71,68,57
2019,2,A,골목상권,2110423,석계역 2번,281,141,140,1,39,48,79,62,52,0,14,28,47,34,18,1,25,20,32,28,34
2019,2,A,골목상권,2110422,노원역 9번,217,171,46,0,24,52,70,37,34,0,21,44,57,24,25,0,3,8,13,13,9
2019,2,A,골목상권,2110421,석계역 1번,243,94,149,0,15,37,78,69,44,0,4,11,25,29,25,0,11,26,53,40,19
2019,2,A,골목상권,2110420,광운대역 1번,827,499,328,8,225,323,194,41,36,0,107,245,99,24,24,8,118,78,95,17,12
2019,2,A,골목상권,2110419,수락산디자인거리,1101,778,323,3,115,172,247,238,326,3,66,99,170,175,265,0,49,73,77,63,61
2019,2,A,골목상권,2110418,광운대학교 남단,119,66,53,0,20,20,21,26,32,0,15,12,11,17,11,0,5,8,10,9,21
2019,2,A,골목상권,2110417,월계역 3번,66,34,32,0,15,11,8,15,17,0,6,7,4,6,11,0,9,4,4,9,6
2019,2,A,골목상권,2110416,노원초등학교,605,312,293,4,91,146,139,163,62,2,30,97,79,71,33,2,61,49,60,92,29
2019,2,A,골목상권,2110415,수락산역 4번,949,444,505,4,82,124,181,195,363,4,45,76,99,109,111,0,37,48,82,86,252
2019,2,A,골목상권,2110414,장석교회,65,49,16,0,5,10,13,27,10,0,3,8,10,21,7,0,2,2,3,6,3
2019,2,A,골목상권,2110413,누원고등학교,82,42,40,0,14,13,20,17,18,0,7,9,8,7,11,0,7,4,12,10,7
2019,2,A,골목상권,2110412,창동중학교,30,27,3,0,3,9,6,5,7,0,3,9,5,3,7,0,0,0,1,2,0
2019,2,A,골목상권,2110411,도봉역 3번,437,382,55,0,13,31,62,146,185,0,6,19,47,135,175,0,7,12,15,11,10
2019,2,A,골목상권,2110410,방학역 2번,1418,1247,171,2,116,213,240,387,460,2,80,178,199,352,436,0,36,35,41,35,24
2019,2,A,골목상권,2110409,창동역 2번,3269,2172,1097,2,220,675,783,668,921,0,120,483,603,365,601,2,100,192,180,303,320
2019,2,A,골목상권,2110408,가인초등학교,326,123,203,0,60,64,94,80,28,0,13,23,40,34,13,0,47,41,54,46,15
2019,2,A,골목상권,2110407,도봉역 2번,630,401,229,2,43,94,140,208,143,2,20,59,75,132,113,0,23,35,65,76,30
2019,2,A,골목상권,2110406,도봉산역 1번,159,118,41,0,15,31,37,32,44,0,7,20,29,25,37,0,8,11,8,7,7
2019,2,A,골목상권,2110405,방학역 1번,319,164,155,0,57,68,77,72,45,0,23,43,29,40,29,0,34,25,48,32,16
2019,2,A,골목상권,2110404,신창초등학교,501,288,213,2,40,95,144,138,82,0,13,57,96,70,52,2,27,38,48,68,30
2019,2,A,골목상권,2110403,방학1동주민센터,346,171,175,0,44,61,74,88,79,0,28,38,38,36,31,0,16,23,36,52,48
2019,2,A,골목상권,2110402,도봉구 정병원,551,254,297,1,80,99,112,137,122,0,21,42,60,67,64,1,59,57,52,70,58
2019,2,A,골목상권,2110401,도봉구민회관,252,58,194,0,24,31,43,91,63,0,2,9,15,22,10,0,22,22,28,69,53
2019,2,A,골목상권,2110400,도봉구보건소,359,244,115,0,32,43,82,93,109,0,13,23,40,69,99,0,19,20,42,24,10
2019,2,A,골목상권,2110399,창2동주민센터,820,507,313,9,95,198,240,199,79,9,63,155,121,105,54,0,32,43,119,94,25
2019,2,A,골목상권,2110398,쌍문2동우체국,470,311,159,0,37,60,91,140,142,0,10,22,46,109,124,0,27,38,45,31,18
2019,2,A,골목상권,2110397,도봉산입구,551,285,266,0,33,73,125,160,160,0,7,41,50,73,114,0,26,32,75,87,46
2019,2,A,골목상권,2110396,쌍문역1번(쌍리단길),198,87,111,0,18,29,48,70,33,0,11,13,22,26,15,0,7,16,26,44,18
2019,2,A,골목상권,2110395,신한은행 방학동지점,168,61,107,0,14,29,41,40,44,0,0,10,16,12,23,0,14,19,25,28,21
2019,2,A,골목상권,2110394,방학중학교,239,140,99,0,15,42,53,63,66,0,7,23,28,36,46,0,8,19,25,27,20
2019,2,A,골목상권,2110393,국민은행방학지점,64,19,45,0,6,8,26,20,4,0,0,0,8,8,3,0,6,8,18,12,1
2019,2,A,골목상권,2110392,발바닥공원,57,20,37,0,7,14,13,12,11,0,3,4,4,2,7,0,4,10,9,10,4
2019,2,A,골목상권,2110391,샘말어린이공원,328,158,170,0,24,60,89,49,106,0,12,33,53,23,37,0,12,27,36,26,69
2019,2,A,골목상권,2110390,방학초등학교,160,66,94,0,6,36,44,49,25,0,3,16,15,20,12,0,3,20,29,29,13
2019,2,A,골목상권,2110389,한일병원,150,96,54,0,12,29,42,38,29,0,5,16,28,26,21,0,7,13,14,12,8
2019,2,A,골목상권,2110388,도봉우체국,49,29,20,0,7,4,13,17,8,0,3,2,6,10,8,0,4,2,7,7,0
2019,2,A,골목상권,2110387,쌍문초등학교,345,190,155,0,29,56,101,87,72,0,8,28,54,43,57,0,21,28,47,44,15
2019,2,A,골목상권,2110386,연산군묘,127,117,10,0,4,5,14,42,62,0,1,5,10,39,62,0,3,0,4,3,0
2019,2,A,골목상권,2110385,효문고등학교,31,24,7,0,2,5,10,5,9,0,1,4,7,3,9,0,1,1,3,2,0
2019,2,A,골목상권,2110384,문이교,258,134,124,0,37,26,58,77,60,0,9,10,23,46,46,0,28,16,35,31,14
2019,2,A,골목상권,2110383,덕성여대시반거리,34,21,13,0,0,3,13,12,6,0,0,2,8,6,5,0,0,1,5,6,1
2019,2,A,골목상권,2110382,솔밭공원역 1번,45,32,13,0,1,9,9,9,17,0,0,4,6,9,13,0,1,5,3,0,4
2019,2,A,골목상권,2110381,번동주공2단지,219,119,100,6,37,45,54,56,21,5,17,23,31,29,14,1,20,22,23,27,7
2019,2,A,골목상권,2110380,강북문화정보도서관,48,15,33,0,11,8,12,13,4,0,0,2,4,6,3,0,11,6,8,7,1
2019,2,A,골목상권,2110379,KT&G 북부지사,22,11,11,0,2,2,7,6,5,0,0,1,4,3,3,0,2,1,3,3,2
2019,2,A,골목상권,2110378,송중동주민센터,53,33,20,0,6,12,15,13,7,0,4,10,9,7,3,0,2,2,6,6,4
2019,2,A,골목상권,2110377,미아사거리역 3번,24,16,8,0,1,2,5,10,6,0,1,2,3,6,4,0,0,0,2,4,2
2019,2,A,골목상권,2110376,수송초등학교,217,145,72,0,15,37,61,61,43,0,7,25,38,41,34,0,8,12,23,20,9
2019,2,A,골목상권,2110375,서울북부고용노동지청,151,94,57,0,17,29,48,40,17,0,11,23,29,21,10,0,6,6,19,19,7
2019,2,A,골목상권,2110374,송중초등학교,510,274,236,3,41,63,159,136,108,3,10,34,79,62,86,0,31,29,80,74,22
2019,2,A,골목상권,2110373,수유역 2번,887,707,180,0,82,278,183,241,103,0,57,226,147,215,62,0,25,52,36,26,41
2019,2,A,골목상권,2110372,강북중학교,173,89,84,0,23,31,47,46,26,0,17,18,15,19,20,0,6,13,32,27,6
2019,2,A,골목상권,2110371,삼양입구사거리,85,46,39,0,3,7,19,29,27,0,2,2,12,15,15,0,1,5,7,14,12
2019,2,A,골목상권,2110370,도봉세무서,440,286,154,1,21,81,84,105,148,1,13,45,44,72,111,0,8,36,40,33,37
2019,2,A,골목상권,2110369,성신여대운정그린캠퍼스,509,219,290,2,52,49,119,137,150,1,15,24,44,55,80,1,37,25,75,82,70
2019,2,A,골목상권,2110368,송천초등학교,229,200,29,0,13,17,43,92,64,0,9,12,34,82,63,0,4,5,9,10,1
2019,2,A,골목상권,2110367,강북구청,1925,970,955,1,182,510,468,532,232,1,59,200,227,360,123,0,123,310,241,172,109
2019,2,A,골목상권,2110366,광산사거리,201,135,66,0,35,39,39,55,33,0,18,25,21,42,29,0,17,14,18,13,4
2019,2,A,골목상권,2110365,미아역 5번,340,85,255,0,17,16,33,62,212,0,4,10,12,20,39,0,13,6,21,42,173
2019,2,A,골목상권,2110364,미아역 8번,136,64,72,0,7,20,53,34,22,0,1,6,26,18,13,0,6,14,27,16,9
2019,2,A,골목상권,2110363,송천동주민센터,17,11,6,0,1,3,5,6,2,0,1,2,3,3,2,0,0,1,2,3,0
2019,2,A,골목상권,2110362,우이천 계성교,226,116,110,1,18,30,65,62,50,0,9,15,30,31,31,1,9,15,35,31,19
2019,2,A,골목상권,2110361,삼양사거리역 1번,113,38,75,0,12,17,24,27,33,0,2,9,7,8,12,0,10,8,17,19,21
2019,2,A,골목상권,2110360,수유초등학교,245,154,91,0,22,75,69,44,35,0,10,51,47,20,26,0,12,24,22,24,9
2019,2,A,골목상권,2110359,수유시장옆,163,77,86,0,14,31,62,41,15,0,3,10,26,28,10,0,11,21,36,13,5
2019,2,A,골목상권,2110358,인수동 우편취급국,520,307,213,0,19,33,69,192,207,0,7,15,25,92,168,0,12,18,44,100,39
2019,2,A,골목상권,2110357,가오리역 1번,706,605,101,0,18,26,159,342,161,0,5,11,137,312,140,0,13,15,22,30,21
2019,2,A,골목상권,2110356,덕수교,258,123,135,0,19,46,62,66,65,0,8,22,21,32,40,0,11,24,41,34,25
2019,2,A,골목상권,2110355,삼양사거리역 2번,293,237,56,0,13,29,36,92,123,0,4,12,23,83,115,0,9,17,13,9,8
2019,2,A,골목상권,2110354,삼각산119안전센터,34,8,26,0,7,7,12,5,3,0,0,2,3,1,2,0,7,5,9,4,1
2019,2,A,골목상권,2110353,수유동우체국,189,91,98,0,10,20,38,62,59,0,6,14,21,31,19,0,4,6,17,31,40
2019,2,A,골목상권,2110352,수유1동주민센터,421,165,256,1,51,72,130,111,56,1,18,32,49,40,25,0,33,40,81,71,31
2019,2,A,골목상권,2110351,수유북부시장옆,225,106,119,0,25,55,56,53,36,0,7,23,24,26,26,0,18,32,32,27,10
2019,2,A,골목상권,2110350,가오리역 2번,181,77,104,0,10,28,38,63,42,0,3,11,21,24,18,0,7,17,17,39,24
2019,2,A,골목상권,2110349,화계역 2번,5,4,1,0,0,0,2,1,2,0,0,0,1,1,2,0,0,0,1,0,0
2019,2,A,골목상권,2110348,강북문화예술회관,493,262,231,0,28,62,115,117,171,0,3,34,69,50,106,0,25,28,46,67,65
2019,2,A,골목상권,2110347,구세군강북종합사회복지관,44,15,29,0,13,9,9,9,4,0,2,5,3,3,2,0,11,4,6,6,2
2019,2,A,골목상권,2110346,4.19민주묘지역 2번,109,48,61,0,14,17,26,19,33,0,4,7,7,7,23,0,10,10,19,12,10
2019,2,A,골목상권,2110345,솔밭공원역 2번,147,64,83,3,21,26,27,47,23,1,9,12,8,20,14,2,12,14,19,27,9
2019,2,A,골목상권,2110344,화계중학교,556,549,7,0,9,49,193,228,77,0,6,45,193,228,77,0,3,4,0,0,0
2019,2,A,골목상권,2110343,무너미어린이공원,75,56,19,0,2,20,19,25,9,0,1,16,13,19,7,0,1,4,6,6,2
2019,2,A,골목상권,2110342,국립재활원,60,43,17,0,8,14,14,16,8,0,2,12,12,11,6,0,6,2,2,5,2
2019,2,A,골목상권,2110341,북한산우이역 2번,490,407,83,0,15,22,71,252,130,0,4,10,45,229,119,0,11,12,26,23,11
2019,2,A,골목상권,2110340,인수중학교,161,103,58,0,20,58,43,20,20,0,5,44,33,10,11,0,15,14,10,10,9
2019,2,A,골목상권,2110339,국립4.19민주묘지,20,11,9,0,2,4,7,4,3,0,0,3,6,0,2,0,2,1,1,4,1
2019,2,A,골목상권,2110338,인수초등학교,188,137,51,0,30,66,40,42,10,0,17,47,31,34,8,0,13,19,9,8,2
2019,2,A,골목상권,2110337,아카데미하우스,711,420,291,3,80,82,103,183,260,3,57,68,58,105,129,0,23,14,45,78,131
2019,2,A,골목상권,2110336,석관고등학교,336,312,24,0,8,52,90,115,71,0,6,45,84,111,66,0,2,7,6,4,5
2019,2,A,골목상권,2110335,석계역 7번,231,124,107,0,26,42,69,53,41,0,8,22,35,28,31,0,18,20,34,25,10
2019,2,A,골목상권,2110334,석관중앙교회,124,75,49,0,12,33,30,29,20,0,6,15,19,20,15,0,6,18,11,9,5
2019,2,A,골목상권,2110333,돌곶이역 5번,1026,770,256,0,16,33,45,69,863,0,1,18,25,36,690,0,15,15,20,33,173
2019,2,A,골목상권,2110332,돌곶이역 3번,180,76,104,0,27,26,48,55,24,0,3,13,21,22,17,0,24,13,27,33,7
2019,2,A,골목상권,2110331,돌곶이역 8번,445,298,147,3,58,153,113,78,40,0,20,109,84,57,28,3,38,44,29,21,12
2019,2,A,골목상권,2110330,돌곶이역 1번,266,211,55,0,34,32,42,28,130,0,20,23,31,22,115,0,14,9,11,6,15
2019,2,A,골목상권,2110329,우리은행체육관,68,30,38,0,8,5,20,23,12,0,0,2,11,10,7,0,8,3,9,13,5
2019,2,A,골목상권,2110328,상월곡역 3번,554,345,209,1,66,174,166,88,59,1,38,112,102,52,40,0,28,62,64,36,19
2019,2,A,골목상권,2110327,상월곡역 2번,124,68,56,2,7,22,41,30,22,2,3,8,24,18,13,0,4,14,17,12,9
2019,2,A,골목상권,2110326,장위동성당,88,43,45,0,2,10,14,15,47,0,1,2,4,8,28,0,1,8,10,7,19
2019,2,A,골목상권,2110325,장곡초등학교,86,40,46,0,6,19,23,25,13,0,3,9,10,10,8,0,3,10,13,15,5
2019,2,A,골목상권,2110324,월곡역 4번,91,52,39,0,27,16,21,16,11,0,7,9,15,12,9,0,20,7,6,4,2
2019,2,A,골목상권,2110323,상월곡역 1번,128,40,88,1,28,28,32,27,12,0,4,9,13,9,5,1,24,19,19,18,7
2019,2,A,골목상권,2110322,장위1동주민센터,256,163,93,1,16,35,42,75,87,1,7,17,27,52,59,0,9,18,15,23,28
2019,2,A,골목상권,2110321,동덕여대,45,33,12,0,2,5,19,10,9,0,2,5,11,7,8,0,0,0,8,3,1
2019,2,A,골목상권,2110320,KB국민은행 종암동지점,70,47,23,0,2,8,26,20,14,0,2,4,15,13,13,0,0,4,11,7,1
2019,2,A,골목상권,2110319,종암동주민센터,296,114,182,2,41,53,70,70,60,1,7,19,27,33,27,1,34,34,43,37,33
2019,2,A,골목상권,2110318,KT월곡지사,136,68,68,1,10,13,49,41,22,0,4,7,24,17,16,1,6,6,25,24,6
2019,2,A,골목상권,2110317,종암중학교,418,215,203,0,33,118,152,93,22,0,13,46,76,68,12,0,20,72,76,25,10
2019,2,A,골목상권,2110316,숭곡초등학교,802,441,361,2,183,217,217,119,64,1,75,122,133,62,48,1,108,95,84,57,16
2019,2,A,골목상권,2110315,종암아이파크2차,195,114,81,0,23,30,45,52,45,0,12,18,26,29,29,0,11,12,19,23,16
2019,2,A,골목상권,2110314,종암경찰서,961,694,267,1,116,262,249,291,42,0,52,196,176,242,28,1,64,66,73,49,14
2019,2,A,골목상권,2110313,안암역 3번,2094,1344,750,3,207,551,679,479,175,1,90,310,447,350,146,2,117,241,232,129,29
2019,2,A,골목상권,2110312,안암역 2번,210,112,98,1,27,33,56,61,32,0,11,21,30,30,20,1,16,12,26,31,12
2019,2,A,골목상권,2110311,종암아이파크2차후문,35,24,11,0,2,1,16,6,10,0,2,1,9,3,9,0,0,0,7,3,1
2019,2,A,골목상권,2110310,길음역 10번,58,18,40,0,0,5,10,35,8,0,0,4,3,8,3,0,0,1,7,27,5
2019,2,A,골목상권,2110309,대광초등학교,414,290,124,2,44,80,97,115,76,1,23,52,64,91,59,1,21,28,33,24,17
2019,2,A,골목상권,2110308,길음역 8번,215,102,113,0,29,50,67,44,25,0,7,25,34,21,15,0,22,25,33,23,10
2019,2,A,골목상권,2110307,길음역 7번,257,108,149,1,59,58,71,43,25,1,10,28,29,22,18,0,49,30,42,21,7
2019,2,A,골목상권,2110306,미아초등학교,296,204,92,3,14,48,59,72,100,1,4,26,37,50,86,2,10,22,22,22,14
2019,2,A,골목상권,2110305,보문역 5번,533,373,160,3,41,62,110,140,177,2,13,43,73,100,142,1,28,19,37,40,35
2019,2,A,골목상권,2110304,보문역 4번,225,122,103,0,35,55,48,49,38,0,11,31,22,35,23,0,24,24,26,14,15
2019,2,A,골목상권,2110303,성신여대입구역 1번,331,149,182,2,146,78,48,31,26,0,36,41,25,27,20,2,110,37,23,4,6
2019,2,A,골목상권,2110302,보문역 8번,3888,3217,671,1,362,1456,725,859,485,1,245,1287,661,716,307,0,117,169,64,143,178
2019,2,A,골목상권,2110301,성신여대입구역 7번,349,148,201,0,23,46,86,106,88,0,7,22,34,50,35,0,16,24,52,56,53
2019,2,A,골목상권,2110300,삼선동주민센터,1207,872,335,3,83,209,372,407,133,1,34,139,281,326,91,2,49,70,91,81,42
2019,2,A,골목상권,2110299,정릉역 1번,263,132,131,1,48,67,72,49,26,1,21,28,34,29,19,0,27,39,38,20,7
2019,2,A,골목상권,2110298,솔숲어린이공원,67,22,45,0,17,10,18,16,6,0,1,4,5,7,5,0,16,6,13,9,1
2019,2,A,골목상권,2110297,경동고등학교,783,402,381,0,104,192,187,170,130,0,44,125,95,87,51,0,60,67,92,83,79
2019,2,A,골목상권,2110296,성신여대입구역 4번,95,43,52,0,11,22,29,14,19,0,4,13,11,10,5,0,7,9,18,4,14
2019,2,A,골목상권,2110295,정릉우체국,737,275,462,1,173,184,181,133,65,1,37,69,60,58,50,0,136,115,121,75,15
2019,2,A,골목상권,2110294,서경대학교,435,298,137,0,38,37,104,131,125,0,18,19,52,96,113,0,20,18,52,35,12
2019,2,A,골목상권,2110293,삼선중학교,1585,772,813,4,206,433,480,303,159,3,99,259,231,99,81,1,107,174,249,204,78
2019,2,A,골목상권,2110292,정릉역 2번,37,13,24,0,0,5,12,4,16,0,0,4,6,2,1,0,0,1,6,2,15
2019,2,A,골목상권,2110291,한성대입구역 3번,359,186,173,0,33,61,94,88,83,0,20,28,48,54,36,0,13,33,46,34,47
2019,2,A,골목상권,2110290,북한산보국문역 1번,99,83,16,0,3,12,29,36,19,0,3,10,25,29,16,0,0,2,4,7,3
2019,2,A,골목상권,2110289,북한산보국문역 2번,175,119,56,0,11,31,55,48,30,0,7,22,31,33,26,0,4,9,24,15,4
2019,2,A,골목상권,2110288,동구여중,287,170,117,1,36,65,74,69,42,0,17,28,47,45,33,1,19,37,27,24,9
2019,2,A,골목상권,2110287,정릉3동주민센터,117,77,40,0,11,28,27,28,23,0,5,20,23,17,12,0,6,8,4,11,11
2019,2,A,골목상권,2110286,한성대입구역 5번,806,436,370,16,284,181,158,110,57,7,138,94,88,75,34,9,146,87,70,35,23
2019,2,A,골목상권,2110285,홍대부중,613,460,153,7,99,169,191,98,49,7,68,139,154,65,27,0,31,30,37,33,22
2019,2,A,골목상권,2110284,정릉북한산국립공원입구,603,530,73,0,8,68,177,246,104,0,7,58,159,215,91,0,1,10,18,31,13
2019,2,A,골목상권,2110283,성북초등학교앞,243,112,131,0,19,42,68,95,19,0,6,17,35,41,13,0,13,25,33,54,6
2019,2,A,골목상권,2110282,국민대학교앞,1374,1142,232,5,182,416,349,252,170,4,128,373,305,225,107,1,54,43,44,27,63
2019,2,A,골목상권,2110281,길상사,13265,11795,1470,8,964,2779,4078,5143,293,0,733,2280,3650,4910,222,8,231,499,428,233,71
2019,2,A,골목상권,2110280,북정마을,83,42,41,1,5,14,28,23,12,0,1,4,14,15,8,1,4,10,14,8,4
2019,2,A,골목상권,2110279,신내역 2번,22,18,4,0,4,3,8,7,0,0,3,3,7,5,0,0,1,0,1,2,0
2019,2,A,골목상권,2110278,망우본동주민센터,401,228,173,1,44,60,98,116,82,0,20,37,53,70,48,1,24,23,45,46,34
2019,2,A,골목상권,2110277,러스크서울병원,293,159,134,0,16,63,84,82,48,0,4,34,51,40,30,0,12,29,33,42,18
2019,2,A,골목상권,2110276,신내IC북측,58,41,17,0,3,12,13,18,12,0,1,11,7,12,10,0,2,1,6,6,2
2019,2,A,골목상권,2110275,하나은행 망우동지점,64,31,33,0,6,15,13,15,15,0,2,5,4,9,11,0,4,10,9,6,4
2019,2,A,골목상권,2110274,서일대학교,329,177,152,0,44,46,94,77,68,0,11,23,57,48,38,0,33,23,37,29,30
2019,2,A,골목상권,2110273,장스여성병원,649,450,199,6,46,46,80,210,261,0,5,12,36,163,234,6,41,34,44,47,27
2019,2,A,골목상권,2110272,신내1동주민센터,550,364,186,1,50,82,108,179,130,0,19,45,70,119,111,1,31,37,38,60,19
2019,2,A,골목상권,2110271,신내역 1번,105,78,27,0,5,20,27,30,23,0,2,16,19,22,19,0,3,4,8,8,4
2019,2,A,골목상권,2110270,혜원여고,173,166,7,0,3,2,8,67,93,0,3,2,7,64,90,0,0,0,1,3,3
2019,2,A,골목상권,2110269,용마문화복지센터,177,108,69,0,18,54,58,36,11,0,13,33,33,24,5,0,5,21,25,12,6
2019,2,A,골목상권,2110268,망우3동주민센터,63,24,39,0,12,18,13,16,4,0,2,7,5,7,3,0,10,11,8,9,1
2019,2,A,골목상권,2110267,망우역 2번,174,54,120,1,32,33,51,37,20,1,4,11,18,12,8,0,28,22,33,25,12
2019,2,A,골목상권,2110266,면목동우체국,245,182,63,0,5,31,42,92,75,0,0,17,29,70,66,0,5,14,13,22,9
2019,2,A,골목상권,2110265,망우역 1번,181,80,101,1,29,33,46,53,19,0,10,15,16,28,11,1,19,18,30,25,8
2019,2,A,골목상권,2110264,면목역 2번,447,224,223,0,55,91,102,106,93,0,20,42,49,52,61,0,35,49,53,54,32
2019,2,A,골목상권,2110263,면목역 1번,135,73,62,0,10,25,35,24,41,0,4,8,13,14,34,0,6,17,22,10,7
2019,2,A,골목상권,2110262,상봉역 3번,1690,1052,638,1,213,470,532,288,186,0,116,357,310,120,149,1,97,113,222,168,37
2019,2,A,골목상권,2110261,사가정역 4번,171,103,68,0,20,31,42,50,28,0,13,20,25,27,18,0,7,11,17,23,10
2019,2,A,골목상권,2110260,면목역 3번,160,91,69,0,29,27,39,38,27,0,15,11,23,23,19,0,14,16,16,15,8
2019,2,A,골목상권,2110259,사가정역 1번,272,164,108,0,23,61,85,73,30,0,7,36,48,51,22,0,16,25,37,22,8
2019,2,A,골목상권,2110258,면동초등학교,285,109,176,0,31,50,81,79,44,0,3,22,30,37,17,0,28,28,51,42,27
2019,2,A,골목상권,2110257,상봉역 7번,409,312,97,0,19,22,57,130,181,0,6,11,40,102,153,0,13,11,17,28,28
2019,2,A,골목상권,2110256,면목2동체육관,592,384,208,1,53,78,114,188,158,1,16,37,63,139,128,0,37,41,51,49,30
2019,2,A,골목상권,2110255,상봉역 4번,413,242,171,0,57,82,99,111,64,0,29,40,59,65,49,0,28,42,40,46,15
2019,2,A,골목상권,2110254,오거리공원,254,104,150,0,16,66,89,45,38,0,10,19,44,19,12,0,6,47,45,26,26
2019,2,A,골목상권,2110253,중곡초등학교,166,88,78,0,28,28,43,38,29,0,6,13,22,24,23,0,22,15,21,14,6
2019,2,A,골목상권,2110252,장안제일시장,837,643,194,1,84,136,195,209,212,1,61,108,126,155,192,0,23,28,69,54,20
2019,2,A,골목상권,2110251,장안중학교,191,133,58,0,18,38,59,52,24,0,8,27,43,35,20,0,10,11,16,17,4
2019,2,A,골목상권,2110250,화랑대역 7번,176,95,81,0,10,27,38,58,43,0,8,16,18,28,25,0,2,11,20,30,18
2019,2,A,골목상권,2110249,중화역 1번,594,316,278,0,60,131,182,142,79,0,26,63,93,73,61,0,34,68,89,69,18
2019,2,A,골목상권,2110248,먹골파출소,86,44,42,1,11,26,23,14,11,0,4,14,10,5,11,1,7,12,13,9,0
2019,2,A,골목상권,2110247,먹골역 1번,486,310,176,3,81,116,122,100,64,2,43,87,74,53,51,1,38,29,48,47,13
2019,2,A,골목상권,2110246,월드순복음교회,388,274,114,0,23,81,134,99,51,0,11,54,101,66,42,0,12,27,33,33,9
2019,2,A,골목상권,2110245,KB국민은행 중화동지점,95,58,37,0,7,18,30,24,16,0,5,10,14,15,14,0,2,8,16,9,2
2019,2,A,골목상권,2110244,중화역 4번,289,206,83,0,11,36,66,59,117,0,8,18,41,41,98,0,3,18,25,18,19
2019,2,A,골목상권,2110243,중랑노인종합복지관,265,125,140,1,20,47,66,86,45,1,6,23,33,39,23,0,14,24,33,47,22
2019,2,A,골목상권,2110242,면목5동주민센터,256,174,82,0,47,53,64,51,41,0,27,42,35,37,33,0,20,11,29,14,8
2019,2,A,골목상권,2110241,먹골역 5번,470,238,232,0,75,112,98,131,54,0,22,63,48,68,37,0,53,49,50,63,17
2019,2,A,골목상권,2110240,태릉시장 특화거리,68,19,49,0,17,10,23,11,7,0,2,6,2,6,3,0,15,4,21,5,4
2019,2,A,골목상권,2110238,배꽃어린이공원,58,42,16,0,7,7,13,16,15,0,1,6,7,13,15,0,6,1,6,3,0
2019,2,A,골목상권,2110237,메가박스 상봉,328,180,148,0,37,65,116,68,42,0,18,35,52,45,30,0,19,30,64,23,12
2019,2,A,골목상권,2110236,신묵초등학교,1030,850,180,0,160,294,240,276,60,0,116,246,202,239,47,0,44,48,38,37,13
2019,2,A,골목상권,2110235,세화어린이공원,19,15,4,0,5,4,2,5,3,0,5,2,2,3,3,0,0,2,0,2,0
2019,2,A,골목상권,2110234,중랑역 4번,179,65,114,0,34,49,35,38,23,0,7,12,17,17,12,0,27,37,18,21,11
2019,2,A,골목상권,2110233,중랑역 1번,108,37,71,0,15,27,30,28,8,0,3,10,7,11,6,0,12,17,23,17,2
2019,2,A,골목상권,2110232,동대부고,680,488,192,0,59,110,129,198,184,0,24,72,88,148,156,0,35,38,41,50,28
2019,2,A,골목상권,2110231,장안교,9,8,1,0,0,0,4,3,2,0,0,0,4,2,2,0,0,0,0,1,0
2019,2,A,골목상권,2110230,장안현대홈타운1차아파트,364,199,165,0,18,44,89,137,76,0,8,33,55,60,43,0,10,11,34,77,33
2019,2,A,골목상권,2110229,장평중학교,986,696,290,0,108,123,194,280,281,0,44,70,123,200,259,0,64,53,71,80,22
2019,2,A,골목상권,2110228,장안근린공원,2072,1194,878,5,1380,355,119,123,90,3,761,250,71,63,46,2,619,105,48,60,44
2019,2,A,골목상권,2110227,답십리공원,249,91,158,0,24,37,81,85,22,0,13,18,31,19,10,0,11,19,50,66,12
2019,2,A,골목상권,2110226,장안1동주민센터,2133,1099,1034,5,164,301,375,562,726,4,87,169,236,266,337,1,77,132,139,296,389
2019,2,A,골목상권,2110225,촬영소사거리,358,217,141,3,28,46,64,85,132,3,14,29,41,55,75,0,14,17,23,30,57
2019,2,A,골목상권,2110224,외대앞역 2번,98,42,56,0,5,17,19,28,29,0,2,5,10,15,10,0,3,12,9,13,19
2019,2,A,골목상권,2110223,군자초등학교,97,62,35,0,12,20,28,23,14,0,4,13,21,14,10,0,8,7,7,9,4
2019,2,A,골목상권,2110222,회기역 2번,28,22,6,0,0,3,3,5,17,0,0,3,3,3,13,0,0,0,0,2,4
2019,2,A,골목상권,2110221,의릉,27,15,12,0,5,4,7,8,3,0,4,3,3,3,2,0,1,1,4,5,1
2019,2,A,골목상권,2110220,외대앞역 1번,153,69,84,0,32,31,34,36,20,0,8,14,16,19,12,0,24,17,18,17,8
2019,2,A,골목상권,2110219,삼육보건대학교,251,139,112,0,19,53,70,71,38,0,9,22,34,45,29,0,10,31,36,26,9
2019,2,A,골목상권,2110218,답십리사거리,164,84,80,0,11,28,42,56,27,0,4,12,23,28,17,0,7,16,19,28,10
2019,2,A,골목상권,2110217,자동차부품상가,499,381,118,0,38,105,139,120,97,0,29,88,104,82,78,0,9,17,35,38,19
2019,2,A,골목상권,2110216,전농중학교,198,68,130,1,20,51,61,49,16,1,6,15,20,18,8,0,14,36,41,31,8
2019,2,A,골목상권,2110215,회기역 1번,27,19,8,0,1,9,6,6,5,0,0,8,5,3,3,0,1,1,1,3,2
2019,2,A,골목상권,2110214,경희대후문,102,44,58,0,23,19,29,20,11,0,5,5,17,9,8,0,18,14,12,11,3
2019,2,A,골목상권,2110213,청량초등학교,85,67,18,0,11,40,10,11,13,0,7,35,9,6,10,0,4,5,1,5,3
2019,2,A,골목상권,2110212,답십리초등학교,226,154,72,0,22,35,52,78,39,0,13,23,34,52,32,0,9,12,18,26,7
2019,2,A,골목상권,2110211,전곡마을마당공원,717,503,214,0,70,116,194,216,121,0,51,81,145,155,71,0,19,35,49,61,50
2019,2,A,골목상권,2110210,서울시립대,415,313,102,1,13,31,53,52,265,1,8,23,27,34,220,0,5,8,26,18,45
2019,2,A,골목상권,2110209,답십리 장령당공원,75,50,25,0,5,9,26,13,22,0,2,6,16,11,15,0,3,3,10,2,7
2019,2,A,골목상권,2110208,시조사삼거리,83,63,20,0,1,18,10,19,35,0,1,9,4,14,35,0,0,9,6,5,0
2019,2,A,골목상권,2110207,시립대앞사거리,88,38,50,1,36,14,18,11,8,0,19,8,7,1,3,1,17,6,11,10,5
2019,2,A,골목상권,2110206,텃골근린공원,79,44,35,0,6,15,29,14,15,0,3,10,17,8,6,0,3,5,12,6,9
2019,2,A,골목상권,2110205,경희대삼거리,144,97,47,0,20,37,32,35,20,0,9,29,17,29,13,0,11,8,15,6,7
2019,2,A,골목상권,2110204,간데메공원,407,260,147,3,82,93,79,91,59,3,53,63,44,56,41,0,29,30,35,35,18
2019,2,A,골목상권,2110203,떡전교사거리,145,108,37,0,11,41,31,37,25,0,3,31,26,30,18,0,8,10,5,7,7
2019,2,A,골목상권,2110202,전농1동주민센터(전농시장),141,79,62,1,24,41,37,24,14,1,13,22,26,13,4,0,11,19,11,11,10
2019,2,A,골목상권,2110201,전농119안전센터,20,11,9,0,3,0,9,6,2,0,3,0,3,3,2,0,0,0,6,3,0
2019,2,A,골목상권,2110200,동대문경찰서,86,58,28,0,3,11,23,15,34,0,1,4,12,9,32,0,2,7,11,6,2
2019,2,A,골목상권,2110199,홍릉시장,57,35,22,0,3,13,18,15,8,0,2,7,11,10,5,0,1,6,7,5,3
2019,2,A,골목상권,2110198,동대문중앙새마을금고본점,69,26,43,0,1,1,17,38,12,0,0,0,8,10,8,0,1,1,9,28,4
2019,2,A,골목상권,2110197,세종대왕기념관교차로,74,55,19,0,10,22,27,13,2,0,7,18,19,10,1,0,3,4,8,3,1
2019,2,A,골목상권,2110196,홍릉근린공원,18,2,16,0,0,2,3,5,8,0,0,1,1,0,0,0,0,1,2,5,8
2019,2,A,골목상권,2110195,동대문구청,147,80,67,0,6,29,42,37,33,0,3,15,17,23,22,0,3,14,25,14,11
2019,2,A,골목상권,2110194,홍파초등학교,172,126,46,0,10,40,50,49,23,0,5,27,40,40,14,0,5,13,10,9,9
2019,2,A,골목상권,2110193,고려대역 4번,47,16,31,0,6,8,5,7,21,0,2,4,4,3,3,0,4,4,1,4,18
2019,2,A,골목상권,2110192,동의보감타워,103,67,36,0,10,21,29,22,21,0,3,12,20,15,17,0,7,9,9,7,4
2019,2,A,골목상권,2110191,고려대역 6번,69,54,15,0,2,13,22,18,14,0,2,10,15,15,12,0,0,3,7,3,2
2019,2,A,골목상권,2110190,고대앞사거리,191,82,109,0,31,43,44,41,32,0,4,19,28,16,15,0,27,24,16,25,17
2019,2,A,골목상권,2110189,제기동역 1번,2629,1325,1304,2,940,825,453,228,181,0,220,486,309,165,145,2,720,339,144,63,36
2019,2,A,골목상권,2110188,용두동신동아아파트,930,592,338,1,115,265,261,182,106,0,51,135,196,127,83,1,64,130,65,55,23
2019,2,A,골목상권,2110187,제기동역 6번,3553,2446,1107,12,628,1053,870,590,400,5,385,733,605,419,299,7,243,320,265,171,101
2019,2,A,골목상권,2110186,종암초등학교,96,70,26,0,9,20,21,28,18,0,5,14,17,20,14,0,4,6,4,8,4
2019,2,A,골목상권,2110185,용두초등학교,115,61,54,1,13,24,33,29,15,0,4,12,17,18,10,1,9,12,16,11,5
2019,2,A,골목상권,2110184,용두사거리,449,292,157,0,78,130,72,88,81,0,44,78,48,58,64,0,34,52,24,30,17
2019,2,A,골목상권,2110183,한국의류시험연구원,722,372,350,4,209,249,145,73,42,3,79,120,74,62,34,1,130,129,71,11,8
2019,2,A,골목상권,2110182,용두희망어린이공원,395,252,143,0,32,75,120,94,74,0,15,44,72,65,56,0,17,31,48,29,18
2019,2,A,골목상권,2110181,신설동역 9번,1060,702,358,2,159,262,192,243,202,2,69,156,126,182,167,0,90,106,66,61,35
2019,2,A,골목상권,2110180,광진정보도서관,2420,1702,718,12,316,572,655,555,310,9,179,405,453,396,260,3,137,167,202,159,50
2019,2,A,골목상권,2110179,광나루역 1번,230,156,74,2,30,50,80,46,22,2,18,31,61,25,19,0,12,19,19,21,3
2019,2,A,골목상권,2110178,장로회신학대학교,211,127,84,0,29,46,48,55,33,0,14,35,25,34,19,0,15,11,23,21,14
2019,2,A,골목상권,2110177,동의초등학교,166,110,56,0,19,36,39,39,33,0,6,18,23,33,30,0,13,18,16,6,3
2019,2,A,골목상권,2110176,해오름공원,458,265,193,0,45,103,142,109,59,0,22,67,81,54,41,0,23,36,61,55,18
2019,2,A,골목상권,2110175,푸른동산공원,475,299,176,1,49,104,142,125,54,0,27,70,85,73,44,1,22,34,57,52,10
2019,2,A,골목상권,2110174,아차산역 1번,495,323,172,1,50,92,142,112,98,1,23,65,77,70,87,0,27,27,65,42,11
2019,2,A,골목상권,2110173,구남초등학교,245,119,126,1,25,57,55,60,47,0,13,34,27,23,22,1,12,23,28,37,25
2019,2,A,골목상권,2110172,광진초등학교,374,233,141,0,47,82,85,100,60,0,18,54,47,67,47,0,29,28,38,33,13
2019,2,A,골목상권,2110171,중곡4동주민센터,97,64,33,0,8,15,24,28,22,0,2,10,14,19,19,0,6,5,10,9,3
2019,2,A,골목상권,2110170,동대부여고,276,171,105,2,44,68,68,64,30,1,27,45,42,36,20,1,17,23,26,28,10
2019,2,A,골목상권,2110169,성동초등학교,267,141,126,1,35,43,73,70,45,0,12,22,36,38,33,1,23,21,37,32,12
2019,2,A,골목상권,2110168,대원고등학교,558,397,161,0,60,100,127,174,97,0,35,68,88,121,85,0,25,32,39,53,12
2019,2,A,골목상권,2110167,용마초등학교,463,265,198,0,30,77,107,133,116,0,13,38,51,81,82,0,17,39,56,52,34
2019,2,A,골목상권,2110166,구의1동주민센터,554,266,288,2,79,138,152,119,64,2,21,65,80,54,44,0,58,73,72,65,20
2019,2,A,골목상권,2110165,국립정신건강센터,254,172,82,0,20,44,69,64,57,0,7,25,47,48,45,0,13,19,22,16,12
2019,2,A,골목상권,2110164,아차산역 5번,791,537,254,3,106,146,161,177,198,1,55,100,110,117,154,2,51,46,51,60,44
2019,2,A,골목상권,2110163,성자초등학교,393,186,207,0,56,107,81,95,54,0,18,51,39,44,34,0,38,56,42,51,20
2019,2,A,골목상권,2110162,군자역 4번,609,334,275,0,100,162,125,120,102,0,74,119,70,37,34,0,26,43,55,83,68
2019,2,A,골목상권,2110161,중곡역 3번,319,177,142,2,29,65,74,73,76,0,5,28,47,47,50,2,24,37,27,26,26
2019,2,A,골목상권,2110160,광진경찰서,805,670,135,1,104,320,176,173,31,1,77,266,147,161,18,0,27,54,29,12,13
2019,2,A,골목상권,2110159,구의역 4번,762,422,340,5,152,125,157,155,168,1,75,71,83,83,109,4,77,54,74,72,59
2019,2,A,골목상권,2110158,중곡3동주민센터,720,510,210,1,93,206,193,150,77,0,46,163,129,112,60,1,47,43,64,38,17
2019,2,A,골목상권,2110157,자양동우체국,1161,953,208,5,353,304,264,145,90,3,303,257,192,116,82,2,50,47,72,29,8
2019,2,A,골목상권,2110156,군자역 5번,854,563,291,0,74,166,218,175,221,0,31,101,151,116,164,0,43,65,67,59,57
2019,2,A,골목상권,2110155,광진구청,7922,7215,707,0,214,778,2231,3843,856,0,143,694,2076,3527,775,0,71,84,155,316,81
2019,2,A,골목상권,2110154,광진정말공원,401,194,207,1,53,73,109,120,45,0,25,45,49,42,33,1,28,28,60,78,12
2019,2,A,골목상권,2110153,중곡1동주민센터,234,81,153,0,41,55,64,53,21,0,11,23,21,16,10,0,30,32,43,37,11
2019,2,A,골목상권,2110152,중곡어린이공원,324,289,35,0,12,26,56,115,115,0,10,17,49,104,109,0,2,9,7,11,6
2019,2,A,골목상권,2110151,자양한강도서관,274,193,81,5,32,53,70,66,48,3,24,38,52,42,34,2,8,15,18,24,14
2019,2,A,골목상권,2110150,중곡1동 마을마당,1324,813,511,4,186,345,297,255,237,4,81,191,195,164,178,0,105,154,102,91,59
2019,2,A,골목상권,2110149,세종대학교,132,72,60,0,18,25,40,29,20,0,8,15,22,12,15,0,10,10,18,17,5
2019,2,A,골목상권,2110148,어린이대공원역 3번,18,13,5,0,3,2,6,5,2,0,1,2,4,4,2,0,2,0,2,1,0
2019,2,A,골목상권,2110147,능동우편취급국,833,430,403,3,122,198,151,134,225,2,37,100,86,62,143,1,85,98,65,72,82
2019,2,A,골목상권,2110146,신자초등학교,464,247,217,0,53,74,120,136,81,0,27,38,67,65,50,0,26,36,53,71,31
2019,2,A,골목상권,2110145,장안초등학교,9,5,4,0,2,1,2,3,1,0,1,0,1,3,0,0,1,1,1,0,1
2019,2,A,골목상권,2110144,어린이대공원역 4번,51,25,26,0,2,7,18,16,8,0,0,2,9,9,5,0,2,5,9,7,3
2019,2,A,골목상권,2110143,뚝섬유원지역 1번,79,38,41,1,9,24,16,16,13,1,2,12,9,4,10,0,7,12,7,12,3
2019,2,A,골목상권,2110142,화양사거리,217,107,110,1,34,51,54,50,27,1,14,26,29,19,18,0,20,25,25,31,9
2019,2,A,골목상권,2110141,건대입구역 1번,246,150,96,1,23,56,71,57,38,1,12,34,51,33,19,0,11,22,20,24,19
2019,2,A,골목상권,2110140,건대입구역 6번,652,404,248,4,110,109,148,171,110,3,58,57,86,117,83,1,52,52,62,54,27
2019,2,A,골목상권,2110139,자양4동주민센터,188,115,73,0,13,28,47,47,53,0,3,16,25,28,43,0,10,12,22,19,10
2019,2,A,골목상권,2110138,송정체육공원,362,217,145,0,66,110,104,66,16,0,31,84,61,30,11,0,35,26,43,36,5
2019,2,A,골목상권,2110137,성수초등학교,7227,4906,2321,42,1105,2091,2028,1276,685,27,606,1395,1440,887,551,15,499,696,588,389,134
2019,2,A,골목상권,2110136,경수초등학교,3967,2644,1323,34,521,886,966,963,597,25,301,601,653,649,415,9,220,285,313,314,182
2019,2,A,골목상권,2110135,성동세무서,374,208,166,0,39,76,113,73,73,0,9,39,56,41,63,0,30,37,57,32,10
2019,2,A,골목상권,2110134,성수119안전센터,824,627,197,2,60,129,203,271,159,2,37,93,154,219,122,0,23,36,49,52,37
2019,2,A,골목상권,2110133,서울교통공사,148,113,35,0,17,37,39,30,25,0,12,29,32,22,18,0,5,8,7,8,7
2019,2,A,골목상권,2110132,성수2가3동주민센터,796,517,279,0,91,186,215,217,87,0,59,127,142,123,66,0,32,59,73,94,21
2019,2,A,골목상권,2110131,성수동카페거리,4770,3138,1632,13,809,1531,1187,718,512,9,447,987,825,519,351,4,362,544,362,199,161
2019,2,A,골목상권,2110130,답십리역 6번,96,80,16,0,19,21,30,16,10,0,16,19,26,11,8,0,3,2,4,5,2
2019,2,A,골목상권,2110129,성원어린이공원,671,406,265,1,88,127,128,179,148,0,42,78,78,100,108,1,46,49,50,79,40
2019,2,A,골목상권,2110128,성원중학교,1099,701,398,3,116,211,296,317,156,1,68,123,175,211,123,2,48,88,121,106,33
2019,2,A,골목상권,2110127,성수1가1동주민센터,316,177,139,0,36,69,60,92,59,0,15,50,31,46,35,0,21,19,29,46,24
2019,2,A,골목상권,2110126,서울숲역 1번,40,30,10,0,4,8,7,15,6,0,3,6,6,9,6,0,1,2,1,6,0
2019,2,A,골목상권,2110125,사근동살곶이상점가,168,97,71,0,33,55,39,27,14,0,14,27,29,15,12,0,19,28,10,12,2
2019,2,A,골목상권,2110124,뚝섬역교차로,854,640,214,1,69,112,185,229,258,0,36,74,117,187,226,1,33,38,68,42,32
2019,2,A,골목상권,2110123,마장역 3번,511,389,122,0,46,64,97,170,134,0,26,39,66,138,120,0,20,25,31,32,14
2019,2,A,골목상권,2110122,마장역 2번,489,288,201,0,51,91,123,128,96,0,28,62,69,71,58,0,23,29,54,57,38
2019,2,A,골목상권,2110121,한양대역 4번,58,37,21,0,3,14,15,11,15,0,2,10,8,5,12,0,1,4,7,6,3
2019,2,A,골목상권,2110120,서울숲카페거리,61,46,15,0,5,10,28,15,3,0,3,9,22,9,3,0,2,1,6,6,0
2019,2,A,골목상권,2110119,마장지하차도,144,94,50,0,20,29,42,28,25,0,11,24,23,18,18,0,9,5,19,10,7
2019,2,A,골목상권,2110118,왕십리역 9번,7553,2324,5229,10,596,1176,2256,3202,313,8,408,862,720,218,108,2,188,314,1536,2984,205
2019,2,A,골목상권,2110117,성동구보건소,106,79,27,0,14,30,15,32,15,0,12,23,10,22,12,0,2,7,5,10,3
2019,2,A,골목상권,2110116,청계천박물관,892,566,326,1,124,188,177,186,216,0,70,105,120,120,151,1,54,83,57,66,65
2019,2,A,골목상권,2110115,상왕십리역 3번,974,404,570,4,374,227,149,135,85,0,89,100,97,78,40,4,285,127,52,57,45
2019,2,A,골목상권,2110114,왕십리파출소,134,41,93,0,15,33,21,36,29,0,3,7,10,16,5,0,12,26,11,20,24
2019,2,A,골목상권,2110113,응봉산,88,45,43,0,15,12,19,21,21,0,5,7,9,7,17,0,10,5,10,14,4
2019,2,A,골목상권,2110112,행당역 2번,171,84,87,0,26,31,35,44,35,0,10,17,14,23,20,0,16,14,21,21,15
2019,2,A,골목상권,2110111,대현산장미원,59,50,9,0,0,9,11,18,21,0,0,7,10,14,19,0,0,2,1,4,2
2019,2,A,골목상권,2110110,상왕십리역 6번,109,65,44,0,14,31,27,21,16,0,6,18,15,13,13,0,8,13,12,8,3
2019,2,A,골목상권,2110109,금호삼성래미안아파트,106,39,67,0,11,14,21,41,19,0,1,7,5,14,12,0,10,7,16,27,7
2019,2,A,골목상권,2110108,성동구립금호도서관,6,1,5,0,2,1,2,1,0,0,0,0,0,1,0,0,2,1,2,0,0
2019,2,A,골목상권,2110107,금호사거리,45,34,11,0,2,4,7,16,16,0,2,2,5,11,14,0,0,2,2,5,2
2019,2,A,골목상권,2110105,금동어린이공원,87,31,56,0,5,24,22,20,16,0,0,5,6,9,11,0,5,19,16,11,5
2019,2,A,골목상권,2110104,신금호역 4번,286,199,87,0,32,49,50,67,88,0,14,27,37,47,74,0,18,22,13,20,14
2019,2,A,골목상권,2110103,옥수터널,19,15,4,0,3,4,4,6,2,0,2,3,3,5,2,0,1,1,1,1,0
2019,2,A,골목상권,2110102,옥수역 6번,2976,1078,1898,1,787,1039,683,340,126,1,163,324,314,181,95,0,624,715,369,159,31
2019,2,A,골목상권,2110101,옥정중학교,276,142,134,0,68,66,79,43,20,0,28,40,48,13,13,0,40,26,31,30,7
2019,2,A,골목상권,2110100,옥수동우편취급국,76,41,35,0,10,35,21,6,4,0,1,20,11,5,4,0,9,15,10,1,0
2019,2,A,골목상권,2110099,유엔빌리지길,13382,10858,2524,57,1920,2915,3461,4570,459,24,1020,2137,3003,4281,393,33,900,778,458,289,66
2019,2,A,골목상권,2110098,서울독일학교,319,131,188,3,96,127,67,19,7,1,24,47,40,16,3,2,72,80,27,3,4
2019,2,A,골목상권,2110097,한남초등학교,3178,1921,1257,3,598,1700,785,67,25,2,260,994,601,46,18,1,338,706,184,21,7
2019,2,A,골목상권,2110096,한남힐사이드아파트,4238,2663,1575,8,1054,1203,907,911,155,4,430,725,614,764,126,4,624,478,293,147,29
2019,2,A,골목상권,2110095,한강진역 3번,1239,826,413,11,173,345,330,312,68,5,62,236,239,237,47,6,111,109,91,75,21
2019,2,A,골목상권,2110094,오산중학교,24,11,13,0,0,1,4,11,8,0,0,0,2,5,4,0,0,1,2,6,4
2019,2,A,골목상권,2110093,우사단길,3291,1859,1432,4,380,1406,1045,370,86,1,106,649,701,330,72,3,274,757,344,40,14
2019,2,A,골목상권,2110092,NH농협은행 보광동지점,621,388,233,1,82,79,139,208,112,0,12,50,98,149,79,1,70,29,41,59,33
2019,2,A,골목상권,2110091,리움미술관,971,717,254,1,175,293,302,143,57,0,94,207,253,118,45,1,81,86,49,25,12
2019,2,A,골목상권,2110090,한국폴리텍대학서울정수캠퍼스,3190,1844,1346,2,384,1020,1346,405,33,1,140,314,986,376,27,1,244,706,360,29,6
2019,2,A,골목상권,2110089,서빙고동주민센터,715,478,237,0,67,216,217,116,99,0,22,117,157,94,88,0,45,99,60,22,11
2019,2,A,골목상권,2110088,오산고등학교,1918,1286,632,8,461,634,532,208,75,5,271,435,369,153,53,3,190,199,163,55,22
2019,2,A,골목상권,2110087,이태원엔틱가구거리,198,141,57,0,46,62,41,33,16,0,36,48,28,19,10,0,10,14,13,14,6
2019,2,A,골목상권,2110086,이태원역 북측,9856,3997,5859,3,3120,4122,1857,501,253,1,703,1662,1052,411,168,2,2417,2460,805,90,85
2019,2,A,골목상권,2110085,경리단길남측,871,456,415,1,135,233,249,165,88,0,54,107,151,83,61,1,81,126,98,82,27
2019,2,A,골목상권,2110084,경리단길북측,2024,864,1160,3,353,860,538,204,66,0,165,415,179,60,45,3,188,445,359,144,21
2019,2,A,골목상권,2110083,서빙고역 1번,164,122,42,0,20,58,55,18,13,0,11,43,41,15,12,0,9,15,14,3,1
2019,2,A,골목상권,2110082,용산구청,345,231,114,1,39,56,75,93,81,1,18,36,50,65,61,0,21,20,25,28,20
2019,2,A,골목상권,2110081,해방촌 남동측,293,175,118,0,45,77,57,56,58,0,17,41,32,37,48,0,28,36,25,19,10
2019,2,A,골목상권,2110080,해방촌예술마을,313,180,133,0,46,79,92,61,35,0,21,46,53,35,25,0,25,33,39,26,10
2019,2,A,골목상권,2110079,후암동주민센터,1092,562,530,5,227,290,251,183,136,4,69,159,146,93,91,1,158,131,105,90,45
2019,2,A,골목상권,2110078,이촌동점보아파트,61,27,34,0,8,13,15,12,13,0,1,7,9,5,5,0,7,6,6,7,8
2019,2,A,골목상권,2110077,삼광초등학교,63,27,36,0,10,11,15,15,12,0,2,5,3,9,8,0,8,6,12,6,4
2019,2,A,골목상권,2110076,삼각지역 14번,39,21,18,0,0,3,8,17,11,0,0,2,4,9,6,0,0,1,4,8,5
2019,2,A,골목상권,2110075,숙대입구역 1번,1549,946,603,12,315,538,364,227,93,2,125,300,272,172,75,10,190,238,92,55,18
2019,2,A,골목상권,2110074,서울역 12번,8572,1946,6626,55,6296,1433,387,219,182,5,663,705,276,160,137,50,5633,728,111,59,45
2019,2,A,골목상권,2110073,삼각지역 3번,7476,2037,5439,20,2380,2764,1788,424,100,7,809,835,316,44,26,13,1571,1929,1472,380,74
2019,2,A,골목상권,2110072,열정도,378,254,124,4,102,110,80,47,35,0,51,79,62,34,28,4,51,31,18,13,7
2019,2,A,골목상권,2110071,한강미주맨션아파트,247,173,74,1,31,58,48,55,54,0,17,43,32,41,40,1,14,15,16,14,14
2019,2,A,골목상권,2110070,용산세무서,203,155,48,0,23,47,43,32,58,0,8,36,31,26,54,0,15,11,12,6,4
2019,2,A,골목상권,2110069,숙대입구,942,354,588,0,193,367,201,98,83,0,35,123,99,43,54,0,158,244,102,55,29
2019,2,A,골목상권,2110068,남영역 1번,1280,762,518,6,193,300,310,266,205,5,86,171,194,175,131,1,107,129,116,91,74
2019,2,A,골목상권,2110067,배문고등학교,1028,725,303,0,104,165,236,256,267,0,49,98,177,191,210,0,55,67,59,65,57
2019,2,A,골목상권,2110066,서울역 15번,714,452,262,11,147,204,148,127,77,7,74,129,101,74,67,4,73,75,47,53,10
2019,2,A,골목상권,2110065,남정초등학교,305,212,93,4,73,72,80,44,32,2,57,57,56,24,16,2,16,15,24,20,16
2019,2,A,골목상권,2110064,효창공원앞역 2번,903,491,412,3,117,257,240,162,124,2,40,152,146,80,71,1,77,105,94,82,53
2019,2,A,골목상권,2110063,효창공원앞역 5번,600,395,205,7,54,130,161,149,99,5,31,85,108,100,66,2,23,45,53,49,33
2019,2,A,골목상권,2110062,한강로동땡땡거리(은행나무길),5689,3552,2137,8,616,1634,1618,1277,536,6,254,841,1094,974,383,2,362,793,524,303,153
2019,2,A,골목상권,2110061,효창동주민센터,532,341,191,1,60,122,157,121,71,1,36,77,108,74,45,0,24,45,49,47,26
2019,2,A,골목상권,2110060,효창공원앞역 6번,341,211,130,0,44,79,101,75,42,0,20,48,66,49,28,0,24,31,35,26,14
2019,2,A,골목상권,2110059,새남터성지,376,305,71,0,35,74,110,138,19,0,22,44,97,127,15,0,13,30,13,11,4
2019,2,A,골목상권,2110058,성심여자고등학교,751,486,265,2,81,161,217,180,110,1,34,101,140,125,85,1,47,60,77,55,25
2019,2,A,골목상권,2110057,황학코아루아파트,82,44,38,0,9,14,22,11,26,0,3,6,16,9,10,0,6,8,6,2,16
2019,2,A,골목상권,2110056,신당역 3번,618,278,340,0,74,159,123,164,98,0,26,73,69,71,39,0,48,86,54,93,59
2019,2,A,골목상권,2110055,황학동벼룩시장,38,27,11,0,4,5,8,12,9,0,3,3,7,8,6,0,1,2,1,4,3
2019,2,A,골목상권,2110054,청구역 3번,1524,823,701,1,286,389,337,337,174,0,91,206,230,214,82,1,195,183,107,123,92
2019,2,A,골목상권,2110053,청구역 1번,340,188,152,0,71,79,77,66,47,0,30,45,44,36,33,0,41,34,33,30,14
2019,2,A,골목상권,2110052,장충초등학교,457,282,175,0,47,111,132,104,63,0,18,71,81,70,42,0,29,40,51,34,21
2019,2,A,골목상권,2110051,한양공고앞 교차로,128,95,33,0,17,21,41,32,17,0,14,15,29,24,13,0,3,6,12,8,4
2019,2,A,골목상권,2110050,약수역 7번,337,248,89,0,40,84,86,82,45,0,18,55,70,68,37,0,22,29,16,14,8
2019,2,A,골목상권,2110049,장충단 고개,2557,969,1588,5,769,706,443,392,242,2,160,264,194,185,164,3,609,442,249,207,78
2019,2,A,골목상권,2110048,장충동주민센터,5373,2666,2707,7,868,1277,1484,1420,317,3,360,723,703,697,180,4,508,554,781,723,137
2019,2,A,골목상권,2110047,다산성곽길,248,133,115,0,52,60,63,50,23,0,28,42,36,14,13,0,24,18,27,36,10
2019,2,A,골목상권,2110046,버티고개,125,96,29,0,6,29,48,30,12,0,5,22,37,23,9,0,1,7,11,7,3
2019,2,A,골목상권,2110045,동대문역사문화공원역 5번,232,171,61,0,21,48,62,59,42,0,12,33,40,50,36,0,9,15,22,9,6
2019,2,A,골목상권,2110044,관성묘,672,514,158,0,95,234,236,83,24,0,34,170,214,76,20,0,61,64,22,7,4
2019,2,A,골목상권,2110043,충무초등학교,1274,612,662,10,236,364,361,214,89,6,93,163,150,136,64,4,143,201,211,78,25
2019,2,A,골목상권,2110042,남산골공원옆,1177,744,433,4,161,261,327,293,131,1,67,163,222,203,88,3,94,98,105,90,43
2019,2,A,골목상권,2110041,남산케이블카,919,556,363,7,185,229,183,149,166,3,84,131,107,92,139,4,101,98,76,57,27
2019,2,A,골목상권,2110040,중구회현체육센터(정화예술대남산캠퍼스),198,116,82,0,32,47,47,42,30,0,17,29,25,22,23,0,15,18,22,20,7
2019,2,A,골목상권,2110039,회현역 1번,49,27,22,0,5,8,8,15,13,0,1,5,7,10,4,0,4,3,1,5,9
2019,2,A,골목상권,2110038,경향신문사,2486,1524,962,3,402,777,742,489,73,0,143,431,493,392,65,3,259,346,249,97,8
2019,2,A,골목상권,2110037,신설동역 12번,272,135,137,0,34,75,52,69,42,0,3,30,34,40,28,0,31,45,18,29,14
2019,2,A,골목상권,2110036,동묘앞역 3번,95,69,26,0,4,14,27,24,26,0,2,10,14,21,22,0,2,4,13,3,4
2019,2,A,골목상권,2110035,동묘앞역 2번,272,166,106,0,25,37,71,91,48,0,11,16,43,68,28,0,14,21,28,23,20
2019,2,A,골목상권,2110034,창신1동주민센터,35,29,6,0,1,2,12,13,7,0,1,1,7,13,7,0,0,1,5,0,0
2019,2,A,골목상권,2110033,창신역 4번,166,91,75,0,24,38,35,44,25,0,3,20,18,29,21,0,21,18,17,15,4
2019,2,A,골목상권,2110032,수족관거리,43,22,21,0,5,8,5,16,9,0,2,3,3,8,6,0,3,5,2,8,3
2019,2,A,골목상권,2110031,창신역 1번,45,31,14,0,7,14,8,9,7,0,4,8,5,7,7,0,3,6,3,2,0
2019,2,A,골목상권,2110030,동대문역 3번,35,14,21,0,3,8,11,9,4,0,0,4,5,3,2,0,3,4,6,6,2
2019,2,A,골목상권,2110029,동대문역 1번,267,73,194,0,13,32,57,85,80,0,2,8,27,20,16,0,11,24,30,65,64
2019,2,A,골목상권,2110028,이화달팽이길,697,292,405,1,157,177,140,133,89,1,52,65,58,71,45,0,105,112,82,62,44
2019,2,A,골목상권,2110027,혜화역 1번,871,471,400,0,119,243,189,115,205,0,41,127,89,57,157,0,78,116,100,58,48
2019,2,A,골목상권,2110026,종로5가역 4번,266,174,92,0,31,58,80,54,43,0,16,40,51,34,33,0,15,18,29,20,10
2019,2,A,골목상권,2110025,충신시장옆,313,199,114,2,48,92,81,56,34,0,27,59,52,34,27,2,21,33,29,22,7
2019,2,A,골목상권,2110024,혜회동주민센터,282,155,127,0,37,69,61,60,55,0,6,31,36,39,43,0,31,38,25,21,12
2019,2,A,골목상권,2110023,서울대병원,138,42,96,0,19,31,37,24,27,0,3,15,10,6,8,0,16,16,27,18,19
2019,2,A,골목상권,2110022,경신고등학교,553,417,136,10,132,175,126,67,43,9,96,131,101,47,33,1,36,44,25,20,10
2019,2,A,골목상권,2110021,성균관대학교,414,309,105,2,16,51,117,147,81,2,9,31,89,127,51,0,7,20,28,20,30
2019,2,A,골목상권,2110020,서울국제고등학교,642,338,304,1,133,297,123,56,32,1,38,154,85,36,24,0,95,143,38,20,8
2019,2,A,골목상권,2110019,창덕궁,365,235,130,0,50,111,90,77,37,0,23,73,58,52,29,0,27,38,32,25,8
2019,2,A,골목상권,2110018,중앙고등학교,841,340,501,0,208,256,164,128,85,0,60,101,76,54,49,0,148,155,88,74,36
2019,2,A,골목상권,2110017,정독도서관,523,286,237,1,88,213,137,51,33,1,27,114,85,34,25,0,61,99,52,17,8
2019,2,A,골목상권,2110016,평창동동측,3569,2193,1376,1,413,1071,1249,617,218,0,205,595,821,399,173,1,208,476,428,218,45
2019,2,A,골목상권,2110015,청와대사랑채,462,278,184,0,50,97,129,107,79,0,13,40,81,76,68,0,37,57,48,31,11
2019,2,A,골목상권,2110014,경복고등학교,287,123,164,1,47,85,78,47,29,0,12,29,41,22,19,1,35,56,37,25,10
2019,2,A,골목상권,2110013,체부동홍종문가옥,89,60,29,0,2,18,22,18,29,0,1,10,15,12,22,0,1,8,7,6,7
2019,2,A,골목상권,2110012,성곡미술관,1370,719,651,0,243,480,353,186,108,0,68,228,220,128,75,0,175,252,133,58,33
2019,2,A,골목상권,2110011,청운초등학교,312,222,90,0,33,123,88,49,19,0,29,111,50,19,13,0,4,12,38,30,6
2019,2,A,골목상권,2110010,평창동서측,6330,3403,2927,8,546,1698,2451,1338,289,0,233,662,1323,1000,185,8,313,1036,1128,338,104
2019,2,A,골목상권,2110009,자하문터널,856,420,436,0,149,296,226,127,58,0,58,146,113,63,40,0,91,150,113,64,18
2019,2,A,골목상권,2110008,배화여자대학교(박노수미술관),377,203,174,0,34,85,95,100,63,0,13,34,58,57,41,0,21,51,37,43,22
2019,2,A,골목상권,2110007,사직공원(한국사회과학도서관),276,179,97,2,59,85,67,39,24,2,30,61,48,24,14,0,29,24,19,15,10
2019,2,A,골목상권,2110006,부암동주민센터,26,13,13,0,4,7,4,6,5,0,2,4,1,3,3,0,2,3,3,3,2
2019,2,A,골목상권,2110005,세검정,985,486,499,2,111,299,286,185,102,0,35,129,157,109,56,2,76,170,129,76,46
2019,2,A,골목상권,2110004,대신고등학교,24,10,14,0,3,2,5,10,4,0,1,0,3,3,3,0,2,2,2,7,1
2019,2,A,골목상권,2110003,세검정초등학교,683,445,238,4,78,143,199,172,87,4,42,75,136,122,66,0,36,68,63,50,21
2019,2,A,골목상권,2110002,독립문역 1번,453,118,335,0,126,141,113,46,27,0,22,26,42,13,15,0,104,115,71,33,12
2019,2,A,골목상권,2110001,이북5도청사,1130,683,447,1,132,315,252,284,146,0,44,181,180,191,87,1,88,134,72,93,59
2019,1,U,관광특구,1001496,강남 마이스 관광특구,26319,15076,11243,118,7288,8801,6589,2815,708,41,2562,4762,4899,2326,486,77,4726,4039,1690,489,222
2019,1,U,관광특구,1001495,잠실 관광특구,23104,13243,9861,217,5227,5706,4787,4449,2718,96,2440,3319,2884,2803,1701,121,2787,2387,1903,1646,1017
2019,1,U,관광특구,1001494,종로?청계 관광특구,38037,24023,14014,113,5490,10230,10447,8748,3009,39,2569,6399,6953,6130,1933,74,2921,3831,3494,2618,1076
2019,1,U,관광특구,1001493,동대문패션타운 관광특구,20637,11058,9579,48,4320,7018,4747,2960,1544,18,1990,3723,2803,1647,877,30,2330,3295,1944,1313,667
2019,1,U,관광특구,1001492,명동 남대문 북창동 다동 무교동 관광특구,174313,82227,92086,916,43472,57809,42869,23136,6111,265,13774,25049,23672,15400,4067,651,29698,32760,19197,7736,2044
2019,1,U,관광특구,1001491,이태원 관광특구,8383,4582,3801,39,1986,2861,1695,1150,652,18,961,1544,988,726,345,21,1025,1317,707,424,307
2019,1,R,전통시장,2130326,고덕 골목형상점가,153,96,57,0,8,20,52,51,22,0,4,13,28,37,14,0,4,7,24,14,8
2019,1,R,전통시장,2130325,명일전통시장,418,205,213,0,23,25,32,91,247,0,15,16,17,29,128,0,8,9,15,62,119
2019,1,R,전통시장,2130324,길동복조리시장,167,75,92,0,16,30,44,56,21,0,6,12,21,28,8,0,10,18,23,28,13
2019,1,R,전통시장,2130323,둔촌역전통시장,432,232,200,0,17,35,74,104,202,0,10,21,44,45,112,0,7,14,30,59,90
2019,1,R,전통시장,2130322,고분다리전통시장,67,32,35,0,8,12,24,19,4,0,3,6,13,8,2,0,5,6,11,11,2
2019,1,R,전통시장,2130321,장신구 특화거리 상점가,659,388,271,1,94,170,175,161,58,0,41,102,107,94,44,1,53,68,68,67,14
2019,1,R,전통시장,2130320,암사종합시장,572,229,343,1,49,74,147,180,121,1,31,46,53,43,55,0,18,28,94,137,66
2019,1,R,전통시장,2130319,성내전통시장,91,29,62,0,4,20,22,24,21,0,2,11,7,6,3,0,2,9,15,18,18
2019,1,R,전통시장,2130318,로데오거리상점가,893,426,467,10,210,210,177,159,127,4,103,127,81,56,55,6,107,83,96,103,72
2019,1,R,전통시장,2130317,마천중앙시장,100,47,53,0,8,14,27,27,24,0,4,2,11,15,15,0,4,12,16,12,9
2019,1,R,전통시장,2130316,마천시장,55,30,25,1,6,10,19,16,3,1,2,9,9,6,3,0,4,1,10,10,0
2019,1,R,전통시장,2130315,문정동 로데오거리 상점가(문정동 로데오거리),1496,817,679,9,251,359,370,284,223,5,124,194,206,145,143,4,127,165,164,139,80
2019,1,R,전통시장,2130314,풍납시장,352,129,223,1,32,64,94,93,68,0,11,26,31,25,36,1,21,38,63,68,32
2019,1,R,전통시장,2130313,방이시장,1555,801,754,2,216,398,424,363,152,0,94,243,221,153,90,2,122,155,203,210,62
2019,1,R,전통시장,2130312,석촌시장,1228,592,636,4,174,216,196,244,394,0,46,109,104,125,208,4,128,107,92,119,186
2019,1,R,전통시장,2130311,새마을시장,706,387,319,2,85,154,180,186,99,0,46,92,103,88,58,2,39,62,77,98,41
2019,1,R,전통시장,2130310,강남개포시장,505,250,255,0,55,85,129,155,81,0,20,39,69,75,47,0,35,46,60,80,34
2019,1,R,전통시장,2130308,청담삼익시장,133,66,67,1,24,23,36,28,21,1,12,10,18,13,12,0,12,13,18,15,9
2019,1,R,전통시장,2130307,도곡시장,164,75,89,0,36,38,39,38,13,0,8,18,17,22,10,0,28,20,22,16,3
2019,1,R,전통시장,2130306,강남언주로,493,306,187,0,80,148,110,86,69,0,42,92,81,51,40,0,38,56,29,35,29
2019,1,R,전통시장,2130305,논현종합시장,164,103,61,0,47,58,31,20,8,0,24,40,19,14,6,0,23,18,12,6,2
2019,1,R,전통시장,2130304,신사상가,80,39,41,1,6,20,17,25,11,0,1,11,8,15,4,1,5,9,9,10,7
2019,1,R,전통시장,2130303,영동전통시장,532,308,224,1,75,177,135,95,49,1,43,115,74,48,27,0,32,62,61,47,22
2019,1,R,전통시장,2130302,강남시장(강남구 강남시장),81,38,43,1,8,12,20,25,15,0,6,9,11,9,3,1,2,3,9,16,12
2019,1,R,전통시장,2130301,양재시장,135,73,62,2,19,19,46,24,25,1,10,13,23,10,16,1,9,6,23,14,9
2019,1,R,전통시장,2130299,엔터식스 강남점,2133,1390,743,20,342,386,552,503,330,8,154,236,421,336,235,12,188,150,131,167,95
2019,1,R,전통시장,2130298,강남터미널지하도상점가2구역,873,280,593,1,92,142,194,199,245,0,38,66,69,51,56,1,54,76,125,148,189
2019,1,R,전통시장,2130296,남부종합시장,47,30,17,0,7,7,12,13,8,0,4,6,6,8,6,0,3,1,6,5,2
2019,1,R,전통시장,2130295,인헌시장(원당종합시장),300,116,184,4,45,58,87,66,40,1,5,19,39,30,22,3,40,39,48,36,18
2019,1,R,전통시장,2130294,관악중부시장,288,98,190,0,46,39,64,66,73,0,14,18,28,20,18,0,32,21,36,46,55
2019,1,R,전통시장,2130293,봉천중앙시장,150,60,90,0,18,19,36,32,45,0,6,9,19,14,12,0,12,10,17,18,33
2019,1,R,전통시장,2130292,봉천현대시장,65,31,34,0,7,13,16,19,10,0,6,7,7,8,3,0,1,6,9,11,7
2019,1,R,전통시장,2130291,봉천제일종합시장,4,3,1,0,2,2,0,0,0,0,1,2,0,0,0,0,1,0,0,0,0
2019,1,R,전통시장,2130290,영림시장,591,276,315,0,95,136,159,122,79,0,29,81,74,54,38,0,66,55,85,68,41
2019,1,R,전통시장,2130289,봉일시장,86,43,43,0,3,9,21,34,19,0,2,5,12,11,13,0,1,4,9,23,6
2019,1,R,전통시장,2130288,신림현대종합상가,43,20,23,1,0,6,16,12,8,1,0,2,9,5,3,0,0,4,7,7,5
2019,1,R,전통시장,2130287,삼성동 시장(삼성동시장),16,7,9,0,0,2,2,7,5,0,0,2,1,2,2,0,0,0,1,5,3
2019,1,R,전통시장,2130286,신신림시장(삼성동시장),36,18,18,0,3,7,14,8,4,0,2,5,7,3,1,0,1,2,7,5,3
2019,1,R,전통시장,2130285,서원동상점가,1442,736,706,14,273,211,241,310,393,5,151,128,136,122,194,9,122,83,105,188,199
2019,1,R,전통시장,2130284,관악종합시장(신원시장),23,11,12,0,0,1,4,13,5,0,0,1,2,5,3,0,0,0,2,8,2
2019,1,R,전통시장,2130283,신원시장,122,28,94,0,11,9,26,39,37,0,4,4,5,8,7,0,7,5,21,31,30
2019,1,R,전통시장,2130282,난곡 골목형상점가,38,17,21,0,2,12,15,7,2,0,1,7,5,2,2,0,1,5,10,5,0
2019,1,R,전통시장,2130281,우림시장,55,33,22,0,2,7,20,22,4,0,2,6,14,10,1,0,0,1,6,12,3
2019,1,R,전통시장,2130280,신림종합시장,48,29,19,0,1,11,11,17,8,0,1,8,8,4,8,0,0,3,3,13,0
2019,1,R,전통시장,2130279,관악신사시장,126,60,66,0,19,28,25,29,25,0,6,14,10,11,19,0,13,14,15,18,6
2019,1,R,전통시장,2130278,미성동 도깨비시장 골목형상점가,116,36,80,0,24,23,29,25,15,0,3,8,11,7,7,0,21,15,18,18,8
2019,1,R,전통시장,2130277,조원동 펭귄시장(신림중앙시장),100,43,57,0,7,20,27,38,8,0,3,14,9,13,4,0,4,6,18,25,4
2019,1,R,전통시장,2130276,신림중앙시장(조원동 펭귄시장),65,40,25,1,2,6,14,16,26,0,1,3,9,9,18,1,1,3,5,7,8
2019,1,R,전통시장,2130275,강남골목시장,67,33,34,4,5,9,15,18,16,1,1,4,8,9,10,3,4,5,7,9,6
2019,1,R,전통시장,2130274,사당1동먹자골목상점가(사당1동먹자골목),481,259,222,1,84,102,118,114,62,0,34,63,69,58,35,1,50,39,49,56,27
2019,1,R,전통시장,2130273,남성사계시장(남성시장),437,194,243,4,74,85,117,93,64,1,17,46,51,42,37,3,57,39,66,51,27
2019,1,R,전통시장,2130272,사당시장,194,65,129,0,40,45,34,33,42,0,8,12,19,10,16,0,32,33,15,23,26
2019,1,R,전통시장,2130271,남성역골목시장,261,109,152,0,53,71,72,37,28,0,12,31,29,20,17,0,41,40,43,17,11
2019,1,R,전통시장,2130270,흑석시장,15,10,5,0,4,1,4,6,0,0,3,1,2,4,0,0,1,0,2,2,0
2019,1,R,전통시장,2130269,강남시장(동작구 강남시장),20,9,11,1,2,5,5,2,5,0,0,2,4,0,3,1,2,3,1,2,2
2019,1,R,전통시장,2130268,상도전통시장,309,187,122,0,40,62,81,66,60,0,19,29,53,45,41,0,21,33,28,21,19
2019,1,R,전통시장,2130267,본동인정시장(기능상실),61,31,30,0,6,14,13,18,10,0,3,8,8,7,5,0,3,6,5,11,5
2019,1,R,전통시장,2130266,만양로상점가,147,66,81,0,11,22,28,39,47,0,9,14,17,13,13,0,2,8,11,26,34
2019,1,R,전통시장,2130265,노량진중앙시장,157,90,67,7,27,42,34,32,15,4,16,34,22,12,2,3,11,8,12,20,13
2019,1,R,전통시장,2130264,상도약수골목형상점가,89,26,63,0,15,11,28,30,5,0,0,5,8,9,4,0,15,6,20,21,1
2019,1,R,전통시장,2130263,신노량진시장(기능상실),26,10,16,0,1,5,7,9,4,0,0,1,3,4,2,0,1,4,4,5,2
2019,1,R,전통시장,2130262,상도도깨비 골목형상점가,58,23,35,0,11,6,16,16,9,0,5,4,5,4,5,0,6,2,11,12,4
2019,1,R,전통시장,2130261,성대전통시장(성대시장),435,186,249,9,70,93,107,101,55,4,31,40,47,36,28,5,39,53,60,65,27
2019,1,R,전통시장,2130260,신대방1동골목상권,105,33,72,0,17,30,22,19,17,0,1,5,6,9,12,0,16,25,16,10,5
2019,1,R,전통시장,2130259,대신시장,40,22,18,0,1,6,19,11,3,0,0,5,10,4,3,0,1,1,9,7,0
2019,1,R,전통시장,2130258,영진시장A동,25,14,11,0,1,4,7,9,4,0,1,4,3,4,2,0,0,0,4,5,2
2019,1,R,전통시장,2130257,영등포시장기계공구상가,385,281,104,0,26,55,90,117,97,0,17,39,60,88,77,0,9,16,30,29,20
2019,1,R,전통시장,2130256,신동시장,52,31,21,0,13,8,11,12,8,0,8,3,6,7,7,0,5,5,5,5,1
2019,1,R,전통시장,2130255,영등포전통시장,163,100,63,0,5,31,33,53,41,0,4,23,18,27,28,0,1,8,15,26,13
2019,1,R,전통시장,2130254,남서울상가,11,8,3,0,1,1,2,3,4,0,1,1,1,2,3,0,0,0,1,1,1
2019,1,R,전통시장,2130253,영신상가(제일상가),78,48,30,0,7,14,10,24,23,0,4,11,3,11,19,0,3,3,7,13,4
2019,1,R,전통시장,2130252,영등포로타리지하도상점가,27,12,15,0,3,5,6,7,6,0,0,3,1,3,5,0,3,2,5,4,1
2019,1,R,전통시장,2130251,영등포시장지하도상점가,6,1,5,0,0,0,1,3,2,0,0,0,0,1,0,0,0,0,1,2,2
2019,1,R,전통시장,2130250,삼구시장(로타리상가),12,8,4,0,1,0,1,5,5,0,0,0,0,3,5,0,1,0,1,2,0
2019,1,R,전통시장,2130249,동남상가,20,10,10,0,0,1,0,6,13,0,0,1,0,3,6,0,0,0,0,3,7
2019,1,R,전통시장,2130248,영등포역지하도상점가,336,133,203,10,125,57,70,56,18,3,57,25,24,17,7,7,68,32,46,39,11
2019,1,R,전통시장,2130247,우리시장,43,33,10,0,0,5,10,22,6,0,0,4,7,17,5,0,0,1,3,5,1
2019,1,R,전통시장,2130246,영등포청과시장(조광시장),685,384,301,6,99,145,191,156,88,3,51,88,113,75,54,3,48,57,78,81,34
2019,1,R,전통시장,2130245,영일시장,352,254,98,1,36,98,104,77,36,0,18,69,80,59,28,1,18,29,24,18,8
2019,1,R,전통시장,2130244,대림중앙시장,74,39,35,0,8,27,17,11,11,0,3,15,9,6,6,0,5,12,8,5,5
2019,1,R,전통시장,2130243,도림시장,44,29,15,0,3,11,15,11,4,0,2,9,10,6,2,0,1,2,5,5,2
2019,1,R,전통시장,2130242,대림중앙 골목형상점가,84,36,48,0,6,26,22,17,13,0,2,15,9,5,5,0,4,11,13,12,8
2019,1,R,전통시장,2130241,선유도역 골목형상점가,5217,3751,1466,22,1072,2024,1399,528,172,0,522,1607,1151,351,120,22,550,417,248,177,52
2019,1,R,전통시장,2130240,영등포유통상가,1636,945,691,6,308,443,343,332,204,1,141,268,193,200,142,5,167,175,150,132,62
2019,1,R,전통시장,2130238,은행나무시장,121,45,76,0,14,25,27,29,26,0,5,9,9,9,13,0,9,16,18,20,13
2019,1,R,전통시장,2130237,박미시장(기능상실),20,8,12,1,3,3,3,10,0,0,0,3,1,4,0,1,3,0,2,6,0
2019,1,R,전통시장,2130236,비단길현대시장(현대시장),239,80,159,0,34,58,53,61,33,0,8,22,15,18,17,0,26,36,38,43,16
2019,1,R,전통시장,2130235,대명여울빛거리시장(대명시장),730,259,471,3,153,126,155,179,114,3,46,53,63,51,43,0,107,73,92,128,71
2019,1,R,전통시장,2130233,남문시장,124,56,68,0,9,20,34,49,12,0,4,7,18,19,8,0,5,13,16,30,4
2019,1,R,전통시장,2130232,독산동 맛나는거리상점가(독산동 맛나는거리),87,49,38,1,11,16,24,21,14,1,10,9,14,8,7,0,1,7,10,13,7
2019,1,R,전통시장,2130231,독산동 우시장,929,673,256,5,108,184,220,220,192,5,82,143,168,141,134,0,26,41,52,79,58
2019,1,R,전통시장,2130230,가리봉시장,26,17,9,0,1,9,2,8,6,0,0,7,1,4,5,0,1,2,1,4,1
2019,1,R,전통시장,2130229,남구로시장,456,235,221,3,43,92,139,102,77,2,22,54,60,46,51,1,21,38,79,56,26
2019,1,R,전통시장,2130228,구로시장,16,5,11,0,1,0,3,6,6,0,1,0,0,2,2,0,0,0,3,4,4
2019,1,R,전통시장,2130227,고척골목시장상점가(그라운드 고척),264,123,141,0,32,58,70,58,46,0,7,31,42,25,18,0,25,27,28,33,28
2019,1,R,전통시장,2130226,고척프라자,49,22,27,1,17,14,10,5,2,0,4,9,7,2,0,1,13,5,3,3,2
2019,1,R,전통시장,2130225,개봉중앙시장,316,93,223,2,42,59,77,82,54,0,8,18,25,21,21,2,34,41,52,61,33
2019,1,R,전통시장,2130224,개봉프라자(고척근린시장),33,19,14,0,2,3,7,11,10,0,0,1,2,7,9,0,2,2,5,4,1
2019,1,R,전통시장,2130223,고척근린시장,157,51,106,0,11,29,53,43,21,0,0,12,14,17,8,0,11,17,39,26,13
2019,1,R,전통시장,2130222,오류시장,134,42,92,0,22,26,41,28,17,0,4,4,12,12,10,0,18,22,29,16,7
2019,1,R,전통시장,2130221,"남부골목시장(남부화곡시장, 남부시장)",366,151,215,0,31,67,108,107,53,0,10,31,43,38,29,0,21,36,65,69,24
2019,1,R,전통시장,2130220,등마루시장,10,6,4,0,0,1,4,3,2,0,0,1,1,2,2,0,0,0,3,1,0
2019,1,R,전통시장,2130219,까치산시장,534,135,399,2,78,70,116,169,99,2,22,24,39,21,27,0,56,46,77,148,72
2019,1,R,전통시장,2130218,신월중앙시장,217,92,125,1,37,54,50,50,25,1,14,22,24,21,10,0,23,32,26,29,15
2019,1,R,전통시장,2130217,화곡본동시장,158,66,92,0,16,27,35,43,37,0,6,18,15,15,12,0,10,9,20,28,25
2019,1,R,전통시장,2130216,화곡중앙시장,91,31,60,1,7,17,25,23,18,0,0,5,9,7,10,1,7,12,16,16,8
2019,1,R,전통시장,2130215,대원종합시장,27,19,8,0,1,2,4,11,9,0,0,2,2,6,9,0,1,0,2,5,0
2019,1,R,전통시장,2130214,송화벽화시장(송화골목시장),320,123,197,3,77,75,73,59,33,0,16,32,32,21,22,3,61,43,41,38,11
2019,1,R,전통시장,2130213,방신전통시장,467,244,223,0,37,64,113,130,123,0,24,45,68,47,60,0,13,19,45,83,63
2019,1,R,전통시장,2130212,공항시장,63,37,26,0,5,8,20,15,15,0,2,6,10,9,10,0,3,2,10,6,5
2019,1,R,전통시장,2130211,신정2동 골목시장(오목교중앙시장),36,19,17,0,2,3,4,13,14,0,2,2,3,7,5,0,0,1,1,6,9
2019,1,R,전통시장,2130210,목2동시장,263,94,169,0,30,66,79,57,31,0,9,26,26,21,12,0,21,40,53,36,19
2019,1,R,전통시장,2130209,목사랑시장(목4동시장),105,33,72,0,13,18,33,29,12,0,3,2,9,11,8,0,10,16,24,18,4
2019,1,R,전통시장,2130208,목동깨비시장(목3동시장),615,306,309,0,100,156,160,129,70,0,48,91,76,50,41,0,52,65,84,79,29
2019,1,R,전통시장,2130207,신정1동 골목시장(신정제일시장),71,22,49,0,6,10,21,16,18,0,1,5,6,4,6,0,5,5,15,12,12
2019,1,R,전통시장,2130206,신정3동 골목시장,34,9,25,0,0,6,15,7,6,0,0,0,2,2,5,0,0,6,13,5,1
2019,1,R,전통시장,2130205,신곡종합시장(신월6동 골목시장),331,176,155,1,52,70,89,75,44,1,20,42,50,31,32,0,32,28,39,44,12
2019,1,R,전통시장,2130204,경창시장,244,84,160,1,17,37,56,65,68,0,9,18,24,18,15,1,8,19,32,47,53
2019,1,R,전통시장,2130203,서서울 골목형상점가,124,47,77,0,6,23,28,30,37,0,2,7,8,9,21,0,4,16,20,21,16
2019,1,R,전통시장,2130202,신영시장,173,72,101,0,13,26,41,45,48,0,5,14,15,16,22,0,8,12,26,29,26
2019,1,R,전통시장,2130201,월정로시장,37,24,13,0,1,5,15,13,3,0,1,4,10,8,1,0,0,1,5,5,2
2019,1,R,전통시장,2130200,"신월7동 골목시장(약수시장, 우성상가)",123,49,74,0,12,19,44,28,20,0,2,7,14,15,11,0,10,12,30,13,9
2019,1,R,전통시장,2130199,신월3동 골목시장,21,8,13,0,1,4,10,2,4,0,1,1,5,0,1,0,0,3,5,2,3
2019,1,R,전통시장,2130198,아현시장,228,56,172,0,42,99,62,14,11,0,5,11,28,8,4,0,37,88,34,6,7
2019,1,R,전통시장,2130197,마포시장,81,38,43,0,5,7,21,31,17,0,3,5,10,11,9,0,2,2,11,20,8
2019,1,R,전통시장,2130196,공덕시장,1829,769,1060,32,694,410,365,224,104,12,257,211,127,84,78,20,437,199,238,140,26
2019,1,R,전통시장,2130195,도화동 상점가,2970,1808,1162,9,526,796,675,581,383,3,252,515,459,348,231,6,274,281,216,233,152
2019,1,R,전통시장,2130194,용강동 상점가,1236,757,479,6,151,298,351,270,160,3,64,200,232,151,107,3,87,98,119,119,53
2019,1,R,전통시장,2130193,신수시장,40,15,25,0,5,8,11,7,9,0,1,3,2,5,4,0,4,5,9,2,5
2019,1,R,전통시장,2130192,동진시장,50,23,27,0,10,10,11,7,12,0,2,8,3,3,7,0,8,2,8,4,5
2019,1,R,전통시장,2130191,홍대 걷고싶은 거리,941,519,422,20,289,220,199,131,82,7,161,131,117,63,40,13,128,89,82,68,42
2019,1,R,전통시장,2130190,홍대소상공인상점가,685,389,296,8,319,141,118,63,36,3,180,87,73,30,16,5,139,54,45,33,20
2019,1,R,전통시장,2130189,서교시장,200,106,94,3,54,47,35,17,44,1,17,30,22,8,28,2,37,17,13,9,16
2019,1,R,전통시장,2130188,합정시장,24,10,14,0,0,2,11,7,4,0,0,1,4,3,2,0,0,1,7,4,2
2019,1,R,전통시장,2130187,영진시장,38,23,15,0,1,11,13,8,5,0,1,8,8,2,4,0,0,3,5,6,1
2019,1,R,전통시장,2130186,망원시장,257,112,145,0,50,50,64,72,21,0,24,26,25,28,9,0,26,24,39,44,12
2019,1,R,전통시장,2130185,망원월드컵시장,270,158,112,0,47,84,77,39,23,0,23,52,48,18,17,0,24,32,29,21,6
2019,1,R,전통시장,2130184,마포농수산물시장,795,518,277,1,31,72,159,266,266,1,23,50,103,159,182,0,8,22,56,107,84
2019,1,R,전통시장,2130183,상암동상점가,1420,890,530,12,260,425,383,257,83,8,134,291,281,135,41,4,126,134,102,122,42
2019,1,R,전통시장,2130182,영천시장,259,114,145,0,31,52,64,66,46,0,7,24,27,34,22,0,24,28,37,32,24
2019,1,R,전통시장,2130181,아현가구거리상점가,151,85,66,0,25,17,48,31,30,0,10,7,31,15,22,0,15,10,17,16,8
2019,1,R,전통시장,2130180,포방터시장,62,33,29,0,11,13,17,11,10,0,3,6,11,6,7,0,8,7,6,5,3
2019,1,R,전통시장,2130179,"이화여대 3,5,7길 상점가",613,277,336,17,161,140,110,106,79,4,63,61,56,55,38,13,98,79,54,51,41
2019,1,R,전통시장,2130178,이대 앞 스타트업 상점가,118,50,68,0,29,31,27,19,12,0,10,14,17,5,4,0,19,17,10,14,8
2019,1,R,전통시장,2130177,인왕시장(홍제골목형상점가),122,38,84,0,5,17,20,21,59,0,2,8,5,6,17,0,3,9,15,15,42
2019,1,R,전통시장,2130176,유진상가,391,173,218,6,84,115,101,69,16,3,35,46,39,37,13,3,49,69,62,32,3
2019,1,R,전통시장,2130175,신촌 상인회(신촌상점가),990,284,706,9,673,221,53,21,13,2,177,71,22,6,6,7,496,150,31,15,7
2019,1,R,전통시장,2130174,연희사러가,2,1,1,0,0,0,0,2,0,0,0,0,0,1,0,0,0,0,0,1,0
2019,1,R,전통시장,2130173,백련시장,8,4,4,0,0,2,1,4,1,0,0,2,0,1,1,0,0,0,1,3,0
2019,1,R,전통시장,2130172,모래내시장(서중시장),257,129,128,0,38,41,52,80,46,0,16,20,29,42,22,0,22,21,23,38,24
2019,1,R,전통시장,2130171,불광먹자골목 골목형상점가,560,189,371,1,57,104,147,134,117,1,15,40,57,36,40,0,42,64,90,98,77
2019,1,R,전통시장,2130170,제일시장,328,150,178,2,44,55,101,87,39,2,18,23,47,39,21,0,26,32,54,48,18
2019,1,R,전통시장,2130169,대조시장,282,94,188,0,38,63,67,69,45,0,13,21,22,19,19,0,25,42,45,50,26
2019,1,R,전통시장,2130168,연서시장,335,151,184,1,67,65,79,61,62,0,25,22,40,27,37,1,42,43,39,34,25
2019,1,R,전통시장,2130167,연신내상점가(연빛거리),1313,533,780,16,311,296,301,245,144,6,112,145,113,92,65,10,199,151,188,153,79
2019,1,R,전통시장,2130166,응암시장(신응암시장),35,18,17,0,1,4,3,11,16,0,0,0,0,4,14,0,1,4,3,7,2
2019,1,R,전통시장,2130165,"대림골목시장(대림시장, 양지시장)",263,61,202,0,31,60,75,62,35,0,12,12,12,7,18,0,19,48,63,55,17
2019,1,R,전통시장,2130164,역촌중앙시장,30,12,18,0,0,6,4,9,11,0,0,5,1,3,3,0,0,1,3,6,8
2019,1,R,전통시장,2130163,응암오거리상점가,289,124,165,2,39,41,79,84,44,1,14,20,34,36,19,1,25,21,45,48,25
2019,1,R,전통시장,2130162,증산골목시장,43,21,22,0,1,5,9,14,14,0,0,3,4,7,7,0,1,2,5,7,7
2019,1,R,전통시장,2130161,증산종합시장,92,27,65,0,5,10,34,36,7,0,4,5,10,5,3,0,1,5,24,31,4
2019,1,R,전통시장,2130160,수일시장,17,5,12,0,1,4,3,5,4,0,0,0,0,3,2,0,1,4,3,2,2
2019,1,R,전통시장,2130159,공릉동 도깨비시장,454,249,205,0,26,71,127,128,102,0,8,33,67,75,66,0,18,38,60,53,36
2019,1,R,전통시장,2130157,상계중앙시장,266,102,164,0,37,44,57,80,48,0,18,24,20,25,15,0,19,20,37,55,33
2019,1,R,전통시장,2130156,시영2단지 무지개종합상가(중계 무지개2단지아파트상가),32,12,20,0,3,4,7,13,5,0,1,3,0,4,4,0,2,1,7,9,1
2019,1,R,전통시장,2130155,시영B상가(중계 그린아파트 B 상가),104,50,54,0,5,29,29,31,10,0,1,18,10,14,7,0,4,11,19,17,3
2019,1,R,전통시장,2130154,상계주공1단지(가)상가,13,7,6,0,1,0,3,8,1,0,1,0,2,3,1,0,0,0,1,5,0
2019,1,R,전통시장,2130153,창동역상점가,679,336,343,1,71,112,146,166,183,0,28,62,73,68,105,1,43,50,73,98,78
2019,1,R,전통시장,2130152,오!도봉거리 상점가,130,61,69,0,24,24,24,19,39,0,8,10,12,8,23,0,16,14,12,11,16
2019,1,R,전통시장,2130151,신도봉시장,48,23,25,0,3,7,11,19,8,0,3,4,6,8,2,0,0,3,5,11,6
2019,1,R,전통시장,2130150,창동골목시장,105,36,69,0,15,25,23,26,16,0,3,5,7,12,9,0,12,20,16,14,7
2019,1,R,전통시장,2130149,창동신창시장,246,115,131,0,16,53,68,77,32,0,5,23,36,29,22,0,11,30,32,48,10
2019,1,R,전통시장,2130148,방학동도깨비시장,183,73,110,0,23,46,46,44,24,0,12,23,18,11,9,0,11,23,28,33,15
2019,1,R,전통시장,2130147,쌍문역동측상점가,283,134,149,4,41,77,72,59,30,3,24,24,38,25,20,1,17,53,34,34,10
2019,1,R,전통시장,2130146,쌍문시장(쌍문역골목시장),538,221,317,4,79,102,132,140,81,3,19,43,56,57,43,1,60,59,76,83,38
2019,1,R,전통시장,2130145,쌍문역둘리상점가,187,144,43,0,40,48,46,40,13,0,32,40,32,30,10,0,8,8,14,10,3
2019,1,R,전통시장,2130144,백운시장,62,31,31,0,6,10,22,13,11,0,2,4,12,3,10,0,4,6,10,10,1
2019,1,R,전통시장,2130143,방천골목시장,45,20,25,0,0,9,12,12,12,0,0,3,5,6,6,0,0,6,7,6,6
2019,1,R,전통시장,2130142,강북북부시장,27,13,14,0,4,5,5,10,3,0,3,2,3,3,2,0,1,3,2,7,1
2019,1,R,전통시장,2130141,강북북부골목시장,58,27,31,0,8,14,21,8,7,0,1,8,8,5,5,0,7,6,13,3,2
2019,1,R,전통시장,2130140,숭인시장,246,100,146,1,45,49,51,55,45,0,6,19,21,25,29,1,39,30,30,30,16
2019,1,R,전통시장,2130139,강북종합전통시장(강북종합골목시장),273,127,146,1,32,63,70,69,38,1,18,35,33,24,16,0,14,28,37,45,22
2019,1,R,전통시장,2130138,수유프라자,80,38,42,0,6,14,12,26,22,0,1,2,4,15,16,0,5,12,8,11,6
2019,1,R,전통시장,2130137,"수유전통시장(수유시장, 수유골목시장)",225,111,114,0,17,44,47,58,59,0,5,24,22,29,31,0,12,20,25,29,28
2019,1,R,전통시장,2130136,수유재래시장,22,9,13,0,4,3,4,8,3,0,0,0,2,4,3,0,4,3,2,4,0
2019,1,R,전통시장,2130135,수유중앙골목시장(수유중앙시장),106,57,49,0,7,23,20,30,26,0,4,11,13,15,14,0,3,12,7,15,12
2019,1,R,전통시장,2130134,"솔샘시장(미아6,7동골목시장)",171,59,112,1,22,28,52,41,27,0,4,15,20,12,8,1,18,13,32,29,19
2019,1,R,전통시장,2130133,우이골목시장(우이시장),135,49,86,1,7,31,37,41,18,1,3,19,14,7,5,0,4,12,23,34,13
2019,1,R,전통시장,2130132,삼양골목시장(삼양시장),201,65,136,0,35,37,45,52,32,0,9,14,19,14,9,0,26,23,26,38,23
2019,1,R,전통시장,2130131,동북프라자,132,61,71,0,11,30,48,32,11,0,3,10,24,17,7,0,8,20,24,15,4
2019,1,R,전통시장,2130130,수유북부골목시장,24,16,8,0,0,2,9,5,8,0,0,2,8,1,5,0,0,0,1,4,3
2019,1,R,전통시장,2130129,장미원골목시장,93,37,56,0,7,17,33,22,14,0,0,10,8,13,6,0,7,7,25,9,8
2019,1,R,전통시장,2130128,돌곶이시장(석관황금시장),39,23,16,0,7,9,16,4,3,0,4,7,8,3,1,0,3,2,8,1,2
2019,1,R,전통시장,2130127,석관시장,27,15,12,0,0,8,7,8,4,0,0,6,3,4,2,0,0,2,4,4,2
2019,1,R,전통시장,2130126,새석관시장,23,17,6,0,1,5,8,3,6,0,0,5,6,3,3,0,1,0,2,0,3
2019,1,R,전통시장,2130125,장위전통시장,127,68,59,0,10,17,32,37,31,0,7,8,21,19,13,0,3,9,11,18,18
2019,1,R,전통시장,2130124,번동시장,15,11,4,1,2,7,1,4,0,1,1,5,1,3,0,0,1,2,0,1,0
2019,1,R,전통시장,2130123,꿈의숲 장곡 골목형상점가,27,17,10,0,3,4,8,8,4,0,2,2,6,6,1,0,1,2,2,2,3
2019,1,R,전통시장,2130122,밤나무골시장,25,5,20,0,6,5,4,6,4,0,0,3,0,2,0,0,6,2,4,4,4
2019,1,R,전통시장,2130121,길음시장,94,51,43,1,12,18,27,16,20,1,5,11,16,3,15,0,7,7,11,13,5
2019,1,R,전통시장,2130120,돈암시장(돈암제일시장),237,98,139,0,37,43,57,47,53,0,6,13,27,26,26,0,31,30,30,21,27
2019,1,R,전통시장,2130119,정릉아리랑시장,68,28,40,0,8,9,22,19,10,0,6,2,5,10,5,0,2,7,17,9,5
2019,1,R,전통시장,2130118,정릉골 골목형상점가,159,82,77,1,35,30,29,37,27,0,10,14,15,22,21,1,25,16,14,15,6
2019,1,R,전통시장,2130117,정릉시장,277,125,152,1,40,51,75,78,32,0,21,21,34,34,15,1,19,30,41,44,17
2019,1,R,전통시장,2130116,동성타워프라자,65,40,25,2,9,9,14,20,11,2,6,5,8,12,7,0,3,4,6,8,4
2019,1,R,전통시장,2130115,우림골목시장,446,179,267,1,81,81,102,116,65,0,24,31,51,45,28,1,57,50,51,71,37
2019,1,R,전통시장,2130114,유영시장,70,20,50,0,11,25,18,13,3,0,1,6,5,6,2,0,10,19,13,7,1
2019,1,R,전통시장,2130113,신아타운,291,85,206,0,68,62,76,55,30,0,12,15,30,14,14,0,56,47,46,41,16
2019,1,R,전통시장,2130112,사가정시장,254,88,166,0,47,61,63,56,27,0,9,19,23,19,18,0,38,42,40,37,9
2019,1,R,전통시장,2130111,"동원전통종합시장(동원시장, 동원전통시장 상점가)",558,251,307,4,65,99,154,159,77,1,23,53,79,55,40,3,42,46,75,104,37
2019,1,R,전통시장,2130110,면목골목시장(면목시장),273,127,146,0,52,60,67,65,29,0,22,25,30,32,18,0,30,35,37,33,11
2019,1,R,전통시장,2130109,묵1동도깨비시장,73,42,31,1,15,17,10,20,10,0,8,11,8,10,5,1,7,6,2,10,5
2019,1,R,전통시장,2130108,태능엔터피아(태릉시장),74,20,54,0,3,4,21,31,15,0,2,1,7,4,6,0,1,3,14,27,9
2019,1,R,전통시장,2130107,중랑동부시장(중랑교종합상가),27,10,17,0,5,6,7,6,3,0,3,4,1,1,1,0,2,2,6,5,2
2019,1,R,전통시장,2130106,중랑동부시장,280,101,179,1,55,55,71,52,46,1,13,17,18,23,29,0,42,38,53,29,17
2019,1,R,전통시장,2130105,장미제일시장(중화동제일시장),54,12,42,0,13,9,6,20,6,0,2,4,1,5,0,0,11,5,5,15,6
2019,1,R,전통시장,2130104,전곡시장,153,79,74,0,20,20,44,51,18,0,10,12,23,23,11,0,10,8,21,28,7
2019,1,R,전통시장,2130103,이경시장,40,21,19,0,1,3,13,9,14,0,1,1,6,4,9,0,0,2,7,5,5
2019,1,R,전통시장,2130102,이문제일시장,25,10,15,0,0,5,11,9,0,0,0,1,4,5,0,0,0,4,7,4,0
2019,1,R,전통시장,2130101,답십리현대시장,86,49,37,0,15,14,19,24,14,0,7,10,10,12,10,0,8,4,9,12,4
2019,1,R,전통시장,2130100,답십리시장,257,93,164,7,54,49,51,48,48,7,14,18,25,14,15,0,40,31,26,34,33
2019,1,R,전통시장,2130099,전농로터리시장,105,49,56,1,15,13,24,38,14,1,6,7,13,12,10,0,9,6,11,26,4
2019,1,R,전통시장,2130098,회기시장,141,57,84,1,27,34,33,28,18,0,9,18,15,8,7,1,18,16,18,20,11
2019,1,R,전통시장,2130097,답십리 건축자재시장,338,219,119,0,35,79,92,86,46,0,27,56,60,45,31,0,8,23,32,41,15
2019,1,R,전통시장,2130096,동부시장,40,20,20,0,1,7,7,11,14,0,0,1,4,3,12,0,1,6,3,8,2
2019,1,R,전통시장,2130095,청량리전통시장,172,73,99,0,21,30,33,48,40,0,7,11,18,19,18,0,14,19,15,29,22
2019,1,R,전통시장,2130094,청량리청과물시장,174,93,81,0,19,43,41,25,46,0,4,21,22,12,34,0,15,22,19,13,12
2019,1,R,전통시장,2130093,동서시장,26,18,8,0,0,3,10,9,4,0,0,2,8,5,3,0,0,1,2,4,1
2019,1,R,전통시장,2130092,청량리농수산물시장,59,44,15,1,1,9,17,20,11,1,1,9,15,10,8,0,0,0,2,10,3
2019,1,R,전통시장,2130091,청량종합도매시장,182,138,44,2,19,26,56,45,34,2,15,20,43,31,27,0,4,6,13,14,7
2019,1,R,전통시장,2130090,청량리종합시장,96,69,27,0,7,17,22,24,26,0,4,10,18,15,22,0,3,7,4,9,4
2019,1,R,전통시장,2130089,청량리수산시장,100,67,33,0,3,16,30,22,29,0,3,12,20,11,21,0,0,4,10,11,8
2019,1,R,전통시장,2130088,경동시장,245,162,83,0,26,36,58,67,58,0,16,24,42,42,38,0,10,12,16,25,20
2019,1,R,전통시장,2130087,경동광성상가(경동시장),139,77,62,0,18,14,32,34,41,0,8,11,23,17,18,0,10,3,9,17,23
2019,1,R,전통시장,2130086,서울약령시장,1913,1166,747,3,180,327,489,536,378,1,94,198,269,344,260,2,86,129,220,192,118
2019,1,R,전통시장,2130085,용두시장,6,4,2,0,0,0,1,2,3,0,0,0,0,1,3,0,0,0,1,1,0
2019,1,R,전통시장,2130084,신성시장(신성골목시장),131,60,71,0,16,10,44,42,19,0,4,6,17,20,13,0,12,4,27,22,6
2019,1,R,전통시장,2130083,"중곡제일시장(중곡제일골목시장, 광성시장)",622,132,490,1,21,52,114,223,211,1,6,26,28,33,38,0,15,26,86,190,173
2019,1,R,전통시장,2130082,면곡골목시장,68,24,44,0,2,3,12,28,23,0,2,1,4,10,7,0,0,2,8,18,16
2019,1,R,전통시장,2130081,자양골목전통시장(자양골목시장),75,43,32,0,8,18,15,20,14,0,5,13,8,10,7,0,3,5,7,10,7
2019,1,R,전통시장,2130080,자양종합시장(기능상실),14,10,4,0,0,1,8,4,1,0,0,1,5,3,1,0,0,0,3,1,0
2019,1,R,전통시장,2130079,한아름시장,109,60,49,1,26,19,26,19,18,1,14,11,14,5,15,0,12,8,12,14,3
2019,1,R,전통시장,2130078,화양제일골목시장,110,54,56,0,25,26,22,24,13,0,11,15,13,8,7,0,14,11,9,16,6
2019,1,R,전통시장,2130077,조양시장,152,91,61,1,26,34,40,29,22,0,16,20,17,18,20,1,10,14,23,11,2
2019,1,R,전통시장,2130076,능동로골목시장,90,46,44,0,10,16,12,24,28,0,4,10,4,8,20,0,6,6,8,16,8
2019,1,R,전통시장,2130075,노룬산시장(노룬산골목시장),85,43,42,0,8,16,26,15,20,0,4,8,11,5,15,0,4,8,15,10,5
2019,1,R,전통시장,2130074,영동교골목시장,23,9,14,0,6,2,4,7,4,0,1,0,4,3,1,0,5,2,0,4,3
2019,1,R,전통시장,2130073,뚝도시장,145,77,68,0,9,28,43,37,28,0,3,15,25,14,20,0,6,13,18,23,8
2019,1,R,전통시장,2130072,성동용답상가시장,1002,555,447,1,236,369,194,125,77,0,115,212,119,58,51,1,121,157,75,67,26
2019,1,R,전통시장,2130071,성수역 골목형상점가,596,392,204,2,106,177,156,62,93,0,52,124,116,46,54,2,54,53,40,16,39
2019,1,R,전통시장,2130070,뚝섬역상점가,3364,2226,1138,8,687,1072,894,466,237,4,322,736,623,358,183,4,365,336,271,108,54
2019,1,R,전통시장,2130069,"한양대앞상점가(한양시장, 왕십리맛골목)",217,110,107,4,39,45,54,45,30,3,26,27,22,20,12,1,13,18,32,25,18
2019,1,R,전통시장,2130068,마장축산물시장,3161,2129,1032,2,354,848,888,688,381,1,233,615,596,449,235,1,121,233,292,239,146
2019,1,R,전통시장,2130067,왕십리도선동상점가,2126,777,1349,11,666,611,485,234,119,4,196,254,172,95,56,7,470,357,313,139,63
2019,1,R,전통시장,2130066,행당시장상점가,899,430,469,6,185,199,232,172,105,2,51,102,113,94,68,4,134,97,119,78,37
2019,1,R,전통시장,2130065,무학봉상점가,343,119,224,2,50,77,87,80,47,2,14,28,31,28,16,0,36,49,56,52,31
2019,1,R,전통시장,2130064,금남시장,111,27,84,0,14,18,19,27,33,0,1,5,10,5,6,0,13,13,9,22,27
2019,1,R,전통시장,2130063,신금호역 골목형상점가,105,56,49,1,13,25,26,25,15,1,2,12,15,15,11,0,11,13,11,10,4
2019,1,R,전통시장,2130062,보광시장,48,21,27,0,2,13,13,13,7,0,0,4,8,4,5,0,2,9,5,9,2
2019,1,R,전통시장,2130061,이태원시장,220,127,93,3,99,58,26,17,17,1,53,38,13,10,12,2,46,20,13,7,5
2019,1,R,전통시장,2130060,신흥시장,35,21,14,0,13,13,3,2,4,0,10,8,2,0,1,0,3,5,1,2,3
2019,1,R,전통시장,2130059,후암시장,175,63,112,1,27,41,45,40,21,1,8,17,15,11,11,0,19,24,30,29,10
2019,1,R,전통시장,2130058,이촌종합시장,162,92,70,5,26,40,36,40,15,2,16,30,21,17,6,3,10,10,15,23,9
2019,1,R,전통시장,2130057,만리시장,37,28,9,0,0,6,6,16,9,0,0,4,4,11,9,0,0,2,2,5,0
2019,1,R,전통시장,2130056,용산용문시장,380,215,165,3,46,91,117,69,54,1,27,63,67,28,29,2,19,28,50,41,25
2019,1,R,전통시장,2130055,"황학시장(서울중앙시장, 신중앙시장)",339,218,121,0,25,73,89,95,57,0,13,51,61,58,35,0,12,22,28,37,22
2019,1,R,전통시장,2130054,황학동주방가구거리상점가,576,346,230,0,101,135,149,143,48,0,40,84,96,97,29,0,61,51,53,46,19
2019,1,R,전통시장,2130053,백학시장,384,200,184,1,49,97,109,90,38,1,16,56,63,44,20,0,33,41,46,46,18
2019,1,R,전통시장,2130052,서울중앙시장(신중앙시장),1063,682,381,2,185,279,210,231,156,0,129,200,131,124,98,2,56,79,79,107,58
2019,1,R,전통시장,2130051,동화동 골목형상점가,714,388,326,1,117,159,194,151,92,0,52,82,109,84,61,1,65,77,85,67,31
2019,1,R,전통시장,2130050,청평화시장,987,363,624,1,157,381,259,132,57,1,66,134,75,62,25,0,91,247,184,70,32
2019,1,R,전통시장,2130049,신당 미래유산 먹거리 골목형상점가,126,54,72,0,10,22,35,30,29,0,2,7,17,11,17,0,8,15,18,19,12
2019,1,R,전통시장,2130048,동평화시장,182,94,88,0,30,38,37,44,33,0,15,20,18,24,17,0,15,18,19,20,16
2019,1,R,전통시장,2130047,테크노상가(엘리시움),796,428,368,2,187,289,164,93,61,1,95,162,93,48,29,1,92,127,71,45,32
2019,1,R,전통시장,2130046,team204(팀204),110,58,52,0,21,31,14,21,23,0,3,17,7,14,17,0,18,14,7,7,6
2019,1,R,전통시장,2130045,광희패션몰,202,109,93,0,40,57,35,41,29,0,14,31,21,27,16,0,26,26,14,14,13
2019,1,R,전통시장,2130044,에리어식스(벨포스트),84,47,37,0,11,23,22,19,9,0,7,18,10,10,2,0,4,5,12,9,7
2019,1,R,전통시장,2130043,제일평화시장,313,115,198,0,32,73,112,69,27,0,13,28,43,22,9,0,19,45,69,47,18
2019,1,R,전통시장,2130042,약수시장,317,132,185,0,27,51,89,80,70,0,8,17,40,35,32,0,19,34,49,45,38
2019,1,R,전통시장,2130041,신평화패션타운(청계6가 지하도상가),229,129,100,0,28,40,49,78,34,0,17,24,28,39,21,0,11,16,21,39,13
2019,1,R,전통시장,2130040,남평화시장,241,168,73,0,78,75,44,33,11,0,54,59,31,16,8,0,24,16,13,17,3
2019,1,R,전통시장,2130039,청계6가 지하도상가,97,58,39,0,14,15,23,18,27,0,9,6,15,12,16,0,5,9,8,6,11
2019,1,R,전통시장,2130038,"평화시장(통일상가, 동화상가)",3978,2727,1251,11,592,1423,1130,605,217,3,279,976,892,435,142,8,313,447,238,170,75
2019,1,R,전통시장,2130037,청계5가쇼핑센터(청계5가지하쇼핑센터),3,2,1,0,0,0,0,3,0,0,0,0,0,2,0,0,0,0,0,1,0
2019,1,R,전통시장,2130036,중부시장(신중부시장),1767,1140,627,9,190,364,476,439,289,2,92,253,326,263,204,7,98,111,150,176,85
2019,1,R,전통시장,2130035,방산종합시장(방산시장),2936,1886,1050,5,245,626,748,775,537,1,145,407,443,485,405,4,100,219,305,290,132
2019,1,R,전통시장,2130034,필동 골목형상점가,24,13,11,0,6,3,8,5,2,0,2,2,5,2,2,0,4,1,3,3,0
2019,1,R,전통시장,2130033,대림상가(청계상가),486,342,144,2,37,86,151,112,98,2,24,57,102,81,76,0,13,29,49,31,22
2019,1,R,전통시장,2130032,인현시장,556,361,195,0,36,92,160,177,91,0,21,51,104,117,68,0,15,41,56,60,23
2019,1,R,전통시장,2130031,청계천공구상가,1030,680,350,2,106,211,276,248,187,1,44,136,204,151,144,1,62,75,72,97,43
2019,1,R,전통시장,2130030,을지로지하보도쇼핑센터(을지입구지하상가),7,1,6,0,0,0,4,3,0,0,0,0,0,1,0,0,0,0,4,2,0
2019,1,R,전통시장,2130029,명동역지하도상가,14,9,5,0,1,2,9,2,0,0,1,1,6,1,0,0,0,1,3,1,0
2019,1,R,전통시장,2130028,을지입구지하상가(을지로지하보도쇼핑센터),32,13,19,0,10,5,5,8,4,0,3,1,3,4,2,0,7,4,2,4,2
2019,1,R,전통시장,2130026,소공지하도상가,9,3,6,0,0,4,1,0,4,0,0,2,0,0,1,0,0,2,1,0,3
2019,1,R,전통시장,2130025,삼익패션타운(남대문시장),1107,889,218,31,260,209,308,229,70,24,215,163,241,192,54,7,45,46,67,37,16
2019,1,R,전통시장,2130024,남대문시장(자유상가),3013,1580,1433,2,290,636,746,693,646,0,107,326,365,368,414,2,183,310,381,325,232
2019,1,R,전통시장,2130023,남대문로 지하상가(남대문지하쇼핑센터),5,2,3,0,0,0,1,1,3,0,0,0,0,0,2,0,0,0,1,1,1
2019,1,R,전통시장,2130022,숭례문수입상가(남대문시장),3583,1620,1963,37,594,1585,1014,316,37,0,137,733,497,224,29,37,457,852,517,92,8
2019,1,R,전통시장,2130021,신설종합시장,156,116,40,0,9,35,45,45,22,0,7,28,34,32,15,0,2,7,11,13,7
2019,1,R,전통시장,2130020,동묘시장(동묘벼룩시장),184,102,82,1,31,35,46,41,30,0,15,16,27,27,17,1,16,19,19,14,13
2019,1,R,전통시장,2130019,동대문상가D동,36,25,11,0,2,13,8,3,10,0,2,7,5,2,9,0,0,6,3,1,1
2019,1,R,전통시장,2130018,동대문문구완구거리(동대문문구완구시장),761,319,442,2,202,207,149,115,86,0,53,93,70,55,48,2,149,114,79,60,38
2019,1,R,전통시장,2130017,동대문상가C동,191,153,38,1,29,92,43,19,7,0,22,78,38,12,3,1,7,14,5,7,4
2019,1,R,전통시장,2130016,동대문상가B동,31,22,9,1,3,6,10,2,9,0,1,5,8,1,7,1,2,1,2,1,2
2019,1,R,전통시장,2130015,창신골목시장,160,81,79,0,9,30,50,51,20,0,5,17,27,22,10,0,4,13,23,29,10
2019,1,R,전통시장,2130014,동문시장,33,27,6,0,0,4,10,2,17,0,0,2,6,2,17,0,0,2,4,0,0
2019,1,R,전통시장,2130013,동대문상가A동,11,8,3,0,0,2,5,3,1,0,0,2,4,1,1,0,0,0,1,2,0
2019,1,R,전통시장,2130012,"동대문종합시장(동대문종합시장 신관, 동대문종합시장D동상가)",4641,3247,1394,8,782,1407,1242,854,348,3,529,1101,811,569,234,5,253,306,431,285,114
2019,1,R,전통시장,2130011,충신시장,342,201,141,4,76,107,87,54,14,3,39,72,47,30,10,1,37,35,40,24,4
2019,1,R,전통시장,2130010,종로신진시장,676,375,301,2,67,138,172,181,116,2,38,80,91,94,70,0,29,58,81,87,46
2019,1,R,전통시장,2130009,마전교지하쇼핑센터(구 한일상가),104,72,32,1,7,22,26,26,22,1,5,17,21,15,13,0,2,5,5,11,9
2019,1,R,전통시장,2130007,광장시장(광장전통시장),1119,681,438,1,87,200,257,299,275,1,47,133,164,157,179,0,40,67,93,142,96
2019,1,R,전통시장,2130006,종로4가지하쇼핑센터,12,7,5,0,0,3,5,1,3,0,0,1,3,1,2,0,0,2,2,0,1
2019,1,R,전통시장,2130005,세운상가가동,560,379,181,0,53,133,141,129,104,0,21,94,101,84,79,0,32,39,40,45,25
2019,1,R,전통시장,2130004,낙원시장(낙원지하시장(대일상가)),421,293,128,0,42,89,93,86,111,0,29,68,66,56,74,0,13,21,27,30,37
2019,1,R,전통시장,2130002,세종마을음식문화거리(금천교시장),521,266,255,5,65,105,109,130,107,3,38,63,51,53,58,2,27,42,58,77,49
2019,1,R,전통시장,2130001,통인시장,252,172,80,0,69,106,33,27,17,0,47,82,21,15,7,0,22,24,12,12,10
2019,1,D,발달상권,2120249,고덕역,1366,626,740,11,196,275,293,332,259,4,59,144,120,150,149,7,137,131,173,182,110
2019,1,D,발달상권,2120248,명일역,1743,602,1141,5,230,281,385,456,386,4,65,123,145,117,148,1,165,158,240,339,238
2019,1,D,발달상권,2120247,굽은다리역,1084,484,600,7,180,239,278,213,167,3,60,119,133,81,88,4,120,120,145,132,79
2019,1,D,발달상권,2120246,길동역,5148,2364,2784,19,745,1003,1154,1232,995,10,310,512,591,423,518,9,435,491,563,809,477
2019,1,D,발달상권,2120245,둔촌역,3766,2209,1557,7,426,751,766,654,1162,3,193,443,424,329,817,4,233,308,342,325,345
2019,1,D,발달상권,2120244,암사역,1093,460,633,2,161,212,242,242,234,0,46,90,111,85,128,2,115,122,131,157,106
2019,1,D,발달상권,2120243,천호역,4175,1774,2401,21,1078,1086,942,638,410,6,296,517,450,268,237,15,782,569,492,370,173
2019,1,D,발달상권,2120242,강동구청역,11364,6075,5289,33,1303,2242,2639,2858,2289,26,696,1400,1356,1221,1376,7,607,842,1283,1637,913
2019,1,D,발달상권,2120241,거여역,2498,1338,1160,5,204,408,485,604,792,3,100,266,277,228,464,2,104,142,208,376,328
2019,1,D,발달상권,2120240,개롱역,1422,690,732,2,217,298,436,320,149,0,87,158,205,144,96,2,130,140,231,176,53
2019,1,D,발달상권,2120239,오금역,4651,2679,1972,7,820,1175,1152,823,674,6,356,716,747,425,429,1,464,459,405,398,245
2019,1,D,발달상권,2120238,방이역,806,382,424,1,113,189,212,155,136,1,36,81,81,79,104,0,77,108,131,76,32
2019,1,D,발달상권,2120237,경찰병원역,9976,5190,4786,24,1797,2377,2232,2275,1271,7,729,1431,1349,1049,625,17,1068,946,883,1226,646
2019,1,D,발달상권,2120236,장지역(가든파이브),9440,6360,3080,52,1390,2532,2492,1755,1219,29,729,1710,1719,1194,979,23,661,822,773,561,240
2019,1,D,발달상권,2120235,문정역,37781,24762,13019,131,7588,11895,9397,5525,3245,41,3787,8145,6635,3645,2509,90,3801,3750,2762,1880,736
2019,1,D,발달상권,2120234,가락시장역,8997,5556,3441,76,1600,2317,2155,1622,1227,42,733,1374,1409,1101,897,34,867,943,746,521,330
2019,1,D,발달상권,2120233,몽촌토성역,4670,3076,1594,11,887,1582,1087,639,464,5,433,1061,810,432,335,6,454,521,277,207,129
2019,1,D,발달상권,2120232,송파나루역,1239,718,521,3,198,278,267,287,206,2,81,153,152,161,169,1,117,125,115,126,37
2019,1,D,발달상권,2120231,가락시장,10417,7249,3168,11,648,1887,2835,3097,1939,6,450,1505,2062,1911,1315,5,198,382,773,1186,624
2019,1,D,발달상권,2120230,송파사거리(송파역),1020,463,557,3,124,202,245,218,228,1,33,97,132,88,112,2,91,105,113,130,116
2019,1,D,발달상권,2120229,방이동먹자골목,5883,3557,2326,26,982,1461,1349,1183,882,14,524,921,843,671,584,12,458,540,506,512,298
2019,1,D,발달상권,2120228,석촌역(석촌호수),4543,2553,1990,16,756,1107,970,873,821,4,327,669,559,438,556,12,429,438,411,435,265
2019,1,D,발달상권,2120227,잠실역,88109,47991,40118,522,18673,27118,23751,15802,2243,256,9537,18140,13494,5253,1311,266,9136,8978,10257,10549,932
2019,1,D,발달상권,2120226,석촌고분역,3398,2331,1067,8,434,632,677,536,1111,5,215,407,420,300,984,3,219,225,257,236,127
2019,1,D,발달상권,2120225,잠실새내역(신천),9232,5265,3967,41,1925,2057,2168,1696,1345,18,786,1109,1345,1087,920,23,1139,948,823,609,425
2019,1,D,발달상권,2120224,수서역,12474,6372,6102,26,1620,3030,3101,3020,1677,8,743,1857,1607,1118,1039,18,877,1173,1494,1902,638
2019,1,D,발달상권,2120223,휘문고교사거리,7590,4521,3069,27,1449,2885,1838,811,580,13,562,1769,1274,532,371,14,887,1116,564,279,209
2019,1,D,발달상권,2120222,삼성역,53680,30483,23197,253,12768,16901,12384,7063,4311,107,5049,10056,8425,4236,2610,146,7719,6845,3959,2827,1701
2019,1,D,발달상권,2120221,봉은사역,23852,15287,8565,42,5209,6002,4189,4089,4321,14,2821,4317,3097,2429,2609,28,2388,1685,1092,1660,1712
2019,1,D,발달상권,2120220,대치역,5926,3303,2623,111,2033,2166,940,412,264,2,856,1378,652,237,178,109,1177,788,288,175,86
2019,1,D,발달상권,2120219,은마아파트,2337,903,1434,12,439,580,629,458,219,4,103,250,257,169,120,8,336,330,372,289,99
2019,1,D,발달상권,2120218,코엑스,13249,7986,5263,26,3106,4492,3710,1554,361,12,1145,2411,2837,1323,258,14,1961,2081,873,231,103
2019,1,D,발달상권,2120217,대치사거리,4390,2584,1806,12,919,1536,1031,566,326,6,448,1020,613,271,226,6,471,516,418,295,100
2019,1,D,발달상권,2120216,경기고교사거리(경기고교앞사거리),6433,4385,2048,19,972,1850,1837,928,827,10,417,1255,1507,699,497,9,555,595,330,229,330
2019,1,D,발달상권,2120215,포스코사거리,56036,34252,21784,303,11716,20715,14362,6274,2666,75,4854,12778,10217,4454,1874,228,6862,7937,4145,1820,792
2019,1,D,발달상권,2120214,영동대교남단교차로,5541,3386,2155,16,1077,1816,1275,878,479,3,433,1115,904,584,347,13,644,701,371,294,132
2019,1,D,발달상권,2120213,삼성중앙역,10105,5404,4701,43,2288,3815,2246,1097,616,22,926,2068,1410,627,351,21,1362,1747,836,470,265
2019,1,D,발달상권,2120212,한티역,1798,782,1016,7,370,463,435,327,196,1,113,210,214,140,104,6,257,253,221,187,92
2019,1,D,발달상권,2120211,도성초등학교,2055,952,1103,8,457,682,427,282,199,2,115,267,246,183,139,6,342,415,181,99,60
2019,1,D,발달상권,2120210,선릉역,59677,30858,28819,276,16803,16797,12596,8884,4321,122,6802,9517,7145,4609,2663,154,10001,7280,5451,4275,1658
2019,1,D,발달상권,2120209,"강남구청(청담역_8번, 강남세무서)",4188,1745,2443,40,1129,1312,857,509,341,6,253,584,414,278,210,34,876,728,443,231,131
2019,1,D,발달상권,2120208,청담사거리(청담동명품거리),16138,5625,10513,120,5591,5993,2729,1126,579,26,1384,2157,1187,524,347,94,4207,3836,1542,602,232
2019,1,D,발달상권,2120207,선정릉역,14589,7980,6609,68,3459,4992,3557,1679,834,24,1260,2746,2270,1084,596,44,2199,2246,1287,595,238
2019,1,D,발달상권,2120206,개나리아파트,4854,2753,2101,87,1621,1423,869,508,346,25,764,815,599,311,239,62,857,608,270,197,107
2019,1,D,발달상권,2120205,매봉역,11753,6287,5466,28,1999,2492,2264,1792,3178,12,948,1522,1319,922,1564,16,1051,970,945,870,1614
2019,1,D,발달상권,2120204,르네상스호텔사거리,16137,9394,6743,52,3190,5311,3924,2120,1540,26,1342,3143,2606,1360,917,26,1848,2168,1318,760,623
2019,1,D,발달상권,2120203,강남구청역,13124,6888,6236,45,2725,3973,3275,2135,971,22,940,2155,2072,1107,592,23,1785,1818,1203,1028,379
2019,1,D,발달상권,2120202,압구정로데오역(압구정로데오),6409,2669,3740,52,2598,1912,1013,474,360,15,859,862,500,243,190,37,1739,1050,513,231,170
2019,1,D,발달상권,2120201,도곡1동,7279,4182,3097,32,1373,2268,1914,1037,655,9,530,1228,1286,660,469,23,843,1040,628,377,186
2019,1,D,발달상권,2120200,학동사거리,15890,7170,8720,119,5867,5566,2635,1043,660,53,1865,2671,1460,660,461,66,4002,2895,1175,383,199
2019,1,D,발달상권,2120199,경복아파트교차로,11919,6919,5000,65,2341,3226,2440,1770,2077,30,1011,1986,1765,1037,1090,35,1330,1240,675,733,987
2019,1,D,발달상권,2120198,구역삼세무서,15977,8035,7942,45,3869,4553,3586,2474,1450,15,1270,2534,2154,1216,846,30,2599,2019,1432,1258,604
2019,1,D,발달상권,2120197,역삼역,83275,51431,31844,350,18865,28390,20142,11441,4087,140,8494,18324,14536,7322,2615,210,10371,10066,5606,4119,1472
2019,1,D,발달상권,2120196,서울세관,9795,5711,4084,53,2147,2949,2412,1414,820,12,810,1626,1639,1055,569,41,1337,1323,773,359,251
2019,1,D,발달상권,2120195,성수대교남단,6338,2851,3487,145,2215,2124,984,518,352,51,854,993,547,217,189,94,1361,1131,437,301,163
2019,1,D,발달상권,2120194,언주역(차병원),14014,7709,6305,65,3581,4012,3138,2099,1119,26,1419,2281,2085,1122,776,39,2162,1731,1053,977,343
2019,1,D,발달상권,2120193,도산공원교차로,9947,5581,4366,21,2317,3500,2207,1250,652,4,823,2022,1379,864,489,17,1494,1478,828,386,163
2019,1,D,발달상권,2120192,뱅뱅사거리,29783,18470,11313,111,5717,9062,7449,4740,2704,57,2476,5655,5207,3183,1892,54,3241,3407,2242,1557,812
2019,1,D,발달상권,2120191,학동역,20041,10492,9549,79,5139,5809,4081,2116,2817,29,1588,3215,2553,1195,1912,50,3551,2594,1528,921,905
2019,1,D,발달상권,2120190,강남을지병원,14829,7416,7413,88,4412,4641,3221,1529,938,29,1481,2332,1936,944,694,59,2931,2309,1285,585,244
2019,1,D,발달상권,2120189,강남역,89886,43197,46689,749,22038,28163,21146,11787,6003,214,7277,14468,12672,5975,2591,535,14761,13695,8474,5812,3412
2019,1,D,발달상권,2120188,압구정역,18386,7636,10750,1225,7146,3954,2558,1979,1524,463,2724,1702,1278,772,697,762,4422,2252,1280,1207,827
2019,1,D,발달상권,2120187,신논현역,15853,8242,7611,95,4427,5167,3145,1742,1277,23,1511,2891,2080,994,743,72,2916,2276,1065,748,534
2019,1,D,발달상권,2120186,가로수길,9350,4469,4881,71,2957,2921,1772,987,642,30,1066,1592,945,445,391,41,1891,1329,827,542,251
2019,1,D,발달상권,2120185,논현역,17539,9617,7922,65,3635,5880,4357,2098,1504,16,1344,3339,2677,1258,983,49,2291,2541,1680,840,521
2019,1,D,발달상권,2120184,포이사거리(삼호물산),20186,11359,8827,67,2852,5113,5558,4481,2115,28,1305,3276,3214,2198,1338,39,1547,1837,2344,2283,777
2019,1,D,발달상권,2120183,양재천카페거리,4198,2784,1414,14,955,1513,880,563,273,9,504,1084,625,387,175,5,451,429,255,176,98
2019,1,D,발달상권,2120182,"양재시민의숲역(양재동꽃시장, aT센터)",6227,3928,2299,21,909,1609,1506,1221,961,2,435,1015,989,759,728,19,474,594,517,462,233
2019,1,D,발달상권,2120181,교육개발원입구사거리,7084,4534,2550,26,1235,2116,1636,1194,877,9,597,1414,1198,771,545,17,638,702,438,423,332
2019,1,D,발달상권,2120180,양재화물트럭터미널앞,4481,3590,891,6,881,1633,1190,598,173,1,607,1321,1020,506,135,5,274,312,170,92,38
2019,1,D,발달상권,2120179,양재역,19794,11359,8435,154,4216,5471,4561,3146,2246,54,1639,3267,3043,1923,1433,100,2577,2204,1518,1223,813
2019,1,D,발달상권,2120178,신사역,18232,8870,9362,46,4863,5771,3831,2332,1389,14,1294,2958,2462,1252,890,32,3569,2813,1369,1080,499
2019,1,D,발달상권,2120177,신논현역 1번,2089,1465,624,5,527,817,435,232,73,1,343,586,341,141,53,4,184,231,94,91,20
2019,1,D,발달상권,2120176,논현역 4번,1104,704,400,2,179,305,257,184,177,0,89,192,189,121,113,2,90,113,68,63,64
2019,1,D,발달상권,2120175,남부터미널역,23467,12665,10802,145,5513,6622,5595,3840,1752,82,2479,4118,3320,1648,1018,63,3034,2504,2275,2192,734
2019,1,D,발달상권,2120174,논현역 5번,846,511,335,2,145,247,213,125,114,0,53,157,150,79,72,2,92,90,63,46,42
2019,1,D,발달상권,2120173,교대역(법원.검찰청),24458,12749,11709,72,4612,7265,6164,3832,2513,22,1363,3414,3615,2483,1852,50,3249,3851,2549,1349,661
2019,1,D,발달상권,2120172,교대입구교차로,15450,8801,6649,69,3442,4255,3570,2534,1580,32,1494,2575,2220,1398,1082,37,1948,1680,1350,1136,498
2019,1,D,발달상권,2120171,서초3동사거리,10972,6761,4211,33,1942,3117,2555,1732,1593,11,837,1989,1800,1082,1042,22,1105,1128,755,650,551
2019,1,D,발달상권,2120170,삼호가든사거리,2710,1269,1441,4,565,861,663,385,232,0,163,367,387,199,153,4,402,494,276,186,79
2019,1,D,발달상권,2120169,서초역,23159,11313,11846,105,5411,6884,5785,3463,1511,27,1800,3523,2978,1857,1128,78,3611,3361,2807,1606,383
2019,1,D,발달상권,2120168,서울고교교차로,2684,1729,955,4,467,1003,813,288,109,2,156,640,627,232,72,2,311,363,186,56,37
2019,1,D,발달상권,2120167,고속터미널(고속터미널역),4606,2026,2580,28,761,816,810,945,1246,8,292,404,417,396,509,20,469,412,393,549,737
2019,1,D,발달상권,2120166,방배역,6583,3826,2757,54,1376,1711,1370,1037,1035,10,558,973,908,605,772,44,818,738,462,432,263
2019,1,D,발달상권,2120165,서래마을카페거리(서래마을),3048,1610,1438,48,780,818,690,436,276,16,338,446,391,268,151,32,442,372,299,168,125
2019,1,D,발달상권,2120164,내방역,9980,4664,5316,34,1811,2569,2644,1921,1001,12,732,1301,1170,804,645,22,1079,1268,1474,1117,356
2019,1,D,발달상권,2120163,사당역 11번(사당역먹자골목),260,137,123,0,29,55,76,48,52,0,18,27,41,27,24,0,11,28,35,21,28
2019,1,D,발달상권,2120162,방배동카페골목,1888,1148,740,14,342,474,411,272,375,12,172,330,288,143,203,2,170,144,123,129,172
2019,1,D,발달상권,2120161,방배동가구거리(사당동가구거리),1621,1009,612,2,258,499,364,239,259,0,112,341,266,162,128,2,146,158,98,77,131
2019,1,D,발달상권,2120160,사당역(사당),7836,4004,3832,50,1396,1768,1908,1895,819,35,688,1048,1007,723,503,15,708,720,901,1172,316
2019,1,D,발달상권,2120159,서울대입구역,3347,1613,1734,30,691,773,775,514,564,5,250,370,392,247,349,25,441,403,383,267,215
2019,1,D,발달상권,2120158,녹두거리(대학동),1295,799,496,7,145,203,343,406,191,4,64,123,228,265,115,3,81,80,115,141,76
2019,1,D,발달상권,2120157,신림역(신림),2262,974,1288,16,519,433,505,438,351,7,167,206,247,157,190,9,352,227,258,281,161
2019,1,D,발달상권,2120156,"총신대입구역(이수, 총신대)",5367,2438,2929,21,938,1264,1346,1129,669,12,373,671,666,401,315,9,565,593,680,728,354
2019,1,D,발달상권,2120155,총신대학교,116,60,56,0,10,19,39,39,9,0,5,8,21,19,7,0,5,11,18,20,2
2019,1,D,발달상권,2120154,장승배기역,976,492,484,0,101,166,241,278,190,0,30,70,136,167,89,0,71,96,105,111,101
2019,1,D,발달상권,2120153,노량진역(노량진),5996,3391,2605,24,711,1596,1504,1430,731,8,299,749,879,962,494,16,412,847,625,468,237
2019,1,D,발달상권,2120152,신대방삼거리역,1688,810,878,9,227,387,436,372,257,2,86,209,236,157,120,7,141,178,200,215,137
2019,1,D,발달상권,2120151,보라매공원,11978,6495,5483,31,2063,3907,3561,1813,603,10,752,1906,2051,1327,449,21,1311,2001,1510,486,154
2019,1,D,발달상권,2120150,63빌딩,12219,5999,6220,14,1742,3086,3802,2817,758,7,689,1703,2003,1399,198,7,1053,1383,1799,1418,560
2019,1,D,발달상권,2120149,여의도역(여의도),127189,74673,52516,490,19224,40900,38489,21819,6267,108,8518,21874,24162,16294,3717,382,10706,19026,14327,5525,2550
2019,1,D,발달상권,2120148,국회의사당역(국회의사당),40641,24099,16542,137,9591,14214,9282,5094,2323,34,3796,8376,6597,3691,1605,103,5795,5838,2685,1403,718
2019,1,D,발달상권,2120147,보라매역,2831,1610,1221,37,402,527,529,571,765,3,122,318,311,343,513,34,280,209,218,228,252
2019,1,D,발달상권,2120146,한강성심병원,5283,3515,1768,6,582,1159,1315,1162,1059,4,285,709,944,868,705,2,297,450,371,294,354
2019,1,D,발달상권,2120145,영등포역(영등포),7544,3772,3772,108,1632,1980,1694,1286,844,43,624,1033,899,686,487,65,1008,947,795,600,357
2019,1,D,발달상권,2120144,영중로,6455,4140,2315,22,1209,1883,1468,1124,749,11,630,1301,1048,640,510,11,579,582,420,484,239
2019,1,D,발달상권,2120143,당산역,10204,6319,3885,51,1251,1703,2192,2477,2530,22,679,1189,1394,1385,1650,29,572,514,798,1092,880
2019,1,D,발달상권,2120142,대림역,1645,926,719,1,163,327,454,439,261,1,66,182,262,258,157,0,97,145,192,181,104
2019,1,D,발달상권,2120141,영등포청과시장교차로,2219,967,1252,6,262,553,733,452,213,2,103,253,331,155,123,4,159,300,402,297,90
2019,1,D,발달상권,2120140,문래동주민센터,16605,8067,8538,89,3842,4817,4279,2162,1416,37,1473,2445,2144,1068,900,52,2369,2372,2135,1094,516
2019,1,D,발달상권,2120139,대림3동사거리,4735,2898,1837,23,608,1117,1243,992,752,14,307,771,867,557,382,9,301,346,376,435,370
2019,1,D,발달상권,2120138,당산2동(영등포우체국),15614,7353,8261,80,4031,4620,3805,2028,1050,18,1379,2299,1790,1135,732,62,2652,2321,2015,893,318
2019,1,D,발달상권,2120137,문래역(문래로데오거리),269,110,159,1,59,68,74,56,11,0,23,28,31,23,5,1,36,40,43,33,6
2019,1,D,발달상권,2120136,영등포구청역,10267,5296,4971,32,1708,1936,1927,2354,2310,23,857,1115,1089,977,1235,9,851,821,838,1377,1075
2019,1,D,발달상권,2120135,양평역,7046,3893,3153,46,1785,1850,1681,1121,563,17,795,1123,925,556,477,29,990,727,756,565,86
2019,1,D,발달상권,2120134,구로전화국,3259,2270,989,2,226,440,503,579,1509,1,87,235,288,305,1354,1,139,205,215,274,155
2019,1,D,발달상권,2120133,서울시흥동우체국(홈플러스시흥점),396,163,233,2,56,88,86,95,69,1,20,42,31,38,31,1,36,46,55,57,38
2019,1,D,발달상권,2120132,독산동,11765,7967,3798,45,1626,2983,3003,2738,1370,21,971,2111,2065,1766,1033,24,655,872,938,972,337
2019,1,D,발달상권,2120131,가산디지털단지,133503,85765,47738,626,29975,42522,33288,17742,9350,331,14965,28784,23508,11600,6577,295,15010,13738,9780,6142,2773
2019,1,D,발달상권,2120130,구로디지털단지역,2265,1069,1196,7,443,477,525,455,358,4,165,230,254,194,222,3,278,247,271,261,136
2019,1,D,발달상권,2120129,구로디지털단지,76766,46642,30124,387,17430,25610,17969,9802,5568,227,8210,16993,12207,5427,3578,160,9220,8617,5762,4375,1990
2019,1,D,발달상권,2120128,신도림역,7558,3092,4466,38,1759,2846,1704,840,371,12,566,1026,830,447,211,26,1193,1820,874,393,160
2019,1,D,발달상권,2120127,구로구청,8906,6337,2569,15,1347,2304,1986,1866,1388,9,1007,1881,1510,1111,819,6,340,423,476,755,569
2019,1,D,발달상권,2120126,디지털단지오거리,133,88,45,0,12,24,41,37,19,0,4,20,29,21,14,0,8,4,12,16,5
2019,1,D,발달상권,2120125,구로역,20881,12140,8741,43,2717,6131,5838,4064,2088,19,1232,3210,3432,2681,1566,24,1485,2921,2406,1383,522
2019,1,D,발달상권,2120124,개봉동 현대아파트,927,351,576,1,107,164,230,256,169,1,29,65,93,96,67,0,78,99,137,160,102
2019,1,D,발달상권,2120123,오류동역,1731,846,885,13,242,261,374,443,398,8,126,139,143,164,266,5,116,122,231,279,132
2019,1,D,발달상권,2120122,강서구청,3048,1668,1380,8,371,650,838,726,455,5,160,338,490,403,272,3,211,312,348,323,183
2019,1,D,발달상권,2120121,까치산역,838,325,513,6,123,157,184,215,153,4,41,75,76,67,62,2,82,82,108,148,91
2019,1,D,발달상권,2120120,화곡역,1787,700,1087,12,360,441,447,332,195,3,78,174,203,137,105,9,282,267,244,195,90
2019,1,D,발달상권,2120119,발산역(마곡),8316,5000,3316,46,1701,2336,1958,1298,977,16,722,1459,1280,801,722,30,979,877,678,497,255
2019,1,D,발달상권,2120118,마곡역(마곡),763,463,300,0,163,271,176,106,47,0,61,162,128,80,32,0,102,109,48,26,15
2019,1,D,발달상권,2120117,강서농산물도매시장,1617,1089,528,4,96,291,504,457,265,1,69,219,332,289,179,3,27,72,172,168,86
2019,1,D,발달상권,2120116,송정역,373,195,178,0,50,66,81,98,78,0,18,36,42,48,51,0,32,30,39,50,27
2019,1,D,발달상권,2120115,김포공항역(김포공항),33,13,20,0,9,14,6,3,1,0,1,7,4,1,0,0,8,7,2,2,1
2019,1,D,발달상권,2120114,목동신시가지,12837,7970,4867,62,2100,3303,3625,2766,981,24,888,1964,2464,1991,639,38,1212,1339,1161,775,342
2019,1,D,발달상권,2120113,오목교역,1491,654,837,9,336,380,329,267,170,3,119,189,134,115,94,6,217,191,195,152,76
2019,1,D,발달상권,2120112,등촌역,2889,1596,1293,10,406,638,649,555,631,7,134,353,406,322,374,3,272,285,243,233,257
2019,1,D,발달상권,2120111,목동사거리,1148,507,641,1,138,214,275,295,225,1,59,101,124,108,114,0,79,113,151,187,111
2019,1,D,발달상권,2120110,목동역 8번출구,1926,736,1190,11,377,396,427,382,333,7,101,160,192,125,151,4,276,236,235,257,182
2019,1,D,발달상권,2120109,서울남부지방법원,2149,1151,998,8,284,419,527,528,383,1,124,235,294,281,216,7,160,184,233,247,167
2019,1,D,발달상권,2120108,신정네거리역,1928,987,941,4,220,415,472,467,350,1,95,205,230,252,204,3,125,210,242,215,146
2019,1,D,발달상권,2120107,공덕역(공덕오거리),21425,12103,9322,83,4244,6117,5672,4165,1144,40,1865,3591,3551,2339,717,43,2379,2526,2121,1826,427
2019,1,D,발달상권,2120106,마포역,16391,9824,6567,87,2847,3909,3756,3274,2518,33,1337,2452,2542,1852,1608,54,1510,1457,1214,1422,910
2019,1,D,발달상권,2120105,상수역(홍대),1744,908,836,12,530,639,340,128,95,7,217,347,211,70,56,5,313,292,129,58,39
2019,1,D,발달상권,2120104,연남동(홍대),11401,5294,6107,77,3410,3353,2177,1422,962,41,1167,1740,1226,664,456,36,2243,1613,951,758,506
2019,1,D,발달상권,2120103,홍대입구역(홍대),15575,8310,7265,137,4971,4135,2922,1881,1529,56,1970,2470,1820,961,1033,81,3001,1665,1102,920,496
2019,1,D,발달상권,2120102,서교동(홍대),9828,4976,4852,48,1967,2473,2094,1523,1723,15,734,1308,1335,904,680,33,1233,1165,759,619,1043
2019,1,D,발달상권,2120101,합정역,8224,4168,4056,40,1839,2901,2252,846,346,12,551,1462,1394,541,208,28,1288,1439,858,305,138
2019,1,D,발달상권,2120100,망원역,3235,1457,1778,34,844,795,675,604,283,18,367,407,318,193,154,16,477,388,357,411,129
2019,1,D,발달상권,2120099,월드컵경기장역(월드컵경기장),276,129,147,1,85,75,60,34,21,1,26,46,33,12,11,0,59,29,27,22,10
2019,1,D,발달상권,2120098,DMC(디지털미디어시티),24476,14813,9663,25,5096,9358,6983,2500,514,10,1900,5553,5153,1858,339,15,3196,3805,1830,642,175
2019,1,D,발달상권,2120097,충정로역,7387,4865,2522,7,1501,2960,1846,738,335,2,838,1885,1357,544,239,5,663,1075,489,194,96
2019,1,D,발달상권,2120096,"이화여대(이대역, 이대)",1256,551,705,12,253,340,304,207,140,2,71,150,147,93,88,10,182,190,157,114,52
2019,1,D,발달상권,2120095,홍제역,1164,431,733,3,173,224,291,288,185,1,40,77,92,114,107,2,133,147,199,174,78
2019,1,D,발달상권,2120094,"신촌역(신촌역, 신촌로터리)",8452,4150,4302,67,1935,1950,2077,1690,733,38,949,1133,1030,654,346,29,986,817,1047,1036,387
2019,1,D,발달상권,2120093,연희동,1268,588,680,1,238,245,320,248,216,0,88,118,164,99,119,1,150,127,156,149,97
2019,1,D,발달상권,2120092,불광역,419,191,228,1,42,71,113,126,66,0,21,26,52,56,36,1,21,45,61,70,30
2019,1,D,발달상권,2120091,본서부병원,1133,487,646,9,161,253,303,241,166,2,47,125,159,84,70,7,114,128,144,157,96
2019,1,D,발달상권,2120090,연신내역,1192,399,793,13,250,229,287,233,180,8,55,82,103,75,76,5,195,147,184,158,104
2019,1,D,발달상권,2120089,구파발역,86,33,53,1,23,19,25,10,8,0,7,9,9,3,5,1,16,10,16,7,3
2019,1,D,발달상권,2120088,구산역,1006,374,632,4,159,207,260,231,145,3,43,93,98,70,67,1,116,114,162,161,78
2019,1,D,발달상권,2120087,응암역,552,260,292,0,100,128,126,113,85,0,26,66,65,53,50,0,74,62,61,60,35
2019,1,D,발달상권,2120086,태릉입구역,1352,708,644,3,231,318,300,287,213,1,115,175,156,141,120,2,116,143,144,146,93
2019,1,D,발달상권,2120085,은행사거리,1105,499,606,6,214,201,313,226,145,2,89,94,126,104,84,4,125,107,187,122,61
2019,1,D,발달상권,2120084,공릉역,1919,987,932,6,122,143,214,439,995,3,39,62,128,245,510,3,83,81,86,194,485
2019,1,D,발달상권,2120083,등나무근린공원,1215,552,663,4,162,240,317,287,205,2,63,112,144,109,122,2,99,128,173,178,83
2019,1,D,발달상권,2120082,상계백병원,1916,547,1369,2,547,600,482,204,81,1,127,162,129,83,45,1,420,438,353,121,36
2019,1,D,발달상권,2120081,노원역,5255,1852,3403,47,1264,1086,1162,1031,665,15,318,433,450,344,292,32,946,653,712,687,373
2019,1,D,발달상권,2120080,마들역,510,147,363,2,83,114,122,116,73,0,14,35,32,36,30,2,69,79,90,80,43
2019,1,D,발달상권,2120079,창동역,1816,949,867,7,268,325,499,379,338,3,80,157,264,208,237,4,188,168,235,171,101
2019,1,D,발달상권,2120078,미아사거리역,1147,500,647,12,275,302,251,190,117,5,112,156,104,65,58,7,163,146,147,125,59
2019,1,D,발달상권,2120077,미아역,1123,511,612,2,194,221,202,233,271,0,58,86,100,96,171,2,136,135,102,137,100
2019,1,D,발달상권,2120076,수유역,4392,2103,2289,24,749,857,1004,943,815,13,267,419,487,454,463,11,482,438,517,489,352
2019,1,D,발달상권,2120075,월곡역,904,449,455,3,125,220,220,191,145,1,46,116,138,83,65,2,79,104,82,108,80
2019,1,D,발달상권,2120074,안암역,361,215,146,3,72,127,83,44,32,1,33,96,51,20,14,2,39,31,32,24,18
2019,1,D,발달상권,2120073,미아사거리,974,342,632,12,211,241,237,178,95,4,56,88,106,43,45,8,155,153,131,135,50
2019,1,D,발달상권,2120072,성신여대,2631,1318,1313,20,684,627,515,416,369,3,251,328,286,220,230,17,433,299,229,196,139
2019,1,D,발달상권,2120071,성북구청,777,311,466,3,117,173,182,177,125,1,36,81,87,63,43,2,81,92,95,114,82
2019,1,D,발달상권,2120070,한성대입구역,1179,529,650,17,189,237,265,269,202,8,67,130,120,125,79,9,122,107,145,144,123
2019,1,D,발달상권,2120069,상봉역,1870,910,960,8,334,398,406,391,333,4,108,182,220,199,197,4,226,216,186,192,136
2019,1,D,발달상권,2120068,사가정역,451,171,280,6,118,89,95,85,58,0,29,32,49,27,34,6,89,57,46,58,24
2019,1,D,발달상권,2120067,장안동사거리,3485,1491,1994,37,575,696,828,810,539,10,176,298,393,343,271,27,399,398,435,467,268
2019,1,D,발달상권,2120066,장한평역(장한평),13719,8378,5341,77,2471,3126,2971,2618,2456,24,1158,1947,1873,1597,1779,53,1313,1179,1098,1021,677
2019,1,D,발달상권,2120065,회기역,1025,565,460,6,155,205,219,199,241,3,70,117,110,93,172,3,85,88,109,106,69
2019,1,D,발달상권,2120064,경희대학교(경희대),471,228,243,3,93,121,101,86,67,0,51,73,56,26,22,3,42,48,45,60,45
2019,1,D,발달상권,2120063,청량리역(청량리),2274,930,1344,29,495,419,461,470,400,14,197,168,166,169,216,15,298,251,295,301,184
2019,1,D,발달상권,2120062,신설동역,11312,4710,6602,32,1356,2643,3384,2581,1316,12,437,1342,1344,896,679,20,919,1301,2040,1685,637
2019,1,D,발달상권,2120061,올림픽대교북단,665,258,407,7,156,155,170,113,64,3,38,60,79,42,36,4,118,95,91,71,28
2019,1,D,발달상권,2120060,강변역(테크노마트),4726,3201,1525,30,699,1043,1210,975,769,16,328,703,903,729,522,14,371,340,307,246,247
2019,1,D,발달상권,2120059,구삼강변맛길,2520,1178,1342,10,328,443,390,560,789,9,151,236,197,225,360,1,177,207,193,335,429
2019,1,D,발달상권,2120058,구의사거리,755,347,408,0,106,154,184,195,116,0,24,74,91,97,61,0,82,80,93,98,55
2019,1,D,발달상권,2120057,아차산역,2856,1434,1422,27,354,592,594,710,579,10,157,303,328,304,332,17,197,289,266,406,247
2019,1,D,발달상권,2120056,구의역,3858,2160,1698,15,531,803,916,713,880,3,185,409,526,398,639,12,346,394,390,315,241
2019,1,D,발달상권,2120055,군자역,5139,2965,2174,9,766,1244,1305,1066,749,4,338,732,815,632,444,5,428,512,490,434,305
2019,1,D,발달상권,2120054,어린이대공원역,1120,603,517,5,199,241,265,242,168,2,78,140,151,124,108,3,121,101,114,118,60
2019,1,D,발달상권,2120053,건대입구역(건대),3254,1513,1741,43,973,755,601,461,421,18,389,403,310,180,213,25,584,352,291,281,208
2019,1,D,발달상권,2120052,성수역,16133,9160,6973,71,3426,4299,3792,2791,1754,22,1512,2522,2367,1668,1069,49,1914,1777,1425,1123,685
2019,1,D,발달상권,2120051,뚝섬역,19133,10007,9126,124,5134,6041,4237,2793,804,53,2338,3748,2446,972,450,71,2796,2293,1791,1821,354
2019,1,D,발달상권,2120050,서울숲역,1772,1152,620,7,379,587,488,225,86,5,178,376,352,169,72,2,201,211,136,56,14
2019,1,D,발달상권,2120049,왕십리역(왕십리),3393,2199,1194,26,611,684,821,799,452,11,293,424,565,582,324,15,318,260,256,217,128
2019,1,D,발달상권,2120048,금호역,352,145,207,4,73,85,72,72,46,1,25,38,32,27,22,3,48,47,40,45,24
2019,1,D,발달상권,2120047,한남오거리,3055,1754,1301,11,620,921,676,502,325,6,251,549,417,314,217,5,369,372,259,188,108
2019,1,D,발달상권,2120046,이태원(이태원역),4418,2662,1756,30,1441,1481,714,434,318,12,837,966,442,240,165,18,604,515,272,194,153
2019,1,D,발달상권,2120045,남영동 먹자골목,3688,2482,1206,18,966,1268,884,397,155,3,477,946,694,264,98,15,489,322,190,133,57
2019,1,D,발달상권,2120044,삼각지역,1461,920,541,3,145,314,343,361,295,2,67,191,234,228,198,1,78,123,109,133,97
2019,1,D,발달상권,2120043,서울역,31101,21400,9701,151,4975,11041,9764,3931,1239,23,2332,7307,7739,3049,950,128,2643,3734,2025,882,289
2019,1,D,발달상권,2120042,"숙대입구역(남영역, 남영동)",12138,6416,5722,674,4430,3571,2206,937,320,280,2069,1974,1270,600,223,394,2361,1597,936,337,97
2019,1,D,발달상권,2120041,신용산역(용산역),49852,26013,23839,307,15193,17738,11192,3941,1481,106,6021,9533,6712,2654,987,201,9172,8205,4480,1287,494
2019,1,D,발달상권,2120040,용산전자상가(용산역),12030,8881,3149,121,2029,4200,3537,1465,678,90,1358,3200,2667,1071,495,31,671,1000,870,394,183
2019,1,D,발달상권,2120039,신당역,7014,3615,3399,19,1374,2324,1637,1041,619,6,583,1186,877,607,356,13,791,1138,760,434,263
2019,1,D,발달상권,2120038,약수역,3976,1870,2106,57,1124,1015,764,541,475,26,435,504,406,236,263,31,689,511,358,305,212
2019,1,D,발달상권,2120037,동대문역사문화공원역,24674,11145,13529,121,5872,6288,5471,4916,2006,33,3089,3776,2577,1142,528,88,2783,2512,2894,3774,1478
2019,1,D,발달상권,2120036,장충동족발거리(남소영길),1765,1226,539,2,250,628,490,256,139,1,122,438,396,186,83,1,128,190,94,70,56
2019,1,D,발달상권,2120035,퇴계로5가,2130,1470,660,2,320,587,647,381,193,0,166,392,489,286,137,2,154,195,158,95,56
2019,1,D,발달상권,2120034,중구청(퇴계로4가),4446,2595,1851,14,391,944,1209,1195,693,6,139,430,693,826,501,8,252,514,516,369,192
2019,1,D,발달상권,2120033,을지로4가역,2164,1193,971,4,395,597,562,369,237,2,140,297,362,216,176,2,255,300,200,153,61
2019,1,D,발달상권,2120032,충무로역,15898,7857,8041,67,2771,3639,4266,3610,1545,26,1039,1970,2240,1605,977,41,1732,1669,2026,2005,568
2019,1,D,발달상권,2120031,을지로3가역,41878,25414,16464,244,9527,10961,9730,6898,4518,115,5489,7024,6158,3957,2671,129,4038,3937,3572,2941,1847
2019,1,D,발달상권,2120030,중부경찰서(영화인의거리),20444,11539,8905,642,6137,5341,3996,2744,1584,287,2642,3058,2752,1821,979,355,3495,2283,1244,923,605
2019,1,D,발달상권,2120029,을지로2가,16089,7922,8167,32,2036,6922,4914,1860,325,9,840,2730,2549,1553,241,23,1196,4192,2365,307,84
2019,1,D,발달상권,2120028,명동(명동거리),24789,10251,14538,189,6055,7570,6188,3375,1412,69,1949,3189,2574,1587,883,120,4106,4381,3614,1788,529
2019,1,D,발달상권,2120027,명동역(명동재미로),26564,12296,14268,68,4548,9738,7823,4023,364,25,1416,4294,3710,2608,243,43,3132,5444,4113,1415,121
2019,1,D,발달상권,2120026,을지로입구역,57532,31054,26478,170,9906,21788,16632,8031,1005,36,3393,10249,10435,6292,649,134,6513,11539,6197,1739,356
2019,1,D,발달상권,2120025,롯데백화점(시청광장 지하쇼핑센터),28031,9487,18544,202,13652,8526,3982,1481,188,64,3479,2719,2162,944,119,138,10173,5807,1820,537,69
2019,1,D,발달상권,2120024,회현역,1675,797,878,12,404,476,363,249,171,3,132,252,175,130,105,9,272,224,188,119,66
2019,1,D,발달상권,2120023,서울시청,19483,9145,10338,167,7603,5204,3509,2230,770,36,2505,2475,2032,1569,528,131,5098,2729,1477,661,242
2019,1,D,발달상권,2120022,북창동(시청역_6번),8135,4122,4013,48,1543,2399,2310,1093,742,7,640,1228,1180,594,473,41,903,1171,1130,499,269
2019,1,D,발달상권,2120021,시청역_8번,48847,32642,16205,137,8776,17674,14439,6648,1173,49,4576,10372,10913,5782,950,88,4200,7302,3526,866,223
2019,1,D,발달상권,2120020,시청역_1번,9397,6111,3286,17,1757,2655,2545,1916,507,8,740,1703,1933,1359,368,9,1017,952,612,557,139
2019,1,D,발달상권,2120019,경찰청앞교차로,9258,4736,4522,14,1772,3489,2615,1042,326,3,700,1710,1353,728,242,11,1072,1779,1262,314,84
2019,1,D,발달상권,2120018,중림동,6036,3353,2683,11,921,1550,1544,1275,735,5,316,777,975,827,453,6,605,773,569,448,282
2019,1,D,발달상권,2120017,동묘앞역(동묘),1227,420,807,6,182,323,381,196,139,2,63,103,91,66,95,4,119,220,290,130,44
2019,1,D,발달상권,2120016,동대문역,550,320,230,3,80,119,146,104,98,3,29,77,82,60,69,0,51,42,64,44,29
2019,1,D,발달상권,2120015,종로6가,1103,625,478,6,149,292,284,212,160,1,60,172,150,131,111,5,89,120,134,81,49
2019,1,D,발달상권,2120014,종로5가역,6357,3671,2686,364,1168,1563,1769,1011,482,102,443,932,1221,649,324,262,725,631,548,362,158
2019,1,D,발달상권,2120013,이화사거리,6159,4062,2097,10,1029,1896,1645,1185,394,0,390,1090,1247,1037,298,10,639,806,398,148,96
2019,1,D,발달상권,2120012,대학로(혜화역),3744,1720,2024,38,1005,962,759,556,424,11,389,462,380,243,235,27,616,500,379,313,189
2019,1,D,발달상권,2120011,종로4가,4029,2330,1699,21,752,1231,1194,622,209,8,332,742,719,379,150,13,420,489,475,243,59
2019,1,D,발달상권,2120010,원남동사거리,4295,2694,1601,33,1014,1400,1008,605,235,2,434,933,744,406,175,31,580,467,264,199,60
2019,1,D,발달상권,2120009,종로3가역,12821,6616,6205,61,2332,2998,3066,2481,1883,20,847,1489,1652,1373,1235,41,1485,1509,1414,1108,648
2019,1,D,발달상권,2120008,인사동,15017,9986,5031,77,2584,4735,3800,2751,1070,53,1108,3021,2972,2139,693,24,1476,1714,828,612,377
2019,1,D,발달상권,2120007,북촌(안국역),20692,17758,2934,42,2603,7914,5664,3794,675,16,1674,6860,5134,3534,540,26,929,1054,530,260,135
2019,1,D,발달상권,2120006,종각역,37433,23505,13928,104,6178,12593,10567,6573,1418,34,2536,7135,7513,5411,876,70,3642,5458,3054,1162,542
2019,1,D,발달상권,2120005,삼청동,1238,525,713,3,276,336,267,232,124,2,95,148,122,113,45,1,181,188,145,119,79
2019,1,D,발달상권,2120004,종로구청,22544,12462,10082,856,4487,6983,5987,3165,1066,365,1879,3607,3819,2153,639,491,2608,3376,2168,1012,427
2019,1,D,발달상권,2120003,광화문역,83290,47589,35701,1365,17560,23382,21714,13528,5741,604,7261,12645,14412,9301,3366,761,10299,10737,7302,4227,2375
2019,1,D,발달상권,2120002,서촌(경복궁역),2678,1375,1303,3,603,912,612,326,222,0,231,501,349,168,126,3,372,411,263,158,96
2019,1,D,발달상권,2120001,서대문역,29402,15862,13540,85,5497,9146,8436,5791,447,29,1662,4505,4670,4668,328,56,3835,4641,3766,1123,119
2019,1,A,골목상권,2111090,강일동주민센터,633,359,274,8,90,136,161,155,83,5,35,75,83,105,56,3,55,61,78,50,27
2019,1,A,골목상권,2111089,상일여고(상일초등학교),1159,449,710,2,65,126,224,274,468,1,28,65,120,119,116,1,37,61,104,155,352
2019,1,A,골목상권,2111088,고덕동성당,276,109,167,1,32,38,42,65,98,0,14,24,12,27,32,1,18,14,30,38,66
2019,1,A,골목상권,2111087,고덕중학교(고덕2동주민센터),128,34,94,0,12,17,25,46,28,0,4,6,7,10,7,0,8,11,18,36,21
2019,1,A,골목상권,2111086,한영중고,278,104,174,2,29,46,81,72,48,0,8,17,30,30,19,2,21,29,51,42,29
2019,1,A,골목상권,2111085,묘곡초등학교(고덕아이파크아파트),392,146,246,0,37,50,67,93,145,0,9,26,32,27,52,0,28,24,35,66,93
2019,1,A,골목상권,2111084,길동신동아아파트,55,31,24,0,14,19,7,6,9,0,6,14,3,3,5,0,8,5,4,3,4
2019,1,A,골목상권,2111083,GS강동자이아파트,393,194,199,1,41,78,85,110,78,1,23,48,39,46,37,0,18,30,46,64,41
2019,1,A,골목상권,2111082,중앙보훈병원,66,44,22,0,10,8,14,20,14,0,8,5,6,14,11,0,2,3,8,6,3
2019,1,A,골목상권,2111081,둔촌푸르지오아파트,215,136,79,0,23,48,65,49,30,0,14,36,44,24,18,0,9,12,21,25,12
2019,1,A,골목상권,2111080,굽은다리역 3번,461,233,228,0,52,80,114,102,113,0,8,51,69,49,56,0,44,29,45,53,57
2019,1,A,골목상권,2111079,둔촌고등학교(둔촌중학교),132,64,68,0,13,19,40,37,23,0,10,7,17,19,11,0,3,12,23,18,12
2019,1,A,골목상권,2111078,굽은다리역 4번,1065,534,531,2,116,240,276,253,178,0,43,126,138,119,108,2,73,114,138,134,70
2019,1,A,골목상권,2111077,길동주민센터(강동도서관),1828,1014,814,1,168,339,397,422,501,0,70,206,219,190,329,1,98,133,178,232,172
2019,1,A,골목상권,2111076,둔촌2동주민센터,500,269,231,4,38,99,104,115,140,3,20,56,60,54,76,1,18,43,44,61,64
2019,1,A,골목상권,2111075,굽은다리역 2번,431,221,210,6,60,110,117,90,48,5,38,69,59,29,21,1,22,41,58,61,27
2019,1,A,골목상권,2111074,명일역 1번,97,53,44,0,6,8,24,30,29,0,2,4,11,19,17,0,4,4,13,11,12
2019,1,A,골목상권,2111073,둔촌동역 1번(한산중학교),2027,1144,883,1,454,628,395,355,194,0,185,356,246,213,144,1,269,272,149,142,50
2019,1,A,골목상권,2111072,굽은다리역 1번(십자성마을),953,495,458,0,94,169,232,240,218,0,23,80,117,127,148,0,71,89,115,113,70
2019,1,A,골목상권,2111071,천동초등학교,54,37,17,0,1,16,17,14,6,0,1,10,10,12,4,0,0,6,7,2,2
2019,1,A,골목상권,2111070,천호초등학교,102,39,63,0,5,16,23,30,28,0,3,10,11,7,8,0,2,6,12,23,20
2019,1,A,골목상권,2111069,천호1동주민센터,207,111,96,2,28,36,36,63,42,2,17,19,17,35,21,0,11,17,19,28,21
2019,1,A,골목상권,2111068,강동성심병원,1208,364,844,0,484,358,216,109,41,0,107,115,75,40,27,0,377,243,141,69,14
2019,1,A,골목상권,2111067,강동구립성내도서관,686,416,270,1,80,178,169,152,106,1,43,114,105,80,73,0,37,64,64,72,33
2019,1,A,골목상권,2111066,암사동성당(효정하나플러스아파트),404,194,210,2,30,111,108,88,65,2,7,66,60,42,17,0,23,45,48,46,48
2019,1,A,골목상권,2111065,천일초등학교,17,10,7,0,1,5,3,4,4,0,0,4,1,2,3,0,1,1,2,2,1
2019,1,A,골목상권,2111064,둔촌동역 4번,183,94,89,0,18,38,57,47,23,0,6,22,34,23,9,0,12,16,23,24,14
2019,1,A,골목상권,2111063,강동구립 천호도서관,202,53,149,0,26,37,42,55,42,0,2,8,15,10,18,0,24,29,27,45,24
2019,1,A,골목상권,2111062,둔촌동역 3번(성내3동주민센터),697,407,290,0,108,204,174,144,67,0,51,128,93,84,51,0,57,76,81,60,16
2019,1,A,골목상권,2111061,암사역 1번,491,237,254,0,52,113,140,122,64,0,27,61,57,53,39,0,25,52,83,69,25
2019,1,A,골목상권,2111060,암사역 2번(서울강동초등학교),1168,600,568,2,164,290,317,264,131,2,65,141,178,131,83,0,99,149,139,133,48
2019,1,A,골목상권,2111059,강동역 4번(강풀만화거리),1572,891,681,1,179,323,357,386,326,0,75,180,193,217,226,1,104,143,164,169,100
2019,1,A,골목상권,2111058,성내중학교,296,179,117,0,34,88,90,52,32,0,14,49,60,32,24,0,20,39,30,20,8
2019,1,A,골목상권,2111057,천호공원(해공체육문화센터),432,170,262,2,65,82,119,110,54,0,11,28,46,54,31,2,54,54,73,56,23
2019,1,A,골목상권,2111056,천호태영아파트,348,161,187,2,49,66,90,76,65,0,13,33,40,36,39,2,36,33,50,40,26
2019,1,A,골목상권,2111055,선사초등학교,969,326,643,2,30,55,187,436,259,1,12,25,47,82,159,1,18,30,140,354,100
2019,1,A,골목상권,2111054,암사역 4번(삼성광나루아파트),96,44,52,0,16,25,28,15,12,0,5,13,13,8,5,0,11,12,15,7,7
2019,1,A,골목상권,2111053,성내천어린이공원(하니사랑길),1752,917,835,5,290,560,476,283,138,1,111,263,263,169,110,4,179,297,213,114,28
2019,1,A,골목상권,2111052,암사역 3번(천호동자전거거리),607,316,291,3,81,126,173,150,74,0,38,77,93,65,43,3,43,49,80,85,31
2019,1,A,골목상권,2111051,천호역 6번,794,447,347,9,169,197,179,150,90,5,70,117,113,80,62,4,99,80,66,70,28
2019,1,A,골목상권,2111050,강동구청(강동구청역 2번),88,49,39,0,17,26,21,17,7,0,9,13,9,13,5,0,8,13,12,4,2
2019,1,A,골목상권,2111049,천호지구대(천호동자전거거리),754,512,242,0,52,118,138,153,293,0,33,76,86,104,213,0,19,42,52,49,80
2019,1,A,골목상권,2111048,천호역 1번(천호문구완구거리),207,129,78,1,27,63,49,40,27,0,13,39,35,24,18,1,14,24,14,16,9
2019,1,A,골목상권,2111047,마천1치안센터,149,83,66,0,11,27,39,44,28,0,7,17,26,20,13,0,4,10,13,24,15
2019,1,A,골목상권,2111046,마천역(마천초등학교),832,436,396,2,67,120,223,240,180,0,20,53,91,135,137,2,47,67,132,105,43
2019,1,A,골목상권,2111045,개미어린이공원,51,20,31,0,1,8,12,18,12,0,0,3,4,9,4,0,1,5,8,9,8
2019,1,A,골목상권,2111044,남천초등학교,628,276,352,2,56,143,182,175,70,0,22,73,76,73,32,2,34,70,106,102,38
2019,1,A,골목상권,2111043,마천공원,531,418,113,4,20,21,88,196,202,4,14,10,65,159,166,0,6,11,23,37,36
2019,1,A,골목상권,2111042,거여역 1번(거여공원),800,438,362,3,72,135,219,241,130,3,36,78,114,134,73,0,36,57,105,107,57
2019,1,A,골목상권,2111041,거여역 8번,139,76,63,0,3,14,28,34,60,0,2,9,17,15,33,0,1,5,11,19,27
2019,1,A,골목상권,2111040,거여초등학교,196,119,77,0,25,59,48,43,21,0,12,42,28,23,14,0,13,17,20,20,7
2019,1,A,골목상권,2111039,벌말어린이공원,400,249,151,0,34,75,109,114,68,0,21,49,69,68,42,0,13,26,40,46,26
2019,1,A,골목상권,2111038,보인중학교,667,381,286,1,64,112,181,220,89,0,22,66,99,140,54,1,42,46,82,80,35
2019,1,A,골목상권,2111037,Sh수협은행 오금동금융센터(아랫말어린이공원),344,219,125,0,42,106,75,86,35,0,24,86,49,43,17,0,18,20,26,43,18
2019,1,A,골목상권,2111036,투구봉어린이공원,179,120,59,0,17,31,41,60,30,0,8,18,30,38,26,0,9,13,11,22,4
2019,1,A,골목상권,2111035,오금공원(오주중학교),502,279,223,1,38,75,127,152,109,0,20,44,78,85,52,1,18,31,49,67,57
2019,1,A,골목상권,2111034,오동나무공원(송파레미니스1단지),1723,1133,590,5,220,351,444,490,213,0,103,228,322,332,148,5,117,123,122,158,65
2019,1,A,골목상권,2111033,문정동성당,207,99,108,0,13,36,47,56,55,0,6,22,17,29,25,0,7,14,30,27,30
2019,1,A,골목상권,2111032,방이역 1번,5238,3148,2090,5,222,478,563,688,3282,2,110,324,371,339,2002,3,112,154,192,349,1280
2019,1,A,골목상권,2111031,장지동주민센터(한림연예예술고교),2986,1972,1014,8,230,374,588,753,1033,2,153,273,410,500,634,6,77,101,178,253,399
2019,1,A,골목상권,2111030,방이역 2번,2564,1892,672,2,98,165,166,252,1881,2,49,119,106,129,1487,0,49,46,60,123,394
2019,1,A,골목상권,2111029,오금역 4번,527,293,234,8,117,113,140,87,62,4,65,58,74,47,45,4,52,55,66,40,17
2019,1,A,골목상권,2111028,문현중학교(장지역 1번),659,349,310,0,72,125,188,175,99,0,31,72,96,85,65,0,41,53,92,90,34
2019,1,A,골목상권,2111027,문정초등학교,1245,628,617,4,153,248,289,241,310,3,53,138,166,104,164,1,100,110,123,137,146
2019,1,A,골목상권,2111026,문정역 2번,1293,820,473,1,136,340,326,291,199,0,69,218,199,183,151,1,67,122,127,108,48
2019,1,A,골목상권,2111025,경찰병원역 3번,172,97,75,0,24,32,40,47,29,0,10,17,23,25,22,0,14,15,17,22,7
2019,1,A,골목상권,2111024,경찰병원역 4번(건너말공원),224,144,80,0,33,61,51,57,22,0,18,36,34,42,14,0,15,25,17,15,8
2019,1,A,골목상권,2111023,문정역 1번,1035,704,331,4,162,220,305,228,116,4,92,165,211,146,86,0,70,55,94,82,30
2019,1,A,골목상권,2111022,석촌중학교(방이육교),331,159,172,0,43,52,79,114,43,0,25,38,44,29,23,0,18,14,35,85,20
2019,1,A,골목상권,2111021,방이역 4번,4727,3103,1624,30,657,1020,956,826,1238,8,265,618,617,553,1042,22,392,402,339,273,196
2019,1,A,골목상권,2111020,방이동고분군(방산고등학교),587,407,180,0,39,81,122,129,216,0,27,51,87,81,161,0,12,30,35,48,55
2019,1,A,골목상권,2111019,한성백제역 3번,954,569,385,3,131,232,234,230,124,2,56,135,143,147,86,1,75,97,91,83,38
2019,1,A,골목상권,2111018,풍납초등학교(풍납백제문화공원),93,57,36,1,9,22,29,20,12,1,4,14,18,10,10,0,5,8,11,10,2
2019,1,A,골목상권,2111017,송파나루역 3번,272,161,111,1,26,51,70,54,70,0,10,25,36,36,54,1,16,26,34,18,16
2019,1,A,골목상권,2111016,송파역 2번,3850,1592,2258,12,1125,1106,815,624,168,7,332,542,472,168,71,5,793,564,343,456,97
2019,1,A,골목상권,2111015,석촌역 3번,1373,747,626,5,164,294,307,294,309,3,73,171,188,140,172,2,91,123,119,154,137
2019,1,A,골목상권,2111014,송파나루역 2번,339,192,147,1,60,82,97,68,31,1,24,46,68,32,21,0,36,36,29,36,10
2019,1,A,골목상권,2111013,송파나루역 1번(송리단길),1965,1303,662,9,396,455,465,373,267,7,237,318,319,231,191,2,159,137,146,142,76
2019,1,A,골목상권,2111012,석촌역 6번,607,297,310,1,101,123,130,137,115,1,32,67,63,66,68,0,69,56,67,71,47
2019,1,A,골목상권,2111011,잠실나루역,568,197,371,1,77,123,160,125,82,0,19,42,38,43,55,1,58,81,122,82,27
2019,1,A,골목상권,2111010,석촌역 7번,1918,810,1108,20,497,383,420,389,209,4,131,173,204,155,143,16,366,210,216,234,66
2019,1,A,골목상권,2111009,송파책박물관,174,129,45,2,18,39,65,36,14,2,13,31,46,25,12,0,5,8,19,11,2
2019,1,A,골목상권,2111008,석촌고분역 3번,743,399,344,2,68,136,198,204,135,2,36,80,122,90,69,0,32,56,76,114,66
2019,1,A,골목상권,2111007,석촌고분역 4번,825,403,422,2,105,201,206,221,90,0,33,110,127,89,44,2,72,91,79,132,46
2019,1,A,골목상권,2111006,석촌고분역 1번,968,526,442,2,117,240,296,193,120,1,34,118,184,101,88,1,83,122,112,92,32
2019,1,A,골목상권,2111005,삼전역 3번,1313,893,420,3,180,228,235,298,369,2,93,172,138,192,296,1,87,56,97,106,73
2019,1,A,골목상권,2111004,삼전역 1번,2927,1634,1293,47,420,726,601,515,618,37,164,410,365,277,381,10,256,316,236,238,237
2019,1,A,골목상권,2111003,삼전역 4번,2097,1296,801,20,275,516,574,447,265,13,130,326,376,272,179,7,145,190,198,175,86
2019,1,A,골목상권,2111002,한국교통안전공단 강남자동차검사소,565,308,257,0,31,133,169,136,96,0,15,75,89,69,60,0,16,58,80,67,36
2019,1,A,골목상권,2111001,아래방죽마을공원(율현초등학교),90,45,45,0,4,18,28,23,17,0,2,9,12,12,10,0,2,9,16,11,7
2019,1,A,골목상권,2111000,대왕초등학교(세곡동사거리서남측),52,27,25,0,3,14,19,13,3,0,2,7,10,7,1,0,1,7,9,6,2
2019,1,A,골목상권,2110999,윗방죽마을공원,390,192,198,1,41,90,100,92,66,1,13,38,60,44,36,0,28,52,40,48,30
2019,1,A,골목상권,2110998,은곡마을(은곡마을공원),798,488,310,1,153,203,146,143,152,0,66,104,80,103,135,1,87,99,66,40,17
2019,1,A,골목상권,2110997,대청초등학교,2145,1022,1123,4,186,334,565,623,433,2,92,202,253,236,237,2,94,132,312,387,196
2019,1,A,골목상권,2110996,대치2동주민센터,1208,939,269,6,152,316,373,262,99,4,81,250,316,213,75,2,71,66,57,49,24
2019,1,A,골목상권,2110995,봉은사역 4번,3236,1812,1424,11,367,737,793,911,417,6,152,434,480,473,267,5,215,303,313,438,150
2019,1,A,골목상권,2110994,개포고등학교,436,229,207,8,70,75,86,116,81,6,36,41,55,49,42,2,34,34,31,67,39
2019,1,A,골목상권,2110993,개포지하차도 북측,76,64,12,0,7,19,19,20,11,0,6,16,17,18,7,0,1,3,2,2,4
2019,1,A,골목상권,2110992,도곡초등학교,533,217,316,1,94,109,174,117,38,1,31,48,66,46,25,0,63,61,108,71,13
2019,1,A,골목상권,2110991,삼성중앙역 5번,994,595,399,1,167,443,223,114,46,0,47,277,153,85,33,1,120,166,70,29,13
2019,1,A,골목상권,2110990,청담역 12번,336,99,237,0,87,115,68,46,20,0,18,36,27,13,5,0,69,79,41,33,15
2019,1,A,골목상권,2110989,대치동아우편취급국,460,288,172,2,47,135,126,87,63,2,23,98,80,43,42,0,24,37,46,44,21
2019,1,A,골목상권,2110988,청담역 3번,347,154,193,4,82,121,64,42,34,1,29,59,32,20,13,3,53,62,32,22,21
2019,1,A,골목상권,2110987,영동대교남단,210,104,106,1,52,78,42,19,18,0,19,40,21,10,14,1,33,38,21,9,4
2019,1,A,골목상권,2110986,삼성중앙역 7번,65,36,29,1,9,18,25,8,4,0,6,12,11,5,2,1,3,6,14,3,2
2019,1,A,골목상권,2110985,청담근린공원,526,240,286,3,150,159,123,51,40,2,44,70,78,22,24,1,106,89,45,29,16
2019,1,A,골목상권,2110984,포이초등학교(개포목련어린이공원),2796,1748,1048,9,359,624,694,615,495,7,222,459,418,335,307,2,137,165,276,280,188
2019,1,A,골목상권,2110983,국립국악고등학교,754,510,244,0,86,166,166,188,148,0,37,113,116,121,123,0,49,53,50,67,25
2019,1,A,골목상권,2110982,강남구보훈회관,177,87,90,0,32,57,50,21,17,0,9,35,27,10,6,0,23,22,23,11,11
2019,1,A,골목상권,2110981,국악고교사거리,1387,840,547,4,169,258,346,299,311,1,77,164,214,166,218,3,92,94,132,133,93
2019,1,A,골목상권,2110980,개포지구대옆,613,361,252,2,95,147,160,125,84,0,31,78,104,82,66,2,64,69,56,43,18
2019,1,A,골목상권,2110979,청담초등학교,305,107,198,4,128,77,45,35,16,0,21,33,23,15,15,4,107,44,22,20,1
2019,1,A,골목상권,2110978,도곡2동주민센터(대치중학교),348,208,140,1,32,63,85,128,39,1,16,43,53,68,27,0,16,20,32,60,12
2019,1,A,골목상권,2110977,논현로18길,156,99,57,0,5,34,45,49,23,0,0,18,32,34,15,0,5,16,13,15,8
2019,1,A,골목상권,2110976,언북초등학교,327,133,194,4,91,104,67,36,25,0,27,53,29,13,11,4,64,51,38,23,14
2019,1,A,골목상권,2110975,매봉역 1번,466,271,195,3,79,136,122,89,37,1,46,86,69,47,22,2,33,50,53,42,15
2019,1,A,골목상권,2110974,언주중학교,222,126,96,0,61,70,55,25,11,0,22,47,36,14,7,0,39,23,19,11,4
2019,1,A,골목상권,2110973,강남구청역 4번,995,564,431,0,240,289,182,157,127,0,84,150,110,116,104,0,156,139,72,41,23
2019,1,A,골목상권,2110972,강남세브란스병원미래의학연구센터,254,122,132,3,45,69,55,52,30,3,15,27,32,25,20,0,30,42,23,27,10
2019,1,A,골목상권,2110971,선정릉역 4번,940,562,378,8,243,331,194,92,72,6,104,209,131,65,47,2,139,122,63,27,25
2019,1,A,골목상권,2110970,학동초등학교,1151,553,598,0,441,426,190,53,41,0,142,234,123,34,20,0,299,192,67,19,21
2019,1,A,골목상권,2110969,베르사이유1아파트,1181,618,563,3,326,416,211,124,101,0,117,243,128,73,57,3,209,173,83,51,44
2019,1,A,골목상권,2110968,강남구청역 2번,955,443,512,1,244,248,208,121,133,0,95,135,88,52,73,1,149,113,120,69,60
2019,1,A,골목상권,2110967,역삼역 8번,542,294,248,0,123,156,132,75,56,0,39,94,75,47,39,0,84,62,57,28,17
2019,1,A,골목상권,2110966,논현2동주민센터,1453,711,742,9,354,435,364,173,118,0,125,203,211,101,71,9,229,232,153,72,47
2019,1,A,골목상권,2110965,언주역 6번,495,265,230,0,109,152,103,81,50,0,39,90,64,40,32,0,70,62,39,41,18
2019,1,A,골목상권,2110964,싸리고개근린공원,150,80,70,0,26,49,30,27,18,0,9,27,16,14,14,0,17,22,14,13,4
2019,1,A,골목상권,2110963,역삼월드메르디앙아파트,261,180,81,1,29,63,86,44,38,0,15,43,61,33,28,1,14,20,25,11,10
2019,1,A,골목상권,2110962,도산공원북측,318,160,158,2,134,93,38,29,22,1,59,50,23,16,11,1,75,43,15,13,11
2019,1,A,골목상권,2110961,언주역 3번,1681,631,1050,5,561,575,312,124,104,1,108,184,177,86,75,4,453,391,135,38,29
2019,1,A,골목상권,2110960,은광여고,317,173,144,1,104,96,55,37,24,0,46,52,31,28,16,1,58,44,24,9,8
2019,1,A,골목상권,2110959,신구중학교,731,424,307,6,208,262,121,89,45,1,107,181,80,34,21,5,101,81,41,55,24
2019,1,A,골목상권,2110958,역삼역 4번,1082,516,566,5,256,331,249,151,90,3,84,186,153,54,36,2,172,145,96,97,54
2019,1,A,골목상권,2110957,언북중학교,2558,1088,1470,5,582,742,716,364,149,2,198,374,297,118,99,3,384,368,419,246,50
2019,1,A,골목상권,2110956,언주역 8번,1042,700,342,5,351,330,208,83,65,2,190,240,164,63,41,3,161,90,44,20,24
2019,1,A,골목상권,2110955,논현초등학교,1003,545,458,3,223,285,263,127,102,0,79,157,180,73,56,3,144,128,83,54,46
2019,1,A,골목상권,2110954,국기원,410,236,174,2,145,131,84,36,12,0,68,84,56,22,6,2,77,47,28,14,6
2019,1,A,골목상권,2110953,학동근린공원,1800,829,971,4,587,684,369,99,57,1,182,347,214,53,32,3,405,337,155,46,25
2019,1,A,골목상권,2110952,논현목련공원,146,63,83,0,36,46,29,25,10,0,10,23,10,13,7,0,26,23,19,12,3
2019,1,A,골목상권,2110951,신사은행나무공원,276,150,126,1,87,110,36,29,13,1,35,69,22,15,8,0,52,41,14,14,5
2019,1,A,골목상권,2110950,논현역 7번,344,203,141,0,76,128,85,36,19,0,26,78,60,23,16,0,50,50,25,13,3
2019,1,A,골목상권,2110949,한남IC,1251,631,620,9,352,431,280,115,64,1,101,241,171,68,49,8,251,190,109,47,15
2019,1,A,골목상권,2110948,헌인가구단지,23,16,7,0,1,1,9,8,4,0,1,1,6,4,4,0,0,0,3,4,0
2019,1,A,골목상권,2110947,청계산입구역 2번(내곡동주민센터),118,66,52,0,27,16,21,35,19,0,15,10,12,16,13,0,12,6,9,19,6
2019,1,A,골목상권,2110946,청계산원터골,116,68,48,1,13,30,29,23,20,1,6,19,17,12,13,0,7,11,12,11,7
2019,1,A,골목상권,2110945,본마을노인복지센터(서초구립내곡도서관),84,44,40,0,13,24,22,16,9,0,9,11,10,9,5,0,4,13,12,7,4
2019,1,A,골목상권,2110944,서울나래학교(염곡어린이공원),228,141,87,3,36,63,53,52,21,2,14,42,33,36,14,1,22,21,20,16,7
2019,1,A,골목상권,2110943,법제교육센터(버들어린이공원),1291,731,560,4,184,432,372,188,111,0,83,201,238,134,75,4,101,231,134,54,36
2019,1,A,골목상권,2110942,염곡동 구룡사(포이동성당),2475,1372,1103,3,343,593,694,493,349,1,140,363,381,277,210,2,203,230,313,216,139
2019,1,A,골목상권,2110941,언남고등학교,443,276,167,1,66,112,113,104,47,0,37,74,70,63,32,1,29,38,43,41,15
2019,1,A,골목상권,2110940,양재근린공원(양재2동주민센터),1048,649,399,6,209,301,282,168,82,3,87,191,191,111,66,3,122,110,91,57,16
2019,1,A,골목상권,2110939,양재역 8번(양재동우체국),7662,4747,2915,23,1192,2068,1697,1407,1275,12,588,1333,1149,876,789,11,604,735,548,531,486
2019,1,A,골목상권,2110938,바우뫼공원,1607,1069,538,6,349,504,434,199,115,4,167,359,330,126,83,2,182,145,104,73,32
2019,1,A,골목상권,2110937,방아다리근린공원(횃불트리니티신학대학원대학교),349,253,96,0,68,100,89,59,33,0,43,75,66,45,24,0,25,25,23,14,9
2019,1,A,골목상권,2110936,더케이호텔(양재리본타워2단지아파트),1447,972,475,0,273,493,340,204,137,0,136,298,263,153,122,0,137,195,77,51,15
2019,1,A,골목상권,2110935,한전아트센터,588,443,145,4,107,167,170,88,52,3,54,124,142,75,45,1,53,43,28,13,7
2019,1,A,골목상권,2110934,우면주공아파트,812,538,274,5,129,207,198,144,129,1,67,144,137,91,98,4,62,63,61,53,31
2019,1,A,골목상권,2110933,한국상담대학원대학교,371,275,96,0,29,118,125,73,26,0,12,94,104,47,18,0,17,24,21,26,8
2019,1,A,골목상권,2110932,서울시인재개발원,939,712,227,4,178,339,244,108,66,2,118,262,190,84,56,2,60,77,54,24,10
2019,1,A,골목상권,2110931,삼성전자서울R&D(서울우면초등학교),94,23,71,0,32,18,16,20,8,0,5,3,6,5,4,0,27,15,10,15,4
2019,1,A,골목상권,2110930,서초동성당,918,382,536,4,118,253,286,166,91,0,38,102,110,77,55,4,80,151,176,89,36
2019,1,A,골목상권,2110929,남부터미널역 1번,2924,1835,1089,2,554,896,730,378,364,1,251,527,529,268,259,1,303,369,201,110,105
2019,1,A,골목상권,2110928,서초우방유쉘아파트,349,183,166,0,93,143,64,30,19,0,36,67,42,24,14,0,57,76,22,6,5
2019,1,A,골목상권,2110927,잠원역,138,51,87,0,30,36,34,21,17,0,2,10,15,14,10,0,28,26,19,7,7
2019,1,A,골목상권,2110926,신중초등학교,404,238,166,0,77,83,111,73,60,0,28,48,69,46,47,0,49,35,42,27,13
2019,1,A,골목상권,2110925,서초중학교,371,226,145,3,60,102,86,60,60,2,30,55,58,39,42,1,30,47,28,21,18
2019,1,A,골목상권,2110924,반포4동주민센터(몽마르뜨공원),354,162,192,2,84,87,63,66,52,0,35,48,23,31,25,2,49,39,40,35,27
2019,1,A,골목상권,2110923,방배역 1번,89,55,34,0,10,15,26,28,10,0,4,9,16,18,8,0,6,6,10,10,2
2019,1,A,골목상권,2110922,내방역 1번,603,130,473,0,52,120,194,162,75,0,10,22,20,33,45,0,42,98,174,129,30
2019,1,A,골목상권,2110921,서울프랑스학교,141,70,71,0,27,31,39,23,21,0,17,15,21,7,10,0,10,16,18,16,11
2019,1,A,골목상권,2110920,방배역 2번(백석예술대학교),490,245,245,0,85,82,153,122,48,0,24,44,80,65,32,0,61,38,73,57,16
2019,1,A,골목상권,2110919,내방역 8번,679,417,262,0,88,198,206,140,47,0,32,137,136,79,33,0,56,61,70,61,14
2019,1,A,골목상권,2110918,방배역 3번,720,382,338,1,143,192,214,117,53,0,58,99,114,70,41,1,85,93,100,47,12
2019,1,A,골목상권,2110917,서초소방서,1324,989,335,0,174,445,399,242,64,0,100,348,316,183,42,0,74,97,83,59,22
2019,1,A,골목상권,2110916,내방역 4번,1105,606,499,6,339,266,276,136,82,4,92,181,181,88,60,2,247,85,95,48,22
2019,1,A,골목상권,2110915,서래초등학교,175,98,77,0,50,50,38,21,16,0,28,31,18,11,10,0,22,19,20,10,6
2019,1,A,골목상권,2110914,내방역 6번,133,89,44,0,31,55,24,16,7,0,17,39,17,11,5,0,14,16,7,5,2
2019,1,A,골목상권,2110913,방현초등학교(방배119안전센터),3294,1823,1471,26,815,990,696,429,338,8,259,539,458,315,244,18,556,451,238,114,94
2019,1,A,골목상권,2110912,방배동사이길,1323,1029,294,2,173,581,346,150,71,0,77,490,291,122,49,2,96,91,55,28,22
2019,1,A,골목상권,2110911,방배배수지체육공원,323,233,90,0,50,49,52,67,105,0,18,17,35,62,101,0,32,32,17,5,4
2019,1,A,골목상권,2110910,내방역 5번,403,224,179,2,82,101,117,59,42,2,17,60,87,36,22,0,65,41,30,23,20
2019,1,A,골목상권,2110909,남태령역(서울전자고등학교),182,133,49,0,26,47,46,34,29,0,12,35,36,28,22,0,14,12,10,6,7
2019,1,A,골목상권,2110908,구반포역,639,417,222,0,82,99,154,158,146,0,45,61,97,118,96,0,37,38,57,40,50
2019,1,A,골목상권,2110907,방배초등학교,1130,645,485,6,260,253,236,181,194,4,102,143,149,112,135,2,158,110,87,69,59
2019,1,A,골목상권,2110906,서문여고,380,214,166,1,54,80,104,74,67,1,19,45,64,42,43,0,35,35,40,32,24
2019,1,A,골목상권,2110905,방배노인종합복지관(이수중학교),306,155,151,1,43,76,68,76,42,0,17,43,40,38,17,1,26,33,28,38,25
2019,1,A,골목상권,2110904,이수역 5번,871,585,286,1,158,249,235,126,102,1,89,165,171,83,76,0,69,84,64,43,26
2019,1,A,골목상권,2110903,방배아이파크아파트,594,374,220,3,101,119,167,128,76,2,52,76,113,76,55,1,49,43,54,52,21
2019,1,A,골목상권,2110902,사당역 4번,1764,861,903,0,353,389,374,402,246,0,107,195,204,184,171,0,246,194,170,218,75
2019,1,A,골목상권,2110901,인헌고등학교(인헌중학교),152,65,87,1,29,45,42,20,15,0,7,24,17,10,7,1,22,21,25,10,8
2019,1,A,골목상권,2110900,낙성대역 1번(관악구민 종합체육센터),208,98,110,0,25,41,61,53,28,0,9,22,27,24,16,0,16,19,34,29,12
2019,1,A,골목상권,2110899,낙성대역 5번(관악중학교),140,62,78,0,19,26,39,42,14,0,5,15,20,15,7,0,14,11,19,27,7
2019,1,A,골목상권,2110898,청림동주민센터(상도중학교),89,25,64,0,21,25,25,13,5,0,5,5,9,5,1,0,16,20,16,8,4
2019,1,A,골목상권,2110897,서울대입구역 8번,237,99,138,0,34,55,60,55,33,0,12,23,23,23,18,0,22,32,37,32,15
2019,1,A,골목상권,2110896,관악우성아파트,307,86,221,0,51,55,68,72,61,0,10,14,24,20,18,0,41,41,44,52,43
2019,1,A,골목상권,2110895,샤로수길,1415,768,647,5,309,274,302,338,187,1,164,173,180,147,103,4,145,101,122,191,84
2019,1,A,골목상권,2110894,관악동부센트레빌아파트(은천로35라길),11,6,5,0,1,1,3,5,1,0,1,0,1,3,1,0,0,1,2,2,0
2019,1,A,골목상권,2110893,관악소방서(문영여고),493,390,103,1,42,134,106,138,72,0,27,109,88,112,54,1,15,25,18,26,18
2019,1,A,골목상권,2110892,관악구 중앙길,771,327,444,5,127,162,166,186,125,2,28,58,85,94,60,3,99,104,81,92,65
2019,1,A,골목상권,2110891,구암초등학교,88,40,48,1,10,10,33,29,5,1,5,4,13,14,3,0,5,6,20,15,2
2019,1,A,골목상권,2110890,봉천역 1번(관악초등학교),310,195,115,1,37,63,100,68,41,0,15,39,62,46,33,1,22,24,38,22,8
2019,1,A,골목상권,2110889,봉천역 6번,57,33,24,0,9,9,16,16,7,0,6,6,10,7,4,0,3,3,6,9,3
2019,1,A,골목상권,2110888,청룡동주민센터,196,99,97,1,23,28,31,48,65,0,14,8,12,21,44,1,9,20,19,27,21
2019,1,A,골목상권,2110887,서울산업정보학교(서울삼성초등학교),140,54,86,0,30,22,32,39,17,0,6,8,6,21,13,0,24,14,26,18,4
2019,1,A,골목상권,2110886,관악해태어린이공원,232,157,75,0,26,73,51,50,32,0,18,54,35,31,19,0,8,19,16,19,13
2019,1,A,골목상권,2110885,영락고등학교,192,99,93,0,22,31,54,52,33,0,12,19,25,26,17,0,10,12,29,26,16
2019,1,A,골목상권,2110884,봉천역 4번(봉천110안전센터),493,371,122,0,40,57,93,139,164,0,12,28,66,116,149,0,28,29,27,23,15
2019,1,A,골목상권,2110883,은천초등학교(은천교앞),342,194,148,1,53,84,96,73,35,1,33,52,53,39,16,0,20,32,43,34,19
2019,1,A,골목상권,2110882,신성초등학교,806,518,288,2,60,97,192,220,235,1,26,44,98,155,194,1,34,53,94,65,41
2019,1,A,골목상권,2110881,구립대학경로당(관악산샘말공원),491,254,237,2,54,94,140,118,83,1,25,52,73,57,46,1,29,42,67,61,37
2019,1,A,골목상권,2110880,신림역 1번,812,211,601,2,302,244,131,102,31,1,53,67,49,29,12,1,249,177,82,73,19
2019,1,A,골목상권,2110879,신림현대아파트,269,99,170,0,26,33,62,84,64,0,12,21,27,20,19,0,14,12,35,64,45
2019,1,A,골목상권,2110878,미림여고,52,25,27,0,10,12,11,10,9,0,3,6,5,4,7,0,7,6,6,6,2
2019,1,A,골목상권,2110877,신림역 8번,523,282,241,3,89,122,126,119,64,1,54,73,54,61,39,2,35,49,72,58,25
2019,1,A,골목상권,2110876,서원동주민센터(신관중학교),89,40,49,0,14,19,16,25,15,0,5,9,4,14,8,0,9,10,12,11,7
2019,1,A,골목상권,2110875,보라매동주민센터(당곡고등학교),64,28,36,0,12,12,19,17,4,0,4,2,9,11,2,0,8,10,10,6,2
2019,1,A,골목상권,2110874,원신초등학교(구세군관악영문교회),176,55,121,1,21,37,32,45,40,0,2,9,13,14,17,1,19,28,19,31,23
2019,1,A,골목상권,2110873,당곡중학교,592,295,297,0,48,107,120,137,180,0,17,46,50,67,115,0,31,61,70,70,65
2019,1,A,골목상권,2110872,신림초등학교,76,29,47,0,14,10,16,16,20,0,7,4,11,4,3,0,7,6,5,12,17
2019,1,A,골목상권,2110871,신원동주민센터,119,56,63,0,14,38,33,18,16,0,5,20,14,6,11,0,9,18,19,12,5
2019,1,A,골목상권,2110869,"신림역 5번(신림동주민센터, 신림동별빛거리)",337,176,161,3,66,85,73,60,50,3,29,51,39,25,29,0,37,34,34,35,21
2019,1,A,골목상권,2110868,남부초등학교,208,113,95,0,29,37,54,51,37,0,17,27,32,25,12,0,12,10,22,26,25
2019,1,A,골목상권,2110867,국제신학대학원대학교(남서울중학교),343,161,182,0,26,51,66,98,102,0,8,17,29,46,61,0,18,34,37,52,41
2019,1,A,골목상권,2110866,난우중학교,129,50,79,0,6,26,37,38,22,0,3,10,13,14,10,0,3,16,24,24,12
2019,1,A,골목상권,2110865,남강고등학교(남강중학교),493,184,309,6,107,112,123,90,55,2,23,45,50,35,29,4,84,67,73,55,26
2019,1,A,골목상권,2110864,신림우방아파트,194,133,61,0,14,36,52,54,38,0,5,23,37,36,32,0,9,13,15,18,6
2019,1,A,골목상권,2110863,난우초등학교,389,184,205,2,43,71,92,100,81,1,18,37,47,45,36,1,25,34,45,55,45
2019,1,A,골목상권,2110862,난곡초등학교(난곡동벽화마을),166,57,109,0,24,29,36,43,34,0,8,10,17,14,8,0,16,19,19,29,26
2019,1,A,골목상권,2110861,관악구신사동주민센터,1050,453,597,0,159,227,251,259,154,0,49,105,122,106,71,0,110,122,129,153,83
2019,1,A,골목상권,2110860,호림박물관(성보고등학교),796,470,326,5,57,106,173,227,228,0,23,60,85,133,169,5,34,46,88,94,59
2019,1,A,골목상권,2110859,난향초등학교,237,143,94,0,9,17,53,76,82,0,4,10,36,39,54,0,5,7,17,37,28
2019,1,A,골목상권,2110858,신대방역 1번,84,27,57,0,20,21,16,15,12,0,4,4,7,5,7,0,16,17,9,10,5
2019,1,A,골목상권,2110857,미성동주민센터,369,159,210,1,24,46,102,89,107,0,8,24,49,34,44,1,16,22,53,55,63
2019,1,A,골목상권,2110856,미성초등학교,586,275,311,0,85,96,136,154,115,0,28,58,62,69,58,0,57,38,74,85,57
2019,1,A,골목상권,2110855,신대방역 2번,985,532,453,0,112,221,238,234,180,0,38,149,117,128,100,0,74,72,121,106,80
2019,1,A,골목상권,2110854,조원동주민센터,140,83,57,0,17,24,36,48,15,0,10,17,24,22,10,0,7,7,12,26,5
2019,1,A,골목상권,2110853,KT구로지사,143,74,69,0,17,29,43,41,13,0,5,18,29,17,5,0,12,11,14,24,8
2019,1,A,골목상권,2110852,이수역 9번,256,146,110,1,29,65,70,42,49,1,15,33,40,19,38,0,14,32,30,23,11
2019,1,A,골목상권,2110851,경문고등학교(동작동성당),170,50,120,0,20,37,52,48,13,0,5,10,14,13,8,0,15,27,38,35,5
2019,1,A,골목상권,2110850,사당역 10번,973,510,463,0,143,197,284,196,153,0,72,116,161,87,74,0,71,81,123,109,79
2019,1,A,골목상권,2110849,이수역 10번,425,279,146,4,25,74,128,109,85,1,13,46,83,78,58,3,12,28,45,31,27
2019,1,A,골목상권,2110848,양지어린이공원,561,358,203,0,60,121,177,125,78,0,15,69,114,97,63,0,45,52,63,28,15
2019,1,A,골목상권,2110847,예술인마을,597,427,170,0,143,157,150,104,43,0,86,105,119,87,30,0,57,52,31,17,13
2019,1,A,골목상권,2110846,남성역 1번,591,327,264,1,52,120,148,138,132,0,17,50,77,72,111,1,35,70,71,66,21
2019,1,A,골목상권,2110845,사당종합체육관,35,22,13,0,4,3,11,7,10,0,3,1,9,1,8,0,1,2,2,6,2
2019,1,A,골목상권,2110844,흑석2치안센터,23,19,4,0,6,4,7,4,2,0,5,4,6,2,2,0,1,0,1,2,0
2019,1,A,골목상권,2110843,사당5동주민센터,287,197,90,2,56,63,63,59,44,2,33,36,42,46,38,0,23,27,21,13,6
2019,1,A,골목상권,2110842,흑리단길,96,49,47,0,11,15,25,27,18,0,5,10,13,10,11,0,6,5,12,17,7
2019,1,A,골목상권,2110841,중대부중,46,25,21,0,3,12,10,13,8,0,1,5,7,6,6,0,2,7,3,7,2
2019,1,A,골목상권,2110840,중앙대학교,235,101,134,3,57,46,50,50,29,2,26,25,21,15,12,1,31,21,29,35,17
2019,1,A,골목상권,2110839,숭실대입구역 4번,357,157,200,2,59,98,80,78,40,1,22,51,31,22,30,1,37,47,49,56,10
2019,1,A,골목상권,2110838,상도1동주민센터앞,85,28,57,0,15,31,20,8,11,0,3,12,7,3,3,0,12,19,13,5,8
2019,1,A,골목상권,2110837,숭실대입구역 1번,617,260,357,6,91,148,168,109,95,1,32,74,67,41,45,5,59,74,101,68,50
2019,1,A,골목상권,2110836,상도역 5번,985,474,511,1,145,219,273,195,152,1,63,115,127,90,78,0,82,104,146,105,74
2019,1,A,골목상권,2110835,상도역 1번,455,212,243,3,167,93,91,63,38,1,83,44,40,31,13,2,84,49,51,32,25
2019,1,A,골목상권,2110834,동작구자원봉사센터,138,57,81,0,16,23,36,45,18,0,8,14,15,13,7,0,8,9,21,32,11
2019,1,A,골목상권,2110833,상도역 2번,183,109,74,2,28,44,57,41,11,0,16,27,35,23,8,2,12,17,22,18,3
2019,1,A,골목상권,2110832,노량진초등학교,251,132,119,1,32,57,55,55,51,0,10,29,31,33,29,1,22,28,24,22,22
2019,1,A,골목상권,2110831,상도4동주민센터,139,68,71,0,17,28,47,33,14,0,12,10,21,15,10,0,5,18,26,18,4
2019,1,A,골목상권,2110830,상도초등학교,254,135,119,0,23,49,65,74,43,0,9,26,37,39,24,0,14,23,28,35,19
2019,1,A,골목상권,2110829,장승배기역 5번,652,430,222,0,199,173,100,95,85,0,170,118,51,47,44,0,29,55,49,48,41
2019,1,A,골목상권,2110828,노량진역 6번,2953,1975,978,10,444,1062,791,483,163,4,240,754,573,295,109,6,204,308,218,188,54
2019,1,A,골목상권,2110827,NH농협은행 상도동지점,543,195,348,3,95,77,131,112,125,1,29,41,54,37,33,2,66,36,77,75,92
2019,1,A,골목상권,2110826,장승배기역 4번,433,190,243,4,36,68,105,136,84,1,15,32,50,59,33,3,21,36,55,77,51
2019,1,A,골목상권,2110825,신대방삼거리역 1번,367,114,253,1,43,71,81,114,57,0,10,32,28,26,18,1,33,39,53,88,39
2019,1,A,골목상권,2110824,대방역 3번,499,165,334,2,68,153,143,97,36,0,17,56,40,32,20,2,51,97,103,65,16
2019,1,A,골목상권,2110823,신대방삼거리역 3번,337,128,209,0,44,72,77,90,54,0,17,42,32,20,17,0,27,30,45,70,37
2019,1,A,골목상권,2110822,신대방삼거리역 4번(대림초등학교),69,38,31,0,8,20,16,17,8,0,7,11,6,9,5,0,1,9,10,8,3
2019,1,A,골목상권,2110821,보라매역 2번,356,181,175,2,47,71,93,95,48,2,13,34,51,54,27,0,34,37,42,41,21
2019,1,A,골목상권,2110820,성남고등학교,506,307,199,0,41,113,110,124,118,0,24,60,58,79,86,0,17,53,52,45,32
2019,1,A,골목상권,2110819,신대방역 4번,576,320,256,1,53,97,121,134,170,0,18,52,58,81,111,1,35,45,63,53,59
2019,1,A,골목상권,2110818,신대방역 3번,1234,1130,104,6,258,401,375,161,33,6,234,388,341,132,29,0,24,13,34,29,4
2019,1,A,골목상권,2110817,대방역 4번,455,334,121,0,118,77,105,75,80,0,61,60,89,62,62,0,57,17,16,13,18
2019,1,A,골목상권,2110816,대방역 6번,795,545,250,0,113,206,227,156,93,0,47,125,175,121,77,0,66,81,52,35,16
2019,1,A,골목상권,2110815,공군호텔,1787,692,1095,11,393,516,358,352,157,4,104,251,160,114,59,7,289,265,198,238,98
2019,1,A,골목상권,2110814,서울지방병무청,1584,910,674,1,113,158,313,529,470,0,37,84,192,284,313,1,76,74,121,245,157
2019,1,A,골목상권,2110813,보라매역 6번,363,208,155,4,38,83,101,79,58,4,20,48,50,44,42,0,18,35,51,35,16
2019,1,A,골목상권,2110812,신길6동주민센터,413,265,148,2,62,116,103,88,42,1,28,84,80,40,32,1,34,32,23,48,10
2019,1,A,골목상권,2110811,보라매역 4번,181,102,79,2,17,35,62,44,21,2,13,12,34,27,14,0,4,23,28,17,7
2019,1,A,골목상권,2110810,영신초등학교,500,225,275,1,69,111,122,122,75,1,25,60,51,59,29,0,44,51,71,63,46
2019,1,A,골목상권,2110809,장훈고등학교,334,154,180,1,46,56,96,82,53,1,20,32,55,28,18,0,26,24,41,54,35
2019,1,A,골목상권,2110808,신길역 1번,58,39,19,0,5,20,11,11,11,0,3,12,9,8,7,0,2,8,2,3,4
2019,1,A,골목상권,2110807,신길역 3번,372,201,171,1,23,75,58,97,118,0,8,43,33,49,68,1,15,32,25,48,50
2019,1,A,골목상권,2110806,서울시립영등포장애인복지관,305,212,93,1,48,107,85,60,4,0,21,68,69,51,3,1,27,39,16,9,1
2019,1,A,골목상권,2110805,신길새마을금고신길4동지점,110,54,56,0,16,15,21,29,29,0,9,10,13,11,11,0,7,5,8,18,18
2019,1,A,골목상권,2110804,신풍역 1번,373,173,200,1,35,77,108,93,59,0,12,33,50,50,28,1,23,44,58,43,31
2019,1,A,골목상권,2110803,신길2동우편취급국,205,93,112,1,23,32,52,54,43,1,11,16,25,19,21,0,12,16,27,35,22
2019,1,A,골목상권,2110802,신길동홍어거리,454,226,228,0,58,151,129,94,22,0,13,75,67,56,15,0,45,76,62,38,7
2019,1,A,골목상권,2110801,신풍역 6번(신길6동공영주차장),16,11,5,0,4,2,3,7,0,0,4,1,2,4,0,0,0,1,1,3,0
2019,1,A,골목상권,2110800,영등포동성당,305,229,76,0,24,45,82,97,57,0,17,35,56,69,52,0,7,10,26,28,5
2019,1,A,골목상권,2110799,영등포본동주민센터,90,62,28,0,11,19,13,20,27,0,5,14,6,14,23,0,6,5,7,6,4
2019,1,A,골목상권,2110798,신풍역 2번,76,40,36,0,7,7,16,30,16,0,6,4,8,14,8,0,1,3,8,16,8
2019,1,A,골목상권,2110797,KT대방빌딩,101,40,61,2,18,24,26,19,12,0,5,9,9,10,7,2,13,15,17,9,5
2019,1,A,골목상권,2110796,한림대학교한강성심병원,544,188,356,0,243,121,78,56,46,0,43,45,28,39,33,0,200,76,50,17,13
2019,1,A,골목상권,2110795,도림초등학교,176,72,104,0,17,30,42,52,35,0,3,9,13,23,24,0,14,21,29,29,11
2019,1,A,골목상권,2110794,영동초등학교,3400,2732,668,7,263,471,605,532,1522,6,148,316,410,395,1457,1,115,155,195,137,65
2019,1,A,골목상권,2110793,대림썬프라자,41,28,13,0,4,5,8,9,15,0,2,4,5,6,11,0,2,1,3,3,4
2019,1,A,골목상권,2110792,영등포역 2번,1221,545,676,2,63,105,176,441,434,1,29,62,99,167,187,1,34,43,77,274,247
2019,1,A,골목상권,2110791,신풍역 3번,39,24,15,0,1,12,3,15,8,0,1,6,2,8,7,0,0,6,1,7,1
2019,1,A,골목상권,2110790,대림1동주민센터,345,177,168,0,47,74,94,84,46,0,13,43,40,45,36,0,34,31,54,39,10
2019,1,A,골목상권,2110789,대림성모병원,764,293,471,0,145,169,179,172,99,0,23,69,70,82,49,0,122,100,109,90,50
2019,1,A,골목상권,2110788,영등포시장역 3번,113,53,60,1,21,18,21,35,17,0,3,9,10,17,14,1,18,9,11,18,3
2019,1,A,골목상권,2110787,신길3동주민센터,252,137,115,0,22,60,56,66,48,0,7,33,34,31,32,0,15,27,22,35,16
2019,1,A,골목상권,2110786,당산역 8번,197,117,80,0,25,40,63,36,33,0,10,24,39,22,22,0,15,16,24,14,11
2019,1,A,골목상권,2110785,영등포푸르지오아파트,299,155,144,1,19,51,85,85,58,0,7,27,60,32,29,1,12,24,25,53,29
2019,1,A,골목상권,2110784,신대림초등학교,136,43,93,0,2,13,24,58,39,0,0,5,11,18,9,0,2,8,13,40,30
2019,1,A,골목상권,2110783,영등포시장역 1번,975,366,609,0,148,303,217,134,173,0,48,92,80,58,88,0,100,211,137,76,85
2019,1,A,골목상권,2110782,영등포시장역 4번,165,94,71,3,27,36,47,38,14,0,9,21,30,23,11,3,18,15,17,15,3
2019,1,A,골목상권,2110781,대림한신아파트,160,99,61,0,9,21,56,39,35,0,5,10,38,25,21,0,4,11,18,14,14
2019,1,A,골목상권,2110780,신길대성유니드아파트,208,137,71,0,32,52,43,48,33,0,28,33,26,31,19,0,4,19,17,17,14
2019,1,A,골목상권,2110779,대림갑을명가아파트,41,13,28,0,0,6,15,9,11,0,0,2,1,3,7,0,0,4,14,6,4
2019,1,A,골목상권,2110778,구로디지털단지역 4번,1183,516,667,1,88,221,430,234,209,0,14,96,133,133,140,1,74,125,297,101,69
2019,1,A,골목상권,2110777,구로세무서,547,414,133,1,60,93,119,173,101,0,31,70,89,134,90,1,29,23,30,39,11
2019,1,A,골목상권,2110776,도신초등학교,389,238,151,3,47,84,103,104,48,0,26,55,66,60,31,3,21,29,37,44,17
2019,1,A,골목상권,2110775,대동초등학교,61,29,32,0,1,9,20,17,14,0,1,4,5,9,10,0,0,5,15,8,4
2019,1,A,골목상권,2110774,당산반도유보라팰리스아파트,661,421,240,4,98,185,167,128,79,1,47,122,104,91,56,3,51,63,63,37,23
2019,1,A,골목상권,2110773,당산역 13번,434,287,147,0,81,98,123,63,69,0,38,60,86,48,55,0,43,38,37,15,14
2019,1,A,골목상권,2110772,신우어린이공원,167,59,108,0,19,32,41,51,24,0,0,15,19,17,8,0,19,17,22,34,16
2019,1,A,골목상권,2110771,대림역 11번,43,13,30,0,10,11,7,12,3,0,3,2,0,8,0,0,7,9,7,4,3
2019,1,A,골목상권,2110770,영등포구청역 6번,507,286,221,0,50,75,113,128,141,0,24,41,65,67,89,0,26,34,48,61,52
2019,1,A,골목상권,2110769,대림차이나타운(대림역 12번),25,10,15,0,2,6,8,9,0,0,0,3,3,4,0,0,2,3,5,5,0
2019,1,A,골목상권,2110768,도림2동유수지내체육시설,309,196,113,0,41,96,85,45,42,0,19,64,50,28,35,0,22,32,35,17,7
2019,1,A,골목상권,2110767,도림동주민센터,138,72,66,0,23,39,34,25,17,0,13,24,14,10,11,0,10,15,20,15,6
2019,1,A,골목상권,2110766,대림역 5번,705,336,369,1,74,124,182,191,133,1,33,67,73,81,81,0,41,57,109,110,52
2019,1,A,골목상권,2110765,문래동사거리,1387,968,419,5,130,265,362,383,242,1,79,173,249,269,197,4,51,92,113,114,45
2019,1,A,골목상권,2110764,문래역 3번,1194,475,719,0,71,93,125,256,649,0,29,49,62,100,235,0,42,44,63,156,414
2019,1,A,골목상권,2110763,영등포구청역 2번,1091,686,405,4,188,324,237,197,141,2,84,199,157,129,115,2,104,125,80,68,26
2019,1,A,골목상권,2110762,선유도역 1번,4410,2856,1554,24,771,1145,1042,882,546,15,357,738,744,587,415,9,414,407,298,295,131
2019,1,A,골목상권,2110761,문래동남성맨션,339,238,101,2,58,80,68,79,52,0,39,55,46,60,38,2,19,25,22,19,14
2019,1,A,골목상권,2110760,선유도역 6번,13555,8718,4837,28,2328,4623,4174,1994,408,12,1208,2938,2792,1447,321,16,1120,1685,1382,547,87
2019,1,A,골목상권,2110759,문래예술촌(문래창작촌),5535,3614,1921,23,978,1419,1380,1151,584,7,483,938,930,800,456,16,495,481,450,351,128
2019,1,A,골목상권,2110758,문래소공원,448,328,120,0,27,72,90,104,155,0,19,61,67,75,106,0,8,11,23,29,49
2019,1,A,골목상권,2110757,양평역 2번,2740,1554,1186,8,443,718,688,492,391,7,223,453,353,252,266,1,220,265,335,240,125
2019,1,A,골목상권,2110756,문래중학교,321,214,107,1,34,82,100,49,55,0,18,56,69,31,40,1,16,26,31,18,15
2019,1,A,골목상권,2110755,동일여자고등학교,310,116,194,0,35,57,82,85,51,0,9,25,30,27,25,0,26,32,52,58,26
2019,1,A,골목상권,2110754,삼성산자연공원(서울금천초등학교),324,98,226,1,28,37,81,98,79,1,6,9,37,24,21,0,22,28,44,74,58
2019,1,A,골목상권,2110753,시흥동 은행나무사거리,1157,739,418,4,58,120,288,454,233,2,18,68,189,300,162,2,40,52,99,154,71
2019,1,A,골목상권,2110752,한울중학교,388,143,245,1,27,73,118,113,56,1,12,31,34,42,23,0,15,42,84,71,33
2019,1,A,골목상권,2110751,난곡중학교,298,164,134,0,20,45,82,94,57,0,6,20,44,54,40,0,14,25,38,40,17
2019,1,A,골목상권,2110750,시흥4동주민센터(서울신흥초등학교),229,75,154,0,28,37,59,73,32,0,8,11,20,21,15,0,20,26,39,52,17
2019,1,A,골목상권,2110749,금산초등학교(금천고등학교),495,289,206,0,44,75,126,110,140,0,21,44,63,54,107,0,23,31,63,56,33
2019,1,A,골목상권,2110748,백산초등학교,208,114,94,1,32,42,58,45,30,0,14,24,31,27,18,1,18,18,27,18,12
2019,1,A,골목상권,2110747,석수역 1번 출입구,1011,689,322,6,63,150,288,320,184,1,38,93,178,229,150,5,25,57,110,91,34
2019,1,A,골목상권,2110746,금천금빛공원(은행나무사거리서측),84,49,35,1,6,11,22,30,14,0,3,6,14,16,10,1,3,5,8,14,4
2019,1,A,골목상권,2110745,독산동정훈단지,433,230,203,0,35,51,92,124,131,0,10,20,43,68,89,0,25,31,49,56,42
2019,1,A,골목상권,2110744,독산동성당,365,134,231,0,32,45,99,117,72,0,9,21,32,42,30,0,23,24,67,75,42
2019,1,A,골목상권,2110743,시흥초등학교(시흥1동우체국),340,77,263,0,33,38,72,124,73,0,8,14,25,22,8,0,25,24,47,102,65
2019,1,A,골목상권,2110742,KT금천빌딩(금천구시설관리공단),595,349,246,0,68,125,158,161,83,0,33,90,112,74,40,0,35,35,46,87,43
2019,1,A,골목상권,2110741,독산2동주민센터,299,75,224,0,31,43,81,92,52,0,6,12,20,19,18,0,25,31,61,73,34
2019,1,A,골목상권,2110740,금천해태공원,1420,391,1029,0,142,129,192,261,696,0,31,47,72,58,183,0,111,82,120,203,513
2019,1,A,골목상권,2110739,시흥3동 우편취급국,1782,732,1050,2,211,343,673,506,47,0,71,196,281,150,34,2,140,147,392,356,13
2019,1,A,골목상권,2110738,문성초등학교,283,130,153,0,23,40,86,101,33,0,12,15,37,44,22,0,11,25,49,57,11
2019,1,A,골목상권,2110737,금천세무서,612,349,263,2,72,114,131,159,134,0,17,54,66,94,118,2,55,60,65,65,16
2019,1,A,골목상권,2110736,독산119안전센터,422,182,240,2,41,64,127,120,68,0,13,29,45,49,46,2,28,35,82,71,22
2019,1,A,골목상권,2110735,말미고개,537,323,214,1,58,124,127,134,93,1,24,79,84,76,59,0,34,45,43,58,34
2019,1,A,골목상권,2110734,금천파출소,112,61,51,0,5,15,18,43,31,0,4,10,11,19,17,0,1,5,7,24,14
2019,1,A,골목상권,2110733,금천어울림복지센터,628,397,231,5,96,124,168,157,78,4,66,93,91,80,63,1,30,31,77,77,15
2019,1,A,골목상권,2110732,가산초등학교(세일중학교),824,467,357,1,121,173,214,203,112,1,40,88,136,134,68,0,81,85,78,69,44
2019,1,A,골목상권,2110731,금천구청역 1번 출입구,2153,1115,1038,28,728,830,342,123,102,9,367,472,140,57,70,19,361,358,202,66,32
2019,1,A,골목상권,2110730,서울축산농협 독산역지점(독산파출소),1185,687,498,7,83,188,247,392,268,0,45,100,128,223,191,7,38,88,119,169,77
2019,1,A,골목상권,2110729,가산동우체국,314,197,117,0,44,70,68,87,45,0,29,49,41,48,30,0,15,21,27,39,15
2019,1,A,골목상권,2110728,두산초등학교,1124,646,478,2,195,291,308,243,85,2,67,193,174,149,61,0,128,98,134,94,24
2019,1,A,골목상권,2110727,독산역 1번 출입구,766,522,244,0,66,161,209,236,94,0,46,121,127,159,69,0,20,40,82,77,25
2019,1,A,골목상권,2110726,금천철쭉어린이공원(금하마을),128,60,68,0,11,18,33,39,27,0,6,10,17,15,12,0,5,8,16,24,15
2019,1,A,골목상권,2110725,가산동주민센터,303,182,121,1,41,66,61,81,53,1,25,44,40,38,34,0,16,22,21,43,19
2019,1,A,골목상권,2110724,금천구립가산도서관,437,294,143,1,33,97,155,103,48,0,27,73,109,52,33,1,6,24,46,51,15
2019,1,A,골목상권,2110723,가산디지털단지역 1번 출입구,337,276,61,2,9,22,74,145,85,2,4,12,57,124,77,0,5,10,17,21,8
2019,1,A,골목상권,2110722,G타워,624,426,198,1,87,185,176,101,74,0,57,136,120,61,52,1,30,49,56,40,22
2019,1,A,골목상권,2110721,가리봉파출소,701,295,406,0,94,113,119,153,222,0,50,61,39,38,107,0,44,52,80,115,115
2019,1,A,골목상권,2110720,대림역 2번,253,107,146,0,25,57,79,46,46,0,6,20,27,24,30,0,19,37,52,22,16
2019,1,A,골목상권,2110719,영서중학교,72,18,54,1,18,13,23,8,9,0,1,2,6,3,6,1,17,11,17,5,3
2019,1,A,골목상권,2110718,한국SGI본부,1989,1291,698,7,369,576,487,379,171,2,191,414,363,218,103,5,178,162,124,161,68
2019,1,A,골목상권,2110717,남구로역 2번,765,231,534,1,84,137,167,212,164,1,19,56,54,58,43,0,65,81,113,154,121
2019,1,A,골목상권,2110716,구로나눔길,362,177,185,0,37,64,100,88,73,0,10,31,48,47,41,0,27,33,52,41,32
2019,1,A,골목상권,2110715,구로구민회관,183,88,95,0,26,31,49,45,32,0,7,20,29,22,10,0,19,11,20,23,22
2019,1,A,골목상권,2110714,구로4동주민센터,430,156,274,0,73,79,99,106,73,0,16,21,30,39,50,0,57,58,69,67,23
2019,1,A,골목상권,2110713,구로보건소,3050,1729,1321,8,337,552,773,863,517,6,135,298,437,520,333,2,202,254,336,343,184
2019,1,A,골목상권,2110712,남구로역 5번,302,108,194,0,32,61,86,70,53,0,4,26,38,26,14,0,28,35,48,44,39
2019,1,A,골목상권,2110711,구로초등학교,594,219,375,1,50,74,136,191,142,1,16,29,62,64,47,0,34,45,74,127,95
2019,1,A,골목상권,2110710,남구로역 3번,447,206,241,0,78,81,111,110,67,0,22,37,50,52,45,0,56,44,61,58,22
2019,1,A,골목상권,2110709,구로119안전센터,224,107,117,0,21,35,55,64,49,0,13,21,26,24,23,0,8,14,29,40,26
2019,1,A,골목상권,2110708,화원어린이공원,166,74,92,0,40,37,35,43,11,0,13,13,20,18,10,0,27,24,15,25,1
2019,1,A,골목상권,2110707,구로창업지원센터,1472,1073,399,5,132,276,364,452,243,5,90,204,262,326,186,0,42,72,102,126,57
2019,1,A,골목상권,2110706,그라운드 고척,641,173,468,1,141,124,142,168,65,0,28,39,47,32,27,1,113,85,95,136,38
2019,1,A,골목상권,2110705,고산초등학교,51,33,18,0,3,8,16,11,13,0,2,8,11,5,7,0,1,0,5,6,6
2019,1,A,골목상권,2110704,고척중학교,114,56,58,0,14,15,23,32,30,0,6,8,14,14,14,0,8,7,9,18,16
2019,1,A,골목상권,2110703,개봉역,772,479,293,3,99,130,185,201,154,3,51,69,109,126,121,0,48,61,76,75,33
2019,1,A,골목상권,2110702,개봉초등학교,3521,2132,1389,1,25,56,130,394,2915,0,12,31,65,198,1826,1,13,25,65,196,1089
2019,1,A,골목상권,2110701,고척동성당,388,225,163,0,59,85,101,97,46,0,32,63,47,58,25,0,27,22,54,39,21
2019,1,A,골목상권,2110700,고척초등학교,692,430,262,2,48,111,168,190,173,0,26,60,97,118,129,2,22,51,71,72,44
2019,1,A,골목상권,2110699,덕의초등학교,185,89,96,0,20,38,49,51,27,0,7,21,17,27,17,0,13,17,32,24,10
2019,1,A,골목상권,2110698,개웅초등학교(개웅중학교),175,76,99,0,29,36,40,45,25,0,7,14,16,23,16,0,22,22,24,22,9
2019,1,A,골목상권,2110697,개봉3동주민센터,108,60,48,0,14,16,33,26,19,0,6,9,16,18,11,0,8,7,17,8,8
2019,1,A,골목상권,2110696,오류동역 1번,144,66,78,0,21,26,38,37,22,0,1,15,13,20,17,0,20,11,25,17,5
2019,1,A,골목상권,2110695,개봉1동주민센터,405,165,240,2,21,54,109,125,94,2,9,31,48,37,38,0,12,23,61,88,56
2019,1,A,골목상권,2110694,세곡초등학교,294,129,165,2,35,39,78,110,30,2,15,16,28,51,17,0,20,23,50,59,13
2019,1,A,골목상권,2110693,오류동역 4번,53,29,24,1,11,11,11,10,9,0,6,7,6,5,5,1,5,4,5,5,4
2019,1,A,골목상권,2110692,큰굴다리,183,115,68,0,20,26,42,64,31,0,11,22,22,38,22,0,9,4,20,26,9
2019,1,A,골목상권,2110691,개봉중학교,217,95,122,0,15,34,61,67,40,0,7,19,27,23,19,0,8,15,34,44,21
2019,1,A,골목상권,2110690,오류2동버들시장,953,335,618,0,96,232,239,237,149,0,26,92,85,65,67,0,70,140,154,172,82
2019,1,A,골목상권,2110689,오류동역 3번,308,164,144,4,61,73,68,68,34,4,24,46,29,37,24,0,37,27,39,31,10
2019,1,A,골목상권,2110688,오류지구대,106,54,52,1,8,11,35,33,18,0,3,1,21,18,11,1,5,10,14,15,7
2019,1,A,골목상권,2110687,"천왕역 3번(오류2동주민센터, 서울오류남초등학교)",102,57,45,0,14,30,20,29,9,0,7,20,12,14,4,0,7,10,8,15,5
2019,1,A,골목상권,2110686,수궁동주민센터,411,232,179,0,58,103,132,65,53,0,26,54,77,40,35,0,32,49,55,25,18
2019,1,A,골목상권,2110685,금강수목원아파트,67,44,23,0,6,13,21,18,9,0,3,11,14,8,8,0,3,2,7,10,1
2019,1,A,골목상권,2110684,서울공연예술고등학교,192,91,101,0,31,55,54,34,18,0,11,25,31,12,12,0,20,30,23,22,6
2019,1,A,골목상권,2110683,오류고등학교,130,65,65,0,12,19,42,45,12,0,2,11,26,18,8,0,10,8,16,27,4
2019,1,A,골목상권,2110682,온수역 8번,386,252,134,0,85,118,47,62,74,0,28,75,32,47,70,0,57,43,15,15,4
2019,1,A,골목상권,2110681,온수역 1번,313,229,84,0,41,83,88,67,34,0,32,61,59,49,28,0,9,22,29,18,6
2019,1,A,골목상권,2110680,온수역 5번(온수산업단지),1290,1023,267,7,111,205,263,401,303,7,79,152,194,318,273,0,32,53,69,83,30
2019,1,A,골목상권,2110679,염창역 2번,1707,1269,438,11,327,644,436,201,88,8,192,495,361,142,71,3,135,149,75,59,17
2019,1,A,골목상권,2110678,염창무학아파트,230,146,84,0,23,59,57,65,26,0,12,39,33,48,14,0,11,20,24,17,12
2019,1,A,골목상권,2110677,등촌역 1번,384,307,77,4,39,58,80,104,99,4,26,43,56,84,94,0,13,15,24,20,5
2019,1,A,골목상권,2110676,등촌역 7번,216,91,125,0,25,38,53,59,41,0,15,22,21,21,12,0,10,16,32,38,29
2019,1,A,골목상권,2110675,화곡4동주민센터,187,101,86,0,34,51,35,40,27,0,13,26,23,21,18,0,21,25,12,19,9
2019,1,A,골목상권,2110674,강서구청가양동별관,490,296,194,5,58,126,95,105,101,4,23,85,66,52,66,1,35,41,29,53,35
2019,1,A,골목상권,2110673,뜸부기어린이공원,660,369,291,5,97,153,164,166,75,3,31,101,97,88,49,2,66,52,67,78,26
2019,1,A,골목상권,2110672,백석중학교,92,40,52,0,9,16,31,26,10,0,3,7,10,13,7,0,6,9,21,13,3
2019,1,A,골목상권,2110671,등촌1동주민센터,5750,3495,2255,14,1318,1624,1284,943,567,12,441,1075,960,643,364,2,877,549,324,300,203
2019,1,A,골목상권,2110670,신곡초등학교,205,77,128,0,27,45,59,48,26,0,2,15,20,24,16,0,25,30,39,24,10
2019,1,A,골목상권,2110669,화곡보람2차아파트,84,57,27,1,9,17,29,24,4,0,5,10,24,15,3,1,4,7,5,9,1
2019,1,A,골목상권,2110668,화곡2동주민센터,541,314,227,1,74,105,136,140,85,1,33,63,72,74,71,0,41,42,64,66,14
2019,1,A,골목상권,2110667,가양역 10번,499,246,253,12,92,98,126,126,45,7,37,55,55,61,31,5,55,43,71,65,14
2019,1,A,골목상권,2110666,KC대학교,234,82,152,0,25,50,68,71,20,0,13,17,22,20,10,0,12,33,46,51,10
2019,1,A,골목상권,2110665,곰달래도서관,1278,628,650,3,220,376,288,257,134,1,115,227,144,87,54,2,105,149,144,170,80
2019,1,A,골목상권,2110664,강서구청옆,122,71,51,0,17,29,26,27,23,0,13,19,14,12,13,0,4,10,12,15,10
2019,1,A,골목상권,2110663,우장산롯데캐슬아파트앞,340,160,180,0,62,74,88,81,35,0,20,34,37,43,26,0,42,40,51,38,9
2019,1,A,골목상권,2110662,까치산역 1번,357,117,240,2,23,63,112,89,68,0,6,30,34,21,26,2,17,33,78,68,42
2019,1,A,골목상권,2110661,강서새말어린이공원,484,317,167,0,45,72,131,151,85,0,24,44,94,94,61,0,21,28,37,57,24
2019,1,A,골목상권,2110660,등촌3동주민센터,8589,4429,4160,39,1203,1435,1630,2656,1626,27,746,974,942,992,748,12,457,461,688,1664,878
2019,1,A,골목상권,2110659,화곡역 4번,611,210,401,1,81,138,163,126,102,0,27,49,53,41,40,1,54,89,110,85,62
2019,1,A,골목상권,2110658,화곡초등학교,173,86,87,0,10,45,41,40,37,0,3,26,20,15,22,0,7,19,21,25,15
2019,1,A,골목상권,2110657,양천향교역 5번,5626,2851,2775,24,987,1195,1237,1484,699,20,447,718,746,566,354,4,540,477,491,918,345
2019,1,A,골목상권,2110656,까치산역 3번,657,369,288,2,84,137,149,174,111,1,50,85,81,80,72,1,34,52,68,94,39
2019,1,A,골목상권,2110655,발산역 5번,1433,752,681,48,374,358,330,206,117,19,152,191,211,125,54,29,222,167,119,81,63
2019,1,A,골목상권,2110654,까치산역 4번,800,377,423,5,99,172,202,206,116,2,42,79,101,89,64,3,57,93,101,117,52
2019,1,A,골목상권,2110653,화곡역 2번,300,112,188,1,31,53,70,66,79,0,11,26,27,18,30,1,20,27,43,48,49
2019,1,A,골목상권,2110652,양천향교역 2번,1175,813,362,0,112,281,347,265,170,0,49,172,246,203,143,0,63,109,101,62,27
2019,1,A,골목상권,2110651,화원중학교,526,228,298,2,46,105,123,132,118,2,17,59,56,49,45,0,29,46,67,83,73
2019,1,A,골목상권,2110650,우장산힐스테이트,284,177,107,1,38,48,66,64,67,1,26,35,44,28,43,0,12,13,22,36,24
2019,1,A,골목상권,2110649,우장산역 1번,302,131,171,2,43,66,78,69,44,2,13,26,32,33,25,0,30,40,46,36,19
2019,1,A,골목상권,2110648,양천향교역 7번,817,404,413,9,154,260,187,128,79,1,57,117,110,65,54,8,97,143,77,63,25
2019,1,A,골목상권,2110647,화곡역 5번,1063,480,583,5,114,219,313,263,149,4,44,102,143,116,71,1,70,117,170,147,78
2019,1,A,골목상권,2110646,푸른들청소년도서관,729,351,378,2,70,119,162,195,181,1,23,63,78,94,92,1,47,56,84,101,89
2019,1,A,골목상권,2110645,우장산역 4번,1195,364,831,4,228,318,270,239,136,2,24,96,92,94,56,2,204,222,178,145,80
2019,1,A,골목상권,2110644,신광명마을,581,514,67,3,18,58,133,198,171,3,13,45,114,177,162,0,5,13,19,21,9
2019,1,A,골목상권,2110643,강서구다솔마을,788,506,282,2,90,178,294,149,75,0,48,113,207,91,47,2,42,65,87,58,28
2019,1,A,골목상권,2110642,정곡초등학교,167,151,16,0,4,8,35,68,52,0,2,6,31,63,49,0,2,2,4,5,3
2019,1,A,골목상권,2110641,공항고등학교,462,280,182,1,67,120,130,110,34,1,35,76,84,65,19,0,32,44,46,45,15
2019,1,A,골목상권,2110640,방화역 1번,1034,554,480,1,114,272,255,243,149,0,35,92,139,170,118,1,79,180,116,73,31
2019,1,A,골목상권,2110639,신방화역 8번,294,90,204,2,82,79,63,46,22,0,7,19,28,21,15,2,75,60,35,25,7
2019,1,A,골목상권,2110638,신방화역 2번,1062,525,537,2,84,238,240,240,258,0,39,136,132,93,125,2,45,102,108,147,133
2019,1,A,골목상권,2110637,송정역 2번,542,368,174,0,51,99,132,132,128,0,25,52,92,100,99,0,26,47,40,32,29
2019,1,A,골목상권,2110636,방화역 2번,386,137,249,1,50,103,99,93,40,0,17,47,42,19,12,1,33,56,57,74,28
2019,1,A,골목상권,2110635,공항시장역 3번,383,264,119,3,31,77,116,96,60,0,18,55,81,68,42,3,13,22,35,28,18
2019,1,A,골목상권,2110634,송정역 3번,929,564,365,2,98,210,255,240,124,0,41,129,167,145,82,2,57,81,88,95,42
2019,1,A,골목상권,2110633,개화산역 1번,118,54,64,1,27,25,30,20,15,0,13,11,15,9,6,1,14,14,15,11,9
2019,1,A,골목상권,2110632,방화역 3번,683,320,363,0,97,136,184,156,110,0,35,78,105,57,45,0,62,58,79,99,65
2019,1,A,골목상권,2110631,방화초등학교,355,182,173,0,36,67,84,95,73,0,21,39,34,53,35,0,15,28,50,42,38
2019,1,A,골목상권,2110630,공항시장역 1번,1338,912,426,0,89,190,286,380,393,0,38,102,163,278,331,0,51,88,123,102,62
2019,1,A,골목상권,2110629,송정역 4번,285,141,144,3,61,69,69,49,34,0,21,34,37,29,20,3,40,35,32,20,14
2019,1,A,골목상권,2110628,신목동역,304,203,101,0,39,119,70,48,28,0,13,80,52,36,22,0,26,39,18,12,6
2019,1,A,골목상권,2110627,신정롯데캐슬아파트,452,231,221,0,58,79,135,104,76,0,24,36,74,49,48,0,34,43,61,55,28
2019,1,A,골목상권,2110626,양화초등학교,306,183,123,1,37,84,90,61,33,0,13,58,52,41,19,1,24,26,38,20,14
2019,1,A,골목상권,2110625,신정2동주민센터,512,228,284,6,63,108,152,115,68,2,22,51,72,41,40,4,41,57,80,74,28
2019,1,A,골목상권,2110624,목동문화체육센터,99,40,59,1,10,29,30,20,9,1,6,11,8,9,5,0,4,18,22,11,4
2019,1,A,골목상권,2110623,갈산공원,243,180,63,1,31,74,53,49,35,0,24,66,37,32,21,1,7,8,16,17,14
2019,1,A,골목상권,2110622,달마을공원,237,114,123,0,34,46,53,75,29,0,14,25,20,37,18,0,20,21,33,38,11
2019,1,A,골목상권,2110621,목동역 5번,246,117,129,1,45,59,48,63,30,1,14,30,25,30,17,0,31,29,23,33,13
2019,1,A,골목상권,2110620,목동보건지소,579,253,326,1,80,139,145,142,72,0,33,58,53,58,51,1,47,81,92,84,21
2019,1,A,골목상권,2110619,목4동주민센터,119,62,57,0,11,17,29,36,26,0,6,10,20,15,11,0,5,7,9,21,15
2019,1,A,골목상권,2110618,강서고등학교,193,88,105,1,23,37,36,60,36,1,11,21,18,21,16,0,12,16,18,39,20
2019,1,A,골목상권,2110617,등촌역 4번,123,45,78,0,15,17,26,41,24,0,6,4,16,10,9,0,9,13,10,31,15
2019,1,A,골목상권,2110616,양목초등학교,120,84,36,0,6,14,30,23,47,0,1,7,22,15,39,0,5,7,8,8,8
2019,1,A,골목상권,2110615,신서초등학교,186,109,77,2,30,37,50,48,19,0,17,25,36,23,8,2,13,12,14,25,11
2019,1,A,골목상권,2110614,목동로데오거리,626,307,319,2,61,100,151,194,118,2,36,63,81,76,49,0,25,37,70,118,69
2019,1,A,골목상권,2110613,신정네거리역 4번,64,27,37,1,5,7,18,20,13,0,3,2,7,9,6,1,2,5,11,11,7
2019,1,A,골목상권,2110612,신정역 5번,569,260,309,0,51,83,116,205,114,0,19,43,61,93,44,0,32,40,55,112,70
2019,1,A,골목상권,2110611,신정역 1번,412,188,224,0,44,56,113,108,91,0,16,26,55,52,39,0,28,30,58,56,52
2019,1,A,골목상권,2110610,계남근린공원,96,25,71,0,6,12,13,33,32,0,1,10,5,4,5,0,5,2,8,29,27
2019,1,A,골목상권,2110609,신정네거리역 2번,27,13,14,2,2,7,2,7,7,2,1,4,1,2,3,0,1,3,1,5,4
2019,1,A,골목상권,2110608,신월2동주민센터,595,367,228,0,51,96,143,168,137,0,22,45,66,119,115,0,29,51,77,49,22
2019,1,A,골목상권,2110607,금빛새마을금고본점,119,64,55,0,10,28,34,31,16,0,2,14,16,19,13,0,8,14,18,12,3
2019,1,A,골목상권,2110606,신한은행 신월동지점,555,254,301,6,60,88,136,148,117,4,22,39,61,59,69,2,38,49,75,89,48
2019,1,A,골목상권,2110605,목동센트럴아이파크앞,263,116,147,0,33,40,54,79,57,0,11,21,19,29,36,0,22,19,35,50,21
2019,1,A,골목상권,2110604,신월4동주민센터,635,394,241,0,33,66,130,216,190,0,8,31,61,141,153,0,25,35,69,75,37
2019,1,A,골목상권,2110603,지향초등학교,737,516,221,0,73,89,66,68,441,0,20,32,31,27,406,0,53,57,35,41,35
2019,1,A,골목상권,2110602,신월시영아파트중문,826,640,186,0,21,54,136,330,285,0,9,35,76,260,260,0,12,19,60,70,25
2019,1,A,골목상권,2110601,신월1동우편취급국,1286,848,438,3,98,173,310,454,248,3,44,109,209,315,168,0,54,64,101,139,80
2019,1,A,골목상권,2110600,신월7동주민센터,557,343,214,1,45,70,127,159,155,1,23,37,69,97,116,0,22,33,58,62,39
2019,1,A,골목상권,2110599,신월1파출소,345,180,165,0,34,45,106,103,57,0,13,24,49,60,34,0,21,21,57,43,23
2019,1,A,골목상권,2110598,신월문화체육센터,331,121,210,0,32,62,99,84,54,0,9,28,29,29,26,0,23,34,70,55,28
2019,1,A,골목상권,2110597,신월1동주민센터,633,333,300,2,49,124,165,177,116,1,18,60,75,99,80,1,31,64,90,78,36
2019,1,A,골목상권,2110596,서서울호수공원,401,204,197,0,37,72,113,108,71,0,27,40,58,49,30,0,10,32,55,59,41
2019,1,A,골목상권,2110595,메디힐병원,1589,1145,444,0,86,126,188,265,924,0,21,46,79,145,854,0,65,80,109,120,70
2019,1,A,골목상권,2110594,신월중학교,278,114,164,0,36,59,88,72,23,0,11,20,30,35,18,0,25,39,58,37,5
2019,1,A,골목상권,2110593,신월3동주민센터,532,218,314,0,49,85,145,152,101,0,18,38,73,52,37,0,31,47,72,100,64
2019,1,A,골목상권,2110592,서울금융고등학교,853,671,182,1,27,70,154,296,305,0,12,44,100,235,280,1,15,26,54,61,25
2019,1,A,골목상권,2110591,충정로역 6번,205,102,103,2,29,42,45,55,32,1,16,17,28,25,15,1,13,25,17,30,17
2019,1,A,골목상권,2110590,만리재,106,34,72,1,23,23,19,29,11,0,4,8,5,10,7,1,19,15,14,19,4
2019,1,A,골목상권,2110589,애오개역 3번,103,31,72,0,11,28,33,23,8,0,1,3,14,9,4,0,10,25,19,14,4
2019,1,A,골목상권,2110588,한겨레신문사,700,435,265,0,57,171,239,212,21,0,14,70,155,181,15,0,43,101,84,31,6
2019,1,A,골목상권,2110587,공덕동주민센터,436,214,222,0,70,92,107,89,78,0,24,55,65,39,31,0,46,37,42,50,47
2019,1,A,골목상권,2110586,서울서부지방법원,3108,1416,1692,19,731,754,653,447,504,5,294,384,293,212,228,14,437,370,360,235,276
2019,1,A,골목상권,2110585,마포경찰서,986,815,171,2,206,379,193,190,16,0,148,317,168,170,12,2,58,62,25,20,4
2019,1,A,골목상권,2110584,아현역 4번,133,49,84,1,16,27,36,35,18,0,3,9,15,11,11,1,13,18,21,24,7
2019,1,A,골목상권,2110583,공덕래미안3차아파트,77,32,45,1,16,18,15,17,10,0,6,7,5,6,8,1,10,11,10,11,2
2019,1,A,골목상권,2110582,이대역 5번,171,91,80,0,23,48,50,31,19,0,4,28,32,17,10,0,19,20,18,14,9
2019,1,A,골목상권,2110581,염리초등학교,221,64,157,0,82,69,29,25,16,0,14,11,13,13,13,0,68,58,16,12,3
2019,1,A,골목상권,2110580,양원초등학교,174,51,123,0,48,39,33,18,36,0,15,11,11,5,9,0,33,28,22,13,27
2019,1,A,골목상권,2110579,마포역 4번,757,403,354,3,184,283,162,82,43,1,73,133,114,56,26,2,111,150,48,26,17
2019,1,A,골목상권,2110578,대흥역 2번,4277,3041,1236,6,531,897,1032,1018,793,0,390,714,801,603,533,6,141,183,231,415,260
2019,1,A,골목상권,2110577,용강동주민센터,484,219,265,2,100,201,97,51,33,0,25,96,53,27,18,2,75,105,44,24,15
2019,1,A,골목상권,2110576,대흥역 3번,1617,1127,490,77,460,438,359,206,77,31,289,330,286,148,43,46,171,108,73,58,34
2019,1,A,골목상권,2110575,대흥동주민센터,377,138,239,0,71,86,40,92,88,0,28,54,20,18,18,0,43,32,20,74,70
2019,1,A,골목상권,2110574,서강대학교,322,159,163,3,66,91,87,62,13,1,26,39,55,33,5,2,40,52,32,29,8
2019,1,A,골목상권,2110573,신촌역 6번,157,114,43,0,21,35,40,44,17,0,11,25,34,29,15,0,10,10,6,15,2
2019,1,A,골목상권,2110572,서강대역 1번,991,439,552,1,205,225,247,203,110,0,61,103,119,90,66,1,144,122,128,113,44
2019,1,A,골목상권,2110571,신수동주민센터,844,446,398,3,114,285,263,122,57,0,46,179,140,48,33,3,68,106,123,74,24
2019,1,A,골목상권,2110570,KB국민은행 서강지점,376,211,165,2,64,106,123,57,24,0,21,54,79,41,16,2,43,52,44,16,8
2019,1,A,골목상권,2110569,홍대땡땡거리,854,442,412,1,226,298,168,87,74,0,82,169,99,50,42,1,144,129,69,37,32
2019,1,A,골목상권,2110568,광흥창역 1번,118,54,64,0,17,15,30,26,30,0,9,9,11,6,19,0,8,6,19,20,11
2019,1,A,골목상권,2110567,광흥창역 6번,293,93,200,4,104,80,58,21,26,0,9,21,33,14,16,4,95,59,25,7,10
2019,1,A,골목상권,2110566,경의선책거리,3055,1904,1151,12,834,1084,695,299,131,0,363,711,512,230,88,12,471,373,183,69,43
2019,1,A,골목상권,2110565,홍익대,397,215,182,0,92,102,69,65,69,0,31,66,43,43,32,0,61,36,26,22,37
2019,1,A,골목상권,2110564,홍대입구역 3번,942,477,465,4,215,318,250,113,42,0,79,166,168,46,18,4,136,152,82,67,24
2019,1,A,골목상권,2110563,상수역 3번,652,446,206,11,188,206,120,74,53,11,119,147,91,47,31,0,69,59,29,27,22
2019,1,A,골목상권,2110562,연트럴파크(연남동주민센터),634,308,326,4,161,180,146,96,47,0,61,97,91,40,19,4,100,83,55,56,28
2019,1,A,골목상권,2110561,상수역 4번,461,263,198,0,117,156,100,54,34,0,48,95,64,36,20,0,69,61,36,18,14
2019,1,A,골목상권,2110560,마포FM,480,266,214,0,132,135,114,67,32,0,53,76,75,39,23,0,79,59,39,28,9
2019,1,A,골목상권,2110559,성산중학교,1263,741,522,11,300,387,278,185,102,11,120,233,176,127,74,0,180,154,102,58,28
2019,1,A,골목상권,2110558,경성고등학교,3554,2455,1099,8,427,641,635,574,1269,3,177,365,391,384,1135,5,250,276,244,190,134
2019,1,A,골목상권,2110557,홍대부속여중고앞,1285,722,563,5,225,347,340,237,131,4,96,192,211,122,97,1,129,155,129,115,34
2019,1,A,골목상권,2110556,절두산순교성지,191,110,81,0,42,51,50,31,17,0,16,35,30,19,10,0,26,16,20,12,7
2019,1,A,골목상권,2110555,홍익지구대,590,293,297,3,186,160,108,72,61,0,80,89,68,27,29,3,106,71,40,45,32
2019,1,A,골목상권,2110554,망원역 1번,1908,1001,907,2,425,610,461,218,192,1,154,322,295,124,105,1,271,288,166,94,87
2019,1,A,골목상권,2110553,가좌역 2번,1222,1059,163,0,47,74,113,167,821,0,16,37,73,132,801,0,31,37,40,35,20
2019,1,A,골목상권,2110552,성미산체육관,958,562,396,1,159,253,256,192,97,0,67,153,167,117,58,1,92,100,89,75,39
2019,1,A,골목상권,2110551,성서초등학교,847,451,396,0,109,215,285,177,61,0,32,114,155,108,42,0,77,101,130,69,19
2019,1,A,골목상권,2110550,합정역 8번,1873,1163,710,6,392,528,512,273,162,4,154,334,375,178,118,2,238,194,137,95,44
2019,1,A,골목상권,2110549,새터산,356,150,206,0,50,62,94,94,56,0,14,29,41,39,27,0,36,33,53,55,29
2019,1,A,골목상권,2110548,마포구청역 4번,1551,979,572,9,297,295,326,319,305,7,114,172,234,214,238,2,183,123,92,105,67
2019,1,A,골목상권,2110547,KB국민은행 망원동지점,424,202,222,1,49,91,121,109,53,0,17,38,64,55,28,1,32,53,57,54,25
2019,1,A,골목상권,2110546,양화대교북단,683,359,324,1,226,257,118,58,23,0,93,134,83,35,14,1,133,123,35,23,9
2019,1,A,골목상권,2110545,마포구청역 1번,2875,965,1910,4,128,215,356,1016,1156,2,59,120,222,235,327,2,69,95,134,781,829
2019,1,A,골목상권,2110544,망리단길,1334,665,669,2,238,350,349,245,150,1,96,197,183,105,83,1,142,153,166,140,67
2019,1,A,골목상권,2110543,중암중학교,18,13,5,0,4,4,4,6,0,0,2,3,3,5,0,0,2,1,1,1,0
2019,1,A,골목상권,2110542,마포구청역 7번,993,545,448,3,170,261,252,196,111,2,67,155,148,107,66,1,103,106,104,89,45
2019,1,A,골목상권,2110541,동교초등학교,580,359,221,0,69,118,156,125,112,0,47,66,97,68,81,0,22,52,59,57,31
2019,1,A,골목상권,2110540,망원나들목체육관,148,86,62,0,6,29,43,40,30,0,2,18,31,17,18,0,4,11,12,23,12
2019,1,A,골목상권,2110539,미근동,3980,2503,1477,10,423,1097,1292,968,190,5,177,780,850,558,133,5,246,317,442,410,57
2019,1,A,골목상권,2110538,충정로역 3번,493,287,206,0,66,108,110,108,101,0,31,76,68,59,53,0,35,32,42,49,48
2019,1,A,골목상권,2110537,충정로현대아파트,1002,585,417,3,130,263,251,203,152,0,38,135,164,149,99,3,92,128,87,54,53
2019,1,A,골목상권,2110536,돈의문센트레빌아파트입구,88,58,30,0,10,18,26,18,16,0,5,10,16,14,13,0,5,8,10,4,3
2019,1,A,골목상권,2110535,영천시장입구,294,82,212,2,46,54,57,101,34,2,12,15,18,24,11,0,34,39,39,77,23
2019,1,A,골목상권,2110534,경기대학교,115,53,62,0,5,27,26,31,26,0,5,18,14,9,7,0,0,9,12,22,19
2019,1,A,골목상권,2110533,충정로역 7번,27,19,8,0,0,2,10,7,8,0,0,0,9,5,5,0,0,2,1,2,3
2019,1,A,골목상권,2110532,아현역 2번,482,113,369,1,41,49,97,170,124,0,9,16,25,32,31,1,32,33,72,138,93
2019,1,A,골목상권,2110531,홍지문,118,26,92,0,19,25,16,47,11,0,10,9,3,2,2,0,9,16,13,45,9
2019,1,A,골목상권,2110530,아현역 1번,28,15,13,0,6,7,5,6,4,0,3,5,2,3,2,0,3,2,3,3,2
2019,1,A,골목상권,2110529,홍제3동주민센터,230,89,141,0,29,25,55,62,59,0,7,9,25,25,23,0,22,16,30,37,36
2019,1,A,골목상권,2110528,서울여자간호대학교,295,172,123,0,23,47,64,37,124,0,12,19,27,20,94,0,11,28,37,17,30
2019,1,A,골목상권,2110527,홍제역 2번,113,49,64,1,20,27,26,22,17,1,5,15,14,11,3,0,15,12,12,11,14
2019,1,A,골목상권,2110526,봉원사,192,107,85,0,55,58,40,25,14,0,23,36,28,13,7,0,32,22,12,12,7
2019,1,A,골목상권,2110525,홍은종합사회복지관,130,43,87,0,19,26,30,40,15,0,3,12,5,15,8,0,16,14,25,25,7
2019,1,A,골목상권,2110524,연희세브란스병원,246,91,155,4,69,51,42,61,19,3,19,18,17,23,11,1,50,33,25,38,8
2019,1,A,골목상권,2110523,홍제성원아파트,8,7,1,0,0,1,5,1,1,0,0,0,5,1,1,0,0,1,0,0,0
2019,1,A,골목상권,2110522,홍제역 3번,63,25,38,0,14,23,16,6,4,0,3,9,6,4,3,0,11,14,10,2,1
2019,1,A,골목상권,2110521,홍제역 4번,80,35,45,1,6,7,27,26,13,1,3,3,10,8,10,0,3,4,17,18,3
2019,1,A,골목상권,2110520,경의중앙 신촌역,175,101,74,0,26,30,47,38,34,0,12,19,29,23,18,0,14,11,18,15,16
2019,1,A,골목상권,2110519,서대문구보건소별관,458,188,270,0,56,85,113,152,52,0,14,35,48,58,33,0,42,50,65,94,19
2019,1,A,골목상권,2110518,서대문구청,327,115,212,0,54,103,107,40,23,0,8,36,46,17,8,0,46,67,61,23,15
2019,1,A,골목상권,2110517,서대문소방서,458,332,126,0,67,145,91,115,40,0,34,107,68,96,27,0,33,38,23,19,13
2019,1,A,골목상권,2110516,정원여중,47,13,34,0,6,12,11,10,8,0,1,5,4,2,1,0,5,7,7,8,7
2019,1,A,골목상권,2110515,홍은중학교,151,116,35,0,12,45,52,26,16,0,9,38,40,18,11,0,3,7,12,8,5
2019,1,A,골목상권,2110514,서대문우체국,115,55,60,0,23,32,25,28,7,0,11,15,12,12,5,0,12,17,13,16,2
2019,1,A,골목상권,2110513,연희파출소,395,206,189,2,85,83,83,78,64,1,44,48,45,32,36,1,41,35,38,46,28
2019,1,A,골목상권,2110512,연희지하차도,434,152,282,0,57,57,109,122,89,0,21,29,31,36,35,0,36,28,78,86,54
2019,1,A,골목상권,2110511,연희초등학교,371,134,237,1,88,73,70,91,48,0,23,26,29,28,28,1,65,47,41,63,20
2019,1,A,골목상권,2110510,홍연시장,218,131,87,0,13,44,70,57,34,0,7,29,45,34,16,0,6,15,25,23,18
2019,1,A,골목상권,2110509,연희대우아파트앞,1183,483,700,3,156,303,363,252,106,1,58,140,136,81,67,2,98,163,227,171,39
2019,1,A,골목상권,2110508,서연중학교,403,208,195,1,99,120,68,73,42,0,39,71,35,37,26,1,60,49,33,36,16
2019,1,A,골목상권,2110507,명지대학교,444,203,241,2,94,98,77,111,62,1,42,50,33,46,31,1,52,48,44,65,31
2019,1,A,골목상권,2110506,연희임광아파트,121,76,45,0,11,20,33,29,28,0,8,12,23,14,19,0,3,8,10,15,9
2019,1,A,골목상권,2110505,홍남교남측,43,24,19,0,3,12,11,12,5,0,1,5,5,9,4,0,2,7,6,3,1
2019,1,A,골목상권,2110504,명지전문대,36,16,20,0,4,11,7,11,3,0,1,2,4,7,2,0,3,9,3,4,1
2019,1,A,골목상권,2110503,명지대학교교회,539,366,173,2,55,69,111,158,144,1,29,43,62,111,120,1,26,26,49,47,24
2019,1,A,골목상권,2110502,남가좌파출소,378,184,194,0,46,67,111,90,64,0,11,29,70,39,35,0,35,38,41,51,29
2019,1,A,골목상권,2110501,연희어린이공원,180,99,81,0,30,46,50,24,30,0,16,25,30,12,16,0,14,21,20,12,14
2019,1,A,골목상권,2110500,남가좌동현대아파트,32,10,22,0,4,8,8,7,5,0,1,3,1,2,3,0,3,5,7,5,2
2019,1,A,골목상권,2110499,연가초등학교,207,93,114,0,32,42,54,51,28,0,9,21,22,26,15,0,23,21,32,25,13
2019,1,A,골목상권,2110498,증산역 1번,269,137,132,0,19,48,69,88,45,0,4,26,40,41,26,0,15,22,29,47,19
2019,1,A,골목상권,2110497,가좌역 3번,356,276,80,0,24,46,106,129,51,0,6,23,87,119,41,0,18,23,19,10,10
2019,1,A,골목상권,2110496,모래내우체국,391,187,204,1,55,88,113,75,59,0,11,47,57,35,37,1,44,41,56,40,22
2019,1,A,골목상권,2110495,북가좌2동주민센터,558,352,206,0,34,63,147,212,102,0,15,35,91,144,67,0,19,28,56,68,35
2019,1,A,골목상권,2110494,증산3교남측,66,46,20,0,13,12,17,18,6,0,5,11,14,11,5,0,8,1,3,7,1
2019,1,A,골목상권,2110493,북가좌초등학교,218,158,60,0,25,52,53,58,30,0,8,38,42,43,27,0,17,14,11,15,3
2019,1,A,골목상권,2110492,하나고등학교,260,51,209,0,11,15,15,120,99,0,2,11,7,16,15,0,9,4,8,104,84
2019,1,A,골목상권,2110491,불광중학교,74,27,47,0,7,10,32,21,4,0,3,4,12,5,3,0,4,6,20,16,1
2019,1,A,골목상권,2110490,녹번동근린공원,286,92,194,1,17,44,89,87,48,0,4,17,33,23,15,1,13,27,56,64,33
2019,1,A,골목상권,2110489,불광역 3번,76,25,51,0,14,11,27,17,7,0,3,1,12,6,3,0,11,10,15,11,4
2019,1,A,골목상권,2110488,우리은행응암동지점,568,251,317,2,56,85,96,130,199,0,19,30,30,49,123,2,37,55,66,81,76
2019,1,A,골목상권,2110487,불광역 8번,155,82,73,0,19,47,44,29,16,0,9,30,19,15,9,0,10,17,25,14,7
2019,1,A,골목상권,2110486,은평구청,732,343,389,0,73,138,221,185,115,0,31,58,105,85,64,0,42,80,116,100,51
2019,1,A,골목상권,2110485,연신내우체국,154,55,99,1,11,46,33,36,27,1,5,16,16,11,6,0,6,30,17,25,21
2019,1,A,골목상권,2110484,역촌역 3번,375,158,217,1,54,71,98,90,61,0,21,32,38,33,34,1,33,39,60,57,27
2019,1,A,골목상권,2110483,연천초등학교,41,15,26,0,3,9,14,11,4,0,0,3,5,3,4,0,3,6,9,8,0
2019,1,A,골목상권,2110482,연신초등학교,74,23,51,0,1,18,27,17,11,0,0,8,7,4,4,0,1,10,20,13,7
2019,1,A,골목상권,2110481,불광역 7번,473,142,331,3,57,86,99,114,114,0,22,34,34,22,30,3,35,52,65,92,84
2019,1,A,골목상권,2110480,연신내역 3번,101,37,64,0,18,23,24,21,15,0,4,9,11,7,6,0,14,14,13,14,9
2019,1,A,골목상권,2110479,연신내역 2번,472,222,250,1,47,71,133,115,105,0,14,38,64,56,50,1,33,33,69,59,55
2019,1,A,골목상권,2110478,응암1동주민센터,422,154,268,2,55,59,112,119,75,2,20,24,42,36,30,0,35,35,70,83,45
2019,1,A,골목상권,2110477,은평세무서,862,394,468,3,92,158,222,232,155,0,26,64,112,109,83,3,66,94,110,123,72
2019,1,A,골목상권,2110476,역촌역 2번,82,36,46,0,10,12,27,21,12,0,5,6,13,7,5,0,5,6,14,14,7
2019,1,A,골목상권,2110475,백련산해모로아파트,243,92,151,2,28,36,73,62,42,1,13,17,21,21,19,1,15,19,52,41,23
2019,1,A,골목상권,2110474,세명컴퓨터고등학교,174,84,90,0,26,38,47,42,21,0,13,19,23,17,12,0,13,19,24,25,9
2019,1,A,골목상권,2110473,구산역 1번,412,192,220,2,36,71,120,104,79,0,11,28,64,46,43,2,25,43,56,58,36
2019,1,A,골목상권,2110472,연신내역 4번,454,213,241,1,45,92,94,109,113,1,19,47,40,52,54,0,26,45,54,57,59
2019,1,A,골목상권,2110471,응암동우체국,420,171,249,0,45,83,111,112,69,0,12,30,46,46,37,0,33,53,65,66,32
2019,1,A,골목상권,2110470,신진과학기술고등학교,124,59,65,1,6,26,42,29,20,1,3,12,23,8,12,0,3,14,19,21,8
2019,1,A,골목상권,2110469,응암정보도서관,587,260,327,1,65,110,159,160,92,0,26,53,65,70,46,1,39,57,94,90,46
2019,1,A,골목상권,2110468,응암역 3번,873,415,458,2,107,162,227,228,147,1,29,82,128,107,68,1,78,80,99,121,79
2019,1,A,골목상권,2110467,은평요양병원,306,159,147,0,29,49,87,82,59,0,11,30,36,39,43,0,18,19,51,43,16
2019,1,A,골목상권,2110466,구산역 2번,162,96,66,1,19,36,48,34,24,1,9,19,30,21,16,0,10,17,18,13,8
2019,1,A,골목상권,2110465,연신내역 7번,269,134,135,0,42,58,65,61,43,0,27,36,19,26,26,0,15,22,46,35,17
2019,1,A,골목상권,2110464,연신내역 5번,343,160,183,1,45,68,102,87,40,1,14,36,49,35,25,0,31,32,53,52,15
2019,1,A,골목상권,2110463,응암3동주민센터,291,119,172,2,78,66,60,49,36,1,31,35,20,16,16,1,47,31,40,33,20
2019,1,A,골목상권,2110462,갈현건영아파트,202,90,112,0,20,41,54,58,29,0,9,18,23,26,14,0,11,23,31,32,15
2019,1,A,골목상권,2110461,새절역 2번,55,29,26,0,5,10,16,12,12,0,4,7,9,3,6,0,1,3,7,9,6
2019,1,A,골목상권,2110460,구산역 4번,787,265,522,0,110,135,190,236,116,0,25,60,70,68,42,0,85,75,120,168,74
2019,1,A,골목상권,2110459,응암역 2번,424,210,214,1,59,83,120,93,68,1,27,50,48,43,41,0,32,33,72,50,27
2019,1,A,골목상권,2110458,선일여고,252,109,143,0,34,53,73,60,32,0,17,26,23,22,21,0,17,27,50,38,11
2019,1,A,골목상권,2110457,예일여고,363,171,192,0,30,68,94,93,78,0,14,38,52,39,28,0,16,30,42,54,50
2019,1,A,골목상권,2110456,구산보건지소,414,169,245,0,38,71,120,133,52,0,18,30,48,46,27,0,20,41,72,87,25
2019,1,A,골목상권,2110455,역촌노인복지관,476,194,282,2,59,90,119,141,65,1,21,46,53,41,32,1,38,44,66,100,33
2019,1,A,골목상권,2110454,선정중학교,117,27,90,0,12,17,35,26,27,0,4,9,5,6,3,0,8,8,30,20,24
2019,1,A,골목상권,2110453,신사1동주민센터,790,379,411,1,82,170,194,210,133,1,36,93,104,90,55,0,46,77,90,120,78
2019,1,A,골목상권,2110452,새절역 3번,803,387,416,0,52,100,137,182,332,0,20,45,66,107,149,0,32,55,71,75,183
2019,1,A,골목상권,2110451,증산역 4번,448,265,183,0,59,97,138,99,55,0,29,62,91,51,32,0,30,35,47,48,23
2019,1,A,골목상권,2110450,시립서북병원,1276,432,844,3,214,281,301,298,179,1,74,101,120,83,53,2,140,180,181,215,126
2019,1,A,골목상권,2110449,증산역 3번,843,478,365,4,87,165,193,202,192,3,32,70,102,135,136,1,55,95,91,67,56
2019,1,A,골목상권,2110448,상신초등학교입구,63,21,42,0,8,12,20,14,9,0,3,4,5,5,4,0,5,8,15,9,5
2019,1,A,골목상권,2110447,구산초등학교,28,6,22,0,1,1,10,5,11,0,1,1,2,0,2,0,0,0,8,5,9
2019,1,A,골목상권,2110446,내를건너서숲으로도서관,216,127,89,0,16,20,54,65,61,0,3,6,28,39,51,0,13,14,26,26,10
2019,1,A,골목상권,2110445,덕산중학교,12,8,4,0,1,1,5,2,3,0,0,1,2,2,3,0,1,0,3,0,0
2019,1,A,골목상권,2110444,수색성당,388,346,42,0,11,32,53,110,182,0,5,21,41,101,178,0,6,11,12,9,4
2019,1,A,골목상권,2110443,수색역 1번,15,8,7,0,0,0,8,4,3,0,0,0,4,3,1,0,0,0,4,1,2
2019,1,A,골목상권,2110442,화랑대철도공원,154,62,92,2,14,26,23,65,24,2,11,18,8,17,6,0,3,8,15,48,18
2019,1,A,골목상권,2110441,영신여고,251,76,175,0,23,43,56,68,61,0,6,18,16,19,17,0,17,25,40,49,44
2019,1,A,골목상권,2110440,상계3동4동주민센터,90,37,53,0,11,16,20,31,12,0,2,10,8,9,8,0,9,6,12,22,4
2019,1,A,골목상권,2110439,당고개역 5번,54,23,31,0,2,8,15,17,12,0,0,5,8,7,3,0,2,3,7,10,9
2019,1,A,골목상권,2110438,경춘선숲길 우측,443,191,252,1,60,103,154,84,41,1,29,52,59,31,19,0,31,51,95,53,22
2019,1,A,골목상권,2110437,당고개역 2번,292,89,203,0,27,54,66,86,59,0,9,24,18,27,11,0,18,30,48,59,48
2019,1,A,골목상권,2110436,상계제일중학교,271,88,183,0,26,48,52,84,61,0,7,21,21,26,13,0,19,27,31,58,48
2019,1,A,골목상권,2110435,서울과학기술대,71,37,34,1,17,11,15,17,10,1,8,6,8,9,5,0,9,5,7,8,5
2019,1,A,골목상권,2110434,태릉입구역 4번,148,84,64,0,12,29,37,44,26,0,5,17,22,23,17,0,7,12,15,21,9
2019,1,A,골목상권,2110433,공릉역 2번,334,161,173,0,33,58,70,103,70,0,17,39,34,40,31,0,16,19,36,63,39
2019,1,A,골목상권,2110432,대진고등학교,331,150,181,10,29,47,91,99,55,8,17,26,33,39,27,2,12,21,58,60,28
2019,1,A,골목상권,2110431,상계역,390,147,243,4,54,76,108,92,56,0,18,34,48,34,13,4,36,42,60,58,43
2019,1,A,골목상권,2110430,중계초등학교,265,117,148,1,29,55,58,60,62,0,9,23,22,25,38,1,20,32,36,35,24
2019,1,A,골목상권,2110429,공릉동 국수거리,3337,1340,1997,18,419,553,743,926,678,11,170,312,347,318,182,7,249,241,396,608,496
2019,1,A,골목상권,2110428,상계5동주민센터,800,381,419,0,71,117,210,235,167,0,25,71,95,104,86,0,46,46,115,131,81
2019,1,A,골목상권,2110427,노원 을지대학교병원,205,146,59,0,9,31,57,70,38,0,6,18,37,53,32,0,3,13,20,17,6
2019,1,A,골목상권,2110426,상계2동주민센터,587,236,351,0,75,123,131,164,94,0,24,57,53,56,46,0,51,66,78,108,48
2019,1,A,골목상권,2110425,계상초등학교,393,192,201,0,46,61,102,115,69,0,18,32,53,56,33,0,28,29,49,59,36
2019,1,A,골목상권,2110424,상계초등학교,575,205,370,3,58,93,144,174,103,2,20,46,59,49,29,1,38,47,85,125,74
2019,1,A,골목상권,2110423,석계역 2번,259,143,116,0,42,62,86,46,23,0,16,34,48,28,17,0,26,28,38,18,6
2019,1,A,골목상권,2110422,노원역 9번,138,54,84,0,11,17,35,42,33,0,4,7,16,11,16,0,7,10,19,31,17
2019,1,A,골목상권,2110421,석계역 1번,415,127,288,4,81,64,99,90,77,1,22,26,26,26,26,3,59,38,73,64,51
2019,1,A,골목상권,2110420,광운대역 1번,227,116,111,1,33,46,64,44,39,0,6,26,42,24,18,1,27,20,22,20,21
2019,1,A,골목상권,2110419,수락산디자인거리,1802,1180,622,9,96,200,323,339,835,4,55,121,190,182,628,5,41,79,133,157,207
2019,1,A,골목상권,2110418,광운대학교 남단,139,85,54,2,14,22,33,44,24,2,9,17,19,24,14,0,5,5,14,20,10
2019,1,A,골목상권,2110417,월계역 3번,50,29,21,0,12,10,12,12,4,0,6,7,6,7,3,0,6,3,6,5,1
2019,1,A,골목상권,2110416,노원초등학교,623,323,300,3,86,96,141,171,126,1,46,57,61,89,69,2,40,39,80,82,57
2019,1,A,골목상권,2110415,수락산역 4번,1803,964,839,2,168,336,424,398,475,2,70,219,243,237,193,0,98,117,181,161,282
2019,1,A,골목상권,2110414,장석교회,299,239,60,1,12,34,46,100,106,1,5,21,35,82,95,0,7,13,11,18,11
2019,1,A,골목상권,2110413,누원고등학교,406,141,265,1,34,60,94,110,107,0,14,34,39,31,23,1,20,26,55,79,84
2019,1,A,골목상권,2110412,창동중학교,52,35,17,0,7,16,13,8,8,0,5,13,9,3,5,0,2,3,4,5,3
2019,1,A,골목상권,2110411,도봉역 3번,622,445,177,0,23,89,110,201,199,0,7,38,66,162,172,0,16,51,44,39,27
2019,1,A,골목상권,2110410,방학역 2번,1554,891,663,13,182,241,290,425,403,8,72,110,148,260,293,5,110,131,142,165,110
2019,1,A,골목상권,2110409,창동역 2번,506,266,240,2,79,126,132,102,65,1,37,67,60,52,49,1,42,59,72,50,16
2019,1,A,골목상권,2110408,가인초등학교,684,274,410,7,142,159,168,140,68,3,31,67,80,58,35,4,111,92,88,82,33
2019,1,A,골목상권,2110407,도봉역 2번,762,452,310,1,67,126,172,226,170,1,30,70,101,137,113,0,37,56,71,89,57
2019,1,A,골목상권,2110406,도봉산역 1번,839,644,195,1,34,75,180,346,203,1,14,47,142,284,156,0,20,28,38,62,47
2019,1,A,골목상권,2110405,방학역 1번,384,165,219,5,49,63,116,105,46,3,17,31,44,44,26,2,32,32,72,61,20
2019,1,A,골목상권,2110404,신창초등학교,611,246,365,3,53,109,154,192,100,3,12,44,72,72,43,0,41,65,82,120,57
2019,1,A,골목상권,2110403,방학1동주민센터,411,160,251,1,52,67,92,108,91,0,17,30,42,38,33,1,35,37,50,70,58
2019,1,A,골목상권,2110402,도봉구 정병원,629,273,356,2,66,74,134,188,165,1,36,42,67,65,62,1,30,32,67,123,103
2019,1,A,골목상권,2110401,도봉구민회관,385,125,260,1,54,56,76,123,75,1,13,21,33,39,18,0,41,35,43,84,57
2019,1,A,골목상권,2110400,도봉구보건소,963,440,523,0,98,176,216,245,228,0,36,90,79,118,117,0,62,86,137,127,111
2019,1,A,골목상권,2110399,창2동주민센터,674,316,358,6,90,105,213,176,84,1,41,54,89,83,48,5,49,51,124,93,36
2019,1,A,골목상권,2110398,쌍문2동우체국,1079,769,310,9,70,138,175,223,464,6,31,96,100,146,390,3,39,42,75,77,74
2019,1,A,골목상권,2110397,도봉산입구,652,364,288,3,54,95,160,192,148,1,20,48,71,113,111,2,34,47,89,79,37
2019,1,A,골목상권,2110396,쌍문역1번(쌍리단길),491,177,314,0,116,98,118,118,41,0,19,44,48,45,21,0,97,54,70,73,20
2019,1,A,골목상권,2110395,신한은행 방학동지점,237,89,148,0,25,35,59,69,49,0,3,19,25,24,18,0,22,16,34,45,31
2019,1,A,골목상권,2110394,방학중학교,258,97,161,0,23,41,68,76,50,0,7,24,22,22,22,0,16,17,46,54,28
2019,1,A,골목상권,2110393,국민은행방학지점,142,44,98,0,19,27,43,38,15,0,2,8,16,12,6,0,17,19,27,26,9
2019,1,A,골목상권,2110392,발바닥공원,138,43,95,0,16,23,27,43,29,0,4,7,8,13,11,0,12,16,19,30,18
2019,1,A,골목상권,2110391,샘말어린이공원,270,131,139,0,32,61,80,56,41,0,20,34,45,16,16,0,12,27,35,40,25
2019,1,A,골목상권,2110390,방학초등학교,443,197,246,2,35,59,113,94,140,2,14,25,50,34,72,0,21,34,63,60,68
2019,1,A,골목상권,2110389,한일병원,254,118,136,0,18,43,62,78,53,0,12,19,36,32,19,0,6,24,26,46,34
2019,1,A,골목상권,2110388,도봉우체국,81,38,43,1,10,11,27,16,16,0,5,3,11,9,10,1,5,8,16,7,6
2019,1,A,골목상권,2110387,쌍문초등학교,303,179,124,1,39,64,79,66,54,0,17,43,43,33,43,1,22,21,36,33,11
2019,1,A,골목상권,2110386,연산군묘,155,130,25,0,3,6,21,58,67,0,1,4,17,45,63,0,2,2,4,13,4
2019,1,A,골목상권,2110385,효문고등학교,21,14,7,0,3,2,8,5,3,0,3,0,6,3,2,0,0,2,2,2,1
2019,1,A,골목상권,2110384,문이교,14,11,3,0,1,5,2,6,0,0,1,5,2,3,0,0,0,0,0,3,0
2019,1,A,골목상권,2110383,덕성여대시반거리,142,56,86,0,13,24,38,38,29,0,10,13,16,9,8,0,3,11,22,29,21
2019,1,A,골목상권,2110382,솔밭공원역 1번,409,192,217,2,57,50,59,138,103,1,10,22,21,62,76,1,47,28,38,76,27
2019,1,A,골목상권,2110381,번동주공2단지,306,150,156,3,81,55,74,73,20,2,35,31,39,33,10,1,46,24,35,40,10
2019,1,A,골목상권,2110380,강북문화정보도서관,44,9,35,0,14,7,10,11,2,0,1,1,1,5,1,0,13,6,9,6,1
2019,1,A,골목상권,2110379,KT&G 북부지사,37,17,20,0,3,9,15,9,1,0,1,3,9,3,1,0,2,6,6,6,0
2019,1,A,골목상권,2110378,송중동주민센터,147,74,73,0,16,40,51,31,9,0,6,22,23,16,7,0,10,18,28,15,2
2019,1,A,골목상권,2110377,미아사거리역 3번,68,37,31,1,9,18,12,20,8,1,5,13,5,9,4,0,4,5,7,11,4
2019,1,A,골목상권,2110376,수송초등학교,449,188,261,2,54,82,132,118,61,0,19,40,49,49,31,2,35,42,83,69,30
2019,1,A,골목상권,2110375,서울북부고용노동지청,378,204,174,2,63,62,83,95,73,2,51,43,43,34,31,0,12,19,40,61,42
2019,1,A,골목상권,2110374,송중초등학교,671,272,399,3,74,121,205,170,98,2,26,48,87,57,52,1,48,73,118,113,46
2019,1,A,골목상권,2110373,수유역 2번,1028,696,332,1,110,287,212,303,115,1,68,243,151,199,34,0,42,44,61,104,81
2019,1,A,골목상권,2110372,강북중학교,149,84,65,0,12,22,31,50,34,0,3,14,17,26,24,0,9,8,14,24,10
2019,1,A,골목상권,2110371,삼양입구사거리,85,37,48,0,1,3,26,32,23,0,0,0,11,15,11,0,1,3,15,17,12
2019,1,A,골목상권,2110370,도봉세무서,1236,624,612,1,44,112,161,229,689,0,29,62,93,150,290,1,15,50,68,79,399
2019,1,A,골목상권,2110369,성신여대운정그린캠퍼스,773,327,446,0,106,143,169,166,189,0,33,65,69,62,98,0,73,78,100,104,91
2019,1,A,골목상권,2110368,송천초등학교,114,66,48,0,16,14,29,38,17,0,10,9,17,17,13,0,6,5,12,21,4
2019,1,A,골목상권,2110367,강북구청,2247,1196,1051,6,191,582,575,640,253,4,65,258,296,419,154,2,126,324,279,221,99
2019,1,A,골목상권,2110366,광산사거리,187,124,63,0,14,32,46,59,36,0,10,20,25,40,29,0,4,12,21,19,7
2019,1,A,골목상권,2110365,미아역 5번,101,35,66,1,4,20,35,31,10,1,1,9,11,10,3,0,3,11,24,21,7
2019,1,A,골목상권,2110364,미아역 8번,237,109,128,1,31,45,73,57,30,1,12,24,30,25,17,0,19,21,43,32,13
2019,1,A,골목상권,2110363,송천동주민센터,37,24,13,0,8,13,6,4,6,0,5,9,4,1,5,0,3,4,2,3,1
2019,1,A,골목상권,2110362,우이천 계성교,256,125,131,0,46,40,77,61,32,0,18,23,47,25,12,0,28,17,30,36,20
2019,1,A,골목상권,2110361,삼양사거리역 1번,268,111,157,4,38,51,49,68,58,4,18,23,21,23,22,0,20,28,28,45,36
2019,1,A,골목상권,2110360,수유초등학교,526,337,189,1,63,87,110,145,120,0,18,62,66,95,96,1,45,25,44,50,24
2019,1,A,골목상권,2110359,수유시장옆,152,63,89,0,12,36,42,32,30,0,2,17,22,13,9,0,10,19,20,19,21
2019,1,A,골목상권,2110358,인수동 우편취급국,548,233,315,0,42,74,107,180,145,0,13,46,49,43,82,0,29,28,58,137,63
2019,1,A,골목상권,2110357,가오리역 1번,281,115,166,1,23,47,72,73,65,1,7,21,31,26,29,0,16,26,41,47,36
2019,1,A,골목상권,2110356,덕수교,287,128,159,0,29,52,82,70,54,0,17,32,40,18,21,0,12,20,42,52,33
2019,1,A,골목상권,2110355,삼양사거리역 2번,264,158,106,0,23,36,49,81,75,0,4,17,19,56,62,0,19,19,30,25,13
2019,1,A,골목상권,2110354,삼각산119안전센터,53,19,34,0,12,19,17,3,2,0,2,9,6,1,1,0,10,10,11,2,1
2019,1,A,골목상권,2110353,수유동우체국,270,136,134,4,36,42,54,78,56,2,23,26,28,37,20,2,13,16,26,41,36
2019,1,A,골목상권,2110352,수유1동주민센터,506,185,321,1,63,101,149,126,66,0,24,47,49,39,26,1,39,54,100,87,40
2019,1,A,골목상권,2110351,수유북부시장옆,293,217,76,0,9,21,33,114,116,0,3,11,14,84,105,0,6,10,19,30,11
2019,1,A,골목상권,2110350,가오리역 2번,116,69,47,0,14,27,33,26,16,0,9,14,19,14,13,0,5,13,14,12,3
2019,1,A,골목상권,2110349,화계역 2번,17,2,15,0,4,4,7,2,0,0,0,0,2,0,0,0,4,4,5,2,0
2019,1,A,골목상권,2110348,강북문화예술회관,526,230,296,1,55,103,143,154,70,0,12,49,72,57,40,1,43,54,71,97,30
2019,1,A,골목상권,2110347,구세군강북종합사회복지관,44,15,29,0,13,10,12,6,3,0,2,7,2,3,1,0,11,3,10,3,2
2019,1,A,골목상권,2110346,4.19민주묘지역 2번,116,68,48,1,16,24,37,22,16,0,5,13,25,13,12,1,11,11,12,9,4
2019,1,A,골목상권,2110345,솔밭공원역 2번,191,71,120,0,23,42,60,48,18,0,4,17,26,10,14,0,19,25,34,38,4
2019,1,A,골목상권,2110344,화계중학교,541,530,11,0,6,52,192,229,62,0,3,48,190,229,60,0,3,4,2,0,2
2019,1,A,골목상권,2110343,무너미어린이공원,111,56,55,0,17,22,30,28,14,0,6,13,15,13,9,0,11,9,15,15,5
2019,1,A,골목상권,2110342,국립재활원,49,32,17,0,3,10,14,19,3,0,2,8,8,13,1,0,1,2,6,6,2
2019,1,A,골목상권,2110341,북한산우이역 2번,438,393,45,2,8,15,66,249,98,0,2,10,53,236,92,2,6,5,13,13,6
2019,1,A,골목상권,2110340,인수중학교,161,62,99,0,11,14,51,41,44,0,3,6,19,9,25,0,8,8,32,32,19
2019,1,A,골목상권,2110339,국립4.19민주묘지,314,234,80,0,19,39,81,118,57,0,5,19,62,101,47,0,14,20,19,17,10
2019,1,A,골목상권,2110338,인수초등학교,6,4,2,0,0,3,1,1,1,0,0,1,1,1,1,0,0,2,0,0,0
2019,1,A,골목상권,2110337,아카데미하우스,616,279,337,2,74,57,79,140,264,1,29,35,39,68,107,1,45,22,40,72,157
2019,1,A,골목상권,2110336,석관고등학교,385,293,92,0,11,51,108,137,78,0,7,39,92,104,51,0,4,12,16,33,27
2019,1,A,골목상권,2110335,석계역 7번,661,392,269,5,79,122,169,175,111,1,38,72,95,109,77,4,41,50,74,66,34
2019,1,A,골목상권,2110334,석관중앙교회,254,116,138,0,30,55,59,64,46,0,11,24,28,36,17,0,19,31,31,28,29
2019,1,A,골목상권,2110333,돌곶이역 5번,1210,887,323,0,49,66,69,121,905,0,21,35,33,64,734,0,28,31,36,57,171
2019,1,A,골목상권,2110332,돌곶이역 3번,213,91,122,0,24,27,53,66,43,0,2,15,21,26,27,0,22,12,32,40,16
2019,1,A,골목상권,2110331,돌곶이역 8번,467,190,277,4,63,147,119,85,49,1,14,62,48,36,29,3,49,85,71,49,20
2019,1,A,골목상권,2110330,돌곶이역 1번,310,162,148,0,40,39,103,100,28,0,24,24,57,39,18,0,16,15,46,61,10
2019,1,A,골목상권,2110329,우리은행체육관,149,53,96,1,12,18,45,46,27,1,1,7,16,19,9,0,11,11,29,27,18
2019,1,A,골목상권,2110328,상월곡역 3번,568,318,250,1,74,167,185,93,48,1,32,89,115,47,34,0,42,78,70,46,14
2019,1,A,골목상권,2110327,상월곡역 2번,262,132,130,2,24,52,75,63,46,0,9,25,37,28,33,2,15,27,38,35,13
2019,1,A,골목상권,2110326,장위동성당,41,18,23,0,4,1,14,14,8,0,2,0,7,6,3,0,2,1,7,8,5
2019,1,A,골목상권,2110325,장곡초등학교,134,56,78,1,17,27,38,41,10,0,3,10,18,18,7,1,14,17,20,23,3
2019,1,A,골목상권,2110324,월곡역 4번,135,62,73,2,56,34,20,15,8,0,16,21,14,7,4,2,40,13,6,8,4
2019,1,A,골목상권,2110323,상월곡역 1번,264,118,146,2,34,55,71,63,39,0,11,27,33,30,17,2,23,28,38,33,22
2019,1,A,골목상권,2110322,장위1동주민센터,205,76,129,0,18,30,39,91,27,0,3,10,15,33,15,0,15,20,24,58,12
2019,1,A,골목상권,2110321,동덕여대,54,27,27,0,7,15,19,11,2,0,5,9,6,7,0,0,2,6,13,4,2
2019,1,A,골목상권,2110320,KB국민은행 종암동지점,162,87,75,0,11,20,49,56,26,0,4,10,23,29,21,0,7,10,26,27,5
2019,1,A,골목상권,2110319,종암동주민센터,342,157,185,0,55,71,77,82,57,0,20,32,37,42,26,0,35,39,40,40,31
2019,1,A,골목상권,2110318,KT월곡지사,391,225,166,0,43,81,107,97,63,0,25,53,74,45,28,0,18,28,33,52,35
2019,1,A,골목상권,2110317,종암중학교,307,126,181,0,79,72,64,70,22,0,28,38,30,22,8,0,51,34,34,48,14
2019,1,A,골목상권,2110316,숭곡초등학교,1065,574,491,7,215,289,290,171,93,0,91,169,175,86,53,7,124,120,115,85,40
2019,1,A,골목상권,2110315,종암아이파크2차,493,199,294,3,102,90,124,109,65,0,42,46,55,26,30,3,60,44,69,83,35
2019,1,A,골목상권,2110314,종암경찰서,1313,786,527,3,143,299,332,390,146,1,64,202,221,247,51,2,79,97,111,143,95
2019,1,A,골목상권,2110313,안암역 3번,626,305,321,4,134,139,172,103,74,0,57,83,87,47,31,4,77,56,85,56,43
2019,1,A,골목상권,2110312,안암역 2번,452,247,205,5,71,101,120,104,51,2,37,67,69,45,27,3,34,34,51,59,24
2019,1,A,골목상권,2110311,종암아이파크2차후문,41,21,20,0,6,8,17,7,3,0,3,3,8,5,2,0,3,5,9,2,1
2019,1,A,골목상권,2110310,길음역 10번,377,75,302,0,12,38,102,147,78,0,3,16,18,16,22,0,9,22,84,131,56
2019,1,A,골목상권,2110309,대광초등학교,530,313,217,1,79,131,153,108,58,0,32,72,94,75,40,1,47,59,59,33,18
2019,1,A,골목상권,2110308,길음역 8번,325,146,179,3,64,79,91,57,31,0,22,46,38,25,15,3,42,33,53,32,16
2019,1,A,골목상권,2110307,길음역 7번,538,177,361,10,122,117,134,100,55,5,24,40,43,36,29,5,98,77,91,64,26
2019,1,A,골목상권,2110306,미아초등학교,97,54,43,0,10,23,28,20,16,0,7,16,11,12,8,0,3,7,17,8,8
2019,1,A,골목상권,2110305,보문역 5번,572,288,284,4,93,120,132,120,103,1,23,70,67,61,66,3,70,50,65,59,37
2019,1,A,골목상권,2110304,보문역 4번,523,244,279,6,108,87,137,121,64,2,46,49,71,54,22,4,62,38,66,67,42
2019,1,A,골목상권,2110303,성신여대입구역 1번,388,159,229,1,40,61,79,98,109,1,16,32,35,34,41,0,24,29,44,64,68
2019,1,A,골목상권,2110302,보문역 8번,689,404,285,0,107,117,138,174,153,0,46,61,78,103,116,0,61,56,60,71,37
2019,1,A,골목상권,2110301,성신여대입구역 7번,443,183,260,0,33,69,125,125,91,0,17,30,60,49,27,0,16,39,65,76,64
2019,1,A,골목상권,2110300,삼선동주민센터,3382,1853,1529,8,350,857,896,981,290,5,127,362,477,695,187,3,223,495,419,286,103
2019,1,A,골목상권,2110299,정릉역 1번,518,224,294,0,76,111,142,119,70,0,29,49,58,55,33,0,47,62,84,64,37
2019,1,A,골목상권,2110298,솔숲어린이공원,103,32,71,0,21,18,31,24,9,0,4,7,12,5,4,0,17,11,19,19,5
2019,1,A,골목상권,2110297,경동고등학교,539,256,283,1,78,120,123,139,78,1,33,72,54,61,35,0,45,48,69,78,43
2019,1,A,골목상권,2110296,성신여대입구역 4번,181,53,128,0,26,45,47,36,27,0,2,19,15,10,7,0,24,26,32,26,20
2019,1,A,골목상권,2110295,정릉우체국,298,148,150,6,55,53,69,70,45,3,23,31,34,29,28,3,32,22,35,41,17
2019,1,A,골목상권,2110294,서경대학교,534,362,172,0,30,48,107,183,166,0,5,27,62,131,137,0,25,21,45,52,29
2019,1,A,골목상권,2110293,삼선중학교,547,295,252,1,95,133,149,96,73,0,32,85,95,46,37,1,63,48,54,50,36
2019,1,A,골목상권,2110292,정릉역 2번,113,46,67,0,9,24,34,25,21,0,3,10,16,10,7,0,6,14,18,15,14
2019,1,A,골목상권,2110291,한성대입구역 3번,1086,555,531,1,228,203,258,275,121,1,101,95,130,157,71,0,127,108,128,118,50
2019,1,A,골목상권,2110290,북한산보국문역 1번,85,63,22,1,9,14,25,24,12,1,7,7,21,18,9,0,2,7,4,6,3
2019,1,A,골목상권,2110289,북한산보국문역 2번,145,93,52,0,13,20,44,44,24,0,3,14,28,26,22,0,10,6,16,18,2
2019,1,A,골목상권,2110288,동구여중,623,212,411,5,71,221,218,82,26,3,20,72,65,37,15,2,51,149,153,45,11
2019,1,A,골목상권,2110287,정릉3동주민센터,93,42,51,0,21,15,24,20,13,0,9,7,10,9,7,0,12,8,14,11,6
2019,1,A,골목상권,2110286,한성대입구역 5번,719,347,372,10,184,192,164,112,57,4,55,106,84,62,36,6,129,86,80,50,21
2019,1,A,골목상권,2110285,홍대부중,158,88,70,2,37,38,50,20,11,2,16,21,29,13,7,0,21,17,21,7,4
2019,1,A,골목상권,2110284,정릉북한산국립공원입구,527,481,46,1,7,53,174,212,80,0,3,49,159,194,76,1,4,4,15,18,4
2019,1,A,골목상권,2110283,성북초등학교앞,176,81,95,0,29,47,44,31,25,0,16,17,20,13,15,0,13,30,24,18,10
2019,1,A,골목상권,2110282,국민대학교앞,507,412,95,0,26,65,164,190,62,0,11,45,143,160,53,0,15,20,21,30,9
2019,1,A,골목상권,2110281,길상사,179,93,86,1,29,40,34,45,30,0,11,17,19,23,23,1,18,23,15,22,7
2019,1,A,골목상권,2110280,북정마을,127,37,90,0,38,34,26,21,8,0,12,11,4,7,3,0,26,23,22,14,5
2019,1,A,골목상권,2110279,신내역 2번,169,150,19,0,4,20,34,36,75,0,4,16,25,31,74,0,0,4,9,5,1
2019,1,A,골목상권,2110278,망우본동주민센터,584,267,317,1,77,102,165,147,92,0,34,45,68,66,54,1,43,57,97,81,38
2019,1,A,골목상권,2110277,러스크서울병원,655,304,351,0,104,148,164,151,88,0,34,78,83,65,44,0,70,70,81,86,44
2019,1,A,골목상권,2110276,신내IC북측,334,275,59,0,16,57,102,93,66,0,12,44,77,78,64,0,4,13,25,15,2
2019,1,A,골목상권,2110275,하나은행 망우동지점,140,75,65,0,8,26,37,40,29,0,1,12,19,22,21,0,7,14,18,18,8
2019,1,A,골목상권,2110274,서일대학교,464,213,251,2,60,91,104,115,92,1,11,46,44,61,50,1,49,45,60,54,42
2019,1,A,골목상권,2110273,장스여성병원,752,491,261,8,62,75,103,229,275,2,6,23,51,176,233,6,56,52,52,53,42
2019,1,A,골목상권,2110272,신내1동주민센터,1226,835,391,3,106,225,318,361,213,2,45,142,206,261,179,1,61,83,112,100,34
2019,1,A,골목상권,2110271,신내역 1번,145,102,43,0,11,29,45,34,26,0,7,24,29,24,18,0,4,5,16,10,8
2019,1,A,골목상권,2110270,혜원여고,235,194,41,0,9,11,41,81,93,0,5,6,27,70,86,0,4,5,14,11,7
2019,1,A,골목상권,2110269,용마문화복지센터,196,94,102,0,23,48,58,43,24,0,12,20,32,20,10,0,11,28,26,23,14
2019,1,A,골목상권,2110268,망우3동주민센터,162,75,87,1,17,31,40,50,23,0,2,17,21,23,12,1,15,14,19,27,11
2019,1,A,골목상권,2110267,망우역 2번,346,124,222,0,48,61,90,67,80,0,5,16,36,27,40,0,43,45,54,40,40
2019,1,A,골목상권,2110266,면목동우체국,185,87,98,0,22,32,54,55,22,0,12,17,26,22,10,0,10,15,28,33,12
2019,1,A,골목상권,2110265,망우역 1번,438,222,216,2,71,70,100,104,91,1,26,32,51,52,60,1,45,38,49,52,31
2019,1,A,골목상권,2110264,면목역 2번,616,246,370,1,81,111,145,171,107,1,28,46,65,59,47,0,53,65,80,112,60
2019,1,A,골목상권,2110263,면목역 1번,179,75,104,0,20,36,58,43,22,0,3,14,20,21,17,0,17,22,38,22,5
2019,1,A,골목상권,2110262,상봉역 3번,2096,1275,821,7,296,601,649,331,212,0,170,458,338,145,164,7,126,143,311,186,48
2019,1,A,골목상권,2110261,사가정역 4번,215,92,123,1,25,36,63,62,28,0,11,14,26,25,16,1,14,22,37,37,12
2019,1,A,골목상권,2110260,면목역 3번,236,97,139,0,26,42,70,68,30,0,9,16,25,30,17,0,17,26,45,38,13
2019,1,A,골목상권,2110259,사가정역 1번,280,163,117,0,22,67,80,77,34,0,8,37,47,48,23,0,14,30,33,29,11
2019,1,A,골목상권,2110258,면동초등학교,316,108,208,0,54,60,83,77,42,0,8,30,31,21,18,0,46,30,52,56,24
2019,1,A,골목상권,2110257,상봉역 7번,490,418,72,0,18,15,52,206,199,0,7,5,37,183,186,0,11,10,15,23,13
2019,1,A,골목상권,2110256,면목2동체육관,978,551,427,3,70,140,248,296,221,2,30,70,125,177,147,1,40,70,123,119,74
2019,1,A,골목상권,2110255,상봉역 4번,662,320,342,2,69,113,186,189,103,2,30,53,91,90,54,0,39,60,95,99,49
2019,1,A,골목상권,2110254,오거리공원,361,157,204,1,35,71,96,94,64,0,13,38,46,37,23,1,22,33,50,57,41
2019,1,A,골목상권,2110253,중곡초등학교,283,160,123,1,45,59,72,68,38,0,21,36,35,42,26,1,24,23,37,26,12
2019,1,A,골목상권,2110252,장안제일시장,776,518,258,1,48,112,156,271,188,0,26,61,99,177,155,1,22,51,57,94,33
2019,1,A,골목상권,2110251,장안중학교,210,107,103,0,28,40,62,56,24,0,11,21,24,32,19,0,17,19,38,24,5
2019,1,A,골목상권,2110250,화랑대역 7번,142,75,67,2,23,31,35,34,17,2,9,14,17,19,14,0,14,17,18,15,3
2019,1,A,골목상권,2110249,중화역 1번,866,382,484,4,101,162,247,227,125,0,37,71,115,93,66,4,64,91,132,134,59
2019,1,A,골목상권,2110248,먹골파출소,106,64,42,2,20,24,35,17,8,2,8,17,23,8,6,0,12,7,12,9,2
2019,1,A,골목상권,2110247,먹골역 1번,582,271,311,4,63,111,159,143,102,1,23,48,71,70,58,3,40,63,88,73,44
2019,1,A,골목상권,2110246,월드순복음교회,408,228,180,2,30,91,115,85,85,2,13,54,72,42,45,0,17,37,43,43,40
2019,1,A,골목상권,2110245,KB국민은행 중화동지점,131,77,54,0,11,15,38,37,30,0,6,10,18,21,22,0,5,5,20,16,8
2019,1,A,골목상권,2110244,중화역 4번,963,621,342,1,26,91,133,130,582,1,10,48,81,57,424,0,16,43,52,73,158
2019,1,A,골목상권,2110243,중랑노인종합복지관,515,210,305,0,53,98,134,144,86,0,20,38,59,53,40,0,33,60,75,91,46
2019,1,A,골목상권,2110242,면목5동주민센터,205,107,98,0,30,48,55,39,33,0,6,27,33,19,22,0,24,21,22,20,11
2019,1,A,골목상권,2110241,먹골역 5번,772,378,394,1,161,175,175,175,85,0,59,87,90,91,51,1,102,88,85,84,34
2019,1,A,골목상권,2110240,태릉시장 특화거리,121,38,83,0,14,27,39,26,15,0,1,13,7,9,8,0,13,14,32,17,7
2019,1,A,골목상권,2110239,중랑역 2번,13,2,11,0,0,1,3,3,6,0,0,0,0,1,1,0,0,1,3,2,5
2019,1,A,골목상권,2110238,배꽃어린이공원,71,39,32,0,13,14,22,19,3,0,5,9,12,12,1,0,8,5,10,7,2
2019,1,A,골목상권,2110237,메가박스 상봉,950,550,400,14,203,181,209,214,129,9,93,96,112,140,100,5,110,85,97,74,29
2019,1,A,골목상권,2110236,신묵초등학교,356,214,142,1,31,77,106,102,39,1,12,52,59,66,24,0,19,25,47,36,15
2019,1,A,골목상권,2110235,세화어린이공원,15,11,4,0,2,2,3,6,2,0,1,1,3,5,1,0,1,1,0,1,1
2019,1,A,골목상권,2110234,중랑역 4번,434,277,157,1,36,72,112,129,84,1,17,35,73,86,65,0,19,37,39,43,19
2019,1,A,골목상권,2110233,중랑역 1번,170,93,77,0,29,39,36,45,21,0,19,22,15,23,14,0,10,17,21,22,7
2019,1,A,골목상권,2110232,동대부고,1197,717,480,1,119,197,306,343,231,1,33,98,167,230,188,0,86,99,139,113,43
2019,1,A,골목상권,2110231,장안교,45,34,11,0,4,9,18,10,4,0,3,8,12,8,3,0,1,1,6,2,1
2019,1,A,골목상권,2110230,장안현대홈타운1차아파트,335,175,160,0,34,76,96,75,54,0,10,43,57,40,25,0,24,33,39,35,29
2019,1,A,골목상권,2110229,장평중학교,1548,981,567,1,194,302,366,396,289,0,77,184,217,252,251,1,117,118,149,144,38
2019,1,A,골목상권,2110228,장안근린공원,740,338,402,2,65,125,180,223,145,0,28,72,91,98,49,2,37,53,89,125,96
2019,1,A,골목상권,2110227,답십리공원,625,236,389,0,65,125,165,170,100,0,33,68,63,46,26,0,32,57,102,124,74
2019,1,A,골목상권,2110226,장안1동주민센터,2211,1319,892,5,303,504,598,499,302,4,144,301,375,295,200,1,159,203,223,204,102
2019,1,A,골목상권,2110225,촬영소사거리,623,383,240,0,88,111,125,151,148,0,55,74,80,89,85,0,33,37,45,62,63
2019,1,A,골목상권,2110224,외대앞역 2번,103,30,73,0,9,17,24,30,23,0,3,2,8,11,6,0,6,15,16,19,17
2019,1,A,골목상권,2110223,군자초등학교,830,388,442,0,23,61,84,216,446,0,15,40,47,91,195,0,8,21,37,125,251
2019,1,A,골목상권,2110222,회기역 2번,83,58,25,0,6,13,8,21,35,0,3,10,7,12,26,0,3,3,1,9,9
2019,1,A,골목상권,2110221,의릉,123,91,32,3,15,21,41,30,13,2,9,14,32,22,12,1,6,7,9,8,1
2019,1,A,골목상권,2110220,외대앞역 1번,405,186,219,3,93,95,94,73,47,2,39,58,42,30,15,1,54,37,52,43,32
2019,1,A,골목상권,2110219,삼육보건대학교,258,112,146,3,35,53,64,58,45,2,9,22,26,26,27,1,26,31,38,32,18
2019,1,A,골목상권,2110218,답십리사거리,351,164,187,1,33,66,97,106,48,1,14,33,44,46,26,0,19,33,53,60,22
2019,1,A,골목상권,2110217,자동차부품상가,904,704,200,1,76,197,275,207,148,1,65,163,211,141,123,0,11,34,64,66,25
2019,1,A,골목상권,2110216,전농중학교,258,99,159,0,34,69,68,56,31,0,12,29,24,22,12,0,22,40,44,34,19
2019,1,A,골목상권,2110215,회기역 1번,63,22,41,0,20,15,14,9,5,0,6,8,5,2,1,0,14,7,9,7,4
2019,1,A,골목상권,2110214,경희대후문,86,44,42,0,15,19,24,15,13,0,8,12,8,6,10,0,7,7,16,9,3
2019,1,A,골목상권,2110213,청량초등학교,114,61,53,0,18,36,21,20,19,0,4,26,10,8,13,0,14,10,11,12,6
2019,1,A,골목상권,2110212,답십리초등학교,358,169,189,0,44,78,88,78,70,0,10,37,48,37,37,0,34,41,40,41,33
2019,1,A,골목상권,2110211,전곡마을마당공원,281,160,121,1,36,57,67,79,41,0,19,36,42,40,23,1,17,21,25,39,18
2019,1,A,골목상권,2110210,서울시립대,193,105,88,1,21,37,50,43,41,0,9,19,25,24,28,1,12,18,25,19,13
2019,1,A,골목상권,2110209,답십리 장령당공원,234,148,86,0,21,37,53,49,74,0,8,18,32,33,57,0,13,19,21,16,17
2019,1,A,골목상권,2110208,시조사삼거리,206,145,61,1,11,42,62,72,18,1,2,26,46,54,16,0,9,16,16,18,2
2019,1,A,골목상권,2110207,시립대앞사거리,334,163,171,11,110,76,57,50,30,6,57,39,30,16,15,5,53,37,27,34,15
2019,1,A,골목상권,2110206,텃골근린공원,247,135,112,3,30,43,84,60,27,1,13,20,50,36,15,2,17,23,34,24,12
2019,1,A,골목상권,2110205,경희대삼거리,288,121,167,2,29,35,30,70,122,1,10,22,20,19,49,1,19,13,10,51,73
2019,1,A,골목상권,2110204,간데메공원,434,247,187,0,67,93,110,95,69,0,37,50,60,59,41,0,30,43,50,36,28
2019,1,A,골목상권,2110203,떡전교사거리,309,178,131,0,27,81,61,75,65,0,11,54,39,36,38,0,16,27,22,39,27
2019,1,A,골목상권,2110202,전농1동주민센터(전농시장),237,94,143,0,28,39,54,70,46,0,12,21,28,28,5,0,16,18,26,42,41
2019,1,A,골목상권,2110201,전농119안전센터,24,13,11,0,3,1,6,8,6,0,2,0,4,4,3,0,1,1,2,4,3
2019,1,A,골목상권,2110200,동대문경찰서,111,74,37,0,12,21,19,17,42,0,4,11,11,12,36,0,8,10,8,5,6
2019,1,A,골목상권,2110199,홍릉시장,215,93,122,0,18,40,44,63,50,0,6,21,21,27,18,0,12,19,23,36,32
2019,1,A,골목상권,2110198,동대문중앙새마을금고본점,93,64,29,2,4,25,22,27,13,2,4,16,16,18,8,0,0,9,6,9,5
2019,1,A,골목상권,2110197,세종대왕기념관교차로,74,42,32,0,17,13,12,23,9,0,9,10,8,11,4,0,8,3,4,12,5
2019,1,A,골목상권,2110196,홍릉근린공원,44,18,26,0,2,5,18,13,6,0,1,2,9,4,2,0,1,3,9,9,4
2019,1,A,골목상권,2110195,동대문구청,469,226,243,1,53,80,99,137,99,1,24,46,49,58,48,0,29,34,50,79,51
2019,1,A,골목상권,2110194,홍파초등학교,278,170,108,0,23,58,70,69,58,0,17,37,55,36,25,0,6,21,15,33,33
2019,1,A,골목상권,2110193,고려대역 4번,164,86,78,1,31,27,30,42,33,1,15,16,15,24,15,0,16,11,15,18,18
2019,1,A,골목상권,2110192,동의보감타워,374,203,171,0,58,81,105,83,47,0,23,49,62,40,29,0,35,32,43,43,18
2019,1,A,골목상권,2110191,고려대역 6번,281,137,144,0,20,41,75,89,56,0,11,34,41,29,22,0,9,7,34,60,34
2019,1,A,골목상권,2110190,고대앞사거리,213,95,118,0,31,51,52,46,33,0,5,26,29,20,15,0,26,25,23,26,18
2019,1,A,골목상권,2110189,제기동역 1번,806,517,289,0,77,149,184,159,237,0,37,79,102,102,197,0,40,70,82,57,40
2019,1,A,골목상권,2110188,용두동신동아아파트,1510,803,707,0,266,377,356,325,186,0,115,208,211,171,98,0,151,169,145,154,88
2019,1,A,골목상권,2110187,제기동역 6번,2480,1305,1175,3,379,621,587,510,380,2,112,315,314,307,255,1,267,306,273,203,125
2019,1,A,골목상권,2110186,종암초등학교,208,130,78,1,14,32,49,44,68,0,8,14,33,22,53,1,6,18,16,22,15
2019,1,A,골목상권,2110185,용두초등학교,193,119,74,0,18,45,58,45,27,0,5,31,39,24,20,0,13,14,19,21,7
2019,1,A,골목상권,2110184,용두사거리,467,289,178,0,71,141,98,84,73,0,40,86,53,51,59,0,31,55,45,33,14
2019,1,A,골목상권,2110183,한국의류시험연구원,1317,648,669,4,372,446,262,143,90,1,130,192,155,96,74,3,242,254,107,47,16
2019,1,A,골목상권,2110182,용두희망어린이공원,558,349,209,0,74,133,168,100,83,0,40,78,108,65,58,0,34,55,60,35,25
2019,1,A,골목상권,2110181,신설동역 9번,5381,3607,1774,58,931,1416,1145,858,973,39,523,1000,922,599,524,19,408,416,223,259,449
2019,1,A,골목상권,2110180,광진정보도서관,2511,1384,1127,16,498,520,618,557,302,10,183,316,399,286,190,6,315,204,219,271,112
2019,1,A,골목상권,2110179,광나루역 1번,434,265,169,1,68,107,134,84,40,1,28,62,91,53,30,0,40,45,43,31,10
2019,1,A,골목상권,2110178,장로회신학대학교,73,21,52,0,2,16,19,28,8,0,0,7,5,5,4,0,2,9,14,23,4
2019,1,A,골목상권,2110177,동의초등학교,47,22,25,0,7,19,11,5,5,0,4,6,4,3,5,0,3,13,7,2,0
2019,1,A,골목상권,2110176,해오름공원,331,201,130,2,32,47,79,81,90,2,14,30,41,46,68,0,18,17,38,35,22
2019,1,A,골목상권,2110175,푸른동산공원,307,118,189,0,30,50,67,86,74,0,6,20,26,25,41,0,24,30,41,61,33
2019,1,A,골목상권,2110174,아차산역 1번,324,160,164,0,31,53,103,89,48,0,11,29,46,48,26,0,20,24,57,41,22
2019,1,A,골목상권,2110173,구남초등학교,324,173,151,0,63,58,98,75,30,0,26,34,57,38,18,0,37,24,41,37,12
2019,1,A,골목상권,2110172,광진초등학교,354,237,117,0,45,68,90,88,63,0,25,46,59,56,51,0,20,22,31,32,12
2019,1,A,골목상권,2110171,중곡4동주민센터,106,75,31,0,13,22,31,22,18,0,5,16,20,18,16,0,8,6,11,4,2
2019,1,A,골목상권,2110170,동대부여고,272,123,149,0,23,51,66,71,61,0,4,26,42,31,20,0,19,25,24,40,41
2019,1,A,골목상권,2110169,성동초등학교,334,169,165,0,37,73,92,79,53,0,16,37,47,34,35,0,21,36,45,45,18
2019,1,A,골목상권,2110168,대원고등학교,400,299,101,0,21,54,96,128,101,0,14,33,71,92,89,0,7,21,25,36,12
2019,1,A,골목상권,2110167,용마초등학교,719,323,396,1,91,136,191,185,115,0,34,61,87,91,50,1,57,75,104,94,65
2019,1,A,골목상권,2110166,구의1동주민센터,528,289,239,0,69,136,156,99,68,0,23,78,102,52,34,0,46,58,54,47,34
2019,1,A,골목상권,2110165,국립정신건강센터,384,212,172,0,46,72,97,102,67,0,15,46,58,57,36,0,31,26,39,45,31
2019,1,A,골목상권,2110164,아차산역 5번,499,293,206,2,62,116,116,70,133,1,32,59,63,45,93,1,30,57,53,25,40
2019,1,A,골목상권,2110163,성자초등학교,461,243,218,2,103,120,98,70,68,1,45,61,55,34,47,1,58,59,43,36,21
2019,1,A,골목상권,2110162,군자역 4번,168,44,124,0,27,44,35,38,24,0,8,9,14,8,5,0,19,35,21,30,19
2019,1,A,골목상권,2110161,중곡역 3번,461,243,218,1,64,117,83,109,87,1,27,61,45,55,54,0,37,56,38,54,33
2019,1,A,골목상권,2110160,광진경찰서,1150,939,211,1,167,415,263,240,64,1,120,349,222,212,35,0,47,66,41,28,29
2019,1,A,골목상권,2110159,구의역 4번,931,466,465,6,171,189,189,229,147,2,78,96,91,112,87,4,93,93,98,117,60
2019,1,A,골목상권,2110158,중곡3동주민센터,677,404,273,0,76,121,174,165,141,0,28,62,91,104,119,0,48,59,83,61,22
2019,1,A,골목상권,2110157,자양동우체국,341,189,152,0,26,48,74,73,120,0,14,30,29,42,74,0,12,18,45,31,46
2019,1,A,골목상권,2110156,군자역 5번,700,318,382,3,150,175,141,154,77,1,49,91,77,58,42,2,101,84,64,96,35
2019,1,A,골목상권,2110155,광진구청,1612,1320,292,4,128,239,490,588,163,3,67,175,423,518,134,1,61,64,67,70,29
2019,1,A,골목상권,2110154,광진정말공원,766,331,435,3,162,191,198,147,65,1,57,89,85,62,37,2,105,102,113,85,28
2019,1,A,골목상권,2110153,중곡1동주민센터,101,43,58,1,10,12,25,39,14,0,1,2,15,17,8,1,9,10,10,22,6
2019,1,A,골목상권,2110152,중곡어린이공원,161,106,55,1,11,48,49,39,13,0,1,35,34,29,7,1,10,13,15,10,6
2019,1,A,골목상권,2110151,자양한강도서관,394,201,193,0,34,61,99,120,80,0,15,36,55,60,35,0,19,25,44,60,45
2019,1,A,골목상권,2110150,중곡1동 마을마당,1257,762,495,3,137,309,287,235,286,3,48,183,168,144,216,0,89,126,119,91,70
2019,1,A,골목상권,2110149,세종대학교,315,96,219,1,92,95,73,32,22,0,22,26,20,13,15,1,70,69,53,19,7
2019,1,A,골목상권,2110148,어린이대공원역 3번,54,32,22,1,8,12,11,11,11,1,3,7,7,5,9,0,5,5,4,6,2
2019,1,A,골목상권,2110147,능동우편취급국,756,371,385,0,165,217,195,127,52,0,48,107,125,65,26,0,117,110,70,62,26
2019,1,A,골목상권,2110146,신자초등학교,446,242,204,1,39,90,137,95,84,0,20,54,76,44,48,1,19,36,61,51,36
2019,1,A,골목상권,2110145,장안초등학교,31,21,10,0,3,6,9,12,1,0,2,6,8,5,0,0,1,0,1,7,1
2019,1,A,골목상권,2110144,어린이대공원역 4번,47,25,22,0,3,10,10,18,6,0,1,8,6,6,4,0,2,2,4,12,2
2019,1,A,골목상권,2110143,뚝섬유원지역 1번,43,16,27,0,7,8,9,13,6,0,2,3,3,5,3,0,5,5,6,8,3
2019,1,A,골목상권,2110142,화양사거리,393,193,200,1,78,85,63,86,80,1,45,44,33,31,39,0,33,41,30,55,41
2019,1,A,골목상권,2110141,건대입구역 1번,335,183,152,0,84,79,78,70,24,0,33,48,48,39,15,0,51,31,30,31,9
2019,1,A,골목상권,2110140,건대입구역 6번,1177,698,479,4,189,284,293,266,141,1,107,187,186,139,78,3,82,97,107,127,63
2019,1,A,골목상권,2110139,자양4동주민센터,480,295,185,0,48,82,133,119,98,0,16,56,78,66,79,0,32,26,55,53,19
2019,1,A,골목상권,2110138,송정체육공원,244,124,120,0,15,52,60,57,60,0,5,29,29,29,32,0,10,23,31,28,28
2019,1,A,골목상권,2110137,성수초등학교,16565,10296,6269,110,3710,4521,3798,2928,1498,72,1949,3071,2393,1685,1126,38,1761,1450,1405,1243,372
2019,1,A,골목상권,2110136,경수초등학교,5753,3893,1860,25,1007,1487,1416,1227,591,19,529,1009,1013,853,470,6,478,478,403,374,121
2019,1,A,골목상권,2110135,성동세무서,751,391,360,3,111,178,193,166,100,3,26,82,89,109,82,0,85,96,104,57,18
2019,1,A,골목상권,2110134,성수119안전센터,1195,899,296,1,82,185,321,369,237,0,41,127,243,290,198,1,41,58,78,79,39
2019,1,A,골목상권,2110133,서울교통공사,17723,15918,1805,36,1480,2590,6114,6678,825,32,1094,2153,5569,6308,762,4,386,437,545,370,63
2019,1,A,골목상권,2110132,성수2가3동주민센터,1193,818,375,1,205,295,312,239,141,1,118,210,220,156,113,0,87,85,92,83,28
2019,1,A,골목상권,2110131,성수동카페거리,7595,4688,2907,45,1886,2190,1691,1097,686,21,928,1407,1122,746,464,24,958,783,569,351,222
2019,1,A,골목상권,2110130,답십리역 6번,124,43,81,0,9,21,21,35,38,0,6,11,9,8,9,0,3,10,12,27,29
2019,1,A,골목상권,2110129,성원어린이공원,1230,771,459,5,203,371,329,233,89,4,100,253,198,146,70,1,103,118,131,87,19
2019,1,A,골목상권,2110128,성원중학교,1198,732,466,7,163,237,303,345,143,4,76,150,182,210,110,3,87,87,121,135,33
2019,1,A,골목상권,2110127,성수1가1동주민센터,958,476,482,21,246,301,199,147,44,11,88,169,104,77,27,10,158,132,95,70,17
2019,1,A,골목상권,2110126,서울숲역 1번,115,54,61,0,19,35,32,15,14,0,6,16,14,8,10,0,13,19,18,7,4
2019,1,A,골목상권,2110125,사근동살곶이상점가,156,80,76,0,23,45,41,28,19,0,11,21,23,13,12,0,12,24,18,15,7
2019,1,A,골목상권,2110124,뚝섬역교차로,3360,1784,1576,12,836,774,709,574,455,3,171,367,449,412,382,9,665,407,260,162,73
2019,1,A,골목상권,2110123,마장역 3번,834,592,242,0,70,139,191,265,169,0,39,90,124,197,142,0,31,49,67,68,27
2019,1,A,골목상권,2110122,마장역 2번,870,573,297,4,93,225,256,190,102,2,58,151,174,115,73,2,35,74,82,75,29
2019,1,A,골목상권,2110121,한양대역 4번,89,47,42,0,16,13,25,20,15,0,5,7,15,12,8,0,11,6,10,8,7
2019,1,A,골목상권,2110120,서울숲카페거리,122,58,64,0,37,38,27,15,5,0,17,18,13,6,4,0,20,20,14,9,1
2019,1,A,골목상권,2110119,마장지하차도,238,170,68,0,38,57,63,54,26,0,24,42,41,42,21,0,14,15,22,12,5
2019,1,A,골목상권,2110118,왕십리역 9번,811,404,407,3,155,157,180,164,152,3,62,71,88,78,102,0,93,86,92,86,50
2019,1,A,골목상권,2110117,성동구보건소,202,137,65,0,12,58,52,56,24,0,7,38,38,38,16,0,5,20,14,18,8
2019,1,A,골목상권,2110116,청계천박물관,5289,3843,1446,13,383,894,1245,1872,882,12,234,619,974,1358,646,1,149,275,271,514,236
2019,1,A,골목상권,2110115,상왕십리역 3번,982,407,575,1,224,230,203,208,116,0,67,109,108,78,45,1,157,121,95,130,71
2019,1,A,골목상권,2110114,왕십리파출소,293,131,162,0,32,73,63,76,49,0,11,33,44,32,11,0,21,40,19,44,38
2019,1,A,골목상권,2110113,응봉산,70,35,35,1,15,13,15,19,7,1,6,8,5,9,6,0,9,5,10,10,1
2019,1,A,골목상권,2110112,행당역 2번,231,101,130,0,40,50,48,52,41,0,19,22,21,17,22,0,21,28,27,35,19
2019,1,A,골목상권,2110110,상왕십리역 6번,211,111,100,1,33,56,57,35,29,0,11,31,31,17,21,1,22,25,26,18,8
2019,1,A,골목상권,2110109,금호삼성래미안아파트,334,162,172,0,45,82,82,71,54,0,13,45,38,33,33,0,32,37,44,38,21
2019,1,A,골목상권,2110108,성동구립금호도서관,36,9,27,0,8,9,12,6,1,0,1,3,4,1,0,0,7,6,8,5,1
2019,1,A,골목상권,2110107,금호사거리,120,59,61,0,6,18,23,36,37,0,2,12,14,14,17,0,4,6,9,22,20
2019,1,A,골목상권,2110106,금북초등학교,23,12,11,0,5,8,3,5,2,0,1,6,1,2,2,0,4,2,2,3,0
2019,1,A,골목상권,2110105,금동어린이공원,74,31,43,0,12,17,10,21,14,0,3,7,5,7,9,0,9,10,5,14,5
2019,1,A,골목상권,2110104,신금호역 4번,311,107,204,1,36,52,73,95,54,0,10,28,25,26,18,1,26,24,48,69,36
2019,1,A,골목상권,2110103,옥수터널,49,34,15,1,10,15,7,11,5,1,6,11,6,7,3,0,4,4,1,4,2
2019,1,A,골목상권,2110102,옥수역 6번,386,188,198,2,79,86,93,88,38,1,32,43,48,43,21,1,47,43,45,45,17
2019,1,A,골목상권,2110101,옥정중학교,350,134,216,3,107,59,66,74,41,0,34,17,28,30,25,3,73,42,38,44,16
2019,1,A,골목상권,2110100,옥수동우편취급국,152,80,72,1,33,67,28,16,7,1,15,42,11,7,4,0,18,25,17,9,3
2019,1,A,골목상권,2110099,유엔빌리지길,567,267,300,0,104,187,135,91,50,0,37,87,67,46,30,0,67,100,68,45,20
2019,1,A,골목상권,2110098,서울독일학교,761,352,409,2,274,260,118,55,52,1,113,131,69,27,11,1,161,129,49,28,41
2019,1,A,골목상권,2110097,한남초등학교,1339,903,436,5,287,603,342,75,27,5,143,412,265,57,21,0,144,191,77,18,6
2019,1,A,골목상권,2110096,한남힐사이드아파트,1188,658,530,11,420,473,163,83,38,8,174,290,110,49,27,3,246,183,53,34,11
2019,1,A,골목상권,2110095,한강진역 3번,1077,464,613,4,314,337,202,115,105,0,112,175,111,33,33,4,202,162,91,82,72
2019,1,A,골목상권,2110094,오산중학교,52,20,32,0,0,5,10,17,20,0,0,2,4,7,7,0,0,3,6,10,13
2019,1,A,골목상권,2110093,우사단길,1928,987,941,6,340,843,511,172,56,2,102,386,336,127,34,4,238,457,175,45,22
2019,1,A,골목상권,2110092,NH농협은행 보광동지점,276,142,134,0,33,50,73,57,63,0,12,22,37,29,42,0,21,28,36,28,21
2019,1,A,골목상권,2110091,리움미술관,334,123,211,2,161,104,36,17,14,1,55,38,14,7,8,1,106,66,22,10,6
2019,1,A,골목상권,2110090,한국폴리텍대학서울정수캠퍼스,566,275,291,4,252,183,62,33,32,0,104,99,30,20,22,4,148,84,32,13,10
2019,1,A,골목상권,2110089,서빙고동주민센터,486,286,200,0,55,122,133,92,84,0,22,61,62,69,72,0,33,61,71,23,12
2019,1,A,골목상권,2110088,오산고등학교,554,298,256,5,128,181,126,65,49,0,57,85,75,50,31,5,71,96,51,15,18
2019,1,A,골목상권,2110087,이태원엔틱가구거리,360,247,113,4,91,145,65,31,24,4,57,106,47,19,14,0,34,39,18,12,10
2019,1,A,골목상권,2110086,이태원역 북측,331,171,160,0,47,53,43,41,147,0,19,28,20,15,89,0,28,25,23,26,58
2019,1,A,골목상권,2110085,경리단길남측,1411,785,626,5,198,283,240,256,429,2,78,166,139,144,256,3,120,117,101,112,173
2019,1,A,골목상권,2110084,경리단길북측,868,448,420,10,219,264,156,119,100,8,115,138,78,55,54,2,104,126,78,64,46
2019,1,A,골목상권,2110083,서빙고역 1번,539,391,148,1,81,219,146,55,37,0,49,148,119,46,29,1,32,71,27,9,8
2019,1,A,골목상권,2110082,용산구청,2119,1076,1043,3,242,534,520,572,248,2,74,208,241,399,152,1,168,326,279,173,96
2019,1,A,골목상권,2110081,해방촌 남동측,322,205,117,0,85,101,58,38,40,0,50,63,35,23,34,0,35,38,23,15,6
2019,1,A,골목상권,2110080,해방촌예술마을,312,149,163,2,65,75,79,56,35,1,18,36,43,32,19,1,47,39,36,24,16
2019,1,A,골목상권,2110079,후암동주민센터,2050,1039,1011,3,294,446,443,611,253,1,101,255,277,275,130,2,193,191,166,336,123
2019,1,A,골목상권,2110078,이촌동점보아파트,178,74,104,0,35,35,44,27,37,0,7,15,16,11,25,0,28,20,28,16,12
2019,1,A,골목상권,2110077,삼광초등학교,125,50,75,1,13,26,35,30,20,0,4,11,11,11,13,1,9,15,24,19,7
2019,1,A,골목상권,2110076,삼각지역 14번,569,195,374,1,51,157,174,156,30,1,10,57,76,47,4,0,41,100,98,109,26
2019,1,A,골목상권,2110075,숙대입구역 1번,2104,1509,595,28,444,561,550,330,191,18,238,441,404,248,160,10,206,120,146,82,31
2019,1,A,골목상권,2110074,서울역 12번,10500,2782,7718,134,6062,1908,985,891,520,7,739,1067,598,200,171,127,5323,841,387,691,349
2019,1,A,골목상권,2110073,삼각지역 3번,2151,1597,554,2,187,430,507,612,413,2,96,326,435,443,295,0,91,104,72,169,118
2019,1,A,골목상권,2110072,열정도,543,332,211,8,151,145,116,77,46,3,76,101,77,43,32,5,75,44,39,34,14
2019,1,A,골목상권,2110071,한강미주맨션아파트,295,116,179,0,66,69,65,47,48,0,16,21,28,23,28,0,50,48,37,24,20
2019,1,A,골목상권,2110070,용산세무서,195,125,70,0,25,56,60,23,31,0,5,42,38,14,26,0,20,14,22,9,5
2019,1,A,골목상권,2110069,숙대입구,869,411,458,3,191,229,206,152,88,1,83,109,112,66,40,2,108,120,94,86,48
2019,1,A,골목상권,2110068,남영역 1번,1033,568,465,1,129,246,290,214,153,0,42,144,190,123,69,1,87,102,100,91,84
2019,1,A,골목상권,2110067,배문고등학교,1372,781,591,1,176,338,376,271,210,0,72,154,191,183,181,1,104,184,185,88,29
2019,1,A,골목상권,2110066,서울역 15번,1332,930,402,6,201,341,272,213,299,4,114,237,188,129,258,2,87,104,84,84,41
2019,1,A,골목상권,2110065,남정초등학교,671,530,141,0,139,348,105,50,29,0,104,298,81,31,16,0,35,50,24,19,13
2019,1,A,골목상권,2110064,효창공원앞역 2번,674,356,318,3,105,167,160,136,103,0,30,86,103,75,62,3,75,81,57,61,41
2019,1,A,골목상권,2110063,효창공원앞역 5번,844,528,316,1,63,186,221,169,204,0,33,129,146,97,123,1,30,57,75,72,81
2019,1,A,골목상권,2110062,한강로동땡땡거리(은행나무길),3016,1338,1678,30,871,865,464,331,455,10,225,315,257,202,329,20,646,550,207,129,126
2019,1,A,골목상권,2110061,효창동주민센터,772,446,326,1,85,179,262,193,52,0,38,101,155,114,38,1,47,78,107,79,14
2019,1,A,골목상권,2110060,효창공원앞역 6번,604,305,299,1,90,150,156,133,74,0,29,79,93,68,36,1,61,71,63,65,38
2019,1,A,골목상권,2110059,새남터성지,235,136,99,1,72,59,36,37,30,1,42,37,18,18,20,0,30,22,18,19,10
2019,1,A,골목상권,2110058,성심여자고등학교,1142,749,393,8,142,320,310,211,151,4,84,239,211,136,75,4,58,81,99,75,76
2019,1,A,골목상권,2110057,황학코아루아파트,328,158,170,2,77,113,65,36,35,1,25,44,46,22,20,1,52,69,19,14,15
2019,1,A,골목상권,2110056,신당역 3번,1088,458,630,4,144,264,247,266,163,0,48,122,120,96,72,4,96,142,127,170,91
2019,1,A,골목상권,2110055,황학동벼룩시장,124,82,42,0,16,34,23,26,25,0,9,21,18,16,18,0,7,13,5,10,7
2019,1,A,골목상권,2110054,청구역 3번,2020,1350,670,3,478,682,461,246,150,2,251,522,345,147,83,1,227,160,116,99,67
2019,1,A,골목상권,2110053,청구역 1번,471,237,234,1,78,89,115,130,58,0,28,44,61,67,37,1,50,45,54,63,21
2019,1,A,골목상권,2110052,장충초등학교,647,344,303,2,94,148,168,159,76,0,32,80,97,92,43,2,62,68,71,67,33
2019,1,A,골목상권,2110051,한양공고앞 교차로,178,115,63,0,13,33,53,52,27,0,7,19,34,33,22,0,6,14,19,19,5
2019,1,A,골목상권,2110050,약수역 7번,280,105,175,0,75,77,51,40,37,0,25,30,19,13,18,0,50,47,32,27,19
2019,1,A,골목상권,2110049,장충단 고개,3324,1574,1750,14,912,842,620,611,325,6,286,410,351,312,209,8,626,432,269,299,116
2019,1,A,골목상권,2110048,장충동주민센터,1228,647,581,0,288,401,251,202,86,0,106,199,157,130,55,0,182,202,94,72,31
2019,1,A,골목상권,2110047,다산성곽길,210,81,129,0,37,51,58,37,27,0,6,23,27,14,11,0,31,28,31,23,16
2019,1,A,골목상권,2110046,버티고개,28,17,11,0,4,5,7,9,3,0,0,3,4,7,3,0,4,2,3,2,0
2019,1,A,골목상권,2110045,동대문역사문화공원역 5번,370,232,138,0,53,61,102,93,61,0,24,35,69,59,45,0,29,26,33,34,16
2019,1,A,골목상권,2110044,관성묘,962,634,328,5,164,372,269,105,47,3,44,232,222,95,38,2,120,140,47,10,9
2019,1,A,골목상권,2110043,충무초등학교,2065,907,1158,19,471,599,519,321,136,10,142,248,218,190,99,9,329,351,301,131,37
2019,1,A,골목상권,2110042,남산골공원옆,2099,1300,799,6,301,568,636,417,171,3,112,351,453,283,98,3,189,217,183,134,73
2019,1,A,골목상권,2110041,남산케이블카,1208,374,834,2,150,183,248,342,283,1,51,89,91,62,80,1,99,94,157,280,203
2019,1,A,골목상권,2110040,중구회현체육센터(정화예술대남산캠퍼스),286,149,137,1,48,66,71,58,42,0,16,29,39,34,31,1,32,37,32,24,11
2019,1,A,골목상권,2110039,회현역 1번,112,51,61,0,12,25,22,27,26,0,5,13,11,12,10,0,7,12,11,15,16
2019,1,A,골목상권,2110038,경향신문사,2054,1267,787,10,313,555,609,497,70,2,128,294,401,400,42,8,185,261,208,97,28
2019,1,A,골목상권,2110037,신설동역 12번,228,101,127,2,30,44,60,52,40,0,7,24,33,23,14,2,23,20,27,29,26
2019,1,A,골목상권,2110036,동묘앞역 3번,254,163,91,1,19,49,57,62,66,0,10,40,32,36,45,1,9,9,25,26,21
2019,1,A,골목상권,2110035,동묘앞역 2번,363,187,176,1,41,87,114,71,49,1,22,45,62,31,26,0,19,42,52,40,23
2019,1,A,골목상권,2110034,창신1동주민센터,90,65,25,0,6,13,27,28,16,0,4,6,20,19,16,0,2,7,7,9,0
2019,1,A,골목상권,2110033,창신역 4번,211,107,104,0,32,47,54,48,30,0,13,26,24,25,19,0,19,21,30,23,11
2019,1,A,골목상권,2110032,수족관거리,59,35,24,0,5,16,13,18,7,0,3,9,7,12,4,0,2,7,6,6,3
2019,1,A,골목상권,2110031,창신역 1번,63,24,39,0,9,13,13,19,9,0,1,2,9,9,3,0,8,11,4,10,6
2019,1,A,골목상권,2110030,동대문역 3번,121,25,96,0,4,9,34,36,38,0,1,4,7,5,8,0,3,5,27,31,30
2019,1,A,골목상권,2110029,동대문역 1번,365,116,249,0,30,55,77,131,72,0,9,18,36,37,16,0,21,37,41,94,56
2019,1,A,골목상권,2110028,이화달팽이길,986,405,581,8,241,305,203,165,64,6,80,115,94,78,32,2,161,190,109,87,32
2019,1,A,골목상권,2110027,혜화역 1번,307,139,168,3,77,101,82,30,14,2,29,41,45,16,6,1,48,60,37,14,8
2019,1,A,골목상권,2110026,종로5가역 4번,255,161,94,1,31,58,73,56,36,1,14,34,41,40,31,0,17,24,32,16,5
2019,1,A,골목상권,2110025,충신시장옆,496,320,176,0,72,147,147,92,38,0,44,101,97,47,31,0,28,46,50,45,7
2019,1,A,골목상권,2110024,혜회동주민센터,487,345,142,3,45,75,124,159,81,1,9,38,87,141,69,2,36,37,37,18,12
2019,1,A,골목상권,2110023,서울대병원,308,102,206,8,68,70,63,58,41,5,17,25,22,13,20,3,51,45,41,45,21
2019,1,A,골목상권,2110022,경신고등학교,255,124,131,0,40,62,77,43,33,0,14,32,33,23,22,0,26,30,44,20,11
2019,1,A,골목상권,2110021,성균관대학교,335,164,171,0,69,72,65,57,72,0,25,37,32,24,46,0,44,35,33,33,26
2019,1,A,골목상권,2110020,서울국제고등학교,859,475,384,3,185,256,188,172,55,2,62,117,136,118,40,1,123,139,52,54,15
2019,1,A,골목상권,2110019,창덕궁,671,387,284,0,128,181,210,110,42,0,38,106,138,72,33,0,90,75,72,38,9
2019,1,A,골목상권,2110018,중앙고등학교,646,291,355,2,151,191,136,106,60,2,54,81,68,52,34,0,97,110,68,54,26
2019,1,A,골목상권,2110017,정독도서관,404,145,259,2,124,141,75,45,17,2,29,48,36,20,10,0,95,93,39,25,7
2019,1,A,골목상권,2110016,평창동동측,596,232,364,1,118,170,130,98,79,1,24,68,65,35,39,0,94,102,65,63,40
2019,1,A,골목상권,2110015,청와대사랑채,129,53,76,1,35,50,31,8,4,0,12,21,14,3,3,1,23,29,17,5,1
2019,1,A,골목상권,2110014,경복고등학교,184,63,121,1,52,35,35,34,27,1,11,10,15,14,12,0,41,25,20,20,15
2019,1,A,골목상권,2110013,체부동홍종문가옥,73,52,21,0,6,20,17,18,12,0,1,16,13,12,10,0,5,4,4,6,2
2019,1,A,골목상권,2110012,성곡미술관,2147,800,1347,1,362,547,708,435,94,0,116,293,245,97,49,1,246,254,463,338,45
2019,1,A,골목상권,2110011,청운초등학교,69,39,30,0,5,21,20,8,15,0,3,12,10,3,11,0,2,9,10,5,4
2019,1,A,골목상권,2110010,평창동서측,577,228,349,2,113,109,88,134,131,2,30,50,37,54,55,0,83,59,51,80,76
2019,1,A,골목상권,2110009,자하문터널,240,107,133,2,44,47,53,56,38,2,15,17,24,27,22,0,29,30,29,29,16
2019,1,A,골목상권,2110008,배화여자대학교(박노수미술관),807,474,333,0,148,205,177,149,128,0,64,109,98,97,106,0,84,96,79,52,22
2019,1,A,골목상권,2110007,사직공원(한국사회과학도서관),190,81,109,1,28,50,52,43,16,0,7,24,21,17,12,1,21,26,31,26,4
2019,1,A,골목상권,2110006,부암동주민센터,29,11,18,0,5,13,3,4,4,0,1,6,2,0,2,0,4,7,1,4,2
2019,1,A,골목상권,2110005,세검정,458,177,281,2,75,145,106,65,65,2,16,48,52,31,28,0,59,97,54,34,37
2019,1,A,골목상권,2110004,대신고등학교,45,20,25,0,3,5,8,22,7,0,1,1,4,10,4,0,2,4,4,12,3
2019,1,A,골목상권,2110003,세검정초등학교,184,98,86,1,15,24,63,48,33,0,8,16,32,28,14,1,7,8,31,20,19
2019,1,A,골목상권,2110002,독립문역 1번,657,160,497,0,172,164,153,112,56,0,26,45,44,27,18,0,146,119,109,85,38
2019,1,A,골목상권,2110001,이북5도청사,174,90,84,0,11,27,53,54,29,0,8,14,34,22,12,0,3,13,19,32,17
2018,4,U,관광특구,1001496,강남 마이스 관광특구,26319,15076,11243,118,7288,8801,6589,2815,708,41,2562,4762,4899,2326,486,77,4726,4039,1690,489,222
2018,4,U,관광특구,1001495,잠실 관광특구,23104,13243,9861,217,5227,5706,4787,4449,2718,96,2440,3319,2884,2803,1701,121,2787,2387,1903,1646,1017
2018,4,U,관광특구,1001494,종로?청계 관광특구,38037,24023,14014,113,5490,10230,10447,8748,3009,39,2569,6399,6953,6130,1933,74,2921,3831,3494,2618,1076
2018,4,U,관광특구,1001493,동대문패션타운 관광특구,20637,11058,9579,48,4320,7018,4747,2960,1544,18,1990,3723,2803,1647,877,30,2330,3295,1944,1313,667
2018,4,U,관광특구,1001492,명동 남대문 북창동 다동 무교동 관광특구,174313,82227,92086,916,43472,57809,42869,23136,6111,265,13774,25049,23672,15400,4067,651,29698,32760,19197,7736,2044
2018,4,U,관광특구,1001491,이태원 관광특구,8383,4582,3801,39,1986,2861,1695,1150,652,18,961,1544,988,726,345,21,1025,1317,707,424,307
2018,4,R,전통시장,2130326,고덕 골목형상점가,153,96,57,0,8,20,52,51,22,0,4,13,28,37,14,0,4,7,24,14,8
2018,4,R,전통시장,2130325,명일전통시장,418,205,213,0,23,25,32,91,247,0,15,16,17,29,128,0,8,9,15,62,119
2018,4,R,전통시장,2130324,길동복조리시장,167,75,92,0,16,30,44,56,21,0,6,12,21,28,8,0,10,18,23,28,13
2018,4,R,전통시장,2130323,둔촌역전통시장,432,232,200,0,17,35,74,104,202,0,10,21,44,45,112,0,7,14,30,59,90
2018,4,R,전통시장,2130322,고분다리전통시장,67,32,35,0,8,12,24,19,4,0,3,6,13,8,2,0,5,6,11,11,2
2018,4,R,전통시장,2130321,장신구 특화거리 상점가,659,388,271,1,94,170,175,161,58,0,41,102,107,94,44,1,53,68,68,67,14
2018,4,R,전통시장,2130320,암사종합시장,572,229,343,1,49,74,147,180,121,1,31,46,53,43,55,0,18,28,94,137,66
2018,4,R,전통시장,2130319,성내전통시장,91,29,62,0,4,20,22,24,21,0,2,11,7,6,3,0,2,9,15,18,18
2018,4,R,전통시장,2130318,로데오거리상점가,893,426,467,10,210,210,177,159,127,4,103,127,81,56,55,6,107,83,96,103,72
2018,4,R,전통시장,2130317,마천중앙시장,100,47,53,0,8,14,27,27,24,0,4,2,11,15,15,0,4,12,16,12,9
2018,4,R,전통시장,2130316,마천시장,55,30,25,1,6,10,19,16,3,1,2,9,9,6,3,0,4,1,10,10,0
2018,4,R,전통시장,2130315,문정동 로데오거리 상점가(문정동 로데오거리),1496,817,679,9,251,359,370,284,223,5,124,194,206,145,143,4,127,165,164,139,80
2018,4,R,전통시장,2130314,풍납시장,352,129,223,1,32,64,94,93,68,0,11,26,31,25,36,1,21,38,63,68,32
2018,4,R,전통시장,2130313,방이시장,1555,801,754,2,216,398,424,363,152,0,94,243,221,153,90,2,122,155,203,210,62
2018,4,R,전통시장,2130312,석촌시장,1228,592,636,4,174,216,196,244,394,0,46,109,104,125,208,4,128,107,92,119,186
2018,4,R,전통시장,2130311,새마을시장,706,387,319,2,85,154,180,186,99,0,46,92,103,88,58,2,39,62,77,98,41
2018,4,R,전통시장,2130310,강남개포시장,505,250,255,0,55,85,129,155,81,0,20,39,69,75,47,0,35,46,60,80,34
2018,4,R,전통시장,2130308,청담삼익시장,133,66,67,1,24,23,36,28,21,1,12,10,18,13,12,0,12,13,18,15,9
2018,4,R,전통시장,2130307,도곡시장,164,75,89,0,36,38,39,38,13,0,8,18,17,22,10,0,28,20,22,16,3
2018,4,R,전통시장,2130306,강남언주로,493,306,187,0,80,148,110,86,69,0,42,92,81,51,40,0,38,56,29,35,29
2018,4,R,전통시장,2130305,논현종합시장,164,103,61,0,47,58,31,20,8,0,24,40,19,14,6,0,23,18,12,6,2
2018,4,R,전통시장,2130304,신사상가,80,39,41,1,6,20,17,25,11,0,1,11,8,15,4,1,5,9,9,10,7
2018,4,R,전통시장,2130303,영동전통시장,532,308,224,1,75,177,135,95,49,1,43,115,74,48,27,0,32,62,61,47,22
2018,4,R,전통시장,2130302,강남시장(강남구 강남시장),81,38,43,1,8,12,20,25,15,0,6,9,11,9,3,1,2,3,9,16,12
2018,4,R,전통시장,2130301,양재시장,135,73,62,2,19,19,46,24,25,1,10,13,23,10,16,1,9,6,23,14,9
2018,4,R,전통시장,2130299,엔터식스 강남점,2133,1390,743,20,342,386,552,503,330,8,154,236,421,336,235,12,188,150,131,167,95
2018,4,R,전통시장,2130298,강남터미널지하도상점가2구역,873,280,593,1,92,142,194,199,245,0,38,66,69,51,56,1,54,76,125,148,189
2018,4,R,전통시장,2130296,남부종합시장,47,30,17,0,7,7,12,13,8,0,4,6,6,8,6,0,3,1,6,5,2
2018,4,R,전통시장,2130295,인헌시장(원당종합시장),300,116,184,4,45,58,87,66,40,1,5,19,39,30,22,3,40,39,48,36,18
2018,4,R,전통시장,2130294,관악중부시장,288,98,190,0,46,39,64,66,73,0,14,18,28,20,18,0,32,21,36,46,55
2018,4,R,전통시장,2130293,봉천중앙시장,150,60,90,0,18,19,36,32,45,0,6,9,19,14,12,0,12,10,17,18,33
2018,4,R,전통시장,2130292,봉천현대시장,65,31,34,0,7,13,16,19,10,0,6,7,7,8,3,0,1,6,9,11,7
2018,4,R,전통시장,2130291,봉천제일종합시장,4,3,1,0,2,2,0,0,0,0,1,2,0,0,0,0,1,0,0,0,0
2018,4,R,전통시장,2130290,영림시장,591,276,315,0,95,136,159,122,79,0,29,81,74,54,38,0,66,55,85,68,41
2018,4,R,전통시장,2130289,봉일시장,86,43,43,0,3,9,21,34,19,0,2,5,12,11,13,0,1,4,9,23,6
2018,4,R,전통시장,2130288,신림현대종합상가,43,20,23,1,0,6,16,12,8,1,0,2,9,5,3,0,0,4,7,7,5
2018,4,R,전통시장,2130287,삼성동 시장(삼성동시장),16,7,9,0,0,2,2,7,5,0,0,2,1,2,2,0,0,0,1,5,3
2018,4,R,전통시장,2130286,신신림시장(삼성동시장),36,18,18,0,3,7,14,8,4,0,2,5,7,3,1,0,1,2,7,5,3
2018,4,R,전통시장,2130285,서원동상점가,1442,736,706,14,273,211,241,310,393,5,151,128,136,122,194,9,122,83,105,188,199
2018,4,R,전통시장,2130284,관악종합시장(신원시장),23,11,12,0,0,1,4,13,5,0,0,1,2,5,3,0,0,0,2,8,2
2018,4,R,전통시장,2130283,신원시장,122,28,94,0,11,9,26,39,37,0,4,4,5,8,7,0,7,5,21,31,30
2018,4,R,전통시장,2130282,난곡 골목형상점가,38,17,21,0,2,12,15,7,2,0,1,7,5,2,2,0,1,5,10,5,0
2018,4,R,전통시장,2130281,우림시장,55,33,22,0,2,7,20,22,4,0,2,6,14,10,1,0,0,1,6,12,3
2018,4,R,전통시장,2130280,신림종합시장,48,29,19,0,1,11,11,17,8,0,1,8,8,4,8,0,0,3,3,13,0
2018,4,R,전통시장,2130279,관악신사시장,126,60,66,0,19,28,25,29,25,0,6,14,10,11,19,0,13,14,15,18,6
2018,4,R,전통시장,2130278,미성동 도깨비시장 골목형상점가,116,36,80,0,24,23,29,25,15,0,3,8,11,7,7,0,21,15,18,18,8
2018,4,R,전통시장,2130277,조원동 펭귄시장(신림중앙시장),100,43,57,0,7,20,27,38,8,0,3,14,9,13,4,0,4,6,18,25,4
2018,4,R,전통시장,2130276,신림중앙시장(조원동 펭귄시장),65,40,25,1,2,6,14,16,26,0,1,3,9,9,18,1,1,3,5,7,8
2018,4,R,전통시장,2130275,강남골목시장,67,33,34,4,5,9,15,18,16,1,1,4,8,9,10,3,4,5,7,9,6
2018,4,R,전통시장,2130274,사당1동먹자골목상점가(사당1동먹자골목),481,259,222,1,84,102,118,114,62,0,34,63,69,58,35,1,50,39,49,56,27
2018,4,R,전통시장,2130273,남성사계시장(남성시장),437,194,243,4,74,85,117,93,64,1,17,46,51,42,37,3,57,39,66,51,27
2018,4,R,전통시장,2130272,사당시장,194,65,129,0,40,45,34,33,42,0,8,12,19,10,16,0,32,33,15,23,26
2018,4,R,전통시장,2130271,남성역골목시장,261,109,152,0,53,71,72,37,28,0,12,31,29,20,17,0,41,40,43,17,11
2018,4,R,전통시장,2130270,흑석시장,15,10,5,0,4,1,4,6,0,0,3,1,2,4,0,0,1,0,2,2,0
2018,4,R,전통시장,2130269,강남시장(동작구 강남시장),20,9,11,1,2,5,5,2,5,0,0,2,4,0,3,1,2,3,1,2,2
2018,4,R,전통시장,2130268,상도전통시장,309,187,122,0,40,62,81,66,60,0,19,29,53,45,41,0,21,33,28,21,19
2018,4,R,전통시장,2130267,본동인정시장(기능상실),61,31,30,0,6,14,13,18,10,0,3,8,8,7,5,0,3,6,5,11,5
2018,4,R,전통시장,2130266,만양로상점가,147,66,81,0,11,22,28,39,47,0,9,14,17,13,13,0,2,8,11,26,34
2018,4,R,전통시장,2130265,노량진중앙시장,157,90,67,7,27,42,34,32,15,4,16,34,22,12,2,3,11,8,12,20,13
2018,4,R,전통시장,2130264,상도약수골목형상점가,89,26,63,0,15,11,28,30,5,0,0,5,8,9,4,0,15,6,20,21,1
2018,4,R,전통시장,2130263,신노량진시장(기능상실),26,10,16,0,1,5,7,9,4,0,0,1,3,4,2,0,1,4,4,5,2
2018,4,R,전통시장,2130262,상도도깨비 골목형상점가,58,23,35,0,11,6,16,16,9,0,5,4,5,4,5,0,6,2,11,12,4
2018,4,R,전통시장,2130261,성대전통시장(성대시장),435,186,249,9,70,93,107,101,55,4,31,40,47,36,28,5,39,53,60,65,27
2018,4,R,전통시장,2130260,신대방1동골목상권,105,33,72,0,17,30,22,19,17,0,1,5,6,9,12,0,16,25,16,10,5
2018,4,R,전통시장,2130259,대신시장,40,22,18,0,1,6,19,11,3,0,0,5,10,4,3,0,1,1,9,7,0
2018,4,R,전통시장,2130258,영진시장A동,25,14,11,0,1,4,7,9,4,0,1,4,3,4,2,0,0,0,4,5,2
2018,4,R,전통시장,2130257,영등포시장기계공구상가,385,281,104,0,26,55,90,117,97,0,17,39,60,88,77,0,9,16,30,29,20
2018,4,R,전통시장,2130256,신동시장,52,31,21,0,13,8,11,12,8,0,8,3,6,7,7,0,5,5,5,5,1
2018,4,R,전통시장,2130255,영등포전통시장,163,100,63,0,5,31,33,53,41,0,4,23,18,27,28,0,1,8,15,26,13
2018,4,R,전통시장,2130254,남서울상가,11,8,3,0,1,1,2,3,4,0,1,1,1,2,3,0,0,0,1,1,1
2018,4,R,전통시장,2130253,영신상가(제일상가),78,48,30,0,7,14,10,24,23,0,4,11,3,11,19,0,3,3,7,13,4
2018,4,R,전통시장,2130252,영등포로타리지하도상점가,27,12,15,0,3,5,6,7,6,0,0,3,1,3,5,0,3,2,5,4,1
2018,4,R,전통시장,2130251,영등포시장지하도상점가,6,1,5,0,0,0,1,3,2,0,0,0,0,1,0,0,0,0,1,2,2
2018,4,R,전통시장,2130250,삼구시장(로타리상가),12,8,4,0,1,0,1,5,5,0,0,0,0,3,5,0,1,0,1,2,0
2018,4,R,전통시장,2130249,동남상가,20,10,10,0,0,1,0,6,13,0,0,1,0,3,6,0,0,0,0,3,7
2018,4,R,전통시장,2130248,영등포역지하도상점가,336,133,203,10,125,57,70,56,18,3,57,25,24,17,7,7,68,32,46,39,11
2018,4,R,전통시장,2130247,우리시장,43,33,10,0,0,5,10,22,6,0,0,4,7,17,5,0,0,1,3,5,1
2018,4,R,전통시장,2130246,영등포청과시장(조광시장),685,384,301,6,99,145,191,156,88,3,51,88,113,75,54,3,48,57,78,81,34
2018,4,R,전통시장,2130245,영일시장,352,254,98,1,36,98,104,77,36,0,18,69,80,59,28,1,18,29,24,18,8
2018,4,R,전통시장,2130244,대림중앙시장,74,39,35,0,8,27,17,11,11,0,3,15,9,6,6,0,5,12,8,5,5
2018,4,R,전통시장,2130243,도림시장,44,29,15,0,3,11,15,11,4,0,2,9,10,6,2,0,1,2,5,5,2
2018,4,R,전통시장,2130242,대림중앙 골목형상점가,84,36,48,0,6,26,22,17,13,0,2,15,9,5,5,0,4,11,13,12,8
2018,4,R,전통시장,2130241,선유도역 골목형상점가,5217,3751,1466,22,1072,2024,1399,528,172,0,522,1607,1151,351,120,22,550,417,248,177,52
2018,4,R,전통시장,2130240,영등포유통상가,1636,945,691,6,308,443,343,332,204,1,141,268,193,200,142,5,167,175,150,132,62
2018,4,R,전통시장,2130238,은행나무시장,121,45,76,0,14,25,27,29,26,0,5,9,9,9,13,0,9,16,18,20,13
2018,4,R,전통시장,2130237,박미시장(기능상실),20,8,12,1,3,3,3,10,0,0,0,3,1,4,0,1,3,0,2,6,0
2018,4,R,전통시장,2130236,비단길현대시장(현대시장),239,80,159,0,34,58,53,61,33,0,8,22,15,18,17,0,26,36,38,43,16
2018,4,R,전통시장,2130235,대명여울빛거리시장(대명시장),730,259,471,3,153,126,155,179,114,3,46,53,63,51,43,0,107,73,92,128,71
2018,4,R,전통시장,2130233,남문시장,124,56,68,0,9,20,34,49,12,0,4,7,18,19,8,0,5,13,16,30,4
2018,4,R,전통시장,2130232,독산동 맛나는거리상점가(독산동 맛나는거리),87,49,38,1,11,16,24,21,14,1,10,9,14,8,7,0,1,7,10,13,7
2018,4,R,전통시장,2130231,독산동 우시장,929,673,256,5,108,184,220,220,192,5,82,143,168,141,134,0,26,41,52,79,58
2018,4,R,전통시장,2130230,가리봉시장,26,17,9,0,1,9,2,8,6,0,0,7,1,4,5,0,1,2,1,4,1
2018,4,R,전통시장,2130229,남구로시장,456,235,221,3,43,92,139,102,77,2,22,54,60,46,51,1,21,38,79,56,26
2018,4,R,전통시장,2130228,구로시장,16,5,11,0,1,0,3,6,6,0,1,0,0,2,2,0,0,0,3,4,4
2018,4,R,전통시장,2130227,고척골목시장상점가(그라운드 고척),264,123,141,0,32,58,70,58,46,0,7,31,42,25,18,0,25,27,28,33,28
2018,4,R,전통시장,2130226,고척프라자,49,22,27,1,17,14,10,5,2,0,4,9,7,2,0,1,13,5,3,3,2
2018,4,R,전통시장,2130225,개봉중앙시장,316,93,223,2,42,59,77,82,54,0,8,18,25,21,21,2,34,41,52,61,33
2018,4,R,전통시장,2130224,개봉프라자(고척근린시장),33,19,14,0,2,3,7,11,10,0,0,1,2,7,9,0,2,2,5,4,1
2018,4,R,전통시장,2130223,고척근린시장,157,51,106,0,11,29,53,43,21,0,0,12,14,17,8,0,11,17,39,26,13
2018,4,R,전통시장,2130222,오류시장,134,42,92,0,22,26,41,28,17,0,4,4,12,12,10,0,18,22,29,16,7
2018,4,R,전통시장,2130221,"남부골목시장(남부화곡시장, 남부시장)",366,151,215,0,31,67,108,107,53,0,10,31,43,38,29,0,21,36,65,69,24
2018,4,R,전통시장,2130220,등마루시장,10,6,4,0,0,1,4,3,2,0,0,1,1,2,2,0,0,0,3,1,0
2018,4,R,전통시장,2130219,까치산시장,534,135,399,2,78,70,116,169,99,2,22,24,39,21,27,0,56,46,77,148,72
2018,4,R,전통시장,2130218,신월중앙시장,217,92,125,1,37,54,50,50,25,1,14,22,24,21,10,0,23,32,26,29,15
2018,4,R,전통시장,2130217,화곡본동시장,158,66,92,0,16,27,35,43,37,0,6,18,15,15,12,0,10,9,20,28,25
2018,4,R,전통시장,2130216,화곡중앙시장,91,31,60,1,7,17,25,23,18,0,0,5,9,7,10,1,7,12,16,16,8
2018,4,R,전통시장,2130215,대원종합시장,27,19,8,0,1,2,4,11,9,0,0,2,2,6,9,0,1,0,2,5,0
2018,4,R,전통시장,2130214,송화벽화시장(송화골목시장),320,123,197,3,77,75,73,59,33,0,16,32,32,21,22,3,61,43,41,38,11
2018,4,R,전통시장,2130213,방신전통시장,467,244,223,0,37,64,113,130,123,0,24,45,68,47,60,0,13,19,45,83,63
2018,4,R,전통시장,2130212,공항시장,63,37,26,0,5,8,20,15,15,0,2,6,10,9,10,0,3,2,10,6,5
2018,4,R,전통시장,2130211,신정2동 골목시장(오목교중앙시장),36,19,17,0,2,3,4,13,14,0,2,2,3,7,5,0,0,1,1,6,9
2018,4,R,전통시장,2130210,목2동시장,263,94,169,0,30,66,79,57,31,0,9,26,26,21,12,0,21,40,53,36,19
2018,4,R,전통시장,2130209,목사랑시장(목4동시장),105,33,72,0,13,18,33,29,12,0,3,2,9,11,8,0,10,16,24,18,4
2018,4,R,전통시장,2130208,목동깨비시장(목3동시장),615,306,309,0,100,156,160,129,70,0,48,91,76,50,41,0,52,65,84,79,29
2018,4,R,전통시장,2130207,신정1동 골목시장(신정제일시장),71,22,49,0,6,10,21,16,18,0,1,5,6,4,6,0,5,5,15,12,12
2018,4,R,전통시장,2130206,신정3동 골목시장,34,9,25,0,0,6,15,7,6,0,0,0,2,2,5,0,0,6,13,5,1
2018,4,R,전통시장,2130205,신곡종합시장(신월6동 골목시장),331,176,155,1,52,70,89,75,44,1,20,42,50,31,32,0,32,28,39,44,12
2018,4,R,전통시장,2130204,경창시장,244,84,160,1,17,37,56,65,68,0,9,18,24,18,15,1,8,19,32,47,53
2018,4,R,전통시장,2130203,서서울 골목형상점가,124,47,77,0,6,23,28,30,37,0,2,7,8,9,21,0,4,16,20,21,16
2018,4,R,전통시장,2130202,신영시장,173,72,101,0,13,26,41,45,48,0,5,14,15,16,22,0,8,12,26,29,26
2018,4,R,전통시장,2130201,월정로시장,37,24,13,0,1,5,15,13,3,0,1,4,10,8,1,0,0,1,5,5,2
2018,4,R,전통시장,2130200,"신월7동 골목시장(약수시장, 우성상가)",123,49,74,0,12,19,44,28,20,0,2,7,14,15,11,0,10,12,30,13,9
2018,4,R,전통시장,2130199,신월3동 골목시장,21,8,13,0,1,4,10,2,4,0,1,1,5,0,1,0,0,3,5,2,3
2018,4,R,전통시장,2130198,아현시장,228,56,172,0,42,99,62,14,11,0,5,11,28,8,4,0,37,88,34,6,7
2018,4,R,전통시장,2130197,마포시장,81,38,43,0,5,7,21,31,17,0,3,5,10,11,9,0,2,2,11,20,8
2018,4,R,전통시장,2130196,공덕시장,1829,769,1060,32,694,410,365,224,104,12,257,211,127,84,78,20,437,199,238,140,26
2018,4,R,전통시장,2130195,도화동 상점가,2970,1808,1162,9,526,796,675,581,383,3,252,515,459,348,231,6,274,281,216,233,152
2018,4,R,전통시장,2130194,용강동 상점가,1236,757,479,6,151,298,351,270,160,3,64,200,232,151,107,3,87,98,119,119,53
2018,4,R,전통시장,2130193,신수시장,40,15,25,0,5,8,11,7,9,0,1,3,2,5,4,0,4,5,9,2,5
2018,4,R,전통시장,2130192,동진시장,50,23,27,0,10,10,11,7,12,0,2,8,3,3,7,0,8,2,8,4,5
2018,4,R,전통시장,2130191,홍대 걷고싶은 거리,941,519,422,20,289,220,199,131,82,7,161,131,117,63,40,13,128,89,82,68,42
2018,4,R,전통시장,2130190,홍대소상공인상점가,685,389,296,8,319,141,118,63,36,3,180,87,73,30,16,5,139,54,45,33,20
2018,4,R,전통시장,2130189,서교시장,200,106,94,3,54,47,35,17,44,1,17,30,22,8,28,2,37,17,13,9,16
2018,4,R,전통시장,2130188,합정시장,24,10,14,0,0,2,11,7,4,0,0,1,4,3,2,0,0,1,7,4,2
2018,4,R,전통시장,2130187,영진시장,38,23,15,0,1,11,13,8,5,0,1,8,8,2,4,0,0,3,5,6,1
2018,4,R,전통시장,2130186,망원시장,257,112,145,0,50,50,64,72,21,0,24,26,25,28,9,0,26,24,39,44,12
2018,4,R,전통시장,2130185,망원월드컵시장,270,158,112,0,47,84,77,39,23,0,23,52,48,18,17,0,24,32,29,21,6
2018,4,R,전통시장,2130184,마포농수산물시장,795,518,277,1,31,72,159,266,266,1,23,50,103,159,182,0,8,22,56,107,84
2018,4,R,전통시장,2130183,상암동상점가,1420,890,530,12,260,425,383,257,83,8,134,291,281,135,41,4,126,134,102,122,42
2018,4,R,전통시장,2130182,영천시장,259,114,145,0,31,52,64,66,46,0,7,24,27,34,22,0,24,28,37,32,24
2018,4,R,전통시장,2130181,아현가구거리상점가,151,85,66,0,25,17,48,31,30,0,10,7,31,15,22,0,15,10,17,16,8
2018,4,R,전통시장,2130180,포방터시장,62,33,29,0,11,13,17,11,10,0,3,6,11,6,7,0,8,7,6,5,3
2018,4,R,전통시장,2130179,"이화여대 3,5,7길 상점가",613,277,336,17,161,140,110,106,79,4,63,61,56,55,38,13,98,79,54,51,41
2018,4,R,전통시장,2130178,이대 앞 스타트업 상점가,118,50,68,0,29,31,27,19,12,0,10,14,17,5,4,0,19,17,10,14,8
2018,4,R,전통시장,2130177,인왕시장(홍제골목형상점가),122,38,84,0,5,17,20,21,59,0,2,8,5,6,17,0,3,9,15,15,42
2018,4,R,전통시장,2130176,유진상가,391,173,218,6,84,115,101,69,16,3,35,46,39,37,13,3,49,69,62,32,3
2018,4,R,전통시장,2130175,신촌 상인회(신촌상점가),990,284,706,9,673,221,53,21,13,2,177,71,22,6,6,7,496,150,31,15,7
2018,4,R,전통시장,2130174,연희사러가,2,1,1,0,0,0,0,2,0,0,0,0,0,1,0,0,0,0,0,1,0
2018,4,R,전통시장,2130173,백련시장,8,4,4,0,0,2,1,4,1,0,0,2,0,1,1,0,0,0,1,3,0
2018,4,R,전통시장,2130172,모래내시장(서중시장),257,129,128,0,38,41,52,80,46,0,16,20,29,42,22,0,22,21,23,38,24
2018,4,R,전통시장,2130171,불광먹자골목 골목형상점가,560,189,371,1,57,104,147,134,117,1,15,40,57,36,40,0,42,64,90,98,77
2018,4,R,전통시장,2130170,제일시장,328,150,178,2,44,55,101,87,39,2,18,23,47,39,21,0,26,32,54,48,18
2018,4,R,전통시장,2130169,대조시장,282,94,188,0,38,63,67,69,45,0,13,21,22,19,19,0,25,42,45,50,26
2018,4,R,전통시장,2130168,연서시장,335,151,184,1,67,65,79,61,62,0,25,22,40,27,37,1,42,43,39,34,25
2018,4,R,전통시장,2130167,연신내상점가(연빛거리),1313,533,780,16,311,296,301,245,144,6,112,145,113,92,65,10,199,151,188,153,79
2018,4,R,전통시장,2130166,응암시장(신응암시장),35,18,17,0,1,4,3,11,16,0,0,0,0,4,14,0,1,4,3,7,2
2018,4,R,전통시장,2130165,"대림골목시장(대림시장, 양지시장)",263,61,202,0,31,60,75,62,35,0,12,12,12,7,18,0,19,48,63,55,17
2018,4,R,전통시장,2130164,역촌중앙시장,30,12,18,0,0,6,4,9,11,0,0,5,1,3,3,0,0,1,3,6,8
2018,4,R,전통시장,2130163,응암오거리상점가,289,124,165,2,39,41,79,84,44,1,14,20,34,36,19,1,25,21,45,48,25
2018,4,R,전통시장,2130162,증산골목시장,43,21,22,0,1,5,9,14,14,0,0,3,4,7,7,0,1,2,5,7,7
2018,4,R,전통시장,2130161,증산종합시장,92,27,65,0,5,10,34,36,7,0,4,5,10,5,3,0,1,5,24,31,4
2018,4,R,전통시장,2130160,수일시장,17,5,12,0,1,4,3,5,4,0,0,0,0,3,2,0,1,4,3,2,2
2018,4,R,전통시장,2130159,공릉동 도깨비시장,454,249,205,0,26,71,127,128,102,0,8,33,67,75,66,0,18,38,60,53,36
2018,4,R,전통시장,2130157,상계중앙시장,266,102,164,0,37,44,57,80,48,0,18,24,20,25,15,0,19,20,37,55,33
2018,4,R,전통시장,2130156,시영2단지 무지개종합상가(중계 무지개2단지아파트상가),32,12,20,0,3,4,7,13,5,0,1,3,0,4,4,0,2,1,7,9,1
2018,4,R,전통시장,2130155,시영B상가(중계 그린아파트 B 상가),104,50,54,0,5,29,29,31,10,0,1,18,10,14,7,0,4,11,19,17,3
2018,4,R,전통시장,2130154,상계주공1단지(가)상가,13,7,6,0,1,0,3,8,1,0,1,0,2,3,1,0,0,0,1,5,0
2018,4,R,전통시장,2130153,창동역상점가,679,336,343,1,71,112,146,166,183,0,28,62,73,68,105,1,43,50,73,98,78
2018,4,R,전통시장,2130152,오!도봉거리 상점가,130,61,69,0,24,24,24,19,39,0,8,10,12,8,23,0,16,14,12,11,16
2018,4,R,전통시장,2130151,신도봉시장,48,23,25,0,3,7,11,19,8,0,3,4,6,8,2,0,0,3,5,11,6
2018,4,R,전통시장,2130150,창동골목시장,105,36,69,0,15,25,23,26,16,0,3,5,7,12,9,0,12,20,16,14,7
2018,4,R,전통시장,2130149,창동신창시장,246,115,131,0,16,53,68,77,32,0,5,23,36,29,22,0,11,30,32,48,10
2018,4,R,전통시장,2130148,방학동도깨비시장,183,73,110,0,23,46,46,44,24,0,12,23,18,11,9,0,11,23,28,33,15
2018,4,R,전통시장,2130147,쌍문역동측상점가,283,134,149,4,41,77,72,59,30,3,24,24,38,25,20,1,17,53,34,34,10
2018,4,R,전통시장,2130146,쌍문시장(쌍문역골목시장),538,221,317,4,79,102,132,140,81,3,19,43,56,57,43,1,60,59,76,83,38
2018,4,R,전통시장,2130145,쌍문역둘리상점가,187,144,43,0,40,48,46,40,13,0,32,40,32,30,10,0,8,8,14,10,3
2018,4,R,전통시장,2130144,백운시장,62,31,31,0,6,10,22,13,11,0,2,4,12,3,10,0,4,6,10,10,1
2018,4,R,전통시장,2130143,방천골목시장,45,20,25,0,0,9,12,12,12,0,0,3,5,6,6,0,0,6,7,6,6
2018,4,R,전통시장,2130142,강북북부시장,27,13,14,0,4,5,5,10,3,0,3,2,3,3,2,0,1,3,2,7,1
2018,4,R,전통시장,2130141,강북북부골목시장,58,27,31,0,8,14,21,8,7,0,1,8,8,5,5,0,7,6,13,3,2
2018,4,R,전통시장,2130140,숭인시장,246,100,146,1,45,49,51,55,45,0,6,19,21,25,29,1,39,30,30,30,16
2018,4,R,전통시장,2130139,강북종합전통시장(강북종합골목시장),273,127,146,1,32,63,70,69,38,1,18,35,33,24,16,0,14,28,37,45,22
2018,4,R,전통시장,2130138,수유프라자,80,38,42,0,6,14,12,26,22,0,1,2,4,15,16,0,5,12,8,11,6
2018,4,R,전통시장,2130137,"수유전통시장(수유시장, 수유골목시장)",225,111,114,0,17,44,47,58,59,0,5,24,22,29,31,0,12,20,25,29,28
2018,4,R,전통시장,2130136,수유재래시장,22,9,13,0,4,3,4,8,3,0,0,0,2,4,3,0,4,3,2,4,0
2018,4,R,전통시장,2130135,수유중앙골목시장(수유중앙시장),106,57,49,0,7,23,20,30,26,0,4,11,13,15,14,0,3,12,7,15,12
2018,4,R,전통시장,2130134,"솔샘시장(미아6,7동골목시장)",171,59,112,1,22,28,52,41,27,0,4,15,20,12,8,1,18,13,32,29,19
2018,4,R,전통시장,2130133,우이골목시장(우이시장),135,49,86,1,7,31,37,41,18,1,3,19,14,7,5,0,4,12,23,34,13
2018,4,R,전통시장,2130132,삼양골목시장(삼양시장),201,65,136,0,35,37,45,52,32,0,9,14,19,14,9,0,26,23,26,38,23
2018,4,R,전통시장,2130131,동북프라자,132,61,71,0,11,30,48,32,11,0,3,10,24,17,7,0,8,20,24,15,4
2018,4,R,전통시장,2130130,수유북부골목시장,24,16,8,0,0,2,9,5,8,0,0,2,8,1,5,0,0,0,1,4,3
2018,4,R,전통시장,2130129,장미원골목시장,93,37,56,0,7,17,33,22,14,0,0,10,8,13,6,0,7,7,25,9,8
2018,4,R,전통시장,2130128,돌곶이시장(석관황금시장),39,23,16,0,7,9,16,4,3,0,4,7,8,3,1,0,3,2,8,1,2
2018,4,R,전통시장,2130127,석관시장,27,15,12,0,0,8,7,8,4,0,0,6,3,4,2,0,0,2,4,4,2
2018,4,R,전통시장,2130126,새석관시장,23,17,6,0,1,5,8,3,6,0,0,5,6,3,3,0,1,0,2,0,3
2018,4,R,전통시장,2130125,장위전통시장,127,68,59,0,10,17,32,37,31,0,7,8,21,19,13,0,3,9,11,18,18
2018,4,R,전통시장,2130124,번동시장,15,11,4,1,2,7,1,4,0,1,1,5,1,3,0,0,1,2,0,1,0
2018,4,R,전통시장,2130123,꿈의숲 장곡 골목형상점가,27,17,10,0,3,4,8,8,4,0,2,2,6,6,1,0,1,2,2,2,3
2018,4,R,전통시장,2130122,밤나무골시장,25,5,20,0,6,5,4,6,4,0,0,3,0,2,0,0,6,2,4,4,4
2018,4,R,전통시장,2130121,길음시장,94,51,43,1,12,18,27,16,20,1,5,11,16,3,15,0,7,7,11,13,5
2018,4,R,전통시장,2130120,돈암시장(돈암제일시장),237,98,139,0,37,43,57,47,53,0,6,13,27,26,26,0,31,30,30,21,27
2018,4,R,전통시장,2130119,정릉아리랑시장,68,28,40,0,8,9,22,19,10,0,6,2,5,10,5,0,2,7,17,9,5
2018,4,R,전통시장,2130118,정릉골 골목형상점가,159,82,77,1,35,30,29,37,27,0,10,14,15,22,21,1,25,16,14,15,6
2018,4,R,전통시장,2130117,정릉시장,277,125,152,1,40,51,75,78,32,0,21,21,34,34,15,1,19,30,41,44,17
2018,4,R,전통시장,2130116,동성타워프라자,65,40,25,2,9,9,14,20,11,2,6,5,8,12,7,0,3,4,6,8,4
2018,4,R,전통시장,2130115,우림골목시장,446,179,267,1,81,81,102,116,65,0,24,31,51,45,28,1,57,50,51,71,37
2018,4,R,전통시장,2130114,유영시장,70,20,50,0,11,25,18,13,3,0,1,6,5,6,2,0,10,19,13,7,1
2018,4,R,전통시장,2130113,신아타운,291,85,206,0,68,62,76,55,30,0,12,15,30,14,14,0,56,47,46,41,16
2018,4,R,전통시장,2130112,사가정시장,254,88,166,0,47,61,63,56,27,0,9,19,23,19,18,0,38,42,40,37,9
2018,4,R,전통시장,2130111,"동원전통종합시장(동원시장, 동원전통시장 상점가)",558,251,307,4,65,99,154,159,77,1,23,53,79,55,40,3,42,46,75,104,37
2018,4,R,전통시장,2130110,면목골목시장(면목시장),273,127,146,0,52,60,67,65,29,0,22,25,30,32,18,0,30,35,37,33,11
2018,4,R,전통시장,2130109,묵1동도깨비시장,73,42,31,1,15,17,10,20,10,0,8,11,8,10,5,1,7,6,2,10,5
2018,4,R,전통시장,2130108,태능엔터피아(태릉시장),74,20,54,0,3,4,21,31,15,0,2,1,7,4,6,0,1,3,14,27,9
2018,4,R,전통시장,2130107,중랑동부시장(중랑교종합상가),27,10,17,0,5,6,7,6,3,0,3,4,1,1,1,0,2,2,6,5,2
2018,4,R,전통시장,2130106,중랑동부시장,280,101,179,1,55,55,71,52,46,1,13,17,18,23,29,0,42,38,53,29,17
2018,4,R,전통시장,2130105,장미제일시장(중화동제일시장),54,12,42,0,13,9,6,20,6,0,2,4,1,5,0,0,11,5,5,15,6
2018,4,R,전통시장,2130104,전곡시장,153,79,74,0,20,20,44,51,18,0,10,12,23,23,11,0,10,8,21,28,7
2018,4,R,전통시장,2130103,이경시장,40,21,19,0,1,3,13,9,14,0,1,1,6,4,9,0,0,2,7,5,5
2018,4,R,전통시장,2130102,이문제일시장,25,10,15,0,0,5,11,9,0,0,0,1,4,5,0,0,0,4,7,4,0
2018,4,R,전통시장,2130101,답십리현대시장,86,49,37,0,15,14,19,24,14,0,7,10,10,12,10,0,8,4,9,12,4
2018,4,R,전통시장,2130100,답십리시장,257,93,164,7,54,49,51,48,48,7,14,18,25,14,15,0,40,31,26,34,33
2018,4,R,전통시장,2130099,전농로터리시장,105,49,56,1,15,13,24,38,14,1,6,7,13,12,10,0,9,6,11,26,4
2018,4,R,전통시장,2130098,회기시장,141,57,84,1,27,34,33,28,18,0,9,18,15,8,7,1,18,16,18,20,11
2018,4,R,전통시장,2130097,답십리 건축자재시장,338,219,119,0,35,79,92,86,46,0,27,56,60,45,31,0,8,23,32,41,15
2018,4,R,전통시장,2130096,동부시장,40,20,20,0,1,7,7,11,14,0,0,1,4,3,12,0,1,6,3,8,2
2018,4,R,전통시장,2130095,청량리전통시장,172,73,99,0,21,30,33,48,40,0,7,11,18,19,18,0,14,19,15,29,22
2018,4,R,전통시장,2130094,청량리청과물시장,174,93,81,0,19,43,41,25,46,0,4,21,22,12,34,0,15,22,19,13,12
2018,4,R,전통시장,2130093,동서시장,26,18,8,0,0,3,10,9,4,0,0,2,8,5,3,0,0,1,2,4,1
2018,4,R,전통시장,2130092,청량리농수산물시장,59,44,15,1,1,9,17,20,11,1,1,9,15,10,8,0,0,0,2,10,3
2018,4,R,전통시장,2130091,청량종합도매시장,182,138,44,2,19,26,56,45,34,2,15,20,43,31,27,0,4,6,13,14,7
2018,4,R,전통시장,2130090,청량리종합시장,96,69,27,0,7,17,22,24,26,0,4,10,18,15,22,0,3,7,4,9,4
2018,4,R,전통시장,2130089,청량리수산시장,100,67,33,0,3,16,30,22,29,0,3,12,20,11,21,0,0,4,10,11,8
2018,4,R,전통시장,2130088,경동시장,245,162,83,0,26,36,58,67,58,0,16,24,42,42,38,0,10,12,16,25,20
2018,4,R,전통시장,2130087,경동광성상가(경동시장),139,77,62,0,18,14,32,34,41,0,8,11,23,17,18,0,10,3,9,17,23
2018,4,R,전통시장,2130086,서울약령시장,1913,1166,747,3,180,327,489,536,378,1,94,198,269,344,260,2,86,129,220,192,118
2018,4,R,전통시장,2130085,용두시장,6,4,2,0,0,0,1,2,3,0,0,0,0,1,3,0,0,0,1,1,0
2018,4,R,전통시장,2130084,신성시장(신성골목시장),131,60,71,0,16,10,44,42,19,0,4,6,17,20,13,0,12,4,27,22,6
2018,4,R,전통시장,2130083,"중곡제일시장(중곡제일골목시장, 광성시장)",622,132,490,1,21,52,114,223,211,1,6,26,28,33,38,0,15,26,86,190,173
2018,4,R,전통시장,2130082,면곡골목시장,68,24,44,0,2,3,12,28,23,0,2,1,4,10,7,0,0,2,8,18,16
2018,4,R,전통시장,2130081,자양골목전통시장(자양골목시장),75,43,32,0,8,18,15,20,14,0,5,13,8,10,7,0,3,5,7,10,7
2018,4,R,전통시장,2130080,자양종합시장(기능상실),14,10,4,0,0,1,8,4,1,0,0,1,5,3,1,0,0,0,3,1,0
2018,4,R,전통시장,2130079,한아름시장,109,60,49,1,26,19,26,19,18,1,14,11,14,5,15,0,12,8,12,14,3
2018,4,R,전통시장,2130078,화양제일골목시장,110,54,56,0,25,26,22,24,13,0,11,15,13,8,7,0,14,11,9,16,6
2018,4,R,전통시장,2130077,조양시장,152,91,61,1,26,34,40,29,22,0,16,20,17,18,20,1,10,14,23,11,2
2018,4,R,전통시장,2130076,능동로골목시장,90,46,44,0,10,16,12,24,28,0,4,10,4,8,20,0,6,6,8,16,8
2018,4,R,전통시장,2130075,노룬산시장(노룬산골목시장),85,43,42,0,8,16,26,15,20,0,4,8,11,5,15,0,4,8,15,10,5
2018,4,R,전통시장,2130074,영동교골목시장,23,9,14,0,6,2,4,7,4,0,1,0,4,3,1,0,5,2,0,4,3
2018,4,R,전통시장,2130073,뚝도시장,145,77,68,0,9,28,43,37,28,0,3,15,25,14,20,0,6,13,18,23,8
2018,4,R,전통시장,2130072,성동용답상가시장,1002,555,447,1,236,369,194,125,77,0,115,212,119,58,51,1,121,157,75,67,26
2018,4,R,전통시장,2130071,성수역 골목형상점가,596,392,204,2,106,177,156,62,93,0,52,124,116,46,54,2,54,53,40,16,39
2018,4,R,전통시장,2130070,뚝섬역상점가,3364,2226,1138,8,687,1072,894,466,237,4,322,736,623,358,183,4,365,336,271,108,54
2018,4,R,전통시장,2130069,"한양대앞상점가(한양시장, 왕십리맛골목)",217,110,107,4,39,45,54,45,30,3,26,27,22,20,12,1,13,18,32,25,18
2018,4,R,전통시장,2130068,마장축산물시장,3161,2129,1032,2,354,848,888,688,381,1,233,615,596,449,235,1,121,233,292,239,146
2018,4,R,전통시장,2130067,왕십리도선동상점가,2126,777,1349,11,666,611,485,234,119,4,196,254,172,95,56,7,470,357,313,139,63
2018,4,R,전통시장,2130066,행당시장상점가,899,430,469,6,185,199,232,172,105,2,51,102,113,94,68,4,134,97,119,78,37
2018,4,R,전통시장,2130065,무학봉상점가,343,119,224,2,50,77,87,80,47,2,14,28,31,28,16,0,36,49,56,52,31
2018,4,R,전통시장,2130064,금남시장,111,27,84,0,14,18,19,27,33,0,1,5,10,5,6,0,13,13,9,22,27
2018,4,R,전통시장,2130063,신금호역 골목형상점가,105,56,49,1,13,25,26,25,15,1,2,12,15,15,11,0,11,13,11,10,4
2018,4,R,전통시장,2130062,보광시장,48,21,27,0,2,13,13,13,7,0,0,4,8,4,5,0,2,9,5,9,2
2018,4,R,전통시장,2130061,이태원시장,220,127,93,3,99,58,26,17,17,1,53,38,13,10,12,2,46,20,13,7,5
2018,4,R,전통시장,2130060,신흥시장,35,21,14,0,13,13,3,2,4,0,10,8,2,0,1,0,3,5,1,2,3
2018,4,R,전통시장,2130059,후암시장,175,63,112,1,27,41,45,40,21,1,8,17,15,11,11,0,19,24,30,29,10
2018,4,R,전통시장,2130058,이촌종합시장,162,92,70,5,26,40,36,40,15,2,16,30,21,17,6,3,10,10,15,23,9
2018,4,R,전통시장,2130057,만리시장,37,28,9,0,0,6,6,16,9,0,0,4,4,11,9,0,0,2,2,5,0
2018,4,R,전통시장,2130056,용산용문시장,380,215,165,3,46,91,117,69,54,1,27,63,67,28,29,2,19,28,50,41,25
2018,4,R,전통시장,2130055,"황학시장(서울중앙시장, 신중앙시장)",339,218,121,0,25,73,89,95,57,0,13,51,61,58,35,0,12,22,28,37,22
2018,4,R,전통시장,2130054,황학동주방가구거리상점가,576,346,230,0,101,135,149,143,48,0,40,84,96,97,29,0,61,51,53,46,19
2018,4,R,전통시장,2130053,백학시장,384,200,184,1,49,97,109,90,38,1,16,56,63,44,20,0,33,41,46,46,18
2018,4,R,전통시장,2130052,서울중앙시장(신중앙시장),1063,682,381,2,185,279,210,231,156,0,129,200,131,124,98,2,56,79,79,107,58
2018,4,R,전통시장,2130051,동화동 골목형상점가,714,388,326,1,117,159,194,151,92,0,52,82,109,84,61,1,65,77,85,67,31
2018,4,R,전통시장,2130050,청평화시장,987,363,624,1,157,381,259,132,57,1,66,134,75,62,25,0,91,247,184,70,32
2018,4,R,전통시장,2130049,신당 미래유산 먹거리 골목형상점가,126,54,72,0,10,22,35,30,29,0,2,7,17,11,17,0,8,15,18,19,12
2018,4,R,전통시장,2130048,동평화시장,182,94,88,0,30,38,37,44,33,0,15,20,18,24,17,0,15,18,19,20,16
2018,4,R,전통시장,2130047,테크노상가(엘리시움),796,428,368,2,187,289,164,93,61,1,95,162,93,48,29,1,92,127,71,45,32
2018,4,R,전통시장,2130046,team204(팀204),110,58,52,0,21,31,14,21,23,0,3,17,7,14,17,0,18,14,7,7,6
2018,4,R,전통시장,2130045,광희패션몰,202,109,93,0,40,57,35,41,29,0,14,31,21,27,16,0,26,26,14,14,13
2018,4,R,전통시장,2130044,에리어식스(벨포스트),84,47,37,0,11,23,22,19,9,0,7,18,10,10,2,0,4,5,12,9,7
2018,4,R,전통시장,2130043,제일평화시장,313,115,198,0,32,73,112,69,27,0,13,28,43,22,9,0,19,45,69,47,18
2018,4,R,전통시장,2130042,약수시장,317,132,185,0,27,51,89,80,70,0,8,17,40,35,32,0,19,34,49,45,38
2018,4,R,전통시장,2130041,신평화패션타운(청계6가 지하도상가),229,129,100,0,28,40,49,78,34,0,17,24,28,39,21,0,11,16,21,39,13
2018,4,R,전통시장,2130040,남평화시장,241,168,73,0,78,75,44,33,11,0,54,59,31,16,8,0,24,16,13,17,3
2018,4,R,전통시장,2130039,청계6가 지하도상가,97,58,39,0,14,15,23,18,27,0,9,6,15,12,16,0,5,9,8,6,11
2018,4,R,전통시장,2130038,"평화시장(통일상가, 동화상가)",3978,2727,1251,11,592,1423,1130,605,217,3,279,976,892,435,142,8,313,447,238,170,75
2018,4,R,전통시장,2130037,청계5가쇼핑센터(청계5가지하쇼핑센터),3,2,1,0,0,0,0,3,0,0,0,0,0,2,0,0,0,0,0,1,0
2018,4,R,전통시장,2130036,중부시장(신중부시장),1767,1140,627,9,190,364,476,439,289,2,92,253,326,263,204,7,98,111,150,176,85
2018,4,R,전통시장,2130035,방산종합시장(방산시장),2936,1886,1050,5,245,626,748,775,537,1,145,407,443,485,405,4,100,219,305,290,132
2018,4,R,전통시장,2130034,필동 골목형상점가,24,13,11,0,6,3,8,5,2,0,2,2,5,2,2,0,4,1,3,3,0
2018,4,R,전통시장,2130033,대림상가(청계상가),486,342,144,2,37,86,151,112,98,2,24,57,102,81,76,0,13,29,49,31,22
2018,4,R,전통시장,2130032,인현시장,556,361,195,0,36,92,160,177,91,0,21,51,104,117,68,0,15,41,56,60,23
2018,4,R,전통시장,2130031,청계천공구상가,1030,680,350,2,106,211,276,248,187,1,44,136,204,151,144,1,62,75,72,97,43
2018,4,R,전통시장,2130030,을지로지하보도쇼핑센터(을지입구지하상가),7,1,6,0,0,0,4,3,0,0,0,0,0,1,0,0,0,0,4,2,0
2018,4,R,전통시장,2130029,명동역지하도상가,14,9,5,0,1,2,9,2,0,0,1,1,6,1,0,0,0,1,3,1,0
2018,4,R,전통시장,2130028,을지입구지하상가(을지로지하보도쇼핑센터),32,13,19,0,10,5,5,8,4,0,3,1,3,4,2,0,7,4,2,4,2
2018,4,R,전통시장,2130026,소공지하도상가,9,3,6,0,0,4,1,0,4,0,0,2,0,0,1,0,0,2,1,0,3
2018,4,R,전통시장,2130025,삼익패션타운(남대문시장),1107,889,218,31,260,209,308,229,70,24,215,163,241,192,54,7,45,46,67,37,16
2018,4,R,전통시장,2130024,남대문시장(자유상가),3013,1580,1433,2,290,636,746,693,646,0,107,326,365,368,414,2,183,310,381,325,232
2018,4,R,전통시장,2130023,남대문로 지하상가(남대문지하쇼핑센터),5,2,3,0,0,0,1,1,3,0,0,0,0,0,2,0,0,0,1,1,1
2018,4,R,전통시장,2130022,숭례문수입상가(남대문시장),3583,1620,1963,37,594,1585,1014,316,37,0,137,733,497,224,29,37,457,852,517,92,8
2018,4,R,전통시장,2130021,신설종합시장,156,116,40,0,9,35,45,45,22,0,7,28,34,32,15,0,2,7,11,13,7
2018,4,R,전통시장,2130020,동묘시장(동묘벼룩시장),184,102,82,1,31,35,46,41,30,0,15,16,27,27,17,1,16,19,19,14,13
2018,4,R,전통시장,2130019,동대문상가D동,36,25,11,0,2,13,8,3,10,0,2,7,5,2,9,0,0,6,3,1,1
2018,4,R,전통시장,2130018,동대문문구완구거리(동대문문구완구시장),761,319,442,2,202,207,149,115,86,0,53,93,70,55,48,2,149,114,79,60,38
2018,4,R,전통시장,2130017,동대문상가C동,191,153,38,1,29,92,43,19,7,0,22,78,38,12,3,1,7,14,5,7,4
2018,4,R,전통시장,2130016,동대문상가B동,31,22,9,1,3,6,10,2,9,0,1,5,8,1,7,1,2,1,2,1,2
2018,4,R,전통시장,2130015,창신골목시장,160,81,79,0,9,30,50,51,20,0,5,17,27,22,10,0,4,13,23,29,10
2018,4,R,전통시장,2130014,동문시장,33,27,6,0,0,4,10,2,17,0,0,2,6,2,17,0,0,2,4,0,0
2018,4,R,전통시장,2130013,동대문상가A동,11,8,3,0,0,2,5,3,1,0,0,2,4,1,1,0,0,0,1,2,0
2018,4,R,전통시장,2130012,"동대문종합시장(동대문종합시장 신관, 동대문종합시장D동상가)",4641,3247,1394,8,782,1407,1242,854,348,3,529,1101,811,569,234,5,253,306,431,285,114
2018,4,R,전통시장,2130011,충신시장,342,201,141,4,76,107,87,54,14,3,39,72,47,30,10,1,37,35,40,24,4
2018,4,R,전통시장,2130010,종로신진시장,676,375,301,2,67,138,172,181,116,2,38,80,91,94,70,0,29,58,81,87,46
2018,4,R,전통시장,2130009,마전교지하쇼핑센터(구 한일상가),104,72,32,1,7,22,26,26,22,1,5,17,21,15,13,0,2,5,5,11,9
2018,4,R,전통시장,2130007,광장시장(광장전통시장),1119,681,438,1,87,200,257,299,275,1,47,133,164,157,179,0,40,67,93,142,96
2018,4,R,전통시장,2130006,종로4가지하쇼핑센터,12,7,5,0,0,3,5,1,3,0,0,1,3,1,2,0,0,2,2,0,1
2018,4,R,전통시장,2130005,세운상가가동,560,379,181,0,53,133,141,129,104,0,21,94,101,84,79,0,32,39,40,45,25
2018,4,R,전통시장,2130004,낙원시장(낙원지하시장(대일상가)),421,293,128,0,42,89,93,86,111,0,29,68,66,56,74,0,13,21,27,30,37
2018,4,R,전통시장,2130002,세종마을음식문화거리(금천교시장),521,266,255,5,65,105,109,130,107,3,38,63,51,53,58,2,27,42,58,77,49
2018,4,R,전통시장,2130001,통인시장,252,172,80,0,69,106,33,27,17,0,47,82,21,15,7,0,22,24,12,12,10
2018,4,D,발달상권,2120249,고덕역,1366,626,740,11,196,275,293,332,259,4,59,144,120,150,149,7,137,131,173,182,110
2018,4,D,발달상권,2120248,명일역,1743,602,1141,5,230,281,385,456,386,4,65,123,145,117,148,1,165,158,240,339,238
2018,4,D,발달상권,2120247,굽은다리역,1084,484,600,7,180,239,278,213,167,3,60,119,133,81,88,4,120,120,145,132,79
2018,4,D,발달상권,2120246,길동역,5148,2364,2784,19,745,1003,1154,1232,995,10,310,512,591,423,518,9,435,491,563,809,477
2018,4,D,발달상권,2120245,둔촌역,3766,2209,1557,7,426,751,766,654,1162,3,193,443,424,329,817,4,233,308,342,325,345
2018,4,D,발달상권,2120244,암사역,1093,460,633,2,161,212,242,242,234,0,46,90,111,85,128,2,115,122,131,157,106
2018,4,D,발달상권,2120243,천호역,4175,1774,2401,21,1078,1086,942,638,410,6,296,517,450,268,237,15,782,569,492,370,173
2018,4,D,발달상권,2120242,강동구청역,11364,6075,5289,33,1303,2242,2639,2858,2289,26,696,1400,1356,1221,1376,7,607,842,1283,1637,913
2018,4,D,발달상권,2120241,거여역,2498,1338,1160,5,204,408,485,604,792,3,100,266,277,228,464,2,104,142,208,376,328
2018,4,D,발달상권,2120240,개롱역,1422,690,732,2,217,298,436,320,149,0,87,158,205,144,96,2,130,140,231,176,53
2018,4,D,발달상권,2120239,오금역,4651,2679,1972,7,820,1175,1152,823,674,6,356,716,747,425,429,1,464,459,405,398,245
2018,4,D,발달상권,2120238,방이역,806,382,424,1,113,189,212,155,136,1,36,81,81,79,104,0,77,108,131,76,32
2018,4,D,발달상권,2120237,경찰병원역,9976,5190,4786,24,1797,2377,2232,2275,1271,7,729,1431,1349,1049,625,17,1068,946,883,1226,646
2018,4,D,발달상권,2120236,장지역(가든파이브),9440,6360,3080,52,1390,2532,2492,1755,1219,29,729,1710,1719,1194,979,23,661,822,773,561,240
2018,4,D,발달상권,2120235,문정역,37781,24762,13019,131,7588,11895,9397,5525,3245,41,3787,8145,6635,3645,2509,90,3801,3750,2762,1880,736
2018,4,D,발달상권,2120234,가락시장역,8997,5556,3441,76,1600,2317,2155,1622,1227,42,733,1374,1409,1101,897,34,867,943,746,521,330
2018,4,D,발달상권,2120233,몽촌토성역,4670,3076,1594,11,887,1582,1087,639,464,5,433,1061,810,432,335,6,454,521,277,207,129
2018,4,D,발달상권,2120232,송파나루역,1239,718,521,3,198,278,267,287,206,2,81,153,152,161,169,1,117,125,115,126,37
2018,4,D,발달상권,2120231,가락시장,10417,7249,3168,11,648,1887,2835,3097,1939,6,450,1505,2062,1911,1315,5,198,382,773,1186,624
2018,4,D,발달상권,2120230,송파사거리(송파역),1020,463,557,3,124,202,245,218,228,1,33,97,132,88,112,2,91,105,113,130,116
2018,4,D,발달상권,2120229,방이동먹자골목,5883,3557,2326,26,982,1461,1349,1183,882,14,524,921,843,671,584,12,458,540,506,512,298
2018,4,D,발달상권,2120228,석촌역(석촌호수),4543,2553,1990,16,756,1107,970,873,821,4,327,669,559,438,556,12,429,438,411,435,265
2018,4,D,발달상권,2120227,잠실역,88109,47991,40118,522,18673,27118,23751,15802,2243,256,9537,18140,13494,5253,1311,266,9136,8978,10257,10549,932
2018,4,D,발달상권,2120226,석촌고분역,3398,2331,1067,8,434,632,677,536,1111,5,215,407,420,300,984,3,219,225,257,236,127
2018,4,D,발달상권,2120225,잠실새내역(신천),9232,5265,3967,41,1925,2057,2168,1696,1345,18,786,1109,1345,1087,920,23,1139,948,823,609,425
2018,4,D,발달상권,2120224,수서역,12474,6372,6102,26,1620,3030,3101,3020,1677,8,743,1857,1607,1118,1039,18,877,1173,1494,1902,638
2018,4,D,발달상권,2120223,휘문고교사거리,7590,4521,3069,27,1449,2885,1838,811,580,13,562,1769,1274,532,371,14,887,1116,564,279,209
2018,4,D,발달상권,2120222,삼성역,53680,30483,23197,253,12768,16901,12384,7063,4311,107,5049,10056,8425,4236,2610,146,7719,6845,3959,2827,1701
2018,4,D,발달상권,2120221,봉은사역,23852,15287,8565,42,5209,6002,4189,4089,4321,14,2821,4317,3097,2429,2609,28,2388,1685,1092,1660,1712
2018,4,D,발달상권,2120220,대치역,5926,3303,2623,111,2033,2166,940,412,264,2,856,1378,652,237,178,109,1177,788,288,175,86
2018,4,D,발달상권,2120219,은마아파트,2337,903,1434,12,439,580,629,458,219,4,103,250,257,169,120,8,336,330,372,289,99
2018,4,D,발달상권,2120218,코엑스,13249,7986,5263,26,3106,4492,3710,1554,361,12,1145,2411,2837,1323,258,14,1961,2081,873,231,103
2018,4,D,발달상권,2120217,대치사거리,4390,2584,1806,12,919,1536,1031,566,326,6,448,1020,613,271,226,6,471,516,418,295,100
2018,4,D,발달상권,2120216,경기고교사거리(경기고교앞사거리),6433,4385,2048,19,972,1850,1837,928,827,10,417,1255,1507,699,497,9,555,595,330,229,330
2018,4,D,발달상권,2120215,포스코사거리,56036,34252,21784,303,11716,20715,14362,6274,2666,75,4854,12778,10217,4454,1874,228,6862,7937,4145,1820,792
2018,4,D,발달상권,2120214,영동대교남단교차로,5541,3386,2155,16,1077,1816,1275,878,479,3,433,1115,904,584,347,13,644,701,371,294,132
2018,4,D,발달상권,2120213,삼성중앙역,10105,5404,4701,43,2288,3815,2246,1097,616,22,926,2068,1410,627,351,21,1362,1747,836,470,265
2018,4,D,발달상권,2120212,한티역,1798,782,1016,7,370,463,435,327,196,1,113,210,214,140,104,6,257,253,221,187,92
2018,4,D,발달상권,2120211,도성초등학교,2055,952,1103,8,457,682,427,282,199,2,115,267,246,183,139,6,342,415,181,99,60
2018,4,D,발달상권,2120210,선릉역,59677,30858,28819,276,16803,16797,12596,8884,4321,122,6802,9517,7145,4609,2663,154,10001,7280,5451,4275,1658
2018,4,D,발달상권,2120209,"강남구청(청담역_8번, 강남세무서)",4188,1745,2443,40,1129,1312,857,509,341,6,253,584,414,278,210,34,876,728,443,231,131
2018,4,D,발달상권,2120208,청담사거리(청담동명품거리),16138,5625,10513,120,5591,5993,2729,1126,579,26,1384,2157,1187,524,347,94,4207,3836,1542,602,232
2018,4,D,발달상권,2120207,선정릉역,14589,7980,6609,68,3459,4992,3557,1679,834,24,1260,2746,2270,1084,596,44,2199,2246,1287,595,238
2018,4,D,발달상권,2120206,개나리아파트,4854,2753,2101,87,1621,1423,869,508,346,25,764,815,599,311,239,62,857,608,270,197,107
2018,4,D,발달상권,2120205,매봉역,11753,6287,5466,28,1999,2492,2264,1792,3178,12,948,1522,1319,922,1564,16,1051,970,945,870,1614
2018,4,D,발달상권,2120204,르네상스호텔사거리,16137,9394,6743,52,3190,5311,3924,2120,1540,26,1342,3143,2606,1360,917,26,1848,2168,1318,760,623
2018,4,D,발달상권,2120203,강남구청역,13124,6888,6236,45,2725,3973,3275,2135,971,22,940,2155,2072,1107,592,23,1785,1818,1203,1028,379
2018,4,D,발달상권,2120202,압구정로데오역(압구정로데오),6409,2669,3740,52,2598,1912,1013,474,360,15,859,862,500,243,190,37,1739,1050,513,231,170
2018,4,D,발달상권,2120201,도곡1동,7279,4182,3097,32,1373,2268,1914,1037,655,9,530,1228,1286,660,469,23,843,1040,628,377,186
2018,4,D,발달상권,2120200,학동사거리,15890,7170,8720,119,5867,5566,2635,1043,660,53,1865,2671,1460,660,461,66,4002,2895,1175,383,199
2018,4,D,발달상권,2120199,경복아파트교차로,11919,6919,5000,65,2341,3226,2440,1770,2077,30,1011,1986,1765,1037,1090,35,1330,1240,675,733,987
2018,4,D,발달상권,2120198,구역삼세무서,15977,8035,7942,45,3869,4553,3586,2474,1450,15,1270,2534,2154,1216,846,30,2599,2019,1432,1258,604
2018,4,D,발달상권,2120197,역삼역,83275,51431,31844,350,18865,28390,20142,11441,4087,140,8494,18324,14536,7322,2615,210,10371,10066,5606,4119,1472
2018,4,D,발달상권,2120196,서울세관,9795,5711,4084,53,2147,2949,2412,1414,820,12,810,1626,1639,1055,569,41,1337,1323,773,359,251
2018,4,D,발달상권,2120195,성수대교남단,6338,2851,3487,145,2215,2124,984,518,352,51,854,993,547,217,189,94,1361,1131,437,301,163
2018,4,D,발달상권,2120194,언주역(차병원),14014,7709,6305,65,3581,4012,3138,2099,1119,26,1419,2281,2085,1122,776,39,2162,1731,1053,977,343
2018,4,D,발달상권,2120193,도산공원교차로,9947,5581,4366,21,2317,3500,2207,1250,652,4,823,2022,1379,864,489,17,1494,1478,828,386,163
2018,4,D,발달상권,2120192,뱅뱅사거리,29783,18470,11313,111,5717,9062,7449,4740,2704,57,2476,5655,5207,3183,1892,54,3241,3407,2242,1557,812
2018,4,D,발달상권,2120191,학동역,20041,10492,9549,79,5139,5809,4081,2116,2817,29,1588,3215,2553,1195,1912,50,3551,2594,1528,921,905
2018,4,D,발달상권,2120190,강남을지병원,14829,7416,7413,88,4412,4641,3221,1529,938,29,1481,2332,1936,944,694,59,2931,2309,1285,585,244
2018,4,D,발달상권,2120189,강남역,89886,43197,46689,749,22038,28163,21146,11787,6003,214,7277,14468,12672,5975,2591,535,14761,13695,8474,5812,3412
2018,4,D,발달상권,2120188,압구정역,18386,7636,10750,1225,7146,3954,2558,1979,1524,463,2724,1702,1278,772,697,762,4422,2252,1280,1207,827
2018,4,D,발달상권,2120187,신논현역,15853,8242,7611,95,4427,5167,3145,1742,1277,23,1511,2891,2080,994,743,72,2916,2276,1065,748,534
2018,4,D,발달상권,2120186,가로수길,9350,4469,4881,71,2957,2921,1772,987,642,30,1066,1592,945,445,391,41,1891,1329,827,542,251
2018,4,D,발달상권,2120185,논현역,17539,9617,7922,65,3635,5880,4357,2098,1504,16,1344,3339,2677,1258,983,49,2291,2541,1680,840,521
2018,4,D,발달상권,2120184,포이사거리(삼호물산),20186,11359,8827,67,2852,5113,5558,4481,2115,28,1305,3276,3214,2198,1338,39,1547,1837,2344,2283,777
2018,4,D,발달상권,2120183,양재천카페거리,4198,2784,1414,14,955,1513,880,563,273,9,504,1084,625,387,175,5,451,429,255,176,98
2018,4,D,발달상권,2120182,"양재시민의숲역(양재동꽃시장, aT센터)",6227,3928,2299,21,909,1609,1506,1221,961,2,435,1015,989,759,728,19,474,594,517,462,233
2018,4,D,발달상권,2120181,교육개발원입구사거리,7084,4534,2550,26,1235,2116,1636,1194,877,9,597,1414,1198,771,545,17,638,702,438,423,332
2018,4,D,발달상권,2120180,양재화물트럭터미널앞,4481,3590,891,6,881,1633,1190,598,173,1,607,1321,1020,506,135,5,274,312,170,92,38
2018,4,D,발달상권,2120179,양재역,19794,11359,8435,154,4216,5471,4561,3146,2246,54,1639,3267,3043,1923,1433,100,2577,2204,1518,1223,813
2018,4,D,발달상권,2120178,신사역,18232,8870,9362,46,4863,5771,3831,2332,1389,14,1294,2958,2462,1252,890,32,3569,2813,1369,1080,499
2018,4,D,발달상권,2120177,신논현역 1번,2089,1465,624,5,527,817,435,232,73,1,343,586,341,141,53,4,184,231,94,91,20
2018,4,D,발달상권,2120176,논현역 4번,1104,704,400,2,179,305,257,184,177,0,89,192,189,121,113,2,90,113,68,63,64
2018,4,D,발달상권,2120175,남부터미널역,23467,12665,10802,145,5513,6622,5595,3840,1752,82,2479,4118,3320,1648,1018,63,3034,2504,2275,2192,734
2018,4,D,발달상권,2120174,논현역 5번,846,511,335,2,145,247,213,125,114,0,53,157,150,79,72,2,92,90,63,46,42
2018,4,D,발달상권,2120173,교대역(법원.검찰청),24458,12749,11709,72,4612,7265,6164,3832,2513,22,1363,3414,3615,2483,1852,50,3249,3851,2549,1349,661
2018,4,D,발달상권,2120172,교대입구교차로,15450,8801,6649,69,3442,4255,3570,2534,1580,32,1494,2575,2220,1398,1082,37,1948,1680,1350,1136,498
2018,4,D,발달상권,2120171,서초3동사거리,10972,6761,4211,33,1942,3117,2555,1732,1593,11,837,1989,1800,1082,1042,22,1105,1128,755,650,551
2018,4,D,발달상권,2120170,삼호가든사거리,2710,1269,1441,4,565,861,663,385,232,0,163,367,387,199,153,4,402,494,276,186,79
2018,4,D,발달상권,2120169,서초역,23159,11313,11846,105,5411,6884,5785,3463,1511,27,1800,3523,2978,1857,1128,78,3611,3361,2807,1606,383
2018,4,D,발달상권,2120168,서울고교교차로,2684,1729,955,4,467,1003,813,288,109,2,156,640,627,232,72,2,311,363,186,56,37
2018,4,D,발달상권,2120167,고속터미널(고속터미널역),4606,2026,2580,28,761,816,810,945,1246,8,292,404,417,396,509,20,469,412,393,549,737
2018,4,D,발달상권,2120166,방배역,6583,3826,2757,54,1376,1711,1370,1037,1035,10,558,973,908,605,772,44,818,738,462,432,263
2018,4,D,발달상권,2120165,서래마을카페거리(서래마을),3048,1610,1438,48,780,818,690,436,276,16,338,446,391,268,151,32,442,372,299,168,125
2018,4,D,발달상권,2120164,내방역,9980,4664,5316,34,1811,2569,2644,1921,1001,12,732,1301,1170,804,645,22,1079,1268,1474,1117,356
2018,4,D,발달상권,2120163,사당역 11번(사당역먹자골목),260,137,123,0,29,55,76,48,52,0,18,27,41,27,24,0,11,28,35,21,28
2018,4,D,발달상권,2120162,방배동카페골목,1888,1148,740,14,342,474,411,272,375,12,172,330,288,143,203,2,170,144,123,129,172
2018,4,D,발달상권,2120161,방배동가구거리(사당동가구거리),1621,1009,612,2,258,499,364,239,259,0,112,341,266,162,128,2,146,158,98,77,131
2018,4,D,발달상권,2120160,사당역(사당),7836,4004,3832,50,1396,1768,1908,1895,819,35,688,1048,1007,723,503,15,708,720,901,1172,316
2018,4,D,발달상권,2120159,서울대입구역,3347,1613,1734,30,691,773,775,514,564,5,250,370,392,247,349,25,441,403,383,267,215
2018,4,D,발달상권,2120158,녹두거리(대학동),1295,799,496,7,145,203,343,406,191,4,64,123,228,265,115,3,81,80,115,141,76
2018,4,D,발달상권,2120157,신림역(신림),2262,974,1288,16,519,433,505,438,351,7,167,206,247,157,190,9,352,227,258,281,161
2018,4,D,발달상권,2120156,"총신대입구역(이수, 총신대)",5367,2438,2929,21,938,1264,1346,1129,669,12,373,671,666,401,315,9,565,593,680,728,354
2018,4,D,발달상권,2120155,총신대학교,116,60,56,0,10,19,39,39,9,0,5,8,21,19,7,0,5,11,18,20,2
2018,4,D,발달상권,2120154,장승배기역,976,492,484,0,101,166,241,278,190,0,30,70,136,167,89,0,71,96,105,111,101
2018,4,D,발달상권,2120153,노량진역(노량진),5996,3391,2605,24,711,1596,1504,1430,731,8,299,749,879,962,494,16,412,847,625,468,237
2018,4,D,발달상권,2120152,신대방삼거리역,1688,810,878,9,227,387,436,372,257,2,86,209,236,157,120,7,141,178,200,215,137
2018,4,D,발달상권,2120151,보라매공원,11978,6495,5483,31,2063,3907,3561,1813,603,10,752,1906,2051,1327,449,21,1311,2001,1510,486,154
2018,4,D,발달상권,2120150,63빌딩,12219,5999,6220,14,1742,3086,3802,2817,758,7,689,1703,2003,1399,198,7,1053,1383,1799,1418,560
2018,4,D,발달상권,2120149,여의도역(여의도),127189,74673,52516,490,19224,40900,38489,21819,6267,108,8518,21874,24162,16294,3717,382,10706,19026,14327,5525,2550
2018,4,D,발달상권,2120148,국회의사당역(국회의사당),40641,24099,16542,137,9591,14214,9282,5094,2323,34,3796,8376,6597,3691,1605,103,5795,5838,2685,1403,718
2018,4,D,발달상권,2120147,보라매역,2831,1610,1221,37,402,527,529,571,765,3,122,318,311,343,513,34,280,209,218,228,252
2018,4,D,발달상권,2120146,한강성심병원,5283,3515,1768,6,582,1159,1315,1162,1059,4,285,709,944,868,705,2,297,450,371,294,354
2018,4,D,발달상권,2120145,영등포역(영등포),7544,3772,3772,108,1632,1980,1694,1286,844,43,624,1033,899,686,487,65,1008,947,795,600,357
2018,4,D,발달상권,2120144,영중로,6455,4140,2315,22,1209,1883,1468,1124,749,11,630,1301,1048,640,510,11,579,582,420,484,239
2018,4,D,발달상권,2120143,당산역,10204,6319,3885,51,1251,1703,2192,2477,2530,22,679,1189,1394,1385,1650,29,572,514,798,1092,880
2018,4,D,발달상권,2120142,대림역,1645,926,719,1,163,327,454,439,261,1,66,182,262,258,157,0,97,145,192,181,104
2018,4,D,발달상권,2120141,영등포청과시장교차로,2219,967,1252,6,262,553,733,452,213,2,103,253,331,155,123,4,159,300,402,297,90
2018,4,D,발달상권,2120140,문래동주민센터,16605,8067,8538,89,3842,4817,4279,2162,1416,37,1473,2445,2144,1068,900,52,2369,2372,2135,1094,516
2018,4,D,발달상권,2120139,대림3동사거리,4735,2898,1837,23,608,1117,1243,992,752,14,307,771,867,557,382,9,301,346,376,435,370
2018,4,D,발달상권,2120138,당산2동(영등포우체국),15614,7353,8261,80,4031,4620,3805,2028,1050,18,1379,2299,1790,1135,732,62,2652,2321,2015,893,318
2018,4,D,발달상권,2120137,문래역(문래로데오거리),269,110,159,1,59,68,74,56,11,0,23,28,31,23,5,1,36,40,43,33,6
2018,4,D,발달상권,2120136,영등포구청역,10267,5296,4971,32,1708,1936,1927,2354,2310,23,857,1115,1089,977,1235,9,851,821,838,1377,1075
2018,4,D,발달상권,2120135,양평역,7046,3893,3153,46,1785,1850,1681,1121,563,17,795,1123,925,556,477,29,990,727,756,565,86
2018,4,D,발달상권,2120134,구로전화국,3259,2270,989,2,226,440,503,579,1509,1,87,235,288,305,1354,1,139,205,215,274,155
2018,4,D,발달상권,2120133,서울시흥동우체국(홈플러스시흥점),396,163,233,2,56,88,86,95,69,1,20,42,31,38,31,1,36,46,55,57,38
2018,4,D,발달상권,2120132,독산동,11765,7967,3798,45,1626,2983,3003,2738,1370,21,971,2111,2065,1766,1033,24,655,872,938,972,337
2018,4,D,발달상권,2120131,가산디지털단지,133503,85765,47738,626,29975,42522,33288,17742,9350,331,14965,28784,23508,11600,6577,295,15010,13738,9780,6142,2773
2018,4,D,발달상권,2120130,구로디지털단지역,2265,1069,1196,7,443,477,525,455,358,4,165,230,254,194,222,3,278,247,271,261,136
2018,4,D,발달상권,2120129,구로디지털단지,76766,46642,30124,387,17430,25610,17969,9802,5568,227,8210,16993,12207,5427,3578,160,9220,8617,5762,4375,1990
2018,4,D,발달상권,2120128,신도림역,7558,3092,4466,38,1759,2846,1704,840,371,12,566,1026,830,447,211,26,1193,1820,874,393,160
2018,4,D,발달상권,2120127,구로구청,8906,6337,2569,15,1347,2304,1986,1866,1388,9,1007,1881,1510,1111,819,6,340,423,476,755,569
2018,4,D,발달상권,2120126,디지털단지오거리,133,88,45,0,12,24,41,37,19,0,4,20,29,21,14,0,8,4,12,16,5
2018,4,D,발달상권,2120125,구로역,20881,12140,8741,43,2717,6131,5838,4064,2088,19,1232,3210,3432,2681,1566,24,1485,2921,2406,1383,522
2018,4,D,발달상권,2120124,개봉동 현대아파트,927,351,576,1,107,164,230,256,169,1,29,65,93,96,67,0,78,99,137,160,102
2018,4,D,발달상권,2120123,오류동역,1731,846,885,13,242,261,374,443,398,8,126,139,143,164,266,5,116,122,231,279,132
2018,4,D,발달상권,2120122,강서구청,3048,1668,1380,8,371,650,838,726,455,5,160,338,490,403,272,3,211,312,348,323,183
2018,4,D,발달상권,2120121,까치산역,838,325,513,6,123,157,184,215,153,4,41,75,76,67,62,2,82,82,108,148,91
2018,4,D,발달상권,2120120,화곡역,1787,700,1087,12,360,441,447,332,195,3,78,174,203,137,105,9,282,267,244,195,90
2018,4,D,발달상권,2120119,발산역(마곡),8316,5000,3316,46,1701,2336,1958,1298,977,16,722,1459,1280,801,722,30,979,877,678,497,255
2018,4,D,발달상권,2120118,마곡역(마곡),763,463,300,0,163,271,176,106,47,0,61,162,128,80,32,0,102,109,48,26,15
2018,4,D,발달상권,2120117,강서농산물도매시장,1617,1089,528,4,96,291,504,457,265,1,69,219,332,289,179,3,27,72,172,168,86
2018,4,D,발달상권,2120116,송정역,373,195,178,0,50,66,81,98,78,0,18,36,42,48,51,0,32,30,39,50,27
2018,4,D,발달상권,2120115,김포공항역(김포공항),33,13,20,0,9,14,6,3,1,0,1,7,4,1,0,0,8,7,2,2,1
2018,4,D,발달상권,2120114,목동신시가지,12837,7970,4867,62,2100,3303,3625,2766,981,24,888,1964,2464,1991,639,38,1212,1339,1161,775,342
2018,4,D,발달상권,2120113,오목교역,1491,654,837,9,336,380,329,267,170,3,119,189,134,115,94,6,217,191,195,152,76
2018,4,D,발달상권,2120112,등촌역,2889,1596,1293,10,406,638,649,555,631,7,134,353,406,322,374,3,272,285,243,233,257
2018,4,D,발달상권,2120111,목동사거리,1148,507,641,1,138,214,275,295,225,1,59,101,124,108,114,0,79,113,151,187,111
2018,4,D,발달상권,2120110,목동역 8번출구,1926,736,1190,11,377,396,427,382,333,7,101,160,192,125,151,4,276,236,235,257,182
2018,4,D,발달상권,2120109,서울남부지방법원,2149,1151,998,8,284,419,527,528,383,1,124,235,294,281,216,7,160,184,233,247,167
2018,4,D,발달상권,2120108,신정네거리역,1928,987,941,4,220,415,472,467,350,1,95,205,230,252,204,3,125,210,242,215,146
2018,4,D,발달상권,2120107,공덕역(공덕오거리),21425,12103,9322,83,4244,6117,5672,4165,1144,40,1865,3591,3551,2339,717,43,2379,2526,2121,1826,427
2018,4,D,발달상권,2120106,마포역,16391,9824,6567,87,2847,3909,3756,3274,2518,33,1337,2452,2542,1852,1608,54,1510,1457,1214,1422,910
2018,4,D,발달상권,2120105,상수역(홍대),1744,908,836,12,530,639,340,128,95,7,217,347,211,70,56,5,313,292,129,58,39
2018,4,D,발달상권,2120104,연남동(홍대),11401,5294,6107,77,3410,3353,2177,1422,962,41,1167,1740,1226,664,456,36,2243,1613,951,758,506
2018,4,D,발달상권,2120103,홍대입구역(홍대),15575,8310,7265,137,4971,4135,2922,1881,1529,56,1970,2470,1820,961,1033,81,3001,1665,1102,920,496
2018,4,D,발달상권,2120102,서교동(홍대),9828,4976,4852,48,1967,2473,2094,1523,1723,15,734,1308,1335,904,680,33,1233,1165,759,619,1043
2018,4,D,발달상권,2120101,합정역,8224,4168,4056,40,1839,2901,2252,846,346,12,551,1462,1394,541,208,28,1288,1439,858,305,138
2018,4,D,발달상권,2120100,망원역,3235,1457,1778,34,844,795,675,604,283,18,367,407,318,193,154,16,477,388,357,411,129
2018,4,D,발달상권,2120099,월드컵경기장역(월드컵경기장),276,129,147,1,85,75,60,34,21,1,26,46,33,12,11,0,59,29,27,22,10
2018,4,D,발달상권,2120098,DMC(디지털미디어시티),24476,14813,9663,25,5096,9358,6983,2500,514,10,1900,5553,5153,1858,339,15,3196,3805,1830,642,175
2018,4,D,발달상권,2120097,충정로역,7387,4865,2522,7,1501,2960,1846,738,335,2,838,1885,1357,544,239,5,663,1075,489,194,96
2018,4,D,발달상권,2120096,"이화여대(이대역, 이대)",1256,551,705,12,253,340,304,207,140,2,71,150,147,93,88,10,182,190,157,114,52
2018,4,D,발달상권,2120095,홍제역,1164,431,733,3,173,224,291,288,185,1,40,77,92,114,107,2,133,147,199,174,78
2018,4,D,발달상권,2120094,"신촌역(신촌역, 신촌로터리)",8452,4150,4302,67,1935,1950,2077,1690,733,38,949,1133,1030,654,346,29,986,817,1047,1036,387
2018,4,D,발달상권,2120093,연희동,1268,588,680,1,238,245,320,248,216,0,88,118,164,99,119,1,150,127,156,149,97
2018,4,D,발달상권,2120092,불광역,419,191,228,1,42,71,113,126,66,0,21,26,52,56,36,1,21,45,61,70,30
2018,4,D,발달상권,2120091,본서부병원,1133,487,646,9,161,253,303,241,166,2,47,125,159,84,70,7,114,128,144,157,96
2018,4,D,발달상권,2120090,연신내역,1192,399,793,13,250,229,287,233,180,8,55,82,103,75,76,5,195,147,184,158,104
2018,4,D,발달상권,2120089,구파발역,86,33,53,1,23,19,25,10,8,0,7,9,9,3,5,1,16,10,16,7,3
2018,4,D,발달상권,2120088,구산역,1006,374,632,4,159,207,260,231,145,3,43,93,98,70,67,1,116,114,162,161,78
2018,4,D,발달상권,2120087,응암역,552,260,292,0,100,128,126,113,85,0,26,66,65,53,50,0,74,62,61,60,35
2018,4,D,발달상권,2120086,태릉입구역,1352,708,644,3,231,318,300,287,213,1,115,175,156,141,120,2,116,143,144,146,93
2018,4,D,발달상권,2120085,은행사거리,1105,499,606,6,214,201,313,226,145,2,89,94,126,104,84,4,125,107,187,122,61
2018,4,D,발달상권,2120084,공릉역,1919,987,932,6,122,143,214,439,995,3,39,62,128,245,510,3,83,81,86,194,485
2018,4,D,발달상권,2120083,등나무근린공원,1215,552,663,4,162,240,317,287,205,2,63,112,144,109,122,2,99,128,173,178,83
2018,4,D,발달상권,2120082,상계백병원,1916,547,1369,2,547,600,482,204,81,1,127,162,129,83,45,1,420,438,353,121,36
2018,4,D,발달상권,2120081,노원역,5255,1852,3403,47,1264,1086,1162,1031,665,15,318,433,450,344,292,32,946,653,712,687,373
2018,4,D,발달상권,2120080,마들역,510,147,363,2,83,114,122,116,73,0,14,35,32,36,30,2,69,79,90,80,43
2018,4,D,발달상권,2120079,창동역,1816,949,867,7,268,325,499,379,338,3,80,157,264,208,237,4,188,168,235,171,101
2018,4,D,발달상권,2120078,미아사거리역,1147,500,647,12,275,302,251,190,117,5,112,156,104,65,58,7,163,146,147,125,59
2018,4,D,발달상권,2120077,미아역,1123,511,612,2,194,221,202,233,271,0,58,86,100,96,171,2,136,135,102,137,100
2018,4,D,발달상권,2120076,수유역,4392,2103,2289,24,749,857,1004,943,815,13,267,419,487,454,463,11,482,438,517,489,352
2018,4,D,발달상권,2120075,월곡역,904,449,455,3,125,220,220,191,145,1,46,116,138,83,65,2,79,104,82,108,80
2018,4,D,발달상권,2120074,안암역,361,215,146,3,72,127,83,44,32,1,33,96,51,20,14,2,39,31,32,24,18
2018,4,D,발달상권,2120073,미아사거리,974,342,632,12,211,241,237,178,95,4,56,88,106,43,45,8,155,153,131,135,50
2018,4,D,발달상권,2120072,성신여대,2631,1318,1313,20,684,627,515,416,369,3,251,328,286,220,230,17,433,299,229,196,139
2018,4,D,발달상권,2120071,성북구청,777,311,466,3,117,173,182,177,125,1,36,81,87,63,43,2,81,92,95,114,82
2018,4,D,발달상권,2120070,한성대입구역,1179,529,650,17,189,237,265,269,202,8,67,130,120,125,79,9,122,107,145,144,123
2018,4,D,발달상권,2120069,상봉역,1870,910,960,8,334,398,406,391,333,4,108,182,220,199,197,4,226,216,186,192,136
2018,4,D,발달상권,2120068,사가정역,451,171,280,6,118,89,95,85,58,0,29,32,49,27,34,6,89,57,46,58,24
2018,4,D,발달상권,2120067,장안동사거리,3485,1491,1994,37,575,696,828,810,539,10,176,298,393,343,271,27,399,398,435,467,268
2018,4,D,발달상권,2120066,장한평역(장한평),13719,8378,5341,77,2471,3126,2971,2618,2456,24,1158,1947,1873,1597,1779,53,1313,1179,1098,1021,677
2018,4,D,발달상권,2120065,회기역,1025,565,460,6,155,205,219,199,241,3,70,117,110,93,172,3,85,88,109,106,69
2018,4,D,발달상권,2120064,경희대학교(경희대),471,228,243,3,93,121,101,86,67,0,51,73,56,26,22,3,42,48,45,60,45
2018,4,D,발달상권,2120063,청량리역(청량리),2274,930,1344,29,495,419,461,470,400,14,197,168,166,169,216,15,298,251,295,301,184
2018,4,D,발달상권,2120062,신설동역,11312,4710,6602,32,1356,2643,3384,2581,1316,12,437,1342,1344,896,679,20,919,1301,2040,1685,637
2018,4,D,발달상권,2120061,올림픽대교북단,665,258,407,7,156,155,170,113,64,3,38,60,79,42,36,4,118,95,91,71,28
2018,4,D,발달상권,2120060,강변역(테크노마트),4726,3201,1525,30,699,1043,1210,975,769,16,328,703,903,729,522,14,371,340,307,246,247
2018,4,D,발달상권,2120059,구삼강변맛길,2520,1178,1342,10,328,443,390,560,789,9,151,236,197,225,360,1,177,207,193,335,429
2018,4,D,발달상권,2120058,구의사거리,755,347,408,0,106,154,184,195,116,0,24,74,91,97,61,0,82,80,93,98,55
2018,4,D,발달상권,2120057,아차산역,2856,1434,1422,27,354,592,594,710,579,10,157,303,328,304,332,17,197,289,266,406,247
2018,4,D,발달상권,2120056,구의역,3858,2160,1698,15,531,803,916,713,880,3,185,409,526,398,639,12,346,394,390,315,241
2018,4,D,발달상권,2120055,군자역,5139,2965,2174,9,766,1244,1305,1066,749,4,338,732,815,632,444,5,428,512,490,434,305
2018,4,D,발달상권,2120054,어린이대공원역,1120,603,517,5,199,241,265,242,168,2,78,140,151,124,108,3,121,101,114,118,60
2018,4,D,발달상권,2120053,건대입구역(건대),3254,1513,1741,43,973,755,601,461,421,18,389,403,310,180,213,25,584,352,291,281,208
2018,4,D,발달상권,2120052,성수역,16133,9160,6973,71,3426,4299,3792,2791,1754,22,1512,2522,2367,1668,1069,49,1914,1777,1425,1123,685
2018,4,D,발달상권,2120051,뚝섬역,19133,10007,9126,124,5134,6041,4237,2793,804,53,2338,3748,2446,972,450,71,2796,2293,1791,1821,354
2018,4,D,발달상권,2120050,서울숲역,1772,1152,620,7,379,587,488,225,86,5,178,376,352,169,72,2,201,211,136,56,14
2018,4,D,발달상권,2120049,왕십리역(왕십리),3393,2199,1194,26,611,684,821,799,452,11,293,424,565,582,324,15,318,260,256,217,128
2018,4,D,발달상권,2120048,금호역,352,145,207,4,73,85,72,72,46,1,25,38,32,27,22,3,48,47,40,45,24
2018,4,D,발달상권,2120047,한남오거리,3055,1754,1301,11,620,921,676,502,325,6,251,549,417,314,217,5,369,372,259,188,108
2018,4,D,발달상권,2120046,이태원(이태원역),4418,2662,1756,30,1441,1481,714,434,318,12,837,966,442,240,165,18,604,515,272,194,153
2018,4,D,발달상권,2120045,남영동 먹자골목,3688,2482,1206,18,966,1268,884,397,155,3,477,946,694,264,98,15,489,322,190,133,57
2018,4,D,발달상권,2120044,삼각지역,1461,920,541,3,145,314,343,361,295,2,67,191,234,228,198,1,78,123,109,133,97
2018,4,D,발달상권,2120043,서울역,31101,21400,9701,151,4975,11041,9764,3931,1239,23,2332,7307,7739,3049,950,128,2643,3734,2025,882,289
2018,4,D,발달상권,2120042,"숙대입구역(남영역, 남영동)",12138,6416,5722,674,4430,3571,2206,937,320,280,2069,1974,1270,600,223,394,2361,1597,936,337,97
2018,4,D,발달상권,2120041,신용산역(용산역),49852,26013,23839,307,15193,17738,11192,3941,1481,106,6021,9533,6712,2654,987,201,9172,8205,4480,1287,494
2018,4,D,발달상권,2120040,용산전자상가(용산역),12030,8881,3149,121,2029,4200,3537,1465,678,90,1358,3200,2667,1071,495,31,671,1000,870,394,183
2018,4,D,발달상권,2120039,신당역,7014,3615,3399,19,1374,2324,1637,1041,619,6,583,1186,877,607,356,13,791,1138,760,434,263
2018,4,D,발달상권,2120038,약수역,3976,1870,2106,57,1124,1015,764,541,475,26,435,504,406,236,263,31,689,511,358,305,212
2018,4,D,발달상권,2120037,동대문역사문화공원역,24674,11145,13529,121,5872,6288,5471,4916,2006,33,3089,3776,2577,1142,528,88,2783,2512,2894,3774,1478
2018,4,D,발달상권,2120036,장충동족발거리(남소영길),1765,1226,539,2,250,628,490,256,139,1,122,438,396,186,83,1,128,190,94,70,56
2018,4,D,발달상권,2120035,퇴계로5가,2130,1470,660,2,320,587,647,381,193,0,166,392,489,286,137,2,154,195,158,95,56
2018,4,D,발달상권,2120034,중구청(퇴계로4가),4446,2595,1851,14,391,944,1209,1195,693,6,139,430,693,826,501,8,252,514,516,369,192
2018,4,D,발달상권,2120033,을지로4가역,2164,1193,971,4,395,597,562,369,237,2,140,297,362,216,176,2,255,300,200,153,61
2018,4,D,발달상권,2120032,충무로역,15898,7857,8041,67,2771,3639,4266,3610,1545,26,1039,1970,2240,1605,977,41,1732,1669,2026,2005,568
2018,4,D,발달상권,2120031,을지로3가역,41878,25414,16464,244,9527,10961,9730,6898,4518,115,5489,7024,6158,3957,2671,129,4038,3937,3572,2941,1847
2018,4,D,발달상권,2120030,중부경찰서(영화인의거리),20444,11539,8905,642,6137,5341,3996,2744,1584,287,2642,3058,2752,1821,979,355,3495,2283,1244,923,605
2018,4,D,발달상권,2120029,을지로2가,16089,7922,8167,32,2036,6922,4914,1860,325,9,840,2730,2549,1553,241,23,1196,4192,2365,307,84
2018,4,D,발달상권,2120028,명동(명동거리),24789,10251,14538,189,6055,7570,6188,3375,1412,69,1949,3189,2574,1587,883,120,4106,4381,3614,1788,529
2018,4,D,발달상권,2120027,명동역(명동재미로),26564,12296,14268,68,4548,9738,7823,4023,364,25,1416,4294,3710,2608,243,43,3132,5444,4113,1415,121
2018,4,D,발달상권,2120026,을지로입구역,57532,31054,26478,170,9906,21788,16632,8031,1005,36,3393,10249,10435,6292,649,134,6513,11539,6197,1739,356
2018,4,D,발달상권,2120025,롯데백화점(시청광장 지하쇼핑센터),28031,9487,18544,202,13652,8526,3982,1481,188,64,3479,2719,2162,944,119,138,10173,5807,1820,537,69
2018,4,D,발달상권,2120024,회현역,1675,797,878,12,404,476,363,249,171,3,132,252,175,130,105,9,272,224,188,119,66
2018,4,D,발달상권,2120023,서울시청,19483,9145,10338,167,7603,5204,3509,2230,770,36,2505,2475,2032,1569,528,131,5098,2729,1477,661,242
2018,4,D,발달상권,2120022,북창동(시청역_6번),8135,4122,4013,48,1543,2399,2310,1093,742,7,640,1228,1180,594,473,41,903,1171,1130,499,269
2018,4,D,발달상권,2120021,시청역_8번,48847,32642,16205,137,8776,17674,14439,6648,1173,49,4576,10372,10913,5782,950,88,4200,7302,3526,866,223
2018,4,D,발달상권,2120020,시청역_1번,9397,6111,3286,17,1757,2655,2545,1916,507,8,740,1703,1933,1359,368,9,1017,952,612,557,139
2018,4,D,발달상권,2120019,경찰청앞교차로,9258,4736,4522,14,1772,3489,2615,1042,326,3,700,1710,1353,728,242,11,1072,1779,1262,314,84
2018,4,D,발달상권,2120018,중림동,6036,3353,2683,11,921,1550,1544,1275,735,5,316,777,975,827,453,6,605,773,569,448,282
2018,4,D,발달상권,2120017,동묘앞역(동묘),1227,420,807,6,182,323,381,196,139,2,63,103,91,66,95,4,119,220,290,130,44
2018,4,D,발달상권,2120016,동대문역,550,320,230,3,80,119,146,104,98,3,29,77,82,60,69,0,51,42,64,44,29
2018,4,D,발달상권,2120015,종로6가,1103,625,478,6,149,292,284,212,160,1,60,172,150,131,111,5,89,120,134,81,49
2018,4,D,발달상권,2120014,종로5가역,6357,3671,2686,364,1168,1563,1769,1011,482,102,443,932,1221,649,324,262,725,631,548,362,158
2018,4,D,발달상권,2120013,이화사거리,6159,4062,2097,10,1029,1896,1645,1185,394,0,390,1090,1247,1037,298,10,639,806,398,148,96
2018,4,D,발달상권,2120012,대학로(혜화역),3744,1720,2024,38,1005,962,759,556,424,11,389,462,380,243,235,27,616,500,379,313,189
2018,4,D,발달상권,2120011,종로4가,4029,2330,1699,21,752,1231,1194,622,209,8,332,742,719,379,150,13,420,489,475,243,59
2018,4,D,발달상권,2120010,원남동사거리,4295,2694,1601,33,1014,1400,1008,605,235,2,434,933,744,406,175,31,580,467,264,199,60
2018,4,D,발달상권,2120009,종로3가역,12821,6616,6205,61,2332,2998,3066,2481,1883,20,847,1489,1652,1373,1235,41,1485,1509,1414,1108,648
2018,4,D,발달상권,2120008,인사동,15017,9986,5031,77,2584,4735,3800,2751,1070,53,1108,3021,2972,2139,693,24,1476,1714,828,612,377
2018,4,D,발달상권,2120007,북촌(안국역),20692,17758,2934,42,2603,7914,5664,3794,675,16,1674,6860,5134,3534,540,26,929,1054,530,260,135
2018,4,D,발달상권,2120006,종각역,37433,23505,13928,104,6178,12593,10567,6573,1418,34,2536,7135,7513,5411,876,70,3642,5458,3054,1162,542
2018,4,D,발달상권,2120005,삼청동,1238,525,713,3,276,336,267,232,124,2,95,148,122,113,45,1,181,188,145,119,79
2018,4,D,발달상권,2120004,종로구청,22544,12462,10082,856,4487,6983,5987,3165,1066,365,1879,3607,3819,2153,639,491,2608,3376,2168,1012,427
2018,4,D,발달상권,2120003,광화문역,83290,47589,35701,1365,17560,23382,21714,13528,5741,604,7261,12645,14412,9301,3366,761,10299,10737,7302,4227,2375
2018,4,D,발달상권,2120002,서촌(경복궁역),2678,1375,1303,3,603,912,612,326,222,0,231,501,349,168,126,3,372,411,263,158,96
2018,4,D,발달상권,2120001,서대문역,29402,15862,13540,85,5497,9146,8436,5791,447,29,1662,4505,4670,4668,328,56,3835,4641,3766,1123,119
2018,4,A,골목상권,2111090,강일동주민센터,633,359,274,8,90,136,161,155,83,5,35,75,83,105,56,3,55,61,78,50,27
2018,4,A,골목상권,2111089,상일여고(상일초등학교),1159,449,710,2,65,126,224,274,468,1,28,65,120,119,116,1,37,61,104,155,352
2018,4,A,골목상권,2111088,고덕동성당,276,109,167,1,32,38,42,65,98,0,14,24,12,27,32,1,18,14,30,38,66
2018,4,A,골목상권,2111087,고덕중학교(고덕2동주민센터),128,34,94,0,12,17,25,46,28,0,4,6,7,10,7,0,8,11,18,36,21
2018,4,A,골목상권,2111086,한영중고,278,104,174,2,29,46,81,72,48,0,8,17,30,30,19,2,21,29,51,42,29
2018,4,A,골목상권,2111085,묘곡초등학교(고덕아이파크아파트),392,146,246,0,37,50,67,93,145,0,9,26,32,27,52,0,28,24,35,66,93
2018,4,A,골목상권,2111084,길동신동아아파트,55,31,24,0,14,19,7,6,9,0,6,14,3,3,5,0,8,5,4,3,4
2018,4,A,골목상권,2111083,GS강동자이아파트,393,194,199,1,41,78,85,110,78,1,23,48,39,46,37,0,18,30,46,64,41
2018,4,A,골목상권,2111082,중앙보훈병원,66,44,22,0,10,8,14,20,14,0,8,5,6,14,11,0,2,3,8,6,3
2018,4,A,골목상권,2111081,둔촌푸르지오아파트,215,136,79,0,23,48,65,49,30,0,14,36,44,24,18,0,9,12,21,25,12
2018,4,A,골목상권,2111080,굽은다리역 3번,461,233,228,0,52,80,114,102,113,0,8,51,69,49,56,0,44,29,45,53,57
2018,4,A,골목상권,2111079,둔촌고등학교(둔촌중학교),132,64,68,0,13,19,40,37,23,0,10,7,17,19,11,0,3,12,23,18,12
2018,4,A,골목상권,2111078,굽은다리역 4번,1065,534,531,2,116,240,276,253,178,0,43,126,138,119,108,2,73,114,138,134,70
2018,4,A,골목상권,2111077,길동주민센터(강동도서관),1828,1014,814,1,168,339,397,422,501,0,70,206,219,190,329,1,98,133,178,232,172
2018,4,A,골목상권,2111076,둔촌2동주민센터,500,269,231,4,38,99,104,115,140,3,20,56,60,54,76,1,18,43,44,61,64
2018,4,A,골목상권,2111075,굽은다리역 2번,431,221,210,6,60,110,117,90,48,5,38,69,59,29,21,1,22,41,58,61,27
2018,4,A,골목상권,2111074,명일역 1번,97,53,44,0,6,8,24,30,29,0,2,4,11,19,17,0,4,4,13,11,12
2018,4,A,골목상권,2111073,둔촌동역 1번(한산중학교),2027,1144,883,1,454,628,395,355,194,0,185,356,246,213,144,1,269,272,149,142,50
2018,4,A,골목상권,2111072,굽은다리역 1번(십자성마을),953,495,458,0,94,169,232,240,218,0,23,80,117,127,148,0,71,89,115,113,70
2018,4,A,골목상권,2111071,천동초등학교,54,37,17,0,1,16,17,14,6,0,1,10,10,12,4,0,0,6,7,2,2
2018,4,A,골목상권,2111070,천호초등학교,102,39,63,0,5,16,23,30,28,0,3,10,11,7,8,0,2,6,12,23,20
2018,4,A,골목상권,2111069,천호1동주민센터,207,111,96,2,28,36,36,63,42,2,17,19,17,35,21,0,11,17,19,28,21
2018,4,A,골목상권,2111068,강동성심병원,1208,364,844,0,484,358,216,109,41,0,107,115,75,40,27,0,377,243,141,69,14
2018,4,A,골목상권,2111067,강동구립성내도서관,686,416,270,1,80,178,169,152,106,1,43,114,105,80,73,0,37,64,64,72,33
2018,4,A,골목상권,2111066,암사동성당(효정하나플러스아파트),404,194,210,2,30,111,108,88,65,2,7,66,60,42,17,0,23,45,48,46,48
2018,4,A,골목상권,2111065,천일초등학교,17,10,7,0,1,5,3,4,4,0,0,4,1,2,3,0,1,1,2,2,1
2018,4,A,골목상권,2111064,둔촌동역 4번,183,94,89,0,18,38,57,47,23,0,6,22,34,23,9,0,12,16,23,24,14
2018,4,A,골목상권,2111063,강동구립 천호도서관,202,53,149,0,26,37,42,55,42,0,2,8,15,10,18,0,24,29,27,45,24
2018,4,A,골목상권,2111062,둔촌동역 3번(성내3동주민센터),697,407,290,0,108,204,174,144,67,0,51,128,93,84,51,0,57,76,81,60,16
2018,4,A,골목상권,2111061,암사역 1번,491,237,254,0,52,113,140,122,64,0,27,61,57,53,39,0,25,52,83,69,25
2018,4,A,골목상권,2111060,암사역 2번(서울강동초등학교),1168,600,568,2,164,290,317,264,131,2,65,141,178,131,83,0,99,149,139,133,48
2018,4,A,골목상권,2111059,강동역 4번(강풀만화거리),1572,891,681,1,179,323,357,386,326,0,75,180,193,217,226,1,104,143,164,169,100
2018,4,A,골목상권,2111058,성내중학교,296,179,117,0,34,88,90,52,32,0,14,49,60,32,24,0,20,39,30,20,8
2018,4,A,골목상권,2111057,천호공원(해공체육문화센터),432,170,262,2,65,82,119,110,54,0,11,28,46,54,31,2,54,54,73,56,23
2018,4,A,골목상권,2111056,천호태영아파트,348,161,187,2,49,66,90,76,65,0,13,33,40,36,39,2,36,33,50,40,26
2018,4,A,골목상권,2111055,선사초등학교,969,326,643,2,30,55,187,436,259,1,12,25,47,82,159,1,18,30,140,354,100
2018,4,A,골목상권,2111054,암사역 4번(삼성광나루아파트),96,44,52,0,16,25,28,15,12,0,5,13,13,8,5,0,11,12,15,7,7
2018,4,A,골목상권,2111053,성내천어린이공원(하니사랑길),1752,917,835,5,290,560,476,283,138,1,111,263,263,169,110,4,179,297,213,114,28
2018,4,A,골목상권,2111052,암사역 3번(천호동자전거거리),607,316,291,3,81,126,173,150,74,0,38,77,93,65,43,3,43,49,80,85,31
2018,4,A,골목상권,2111051,천호역 6번,794,447,347,9,169,197,179,150,90,5,70,117,113,80,62,4,99,80,66,70,28
2018,4,A,골목상권,2111050,강동구청(강동구청역 2번),88,49,39,0,17,26,21,17,7,0,9,13,9,13,5,0,8,13,12,4,2
2018,4,A,골목상권,2111049,천호지구대(천호동자전거거리),754,512,242,0,52,118,138,153,293,0,33,76,86,104,213,0,19,42,52,49,80
2018,4,A,골목상권,2111048,천호역 1번(천호문구완구거리),207,129,78,1,27,63,49,40,27,0,13,39,35,24,18,1,14,24,14,16,9
2018,4,A,골목상권,2111047,마천1치안센터,149,83,66,0,11,27,39,44,28,0,7,17,26,20,13,0,4,10,13,24,15
2018,4,A,골목상권,2111046,마천역(마천초등학교),832,436,396,2,67,120,223,240,180,0,20,53,91,135,137,2,47,67,132,105,43
2018,4,A,골목상권,2111045,개미어린이공원,51,20,31,0,1,8,12,18,12,0,0,3,4,9,4,0,1,5,8,9,8
2018,4,A,골목상권,2111044,남천초등학교,628,276,352,2,56,143,182,175,70,0,22,73,76,73,32,2,34,70,106,102,38
2018,4,A,골목상권,2111043,마천공원,531,418,113,4,20,21,88,196,202,4,14,10,65,159,166,0,6,11,23,37,36
2018,4,A,골목상권,2111042,거여역 1번(거여공원),800,438,362,3,72,135,219,241,130,3,36,78,114,134,73,0,36,57,105,107,57
2018,4,A,골목상권,2111041,거여역 8번,139,76,63,0,3,14,28,34,60,0,2,9,17,15,33,0,1,5,11,19,27
2018,4,A,골목상권,2111040,거여초등학교,196,119,77,0,25,59,48,43,21,0,12,42,28,23,14,0,13,17,20,20,7
2018,4,A,골목상권,2111039,벌말어린이공원,400,249,151,0,34,75,109,114,68,0,21,49,69,68,42,0,13,26,40,46,26
2018,4,A,골목상권,2111038,보인중학교,667,381,286,1,64,112,181,220,89,0,22,66,99,140,54,1,42,46,82,80,35
2018,4,A,골목상권,2111037,Sh수협은행 오금동금융센터(아랫말어린이공원),344,219,125,0,42,106,75,86,35,0,24,86,49,43,17,0,18,20,26,43,18
2018,4,A,골목상권,2111036,투구봉어린이공원,179,120,59,0,17,31,41,60,30,0,8,18,30,38,26,0,9,13,11,22,4
2018,4,A,골목상권,2111035,오금공원(오주중학교),502,279,223,1,38,75,127,152,109,0,20,44,78,85,52,1,18,31,49,67,57
2018,4,A,골목상권,2111034,오동나무공원(송파레미니스1단지),1723,1133,590,5,220,351,444,490,213,0,103,228,322,332,148,5,117,123,122,158,65
2018,4,A,골목상권,2111033,문정동성당,207,99,108,0,13,36,47,56,55,0,6,22,17,29,25,0,7,14,30,27,30
2018,4,A,골목상권,2111032,방이역 1번,5238,3148,2090,5,222,478,563,688,3282,2,110,324,371,339,2002,3,112,154,192,349,1280
2018,4,A,골목상권,2111031,장지동주민센터(한림연예예술고교),2986,1972,1014,8,230,374,588,753,1033,2,153,273,410,500,634,6,77,101,178,253,399
2018,4,A,골목상권,2111030,방이역 2번,2564,1892,672,2,98,165,166,252,1881,2,49,119,106,129,1487,0,49,46,60,123,394
2018,4,A,골목상권,2111029,오금역 4번,527,293,234,8,117,113,140,87,62,4,65,58,74,47,45,4,52,55,66,40,17
2018,4,A,골목상권,2111028,문현중학교(장지역 1번),659,349,310,0,72,125,188,175,99,0,31,72,96,85,65,0,41,53,92,90,34
2018,4,A,골목상권,2111027,문정초등학교,1245,628,617,4,153,248,289,241,310,3,53,138,166,104,164,1,100,110,123,137,146
2018,4,A,골목상권,2111026,문정역 2번,1293,820,473,1,136,340,326,291,199,0,69,218,199,183,151,1,67,122,127,108,48
2018,4,A,골목상권,2111025,경찰병원역 3번,172,97,75,0,24,32,40,47,29,0,10,17,23,25,22,0,14,15,17,22,7
2018,4,A,골목상권,2111024,경찰병원역 4번(건너말공원),224,144,80,0,33,61,51,57,22,0,18,36,34,42,14,0,15,25,17,15,8
2018,4,A,골목상권,2111023,문정역 1번,1035,704,331,4,162,220,305,228,116,4,92,165,211,146,86,0,70,55,94,82,30
2018,4,A,골목상권,2111022,석촌중학교(방이육교),331,159,172,0,43,52,79,114,43,0,25,38,44,29,23,0,18,14,35,85,20
2018,4,A,골목상권,2111021,방이역 4번,4727,3103,1624,30,657,1020,956,826,1238,8,265,618,617,553,1042,22,392,402,339,273,196
2018,4,A,골목상권,2111020,방이동고분군(방산고등학교),587,407,180,0,39,81,122,129,216,0,27,51,87,81,161,0,12,30,35,48,55
2018,4,A,골목상권,2111019,한성백제역 3번,954,569,385,3,131,232,234,230,124,2,56,135,143,147,86,1,75,97,91,83,38
2018,4,A,골목상권,2111018,풍납초등학교(풍납백제문화공원),93,57,36,1,9,22,29,20,12,1,4,14,18,10,10,0,5,8,11,10,2
2018,4,A,골목상권,2111017,송파나루역 3번,272,161,111,1,26,51,70,54,70,0,10,25,36,36,54,1,16,26,34,18,16
2018,4,A,골목상권,2111016,송파역 2번,3850,1592,2258,12,1125,1106,815,624,168,7,332,542,472,168,71,5,793,564,343,456,97
2018,4,A,골목상권,2111015,석촌역 3번,1373,747,626,5,164,294,307,294,309,3,73,171,188,140,172,2,91,123,119,154,137
2018,4,A,골목상권,2111014,송파나루역 2번,339,192,147,1,60,82,97,68,31,1,24,46,68,32,21,0,36,36,29,36,10
2018,4,A,골목상권,2111013,송파나루역 1번(송리단길),1965,1303,662,9,396,455,465,373,267,7,237,318,319,231,191,2,159,137,146,142,76
2018,4,A,골목상권,2111012,석촌역 6번,607,297,310,1,101,123,130,137,115,1,32,67,63,66,68,0,69,56,67,71,47
2018,4,A,골목상권,2111011,잠실나루역,568,197,371,1,77,123,160,125,82,0,19,42,38,43,55,1,58,81,122,82,27
2018,4,A,골목상권,2111010,석촌역 7번,1918,810,1108,20,497,383,420,389,209,4,131,173,204,155,143,16,366,210,216,234,66
2018,4,A,골목상권,2111009,송파책박물관,174,129,45,2,18,39,65,36,14,2,13,31,46,25,12,0,5,8,19,11,2
2018,4,A,골목상권,2111008,석촌고분역 3번,743,399,344,2,68,136,198,204,135,2,36,80,122,90,69,0,32,56,76,114,66
2018,4,A,골목상권,2111007,석촌고분역 4번,825,403,422,2,105,201,206,221,90,0,33,110,127,89,44,2,72,91,79,132,46
2018,4,A,골목상권,2111006,석촌고분역 1번,968,526,442,2,117,240,296,193,120,1,34,118,184,101,88,1,83,122,112,92,32
2018,4,A,골목상권,2111005,삼전역 3번,1313,893,420,3,180,228,235,298,369,2,93,172,138,192,296,1,87,56,97,106,73
2018,4,A,골목상권,2111004,삼전역 1번,2927,1634,1293,47,420,726,601,515,618,37,164,410,365,277,381,10,256,316,236,238,237
2018,4,A,골목상권,2111003,삼전역 4번,2097,1296,801,20,275,516,574,447,265,13,130,326,376,272,179,7,145,190,198,175,86
2018,4,A,골목상권,2111002,한국교통안전공단 강남자동차검사소,565,308,257,0,31,133,169,136,96,0,15,75,89,69,60,0,16,58,80,67,36
2018,4,A,골목상권,2111001,아래방죽마을공원(율현초등학교),90,45,45,0,4,18,28,23,17,0,2,9,12,12,10,0,2,9,16,11,7
2018,4,A,골목상권,2111000,대왕초등학교(세곡동사거리서남측),52,27,25,0,3,14,19,13,3,0,2,7,10,7,1,0,1,7,9,6,2
2018,4,A,골목상권,2110999,윗방죽마을공원,390,192,198,1,41,90,100,92,66,1,13,38,60,44,36,0,28,52,40,48,30
2018,4,A,골목상권,2110998,은곡마을(은곡마을공원),798,488,310,1,153,203,146,143,152,0,66,104,80,103,135,1,87,99,66,40,17
2018,4,A,골목상권,2110997,대청초등학교,2145,1022,1123,4,186,334,565,623,433,2,92,202,253,236,237,2,94,132,312,387,196
2018,4,A,골목상권,2110996,대치2동주민센터,1208,939,269,6,152,316,373,262,99,4,81,250,316,213,75,2,71,66,57,49,24
2018,4,A,골목상권,2110995,봉은사역 4번,3236,1812,1424,11,367,737,793,911,417,6,152,434,480,473,267,5,215,303,313,438,150
2018,4,A,골목상권,2110994,개포고등학교,436,229,207,8,70,75,86,116,81,6,36,41,55,49,42,2,34,34,31,67,39
2018,4,A,골목상권,2110993,개포지하차도 북측,76,64,12,0,7,19,19,20,11,0,6,16,17,18,7,0,1,3,2,2,4
2018,4,A,골목상권,2110992,도곡초등학교,533,217,316,1,94,109,174,117,38,1,31,48,66,46,25,0,63,61,108,71,13
2018,4,A,골목상권,2110991,삼성중앙역 5번,994,595,399,1,167,443,223,114,46,0,47,277,153,85,33,1,120,166,70,29,13
2018,4,A,골목상권,2110990,청담역 12번,336,99,237,0,87,115,68,46,20,0,18,36,27,13,5,0,69,79,41,33,15
2018,4,A,골목상권,2110989,대치동아우편취급국,460,288,172,2,47,135,126,87,63,2,23,98,80,43,42,0,24,37,46,44,21
2018,4,A,골목상권,2110988,청담역 3번,347,154,193,4,82,121,64,42,34,1,29,59,32,20,13,3,53,62,32,22,21
2018,4,A,골목상권,2110987,영동대교남단,210,104,106,1,52,78,42,19,18,0,19,40,21,10,14,1,33,38,21,9,4
2018,4,A,골목상권,2110986,삼성중앙역 7번,65,36,29,1,9,18,25,8,4,0,6,12,11,5,2,1,3,6,14,3,2
2018,4,A,골목상권,2110985,청담근린공원,526,240,286,3,150,159,123,51,40,2,44,70,78,22,24,1,106,89,45,29,16
2018,4,A,골목상권,2110984,포이초등학교(개포목련어린이공원),2796,1748,1048,9,359,624,694,615,495,7,222,459,418,335,307,2,137,165,276,280,188
2018,4,A,골목상권,2110983,국립국악고등학교,754,510,244,0,86,166,166,188,148,0,37,113,116,121,123,0,49,53,50,67,25
2018,4,A,골목상권,2110982,강남구보훈회관,177,87,90,0,32,57,50,21,17,0,9,35,27,10,6,0,23,22,23,11,11
2018,4,A,골목상권,2110981,국악고교사거리,1387,840,547,4,169,258,346,299,311,1,77,164,214,166,218,3,92,94,132,133,93
2018,4,A,골목상권,2110980,개포지구대옆,613,361,252,2,95,147,160,125,84,0,31,78,104,82,66,2,64,69,56,43,18
2018,4,A,골목상권,2110979,청담초등학교,305,107,198,4,128,77,45,35,16,0,21,33,23,15,15,4,107,44,22,20,1
2018,4,A,골목상권,2110978,도곡2동주민센터(대치중학교),348,208,140,1,32,63,85,128,39,1,16,43,53,68,27,0,16,20,32,60,12
2018,4,A,골목상권,2110977,논현로18길,156,99,57,0,5,34,45,49,23,0,0,18,32,34,15,0,5,16,13,15,8
2018,4,A,골목상권,2110976,언북초등학교,327,133,194,4,91,104,67,36,25,0,27,53,29,13,11,4,64,51,38,23,14
2018,4,A,골목상권,2110975,매봉역 1번,466,271,195,3,79,136,122,89,37,1,46,86,69,47,22,2,33,50,53,42,15
2018,4,A,골목상권,2110974,언주중학교,222,126,96,0,61,70,55,25,11,0,22,47,36,14,7,0,39,23,19,11,4
2018,4,A,골목상권,2110973,강남구청역 4번,995,564,431,0,240,289,182,157,127,0,84,150,110,116,104,0,156,139,72,41,23
2018,4,A,골목상권,2110972,강남세브란스병원미래의학연구센터,254,122,132,3,45,69,55,52,30,3,15,27,32,25,20,0,30,42,23,27,10
2018,4,A,골목상권,2110971,선정릉역 4번,940,562,378,8,243,331,194,92,72,6,104,209,131,65,47,2,139,122,63,27,25
2018,4,A,골목상권,2110970,학동초등학교,1151,553,598,0,441,426,190,53,41,0,142,234,123,34,20,0,299,192,67,19,21
2018,4,A,골목상권,2110969,베르사이유1아파트,1181,618,563,3,326,416,211,124,101,0,117,243,128,73,57,3,209,173,83,51,44
2018,4,A,골목상권,2110968,강남구청역 2번,955,443,512,1,244,248,208,121,133,0,95,135,88,52,73,1,149,113,120,69,60
2018,4,A,골목상권,2110967,역삼역 8번,542,294,248,0,123,156,132,75,56,0,39,94,75,47,39,0,84,62,57,28,17
2018,4,A,골목상권,2110966,논현2동주민센터,1453,711,742,9,354,435,364,173,118,0,125,203,211,101,71,9,229,232,153,72,47
2018,4,A,골목상권,2110965,언주역 6번,495,265,230,0,109,152,103,81,50,0,39,90,64,40,32,0,70,62,39,41,18
2018,4,A,골목상권,2110964,싸리고개근린공원,150,80,70,0,26,49,30,27,18,0,9,27,16,14,14,0,17,22,14,13,4
2018,4,A,골목상권,2110963,역삼월드메르디앙아파트,261,180,81,1,29,63,86,44,38,0,15,43,61,33,28,1,14,20,25,11,10
2018,4,A,골목상권,2110962,도산공원북측,318,160,158,2,134,93,38,29,22,1,59,50,23,16,11,1,75,43,15,13,11
2018,4,A,골목상권,2110961,언주역 3번,1681,631,1050,5,561,575,312,124,104,1,108,184,177,86,75,4,453,391,135,38,29
2018,4,A,골목상권,2110960,은광여고,317,173,144,1,104,96,55,37,24,0,46,52,31,28,16,1,58,44,24,9,8
2018,4,A,골목상권,2110959,신구중학교,731,424,307,6,208,262,121,89,45,1,107,181,80,34,21,5,101,81,41,55,24
2018,4,A,골목상권,2110958,역삼역 4번,1082,516,566,5,256,331,249,151,90,3,84,186,153,54,36,2,172,145,96,97,54
2018,4,A,골목상권,2110957,언북중학교,2558,1088,1470,5,582,742,716,364,149,2,198,374,297,118,99,3,384,368,419,246,50
2018,4,A,골목상권,2110956,언주역 8번,1042,700,342,5,351,330,208,83,65,2,190,240,164,63,41,3,161,90,44,20,24
2018,4,A,골목상권,2110955,논현초등학교,1003,545,458,3,223,285,263,127,102,0,79,157,180,73,56,3,144,128,83,54,46
2018,4,A,골목상권,2110954,국기원,410,236,174,2,145,131,84,36,12,0,68,84,56,22,6,2,77,47,28,14,6
2018,4,A,골목상권,2110953,학동근린공원,1800,829,971,4,587,684,369,99,57,1,182,347,214,53,32,3,405,337,155,46,25
2018,4,A,골목상권,2110952,논현목련공원,146,63,83,0,36,46,29,25,10,0,10,23,10,13,7,0,26,23,19,12,3
2018,4,A,골목상권,2110951,신사은행나무공원,276,150,126,1,87,110,36,29,13,1,35,69,22,15,8,0,52,41,14,14,5
2018,4,A,골목상권,2110950,논현역 7번,344,203,141,0,76,128,85,36,19,0,26,78,60,23,16,0,50,50,25,13,3
2018,4,A,골목상권,2110949,한남IC,1251,631,620,9,352,431,280,115,64,1,101,241,171,68,49,8,251,190,109,47,15
2018,4,A,골목상권,2110948,헌인가구단지,23,16,7,0,1,1,9,8,4,0,1,1,6,4,4,0,0,0,3,4,0
2018,4,A,골목상권,2110947,청계산입구역 2번(내곡동주민센터),118,66,52,0,27,16,21,35,19,0,15,10,12,16,13,0,12,6,9,19,6
2018,4,A,골목상권,2110946,청계산원터골,116,68,48,1,13,30,29,23,20,1,6,19,17,12,13,0,7,11,12,11,7
2018,4,A,골목상권,2110945,본마을노인복지센터(서초구립내곡도서관),84,44,40,0,13,24,22,16,9,0,9,11,10,9,5,0,4,13,12,7,4
2018,4,A,골목상권,2110944,서울나래학교(염곡어린이공원),228,141,87,3,36,63,53,52,21,2,14,42,33,36,14,1,22,21,20,16,7
2018,4,A,골목상권,2110943,법제교육센터(버들어린이공원),1291,731,560,4,184,432,372,188,111,0,83,201,238,134,75,4,101,231,134,54,36
2018,4,A,골목상권,2110942,염곡동 구룡사(포이동성당),2475,1372,1103,3,343,593,694,493,349,1,140,363,381,277,210,2,203,230,313,216,139
2018,4,A,골목상권,2110941,언남고등학교,443,276,167,1,66,112,113,104,47,0,37,74,70,63,32,1,29,38,43,41,15
2018,4,A,골목상권,2110940,양재근린공원(양재2동주민센터),1048,649,399,6,209,301,282,168,82,3,87,191,191,111,66,3,122,110,91,57,16
2018,4,A,골목상권,2110939,양재역 8번(양재동우체국),7662,4747,2915,23,1192,2068,1697,1407,1275,12,588,1333,1149,876,789,11,604,735,548,531,486
2018,4,A,골목상권,2110938,바우뫼공원,1607,1069,538,6,349,504,434,199,115,4,167,359,330,126,83,2,182,145,104,73,32
2018,4,A,골목상권,2110937,방아다리근린공원(횃불트리니티신학대학원대학교),349,253,96,0,68,100,89,59,33,0,43,75,66,45,24,0,25,25,23,14,9
2018,4,A,골목상권,2110936,더케이호텔(양재리본타워2단지아파트),1447,972,475,0,273,493,340,204,137,0,136,298,263,153,122,0,137,195,77,51,15
2018,4,A,골목상권,2110935,한전아트센터,588,443,145,4,107,167,170,88,52,3,54,124,142,75,45,1,53,43,28,13,7
2018,4,A,골목상권,2110934,우면주공아파트,812,538,274,5,129,207,198,144,129,1,67,144,137,91,98,4,62,63,61,53,31
2018,4,A,골목상권,2110933,한국상담대학원대학교,371,275,96,0,29,118,125,73,26,0,12,94,104,47,18,0,17,24,21,26,8
2018,4,A,골목상권,2110932,서울시인재개발원,939,712,227,4,178,339,244,108,66,2,118,262,190,84,56,2,60,77,54,24,10
2018,4,A,골목상권,2110931,삼성전자서울R&D(서울우면초등학교),94,23,71,0,32,18,16,20,8,0,5,3,6,5,4,0,27,15,10,15,4
2018,4,A,골목상권,2110930,서초동성당,918,382,536,4,118,253,286,166,91,0,38,102,110,77,55,4,80,151,176,89,36
2018,4,A,골목상권,2110929,남부터미널역 1번,2924,1835,1089,2,554,896,730,378,364,1,251,527,529,268,259,1,303,369,201,110,105
2018,4,A,골목상권,2110928,서초우방유쉘아파트,349,183,166,0,93,143,64,30,19,0,36,67,42,24,14,0,57,76,22,6,5
2018,4,A,골목상권,2110927,잠원역,138,51,87,0,30,36,34,21,17,0,2,10,15,14,10,0,28,26,19,7,7
2018,4,A,골목상권,2110926,신중초등학교,404,238,166,0,77,83,111,73,60,0,28,48,69,46,47,0,49,35,42,27,13
2018,4,A,골목상권,2110925,서초중학교,371,226,145,3,60,102,86,60,60,2,30,55,58,39,42,1,30,47,28,21,18
2018,4,A,골목상권,2110924,반포4동주민센터(몽마르뜨공원),354,162,192,2,84,87,63,66,52,0,35,48,23,31,25,2,49,39,40,35,27
2018,4,A,골목상권,2110923,방배역 1번,89,55,34,0,10,15,26,28,10,0,4,9,16,18,8,0,6,6,10,10,2
2018,4,A,골목상권,2110922,내방역 1번,603,130,473,0,52,120,194,162,75,0,10,22,20,33,45,0,42,98,174,129,30
2018,4,A,골목상권,2110921,서울프랑스학교,141,70,71,0,27,31,39,23,21,0,17,15,21,7,10,0,10,16,18,16,11
2018,4,A,골목상권,2110920,방배역 2번(백석예술대학교),490,245,245,0,85,82,153,122,48,0,24,44,80,65,32,0,61,38,73,57,16
2018,4,A,골목상권,2110919,내방역 8번,679,417,262,0,88,198,206,140,47,0,32,137,136,79,33,0,56,61,70,61,14
2018,4,A,골목상권,2110918,방배역 3번,720,382,338,1,143,192,214,117,53,0,58,99,114,70,41,1,85,93,100,47,12
2018,4,A,골목상권,2110917,서초소방서,1324,989,335,0,174,445,399,242,64,0,100,348,316,183,42,0,74,97,83,59,22
2018,4,A,골목상권,2110916,내방역 4번,1105,606,499,6,339,266,276,136,82,4,92,181,181,88,60,2,247,85,95,48,22
2018,4,A,골목상권,2110915,서래초등학교,175,98,77,0,50,50,38,21,16,0,28,31,18,11,10,0,22,19,20,10,6
2018,4,A,골목상권,2110914,내방역 6번,133,89,44,0,31,55,24,16,7,0,17,39,17,11,5,0,14,16,7,5,2
2018,4,A,골목상권,2110913,방현초등학교(방배119안전센터),3294,1823,1471,26,815,990,696,429,338,8,259,539,458,315,244,18,556,451,238,114,94
2018,4,A,골목상권,2110912,방배동사이길,1323,1029,294,2,173,581,346,150,71,0,77,490,291,122,49,2,96,91,55,28,22
2018,4,A,골목상권,2110911,방배배수지체육공원,323,233,90,0,50,49,52,67,105,0,18,17,35,62,101,0,32,32,17,5,4
2018,4,A,골목상권,2110910,내방역 5번,403,224,179,2,82,101,117,59,42,2,17,60,87,36,22,0,65,41,30,23,20
2018,4,A,골목상권,2110909,남태령역(서울전자고등학교),182,133,49,0,26,47,46,34,29,0,12,35,36,28,22,0,14,12,10,6,7
2018,4,A,골목상권,2110908,구반포역,639,417,222,0,82,99,154,158,146,0,45,61,97,118,96,0,37,38,57,40,50
2018,4,A,골목상권,2110907,방배초등학교,1130,645,485,6,260,253,236,181,194,4,102,143,149,112,135,2,158,110,87,69,59
2018,4,A,골목상권,2110906,서문여고,380,214,166,1,54,80,104,74,67,1,19,45,64,42,43,0,35,35,40,32,24
2018,4,A,골목상권,2110905,방배노인종합복지관(이수중학교),306,155,151,1,43,76,68,76,42,0,17,43,40,38,17,1,26,33,28,38,25
2018,4,A,골목상권,2110904,이수역 5번,871,585,286,1,158,249,235,126,102,1,89,165,171,83,76,0,69,84,64,43,26
2018,4,A,골목상권,2110903,방배아이파크아파트,594,374,220,3,101,119,167,128,76,2,52,76,113,76,55,1,49,43,54,52,21
2018,4,A,골목상권,2110902,사당역 4번,1764,861,903,0,353,389,374,402,246,0,107,195,204,184,171,0,246,194,170,218,75
2018,4,A,골목상권,2110901,인헌고등학교(인헌중학교),152,65,87,1,29,45,42,20,15,0,7,24,17,10,7,1,22,21,25,10,8
2018,4,A,골목상권,2110900,낙성대역 1번(관악구민 종합체육센터),208,98,110,0,25,41,61,53,28,0,9,22,27,24,16,0,16,19,34,29,12
2018,4,A,골목상권,2110899,낙성대역 5번(관악중학교),140,62,78,0,19,26,39,42,14,0,5,15,20,15,7,0,14,11,19,27,7
2018,4,A,골목상권,2110898,청림동주민센터(상도중학교),89,25,64,0,21,25,25,13,5,0,5,5,9,5,1,0,16,20,16,8,4
2018,4,A,골목상권,2110897,서울대입구역 8번,237,99,138,0,34,55,60,55,33,0,12,23,23,23,18,0,22,32,37,32,15
2018,4,A,골목상권,2110896,관악우성아파트,307,86,221,0,51,55,68,72,61,0,10,14,24,20,18,0,41,41,44,52,43
2018,4,A,골목상권,2110895,샤로수길,1415,768,647,5,309,274,302,338,187,1,164,173,180,147,103,4,145,101,122,191,84
2018,4,A,골목상권,2110894,관악동부센트레빌아파트(은천로35라길),11,6,5,0,1,1,3,5,1,0,1,0,1,3,1,0,0,1,2,2,0
2018,4,A,골목상권,2110893,관악소방서(문영여고),493,390,103,1,42,134,106,138,72,0,27,109,88,112,54,1,15,25,18,26,18
2018,4,A,골목상권,2110892,관악구 중앙길,771,327,444,5,127,162,166,186,125,2,28,58,85,94,60,3,99,104,81,92,65
2018,4,A,골목상권,2110891,구암초등학교,88,40,48,1,10,10,33,29,5,1,5,4,13,14,3,0,5,6,20,15,2
2018,4,A,골목상권,2110890,봉천역 1번(관악초등학교),310,195,115,1,37,63,100,68,41,0,15,39,62,46,33,1,22,24,38,22,8
2018,4,A,골목상권,2110889,봉천역 6번,57,33,24,0,9,9,16,16,7,0,6,6,10,7,4,0,3,3,6,9,3
2018,4,A,골목상권,2110888,청룡동주민센터,196,99,97,1,23,28,31,48,65,0,14,8,12,21,44,1,9,20,19,27,21
2018,4,A,골목상권,2110887,서울산업정보학교(서울삼성초등학교),140,54,86,0,30,22,32,39,17,0,6,8,6,21,13,0,24,14,26,18,4
2018,4,A,골목상권,2110886,관악해태어린이공원,232,157,75,0,26,73,51,50,32,0,18,54,35,31,19,0,8,19,16,19,13
2018,4,A,골목상권,2110885,영락고등학교,192,99,93,0,22,31,54,52,33,0,12,19,25,26,17,0,10,12,29,26,16
2018,4,A,골목상권,2110884,봉천역 4번(봉천110안전센터),493,371,122,0,40,57,93,139,164,0,12,28,66,116,149,0,28,29,27,23,15
2018,4,A,골목상권,2110883,은천초등학교(은천교앞),342,194,148,1,53,84,96,73,35,1,33,52,53,39,16,0,20,32,43,34,19
2018,4,A,골목상권,2110882,신성초등학교,806,518,288,2,60,97,192,220,235,1,26,44,98,155,194,1,34,53,94,65,41
2018,4,A,골목상권,2110881,구립대학경로당(관악산샘말공원),491,254,237,2,54,94,140,118,83,1,25,52,73,57,46,1,29,42,67,61,37
2018,4,A,골목상권,2110880,신림역 1번,812,211,601,2,302,244,131,102,31,1,53,67,49,29,12,1,249,177,82,73,19
2018,4,A,골목상권,2110879,신림현대아파트,269,99,170,0,26,33,62,84,64,0,12,21,27,20,19,0,14,12,35,64,45
2018,4,A,골목상권,2110878,미림여고,52,25,27,0,10,12,11,10,9,0,3,6,5,4,7,0,7,6,6,6,2
2018,4,A,골목상권,2110877,신림역 8번,523,282,241,3,89,122,126,119,64,1,54,73,54,61,39,2,35,49,72,58,25
2018,4,A,골목상권,2110876,서원동주민센터(신관중학교),89,40,49,0,14,19,16,25,15,0,5,9,4,14,8,0,9,10,12,11,7
2018,4,A,골목상권,2110875,보라매동주민센터(당곡고등학교),64,28,36,0,12,12,19,17,4,0,4,2,9,11,2,0,8,10,10,6,2
2018,4,A,골목상권,2110874,원신초등학교(구세군관악영문교회),176,55,121,1,21,37,32,45,40,0,2,9,13,14,17,1,19,28,19,31,23
2018,4,A,골목상권,2110873,당곡중학교,592,295,297,0,48,107,120,137,180,0,17,46,50,67,115,0,31,61,70,70,65
2018,4,A,골목상권,2110872,신림초등학교,76,29,47,0,14,10,16,16,20,0,7,4,11,4,3,0,7,6,5,12,17
2018,4,A,골목상권,2110871,신원동주민센터,119,56,63,0,14,38,33,18,16,0,5,20,14,6,11,0,9,18,19,12,5
2018,4,A,골목상권,2110869,"신림역 5번(신림동주민센터, 신림동별빛거리)",337,176,161,3,66,85,73,60,50,3,29,51,39,25,29,0,37,34,34,35,21
2018,4,A,골목상권,2110868,남부초등학교,208,113,95,0,29,37,54,51,37,0,17,27,32,25,12,0,12,10,22,26,25
2018,4,A,골목상권,2110867,국제신학대학원대학교(남서울중학교),343,161,182,0,26,51,66,98,102,0,8,17,29,46,61,0,18,34,37,52,41
2018,4,A,골목상권,2110866,난우중학교,129,50,79,0,6,26,37,38,22,0,3,10,13,14,10,0,3,16,24,24,12
2018,4,A,골목상권,2110865,남강고등학교(남강중학교),493,184,309,6,107,112,123,90,55,2,23,45,50,35,29,4,84,67,73,55,26
2018,4,A,골목상권,2110864,신림우방아파트,194,133,61,0,14,36,52,54,38,0,5,23,37,36,32,0,9,13,15,18,6
2018,4,A,골목상권,2110863,난우초등학교,389,184,205,2,43,71,92,100,81,1,18,37,47,45,36,1,25,34,45,55,45
2018,4,A,골목상권,2110862,난곡초등학교(난곡동벽화마을),166,57,109,0,24,29,36,43,34,0,8,10,17,14,8,0,16,19,19,29,26
2018,4,A,골목상권,2110861,관악구신사동주민센터,1050,453,597,0,159,227,251,259,154,0,49,105,122,106,71,0,110,122,129,153,83
2018,4,A,골목상권,2110860,호림박물관(성보고등학교),796,470,326,5,57,106,173,227,228,0,23,60,85,133,169,5,34,46,88,94,59
2018,4,A,골목상권,2110859,난향초등학교,237,143,94,0,9,17,53,76,82,0,4,10,36,39,54,0,5,7,17,37,28
2018,4,A,골목상권,2110858,신대방역 1번,84,27,57,0,20,21,16,15,12,0,4,4,7,5,7,0,16,17,9,10,5
2018,4,A,골목상권,2110857,미성동주민센터,369,159,210,1,24,46,102,89,107,0,8,24,49,34,44,1,16,22,53,55,63
2018,4,A,골목상권,2110856,미성초등학교,586,275,311,0,85,96,136,154,115,0,28,58,62,69,58,0,57,38,74,85,57
2018,4,A,골목상권,2110855,신대방역 2번,985,532,453,0,112,221,238,234,180,0,38,149,117,128,100,0,74,72,121,106,80
2018,4,A,골목상권,2110854,조원동주민센터,140,83,57,0,17,24,36,48,15,0,10,17,24,22,10,0,7,7,12,26,5
2018,4,A,골목상권,2110853,KT구로지사,143,74,69,0,17,29,43,41,13,0,5,18,29,17,5,0,12,11,14,24,8
2018,4,A,골목상권,2110852,이수역 9번,256,146,110,1,29,65,70,42,49,1,15,33,40,19,38,0,14,32,30,23,11
2018,4,A,골목상권,2110851,경문고등학교(동작동성당),170,50,120,0,20,37,52,48,13,0,5,10,14,13,8,0,15,27,38,35,5
2018,4,A,골목상권,2110850,사당역 10번,973,510,463,0,143,197,284,196,153,0,72,116,161,87,74,0,71,81,123,109,79
2018,4,A,골목상권,2110849,이수역 10번,425,279,146,4,25,74,128,109,85,1,13,46,83,78,58,3,12,28,45,31,27
2018,4,A,골목상권,2110848,양지어린이공원,561,358,203,0,60,121,177,125,78,0,15,69,114,97,63,0,45,52,63,28,15
2018,4,A,골목상권,2110847,예술인마을,597,427,170,0,143,157,150,104,43,0,86,105,119,87,30,0,57,52,31,17,13
2018,4,A,골목상권,2110846,남성역 1번,591,327,264,1,52,120,148,138,132,0,17,50,77,72,111,1,35,70,71,66,21
2018,4,A,골목상권,2110845,사당종합체육관,35,22,13,0,4,3,11,7,10,0,3,1,9,1,8,0,1,2,2,6,2
2018,4,A,골목상권,2110844,흑석2치안센터,23,19,4,0,6,4,7,4,2,0,5,4,6,2,2,0,1,0,1,2,0
2018,4,A,골목상권,2110843,사당5동주민센터,287,197,90,2,56,63,63,59,44,2,33,36,42,46,38,0,23,27,21,13,6
2018,4,A,골목상권,2110842,흑리단길,96,49,47,0,11,15,25,27,18,0,5,10,13,10,11,0,6,5,12,17,7
2018,4,A,골목상권,2110841,중대부중,46,25,21,0,3,12,10,13,8,0,1,5,7,6,6,0,2,7,3,7,2
2018,4,A,골목상권,2110840,중앙대학교,235,101,134,3,57,46,50,50,29,2,26,25,21,15,12,1,31,21,29,35,17
2018,4,A,골목상권,2110839,숭실대입구역 4번,357,157,200,2,59,98,80,78,40,1,22,51,31,22,30,1,37,47,49,56,10
2018,4,A,골목상권,2110838,상도1동주민센터앞,85,28,57,0,15,31,20,8,11,0,3,12,7,3,3,0,12,19,13,5,8
2018,4,A,골목상권,2110837,숭실대입구역 1번,617,260,357,6,91,148,168,109,95,1,32,74,67,41,45,5,59,74,101,68,50
2018,4,A,골목상권,2110836,상도역 5번,985,474,511,1,145,219,273,195,152,1,63,115,127,90,78,0,82,104,146,105,74
2018,4,A,골목상권,2110835,상도역 1번,455,212,243,3,167,93,91,63,38,1,83,44,40,31,13,2,84,49,51,32,25
2018,4,A,골목상권,2110834,동작구자원봉사센터,138,57,81,0,16,23,36,45,18,0,8,14,15,13,7,0,8,9,21,32,11
2018,4,A,골목상권,2110833,상도역 2번,183,109,74,2,28,44,57,41,11,0,16,27,35,23,8,2,12,17,22,18,3
2018,4,A,골목상권,2110832,노량진초등학교,251,132,119,1,32,57,55,55,51,0,10,29,31,33,29,1,22,28,24,22,22
2018,4,A,골목상권,2110831,상도4동주민센터,139,68,71,0,17,28,47,33,14,0,12,10,21,15,10,0,5,18,26,18,4
2018,4,A,골목상권,2110830,상도초등학교,254,135,119,0,23,49,65,74,43,0,9,26,37,39,24,0,14,23,28,35,19
2018,4,A,골목상권,2110829,장승배기역 5번,652,430,222,0,199,173,100,95,85,0,170,118,51,47,44,0,29,55,49,48,41
2018,4,A,골목상권,2110828,노량진역 6번,2953,1975,978,10,444,1062,791,483,163,4,240,754,573,295,109,6,204,308,218,188,54
2018,4,A,골목상권,2110827,NH농협은행 상도동지점,543,195,348,3,95,77,131,112,125,1,29,41,54,37,33,2,66,36,77,75,92
2018,4,A,골목상권,2110826,장승배기역 4번,433,190,243,4,36,68,105,136,84,1,15,32,50,59,33,3,21,36,55,77,51
2018,4,A,골목상권,2110825,신대방삼거리역 1번,367,114,253,1,43,71,81,114,57,0,10,32,28,26,18,1,33,39,53,88,39
2018,4,A,골목상권,2110824,대방역 3번,499,165,334,2,68,153,143,97,36,0,17,56,40,32,20,2,51,97,103,65,16
2018,4,A,골목상권,2110823,신대방삼거리역 3번,337,128,209,0,44,72,77,90,54,0,17,42,32,20,17,0,27,30,45,70,37
2018,4,A,골목상권,2110822,신대방삼거리역 4번(대림초등학교),69,38,31,0,8,20,16,17,8,0,7,11,6,9,5,0,1,9,10,8,3
2018,4,A,골목상권,2110821,보라매역 2번,356,181,175,2,47,71,93,95,48,2,13,34,51,54,27,0,34,37,42,41,21
2018,4,A,골목상권,2110820,성남고등학교,506,307,199,0,41,113,110,124,118,0,24,60,58,79,86,0,17,53,52,45,32
2018,4,A,골목상권,2110819,신대방역 4번,576,320,256,1,53,97,121,134,170,0,18,52,58,81,111,1,35,45,63,53,59
2018,4,A,골목상권,2110818,신대방역 3번,1234,1130,104,6,258,401,375,161,33,6,234,388,341,132,29,0,24,13,34,29,4
2018,4,A,골목상권,2110817,대방역 4번,455,334,121,0,118,77,105,75,80,0,61,60,89,62,62,0,57,17,16,13,18
2018,4,A,골목상권,2110816,대방역 6번,795,545,250,0,113,206,227,156,93,0,47,125,175,121,77,0,66,81,52,35,16
2018,4,A,골목상권,2110815,공군호텔,1787,692,1095,11,393,516,358,352,157,4,104,251,160,114,59,7,289,265,198,238,98
2018,4,A,골목상권,2110814,서울지방병무청,1584,910,674,1,113,158,313,529,470,0,37,84,192,284,313,1,76,74,121,245,157
2018,4,A,골목상권,2110813,보라매역 6번,363,208,155,4,38,83,101,79,58,4,20,48,50,44,42,0,18,35,51,35,16
2018,4,A,골목상권,2110812,신길6동주민센터,413,265,148,2,62,116,103,88,42,1,28,84,80,40,32,1,34,32,23,48,10
2018,4,A,골목상권,2110811,보라매역 4번,181,102,79,2,17,35,62,44,21,2,13,12,34,27,14,0,4,23,28,17,7
2018,4,A,골목상권,2110810,영신초등학교,500,225,275,1,69,111,122,122,75,1,25,60,51,59,29,0,44,51,71,63,46
2018,4,A,골목상권,2110809,장훈고등학교,334,154,180,1,46,56,96,82,53,1,20,32,55,28,18,0,26,24,41,54,35
2018,4,A,골목상권,2110808,신길역 1번,58,39,19,0,5,20,11,11,11,0,3,12,9,8,7,0,2,8,2,3,4
2018,4,A,골목상권,2110807,신길역 3번,372,201,171,1,23,75,58,97,118,0,8,43,33,49,68,1,15,32,25,48,50
2018,4,A,골목상권,2110806,서울시립영등포장애인복지관,305,212,93,1,48,107,85,60,4,0,21,68,69,51,3,1,27,39,16,9,1
2018,4,A,골목상권,2110805,신길새마을금고신길4동지점,110,54,56,0,16,15,21,29,29,0,9,10,13,11,11,0,7,5,8,18,18
2018,4,A,골목상권,2110804,신풍역 1번,373,173,200,1,35,77,108,93,59,0,12,33,50,50,28,1,23,44,58,43,31
2018,4,A,골목상권,2110803,신길2동우편취급국,205,93,112,1,23,32,52,54,43,1,11,16,25,19,21,0,12,16,27,35,22
2018,4,A,골목상권,2110802,신길동홍어거리,454,226,228,0,58,151,129,94,22,0,13,75,67,56,15,0,45,76,62,38,7
2018,4,A,골목상권,2110801,신풍역 6번(신길6동공영주차장),16,11,5,0,4,2,3,7,0,0,4,1,2,4,0,0,0,1,1,3,0
2018,4,A,골목상권,2110800,영등포동성당,305,229,76,0,24,45,82,97,57,0,17,35,56,69,52,0,7,10,26,28,5
2018,4,A,골목상권,2110799,영등포본동주민센터,90,62,28,0,11,19,13,20,27,0,5,14,6,14,23,0,6,5,7,6,4
2018,4,A,골목상권,2110798,신풍역 2번,76,40,36,0,7,7,16,30,16,0,6,4,8,14,8,0,1,3,8,16,8
2018,4,A,골목상권,2110797,KT대방빌딩,101,40,61,2,18,24,26,19,12,0,5,9,9,10,7,2,13,15,17,9,5
2018,4,A,골목상권,2110796,한림대학교한강성심병원,544,188,356,0,243,121,78,56,46,0,43,45,28,39,33,0,200,76,50,17,13
2018,4,A,골목상권,2110795,도림초등학교,176,72,104,0,17,30,42,52,35,0,3,9,13,23,24,0,14,21,29,29,11
2018,4,A,골목상권,2110794,영동초등학교,3400,2732,668,7,263,471,605,532,1522,6,148,316,410,395,1457,1,115,155,195,137,65
2018,4,A,골목상권,2110793,대림썬프라자,41,28,13,0,4,5,8,9,15,0,2,4,5,6,11,0,2,1,3,3,4
2018,4,A,골목상권,2110792,영등포역 2번,1221,545,676,2,63,105,176,441,434,1,29,62,99,167,187,1,34,43,77,274,247
2018,4,A,골목상권,2110791,신풍역 3번,39,24,15,0,1,12,3,15,8,0,1,6,2,8,7,0,0,6,1,7,1
2018,4,A,골목상권,2110790,대림1동주민센터,345,177,168,0,47,74,94,84,46,0,13,43,40,45,36,0,34,31,54,39,10
2018,4,A,골목상권,2110789,대림성모병원,764,293,471,0,145,169,179,172,99,0,23,69,70,82,49,0,122,100,109,90,50
2018,4,A,골목상권,2110788,영등포시장역 3번,113,53,60,1,21,18,21,35,17,0,3,9,10,17,14,1,18,9,11,18,3
2018,4,A,골목상권,2110787,신길3동주민센터,252,137,115,0,22,60,56,66,48,0,7,33,34,31,32,0,15,27,22,35,16
2018,4,A,골목상권,2110786,당산역 8번,197,117,80,0,25,40,63,36,33,0,10,24,39,22,22,0,15,16,24,14,11
2018,4,A,골목상권,2110785,영등포푸르지오아파트,299,155,144,1,19,51,85,85,58,0,7,27,60,32,29,1,12,24,25,53,29
2018,4,A,골목상권,2110784,신대림초등학교,136,43,93,0,2,13,24,58,39,0,0,5,11,18,9,0,2,8,13,40,30
2018,4,A,골목상권,2110783,영등포시장역 1번,975,366,609,0,148,303,217,134,173,0,48,92,80,58,88,0,100,211,137,76,85
2018,4,A,골목상권,2110782,영등포시장역 4번,165,94,71,3,27,36,47,38,14,0,9,21,30,23,11,3,18,15,17,15,3
2018,4,A,골목상권,2110781,대림한신아파트,160,99,61,0,9,21,56,39,35,0,5,10,38,25,21,0,4,11,18,14,14
2018,4,A,골목상권,2110780,신길대성유니드아파트,208,137,71,0,32,52,43,48,33,0,28,33,26,31,19,0,4,19,17,17,14
2018,4,A,골목상권,2110779,대림갑을명가아파트,41,13,28,0,0,6,15,9,11,0,0,2,1,3,7,0,0,4,14,6,4
2018,4,A,골목상권,2110778,구로디지털단지역 4번,1183,516,667,1,88,221,430,234,209,0,14,96,133,133,140,1,74,125,297,101,69
2018,4,A,골목상권,2110777,구로세무서,547,414,133,1,60,93,119,173,101,0,31,70,89,134,90,1,29,23,30,39,11
2018,4,A,골목상권,2110776,도신초등학교,389,238,151,3,47,84,103,104,48,0,26,55,66,60,31,3,21,29,37,44,17
2018,4,A,골목상권,2110775,대동초등학교,61,29,32,0,1,9,20,17,14,0,1,4,5,9,10,0,0,5,15,8,4
2018,4,A,골목상권,2110774,당산반도유보라팰리스아파트,661,421,240,4,98,185,167,128,79,1,47,122,104,91,56,3,51,63,63,37,23
2018,4,A,골목상권,2110773,당산역 13번,434,287,147,0,81,98,123,63,69,0,38,60,86,48,55,0,43,38,37,15,14
2018,4,A,골목상권,2110772,신우어린이공원,167,59,108,0,19,32,41,51,24,0,0,15,19,17,8,0,19,17,22,34,16
2018,4,A,골목상권,2110771,대림역 11번,43,13,30,0,10,11,7,12,3,0,3,2,0,8,0,0,7,9,7,4,3
2018,4,A,골목상권,2110770,영등포구청역 6번,507,286,221,0,50,75,113,128,141,0,24,41,65,67,89,0,26,34,48,61,52
2018,4,A,골목상권,2110769,대림차이나타운(대림역 12번),25,10,15,0,2,6,8,9,0,0,0,3,3,4,0,0,2,3,5,5,0
2018,4,A,골목상권,2110768,도림2동유수지내체육시설,309,196,113,0,41,96,85,45,42,0,19,64,50,28,35,0,22,32,35,17,7
2018,4,A,골목상권,2110767,도림동주민센터,138,72,66,0,23,39,34,25,17,0,13,24,14,10,11,0,10,15,20,15,6
2018,4,A,골목상권,2110766,대림역 5번,705,336,369,1,74,124,182,191,133,1,33,67,73,81,81,0,41,57,109,110,52
2018,4,A,골목상권,2110765,문래동사거리,1387,968,419,5,130,265,362,383,242,1,79,173,249,269,197,4,51,92,113,114,45
2018,4,A,골목상권,2110764,문래역 3번,1194,475,719,0,71,93,125,256,649,0,29,49,62,100,235,0,42,44,63,156,414
2018,4,A,골목상권,2110763,영등포구청역 2번,1091,686,405,4,188,324,237,197,141,2,84,199,157,129,115,2,104,125,80,68,26
2018,4,A,골목상권,2110762,선유도역 1번,4410,2856,1554,24,771,1145,1042,882,546,15,357,738,744,587,415,9,414,407,298,295,131
2018,4,A,골목상권,2110761,문래동남성맨션,339,238,101,2,58,80,68,79,52,0,39,55,46,60,38,2,19,25,22,19,14
2018,4,A,골목상권,2110760,선유도역 6번,13555,8718,4837,28,2328,4623,4174,1994,408,12,1208,2938,2792,1447,321,16,1120,1685,1382,547,87
2018,4,A,골목상권,2110759,문래예술촌(문래창작촌),5535,3614,1921,23,978,1419,1380,1151,584,7,483,938,930,800,456,16,495,481,450,351,128
2018,4,A,골목상권,2110758,문래소공원,448,328,120,0,27,72,90,104,155,0,19,61,67,75,106,0,8,11,23,29,49
2018,4,A,골목상권,2110757,양평역 2번,2740,1554,1186,8,443,718,688,492,391,7,223,453,353,252,266,1,220,265,335,240,125
2018,4,A,골목상권,2110756,문래중학교,321,214,107,1,34,82,100,49,55,0,18,56,69,31,40,1,16,26,31,18,15
2018,4,A,골목상권,2110755,동일여자고등학교,310,116,194,0,35,57,82,85,51,0,9,25,30,27,25,0,26,32,52,58,26
2018,4,A,골목상권,2110754,삼성산자연공원(서울금천초등학교),324,98,226,1,28,37,81,98,79,1,6,9,37,24,21,0,22,28,44,74,58
2018,4,A,골목상권,2110753,시흥동 은행나무사거리,1157,739,418,4,58,120,288,454,233,2,18,68,189,300,162,2,40,52,99,154,71
2018,4,A,골목상권,2110752,한울중학교,388,143,245,1,27,73,118,113,56,1,12,31,34,42,23,0,15,42,84,71,33
2018,4,A,골목상권,2110751,난곡중학교,298,164,134,0,20,45,82,94,57,0,6,20,44,54,40,0,14,25,38,40,17
2018,4,A,골목상권,2110750,시흥4동주민센터(서울신흥초등학교),229,75,154,0,28,37,59,73,32,0,8,11,20,21,15,0,20,26,39,52,17
2018,4,A,골목상권,2110749,금산초등학교(금천고등학교),495,289,206,0,44,75,126,110,140,0,21,44,63,54,107,0,23,31,63,56,33
2018,4,A,골목상권,2110748,백산초등학교,208,114,94,1,32,42,58,45,30,0,14,24,31,27,18,1,18,18,27,18,12
2018,4,A,골목상권,2110747,석수역 1번 출입구,1011,689,322,6,63,150,288,320,184,1,38,93,178,229,150,5,25,57,110,91,34
2018,4,A,골목상권,2110746,금천금빛공원(은행나무사거리서측),84,49,35,1,6,11,22,30,14,0,3,6,14,16,10,1,3,5,8,14,4
2018,4,A,골목상권,2110745,독산동정훈단지,433,230,203,0,35,51,92,124,131,0,10,20,43,68,89,0,25,31,49,56,42
2018,4,A,골목상권,2110744,독산동성당,365,134,231,0,32,45,99,117,72,0,9,21,32,42,30,0,23,24,67,75,42
2018,4,A,골목상권,2110743,시흥초등학교(시흥1동우체국),340,77,263,0,33,38,72,124,73,0,8,14,25,22,8,0,25,24,47,102,65
2018,4,A,골목상권,2110742,KT금천빌딩(금천구시설관리공단),595,349,246,0,68,125,158,161,83,0,33,90,112,74,40,0,35,35,46,87,43
2018,4,A,골목상권,2110741,독산2동주민센터,299,75,224,0,31,43,81,92,52,0,6,12,20,19,18,0,25,31,61,73,34
2018,4,A,골목상권,2110740,금천해태공원,1420,391,1029,0,142,129,192,261,696,0,31,47,72,58,183,0,111,82,120,203,513
2018,4,A,골목상권,2110739,시흥3동 우편취급국,1782,732,1050,2,211,343,673,506,47,0,71,196,281,150,34,2,140,147,392,356,13
2018,4,A,골목상권,2110738,문성초등학교,283,130,153,0,23,40,86,101,33,0,12,15,37,44,22,0,11,25,49,57,11
2018,4,A,골목상권,2110737,금천세무서,612,349,263,2,72,114,131,159,134,0,17,54,66,94,118,2,55,60,65,65,16
2018,4,A,골목상권,2110736,독산119안전센터,422,182,240,2,41,64,127,120,68,0,13,29,45,49,46,2,28,35,82,71,22
2018,4,A,골목상권,2110735,말미고개,537,323,214,1,58,124,127,134,93,1,24,79,84,76,59,0,34,45,43,58,34
2018,4,A,골목상권,2110734,금천파출소,112,61,51,0,5,15,18,43,31,0,4,10,11,19,17,0,1,5,7,24,14
2018,4,A,골목상권,2110733,금천어울림복지센터,628,397,231,5,96,124,168,157,78,4,66,93,91,80,63,1,30,31,77,77,15
2018,4,A,골목상권,2110732,가산초등학교(세일중학교),824,467,357,1,121,173,214,203,112,1,40,88,136,134,68,0,81,85,78,69,44
2018,4,A,골목상권,2110731,금천구청역 1번 출입구,2153,1115,1038,28,728,830,342,123,102,9,367,472,140,57,70,19,361,358,202,66,32
2018,4,A,골목상권,2110730,서울축산농협 독산역지점(독산파출소),1185,687,498,7,83,188,247,392,268,0,45,100,128,223,191,7,38,88,119,169,77
2018,4,A,골목상권,2110729,가산동우체국,314,197,117,0,44,70,68,87,45,0,29,49,41,48,30,0,15,21,27,39,15
2018,4,A,골목상권,2110728,두산초등학교,1124,646,478,2,195,291,308,243,85,2,67,193,174,149,61,0,128,98,134,94,24
2018,4,A,골목상권,2110727,독산역 1번 출입구,766,522,244,0,66,161,209,236,94,0,46,121,127,159,69,0,20,40,82,77,25
2018,4,A,골목상권,2110726,금천철쭉어린이공원(금하마을),128,60,68,0,11,18,33,39,27,0,6,10,17,15,12,0,5,8,16,24,15
2018,4,A,골목상권,2110725,가산동주민센터,303,182,121,1,41,66,61,81,53,1,25,44,40,38,34,0,16,22,21,43,19
2018,4,A,골목상권,2110724,금천구립가산도서관,437,294,143,1,33,97,155,103,48,0,27,73,109,52,33,1,6,24,46,51,15
2018,4,A,골목상권,2110723,가산디지털단지역 1번 출입구,337,276,61,2,9,22,74,145,85,2,4,12,57,124,77,0,5,10,17,21,8
2018,4,A,골목상권,2110722,G타워,624,426,198,1,87,185,176,101,74,0,57,136,120,61,52,1,30,49,56,40,22
2018,4,A,골목상권,2110721,가리봉파출소,701,295,406,0,94,113,119,153,222,0,50,61,39,38,107,0,44,52,80,115,115
2018,4,A,골목상권,2110720,대림역 2번,253,107,146,0,25,57,79,46,46,0,6,20,27,24,30,0,19,37,52,22,16
2018,4,A,골목상권,2110719,영서중학교,72,18,54,1,18,13,23,8,9,0,1,2,6,3,6,1,17,11,17,5,3
2018,4,A,골목상권,2110718,한국SGI본부,1989,1291,698,7,369,576,487,379,171,2,191,414,363,218,103,5,178,162,124,161,68
2018,4,A,골목상권,2110717,남구로역 2번,765,231,534,1,84,137,167,212,164,1,19,56,54,58,43,0,65,81,113,154,121
2018,4,A,골목상권,2110716,구로나눔길,362,177,185,0,37,64,100,88,73,0,10,31,48,47,41,0,27,33,52,41,32
2018,4,A,골목상권,2110715,구로구민회관,183,88,95,0,26,31,49,45,32,0,7,20,29,22,10,0,19,11,20,23,22
2018,4,A,골목상권,2110714,구로4동주민센터,430,156,274,0,73,79,99,106,73,0,16,21,30,39,50,0,57,58,69,67,23
2018,4,A,골목상권,2110713,구로보건소,3050,1729,1321,8,337,552,773,863,517,6,135,298,437,520,333,2,202,254,336,343,184
2018,4,A,골목상권,2110712,남구로역 5번,302,108,194,0,32,61,86,70,53,0,4,26,38,26,14,0,28,35,48,44,39
2018,4,A,골목상권,2110711,구로초등학교,594,219,375,1,50,74,136,191,142,1,16,29,62,64,47,0,34,45,74,127,95
2018,4,A,골목상권,2110710,남구로역 3번,447,206,241,0,78,81,111,110,67,0,22,37,50,52,45,0,56,44,61,58,22
2018,4,A,골목상권,2110709,구로119안전센터,224,107,117,0,21,35,55,64,49,0,13,21,26,24,23,0,8,14,29,40,26
2018,4,A,골목상권,2110708,화원어린이공원,166,74,92,0,40,37,35,43,11,0,13,13,20,18,10,0,27,24,15,25,1
2018,4,A,골목상권,2110707,구로창업지원센터,1472,1073,399,5,132,276,364,452,243,5,90,204,262,326,186,0,42,72,102,126,57
2018,4,A,골목상권,2110706,그라운드 고척,641,173,468,1,141,124,142,168,65,0,28,39,47,32,27,1,113,85,95,136,38
2018,4,A,골목상권,2110705,고산초등학교,51,33,18,0,3,8,16,11,13,0,2,8,11,5,7,0,1,0,5,6,6
2018,4,A,골목상권,2110704,고척중학교,114,56,58,0,14,15,23,32,30,0,6,8,14,14,14,0,8,7,9,18,16
2018,4,A,골목상권,2110703,개봉역,772,479,293,3,99,130,185,201,154,3,51,69,109,126,121,0,48,61,76,75,33
2018,4,A,골목상권,2110702,개봉초등학교,3521,2132,1389,1,25,56,130,394,2915,0,12,31,65,198,1826,1,13,25,65,196,1089
2018,4,A,골목상권,2110701,고척동성당,388,225,163,0,59,85,101,97,46,0,32,63,47,58,25,0,27,22,54,39,21
2018,4,A,골목상권,2110700,고척초등학교,692,430,262,2,48,111,168,190,173,0,26,60,97,118,129,2,22,51,71,72,44
2018,4,A,골목상권,2110699,덕의초등학교,185,89,96,0,20,38,49,51,27,0,7,21,17,27,17,0,13,17,32,24,10
2018,4,A,골목상권,2110698,개웅초등학교(개웅중학교),175,76,99,0,29,36,40,45,25,0,7,14,16,23,16,0,22,22,24,22,9
2018,4,A,골목상권,2110697,개봉3동주민센터,108,60,48,0,14,16,33,26,19,0,6,9,16,18,11,0,8,7,17,8,8
2018,4,A,골목상권,2110696,오류동역 1번,144,66,78,0,21,26,38,37,22,0,1,15,13,20,17,0,20,11,25,17,5
2018,4,A,골목상권,2110695,개봉1동주민센터,405,165,240,2,21,54,109,125,94,2,9,31,48,37,38,0,12,23,61,88,56
2018,4,A,골목상권,2110694,세곡초등학교,294,129,165,2,35,39,78,110,30,2,15,16,28,51,17,0,20,23,50,59,13
2018,4,A,골목상권,2110693,오류동역 4번,53,29,24,1,11,11,11,10,9,0,6,7,6,5,5,1,5,4,5,5,4
2018,4,A,골목상권,2110692,큰굴다리,183,115,68,0,20,26,42,64,31,0,11,22,22,38,22,0,9,4,20,26,9
2018,4,A,골목상권,2110691,개봉중학교,217,95,122,0,15,34,61,67,40,0,7,19,27,23,19,0,8,15,34,44,21
2018,4,A,골목상권,2110690,오류2동버들시장,953,335,618,0,96,232,239,237,149,0,26,92,85,65,67,0,70,140,154,172,82
2018,4,A,골목상권,2110689,오류동역 3번,308,164,144,4,61,73,68,68,34,4,24,46,29,37,24,0,37,27,39,31,10
2018,4,A,골목상권,2110688,오류지구대,106,54,52,1,8,11,35,33,18,0,3,1,21,18,11,1,5,10,14,15,7
2018,4,A,골목상권,2110687,"천왕역 3번(오류2동주민센터, 서울오류남초등학교)",102,57,45,0,14,30,20,29,9,0,7,20,12,14,4,0,7,10,8,15,5
2018,4,A,골목상권,2110686,수궁동주민센터,411,232,179,0,58,103,132,65,53,0,26,54,77,40,35,0,32,49,55,25,18
2018,4,A,골목상권,2110685,금강수목원아파트,67,44,23,0,6,13,21,18,9,0,3,11,14,8,8,0,3,2,7,10,1
2018,4,A,골목상권,2110684,서울공연예술고등학교,192,91,101,0,31,55,54,34,18,0,11,25,31,12,12,0,20,30,23,22,6
2018,4,A,골목상권,2110683,오류고등학교,130,65,65,0,12,19,42,45,12,0,2,11,26,18,8,0,10,8,16,27,4
2018,4,A,골목상권,2110682,온수역 8번,386,252,134,0,85,118,47,62,74,0,28,75,32,47,70,0,57,43,15,15,4
2018,4,A,골목상권,2110681,온수역 1번,313,229,84,0,41,83,88,67,34,0,32,61,59,49,28,0,9,22,29,18,6
2018,4,A,골목상권,2110680,온수역 5번(온수산업단지),1290,1023,267,7,111,205,263,401,303,7,79,152,194,318,273,0,32,53,69,83,30
2018,4,A,골목상권,2110679,염창역 2번,1707,1269,438,11,327,644,436,201,88,8,192,495,361,142,71,3,135,149,75,59,17
2018,4,A,골목상권,2110678,염창무학아파트,230,146,84,0,23,59,57,65,26,0,12,39,33,48,14,0,11,20,24,17,12
2018,4,A,골목상권,2110677,등촌역 1번,384,307,77,4,39,58,80,104,99,4,26,43,56,84,94,0,13,15,24,20,5
2018,4,A,골목상권,2110676,등촌역 7번,216,91,125,0,25,38,53,59,41,0,15,22,21,21,12,0,10,16,32,38,29
2018,4,A,골목상권,2110675,화곡4동주민센터,187,101,86,0,34,51,35,40,27,0,13,26,23,21,18,0,21,25,12,19,9
2018,4,A,골목상권,2110674,강서구청가양동별관,490,296,194,5,58,126,95,105,101,4,23,85,66,52,66,1,35,41,29,53,35
2018,4,A,골목상권,2110673,뜸부기어린이공원,660,369,291,5,97,153,164,166,75,3,31,101,97,88,49,2,66,52,67,78,26
2018,4,A,골목상권,2110672,백석중학교,92,40,52,0,9,16,31,26,10,0,3,7,10,13,7,0,6,9,21,13,3
2018,4,A,골목상권,2110671,등촌1동주민센터,5750,3495,2255,14,1318,1624,1284,943,567,12,441,1075,960,643,364,2,877,549,324,300,203
2018,4,A,골목상권,2110670,신곡초등학교,205,77,128,0,27,45,59,48,26,0,2,15,20,24,16,0,25,30,39,24,10
2018,4,A,골목상권,2110669,화곡보람2차아파트,84,57,27,1,9,17,29,24,4,0,5,10,24,15,3,1,4,7,5,9,1
2018,4,A,골목상권,2110668,화곡2동주민센터,541,314,227,1,74,105,136,140,85,1,33,63,72,74,71,0,41,42,64,66,14
2018,4,A,골목상권,2110667,가양역 10번,499,246,253,12,92,98,126,126,45,7,37,55,55,61,31,5,55,43,71,65,14
2018,4,A,골목상권,2110666,KC대학교,234,82,152,0,25,50,68,71,20,0,13,17,22,20,10,0,12,33,46,51,10
2018,4,A,골목상권,2110665,곰달래도서관,1278,628,650,3,220,376,288,257,134,1,115,227,144,87,54,2,105,149,144,170,80
2018,4,A,골목상권,2110664,강서구청옆,122,71,51,0,17,29,26,27,23,0,13,19,14,12,13,0,4,10,12,15,10
2018,4,A,골목상권,2110663,우장산롯데캐슬아파트앞,340,160,180,0,62,74,88,81,35,0,20,34,37,43,26,0,42,40,51,38,9
2018,4,A,골목상권,2110662,까치산역 1번,357,117,240,2,23,63,112,89,68,0,6,30,34,21,26,2,17,33,78,68,42
2018,4,A,골목상권,2110661,강서새말어린이공원,484,317,167,0,45,72,131,151,85,0,24,44,94,94,61,0,21,28,37,57,24
2018,4,A,골목상권,2110660,등촌3동주민센터,8589,4429,4160,39,1203,1435,1630,2656,1626,27,746,974,942,992,748,12,457,461,688,1664,878
2018,4,A,골목상권,2110659,화곡역 4번,611,210,401,1,81,138,163,126,102,0,27,49,53,41,40,1,54,89,110,85,62
2018,4,A,골목상권,2110658,화곡초등학교,173,86,87,0,10,45,41,40,37,0,3,26,20,15,22,0,7,19,21,25,15
2018,4,A,골목상권,2110657,양천향교역 5번,5626,2851,2775,24,987,1195,1237,1484,699,20,447,718,746,566,354,4,540,477,491,918,345
2018,4,A,골목상권,2110656,까치산역 3번,657,369,288,2,84,137,149,174,111,1,50,85,81,80,72,1,34,52,68,94,39
2018,4,A,골목상권,2110655,발산역 5번,1433,752,681,48,374,358,330,206,117,19,152,191,211,125,54,29,222,167,119,81,63
2018,4,A,골목상권,2110654,까치산역 4번,800,377,423,5,99,172,202,206,116,2,42,79,101,89,64,3,57,93,101,117,52
2018,4,A,골목상권,2110653,화곡역 2번,300,112,188,1,31,53,70,66,79,0,11,26,27,18,30,1,20,27,43,48,49
2018,4,A,골목상권,2110652,양천향교역 2번,1175,813,362,0,112,281,347,265,170,0,49,172,246,203,143,0,63,109,101,62,27
2018,4,A,골목상권,2110651,화원중학교,526,228,298,2,46,105,123,132,118,2,17,59,56,49,45,0,29,46,67,83,73
2018,4,A,골목상권,2110650,우장산힐스테이트,284,177,107,1,38,48,66,64,67,1,26,35,44,28,43,0,12,13,22,36,24
2018,4,A,골목상권,2110649,우장산역 1번,302,131,171,2,43,66,78,69,44,2,13,26,32,33,25,0,30,40,46,36,19
2018,4,A,골목상권,2110648,양천향교역 7번,817,404,413,9,154,260,187,128,79,1,57,117,110,65,54,8,97,143,77,63,25
2018,4,A,골목상권,2110647,화곡역 5번,1063,480,583,5,114,219,313,263,149,4,44,102,143,116,71,1,70,117,170,147,78
2018,4,A,골목상권,2110646,푸른들청소년도서관,729,351,378,2,70,119,162,195,181,1,23,63,78,94,92,1,47,56,84,101,89
2018,4,A,골목상권,2110645,우장산역 4번,1195,364,831,4,228,318,270,239,136,2,24,96,92,94,56,2,204,222,178,145,80
2018,4,A,골목상권,2110644,신광명마을,581,514,67,3,18,58,133,198,171,3,13,45,114,177,162,0,5,13,19,21,9
2018,4,A,골목상권,2110643,강서구다솔마을,788,506,282,2,90,178,294,149,75,0,48,113,207,91,47,2,42,65,87,58,28
2018,4,A,골목상권,2110642,정곡초등학교,167,151,16,0,4,8,35,68,52,0,2,6,31,63,49,0,2,2,4,5,3
2018,4,A,골목상권,2110641,공항고등학교,462,280,182,1,67,120,130,110,34,1,35,76,84,65,19,0,32,44,46,45,15
2018,4,A,골목상권,2110640,방화역 1번,1034,554,480,1,114,272,255,243,149,0,35,92,139,170,118,1,79,180,116,73,31
2018,4,A,골목상권,2110639,신방화역 8번,294,90,204,2,82,79,63,46,22,0,7,19,28,21,15,2,75,60,35,25,7
2018,4,A,골목상권,2110638,신방화역 2번,1062,525,537,2,84,238,240,240,258,0,39,136,132,93,125,2,45,102,108,147,133
2018,4,A,골목상권,2110637,송정역 2번,542,368,174,0,51,99,132,132,128,0,25,52,92,100,99,0,26,47,40,32,29
2018,4,A,골목상권,2110636,방화역 2번,386,137,249,1,50,103,99,93,40,0,17,47,42,19,12,1,33,56,57,74,28
2018,4,A,골목상권,2110635,공항시장역 3번,383,264,119,3,31,77,116,96,60,0,18,55,81,68,42,3,13,22,35,28,18
2018,4,A,골목상권,2110634,송정역 3번,929,564,365,2,98,210,255,240,124,0,41,129,167,145,82,2,57,81,88,95,42
2018,4,A,골목상권,2110633,개화산역 1번,118,54,64,1,27,25,30,20,15,0,13,11,15,9,6,1,14,14,15,11,9
2018,4,A,골목상권,2110632,방화역 3번,683,320,363,0,97,136,184,156,110,0,35,78,105,57,45,0,62,58,79,99,65
2018,4,A,골목상권,2110631,방화초등학교,355,182,173,0,36,67,84,95,73,0,21,39,34,53,35,0,15,28,50,42,38
2018,4,A,골목상권,2110630,공항시장역 1번,1338,912,426,0,89,190,286,380,393,0,38,102,163,278,331,0,51,88,123,102,62
2018,4,A,골목상권,2110629,송정역 4번,285,141,144,3,61,69,69,49,34,0,21,34,37,29,20,3,40,35,32,20,14
2018,4,A,골목상권,2110628,신목동역,304,203,101,0,39,119,70,48,28,0,13,80,52,36,22,0,26,39,18,12,6
2018,4,A,골목상권,2110627,신정롯데캐슬아파트,452,231,221,0,58,79,135,104,76,0,24,36,74,49,48,0,34,43,61,55,28
2018,4,A,골목상권,2110626,양화초등학교,306,183,123,1,37,84,90,61,33,0,13,58,52,41,19,1,24,26,38,20,14
2018,4,A,골목상권,2110625,신정2동주민센터,512,228,284,6,63,108,152,115,68,2,22,51,72,41,40,4,41,57,80,74,28
2018,4,A,골목상권,2110624,목동문화체육센터,99,40,59,1,10,29,30,20,9,1,6,11,8,9,5,0,4,18,22,11,4
2018,4,A,골목상권,2110623,갈산공원,243,180,63,1,31,74,53,49,35,0,24,66,37,32,21,1,7,8,16,17,14
2018,4,A,골목상권,2110622,달마을공원,237,114,123,0,34,46,53,75,29,0,14,25,20,37,18,0,20,21,33,38,11
2018,4,A,골목상권,2110621,목동역 5번,246,117,129,1,45,59,48,63,30,1,14,30,25,30,17,0,31,29,23,33,13
2018,4,A,골목상권,2110620,목동보건지소,579,253,326,1,80,139,145,142,72,0,33,58,53,58,51,1,47,81,92,84,21
2018,4,A,골목상권,2110619,목4동주민센터,119,62,57,0,11,17,29,36,26,0,6,10,20,15,11,0,5,7,9,21,15
2018,4,A,골목상권,2110618,강서고등학교,193,88,105,1,23,37,36,60,36,1,11,21,18,21,16,0,12,16,18,39,20
2018,4,A,골목상권,2110617,등촌역 4번,123,45,78,0,15,17,26,41,24,0,6,4,16,10,9,0,9,13,10,31,15
2018,4,A,골목상권,2110616,양목초등학교,120,84,36,0,6,14,30,23,47,0,1,7,22,15,39,0,5,7,8,8,8
2018,4,A,골목상권,2110615,신서초등학교,186,109,77,2,30,37,50,48,19,0,17,25,36,23,8,2,13,12,14,25,11
2018,4,A,골목상권,2110614,목동로데오거리,626,307,319,2,61,100,151,194,118,2,36,63,81,76,49,0,25,37,70,118,69
2018,4,A,골목상권,2110613,신정네거리역 4번,64,27,37,1,5,7,18,20,13,0,3,2,7,9,6,1,2,5,11,11,7
2018,4,A,골목상권,2110612,신정역 5번,569,260,309,0,51,83,116,205,114,0,19,43,61,93,44,0,32,40,55,112,70
2018,4,A,골목상권,2110611,신정역 1번,412,188,224,0,44,56,113,108,91,0,16,26,55,52,39,0,28,30,58,56,52
2018,4,A,골목상권,2110610,계남근린공원,96,25,71,0,6,12,13,33,32,0,1,10,5,4,5,0,5,2,8,29,27
2018,4,A,골목상권,2110609,신정네거리역 2번,27,13,14,2,2,7,2,7,7,2,1,4,1,2,3,0,1,3,1,5,4
2018,4,A,골목상권,2110608,신월2동주민센터,595,367,228,0,51,96,143,168,137,0,22,45,66,119,115,0,29,51,77,49,22
2018,4,A,골목상권,2110607,금빛새마을금고본점,119,64,55,0,10,28,34,31,16,0,2,14,16,19,13,0,8,14,18,12,3
2018,4,A,골목상권,2110606,신한은행 신월동지점,555,254,301,6,60,88,136,148,117,4,22,39,61,59,69,2,38,49,75,89,48
2018,4,A,골목상권,2110605,목동센트럴아이파크앞,263,116,147,0,33,40,54,79,57,0,11,21,19,29,36,0,22,19,35,50,21
2018,4,A,골목상권,2110604,신월4동주민센터,635,394,241,0,33,66,130,216,190,0,8,31,61,141,153,0,25,35,69,75,37
2018,4,A,골목상권,2110603,지향초등학교,737,516,221,0,73,89,66,68,441,0,20,32,31,27,406,0,53,57,35,41,35
2018,4,A,골목상권,2110602,신월시영아파트중문,826,640,186,0,21,54,136,330,285,0,9,35,76,260,260,0,12,19,60,70,25
2018,4,A,골목상권,2110601,신월1동우편취급국,1286,848,438,3,98,173,310,454,248,3,44,109,209,315,168,0,54,64,101,139,80
2018,4,A,골목상권,2110600,신월7동주민센터,557,343,214,1,45,70,127,159,155,1,23,37,69,97,116,0,22,33,58,62,39
2018,4,A,골목상권,2110599,신월1파출소,345,180,165,0,34,45,106,103,57,0,13,24,49,60,34,0,21,21,57,43,23
2018,4,A,골목상권,2110598,신월문화체육센터,331,121,210,0,32,62,99,84,54,0,9,28,29,29,26,0,23,34,70,55,28
2018,4,A,골목상권,2110597,신월1동주민센터,633,333,300,2,49,124,165,177,116,1,18,60,75,99,80,1,31,64,90,78,36
2018,4,A,골목상권,2110596,서서울호수공원,401,204,197,0,37,72,113,108,71,0,27,40,58,49,30,0,10,32,55,59,41
2018,4,A,골목상권,2110595,메디힐병원,1589,1145,444,0,86,126,188,265,924,0,21,46,79,145,854,0,65,80,109,120,70
2018,4,A,골목상권,2110594,신월중학교,278,114,164,0,36,59,88,72,23,0,11,20,30,35,18,0,25,39,58,37,5
2018,4,A,골목상권,2110593,신월3동주민센터,532,218,314,0,49,85,145,152,101,0,18,38,73,52,37,0,31,47,72,100,64
2018,4,A,골목상권,2110592,서울금융고등학교,853,671,182,1,27,70,154,296,305,0,12,44,100,235,280,1,15,26,54,61,25
2018,4,A,골목상권,2110591,충정로역 6번,205,102,103,2,29,42,45,55,32,1,16,17,28,25,15,1,13,25,17,30,17
2018,4,A,골목상권,2110590,만리재,106,34,72,1,23,23,19,29,11,0,4,8,5,10,7,1,19,15,14,19,4
2018,4,A,골목상권,2110589,애오개역 3번,103,31,72,0,11,28,33,23,8,0,1,3,14,9,4,0,10,25,19,14,4
2018,4,A,골목상권,2110588,한겨레신문사,700,435,265,0,57,171,239,212,21,0,14,70,155,181,15,0,43,101,84,31,6
2018,4,A,골목상권,2110587,공덕동주민센터,436,214,222,0,70,92,107,89,78,0,24,55,65,39,31,0,46,37,42,50,47
2018,4,A,골목상권,2110586,서울서부지방법원,3108,1416,1692,19,731,754,653,447,504,5,294,384,293,212,228,14,437,370,360,235,276
2018,4,A,골목상권,2110585,마포경찰서,986,815,171,2,206,379,193,190,16,0,148,317,168,170,12,2,58,62,25,20,4
2018,4,A,골목상권,2110584,아현역 4번,133,49,84,1,16,27,36,35,18,0,3,9,15,11,11,1,13,18,21,24,7
2018,4,A,골목상권,2110583,공덕래미안3차아파트,77,32,45,1,16,18,15,17,10,0,6,7,5,6,8,1,10,11,10,11,2
2018,4,A,골목상권,2110582,이대역 5번,171,91,80,0,23,48,50,31,19,0,4,28,32,17,10,0,19,20,18,14,9
2018,4,A,골목상권,2110581,염리초등학교,221,64,157,0,82,69,29,25,16,0,14,11,13,13,13,0,68,58,16,12,3
2018,4,A,골목상권,2110580,양원초등학교,174,51,123,0,48,39,33,18,36,0,15,11,11,5,9,0,33,28,22,13,27
2018,4,A,골목상권,2110579,마포역 4번,757,403,354,3,184,283,162,82,43,1,73,133,114,56,26,2,111,150,48,26,17
2018,4,A,골목상권,2110578,대흥역 2번,4277,3041,1236,6,531,897,1032,1018,793,0,390,714,801,603,533,6,141,183,231,415,260
2018,4,A,골목상권,2110577,용강동주민센터,484,219,265,2,100,201,97,51,33,0,25,96,53,27,18,2,75,105,44,24,15
2018,4,A,골목상권,2110576,대흥역 3번,1617,1127,490,77,460,438,359,206,77,31,289,330,286,148,43,46,171,108,73,58,34
2018,4,A,골목상권,2110575,대흥동주민센터,377,138,239,0,71,86,40,92,88,0,28,54,20,18,18,0,43,32,20,74,70
2018,4,A,골목상권,2110574,서강대학교,322,159,163,3,66,91,87,62,13,1,26,39,55,33,5,2,40,52,32,29,8
2018,4,A,골목상권,2110573,신촌역 6번,157,114,43,0,21,35,40,44,17,0,11,25,34,29,15,0,10,10,6,15,2
2018,4,A,골목상권,2110572,서강대역 1번,991,439,552,1,205,225,247,203,110,0,61,103,119,90,66,1,144,122,128,113,44
2018,4,A,골목상권,2110571,신수동주민센터,844,446,398,3,114,285,263,122,57,0,46,179,140,48,33,3,68,106,123,74,24
2018,4,A,골목상권,2110570,KB국민은행 서강지점,376,211,165,2,64,106,123,57,24,0,21,54,79,41,16,2,43,52,44,16,8
2018,4,A,골목상권,2110569,홍대땡땡거리,854,442,412,1,226,298,168,87,74,0,82,169,99,50,42,1,144,129,69,37,32
2018,4,A,골목상권,2110568,광흥창역 1번,118,54,64,0,17,15,30,26,30,0,9,9,11,6,19,0,8,6,19,20,11
2018,4,A,골목상권,2110567,광흥창역 6번,293,93,200,4,104,80,58,21,26,0,9,21,33,14,16,4,95,59,25,7,10
2018,4,A,골목상권,2110566,경의선책거리,3055,1904,1151,12,834,1084,695,299,131,0,363,711,512,230,88,12,471,373,183,69,43
2018,4,A,골목상권,2110565,홍익대,397,215,182,0,92,102,69,65,69,0,31,66,43,43,32,0,61,36,26,22,37
2018,4,A,골목상권,2110564,홍대입구역 3번,942,477,465,4,215,318,250,113,42,0,79,166,168,46,18,4,136,152,82,67,24
2018,4,A,골목상권,2110563,상수역 3번,652,446,206,11,188,206,120,74,53,11,119,147,91,47,31,0,69,59,29,27,22
2018,4,A,골목상권,2110562,연트럴파크(연남동주민센터),634,308,326,4,161,180,146,96,47,0,61,97,91,40,19,4,100,83,55,56,28
2018,4,A,골목상권,2110561,상수역 4번,461,263,198,0,117,156,100,54,34,0,48,95,64,36,20,0,69,61,36,18,14
2018,4,A,골목상권,2110560,마포FM,480,266,214,0,132,135,114,67,32,0,53,76,75,39,23,0,79,59,39,28,9
2018,4,A,골목상권,2110559,성산중학교,1263,741,522,11,300,387,278,185,102,11,120,233,176,127,74,0,180,154,102,58,28
2018,4,A,골목상권,2110558,경성고등학교,3554,2455,1099,8,427,641,635,574,1269,3,177,365,391,384,1135,5,250,276,244,190,134
2018,4,A,골목상권,2110557,홍대부속여중고앞,1285,722,563,5,225,347,340,237,131,4,96,192,211,122,97,1,129,155,129,115,34
2018,4,A,골목상권,2110556,절두산순교성지,191,110,81,0,42,51,50,31,17,0,16,35,30,19,10,0,26,16,20,12,7
2018,4,A,골목상권,2110555,홍익지구대,590,293,297,3,186,160,108,72,61,0,80,89,68,27,29,3,106,71,40,45,32
2018,4,A,골목상권,2110554,망원역 1번,1908,1001,907,2,425,610,461,218,192,1,154,322,295,124,105,1,271,288,166,94,87
2018,4,A,골목상권,2110553,가좌역 2번,1222,1059,163,0,47,74,113,167,821,0,16,37,73,132,801,0,31,37,40,35,20
2018,4,A,골목상권,2110552,성미산체육관,958,562,396,1,159,253,256,192,97,0,67,153,167,117,58,1,92,100,89,75,39
2018,4,A,골목상권,2110551,성서초등학교,847,451,396,0,109,215,285,177,61,0,32,114,155,108,42,0,77,101,130,69,19
2018,4,A,골목상권,2110550,합정역 8번,1873,1163,710,6,392,528,512,273,162,4,154,334,375,178,118,2,238,194,137,95,44
2018,4,A,골목상권,2110549,새터산,356,150,206,0,50,62,94,94,56,0,14,29,41,39,27,0,36,33,53,55,29
2018,4,A,골목상권,2110548,마포구청역 4번,1551,979,572,9,297,295,326,319,305,7,114,172,234,214,238,2,183,123,92,105,67
2018,4,A,골목상권,2110547,KB국민은행 망원동지점,424,202,222,1,49,91,121,109,53,0,17,38,64,55,28,1,32,53,57,54,25
2018,4,A,골목상권,2110546,양화대교북단,683,359,324,1,226,257,118,58,23,0,93,134,83,35,14,1,133,123,35,23,9
2018,4,A,골목상권,2110545,마포구청역 1번,2875,965,1910,4,128,215,356,1016,1156,2,59,120,222,235,327,2,69,95,134,781,829
2018,4,A,골목상권,2110544,망리단길,1334,665,669,2,238,350,349,245,150,1,96,197,183,105,83,1,142,153,166,140,67
2018,4,A,골목상권,2110543,중암중학교,18,13,5,0,4,4,4,6,0,0,2,3,3,5,0,0,2,1,1,1,0
2018,4,A,골목상권,2110542,마포구청역 7번,993,545,448,3,170,261,252,196,111,2,67,155,148,107,66,1,103,106,104,89,45
2018,4,A,골목상권,2110541,동교초등학교,580,359,221,0,69,118,156,125,112,0,47,66,97,68,81,0,22,52,59,57,31
2018,4,A,골목상권,2110540,망원나들목체육관,148,86,62,0,6,29,43,40,30,0,2,18,31,17,18,0,4,11,12,23,12
2018,4,A,골목상권,2110539,미근동,3980,2503,1477,10,423,1097,1292,968,190,5,177,780,850,558,133,5,246,317,442,410,57
2018,4,A,골목상권,2110538,충정로역 3번,493,287,206,0,66,108,110,108,101,0,31,76,68,59,53,0,35,32,42,49,48
2018,4,A,골목상권,2110537,충정로현대아파트,1002,585,417,3,130,263,251,203,152,0,38,135,164,149,99,3,92,128,87,54,53
2018,4,A,골목상권,2110536,돈의문센트레빌아파트입구,88,58,30,0,10,18,26,18,16,0,5,10,16,14,13,0,5,8,10,4,3
2018,4,A,골목상권,2110535,영천시장입구,294,82,212,2,46,54,57,101,34,2,12,15,18,24,11,0,34,39,39,77,23
2018,4,A,골목상권,2110534,경기대학교,115,53,62,0,5,27,26,31,26,0,5,18,14,9,7,0,0,9,12,22,19
2018,4,A,골목상권,2110533,충정로역 7번,27,19,8,0,0,2,10,7,8,0,0,0,9,5,5,0,0,2,1,2,3
2018,4,A,골목상권,2110532,아현역 2번,482,113,369,1,41,49,97,170,124,0,9,16,25,32,31,1,32,33,72,138,93
2018,4,A,골목상권,2110531,홍지문,118,26,92,0,19,25,16,47,11,0,10,9,3,2,2,0,9,16,13,45,9
2018,4,A,골목상권,2110530,아현역 1번,28,15,13,0,6,7,5,6,4,0,3,5,2,3,2,0,3,2,3,3,2
2018,4,A,골목상권,2110529,홍제3동주민센터,230,89,141,0,29,25,55,62,59,0,7,9,25,25,23,0,22,16,30,37,36
2018,4,A,골목상권,2110528,서울여자간호대학교,295,172,123,0,23,47,64,37,124,0,12,19,27,20,94,0,11,28,37,17,30
2018,4,A,골목상권,2110527,홍제역 2번,113,49,64,1,20,27,26,22,17,1,5,15,14,11,3,0,15,12,12,11,14
2018,4,A,골목상권,2110526,봉원사,192,107,85,0,55,58,40,25,14,0,23,36,28,13,7,0,32,22,12,12,7
2018,4,A,골목상권,2110525,홍은종합사회복지관,130,43,87,0,19,26,30,40,15,0,3,12,5,15,8,0,16,14,25,25,7
2018,4,A,골목상권,2110524,연희세브란스병원,246,91,155,4,69,51,42,61,19,3,19,18,17,23,11,1,50,33,25,38,8
2018,4,A,골목상권,2110523,홍제성원아파트,8,7,1,0,0,1,5,1,1,0,0,0,5,1,1,0,0,1,0,0,0
2018,4,A,골목상권,2110522,홍제역 3번,63,25,38,0,14,23,16,6,4,0,3,9,6,4,3,0,11,14,10,2,1
2018,4,A,골목상권,2110521,홍제역 4번,80,35,45,1,6,7,27,26,13,1,3,3,10,8,10,0,3,4,17,18,3
2018,4,A,골목상권,2110520,경의중앙 신촌역,175,101,74,0,26,30,47,38,34,0,12,19,29,23,18,0,14,11,18,15,16
2018,4,A,골목상권,2110519,서대문구보건소별관,458,188,270,0,56,85,113,152,52,0,14,35,48,58,33,0,42,50,65,94,19
2018,4,A,골목상권,2110518,서대문구청,327,115,212,0,54,103,107,40,23,0,8,36,46,17,8,0,46,67,61,23,15
2018,4,A,골목상권,2110517,서대문소방서,458,332,126,0,67,145,91,115,40,0,34,107,68,96,27,0,33,38,23,19,13
2018,4,A,골목상권,2110516,정원여중,47,13,34,0,6,12,11,10,8,0,1,5,4,2,1,0,5,7,7,8,7
2018,4,A,골목상권,2110515,홍은중학교,151,116,35,0,12,45,52,26,16,0,9,38,40,18,11,0,3,7,12,8,5
2018,4,A,골목상권,2110514,서대문우체국,115,55,60,0,23,32,25,28,7,0,11,15,12,12,5,0,12,17,13,16,2
2018,4,A,골목상권,2110513,연희파출소,395,206,189,2,85,83,83,78,64,1,44,48,45,32,36,1,41,35,38,46,28
2018,4,A,골목상권,2110512,연희지하차도,434,152,282,0,57,57,109,122,89,0,21,29,31,36,35,0,36,28,78,86,54
2018,4,A,골목상권,2110511,연희초등학교,371,134,237,1,88,73,70,91,48,0,23,26,29,28,28,1,65,47,41,63,20
2018,4,A,골목상권,2110510,홍연시장,218,131,87,0,13,44,70,57,34,0,7,29,45,34,16,0,6,15,25,23,18
2018,4,A,골목상권,2110509,연희대우아파트앞,1183,483,700,3,156,303,363,252,106,1,58,140,136,81,67,2,98,163,227,171,39
2018,4,A,골목상권,2110508,서연중학교,403,208,195,1,99,120,68,73,42,0,39,71,35,37,26,1,60,49,33,36,16
2018,4,A,골목상권,2110507,명지대학교,444,203,241,2,94,98,77,111,62,1,42,50,33,46,31,1,52,48,44,65,31
2018,4,A,골목상권,2110506,연희임광아파트,121,76,45,0,11,20,33,29,28,0,8,12,23,14,19,0,3,8,10,15,9
2018,4,A,골목상권,2110505,홍남교남측,43,24,19,0,3,12,11,12,5,0,1,5,5,9,4,0,2,7,6,3,1
2018,4,A,골목상권,2110504,명지전문대,36,16,20,0,4,11,7,11,3,0,1,2,4,7,2,0,3,9,3,4,1
2018,4,A,골목상권,2110503,명지대학교교회,539,366,173,2,55,69,111,158,144,1,29,43,62,111,120,1,26,26,49,47,24
2018,4,A,골목상권,2110502,남가좌파출소,378,184,194,0,46,67,111,90,64,0,11,29,70,39,35,0,35,38,41,51,29
2018,4,A,골목상권,2110501,연희어린이공원,180,99,81,0,30,46,50,24,30,0,16,25,30,12,16,0,14,21,20,12,14
2018,4,A,골목상권,2110500,남가좌동현대아파트,32,10,22,0,4,8,8,7,5,0,1,3,1,2,3,0,3,5,7,5,2
2018,4,A,골목상권,2110499,연가초등학교,207,93,114,0,32,42,54,51,28,0,9,21,22,26,15,0,23,21,32,25,13
2018,4,A,골목상권,2110498,증산역 1번,269,137,132,0,19,48,69,88,45,0,4,26,40,41,26,0,15,22,29,47,19
2018,4,A,골목상권,2110497,가좌역 3번,356,276,80,0,24,46,106,129,51,0,6,23,87,119,41,0,18,23,19,10,10
2018,4,A,골목상권,2110496,모래내우체국,391,187,204,1,55,88,113,75,59,0,11,47,57,35,37,1,44,41,56,40,22
2018,4,A,골목상권,2110495,북가좌2동주민센터,558,352,206,0,34,63,147,212,102,0,15,35,91,144,67,0,19,28,56,68,35
2018,4,A,골목상권,2110494,증산3교남측,66,46,20,0,13,12,17,18,6,0,5,11,14,11,5,0,8,1,3,7,1
2018,4,A,골목상권,2110493,북가좌초등학교,218,158,60,0,25,52,53,58,30,0,8,38,42,43,27,0,17,14,11,15,3
2018,4,A,골목상권,2110492,하나고등학교,260,51,209,0,11,15,15,120,99,0,2,11,7,16,15,0,9,4,8,104,84
2018,4,A,골목상권,2110491,불광중학교,74,27,47,0,7,10,32,21,4,0,3,4,12,5,3,0,4,6,20,16,1
2018,4,A,골목상권,2110490,녹번동근린공원,286,92,194,1,17,44,89,87,48,0,4,17,33,23,15,1,13,27,56,64,33
2018,4,A,골목상권,2110489,불광역 3번,76,25,51,0,14,11,27,17,7,0,3,1,12,6,3,0,11,10,15,11,4
2018,4,A,골목상권,2110488,우리은행응암동지점,568,251,317,2,56,85,96,130,199,0,19,30,30,49,123,2,37,55,66,81,76
2018,4,A,골목상권,2110487,불광역 8번,155,82,73,0,19,47,44,29,16,0,9,30,19,15,9,0,10,17,25,14,7
2018,4,A,골목상권,2110486,은평구청,732,343,389,0,73,138,221,185,115,0,31,58,105,85,64,0,42,80,116,100,51
2018,4,A,골목상권,2110485,연신내우체국,154,55,99,1,11,46,33,36,27,1,5,16,16,11,6,0,6,30,17,25,21
2018,4,A,골목상권,2110484,역촌역 3번,375,158,217,1,54,71,98,90,61,0,21,32,38,33,34,1,33,39,60,57,27
2018,4,A,골목상권,2110483,연천초등학교,41,15,26,0,3,9,14,11,4,0,0,3,5,3,4,0,3,6,9,8,0
2018,4,A,골목상권,2110482,연신초등학교,74,23,51,0,1,18,27,17,11,0,0,8,7,4,4,0,1,10,20,13,7
2018,4,A,골목상권,2110481,불광역 7번,473,142,331,3,57,86,99,114,114,0,22,34,34,22,30,3,35,52,65,92,84
2018,4,A,골목상권,2110480,연신내역 3번,101,37,64,0,18,23,24,21,15,0,4,9,11,7,6,0,14,14,13,14,9
2018,4,A,골목상권,2110479,연신내역 2번,472,222,250,1,47,71,133,115,105,0,14,38,64,56,50,1,33,33,69,59,55
2018,4,A,골목상권,2110478,응암1동주민센터,422,154,268,2,55,59,112,119,75,2,20,24,42,36,30,0,35,35,70,83,45
2018,4,A,골목상권,2110477,은평세무서,862,394,468,3,92,158,222,232,155,0,26,64,112,109,83,3,66,94,110,123,72
2018,4,A,골목상권,2110476,역촌역 2번,82,36,46,0,10,12,27,21,12,0,5,6,13,7,5,0,5,6,14,14,7
2018,4,A,골목상권,2110475,백련산해모로아파트,243,92,151,2,28,36,73,62,42,1,13,17,21,21,19,1,15,19,52,41,23
2018,4,A,골목상권,2110474,세명컴퓨터고등학교,174,84,90,0,26,38,47,42,21,0,13,19,23,17,12,0,13,19,24,25,9
2018,4,A,골목상권,2110473,구산역 1번,412,192,220,2,36,71,120,104,79,0,11,28,64,46,43,2,25,43,56,58,36
2018,4,A,골목상권,2110472,연신내역 4번,454,213,241,1,45,92,94,109,113,1,19,47,40,52,54,0,26,45,54,57,59
2018,4,A,골목상권,2110471,응암동우체국,420,171,249,0,45,83,111,112,69,0,12,30,46,46,37,0,33,53,65,66,32
2018,4,A,골목상권,2110470,신진과학기술고등학교,124,59,65,1,6,26,42,29,20,1,3,12,23,8,12,0,3,14,19,21,8
2018,4,A,골목상권,2110469,응암정보도서관,587,260,327,1,65,110,159,160,92,0,26,53,65,70,46,1,39,57,94,90,46
2018,4,A,골목상권,2110468,응암역 3번,873,415,458,2,107,162,227,228,147,1,29,82,128,107,68,1,78,80,99,121,79
2018,4,A,골목상권,2110467,은평요양병원,306,159,147,0,29,49,87,82,59,0,11,30,36,39,43,0,18,19,51,43,16
2018,4,A,골목상권,2110466,구산역 2번,162,96,66,1,19,36,48,34,24,1,9,19,30,21,16,0,10,17,18,13,8
2018,4,A,골목상권,2110465,연신내역 7번,269,134,135,0,42,58,65,61,43,0,27,36,19,26,26,0,15,22,46,35,17
2018,4,A,골목상권,2110464,연신내역 5번,343,160,183,1,45,68,102,87,40,1,14,36,49,35,25,0,31,32,53,52,15
2018,4,A,골목상권,2110463,응암3동주민센터,291,119,172,2,78,66,60,49,36,1,31,35,20,16,16,1,47,31,40,33,20
2018,4,A,골목상권,2110462,갈현건영아파트,202,90,112,0,20,41,54,58,29,0,9,18,23,26,14,0,11,23,31,32,15
2018,4,A,골목상권,2110461,새절역 2번,55,29,26,0,5,10,16,12,12,0,4,7,9,3,6,0,1,3,7,9,6
2018,4,A,골목상권,2110460,구산역 4번,787,265,522,0,110,135,190,236,116,0,25,60,70,68,42,0,85,75,120,168,74
2018,4,A,골목상권,2110459,응암역 2번,424,210,214,1,59,83,120,93,68,1,27,50,48,43,41,0,32,33,72,50,27
2018,4,A,골목상권,2110458,선일여고,252,109,143,0,34,53,73,60,32,0,17,26,23,22,21,0,17,27,50,38,11
2018,4,A,골목상권,2110457,예일여고,363,171,192,0,30,68,94,93,78,0,14,38,52,39,28,0,16,30,42,54,50
2018,4,A,골목상권,2110456,구산보건지소,414,169,245,0,38,71,120,133,52,0,18,30,48,46,27,0,20,41,72,87,25
2018,4,A,골목상권,2110455,역촌노인복지관,476,194,282,2,59,90,119,141,65,1,21,46,53,41,32,1,38,44,66,100,33
2018,4,A,골목상권,2110454,선정중학교,117,27,90,0,12,17,35,26,27,0,4,9,5,6,3,0,8,8,30,20,24
2018,4,A,골목상권,2110453,신사1동주민센터,790,379,411,1,82,170,194,210,133,1,36,93,104,90,55,0,46,77,90,120,78
2018,4,A,골목상권,2110452,새절역 3번,803,387,416,0,52,100,137,182,332,0,20,45,66,107,149,0,32,55,71,75,183
2018,4,A,골목상권,2110451,증산역 4번,448,265,183,0,59,97,138,99,55,0,29,62,91,51,32,0,30,35,47,48,23
2018,4,A,골목상권,2110450,시립서북병원,1276,432,844,3,214,281,301,298,179,1,74,101,120,83,53,2,140,180,181,215,126
2018,4,A,골목상권,2110449,증산역 3번,843,478,365,4,87,165,193,202,192,3,32,70,102,135,136,1,55,95,91,67,56
2018,4,A,골목상권,2110448,상신초등학교입구,63,21,42,0,8,12,20,14,9,0,3,4,5,5,4,0,5,8,15,9,5
2018,4,A,골목상권,2110447,구산초등학교,28,6,22,0,1,1,10,5,11,0,1,1,2,0,2,0,0,0,8,5,9
2018,4,A,골목상권,2110446,내를건너서숲으로도서관,216,127,89,0,16,20,54,65,61,0,3,6,28,39,51,0,13,14,26,26,10
2018,4,A,골목상권,2110445,덕산중학교,12,8,4,0,1,1,5,2,3,0,0,1,2,2,3,0,1,0,3,0,0
2018,4,A,골목상권,2110444,수색성당,388,346,42,0,11,32,53,110,182,0,5,21,41,101,178,0,6,11,12,9,4
2018,4,A,골목상권,2110443,수색역 1번,15,8,7,0,0,0,8,4,3,0,0,0,4,3,1,0,0,0,4,1,2
2018,4,A,골목상권,2110442,화랑대철도공원,154,62,92,2,14,26,23,65,24,2,11,18,8,17,6,0,3,8,15,48,18
2018,4,A,골목상권,2110441,영신여고,251,76,175,0,23,43,56,68,61,0,6,18,16,19,17,0,17,25,40,49,44
2018,4,A,골목상권,2110440,상계3동4동주민센터,90,37,53,0,11,16,20,31,12,0,2,10,8,9,8,0,9,6,12,22,4
2018,4,A,골목상권,2110439,당고개역 5번,54,23,31,0,2,8,15,17,12,0,0,5,8,7,3,0,2,3,7,10,9
2018,4,A,골목상권,2110438,경춘선숲길 우측,443,191,252,1,60,103,154,84,41,1,29,52,59,31,19,0,31,51,95,53,22
2018,4,A,골목상권,2110437,당고개역 2번,292,89,203,0,27,54,66,86,59,0,9,24,18,27,11,0,18,30,48,59,48
2018,4,A,골목상권,2110436,상계제일중학교,271,88,183,0,26,48,52,84,61,0,7,21,21,26,13,0,19,27,31,58,48
2018,4,A,골목상권,2110435,서울과학기술대,71,37,34,1,17,11,15,17,10,1,8,6,8,9,5,0,9,5,7,8,5
2018,4,A,골목상권,2110434,태릉입구역 4번,148,84,64,0,12,29,37,44,26,0,5,17,22,23,17,0,7,12,15,21,9
2018,4,A,골목상권,2110433,공릉역 2번,334,161,173,0,33,58,70,103,70,0,17,39,34,40,31,0,16,19,36,63,39
2018,4,A,골목상권,2110432,대진고등학교,331,150,181,10,29,47,91,99,55,8,17,26,33,39,27,2,12,21,58,60,28
2018,4,A,골목상권,2110431,상계역,390,147,243,4,54,76,108,92,56,0,18,34,48,34,13,4,36,42,60,58,43
2018,4,A,골목상권,2110430,중계초등학교,265,117,148,1,29,55,58,60,62,0,9,23,22,25,38,1,20,32,36,35,24
2018,4,A,골목상권,2110429,공릉동 국수거리,3337,1340,1997,18,419,553,743,926,678,11,170,312,347,318,182,7,249,241,396,608,496
2018,4,A,골목상권,2110428,상계5동주민센터,800,381,419,0,71,117,210,235,167,0,25,71,95,104,86,0,46,46,115,131,81
2018,4,A,골목상권,2110427,노원 을지대학교병원,205,146,59,0,9,31,57,70,38,0,6,18,37,53,32,0,3,13,20,17,6
2018,4,A,골목상권,2110426,상계2동주민센터,587,236,351,0,75,123,131,164,94,0,24,57,53,56,46,0,51,66,78,108,48
2018,4,A,골목상권,2110425,계상초등학교,393,192,201,0,46,61,102,115,69,0,18,32,53,56,33,0,28,29,49,59,36
2018,4,A,골목상권,2110424,상계초등학교,575,205,370,3,58,93,144,174,103,2,20,46,59,49,29,1,38,47,85,125,74
2018,4,A,골목상권,2110423,석계역 2번,259,143,116,0,42,62,86,46,23,0,16,34,48,28,17,0,26,28,38,18,6
2018,4,A,골목상권,2110422,노원역 9번,138,54,84,0,11,17,35,42,33,0,4,7,16,11,16,0,7,10,19,31,17
2018,4,A,골목상권,2110421,석계역 1번,415,127,288,4,81,64,99,90,77,1,22,26,26,26,26,3,59,38,73,64,51
2018,4,A,골목상권,2110420,광운대역 1번,227,116,111,1,33,46,64,44,39,0,6,26,42,24,18,1,27,20,22,20,21
2018,4,A,골목상권,2110419,수락산디자인거리,1802,1180,622,9,96,200,323,339,835,4,55,121,190,182,628,5,41,79,133,157,207
2018,4,A,골목상권,2110418,광운대학교 남단,139,85,54,2,14,22,33,44,24,2,9,17,19,24,14,0,5,5,14,20,10
2018,4,A,골목상권,2110417,월계역 3번,50,29,21,0,12,10,12,12,4,0,6,7,6,7,3,0,6,3,6,5,1
2018,4,A,골목상권,2110416,노원초등학교,623,323,300,3,86,96,141,171,126,1,46,57,61,89,69,2,40,39,80,82,57
2018,4,A,골목상권,2110415,수락산역 4번,1803,964,839,2,168,336,424,398,475,2,70,219,243,237,193,0,98,117,181,161,282
2018,4,A,골목상권,2110414,장석교회,299,239,60,1,12,34,46,100,106,1,5,21,35,82,95,0,7,13,11,18,11
2018,4,A,골목상권,2110413,누원고등학교,406,141,265,1,34,60,94,110,107,0,14,34,39,31,23,1,20,26,55,79,84
2018,4,A,골목상권,2110412,창동중학교,52,35,17,0,7,16,13,8,8,0,5,13,9,3,5,0,2,3,4,5,3
2018,4,A,골목상권,2110411,도봉역 3번,622,445,177,0,23,89,110,201,199,0,7,38,66,162,172,0,16,51,44,39,27
2018,4,A,골목상권,2110410,방학역 2번,1554,891,663,13,182,241,290,425,403,8,72,110,148,260,293,5,110,131,142,165,110
2018,4,A,골목상권,2110409,창동역 2번,506,266,240,2,79,126,132,102,65,1,37,67,60,52,49,1,42,59,72,50,16
2018,4,A,골목상권,2110408,가인초등학교,684,274,410,7,142,159,168,140,68,3,31,67,80,58,35,4,111,92,88,82,33
2018,4,A,골목상권,2110407,도봉역 2번,762,452,310,1,67,126,172,226,170,1,30,70,101,137,113,0,37,56,71,89,57
2018,4,A,골목상권,2110406,도봉산역 1번,839,644,195,1,34,75,180,346,203,1,14,47,142,284,156,0,20,28,38,62,47
2018,4,A,골목상권,2110405,방학역 1번,384,165,219,5,49,63,116,105,46,3,17,31,44,44,26,2,32,32,72,61,20
2018,4,A,골목상권,2110404,신창초등학교,611,246,365,3,53,109,154,192,100,3,12,44,72,72,43,0,41,65,82,120,57
2018,4,A,골목상권,2110403,방학1동주민센터,411,160,251,1,52,67,92,108,91,0,17,30,42,38,33,1,35,37,50,70,58
2018,4,A,골목상권,2110402,도봉구 정병원,629,273,356,2,66,74,134,188,165,1,36,42,67,65,62,1,30,32,67,123,103
2018,4,A,골목상권,2110401,도봉구민회관,385,125,260,1,54,56,76,123,75,1,13,21,33,39,18,0,41,35,43,84,57
2018,4,A,골목상권,2110400,도봉구보건소,963,440,523,0,98,176,216,245,228,0,36,90,79,118,117,0,62,86,137,127,111
2018,4,A,골목상권,2110399,창2동주민센터,674,316,358,6,90,105,213,176,84,1,41,54,89,83,48,5,49,51,124,93,36
2018,4,A,골목상권,2110398,쌍문2동우체국,1079,769,310,9,70,138,175,223,464,6,31,96,100,146,390,3,39,42,75,77,74
2018,4,A,골목상권,2110397,도봉산입구,652,364,288,3,54,95,160,192,148,1,20,48,71,113,111,2,34,47,89,79,37
2018,4,A,골목상권,2110396,쌍문역1번(쌍리단길),491,177,314,0,116,98,118,118,41,0,19,44,48,45,21,0,97,54,70,73,20
2018,4,A,골목상권,2110395,신한은행 방학동지점,237,89,148,0,25,35,59,69,49,0,3,19,25,24,18,0,22,16,34,45,31
2018,4,A,골목상권,2110394,방학중학교,258,97,161,0,23,41,68,76,50,0,7,24,22,22,22,0,16,17,46,54,28
2018,4,A,골목상권,2110393,국민은행방학지점,142,44,98,0,19,27,43,38,15,0,2,8,16,12,6,0,17,19,27,26,9
2018,4,A,골목상권,2110392,발바닥공원,138,43,95,0,16,23,27,43,29,0,4,7,8,13,11,0,12,16,19,30,18
2018,4,A,골목상권,2110391,샘말어린이공원,270,131,139,0,32,61,80,56,41,0,20,34,45,16,16,0,12,27,35,40,25
2018,4,A,골목상권,2110390,방학초등학교,443,197,246,2,35,59,113,94,140,2,14,25,50,34,72,0,21,34,63,60,68
2018,4,A,골목상권,2110389,한일병원,254,118,136,0,18,43,62,78,53,0,12,19,36,32,19,0,6,24,26,46,34
2018,4,A,골목상권,2110388,도봉우체국,81,38,43,1,10,11,27,16,16,0,5,3,11,9,10,1,5,8,16,7,6
2018,4,A,골목상권,2110387,쌍문초등학교,303,179,124,1,39,64,79,66,54,0,17,43,43,33,43,1,22,21,36,33,11
2018,4,A,골목상권,2110386,연산군묘,155,130,25,0,3,6,21,58,67,0,1,4,17,45,63,0,2,2,4,13,4
2018,4,A,골목상권,2110385,효문고등학교,21,14,7,0,3,2,8,5,3,0,3,0,6,3,2,0,0,2,2,2,1
2018,4,A,골목상권,2110384,문이교,14,11,3,0,1,5,2,6,0,0,1,5,2,3,0,0,0,0,0,3,0
2018,4,A,골목상권,2110383,덕성여대시반거리,142,56,86,0,13,24,38,38,29,0,10,13,16,9,8,0,3,11,22,29,21
2018,4,A,골목상권,2110382,솔밭공원역 1번,409,192,217,2,57,50,59,138,103,1,10,22,21,62,76,1,47,28,38,76,27
2018,4,A,골목상권,2110381,번동주공2단지,306,150,156,3,81,55,74,73,20,2,35,31,39,33,10,1,46,24,35,40,10
2018,4,A,골목상권,2110380,강북문화정보도서관,44,9,35,0,14,7,10,11,2,0,1,1,1,5,1,0,13,6,9,6,1
2018,4,A,골목상권,2110379,KT&G 북부지사,37,17,20,0,3,9,15,9,1,0,1,3,9,3,1,0,2,6,6,6,0
2018,4,A,골목상권,2110378,송중동주민센터,147,74,73,0,16,40,51,31,9,0,6,22,23,16,7,0,10,18,28,15,2
2018,4,A,골목상권,2110377,미아사거리역 3번,68,37,31,1,9,18,12,20,8,1,5,13,5,9,4,0,4,5,7,11,4
2018,4,A,골목상권,2110376,수송초등학교,449,188,261,2,54,82,132,118,61,0,19,40,49,49,31,2,35,42,83,69,30
2018,4,A,골목상권,2110375,서울북부고용노동지청,378,204,174,2,63,62,83,95,73,2,51,43,43,34,31,0,12,19,40,61,42
2018,4,A,골목상권,2110374,송중초등학교,671,272,399,3,74,121,205,170,98,2,26,48,87,57,52,1,48,73,118,113,46
2018,4,A,골목상권,2110373,수유역 2번,1028,696,332,1,110,287,212,303,115,1,68,243,151,199,34,0,42,44,61,104,81
2018,4,A,골목상권,2110372,강북중학교,149,84,65,0,12,22,31,50,34,0,3,14,17,26,24,0,9,8,14,24,10
2018,4,A,골목상권,2110371,삼양입구사거리,85,37,48,0,1,3,26,32,23,0,0,0,11,15,11,0,1,3,15,17,12
2018,4,A,골목상권,2110370,도봉세무서,1236,624,612,1,44,112,161,229,689,0,29,62,93,150,290,1,15,50,68,79,399
2018,4,A,골목상권,2110369,성신여대운정그린캠퍼스,773,327,446,0,106,143,169,166,189,0,33,65,69,62,98,0,73,78,100,104,91
2018,4,A,골목상권,2110368,송천초등학교,114,66,48,0,16,14,29,38,17,0,10,9,17,17,13,0,6,5,12,21,4
2018,4,A,골목상권,2110367,강북구청,2247,1196,1051,6,191,582,575,640,253,4,65,258,296,419,154,2,126,324,279,221,99
2018,4,A,골목상권,2110366,광산사거리,187,124,63,0,14,32,46,59,36,0,10,20,25,40,29,0,4,12,21,19,7
2018,4,A,골목상권,2110365,미아역 5번,101,35,66,1,4,20,35,31,10,1,1,9,11,10,3,0,3,11,24,21,7
2018,4,A,골목상권,2110364,미아역 8번,237,109,128,1,31,45,73,57,30,1,12,24,30,25,17,0,19,21,43,32,13
2018,4,A,골목상권,2110363,송천동주민센터,37,24,13,0,8,13,6,4,6,0,5,9,4,1,5,0,3,4,2,3,1
2018,4,A,골목상권,2110362,우이천 계성교,256,125,131,0,46,40,77,61,32,0,18,23,47,25,12,0,28,17,30,36,20
2018,4,A,골목상권,2110361,삼양사거리역 1번,268,111,157,4,38,51,49,68,58,4,18,23,21,23,22,0,20,28,28,45,36
2018,4,A,골목상권,2110360,수유초등학교,526,337,189,1,63,87,110,145,120,0,18,62,66,95,96,1,45,25,44,50,24
2018,4,A,골목상권,2110359,수유시장옆,152,63,89,0,12,36,42,32,30,0,2,17,22,13,9,0,10,19,20,19,21
2018,4,A,골목상권,2110358,인수동 우편취급국,548,233,315,0,42,74,107,180,145,0,13,46,49,43,82,0,29,28,58,137,63
2018,4,A,골목상권,2110357,가오리역 1번,281,115,166,1,23,47,72,73,65,1,7,21,31,26,29,0,16,26,41,47,36
2018,4,A,골목상권,2110356,덕수교,287,128,159,0,29,52,82,70,54,0,17,32,40,18,21,0,12,20,42,52,33
2018,4,A,골목상권,2110355,삼양사거리역 2번,264,158,106,0,23,36,49,81,75,0,4,17,19,56,62,0,19,19,30,25,13
2018,4,A,골목상권,2110354,삼각산119안전센터,53,19,34,0,12,19,17,3,2,0,2,9,6,1,1,0,10,10,11,2,1
2018,4,A,골목상권,2110353,수유동우체국,270,136,134,4,36,42,54,78,56,2,23,26,28,37,20,2,13,16,26,41,36
2018,4,A,골목상권,2110352,수유1동주민센터,506,185,321,1,63,101,149,126,66,0,24,47,49,39,26,1,39,54,100,87,40
2018,4,A,골목상권,2110351,수유북부시장옆,293,217,76,0,9,21,33,114,116,0,3,11,14,84,105,0,6,10,19,30,11
2018,4,A,골목상권,2110350,가오리역 2번,116,69,47,0,14,27,33,26,16,0,9,14,19,14,13,0,5,13,14,12,3
2018,4,A,골목상권,2110349,화계역 2번,17,2,15,0,4,4,7,2,0,0,0,0,2,0,0,0,4,4,5,2,0
2018,4,A,골목상권,2110348,강북문화예술회관,526,230,296,1,55,103,143,154,70,0,12,49,72,57,40,1,43,54,71,97,30
2018,4,A,골목상권,2110347,구세군강북종합사회복지관,44,15,29,0,13,10,12,6,3,0,2,7,2,3,1,0,11,3,10,3,2
2018,4,A,골목상권,2110346,4.19민주묘지역 2번,116,68,48,1,16,24,37,22,16,0,5,13,25,13,12,1,11,11,12,9,4
2018,4,A,골목상권,2110345,솔밭공원역 2번,191,71,120,0,23,42,60,48,18,0,4,17,26,10,14,0,19,25,34,38,4
2018,4,A,골목상권,2110344,화계중학교,541,530,11,0,6,52,192,229,62,0,3,48,190,229,60,0,3,4,2,0,2
2018,4,A,골목상권,2110343,무너미어린이공원,111,56,55,0,17,22,30,28,14,0,6,13,15,13,9,0,11,9,15,15,5
2018,4,A,골목상권,2110342,국립재활원,49,32,17,0,3,10,14,19,3,0,2,8,8,13,1,0,1,2,6,6,2
2018,4,A,골목상권,2110341,북한산우이역 2번,438,393,45,2,8,15,66,249,98,0,2,10,53,236,92,2,6,5,13,13,6
2018,4,A,골목상권,2110340,인수중학교,161,62,99,0,11,14,51,41,44,0,3,6,19,9,25,0,8,8,32,32,19
2018,4,A,골목상권,2110339,국립4.19민주묘지,314,234,80,0,19,39,81,118,57,0,5,19,62,101,47,0,14,20,19,17,10
2018,4,A,골목상권,2110338,인수초등학교,6,4,2,0,0,3,1,1,1,0,0,1,1,1,1,0,0,2,0,0,0
2018,4,A,골목상권,2110337,아카데미하우스,616,279,337,2,74,57,79,140,264,1,29,35,39,68,107,1,45,22,40,72,157
2018,4,A,골목상권,2110336,석관고등학교,385,293,92,0,11,51,108,137,78,0,7,39,92,104,51,0,4,12,16,33,27
2018,4,A,골목상권,2110335,석계역 7번,661,392,269,5,79,122,169,175,111,1,38,72,95,109,77,4,41,50,74,66,34
2018,4,A,골목상권,2110334,석관중앙교회,254,116,138,0,30,55,59,64,46,0,11,24,28,36,17,0,19,31,31,28,29
2018,4,A,골목상권,2110333,돌곶이역 5번,1210,887,323,0,49,66,69,121,905,0,21,35,33,64,734,0,28,31,36,57,171
2018,4,A,골목상권,2110332,돌곶이역 3번,213,91,122,0,24,27,53,66,43,0,2,15,21,26,27,0,22,12,32,40,16
2018,4,A,골목상권,2110331,돌곶이역 8번,467,190,277,4,63,147,119,85,49,1,14,62,48,36,29,3,49,85,71,49,20
2018,4,A,골목상권,2110330,돌곶이역 1번,310,162,148,0,40,39,103,100,28,0,24,24,57,39,18,0,16,15,46,61,10
2018,4,A,골목상권,2110329,우리은행체육관,149,53,96,1,12,18,45,46,27,1,1,7,16,19,9,0,11,11,29,27,18
2018,4,A,골목상권,2110328,상월곡역 3번,568,318,250,1,74,167,185,93,48,1,32,89,115,47,34,0,42,78,70,46,14
2018,4,A,골목상권,2110327,상월곡역 2번,262,132,130,2,24,52,75,63,46,0,9,25,37,28,33,2,15,27,38,35,13
2018,4,A,골목상권,2110326,장위동성당,41,18,23,0,4,1,14,14,8,0,2,0,7,6,3,0,2,1,7,8,5
2018,4,A,골목상권,2110325,장곡초등학교,134,56,78,1,17,27,38,41,10,0,3,10,18,18,7,1,14,17,20,23,3
2018,4,A,골목상권,2110324,월곡역 4번,135,62,73,2,56,34,20,15,8,0,16,21,14,7,4,2,40,13,6,8,4
2018,4,A,골목상권,2110323,상월곡역 1번,264,118,146,2,34,55,71,63,39,0,11,27,33,30,17,2,23,28,38,33,22
2018,4,A,골목상권,2110322,장위1동주민센터,205,76,129,0,18,30,39,91,27,0,3,10,15,33,15,0,15,20,24,58,12
2018,4,A,골목상권,2110321,동덕여대,54,27,27,0,7,15,19,11,2,0,5,9,6,7,0,0,2,6,13,4,2
2018,4,A,골목상권,2110320,KB국민은행 종암동지점,162,87,75,0,11,20,49,56,26,0,4,10,23,29,21,0,7,10,26,27,5
2018,4,A,골목상권,2110319,종암동주민센터,342,157,185,0,55,71,77,82,57,0,20,32,37,42,26,0,35,39,40,40,31
2018,4,A,골목상권,2110318,KT월곡지사,391,225,166,0,43,81,107,97,63,0,25,53,74,45,28,0,18,28,33,52,35
2018,4,A,골목상권,2110317,종암중학교,307,126,181,0,79,72,64,70,22,0,28,38,30,22,8,0,51,34,34,48,14
2018,4,A,골목상권,2110316,숭곡초등학교,1065,574,491,7,215,289,290,171,93,0,91,169,175,86,53,7,124,120,115,85,40
2018,4,A,골목상권,2110315,종암아이파크2차,493,199,294,3,102,90,124,109,65,0,42,46,55,26,30,3,60,44,69,83,35
2018,4,A,골목상권,2110314,종암경찰서,1313,786,527,3,143,299,332,390,146,1,64,202,221,247,51,2,79,97,111,143,95
2018,4,A,골목상권,2110313,안암역 3번,626,305,321,4,134,139,172,103,74,0,57,83,87,47,31,4,77,56,85,56,43
2018,4,A,골목상권,2110312,안암역 2번,452,247,205,5,71,101,120,104,51,2,37,67,69,45,27,3,34,34,51,59,24
2018,4,A,골목상권,2110311,종암아이파크2차후문,41,21,20,0,6,8,17,7,3,0,3,3,8,5,2,0,3,5,9,2,1
2018,4,A,골목상권,2110310,길음역 10번,377,75,302,0,12,38,102,147,78,0,3,16,18,16,22,0,9,22,84,131,56
2018,4,A,골목상권,2110309,대광초등학교,530,313,217,1,79,131,153,108,58,0,32,72,94,75,40,1,47,59,59,33,18
2018,4,A,골목상권,2110308,길음역 8번,325,146,179,3,64,79,91,57,31,0,22,46,38,25,15,3,42,33,53,32,16
2018,4,A,골목상권,2110307,길음역 7번,538,177,361,10,122,117,134,100,55,5,24,40,43,36,29,5,98,77,91,64,26
2018,4,A,골목상권,2110306,미아초등학교,97,54,43,0,10,23,28,20,16,0,7,16,11,12,8,0,3,7,17,8,8
2018,4,A,골목상권,2110305,보문역 5번,572,288,284,4,93,120,132,120,103,1,23,70,67,61,66,3,70,50,65,59,37
2018,4,A,골목상권,2110304,보문역 4번,523,244,279,6,108,87,137,121,64,2,46,49,71,54,22,4,62,38,66,67,42
2018,4,A,골목상권,2110303,성신여대입구역 1번,388,159,229,1,40,61,79,98,109,1,16,32,35,34,41,0,24,29,44,64,68
2018,4,A,골목상권,2110302,보문역 8번,689,404,285,0,107,117,138,174,153,0,46,61,78,103,116,0,61,56,60,71,37
2018,4,A,골목상권,2110301,성신여대입구역 7번,443,183,260,0,33,69,125,125,91,0,17,30,60,49,27,0,16,39,65,76,64
2018,4,A,골목상권,2110300,삼선동주민센터,3382,1853,1529,8,350,857,896,981,290,5,127,362,477,695,187,3,223,495,419,286,103
2018,4,A,골목상권,2110299,정릉역 1번,518,224,294,0,76,111,142,119,70,0,29,49,58,55,33,0,47,62,84,64,37
2018,4,A,골목상권,2110298,솔숲어린이공원,103,32,71,0,21,18,31,24,9,0,4,7,12,5,4,0,17,11,19,19,5
2018,4,A,골목상권,2110297,경동고등학교,539,256,283,1,78,120,123,139,78,1,33,72,54,61,35,0,45,48,69,78,43
2018,4,A,골목상권,2110296,성신여대입구역 4번,181,53,128,0,26,45,47,36,27,0,2,19,15,10,7,0,24,26,32,26,20
2018,4,A,골목상권,2110295,정릉우체국,298,148,150,6,55,53,69,70,45,3,23,31,34,29,28,3,32,22,35,41,17
2018,4,A,골목상권,2110294,서경대학교,534,362,172,0,30,48,107,183,166,0,5,27,62,131,137,0,25,21,45,52,29
2018,4,A,골목상권,2110293,삼선중학교,547,295,252,1,95,133,149,96,73,0,32,85,95,46,37,1,63,48,54,50,36
2018,4,A,골목상권,2110292,정릉역 2번,113,46,67,0,9,24,34,25,21,0,3,10,16,10,7,0,6,14,18,15,14
2018,4,A,골목상권,2110291,한성대입구역 3번,1086,555,531,1,228,203,258,275,121,1,101,95,130,157,71,0,127,108,128,118,50
2018,4,A,골목상권,2110290,북한산보국문역 1번,85,63,22,1,9,14,25,24,12,1,7,7,21,18,9,0,2,7,4,6,3
2018,4,A,골목상권,2110289,북한산보국문역 2번,145,93,52,0,13,20,44,44,24,0,3,14,28,26,22,0,10,6,16,18,2
2018,4,A,골목상권,2110288,동구여중,623,212,411,5,71,221,218,82,26,3,20,72,65,37,15,2,51,149,153,45,11
2018,4,A,골목상권,2110287,정릉3동주민센터,93,42,51,0,21,15,24,20,13,0,9,7,10,9,7,0,12,8,14,11,6
2018,4,A,골목상권,2110286,한성대입구역 5번,719,347,372,10,184,192,164,112,57,4,55,106,84,62,36,6,129,86,80,50,21
2018,4,A,골목상권,2110285,홍대부중,158,88,70,2,37,38,50,20,11,2,16,21,29,13,7,0,21,17,21,7,4
2018,4,A,골목상권,2110284,정릉북한산국립공원입구,527,481,46,1,7,53,174,212,80,0,3,49,159,194,76,1,4,4,15,18,4
2018,4,A,골목상권,2110283,성북초등학교앞,176,81,95,0,29,47,44,31,25,0,16,17,20,13,15,0,13,30,24,18,10
2018,4,A,골목상권,2110282,국민대학교앞,507,412,95,0,26,65,164,190,62,0,11,45,143,160,53,0,15,20,21,30,9
2018,4,A,골목상권,2110281,길상사,179,93,86,1,29,40,34,45,30,0,11,17,19,23,23,1,18,23,15,22,7
2018,4,A,골목상권,2110280,북정마을,127,37,90,0,38,34,26,21,8,0,12,11,4,7,3,0,26,23,22,14,5
2018,4,A,골목상권,2110279,신내역 2번,169,150,19,0,4,20,34,36,75,0,4,16,25,31,74,0,0,4,9,5,1
2018,4,A,골목상권,2110278,망우본동주민센터,584,267,317,1,77,102,165,147,92,0,34,45,68,66,54,1,43,57,97,81,38
2018,4,A,골목상권,2110277,러스크서울병원,655,304,351,0,104,148,164,151,88,0,34,78,83,65,44,0,70,70,81,86,44
2018,4,A,골목상권,2110276,신내IC북측,334,275,59,0,16,57,102,93,66,0,12,44,77,78,64,0,4,13,25,15,2
2018,4,A,골목상권,2110275,하나은행 망우동지점,140,75,65,0,8,26,37,40,29,0,1,12,19,22,21,0,7,14,18,18,8
2018,4,A,골목상권,2110274,서일대학교,464,213,251,2,60,91,104,115,92,1,11,46,44,61,50,1,49,45,60,54,42
2018,4,A,골목상권,2110273,장스여성병원,752,491,261,8,62,75,103,229,275,2,6,23,51,176,233,6,56,52,52,53,42
2018,4,A,골목상권,2110272,신내1동주민센터,1226,835,391,3,106,225,318,361,213,2,45,142,206,261,179,1,61,83,112,100,34
2018,4,A,골목상권,2110271,신내역 1번,145,102,43,0,11,29,45,34,26,0,7,24,29,24,18,0,4,5,16,10,8
2018,4,A,골목상권,2110270,혜원여고,235,194,41,0,9,11,41,81,93,0,5,6,27,70,86,0,4,5,14,11,7
2018,4,A,골목상권,2110269,용마문화복지센터,196,94,102,0,23,48,58,43,24,0,12,20,32,20,10,0,11,28,26,23,14
2018,4,A,골목상권,2110268,망우3동주민센터,162,75,87,1,17,31,40,50,23,0,2,17,21,23,12,1,15,14,19,27,11
2018,4,A,골목상권,2110267,망우역 2번,346,124,222,0,48,61,90,67,80,0,5,16,36,27,40,0,43,45,54,40,40
2018,4,A,골목상권,2110266,면목동우체국,185,87,98,0,22,32,54,55,22,0,12,17,26,22,10,0,10,15,28,33,12
2018,4,A,골목상권,2110265,망우역 1번,438,222,216,2,71,70,100,104,91,1,26,32,51,52,60,1,45,38,49,52,31
2018,4,A,골목상권,2110264,면목역 2번,616,246,370,1,81,111,145,171,107,1,28,46,65,59,47,0,53,65,80,112,60
2018,4,A,골목상권,2110263,면목역 1번,179,75,104,0,20,36,58,43,22,0,3,14,20,21,17,0,17,22,38,22,5
2018,4,A,골목상권,2110262,상봉역 3번,2096,1275,821,7,296,601,649,331,212,0,170,458,338,145,164,7,126,143,311,186,48
2018,4,A,골목상권,2110261,사가정역 4번,215,92,123,1,25,36,63,62,28,0,11,14,26,25,16,1,14,22,37,37,12
2018,4,A,골목상권,2110260,면목역 3번,236,97,139,0,26,42,70,68,30,0,9,16,25,30,17,0,17,26,45,38,13
2018,4,A,골목상권,2110259,사가정역 1번,280,163,117,0,22,67,80,77,34,0,8,37,47,48,23,0,14,30,33,29,11
2018,4,A,골목상권,2110258,면동초등학교,316,108,208,0,54,60,83,77,42,0,8,30,31,21,18,0,46,30,52,56,24
2018,4,A,골목상권,2110257,상봉역 7번,490,418,72,0,18,15,52,206,199,0,7,5,37,183,186,0,11,10,15,23,13
2018,4,A,골목상권,2110256,면목2동체육관,978,551,427,3,70,140,248,296,221,2,30,70,125,177,147,1,40,70,123,119,74
2018,4,A,골목상권,2110255,상봉역 4번,662,320,342,2,69,113,186,189,103,2,30,53,91,90,54,0,39,60,95,99,49
2018,4,A,골목상권,2110254,오거리공원,361,157,204,1,35,71,96,94,64,0,13,38,46,37,23,1,22,33,50,57,41
2018,4,A,골목상권,2110253,중곡초등학교,283,160,123,1,45,59,72,68,38,0,21,36,35,42,26,1,24,23,37,26,12
2018,4,A,골목상권,2110252,장안제일시장,776,518,258,1,48,112,156,271,188,0,26,61,99,177,155,1,22,51,57,94,33
2018,4,A,골목상권,2110251,장안중학교,210,107,103,0,28,40,62,56,24,0,11,21,24,32,19,0,17,19,38,24,5
2018,4,A,골목상권,2110250,화랑대역 7번,142,75,67,2,23,31,35,34,17,2,9,14,17,19,14,0,14,17,18,15,3
2018,4,A,골목상권,2110249,중화역 1번,866,382,484,4,101,162,247,227,125,0,37,71,115,93,66,4,64,91,132,134,59
2018,4,A,골목상권,2110248,먹골파출소,106,64,42,2,20,24,35,17,8,2,8,17,23,8,6,0,12,7,12,9,2
2018,4,A,골목상권,2110247,먹골역 1번,582,271,311,4,63,111,159,143,102,1,23,48,71,70,58,3,40,63,88,73,44
2018,4,A,골목상권,2110246,월드순복음교회,408,228,180,2,30,91,115,85,85,2,13,54,72,42,45,0,17,37,43,43,40
2018,4,A,골목상권,2110245,KB국민은행 중화동지점,131,77,54,0,11,15,38,37,30,0,6,10,18,21,22,0,5,5,20,16,8
2018,4,A,골목상권,2110244,중화역 4번,963,621,342,1,26,91,133,130,582,1,10,48,81,57,424,0,16,43,52,73,158
2018,4,A,골목상권,2110243,중랑노인종합복지관,515,210,305,0,53,98,134,144,86,0,20,38,59,53,40,0,33,60,75,91,46
2018,4,A,골목상권,2110242,면목5동주민센터,205,107,98,0,30,48,55,39,33,0,6,27,33,19,22,0,24,21,22,20,11
2018,4,A,골목상권,2110241,먹골역 5번,772,378,394,1,161,175,175,175,85,0,59,87,90,91,51,1,102,88,85,84,34
2018,4,A,골목상권,2110240,태릉시장 특화거리,121,38,83,0,14,27,39,26,15,0,1,13,7,9,8,0,13,14,32,17,7
2018,4,A,골목상권,2110239,중랑역 2번,13,2,11,0,0,1,3,3,6,0,0,0,0,1,1,0,0,1,3,2,5
2018,4,A,골목상권,2110238,배꽃어린이공원,71,39,32,0,13,14,22,19,3,0,5,9,12,12,1,0,8,5,10,7,2
2018,4,A,골목상권,2110237,메가박스 상봉,950,550,400,14,203,181,209,214,129,9,93,96,112,140,100,5,110,85,97,74,29
2018,4,A,골목상권,2110236,신묵초등학교,356,214,142,1,31,77,106,102,39,1,12,52,59,66,24,0,19,25,47,36,15
2018,4,A,골목상권,2110235,세화어린이공원,15,11,4,0,2,2,3,6,2,0,1,1,3,5,1,0,1,1,0,1,1
2018,4,A,골목상권,2110234,중랑역 4번,434,277,157,1,36,72,112,129,84,1,17,35,73,86,65,0,19,37,39,43,19
2018,4,A,골목상권,2110233,중랑역 1번,170,93,77,0,29,39,36,45,21,0,19,22,15,23,14,0,10,17,21,22,7
2018,4,A,골목상권,2110232,동대부고,1197,717,480,1,119,197,306,343,231,1,33,98,167,230,188,0,86,99,139,113,43
2018,4,A,골목상권,2110231,장안교,45,34,11,0,4,9,18,10,4,0,3,8,12,8,3,0,1,1,6,2,1
2018,4,A,골목상권,2110230,장안현대홈타운1차아파트,335,175,160,0,34,76,96,75,54,0,10,43,57,40,25,0,24,33,39,35,29
2018,4,A,골목상권,2110229,장평중학교,1548,981,567,1,194,302,366,396,289,0,77,184,217,252,251,1,117,118,149,144,38
2018,4,A,골목상권,2110228,장안근린공원,740,338,402,2,65,125,180,223,145,0,28,72,91,98,49,2,37,53,89,125,96
2018,4,A,골목상권,2110227,답십리공원,625,236,389,0,65,125,165,170,100,0,33,68,63,46,26,0,32,57,102,124,74
2018,4,A,골목상권,2110226,장안1동주민센터,2211,1319,892,5,303,504,598,499,302,4,144,301,375,295,200,1,159,203,223,204,102
2018,4,A,골목상권,2110225,촬영소사거리,623,383,240,0,88,111,125,151,148,0,55,74,80,89,85,0,33,37,45,62,63
2018,4,A,골목상권,2110224,외대앞역 2번,103,30,73,0,9,17,24,30,23,0,3,2,8,11,6,0,6,15,16,19,17
2018,4,A,골목상권,2110223,군자초등학교,830,388,442,0,23,61,84,216,446,0,15,40,47,91,195,0,8,21,37,125,251
2018,4,A,골목상권,2110222,회기역 2번,83,58,25,0,6,13,8,21,35,0,3,10,7,12,26,0,3,3,1,9,9
2018,4,A,골목상권,2110221,의릉,123,91,32,3,15,21,41,30,13,2,9,14,32,22,12,1,6,7,9,8,1
2018,4,A,골목상권,2110220,외대앞역 1번,405,186,219,3,93,95,94,73,47,2,39,58,42,30,15,1,54,37,52,43,32
2018,4,A,골목상권,2110219,삼육보건대학교,258,112,146,3,35,53,64,58,45,2,9,22,26,26,27,1,26,31,38,32,18
2018,4,A,골목상권,2110218,답십리사거리,351,164,187,1,33,66,97,106,48,1,14,33,44,46,26,0,19,33,53,60,22
2018,4,A,골목상권,2110217,자동차부품상가,904,704,200,1,76,197,275,207,148,1,65,163,211,141,123,0,11,34,64,66,25
2018,4,A,골목상권,2110216,전농중학교,258,99,159,0,34,69,68,56,31,0,12,29,24,22,12,0,22,40,44,34,19
2018,4,A,골목상권,2110215,회기역 1번,63,22,41,0,20,15,14,9,5,0,6,8,5,2,1,0,14,7,9,7,4
2018,4,A,골목상권,2110214,경희대후문,86,44,42,0,15,19,24,15,13,0,8,12,8,6,10,0,7,7,16,9,3
2018,4,A,골목상권,2110213,청량초등학교,114,61,53,0,18,36,21,20,19,0,4,26,10,8,13,0,14,10,11,12,6
2018,4,A,골목상권,2110212,답십리초등학교,358,169,189,0,44,78,88,78,70,0,10,37,48,37,37,0,34,41,40,41,33
2018,4,A,골목상권,2110211,전곡마을마당공원,281,160,121,1,36,57,67,79,41,0,19,36,42,40,23,1,17,21,25,39,18
2018,4,A,골목상권,2110210,서울시립대,193,105,88,1,21,37,50,43,41,0,9,19,25,24,28,1,12,18,25,19,13
2018,4,A,골목상권,2110209,답십리 장령당공원,234,148,86,0,21,37,53,49,74,0,8,18,32,33,57,0,13,19,21,16,17
2018,4,A,골목상권,2110208,시조사삼거리,206,145,61,1,11,42,62,72,18,1,2,26,46,54,16,0,9,16,16,18,2
2018,4,A,골목상권,2110207,시립대앞사거리,334,163,171,11,110,76,57,50,30,6,57,39,30,16,15,5,53,37,27,34,15
2018,4,A,골목상권,2110206,텃골근린공원,247,135,112,3,30,43,84,60,27,1,13,20,50,36,15,2,17,23,34,24,12
2018,4,A,골목상권,2110205,경희대삼거리,288,121,167,2,29,35,30,70,122,1,10,22,20,19,49,1,19,13,10,51,73
2018,4,A,골목상권,2110204,간데메공원,434,247,187,0,67,93,110,95,69,0,37,50,60,59,41,0,30,43,50,36,28
2018,4,A,골목상권,2110203,떡전교사거리,309,178,131,0,27,81,61,75,65,0,11,54,39,36,38,0,16,27,22,39,27
2018,4,A,골목상권,2110202,전농1동주민센터(전농시장),237,94,143,0,28,39,54,70,46,0,12,21,28,28,5,0,16,18,26,42,41
2018,4,A,골목상권,2110201,전농119안전센터,24,13,11,0,3,1,6,8,6,0,2,0,4,4,3,0,1,1,2,4,3
2018,4,A,골목상권,2110200,동대문경찰서,111,74,37,0,12,21,19,17,42,0,4,11,11,12,36,0,8,10,8,5,6
2018,4,A,골목상권,2110199,홍릉시장,215,93,122,0,18,40,44,63,50,0,6,21,21,27,18,0,12,19,23,36,32
2018,4,A,골목상권,2110198,동대문중앙새마을금고본점,93,64,29,2,4,25,22,27,13,2,4,16,16,18,8,0,0,9,6,9,5
2018,4,A,골목상권,2110197,세종대왕기념관교차로,74,42,32,0,17,13,12,23,9,0,9,10,8,11,4,0,8,3,4,12,5
2018,4,A,골목상권,2110196,홍릉근린공원,44,18,26,0,2,5,18,13,6,0,1,2,9,4,2,0,1,3,9,9,4
2018,4,A,골목상권,2110195,동대문구청,469,226,243,1,53,80,99,137,99,1,24,46,49,58,48,0,29,34,50,79,51
2018,4,A,골목상권,2110194,홍파초등학교,278,170,108,0,23,58,70,69,58,0,17,37,55,36,25,0,6,21,15,33,33
2018,4,A,골목상권,2110193,고려대역 4번,164,86,78,1,31,27,30,42,33,1,15,16,15,24,15,0,16,11,15,18,18
2018,4,A,골목상권,2110192,동의보감타워,374,203,171,0,58,81,105,83,47,0,23,49,62,40,29,0,35,32,43,43,18
2018,4,A,골목상권,2110191,고려대역 6번,281,137,144,0,20,41,75,89,56,0,11,34,41,29,22,0,9,7,34,60,34
2018,4,A,골목상권,2110190,고대앞사거리,213,95,118,0,31,51,52,46,33,0,5,26,29,20,15,0,26,25,23,26,18
2018,4,A,골목상권,2110189,제기동역 1번,806,517,289,0,77,149,184,159,237,0,37,79,102,102,197,0,40,70,82,57,40
2018,4,A,골목상권,2110188,용두동신동아아파트,1510,803,707,0,266,377,356,325,186,0,115,208,211,171,98,0,151,169,145,154,88
2018,4,A,골목상권,2110187,제기동역 6번,2480,1305,1175,3,379,621,587,510,380,2,112,315,314,307,255,1,267,306,273,203,125
2018,4,A,골목상권,2110186,종암초등학교,208,130,78,1,14,32,49,44,68,0,8,14,33,22,53,1,6,18,16,22,15
2018,4,A,골목상권,2110185,용두초등학교,193,119,74,0,18,45,58,45,27,0,5,31,39,24,20,0,13,14,19,21,7
2018,4,A,골목상권,2110184,용두사거리,467,289,178,0,71,141,98,84,73,0,40,86,53,51,59,0,31,55,45,33,14
2018,4,A,골목상권,2110183,한국의류시험연구원,1317,648,669,4,372,446,262,143,90,1,130,192,155,96,74,3,242,254,107,47,16
2018,4,A,골목상권,2110182,용두희망어린이공원,558,349,209,0,74,133,168,100,83,0,40,78,108,65,58,0,34,55,60,35,25
2018,4,A,골목상권,2110181,신설동역 9번,5381,3607,1774,58,931,1416,1145,858,973,39,523,1000,922,599,524,19,408,416,223,259,449
2018,4,A,골목상권,2110180,광진정보도서관,2511,1384,1127,16,498,520,618,557,302,10,183,316,399,286,190,6,315,204,219,271,112
2018,4,A,골목상권,2110179,광나루역 1번,434,265,169,1,68,107,134,84,40,1,28,62,91,53,30,0,40,45,43,31,10
2018,4,A,골목상권,2110178,장로회신학대학교,73,21,52,0,2,16,19,28,8,0,0,7,5,5,4,0,2,9,14,23,4
2018,4,A,골목상권,2110177,동의초등학교,47,22,25,0,7,19,11,5,5,0,4,6,4,3,5,0,3,13,7,2,0
2018,4,A,골목상권,2110176,해오름공원,331,201,130,2,32,47,79,81,90,2,14,30,41,46,68,0,18,17,38,35,22
2018,4,A,골목상권,2110175,푸른동산공원,307,118,189,0,30,50,67,86,74,0,6,20,26,25,41,0,24,30,41,61,33
2018,4,A,골목상권,2110174,아차산역 1번,324,160,164,0,31,53,103,89,48,0,11,29,46,48,26,0,20,24,57,41,22
2018,4,A,골목상권,2110173,구남초등학교,324,173,151,0,63,58,98,75,30,0,26,34,57,38,18,0,37,24,41,37,12
2018,4,A,골목상권,2110172,광진초등학교,354,237,117,0,45,68,90,88,63,0,25,46,59,56,51,0,20,22,31,32,12
2018,4,A,골목상권,2110171,중곡4동주민센터,106,75,31,0,13,22,31,22,18,0,5,16,20,18,16,0,8,6,11,4,2
2018,4,A,골목상권,2110170,동대부여고,272,123,149,0,23,51,66,71,61,0,4,26,42,31,20,0,19,25,24,40,41
2018,4,A,골목상권,2110169,성동초등학교,334,169,165,0,37,73,92,79,53,0,16,37,47,34,35,0,21,36,45,45,18
2018,4,A,골목상권,2110168,대원고등학교,400,299,101,0,21,54,96,128,101,0,14,33,71,92,89,0,7,21,25,36,12
2018,4,A,골목상권,2110167,용마초등학교,719,323,396,1,91,136,191,185,115,0,34,61,87,91,50,1,57,75,104,94,65
2018,4,A,골목상권,2110166,구의1동주민센터,528,289,239,0,69,136,156,99,68,0,23,78,102,52,34,0,46,58,54,47,34
2018,4,A,골목상권,2110165,국립정신건강센터,384,212,172,0,46,72,97,102,67,0,15,46,58,57,36,0,31,26,39,45,31
2018,4,A,골목상권,2110164,아차산역 5번,499,293,206,2,62,116,116,70,133,1,32,59,63,45,93,1,30,57,53,25,40
2018,4,A,골목상권,2110163,성자초등학교,461,243,218,2,103,120,98,70,68,1,45,61,55,34,47,1,58,59,43,36,21
2018,4,A,골목상권,2110162,군자역 4번,168,44,124,0,27,44,35,38,24,0,8,9,14,8,5,0,19,35,21,30,19
2018,4,A,골목상권,2110161,중곡역 3번,461,243,218,1,64,117,83,109,87,1,27,61,45,55,54,0,37,56,38,54,33
2018,4,A,골목상권,2110160,광진경찰서,1150,939,211,1,167,415,263,240,64,1,120,349,222,212,35,0,47,66,41,28,29
2018,4,A,골목상권,2110159,구의역 4번,931,466,465,6,171,189,189,229,147,2,78,96,91,112,87,4,93,93,98,117,60
2018,4,A,골목상권,2110158,중곡3동주민센터,677,404,273,0,76,121,174,165,141,0,28,62,91,104,119,0,48,59,83,61,22
2018,4,A,골목상권,2110157,자양동우체국,341,189,152,0,26,48,74,73,120,0,14,30,29,42,74,0,12,18,45,31,46
2018,4,A,골목상권,2110156,군자역 5번,700,318,382,3,150,175,141,154,77,1,49,91,77,58,42,2,101,84,64,96,35
2018,4,A,골목상권,2110155,광진구청,1612,1320,292,4,128,239,490,588,163,3,67,175,423,518,134,1,61,64,67,70,29
2018,4,A,골목상권,2110154,광진정말공원,766,331,435,3,162,191,198,147,65,1,57,89,85,62,37,2,105,102,113,85,28
2018,4,A,골목상권,2110153,중곡1동주민센터,101,43,58,1,10,12,25,39,14,0,1,2,15,17,8,1,9,10,10,22,6
2018,4,A,골목상권,2110152,중곡어린이공원,161,106,55,1,11,48,49,39,13,0,1,35,34,29,7,1,10,13,15,10,6
2018,4,A,골목상권,2110151,자양한강도서관,394,201,193,0,34,61,99,120,80,0,15,36,55,60,35,0,19,25,44,60,45
2018,4,A,골목상권,2110150,중곡1동 마을마당,1257,762,495,3,137,309,287,235,286,3,48,183,168,144,216,0,89,126,119,91,70
2018,4,A,골목상권,2110149,세종대학교,315,96,219,1,92,95,73,32,22,0,22,26,20,13,15,1,70,69,53,19,7
2018,4,A,골목상권,2110148,어린이대공원역 3번,54,32,22,1,8,12,11,11,11,1,3,7,7,5,9,0,5,5,4,6,2
2018,4,A,골목상권,2110147,능동우편취급국,756,371,385,0,165,217,195,127,52,0,48,107,125,65,26,0,117,110,70,62,26
2018,4,A,골목상권,2110146,신자초등학교,446,242,204,1,39,90,137,95,84,0,20,54,76,44,48,1,19,36,61,51,36
2018,4,A,골목상권,2110145,장안초등학교,31,21,10,0,3,6,9,12,1,0,2,6,8,5,0,0,1,0,1,7,1
2018,4,A,골목상권,2110144,어린이대공원역 4번,47,25,22,0,3,10,10,18,6,0,1,8,6,6,4,0,2,2,4,12,2
2018,4,A,골목상권,2110143,뚝섬유원지역 1번,43,16,27,0,7,8,9,13,6,0,2,3,3,5,3,0,5,5,6,8,3
2018,4,A,골목상권,2110142,화양사거리,393,193,200,1,78,85,63,86,80,1,45,44,33,31,39,0,33,41,30,55,41
2018,4,A,골목상권,2110141,건대입구역 1번,335,183,152,0,84,79,78,70,24,0,33,48,48,39,15,0,51,31,30,31,9
2018,4,A,골목상권,2110140,건대입구역 6번,1177,698,479,4,189,284,293,266,141,1,107,187,186,139,78,3,82,97,107,127,63
2018,4,A,골목상권,2110139,자양4동주민센터,480,295,185,0,48,82,133,119,98,0,16,56,78,66,79,0,32,26,55,53,19
2018,4,A,골목상권,2110138,송정체육공원,244,124,120,0,15,52,60,57,60,0,5,29,29,29,32,0,10,23,31,28,28
2018,4,A,골목상권,2110137,성수초등학교,16565,10296,6269,110,3710,4521,3798,2928,1498,72,1949,3071,2393,1685,1126,38,1761,1450,1405,1243,372
2018,4,A,골목상권,2110136,경수초등학교,5753,3893,1860,25,1007,1487,1416,1227,591,19,529,1009,1013,853,470,6,478,478,403,374,121
2018,4,A,골목상권,2110135,성동세무서,751,391,360,3,111,178,193,166,100,3,26,82,89,109,82,0,85,96,104,57,18
2018,4,A,골목상권,2110134,성수119안전센터,1195,899,296,1,82,185,321,369,237,0,41,127,243,290,198,1,41,58,78,79,39
2018,4,A,골목상권,2110133,서울교통공사,17723,15918,1805,36,1480,2590,6114,6678,825,32,1094,2153,5569,6308,762,4,386,437,545,370,63
2018,4,A,골목상권,2110132,성수2가3동주민센터,1193,818,375,1,205,295,312,239,141,1,118,210,220,156,113,0,87,85,92,83,28
2018,4,A,골목상권,2110131,성수동카페거리,7595,4688,2907,45,1886,2190,1691,1097,686,21,928,1407,1122,746,464,24,958,783,569,351,222
2018,4,A,골목상권,2110130,답십리역 6번,124,43,81,0,9,21,21,35,38,0,6,11,9,8,9,0,3,10,12,27,29
2018,4,A,골목상권,2110129,성원어린이공원,1230,771,459,5,203,371,329,233,89,4,100,253,198,146,70,1,103,118,131,87,19
2018,4,A,골목상권,2110128,성원중학교,1198,732,466,7,163,237,303,345,143,4,76,150,182,210,110,3,87,87,121,135,33
2018,4,A,골목상권,2110127,성수1가1동주민센터,958,476,482,21,246,301,199,147,44,11,88,169,104,77,27,10,158,132,95,70,17
2018,4,A,골목상권,2110126,서울숲역 1번,115,54,61,0,19,35,32,15,14,0,6,16,14,8,10,0,13,19,18,7,4
2018,4,A,골목상권,2110125,사근동살곶이상점가,156,80,76,0,23,45,41,28,19,0,11,21,23,13,12,0,12,24,18,15,7
2018,4,A,골목상권,2110124,뚝섬역교차로,3360,1784,1576,12,836,774,709,574,455,3,171,367,449,412,382,9,665,407,260,162,73
2018,4,A,골목상권,2110123,마장역 3번,834,592,242,0,70,139,191,265,169,0,39,90,124,197,142,0,31,49,67,68,27
2018,4,A,골목상권,2110122,마장역 2번,870,573,297,4,93,225,256,190,102,2,58,151,174,115,73,2,35,74,82,75,29
2018,4,A,골목상권,2110121,한양대역 4번,89,47,42,0,16,13,25,20,15,0,5,7,15,12,8,0,11,6,10,8,7
2018,4,A,골목상권,2110120,서울숲카페거리,122,58,64,0,37,38,27,15,5,0,17,18,13,6,4,0,20,20,14,9,1
2018,4,A,골목상권,2110119,마장지하차도,238,170,68,0,38,57,63,54,26,0,24,42,41,42,21,0,14,15,22,12,5
2018,4,A,골목상권,2110118,왕십리역 9번,811,404,407,3,155,157,180,164,152,3,62,71,88,78,102,0,93,86,92,86,50
2018,4,A,골목상권,2110117,성동구보건소,202,137,65,0,12,58,52,56,24,0,7,38,38,38,16,0,5,20,14,18,8
2018,4,A,골목상권,2110116,청계천박물관,5289,3843,1446,13,383,894,1245,1872,882,12,234,619,974,1358,646,1,149,275,271,514,236
2018,4,A,골목상권,2110115,상왕십리역 3번,982,407,575,1,224,230,203,208,116,0,67,109,108,78,45,1,157,121,95,130,71
2018,4,A,골목상권,2110114,왕십리파출소,293,131,162,0,32,73,63,76,49,0,11,33,44,32,11,0,21,40,19,44,38
2018,4,A,골목상권,2110113,응봉산,70,35,35,1,15,13,15,19,7,1,6,8,5,9,6,0,9,5,10,10,1
2018,4,A,골목상권,2110112,행당역 2번,231,101,130,0,40,50,48,52,41,0,19,22,21,17,22,0,21,28,27,35,19
2018,4,A,골목상권,2110110,상왕십리역 6번,211,111,100,1,33,56,57,35,29,0,11,31,31,17,21,1,22,25,26,18,8
2018,4,A,골목상권,2110109,금호삼성래미안아파트,334,162,172,0,45,82,82,71,54,0,13,45,38,33,33,0,32,37,44,38,21
2018,4,A,골목상권,2110108,성동구립금호도서관,36,9,27,0,8,9,12,6,1,0,1,3,4,1,0,0,7,6,8,5,1
2018,4,A,골목상권,2110107,금호사거리,120,59,61,0,6,18,23,36,37,0,2,12,14,14,17,0,4,6,9,22,20
2018,4,A,골목상권,2110106,금북초등학교,23,12,11,0,5,8,3,5,2,0,1,6,1,2,2,0,4,2,2,3,0
2018,4,A,골목상권,2110105,금동어린이공원,74,31,43,0,12,17,10,21,14,0,3,7,5,7,9,0,9,10,5,14,5
2018,4,A,골목상권,2110104,신금호역 4번,311,107,204,1,36,52,73,95,54,0,10,28,25,26,18,1,26,24,48,69,36
2018,4,A,골목상권,2110103,옥수터널,49,34,15,1,10,15,7,11,5,1,6,11,6,7,3,0,4,4,1,4,2
2018,4,A,골목상권,2110102,옥수역 6번,386,188,198,2,79,86,93,88,38,1,32,43,48,43,21,1,47,43,45,45,17
2018,4,A,골목상권,2110101,옥정중학교,350,134,216,3,107,59,66,74,41,0,34,17,28,30,25,3,73,42,38,44,16
2018,4,A,골목상권,2110100,옥수동우편취급국,152,80,72,1,33,67,28,16,7,1,15,42,11,7,4,0,18,25,17,9,3
2018,4,A,골목상권,2110099,유엔빌리지길,567,267,300,0,104,187,135,91,50,0,37,87,67,46,30,0,67,100,68,45,20
2018,4,A,골목상권,2110098,서울독일학교,761,352,409,2,274,260,118,55,52,1,113,131,69,27,11,1,161,129,49,28,41
2018,4,A,골목상권,2110097,한남초등학교,1339,903,436,5,287,603,342,75,27,5,143,412,265,57,21,0,144,191,77,18,6
2018,4,A,골목상권,2110096,한남힐사이드아파트,1188,658,530,11,420,473,163,83,38,8,174,290,110,49,27,3,246,183,53,34,11
2018,4,A,골목상권,2110095,한강진역 3번,1077,464,613,4,314,337,202,115,105,0,112,175,111,33,33,4,202,162,91,82,72
2018,4,A,골목상권,2110094,오산중학교,52,20,32,0,0,5,10,17,20,0,0,2,4,7,7,0,0,3,6,10,13
2018,4,A,골목상권,2110093,우사단길,1928,987,941,6,340,843,511,172,56,2,102,386,336,127,34,4,238,457,175,45,22
2018,4,A,골목상권,2110092,NH농협은행 보광동지점,276,142,134,0,33,50,73,57,63,0,12,22,37,29,42,0,21,28,36,28,21
2018,4,A,골목상권,2110091,리움미술관,334,123,211,2,161,104,36,17,14,1,55,38,14,7,8,1,106,66,22,10,6
2018,4,A,골목상권,2110090,한국폴리텍대학서울정수캠퍼스,566,275,291,4,252,183,62,33,32,0,104,99,30,20,22,4,148,84,32,13,10
2018,4,A,골목상권,2110089,서빙고동주민센터,486,286,200,0,55,122,133,92,84,0,22,61,62,69,72,0,33,61,71,23,12
2018,4,A,골목상권,2110088,오산고등학교,554,298,256,5,128,181,126,65,49,0,57,85,75,50,31,5,71,96,51,15,18
2018,4,A,골목상권,2110087,이태원엔틱가구거리,360,247,113,4,91,145,65,31,24,4,57,106,47,19,14,0,34,39,18,12,10
2018,4,A,골목상권,2110086,이태원역 북측,331,171,160,0,47,53,43,41,147,0,19,28,20,15,89,0,28,25,23,26,58
2018,4,A,골목상권,2110085,경리단길남측,1411,785,626,5,198,283,240,256,429,2,78,166,139,144,256,3,120,117,101,112,173
2018,4,A,골목상권,2110084,경리단길북측,868,448,420,10,219,264,156,119,100,8,115,138,78,55,54,2,104,126,78,64,46
2018,4,A,골목상권,2110083,서빙고역 1번,539,391,148,1,81,219,146,55,37,0,49,148,119,46,29,1,32,71,27,9,8
2018,4,A,골목상권,2110082,용산구청,2119,1076,1043,3,242,534,520,572,248,2,74,208,241,399,152,1,168,326,279,173,96
2018,4,A,골목상권,2110081,해방촌 남동측,322,205,117,0,85,101,58,38,40,0,50,63,35,23,34,0,35,38,23,15,6
2018,4,A,골목상권,2110080,해방촌예술마을,312,149,163,2,65,75,79,56,35,1,18,36,43,32,19,1,47,39,36,24,16
2018,4,A,골목상권,2110079,후암동주민센터,2050,1039,1011,3,294,446,443,611,253,1,101,255,277,275,130,2,193,191,166,336,123
2018,4,A,골목상권,2110078,이촌동점보아파트,178,74,104,0,35,35,44,27,37,0,7,15,16,11,25,0,28,20,28,16,12
2018,4,A,골목상권,2110077,삼광초등학교,125,50,75,1,13,26,35,30,20,0,4,11,11,11,13,1,9,15,24,19,7
2018,4,A,골목상권,2110076,삼각지역 14번,569,195,374,1,51,157,174,156,30,1,10,57,76,47,4,0,41,100,98,109,26
2018,4,A,골목상권,2110075,숙대입구역 1번,2104,1509,595,28,444,561,550,330,191,18,238,441,404,248,160,10,206,120,146,82,31
2018,4,A,골목상권,2110074,서울역 12번,10500,2782,7718,134,6062,1908,985,891,520,7,739,1067,598,200,171,127,5323,841,387,691,349
2018,4,A,골목상권,2110073,삼각지역 3번,2151,1597,554,2,187,430,507,612,413,2,96,326,435,443,295,0,91,104,72,169,118
2018,4,A,골목상권,2110072,열정도,543,332,211,8,151,145,116,77,46,3,76,101,77,43,32,5,75,44,39,34,14
2018,4,A,골목상권,2110071,한강미주맨션아파트,295,116,179,0,66,69,65,47,48,0,16,21,28,23,28,0,50,48,37,24,20
2018,4,A,골목상권,2110070,용산세무서,195,125,70,0,25,56,60,23,31,0,5,42,38,14,26,0,20,14,22,9,5
2018,4,A,골목상권,2110069,숙대입구,869,411,458,3,191,229,206,152,88,1,83,109,112,66,40,2,108,120,94,86,48
2018,4,A,골목상권,2110068,남영역 1번,1033,568,465,1,129,246,290,214,153,0,42,144,190,123,69,1,87,102,100,91,84
2018,4,A,골목상권,2110067,배문고등학교,1372,781,591,1,176,338,376,271,210,0,72,154,191,183,181,1,104,184,185,88,29
2018,4,A,골목상권,2110066,서울역 15번,1332,930,402,6,201,341,272,213,299,4,114,237,188,129,258,2,87,104,84,84,41
2018,4,A,골목상권,2110065,남정초등학교,671,530,141,0,139,348,105,50,29,0,104,298,81,31,16,0,35,50,24,19,13
2018,4,A,골목상권,2110064,효창공원앞역 2번,674,356,318,3,105,167,160,136,103,0,30,86,103,75,62,3,75,81,57,61,41
2018,4,A,골목상권,2110063,효창공원앞역 5번,844,528,316,1,63,186,221,169,204,0,33,129,146,97,123,1,30,57,75,72,81
2018,4,A,골목상권,2110062,한강로동땡땡거리(은행나무길),3016,1338,1678,30,871,865,464,331,455,10,225,315,257,202,329,20,646,550,207,129,126
2018,4,A,골목상권,2110061,효창동주민센터,772,446,326,1,85,179,262,193,52,0,38,101,155,114,38,1,47,78,107,79,14
2018,4,A,골목상권,2110060,효창공원앞역 6번,604,305,299,1,90,150,156,133,74,0,29,79,93,68,36,1,61,71,63,65,38
2018,4,A,골목상권,2110059,새남터성지,235,136,99,1,72,59,36,37,30,1,42,37,18,18,20,0,30,22,18,19,10
2018,4,A,골목상권,2110058,성심여자고등학교,1142,749,393,8,142,320,310,211,151,4,84,239,211,136,75,4,58,81,99,75,76
2018,4,A,골목상권,2110057,황학코아루아파트,328,158,170,2,77,113,65,36,35,1,25,44,46,22,20,1,52,69,19,14,15
2018,4,A,골목상권,2110056,신당역 3번,1088,458,630,4,144,264,247,266,163,0,48,122,120,96,72,4,96,142,127,170,91
2018,4,A,골목상권,2110055,황학동벼룩시장,124,82,42,0,16,34,23,26,25,0,9,21,18,16,18,0,7,13,5,10,7
2018,4,A,골목상권,2110054,청구역 3번,2020,1350,670,3,478,682,461,246,150,2,251,522,345,147,83,1,227,160,116,99,67
2018,4,A,골목상권,2110053,청구역 1번,471,237,234,1,78,89,115,130,58,0,28,44,61,67,37,1,50,45,54,63,21
2018,4,A,골목상권,2110052,장충초등학교,647,344,303,2,94,148,168,159,76,0,32,80,97,92,43,2,62,68,71,67,33
2018,4,A,골목상권,2110051,한양공고앞 교차로,178,115,63,0,13,33,53,52,27,0,7,19,34,33,22,0,6,14,19,19,5
2018,4,A,골목상권,2110050,약수역 7번,280,105,175,0,75,77,51,40,37,0,25,30,19,13,18,0,50,47,32,27,19
2018,4,A,골목상권,2110049,장충단 고개,3324,1574,1750,14,912,842,620,611,325,6,286,410,351,312,209,8,626,432,269,299,116
2018,4,A,골목상권,2110048,장충동주민센터,1228,647,581,0,288,401,251,202,86,0,106,199,157,130,55,0,182,202,94,72,31
2018,4,A,골목상권,2110047,다산성곽길,210,81,129,0,37,51,58,37,27,0,6,23,27,14,11,0,31,28,31,23,16
2018,4,A,골목상권,2110046,버티고개,28,17,11,0,4,5,7,9,3,0,0,3,4,7,3,0,4,2,3,2,0
2018,4,A,골목상권,2110045,동대문역사문화공원역 5번,370,232,138,0,53,61,102,93,61,0,24,35,69,59,45,0,29,26,33,34,16
2018,4,A,골목상권,2110044,관성묘,962,634,328,5,164,372,269,105,47,3,44,232,222,95,38,2,120,140,47,10,9
2018,4,A,골목상권,2110043,충무초등학교,2065,907,1158,19,471,599,519,321,136,10,142,248,218,190,99,9,329,351,301,131,37
2018,4,A,골목상권,2110042,남산골공원옆,2099,1300,799,6,301,568,636,417,171,3,112,351,453,283,98,3,189,217,183,134,73
2018,4,A,골목상권,2110041,남산케이블카,1208,374,834,2,150,183,248,342,283,1,51,89,91,62,80,1,99,94,157,280,203
2018,4,A,골목상권,2110040,중구회현체육센터(정화예술대남산캠퍼스),286,149,137,1,48,66,71,58,42,0,16,29,39,34,31,1,32,37,32,24,11
2018,4,A,골목상권,2110039,회현역 1번,112,51,61,0,12,25,22,27,26,0,5,13,11,12,10,0,7,12,11,15,16
2018,4,A,골목상권,2110038,경향신문사,2054,1267,787,10,313,555,609,497,70,2,128,294,401,400,42,8,185,261,208,97,28
2018,4,A,골목상권,2110037,신설동역 12번,228,101,127,2,30,44,60,52,40,0,7,24,33,23,14,2,23,20,27,29,26
2018,4,A,골목상권,2110036,동묘앞역 3번,254,163,91,1,19,49,57,62,66,0,10,40,32,36,45,1,9,9,25,26,21
2018,4,A,골목상권,2110035,동묘앞역 2번,363,187,176,1,41,87,114,71,49,1,22,45,62,31,26,0,19,42,52,40,23
2018,4,A,골목상권,2110034,창신1동주민센터,90,65,25,0,6,13,27,28,16,0,4,6,20,19,16,0,2,7,7,9,0
2018,4,A,골목상권,2110033,창신역 4번,211,107,104,0,32,47,54,48,30,0,13,26,24,25,19,0,19,21,30,23,11
2018,4,A,골목상권,2110032,수족관거리,59,35,24,0,5,16,13,18,7,0,3,9,7,12,4,0,2,7,6,6,3
2018,4,A,골목상권,2110031,창신역 1번,63,24,39,0,9,13,13,19,9,0,1,2,9,9,3,0,8,11,4,10,6
2018,4,A,골목상권,2110030,동대문역 3번,121,25,96,0,4,9,34,36,38,0,1,4,7,5,8,0,3,5,27,31,30
2018,4,A,골목상권,2110029,동대문역 1번,365,116,249,0,30,55,77,131,72,0,9,18,36,37,16,0,21,37,41,94,56
2018,4,A,골목상권,2110028,이화달팽이길,986,405,581,8,241,305,203,165,64,6,80,115,94,78,32,2,161,190,109,87,32
2018,4,A,골목상권,2110027,혜화역 1번,307,139,168,3,77,101,82,30,14,2,29,41,45,16,6,1,48,60,37,14,8
2018,4,A,골목상권,2110026,종로5가역 4번,255,161,94,1,31,58,73,56,36,1,14,34,41,40,31,0,17,24,32,16,5
2018,4,A,골목상권,2110025,충신시장옆,496,320,176,0,72,147,147,92,38,0,44,101,97,47,31,0,28,46,50,45,7
2018,4,A,골목상권,2110024,혜회동주민센터,487,345,142,3,45,75,124,159,81,1,9,38,87,141,69,2,36,37,37,18,12
2018,4,A,골목상권,2110023,서울대병원,308,102,206,8,68,70,63,58,41,5,17,25,22,13,20,3,51,45,41,45,21
2018,4,A,골목상권,2110022,경신고등학교,255,124,131,0,40,62,77,43,33,0,14,32,33,23,22,0,26,30,44,20,11
2018,4,A,골목상권,2110021,성균관대학교,335,164,171,0,69,72,65,57,72,0,25,37,32,24,46,0,44,35,33,33,26
2018,4,A,골목상권,2110020,서울국제고등학교,859,475,384,3,185,256,188,172,55,2,62,117,136,118,40,1,123,139,52,54,15
2018,4,A,골목상권,2110019,창덕궁,671,387,284,0,128,181,210,110,42,0,38,106,138,72,33,0,90,75,72,38,9
2018,4,A,골목상권,2110018,중앙고등학교,646,291,355,2,151,191,136,106,60,2,54,81,68,52,34,0,97,110,68,54,26
2018,4,A,골목상권,2110017,정독도서관,404,145,259,2,124,141,75,45,17,2,29,48,36,20,10,0,95,93,39,25,7
2018,4,A,골목상권,2110016,평창동동측,596,232,364,1,118,170,130,98,79,1,24,68,65,35,39,0,94,102,65,63,40
2018,4,A,골목상권,2110015,청와대사랑채,129,53,76,1,35,50,31,8,4,0,12,21,14,3,3,1,23,29,17,5,1
2018,4,A,골목상권,2110014,경복고등학교,184,63,121,1,52,35,35,34,27,1,11,10,15,14,12,0,41,25,20,20,15
2018,4,A,골목상권,2110013,체부동홍종문가옥,73,52,21,0,6,20,17,18,12,0,1,16,13,12,10,0,5,4,4,6,2
2018,4,A,골목상권,2110012,성곡미술관,2147,800,1347,1,362,547,708,435,94,0,116,293,245,97,49,1,246,254,463,338,45
2018,4,A,골목상권,2110011,청운초등학교,69,39,30,0,5,21,20,8,15,0,3,12,10,3,11,0,2,9,10,5,4
2018,4,A,골목상권,2110010,평창동서측,577,228,349,2,113,109,88,134,131,2,30,50,37,54,55,0,83,59,51,80,76
2018,4,A,골목상권,2110009,자하문터널,240,107,133,2,44,47,53,56,38,2,15,17,24,27,22,0,29,30,29,29,16
2018,4,A,골목상권,2110008,배화여자대학교(박노수미술관),807,474,333,0,148,205,177,149,128,0,64,109,98,97,106,0,84,96,79,52,22
2018,4,A,골목상권,2110007,사직공원(한국사회과학도서관),190,81,109,1,28,50,52,43,16,0,7,24,21,17,12,1,21,26,31,26,4
2018,4,A,골목상권,2110006,부암동주민센터,29,11,18,0,5,13,3,4,4,0,1,6,2,0,2,0,4,7,1,4,2
2018,4,A,골목상권,2110005,세검정,458,177,281,2,75,145,106,65,65,2,16,48,52,31,28,0,59,97,54,34,37
2018,4,A,골목상권,2110004,대신고등학교,45,20,25,0,3,5,8,22,7,0,1,1,4,10,4,0,2,4,4,12,3
2018,4,A,골목상권,2110003,세검정초등학교,184,98,86,1,15,24,63,48,33,0,8,16,32,28,14,1,7,8,31,20,19
2018,4,A,골목상권,2110002,독립문역 1번,657,160,497,0,172,164,153,112,56,0,26,45,44,27,18,0,146,119,109,85,38
2018,4,A,골목상권,2110001,이북5도청사,174,90,84,0,11,27,53,54,29,0,8,14,34,22,12,0,3,13,19,32,17
2018,3,U,관광특구,1001496,강남 마이스 관광특구,25947,14874,11073,97,6648,8896,6636,2907,763,32,2245,4818,4902,2344,533,65,4403,4078,1734,563,230
2018,3,U,관광특구,1001495,잠실 관광특구,22302,12803,9499,145,4938,5620,4694,4299,2606,72,2220,3280,2869,2750,1612,73,2718,2340,1825,1549,994
2018,3,U,관광특구,1001494,종로?청계 관광특구,46106,25826,20280,103,6550,12778,13352,9970,3353,42,2752,6898,7664,6387,2083,61,3798,5880,5688,3583,1270
2018,3,U,관광특구,1001493,동대문패션타운 관광특구,20096,10821,9275,28,3897,6940,4719,2941,1571,13,1772,3677,2815,1649,895,15,2125,3263,1904,1292,676
2018,3,U,관광특구,1001492,명동 남대문 북창동 다동 무교동 관광특구,166340,81981,84359,577,39068,56420,41176,22683,6416,158,12562,25267,23949,15661,4384,419,26506,31153,17227,7022,2032
2018,3,U,관광특구,1001491,이태원 관광특구,8157,4496,3661,24,1854,2839,1673,1108,659,8,883,1529,987,718,371,16,971,1310,686,390,288
2018,3,R,전통시장,2130326,고덕 골목형상점가,164,108,56,0,9,20,47,53,35,0,6,12,23,39,28,0,3,8,24,14,7
2018,3,R,전통시장,2130325,명일전통시장,440,227,213,1,32,34,28,88,257,1,22,22,16,26,140,0,10,12,12,62,117
2018,3,R,전통시장,2130324,길동복조리시장,146,67,79,0,18,30,37,44,17,0,7,15,18,20,7,0,11,15,19,24,10
2018,3,R,전통시장,2130323,둔촌역전통시장,448,245,203,0,15,40,78,96,219,0,10,23,46,43,123,0,5,17,32,53,96
2018,3,R,전통시장,2130322,고분다리전통시장,71,31,40,0,9,14,23,21,4,0,4,5,13,7,2,0,5,9,10,14,2
2018,3,R,전통시장,2130321,장신구 특화거리 상점가,617,349,268,0,84,168,155,154,56,0,36,101,87,85,40,0,48,67,68,69,16
2018,3,R,전통시장,2130320,암사종합시장,500,198,302,0,35,73,127,156,109,0,19,44,42,39,54,0,16,29,85,117,55
2018,3,R,전통시장,2130319,성내전통시장,88,29,59,0,4,20,22,20,22,0,2,11,8,5,3,0,2,9,14,15,19
2018,3,R,전통시장,2130318,로데오거리상점가,847,407,440,5,199,204,170,148,121,2,91,121,84,53,56,3,108,83,86,95,65
2018,3,R,전통시장,2130317,마천중앙시장,104,51,53,0,6,14,31,31,22,0,3,4,12,17,15,0,3,10,19,14,7
2018,3,R,전통시장,2130316,마천시장,48,27,21,1,3,8,17,16,3,1,2,7,8,6,3,0,1,1,9,10,0
2018,3,R,전통시장,2130315,문정동 로데오거리 상점가(문정동 로데오거리),1477,796,681,6,252,348,365,282,224,5,118,184,204,136,149,1,134,164,161,146,75
2018,3,R,전통시장,2130314,풍납시장,367,133,234,1,22,65,106,101,72,0,5,31,32,29,36,1,17,34,74,72,36
2018,3,R,전통시장,2130313,방이시장,1644,887,757,3,233,420,423,382,183,2,114,265,221,163,122,1,119,155,202,219,61
2018,3,R,전통시장,2130312,석촌시장,1226,583,643,2,207,250,199,216,352,0,45,117,107,126,188,2,162,133,92,90,164
2018,3,R,전통시장,2130311,새마을시장,690,371,319,0,77,139,183,191,100,0,41,83,104,89,54,0,36,56,79,102,46
2018,3,R,전통시장,2130310,강남개포시장,547,255,292,0,58,88,138,161,102,0,21,44,70,71,49,0,37,44,68,90,53
2018,3,R,전통시장,2130308,청담삼익시장,103,49,54,0,9,14,29,26,25,0,5,4,10,14,16,0,4,10,19,12,9
2018,3,R,전통시장,2130307,도곡시장,133,61,72,0,24,30,34,33,12,0,6,14,15,18,8,0,18,16,19,15,4
2018,3,R,전통시장,2130306,강남언주로,398,218,180,0,53,97,96,79,73,0,17,48,64,48,41,0,36,49,32,31,32
2018,3,R,전통시장,2130305,논현종합시장,152,99,53,0,37,61,29,20,5,0,16,48,18,13,4,0,21,13,11,7,1
2018,3,R,전통시장,2130304,신사상가,82,41,41,0,7,19,21,24,11,0,1,10,13,13,4,0,6,9,8,11,7
2018,3,R,전통시장,2130303,영동전통시장,532,314,218,1,61,181,138,100,51,1,36,117,85,47,28,0,25,64,53,53,23
2018,3,R,전통시장,2130302,강남시장(강남구 강남시장),84,38,46,0,10,13,20,24,17,0,7,7,12,9,3,0,3,6,8,15,14
2018,3,R,전통시장,2130301,양재시장,113,59,54,0,7,20,43,21,22,0,3,11,21,10,14,0,4,9,22,11,8
2018,3,R,전통시장,2130299,엔터식스 강남점,2126,1380,746,18,331,399,541,502,335,5,156,235,413,337,234,13,175,164,128,165,101
2018,3,R,전통시장,2130298,강남터미널지하도상점가2구역,871,278,593,2,91,148,184,200,246,0,35,68,65,56,54,2,56,80,119,144,192
2018,3,R,전통시장,2130296,남부종합시장,37,23,14,0,6,7,8,10,6,0,4,6,3,6,4,0,2,1,5,4,2
2018,3,R,전통시장,2130295,인헌시장(원당종합시장),308,122,186,5,50,65,85,61,42,0,9,27,38,26,22,5,41,38,47,35,20
2018,3,R,전통시장,2130294,관악중부시장,277,92,185,0,40,45,57,68,67,0,12,22,23,19,16,0,28,23,34,49,51
2018,3,R,전통시장,2130293,봉천중앙시장,144,55,89,0,17,16,37,30,44,0,4,5,21,12,13,0,13,11,16,18,31
2018,3,R,전통시장,2130292,봉천현대시장,73,35,38,0,9,13,20,22,9,0,7,7,10,8,3,0,2,6,10,14,6
2018,3,R,전통시장,2130291,봉천제일종합시장,4,2,2,0,3,1,0,0,0,0,1,1,0,0,0,0,2,0,0,0,0
2018,3,R,전통시장,2130290,영림시장,589,285,304,0,87,143,161,118,80,0,31,78,81,56,39,0,56,65,80,62,41
2018,3,R,전통시장,2130289,봉일시장,85,43,42,0,2,9,17,35,22,0,1,6,10,11,15,0,1,3,7,24,7
2018,3,R,전통시장,2130288,신림현대종합상가,30,15,15,0,1,4,10,8,7,0,0,2,6,4,3,0,1,2,4,4,4
2018,3,R,전통시장,2130287,삼성동 시장(삼성동시장),16,8,8,0,0,2,2,7,5,0,0,2,1,3,2,0,0,0,1,4,3
2018,3,R,전통시장,2130286,신신림시장(삼성동시장),33,18,15,0,3,10,10,6,4,0,3,8,5,1,1,0,0,2,5,5,3
2018,3,R,전통시장,2130285,서원동상점가,2017,979,1038,11,335,323,349,423,576,3,157,174,177,181,287,8,178,149,172,242,289
2018,3,R,전통시장,2130284,관악종합시장(신원시장),24,12,12,0,0,2,5,12,5,0,0,2,2,5,3,0,0,0,3,7,2
2018,3,R,전통시장,2130283,신원시장,123,28,95,0,6,10,28,41,38,0,2,3,7,9,7,0,4,7,21,32,31
2018,3,R,전통시장,2130282,난곡 골목형상점가,34,12,22,0,1,8,14,9,2,0,0,4,4,2,2,0,1,4,10,7,0
2018,3,R,전통시장,2130281,우림시장,62,34,28,0,4,10,17,26,5,0,3,7,11,11,2,0,1,3,6,15,3
2018,3,R,전통시장,2130280,신림종합시장,48,31,17,0,2,9,13,16,8,0,2,7,10,4,8,0,0,2,3,12,0
2018,3,R,전통시장,2130279,관악신사시장,134,66,68,0,19,28,26,33,28,0,6,14,11,15,20,0,13,14,15,18,8
2018,3,R,전통시장,2130278,미성동 도깨비시장 골목형상점가,115,38,77,0,17,28,30,26,14,0,4,9,11,8,6,0,13,19,19,18,8
2018,3,R,전통시장,2130277,조원동 펭귄시장(신림중앙시장),88,37,51,0,6,19,23,29,11,0,3,11,9,10,4,0,3,8,14,19,7
2018,3,R,전통시장,2130276,신림중앙시장(조원동 펭귄시장),58,33,25,0,2,5,12,14,25,0,0,2,7,8,16,0,2,3,5,6,9
2018,3,R,전통시장,2130275,강남골목시장,75,41,34,0,9,7,19,23,17,0,5,4,10,12,10,0,4,3,9,11,7
2018,3,R,전통시장,2130274,사당1동먹자골목상점가(사당1동먹자골목),519,292,227,1,85,118,137,111,67,0,37,77,82,59,37,1,48,41,55,52,30
2018,3,R,전통시장,2130273,남성사계시장(남성시장),423,185,238,1,65,91,114,91,61,0,18,40,51,43,33,1,47,51,63,48,28
2018,3,R,전통시장,2130272,사당시장,197,63,134,0,42,40,36,32,47,0,7,13,18,8,17,0,35,27,18,24,30
2018,3,R,전통시장,2130271,남성역골목시장,240,97,143,0,47,54,72,43,24,0,11,19,31,21,15,0,36,35,41,22,9
2018,3,R,전통시장,2130270,흑석시장,6,3,3,0,0,1,2,3,0,0,0,1,0,2,0,0,0,0,2,1,0
2018,3,R,전통시장,2130269,강남시장(동작구 강남시장),17,8,9,0,2,4,3,3,5,0,0,2,2,1,3,0,2,2,1,2,2
2018,3,R,전통시장,2130268,상도전통시장,447,301,146,0,37,78,123,112,97,0,14,47,87,84,69,0,23,31,36,28,28
2018,3,R,전통시장,2130267,본동인정시장(기능상실),59,33,26,0,8,14,12,17,8,0,3,9,8,8,5,0,5,5,4,9,3
2018,3,R,전통시장,2130266,만양로상점가,129,56,73,0,8,17,25,40,39,0,4,10,18,14,10,0,4,7,7,26,29
2018,3,R,전통시장,2130265,노량진중앙시장,145,78,67,2,19,38,38,27,21,2,8,29,25,9,5,0,11,9,13,18,16
2018,3,R,전통시장,2130264,상도약수골목형상점가,93,27,66,0,18,13,25,31,6,0,1,7,7,7,5,0,17,6,18,24,1
2018,3,R,전통시장,2130263,신노량진시장(기능상실),22,9,13,0,0,5,6,8,3,0,0,2,3,3,1,0,0,3,3,5,2
2018,3,R,전통시장,2130262,상도도깨비 골목형상점가,59,21,38,0,12,5,16,18,8,0,5,3,5,4,4,0,7,2,11,14,4
2018,3,R,전통시장,2130261,성대전통시장(성대시장),419,187,232,4,64,100,97,100,54,4,32,45,44,35,27,0,32,55,53,65,27
2018,3,R,전통시장,2130260,신대방1동골목상권,109,34,75,0,23,27,21,19,19,0,3,3,7,9,12,0,20,24,14,10,7
2018,3,R,전통시장,2130259,대신시장,50,32,18,0,4,8,22,12,4,0,3,8,13,5,3,0,1,0,9,7,1
2018,3,R,전통시장,2130258,영진시장A동,25,14,11,0,0,2,11,8,4,0,0,2,7,3,2,0,0,0,4,5,2
2018,3,R,전통시장,2130257,영등포시장기계공구상가,393,292,101,0,32,57,89,116,99,0,20,44,60,88,80,0,12,13,29,28,19
2018,3,R,전통시장,2130256,신동시장,49,26,23,0,12,7,12,13,5,0,6,3,5,7,5,0,6,4,7,6,0
2018,3,R,전통시장,2130255,영등포전통시장,156,97,59,0,4,28,34,47,43,0,3,22,20,24,28,0,1,6,14,23,15
2018,3,R,전통시장,2130254,남서울상가,8,5,3,0,0,0,1,3,4,0,0,0,0,2,3,0,0,0,1,1,1
2018,3,R,전통시장,2130253,영신상가(제일상가),69,44,25,1,7,10,8,24,19,1,4,8,3,12,16,0,3,2,5,12,3
2018,3,R,전통시장,2130252,영등포로타리지하도상점가,26,12,14,0,2,5,7,5,7,0,1,3,1,2,5,0,1,2,6,3,2
2018,3,R,전통시장,2130251,영등포시장지하도상점가,3,0,3,0,0,1,0,0,2,0,0,0,0,0,0,0,0,1,0,0,2
2018,3,R,전통시장,2130250,삼구시장(로타리상가),13,7,6,0,2,0,1,4,6,0,0,0,0,2,5,0,2,0,1,2,1
2018,3,R,전통시장,2130249,동남상가,17,9,8,0,0,1,0,5,11,0,0,1,0,3,5,0,0,0,0,2,6
2018,3,R,전통시장,2130248,영등포역지하도상점가,342,143,199,16,127,58,69,51,21,7,58,28,27,15,8,9,69,30,42,36,13
2018,3,R,전통시장,2130247,우리시장,33,23,10,0,0,4,7,16,6,0,0,3,4,11,5,0,0,1,3,5,1
2018,3,R,전통시장,2130246,영등포청과시장(조광시장),746,388,358,6,105,155,199,185,96,2,50,85,113,80,58,4,55,70,86,105,38
2018,3,R,전통시장,2130245,영일시장,342,248,94,0,30,99,102,74,37,0,15,71,77,57,28,0,15,28,25,17,9
2018,3,R,전통시장,2130244,대림중앙시장,61,30,31,0,6,19,17,9,10,0,1,11,8,5,5,0,5,8,9,4,5
2018,3,R,전통시장,2130243,도림시장,39,23,16,0,6,8,11,10,4,0,5,6,6,4,2,0,1,2,5,6,2
2018,3,R,전통시장,2130242,대림중앙 골목형상점가,83,37,46,0,9,25,20,19,10,0,2,17,10,5,3,0,7,8,10,14,7
2018,3,R,전통시장,2130241,선유도역 골목형상점가,5051,3683,1368,18,961,1971,1427,503,171,0,463,1571,1180,344,125,18,498,400,247,159,46
2018,3,R,전통시장,2130240,영등포유통상가,1605,936,669,5,278,439,348,328,207,2,123,263,206,196,146,3,155,176,142,132,61
2018,3,R,전통시장,2130238,은행나무시장,121,46,75,0,13,25,28,27,28,0,5,10,9,9,13,0,8,15,19,18,15
2018,3,R,전통시장,2130237,박미시장(기능상실),7,5,2,0,1,0,2,4,0,0,0,0,2,3,0,0,1,0,0,1,0
2018,3,R,전통시장,2130236,비단길현대시장(현대시장),235,77,158,0,27,53,60,67,28,0,7,17,18,21,14,0,20,36,42,46,14
2018,3,R,전통시장,2130235,대명여울빛거리시장(대명시장),748,263,485,2,139,133,173,188,113,2,35,55,71,55,45,0,104,78,102,133,68
2018,3,R,전통시장,2130233,남문시장,109,47,62,0,7,15,28,47,12,0,3,5,13,18,8,0,4,10,15,29,4
2018,3,R,전통시장,2130232,독산동 맛나는거리상점가(독산동 맛나는거리),78,45,33,1,7,15,21,21,13,1,6,9,14,9,6,0,1,6,7,12,7
2018,3,R,전통시장,2130231,독산동 우시장,1266,1014,252,5,102,252,338,305,264,5,75,215,283,229,207,0,27,37,55,76,57
2018,3,R,전통시장,2130230,가리봉시장,27,17,10,0,2,8,4,8,5,0,1,6,2,4,4,0,1,2,2,4,1
2018,3,R,전통시장,2130229,남구로시장,465,239,226,0,41,94,140,109,81,0,23,52,65,46,53,0,18,42,75,63,28
2018,3,R,전통시장,2130228,구로시장,16,5,11,0,1,0,3,6,6,0,1,0,0,2,2,0,0,0,3,4,4
2018,3,R,전통시장,2130227,고척골목시장상점가(그라운드 고척),236,119,117,0,28,60,64,43,41,0,5,33,39,24,18,0,23,27,25,19,23
2018,3,R,전통시장,2130226,고척프라자,36,18,18,0,10,12,9,4,1,0,2,8,6,2,0,0,8,4,3,2,1
2018,3,R,전통시장,2130225,개봉중앙시장,285,92,193,0,36,50,73,80,46,0,5,19,25,22,21,0,31,31,48,58,25
2018,3,R,전통시장,2130224,개봉프라자(고척근린시장),36,20,16,0,2,3,10,10,11,0,0,2,3,5,10,0,2,1,7,5,1
2018,3,R,전통시장,2130223,고척근린시장,141,47,94,0,11,27,48,36,19,0,1,11,13,15,7,0,10,16,35,21,12
2018,3,R,전통시장,2130222,오류시장,131,42,89,0,21,25,39,29,17,0,5,4,11,12,10,0,16,21,28,17,7
2018,3,R,전통시장,2130221,"남부골목시장(남부화곡시장, 남부시장)",378,150,228,2,30,67,114,108,57,0,8,26,47,39,30,2,22,41,67,69,27
2018,3,R,전통시장,2130220,등마루시장,11,7,4,0,0,2,4,3,2,0,0,2,1,2,2,0,0,0,3,1,0
2018,3,R,전통시장,2130219,까치산시장,513,129,384,0,78,70,108,154,103,0,23,22,34,21,29,0,55,48,74,133,74
2018,3,R,전통시장,2130218,신월중앙시장,213,89,124,1,37,58,48,46,23,0,13,22,24,21,9,1,24,36,24,25,14
2018,3,R,전통시장,2130217,화곡본동시장,159,67,92,0,13,26,37,42,41,0,8,21,13,13,12,0,5,5,24,29,29
2018,3,R,전통시장,2130216,화곡중앙시장,89,30,59,0,10,15,26,21,17,0,2,4,8,6,10,0,8,11,18,15,7
2018,3,R,전통시장,2130215,대원종합시장,27,19,8,0,1,1,4,12,9,0,0,1,2,7,9,0,1,0,2,5,0
2018,3,R,전통시장,2130214,송화벽화시장(송화골목시장),302,121,181,3,68,70,69,57,35,0,16,30,31,20,24,3,52,40,38,37,11
2018,3,R,전통시장,2130213,방신전통시장,437,241,196,0,32,69,98,113,125,0,21,48,63,41,68,0,11,21,35,72,57
2018,3,R,전통시장,2130212,공항시장,53,31,22,0,4,8,16,13,12,0,1,6,7,9,8,0,3,2,9,4,4
2018,3,R,전통시장,2130211,신정2동 골목시장(오목교중앙시장),25,13,12,0,1,2,3,8,11,0,1,0,1,5,6,0,0,2,2,3,5
2018,3,R,전통시장,2130210,목2동시장,283,126,157,0,33,69,86,59,36,0,18,31,34,26,17,0,15,38,52,33,19
2018,3,R,전통시장,2130209,목사랑시장(목4동시장),99,33,66,0,9,19,28,31,12,0,1,3,8,13,8,0,8,16,20,18,4
2018,3,R,전통시장,2130208,목동깨비시장(목3동시장),624,316,308,1,107,161,155,131,69,0,51,102,72,48,43,1,56,59,83,83,26
2018,3,R,전통시장,2130207,신정1동 골목시장(신정제일시장),71,20,51,0,7,10,19,19,16,0,1,4,5,4,6,0,6,6,14,15,10
2018,3,R,전통시장,2130206,신정3동 골목시장,36,10,26,0,3,7,14,6,6,0,2,0,2,1,5,0,1,7,12,5,1
2018,3,R,전통시장,2130205,신곡종합시장(신월6동 골목시장),288,142,146,1,48,58,86,59,36,1,18,31,44,24,24,0,30,27,42,35,12
2018,3,R,전통시장,2130204,경창시장,212,68,144,1,12,32,45,58,64,0,5,15,19,16,13,1,7,17,26,42,51
2018,3,R,전통시장,2130203,서서울 골목형상점가,113,47,66,0,6,21,24,29,33,0,2,7,7,12,19,0,4,14,17,17,14
2018,3,R,전통시장,2130202,신영시장,165,67,98,0,14,26,45,46,34,0,6,14,17,11,19,0,8,12,28,35,15
2018,3,R,전통시장,2130201,월정로시장,42,26,16,0,2,5,16,15,4,0,1,4,12,7,2,0,1,1,4,8,2
2018,3,R,전통시장,2130200,"신월7동 골목시장(약수시장, 우성상가)",115,46,69,1,11,20,37,25,21,1,1,8,12,12,12,0,10,12,25,13,9
2018,3,R,전통시장,2130199,신월3동 골목시장,23,9,14,0,2,6,9,2,4,0,1,2,5,0,1,0,1,4,4,2,3
2018,3,R,전통시장,2130198,아현시장,210,54,156,0,36,90,53,20,11,0,5,11,21,13,4,0,31,79,32,7,7
2018,3,R,전통시장,2130197,마포시장,83,38,45,0,5,8,18,33,19,0,3,6,9,11,9,0,2,2,9,22,10
2018,3,R,전통시장,2130196,공덕시장,1802,742,1060,18,660,402,379,237,106,13,224,206,135,86,78,5,436,196,244,151,28
2018,3,R,전통시장,2130195,도화동 상점가,2863,1710,1153,3,450,808,687,528,387,3,187,525,465,308,222,0,263,283,222,220,165
2018,3,R,전통시장,2130194,용강동 상점가,1236,760,476,6,153,296,354,268,159,2,70,202,227,152,107,4,83,94,127,116,52
2018,3,R,전통시장,2130193,신수시장,45,20,25,0,4,12,14,7,8,0,1,6,4,5,4,0,3,6,10,2,4
2018,3,R,전통시장,2130192,동진시장,56,25,31,0,7,16,17,4,12,0,3,10,3,2,7,0,4,6,14,2,5
2018,3,R,전통시장,2130191,홍대 걷고싶은 거리,911,504,407,12,277,224,183,133,82,5,143,144,108,60,44,7,134,80,75,73,38
2018,3,R,전통시장,2130190,홍대소상공인상점가,589,334,255,8,253,136,94,63,35,2,145,85,59,28,15,6,108,51,35,35,20
2018,3,R,전통시장,2130189,서교시장,215,115,100,5,63,46,37,21,43,2,25,29,24,9,26,3,38,17,13,12,17
2018,3,R,전통시장,2130188,합정시장,25,11,14,0,0,2,10,9,4,0,0,1,5,3,2,0,0,1,5,6,2
2018,3,R,전통시장,2130187,영진시장,40,24,16,0,3,10,12,10,5,0,3,7,7,3,4,0,0,3,5,7,1
2018,3,R,전통시장,2130186,망원시장,272,116,156,0,58,58,64,72,20,0,24,30,25,27,10,0,34,28,39,45,10
2018,3,R,전통시장,2130185,망원월드컵시장,256,145,111,0,47,76,73,41,19,0,20,48,43,20,14,0,27,28,30,21,5
2018,3,R,전통시장,2130184,마포농수산물시장,634,411,223,0,15,59,142,216,202,0,11,37,98,130,135,0,4,22,44,86,67
2018,3,R,전통시장,2130183,상암동상점가,1260,850,410,10,168,407,391,204,80,9,84,282,301,132,42,1,84,125,90,72,38
2018,3,R,전통시장,2130182,영천시장,250,110,140,0,28,46,65,67,44,0,5,20,29,34,22,0,23,26,36,33,22
2018,3,R,전통시장,2130181,아현가구거리상점가,133,76,57,0,15,16,41,31,30,0,6,7,26,15,22,0,9,9,15,16,8
2018,3,R,전통시장,2130180,포방터시장,60,32,28,0,10,12,17,11,10,0,2,5,12,6,7,0,8,7,5,5,3
2018,3,R,전통시장,2130179,"이화여대 3,5,7길 상점가",655,296,359,15,189,151,114,112,74,6,70,71,59,55,35,9,119,80,55,57,39
2018,3,R,전통시장,2130178,이대 앞 스타트업 상점가,114,48,66,0,24,33,27,20,10,0,8,13,16,6,5,0,16,20,11,14,5
2018,3,R,전통시장,2130177,인왕시장(홍제골목형상점가),121,44,77,0,8,11,22,24,56,0,5,6,6,10,17,0,3,5,16,14,39
2018,3,R,전통시장,2130176,유진상가,345,146,199,4,73,100,94,60,14,2,28,32,41,32,11,2,45,68,53,28,3
2018,3,R,전통시장,2130175,신촌 상인회(신촌상점가),742,239,503,2,402,239,65,20,14,1,109,87,30,6,6,1,293,152,35,14,8
2018,3,R,전통시장,2130174,연희사러가,2,1,1,0,0,0,0,2,0,0,0,0,0,1,0,0,0,0,0,1,0
2018,3,R,전통시장,2130173,백련시장,8,4,4,0,0,2,1,4,1,0,0,2,0,1,1,0,0,0,1,3,0
2018,3,R,전통시장,2130172,모래내시장(서중시장),198,73,125,0,31,31,47,52,37,0,11,13,21,17,11,0,20,18,26,35,26
2018,3,R,전통시장,2130171,불광먹자골목 골목형상점가,523,168,355,1,51,100,133,127,111,1,17,39,45,28,38,0,34,61,88,99,73
2018,3,R,전통시장,2130170,제일시장,350,154,196,2,50,59,110,89,40,2,17,24,48,44,19,0,33,35,62,45,21
2018,3,R,전통시장,2130169,대조시장,260,89,171,0,35,58,64,64,39,0,13,23,21,17,15,0,22,35,43,47,24
2018,3,R,전통시장,2130168,연서시장,310,149,161,0,51,57,84,57,61,0,26,18,42,25,38,0,25,39,42,32,23
2018,3,R,전통시장,2130167,연신내상점가(연빛거리),1251,498,753,13,278,277,306,238,139,4,94,132,115,94,59,9,184,145,191,144,80
2018,3,R,전통시장,2130166,응암시장(신응암시장),36,19,17,0,0,3,4,13,16,0,0,0,0,5,14,0,0,3,4,8,2
2018,3,R,전통시장,2130165,"대림골목시장(대림시장, 양지시장)",265,60,205,0,30,55,76,66,38,0,13,10,13,8,16,0,17,45,63,58,22
2018,3,R,전통시장,2130164,역촌중앙시장,30,13,17,0,0,6,4,10,10,0,0,5,1,3,4,0,0,1,3,7,6
2018,3,R,전통시장,2130163,응암오거리상점가,307,144,163,2,56,44,79,83,43,2,35,23,33,33,18,0,21,21,46,50,25
2018,3,R,전통시장,2130162,증산골목시장,42,21,21,0,3,7,8,10,14,0,0,3,4,7,7,0,3,4,4,3,7
2018,3,R,전통시장,2130161,증산종합시장,90,27,63,0,5,10,29,36,10,0,4,6,9,5,3,0,1,4,20,31,7
2018,3,R,전통시장,2130160,수일시장,18,5,13,0,1,4,3,6,4,0,0,0,0,3,2,0,1,4,3,3,2
2018,3,R,전통시장,2130159,공릉동 도깨비시장,460,273,187,0,38,88,114,126,94,0,9,47,55,84,78,0,29,41,59,42,16
2018,3,R,전통시장,2130157,상계중앙시장,283,107,176,0,32,53,57,74,67,0,19,28,17,25,18,0,13,25,40,49,49
2018,3,R,전통시장,2130156,시영2단지 무지개종합상가(중계 무지개2단지아파트상가),26,9,17,0,0,2,8,11,5,0,0,1,1,3,4,0,0,1,7,8,1
2018,3,R,전통시장,2130155,시영B상가(중계 그린아파트 B 상가),93,46,47,0,5,24,27,27,10,0,1,14,11,12,8,0,4,10,16,15,2
2018,3,R,전통시장,2130154,상계주공1단지(가)상가,13,7,6,0,1,1,3,7,1,0,1,1,2,2,1,0,0,0,1,5,0
2018,3,R,전통시장,2130153,창동역상점가,674,314,360,1,73,101,139,175,185,0,26,54,71,65,98,1,47,47,68,110,87
2018,3,R,전통시장,2130152,오!도봉거리 상점가,275,76,199,0,24,47,76,56,72,0,8,15,14,9,30,0,16,32,62,47,42
2018,3,R,전통시장,2130151,신도봉시장,45,19,26,0,1,4,13,19,8,0,1,2,7,7,2,0,0,2,6,12,6
2018,3,R,전통시장,2130150,창동골목시장,102,37,65,0,12,23,21,29,17,0,3,5,8,11,10,0,9,18,13,18,7
2018,3,R,전통시장,2130149,창동신창시장,243,118,125,0,18,56,65,70,34,0,7,25,37,26,23,0,11,31,28,44,11
2018,3,R,전통시장,2130148,방학동도깨비시장,184,73,111,0,21,48,50,42,23,0,11,24,18,11,9,0,10,24,32,31,14
2018,3,R,전통시장,2130147,쌍문역동측상점가,378,140,238,2,50,81,85,101,59,1,21,26,41,28,23,1,29,55,44,73,36
2018,3,R,전통시장,2130146,쌍문시장(쌍문역골목시장),494,206,288,2,65,101,122,135,69,1,16,44,53,53,39,1,49,57,69,82,30
2018,3,R,전통시장,2130145,쌍문역둘리상점가,166,128,38,0,28,47,41,37,13,0,20,41,29,27,11,0,8,6,12,10,2
2018,3,R,전통시장,2130144,백운시장,61,31,30,0,6,9,21,14,11,0,2,3,12,4,10,0,4,6,9,10,1
2018,3,R,전통시장,2130143,방천골목시장,46,21,25,0,4,10,9,11,12,0,2,4,4,5,6,0,2,6,5,6,6
2018,3,R,전통시장,2130142,강북북부시장,21,9,12,0,1,2,4,9,5,0,0,1,1,5,2,0,1,1,3,4,3
2018,3,R,전통시장,2130141,강북북부골목시장,57,26,31,0,8,14,20,8,7,0,1,5,10,5,5,0,7,9,10,3,2
2018,3,R,전통시장,2130140,숭인시장,236,94,142,2,53,47,45,43,46,0,7,16,19,20,32,2,46,31,26,23,14
2018,3,R,전통시장,2130139,강북종합전통시장(강북종합골목시장),312,165,147,0,47,76,82,67,40,0,28,51,46,24,16,0,19,25,36,43,24
2018,3,R,전통시장,2130138,수유프라자,78,39,39,0,6,13,11,28,20,0,2,2,4,17,14,0,4,11,7,11,6
2018,3,R,전통시장,2130137,"수유전통시장(수유시장, 수유골목시장)",208,102,106,0,15,32,46,53,62,0,4,18,22,25,33,0,11,14,24,28,29
2018,3,R,전통시장,2130136,수유재래시장,18,7,11,0,4,3,4,4,3,0,0,0,2,2,3,0,4,3,2,2,0
2018,3,R,전통시장,2130135,수유중앙골목시장(수유중앙시장),99,56,43,0,7,20,21,28,23,0,5,10,12,14,15,0,2,10,9,14,8
2018,3,R,전통시장,2130134,"솔샘시장(미아6,7동골목시장)",163,60,103,0,20,27,50,39,27,0,4,16,21,11,8,0,16,11,29,28,19
2018,3,R,전통시장,2130133,우이골목시장(우이시장),129,43,86,1,7,21,37,45,18,1,3,12,13,9,5,0,4,9,24,36,13
2018,3,R,전통시장,2130132,삼양골목시장(삼양시장),194,59,135,0,31,34,48,46,35,0,7,12,19,12,9,0,24,22,29,34,26
2018,3,R,전통시장,2130131,동북프라자,131,64,67,0,9,33,43,35,11,0,3,14,21,19,7,0,6,19,22,16,4
2018,3,R,전통시장,2130130,수유북부골목시장,21,13,8,0,0,3,6,6,6,0,0,3,5,1,4,0,0,0,1,5,2
2018,3,R,전통시장,2130129,장미원골목시장,82,31,51,0,8,13,27,20,14,0,1,6,7,11,6,0,7,7,20,9,8
2018,3,R,전통시장,2130128,돌곶이시장(석관황금시장),48,31,17,0,8,11,21,5,3,0,5,9,12,4,1,0,3,2,9,1,2
2018,3,R,전통시장,2130127,석관시장,27,14,13,0,0,7,9,8,3,0,0,4,5,4,1,0,0,3,4,4,2
2018,3,R,전통시장,2130126,새석관시장,20,11,9,0,1,3,5,5,6,0,0,3,3,2,3,0,1,0,2,3,3
2018,3,R,전통시장,2130125,장위전통시장,141,82,59,1,12,18,36,44,30,0,8,10,22,27,15,1,4,8,14,17,15
2018,3,R,전통시장,2130124,번동시장,15,11,4,0,2,7,1,5,0,0,1,5,1,4,0,0,1,2,0,1,0
2018,3,R,전통시장,2130123,꿈의숲 장곡 골목형상점가,19,13,6,0,3,2,5,6,3,0,2,1,5,4,1,0,1,1,0,2,2
2018,3,R,전통시장,2130122,밤나무골시장,25,5,20,0,6,5,4,8,2,0,0,3,0,2,0,0,6,2,4,6,2
2018,3,R,전통시장,2130121,길음시장,85,47,38,0,8,15,27,15,20,0,4,9,17,2,15,0,4,6,10,13,5
2018,3,R,전통시장,2130120,돈암시장(돈암제일시장),228,104,124,0,35,43,58,42,50,0,6,18,30,25,25,0,29,25,28,17,25
2018,3,R,전통시장,2130119,정릉아리랑시장,55,20,35,0,3,7,20,15,10,0,1,2,4,8,5,0,2,5,16,7,5
2018,3,R,전통시장,2130118,정릉골 골목형상점가,151,82,69,1,26,30,28,36,30,0,6,15,16,24,21,1,20,15,12,12,9
2018,3,R,전통시장,2130117,정릉시장,263,123,140,4,30,39,75,81,34,3,15,20,36,34,15,1,15,19,39,47,19
2018,3,R,전통시장,2130116,동성타워프라자,62,39,23,0,9,8,15,20,10,0,6,5,9,12,7,0,3,3,6,8,3
2018,3,R,전통시장,2130115,우림골목시장,434,181,253,1,64,87,102,114,66,0,21,31,52,47,30,1,43,56,50,67,36
2018,3,R,전통시장,2130114,유영시장,67,19,48,0,9,23,19,13,3,0,1,5,5,6,2,0,8,18,14,7,1
2018,3,R,전통시장,2130113,신아타운,291,81,210,0,72,65,64,58,32,0,14,15,24,14,14,0,58,50,40,44,18
2018,3,R,전통시장,2130112,사가정시장,252,92,160,0,45,62,62,54,29,0,11,21,23,18,19,0,34,41,39,36,10
2018,3,R,전통시장,2130111,"동원전통종합시장(동원시장, 동원전통시장 상점가)",542,236,306,3,65,87,154,156,77,1,16,43,79,55,42,2,49,44,75,101,35
2018,3,R,전통시장,2130110,면목골목시장(면목시장),267,129,138,1,50,61,63,63,29,0,20,29,28,33,19,1,30,32,35,30,10
2018,3,R,전통시장,2130109,묵1동도깨비시장,64,36,28,0,10,13,9,21,11,0,3,8,7,12,6,0,7,5,2,9,5
2018,3,R,전통시장,2130108,태능엔터피아(태릉시장),76,19,57,0,3,5,22,28,18,0,2,2,6,4,5,0,1,3,16,24,13
2018,3,R,전통시장,2130107,중랑동부시장(중랑교종합상가),28,10,18,0,5,6,8,8,1,0,2,4,3,1,0,0,3,2,5,7,1
2018,3,R,전통시장,2130106,중랑동부시장,295,116,179,1,61,59,70,55,49,0,17,22,20,25,32,1,44,37,50,30,17
2018,3,R,전통시장,2130105,장미제일시장(중화동제일시장),49,10,39,0,12,9,5,17,6,0,1,4,1,4,0,0,11,5,4,13,6
2018,3,R,전통시장,2130104,전곡시장,160,76,84,0,19,22,45,51,23,0,9,13,21,21,12,0,10,9,24,30,11
2018,3,R,전통시장,2130103,이경시장,43,25,18,0,1,3,16,8,15,0,1,2,7,5,10,0,0,1,9,3,5
2018,3,R,전통시장,2130102,이문제일시장,23,11,12,0,0,4,10,7,2,0,0,1,4,4,2,0,0,3,6,3,0
2018,3,R,전통시장,2130101,답십리현대시장,84,57,27,0,9,16,22,24,13,0,7,11,15,15,9,0,2,5,7,9,4
2018,3,R,전통시장,2130100,답십리시장,221,81,140,3,48,37,51,43,39,3,11,13,26,15,13,0,37,24,25,28,26
2018,3,R,전통시장,2130099,전농로터리시장,108,53,55,0,10,16,30,34,18,0,6,6,15,12,14,0,4,10,15,22,4
2018,3,R,전통시장,2130098,회기시장,132,56,76,0,30,33,31,25,13,0,14,15,15,7,5,0,16,18,16,18,8
2018,3,R,전통시장,2130097,답십리 건축자재시장,298,202,96,0,27,83,80,63,45,0,21,59,55,37,30,0,6,24,25,26,15
2018,3,R,전통시장,2130096,동부시장,38,20,18,0,3,6,7,9,13,0,2,1,3,4,10,0,1,5,4,5,3
2018,3,R,전통시장,2130095,청량리전통시장,177,70,107,0,22,32,34,46,43,0,6,11,18,19,16,0,16,21,16,27,27
2018,3,R,전통시장,2130094,청량리청과물시장,176,95,81,0,18,40,42,28,48,0,5,20,22,13,35,0,13,20,20,15,13
2018,3,R,전통시장,2130093,동서시장,25,17,8,0,0,3,11,7,4,0,0,3,8,3,3,0,0,0,3,4,1
2018,3,R,전통시장,2130092,청량리농수산물시장,57,42,15,0,3,11,16,16,11,0,2,10,14,8,8,0,1,1,2,8,3
2018,3,R,전통시장,2130091,청량종합도매시장,177,135,42,1,15,32,48,43,38,1,12,25,38,31,28,0,3,7,10,12,10
2018,3,R,전통시장,2130090,청량리종합시장,102,70,32,0,6,17,22,29,28,0,3,11,17,15,24,0,3,6,5,14,4
2018,3,R,전통시장,2130089,청량리수산시장,107,72,35,0,2,24,32,22,27,0,2,19,22,11,18,0,0,5,10,11,9
2018,3,R,전통시장,2130088,경동시장,231,153,78,0,18,37,50,67,59,0,9,25,38,42,39,0,9,12,12,25,20
2018,3,R,전통시장,2130087,경동광성상가(경동시장),136,81,55,0,15,16,35,34,36,0,9,12,24,16,20,0,6,4,11,18,16
2018,3,R,전통시장,2130086,서울약령시장,1819,1107,712,3,157,308,470,510,371,2,72,186,261,324,262,1,85,122,209,186,109
2018,3,R,전통시장,2130085,용두시장,6,4,2,0,0,0,1,2,3,0,0,0,0,1,3,0,0,0,1,1,0
2018,3,R,전통시장,2130084,신성시장(신성골목시장),121,54,67,0,11,12,38,39,21,0,4,6,13,17,14,0,7,6,25,22,7
2018,3,R,전통시장,2130083,"중곡제일시장(중곡제일골목시장, 광성시장)",461,118,343,1,21,46,89,169,135,1,6,23,29,28,31,0,15,23,60,141,104
2018,3,R,전통시장,2130082,면곡골목시장,76,28,48,0,1,5,18,31,21,0,1,1,9,10,7,0,0,4,9,21,14
2018,3,R,전통시장,2130081,자양골목전통시장(자양골목시장),77,47,30,0,7,17,18,21,14,0,4,13,9,13,8,0,3,4,9,8,6
2018,3,R,전통시장,2130080,자양종합시장(기능상실),23,12,11,0,0,2,8,9,4,0,0,1,5,4,2,0,0,1,3,5,2
2018,3,R,전통시장,2130079,한아름시장,114,63,51,1,17,25,27,24,20,1,4,16,16,9,17,0,13,9,11,15,3
2018,3,R,전통시장,2130078,화양제일골목시장,114,56,58,0,28,24,20,28,14,0,12,15,12,10,7,0,16,9,8,18,7
2018,3,R,전통시장,2130077,조양시장,151,95,56,1,23,28,43,34,22,0,15,16,21,22,21,1,8,12,22,12,1
2018,3,R,전통시장,2130076,능동로골목시장,86,49,37,0,10,14,12,16,34,0,3,8,3,7,28,0,7,6,9,9,6
2018,3,R,전통시장,2130075,노룬산시장(노룬산골목시장),86,43,43,0,7,16,24,18,21,0,3,8,11,6,15,0,4,8,13,12,6
2018,3,R,전통시장,2130074,영동교골목시장,24,10,14,0,5,3,4,8,4,0,1,0,4,4,1,0,4,3,0,4,3
2018,3,R,전통시장,2130073,뚝도시장,143,73,70,0,12,26,40,35,30,0,4,13,20,15,21,0,8,13,20,20,9
2018,3,R,전통시장,2130072,성동용답상가시장,951,522,429,0,216,359,179,119,78,0,103,208,106,55,50,0,113,151,73,64,28
2018,3,R,전통시장,2130071,성수역 골목형상점가,594,405,189,1,96,176,136,73,112,1,50,129,104,52,69,0,46,47,32,21,43
2018,3,R,전통시장,2130070,뚝섬역상점가,3269,2159,1110,9,620,1074,861,467,238,1,285,734,601,353,185,8,335,340,260,114,53
2018,3,R,전통시장,2130069,"한양대앞상점가(한양시장, 왕십리맛골목)",208,113,95,0,30,49,53,49,27,0,23,36,19,23,12,0,7,13,34,26,15
2018,3,R,전통시장,2130068,마장축산물시장,3198,2177,1021,3,336,862,905,685,407,2,234,624,608,451,258,1,102,238,297,234,149
2018,3,R,전통시장,2130067,왕십리도선동상점가,2053,716,1337,6,604,590,470,240,143,4,153,236,170,91,62,2,451,354,300,149,81
2018,3,R,전통시장,2130066,행당시장상점가,869,394,475,4,170,203,218,170,104,1,38,93,101,95,66,3,132,110,117,75,38
2018,3,R,전통시장,2130065,무학봉상점가,320,115,205,2,48,68,81,71,50,2,13,24,33,27,16,0,35,44,48,44,34
2018,3,R,전통시장,2130064,금남시장,96,22,74,0,14,15,15,22,30,0,0,3,9,4,6,0,14,12,6,18,24
2018,3,R,전통시장,2130063,신금호역 골목형상점가,87,50,37,1,14,19,16,25,12,1,4,11,10,15,9,0,10,8,6,10,3
2018,3,R,전통시장,2130062,보광시장,51,24,27,0,3,11,16,14,7,0,1,3,10,5,5,0,2,8,6,9,2
2018,3,R,전통시장,2130061,이태원시장,265,166,99,3,128,76,26,15,17,1,78,55,12,7,13,2,50,21,14,8,4
2018,3,R,전통시장,2130060,신흥시장,21,13,8,0,8,8,3,1,1,0,7,4,2,0,0,0,1,4,1,1,1
2018,3,R,전통시장,2130059,후암시장,144,51,93,0,18,35,33,37,21,0,7,14,10,10,10,0,11,21,23,27,11
2018,3,R,전통시장,2130058,이촌종합시장,158,86,72,0,24,37,41,39,17,0,14,25,24,17,6,0,10,12,17,22,11
2018,3,R,전통시장,2130057,만리시장,37,29,8,0,0,4,7,16,10,0,0,4,4,11,10,0,0,0,3,5,0
2018,3,R,전통시장,2130056,용산용문시장,365,198,167,3,43,88,112,67,52,2,23,58,62,25,28,1,20,30,50,42,24
2018,3,R,전통시장,2130055,"황학시장(서울중앙시장, 신중앙시장)",329,224,105,0,26,72,92,84,55,0,15,53,67,53,36,0,11,19,25,31,19
2018,3,R,전통시장,2130054,황학동주방가구거리상점가,547,346,201,0,88,133,140,140,46,0,34,86,100,95,31,0,54,47,40,45,15
2018,3,R,전통시장,2130053,백학시장,381,198,183,0,41,101,103,95,41,0,17,58,57,43,23,0,24,43,46,52,18
2018,3,R,전통시장,2130052,서울중앙시장(신중앙시장),1094,709,385,0,181,283,221,237,172,0,125,206,145,128,105,0,56,77,76,109,67
2018,3,R,전통시장,2130051,동화동 골목형상점가,704,376,328,2,100,160,181,174,87,0,40,85,103,92,56,2,60,75,78,82,31
2018,3,R,전통시장,2130050,청평화시장,948,348,600,1,152,371,240,127,57,1,63,132,67,57,28,0,89,239,173,70,29
2018,3,R,전통시장,2130049,신당 미래유산 먹거리 골목형상점가,132,59,73,0,11,24,34,32,31,0,3,9,17,11,19,0,8,15,17,21,12
2018,3,R,전통시장,2130048,동평화시장,170,96,74,0,19,39,38,41,33,0,11,20,21,23,21,0,8,19,17,18,12
2018,3,R,전통시장,2130047,테크노상가(엘리시움),769,414,355,1,178,273,152,101,64,0,85,158,84,55,32,1,93,115,68,46,32
2018,3,R,전통시장,2130046,team204(팀204),99,56,43,0,10,31,16,21,21,0,3,17,7,13,16,0,7,14,9,8,5
2018,3,R,전통시장,2130045,광희패션몰,182,97,85,0,32,44,36,43,27,0,10,24,23,26,14,0,22,20,13,17,13
2018,3,R,전통시장,2130044,에리어식스(벨포스트),85,45,40,0,9,26,23,17,10,0,5,18,13,7,2,0,4,8,10,10,8
2018,3,R,전통시장,2130043,제일평화시장,306,120,186,0,21,76,111,70,28,0,7,35,46,25,7,0,14,41,65,45,21
2018,3,R,전통시장,2130042,약수시장,306,131,175,0,21,59,84,83,59,0,6,23,39,35,28,0,15,36,45,48,31
2018,3,R,전통시장,2130041,신평화패션타운(청계6가 지하도상가),244,143,101,0,21,49,55,79,40,0,14,28,35,44,22,0,7,21,20,35,18
2018,3,R,전통시장,2130040,남평화시장,225,154,71,0,53,82,41,34,15,0,36,63,27,19,9,0,17,19,14,15,6
2018,3,R,전통시장,2130039,청계6가 지하도상가,118,64,54,0,12,23,30,22,31,0,3,11,18,14,18,0,9,12,12,8,13
2018,3,R,전통시장,2130038,"평화시장(통일상가, 동화상가)",3990,2721,1269,8,587,1419,1149,602,225,2,268,967,901,437,146,6,319,452,248,165,79
2018,3,R,전통시장,2130037,청계5가쇼핑센터(청계5가지하쇼핑센터),4,3,1,0,0,0,0,3,1,0,0,0,0,2,1,0,0,0,0,1,0
2018,3,R,전통시장,2130036,중부시장(신중부시장),1731,1119,612,6,176,364,466,422,297,2,84,251,318,254,210,4,92,113,148,168,87
2018,3,R,전통시장,2130035,방산종합시장(방산시장),2900,1857,1043,5,241,627,734,750,543,1,147,406,429,466,408,4,94,221,305,284,135
2018,3,R,전통시장,2130034,필동 골목형상점가,22,13,9,0,3,2,10,5,2,0,1,2,6,2,2,0,2,0,4,3,0
2018,3,R,전통시장,2130033,대림상가(청계상가),454,327,127,1,31,88,145,104,85,1,22,60,100,75,69,0,9,28,45,29,16
2018,3,R,전통시장,2130032,인현시장,546,354,192,2,33,93,159,169,90,0,18,52,105,110,69,2,15,41,54,59,21
2018,3,R,전통시장,2130031,청계천공구상가,987,652,335,2,95,222,265,220,183,0,37,139,196,139,141,2,58,83,69,81,42
2018,3,R,전통시장,2130030,을지로지하보도쇼핑센터(을지입구지하상가),9,3,6,0,0,1,5,3,0,0,0,1,1,1,0,0,0,0,4,2,0
2018,3,R,전통시장,2130029,명동역지하도상가,6,4,2,0,0,0,4,2,0,0,0,0,3,1,0,0,0,0,1,1,0
2018,3,R,전통시장,2130028,을지입구지하상가(을지로지하보도쇼핑센터),28,12,16,0,5,6,4,7,6,0,1,2,2,4,3,0,4,4,2,3,3
2018,3,R,전통시장,2130026,소공지하도상가,10,5,5,0,0,4,1,1,4,0,0,2,0,1,2,0,0,2,1,0,2
2018,3,R,전통시장,2130025,삼익패션타운(남대문시장),1048,833,215,27,212,205,301,235,68,23,166,155,237,198,54,4,46,50,64,37,14
2018,3,R,전통시장,2130024,남대문시장(자유상가),3056,1643,1413,3,271,651,753,729,649,1,106,341,379,391,425,2,165,310,374,338,224
2018,3,R,전통시장,2130023,남대문로 지하상가(남대문지하쇼핑센터),5,2,3,0,0,0,1,1,3,0,0,0,0,0,2,0,0,0,1,1,1
2018,3,R,전통시장,2130022,숭례문수입상가(남대문시장),5624,3039,2585,84,1455,2428,1238,365,54,17,620,1420,689,254,39,67,835,1008,549,111,15
2018,3,R,전통시장,2130021,신설종합시장,150,109,41,0,9,30,45,47,19,0,7,25,35,31,11,0,2,5,10,16,8
2018,3,R,전통시장,2130020,동묘시장(동묘벼룩시장),191,111,80,1,28,37,52,44,29,1,13,19,33,28,17,0,15,18,19,16,12
2018,3,R,전통시장,2130019,동대문상가D동,37,26,11,0,2,14,8,3,10,0,2,8,6,2,8,0,0,6,2,1,2
2018,3,R,전통시장,2130018,동대문문구완구거리(동대문문구완구시장),742,308,434,1,197,199,143,116,86,0,50,88,69,54,47,1,147,111,74,62,39
2018,3,R,전통시장,2130017,동대문상가C동,181,145,36,0,24,84,42,20,11,0,20,71,36,12,6,0,4,13,6,8,5
2018,3,R,전통시장,2130016,동대문상가B동,35,24,11,1,2,7,12,2,11,0,0,5,10,1,8,1,2,2,2,1,3
2018,3,R,전통시장,2130015,창신골목시장,162,79,83,0,11,25,51,54,21,0,6,14,26,22,11,0,5,11,25,32,10
2018,3,R,전통시장,2130014,동문시장,31,25,6,0,0,2,10,3,16,0,0,1,5,3,16,0,0,1,5,0,0
2018,3,R,전통시장,2130013,동대문상가A동,10,5,5,0,0,1,4,4,1,0,0,1,2,1,1,0,0,0,2,3,0
2018,3,R,전통시장,2130012,"동대문종합시장(동대문종합시장 신관, 동대문종합시장D동상가)",4711,3298,1413,4,779,1464,1268,853,343,1,531,1131,829,575,231,3,248,333,439,278,112
2018,3,R,전통시장,2130011,충신시장,315,191,124,5,68,100,82,46,14,3,35,71,43,29,10,2,33,29,39,17,4
2018,3,R,전통시장,2130010,종로신진시장,654,372,282,1,58,127,167,182,119,1,34,80,96,89,72,0,24,47,71,93,47
2018,3,R,전통시장,2130009,마전교지하쇼핑센터(구 한일상가),94,63,31,0,8,22,19,24,21,0,5,16,16,14,12,0,3,6,3,10,9
2018,3,R,전통시장,2130007,광장시장(광장전통시장),1078,662,416,1,82,189,249,293,264,1,46,125,160,157,173,0,36,64,89,136,91
2018,3,R,전통시장,2130006,종로4가지하쇼핑센터,14,8,6,0,0,5,5,1,3,0,0,2,3,1,2,0,0,3,2,0,1
2018,3,R,전통시장,2130005,세운상가가동,576,397,179,0,54,129,153,129,111,0,26,94,109,85,83,0,28,35,44,44,28
2018,3,R,전통시장,2130004,낙원시장(낙원지하시장(대일상가)),427,303,124,0,42,95,91,89,110,0,27,78,65,60,73,0,15,17,26,29,37
2018,3,R,전통시장,2130002,세종마을음식문화거리(금천교시장),543,275,268,2,75,117,105,131,113,1,40,69,55,47,63,1,35,48,50,84,50
2018,3,R,전통시장,2130001,통인시장,259,176,83,0,67,109,36,30,17,0,45,83,23,18,7,0,22,26,13,12,10
2018,3,D,발달상권,2120249,고덕역,1309,597,712,7,180,271,273,322,256,2,57,142,108,141,147,5,123,129,165,181,109
2018,3,D,발달상권,2120248,명일역,1713,610,1103,4,249,267,361,457,375,3,72,120,141,128,146,1,177,147,220,329,229
2018,3,D,발달상권,2120247,굽은다리역,1055,461,594,7,164,245,262,215,162,1,48,123,121,81,87,6,116,122,141,134,75
2018,3,D,발달상권,2120246,길동역,4943,2306,2637,4,665,934,1123,1188,1029,0,283,483,568,425,547,4,382,451,555,763,482
2018,3,D,발달상권,2120245,둔촌역,2801,1504,1297,5,408,757,695,577,359,1,169,437,380,275,242,4,239,320,315,302,117
2018,3,D,발달상권,2120244,암사역,1080,458,622,1,147,206,249,243,234,0,42,89,117,86,124,1,105,117,132,157,110
2018,3,D,발달상권,2120243,천호역,4090,1785,2305,23,968,1064,905,615,515,6,262,502,444,264,307,17,706,562,461,351,208
2018,3,D,발달상권,2120242,강동구청역,11671,6321,5350,23,1285,2400,2750,2900,2313,17,681,1504,1498,1235,1386,6,604,896,1252,1665,927
2018,3,D,발달상권,2120241,거여역,2465,1322,1143,7,196,394,497,566,805,4,101,260,280,208,469,3,95,134,217,358,336
2018,3,D,발달상권,2120240,개롱역,1425,688,737,2,203,299,435,335,151,2,77,160,208,147,94,0,126,139,227,188,57
2018,3,D,발달상권,2120239,오금역,4536,2671,1865,11,722,1205,1184,827,587,9,320,739,770,450,383,2,402,466,414,377,204
2018,3,D,발달상권,2120238,방이역,773,365,408,1,96,177,211,152,136,0,29,75,83,75,103,1,67,102,128,77,33
2018,3,D,발달상권,2120237,경찰병원역,9892,5226,4666,15,1672,2441,2263,2223,1278,4,664,1478,1409,1034,637,11,1008,963,854,1189,641
2018,3,D,발달상권,2120236,장지역(가든파이브),8855,5963,2892,54,1215,2364,2303,1664,1255,28,636,1593,1581,1131,994,26,579,771,722,533,261
2018,3,D,발달상권,2120235,문정역,34275,22355,11920,118,6398,10892,8651,5229,2987,43,3101,7425,6096,3367,2323,75,3297,3467,2555,1862,664
2018,3,D,발달상권,2120234,가락시장역,8907,5472,3435,37,1445,2392,2170,1642,1221,21,632,1404,1427,1117,871,16,813,988,743,525,350
2018,3,D,발달상권,2120233,몽촌토성역,4477,3000,1477,7,776,1528,1068,638,460,4,381,1040,798,435,342,3,395,488,270,203,118
2018,3,D,발달상권,2120232,송파나루역,1296,769,527,4,196,308,281,298,209,2,77,187,157,178,168,2,119,121,124,120,41
2018,3,D,발달상권,2120231,가락시장,10332,7198,3134,5,557,1868,2825,3107,1970,2,372,1498,2067,1927,1332,3,185,370,758,1180,638
2018,3,D,발달상권,2120230,송파사거리(송파역),1025,471,554,3,107,205,264,219,227,1,35,97,143,87,108,2,72,108,121,132,119
2018,3,D,발달상권,2120229,방이동먹자골목,5733,3442,2291,26,919,1457,1339,1147,845,18,504,914,840,648,518,8,415,543,499,499,327
2018,3,D,발달상권,2120228,석촌역(석촌호수),4298,2382,1916,10,609,1049,953,881,796,4,254,620,542,456,506,6,355,429,411,425,290
2018,3,D,발달상권,2120227,잠실역,85339,46124,39215,348,17475,26596,23280,15417,2223,171,8768,17678,13216,5018,1273,177,8707,8918,10064,10399,950
2018,3,D,발달상권,2120226,석촌고분역,3244,2214,1030,10,352,578,642,546,1116,4,174,357,394,302,983,6,178,221,248,244,133
2018,3,D,발달상권,2120225,잠실새내역(신천),9641,5426,4215,30,1847,2201,2352,1817,1394,17,731,1203,1399,1123,953,13,1116,998,953,694,441
2018,3,D,발달상권,2120224,수서역,17285,7569,9716,56,4488,5248,3293,2624,1576,11,1042,2504,1787,1148,1077,45,3446,2744,1506,1476,499
2018,3,D,발달상권,2120223,휘문고교사거리,7065,4251,2814,12,1256,2718,1784,768,527,4,494,1670,1231,506,346,8,762,1048,553,262,181
2018,3,D,발달상권,2120222,삼성역,53346,30480,22866,247,11380,17191,12860,7114,4554,113,4354,10159,8818,4257,2779,134,7026,7032,4042,2857,1775
2018,3,D,발달상권,2120221,봉은사역,24216,15502,8714,38,5230,6156,4260,4086,4446,15,2747,4400,3147,2452,2741,23,2483,1756,1113,1634,1705
2018,3,D,발달상권,2120220,대치역,5809,3230,2579,103,1865,2217,937,421,266,0,738,1413,658,241,180,103,1127,804,279,180,86
2018,3,D,발달상권,2120219,은마아파트,2303,900,1403,21,420,579,606,458,219,8,103,250,250,168,121,13,317,329,356,290,98
2018,3,D,발달상권,2120218,코엑스,13231,8043,5188,16,2814,4691,3752,1590,368,6,1007,2544,2868,1350,268,10,1807,2147,884,240,100
2018,3,D,발달상권,2120217,대치사거리,4250,2546,1704,9,859,1466,1028,548,340,1,437,988,613,275,232,8,422,478,415,273,108
2018,3,D,발달상권,2120216,경기고교사거리(경기고교앞사거리),6397,4395,2002,11,851,1891,1820,917,907,7,326,1276,1509,700,577,4,525,615,311,217,330
2018,3,D,발달상권,2120215,포스코사거리,55196,33253,21943,198,10715,20941,14457,6387,2498,55,4331,12842,10059,4260,1706,143,6384,8099,4398,2127,792
2018,3,D,발달상권,2120214,영동대교남단교차로,5265,3239,2026,17,916,1705,1263,878,486,5,351,1055,904,584,340,12,565,650,359,294,146
2018,3,D,발달상권,2120213,삼성중앙역,10040,5228,4812,40,2187,3764,2308,1135,606,18,833,1970,1443,614,350,22,1354,1794,865,521,256
2018,3,D,발달상권,2120212,한티역,1776,771,1005,7,348,480,420,317,204,2,108,211,207,141,102,5,240,269,213,176,102
2018,3,D,발달상권,2120211,도성초등학교,2044,935,1109,9,425,702,428,292,188,2,104,281,236,190,122,7,321,421,192,102,66
2018,3,D,발달상권,2120210,선릉역,58788,30088,28700,225,15870,16802,12533,8983,4375,105,6050,9436,7194,4585,2718,120,9820,7366,5339,4398,1657
2018,3,D,발달상권,2120209,"강남구청(청담역_8번, 강남세무서)",4705,1823,2882,45,1146,1384,987,719,424,13,280,594,419,272,245,32,866,790,568,447,179
2018,3,D,발달상권,2120208,청담사거리(청담동명품거리),16321,5769,10552,95,5458,6136,2901,1152,579,19,1366,2281,1237,532,334,76,4092,3855,1664,620,245
2018,3,D,발달상권,2120207,선정릉역,14169,7896,6273,46,3114,4979,3540,1643,847,18,1112,2776,2307,1076,607,28,2002,2203,1233,567,240
2018,3,D,발달상권,2120206,개나리아파트,4882,2794,2088,84,1580,1432,918,515,353,25,755,834,624,315,241,59,825,598,294,200,112
2018,3,D,발달상권,2120205,매봉역,11680,6265,5415,14,1881,2632,2265,1781,3107,6,835,1587,1318,972,1547,8,1046,1045,947,809,1560
2018,3,D,발달상권,2120204,르네상스호텔사거리,15105,8779,6326,41,2775,4812,3796,2104,1577,23,1182,2782,2500,1359,933,18,1593,2030,1296,745,644
2018,3,D,발달상권,2120203,강남구청역,12833,6554,6279,45,2301,3872,3243,2337,1035,20,776,2071,1988,1106,593,25,1525,1801,1255,1231,442
2018,3,D,발달상권,2120202,압구정로데오역(압구정로데오),6385,2710,3675,63,2457,2000,1016,465,384,16,839,915,495,244,201,47,1618,1085,521,221,183
2018,3,D,발달상권,2120201,도곡1동,7283,4270,3013,22,1236,2325,1940,1073,687,8,477,1284,1311,689,501,14,759,1041,629,384,186
2018,3,D,발달상권,2120200,학동사거리,15430,6957,8473,77,5337,5551,2717,1047,701,33,1599,2652,1509,674,490,44,3738,2899,1208,373,211
2018,3,D,발달상권,2120199,경복아파트교차로,11191,6181,5010,55,2072,3145,2307,1679,1933,29,855,1908,1552,854,983,26,1217,1237,755,825,950
2018,3,D,발달상권,2120198,구역삼세무서,15898,7927,7971,37,3483,4571,3756,2563,1488,16,1037,2488,2231,1260,895,21,2446,2083,1525,1303,593
2018,3,D,발달상권,2120197,역삼역,81572,50468,31104,224,17327,28322,20216,11281,4202,92,7607,18103,14663,7315,2688,132,9720,10219,5553,3966,1514
2018,3,D,발달상권,2120196,서울세관,9339,5516,3823,36,1840,2899,2410,1368,786,4,691,1597,1638,1033,553,32,1149,1302,772,335,233
2018,3,D,발달상권,2120195,성수대교남단,6044,2673,3371,86,2070,2053,1022,479,334,25,747,907,587,222,185,61,1323,1146,435,257,149
2018,3,D,발달상권,2120194,언주역(차병원),13388,7354,6034,60,3246,3918,3020,2053,1091,27,1235,2202,2046,1099,745,33,2011,1716,974,954,346
2018,3,D,발달상권,2120193,도산공원교차로,9935,5616,4319,29,2223,3515,2221,1268,679,10,792,2013,1416,882,503,19,1431,1502,805,386,176
2018,3,D,발달상권,2120192,뱅뱅사거리,27702,17691,10011,74,4765,8714,7040,4376,2733,30,2024,5434,5127,3147,1929,44,2741,3280,1913,1229,804
2018,3,D,발달상권,2120191,학동역,20231,10575,9656,59,4949,6062,4106,2173,2882,14,1505,3306,2604,1227,1919,45,3444,2756,1502,946,963
2018,3,D,발달상권,2120190,강남을지병원,14688,7399,7289,49,4105,4769,3235,1554,976,21,1358,2388,1952,961,719,28,2747,2381,1283,593,257
2018,3,D,발달상권,2120189,강남역,87524,42299,45225,588,20464,27897,21068,11547,5960,161,6597,14222,12731,5962,2626,427,13867,13675,8337,5585,3334
2018,3,D,발달상권,2120188,압구정역,18965,7861,11104,1061,7808,4157,2550,1880,1509,416,3006,1787,1279,712,661,645,4802,2370,1271,1168,848
2018,3,D,발달상권,2120187,신논현역,14693,7754,6939,78,3868,4865,3031,1614,1237,20,1309,2713,2041,954,717,58,2559,2152,990,660,520
2018,3,D,발달상권,2120186,가로수길,9582,4606,4976,54,2902,3204,1810,967,645,24,1021,1732,999,447,383,30,1881,1472,811,520,262
2018,3,D,발달상권,2120185,논현역,17640,9481,8159,71,3476,5984,4479,2127,1503,11,1206,3253,2735,1276,1000,60,2270,2731,1744,851,503
2018,3,D,발달상권,2120184,포이사거리(삼호물산),19713,11302,8411,57,2666,5148,5399,4341,2102,29,1159,3281,3275,2227,1331,28,1507,1867,2124,2114,771
2018,3,D,발달상권,2120183,양재천카페거리,4168,2742,1426,11,867,1539,902,557,292,6,436,1091,637,385,187,5,431,448,265,172,105
2018,3,D,발달상권,2120182,"양재시민의숲역(양재동꽃시장, aT센터)",5794,3730,2064,15,758,1568,1475,1120,858,4,369,992,1003,714,648,11,389,576,472,406,210
2018,3,D,발달상권,2120181,교육개발원입구사거리,6988,4510,2478,23,1152,2038,1653,1193,929,12,547,1357,1209,784,601,11,605,681,444,409,328
2018,3,D,발달상권,2120180,양재화물트럭터미널앞,4247,3435,812,5,758,1554,1165,587,178,2,514,1263,1014,497,145,3,244,291,151,90,33
2018,3,D,발달상권,2120179,양재역,19471,11103,8368,107,4024,5409,4510,3087,2334,43,1392,3185,3024,1885,1574,64,2632,2224,1486,1202,760
2018,3,D,발달상권,2120178,신사역,17456,8660,8796,45,4231,5588,3821,2295,1476,18,1138,2822,2477,1250,955,27,3093,2766,1344,1045,521
2018,3,D,발달상권,2120177,신논현역 1번,2041,1457,584,4,486,823,435,225,68,1,315,601,346,142,52,3,171,222,89,83,16
2018,3,D,발달상권,2120176,논현역 4번,1102,710,392,2,203,298,266,168,165,2,98,187,198,113,112,0,105,111,68,55,53
2018,3,D,발달상권,2120175,남부터미널역,22678,11541,11137,98,5353,6432,5204,3900,1691,52,2232,3765,2936,1578,978,46,3121,2667,2268,2322,713
2018,3,D,발달상권,2120174,논현역 5번,937,588,349,3,161,267,248,143,115,2,57,175,178,99,77,1,104,92,70,44,38
2018,3,D,발달상권,2120173,교대역(법원.검찰청),25044,13235,11809,94,4555,7709,6258,3882,2546,32,1358,3719,3701,2546,1879,62,3197,3990,2557,1336,667
2018,3,D,발달상권,2120172,교대입구교차로,14630,8394,6236,50,3055,4121,3537,2323,1544,20,1400,2516,2194,1221,1043,30,1655,1605,1343,1102,501
2018,3,D,발달상권,2120171,서초3동사거리,10609,6595,4014,24,1687,3024,2550,1772,1552,8,694,1926,1814,1098,1055,16,993,1098,736,674,497
2018,3,D,발달상권,2120170,삼호가든사거리,2570,1274,1296,10,477,852,621,363,247,0,134,369,390,213,168,10,343,483,231,150,79
2018,3,D,발달상권,2120169,서초역,21982,10843,11139,63,4837,6696,5577,3303,1506,18,1517,3396,2952,1831,1129,45,3320,3300,2625,1472,377
2018,3,D,발달상권,2120168,서울고교교차로,2664,1722,942,3,451,1003,807,288,112,2,151,641,625,230,73,1,300,362,182,58,39
2018,3,D,발달상권,2120167,고속터미널(고속터미널역),5056,2504,2552,15,746,915,998,1095,1287,4,362,519,571,527,521,11,384,396,427,568,766
2018,3,D,발달상권,2120166,방배역,6402,3737,2665,25,1258,1697,1379,970,1073,6,479,943,930,551,828,19,779,754,449,419,245
2018,3,D,발달상권,2120165,서래마을카페거리(서래마을),3001,1625,1376,39,712,818,696,459,277,11,317,434,413,288,162,28,395,384,283,171,115
2018,3,D,발달상권,2120164,내방역,9073,4497,4576,26,1583,2308,2278,1872,1006,13,624,1274,1143,793,650,13,959,1034,1135,1079,356
2018,3,D,발달상권,2120163,사당역 11번(사당역먹자골목),254,141,113,0,27,48,79,46,54,0,14,24,46,27,30,0,13,24,33,19,24
2018,3,D,발달상권,2120162,방배동카페골목,1854,1117,737,15,316,468,397,269,389,13,159,317,270,146,212,2,157,151,127,123,177
2018,3,D,발달상권,2120161,방배동가구거리(사당동가구거리),1678,1043,635,2,263,542,378,233,260,0,108,369,277,159,130,2,155,173,101,74,130
2018,3,D,발달상권,2120160,사당역(사당),7245,3474,3771,18,1253,1635,1728,1800,811,12,542,941,852,630,497,6,711,694,876,1170,314
2018,3,D,발달상권,2120159,서울대입구역,3153,1509,1644,19,557,729,791,535,522,7,200,334,397,258,313,12,357,395,394,277,209
2018,3,D,발달상권,2120158,녹두거리(대학동),1104,717,387,2,121,175,303,342,161,1,38,99,212,257,110,1,83,76,91,85,51
2018,3,D,발달상권,2120157,신림역(신림),2207,967,1240,5,477,406,504,440,375,1,164,196,245,161,200,4,313,210,259,279,175
2018,3,D,발달상권,2120156,"총신대입구역(이수, 총신대)",5317,2407,2910,22,835,1253,1311,1202,694,9,294,672,673,428,331,13,541,581,638,774,363
2018,3,D,발달상권,2120155,총신대학교,120,61,59,0,16,21,37,37,9,0,6,10,21,17,7,0,10,11,16,20,2
2018,3,D,발달상권,2120154,장승배기역,1065,495,570,2,109,181,276,303,194,0,38,78,130,167,82,2,71,103,146,136,112
2018,3,D,발달상권,2120153,노량진역(노량진),5758,3241,2517,9,656,1534,1462,1407,690,1,264,717,863,938,458,8,392,817,599,469,232
2018,3,D,발달상권,2120152,신대방삼거리역,1370,666,704,7,160,333,340,300,230,1,55,159,188,137,126,6,105,174,152,163,104
2018,3,D,발달상권,2120151,보라매공원,11679,6352,5327,24,1841,3884,3563,1774,593,12,666,1878,2053,1303,440,12,1175,2006,1510,471,153
2018,3,D,발달상권,2120150,63빌딩,12078,5982,6096,8,1573,3099,3728,2774,896,5,597,1735,2007,1397,241,3,976,1364,1721,1377,655
2018,3,D,발달상권,2120149,여의도역(여의도),124796,73876,50920,429,17441,40841,38524,21295,6266,93,7425,21848,24548,16163,3799,336,10016,18993,13976,5132,2467
2018,3,D,발달상권,2120148,국회의사당역(국회의사당),38936,23298,15638,68,7726,14343,9283,5140,2376,15,2963,8318,6607,3747,1648,53,4763,6025,2676,1393,728
2018,3,D,발달상권,2120147,보라매역,2720,1570,1150,32,374,524,503,514,773,2,111,313,311,312,521,30,263,211,192,202,252
2018,3,D,발달상권,2120146,한강성심병원,5605,3615,1990,6,731,1232,1377,1176,1083,5,291,735,969,885,730,1,440,497,408,291,353
2018,3,D,발달상권,2120145,영등포역(영등포),7547,3839,3708,59,1623,2068,1699,1260,838,18,642,1097,902,672,508,41,981,971,797,588,330
2018,3,D,발달상권,2120144,영중로,6357,4067,2290,35,917,1781,1506,1231,887,18,441,1205,1075,705,623,17,476,576,431,526,264
2018,3,D,발달상권,2120143,당산역,10089,6204,3885,43,1166,1663,2151,2469,2597,23,630,1166,1370,1342,1673,20,536,497,781,1127,924
2018,3,D,발달상권,2120142,대림역,1596,919,677,1,154,314,434,425,268,1,60,175,253,259,171,0,94,139,181,166,97
2018,3,D,발달상권,2120141,영등포청과시장교차로,2021,861,1160,4,200,486,680,442,209,1,72,219,305,142,122,3,128,267,375,300,87
2018,3,D,발달상권,2120140,문래동주민센터,16853,8347,8506,65,3909,5115,4368,2051,1345,28,1465,2648,2267,1074,865,37,2444,2467,2101,977,480
2018,3,D,발달상권,2120139,대림3동사거리,4668,2865,1803,14,581,1109,1214,969,781,11,292,758,864,551,389,3,289,351,350,418,392
2018,3,D,발달상권,2120138,당산2동(영등포우체국),15228,7236,7992,86,3878,4533,3726,1987,1018,32,1340,2244,1773,1148,699,54,2538,2289,1953,839,319
2018,3,D,발달상권,2120137,문래역(문래로데오거리),247,100,147,0,47,65,68,57,10,0,15,27,31,20,7,0,32,38,37,37,3
2018,3,D,발달상권,2120136,영등포구청역,10107,5263,4844,28,1696,1929,1893,2218,2343,21,828,1089,1088,966,1271,7,868,840,805,1252,1072
2018,3,D,발달상권,2120135,양평역,7143,3908,3235,36,1839,1952,1659,1122,535,12,809,1152,932,550,453,24,1030,800,727,572,82
2018,3,D,발달상권,2120134,구로전화국,3294,2297,997,0,235,449,503,592,1515,0,93,239,291,316,1358,0,142,210,212,276,157
2018,3,D,발달상권,2120133,서울시흥동우체국(홈플러스시흥점),364,144,220,0,45,84,84,84,67,0,15,40,31,29,29,0,30,44,53,55,38
2018,3,D,발달상권,2120132,독산동,11858,8090,3768,41,1543,3006,3016,2833,1419,24,924,2142,2087,1832,1081,17,619,864,929,1001,338
2018,3,D,발달상권,2120131,가산디지털단지,130658,84208,46450,513,27055,42375,33097,17893,9725,283,13256,28574,23462,11637,6996,230,13799,13801,9635,6256,2729
2018,3,D,발달상권,2120130,구로디지털단지역,2095,1037,1058,3,381,473,485,405,348,3,144,225,257,191,217,0,237,248,228,214,131
2018,3,D,발달상권,2120129,구로디지털단지,74526,45339,29187,319,15829,25917,17841,9321,5299,180,7174,17152,12168,5203,3462,139,8655,8765,5673,4118,1837
2018,3,D,발달상권,2120128,신도림역,7690,3203,4487,27,1635,2831,1780,903,514,10,530,1024,866,488,285,17,1105,1807,914,415,229
2018,3,D,발달상권,2120127,구로구청,9254,6594,2660,8,1318,2483,2175,1892,1378,2,947,2039,1662,1119,825,6,371,444,513,773,553
2018,3,D,발달상권,2120126,디지털단지오거리,140,89,51,0,15,23,43,39,20,0,5,17,30,22,15,0,10,6,13,17,5
2018,3,D,발달상권,2120125,구로역,20833,12087,8746,36,2557,6211,5788,4105,2136,19,1106,3244,3422,2695,1601,17,1451,2967,2366,1410,535
2018,3,D,발달상권,2120124,개봉동 현대아파트,929,360,569,1,91,165,244,247,181,1,25,65,101,96,72,0,66,100,143,151,109
2018,3,D,발달상권,2120123,오류동역,1683,788,895,14,189,259,377,439,405,5,71,141,154,154,263,9,118,118,223,285,142
2018,3,D,발달상권,2120122,강서구청,3078,1681,1397,9,353,650,834,747,485,7,146,346,492,404,286,2,207,304,342,343,199
2018,3,D,발달상권,2120121,까치산역,854,309,545,3,123,153,188,224,163,0,35,69,84,67,54,3,88,84,104,157,109
2018,3,D,발달상권,2120120,화곡역,2252,912,1340,10,336,489,589,597,231,2,79,227,291,186,127,8,257,262,298,411,104
2018,3,D,발달상권,2120119,발산역(마곡),6541,3923,2618,37,1254,1731,1537,1109,873,7,528,1070,997,679,642,30,726,661,540,430,231
2018,3,D,발달상권,2120118,마곡역(마곡),667,380,287,0,150,263,157,63,34,0,55,154,110,43,18,0,95,109,47,20,16
2018,3,D,발달상권,2120117,강서농산물도매시장,1586,1085,501,3,91,293,490,440,269,1,65,226,323,285,185,2,26,67,167,155,84
2018,3,D,발달상권,2120116,송정역,360,198,162,1,46,64,90,85,74,0,15,34,50,46,53,1,31,30,40,39,21
2018,3,D,발달상권,2120115,김포공항역(김포공항),55,29,26,0,15,13,12,13,2,0,3,6,7,12,1,0,12,7,5,1,1
2018,3,D,발달상권,2120114,목동신시가지,12685,7932,4753,50,1823,3273,3620,2815,1104,20,777,1944,2459,2011,721,30,1046,1329,1161,804,383
2018,3,D,발달상권,2120113,오목교역,1430,598,832,8,307,362,316,265,172,1,91,170,136,103,97,7,216,192,180,162,75
2018,3,D,발달상권,2120112,등촌역,2612,1547,1065,13,395,635,664,508,397,9,139,368,418,316,297,4,256,267,246,192,100
2018,3,D,발달상권,2120111,목동사거리,1057,484,573,2,120,212,258,264,201,0,53,104,114,102,111,2,67,108,144,162,90
2018,3,D,발달상권,2120110,목동역 8번출구,2143,965,1178,7,342,416,456,382,540,3,93,184,217,125,343,4,249,232,239,257,197
2018,3,D,발달상권,2120109,서울남부지방법원,2186,1122,1064,7,266,430,516,552,415,4,103,236,285,281,213,3,163,194,231,271,202
2018,3,D,발달상권,2120108,신정네거리역,1791,935,856,4,177,360,443,440,367,1,79,168,223,248,216,3,98,192,220,192,151
2018,3,D,발달상권,2120107,공덕역(공덕오거리),21415,12153,9262,69,4021,6248,5777,4173,1127,27,1764,3636,3611,2395,720,42,2257,2612,2166,1778,407
2018,3,D,발달상권,2120106,마포역,16117,9605,6512,92,2716,3980,3754,3172,2403,33,1217,2455,2547,1808,1545,59,1499,1525,1207,1364,858
2018,3,D,발달상권,2120105,상수역(홍대),1662,892,770,8,497,606,330,134,87,4,214,329,207,81,57,4,283,277,123,53,30
2018,3,D,발달상권,2120104,연남동(홍대),10962,5096,5866,45,3038,3243,2174,1470,992,22,1029,1702,1229,680,434,23,2009,1541,945,790,558
2018,3,D,발달상권,2120103,홍대입구역(홍대),15287,8170,7117,87,4513,4257,3031,1881,1518,42,1734,2525,1914,943,1012,45,2779,1732,1117,938,506
2018,3,D,발달상권,2120102,서교동(홍대),9481,4826,4655,41,1843,2492,2063,1495,1547,12,627,1321,1329,920,617,29,1216,1171,734,575,930
2018,3,D,발달상권,2120101,합정역,8295,4377,3918,35,1720,2859,2301,1002,378,10,529,1433,1475,700,230,25,1191,1426,826,302,148
2018,3,D,발달상권,2120100,망원역,3445,1589,1856,18,940,768,667,611,441,6,378,386,332,189,298,12,562,382,335,422,143
2018,3,D,발달상권,2120099,월드컵경기장역(월드컵경기장),227,121,106,1,39,73,60,31,23,1,23,43,33,10,11,0,16,30,27,21,12
2018,3,D,발달상권,2120098,DMC(디지털미디어시티),26007,15472,10535,29,5084,10402,7425,2543,524,8,1761,6000,5467,1902,334,21,3323,4402,1958,641,190
2018,3,D,발달상권,2120097,충정로역,7082,4729,2353,2,1273,2912,1845,724,326,0,704,1889,1362,537,237,2,569,1023,483,187,89
2018,3,D,발달상권,2120096,"이화여대(이대역, 이대)",1288,551,737,9,234,368,309,215,153,0,61,158,143,96,93,9,173,210,166,119,60
2018,3,D,발달상권,2120095,홍제역,1148,433,715,3,175,228,283,274,185,3,37,87,87,119,100,0,138,141,196,155,85
2018,3,D,발달상권,2120094,"신촌역(신촌역, 신촌로터리)",8438,4056,4382,68,1881,1951,2008,1735,795,36,906,1134,998,649,333,32,975,817,1010,1086,462
2018,3,D,발달상권,2120093,연희동,1156,551,605,1,193,227,287,257,191,0,74,122,141,106,108,1,119,105,146,151,83
2018,3,D,발달상권,2120092,불광역,424,173,251,1,39,76,117,122,69,0,19,25,47,46,36,1,20,51,70,76,33
2018,3,D,발달상권,2120091,본서부병원,1092,439,653,3,133,229,284,262,181,0,33,108,133,90,75,3,100,121,151,172,106
2018,3,D,발달상권,2120090,연신내역,1228,413,815,7,241,236,289,248,207,4,53,92,104,81,79,3,188,144,185,167,128
2018,3,D,발달상권,2120089,구파발역,57,19,38,0,25,14,12,5,1,0,7,5,7,0,0,0,18,9,5,5,1
2018,3,D,발달상권,2120088,구산역,993,346,647,3,145,201,265,233,146,2,32,86,98,63,65,1,113,115,167,170,81
2018,3,D,발달상권,2120087,응암역,517,237,280,1,86,128,115,101,86,1,22,60,57,46,51,0,64,68,58,55,35
2018,3,D,발달상권,2120086,태릉입구역,1349,682,667,1,205,301,295,314,233,1,102,160,158,141,120,0,103,141,137,173,113
2018,3,D,발달상권,2120085,은행사거리,1076,482,594,9,178,203,305,238,143,4,66,96,126,108,82,5,112,107,179,130,61
2018,3,D,발달상권,2120084,공릉역,1156,705,451,2,112,144,213,358,327,0,33,68,130,230,244,2,79,76,83,128,83
2018,3,D,발달상권,2120083,등나무근린공원,1173,541,632,0,141,242,315,268,207,0,58,111,141,107,124,0,83,131,174,161,83
2018,3,D,발달상권,2120082,상계백병원,1876,531,1345,0,508,595,490,199,84,0,113,153,132,84,49,0,395,442,358,115,35
2018,3,D,발달상권,2120081,노원역,5124,1832,3292,36,1197,1110,1110,1001,670,9,296,442,440,355,290,27,901,668,670,646,380
2018,3,D,발달상권,2120080,마들역,522,160,362,2,90,117,124,115,74,0,20,37,34,36,33,2,70,80,90,79,41
2018,3,D,발달상권,2120079,창동역,1788,939,849,1,217,329,510,390,341,0,61,162,266,208,242,1,156,167,244,182,99
2018,3,D,발달상권,2120078,미아사거리역,1055,459,596,10,237,279,248,169,112,5,86,135,112,64,57,5,151,144,136,105,55
2018,3,D,발달상권,2120077,미아역,922,390,532,1,203,229,199,176,114,0,57,89,93,81,70,1,146,140,106,95,44
2018,3,D,발달상권,2120076,수유역,4312,2067,2245,20,736,858,996,904,798,10,277,417,478,428,457,10,459,441,518,476,341
2018,3,D,발달상권,2120075,월곡역,858,435,423,5,124,213,206,165,145,2,50,120,126,73,64,3,74,93,80,92,81
2018,3,D,발달상권,2120074,안암역,335,203,132,3,58,114,88,42,30,0,24,89,56,21,13,3,34,25,32,21,17
2018,3,D,발달상권,2120073,미아사거리,925,341,584,7,180,238,240,170,90,3,61,90,99,43,45,4,119,148,141,127,45
2018,3,D,발달상권,2120072,성신여대,2592,1331,1261,18,641,644,528,404,357,5,234,342,295,225,230,13,407,302,233,179,127
2018,3,D,발달상권,2120071,성북구청,822,342,480,3,143,194,188,177,117,0,53,95,89,62,43,3,90,99,99,115,74
2018,3,D,발달상권,2120070,한성대입구역,1100,489,611,6,183,222,246,245,198,4,67,121,109,109,79,2,116,101,137,136,119
2018,3,D,발달상권,2120069,상봉역,1987,1042,945,9,384,445,428,384,337,3,166,215,232,216,210,6,218,230,196,168,127
2018,3,D,발달상권,2120068,사가정역,422,154,268,1,92,92,93,82,62,0,20,27,45,26,36,1,72,65,48,56,26
2018,3,D,발달상권,2120067,장안동사거리,3356,1437,1919,17,516,707,818,770,528,6,145,308,377,332,269,11,371,399,441,438,259
2018,3,D,발달상권,2120066,장한평역(장한평),13572,8344,5228,49,2302,3185,3011,2575,2450,14,1039,1972,1943,1588,1788,35,1263,1213,1068,987,662
2018,3,D,발달상권,2120065,회기역,1033,579,454,5,146,195,217,192,278,1,62,108,114,92,202,4,84,87,103,100,76
2018,3,D,발달상권,2120064,경희대학교(경희대),458,220,238,4,91,121,106,78,58,0,48,74,56,22,20,4,43,47,50,56,38
2018,3,D,발달상권,2120063,청량리역(청량리),2158,883,1275,15,464,421,445,438,375,9,186,162,160,159,207,6,278,259,285,279,168
2018,3,D,발달상권,2120062,신설동역,11457,4847,6610,26,1254,2641,3399,2674,1463,7,395,1332,1384,942,787,19,859,1309,2015,1732,676
2018,3,D,발달상권,2120061,올림픽대교북단,724,284,440,3,164,182,175,129,71,1,45,80,82,39,37,2,119,102,93,90,34
2018,3,D,발달상권,2120060,강변역(테크노마트),4361,2940,1421,28,625,981,1158,914,655,13,267,657,861,683,459,15,358,324,297,231,196
2018,3,D,발달상권,2120059,구삼강변맛길,2519,1181,1338,8,345,461,430,516,759,8,155,245,220,206,347,0,190,216,210,310,412
2018,3,D,발달상권,2120058,구의사거리,790,375,415,0,123,168,191,189,119,0,31,82,99,98,65,0,92,86,92,91,54
2018,3,D,발달상권,2120057,아차산역,2776,1398,1378,20,341,572,600,679,564,3,142,292,330,303,328,17,199,280,270,376,236
2018,3,D,발달상권,2120056,구의역,3970,2229,1741,8,510,813,925,769,945,1,180,409,522,431,686,7,330,404,403,338,259
2018,3,D,발달상권,2120055,군자역,5134,2967,2167,19,739,1243,1350,1046,737,10,331,741,833,619,433,9,408,502,517,427,304
2018,3,D,발달상권,2120054,어린이대공원역,1103,616,487,2,168,246,278,249,160,0,71,139,161,135,110,2,97,107,117,114,50
2018,3,D,발달상권,2120053,건대입구역(건대),3315,1539,1776,24,996,771,618,468,438,6,396,415,329,175,218,18,600,356,289,293,220
2018,3,D,발달상권,2120052,성수역,15575,8815,6760,72,3153,4203,3677,2694,1776,30,1388,2450,2273,1599,1075,42,1765,1753,1404,1095,701
2018,3,D,발달상권,2120051,뚝섬역,18464,9639,8825,84,4753,5867,4089,2827,844,38,2127,3626,2374,975,499,46,2626,2241,1715,1852,345
2018,3,D,발달상권,2120050,서울숲역,1709,1125,584,11,334,561,479,236,88,8,156,368,345,173,75,3,178,193,134,63,13
2018,3,D,발달상권,2120049,왕십리역(왕십리),3395,2194,1201,20,588,680,816,803,488,9,258,421,556,591,359,11,330,259,260,212,129
2018,3,D,발달상권,2120048,금호역,370,150,220,3,72,84,74,76,61,0,27,37,34,26,26,3,45,47,40,50,35
2018,3,D,발달상권,2120047,한남오거리,3158,1788,1370,9,644,999,685,487,334,4,235,585,425,319,220,5,409,414,260,168,114
2018,3,D,발달상권,2120046,이태원(이태원역),4163,2503,1660,13,1272,1444,719,399,316,4,708,946,452,225,168,9,564,498,267,174,148
2018,3,D,발달상권,2120045,남영동 먹자골목,3399,2365,1034,9,774,1211,858,398,149,0,386,931,692,263,93,9,388,280,166,135,56
2018,3,D,발달상권,2120044,삼각지역,1440,932,508,1,117,312,355,350,305,1,55,196,243,226,211,0,62,116,112,124,94
2018,3,D,발달상권,2120043,서울역,28530,19667,8863,117,4378,9866,9027,3776,1366,18,2016,6550,7158,2889,1036,99,2362,3316,1869,887,330
2018,3,D,발달상권,2120042,"숙대입구역(남영역, 남영동)",12007,6324,5683,424,4502,3591,2182,960,348,174,2046,1965,1269,627,243,250,2456,1626,913,333,105
2018,3,D,발달상권,2120041,신용산역(용산역),47537,24182,23355,138,14222,16803,10726,4143,1505,56,5488,8697,6255,2772,914,82,8734,8106,4471,1371,591
2018,3,D,발달상권,2120040,용산전자상가(용산역),11840,8707,3133,114,1848,4140,3589,1454,695,86,1224,3124,2700,1062,511,28,624,1016,889,392,184
2018,3,D,발달상권,2120039,신당역,6768,3511,3257,4,1246,2241,1633,1015,629,2,532,1135,881,593,368,2,714,1106,752,422,261
2018,3,D,발달상권,2120038,약수역,3905,1827,2078,20,1095,1003,760,532,495,8,417,500,413,228,261,12,678,503,347,304,234
2018,3,D,발달상권,2120037,동대문역사문화공원역,24501,11388,13113,85,5089,6750,5675,4915,1987,17,2466,4145,2935,1274,551,68,2623,2605,2740,3641,1436
2018,3,D,발달상권,2120036,장충동족발거리(남소영길),2269,1505,764,3,380,743,567,315,261,1,151,493,444,228,188,2,229,250,123,87,73
2018,3,D,발달상권,2120035,퇴계로5가,2179,1490,689,2,299,615,679,390,194,0,155,404,508,285,138,2,144,211,171,105,56
2018,3,D,발달상권,2120034,중구청(퇴계로4가),4307,2519,1788,5,345,905,1165,1165,722,0,119,404,658,810,528,5,226,501,507,355,194
2018,3,D,발달상권,2120033,을지로4가역,2039,1064,975,5,360,559,520,370,225,3,112,254,321,206,168,2,248,305,199,164,57
2018,3,D,발달상권,2120032,충무로역,15891,7738,8153,49,2541,3604,4347,3705,1645,13,944,1957,2252,1582,990,36,1597,1647,2095,2123,655
2018,3,D,발달상권,2120031,을지로3가역,33827,20484,13343,104,6547,8550,8364,5847,4415,47,3715,5304,5357,3516,2545,57,2832,3246,3007,2331,1870
2018,3,D,발달상권,2120030,중부경찰서(영화인의거리),20341,11434,8907,467,6139,5345,4029,2761,1600,195,2602,3072,2776,1816,973,272,3537,2273,1253,945,627
2018,3,D,발달상권,2120029,을지로2가,16233,7988,8245,9,1951,6949,5038,1952,334,6,815,2728,2557,1630,252,3,1136,4221,2481,322,82
2018,3,D,발달상권,2120028,명동(명동거리),17721,9459,8262,79,4131,5372,4032,2711,1396,24,1430,2898,2588,1619,900,55,2701,2474,1444,1092,496
2018,3,D,발달상권,2120027,명동역(명동재미로),25604,11875,13729,50,3960,9565,7636,4010,383,14,1184,4147,3627,2641,262,36,2776,5418,4009,1369,121
2018,3,D,발달상권,2120026,을지로입구역,57001,30803,26198,152,9102,21616,16684,8101,1346,23,3030,9980,10405,6400,965,129,6072,11636,6279,1701,381
2018,3,D,발달상권,2120025,롯데백화점(시청광장 지하쇼핑센터),26560,9031,17529,107,12323,8517,3994,1438,181,37,3080,2713,2179,910,112,70,9243,5804,1815,528,69
2018,3,D,발달상권,2120024,회현역,1798,782,1016,8,327,498,426,350,189,2,98,257,186,132,107,6,229,241,240,218,82
2018,3,D,발달상권,2120023,서울시청,18790,9000,9790,63,6823,5321,3539,2240,804,17,2264,2536,2048,1577,558,46,4559,2785,1491,663,246
2018,3,D,발달상권,2120022,북창동(시청역_6번),8182,4281,3901,39,1413,2458,2407,1106,759,4,587,1296,1262,624,508,35,826,1162,1145,482,251
2018,3,D,발달상권,2120021,시청역_8번,48005,31957,16048,120,7697,17753,14592,6689,1154,46,3756,10336,11030,5851,938,74,3941,7417,3562,838,216
2018,3,D,발달상권,2120020,시청역_1번,9606,6224,3382,11,1797,2782,2530,1953,533,3,778,1750,1927,1383,383,8,1019,1032,603,570,150
2018,3,D,발달상권,2120019,경찰청앞교차로,9556,4947,4609,18,1684,3642,2749,1096,367,2,637,1819,1465,760,264,16,1047,1823,1284,336,103
2018,3,D,발달상권,2120018,중림동,5991,3427,2564,11,885,1563,1526,1207,799,6,330,792,996,824,479,5,555,771,530,383,320
2018,3,D,발달상권,2120017,동묘앞역(동묘),1163,377,786,6,155,297,362,202,141,2,38,85,90,68,94,4,117,212,272,134,47
2018,3,D,발달상권,2120016,동대문역,551,316,235,2,75,111,158,102,103,1,29,65,92,60,69,1,46,46,66,42,34
2018,3,D,발달상권,2120015,종로6가,1073,616,457,4,132,284,281,209,163,1,51,167,154,126,117,3,81,117,127,83,46
2018,3,D,발달상권,2120014,종로5가역,4911,2537,2374,243,971,1171,1205,849,472,71,336,623,711,489,307,172,635,548,494,360,165
2018,3,D,발달상권,2120013,이화사거리,6135,4047,2088,7,987,1909,1648,1167,417,1,371,1084,1242,1030,319,6,616,825,406,137,98
2018,3,D,발달상권,2120012,대학로(혜화역),3835,1850,1985,24,1002,1040,783,553,433,10,418,532,403,243,244,14,584,508,380,310,189
2018,3,D,발달상권,2120011,종로4가,3573,2096,1477,9,619,1129,1033,577,206,2,290,654,631,368,151,7,329,475,402,209,55
2018,3,D,발달상권,2120010,원남동사거리,4137,2599,1538,38,871,1402,1015,574,237,5,353,937,756,377,171,33,518,465,259,197,66
2018,3,D,발달상권,2120009,종로3가역,13140,6718,6422,48,2133,3073,3085,2676,2125,19,754,1535,1672,1410,1328,29,1379,1538,1413,1266,797
2018,3,D,발달상권,2120008,인사동,15292,10267,5025,50,2548,4969,3865,2755,1105,33,1089,3199,3053,2166,727,17,1459,1770,812,589,378
2018,3,D,발달상권,2120007,북촌(안국역),20726,17847,2879,22,2516,7853,5653,3952,730,9,1624,6806,5134,3673,601,13,892,1047,519,279,129
2018,3,D,발달상권,2120006,종각역,46177,26138,20039,97,7274,15290,13576,8044,1896,34,2710,7785,8310,6021,1278,63,4564,7505,5266,2023,618
2018,3,D,발달상권,2120005,삼청동,1222,511,711,5,255,343,259,244,116,1,79,148,123,117,43,4,176,195,136,127,73
2018,3,D,발달상권,2120004,종로구청,21413,12013,9400,557,3917,6680,5911,3208,1140,242,1645,3451,3795,2192,688,315,2272,3229,2116,1016,452
2018,3,D,발달상권,2120003,광화문역,80737,46250,34487,875,16369,22700,21355,13514,5924,432,6716,12077,14205,9348,3472,443,9653,10623,7150,4166,2452
2018,3,D,발달상권,2120002,서촌(경복궁역),2688,1415,1273,1,581,949,617,327,213,0,230,521,368,169,127,1,351,428,249,158,86
2018,3,D,발달상권,2120001,서대문역,28935,15584,13351,44,5136,9102,8409,5802,442,5,1517,4425,4654,4657,326,39,3619,4677,3755,1145,116
2018,3,A,골목상권,2111090,강일동주민센터,604,348,256,5,85,125,159,147,83,2,29,72,88,100,57,3,56,53,71,47,26
2018,3,A,골목상권,2111089,상일여고(상일초등학교),1134,451,683,1,60,116,219,272,466,1,28,62,122,124,114,0,32,54,97,148,352
2018,3,A,골목상권,2111088,고덕동성당,267,119,148,1,43,34,38,59,92,1,28,21,13,26,30,0,15,13,25,33,62
2018,3,A,골목상권,2111087,고덕중학교(고덕2동주민센터),131,39,92,0,11,20,26,46,28,0,4,9,8,11,7,0,7,11,18,35,21
2018,3,A,골목상권,2111086,한영중고,267,102,165,0,20,41,76,82,48,0,5,17,27,34,19,0,15,24,49,48,29
2018,3,A,골목상권,2111085,묘곡초등학교(고덕아이파크아파트),400,157,243,0,31,50,64,98,157,0,6,27,29,30,65,0,25,23,35,68,92
2018,3,A,골목상권,2111084,길동신동아아파트,49,28,21,0,14,13,7,6,9,0,7,8,4,3,6,0,7,5,3,3,3
2018,3,A,골목상권,2111083,GS강동자이아파트,371,187,184,3,40,71,75,106,76,2,21,44,39,43,38,1,19,27,36,63,38
2018,3,A,골목상권,2111082,중앙보훈병원,64,44,20,0,7,11,14,16,16,0,6,8,6,11,13,0,1,3,8,5,3
2018,3,A,골목상권,2111081,둔촌푸르지오아파트,235,146,89,0,33,57,64,51,30,0,16,43,39,28,20,0,17,14,25,23,10
2018,3,A,골목상권,2111080,굽은다리역 3번,440,246,194,0,57,79,118,95,91,0,11,48,71,49,67,0,46,31,47,46,24
2018,3,A,골목상권,2111079,둔촌고등학교(둔촌중학교),114,52,62,0,10,16,39,38,11,0,5,6,16,18,7,0,5,10,23,20,4
2018,3,A,골목상권,2111078,굽은다리역 4번,1022,526,496,0,93,227,291,241,170,0,33,119,155,117,102,0,60,108,136,124,68
2018,3,A,골목상권,2111077,길동주민센터(강동도서관),1634,1001,633,1,168,345,356,325,439,0,74,221,214,189,303,1,94,124,142,136,136
2018,3,A,골목상권,2111076,둔촌2동주민센터,477,241,236,3,34,97,106,112,125,1,18,56,58,47,61,2,16,41,48,65,64
2018,3,A,골목상권,2111075,굽은다리역 2번,421,208,213,2,54,104,114,94,53,2,28,62,60,32,24,0,26,42,54,62,29
2018,3,A,골목상권,2111074,명일역 1번,90,47,43,0,4,9,20,28,29,0,1,4,10,16,16,0,3,5,10,12,13
2018,3,A,골목상권,2111073,둔촌동역 1번(한산중학교),2022,1141,881,1,423,660,400,339,199,0,169,376,255,199,142,1,254,284,145,140,57
2018,3,A,골목상권,2111072,굽은다리역 1번(십자성마을),1106,556,550,0,89,168,237,276,336,0,26,76,121,134,199,0,63,92,116,142,137
2018,3,A,골목상권,2111071,천동초등학교,53,36,17,0,2,14,15,16,6,0,1,9,8,14,4,0,1,5,7,2,2
2018,3,A,골목상권,2111070,천호초등학교,103,46,57,0,7,18,23,32,23,0,6,13,14,7,6,0,1,5,9,25,17
2018,3,A,골목상권,2111069,천호1동주민센터,173,93,80,0,21,29,31,54,38,0,10,17,15,30,21,0,11,12,16,24,17
2018,3,A,골목상권,2111068,강동성심병원,1194,373,821,0,463,369,212,106,44,0,107,118,74,44,30,0,356,251,138,62,14
2018,3,A,골목상권,2111067,강동구립성내도서관,894,508,386,2,88,183,188,184,249,2,48,125,113,89,131,0,40,58,75,95,118
2018,3,A,골목상권,2111066,암사동성당(효정하나플러스아파트),393,180,213,0,26,110,108,88,61,0,2,63,57,41,17,0,24,47,51,47,44
2018,3,A,골목상권,2111065,천일초등학교,18,10,8,0,1,5,5,3,4,0,0,4,1,2,3,0,1,1,4,1,1
2018,3,A,골목상권,2111064,둔촌동역 4번,178,99,79,0,15,36,55,52,20,0,6,24,34,26,9,0,9,12,21,26,11
2018,3,A,골목상권,2111063,강동구립 천호도서관,192,53,139,0,24,36,42,51,39,0,2,9,15,10,17,0,22,27,27,41,22
2018,3,A,골목상권,2111062,둔촌동역 3번(성내3동주민센터),691,407,284,0,97,203,173,150,68,0,48,132,90,86,51,0,49,71,83,64,17
2018,3,A,골목상권,2111061,암사역 1번,474,230,244,0,53,106,123,129,63,0,25,52,58,59,36,0,28,54,65,70,27
2018,3,A,골목상권,2111060,암사역 2번(서울강동초등학교),1190,602,588,1,152,308,338,267,124,1,54,147,196,131,73,0,98,161,142,136,51
2018,3,A,골목상권,2111059,강동역 4번(강풀만화거리),1708,914,794,2,175,319,395,461,356,0,76,179,208,220,231,2,99,140,187,241,125
2018,3,A,골목상권,2111058,성내중학교,288,178,110,0,28,79,87,59,35,0,13,47,55,36,27,0,15,32,32,23,8
2018,3,A,골목상권,2111057,천호공원(해공체육문화센터),374,150,224,2,61,76,101,89,45,0,10,25,40,47,28,2,51,51,61,42,17
2018,3,A,골목상권,2111056,천호태영아파트,453,197,256,3,52,62,98,106,132,1,12,31,49,44,60,2,40,31,49,62,72
2018,3,A,골목상권,2111055,선사초등학교,845,320,525,3,34,59,173,348,228,0,13,24,43,83,157,3,21,35,130,265,71
2018,3,A,골목상권,2111054,암사역 4번(삼성광나루아파트),87,40,47,0,10,18,30,16,13,0,2,10,16,7,5,0,8,8,14,9,8
2018,3,A,골목상권,2111053,성내천어린이공원(하니사랑길),1766,936,830,5,282,562,494,279,144,0,104,265,285,168,114,5,178,297,209,111,30
2018,3,A,골목상권,2111052,암사역 3번(천호동자전거거리),699,343,356,2,80,156,240,169,52,2,32,92,120,70,27,0,48,64,120,99,25
2018,3,A,골목상권,2111051,천호역 6번,774,387,387,3,162,183,166,143,117,1,54,97,98,70,67,2,108,86,68,73,50
2018,3,A,골목상권,2111050,강동구청(강동구청역 2번),84,44,40,1,14,24,19,19,7,0,7,11,7,14,5,1,7,13,12,5,2
2018,3,A,골목상권,2111049,천호지구대(천호동자전거거리),740,503,237,0,44,104,143,156,293,0,25,67,88,107,216,0,19,37,55,49,77
2018,3,A,골목상권,2111048,천호역 1번(천호문구완구거리),194,121,73,0,25,57,48,38,26,0,13,35,33,21,19,0,12,22,15,17,7
2018,3,A,골목상권,2111047,마천1치안센터,140,76,64,0,10,26,36,39,29,0,7,16,25,17,11,0,3,10,11,22,18
2018,3,A,골목상권,2111046,마천역(마천초등학교),820,434,386,1,65,115,194,250,195,0,17,48,72,150,147,1,48,67,122,100,48
2018,3,A,골목상권,2111045,개미어린이공원,51,22,29,0,1,13,9,17,11,0,0,8,2,9,3,0,1,5,7,8,8
2018,3,A,골목상권,2111044,남천초등학교,615,259,356,0,49,137,179,174,76,0,17,66,75,67,34,0,32,71,104,107,42
2018,3,A,골목상권,2111043,마천공원,535,417,118,3,15,32,91,186,208,3,11,18,67,148,170,0,4,14,24,38,38
2018,3,A,골목상권,2111042,거여역 1번(거여공원),687,347,340,1,60,128,208,187,103,1,26,69,106,89,56,0,34,59,102,98,47
2018,3,A,골목상권,2111041,거여역 8번,140,78,62,0,2,16,25,38,59,0,1,11,14,16,36,0,1,5,11,22,23
2018,3,A,골목상권,2111040,거여초등학교,189,116,73,0,22,58,45,44,20,0,10,42,27,24,13,0,12,16,18,20,7
2018,3,A,골목상권,2111039,벌말어린이공원,387,242,145,0,32,70,110,100,75,0,17,42,74,61,48,0,15,28,36,39,27
2018,3,A,골목상권,2111038,보인중학교,733,410,323,2,67,119,199,242,104,0,21,69,108,147,65,2,46,50,91,95,39
2018,3,A,골목상권,2111037,Sh수협은행 오금동금융센터(아랫말어린이공원),326,210,116,0,30,97,83,80,36,0,20,77,58,39,16,0,10,20,25,41,20
2018,3,A,골목상권,2111036,투구봉어린이공원,193,125,68,0,17,39,47,55,35,0,8,22,34,32,29,0,9,17,13,23,6
2018,3,A,골목상권,2111035,오금공원(오주중학교),417,260,157,1,30,76,124,107,79,0,18,48,78,69,47,1,12,28,46,38,32
2018,3,A,골목상권,2111034,오동나무공원(송파레미니스1단지),1662,1105,557,4,204,359,410,457,228,0,93,233,297,319,163,4,111,126,113,138,65
2018,3,A,골목상권,2111033,문정동성당,189,86,103,0,12,37,46,46,48,0,4,23,17,25,17,0,8,14,29,21,31
2018,3,A,골목상권,2111032,방이역 1번,5103,3031,2072,9,184,451,513,639,3307,6,81,309,323,292,2020,3,103,142,190,347,1287
2018,3,A,골목상권,2111031,장지동주민센터(한림연예예술고교),2905,1924,981,5,233,381,575,728,983,3,152,281,398,490,600,2,81,100,177,238,383
2018,3,A,골목상권,2111030,방이역 2번,609,381,228,1,78,164,157,129,80,1,40,111,106,67,56,0,38,53,51,62,24
2018,3,A,골목상권,2111029,오금역 4번,541,286,255,1,151,120,135,80,54,1,66,65,69,46,39,0,85,55,66,34,15
2018,3,A,골목상권,2111028,문현중학교(장지역 1번),619,310,309,0,90,119,177,139,94,0,37,65,85,63,60,0,53,54,92,76,34
2018,3,A,골목상권,2111027,문정초등학교,3206,2189,1017,3,158,260,298,399,2088,2,69,136,169,186,1627,1,89,124,129,213,461
2018,3,A,골목상권,2111026,문정역 2번,1233,791,442,2,126,299,324,286,196,0,68,190,200,180,153,2,58,109,124,106,43
2018,3,A,골목상권,2111025,경찰병원역 3번,169,97,72,0,19,37,40,46,27,0,9,19,24,23,22,0,10,18,16,23,5
2018,3,A,골목상권,2111024,경찰병원역 4번(건너말공원),187,113,74,0,19,43,57,46,22,0,7,23,38,31,14,0,12,20,19,15,8
2018,3,A,골목상권,2111023,문정역 1번,947,662,285,2,117,189,308,219,112,2,74,145,216,142,83,0,43,44,92,77,29
2018,3,A,골목상권,2111022,석촌중학교(방이육교),349,162,187,0,32,58,80,125,54,0,19,44,42,35,22,0,13,14,38,90,32
2018,3,A,골목상권,2111021,방이역 4번,4574,3031,1543,18,566,1019,934,788,1249,12,257,588,597,520,1057,6,309,431,337,268,192
2018,3,A,골목상권,2111020,방이동고분군(방산고등학교),588,399,189,0,39,88,109,136,216,0,21,56,77,87,158,0,18,32,32,49,58
2018,3,A,골목상권,2111019,한성백제역 3번,924,542,382,2,104,224,239,235,120,0,40,130,143,145,84,2,64,94,96,90,36
2018,3,A,골목상권,2111018,풍납초등학교(풍납백제문화공원),94,60,34,1,8,20,30,21,14,1,3,14,18,12,12,0,5,6,12,9,2
2018,3,A,골목상권,2111017,송파나루역 3번,228,129,99,2,32,50,53,38,53,1,11,24,30,25,38,1,21,26,23,13,15
2018,3,A,골목상권,2111016,송파역 2번,3421,1570,1851,12,887,1077,743,550,152,8,312,553,467,167,63,4,575,524,276,383,89
2018,3,A,골목상권,2111015,석촌역 3번,1344,712,632,1,145,282,299,293,324,1,58,162,182,131,178,0,87,120,117,162,146
2018,3,A,골목상권,2111014,송파나루역 2번,293,168,125,2,39,74,81,66,31,1,16,42,58,31,20,1,23,32,23,35,11
2018,3,A,골목상권,2111013,송파나루역 1번(송리단길),1879,1243,636,6,290,430,451,388,314,4,166,285,301,249,238,2,124,145,150,139,76
2018,3,A,골목상권,2111012,석촌역 6번,594,305,289,3,90,118,127,142,114,3,32,60,65,71,74,0,58,58,62,71,40
2018,3,A,골목상권,2111011,잠실나루역,560,197,363,0,72,126,156,122,84,0,19,44,37,40,57,0,53,82,119,82,27
2018,3,A,골목상권,2111010,석촌역 7번,1962,816,1146,16,579,402,422,345,198,1,130,182,217,150,136,15,449,220,205,195,62
2018,3,A,골목상권,2111009,송파책박물관,174,128,46,3,18,36,69,35,13,2,13,29,48,25,11,1,5,7,21,10,2
2018,3,A,골목상권,2111008,석촌고분역 3번,743,385,358,3,65,151,201,191,132,2,39,82,108,82,72,1,26,69,93,109,60
2018,3,A,골목상권,2111007,석촌고분역 4번,826,412,414,2,92,206,205,227,94,0,27,116,126,95,48,2,65,90,79,132,46
2018,3,A,골목상권,2111006,석촌고분역 1번,969,525,444,1,117,232,291,203,125,1,33,112,176,112,91,0,84,120,115,91,34
2018,3,A,골목상권,2111005,삼전역 3번,1303,899,404,0,160,219,236,297,391,0,83,169,143,190,314,0,77,50,93,107,77
2018,3,A,골목상권,2111004,삼전역 1번,3000,1710,1290,29,371,718,603,613,666,24,161,414,362,338,411,5,210,304,241,275,255
2018,3,A,골목상권,2111003,삼전역 4번,2034,1262,772,15,271,500,551,442,255,7,125,321,370,264,175,8,146,179,181,178,80
2018,3,A,골목상권,2111002,한국교통안전공단 강남자동차검사소,574,311,263,0,26,123,180,144,101,0,12,67,93,75,64,0,14,56,87,69,37
2018,3,A,골목상권,2111001,아래방죽마을공원(율현초등학교),88,44,44,0,7,23,24,16,18,0,2,12,10,7,13,0,5,11,14,9,5
2018,3,A,골목상권,2111000,대왕초등학교(세곡동사거리서남측),48,26,22,0,2,12,19,12,3,0,1,7,9,8,1,0,1,5,10,4,2
2018,3,A,골목상권,2110999,윗방죽마을공원,353,179,174,0,42,78,97,79,57,0,14,30,57,43,35,0,28,48,40,36,22
2018,3,A,골목상권,2110998,은곡마을(은곡마을공원),736,453,283,0,131,197,136,127,145,0,47,107,76,93,130,0,84,90,60,34,15
2018,3,A,골목상권,2110997,대청초등학교,2191,1006,1185,1,174,342,578,660,436,0,78,203,259,229,237,1,96,139,319,431,199
2018,3,A,골목상권,2110996,대치2동주민센터,1268,984,284,5,153,337,382,279,112,4,83,264,324,225,84,1,70,73,58,54,28
2018,3,A,골목상권,2110995,봉은사역 4번,3072,1735,1337,8,318,701,737,873,435,4,127,410,456,458,280,4,191,291,281,415,155
2018,3,A,골목상권,2110994,개포고등학교,434,228,206,5,77,86,76,110,80,4,35,54,48,49,38,1,42,32,28,61,42
2018,3,A,골목상권,2110993,개포지하차도 북측,70,49,21,0,7,18,22,14,9,0,4,12,18,10,5,0,3,6,4,4,4
2018,3,A,골목상권,2110992,도곡초등학교,514,230,284,2,108,106,151,108,39,2,41,47,69,46,25,0,67,59,82,62,14
2018,3,A,골목상권,2110991,삼성중앙역 5번,1115,691,424,2,175,518,258,115,47,1,61,327,184,88,30,1,114,191,74,27,17
2018,3,A,골목상권,2110990,청담역 12번,338,97,241,0,92,114,66,45,21,0,18,31,27,15,6,0,74,83,39,30,15
2018,3,A,골목상권,2110989,대치동아우편취급국,475,297,178,3,54,139,131,91,57,3,24,102,83,45,40,0,30,37,48,46,17
2018,3,A,골목상권,2110988,청담역 3번,349,172,177,2,73,127,67,45,35,0,25,71,40,23,13,2,48,56,27,22,22
2018,3,A,골목상권,2110987,영동대교남단,227,113,114,1,55,79,48,23,21,0,19,41,27,10,16,1,36,38,21,13,5
2018,3,A,골목상권,2110986,삼성중앙역 7번,72,35,37,1,14,15,29,8,5,0,6,10,11,5,3,1,8,5,18,3,2
2018,3,A,골목상권,2110985,청담근린공원,475,237,238,1,119,150,123,48,34,1,38,71,78,25,24,0,81,79,45,23,10
2018,3,A,골목상권,2110984,포이초등학교(개포목련어린이공원),2777,1732,1045,11,342,622,698,609,495,8,204,455,428,328,309,3,138,167,270,281,186
2018,3,A,골목상권,2110983,국립국악고등학교,730,502,228,0,76,161,159,184,150,0,36,109,112,123,122,0,40,52,47,61,28
2018,3,A,골목상권,2110982,강남구보훈회관,177,86,91,0,34,57,48,21,17,0,7,36,25,11,7,0,27,21,23,10,10
2018,3,A,골목상권,2110981,국악고교사거리,1402,853,549,2,146,269,363,307,315,0,69,168,230,170,216,2,77,101,133,137,99
2018,3,A,골목상권,2110980,개포지구대옆,570,348,222,1,78,138,154,119,80,0,29,79,100,77,63,1,49,59,54,42,17
2018,3,A,골목상권,2110979,청담초등학교,271,98,173,0,109,60,46,35,21,0,20,26,19,15,18,0,89,34,27,20,3
2018,3,A,골목상권,2110978,도곡2동주민센터(대치중학교),354,215,139,0,32,67,82,130,43,0,16,46,58,68,27,0,16,21,24,62,16
2018,3,A,골목상권,2110977,논현로18길,148,94,54,0,6,35,40,44,23,0,0,21,27,31,15,0,6,14,13,13,8
2018,3,A,골목상권,2110976,언북초등학교,329,136,193,6,73,100,64,39,47,0,12,50,31,14,29,6,61,50,33,25,18
2018,3,A,골목상권,2110975,매봉역 1번,485,282,203,5,83,140,130,85,42,1,48,88,77,44,24,4,35,52,53,41,18
2018,3,A,골목상권,2110974,언주중학교,250,132,118,1,70,73,67,28,11,0,21,48,40,16,7,1,49,25,27,12,4
2018,3,A,골목상권,2110973,강남구청역 4번,965,557,408,0,218,285,182,159,121,0,80,146,112,119,100,0,138,139,70,40,21
2018,3,A,골목상권,2110972,강남세브란스병원미래의학연구센터,246,118,128,1,38,66,59,51,31,1,10,25,37,24,21,0,28,41,22,27,10
2018,3,A,골목상권,2110971,선정릉역 4번,1004,608,396,6,252,349,230,96,71,3,108,221,165,65,46,3,144,128,65,31,25
2018,3,A,골목상권,2110970,학동초등학교,823,431,392,1,195,348,187,55,37,0,68,189,117,38,19,1,127,159,70,17,18
2018,3,A,골목상권,2110969,베르사이유1아파트,1138,648,490,2,289,405,237,111,94,1,122,255,146,72,52,1,167,150,91,39,42
2018,3,A,골목상권,2110968,강남구청역 2번,497,273,224,0,98,177,119,48,55,0,37,90,81,30,35,0,61,87,38,18,20
2018,3,A,골목상권,2110967,역삼역 8번,570,317,253,0,118,184,142,74,52,0,39,109,89,48,32,0,79,75,53,26,20
2018,3,A,골목상권,2110966,논현2동주민센터,1407,711,696,8,331,426,331,178,133,0,116,209,200,106,80,8,215,217,131,72,53
2018,3,A,골목상권,2110965,언주역 6번,448,228,220,0,87,144,91,72,54,0,29,79,54,34,32,0,58,65,37,38,22
2018,3,A,골목상권,2110964,싸리고개근린공원,148,76,72,0,23,48,30,27,20,0,4,25,17,14,16,0,19,23,13,13,4
2018,3,A,골목상권,2110963,역삼월드메르디앙아파트,243,174,69,2,25,59,81,42,34,0,14,44,59,32,25,2,11,15,22,10,9
2018,3,A,골목상권,2110962,도산공원북측,311,157,154,0,138,85,33,32,23,0,57,51,19,17,13,0,81,34,14,15,10
2018,3,A,골목상권,2110961,언주역 3번,1652,652,1000,2,501,590,326,135,98,0,94,205,189,92,72,2,407,385,137,43,26
2018,3,A,골목상권,2110960,은광여고,238,128,110,1,90,59,35,32,21,0,40,26,25,24,13,1,50,33,10,8,8
2018,3,A,골목상권,2110959,신구중학교,807,477,330,11,242,293,122,85,54,3,129,209,77,34,25,8,113,84,45,51,29
2018,3,A,골목상권,2110958,역삼역 4번,1036,504,532,2,230,342,227,146,89,0,69,195,145,60,35,2,161,147,82,86,54
2018,3,A,골목상권,2110957,언북중학교,2384,1051,1333,5,583,776,636,239,145,1,180,383,280,108,99,4,403,393,356,131,46
2018,3,A,골목상권,2110956,언주역 8번,942,636,306,3,256,321,213,87,62,1,139,227,164,66,39,2,117,94,49,21,23
2018,3,A,골목상권,2110955,논현초등학교,923,516,407,1,181,270,242,118,111,0,62,156,165,63,70,1,119,114,77,55,41
2018,3,A,골목상권,2110954,국기원,611,189,422,3,244,166,114,66,18,0,44,71,46,18,10,3,200,95,68,48,8
2018,3,A,골목상권,2110953,학동근린공원,1496,679,817,3,497,579,287,78,52,1,138,296,181,35,28,2,359,283,106,43,24
2018,3,A,골목상권,2110952,논현목련공원,142,68,74,1,30,48,35,20,8,1,11,24,16,10,6,0,19,24,19,10,2
2018,3,A,골목상권,2110951,신사은행나무공원,234,124,110,1,70,100,31,22,10,1,30,60,18,10,5,0,40,40,13,12,5
2018,3,A,골목상권,2110950,논현역 7번,357,206,151,0,66,131,99,40,21,0,21,76,68,24,17,0,45,55,31,16,4
2018,3,A,골목상권,2110949,한남IC,1178,588,590,9,281,422,275,133,58,1,64,230,175,78,40,8,217,192,100,55,18
2018,3,A,골목상권,2110948,헌인가구단지,22,15,7,0,0,1,10,7,4,0,0,1,6,4,4,0,0,0,4,3,0
2018,3,A,골목상권,2110947,청계산입구역 2번(내곡동주민센터),113,61,52,0,22,15,18,39,19,0,10,8,11,19,13,0,12,7,7,20,6
2018,3,A,골목상권,2110946,청계산원터골,119,68,51,2,13,33,28,24,19,1,6,21,17,12,11,1,7,12,11,12,8
2018,3,A,골목상권,2110945,본마을노인복지센터(서초구립내곡도서관),84,44,40,0,11,17,26,21,9,0,7,8,13,12,4,0,4,9,13,9,5
2018,3,A,골목상권,2110944,서울나래학교(염곡어린이공원),225,138,87,2,28,62,55,55,23,1,11,42,31,37,16,1,17,20,24,18,7
2018,3,A,골목상권,2110943,법제교육센터(버들어린이공원),1633,719,914,0,136,467,551,352,127,0,50,197,236,155,81,0,86,270,315,197,46
2018,3,A,골목상권,2110942,염곡동 구룡사(포이동성당),2481,1466,1015,2,290,585,700,557,347,0,136,362,451,304,213,2,154,223,249,253,134
2018,3,A,골목상권,2110941,언남고등학교,404,254,150,0,65,105,105,92,37,0,30,70,65,60,29,0,35,35,40,32,8
2018,3,A,골목상권,2110940,양재근린공원(양재2동주민센터),1018,619,399,5,210,301,260,161,81,3,84,187,174,103,68,2,126,114,86,58,13
2018,3,A,골목상권,2110939,양재역 8번(양재동우체국),7457,4691,2766,18,1071,2108,1651,1319,1290,8,510,1335,1142,853,843,10,561,773,509,466,447
2018,3,A,골목상권,2110938,바우뫼공원,1494,1007,487,2,281,462,431,201,117,2,138,327,321,132,87,0,143,135,110,69,30
2018,3,A,골목상권,2110937,방아다리근린공원(횃불트리니티신학대학원대학교),398,290,108,1,74,113,116,59,35,0,43,84,92,45,26,1,31,29,24,14,9
2018,3,A,골목상권,2110936,더케이호텔(양재리본타워2단지아파트),1397,930,467,0,235,486,338,205,133,0,108,288,263,156,115,0,127,198,75,49,18
2018,3,A,골목상권,2110935,한전아트센터,629,479,150,2,103,190,186,87,61,0,54,142,157,75,51,2,49,48,29,12,10
2018,3,A,골목상권,2110934,우면주공아파트,762,527,235,2,107,200,195,137,121,1,59,141,138,93,95,1,48,59,57,44,26
2018,3,A,골목상권,2110933,한국상담대학원대학교,387,293,94,0,28,129,129,73,28,0,13,105,109,47,19,0,15,24,20,26,9
2018,3,A,골목상권,2110932,서울시인재개발원,809,611,198,2,145,293,220,93,56,0,87,222,179,75,48,2,58,71,41,18,8
2018,3,A,골목상권,2110931,삼성전자서울R&D(서울우면초등학교),80,21,59,0,28,17,11,14,10,0,2,6,4,4,5,0,26,11,7,10,5
2018,3,A,골목상권,2110930,서초동성당,584,385,199,4,78,141,167,108,86,0,30,103,115,76,61,4,48,38,52,32,25
2018,3,A,골목상권,2110929,남부터미널역 1번,2788,1752,1036,2,480,845,701,378,382,1,211,496,498,266,280,1,269,349,203,112,102
2018,3,A,골목상권,2110928,서초우방유쉘아파트,312,162,150,1,83,122,59,25,22,0,34,58,37,17,16,1,49,64,22,8,6
2018,3,A,골목상권,2110927,잠원역,137,49,88,0,23,37,38,21,18,0,0,10,16,13,10,0,23,27,22,8,8
2018,3,A,골목상권,2110926,신중초등학교,426,255,171,0,78,96,117,74,61,0,30,58,69,50,48,0,48,38,48,24,13
2018,3,A,골목상권,2110925,서초중학교,381,239,142,1,67,97,88,64,64,0,36,57,61,41,44,1,31,40,27,23,20
2018,3,A,골목상권,2110924,반포4동주민센터(몽마르뜨공원),348,166,182,1,67,88,66,65,61,0,27,55,22,32,30,1,40,33,44,33,31
2018,3,A,골목상권,2110923,방배역 1번,81,51,30,0,9,14,23,25,10,0,4,8,14,17,8,0,5,6,9,8,2
2018,3,A,골목상권,2110922,내방역 1번,836,110,726,0,77,160,273,250,76,0,11,22,17,19,41,0,66,138,256,231,35
2018,3,A,골목상권,2110921,서울프랑스학교,157,86,71,0,27,36,46,26,22,0,22,22,22,9,11,0,5,14,24,17,11
2018,3,A,골목상권,2110920,방배역 2번(백석예술대학교),508,262,246,0,84,85,162,128,49,0,23,46,88,71,34,0,61,39,74,57,15
2018,3,A,골목상권,2110919,내방역 8번,664,406,258,0,91,187,210,128,48,0,37,130,134,73,32,0,54,57,76,55,16
2018,3,A,골목상권,2110918,방배역 3번,635,334,301,1,114,168,183,111,58,0,43,89,93,65,44,1,71,79,90,46,14
2018,3,A,골목상권,2110917,서초소방서,1337,1000,337,1,165,447,409,247,68,1,93,343,331,186,46,0,72,104,78,61,22
2018,3,A,골목상권,2110916,내방역 4번,1743,697,1046,8,408,511,518,189,109,8,99,205,196,104,85,0,309,306,322,85,24
2018,3,A,골목상권,2110915,서래초등학교,191,103,88,0,60,56,37,20,18,0,34,31,16,11,11,0,26,25,21,9,7
2018,3,A,골목상권,2110914,내방역 6번,100,68,32,0,13,42,23,15,7,0,7,31,15,10,5,0,6,11,8,5,2
2018,3,A,골목상권,2110913,방현초등학교(방배119안전센터),3299,1902,1397,17,706,1049,734,431,362,5,227,594,496,321,259,12,479,455,238,110,103
2018,3,A,골목상권,2110912,방배동사이길,1315,1020,295,2,176,577,344,151,65,0,79,481,292,125,43,2,97,96,52,26,22
2018,3,A,골목상권,2110911,방배배수지체육공원,343,251,92,1,39,59,54,75,115,1,11,22,37,70,110,0,28,37,17,5,5
2018,3,A,골목상권,2110910,내방역 5번,418,234,184,2,68,116,125,62,45,2,12,66,92,39,23,0,56,50,33,23,22
2018,3,A,골목상권,2110909,남태령역(서울전자고등학교),140,86,54,2,16,23,31,37,31,1,7,12,24,22,20,1,9,11,7,15,11
2018,3,A,골목상권,2110908,구반포역,590,374,216,0,73,95,145,142,135,0,35,63,87,103,86,0,38,32,58,39,49
2018,3,A,골목상권,2110907,방배초등학교,1117,649,468,6,238,252,238,193,190,4,93,144,146,124,138,2,145,108,92,69,52
2018,3,A,골목상권,2110906,서문여고,415,248,167,0,46,87,100,73,109,0,14,49,58,45,82,0,32,38,42,28,27
2018,3,A,골목상권,2110905,방배노인종합복지관(이수중학교),322,163,159,1,42,77,74,75,53,0,15,39,47,40,22,1,27,38,27,35,31
2018,3,A,골목상권,2110904,이수역 5번,881,608,273,1,139,252,253,137,99,1,79,168,187,98,75,0,60,84,66,39,24
2018,3,A,골목상권,2110903,방배아이파크아파트,817,396,421,3,137,155,194,198,130,2,58,93,107,74,62,1,79,62,87,124,68
2018,3,A,골목상권,2110902,사당역 4번,1665,799,866,0,307,373,369,391,225,0,76,187,197,177,162,0,231,186,172,214,63
2018,3,A,골목상권,2110901,인헌고등학교(인헌중학교),146,60,86,1,28,42,41,18,16,0,8,22,16,8,6,1,20,20,25,10,10
2018,3,A,골목상권,2110900,낙성대역 1번(관악구민 종합체육센터),202,97,105,0,21,43,62,51,25,0,6,22,31,24,14,0,15,21,31,27,11
2018,3,A,골목상권,2110899,낙성대역 5번(관악중학교),131,59,72,0,15,22,38,45,11,0,4,13,20,17,5,0,11,9,18,28,6
2018,3,A,골목상권,2110898,청림동주민센터(상도중학교),77,22,55,0,19,21,22,9,6,0,5,4,8,3,2,0,14,17,14,6,4
2018,3,A,골목상권,2110897,서울대입구역 8번,231,97,134,0,32,50,61,57,31,0,12,22,24,23,16,0,20,28,37,34,15
2018,3,A,골목상권,2110896,관악우성아파트,310,87,223,1,47,63,75,65,59,0,9,18,25,17,18,1,38,45,50,48,41
2018,3,A,골목상권,2110895,샤로수길,1370,769,601,3,229,285,317,338,198,1,122,184,188,157,117,2,107,101,129,181,81
2018,3,A,골목상권,2110894,관악동부센트레빌아파트(은천로35라길),13,8,5,0,1,2,2,7,1,0,1,1,0,5,1,0,0,1,2,2,0
2018,3,A,골목상권,2110893,관악소방서(문영여고),468,377,91,1,37,137,99,126,68,0,23,118,82,105,49,1,14,19,17,21,19
2018,3,A,골목상권,2110892,관악구 중앙길,772,338,434,2,141,152,169,181,127,2,36,53,86,96,65,0,105,99,83,85,62
2018,3,A,골목상권,2110891,구암초등학교,94,43,51,1,8,12,33,33,7,1,4,6,12,16,4,0,4,6,21,17,3
2018,3,A,골목상권,2110890,봉천역 1번(관악초등학교),287,182,105,0,25,61,96,62,43,0,11,37,60,39,35,0,14,24,36,23,8
2018,3,A,골목상권,2110889,봉천역 6번,58,38,20,0,9,10,15,17,7,0,7,9,9,8,5,0,2,1,6,9,2
2018,3,A,골목상권,2110888,청룡동주민센터,198,101,97,0,16,29,35,48,70,0,8,12,15,20,46,0,8,17,20,28,24
2018,3,A,골목상권,2110887,서울산업정보학교(서울삼성초등학교),137,54,83,0,31,25,29,38,14,0,9,9,5,20,11,0,22,16,24,18,3
2018,3,A,골목상권,2110886,관악해태어린이공원,197,127,70,0,17,72,47,38,23,0,12,52,33,19,11,0,5,20,14,19,12
2018,3,A,골목상권,2110885,영락고등학교,182,94,88,0,15,30,51,52,34,0,5,19,25,25,20,0,10,11,26,27,14
2018,3,A,골목상권,2110884,봉천역 4번(봉천110안전센터),502,385,117,0,38,55,92,143,174,0,10,24,67,124,160,0,28,31,25,19,14
2018,3,A,골목상권,2110883,은천초등학교(은천교앞),323,182,141,0,52,81,85,70,35,0,33,54,43,35,17,0,19,27,42,35,18
2018,3,A,골목상권,2110882,신성초등학교,802,504,298,1,56,100,189,226,230,1,22,47,92,157,185,0,34,53,97,69,45
2018,3,A,골목상권,2110881,구립대학경로당(관악산샘말공원),483,244,239,0,56,94,139,114,80,0,32,53,65,51,43,0,24,41,74,63,37
2018,3,A,골목상권,2110880,신림역 1번,773,202,571,2,278,234,141,87,31,1,45,61,55,25,15,1,233,173,86,62,16
2018,3,A,골목상권,2110879,신림현대아파트,249,93,156,0,23,33,56,82,55,0,11,22,24,21,15,0,12,11,32,61,40
2018,3,A,골목상권,2110878,미림여고,56,26,30,1,9,14,11,12,9,1,5,5,4,4,7,0,4,9,7,8,2
2018,3,A,골목상권,2110877,신림역 8번,542,285,257,1,80,128,134,128,71,0,44,76,60,60,45,1,36,52,74,68,26
2018,3,A,골목상권,2110876,서원동주민센터(신관중학교),76,35,41,0,11,17,12,21,15,0,3,8,4,13,7,0,8,9,8,8,8
2018,3,A,골목상권,2110875,보라매동주민센터(당곡고등학교),59,27,32,0,12,8,15,17,7,0,4,1,8,11,3,0,8,7,7,6,4
2018,3,A,골목상권,2110874,원신초등학교(구세군관악영문교회),160,51,109,0,21,35,26,39,39,0,2,8,10,13,18,0,19,27,16,26,21
2018,3,A,골목상권,2110873,당곡중학교,581,301,280,0,51,93,121,129,187,0,18,40,55,62,126,0,33,53,66,67,61
2018,3,A,골목상권,2110872,신림초등학교,72,28,44,0,13,12,12,16,19,0,7,4,10,4,3,0,6,8,2,12,16
2018,3,A,골목상권,2110871,신원동주민센터,125,59,66,0,15,36,33,21,20,0,8,17,14,8,12,0,7,19,19,13,8
2018,3,A,골목상권,2110869,"신림역 5번(신림동주민센터, 신림동별빛거리)",280,159,121,1,38,71,68,54,48,1,25,42,33,28,30,0,13,29,35,26,18
2018,3,A,골목상권,2110868,남부초등학교,207,100,107,0,29,31,59,48,40,0,13,22,31,22,12,0,16,9,28,26,28
2018,3,A,골목상권,2110867,국제신학대학원대학교(남서울중학교),346,161,185,0,29,53,70,97,97,0,9,17,31,47,57,0,20,36,39,50,40
2018,3,A,골목상권,2110866,난우중학교,125,51,74,0,6,24,38,34,23,0,3,12,14,13,9,0,3,12,24,21,14
2018,3,A,골목상권,2110865,남강고등학교(남강중학교),454,169,285,1,91,108,117,87,50,0,17,42,46,35,29,1,74,66,71,52,21
2018,3,A,골목상권,2110864,신림우방아파트,188,128,60,1,11,38,51,50,37,1,3,23,38,32,31,0,8,15,13,18,6
2018,3,A,골목상권,2110863,난우초등학교,379,176,203,1,41,67,86,104,80,0,17,31,46,46,36,1,24,36,40,58,44
2018,3,A,골목상권,2110862,난곡초등학교(난곡동벽화마을),151,61,90,1,24,31,37,36,22,1,10,14,15,15,6,0,14,17,22,21,16
2018,3,A,골목상권,2110861,관악구신사동주민센터,988,414,574,1,132,192,250,257,156,0,40,89,118,97,70,1,92,103,132,160,86
2018,3,A,골목상권,2110860,호림박물관(성보고등학교),785,458,327,3,53,97,178,217,237,1,22,50,85,127,173,2,31,47,93,90,64
2018,3,A,골목상권,2110859,난향초등학교,489,197,292,0,10,18,63,198,200,0,4,10,38,55,90,0,6,8,25,143,110
2018,3,A,골목상권,2110858,신대방역 1번,96,34,62,1,21,23,19,20,12,0,5,3,9,8,9,1,16,20,10,12,3
2018,3,A,골목상권,2110857,미성동주민센터,356,153,203,1,25,45,90,94,101,0,9,21,44,36,43,1,16,24,46,58,58
2018,3,A,골목상권,2110856,미성초등학교,599,294,305,1,74,111,135,151,127,1,26,65,62,74,66,0,48,46,73,77,61
2018,3,A,골목상권,2110855,신대방역 2번,867,467,400,1,98,207,209,217,135,0,31,136,107,115,78,1,67,71,102,102,57
2018,3,A,골목상권,2110854,조원동주민센터,124,70,54,0,17,21,33,40,13,0,10,15,20,17,8,0,7,6,13,23,5
2018,3,A,골목상권,2110853,KT구로지사,159,84,75,0,17,33,53,41,15,0,6,20,35,18,5,0,11,13,18,23,10
2018,3,A,골목상권,2110852,이수역 9번,246,136,110,1,32,57,66,42,48,1,15,28,36,21,35,0,17,29,30,21,13
2018,3,A,골목상권,2110851,경문고등학교(동작동성당),169,51,118,0,16,38,54,46,15,0,4,11,16,14,6,0,12,27,38,32,9
2018,3,A,골목상권,2110850,사당역 10번,965,505,460,0,118,209,293,182,163,0,55,116,171,79,84,0,63,93,122,103,79
2018,3,A,골목상권,2110849,이수역 10번,440,283,157,3,30,70,126,125,86,2,20,43,77,85,56,1,10,27,49,40,30
2018,3,A,골목상권,2110848,양지어린이공원,580,370,210,0,56,124,184,131,85,0,17,60,121,103,69,0,39,64,63,28,16
2018,3,A,골목상권,2110847,예술인마을,558,402,156,0,121,155,147,87,48,0,74,103,119,72,34,0,47,52,28,15,14
2018,3,A,골목상권,2110846,남성역 1번,586,330,256,1,45,125,144,141,130,0,12,55,79,77,107,1,33,70,65,64,23
2018,3,A,골목상권,2110845,사당종합체육관,38,25,13,0,6,2,12,10,8,0,4,1,10,4,6,0,2,1,2,6,2
2018,3,A,골목상권,2110844,흑석2치안센터,21,17,4,0,6,3,5,5,2,0,4,3,5,3,2,0,2,0,0,2,0
2018,3,A,골목상권,2110843,사당5동주민센터,261,192,69,2,53,50,62,52,42,2,39,31,45,38,37,0,14,19,17,14,5
2018,3,A,골목상권,2110842,흑리단길,68,32,36,0,8,11,23,13,13,0,4,7,12,1,8,0,4,4,11,12,5
2018,3,A,골목상권,2110841,중대부중,49,29,20,0,4,12,14,13,6,0,2,6,11,6,4,0,2,6,3,7,2
2018,3,A,골목상권,2110840,중앙대학교,227,101,126,1,54,47,46,51,28,0,22,29,21,17,12,1,32,18,25,34,16
2018,3,A,골목상권,2110839,숭실대입구역 4번,389,177,212,3,61,110,96,82,37,1,20,60,44,25,27,2,41,50,52,57,10
2018,3,A,골목상권,2110838,상도1동주민센터앞,84,29,55,1,13,30,21,7,12,0,3,12,8,3,3,1,10,18,13,4,9
2018,3,A,골목상권,2110837,숭실대입구역 1번,583,244,339,3,83,136,165,103,93,0,21,74,67,38,44,3,62,62,98,65,49
2018,3,A,골목상권,2110836,상도역 5번,945,455,490,1,146,206,251,192,149,0,64,103,123,89,76,1,82,103,128,103,73
2018,3,A,골목상권,2110835,상도역 1번,310,126,184,0,44,70,85,67,44,0,13,33,34,31,15,0,31,37,51,36,29
2018,3,A,골목상권,2110834,동작구자원봉사센터,127,54,73,0,14,23,32,40,18,0,6,14,13,14,7,0,8,9,19,26,11
2018,3,A,골목상권,2110833,상도역 2번,172,103,69,0,22,41,56,37,16,0,12,24,34,22,11,0,10,17,22,15,5
2018,3,A,골목상권,2110832,노량진초등학교,258,140,118,1,32,61,59,62,43,0,10,32,36,38,24,1,22,29,23,24,19
2018,3,A,골목상권,2110831,상도4동주민센터,140,71,69,0,14,26,49,33,18,0,7,11,23,17,13,0,7,15,26,16,5
2018,3,A,골목상권,2110830,상도초등학교,250,134,116,0,20,48,67,71,44,0,8,24,37,40,25,0,12,24,30,31,19
2018,3,A,골목상권,2110829,장승배기역 5번,663,437,226,1,209,170,102,91,90,0,174,116,53,46,48,1,35,54,49,45,42
2018,3,A,골목상권,2110828,노량진역 6번,2783,2019,764,4,437,1133,784,349,76,1,245,828,623,268,54,3,192,305,161,81,22
2018,3,A,골목상권,2110827,NH농협은행 상도동지점,465,198,267,6,90,79,128,90,72,1,29,44,57,39,28,5,61,35,71,51,44
2018,3,A,골목상권,2110826,장승배기역 4번,429,195,234,3,39,64,113,129,81,1,17,29,58,55,35,2,22,35,55,74,46
2018,3,A,골목상권,2110825,신대방삼거리역 1번,329,89,240,1,37,60,76,114,41,0,5,23,24,21,16,1,32,37,52,93,25
2018,3,A,골목상권,2110824,대방역 3번,449,168,281,1,52,144,121,98,33,0,14,62,37,35,20,1,38,82,84,63,13
2018,3,A,골목상권,2110823,신대방삼거리역 3번,344,129,215,0,58,61,75,96,54,0,19,38,33,22,17,0,39,23,42,74,37
2018,3,A,골목상권,2110822,신대방삼거리역 4번(대림초등학교),69,40,29,0,7,20,18,16,8,0,6,14,7,8,5,0,1,6,11,8,3
2018,3,A,골목상권,2110821,보라매역 2번,373,196,177,0,53,69,93,93,65,0,13,36,49,56,42,0,40,33,44,37,23
2018,3,A,골목상권,2110820,성남고등학교,478,280,198,0,47,115,99,107,110,0,25,57,55,64,79,0,22,58,44,43,31
2018,3,A,골목상권,2110819,신대방역 4번,559,306,253,0,53,88,117,137,164,0,13,46,56,81,110,0,40,42,61,56,54
2018,3,A,골목상권,2110818,신대방역 3번,1190,1089,101,4,220,407,360,160,39,4,202,391,332,127,33,0,18,16,28,33,6
2018,3,A,골목상권,2110817,대방역 4번,420,301,119,0,108,66,98,69,79,0,54,47,81,56,63,0,54,19,17,13,16
2018,3,A,골목상권,2110816,대방역 6번,1161,815,346,0,105,272,322,330,132,0,48,180,259,220,108,0,57,92,63,110,24
2018,3,A,골목상권,2110815,공군호텔,1720,681,1039,6,346,517,348,341,162,0,88,252,160,116,65,6,258,265,188,225,97
2018,3,A,골목상권,2110814,서울지방병무청,1539,881,658,0,102,145,304,523,465,0,34,81,184,268,314,0,68,64,120,255,151
2018,3,A,골목상권,2110813,보라매역 6번,363,215,148,2,37,84,99,81,60,1,22,46,52,49,45,1,15,38,47,32,15
2018,3,A,골목상권,2110812,신길6동주민센터,398,256,142,0,57,111,103,86,41,0,24,78,81,41,32,0,33,33,22,45,9
2018,3,A,골목상권,2110811,보라매역 4번,178,101,77,2,15,36,64,41,20,2,12,13,35,26,13,0,3,23,29,15,7
2018,3,A,골목상권,2110810,영신초등학교,500,221,279,3,61,106,121,131,78,2,23,56,53,59,28,1,38,50,68,72,50
2018,3,A,골목상권,2110809,장훈고등학교,338,156,182,4,46,60,100,71,57,3,19,37,54,24,19,1,27,23,46,47,38
2018,3,A,골목상권,2110808,신길역 1번,62,42,20,0,4,21,15,11,11,0,2,13,12,8,7,0,2,8,3,3,4
2018,3,A,골목상권,2110807,신길역 3번,329,193,136,0,18,74,57,81,99,0,7,43,33,47,63,0,11,31,24,34,36
2018,3,A,골목상권,2110806,서울시립영등포장애인복지관,275,200,75,0,40,94,80,58,3,0,17,59,69,53,2,0,23,35,11,5,1
2018,3,A,골목상권,2110805,신길새마을금고신길4동지점,101,50,51,0,11,16,24,22,28,0,4,11,14,10,11,0,7,5,10,12,17
2018,3,A,골목상권,2110804,신풍역 1번,354,161,193,2,29,73,95,97,58,0,10,31,43,49,28,2,19,42,52,48,30
2018,3,A,골목상권,2110803,신길2동우편취급국,201,92,109,1,22,32,48,60,38,1,9,17,23,22,20,0,13,15,25,38,18
2018,3,A,골목상권,2110802,신길동홍어거리,465,223,242,0,50,156,134,103,22,0,12,71,69,56,15,0,38,85,65,47,7
2018,3,A,골목상권,2110801,신풍역 6번(신길6동공영주차장),15,10,5,0,3,2,3,7,0,0,3,1,2,4,0,0,0,1,1,3,0
2018,3,A,골목상권,2110800,영등포동성당,301,227,74,0,21,46,82,100,52,0,14,36,56,74,47,0,7,10,26,26,5
2018,3,A,골목상권,2110799,영등포본동주민센터,85,58,27,0,10,20,10,19,26,0,4,15,4,13,22,0,6,5,6,6,4
2018,3,A,골목상권,2110798,신풍역 2번,66,33,33,0,2,9,11,28,16,0,1,6,6,12,8,0,1,3,5,16,8
2018,3,A,골목상권,2110797,KT대방빌딩,115,42,73,3,18,27,29,23,15,0,6,8,11,10,7,3,12,19,18,13,8
2018,3,A,골목상권,2110796,한림대학교한강성심병원,135,99,36,0,8,21,22,34,50,0,5,16,14,26,38,0,3,5,8,8,12
2018,3,A,골목상권,2110795,도림초등학교,323,112,211,0,20,30,61,91,121,0,3,13,20,40,36,0,17,17,41,51,85
2018,3,A,골목상권,2110794,영동초등학교,2254,1541,713,1,290,542,605,473,343,1,159,365,408,334,274,0,131,177,197,139,69
2018,3,A,골목상권,2110793,대림썬프라자,37,26,11,0,3,4,8,8,14,0,2,3,5,5,11,0,1,1,3,3,3
2018,3,A,골목상권,2110792,영등포역 2번,440,249,191,1,55,82,128,105,69,1,22,42,68,64,52,0,33,40,60,41,17
2018,3,A,골목상권,2110791,신풍역 3번,41,23,18,0,1,13,5,15,7,0,0,7,2,8,6,0,1,6,3,7,1
2018,3,A,골목상권,2110790,대림1동주민센터,376,207,169,0,36,80,92,95,73,0,10,43,40,57,57,0,26,37,52,38,16
2018,3,A,골목상권,2110789,대림성모병원,729,251,478,0,132,176,172,157,92,0,18,72,59,63,39,0,114,104,113,94,53
2018,3,A,골목상권,2110788,영등포시장역 3번,112,52,60,1,21,21,18,31,20,0,5,9,8,16,14,1,16,12,10,15,6
2018,3,A,골목상권,2110787,신길3동주민센터,248,126,122,0,26,53,63,62,44,0,7,27,37,27,28,0,19,26,26,35,16
2018,3,A,골목상권,2110786,당산역 8번,212,123,89,0,31,39,62,36,44,0,11,27,37,21,27,0,20,12,25,15,17
2018,3,A,골목상권,2110785,영등포푸르지오아파트,275,150,125,1,19,43,80,79,53,0,8,24,55,34,29,1,11,19,25,45,24
2018,3,A,골목상권,2110784,신대림초등학교,125,38,87,0,1,13,23,54,34,0,0,4,9,19,6,0,1,9,14,35,28
2018,3,A,골목상권,2110783,영등포시장역 1번,896,344,552,0,112,279,206,130,169,0,33,91,75,60,85,0,79,188,131,70,84
2018,3,A,골목상권,2110782,영등포시장역 4번,161,91,70,0,25,33,47,36,20,0,5,17,30,22,17,0,20,16,17,14,3
2018,3,A,골목상권,2110781,대림한신아파트,149,92,57,0,7,20,46,44,32,0,3,10,32,27,20,0,4,10,14,17,12
2018,3,A,골목상권,2110780,신길대성유니드아파트,198,134,64,0,26,49,47,44,32,0,21,34,29,29,21,0,5,15,18,15,11
2018,3,A,골목상권,2110779,대림갑을명가아파트,45,13,32,0,1,6,16,11,11,0,0,2,1,3,7,0,1,4,15,8,4
2018,3,A,골목상권,2110778,구로디지털단지역 4번,1165,516,649,0,86,226,422,229,202,0,14,98,130,131,143,0,72,128,292,98,59
2018,3,A,골목상권,2110777,구로세무서,531,405,126,1,43,94,113,175,105,0,23,70,85,136,91,1,20,24,28,39,14
2018,3,A,골목상권,2110776,도신초등학교,392,248,144,3,42,83,106,107,51,0,22,52,67,70,37,3,20,31,39,37,14
2018,3,A,골목상권,2110775,대동초등학교,60,27,33,0,1,8,21,18,12,0,1,4,4,9,9,0,0,4,17,9,3
2018,3,A,골목상권,2110774,당산반도유보라팰리스아파트,639,408,231,3,94,168,171,125,78,1,49,110,107,86,55,2,45,58,64,39,23
2018,3,A,골목상권,2110773,당산역 13번,483,320,163,0,85,105,127,74,92,0,40,60,94,58,68,0,45,45,33,16,24
2018,3,A,골목상권,2110772,신우어린이공원,168,63,105,0,21,31,38,54,24,0,4,15,18,19,7,0,17,16,20,35,17
2018,3,A,골목상권,2110771,대림역 11번,37,11,26,0,5,14,7,9,2,0,1,3,1,6,0,0,4,11,6,3,2
2018,3,A,골목상권,2110770,영등포구청역 6번,578,347,231,3,63,97,128,126,161,3,31,54,74,71,114,0,32,43,54,55,47
2018,3,A,골목상권,2110769,대림차이나타운(대림역 12번),23,12,11,0,3,8,3,7,2,0,1,4,2,3,2,0,2,4,1,4,0
2018,3,A,골목상권,2110768,도림2동유수지내체육시설,492,315,177,0,43,106,103,63,177,0,23,75,64,40,113,0,20,31,39,23,64
2018,3,A,골목상권,2110767,도림동주민센터,120,61,59,0,20,27,31,27,15,0,9,16,14,11,11,0,11,11,17,16,4
2018,3,A,골목상권,2110766,대림역 5번,856,450,406,0,70,130,199,273,184,0,36,77,92,140,105,0,34,53,107,133,79
2018,3,A,골목상권,2110765,문래동사거리,1345,941,404,3,128,254,353,375,232,0,75,167,241,267,191,3,53,87,112,108,41
2018,3,A,골목상권,2110764,문래역 3번,1088,413,675,0,49,76,107,229,627,0,16,37,55,91,214,0,33,39,52,138,413
2018,3,A,골목상권,2110763,영등포구청역 2번,1063,686,377,2,177,311,231,200,142,1,81,196,154,138,116,1,96,115,77,62,26
2018,3,A,골목상권,2110762,선유도역 1번,4406,2844,1562,22,704,1180,1071,860,569,14,319,754,742,577,438,8,385,426,329,283,131
2018,3,A,골목상권,2110761,문래동남성맨션,346,245,101,2,58,89,66,77,54,0,41,59,45,59,41,2,17,30,21,18,13
2018,3,A,골목상권,2110760,선유도역 6번,13423,8576,4847,12,2039,4635,4270,2049,418,6,983,2956,2837,1468,326,6,1056,1679,1433,581,92
2018,3,A,골목상권,2110759,문래예술촌(문래창작촌),5304,3546,1758,19,873,1391,1331,1105,585,6,432,928,921,794,465,13,441,463,410,311,120
2018,3,A,골목상권,2110758,문래소공원,451,334,117,0,26,63,94,107,161,0,20,53,71,78,112,0,6,10,23,29,49
2018,3,A,골목상권,2110757,양평역 2번,2708,1495,1213,1,360,690,693,534,430,0,185,432,357,259,262,1,175,258,336,275,168
2018,3,A,골목상권,2110756,문래중학교,319,213,106,0,34,82,98,50,55,0,18,54,69,32,40,0,16,28,29,18,15
2018,3,A,골목상권,2110755,동일여자고등학교,294,105,189,0,32,58,80,82,42,0,8,24,29,24,20,0,24,34,51,58,22
2018,3,A,골목상권,2110754,삼성산자연공원(서울금천초등학교),302,94,208,0,26,33,79,101,63,0,5,7,34,26,22,0,21,26,45,75,41
2018,3,A,골목상권,2110753,시흥동 은행나무사거리,1131,688,443,4,59,111,265,446,246,2,17,59,167,284,159,2,42,52,98,162,87
2018,3,A,골목상권,2110752,한울중학교,370,133,237,0,24,63,122,108,53,0,9,23,36,42,23,0,15,40,86,66,30
2018,3,A,골목상권,2110751,난곡중학교,264,135,129,0,17,38,74,90,45,0,5,15,39,44,32,0,12,23,35,46,13
2018,3,A,골목상권,2110750,시흥4동주민센터(서울신흥초등학교),243,79,164,0,32,38,62,75,36,0,9,12,23,20,15,0,23,26,39,55,21
2018,3,A,골목상권,2110749,금산초등학교(금천고등학교),508,297,211,0,49,85,133,104,137,0,25,52,67,47,106,0,24,33,66,57,31
2018,3,A,골목상권,2110748,백산초등학교,204,111,93,0,23,35,57,54,35,0,9,19,31,31,21,0,14,16,26,23,14
2018,3,A,골목상권,2110747,석수역 1번 출입구,985,676,309,7,59,144,274,316,185,1,36,90,165,228,156,6,23,54,109,88,29
2018,3,A,골목상권,2110746,금천금빛공원(은행나무사거리서측),90,54,36,1,4,9,27,34,15,0,1,5,19,18,11,1,3,4,8,16,4
2018,3,A,골목상권,2110745,독산동정훈단지,431,235,196,0,43,49,91,119,129,0,13,21,41,68,92,0,30,28,50,51,37
2018,3,A,골목상권,2110744,독산동성당,371,134,237,0,28,42,97,125,79,0,7,18,33,44,32,0,21,24,64,81,47
2018,3,A,골목상권,2110743,시흥초등학교(시흥1동우체국),312,70,242,0,34,35,65,111,67,0,6,11,23,23,7,0,28,24,42,88,60
2018,3,A,골목상권,2110742,KT금천빌딩(금천구시설관리공단),539,310,229,2,60,112,144,146,75,0,29,80,98,68,35,2,31,32,46,78,40
2018,3,A,골목상권,2110741,독산2동주민센터,303,77,226,0,27,50,82,89,55,0,4,16,21,17,19,0,23,34,61,72,36
2018,3,A,골목상권,2110740,금천해태공원,1413,383,1030,0,139,134,187,254,699,0,30,47,72,58,176,0,109,87,115,196,523
2018,3,A,골목상권,2110739,시흥3동 우편취급국,1756,727,1029,1,191,347,659,513,45,0,68,202,275,151,31,1,123,145,384,362,14
2018,3,A,골목상권,2110738,문성초등학교,274,124,150,0,25,36,76,101,36,0,14,10,33,44,23,0,11,26,43,57,13
2018,3,A,골목상권,2110737,금천세무서,587,348,239,2,68,108,118,160,131,0,16,56,60,98,118,2,52,52,58,62,13
2018,3,A,골목상권,2110736,독산119안전센터,390,186,204,1,40,58,105,119,67,0,11,25,46,56,48,1,29,33,59,63,19
2018,3,A,골목상권,2110735,말미고개,467,285,182,0,46,104,116,118,83,0,24,64,74,67,56,0,22,40,42,51,27
2018,3,A,골목상권,2110734,금천파출소,105,55,50,0,4,14,17,42,28,0,3,10,11,17,14,0,1,4,6,25,14
2018,3,A,골목상권,2110733,금천어울림복지센터,664,421,243,5,109,133,172,164,81,3,77,96,94,84,67,2,32,37,78,80,14
2018,3,A,골목상권,2110732,가산초등학교(세일중학교),845,485,360,2,112,174,237,208,112,2,31,87,159,137,69,0,81,87,78,71,43
2018,3,A,골목상권,2110731,금천구청역 1번 출입구,2152,1114,1038,15,718,864,349,110,96,6,357,485,149,52,65,9,361,379,200,58,31
2018,3,A,골목상권,2110730,서울축산농협 독산역지점(독산파출소),1055,579,476,0,82,187,220,343,223,0,44,107,109,176,143,0,38,80,111,167,80
2018,3,A,골목상권,2110729,가산동우체국,314,194,120,1,40,73,64,93,43,1,29,50,37,47,30,0,11,23,27,46,13
2018,3,A,골목상권,2110728,두산초등학교,717,407,310,2,86,172,209,177,71,2,42,116,105,93,49,0,44,56,104,84,22
2018,3,A,골목상권,2110727,독산역 1번 출입구,785,535,250,0,69,152,218,239,107,0,47,110,131,164,83,0,22,42,87,75,24
2018,3,A,골목상권,2110726,금천철쭉어린이공원(금하마을),120,54,66,0,8,18,33,38,23,0,4,10,15,15,10,0,4,8,18,23,13
2018,3,A,골목상권,2110725,가산동주민센터,290,176,114,2,43,58,59,77,51,2,22,41,41,38,32,0,21,17,18,39,19
2018,3,A,골목상권,2110724,금천구립가산도서관,449,304,145,2,25,97,163,106,56,2,21,74,114,56,37,0,4,23,49,50,19
2018,3,A,골목상권,2110723,가산디지털단지역 1번 출입구,326,262,64,2,9,27,63,136,89,2,3,14,48,118,77,0,6,13,15,18,12
2018,3,A,골목상권,2110722,G타워,991,709,282,4,188,347,268,110,74,3,136,257,195,66,52,1,52,90,73,44,22
2018,3,A,골목상권,2110721,가리봉파출소,667,275,392,1,94,107,126,148,191,0,47,60,40,35,93,1,47,47,86,113,98
2018,3,A,골목상권,2110720,대림역 2번,284,127,157,0,30,53,90,56,55,0,9,19,37,22,40,0,21,34,53,34,15
2018,3,A,골목상권,2110719,영서중학교,67,19,48,1,13,16,21,7,9,0,1,4,6,2,6,1,12,12,15,5,3
2018,3,A,골목상권,2110718,한국SGI본부,1844,1243,601,5,340,539,453,349,158,1,177,390,368,209,98,4,163,149,85,140,60
2018,3,A,골목상권,2110717,남구로역 2번,685,189,496,1,75,122,151,199,137,1,14,49,46,46,33,0,61,73,105,153,104
2018,3,A,골목상권,2110716,구로나눔길,869,481,388,2,129,295,242,132,69,0,38,181,153,69,40,2,91,114,89,63,29
2018,3,A,골목상권,2110715,구로구민회관,176,82,94,0,16,28,46,50,36,0,4,18,27,23,10,0,12,10,19,27,26
2018,3,A,골목상권,2110714,구로4동주민센터,440,155,285,0,73,86,99,108,74,0,12,23,32,39,49,0,61,63,67,69,25
2018,3,A,골목상권,2110713,구로보건소,2828,1638,1190,7,290,508,717,801,505,7,116,281,411,495,328,0,174,227,306,306,177
2018,3,A,골목상권,2110712,남구로역 5번,304,108,196,0,33,56,84,71,60,0,6,21,39,26,16,0,27,35,45,45,44
2018,3,A,골목상권,2110711,구로초등학교,599,255,344,0,42,85,129,200,143,0,15,36,63,90,51,0,27,49,66,110,92
2018,3,A,골목상권,2110710,남구로역 3번,401,186,215,0,64,69,102,104,62,0,18,30,49,50,39,0,46,39,53,54,23
2018,3,A,골목상권,2110709,구로119안전센터,221,116,105,0,18,38,49,69,47,0,14,26,23,30,23,0,4,12,26,39,24
2018,3,A,골목상권,2110708,화원어린이공원,168,75,93,0,39,37,34,47,11,0,10,17,17,20,11,0,29,20,17,27,0
2018,3,A,골목상권,2110707,구로창업지원센터,1464,1074,390,4,120,263,358,461,258,3,75,198,260,338,200,1,45,65,98,123,58
2018,3,A,골목상권,2110706,그라운드 고척,651,179,472,0,139,132,149,164,67,0,26,42,49,33,29,0,113,90,100,131,38
2018,3,A,골목상권,2110705,고산초등학교,51,32,19,0,4,7,14,12,14,0,2,6,11,5,8,0,2,1,3,7,6
2018,3,A,골목상권,2110704,고척중학교,105,49,56,0,11,22,21,24,27,0,4,10,12,13,10,0,7,12,9,11,17
2018,3,A,골목상권,2110703,개봉역,696,423,273,1,88,123,160,172,152,1,45,73,84,102,118,0,43,50,76,70,34
2018,3,A,골목상권,2110702,개봉초등학교,3481,1989,1492,0,23,44,127,359,2928,0,13,24,61,172,1719,0,10,20,66,187,1209
2018,3,A,골목상권,2110701,고척동성당,389,225,164,0,53,91,99,94,52,0,27,66,45,56,31,0,26,25,54,38,21
2018,3,A,골목상권,2110700,고척초등학교,683,434,249,3,45,108,152,195,180,1,22,59,90,127,135,2,23,49,62,68,45
2018,3,A,골목상권,2110699,덕의초등학교,177,87,90,0,19,34,49,47,28,0,4,22,17,26,18,0,15,12,32,21,10
2018,3,A,골목상권,2110698,개웅초등학교(개웅중학교),176,80,96,0,29,35,42,47,23,0,9,14,17,25,15,0,20,21,25,22,8
2018,3,A,골목상권,2110697,개봉3동주민센터,109,64,45,0,14,15,30,27,23,0,5,9,15,22,13,0,9,6,15,5,10
2018,3,A,골목상권,2110696,오류동역 1번,146,64,82,0,22,28,40,34,22,0,1,15,14,17,17,0,21,13,26,17,5
2018,3,A,골목상권,2110695,개봉1동주민센터,445,176,269,0,28,67,124,134,92,0,8,33,53,44,38,0,20,34,71,90,54
2018,3,A,골목상권,2110694,세곡초등학교,309,159,150,1,33,51,83,107,34,1,12,27,39,60,20,0,21,24,44,47,14
2018,3,A,골목상권,2110693,오류동역 4번,53,29,24,0,7,13,9,15,9,0,3,8,6,7,5,0,4,5,3,8,4
2018,3,A,골목상권,2110692,큰굴다리,178,109,69,0,20,23,41,63,31,0,11,17,22,38,21,0,9,6,19,25,10
2018,3,A,골목상권,2110691,개봉중학교,209,95,114,0,13,30,57,71,38,0,7,17,27,25,19,0,6,13,30,46,19
2018,3,A,골목상권,2110690,오류2동버들시장,909,338,571,0,94,230,221,226,138,0,23,93,78,70,74,0,71,137,143,156,64
2018,3,A,골목상권,2110689,오류동역 3번,293,157,136,0,52,74,74,61,32,0,16,51,36,32,22,0,36,23,38,29,10
2018,3,A,골목상권,2110688,오류지구대,102,54,48,0,7,10,37,30,18,0,2,2,20,18,12,0,5,8,17,12,6
2018,3,A,골목상권,2110687,"천왕역 3번(오류2동주민센터, 서울오류남초등학교)",121,65,56,0,15,38,26,35,7,0,9,22,16,13,5,0,6,16,10,22,2
2018,3,A,골목상권,2110686,수궁동주민센터,408,232,176,1,50,103,133,70,51,0,20,51,84,44,33,1,30,52,49,26,18
2018,3,A,골목상권,2110685,금강수목원아파트,70,48,22,0,5,13,23,21,8,0,3,11,16,11,7,0,2,2,7,10,1
2018,3,A,골목상권,2110684,서울공연예술고등학교,190,86,104,0,36,51,49,34,20,0,12,22,28,12,12,0,24,29,21,22,8
2018,3,A,골목상권,2110683,오류고등학교,136,63,73,0,12,22,44,47,11,0,2,12,26,16,7,0,10,10,18,31,4
2018,3,A,골목상권,2110682,온수역 8번,344,249,95,0,55,97,45,63,84,0,21,65,32,52,79,0,34,32,13,11,5
2018,3,A,골목상권,2110681,온수역 1번,336,240,96,0,45,87,89,76,39,0,34,63,61,54,28,0,11,24,28,22,11
2018,3,A,골목상권,2110680,온수역 5번(온수산업단지),1308,1039,269,8,114,229,260,396,301,8,83,169,194,315,270,0,31,60,66,81,31
2018,3,A,골목상권,2110679,염창역 2번,1541,1148,393,7,243,563,422,207,99,5,144,432,347,145,75,2,99,131,75,62,24
2018,3,A,골목상권,2110678,염창무학아파트,212,129,83,0,24,43,53,65,27,0,11,26,28,47,17,0,13,17,25,18,10
2018,3,A,골목상권,2110677,등촌역 1번,448,364,84,4,35,73,110,119,107,4,24,58,80,96,102,0,11,15,30,23,5
2018,3,A,골목상권,2110676,등촌역 7번,196,85,111,0,15,35,46,61,39,0,10,21,19,23,12,0,5,14,27,38,27
2018,3,A,골목상권,2110675,화곡4동주민센터,177,94,83,0,25,45,35,42,30,0,10,20,23,22,19,0,15,25,12,20,11
2018,3,A,골목상권,2110674,강서구청가양동별관,517,314,203,6,68,133,99,111,100,5,31,94,70,56,58,1,37,39,29,55,42
2018,3,A,골목상권,2110673,뜸부기어린이공원,653,362,291,3,95,166,154,167,68,0,35,105,91,88,43,3,60,61,63,79,25
2018,3,A,골목상권,2110672,백석중학교,84,38,46,0,8,19,22,25,10,0,3,8,6,14,7,0,5,11,16,11,3
2018,3,A,골목상권,2110671,등촌1동주민센터,5378,3298,2080,7,1115,1538,1217,929,572,6,373,1000,932,628,359,1,742,538,285,301,213
2018,3,A,골목상권,2110670,신곡초등학교,214,99,115,0,20,44,62,55,33,0,1,20,22,33,23,0,19,24,40,22,10
2018,3,A,골목상권,2110669,화곡보람2차아파트,98,64,34,3,12,21,31,26,5,1,6,11,25,17,4,2,6,10,6,9,1
2018,3,A,골목상권,2110668,화곡2동주민센터,470,259,211,0,55,82,125,129,79,0,20,44,63,65,67,0,35,38,62,64,12
2018,3,A,골목상권,2110667,가양역 10번,402,196,206,3,56,81,113,114,35,1,22,42,45,63,23,2,34,39,68,51,12
2018,3,A,골목상권,2110666,KC대학교,237,84,153,0,26,48,67,72,24,0,12,16,23,20,13,0,14,32,44,52,11
2018,3,A,골목상권,2110665,곰달래도서관,1222,594,628,1,186,359,294,253,129,1,97,217,147,81,51,0,89,142,147,172,78
2018,3,A,골목상권,2110664,강서구청옆,131,75,56,0,16,32,28,31,24,0,12,22,16,12,13,0,4,10,12,19,11
2018,3,A,골목상권,2110663,우장산롯데캐슬아파트앞,349,162,187,2,69,74,91,76,37,0,19,32,44,41,26,2,50,42,47,35,11
2018,3,A,골목상권,2110662,까치산역 1번,332,113,219,0,20,55,109,79,69,0,6,26,39,16,26,0,14,29,70,63,43
2018,3,A,골목상권,2110661,강서새말어린이공원,472,308,164,0,41,74,127,140,90,0,23,48,89,85,63,0,18,26,38,55,27
2018,3,A,골목상권,2110660,등촌3동주민센터,8236,4160,4076,18,1094,1338,1536,2587,1663,14,684,879,895,940,748,4,410,459,641,1647,915
2018,3,A,골목상권,2110659,화곡역 4번,595,204,391,1,66,128,166,128,106,0,23,46,54,42,39,1,43,82,112,86,67
2018,3,A,골목상권,2110658,화곡초등학교,168,90,78,0,10,41,37,46,34,0,4,27,19,18,22,0,6,14,18,28,12
2018,3,A,골목상권,2110657,양천향교역 5번,6016,2921,3095,25,1265,1269,1232,1529,696,23,464,772,762,551,349,2,801,497,470,978,347
2018,3,A,골목상권,2110656,까치산역 3번,628,341,287,2,62,128,146,169,121,1,34,76,84,73,73,1,28,52,62,96,48
2018,3,A,골목상권,2110655,발산역 5번,1431,793,638,30,311,393,354,204,139,13,122,227,240,128,63,17,189,166,114,76,76
2018,3,A,골목상권,2110654,까치산역 4번,816,381,435,7,115,183,190,196,125,4,50,85,91,83,68,3,65,98,99,113,57
2018,3,A,골목상권,2110653,화곡역 2번,279,110,169,0,26,47,64,69,73,0,9,26,26,19,30,0,17,21,38,50,43
2018,3,A,골목상권,2110652,양천향교역 2번,1273,898,375,0,102,299,356,328,188,0,45,187,263,248,155,0,57,112,93,80,33
2018,3,A,골목상권,2110651,화원중학교,509,234,275,1,39,92,133,135,109,0,16,59,64,50,45,1,23,33,69,85,64
2018,3,A,골목상권,2110650,우장산힐스테이트,242,172,70,1,29,44,62,50,56,1,22,30,47,30,42,0,7,14,15,20,14
2018,3,A,골목상권,2110649,우장산역 1번,305,134,171,1,45,66,79,71,43,0,14,25,34,34,27,1,31,41,45,37,16
2018,3,A,골목상권,2110648,양천향교역 7번,757,373,384,3,137,251,187,127,52,0,47,119,112,59,36,3,90,132,75,68,16
2018,3,A,골목상권,2110647,화곡역 5번,1081,522,559,1,114,237,329,261,139,1,43,114,167,122,75,0,71,123,162,139,64
2018,3,A,골목상권,2110646,푸른들청소년도서관,692,347,345,0,67,115,153,184,173,0,21,60,78,93,95,0,46,55,75,91,78
2018,3,A,골목상권,2110645,우장산역 4번,1095,343,752,3,184,296,259,228,125,1,22,86,84,93,57,2,162,210,175,135,68
2018,3,A,골목상권,2110644,신광명마을,596,525,71,3,18,69,134,198,174,3,13,55,113,177,164,0,5,14,21,21,10
2018,3,A,골목상권,2110643,강서구다솔마을,810,519,291,2,82,183,305,156,82,0,44,115,214,97,49,2,38,68,91,59,33
2018,3,A,골목상권,2110642,정곡초등학교,167,148,19,0,4,12,35,66,50,0,1,10,31,59,47,0,3,2,4,7,3
2018,3,A,골목상권,2110641,공항고등학교,406,272,134,0,35,105,128,104,34,0,17,78,86,65,26,0,18,27,42,39,8
2018,3,A,골목상권,2110640,방화역 1번,991,556,435,3,83,240,249,245,171,0,24,89,133,172,138,3,59,151,116,73,33
2018,3,A,골목상권,2110639,신방화역 8번,273,87,186,1,67,82,60,42,21,0,5,21,26,19,16,1,62,61,34,23,5
2018,3,A,골목상권,2110638,신방화역 2번,1002,503,499,0,67,235,227,238,235,0,32,135,124,99,113,0,35,100,103,139,122
2018,3,A,골목상권,2110637,송정역 2번,516,360,156,0,51,92,129,128,116,0,28,52,91,99,90,0,23,40,38,29,26
2018,3,A,골목상권,2110636,방화역 2번,365,131,234,0,52,97,91,88,37,0,17,48,38,17,11,0,35,49,53,71,26
2018,3,A,골목상권,2110635,공항시장역 3번,399,275,124,3,34,76,132,97,57,0,17,53,94,70,41,3,17,23,38,27,16
2018,3,A,골목상권,2110634,송정역 3번,916,557,359,1,89,212,264,233,117,0,31,136,172,142,76,1,58,76,92,91,41
2018,3,A,골목상권,2110633,개화산역 1번,106,48,58,0,23,25,24,19,15,0,11,12,11,9,5,0,12,13,13,10,10
2018,3,A,골목상권,2110632,방화역 3번,662,311,351,1,97,133,175,146,110,0,41,72,102,51,45,1,56,61,73,95,65
2018,3,A,골목상권,2110631,방화초등학교,351,180,171,0,29,69,83,92,78,0,14,41,35,51,39,0,15,28,48,41,39
2018,3,A,골목상권,2110630,공항시장역 1번,1316,914,402,0,75,189,287,368,397,0,35,110,167,267,335,0,40,79,120,101,62
2018,3,A,골목상권,2110629,송정역 4번,280,133,147,3,57,70,69,50,31,0,18,31,36,29,19,3,39,39,33,21,12
2018,3,A,골목상권,2110628,신목동역,316,210,106,0,38,124,73,51,30,0,12,84,54,37,23,0,26,40,19,14,7
2018,3,A,골목상권,2110627,신정롯데캐슬아파트,483,256,227,1,63,77,141,118,83,1,27,37,81,57,53,0,36,40,60,61,30
2018,3,A,골목상권,2110626,양화초등학교,310,183,127,0,33,90,93,61,33,0,11,56,55,42,19,0,22,34,38,19,14
2018,3,A,골목상권,2110625,신정2동주민센터,514,235,279,6,50,114,158,121,65,2,18,55,74,46,40,4,32,59,84,75,25
2018,3,A,골목상권,2110624,목동문화체육센터,105,45,60,0,8,36,26,22,13,0,3,18,6,10,8,0,5,18,20,12,5
2018,3,A,골목상권,2110623,갈산공원,235,172,63,1,31,75,52,41,35,0,24,64,35,26,23,1,7,11,17,15,12
2018,3,A,골목상권,2110622,달마을공원,261,124,137,0,29,48,63,81,40,0,10,24,25,39,26,0,19,24,38,42,14
2018,3,A,골목상권,2110621,목동역 5번,231,121,110,0,43,58,45,54,31,0,15,31,26,30,19,0,28,27,19,24,12
2018,3,A,골목상권,2110620,목동보건지소,534,231,303,1,64,127,144,135,63,1,26,54,52,52,46,0,38,73,92,83,17
2018,3,A,골목상권,2110619,목4동주민센터,104,54,50,0,10,16,26,29,23,0,6,11,15,12,10,0,4,5,11,17,13
2018,3,A,골목상권,2110618,강서고등학교,196,87,109,0,17,37,33,63,46,0,7,21,18,25,16,0,10,16,15,38,30
2018,3,A,골목상권,2110617,등촌역 4번,129,48,81,0,18,17,27,43,24,0,6,4,16,12,10,0,12,13,11,31,14
2018,3,A,골목상권,2110616,양목초등학교,323,261,62,0,6,15,30,32,240,0,0,8,21,18,214,0,6,7,9,14,26
2018,3,A,골목상권,2110615,신서초등학교,194,112,82,2,26,39,48,60,19,0,13,24,34,33,8,2,13,15,14,27,11
2018,3,A,골목상권,2110614,목동로데오거리,564,267,297,0,57,85,147,174,101,0,32,50,82,65,38,0,25,35,65,109,63
2018,3,A,골목상권,2110613,신정네거리역 4번,56,22,34,1,4,7,14,16,14,0,2,1,5,7,7,1,2,6,9,9,7
2018,3,A,골목상권,2110612,신정역 5번,471,186,285,1,35,68,98,160,109,1,9,32,46,61,37,0,26,36,52,99,72
2018,3,A,골목상권,2110611,신정역 1번,385,170,215,0,33,52,100,100,100,0,11,24,51,47,37,0,22,28,49,53,63
2018,3,A,골목상권,2110610,계남근린공원,97,22,75,1,6,9,14,30,37,0,1,7,6,4,4,1,5,2,8,26,33
2018,3,A,골목상권,2110609,신정네거리역 2번,24,9,15,0,0,5,4,6,9,0,0,2,1,2,4,0,0,3,3,4,5
2018,3,A,골목상권,2110608,신월2동주민센터,565,355,210,0,30,82,141,181,131,0,11,40,66,126,112,0,19,42,75,55,19
2018,3,A,골목상권,2110607,금빛새마을금고본점,130,67,63,0,11,31,36,32,20,0,2,14,16,19,16,0,9,17,20,13,4
2018,3,A,골목상권,2110606,신한은행 신월동지점,558,250,308,3,55,87,128,141,144,2,20,35,58,51,84,1,35,52,70,90,60
2018,3,A,골목상권,2110605,목동센트럴아이파크앞,248,113,135,1,26,37,52,72,60,1,10,22,16,27,37,0,16,15,36,45,23
2018,3,A,골목상권,2110604,신월4동주민센터,645,405,240,0,37,73,127,216,192,0,9,35,64,143,154,0,28,38,63,73,38
2018,3,A,골목상권,2110603,지향초등학교,711,497,214,0,61,82,64,71,433,0,16,30,24,28,399,0,45,52,40,43,34
2018,3,A,골목상권,2110602,신월시영아파트중문,857,671,186,0,25,50,138,333,311,0,13,35,72,264,287,0,12,15,66,69,24
2018,3,A,골목상권,2110601,신월1동우편취급국,1267,843,424,4,82,165,311,447,258,4,34,106,202,316,181,0,48,59,109,131,77
2018,3,A,골목상권,2110600,신월7동주민센터,552,351,201,0,32,66,120,164,170,0,15,35,66,104,131,0,17,31,54,60,39
2018,3,A,골목상권,2110599,신월1파출소,357,183,174,0,35,56,111,103,52,0,12,29,54,56,32,0,23,27,57,47,20
2018,3,A,골목상권,2110598,신월문화체육센터,332,131,201,0,27,74,100,75,56,0,7,38,33,26,27,0,20,36,67,49,29
2018,3,A,골목상권,2110597,신월1동주민센터,614,329,285,3,45,123,156,173,114,2,14,64,73,98,78,1,31,59,83,75,36
2018,3,A,골목상권,2110596,서서울호수공원,405,203,202,0,37,80,99,121,68,0,27,44,47,52,33,0,10,36,52,69,35
2018,3,A,골목상권,2110595,메디힐병원,1645,1199,446,0,74,130,209,269,963,0,17,49,90,150,893,0,57,81,119,119,70
2018,3,A,골목상권,2110594,신월중학교,261,110,151,0,29,46,93,68,25,0,10,14,33,33,20,0,19,32,60,35,5
2018,3,A,골목상권,2110593,신월3동주민센터,526,229,297,2,53,90,152,140,89,2,21,49,80,43,34,0,32,41,72,97,55
2018,3,A,골목상권,2110592,서울금융고등학교,866,682,184,0,26,71,167,320,282,0,10,43,112,256,261,0,16,28,55,64,21
2018,3,A,골목상권,2110591,충정로역 6번,208,104,104,0,31,38,49,57,33,0,19,15,27,28,15,0,12,23,22,29,18
2018,3,A,골목상권,2110590,만리재,98,30,68,0,25,21,20,24,8,0,3,7,6,9,5,0,22,14,14,15,3
2018,3,A,골목상권,2110589,애오개역 3번,96,29,67,0,13,23,31,21,8,0,0,3,14,8,4,0,13,20,17,13,4
2018,3,A,골목상권,2110588,한겨레신문사,700,445,255,0,53,172,248,204,23,0,14,75,162,178,16,0,39,97,86,26,7
2018,3,A,골목상권,2110587,공덕동주민센터,401,187,214,0,46,83,103,93,76,0,14,40,63,39,31,0,32,43,40,54,45
2018,3,A,골목상권,2110586,서울서부지방법원,3079,1421,1658,9,731,761,639,437,502,2,319,384,288,202,226,7,412,377,351,235,276
2018,3,A,골목상권,2110585,마포경찰서,974,802,172,3,193,373,194,189,22,1,137,308,172,169,15,2,56,65,22,20,7
2018,3,A,골목상권,2110584,아현역 4번,136,59,77,0,16,30,38,35,17,0,4,11,19,15,10,0,12,19,19,20,7
2018,3,A,골목상권,2110583,공덕래미안3차아파트,93,42,51,0,13,20,30,21,9,0,4,7,14,9,8,0,9,13,16,12,1
2018,3,A,골목상권,2110582,이대역 5번,159,91,68,0,19,47,46,27,20,0,4,29,29,18,11,0,15,18,17,9,9
2018,3,A,골목상권,2110581,염리초등학교,233,97,136,0,79,74,38,24,18,0,23,25,21,14,14,0,56,49,17,10,4
2018,3,A,골목상권,2110580,양원초등학교,158,49,109,0,39,37,33,12,37,0,12,12,12,3,10,0,27,25,21,9,27
2018,3,A,골목상권,2110579,마포역 4번,642,340,302,0,143,244,140,80,35,0,59,114,96,51,20,0,84,130,44,29,15
2018,3,A,골목상권,2110578,대흥역 2번,3972,2875,1097,7,483,902,1036,892,652,1,354,723,820,543,434,6,129,179,216,349,218
2018,3,A,골목상권,2110577,용강동주민센터,464,217,247,0,86,187,102,55,34,0,25,88,59,27,18,0,61,99,43,28,16
2018,3,A,골목상권,2110576,대흥역 3번,1535,1087,448,77,435,389,352,212,70,32,265,314,276,157,43,45,170,75,76,55,27
2018,3,A,골목상권,2110575,대흥동주민센터,360,126,234,0,72,89,34,83,82,0,24,58,15,14,15,0,48,31,19,69,67
2018,3,A,골목상권,2110574,서강대학교,331,153,178,1,60,104,84,65,17,0,15,44,52,35,7,1,45,60,32,30,10
2018,3,A,골목상권,2110573,신촌역 6번,131,85,46,0,13,39,31,37,11,0,4,21,27,25,8,0,9,18,4,12,3
2018,3,A,골목상권,2110572,서강대역 1번,966,441,525,1,194,226,241,200,104,0,65,108,122,85,61,1,129,118,119,115,43
2018,3,A,골목상권,2110571,신수동주민센터,821,436,385,4,96,269,265,127,60,1,42,163,145,51,34,3,54,106,120,76,26
2018,3,A,골목상권,2110570,KB국민은행 서강지점,365,200,165,0,61,107,120,61,16,0,19,53,75,42,11,0,42,54,45,19,5
2018,3,A,골목상권,2110569,홍대땡땡거리,874,469,405,3,183,296,185,111,96,0,67,165,119,66,52,3,116,131,66,45,44
2018,3,A,골목상권,2110568,광흥창역 1번,103,47,56,0,10,16,25,24,28,0,4,11,10,5,17,0,6,5,15,19,11
2018,3,A,골목상권,2110567,광흥창역 6번,232,84,148,0,63,70,54,21,24,0,7,19,30,13,15,0,56,51,24,8,9
2018,3,A,골목상권,2110566,경의선책거리,2278,1338,940,6,597,794,491,250,140,1,239,482,326,190,100,5,358,312,165,60,40
2018,3,A,골목상권,2110565,홍익대,249,123,126,0,64,78,56,36,15,0,20,41,30,22,10,0,44,37,26,14,5
2018,3,A,골목상권,2110564,홍대입구역 3번,889,459,430,2,178,310,255,105,39,0,66,163,172,41,17,2,112,147,83,64,22
2018,3,A,골목상권,2110563,상수역 3번,613,422,191,8,156,195,126,75,53,7,91,145,96,50,33,1,65,50,30,25,20
2018,3,A,골목상권,2110562,연트럴파크(연남동주민센터),611,312,299,1,119,189,152,105,45,0,48,103,92,50,19,1,71,86,60,55,26
2018,3,A,골목상권,2110561,상수역 4번,449,259,190,0,110,158,94,57,30,0,46,94,63,38,18,0,64,64,31,19,12
2018,3,A,골목상권,2110560,마포FM,495,285,210,0,118,143,132,69,33,0,47,84,86,42,26,0,71,59,46,27,7
2018,3,A,골목상권,2110559,성산중학교,1208,693,515,1,282,375,271,182,97,1,106,227,169,119,71,0,176,148,102,63,26
2018,3,A,골목상권,2110558,경성고등학교,3507,2445,1062,8,395,596,596,568,1344,4,153,335,372,377,1204,4,242,261,224,191,140
2018,3,A,골목상권,2110557,홍대부속여중고앞,1291,722,569,6,200,329,357,265,134,4,93,187,219,121,98,2,107,142,138,144,36
2018,3,A,골목상권,2110556,절두산순교성지,171,99,72,0,34,44,47,28,18,0,12,30,29,19,9,0,22,14,18,9,9
2018,3,A,골목상권,2110555,홍익지구대,741,366,375,3,117,171,153,146,151,2,50,101,86,54,73,1,67,70,67,92,78
2018,3,A,골목상권,2110554,망원역 1번,1713,911,802,2,347,546,423,206,189,0,141,286,257,120,107,2,206,260,166,86,82
2018,3,A,골목상권,2110553,가좌역 2번,1253,1102,151,0,42,83,121,159,848,0,19,52,80,125,826,0,23,31,41,34,22
2018,3,A,골목상권,2110552,성미산체육관,931,552,379,1,138,269,243,185,95,0,52,159,159,119,63,1,86,110,84,66,32
2018,3,A,골목상권,2110551,성서초등학교,892,496,396,1,112,227,277,201,74,1,30,127,150,133,55,0,82,100,127,68,19
2018,3,A,골목상권,2110550,합정역 8번,1630,1031,599,3,293,453,483,254,144,1,119,286,354,167,104,2,174,167,129,87,40
2018,3,A,골목상권,2110549,새터산,329,141,188,0,37,64,92,85,51,0,9,29,43,36,24,0,28,35,49,49,27
2018,3,A,골목상권,2110548,마포구청역 4번,1490,946,544,13,246,274,327,310,320,10,96,165,234,198,243,3,150,109,93,112,77
2018,3,A,골목상권,2110547,KB국민은행 망원동지점,488,225,263,0,66,105,111,113,93,0,20,47,63,52,43,0,46,58,48,61,50
2018,3,A,골목상권,2110546,양화대교북단,671,357,314,2,215,260,113,58,23,1,89,139,77,37,14,1,126,121,36,21,9
2018,3,A,골목상권,2110545,마포구청역 1번,2715,856,1859,6,108,221,348,992,1040,3,54,129,212,223,235,3,54,92,136,769,805
2018,3,A,골목상권,2110544,망리단길,1321,673,648,1,246,346,353,237,138,0,109,192,187,103,82,1,137,154,166,134,56
2018,3,A,골목상권,2110543,중암중학교,10,6,4,0,0,0,6,4,0,0,0,0,2,4,0,0,0,0,4,0,0
2018,3,A,골목상권,2110542,마포구청역 7번,998,539,459,2,152,287,265,179,113,0,55,159,160,96,69,2,97,128,105,83,44
2018,3,A,골목상권,2110541,동교초등학교,519,323,196,0,45,103,143,118,110,0,27,60,90,67,79,0,18,43,53,51,31
2018,3,A,골목상권,2110540,망원나들목체육관,149,86,63,0,7,23,45,41,33,0,3,15,30,18,20,0,4,8,15,23,13
2018,3,A,골목상권,2110539,미근동,4027,2561,1466,9,521,1079,1277,963,178,6,274,770,835,550,126,3,247,309,442,413,52
2018,3,A,골목상권,2110538,충정로역 3번,484,287,197,0,58,115,102,101,108,0,27,81,63,56,60,0,31,34,39,45,48
2018,3,A,골목상권,2110537,충정로현대아파트,1078,610,468,3,119,296,277,220,163,0,25,134,182,162,107,3,94,162,95,58,56
2018,3,A,골목상권,2110536,돈의문센트레빌아파트입구,95,62,33,0,12,16,33,17,17,0,6,9,20,13,14,0,6,7,13,4,3
2018,3,A,골목상권,2110535,영천시장입구,276,75,201,1,40,55,52,97,31,1,7,17,19,22,9,0,33,38,33,75,22
2018,3,A,골목상권,2110534,경기대학교,115,52,63,0,9,28,21,32,25,0,4,20,13,8,7,0,5,8,8,24,18
2018,3,A,골목상권,2110533,충정로역 7번,57,34,23,0,3,8,13,20,13,0,1,4,10,10,9,0,2,4,3,10,4
2018,3,A,골목상권,2110532,아현역 2번,477,108,369,2,40,54,94,162,125,0,10,16,25,28,29,2,30,38,69,134,96
2018,3,A,골목상권,2110531,홍지문,115,24,91,0,17,23,17,46,12,0,9,7,5,1,2,0,8,16,12,45,10
2018,3,A,골목상권,2110530,아현역 1번,37,9,28,0,2,5,7,9,14,0,0,3,1,4,1,0,2,2,6,5,13
2018,3,A,골목상권,2110529,홍제3동주민센터,230,86,144,0,30,24,55,62,59,0,7,7,23,23,26,0,23,17,32,39,33
2018,3,A,골목상권,2110528,서울여자간호대학교,290,180,110,0,21,45,61,40,123,0,12,21,29,24,94,0,9,24,32,16,29
2018,3,A,골목상권,2110527,홍제역 2번,107,42,65,1,17,32,21,19,17,1,3,14,11,9,4,0,14,18,10,10,13
2018,3,A,골목상권,2110526,봉원사,193,99,94,0,48,57,44,28,16,0,19,31,29,13,7,0,29,26,15,15,9
2018,3,A,골목상권,2110525,홍은종합사회복지관,147,53,94,0,19,23,31,36,38,0,3,8,6,13,23,0,16,15,25,23,15
2018,3,A,골목상권,2110524,연희세브란스병원,224,74,150,2,50,53,45,53,21,1,13,16,18,17,9,1,37,37,27,36,12
2018,3,A,골목상권,2110523,홍제성원아파트,11,10,1,0,0,1,8,1,1,0,0,0,8,1,1,0,0,1,0,0,0
2018,3,A,골목상권,2110522,홍제역 3번,57,24,33,0,12,22,12,6,5,0,2,9,5,4,4,0,10,13,7,2,1
2018,3,A,골목상권,2110521,홍제역 4번,98,40,58,0,9,10,36,29,14,0,3,5,13,9,10,0,6,5,23,20,4
2018,3,A,골목상권,2110520,경의중앙 신촌역,173,102,71,0,23,30,48,38,34,0,13,20,29,22,18,0,10,10,19,16,16
2018,3,A,골목상권,2110519,서대문구보건소별관,443,183,260,0,51,92,100,145,55,0,10,40,43,55,35,0,41,52,57,90,20
2018,3,A,골목상권,2110518,서대문구청,304,116,188,0,45,95,101,42,21,0,9,35,45,19,8,0,36,60,56,23,13
2018,3,A,골목상권,2110517,서대문소방서,465,336,129,1,55,158,100,115,36,1,29,111,76,95,24,0,26,47,24,20,12
2018,3,A,골목상권,2110516,정원여중,48,13,35,0,3,12,11,12,10,0,0,6,3,3,1,0,3,6,8,9,9
2018,3,A,골목상권,2110515,홍은중학교,145,113,32,0,12,42,49,26,16,0,8,37,39,17,12,0,4,5,10,9,4
2018,3,A,골목상권,2110514,서대문우체국,116,57,59,0,24,27,30,27,8,0,10,14,15,11,7,0,14,13,15,16,1
2018,3,A,골목상권,2110513,연희파출소,475,292,183,25,92,114,100,78,66,24,52,81,61,37,37,1,40,33,39,41,29
2018,3,A,골목상권,2110512,연희지하차도,417,149,268,0,62,54,104,107,90,0,19,29,31,35,35,0,43,25,73,72,55
2018,3,A,골목상권,2110511,연희초등학교,390,137,253,1,93,76,73,96,51,1,25,24,28,30,29,0,68,52,45,66,22
2018,3,A,골목상권,2110510,홍연시장,174,105,69,0,8,34,58,46,28,0,3,22,39,27,14,0,5,12,19,19,14
2018,3,A,골목상권,2110509,연희대우아파트앞,1293,559,734,0,158,334,389,288,124,0,63,163,154,91,88,0,95,171,235,197,36
2018,3,A,골목상권,2110508,서연중학교,387,192,195,0,96,121,60,71,39,0,35,67,32,35,23,0,61,54,28,36,16
2018,3,A,골목상권,2110507,명지대학교,412,187,225,4,74,92,84,101,57,2,29,46,37,46,27,2,45,46,47,55,30
2018,3,A,골목상권,2110506,연희임광아파트,128,83,45,0,12,18,33,34,31,0,8,10,24,19,22,0,4,8,9,15,9
2018,3,A,골목상권,2110505,홍남교남측,41,23,18,0,1,9,12,12,7,0,0,3,5,9,6,0,1,6,7,3,1
2018,3,A,골목상권,2110504,명지전문대,22,13,9,0,3,6,4,9,0,0,1,2,3,7,0,0,2,4,1,2,0
2018,3,A,골목상권,2110503,명지대학교교회,506,341,165,0,44,66,108,154,134,0,21,42,58,110,110,0,23,24,50,44,24
2018,3,A,골목상권,2110502,남가좌파출소,342,173,169,0,43,70,100,77,52,0,13,33,62,35,30,0,30,37,38,42,22
2018,3,A,골목상권,2110501,연희어린이공원,140,72,68,0,16,42,38,23,21,0,8,24,19,11,10,0,8,18,19,12,11
2018,3,A,골목상권,2110500,남가좌동현대아파트,36,13,23,0,3,7,11,7,8,0,1,2,4,1,5,0,2,5,7,6,3
2018,3,A,골목상권,2110499,연가초등학교,212,97,115,1,32,45,57,50,27,0,10,23,27,25,12,1,22,22,30,25,15
2018,3,A,골목상권,2110498,증산역 1번,245,126,119,0,19,44,62,78,42,0,5,22,34,40,25,0,14,22,28,38,17
2018,3,A,골목상권,2110497,가좌역 3번,352,278,74,0,23,47,105,125,52,0,7,26,86,117,42,0,16,21,19,8,10
2018,3,A,골목상권,2110496,모래내우체국,401,200,201,1,54,82,119,85,60,0,13,43,66,44,34,1,41,39,53,41,26
2018,3,A,골목상권,2110495,북가좌2동주민센터,535,337,198,0,32,66,145,201,91,0,14,34,90,137,62,0,18,32,55,64,29
2018,3,A,골목상권,2110494,증산3교남측,57,46,11,0,4,14,18,16,5,0,3,12,15,11,5,0,1,2,3,5,0
2018,3,A,골목상권,2110493,북가좌초등학교,223,167,56,0,26,53,58,52,34,0,13,40,44,38,32,0,13,13,14,14,2
2018,3,A,골목상권,2110492,하나고등학교,244,41,203,1,5,16,9,112,101,0,1,9,4,13,14,1,4,7,5,99,87
2018,3,A,골목상권,2110491,불광중학교,68,25,43,0,5,10,31,17,5,0,2,4,12,4,3,0,3,6,19,13,2
2018,3,A,골목상권,2110490,녹번동근린공원,297,104,193,2,21,47,89,89,49,1,7,22,29,28,17,1,14,25,60,61,32
2018,3,A,골목상권,2110489,불광역 3번,42,21,21,0,5,5,15,14,3,0,3,2,9,5,2,0,2,3,6,9,1
2018,3,A,골목상권,2110488,우리은행응암동지점,565,254,311,0,44,77,96,136,212,0,12,28,32,53,129,0,32,49,64,83,83
2018,3,A,골목상권,2110487,불광역 8번,166,89,77,0,24,49,44,30,19,0,12,30,21,15,11,0,12,19,23,15,8
2018,3,A,골목상권,2110486,은평구청,726,354,372,0,68,138,212,190,118,0,29,64,103,93,65,0,39,74,109,97,53
2018,3,A,골목상권,2110485,연신내우체국,134,47,87,1,11,37,26,35,24,1,5,12,12,12,5,0,6,25,14,23,19
2018,3,A,골목상권,2110484,역촌역 3번,346,139,207,1,48,78,96,70,53,0,15,37,36,24,27,1,33,41,60,46,26
2018,3,A,골목상권,2110483,연천초등학교,40,17,23,0,5,9,13,9,4,0,2,4,4,3,4,0,3,5,9,6,0
2018,3,A,골목상권,2110482,연신초등학교,73,20,53,0,1,19,25,15,13,0,0,9,6,2,3,0,1,10,19,13,10
2018,3,A,골목상권,2110481,불광역 7번,449,143,306,3,63,80,101,93,109,0,25,29,34,19,36,3,38,51,67,74,73
2018,3,A,골목상권,2110480,연신내역 3번,86,27,59,0,14,17,22,20,13,0,2,6,8,6,5,0,12,11,14,14,8
2018,3,A,골목상권,2110479,연신내역 2번,475,227,248,2,48,61,138,115,111,2,14,34,64,53,60,0,34,27,74,62,51
2018,3,A,골목상권,2110478,응암1동주민센터,400,166,234,1,48,64,122,113,52,1,17,26,55,41,26,0,31,38,67,72,26
2018,3,A,골목상권,2110477,은평세무서,875,390,485,3,98,163,219,229,163,1,28,60,107,105,89,2,70,103,112,124,74
2018,3,A,골목상권,2110476,역촌역 2번,77,35,42,0,6,11,27,23,10,0,3,5,13,9,5,0,3,6,14,14,5
2018,3,A,골목상권,2110475,백련산해모로아파트,237,93,144,2,28,41,68,61,37,1,13,17,21,22,19,1,15,24,47,39,18
2018,3,A,골목상권,2110474,세명컴퓨터고등학교,172,80,92,0,24,41,51,34,22,0,12,20,25,11,12,0,12,21,26,23,10
2018,3,A,골목상권,2110473,구산역 1번,420,201,219,1,39,71,119,103,87,0,13,28,63,44,53,1,26,43,56,59,34
2018,3,A,골목상권,2110472,연신내역 4번,463,214,249,1,45,94,90,112,121,1,19,49,38,50,57,0,26,45,52,62,64
2018,3,A,골목상권,2110471,응암동우체국,414,166,248,0,43,78,113,111,69,0,11,24,48,46,37,0,32,54,65,65,32
2018,3,A,골목상권,2110470,신진과학기술고등학교,127,64,63,0,5,23,46,29,24,0,2,11,26,12,13,0,3,12,20,17,11
2018,3,A,골목상권,2110469,응암정보도서관,551,262,289,1,54,95,171,149,81,1,19,45,74,74,49,0,35,50,97,75,32
2018,3,A,골목상권,2110468,응암역 3번,855,409,446,2,102,162,218,220,151,0,27,85,116,111,70,2,75,77,102,109,81
2018,3,A,골목상권,2110467,은평요양병원,259,136,123,0,27,48,69,63,52,0,10,27,32,31,36,0,17,21,37,32,16
2018,3,A,골목상권,2110466,구산역 2번,156,100,56,0,13,41,45,33,24,0,9,26,28,20,17,0,4,15,17,13,7
2018,3,A,골목상권,2110465,연신내역 7번,258,127,131,0,31,61,68,53,45,0,15,41,18,23,30,0,16,20,50,30,15
2018,3,A,골목상권,2110464,연신내역 5번,471,247,224,1,34,71,116,102,147,1,10,34,63,42,97,0,24,37,53,60,50
2018,3,A,골목상권,2110463,응암3동주민센터,274,116,158,0,72,64,55,46,37,0,32,33,20,15,16,0,40,31,35,31,21
2018,3,A,골목상권,2110462,갈현건영아파트,195,90,105,0,17,36,56,55,31,0,8,16,23,28,15,0,9,20,33,27,16
2018,3,A,골목상권,2110461,새절역 2번,53,29,24,0,4,9,18,11,11,0,3,8,10,3,5,0,1,1,8,8,6
2018,3,A,골목상권,2110460,구산역 4번,759,272,487,2,117,144,179,210,107,2,24,69,69,68,40,0,93,75,110,142,67
2018,3,A,골목상권,2110459,응암역 2번,407,199,208,2,49,79,120,89,68,1,24,47,48,41,38,1,25,32,72,48,30
2018,3,A,골목상권,2110458,선일여고,244,105,139,0,28,48,79,56,33,0,12,21,30,20,22,0,16,27,49,36,11
2018,3,A,골목상권,2110457,예일여고,355,173,182,0,31,64,88,91,81,0,16,38,51,38,30,0,15,26,37,53,51
2018,3,A,골목상권,2110456,구산보건지소,419,172,247,0,32,79,128,127,53,0,13,34,55,41,29,0,19,45,73,86,24
2018,3,A,골목상권,2110455,역촌노인복지관,427,176,251,0,50,89,102,122,64,0,14,48,43,39,32,0,36,41,59,83,32
2018,3,A,골목상권,2110454,선정중학교,116,27,89,0,10,16,40,27,23,0,3,7,8,6,3,0,7,9,32,21,20
2018,3,A,골목상권,2110453,신사1동주민센터,753,356,397,2,69,155,184,206,137,2,33,86,101,84,50,0,36,69,83,122,87
2018,3,A,골목상권,2110452,새절역 3번,784,370,414,0,36,86,135,192,335,0,12,37,62,113,146,0,24,49,73,79,189
2018,3,A,골목상권,2110451,증산역 4번,421,260,161,1,50,91,136,88,55,1,23,65,92,46,33,0,27,26,44,42,22
2018,3,A,골목상권,2110450,시립서북병원,1245,423,822,1,192,280,297,292,183,0,61,101,121,82,58,1,131,179,176,210,125
2018,3,A,골목상권,2110449,증산역 3번,799,460,339,5,86,138,183,199,188,4,34,58,99,130,135,1,52,80,84,69,53
2018,3,A,골목상권,2110448,상신초등학교입구,77,34,43,0,6,9,26,23,13,0,2,5,9,10,8,0,4,4,17,13,5
2018,3,A,골목상권,2110447,구산초등학교,30,6,24,0,1,1,11,6,11,0,0,1,3,0,2,0,1,0,8,6,9
2018,3,A,골목상권,2110446,내를건너서숲으로도서관,220,124,96,0,19,17,51,69,64,0,3,4,25,41,51,0,16,13,26,28,13
2018,3,A,골목상권,2110445,덕산중학교,12,7,5,0,0,2,6,2,2,0,0,1,2,2,2,0,0,1,4,0,0
2018,3,A,골목상권,2110444,수색성당,398,360,38,0,9,29,61,120,179,0,5,18,48,113,176,0,4,11,13,7,3
2018,3,A,골목상권,2110443,수색역 1번,25,10,15,0,4,4,6,6,5,0,1,1,2,4,2,0,3,3,4,2,3
2018,3,A,골목상권,2110442,화랑대철도공원,149,60,89,1,13,24,22,63,26,1,10,18,9,15,7,0,3,6,13,48,19
2018,3,A,골목상권,2110441,영신여고,245,83,162,0,22,38,51,64,70,0,8,16,14,21,24,0,14,22,37,43,46
2018,3,A,골목상권,2110440,상계3동4동주민센터,85,39,46,0,10,15,21,28,11,0,0,9,11,10,9,0,10,6,10,18,2
2018,3,A,골목상권,2110439,당고개역 5번,46,32,14,0,4,5,15,15,7,0,1,3,12,11,5,0,3,2,3,4,2
2018,3,A,골목상권,2110438,경춘선숲길 우측,392,175,217,0,46,85,146,78,37,0,19,43,60,35,18,0,27,42,86,43,19
2018,3,A,골목상권,2110437,당고개역 2번,326,97,229,0,33,62,74,86,71,0,11,26,23,23,14,0,22,36,51,63,57
2018,3,A,골목상권,2110436,상계제일중학교,259,77,182,0,21,44,50,85,59,0,3,19,18,23,14,0,18,25,32,62,45
2018,3,A,골목상권,2110435,서울과학기술대,76,44,32,0,17,12,18,17,12,0,9,6,11,10,8,0,8,6,7,7,4
2018,3,A,골목상권,2110434,태릉입구역 4번,171,90,81,0,13,28,47,47,36,0,7,14,27,23,19,0,6,14,20,24,17
2018,3,A,골목상권,2110433,공릉역 2번,297,140,157,0,23,49,63,95,67,0,10,30,32,40,28,0,13,19,31,55,39
2018,3,A,골목상권,2110432,대진고등학교,289,137,152,1,24,38,83,86,57,1,13,24,38,36,25,0,11,14,45,50,32
2018,3,A,골목상권,2110431,상계역,374,160,214,4,47,75,116,88,44,0,15,34,59,36,16,4,32,41,57,52,28
2018,3,A,골목상권,2110430,중계초등학교,257,114,143,1,28,47,53,62,66,0,10,22,22,22,38,1,18,25,31,40,28
2018,3,A,골목상권,2110429,공릉동 국수거리,3263,1331,1932,11,400,565,748,879,660,8,155,326,342,312,188,3,245,239,406,567,472
2018,3,A,골목상권,2110428,상계5동주민센터,752,366,386,0,60,106,199,221,166,0,20,68,91,102,85,0,40,38,108,119,81
2018,3,A,골목상권,2110427,노원 을지대학교병원,189,132,57,0,9,26,48,65,41,0,4,17,28,47,36,0,5,9,20,18,5
2018,3,A,골목상권,2110426,상계2동주민센터,532,213,319,0,72,102,123,143,92,0,20,48,53,51,41,0,52,54,70,92,51
2018,3,A,골목상권,2110425,계상초등학교,369,170,199,0,40,58,85,112,74,0,16,31,39,53,31,0,24,27,46,59,43
2018,3,A,골목상권,2110424,상계초등학교,550,181,369,2,49,85,146,168,100,1,12,42,52,48,26,1,37,43,94,120,74
2018,3,A,골목상권,2110423,석계역 2번,396,179,217,0,40,62,108,100,86,0,15,37,55,45,27,0,25,25,53,55,59
2018,3,A,골목상권,2110422,노원역 9번,139,56,83,0,12,19,32,45,31,0,4,8,15,14,15,0,8,11,17,31,16
2018,3,A,골목상권,2110421,석계역 1번,411,130,281,4,84,66,94,90,73,2,25,24,27,26,26,2,59,42,67,64,47
2018,3,A,골목상권,2110420,광운대역 1번,228,105,123,1,36,50,55,43,43,0,6,27,34,18,20,1,30,23,21,25,23
2018,3,A,골목상권,2110419,수락산디자인거리,1677,1078,599,3,95,201,298,330,750,1,54,118,174,179,552,2,41,83,124,151,198
2018,3,A,골목상권,2110418,광운대학교 남단,127,83,44,1,11,25,29,41,20,1,8,20,16,25,13,0,3,5,13,16,7
2018,3,A,골목상권,2110417,월계역 3번,50,31,19,0,10,11,12,13,4,0,6,8,6,8,3,0,4,3,6,5,1
2018,3,A,골목상권,2110416,노원초등학교,606,316,290,1,70,101,138,166,130,0,36,59,61,82,78,1,34,42,77,84,52
2018,3,A,골목상권,2110415,수락산역 4번,1725,908,817,2,161,312,397,385,468,2,60,199,228,237,182,0,101,113,169,148,286
2018,3,A,골목상권,2110414,장석교회,293,240,53,0,10,29,42,109,103,0,3,18,35,92,92,0,7,11,7,17,11
2018,3,A,골목상권,2110413,누원고등학교,405,139,266,3,30,72,88,104,108,1,9,43,35,29,22,2,21,29,53,75,86
2018,3,A,골목상권,2110412,창동중학교,53,36,17,0,8,16,14,7,8,0,6,13,9,3,5,0,2,3,5,4,3
2018,3,A,골목상권,2110411,도봉역 3번,616,441,175,1,34,83,107,200,191,1,11,36,66,159,168,0,23,47,41,41,23
2018,3,A,골목상권,2110410,방학역 2번,1427,908,519,13,160,205,260,403,386,8,66,97,164,268,305,5,94,108,96,135,81
2018,3,A,골목상권,2110409,창동역 2번,503,267,236,1,79,117,133,106,67,0,41,57,60,57,52,1,38,60,73,49,15
2018,3,A,골목상권,2110408,가인초등학교,644,263,381,5,114,145,170,143,67,2,23,62,81,62,33,3,91,83,89,81,34
2018,3,A,골목상권,2110407,도봉역 2번,756,451,305,2,59,120,164,237,174,2,25,68,96,144,116,0,34,52,68,93,58
2018,3,A,골목상권,2110406,도봉산역 1번,788,610,178,1,26,67,169,330,195,1,12,47,131,273,146,0,14,20,38,57,49
2018,3,A,골목상권,2110405,방학역 1번,394,166,228,1,45,68,125,105,50,1,19,32,43,46,25,0,26,36,82,59,25
2018,3,A,골목상권,2110404,신창초등학교,629,268,361,4,59,110,159,194,103,4,18,49,78,75,44,0,41,61,81,119,59
2018,3,A,골목상권,2110403,방학1동주민센터,378,155,223,0,44,62,91,90,91,0,16,30,40,32,37,0,28,32,51,58,54
2018,3,A,골목상권,2110402,도봉구 정병원,518,218,300,1,40,55,117,159,146,0,20,27,60,56,55,1,20,28,57,103,91
2018,3,A,골목상권,2110401,도봉구민회관,396,133,263,2,56,54,77,131,76,2,12,25,35,40,19,0,44,29,42,91,57
2018,3,A,골목상권,2110400,도봉구보건소,974,465,509,0,108,170,220,254,222,0,36,95,86,124,124,0,72,75,134,130,98
2018,3,A,골목상권,2110399,창2동주민센터,681,318,363,14,81,97,217,181,91,6,35,52,92,81,52,8,46,45,125,100,39
2018,3,A,골목상권,2110398,쌍문2동우체국,1055,753,302,1,67,136,183,230,438,1,33,99,112,146,362,0,34,37,71,84,76
2018,3,A,골목상권,2110397,도봉산입구,670,353,317,2,54,87,166,214,147,1,19,44,71,110,108,1,35,43,95,104,39
2018,3,A,골목상권,2110396,쌍문역1번(쌍리단길),505,171,334,1,101,102,113,131,57,0,11,42,48,45,25,1,90,60,65,86,32
2018,3,A,골목상권,2110395,신한은행 방학동지점,240,94,146,0,25,38,59,66,52,0,2,20,27,24,21,0,23,18,32,42,31
2018,3,A,골목상권,2110394,방학중학교,235,85,150,1,18,34,62,75,45,0,3,20,20,22,20,1,15,14,42,53,25
2018,3,A,골목상권,2110393,국민은행방학지점,143,40,103,0,20,25,39,35,24,0,2,9,12,11,6,0,18,16,27,24,18
2018,3,A,골목상권,2110392,발바닥공원,140,46,94,0,16,29,20,43,32,0,4,13,9,9,11,0,12,16,11,34,21
2018,3,A,골목상권,2110391,샘말어린이공원,265,130,135,0,31,61,79,54,40,0,16,35,46,17,16,0,15,26,33,37,24
2018,3,A,골목상권,2110390,방학초등학교,411,186,225,0,27,57,101,99,127,0,9,25,51,36,65,0,18,32,50,63,62
2018,3,A,골목상권,2110389,한일병원,194,108,86,0,17,34,55,58,30,0,8,17,32,32,19,0,9,17,23,26,11
2018,3,A,골목상권,2110388,도봉우체국,74,32,42,0,12,12,21,13,16,0,6,4,8,4,10,0,6,8,13,9,6
2018,3,A,골목상권,2110387,쌍문초등학교,319,187,132,0,47,69,79,69,55,0,20,44,46,34,43,0,27,25,33,35,12
2018,3,A,골목상권,2110386,연산군묘,163,142,21,0,2,6,20,63,72,0,1,4,17,51,69,0,1,2,3,12,3
2018,3,A,골목상권,2110385,효문고등학교,18,12,6,0,0,2,9,4,3,0,0,0,7,3,2,0,0,2,2,1,1
2018,3,A,골목상권,2110384,문이교,16,8,8,0,0,4,5,6,1,0,0,4,1,3,0,0,0,0,4,3,1
2018,3,A,골목상권,2110383,덕성여대시반거리,157,66,91,0,13,25,46,46,27,0,10,16,18,13,9,0,3,9,28,33,18
2018,3,A,골목상권,2110382,솔밭공원역 1번,417,201,216,1,54,51,60,137,114,0,8,23,20,64,86,1,46,28,40,73,28
2018,3,A,골목상권,2110381,번동주공2단지,310,157,153,4,89,54,65,78,20,3,43,31,36,34,10,1,46,23,29,44,10
2018,3,A,골목상권,2110380,강북문화정보도서관,40,8,32,0,15,6,6,11,2,0,1,1,0,5,1,0,14,5,6,6,1
2018,3,A,골목상권,2110379,KT&G 북부지사,32,13,19,0,3,7,15,7,0,0,1,2,7,3,0,0,2,5,8,4,0
2018,3,A,골목상권,2110378,송중동주민센터,138,65,73,0,13,37,50,29,9,0,5,18,21,15,6,0,8,19,29,14,3
2018,3,A,골목상권,2110377,미아사거리역 3번,65,35,30,1,7,19,12,17,9,1,4,14,4,8,4,0,3,5,8,9,5
2018,3,A,골목상권,2110376,수송초등학교,454,195,259,2,55,86,133,118,60,0,19,44,51,51,30,2,36,42,82,67,30
2018,3,A,골목상권,2110375,서울북부고용노동지청,380,216,164,0,73,64,90,86,67,0,62,45,43,36,30,0,11,19,47,50,37
2018,3,A,골목상권,2110374,송중초등학교,670,263,407,1,62,103,193,198,113,1,19,46,83,58,56,0,43,57,110,140,57
2018,3,A,골목상권,2110373,수유역 2번,1075,733,342,2,89,283,214,325,162,2,51,239,157,215,69,0,38,44,57,110,93
2018,3,A,골목상권,2110372,강북중학교,135,73,62,0,8,19,27,48,33,0,2,10,13,25,23,0,6,9,14,23,10
2018,3,A,골목상권,2110371,삼양입구사거리,116,42,74,0,2,10,38,44,22,0,1,1,13,18,9,0,1,9,25,26,13
2018,3,A,골목상권,2110370,도봉세무서,1151,589,562,1,41,107,154,224,624,0,26,59,93,146,265,1,15,48,61,78,359
2018,3,A,골목상권,2110369,성신여대운정그린캠퍼스,739,302,437,0,98,143,151,163,184,0,33,66,62,59,82,0,65,77,89,104,102
2018,3,A,골목상권,2110368,송천초등학교,102,53,49,0,11,15,21,37,18,0,6,9,9,16,13,0,5,6,12,21,5
2018,3,A,골목상권,2110367,강북구청,2195,1179,1016,1,178,566,548,614,288,0,57,248,287,419,168,1,121,318,261,195,120
2018,3,A,골목상권,2110366,광산사거리,182,124,58,0,9,34,44,56,39,0,7,22,25,38,32,0,2,12,19,18,7
2018,3,A,골목상권,2110365,미아역 5번,95,32,63,2,3,17,31,29,13,1,0,8,11,8,4,1,3,9,20,21,9
2018,3,A,골목상권,2110364,미아역 8번,214,95,119,0,21,38,73,54,28,0,10,20,29,19,17,0,11,18,44,35,11
2018,3,A,골목상권,2110363,송천동주민센터,35,24,11,0,7,13,5,4,6,0,5,9,4,1,5,0,2,4,1,3,1
2018,3,A,골목상권,2110362,우이천 계성교,256,128,128,0,46,45,68,64,33,0,16,27,44,28,13,0,30,18,24,36,20
2018,3,A,골목상권,2110361,삼양사거리역 1번,262,110,152,3,33,52,44,67,63,3,15,27,19,23,23,0,18,25,25,44,40
2018,3,A,골목상권,2110360,수유초등학교,512,331,181,0,50,89,101,138,134,0,14,62,59,91,105,0,36,27,42,47,29
2018,3,A,골목상권,2110359,수유시장옆,167,61,106,1,8,36,42,43,37,1,1,16,21,14,8,0,7,20,21,29,29
2018,3,A,골목상권,2110358,인수동 우편취급국,523,223,300,0,38,69,100,164,152,0,10,40,46,38,89,0,28,29,54,126,63
2018,3,A,골목상권,2110357,가오리역 1번,256,100,156,1,19,39,64,68,65,1,5,14,26,24,30,0,14,25,38,44,35
2018,3,A,골목상권,2110356,덕수교,241,92,149,0,13,36,58,75,59,0,5,20,22,20,25,0,8,16,36,55,34
2018,3,A,골목상권,2110355,삼양사거리역 2번,258,159,99,0,26,30,38,84,80,0,3,13,17,60,66,0,23,17,21,24,14
2018,3,A,골목상권,2110354,삼각산119안전센터,57,19,38,0,9,22,19,5,2,0,1,8,7,2,1,0,8,14,12,3,1
2018,3,A,골목상권,2110353,수유동우체국,246,119,127,0,22,35,54,77,58,0,13,20,31,35,20,0,9,15,23,42,38
2018,3,A,골목상권,2110352,수유1동주민센터,490,177,313,0,57,100,142,125,66,0,20,46,45,42,24,0,37,54,97,83,42
2018,3,A,골목상권,2110351,수유북부시장옆,287,215,72,0,6,17,27,119,118,0,1,7,11,90,106,0,5,10,16,29,12
2018,3,A,골목상권,2110350,가오리역 2번,127,77,50,0,13,28,38,32,16,0,8,14,24,19,12,0,5,14,14,13,4
2018,3,A,골목상권,2110349,화계역 2번,15,2,13,0,3,3,7,2,0,0,0,0,2,0,0,0,3,3,5,2,0
2018,3,A,골목상권,2110348,강북문화예술회관,507,231,276,0,58,100,136,138,75,0,14,49,70,54,44,0,44,51,66,84,31
2018,3,A,골목상권,2110347,구세군강북종합사회복지관,45,15,30,0,12,11,12,7,3,0,2,7,2,3,1,0,10,4,10,4,2
2018,3,A,골목상권,2110346,4.19민주묘지역 2번,133,78,55,1,23,26,35,27,21,0,9,16,21,15,17,1,14,10,14,12,4
2018,3,A,골목상권,2110345,솔밭공원역 2번,187,72,115,0,23,38,54,51,21,0,3,15,24,14,16,0,20,23,30,37,5
2018,3,A,골목상권,2110344,화계중학교,539,528,11,0,5,44,188,231,71,0,2,41,185,231,69,0,3,3,3,0,2
2018,3,A,골목상권,2110343,무너미어린이공원,107,54,53,0,14,18,33,29,13,0,5,11,18,13,7,0,9,7,15,16,6
2018,3,A,골목상권,2110342,국립재활원,48,28,20,0,3,9,14,18,4,0,1,6,9,11,1,0,2,3,5,7,3
2018,3,A,골목상권,2110341,북한산우이역 2번,443,398,45,1,8,15,70,245,104,0,4,9,54,233,98,1,4,6,16,12,6
2018,3,A,골목상권,2110340,인수중학교,144,55,89,0,10,16,48,35,35,0,3,7,16,8,21,0,7,9,32,27,14
2018,3,A,골목상권,2110339,국립4.19민주묘지,308,234,74,0,20,38,75,118,57,0,7,19,58,101,49,0,13,19,17,17,8
2018,3,A,골목상권,2110338,인수초등학교,13,10,3,0,0,7,4,1,1,0,0,5,3,1,1,0,0,2,1,0,0
2018,3,A,골목상권,2110337,아카데미하우스,580,266,314,0,60,55,78,133,254,0,27,35,39,62,103,0,33,20,39,71,151
2018,3,A,골목상권,2110336,석관고등학교,381,297,84,0,10,53,106,137,75,0,7,41,91,107,51,0,3,12,15,30,24
2018,3,A,골목상권,2110335,석계역 7번,616,381,235,0,68,114,167,167,100,0,31,70,96,109,75,0,37,44,71,58,25
2018,3,A,골목상권,2110334,석관중앙교회,252,118,134,0,27,54,65,64,42,0,10,23,32,37,16,0,17,31,33,27,26
2018,3,A,골목상권,2110333,돌곶이역 5번,1180,850,330,0,47,91,82,123,837,0,22,59,50,57,662,0,25,32,32,66,175
2018,3,A,골목상권,2110332,돌곶이역 3번,203,90,113,0,20,33,51,58,41,0,2,16,20,26,26,0,18,17,31,32,15
2018,3,A,골목상권,2110331,돌곶이역 8번,486,199,287,3,63,152,121,95,52,1,12,71,48,39,28,2,51,81,73,56,24
2018,3,A,골목상권,2110330,돌곶이역 1번,463,291,172,0,43,44,110,110,156,0,22,27,58,49,135,0,21,17,52,61,21
2018,3,A,골목상권,2110329,우리은행체육관,154,62,92,0,14,26,44,48,22,0,1,13,17,22,9,0,13,13,27,26,13
2018,3,A,골목상권,2110328,상월곡역 3번,555,308,247,1,70,170,173,91,50,0,29,90,109,44,36,1,41,80,64,47,14
2018,3,A,골목상권,2110327,상월곡역 2번,245,129,116,0,19,47,69,63,47,0,6,21,37,31,34,0,13,26,32,32,13
2018,3,A,골목상권,2110326,장위동성당,39,16,23,0,4,1,13,13,8,0,2,0,6,5,3,0,2,1,7,8,5
2018,3,A,골목상권,2110325,장곡초등학교,117,47,70,0,13,22,37,37,8,0,2,9,16,15,5,0,11,13,21,22,3
2018,3,A,골목상권,2110324,월곡역 4번,106,46,60,0,50,26,13,9,8,0,15,15,8,4,4,0,35,11,5,5,4
2018,3,A,골목상권,2110323,상월곡역 1번,229,101,128,2,22,48,64,58,35,0,7,24,30,25,15,2,15,24,34,33,20
2018,3,A,골목상권,2110322,장위1동주민센터,193,69,124,1,12,26,38,87,29,0,2,6,15,32,14,1,10,20,23,55,15
2018,3,A,골목상권,2110321,동덕여대,44,20,24,0,4,13,18,7,2,0,2,8,6,4,0,0,2,5,12,3,2
2018,3,A,골목상권,2110320,KB국민은행 종암동지점,156,82,74,0,9,23,40,57,27,0,5,9,18,29,21,0,4,14,22,28,6
2018,3,A,골목상권,2110319,종암동주민센터,333,152,181,0,51,73,70,78,61,0,18,33,30,42,29,0,33,40,40,36,32
2018,3,A,골목상권,2110318,KT월곡지사,337,175,162,2,44,60,74,100,57,1,20,37,48,43,26,1,24,23,26,57,31
2018,3,A,골목상권,2110317,종암중학교,291,127,164,0,62,73,62,69,25,0,23,40,29,25,10,0,39,33,33,44,15
2018,3,A,골목상권,2110316,숭곡초등학교,1036,578,458,5,207,288,288,172,76,1,85,177,181,89,45,4,122,111,107,83,31
2018,3,A,골목상권,2110315,종암아이파크2차,463,186,277,1,87,84,116,104,71,0,32,40,54,26,34,1,55,44,62,78,37
2018,3,A,골목상권,2110314,종암경찰서,1237,756,481,2,123,285,330,383,114,1,56,199,220,245,35,1,67,86,110,138,79
2018,3,A,골목상권,2110313,안암역 3번,620,294,326,3,126,132,168,112,79,0,49,76,81,54,34,3,77,56,87,58,45
2018,3,A,골목상권,2110312,안암역 2번,405,202,203,6,75,86,102,95,41,2,34,55,54,37,20,4,41,31,48,58,21
2018,3,A,골목상권,2110311,종암아이파크2차후문,38,19,19,0,5,8,15,6,4,0,2,4,6,4,3,0,3,4,9,2,1
2018,3,A,골목상권,2110310,길음역 10번,350,71,279,2,14,37,94,138,65,2,5,14,14,17,19,0,9,23,80,121,46
2018,3,A,골목상권,2110309,대광초등학교,537,326,211,2,81,132,148,107,67,0,31,73,93,78,51,2,50,59,55,29,16
2018,3,A,골목상권,2110308,길음역 8번,294,128,166,1,57,65,83,58,30,1,16,37,35,24,15,0,41,28,48,34,15
2018,3,A,골목상권,2110307,길음역 7번,518,162,356,5,113,115,138,96,51,1,18,35,45,35,28,4,95,80,93,61,23
2018,3,A,골목상권,2110306,미아초등학교,85,38,47,0,7,25,28,14,11,0,2,15,11,8,2,0,5,10,17,6,9
2018,3,A,골목상권,2110305,보문역 5번,550,282,268,6,93,118,118,112,103,1,25,73,61,57,65,5,68,45,57,55,38
2018,3,A,골목상권,2110304,보문역 4번,469,222,247,4,89,83,130,104,59,2,38,46,66,49,21,2,51,37,64,55,38
2018,3,A,골목상권,2110303,성신여대입구역 1번,361,154,207,1,43,60,78,89,90,1,16,33,34,36,34,0,27,27,44,53,56
2018,3,A,골목상권,2110302,보문역 8번,724,426,298,2,100,135,143,183,161,1,42,69,83,109,122,1,58,66,60,74,39
2018,3,A,골목상권,2110301,성신여대입구역 7번,451,172,279,0,21,70,123,138,99,0,10,25,55,51,31,0,11,45,68,87,68
2018,3,A,골목상권,2110300,삼선동주민센터,3304,1848,1456,3,306,849,867,973,306,0,112,363,471,700,202,3,194,486,396,273,104
2018,3,A,골목상권,2110299,정릉역 1번,493,197,296,0,56,105,138,116,78,0,13,44,55,51,34,0,43,61,83,65,44
2018,3,A,골목상권,2110298,솔숲어린이공원,108,32,76,0,19,16,37,25,11,0,3,6,13,6,4,0,16,10,24,19,7
2018,3,A,골목상권,2110297,경동고등학교,536,258,278,1,73,122,125,133,82,1,32,77,58,57,33,0,41,45,67,76,49
2018,3,A,골목상권,2110296,성신여대입구역 4번,151,51,100,0,14,41,38,34,24,0,2,17,16,10,6,0,12,24,22,24,18
2018,3,A,골목상권,2110295,정릉우체국,301,153,148,3,52,64,68,70,44,0,25,37,34,28,29,3,27,27,34,42,15
2018,3,A,골목상권,2110294,서경대학교,514,351,163,1,32,41,108,169,163,1,5,19,67,121,138,0,27,22,41,48,25
2018,3,A,골목상권,2110293,삼선중학교,518,295,223,0,69,124,147,100,78,0,27,82,99,46,41,0,42,42,48,54,37
2018,3,A,골목상권,2110292,정릉역 2번,104,44,60,0,7,26,31,24,16,0,2,10,16,10,6,0,5,16,15,14,10
2018,3,A,골목상권,2110291,한성대입구역 3번,1053,553,500,1,215,206,251,263,117,0,100,98,129,156,70,1,115,108,122,107,47
2018,3,A,골목상권,2110290,북한산보국문역 1번,47,36,11,0,3,6,19,11,8,0,1,5,16,8,6,0,2,1,3,3,2
2018,3,A,골목상권,2110289,북한산보국문역 2번,126,79,47,0,9,17,37,41,22,0,1,11,23,24,20,0,8,6,14,17,2
2018,3,A,골목상권,2110288,동구여중,596,211,385,4,72,210,214,72,24,2,18,75,67,34,15,2,54,135,147,38,9
2018,3,A,골목상권,2110287,정릉3동주민센터,97,45,52,0,19,16,27,19,16,0,6,9,13,8,9,0,13,7,14,11,7
2018,3,A,골목상권,2110286,한성대입구역 5번,666,327,339,8,155,183,148,115,57,3,42,101,82,62,37,5,113,82,66,53,20
2018,3,A,골목상권,2110285,홍대부중,166,90,76,1,34,45,49,22,15,0,13,28,26,13,10,1,21,17,23,9,5
2018,3,A,골목상권,2110284,정릉북한산국립공원입구,513,465,48,1,9,46,169,212,76,0,4,41,156,192,72,1,5,5,13,20,4
2018,3,A,골목상권,2110283,성북초등학교앞,191,82,109,0,15,49,59,44,24,0,6,21,24,16,15,0,9,28,35,28,9
2018,3,A,골목상권,2110282,국민대학교앞,503,404,99,0,29,57,157,196,64,0,14,36,137,163,54,0,15,21,20,33,10
2018,3,A,골목상권,2110281,길상사,164,93,71,0,28,36,32,37,31,0,11,19,16,22,25,0,17,17,16,15,6
2018,3,A,골목상권,2110280,북정마을,121,32,89,0,35,34,24,22,6,0,10,11,3,7,1,0,25,23,21,15,5
2018,3,A,골목상권,2110279,신내역 2번,161,139,22,0,1,17,35,35,73,0,1,12,26,28,72,0,0,5,9,7,1
2018,3,A,골목상권,2110278,망우본동주민센터,566,264,302,1,81,103,151,139,91,1,32,49,67,62,53,0,49,54,84,77,38
2018,3,A,골목상권,2110277,러스크서울병원,635,290,345,0,97,141,159,145,93,0,26,71,84,64,45,0,71,70,75,81,48
2018,3,A,골목상권,2110276,신내IC북측,331,266,65,0,16,51,95,91,78,0,10,38,67,76,75,0,6,13,28,15,3
2018,3,A,골목상권,2110275,하나은행 망우동지점,132,70,62,0,13,27,35,35,22,0,5,13,17,19,16,0,8,14,18,16,6
2018,3,A,골목상권,2110274,서일대학교,446,212,234,1,64,95,95,107,84,1,13,51,41,58,48,0,51,44,54,49,36
2018,3,A,골목상권,2110273,장스여성병원,768,500,268,3,62,75,115,239,274,0,4,19,62,182,233,3,58,56,53,57,41
2018,3,A,골목상권,2110272,신내1동주민센터,1168,810,358,0,96,209,295,353,215,0,42,132,193,262,181,0,54,77,102,91,34
2018,3,A,골목상권,2110271,신내역 1번,145,107,38,0,8,30,42,38,27,0,5,23,29,29,21,0,3,7,13,9,6
2018,3,A,골목상권,2110270,혜원여고,252,205,47,0,7,12,35,85,113,0,4,4,24,71,102,0,3,8,11,14,11
2018,3,A,골목상권,2110269,용마문화복지센터,183,89,94,0,22,47,59,40,15,0,12,21,35,15,6,0,10,26,24,25,9
2018,3,A,골목상권,2110268,망우3동주민센터,137,71,66,1,11,27,38,39,21,0,2,16,22,19,12,1,9,11,16,20,9
2018,3,A,골목상권,2110267,망우역 2번,324,116,208,0,39,57,87,65,76,0,5,13,36,25,37,0,34,44,51,40,39
2018,3,A,골목상권,2110266,면목동우체국,151,76,75,0,13,23,52,43,20,0,7,11,28,19,11,0,6,12,24,24,9
2018,3,A,골목상권,2110265,망우역 1번,432,218,214,3,68,66,94,111,90,1,25,31,48,55,58,2,43,35,46,56,32
2018,3,A,골목상권,2110264,면목역 2번,702,276,426,1,80,102,146,207,166,1,30,42,60,56,87,0,50,60,86,151,79
2018,3,A,골목상권,2110263,면목역 1번,168,75,93,0,16,36,55,39,22,0,4,14,19,21,17,0,12,22,36,18,5
2018,3,A,골목상권,2110262,상봉역 3번,2188,1348,840,11,300,648,678,350,201,3,174,493,365,157,156,8,126,155,313,193,45
2018,3,A,골목상권,2110261,사가정역 4번,189,69,120,1,22,32,53,51,30,0,9,12,18,18,12,1,13,20,35,33,18
2018,3,A,골목상권,2110260,면목역 3번,213,87,126,0,26,30,65,58,34,0,8,10,26,24,19,0,18,20,39,34,15
2018,3,A,골목상권,2110259,사가정역 1번,283,170,113,0,29,71,81,73,29,0,12,38,50,50,20,0,17,33,31,23,9
2018,3,A,골목상권,2110258,면동초등학교,263,101,162,0,38,48,72,60,45,0,7,23,32,21,18,0,31,25,40,39,27
2018,3,A,골목상권,2110257,상봉역 7번,540,455,85,0,12,23,68,232,205,0,3,10,49,200,193,0,9,13,19,32,12
2018,3,A,골목상권,2110256,면목2동체육관,998,559,439,3,70,140,253,312,220,2,26,75,131,179,146,1,44,65,122,133,74
2018,3,A,골목상권,2110255,상봉역 4번,601,289,312,0,57,111,166,166,101,0,26,55,79,76,53,0,31,56,87,90,48
2018,3,A,골목상권,2110254,오거리공원,346,163,183,1,27,68,90,101,59,0,8,38,47,49,21,1,19,30,43,52,38
2018,3,A,골목상권,2110253,중곡초등학교,301,179,122,0,45,60,78,76,42,0,23,34,43,47,32,0,22,26,35,29,10
2018,3,A,골목상권,2110252,장안제일시장,748,519,229,1,52,102,151,256,186,0,29,56,97,179,158,1,23,46,54,77,28
2018,3,A,골목상권,2110251,장안중학교,203,109,94,0,27,39,59,54,24,0,11,23,25,31,19,0,16,16,34,23,5
2018,3,A,골목상권,2110250,화랑대역 7번,119,65,54,0,18,26,28,30,17,0,8,13,14,16,14,0,10,13,14,14,3
2018,3,A,골목상권,2110249,중화역 1번,863,375,488,3,95,173,239,224,129,0,33,77,105,95,65,3,62,96,134,129,64
2018,3,A,골목상권,2110248,먹골파출소,98,60,38,0,17,19,37,16,9,0,8,13,25,8,6,0,9,6,12,8,3
2018,3,A,골목상권,2110247,먹골역 1번,557,259,298,3,55,107,148,138,106,1,17,45,71,67,58,2,38,62,77,71,48
2018,3,A,골목상권,2110246,월드순복음교회,560,346,214,0,36,130,187,117,90,0,18,80,136,62,50,0,18,50,51,55,40
2018,3,A,골목상권,2110245,KB국민은행 중화동지점,135,81,54,0,14,18,31,42,30,0,9,11,17,22,22,0,5,7,14,20,8
2018,3,A,골목상권,2110244,중화역 4번,918,595,323,0,23,88,122,129,556,0,8,50,79,58,400,0,15,38,43,71,156
2018,3,A,골목상권,2110243,중랑노인종합복지관,479,195,284,0,43,93,125,137,81,0,16,35,56,48,40,0,27,58,69,89,41
2018,3,A,골목상권,2110242,면목5동주민센터,205,109,96,0,33,42,56,42,32,0,5,26,35,20,23,0,28,16,21,22,9
2018,3,A,골목상권,2110241,먹골역 5번,714,331,383,0,135,151,180,158,90,0,46,62,87,82,54,0,89,89,93,76,36
2018,3,A,골목상권,2110240,태릉시장 특화거리,112,34,78,0,14,25,36,23,14,0,1,12,6,8,7,0,13,13,30,15,7
2018,3,A,골목상권,2110239,중랑역 2번,13,5,8,0,0,3,3,2,5,0,0,1,1,2,1,0,0,2,2,0,4
2018,3,A,골목상권,2110238,배꽃어린이공원,66,38,28,0,9,13,22,21,1,0,3,8,13,13,1,0,6,5,9,8,0
2018,3,A,골목상권,2110237,메가박스 상봉,956,529,427,13,198,183,206,222,134,9,91,92,112,132,93,4,107,91,94,90,41
2018,3,A,골목상권,2110236,신묵초등학교,357,214,143,0,30,79,106,108,34,0,11,55,61,65,22,0,19,24,45,43,12
2018,3,A,골목상권,2110235,세화어린이공원,13,9,4,0,2,3,1,5,2,0,1,2,1,4,1,0,1,1,0,1,1
2018,3,A,골목상권,2110234,중랑역 4번,419,275,144,2,29,73,107,120,88,2,10,38,70,89,66,0,19,35,37,31,22
2018,3,A,골목상권,2110233,중랑역 1번,166,88,78,0,23,40,43,43,17,0,16,19,20,21,12,0,7,21,23,22,5
2018,3,A,골목상권,2110232,동대부고,1193,714,479,1,122,191,286,351,242,1,40,102,155,223,193,0,82,89,131,128,49
2018,3,A,골목상권,2110231,장안교,44,34,10,0,5,8,18,10,3,0,4,8,12,8,2,0,1,0,6,2,1
2018,3,A,골목상권,2110230,장안현대홈타운1차아파트,343,174,169,0,38,76,97,73,59,0,13,38,57,38,28,0,25,38,40,35,31
2018,3,A,골목상권,2110229,장평중학교,1553,996,557,1,197,287,359,413,296,0,74,180,214,268,260,1,123,107,145,145,36
2018,3,A,골목상권,2110228,장안근린공원,745,336,409,2,62,121,184,238,138,0,25,68,89,102,52,2,37,53,95,136,86
2018,3,A,골목상권,2110227,답십리공원,625,240,385,2,54,122,166,171,110,2,26,68,66,48,30,0,28,54,100,123,80
2018,3,A,골목상권,2110226,장안1동주민센터,2242,1357,885,5,287,513,619,518,300,4,136,309,404,308,196,1,151,204,215,210,104
2018,3,A,골목상권,2110225,촬영소사거리,601,367,234,0,70,113,122,144,152,0,40,74,79,89,85,0,30,39,43,55,67
2018,3,A,골목상권,2110224,외대앞역 2번,109,31,78,0,9,12,33,31,24,0,3,2,8,12,6,0,6,10,25,19,18
2018,3,A,골목상권,2110223,군자초등학교,828,380,448,2,21,59,83,199,464,2,13,37,47,85,196,0,8,22,36,114,268
2018,3,A,골목상권,2110222,회기역 2번,77,55,22,0,4,13,10,18,32,0,1,10,8,10,26,0,3,3,2,8,6
2018,3,A,골목상권,2110221,의릉,125,91,34,2,14,19,43,35,12,1,8,11,35,25,11,1,6,8,8,10,1
2018,3,A,골목상권,2110220,외대앞역 1번,374,167,207,1,79,93,86,72,43,1,32,52,36,30,16,0,47,41,50,42,27
2018,3,A,골목상권,2110219,삼육보건대학교,246,100,146,1,35,49,64,53,44,0,6,19,25,24,26,1,29,30,39,29,18
2018,3,A,골목상권,2110218,답십리사거리,333,158,175,0,34,60,93,100,46,0,17,25,47,46,23,0,17,35,46,54,23
2018,3,A,골목상권,2110217,자동차부품상가,902,706,196,1,73,195,274,207,152,1,61,167,209,141,127,0,12,28,65,66,25
2018,3,A,골목상권,2110216,전농중학교,244,95,149,0,22,71,69,54,28,0,7,29,25,23,11,0,15,42,44,31,17
2018,3,A,골목상권,2110215,회기역 1번,56,20,36,0,17,12,14,9,4,0,6,5,5,3,1,0,11,7,9,6,3
2018,3,A,골목상권,2110214,경희대후문,78,35,43,0,11,16,24,14,13,0,3,9,9,5,9,0,8,7,15,9,4
2018,3,A,골목상권,2110213,청량초등학교,120,66,54,0,19,39,22,21,19,0,5,29,12,7,13,0,14,10,10,14,6
2018,3,A,골목상권,2110212,답십리초등학교,479,195,284,1,50,88,103,116,121,1,17,38,53,46,40,0,33,50,50,70,81
2018,3,A,골목상권,2110211,전곡마을마당공원,308,186,122,1,31,53,77,95,51,0,13,31,55,55,32,1,18,22,22,40,19
2018,3,A,골목상권,2110210,서울시립대,182,99,83,1,21,35,44,42,39,0,10,18,22,22,27,1,11,17,22,20,12
2018,3,A,골목상권,2110209,답십리 장령당공원,312,224,88,0,17,36,52,49,158,0,6,21,30,31,136,0,11,15,22,18,22
2018,3,A,골목상권,2110208,시조사삼거리,199,141,58,0,10,42,59,72,16,0,2,27,45,53,14,0,8,15,14,19,2
2018,3,A,골목상권,2110207,시립대앞사거리,309,150,159,3,97,69,59,52,29,1,48,41,33,13,14,2,49,28,26,39,15
2018,3,A,골목상권,2110206,텃골근린공원,228,122,106,1,19,40,81,57,30,0,6,16,49,35,16,1,13,24,32,22,14
2018,3,A,골목상권,2110205,경희대삼거리,272,112,160,1,23,29,32,71,116,0,8,18,20,18,48,1,15,11,12,53,68
2018,3,A,골목상권,2110204,간데메공원,450,255,195,1,77,92,104,103,73,1,40,54,57,61,42,0,37,38,47,42,31
2018,3,A,골목상권,2110203,떡전교사거리,312,188,124,0,20,80,67,76,69,0,10,55,45,38,40,0,10,25,22,38,29
2018,3,A,골목상권,2110202,전농1동주민센터(전농시장),234,103,131,0,30,44,53,66,41,0,15,22,31,28,7,0,15,22,22,38,34
2018,3,A,골목상권,2110201,전농119안전센터,28,16,12,0,4,5,6,8,5,0,2,3,4,5,2,0,2,2,2,3,3
2018,3,A,골목상권,2110200,동대문경찰서,113,77,36,0,7,22,21,14,49,0,1,12,12,10,42,0,6,10,9,4,7
2018,3,A,골목상권,2110199,홍릉시장,212,102,110,0,18,43,39,58,54,0,6,26,22,28,20,0,12,17,17,30,34
2018,3,A,골목상권,2110198,동대문중앙새마을금고본점,101,69,32,2,5,26,24,31,13,2,5,17,16,21,8,0,0,9,8,10,5
2018,3,A,골목상권,2110197,세종대왕기념관교차로,79,47,32,0,16,17,14,22,10,0,10,12,11,10,4,0,6,5,3,12,6
2018,3,A,골목상권,2110196,홍릉근린공원,41,24,17,0,2,5,15,12,7,0,1,3,9,6,5,0,1,2,6,6,2
2018,3,A,골목상권,2110195,동대문구청,433,211,222,0,54,72,90,120,97,0,24,41,44,51,51,0,30,31,46,69,46
2018,3,A,골목상권,2110194,홍파초등학교,294,190,104,0,22,57,84,68,63,0,17,40,67,39,27,0,5,17,17,29,36
2018,3,A,골목상권,2110193,고려대역 4번,150,83,67,0,24,24,30,40,32,0,11,15,18,24,15,0,13,9,12,16,17
2018,3,A,골목상권,2110192,동의보감타워,415,206,209,0,62,86,97,101,69,0,23,52,55,44,32,0,39,34,42,57,37
2018,3,A,골목상권,2110191,고려대역 6번,258,130,128,0,20,36,71,74,57,0,5,31,42,28,24,0,15,5,29,46,33
2018,3,A,골목상권,2110190,고대앞사거리,204,88,116,0,31,46,50,45,32,0,5,22,28,19,14,0,26,24,22,26,18
2018,3,A,골목상권,2110189,제기동역 1번,883,579,304,0,95,165,195,178,250,0,40,90,117,122,210,0,55,75,78,56,40
2018,3,A,골목상권,2110188,용두동신동아아파트,1532,799,733,1,261,400,365,314,191,1,100,214,218,167,99,0,161,186,147,147,92
2018,3,A,골목상권,2110187,제기동역 6번,2454,1348,1106,3,342,628,583,500,398,3,112,332,315,309,277,0,230,296,268,191,121
2018,3,A,골목상권,2110186,종암초등학교,212,132,80,0,16,37,45,46,68,0,7,18,28,25,54,0,9,19,17,21,14
2018,3,A,골목상권,2110185,용두초등학교,195,124,71,1,15,47,55,44,33,0,6,32,39,24,23,1,9,15,16,20,10
2018,3,A,골목상권,2110184,용두사거리,457,281,176,0,77,138,86,85,71,0,42,85,46,53,55,0,35,53,40,32,16
2018,3,A,골목상권,2110183,한국의류시험연구원,1204,600,604,4,283,414,265,148,90,2,96,172,158,102,70,2,187,242,107,46,20
2018,3,A,골목상권,2110182,용두희망어린이공원,535,345,190,0,62,121,170,96,86,0,33,75,112,63,62,0,29,46,58,33,24
2018,3,A,골목상권,2110181,신설동역 9번,5363,3595,1768,60,946,1403,1138,840,976,36,533,995,913,595,523,24,413,408,225,245,453
2018,3,A,골목상권,2110180,광진정보도서관,2455,1323,1132,13,459,522,609,551,301,6,134,318,398,280,187,7,325,204,211,271,114
2018,3,A,골목상권,2110179,광나루역 1번,410,257,153,4,65,101,118,82,40,2,33,61,85,46,30,2,32,40,33,36,10
2018,3,A,골목상권,2110178,장로회신학대학교,64,15,49,0,1,14,18,22,9,0,0,6,3,2,4,0,1,8,15,20,5
2018,3,A,골목상권,2110177,동의초등학교,51,28,23,0,9,15,12,8,7,0,5,3,6,7,7,0,4,12,6,1,0
2018,3,A,골목상권,2110176,해오름공원,325,199,126,1,24,48,80,76,96,1,11,29,46,43,69,0,13,19,34,33,27
2018,3,A,골목상권,2110175,푸른동산공원,300,124,176,1,22,45,64,97,71,0,3,21,26,36,38,1,19,24,38,61,33
2018,3,A,골목상권,2110174,아차산역 1번,304,156,148,0,25,53,98,84,44,0,8,27,47,51,23,0,17,26,51,33,21
2018,3,A,골목상권,2110173,구남초등학교,363,190,173,1,61,85,109,77,30,1,23,50,63,36,17,0,38,35,46,41,13
2018,3,A,골목상권,2110172,광진초등학교,342,224,118,0,37,68,87,87,63,0,19,45,56,54,50,0,18,23,31,33,13
2018,3,A,골목상권,2110171,중곡4동주민센터,102,75,27,0,9,22,29,24,18,0,2,16,19,21,17,0,7,6,10,3,1
2018,3,A,골목상권,2110170,동대부여고,274,125,149,0,21,59,62,69,63,0,2,33,37,32,21,0,19,26,25,37,42
2018,3,A,골목상권,2110169,성동초등학교,317,166,151,0,33,71,80,74,59,0,15,35,44,35,37,0,18,36,36,39,22
2018,3,A,골목상권,2110168,대원고등학교,397,295,102,0,16,48,91,140,102,0,10,27,65,103,90,0,6,21,26,37,12
2018,3,A,골목상권,2110167,용마초등학교,695,314,381,1,75,132,187,197,103,0,26,57,87,95,49,1,49,75,100,102,54
2018,3,A,골목상권,2110166,구의1동주민센터,492,282,210,0,64,128,146,91,63,0,21,72,98,49,42,0,43,56,48,42,21
2018,3,A,골목상권,2110165,국립정신건강센터,339,184,155,0,31,56,89,97,66,0,8,37,49,55,35,0,23,19,40,42,31
2018,3,A,골목상권,2110164,아차산역 5번,482,285,197,1,63,114,115,62,127,0,29,61,64,40,91,1,34,53,51,22,36
2018,3,A,골목상권,2110163,성자초등학교,423,220,203,0,66,111,105,68,73,0,24,54,59,31,52,0,42,57,46,37,21
2018,3,A,골목상권,2110162,군자역 4번,168,54,114,0,25,48,36,40,19,0,7,12,16,13,6,0,18,36,20,27,13
2018,3,A,골목상권,2110161,중곡역 3번,446,228,218,1,63,115,79,100,88,1,22,60,42,51,52,0,41,55,37,49,36
2018,3,A,골목상권,2110160,광진경찰서,1095,905,190,1,151,393,255,237,58,1,109,334,215,211,35,0,42,59,40,26,23
2018,3,A,골목상권,2110159,구의역 4번,899,448,451,3,152,189,194,221,140,1,60,98,87,117,85,2,92,91,107,104,55
2018,3,A,골목상권,2110158,중곡3동주민센터,699,406,293,2,78,121,176,172,150,1,25,61,95,113,111,1,53,60,81,59,39
2018,3,A,골목상권,2110157,자양동우체국,340,190,150,0,26,41,71,71,131,0,15,26,29,40,80,0,11,15,42,31,51
2018,3,A,골목상권,2110156,군자역 5번,621,315,306,1,112,157,125,149,77,1,45,97,76,54,42,0,67,60,49,95,35
2018,3,A,골목상권,2110155,광진구청,1581,1302,279,1,112,242,472,582,172,1,58,174,411,514,144,0,54,68,61,68,28
2018,3,A,골목상권,2110154,광진정말공원,722,320,402,1,145,181,191,144,60,0,48,88,87,61,36,1,97,93,104,83,24
2018,3,A,골목상권,2110153,중곡1동주민센터,95,40,55,0,11,11,18,38,17,0,1,3,11,17,8,0,10,8,7,21,9
2018,3,A,골목상권,2110152,중곡어린이공원,162,105,57,1,12,47,44,43,15,0,3,33,31,30,8,1,9,14,13,13,7
2018,3,A,골목상권,2110151,자양한강도서관,441,203,238,0,52,88,101,118,82,0,15,42,53,58,35,0,37,46,48,60,47
2018,3,A,골목상권,2110150,중곡1동 마을마당,1434,995,439,2,106,254,258,235,579,2,36,159,143,140,515,0,70,95,115,95,64
2018,3,A,골목상권,2110149,세종대학교,320,99,221,0,90,104,76,27,23,0,22,30,23,10,14,0,68,74,53,17,9
2018,3,A,골목상권,2110148,어린이대공원역 3번,63,35,28,0,19,13,14,12,5,0,10,7,9,5,4,0,9,6,5,7,1
2018,3,A,골목상권,2110147,능동우편취급국,706,351,355,0,124,218,194,125,45,0,36,101,124,68,22,0,88,117,70,57,23
2018,3,A,골목상권,2110146,신자초등학교,442,231,211,1,35,89,137,103,77,0,11,56,75,49,40,1,24,33,62,54,37
2018,3,A,골목상권,2110145,장안초등학교,19,16,3,0,2,8,4,4,1,0,1,8,4,3,0,0,1,0,0,1,1
2018,3,A,골목상권,2110144,어린이대공원역 4번,42,21,21,0,2,9,10,16,5,0,1,6,4,6,4,0,1,3,6,10,1
2018,3,A,골목상권,2110143,뚝섬유원지역 1번,52,21,31,0,8,9,11,17,7,0,3,4,6,5,3,0,5,5,5,12,4
2018,3,A,골목상권,2110142,화양사거리,356,180,176,1,58,80,62,83,72,1,30,43,35,30,41,0,28,37,27,53,31
2018,3,A,골목상권,2110141,건대입구역 1번,334,181,153,0,85,81,85,62,21,0,28,49,52,37,15,0,57,32,33,25,6
2018,3,A,골목상권,2110140,건대입구역 6번,1183,734,449,4,175,307,300,253,144,1,99,215,197,135,87,3,76,92,103,118,57
2018,3,A,골목상권,2110139,자양4동주민센터,481,294,187,1,45,85,131,121,98,1,15,56,75,67,80,0,30,29,56,54,18
2018,3,A,골목상권,2110138,송정체육공원,242,115,127,0,21,54,57,54,56,0,6,31,21,29,28,0,15,23,36,25,28
2018,3,A,골목상권,2110137,성수초등학교,16510,10243,6267,78,3539,4605,3890,2893,1505,52,1786,3115,2485,1685,1120,26,1753,1490,1405,1208,385
2018,3,A,골목상권,2110136,경수초등학교,5800,3908,1892,20,916,1564,1455,1243,602,15,462,1061,1035,862,473,5,454,503,420,381,129
2018,3,A,골목상권,2110135,성동세무서,761,400,361,1,106,186,195,165,108,1,25,84,94,109,87,0,81,102,101,56,21
2018,3,A,골목상권,2110134,성수119안전센터,1169,879,290,2,78,176,324,355,234,1,35,119,245,281,198,1,43,57,79,74,36
2018,3,A,골목상권,2110133,서울교통공사,18179,16123,2056,33,1530,2746,6301,6738,831,29,1111,2238,5648,6323,774,4,419,508,653,415,57
2018,3,A,골목상권,2110132,성수2가3동주민센터,1163,785,378,3,180,270,314,231,165,2,96,186,224,150,127,1,84,84,90,81,38
2018,3,A,골목상권,2110131,성수동카페거리,7526,4661,2865,30,1765,2234,1722,1093,682,14,825,1447,1180,731,464,16,940,787,542,362,218
2018,3,A,골목상권,2110130,답십리역 6번,94,41,53,0,12,20,18,20,24,0,8,10,8,7,8,0,4,10,10,13,16
2018,3,A,골목상권,2110129,성원어린이공원,1328,835,493,5,191,376,338,296,122,5,96,261,211,174,88,0,95,115,127,122,34
2018,3,A,골목상권,2110128,성원중학교,1130,703,427,3,140,221,298,335,133,2,63,142,184,211,101,1,77,79,114,124,32
2018,3,A,골목상권,2110127,성수1가1동주민센터,962,462,500,33,225,307,200,150,47,12,69,170,104,77,30,21,156,137,96,73,17
2018,3,A,골목상권,2110126,서울숲역 1번,115,49,66,0,19,40,33,16,7,0,5,16,14,8,6,0,14,24,19,8,1
2018,3,A,골목상권,2110125,사근동살곶이상점가,147,74,73,1,16,44,40,28,18,1,7,21,21,12,12,0,9,23,19,16,6
2018,3,A,골목상권,2110124,뚝섬역교차로,3459,1836,1623,6,860,829,728,579,457,3,164,391,464,429,385,3,696,438,264,150,72
2018,3,A,골목상권,2110123,마장역 3번,847,620,227,0,57,156,194,259,181,0,29,104,131,200,156,0,28,52,63,59,25
2018,3,A,골목상권,2110122,마장역 2번,813,528,285,0,92,189,231,195,106,0,53,123,157,119,76,0,39,66,74,76,30
2018,3,A,골목상권,2110121,한양대역 4번,86,46,40,0,14,16,24,18,14,0,5,9,14,10,8,0,9,7,10,8,6
2018,3,A,골목상권,2110120,서울숲카페거리,87,36,51,0,24,26,22,11,4,0,7,12,10,4,3,0,17,14,12,7,1
2018,3,A,골목상권,2110119,마장지하차도,246,174,72,0,42,53,67,55,29,0,24,40,43,43,24,0,18,13,24,12,5
2018,3,A,골목상권,2110118,왕십리역 9번,774,379,395,5,137,149,169,154,160,4,57,62,82,69,105,1,80,87,87,85,55
2018,3,A,골목상권,2110117,성동구보건소,190,126,64,0,9,48,53,55,25,0,6,28,37,38,17,0,3,20,16,17,8
2018,3,A,골목상권,2110116,청계천박물관,5243,3768,1475,14,411,960,1226,1813,819,13,246,667,954,1306,582,1,165,293,272,507,237
2018,3,A,골목상권,2110115,상왕십리역 3번,987,407,580,1,216,227,214,213,116,0,63,111,113,76,44,1,153,116,101,137,72
2018,3,A,골목상권,2110114,왕십리파출소,271,111,160,0,26,70,56,71,48,0,10,31,37,25,8,0,16,39,19,46,40
2018,3,A,골목상권,2110113,응봉산,55,21,34,0,10,9,13,16,7,0,1,4,5,5,6,0,9,5,8,11,1
2018,3,A,골목상권,2110112,행당역 2번,247,108,139,0,37,62,51,57,40,0,18,29,21,19,21,0,19,33,30,38,19
2018,3,A,골목상권,2110111,대현산장미원,3,3,0,0,1,2,0,0,0,0,1,2,0,0,0,0,0,0,0,0,0
2018,3,A,골목상권,2110110,상왕십리역 6번,177,100,77,1,28,45,46,30,27,0,12,26,27,15,20,1,16,19,19,15,7
2018,3,A,골목상권,2110109,금호삼성래미안아파트,327,163,164,0,44,80,87,62,54,0,14,43,41,29,36,0,30,37,46,33,18
2018,3,A,골목상권,2110108,성동구립금호도서관,35,9,26,0,8,8,9,9,1,0,1,3,3,2,0,0,7,5,6,7,1
2018,3,A,골목상권,2110107,금호사거리,117,58,59,0,8,20,20,34,35,0,0,15,13,14,16,0,8,5,7,20,19
2018,3,A,골목상권,2110106,금북초등학교,24,12,12,0,4,10,3,5,2,0,0,6,2,2,2,0,4,4,1,3,0
2018,3,A,골목상권,2110105,금동어린이공원,67,23,44,0,11,15,8,18,15,0,2,4,2,5,10,0,9,11,6,13,5
2018,3,A,골목상권,2110104,신금호역 4번,283,112,171,1,35,52,77,81,37,0,10,30,27,27,18,1,25,22,50,54,19
2018,3,A,골목상권,2110103,옥수터널,40,28,12,1,8,11,7,10,3,1,4,8,6,7,2,0,4,3,1,3,1
2018,3,A,골목상권,2110102,옥수역 6번,356,179,177,0,57,70,96,91,42,0,22,35,49,49,24,0,35,35,47,42,18
2018,3,A,골목상권,2110101,옥정중학교,214,77,137,0,45,44,58,42,25,0,8,11,27,16,15,0,37,33,31,26,10
2018,3,A,골목상권,2110100,옥수동우편취급국,148,83,65,0,28,63,30,18,9,0,14,44,11,9,5,0,14,19,19,9,4
2018,3,A,골목상권,2110099,유엔빌리지길,605,279,326,0,103,183,147,109,63,0,32,93,79,45,30,0,71,90,68,64,33
2018,3,A,골목상권,2110098,서울독일학교,795,379,416,6,279,289,116,49,56,2,119,154,70,20,14,4,160,135,46,29,42
2018,3,A,골목상권,2110097,한남초등학교,1225,825,400,1,221,566,336,74,27,1,113,369,264,57,21,0,108,197,72,17,6
2018,3,A,골목상권,2110096,한남힐사이드아파트,1086,604,482,11,352,445,157,80,41,8,140,267,107,52,30,3,212,178,50,28,11
2018,3,A,골목상권,2110095,한강진역 3번,983,440,543,0,275,317,188,100,103,0,105,158,113,30,34,0,170,159,75,70,69
2018,3,A,골목상권,2110094,오산중학교,51,19,32,0,0,2,10,17,22,0,0,0,4,8,7,0,0,2,6,9,15
2018,3,A,골목상권,2110093,우사단길,1945,1016,929,6,293,850,539,189,68,2,76,390,357,145,46,4,217,460,182,44,22
2018,3,A,골목상권,2110092,NH농협은행 보광동지점,243,124,119,0,30,46,50,60,57,0,11,20,26,29,38,0,19,26,24,31,19
2018,3,A,골목상권,2110091,리움미술관,380,137,243,3,172,131,40,21,13,0,52,50,19,8,8,3,120,81,21,13,5
2018,3,A,골목상권,2110090,한국폴리텍대학서울정수캠퍼스,549,254,295,0,220,197,70,30,32,0,83,99,33,17,22,0,137,98,37,13,10
2018,3,A,골목상권,2110089,서빙고동주민센터,471,282,189,0,48,115,137,89,82,0,23,55,65,66,73,0,25,60,72,23,9
2018,3,A,골목상권,2110088,오산고등학교,594,334,260,7,128,179,139,77,64,1,54,89,89,61,40,6,74,90,50,16,24
2018,3,A,골목상권,2110087,이태원엔틱가구거리,360,243,117,5,88,149,65,30,23,5,54,107,46,17,14,0,34,42,19,13,9
2018,3,A,골목상권,2110086,이태원역 북측,312,157,155,0,41,37,43,43,148,0,13,20,20,18,86,0,28,17,23,25,62
2018,3,A,골목상권,2110085,경리단길남측,1320,738,582,3,175,267,251,241,383,0,74,158,149,130,227,3,101,109,102,111,156
2018,3,A,골목상권,2110084,경리단길북측,974,488,486,4,250,313,167,129,111,2,120,158,91,55,62,2,130,155,76,74,49
2018,3,A,골목상권,2110083,서빙고역 1번,520,376,144,2,66,215,145,55,37,2,39,145,115,46,29,0,27,70,30,9,8
2018,3,A,골목상권,2110082,용산구청,2091,1081,1010,0,225,538,492,571,265,0,64,206,227,405,179,0,161,332,265,166,86
2018,3,A,골목상권,2110081,해방촌 남동측,331,206,125,1,88,104,58,38,42,1,53,65,34,18,35,0,35,39,24,20,7
2018,3,A,골목상권,2110080,해방촌예술마을,293,139,154,1,51,73,83,53,32,0,14,38,42,28,17,1,37,35,41,25,15
2018,3,A,골목상권,2110079,후암동주민센터,2127,1061,1066,2,329,489,458,589,260,1,101,271,286,269,133,1,228,218,172,320,127
2018,3,A,골목상권,2110078,이촌동점보아파트,164,70,94,1,26,31,39,32,35,1,5,13,15,13,23,0,21,18,24,19,12
2018,3,A,골목상권,2110077,삼광초등학교,119,43,76,1,12,25,35,29,17,0,2,8,12,11,10,1,10,17,23,18,7
2018,3,A,골목상권,2110076,삼각지역 14번,567,191,376,0,50,153,173,156,35,0,9,54,73,49,6,0,41,99,100,107,29
2018,3,A,골목상권,2110075,숙대입구역 1번,2066,1513,553,9,422,550,541,336,208,8,235,426,415,258,171,1,187,124,126,78,37
2018,3,A,골목상권,2110074,서울역 12번,10943,3009,7934,70,6263,1985,1033,850,742,10,754,1105,651,213,276,60,5509,880,382,637,466
2018,3,A,골목상권,2110073,삼각지역 3번,2082,1609,473,1,147,427,488,578,441,1,82,325,418,438,345,0,65,102,70,140,96
2018,3,A,골목상권,2110072,열정도,531,338,193,6,150,138,109,79,49,1,82,101,74,45,35,5,68,37,35,34,14
2018,3,A,골목상권,2110071,한강미주맨션아파트,320,135,185,3,63,78,79,47,50,0,17,27,39,23,29,3,46,51,40,24,21
2018,3,A,골목상권,2110070,용산세무서,197,124,73,0,21,58,62,22,34,0,4,42,39,12,27,0,17,16,23,10,7
2018,3,A,골목상권,2110069,숙대입구,785,373,412,3,147,212,190,142,91,0,59,106,106,58,44,3,88,106,84,84,47
2018,3,A,골목상권,2110068,남영역 1번,973,547,426,1,123,220,272,217,140,0,39,133,178,128,69,1,84,87,94,89,71
2018,3,A,골목상권,2110067,배문고등학교,1315,746,569,1,131,320,368,286,209,0,49,147,182,190,178,1,82,173,186,96,31
2018,3,A,골목상권,2110066,서울역 15번,1327,870,457,8,180,330,289,224,296,6,96,218,184,113,253,2,84,112,105,111,43
2018,3,A,골목상권,2110065,남정초등학교,648,510,138,1,115,344,106,53,29,1,84,292,83,34,16,0,31,52,23,19,13
2018,3,A,골목상권,2110064,효창공원앞역 2번,633,332,301,1,88,153,157,129,105,0,26,75,99,69,63,1,62,78,58,60,42
2018,3,A,골목상권,2110063,효창공원앞역 5번,867,540,327,1,66,203,237,149,211,0,27,141,156,88,128,1,39,62,81,61,83
2018,3,A,골목상권,2110062,한강로동땡땡거리(은행나무길),2971,1380,1591,18,791,795,453,373,541,7,200,279,290,232,372,11,591,516,163,141,169
2018,3,A,골목상권,2110061,효창동주민센터,744,426,318,2,82,167,258,183,52,2,29,94,154,110,37,0,53,73,104,73,15
2018,3,A,골목상권,2110060,효창공원앞역 6번,584,310,274,3,77,154,146,126,78,1,29,83,91,62,44,2,48,71,55,64,34
2018,3,A,골목상권,2110059,새남터성지,234,140,94,0,74,60,35,34,31,0,46,39,17,16,22,0,28,21,18,18,9
2018,3,A,골목상권,2110058,성심여자고등학교,1166,768,398,9,130,348,324,216,139,4,72,254,224,141,73,5,58,94,100,75,66
2018,3,A,골목상권,2110057,황학코아루아파트,329,154,175,3,87,101,65,35,38,1,31,39,43,19,21,2,56,62,22,16,17
2018,3,A,골목상권,2110056,신당역 3번,1103,467,636,1,148,286,241,263,164,0,41,130,124,103,69,1,107,156,117,160,95
2018,3,A,골목상권,2110055,황학동벼룩시장,123,82,41,0,17,32,24,25,25,0,9,22,18,15,18,0,8,10,6,10,7
2018,3,A,골목상권,2110054,청구역 3번,2058,1396,662,4,440,701,479,260,174,3,238,542,364,153,96,1,202,159,115,107,78
2018,3,A,골목상권,2110053,청구역 1번,484,245,239,0,82,93,116,136,57,0,33,44,62,68,38,0,49,49,54,68,19
2018,3,A,골목상권,2110052,장충초등학교,633,333,300,1,80,170,159,153,70,0,22,89,91,89,42,1,58,81,68,64,28
2018,3,A,골목상권,2110051,한양공고앞 교차로,166,103,63,0,11,37,50,44,24,0,3,21,31,28,20,0,8,16,19,16,4
2018,3,A,골목상권,2110050,약수역 7번,286,110,176,0,69,89,54,37,37,0,22,37,22,12,17,0,47,52,32,25,20
2018,3,A,골목상권,2110049,장충단 고개,3661,1746,1915,20,1096,950,648,605,342,9,412,475,351,290,209,11,684,475,297,315,133
2018,3,A,골목상권,2110048,장충동주민센터,1291,678,613,1,312,423,264,197,94,0,117,207,168,129,57,1,195,216,96,68,37
2018,3,A,골목상권,2110047,다산성곽길,208,89,119,0,38,50,64,34,22,0,7,24,34,15,9,0,31,26,30,19,13
2018,3,A,골목상권,2110046,버티고개,25,15,10,0,2,5,8,7,3,0,0,3,5,4,3,0,2,2,3,3,0
2018,3,A,골목상권,2110045,동대문역사문화공원역 5번,365,232,133,0,41,65,101,93,65,0,20,37,68,60,47,0,21,28,33,33,18
2018,3,A,골목상권,2110044,관성묘,1016,678,338,5,161,381,289,121,59,3,48,231,241,109,46,2,113,150,48,12,13
2018,3,A,골목상권,2110043,충무초등학교,2127,838,1289,19,459,632,550,316,151,11,89,227,227,180,104,8,370,405,323,136,47
2018,3,A,골목상권,2110042,남산골공원옆,2113,1343,770,6,286,576,657,422,166,3,109,364,471,295,101,3,177,212,186,127,65
2018,3,A,골목상권,2110041,남산케이블카,981,348,633,1,140,189,214,249,188,1,43,85,88,61,70,0,97,104,126,188,118
2018,3,A,골목상권,2110040,중구회현체육센터(정화예술대남산캠퍼스),269,149,120,1,40,52,67,63,46,0,16,28,34,38,33,1,24,24,33,25,13
2018,3,A,골목상권,2110039,회현역 1번,107,48,59,0,9,27,17,25,29,0,3,15,8,11,11,0,6,12,9,14,18
2018,3,A,골목상권,2110038,경향신문사,2142,1294,848,2,326,603,620,516,75,0,116,311,409,412,46,2,210,292,211,104,29
2018,3,A,골목상권,2110037,신설동역 12번,228,94,134,1,32,45,63,52,35,0,6,20,32,26,10,1,26,25,31,26,25
2018,3,A,골목상권,2110036,동묘앞역 3번,255,161,94,1,20,44,57,66,67,0,7,39,31,37,47,1,13,5,26,29,20
2018,3,A,골목상권,2110035,동묘앞역 2번,260,124,136,0,28,66,69,53,44,0,11,29,31,25,28,0,17,37,38,28,16
2018,3,A,골목상권,2110034,창신1동주민센터,87,64,23,0,5,11,26,29,16,0,4,5,20,19,16,0,1,6,6,10,0
2018,3,A,골목상권,2110033,창신역 4번,209,103,106,0,23,45,58,51,32,0,7,25,24,28,19,0,16,20,34,23,13
2018,3,A,골목상권,2110032,수족관거리,62,38,24,0,5,15,15,17,10,0,4,9,8,10,7,0,1,6,7,7,3
2018,3,A,골목상권,2110031,창신역 1번,61,26,35,0,4,14,11,20,12,0,2,3,7,11,3,0,2,11,4,9,9
2018,3,A,골목상권,2110030,동대문역 3번,123,29,94,0,2,10,35,42,34,0,0,5,9,8,7,0,2,5,26,34,27
2018,3,A,골목상권,2110029,동대문역 1번,334,114,220,0,24,54,70,115,71,0,7,21,36,32,18,0,17,33,34,83,53
2018,3,A,골목상권,2110028,이화달팽이길,950,392,558,6,222,304,198,156,64,6,72,113,96,73,32,0,150,191,102,83,32
2018,3,A,골목상권,2110027,혜화역 1번,317,149,168,1,79,109,84,29,15,0,27,52,48,14,8,1,52,57,36,15,7
2018,3,A,골목상권,2110026,종로5가역 4번,222,145,77,1,27,47,63,48,36,1,11,29,38,35,31,0,16,18,25,13,5
2018,3,A,골목상권,2110025,충신시장옆,553,360,193,1,91,161,150,103,47,0,52,116,98,58,36,1,39,45,52,45,11
2018,3,A,골목상권,2110024,혜회동주민센터,487,342,145,2,42,77,119,157,90,0,6,37,82,139,78,2,36,40,37,18,12
2018,3,A,골목상권,2110023,서울대병원,309,110,199,4,55,84,67,59,40,2,11,36,28,15,18,2,44,48,39,44,22
2018,3,A,골목상권,2110022,경신고등학교,259,122,137,0,42,63,77,42,35,0,11,30,36,21,24,0,31,33,41,21,11
2018,3,A,골목상권,2110021,성균관대학교,378,206,172,2,59,79,68,61,109,0,17,45,35,29,80,2,42,34,33,32,29
2018,3,A,골목상권,2110020,서울국제고등학교,813,458,355,0,170,253,176,160,54,0,53,117,132,117,39,0,117,136,44,43,15
2018,3,A,골목상권,2110019,창덕궁,667,377,290,1,127,183,200,108,48,0,34,107,131,69,36,1,93,76,69,39,12
2018,3,A,골목상권,2110018,중앙고등학교,642,291,351,2,139,194,146,104,57,2,46,85,73,52,33,0,93,109,73,52,24
2018,3,A,골목상권,2110017,정독도서관,384,127,257,1,111,145,63,44,20,1,20,47,29,19,11,0,91,98,34,25,9
2018,3,A,골목상권,2110016,평창동동측,604,249,355,1,116,162,140,103,82,1,29,70,67,39,43,0,87,92,73,64,39
2018,3,A,골목상권,2110015,청와대사랑채,100,41,59,0,24,40,27,5,4,0,7,18,12,1,3,0,17,22,15,4,1
2018,3,A,골목상권,2110014,경복고등학교,164,47,117,0,45,32,24,35,28,0,6,9,9,12,11,0,39,23,15,23,17
2018,3,A,골목상권,2110013,체부동홍종문가옥,75,49,26,0,8,22,15,19,11,0,3,15,10,12,9,0,5,7,5,7,2
2018,3,A,골목상권,2110012,성곡미술관,2116,805,1311,0,322,553,719,427,95,0,106,299,256,96,48,0,216,254,463,331,47
2018,3,A,골목상권,2110011,청운초등학교,71,41,30,0,6,21,18,10,16,0,4,12,9,4,12,0,2,9,9,6,4
2018,3,A,골목상권,2110010,평창동서측,632,258,374,0,124,129,110,134,135,0,36,53,47,58,64,0,88,76,63,76,71
2018,3,A,골목상권,2110009,자하문터널,235,107,128,0,42,53,53,55,32,0,21,18,26,25,17,0,21,35,27,30,15
2018,3,A,골목상권,2110008,배화여자대학교(박노수미술관),804,465,339,2,120,199,198,152,133,0,55,98,110,95,107,2,65,101,88,57,26
2018,3,A,골목상권,2110007,사직공원(한국사회과학도서관),146,62,84,0,18,43,42,30,13,0,3,20,15,14,10,0,15,23,27,16,3
2018,3,A,골목상권,2110006,부암동주민센터,33,12,21,0,5,17,3,5,3,0,1,7,2,0,2,0,4,10,1,5,1
2018,3,A,골목상권,2110005,세검정,452,176,276,3,68,134,107,62,78,2,15,41,50,29,39,1,53,93,57,33,39
2018,3,A,골목상권,2110004,대신고등학교,48,19,29,0,3,6,9,24,6,0,1,1,4,10,3,0,2,5,5,14,3
2018,3,A,골목상권,2110003,세검정초등학교,169,91,78,1,6,26,57,46,33,0,2,17,30,27,15,1,4,9,27,19,18
2018,3,A,골목상권,2110002,독립문역 1번,610,154,456,0,139,161,150,109,51,0,19,42,44,29,20,0,120,119,106,80,31
2018,3,A,골목상권,2110001,이북5도청사,305,183,122,0,11,76,89,84,45,0,7,42,62,46,26,0,4,34,27,38,19
2018,2,U,관광특구,1001496,강남 마이스 관광특구,25947,14874,11073,97,6648,8896,6636,2907,763,32,2245,4818,4902,2344,533,65,4403,4078,1734,563,230
2018,2,U,관광특구,1001495,잠실 관광특구,22302,12803,9499,145,4938,5620,4694,4299,2606,72,2220,3280,2869,2750,1612,73,2718,2340,1825,1549,994
2018,2,U,관광특구,1001494,종로?청계 관광특구,46106,25826,20280,103,6550,12778,13352,9970,3353,42,2752,6898,7664,6387,2083,61,3798,5880,5688,3583,1270
2018,2,U,관광특구,1001493,동대문패션타운 관광특구,20096,10821,9275,28,3897,6940,4719,2941,1571,13,1772,3677,2815,1649,895,15,2125,3263,1904,1292,676
2018,2,U,관광특구,1001492,명동 남대문 북창동 다동 무교동 관광특구,166340,81981,84359,577,39068,56420,41176,22683,6416,158,12562,25267,23949,15661,4384,419,26506,31153,17227,7022,2032
2018,2,U,관광특구,1001491,이태원 관광특구,8157,4496,3661,24,1854,2839,1673,1108,659,8,883,1529,987,718,371,16,971,1310,686,390,288
2018,2,R,전통시장,2130326,고덕 골목형상점가,164,108,56,0,9,20,47,53,35,0,6,12,23,39,28,0,3,8,24,14,7
2018,2,R,전통시장,2130325,명일전통시장,440,227,213,1,32,34,28,88,257,1,22,22,16,26,140,0,10,12,12,62,117
2018,2,R,전통시장,2130324,길동복조리시장,146,67,79,0,18,30,37,44,17,0,7,15,18,20,7,0,11,15,19,24,10
2018,2,R,전통시장,2130323,둔촌역전통시장,448,245,203,0,15,40,78,96,219,0,10,23,46,43,123,0,5,17,32,53,96
2018,2,R,전통시장,2130322,고분다리전통시장,71,31,40,0,9,14,23,21,4,0,4,5,13,7,2,0,5,9,10,14,2
2018,2,R,전통시장,2130321,장신구 특화거리 상점가,617,349,268,0,84,168,155,154,56,0,36,101,87,85,40,0,48,67,68,69,16
2018,2,R,전통시장,2130320,암사종합시장,500,198,302,0,35,73,127,156,109,0,19,44,42,39,54,0,16,29,85,117,55
2018,2,R,전통시장,2130319,성내전통시장,88,29,59,0,4,20,22,20,22,0,2,11,8,5,3,0,2,9,14,15,19
2018,2,R,전통시장,2130318,로데오거리상점가,847,407,440,5,199,204,170,148,121,2,91,121,84,53,56,3,108,83,86,95,65
2018,2,R,전통시장,2130317,마천중앙시장,104,51,53,0,6,14,31,31,22,0,3,4,12,17,15,0,3,10,19,14,7
2018,2,R,전통시장,2130316,마천시장,48,27,21,1,3,8,17,16,3,1,2,7,8,6,3,0,1,1,9,10,0
2018,2,R,전통시장,2130315,문정동 로데오거리 상점가(문정동 로데오거리),1477,796,681,6,252,348,365,282,224,5,118,184,204,136,149,1,134,164,161,146,75
2018,2,R,전통시장,2130314,풍납시장,367,133,234,1,22,65,106,101,72,0,5,31,32,29,36,1,17,34,74,72,36
2018,2,R,전통시장,2130313,방이시장,1644,887,757,3,233,420,423,382,183,2,114,265,221,163,122,1,119,155,202,219,61
2018,2,R,전통시장,2130312,석촌시장,1226,583,643,2,207,250,199,216,352,0,45,117,107,126,188,2,162,133,92,90,164
2018,2,R,전통시장,2130311,새마을시장,690,371,319,0,77,139,183,191,100,0,41,83,104,89,54,0,36,56,79,102,46
2018,2,R,전통시장,2130310,강남개포시장,547,255,292,0,58,88,138,161,102,0,21,44,70,71,49,0,37,44,68,90,53
2018,2,R,전통시장,2130308,청담삼익시장,103,49,54,0,9,14,29,26,25,0,5,4,10,14,16,0,4,10,19,12,9
2018,2,R,전통시장,2130307,도곡시장,133,61,72,0,24,30,34,33,12,0,6,14,15,18,8,0,18,16,19,15,4
2018,2,R,전통시장,2130306,강남언주로,398,218,180,0,53,97,96,79,73,0,17,48,64,48,41,0,36,49,32,31,32
2018,2,R,전통시장,2130305,논현종합시장,152,99,53,0,37,61,29,20,5,0,16,48,18,13,4,0,21,13,11,7,1
2018,2,R,전통시장,2130304,신사상가,82,41,41,0,7,19,21,24,11,0,1,10,13,13,4,0,6,9,8,11,7
2018,2,R,전통시장,2130303,영동전통시장,532,314,218,1,61,181,138,100,51,1,36,117,85,47,28,0,25,64,53,53,23
2018,2,R,전통시장,2130302,강남시장(강남구 강남시장),84,38,46,0,10,13,20,24,17,0,7,7,12,9,3,0,3,6,8,15,14
2018,2,R,전통시장,2130301,양재시장,113,59,54,0,7,20,43,21,22,0,3,11,21,10,14,0,4,9,22,11,8
2018,2,R,전통시장,2130299,엔터식스 강남점,2126,1380,746,18,331,399,541,502,335,5,156,235,413,337,234,13,175,164,128,165,101
2018,2,R,전통시장,2130298,강남터미널지하도상점가2구역,871,278,593,2,91,148,184,200,246,0,35,68,65,56,54,2,56,80,119,144,192
2018,2,R,전통시장,2130296,남부종합시장,37,23,14,0,6,7,8,10,6,0,4,6,3,6,4,0,2,1,5,4,2
2018,2,R,전통시장,2130295,인헌시장(원당종합시장),308,122,186,5,50,65,85,61,42,0,9,27,38,26,22,5,41,38,47,35,20
2018,2,R,전통시장,2130294,관악중부시장,277,92,185,0,40,45,57,68,67,0,12,22,23,19,16,0,28,23,34,49,51
2018,2,R,전통시장,2130293,봉천중앙시장,144,55,89,0,17,16,37,30,44,0,4,5,21,12,13,0,13,11,16,18,31
2018,2,R,전통시장,2130292,봉천현대시장,73,35,38,0,9,13,20,22,9,0,7,7,10,8,3,0,2,6,10,14,6
2018,2,R,전통시장,2130291,봉천제일종합시장,4,2,2,0,3,1,0,0,0,0,1,1,0,0,0,0,2,0,0,0,0
2018,2,R,전통시장,2130290,영림시장,589,285,304,0,87,143,161,118,80,0,31,78,81,56,39,0,56,65,80,62,41
2018,2,R,전통시장,2130289,봉일시장,85,43,42,0,2,9,17,35,22,0,1,6,10,11,15,0,1,3,7,24,7
2018,2,R,전통시장,2130288,신림현대종합상가,30,15,15,0,1,4,10,8,7,0,0,2,6,4,3,0,1,2,4,4,4
2018,2,R,전통시장,2130287,삼성동 시장(삼성동시장),16,8,8,0,0,2,2,7,5,0,0,2,1,3,2,0,0,0,1,4,3
2018,2,R,전통시장,2130286,신신림시장(삼성동시장),33,18,15,0,3,10,10,6,4,0,3,8,5,1,1,0,0,2,5,5,3
2018,2,R,전통시장,2130285,서원동상점가,2017,979,1038,11,335,323,349,423,576,3,157,174,177,181,287,8,178,149,172,242,289
2018,2,R,전통시장,2130284,관악종합시장(신원시장),24,12,12,0,0,2,5,12,5,0,0,2,2,5,3,0,0,0,3,7,2
2018,2,R,전통시장,2130283,신원시장,123,28,95,0,6,10,28,41,38,0,2,3,7,9,7,0,4,7,21,32,31
2018,2,R,전통시장,2130282,난곡 골목형상점가,34,12,22,0,1,8,14,9,2,0,0,4,4,2,2,0,1,4,10,7,0
2018,2,R,전통시장,2130281,우림시장,62,34,28,0,4,10,17,26,5,0,3,7,11,11,2,0,1,3,6,15,3
2018,2,R,전통시장,2130280,신림종합시장,48,31,17,0,2,9,13,16,8,0,2,7,10,4,8,0,0,2,3,12,0
2018,2,R,전통시장,2130279,관악신사시장,134,66,68,0,19,28,26,33,28,0,6,14,11,15,20,0,13,14,15,18,8
2018,2,R,전통시장,2130278,미성동 도깨비시장 골목형상점가,115,38,77,0,17,28,30,26,14,0,4,9,11,8,6,0,13,19,19,18,8
2018,2,R,전통시장,2130277,조원동 펭귄시장(신림중앙시장),88,37,51,0,6,19,23,29,11,0,3,11,9,10,4,0,3,8,14,19,7
2018,2,R,전통시장,2130276,신림중앙시장(조원동 펭귄시장),58,33,25,0,2,5,12,14,25,0,0,2,7,8,16,0,2,3,5,6,9
2018,2,R,전통시장,2130275,강남골목시장,75,41,34,0,9,7,19,23,17,0,5,4,10,12,10,0,4,3,9,11,7
2018,2,R,전통시장,2130274,사당1동먹자골목상점가(사당1동먹자골목),519,292,227,1,85,118,137,111,67,0,37,77,82,59,37,1,48,41,55,52,30
2018,2,R,전통시장,2130273,남성사계시장(남성시장),423,185,238,1,65,91,114,91,61,0,18,40,51,43,33,1,47,51,63,48,28
2018,2,R,전통시장,2130272,사당시장,197,63,134,0,42,40,36,32,47,0,7,13,18,8,17,0,35,27,18,24,30
2018,2,R,전통시장,2130271,남성역골목시장,240,97,143,0,47,54,72,43,24,0,11,19,31,21,15,0,36,35,41,22,9
2018,2,R,전통시장,2130270,흑석시장,6,3,3,0,0,1,2,3,0,0,0,1,0,2,0,0,0,0,2,1,0
2018,2,R,전통시장,2130269,강남시장(동작구 강남시장),17,8,9,0,2,4,3,3,5,0,0,2,2,1,3,0,2,2,1,2,2
2018,2,R,전통시장,2130268,상도전통시장,447,301,146,0,37,78,123,112,97,0,14,47,87,84,69,0,23,31,36,28,28
2018,2,R,전통시장,2130267,본동인정시장(기능상실),59,33,26,0,8,14,12,17,8,0,3,9,8,8,5,0,5,5,4,9,3
2018,2,R,전통시장,2130266,만양로상점가,129,56,73,0,8,17,25,40,39,0,4,10,18,14,10,0,4,7,7,26,29
2018,2,R,전통시장,2130265,노량진중앙시장,145,78,67,2,19,38,38,27,21,2,8,29,25,9,5,0,11,9,13,18,16
2018,2,R,전통시장,2130264,상도약수골목형상점가,93,27,66,0,18,13,25,31,6,0,1,7,7,7,5,0,17,6,18,24,1
2018,2,R,전통시장,2130263,신노량진시장(기능상실),22,9,13,0,0,5,6,8,3,0,0,2,3,3,1,0,0,3,3,5,2
2018,2,R,전통시장,2130262,상도도깨비 골목형상점가,59,21,38,0,12,5,16,18,8,0,5,3,5,4,4,0,7,2,11,14,4
2018,2,R,전통시장,2130261,성대전통시장(성대시장),419,187,232,4,64,100,97,100,54,4,32,45,44,35,27,0,32,55,53,65,27
2018,2,R,전통시장,2130260,신대방1동골목상권,109,34,75,0,23,27,21,19,19,0,3,3,7,9,12,0,20,24,14,10,7
2018,2,R,전통시장,2130259,대신시장,50,32,18,0,4,8,22,12,4,0,3,8,13,5,3,0,1,0,9,7,1
2018,2,R,전통시장,2130258,영진시장A동,25,14,11,0,0,2,11,8,4,0,0,2,7,3,2,0,0,0,4,5,2
2018,2,R,전통시장,2130257,영등포시장기계공구상가,393,292,101,0,32,57,89,116,99,0,20,44,60,88,80,0,12,13,29,28,19
2018,2,R,전통시장,2130256,신동시장,49,26,23,0,12,7,12,13,5,0,6,3,5,7,5,0,6,4,7,6,0
2018,2,R,전통시장,2130255,영등포전통시장,156,97,59,0,4,28,34,47,43,0,3,22,20,24,28,0,1,6,14,23,15
2018,2,R,전통시장,2130254,남서울상가,8,5,3,0,0,0,1,3,4,0,0,0,0,2,3,0,0,0,1,1,1
2018,2,R,전통시장,2130253,영신상가(제일상가),69,44,25,1,7,10,8,24,19,1,4,8,3,12,16,0,3,2,5,12,3
2018,2,R,전통시장,2130252,영등포로타리지하도상점가,26,12,14,0,2,5,7,5,7,0,1,3,1,2,5,0,1,2,6,3,2
2018,2,R,전통시장,2130251,영등포시장지하도상점가,3,0,3,0,0,1,0,0,2,0,0,0,0,0,0,0,0,1,0,0,2
2018,2,R,전통시장,2130250,삼구시장(로타리상가),13,7,6,0,2,0,1,4,6,0,0,0,0,2,5,0,2,0,1,2,1
2018,2,R,전통시장,2130249,동남상가,17,9,8,0,0,1,0,5,11,0,0,1,0,3,5,0,0,0,0,2,6
2018,2,R,전통시장,2130248,영등포역지하도상점가,342,143,199,16,127,58,69,51,21,7,58,28,27,15,8,9,69,30,42,36,13
2018,2,R,전통시장,2130247,우리시장,33,23,10,0,0,4,7,16,6,0,0,3,4,11,5,0,0,1,3,5,1
2018,2,R,전통시장,2130246,영등포청과시장(조광시장),746,388,358,6,105,155,199,185,96,2,50,85,113,80,58,4,55,70,86,105,38
2018,2,R,전통시장,2130245,영일시장,342,248,94,0,30,99,102,74,37,0,15,71,77,57,28,0,15,28,25,17,9
2018,2,R,전통시장,2130244,대림중앙시장,61,30,31,0,6,19,17,9,10,0,1,11,8,5,5,0,5,8,9,4,5
2018,2,R,전통시장,2130243,도림시장,39,23,16,0,6,8,11,10,4,0,5,6,6,4,2,0,1,2,5,6,2
2018,2,R,전통시장,2130242,대림중앙 골목형상점가,83,37,46,0,9,25,20,19,10,0,2,17,10,5,3,0,7,8,10,14,7
2018,2,R,전통시장,2130241,선유도역 골목형상점가,5051,3683,1368,18,961,1971,1427,503,171,0,463,1571,1180,344,125,18,498,400,247,159,46
2018,2,R,전통시장,2130240,영등포유통상가,1605,936,669,5,278,439,348,328,207,2,123,263,206,196,146,3,155,176,142,132,61
2018,2,R,전통시장,2130238,은행나무시장,121,46,75,0,13,25,28,27,28,0,5,10,9,9,13,0,8,15,19,18,15
2018,2,R,전통시장,2130237,박미시장(기능상실),7,5,2,0,1,0,2,4,0,0,0,0,2,3,0,0,1,0,0,1,0
2018,2,R,전통시장,2130236,비단길현대시장(현대시장),235,77,158,0,27,53,60,67,28,0,7,17,18,21,14,0,20,36,42,46,14
2018,2,R,전통시장,2130235,대명여울빛거리시장(대명시장),748,263,485,2,139,133,173,188,113,2,35,55,71,55,45,0,104,78,102,133,68
2018,2,R,전통시장,2130233,남문시장,109,47,62,0,7,15,28,47,12,0,3,5,13,18,8,0,4,10,15,29,4
2018,2,R,전통시장,2130232,독산동 맛나는거리상점가(독산동 맛나는거리),78,45,33,1,7,15,21,21,13,1,6,9,14,9,6,0,1,6,7,12,7
2018,2,R,전통시장,2130231,독산동 우시장,1266,1014,252,5,102,252,338,305,264,5,75,215,283,229,207,0,27,37,55,76,57
2018,2,R,전통시장,2130230,가리봉시장,27,17,10,0,2,8,4,8,5,0,1,6,2,4,4,0,1,2,2,4,1
2018,2,R,전통시장,2130229,남구로시장,465,239,226,0,41,94,140,109,81,0,23,52,65,46,53,0,18,42,75,63,28
2018,2,R,전통시장,2130228,구로시장,16,5,11,0,1,0,3,6,6,0,1,0,0,2,2,0,0,0,3,4,4
2018,2,R,전통시장,2130227,고척골목시장상점가(그라운드 고척),236,119,117,0,28,60,64,43,41,0,5,33,39,24,18,0,23,27,25,19,23
2018,2,R,전통시장,2130226,고척프라자,36,18,18,0,10,12,9,4,1,0,2,8,6,2,0,0,8,4,3,2,1
2018,2,R,전통시장,2130225,개봉중앙시장,285,92,193,0,36,50,73,80,46,0,5,19,25,22,21,0,31,31,48,58,25
2018,2,R,전통시장,2130224,개봉프라자(고척근린시장),36,20,16,0,2,3,10,10,11,0,0,2,3,5,10,0,2,1,7,5,1
2018,2,R,전통시장,2130223,고척근린시장,141,47,94,0,11,27,48,36,19,0,1,11,13,15,7,0,10,16,35,21,12
2018,2,R,전통시장,2130222,오류시장,131,42,89,0,21,25,39,29,17,0,5,4,11,12,10,0,16,21,28,17,7
2018,2,R,전통시장,2130221,"남부골목시장(남부화곡시장, 남부시장)",378,150,228,2,30,67,114,108,57,0,8,26,47,39,30,2,22,41,67,69,27
2018,2,R,전통시장,2130220,등마루시장,11,7,4,0,0,2,4,3,2,0,0,2,1,2,2,0,0,0,3,1,0
2018,2,R,전통시장,2130219,까치산시장,513,129,384,0,78,70,108,154,103,0,23,22,34,21,29,0,55,48,74,133,74
2018,2,R,전통시장,2130218,신월중앙시장,213,89,124,1,37,58,48,46,23,0,13,22,24,21,9,1,24,36,24,25,14
2018,2,R,전통시장,2130217,화곡본동시장,159,67,92,0,13,26,37,42,41,0,8,21,13,13,12,0,5,5,24,29,29
2018,2,R,전통시장,2130216,화곡중앙시장,89,30,59,0,10,15,26,21,17,0,2,4,8,6,10,0,8,11,18,15,7
2018,2,R,전통시장,2130215,대원종합시장,27,19,8,0,1,1,4,12,9,0,0,1,2,7,9,0,1,0,2,5,0
2018,2,R,전통시장,2130214,송화벽화시장(송화골목시장),302,121,181,3,68,70,69,57,35,0,16,30,31,20,24,3,52,40,38,37,11
2018,2,R,전통시장,2130213,방신전통시장,437,241,196,0,32,69,98,113,125,0,21,48,63,41,68,0,11,21,35,72,57
2018,2,R,전통시장,2130212,공항시장,53,31,22,0,4,8,16,13,12,0,1,6,7,9,8,0,3,2,9,4,4
2018,2,R,전통시장,2130211,신정2동 골목시장(오목교중앙시장),25,13,12,0,1,2,3,8,11,0,1,0,1,5,6,0,0,2,2,3,5
2018,2,R,전통시장,2130210,목2동시장,283,126,157,0,33,69,86,59,36,0,18,31,34,26,17,0,15,38,52,33,19
2018,2,R,전통시장,2130209,목사랑시장(목4동시장),99,33,66,0,9,19,28,31,12,0,1,3,8,13,8,0,8,16,20,18,4
2018,2,R,전통시장,2130208,목동깨비시장(목3동시장),624,316,308,1,107,161,155,131,69,0,51,102,72,48,43,1,56,59,83,83,26
2018,2,R,전통시장,2130207,신정1동 골목시장(신정제일시장),71,20,51,0,7,10,19,19,16,0,1,4,5,4,6,0,6,6,14,15,10
2018,2,R,전통시장,2130206,신정3동 골목시장,36,10,26,0,3,7,14,6,6,0,2,0,2,1,5,0,1,7,12,5,1
2018,2,R,전통시장,2130205,신곡종합시장(신월6동 골목시장),288,142,146,1,48,58,86,59,36,1,18,31,44,24,24,0,30,27,42,35,12
2018,2,R,전통시장,2130204,경창시장,212,68,144,1,12,32,45,58,64,0,5,15,19,16,13,1,7,17,26,42,51
2018,2,R,전통시장,2130203,서서울 골목형상점가,113,47,66,0,6,21,24,29,33,0,2,7,7,12,19,0,4,14,17,17,14
2018,2,R,전통시장,2130202,신영시장,165,67,98,0,14,26,45,46,34,0,6,14,17,11,19,0,8,12,28,35,15
2018,2,R,전통시장,2130201,월정로시장,42,26,16,0,2,5,16,15,4,0,1,4,12,7,2,0,1,1,4,8,2
2018,2,R,전통시장,2130200,"신월7동 골목시장(약수시장, 우성상가)",115,46,69,1,11,20,37,25,21,1,1,8,12,12,12,0,10,12,25,13,9
2018,2,R,전통시장,2130199,신월3동 골목시장,23,9,14,0,2,6,9,2,4,0,1,2,5,0,1,0,1,4,4,2,3
2018,2,R,전통시장,2130198,아현시장,210,54,156,0,36,90,53,20,11,0,5,11,21,13,4,0,31,79,32,7,7
2018,2,R,전통시장,2130197,마포시장,83,38,45,0,5,8,18,33,19,0,3,6,9,11,9,0,2,2,9,22,10
2018,2,R,전통시장,2130196,공덕시장,1802,742,1060,18,660,402,379,237,106,13,224,206,135,86,78,5,436,196,244,151,28
2018,2,R,전통시장,2130195,도화동 상점가,2863,1710,1153,3,450,808,687,528,387,3,187,525,465,308,222,0,263,283,222,220,165
2018,2,R,전통시장,2130194,용강동 상점가,1236,760,476,6,153,296,354,268,159,2,70,202,227,152,107,4,83,94,127,116,52
2018,2,R,전통시장,2130193,신수시장,45,20,25,0,4,12,14,7,8,0,1,6,4,5,4,0,3,6,10,2,4
2018,2,R,전통시장,2130192,동진시장,56,25,31,0,7,16,17,4,12,0,3,10,3,2,7,0,4,6,14,2,5
2018,2,R,전통시장,2130191,홍대 걷고싶은 거리,911,504,407,12,277,224,183,133,82,5,143,144,108,60,44,7,134,80,75,73,38
2018,2,R,전통시장,2130190,홍대소상공인상점가,589,334,255,8,253,136,94,63,35,2,145,85,59,28,15,6,108,51,35,35,20
2018,2,R,전통시장,2130189,서교시장,215,115,100,5,63,46,37,21,43,2,25,29,24,9,26,3,38,17,13,12,17
2018,2,R,전통시장,2130188,합정시장,25,11,14,0,0,2,10,9,4,0,0,1,5,3,2,0,0,1,5,6,2
2018,2,R,전통시장,2130187,영진시장,40,24,16,0,3,10,12,10,5,0,3,7,7,3,4,0,0,3,5,7,1
2018,2,R,전통시장,2130186,망원시장,272,116,156,0,58,58,64,72,20,0,24,30,25,27,10,0,34,28,39,45,10
2018,2,R,전통시장,2130185,망원월드컵시장,256,145,111,0,47,76,73,41,19,0,20,48,43,20,14,0,27,28,30,21,5
2018,2,R,전통시장,2130184,마포농수산물시장,634,411,223,0,15,59,142,216,202,0,11,37,98,130,135,0,4,22,44,86,67
2018,2,R,전통시장,2130183,상암동상점가,1260,850,410,10,168,407,391,204,80,9,84,282,301,132,42,1,84,125,90,72,38
2018,2,R,전통시장,2130182,영천시장,250,110,140,0,28,46,65,67,44,0,5,20,29,34,22,0,23,26,36,33,22
2018,2,R,전통시장,2130181,아현가구거리상점가,133,76,57,0,15,16,41,31,30,0,6,7,26,15,22,0,9,9,15,16,8
2018,2,R,전통시장,2130180,포방터시장,60,32,28,0,10,12,17,11,10,0,2,5,12,6,7,0,8,7,5,5,3
2018,2,R,전통시장,2130179,"이화여대 3,5,7길 상점가",655,296,359,15,189,151,114,112,74,6,70,71,59,55,35,9,119,80,55,57,39
2018,2,R,전통시장,2130178,이대 앞 스타트업 상점가,114,48,66,0,24,33,27,20,10,0,8,13,16,6,5,0,16,20,11,14,5
2018,2,R,전통시장,2130177,인왕시장(홍제골목형상점가),121,44,77,0,8,11,22,24,56,0,5,6,6,10,17,0,3,5,16,14,39
2018,2,R,전통시장,2130176,유진상가,345,146,199,4,73,100,94,60,14,2,28,32,41,32,11,2,45,68,53,28,3
2018,2,R,전통시장,2130175,신촌 상인회(신촌상점가),742,239,503,2,402,239,65,20,14,1,109,87,30,6,6,1,293,152,35,14,8
2018,2,R,전통시장,2130174,연희사러가,2,1,1,0,0,0,0,2,0,0,0,0,0,1,0,0,0,0,0,1,0
2018,2,R,전통시장,2130173,백련시장,8,4,4,0,0,2,1,4,1,0,0,2,0,1,1,0,0,0,1,3,0
2018,2,R,전통시장,2130172,모래내시장(서중시장),198,73,125,0,31,31,47,52,37,0,11,13,21,17,11,0,20,18,26,35,26
2018,2,R,전통시장,2130171,불광먹자골목 골목형상점가,523,168,355,1,51,100,133,127,111,1,17,39,45,28,38,0,34,61,88,99,73
2018,2,R,전통시장,2130170,제일시장,350,154,196,2,50,59,110,89,40,2,17,24,48,44,19,0,33,35,62,45,21
2018,2,R,전통시장,2130169,대조시장,260,89,171,0,35,58,64,64,39,0,13,23,21,17,15,0,22,35,43,47,24
2018,2,R,전통시장,2130168,연서시장,310,149,161,0,51,57,84,57,61,0,26,18,42,25,38,0,25,39,42,32,23
2018,2,R,전통시장,2130167,연신내상점가(연빛거리),1251,498,753,13,278,277,306,238,139,4,94,132,115,94,59,9,184,145,191,144,80
2018,2,R,전통시장,2130166,응암시장(신응암시장),36,19,17,0,0,3,4,13,16,0,0,0,0,5,14,0,0,3,4,8,2
2018,2,R,전통시장,2130165,"대림골목시장(대림시장, 양지시장)",265,60,205,0,30,55,76,66,38,0,13,10,13,8,16,0,17,45,63,58,22
2018,2,R,전통시장,2130164,역촌중앙시장,30,13,17,0,0,6,4,10,10,0,0,5,1,3,4,0,0,1,3,7,6
2018,2,R,전통시장,2130163,응암오거리상점가,307,144,163,2,56,44,79,83,43,2,35,23,33,33,18,0,21,21,46,50,25
2018,2,R,전통시장,2130162,증산골목시장,42,21,21,0,3,7,8,10,14,0,0,3,4,7,7,0,3,4,4,3,7
2018,2,R,전통시장,2130161,증산종합시장,90,27,63,0,5,10,29,36,10,0,4,6,9,5,3,0,1,4,20,31,7
2018,2,R,전통시장,2130160,수일시장,18,5,13,0,1,4,3,6,4,0,0,0,0,3,2,0,1,4,3,3,2
2018,2,R,전통시장,2130159,공릉동 도깨비시장,460,273,187,0,38,88,114,126,94,0,9,47,55,84,78,0,29,41,59,42,16
2018,2,R,전통시장,2130157,상계중앙시장,283,107,176,0,32,53,57,74,67,0,19,28,17,25,18,0,13,25,40,49,49
2018,2,R,전통시장,2130156,시영2단지 무지개종합상가(중계 무지개2단지아파트상가),26,9,17,0,0,2,8,11,5,0,0,1,1,3,4,0,0,1,7,8,1
2018,2,R,전통시장,2130155,시영B상가(중계 그린아파트 B 상가),93,46,47,0,5,24,27,27,10,0,1,14,11,12,8,0,4,10,16,15,2
2018,2,R,전통시장,2130154,상계주공1단지(가)상가,13,7,6,0,1,1,3,7,1,0,1,1,2,2,1,0,0,0,1,5,0
2018,2,R,전통시장,2130153,창동역상점가,674,314,360,1,73,101,139,175,185,0,26,54,71,65,98,1,47,47,68,110,87
2018,2,R,전통시장,2130152,오!도봉거리 상점가,275,76,199,0,24,47,76,56,72,0,8,15,14,9,30,0,16,32,62,47,42
2018,2,R,전통시장,2130151,신도봉시장,45,19,26,0,1,4,13,19,8,0,1,2,7,7,2,0,0,2,6,12,6
2018,2,R,전통시장,2130150,창동골목시장,102,37,65,0,12,23,21,29,17,0,3,5,8,11,10,0,9,18,13,18,7
2018,2,R,전통시장,2130149,창동신창시장,243,118,125,0,18,56,65,70,34,0,7,25,37,26,23,0,11,31,28,44,11
2018,2,R,전통시장,2130148,방학동도깨비시장,184,73,111,0,21,48,50,42,23,0,11,24,18,11,9,0,10,24,32,31,14
2018,2,R,전통시장,2130147,쌍문역동측상점가,378,140,238,2,50,81,85,101,59,1,21,26,41,28,23,1,29,55,44,73,36
2018,2,R,전통시장,2130146,쌍문시장(쌍문역골목시장),494,206,288,2,65,101,122,135,69,1,16,44,53,53,39,1,49,57,69,82,30
2018,2,R,전통시장,2130145,쌍문역둘리상점가,166,128,38,0,28,47,41,37,13,0,20,41,29,27,11,0,8,6,12,10,2
2018,2,R,전통시장,2130144,백운시장,61,31,30,0,6,9,21,14,11,0,2,3,12,4,10,0,4,6,9,10,1
2018,2,R,전통시장,2130143,방천골목시장,46,21,25,0,4,10,9,11,12,0,2,4,4,5,6,0,2,6,5,6,6
2018,2,R,전통시장,2130142,강북북부시장,21,9,12,0,1,2,4,9,5,0,0,1,1,5,2,0,1,1,3,4,3
2018,2,R,전통시장,2130141,강북북부골목시장,57,26,31,0,8,14,20,8,7,0,1,5,10,5,5,0,7,9,10,3,2
2018,2,R,전통시장,2130140,숭인시장,236,94,142,2,53,47,45,43,46,0,7,16,19,20,32,2,46,31,26,23,14
2018,2,R,전통시장,2130139,강북종합전통시장(강북종합골목시장),312,165,147,0,47,76,82,67,40,0,28,51,46,24,16,0,19,25,36,43,24
2018,2,R,전통시장,2130138,수유프라자,78,39,39,0,6,13,11,28,20,0,2,2,4,17,14,0,4,11,7,11,6
2018,2,R,전통시장,2130137,"수유전통시장(수유시장, 수유골목시장)",208,102,106,0,15,32,46,53,62,0,4,18,22,25,33,0,11,14,24,28,29
2018,2,R,전통시장,2130136,수유재래시장,18,7,11,0,4,3,4,4,3,0,0,0,2,2,3,0,4,3,2,2,0
2018,2,R,전통시장,2130135,수유중앙골목시장(수유중앙시장),99,56,43,0,7,20,21,28,23,0,5,10,12,14,15,0,2,10,9,14,8
2018,2,R,전통시장,2130134,"솔샘시장(미아6,7동골목시장)",163,60,103,0,20,27,50,39,27,0,4,16,21,11,8,0,16,11,29,28,19
2018,2,R,전통시장,2130133,우이골목시장(우이시장),129,43,86,1,7,21,37,45,18,1,3,12,13,9,5,0,4,9,24,36,13
2018,2,R,전통시장,2130132,삼양골목시장(삼양시장),194,59,135,0,31,34,48,46,35,0,7,12,19,12,9,0,24,22,29,34,26
2018,2,R,전통시장,2130131,동북프라자,131,64,67,0,9,33,43,35,11,0,3,14,21,19,7,0,6,19,22,16,4
2018,2,R,전통시장,2130130,수유북부골목시장,21,13,8,0,0,3,6,6,6,0,0,3,5,1,4,0,0,0,1,5,2
2018,2,R,전통시장,2130129,장미원골목시장,82,31,51,0,8,13,27,20,14,0,1,6,7,11,6,0,7,7,20,9,8
2018,2,R,전통시장,2130128,돌곶이시장(석관황금시장),48,31,17,0,8,11,21,5,3,0,5,9,12,4,1,0,3,2,9,1,2
2018,2,R,전통시장,2130127,석관시장,27,14,13,0,0,7,9,8,3,0,0,4,5,4,1,0,0,3,4,4,2
2018,2,R,전통시장,2130126,새석관시장,20,11,9,0,1,3,5,5,6,0,0,3,3,2,3,0,1,0,2,3,3
2018,2,R,전통시장,2130125,장위전통시장,141,82,59,1,12,18,36,44,30,0,8,10,22,27,15,1,4,8,14,17,15
2018,2,R,전통시장,2130124,번동시장,15,11,4,0,2,7,1,5,0,0,1,5,1,4,0,0,1,2,0,1,0
2018,2,R,전통시장,2130123,꿈의숲 장곡 골목형상점가,19,13,6,0,3,2,5,6,3,0,2,1,5,4,1,0,1,1,0,2,2
2018,2,R,전통시장,2130122,밤나무골시장,25,5,20,0,6,5,4,8,2,0,0,3,0,2,0,0,6,2,4,6,2
2018,2,R,전통시장,2130121,길음시장,85,47,38,0,8,15,27,15,20,0,4,9,17,2,15,0,4,6,10,13,5
2018,2,R,전통시장,2130120,돈암시장(돈암제일시장),228,104,124,0,35,43,58,42,50,0,6,18,30,25,25,0,29,25,28,17,25
2018,2,R,전통시장,2130119,정릉아리랑시장,55,20,35,0,3,7,20,15,10,0,1,2,4,8,5,0,2,5,16,7,5
2018,2,R,전통시장,2130118,정릉골 골목형상점가,151,82,69,1,26,30,28,36,30,0,6,15,16,24,21,1,20,15,12,12,9
2018,2,R,전통시장,2130117,정릉시장,263,123,140,4,30,39,75,81,34,3,15,20,36,34,15,1,15,19,39,47,19
2018,2,R,전통시장,2130116,동성타워프라자,62,39,23,0,9,8,15,20,10,0,6,5,9,12,7,0,3,3,6,8,3
2018,2,R,전통시장,2130115,우림골목시장,434,181,253,1,64,87,102,114,66,0,21,31,52,47,30,1,43,56,50,67,36
2018,2,R,전통시장,2130114,유영시장,67,19,48,0,9,23,19,13,3,0,1,5,5,6,2,0,8,18,14,7,1
2018,2,R,전통시장,2130113,신아타운,291,81,210,0,72,65,64,58,32,0,14,15,24,14,14,0,58,50,40,44,18
2018,2,R,전통시장,2130112,사가정시장,252,92,160,0,45,62,62,54,29,0,11,21,23,18,19,0,34,41,39,36,10
2018,2,R,전통시장,2130111,"동원전통종합시장(동원시장, 동원전통시장 상점가)",542,236,306,3,65,87,154,156,77,1,16,43,79,55,42,2,49,44,75,101,35
2018,2,R,전통시장,2130110,면목골목시장(면목시장),267,129,138,1,50,61,63,63,29,0,20,29,28,33,19,1,30,32,35,30,10
2018,2,R,전통시장,2130109,묵1동도깨비시장,64,36,28,0,10,13,9,21,11,0,3,8,7,12,6,0,7,5,2,9,5
2018,2,R,전통시장,2130108,태능엔터피아(태릉시장),76,19,57,0,3,5,22,28,18,0,2,2,6,4,5,0,1,3,16,24,13
2018,2,R,전통시장,2130107,중랑동부시장(중랑교종합상가),28,10,18,0,5,6,8,8,1,0,2,4,3,1,0,0,3,2,5,7,1
2018,2,R,전통시장,2130106,중랑동부시장,295,116,179,1,61,59,70,55,49,0,17,22,20,25,32,1,44,37,50,30,17
2018,2,R,전통시장,2130105,장미제일시장(중화동제일시장),49,10,39,0,12,9,5,17,6,0,1,4,1,4,0,0,11,5,4,13,6
2018,2,R,전통시장,2130104,전곡시장,160,76,84,0,19,22,45,51,23,0,9,13,21,21,12,0,10,9,24,30,11
2018,2,R,전통시장,2130103,이경시장,43,25,18,0,1,3,16,8,15,0,1,2,7,5,10,0,0,1,9,3,5
2018,2,R,전통시장,2130102,이문제일시장,23,11,12,0,0,4,10,7,2,0,0,1,4,4,2,0,0,3,6,3,0
2018,2,R,전통시장,2130101,답십리현대시장,84,57,27,0,9,16,22,24,13,0,7,11,15,15,9,0,2,5,7,9,4
2018,2,R,전통시장,2130100,답십리시장,221,81,140,3,48,37,51,43,39,3,11,13,26,15,13,0,37,24,25,28,26
2018,2,R,전통시장,2130099,전농로터리시장,108,53,55,0,10,16,30,34,18,0,6,6,15,12,14,0,4,10,15,22,4
2018,2,R,전통시장,2130098,회기시장,132,56,76,0,30,33,31,25,13,0,14,15,15,7,5,0,16,18,16,18,8
2018,2,R,전통시장,2130097,답십리 건축자재시장,298,202,96,0,27,83,80,63,45,0,21,59,55,37,30,0,6,24,25,26,15
2018,2,R,전통시장,2130096,동부시장,38,20,18,0,3,6,7,9,13,0,2,1,3,4,10,0,1,5,4,5,3
2018,2,R,전통시장,2130095,청량리전통시장,177,70,107,0,22,32,34,46,43,0,6,11,18,19,16,0,16,21,16,27,27
2018,2,R,전통시장,2130094,청량리청과물시장,176,95,81,0,18,40,42,28,48,0,5,20,22,13,35,0,13,20,20,15,13
2018,2,R,전통시장,2130093,동서시장,25,17,8,0,0,3,11,7,4,0,0,3,8,3,3,0,0,0,3,4,1
2018,2,R,전통시장,2130092,청량리농수산물시장,57,42,15,0,3,11,16,16,11,0,2,10,14,8,8,0,1,1,2,8,3
2018,2,R,전통시장,2130091,청량종합도매시장,177,135,42,1,15,32,48,43,38,1,12,25,38,31,28,0,3,7,10,12,10
2018,2,R,전통시장,2130090,청량리종합시장,102,70,32,0,6,17,22,29,28,0,3,11,17,15,24,0,3,6,5,14,4
2018,2,R,전통시장,2130089,청량리수산시장,107,72,35,0,2,24,32,22,27,0,2,19,22,11,18,0,0,5,10,11,9
2018,2,R,전통시장,2130088,경동시장,231,153,78,0,18,37,50,67,59,0,9,25,38,42,39,0,9,12,12,25,20
2018,2,R,전통시장,2130087,경동광성상가(경동시장),136,81,55,0,15,16,35,34,36,0,9,12,24,16,20,0,6,4,11,18,16
2018,2,R,전통시장,2130086,서울약령시장,1819,1107,712,3,157,308,470,510,371,2,72,186,261,324,262,1,85,122,209,186,109
2018,2,R,전통시장,2130085,용두시장,6,4,2,0,0,0,1,2,3,0,0,0,0,1,3,0,0,0,1,1,0
2018,2,R,전통시장,2130084,신성시장(신성골목시장),121,54,67,0,11,12,38,39,21,0,4,6,13,17,14,0,7,6,25,22,7
2018,2,R,전통시장,2130083,"중곡제일시장(중곡제일골목시장, 광성시장)",461,118,343,1,21,46,89,169,135,1,6,23,29,28,31,0,15,23,60,141,104
2018,2,R,전통시장,2130082,면곡골목시장,76,28,48,0,1,5,18,31,21,0,1,1,9,10,7,0,0,4,9,21,14
2018,2,R,전통시장,2130081,자양골목전통시장(자양골목시장),77,47,30,0,7,17,18,21,14,0,4,13,9,13,8,0,3,4,9,8,6
2018,2,R,전통시장,2130080,자양종합시장(기능상실),23,12,11,0,0,2,8,9,4,0,0,1,5,4,2,0,0,1,3,5,2
2018,2,R,전통시장,2130079,한아름시장,114,63,51,1,17,25,27,24,20,1,4,16,16,9,17,0,13,9,11,15,3
2018,2,R,전통시장,2130078,화양제일골목시장,114,56,58,0,28,24,20,28,14,0,12,15,12,10,7,0,16,9,8,18,7
2018,2,R,전통시장,2130077,조양시장,151,95,56,1,23,28,43,34,22,0,15,16,21,22,21,1,8,12,22,12,1
2018,2,R,전통시장,2130076,능동로골목시장,86,49,37,0,10,14,12,16,34,0,3,8,3,7,28,0,7,6,9,9,6
2018,2,R,전통시장,2130075,노룬산시장(노룬산골목시장),86,43,43,0,7,16,24,18,21,0,3,8,11,6,15,0,4,8,13,12,6
2018,2,R,전통시장,2130074,영동교골목시장,24,10,14,0,5,3,4,8,4,0,1,0,4,4,1,0,4,3,0,4,3
2018,2,R,전통시장,2130073,뚝도시장,143,73,70,0,12,26,40,35,30,0,4,13,20,15,21,0,8,13,20,20,9
2018,2,R,전통시장,2130072,성동용답상가시장,951,522,429,0,216,359,179,119,78,0,103,208,106,55,50,0,113,151,73,64,28
2018,2,R,전통시장,2130071,성수역 골목형상점가,594,405,189,1,96,176,136,73,112,1,50,129,104,52,69,0,46,47,32,21,43
2018,2,R,전통시장,2130070,뚝섬역상점가,3269,2159,1110,9,620,1074,861,467,238,1,285,734,601,353,185,8,335,340,260,114,53
2018,2,R,전통시장,2130069,"한양대앞상점가(한양시장, 왕십리맛골목)",208,113,95,0,30,49,53,49,27,0,23,36,19,23,12,0,7,13,34,26,15
2018,2,R,전통시장,2130068,마장축산물시장,3198,2177,1021,3,336,862,905,685,407,2,234,624,608,451,258,1,102,238,297,234,149
2018,2,R,전통시장,2130067,왕십리도선동상점가,2053,716,1337,6,604,590,470,240,143,4,153,236,170,91,62,2,451,354,300,149,81
2018,2,R,전통시장,2130066,행당시장상점가,869,394,475,4,170,203,218,170,104,1,38,93,101,95,66,3,132,110,117,75,38
2018,2,R,전통시장,2130065,무학봉상점가,320,115,205,2,48,68,81,71,50,2,13,24,33,27,16,0,35,44,48,44,34
2018,2,R,전통시장,2130064,금남시장,96,22,74,0,14,15,15,22,30,0,0,3,9,4,6,0,14,12,6,18,24
2018,2,R,전통시장,2130063,신금호역 골목형상점가,87,50,37,1,14,19,16,25,12,1,4,11,10,15,9,0,10,8,6,10,3
2018,2,R,전통시장,2130062,보광시장,51,24,27,0,3,11,16,14,7,0,1,3,10,5,5,0,2,8,6,9,2
2018,2,R,전통시장,2130061,이태원시장,265,166,99,3,128,76,26,15,17,1,78,55,12,7,13,2,50,21,14,8,4
2018,2,R,전통시장,2130060,신흥시장,21,13,8,0,8,8,3,1,1,0,7,4,2,0,0,0,1,4,1,1,1
2018,2,R,전통시장,2130059,후암시장,144,51,93,0,18,35,33,37,21,0,7,14,10,10,10,0,11,21,23,27,11
2018,2,R,전통시장,2130058,이촌종합시장,158,86,72,0,24,37,41,39,17,0,14,25,24,17,6,0,10,12,17,22,11
2018,2,R,전통시장,2130057,만리시장,37,29,8,0,0,4,7,16,10,0,0,4,4,11,10,0,0,0,3,5,0
2018,2,R,전통시장,2130056,용산용문시장,365,198,167,3,43,88,112,67,52,2,23,58,62,25,28,1,20,30,50,42,24
2018,2,R,전통시장,2130055,"황학시장(서울중앙시장, 신중앙시장)",329,224,105,0,26,72,92,84,55,0,15,53,67,53,36,0,11,19,25,31,19
2018,2,R,전통시장,2130054,황학동주방가구거리상점가,547,346,201,0,88,133,140,140,46,0,34,86,100,95,31,0,54,47,40,45,15
2018,2,R,전통시장,2130053,백학시장,381,198,183,0,41,101,103,95,41,0,17,58,57,43,23,0,24,43,46,52,18
2018,2,R,전통시장,2130052,서울중앙시장(신중앙시장),1094,709,385,0,181,283,221,237,172,0,125,206,145,128,105,0,56,77,76,109,67
2018,2,R,전통시장,2130051,동화동 골목형상점가,704,376,328,2,100,160,181,174,87,0,40,85,103,92,56,2,60,75,78,82,31
2018,2,R,전통시장,2130050,청평화시장,948,348,600,1,152,371,240,127,57,1,63,132,67,57,28,0,89,239,173,70,29
2018,2,R,전통시장,2130049,신당 미래유산 먹거리 골목형상점가,132,59,73,0,11,24,34,32,31,0,3,9,17,11,19,0,8,15,17,21,12
2018,2,R,전통시장,2130048,동평화시장,170,96,74,0,19,39,38,41,33,0,11,20,21,23,21,0,8,19,17,18,12
2018,2,R,전통시장,2130047,테크노상가(엘리시움),769,414,355,1,178,273,152,101,64,0,85,158,84,55,32,1,93,115,68,46,32
2018,2,R,전통시장,2130046,team204(팀204),99,56,43,0,10,31,16,21,21,0,3,17,7,13,16,0,7,14,9,8,5
2018,2,R,전통시장,2130045,광희패션몰,182,97,85,0,32,44,36,43,27,0,10,24,23,26,14,0,22,20,13,17,13
2018,2,R,전통시장,2130044,에리어식스(벨포스트),85,45,40,0,9,26,23,17,10,0,5,18,13,7,2,0,4,8,10,10,8
2018,2,R,전통시장,2130043,제일평화시장,306,120,186,0,21,76,111,70,28,0,7,35,46,25,7,0,14,41,65,45,21
2018,2,R,전통시장,2130042,약수시장,306,131,175,0,21,59,84,83,59,0,6,23,39,35,28,0,15,36,45,48,31
2018,2,R,전통시장,2130041,신평화패션타운(청계6가 지하도상가),244,143,101,0,21,49,55,79,40,0,14,28,35,44,22,0,7,21,20,35,18
2018,2,R,전통시장,2130040,남평화시장,225,154,71,0,53,82,41,34,15,0,36,63,27,19,9,0,17,19,14,15,6
2018,2,R,전통시장,2130039,청계6가 지하도상가,118,64,54,0,12,23,30,22,31,0,3,11,18,14,18,0,9,12,12,8,13
2018,2,R,전통시장,2130038,"평화시장(통일상가, 동화상가)",3990,2721,1269,8,587,1419,1149,602,225,2,268,967,901,437,146,6,319,452,248,165,79
2018,2,R,전통시장,2130037,청계5가쇼핑센터(청계5가지하쇼핑센터),4,3,1,0,0,0,0,3,1,0,0,0,0,2,1,0,0,0,0,1,0
2018,2,R,전통시장,2130036,중부시장(신중부시장),1731,1119,612,6,176,364,466,422,297,2,84,251,318,254,210,4,92,113,148,168,87
2018,2,R,전통시장,2130035,방산종합시장(방산시장),2900,1857,1043,5,241,627,734,750,543,1,147,406,429,466,408,4,94,221,305,284,135
2018,2,R,전통시장,2130034,필동 골목형상점가,22,13,9,0,3,2,10,5,2,0,1,2,6,2,2,0,2,0,4,3,0
2018,2,R,전통시장,2130033,대림상가(청계상가),454,327,127,1,31,88,145,104,85,1,22,60,100,75,69,0,9,28,45,29,16
2018,2,R,전통시장,2130032,인현시장,546,354,192,2,33,93,159,169,90,0,18,52,105,110,69,2,15,41,54,59,21
2018,2,R,전통시장,2130031,청계천공구상가,987,652,335,2,95,222,265,220,183,0,37,139,196,139,141,2,58,83,69,81,42
2018,2,R,전통시장,2130030,을지로지하보도쇼핑센터(을지입구지하상가),9,3,6,0,0,1,5,3,0,0,0,1,1,1,0,0,0,0,4,2,0
2018,2,R,전통시장,2130029,명동역지하도상가,6,4,2,0,0,0,4,2,0,0,0,0,3,1,0,0,0,0,1,1,0
2018,2,R,전통시장,2130028,을지입구지하상가(을지로지하보도쇼핑센터),28,12,16,0,5,6,4,7,6,0,1,2,2,4,3,0,4,4,2,3,3
2018,2,R,전통시장,2130026,소공지하도상가,10,5,5,0,0,4,1,1,4,0,0,2,0,1,2,0,0,2,1,0,2
2018,2,R,전통시장,2130025,삼익패션타운(남대문시장),1048,833,215,27,212,205,301,235,68,23,166,155,237,198,54,4,46,50,64,37,14
2018,2,R,전통시장,2130024,남대문시장(자유상가),3056,1643,1413,3,271,651,753,729,649,1,106,341,379,391,425,2,165,310,374,338,224
2018,2,R,전통시장,2130023,남대문로 지하상가(남대문지하쇼핑센터),5,2,3,0,0,0,1,1,3,0,0,0,0,0,2,0,0,0,1,1,1
2018,2,R,전통시장,2130022,숭례문수입상가(남대문시장),5624,3039,2585,84,1455,2428,1238,365,54,17,620,1420,689,254,39,67,835,1008,549,111,15
2018,2,R,전통시장,2130021,신설종합시장,150,109,41,0,9,30,45,47,19,0,7,25,35,31,11,0,2,5,10,16,8
2018,2,R,전통시장,2130020,동묘시장(동묘벼룩시장),191,111,80,1,28,37,52,44,29,1,13,19,33,28,17,0,15,18,19,16,12
2018,2,R,전통시장,2130019,동대문상가D동,37,26,11,0,2,14,8,3,10,0,2,8,6,2,8,0,0,6,2,1,2
2018,2,R,전통시장,2130018,동대문문구완구거리(동대문문구완구시장),742,308,434,1,197,199,143,116,86,0,50,88,69,54,47,1,147,111,74,62,39
2018,2,R,전통시장,2130017,동대문상가C동,181,145,36,0,24,84,42,20,11,0,20,71,36,12,6,0,4,13,6,8,5
2018,2,R,전통시장,2130016,동대문상가B동,35,24,11,1,2,7,12,2,11,0,0,5,10,1,8,1,2,2,2,1,3
2018,2,R,전통시장,2130015,창신골목시장,162,79,83,0,11,25,51,54,21,0,6,14,26,22,11,0,5,11,25,32,10
2018,2,R,전통시장,2130014,동문시장,31,25,6,0,0,2,10,3,16,0,0,1,5,3,16,0,0,1,5,0,0
2018,2,R,전통시장,2130013,동대문상가A동,10,5,5,0,0,1,4,4,1,0,0,1,2,1,1,0,0,0,2,3,0
2018,2,R,전통시장,2130012,"동대문종합시장(동대문종합시장 신관, 동대문종합시장D동상가)",4711,3298,1413,4,779,1464,1268,853,343,1,531,1131,829,575,231,3,248,333,439,278,112
2018,2,R,전통시장,2130011,충신시장,315,191,124,5,68,100,82,46,14,3,35,71,43,29,10,2,33,29,39,17,4
2018,2,R,전통시장,2130010,종로신진시장,654,372,282,1,58,127,167,182,119,1,34,80,96,89,72,0,24,47,71,93,47
2018,2,R,전통시장,2130009,마전교지하쇼핑센터(구 한일상가),94,63,31,0,8,22,19,24,21,0,5,16,16,14,12,0,3,6,3,10,9
2018,2,R,전통시장,2130007,광장시장(광장전통시장),1078,662,416,1,82,189,249,293,264,1,46,125,160,157,173,0,36,64,89,136,91
2018,2,R,전통시장,2130006,종로4가지하쇼핑센터,14,8,6,0,0,5,5,1,3,0,0,2,3,1,2,0,0,3,2,0,1
2018,2,R,전통시장,2130005,세운상가가동,576,397,179,0,54,129,153,129,111,0,26,94,109,85,83,0,28,35,44,44,28
2018,2,R,전통시장,2130004,낙원시장(낙원지하시장(대일상가)),427,303,124,0,42,95,91,89,110,0,27,78,65,60,73,0,15,17,26,29,37
2018,2,R,전통시장,2130002,세종마을음식문화거리(금천교시장),543,275,268,2,75,117,105,131,113,1,40,69,55,47,63,1,35,48,50,84,50
2018,2,R,전통시장,2130001,통인시장,259,176,83,0,67,109,36,30,17,0,45,83,23,18,7,0,22,26,13,12,10
2018,2,D,발달상권,2120249,고덕역,1309,597,712,7,180,271,273,322,256,2,57,142,108,141,147,5,123,129,165,181,109
2018,2,D,발달상권,2120248,명일역,1713,610,1103,4,249,267,361,457,375,3,72,120,141,128,146,1,177,147,220,329,229
2018,2,D,발달상권,2120247,굽은다리역,1055,461,594,7,164,245,262,215,162,1,48,123,121,81,87,6,116,122,141,134,75
2018,2,D,발달상권,2120246,길동역,4943,2306,2637,4,665,934,1123,1188,1029,0,283,483,568,425,547,4,382,451,555,763,482
2018,2,D,발달상권,2120245,둔촌역,2801,1504,1297,5,408,757,695,577,359,1,169,437,380,275,242,4,239,320,315,302,117
2018,2,D,발달상권,2120244,암사역,1080,458,622,1,147,206,249,243,234,0,42,89,117,86,124,1,105,117,132,157,110
2018,2,D,발달상권,2120243,천호역,4090,1785,2305,23,968,1064,905,615,515,6,262,502,444,264,307,17,706,562,461,351,208
2018,2,D,발달상권,2120242,강동구청역,11671,6321,5350,23,1285,2400,2750,2900,2313,17,681,1504,1498,1235,1386,6,604,896,1252,1665,927
2018,2,D,발달상권,2120241,거여역,2465,1322,1143,7,196,394,497,566,805,4,101,260,280,208,469,3,95,134,217,358,336
2018,2,D,발달상권,2120240,개롱역,1425,688,737,2,203,299,435,335,151,2,77,160,208,147,94,0,126,139,227,188,57
2018,2,D,발달상권,2120239,오금역,4536,2671,1865,11,722,1205,1184,827,587,9,320,739,770,450,383,2,402,466,414,377,204
2018,2,D,발달상권,2120238,방이역,773,365,408,1,96,177,211,152,136,0,29,75,83,75,103,1,67,102,128,77,33
2018,2,D,발달상권,2120237,경찰병원역,9892,5226,4666,15,1672,2441,2263,2223,1278,4,664,1478,1409,1034,637,11,1008,963,854,1189,641
2018,2,D,발달상권,2120236,장지역(가든파이브),8855,5963,2892,54,1215,2364,2303,1664,1255,28,636,1593,1581,1131,994,26,579,771,722,533,261
2018,2,D,발달상권,2120235,문정역,34275,22355,11920,118,6398,10892,8651,5229,2987,43,3101,7425,6096,3367,2323,75,3297,3467,2555,1862,664
2018,2,D,발달상권,2120234,가락시장역,8907,5472,3435,37,1445,2392,2170,1642,1221,21,632,1404,1427,1117,871,16,813,988,743,525,350
2018,2,D,발달상권,2120233,몽촌토성역,4477,3000,1477,7,776,1528,1068,638,460,4,381,1040,798,435,342,3,395,488,270,203,118
2018,2,D,발달상권,2120232,송파나루역,1296,769,527,4,196,308,281,298,209,2,77,187,157,178,168,2,119,121,124,120,41
2018,2,D,발달상권,2120231,가락시장,10332,7198,3134,5,557,1868,2825,3107,1970,2,372,1498,2067,1927,1332,3,185,370,758,1180,638
2018,2,D,발달상권,2120230,송파사거리(송파역),1025,471,554,3,107,205,264,219,227,1,35,97,143,87,108,2,72,108,121,132,119
2018,2,D,발달상권,2120229,방이동먹자골목,5733,3442,2291,26,919,1457,1339,1147,845,18,504,914,840,648,518,8,415,543,499,499,327
2018,2,D,발달상권,2120228,석촌역(석촌호수),4298,2382,1916,10,609,1049,953,881,796,4,254,620,542,456,506,6,355,429,411,425,290
2018,2,D,발달상권,2120227,잠실역,85339,46124,39215,348,17475,26596,23280,15417,2223,171,8768,17678,13216,5018,1273,177,8707,8918,10064,10399,950
2018,2,D,발달상권,2120226,석촌고분역,3244,2214,1030,10,352,578,642,546,1116,4,174,357,394,302,983,6,178,221,248,244,133
2018,2,D,발달상권,2120225,잠실새내역(신천),9641,5426,4215,30,1847,2201,2352,1817,1394,17,731,1203,1399,1123,953,13,1116,998,953,694,441
2018,2,D,발달상권,2120224,수서역,17285,7569,9716,56,4488,5248,3293,2624,1576,11,1042,2504,1787,1148,1077,45,3446,2744,1506,1476,499
2018,2,D,발달상권,2120223,휘문고교사거리,7065,4251,2814,12,1256,2718,1784,768,527,4,494,1670,1231,506,346,8,762,1048,553,262,181
2018,2,D,발달상권,2120222,삼성역,53346,30480,22866,247,11380,17191,12860,7114,4554,113,4354,10159,8818,4257,2779,134,7026,7032,4042,2857,1775
2018,2,D,발달상권,2120221,봉은사역,24216,15502,8714,38,5230,6156,4260,4086,4446,15,2747,4400,3147,2452,2741,23,2483,1756,1113,1634,1705
2018,2,D,발달상권,2120220,대치역,5809,3230,2579,103,1865,2217,937,421,266,0,738,1413,658,241,180,103,1127,804,279,180,86
2018,2,D,발달상권,2120219,은마아파트,2303,900,1403,21,420,579,606,458,219,8,103,250,250,168,121,13,317,329,356,290,98
2018,2,D,발달상권,2120218,코엑스,13231,8043,5188,16,2814,4691,3752,1590,368,6,1007,2544,2868,1350,268,10,1807,2147,884,240,100
2018,2,D,발달상권,2120217,대치사거리,4250,2546,1704,9,859,1466,1028,548,340,1,437,988,613,275,232,8,422,478,415,273,108
2018,2,D,발달상권,2120216,경기고교사거리(경기고교앞사거리),6397,4395,2002,11,851,1891,1820,917,907,7,326,1276,1509,700,577,4,525,615,311,217,330
2018,2,D,발달상권,2120215,포스코사거리,55196,33253,21943,198,10715,20941,14457,6387,2498,55,4331,12842,10059,4260,1706,143,6384,8099,4398,2127,792
2018,2,D,발달상권,2120214,영동대교남단교차로,5265,3239,2026,17,916,1705,1263,878,486,5,351,1055,904,584,340,12,565,650,359,294,146
2018,2,D,발달상권,2120213,삼성중앙역,10040,5228,4812,40,2187,3764,2308,1135,606,18,833,1970,1443,614,350,22,1354,1794,865,521,256
2018,2,D,발달상권,2120212,한티역,1776,771,1005,7,348,480,420,317,204,2,108,211,207,141,102,5,240,269,213,176,102
2018,2,D,발달상권,2120211,도성초등학교,2044,935,1109,9,425,702,428,292,188,2,104,281,236,190,122,7,321,421,192,102,66
2018,2,D,발달상권,2120210,선릉역,58788,30088,28700,225,15870,16802,12533,8983,4375,105,6050,9436,7194,4585,2718,120,9820,7366,5339,4398,1657
2018,2,D,발달상권,2120209,"강남구청(청담역_8번, 강남세무서)",4705,1823,2882,45,1146,1384,987,719,424,13,280,594,419,272,245,32,866,790,568,447,179
2018,2,D,발달상권,2120208,청담사거리(청담동명품거리),16321,5769,10552,95,5458,6136,2901,1152,579,19,1366,2281,1237,532,334,76,4092,3855,1664,620,245
2018,2,D,발달상권,2120207,선정릉역,14169,7896,6273,46,3114,4979,3540,1643,847,18,1112,2776,2307,1076,607,28,2002,2203,1233,567,240
2018,2,D,발달상권,2120206,개나리아파트,4882,2794,2088,84,1580,1432,918,515,353,25,755,834,624,315,241,59,825,598,294,200,112
2018,2,D,발달상권,2120205,매봉역,11680,6265,5415,14,1881,2632,2265,1781,3107,6,835,1587,1318,972,1547,8,1046,1045,947,809,1560
2018,2,D,발달상권,2120204,르네상스호텔사거리,15105,8779,6326,41,2775,4812,3796,2104,1577,23,1182,2782,2500,1359,933,18,1593,2030,1296,745,644
2018,2,D,발달상권,2120203,강남구청역,12833,6554,6279,45,2301,3872,3243,2337,1035,20,776,2071,1988,1106,593,25,1525,1801,1255,1231,442
2018,2,D,발달상권,2120202,압구정로데오역(압구정로데오),6385,2710,3675,63,2457,2000,1016,465,384,16,839,915,495,244,201,47,1618,1085,521,221,183
2018,2,D,발달상권,2120201,도곡1동,7283,4270,3013,22,1236,2325,1940,1073,687,8,477,1284,1311,689,501,14,759,1041,629,384,186
2018,2,D,발달상권,2120200,학동사거리,15430,6957,8473,77,5337,5551,2717,1047,701,33,1599,2652,1509,674,490,44,3738,2899,1208,373,211
2018,2,D,발달상권,2120199,경복아파트교차로,11191,6181,5010,55,2072,3145,2307,1679,1933,29,855,1908,1552,854,983,26,1217,1237,755,825,950
2018,2,D,발달상권,2120198,구역삼세무서,15898,7927,7971,37,3483,4571,3756,2563,1488,16,1037,2488,2231,1260,895,21,2446,2083,1525,1303,593
2018,2,D,발달상권,2120197,역삼역,81572,50468,31104,224,17327,28322,20216,11281,4202,92,7607,18103,14663,7315,2688,132,9720,10219,5553,3966,1514
2018,2,D,발달상권,2120196,서울세관,9339,5516,3823,36,1840,2899,2410,1368,786,4,691,1597,1638,1033,553,32,1149,1302,772,335,233
2018,2,D,발달상권,2120195,성수대교남단,6044,2673,3371,86,2070,2053,1022,479,334,25,747,907,587,222,185,61,1323,1146,435,257,149
2018,2,D,발달상권,2120194,언주역(차병원),13388,7354,6034,60,3246,3918,3020,2053,1091,27,1235,2202,2046,1099,745,33,2011,1716,974,954,346
2018,2,D,발달상권,2120193,도산공원교차로,9935,5616,4319,29,2223,3515,2221,1268,679,10,792,2013,1416,882,503,19,1431,1502,805,386,176
2018,2,D,발달상권,2120192,뱅뱅사거리,27702,17691,10011,74,4765,8714,7040,4376,2733,30,2024,5434,5127,3147,1929,44,2741,3280,1913,1229,804
2018,2,D,발달상권,2120191,학동역,20231,10575,9656,59,4949,6062,4106,2173,2882,14,1505,3306,2604,1227,1919,45,3444,2756,1502,946,963
2018,2,D,발달상권,2120190,강남을지병원,14688,7399,7289,49,4105,4769,3235,1554,976,21,1358,2388,1952,961,719,28,2747,2381,1283,593,257
2018,2,D,발달상권,2120189,강남역,87524,42299,45225,588,20464,27897,21068,11547,5960,161,6597,14222,12731,5962,2626,427,13867,13675,8337,5585,3334
2018,2,D,발달상권,2120188,압구정역,18965,7861,11104,1061,7808,4157,2550,1880,1509,416,3006,1787,1279,712,661,645,4802,2370,1271,1168,848
2018,2,D,발달상권,2120187,신논현역,14693,7754,6939,78,3868,4865,3031,1614,1237,20,1309,2713,2041,954,717,58,2559,2152,990,660,520
2018,2,D,발달상권,2120186,가로수길,9582,4606,4976,54,2902,3204,1810,967,645,24,1021,1732,999,447,383,30,1881,1472,811,520,262
2018,2,D,발달상권,2120185,논현역,17640,9481,8159,71,3476,5984,4479,2127,1503,11,1206,3253,2735,1276,1000,60,2270,2731,1744,851,503
2018,2,D,발달상권,2120184,포이사거리(삼호물산),19713,11302,8411,57,2666,5148,5399,4341,2102,29,1159,3281,3275,2227,1331,28,1507,1867,2124,2114,771
2018,2,D,발달상권,2120183,양재천카페거리,4168,2742,1426,11,867,1539,902,557,292,6,436,1091,637,385,187,5,431,448,265,172,105
2018,2,D,발달상권,2120182,"양재시민의숲역(양재동꽃시장, aT센터)",5794,3730,2064,15,758,1568,1475,1120,858,4,369,992,1003,714,648,11,389,576,472,406,210
2018,2,D,발달상권,2120181,교육개발원입구사거리,6988,4510,2478,23,1152,2038,1653,1193,929,12,547,1357,1209,784,601,11,605,681,444,409,328
2018,2,D,발달상권,2120180,양재화물트럭터미널앞,4247,3435,812,5,758,1554,1165,587,178,2,514,1263,1014,497,145,3,244,291,151,90,33
2018,2,D,발달상권,2120179,양재역,19471,11103,8368,107,4024,5409,4510,3087,2334,43,1392,3185,3024,1885,1574,64,2632,2224,1486,1202,760
2018,2,D,발달상권,2120178,신사역,17456,8660,8796,45,4231,5588,3821,2295,1476,18,1138,2822,2477,1250,955,27,3093,2766,1344,1045,521
2018,2,D,발달상권,2120177,신논현역 1번,2041,1457,584,4,486,823,435,225,68,1,315,601,346,142,52,3,171,222,89,83,16
2018,2,D,발달상권,2120176,논현역 4번,1102,710,392,2,203,298,266,168,165,2,98,187,198,113,112,0,105,111,68,55,53
2018,2,D,발달상권,2120175,남부터미널역,22678,11541,11137,98,5353,6432,5204,3900,1691,52,2232,3765,2936,1578,978,46,3121,2667,2268,2322,713
2018,2,D,발달상권,2120174,논현역 5번,937,588,349,3,161,267,248,143,115,2,57,175,178,99,77,1,104,92,70,44,38
2018,2,D,발달상권,2120173,교대역(법원.검찰청),25044,13235,11809,94,4555,7709,6258,3882,2546,32,1358,3719,3701,2546,1879,62,3197,3990,2557,1336,667
2018,2,D,발달상권,2120172,교대입구교차로,14630,8394,6236,50,3055,4121,3537,2323,1544,20,1400,2516,2194,1221,1043,30,1655,1605,1343,1102,501
2018,2,D,발달상권,2120171,서초3동사거리,10609,6595,4014,24,1687,3024,2550,1772,1552,8,694,1926,1814,1098,1055,16,993,1098,736,674,497
2018,2,D,발달상권,2120170,삼호가든사거리,2570,1274,1296,10,477,852,621,363,247,0,134,369,390,213,168,10,343,483,231,150,79
2018,2,D,발달상권,2120169,서초역,21982,10843,11139,63,4837,6696,5577,3303,1506,18,1517,3396,2952,1831,1129,45,3320,3300,2625,1472,377
2018,2,D,발달상권,2120168,서울고교교차로,2664,1722,942,3,451,1003,807,288,112,2,151,641,625,230,73,1,300,362,182,58,39
2018,2,D,발달상권,2120167,고속터미널(고속터미널역),5056,2504,2552,15,746,915,998,1095,1287,4,362,519,571,527,521,11,384,396,427,568,766
2018,2,D,발달상권,2120166,방배역,6402,3737,2665,25,1258,1697,1379,970,1073,6,479,943,930,551,828,19,779,754,449,419,245
2018,2,D,발달상권,2120165,서래마을카페거리(서래마을),3001,1625,1376,39,712,818,696,459,277,11,317,434,413,288,162,28,395,384,283,171,115
2018,2,D,발달상권,2120164,내방역,9073,4497,4576,26,1583,2308,2278,1872,1006,13,624,1274,1143,793,650,13,959,1034,1135,1079,356
2018,2,D,발달상권,2120163,사당역 11번(사당역먹자골목),254,141,113,0,27,48,79,46,54,0,14,24,46,27,30,0,13,24,33,19,24
2018,2,D,발달상권,2120162,방배동카페골목,1854,1117,737,15,316,468,397,269,389,13,159,317,270,146,212,2,157,151,127,123,177
2018,2,D,발달상권,2120161,방배동가구거리(사당동가구거리),1678,1043,635,2,263,542,378,233,260,0,108,369,277,159,130,2,155,173,101,74,130
2018,2,D,발달상권,2120160,사당역(사당),7245,3474,3771,18,1253,1635,1728,1800,811,12,542,941,852,630,497,6,711,694,876,1170,314
2018,2,D,발달상권,2120159,서울대입구역,3153,1509,1644,19,557,729,791,535,522,7,200,334,397,258,313,12,357,395,394,277,209
2018,2,D,발달상권,2120158,녹두거리(대학동),1104,717,387,2,121,175,303,342,161,1,38,99,212,257,110,1,83,76,91,85,51
2018,2,D,발달상권,2120157,신림역(신림),2207,967,1240,5,477,406,504,440,375,1,164,196,245,161,200,4,313,210,259,279,175
2018,2,D,발달상권,2120156,"총신대입구역(이수, 총신대)",5317,2407,2910,22,835,1253,1311,1202,694,9,294,672,673,428,331,13,541,581,638,774,363
2018,2,D,발달상권,2120155,총신대학교,120,61,59,0,16,21,37,37,9,0,6,10,21,17,7,0,10,11,16,20,2
2018,2,D,발달상권,2120154,장승배기역,1065,495,570,2,109,181,276,303,194,0,38,78,130,167,82,2,71,103,146,136,112
2018,2,D,발달상권,2120153,노량진역(노량진),5758,3241,2517,9,656,1534,1462,1407,690,1,264,717,863,938,458,8,392,817,599,469,232
2018,2,D,발달상권,2120152,신대방삼거리역,1370,666,704,7,160,333,340,300,230,1,55,159,188,137,126,6,105,174,152,163,104
2018,2,D,발달상권,2120151,보라매공원,11679,6352,5327,24,1841,3884,3563,1774,593,12,666,1878,2053,1303,440,12,1175,2006,1510,471,153
2018,2,D,발달상권,2120150,63빌딩,12078,5982,6096,8,1573,3099,3728,2774,896,5,597,1735,2007,1397,241,3,976,1364,1721,1377,655
2018,2,D,발달상권,2120149,여의도역(여의도),124796,73876,50920,429,17441,40841,38524,21295,6266,93,7425,21848,24548,16163,3799,336,10016,18993,13976,5132,2467
2018,2,D,발달상권,2120148,국회의사당역(국회의사당),38936,23298,15638,68,7726,14343,9283,5140,2376,15,2963,8318,6607,3747,1648,53,4763,6025,2676,1393,728
2018,2,D,발달상권,2120147,보라매역,2720,1570,1150,32,374,524,503,514,773,2,111,313,311,312,521,30,263,211,192,202,252
2018,2,D,발달상권,2120146,한강성심병원,5605,3615,1990,6,731,1232,1377,1176,1083,5,291,735,969,885,730,1,440,497,408,291,353
2018,2,D,발달상권,2120145,영등포역(영등포),7547,3839,3708,59,1623,2068,1699,1260,838,18,642,1097,902,672,508,41,981,971,797,588,330
2018,2,D,발달상권,2120144,영중로,6357,4067,2290,35,917,1781,1506,1231,887,18,441,1205,1075,705,623,17,476,576,431,526,264
2018,2,D,발달상권,2120143,당산역,10089,6204,3885,43,1166,1663,2151,2469,2597,23,630,1166,1370,1342,1673,20,536,497,781,1127,924
2018,2,D,발달상권,2120142,대림역,1596,919,677,1,154,314,434,425,268,1,60,175,253,259,171,0,94,139,181,166,97
2018,2,D,발달상권,2120141,영등포청과시장교차로,2021,861,1160,4,200,486,680,442,209,1,72,219,305,142,122,3,128,267,375,300,87
2018,2,D,발달상권,2120140,문래동주민센터,16853,8347,8506,65,3909,5115,4368,2051,1345,28,1465,2648,2267,1074,865,37,2444,2467,2101,977,480
2018,2,D,발달상권,2120139,대림3동사거리,4668,2865,1803,14,581,1109,1214,969,781,11,292,758,864,551,389,3,289,351,350,418,392
2018,2,D,발달상권,2120138,당산2동(영등포우체국),15228,7236,7992,86,3878,4533,3726,1987,1018,32,1340,2244,1773,1148,699,54,2538,2289,1953,839,319
2018,2,D,발달상권,2120137,문래역(문래로데오거리),247,100,147,0,47,65,68,57,10,0,15,27,31,20,7,0,32,38,37,37,3
2018,2,D,발달상권,2120136,영등포구청역,10107,5263,4844,28,1696,1929,1893,2218,2343,21,828,1089,1088,966,1271,7,868,840,805,1252,1072
2018,2,D,발달상권,2120135,양평역,7143,3908,3235,36,1839,1952,1659,1122,535,12,809,1152,932,550,453,24,1030,800,727,572,82
2018,2,D,발달상권,2120134,구로전화국,3294,2297,997,0,235,449,503,592,1515,0,93,239,291,316,1358,0,142,210,212,276,157
2018,2,D,발달상권,2120133,서울시흥동우체국(홈플러스시흥점),364,144,220,0,45,84,84,84,67,0,15,40,31,29,29,0,30,44,53,55,38
2018,2,D,발달상권,2120132,독산동,11858,8090,3768,41,1543,3006,3016,2833,1419,24,924,2142,2087,1832,1081,17,619,864,929,1001,338
2018,2,D,발달상권,2120131,가산디지털단지,130658,84208,46450,513,27055,42375,33097,17893,9725,283,13256,28574,23462,11637,6996,230,13799,13801,9635,6256,2729
2018,2,D,발달상권,2120130,구로디지털단지역,2095,1037,1058,3,381,473,485,405,348,3,144,225,257,191,217,0,237,248,228,214,131
2018,2,D,발달상권,2120129,구로디지털단지,74526,45339,29187,319,15829,25917,17841,9321,5299,180,7174,17152,12168,5203,3462,139,8655,8765,5673,4118,1837
2018,2,D,발달상권,2120128,신도림역,7690,3203,4487,27,1635,2831,1780,903,514,10,530,1024,866,488,285,17,1105,1807,914,415,229
2018,2,D,발달상권,2120127,구로구청,9254,6594,2660,8,1318,2483,2175,1892,1378,2,947,2039,1662,1119,825,6,371,444,513,773,553
2018,2,D,발달상권,2120126,디지털단지오거리,140,89,51,0,15,23,43,39,20,0,5,17,30,22,15,0,10,6,13,17,5
2018,2,D,발달상권,2120125,구로역,20833,12087,8746,36,2557,6211,5788,4105,2136,19,1106,3244,3422,2695,1601,17,1451,2967,2366,1410,535
2018,2,D,발달상권,2120124,개봉동 현대아파트,929,360,569,1,91,165,244,247,181,1,25,65,101,96,72,0,66,100,143,151,109
2018,2,D,발달상권,2120123,오류동역,1683,788,895,14,189,259,377,439,405,5,71,141,154,154,263,9,118,118,223,285,142
2018,2,D,발달상권,2120122,강서구청,3078,1681,1397,9,353,650,834,747,485,7,146,346,492,404,286,2,207,304,342,343,199
2018,2,D,발달상권,2120121,까치산역,854,309,545,3,123,153,188,224,163,0,35,69,84,67,54,3,88,84,104,157,109
2018,2,D,발달상권,2120120,화곡역,2252,912,1340,10,336,489,589,597,231,2,79,227,291,186,127,8,257,262,298,411,104
2018,2,D,발달상권,2120119,발산역(마곡),6541,3923,2618,37,1254,1731,1537,1109,873,7,528,1070,997,679,642,30,726,661,540,430,231
2018,2,D,발달상권,2120118,마곡역(마곡),667,380,287,0,150,263,157,63,34,0,55,154,110,43,18,0,95,109,47,20,16
2018,2,D,발달상권,2120117,강서농산물도매시장,1586,1085,501,3,91,293,490,440,269,1,65,226,323,285,185,2,26,67,167,155,84
2018,2,D,발달상권,2120116,송정역,360,198,162,1,46,64,90,85,74,0,15,34,50,46,53,1,31,30,40,39,21
2018,2,D,발달상권,2120115,김포공항역(김포공항),55,29,26,0,15,13,12,13,2,0,3,6,7,12,1,0,12,7,5,1,1
2018,2,D,발달상권,2120114,목동신시가지,12685,7932,4753,50,1823,3273,3620,2815,1104,20,777,1944,2459,2011,721,30,1046,1329,1161,804,383
2018,2,D,발달상권,2120113,오목교역,1430,598,832,8,307,362,316,265,172,1,91,170,136,103,97,7,216,192,180,162,75
2018,2,D,발달상권,2120112,등촌역,2612,1547,1065,13,395,635,664,508,397,9,139,368,418,316,297,4,256,267,246,192,100
2018,2,D,발달상권,2120111,목동사거리,1057,484,573,2,120,212,258,264,201,0,53,104,114,102,111,2,67,108,144,162,90
2018,2,D,발달상권,2120110,목동역 8번출구,2143,965,1178,7,342,416,456,382,540,3,93,184,217,125,343,4,249,232,239,257,197
2018,2,D,발달상권,2120109,서울남부지방법원,2186,1122,1064,7,266,430,516,552,415,4,103,236,285,281,213,3,163,194,231,271,202
2018,2,D,발달상권,2120108,신정네거리역,1791,935,856,4,177,360,443,440,367,1,79,168,223,248,216,3,98,192,220,192,151
2018,2,D,발달상권,2120107,공덕역(공덕오거리),21415,12153,9262,69,4021,6248,5777,4173,1127,27,1764,3636,3611,2395,720,42,2257,2612,2166,1778,407
2018,2,D,발달상권,2120106,마포역,16117,9605,6512,92,2716,3980,3754,3172,2403,33,1217,2455,2547,1808,1545,59,1499,1525,1207,1364,858
2018,2,D,발달상권,2120105,상수역(홍대),1662,892,770,8,497,606,330,134,87,4,214,329,207,81,57,4,283,277,123,53,30
2018,2,D,발달상권,2120104,연남동(홍대),10962,5096,5866,45,3038,3243,2174,1470,992,22,1029,1702,1229,680,434,23,2009,1541,945,790,558
2018,2,D,발달상권,2120103,홍대입구역(홍대),15287,8170,7117,87,4513,4257,3031,1881,1518,42,1734,2525,1914,943,1012,45,2779,1732,1117,938,506
2018,2,D,발달상권,2120102,서교동(홍대),9481,4826,4655,41,1843,2492,2063,1495,1547,12,627,1321,1329,920,617,29,1216,1171,734,575,930
2018,2,D,발달상권,2120101,합정역,8295,4377,3918,35,1720,2859,2301,1002,378,10,529,1433,1475,700,230,25,1191,1426,826,302,148
2018,2,D,발달상권,2120100,망원역,3445,1589,1856,18,940,768,667,611,441,6,378,386,332,189,298,12,562,382,335,422,143
2018,2,D,발달상권,2120099,월드컵경기장역(월드컵경기장),227,121,106,1,39,73,60,31,23,1,23,43,33,10,11,0,16,30,27,21,12
2018,2,D,발달상권,2120098,DMC(디지털미디어시티),26007,15472,10535,29,5084,10402,7425,2543,524,8,1761,6000,5467,1902,334,21,3323,4402,1958,641,190
2018,2,D,발달상권,2120097,충정로역,7082,4729,2353,2,1273,2912,1845,724,326,0,704,1889,1362,537,237,2,569,1023,483,187,89
2018,2,D,발달상권,2120096,"이화여대(이대역, 이대)",1288,551,737,9,234,368,309,215,153,0,61,158,143,96,93,9,173,210,166,119,60
2018,2,D,발달상권,2120095,홍제역,1148,433,715,3,175,228,283,274,185,3,37,87,87,119,100,0,138,141,196,155,85
2018,2,D,발달상권,2120094,"신촌역(신촌역, 신촌로터리)",8438,4056,4382,68,1881,1951,2008,1735,795,36,906,1134,998,649,333,32,975,817,1010,1086,462
2018,2,D,발달상권,2120093,연희동,1156,551,605,1,193,227,287,257,191,0,74,122,141,106,108,1,119,105,146,151,83
2018,2,D,발달상권,2120092,불광역,424,173,251,1,39,76,117,122,69,0,19,25,47,46,36,1,20,51,70,76,33
2018,2,D,발달상권,2120091,본서부병원,1092,439,653,3,133,229,284,262,181,0,33,108,133,90,75,3,100,121,151,172,106
2018,2,D,발달상권,2120090,연신내역,1228,413,815,7,241,236,289,248,207,4,53,92,104,81,79,3,188,144,185,167,128
2018,2,D,발달상권,2120089,구파발역,57,19,38,0,25,14,12,5,1,0,7,5,7,0,0,0,18,9,5,5,1
2018,2,D,발달상권,2120088,구산역,993,346,647,3,145,201,265,233,146,2,32,86,98,63,65,1,113,115,167,170,81
2018,2,D,발달상권,2120087,응암역,517,237,280,1,86,128,115,101,86,1,22,60,57,46,51,0,64,68,58,55,35
2018,2,D,발달상권,2120086,태릉입구역,1349,682,667,1,205,301,295,314,233,1,102,160,158,141,120,0,103,141,137,173,113
2018,2,D,발달상권,2120085,은행사거리,1076,482,594,9,178,203,305,238,143,4,66,96,126,108,82,5,112,107,179,130,61
2018,2,D,발달상권,2120084,공릉역,1156,705,451,2,112,144,213,358,327,0,33,68,130,230,244,2,79,76,83,128,83
2018,2,D,발달상권,2120083,등나무근린공원,1173,541,632,0,141,242,315,268,207,0,58,111,141,107,124,0,83,131,174,161,83
2018,2,D,발달상권,2120082,상계백병원,1876,531,1345,0,508,595,490,199,84,0,113,153,132,84,49,0,395,442,358,115,35
2018,2,D,발달상권,2120081,노원역,5124,1832,3292,36,1197,1110,1110,1001,670,9,296,442,440,355,290,27,901,668,670,646,380
2018,2,D,발달상권,2120080,마들역,522,160,362,2,90,117,124,115,74,0,20,37,34,36,33,2,70,80,90,79,41
2018,2,D,발달상권,2120079,창동역,1788,939,849,1,217,329,510,390,341,0,61,162,266,208,242,1,156,167,244,182,99
2018,2,D,발달상권,2120078,미아사거리역,1055,459,596,10,237,279,248,169,112,5,86,135,112,64,57,5,151,144,136,105,55
2018,2,D,발달상권,2120077,미아역,922,390,532,1,203,229,199,176,114,0,57,89,93,81,70,1,146,140,106,95,44
2018,2,D,발달상권,2120076,수유역,4312,2067,2245,20,736,858,996,904,798,10,277,417,478,428,457,10,459,441,518,476,341
2018,2,D,발달상권,2120075,월곡역,858,435,423,5,124,213,206,165,145,2,50,120,126,73,64,3,74,93,80,92,81
2018,2,D,발달상권,2120074,안암역,335,203,132,3,58,114,88,42,30,0,24,89,56,21,13,3,34,25,32,21,17
2018,2,D,발달상권,2120073,미아사거리,925,341,584,7,180,238,240,170,90,3,61,90,99,43,45,4,119,148,141,127,45
2018,2,D,발달상권,2120072,성신여대,2592,1331,1261,18,641,644,528,404,357,5,234,342,295,225,230,13,407,302,233,179,127
2018,2,D,발달상권,2120071,성북구청,822,342,480,3,143,194,188,177,117,0,53,95,89,62,43,3,90,99,99,115,74
2018,2,D,발달상권,2120070,한성대입구역,1100,489,611,6,183,222,246,245,198,4,67,121,109,109,79,2,116,101,137,136,119
2018,2,D,발달상권,2120069,상봉역,1987,1042,945,9,384,445,428,384,337,3,166,215,232,216,210,6,218,230,196,168,127
2018,2,D,발달상권,2120068,사가정역,422,154,268,1,92,92,93,82,62,0,20,27,45,26,36,1,72,65,48,56,26
2018,2,D,발달상권,2120067,장안동사거리,3356,1437,1919,17,516,707,818,770,528,6,145,308,377,332,269,11,371,399,441,438,259
2018,2,D,발달상권,2120066,장한평역(장한평),13572,8344,5228,49,2302,3185,3011,2575,2450,14,1039,1972,1943,1588,1788,35,1263,1213,1068,987,662
2018,2,D,발달상권,2120065,회기역,1033,579,454,5,146,195,217,192,278,1,62,108,114,92,202,4,84,87,103,100,76
2018,2,D,발달상권,2120064,경희대학교(경희대),458,220,238,4,91,121,106,78,58,0,48,74,56,22,20,4,43,47,50,56,38
2018,2,D,발달상권,2120063,청량리역(청량리),2158,883,1275,15,464,421,445,438,375,9,186,162,160,159,207,6,278,259,285,279,168
2018,2,D,발달상권,2120062,신설동역,11457,4847,6610,26,1254,2641,3399,2674,1463,7,395,1332,1384,942,787,19,859,1309,2015,1732,676
2018,2,D,발달상권,2120061,올림픽대교북단,724,284,440,3,164,182,175,129,71,1,45,80,82,39,37,2,119,102,93,90,34
2018,2,D,발달상권,2120060,강변역(테크노마트),4361,2940,1421,28,625,981,1158,914,655,13,267,657,861,683,459,15,358,324,297,231,196
2018,2,D,발달상권,2120059,구삼강변맛길,2519,1181,1338,8,345,461,430,516,759,8,155,245,220,206,347,0,190,216,210,310,412
2018,2,D,발달상권,2120058,구의사거리,790,375,415,0,123,168,191,189,119,0,31,82,99,98,65,0,92,86,92,91,54
2018,2,D,발달상권,2120057,아차산역,2776,1398,1378,20,341,572,600,679,564,3,142,292,330,303,328,17,199,280,270,376,236
2018,2,D,발달상권,2120056,구의역,3970,2229,1741,8,510,813,925,769,945,1,180,409,522,431,686,7,330,404,403,338,259
2018,2,D,발달상권,2120055,군자역,5134,2967,2167,19,739,1243,1350,1046,737,10,331,741,833,619,433,9,408,502,517,427,304
2018,2,D,발달상권,2120054,어린이대공원역,1103,616,487,2,168,246,278,249,160,0,71,139,161,135,110,2,97,107,117,114,50
2018,2,D,발달상권,2120053,건대입구역(건대),3315,1539,1776,24,996,771,618,468,438,6,396,415,329,175,218,18,600,356,289,293,220
2018,2,D,발달상권,2120052,성수역,15575,8815,6760,72,3153,4203,3677,2694,1776,30,1388,2450,2273,1599,1075,42,1765,1753,1404,1095,701
2018,2,D,발달상권,2120051,뚝섬역,18464,9639,8825,84,4753,5867,4089,2827,844,38,2127,3626,2374,975,499,46,2626,2241,1715,1852,345
2018,2,D,발달상권,2120050,서울숲역,1709,1125,584,11,334,561,479,236,88,8,156,368,345,173,75,3,178,193,134,63,13
2018,2,D,발달상권,2120049,왕십리역(왕십리),3395,2194,1201,20,588,680,816,803,488,9,258,421,556,591,359,11,330,259,260,212,129
2018,2,D,발달상권,2120048,금호역,370,150,220,3,72,84,74,76,61,0,27,37,34,26,26,3,45,47,40,50,35
2018,2,D,발달상권,2120047,한남오거리,3158,1788,1370,9,644,999,685,487,334,4,235,585,425,319,220,5,409,414,260,168,114
2018,2,D,발달상권,2120046,이태원(이태원역),4163,2503,1660,13,1272,1444,719,399,316,4,708,946,452,225,168,9,564,498,267,174,148
2018,2,D,발달상권,2120045,남영동 먹자골목,3399,2365,1034,9,774,1211,858,398,149,0,386,931,692,263,93,9,388,280,166,135,56
2018,2,D,발달상권,2120044,삼각지역,1440,932,508,1,117,312,355,350,305,1,55,196,243,226,211,0,62,116,112,124,94
2018,2,D,발달상권,2120043,서울역,28530,19667,8863,117,4378,9866,9027,3776,1366,18,2016,6550,7158,2889,1036,99,2362,3316,1869,887,330
2018,2,D,발달상권,2120042,"숙대입구역(남영역, 남영동)",12007,6324,5683,424,4502,3591,2182,960,348,174,2046,1965,1269,627,243,250,2456,1626,913,333,105
2018,2,D,발달상권,2120041,신용산역(용산역),47537,24182,23355,138,14222,16803,10726,4143,1505,56,5488,8697,6255,2772,914,82,8734,8106,4471,1371,591
2018,2,D,발달상권,2120040,용산전자상가(용산역),11840,8707,3133,114,1848,4140,3589,1454,695,86,1224,3124,2700,1062,511,28,624,1016,889,392,184
2018,2,D,발달상권,2120039,신당역,6768,3511,3257,4,1246,2241,1633,1015,629,2,532,1135,881,593,368,2,714,1106,752,422,261
2018,2,D,발달상권,2120038,약수역,3905,1827,2078,20,1095,1003,760,532,495,8,417,500,413,228,261,12,678,503,347,304,234
2018,2,D,발달상권,2120037,동대문역사문화공원역,24501,11388,13113,85,5089,6750,5675,4915,1987,17,2466,4145,2935,1274,551,68,2623,2605,2740,3641,1436
2018,2,D,발달상권,2120036,장충동족발거리(남소영길),2269,1505,764,3,380,743,567,315,261,1,151,493,444,228,188,2,229,250,123,87,73
2018,2,D,발달상권,2120035,퇴계로5가,2179,1490,689,2,299,615,679,390,194,0,155,404,508,285,138,2,144,211,171,105,56
2018,2,D,발달상권,2120034,중구청(퇴계로4가),4307,2519,1788,5,345,905,1165,1165,722,0,119,404,658,810,528,5,226,501,507,355,194
2018,2,D,발달상권,2120033,을지로4가역,2039,1064,975,5,360,559,520,370,225,3,112,254,321,206,168,2,248,305,199,164,57
2018,2,D,발달상권,2120032,충무로역,15891,7738,8153,49,2541,3604,4347,3705,1645,13,944,1957,2252,1582,990,36,1597,1647,2095,2123,655
2018,2,D,발달상권,2120031,을지로3가역,33827,20484,13343,104,6547,8550,8364,5847,4415,47,3715,5304,5357,3516,2545,57,2832,3246,3007,2331,1870
2018,2,D,발달상권,2120030,중부경찰서(영화인의거리),20341,11434,8907,467,6139,5345,4029,2761,1600,195,2602,3072,2776,1816,973,272,3537,2273,1253,945,627
2018,2,D,발달상권,2120029,을지로2가,16233,7988,8245,9,1951,6949,5038,1952,334,6,815,2728,2557,1630,252,3,1136,4221,2481,322,82
2018,2,D,발달상권,2120028,명동(명동거리),17721,9459,8262,79,4131,5372,4032,2711,1396,24,1430,2898,2588,1619,900,55,2701,2474,1444,1092,496
2018,2,D,발달상권,2120027,명동역(명동재미로),25604,11875,13729,50,3960,9565,7636,4010,383,14,1184,4147,3627,2641,262,36,2776,5418,4009,1369,121
2018,2,D,발달상권,2120026,을지로입구역,57001,30803,26198,152,9102,21616,16684,8101,1346,23,3030,9980,10405,6400,965,129,6072,11636,6279,1701,381
2018,2,D,발달상권,2120025,롯데백화점(시청광장 지하쇼핑센터),26560,9031,17529,107,12323,8517,3994,1438,181,37,3080,2713,2179,910,112,70,9243,5804,1815,528,69
2018,2,D,발달상권,2120024,회현역,1798,782,1016,8,327,498,426,350,189,2,98,257,186,132,107,6,229,241,240,218,82
2018,2,D,발달상권,2120023,서울시청,18790,9000,9790,63,6823,5321,3539,2240,804,17,2264,2536,2048,1577,558,46,4559,2785,1491,663,246
2018,2,D,발달상권,2120022,북창동(시청역_6번),8182,4281,3901,39,1413,2458,2407,1106,759,4,587,1296,1262,624,508,35,826,1162,1145,482,251
2018,2,D,발달상권,2120021,시청역_8번,48005,31957,16048,120,7697,17753,14592,6689,1154,46,3756,10336,11030,5851,938,74,3941,7417,3562,838,216
2018,2,D,발달상권,2120020,시청역_1번,9606,6224,3382,11,1797,2782,2530,1953,533,3,778,1750,1927,1383,383,8,1019,1032,603,570,150
2018,2,D,발달상권,2120019,경찰청앞교차로,9556,4947,4609,18,1684,3642,2749,1096,367,2,637,1819,1465,760,264,16,1047,1823,1284,336,103
2018,2,D,발달상권,2120018,중림동,5991,3427,2564,11,885,1563,1526,1207,799,6,330,792,996,824,479,5,555,771,530,383,320
2018,2,D,발달상권,2120017,동묘앞역(동묘),1163,377,786,6,155,297,362,202,141,2,38,85,90,68,94,4,117,212,272,134,47
2018,2,D,발달상권,2120016,동대문역,551,316,235,2,75,111,158,102,103,1,29,65,92,60,69,1,46,46,66,42,34
2018,2,D,발달상권,2120015,종로6가,1073,616,457,4,132,284,281,209,163,1,51,167,154,126,117,3,81,117,127,83,46
2018,2,D,발달상권,2120014,종로5가역,4911,2537,2374,243,971,1171,1205,849,472,71,336,623,711,489,307,172,635,548,494,360,165
2018,2,D,발달상권,2120013,이화사거리,6135,4047,2088,7,987,1909,1648,1167,417,1,371,1084,1242,1030,319,6,616,825,406,137,98
2018,2,D,발달상권,2120012,대학로(혜화역),3835,1850,1985,24,1002,1040,783,553,433,10,418,532,403,243,244,14,584,508,380,310,189
2018,2,D,발달상권,2120011,종로4가,3573,2096,1477,9,619,1129,1033,577,206,2,290,654,631,368,151,7,329,475,402,209,55
2018,2,D,발달상권,2120010,원남동사거리,4137,2599,1538,38,871,1402,1015,574,237,5,353,937,756,377,171,33,518,465,259,197,66
2018,2,D,발달상권,2120009,종로3가역,13140,6718,6422,48,2133,3073,3085,2676,2125,19,754,1535,1672,1410,1328,29,1379,1538,1413,1266,797
2018,2,D,발달상권,2120008,인사동,15292,10267,5025,50,2548,4969,3865,2755,1105,33,1089,3199,3053,2166,727,17,1459,1770,812,589,378
2018,2,D,발달상권,2120007,북촌(안국역),20726,17847,2879,22,2516,7853,5653,3952,730,9,1624,6806,5134,3673,601,13,892,1047,519,279,129
2018,2,D,발달상권,2120006,종각역,46177,26138,20039,97,7274,15290,13576,8044,1896,34,2710,7785,8310,6021,1278,63,4564,7505,5266,2023,618
2018,2,D,발달상권,2120005,삼청동,1222,511,711,5,255,343,259,244,116,1,79,148,123,117,43,4,176,195,136,127,73
2018,2,D,발달상권,2120004,종로구청,21413,12013,9400,557,3917,6680,5911,3208,1140,242,1645,3451,3795,2192,688,315,2272,3229,2116,1016,452
2018,2,D,발달상권,2120003,광화문역,80737,46250,34487,875,16369,22700,21355,13514,5924,432,6716,12077,14205,9348,3472,443,9653,10623,7150,4166,2452
2018,2,D,발달상권,2120002,서촌(경복궁역),2688,1415,1273,1,581,949,617,327,213,0,230,521,368,169,127,1,351,428,249,158,86
2018,2,D,발달상권,2120001,서대문역,28935,15584,13351,44,5136,9102,8409,5802,442,5,1517,4425,4654,4657,326,39,3619,4677,3755,1145,116
2018,2,A,골목상권,2111090,강일동주민센터,604,348,256,5,85,125,159,147,83,2,29,72,88,100,57,3,56,53,71,47,26
2018,2,A,골목상권,2111089,상일여고(상일초등학교),1134,451,683,1,60,116,219,272,466,1,28,62,122,124,114,0,32,54,97,148,352
2018,2,A,골목상권,2111088,고덕동성당,267,119,148,1,43,34,38,59,92,1,28,21,13,26,30,0,15,13,25,33,62
2018,2,A,골목상권,2111087,고덕중학교(고덕2동주민센터),131,39,92,0,11,20,26,46,28,0,4,9,8,11,7,0,7,11,18,35,21
2018,2,A,골목상권,2111086,한영중고,267,102,165,0,20,41,76,82,48,0,5,17,27,34,19,0,15,24,49,48,29
2018,2,A,골목상권,2111085,묘곡초등학교(고덕아이파크아파트),400,157,243,0,31,50,64,98,157,0,6,27,29,30,65,0,25,23,35,68,92
2018,2,A,골목상권,2111084,길동신동아아파트,49,28,21,0,14,13,7,6,9,0,7,8,4,3,6,0,7,5,3,3,3
2018,2,A,골목상권,2111083,GS강동자이아파트,371,187,184,3,40,71,75,106,76,2,21,44,39,43,38,1,19,27,36,63,38
2018,2,A,골목상권,2111082,중앙보훈병원,64,44,20,0,7,11,14,16,16,0,6,8,6,11,13,0,1,3,8,5,3
2018,2,A,골목상권,2111081,둔촌푸르지오아파트,235,146,89,0,33,57,64,51,30,0,16,43,39,28,20,0,17,14,25,23,10
2018,2,A,골목상권,2111080,굽은다리역 3번,440,246,194,0,57,79,118,95,91,0,11,48,71,49,67,0,46,31,47,46,24
2018,2,A,골목상권,2111079,둔촌고등학교(둔촌중학교),114,52,62,0,10,16,39,38,11,0,5,6,16,18,7,0,5,10,23,20,4
2018,2,A,골목상권,2111078,굽은다리역 4번,1022,526,496,0,93,227,291,241,170,0,33,119,155,117,102,0,60,108,136,124,68
2018,2,A,골목상권,2111077,길동주민센터(강동도서관),1634,1001,633,1,168,345,356,325,439,0,74,221,214,189,303,1,94,124,142,136,136
2018,2,A,골목상권,2111076,둔촌2동주민센터,477,241,236,3,34,97,106,112,125,1,18,56,58,47,61,2,16,41,48,65,64
2018,2,A,골목상권,2111075,굽은다리역 2번,421,208,213,2,54,104,114,94,53,2,28,62,60,32,24,0,26,42,54,62,29
2018,2,A,골목상권,2111074,명일역 1번,90,47,43,0,4,9,20,28,29,0,1,4,10,16,16,0,3,5,10,12,13
2018,2,A,골목상권,2111073,둔촌동역 1번(한산중학교),2022,1141,881,1,423,660,400,339,199,0,169,376,255,199,142,1,254,284,145,140,57
2018,2,A,골목상권,2111072,굽은다리역 1번(십자성마을),1106,556,550,0,89,168,237,276,336,0,26,76,121,134,199,0,63,92,116,142,137
2018,2,A,골목상권,2111071,천동초등학교,53,36,17,0,2,14,15,16,6,0,1,9,8,14,4,0,1,5,7,2,2
2018,2,A,골목상권,2111070,천호초등학교,103,46,57,0,7,18,23,32,23,0,6,13,14,7,6,0,1,5,9,25,17
2018,2,A,골목상권,2111069,천호1동주민센터,173,93,80,0,21,29,31,54,38,0,10,17,15,30,21,0,11,12,16,24,17
2018,2,A,골목상권,2111068,강동성심병원,1194,373,821,0,463,369,212,106,44,0,107,118,74,44,30,0,356,251,138,62,14
2018,2,A,골목상권,2111067,강동구립성내도서관,894,508,386,2,88,183,188,184,249,2,48,125,113,89,131,0,40,58,75,95,118
2018,2,A,골목상권,2111066,암사동성당(효정하나플러스아파트),393,180,213,0,26,110,108,88,61,0,2,63,57,41,17,0,24,47,51,47,44
2018,2,A,골목상권,2111065,천일초등학교,18,10,8,0,1,5,5,3,4,0,0,4,1,2,3,0,1,1,4,1,1
2018,2,A,골목상권,2111064,둔촌동역 4번,178,99,79,0,15,36,55,52,20,0,6,24,34,26,9,0,9,12,21,26,11
2018,2,A,골목상권,2111063,강동구립 천호도서관,192,53,139,0,24,36,42,51,39,0,2,9,15,10,17,0,22,27,27,41,22
2018,2,A,골목상권,2111062,둔촌동역 3번(성내3동주민센터),691,407,284,0,97,203,173,150,68,0,48,132,90,86,51,0,49,71,83,64,17
2018,2,A,골목상권,2111061,암사역 1번,474,230,244,0,53,106,123,129,63,0,25,52,58,59,36,0,28,54,65,70,27
2018,2,A,골목상권,2111060,암사역 2번(서울강동초등학교),1190,602,588,1,152,308,338,267,124,1,54,147,196,131,73,0,98,161,142,136,51
2018,2,A,골목상권,2111059,강동역 4번(강풀만화거리),1708,914,794,2,175,319,395,461,356,0,76,179,208,220,231,2,99,140,187,241,125
2018,2,A,골목상권,2111058,성내중학교,288,178,110,0,28,79,87,59,35,0,13,47,55,36,27,0,15,32,32,23,8
2018,2,A,골목상권,2111057,천호공원(해공체육문화센터),374,150,224,2,61,76,101,89,45,0,10,25,40,47,28,2,51,51,61,42,17
2018,2,A,골목상권,2111056,천호태영아파트,453,197,256,3,52,62,98,106,132,1,12,31,49,44,60,2,40,31,49,62,72
2018,2,A,골목상권,2111055,선사초등학교,845,320,525,3,34,59,173,348,228,0,13,24,43,83,157,3,21,35,130,265,71
2018,2,A,골목상권,2111054,암사역 4번(삼성광나루아파트),87,40,47,0,10,18,30,16,13,0,2,10,16,7,5,0,8,8,14,9,8
2018,2,A,골목상권,2111053,성내천어린이공원(하니사랑길),1766,936,830,5,282,562,494,279,144,0,104,265,285,168,114,5,178,297,209,111,30
2018,2,A,골목상권,2111052,암사역 3번(천호동자전거거리),699,343,356,2,80,156,240,169,52,2,32,92,120,70,27,0,48,64,120,99,25
2018,2,A,골목상권,2111051,천호역 6번,774,387,387,3,162,183,166,143,117,1,54,97,98,70,67,2,108,86,68,73,50
2018,2,A,골목상권,2111050,강동구청(강동구청역 2번),84,44,40,1,14,24,19,19,7,0,7,11,7,14,5,1,7,13,12,5,2
2018,2,A,골목상권,2111049,천호지구대(천호동자전거거리),740,503,237,0,44,104,143,156,293,0,25,67,88,107,216,0,19,37,55,49,77
2018,2,A,골목상권,2111048,천호역 1번(천호문구완구거리),194,121,73,0,25,57,48,38,26,0,13,35,33,21,19,0,12,22,15,17,7
2018,2,A,골목상권,2111047,마천1치안센터,140,76,64,0,10,26,36,39,29,0,7,16,25,17,11,0,3,10,11,22,18
2018,2,A,골목상권,2111046,마천역(마천초등학교),820,434,386,1,65,115,194,250,195,0,17,48,72,150,147,1,48,67,122,100,48
2018,2,A,골목상권,2111045,개미어린이공원,51,22,29,0,1,13,9,17,11,0,0,8,2,9,3,0,1,5,7,8,8
2018,2,A,골목상권,2111044,남천초등학교,615,259,356,0,49,137,179,174,76,0,17,66,75,67,34,0,32,71,104,107,42
2018,2,A,골목상권,2111043,마천공원,535,417,118,3,15,32,91,186,208,3,11,18,67,148,170,0,4,14,24,38,38
2018,2,A,골목상권,2111042,거여역 1번(거여공원),687,347,340,1,60,128,208,187,103,1,26,69,106,89,56,0,34,59,102,98,47
2018,2,A,골목상권,2111041,거여역 8번,140,78,62,0,2,16,25,38,59,0,1,11,14,16,36,0,1,5,11,22,23
2018,2,A,골목상권,2111040,거여초등학교,189,116,73,0,22,58,45,44,20,0,10,42,27,24,13,0,12,16,18,20,7
2018,2,A,골목상권,2111039,벌말어린이공원,387,242,145,0,32,70,110,100,75,0,17,42,74,61,48,0,15,28,36,39,27
2018,2,A,골목상권,2111038,보인중학교,733,410,323,2,67,119,199,242,104,0,21,69,108,147,65,2,46,50,91,95,39
2018,2,A,골목상권,2111037,Sh수협은행 오금동금융센터(아랫말어린이공원),326,210,116,0,30,97,83,80,36,0,20,77,58,39,16,0,10,20,25,41,20
2018,2,A,골목상권,2111036,투구봉어린이공원,193,125,68,0,17,39,47,55,35,0,8,22,34,32,29,0,9,17,13,23,6
2018,2,A,골목상권,2111035,오금공원(오주중학교),417,260,157,1,30,76,124,107,79,0,18,48,78,69,47,1,12,28,46,38,32
2018,2,A,골목상권,2111034,오동나무공원(송파레미니스1단지),1662,1105,557,4,204,359,410,457,228,0,93,233,297,319,163,4,111,126,113,138,65
2018,2,A,골목상권,2111033,문정동성당,189,86,103,0,12,37,46,46,48,0,4,23,17,25,17,0,8,14,29,21,31
2018,2,A,골목상권,2111032,방이역 1번,5103,3031,2072,9,184,451,513,639,3307,6,81,309,323,292,2020,3,103,142,190,347,1287
2018,2,A,골목상권,2111031,장지동주민센터(한림연예예술고교),2905,1924,981,5,233,381,575,728,983,3,152,281,398,490,600,2,81,100,177,238,383
2018,2,A,골목상권,2111030,방이역 2번,609,381,228,1,78,164,157,129,80,1,40,111,106,67,56,0,38,53,51,62,24
2018,2,A,골목상권,2111029,오금역 4번,541,286,255,1,151,120,135,80,54,1,66,65,69,46,39,0,85,55,66,34,15
2018,2,A,골목상권,2111028,문현중학교(장지역 1번),619,310,309,0,90,119,177,139,94,0,37,65,85,63,60,0,53,54,92,76,34
2018,2,A,골목상권,2111027,문정초등학교,3206,2189,1017,3,158,260,298,399,2088,2,69,136,169,186,1627,1,89,124,129,213,461
2018,2,A,골목상권,2111026,문정역 2번,1233,791,442,2,126,299,324,286,196,0,68,190,200,180,153,2,58,109,124,106,43
2018,2,A,골목상권,2111025,경찰병원역 3번,169,97,72,0,19,37,40,46,27,0,9,19,24,23,22,0,10,18,16,23,5
2018,2,A,골목상권,2111024,경찰병원역 4번(건너말공원),187,113,74,0,19,43,57,46,22,0,7,23,38,31,14,0,12,20,19,15,8
2018,2,A,골목상권,2111023,문정역 1번,947,662,285,2,117,189,308,219,112,2,74,145,216,142,83,0,43,44,92,77,29
2018,2,A,골목상권,2111022,석촌중학교(방이육교),349,162,187,0,32,58,80,125,54,0,19,44,42,35,22,0,13,14,38,90,32
2018,2,A,골목상권,2111021,방이역 4번,4574,3031,1543,18,566,1019,934,788,1249,12,257,588,597,520,1057,6,309,431,337,268,192
2018,2,A,골목상권,2111020,방이동고분군(방산고등학교),588,399,189,0,39,88,109,136,216,0,21,56,77,87,158,0,18,32,32,49,58
2018,2,A,골목상권,2111019,한성백제역 3번,924,542,382,2,104,224,239,235,120,0,40,130,143,145,84,2,64,94,96,90,36
2018,2,A,골목상권,2111018,풍납초등학교(풍납백제문화공원),94,60,34,1,8,20,30,21,14,1,3,14,18,12,12,0,5,6,12,9,2
2018,2,A,골목상권,2111017,송파나루역 3번,228,129,99,2,32,50,53,38,53,1,11,24,30,25,38,1,21,26,23,13,15
2018,2,A,골목상권,2111016,송파역 2번,3421,1570,1851,12,887,1077,743,550,152,8,312,553,467,167,63,4,575,524,276,383,89
2018,2,A,골목상권,2111015,석촌역 3번,1344,712,632,1,145,282,299,293,324,1,58,162,182,131,178,0,87,120,117,162,146
2018,2,A,골목상권,2111014,송파나루역 2번,293,168,125,2,39,74,81,66,31,1,16,42,58,31,20,1,23,32,23,35,11
2018,2,A,골목상권,2111013,송파나루역 1번(송리단길),1879,1243,636,6,290,430,451,388,314,4,166,285,301,249,238,2,124,145,150,139,76
2018,2,A,골목상권,2111012,석촌역 6번,594,305,289,3,90,118,127,142,114,3,32,60,65,71,74,0,58,58,62,71,40
2018,2,A,골목상권,2111011,잠실나루역,560,197,363,0,72,126,156,122,84,0,19,44,37,40,57,0,53,82,119,82,27
2018,2,A,골목상권,2111010,석촌역 7번,1962,816,1146,16,579,402,422,345,198,1,130,182,217,150,136,15,449,220,205,195,62
2018,2,A,골목상권,2111009,송파책박물관,174,128,46,3,18,36,69,35,13,2,13,29,48,25,11,1,5,7,21,10,2
2018,2,A,골목상권,2111008,석촌고분역 3번,743,385,358,3,65,151,201,191,132,2,39,82,108,82,72,1,26,69,93,109,60
2018,2,A,골목상권,2111007,석촌고분역 4번,826,412,414,2,92,206,205,227,94,0,27,116,126,95,48,2,65,90,79,132,46
2018,2,A,골목상권,2111006,석촌고분역 1번,969,525,444,1,117,232,291,203,125,1,33,112,176,112,91,0,84,120,115,91,34
2018,2,A,골목상권,2111005,삼전역 3번,1303,899,404,0,160,219,236,297,391,0,83,169,143,190,314,0,77,50,93,107,77
2018,2,A,골목상권,2111004,삼전역 1번,3000,1710,1290,29,371,718,603,613,666,24,161,414,362,338,411,5,210,304,241,275,255
2018,2,A,골목상권,2111003,삼전역 4번,2034,1262,772,15,271,500,551,442,255,7,125,321,370,264,175,8,146,179,181,178,80
2018,2,A,골목상권,2111002,한국교통안전공단 강남자동차검사소,574,311,263,0,26,123,180,144,101,0,12,67,93,75,64,0,14,56,87,69,37
2018,2,A,골목상권,2111001,아래방죽마을공원(율현초등학교),88,44,44,0,7,23,24,16,18,0,2,12,10,7,13,0,5,11,14,9,5
2018,2,A,골목상권,2111000,대왕초등학교(세곡동사거리서남측),48,26,22,0,2,12,19,12,3,0,1,7,9,8,1,0,1,5,10,4,2
2018,2,A,골목상권,2110999,윗방죽마을공원,353,179,174,0,42,78,97,79,57,0,14,30,57,43,35,0,28,48,40,36,22
2018,2,A,골목상권,2110998,은곡마을(은곡마을공원),736,453,283,0,131,197,136,127,145,0,47,107,76,93,130,0,84,90,60,34,15
2018,2,A,골목상권,2110997,대청초등학교,2191,1006,1185,1,174,342,578,660,436,0,78,203,259,229,237,1,96,139,319,431,199
2018,2,A,골목상권,2110996,대치2동주민센터,1268,984,284,5,153,337,382,279,112,4,83,264,324,225,84,1,70,73,58,54,28
2018,2,A,골목상권,2110995,봉은사역 4번,3072,1735,1337,8,318,701,737,873,435,4,127,410,456,458,280,4,191,291,281,415,155
2018,2,A,골목상권,2110994,개포고등학교,434,228,206,5,77,86,76,110,80,4,35,54,48,49,38,1,42,32,28,61,42
2018,2,A,골목상권,2110993,개포지하차도 북측,70,49,21,0,7,18,22,14,9,0,4,12,18,10,5,0,3,6,4,4,4
2018,2,A,골목상권,2110992,도곡초등학교,514,230,284,2,108,106,151,108,39,2,41,47,69,46,25,0,67,59,82,62,14
2018,2,A,골목상권,2110991,삼성중앙역 5번,1115,691,424,2,175,518,258,115,47,1,61,327,184,88,30,1,114,191,74,27,17
2018,2,A,골목상권,2110990,청담역 12번,338,97,241,0,92,114,66,45,21,0,18,31,27,15,6,0,74,83,39,30,15
2018,2,A,골목상권,2110989,대치동아우편취급국,475,297,178,3,54,139,131,91,57,3,24,102,83,45,40,0,30,37,48,46,17
2018,2,A,골목상권,2110988,청담역 3번,349,172,177,2,73,127,67,45,35,0,25,71,40,23,13,2,48,56,27,22,22
2018,2,A,골목상권,2110987,영동대교남단,227,113,114,1,55,79,48,23,21,0,19,41,27,10,16,1,36,38,21,13,5
2018,2,A,골목상권,2110986,삼성중앙역 7번,72,35,37,1,14,15,29,8,5,0,6,10,11,5,3,1,8,5,18,3,2
2018,2,A,골목상권,2110985,청담근린공원,475,237,238,1,119,150,123,48,34,1,38,71,78,25,24,0,81,79,45,23,10
2018,2,A,골목상권,2110984,포이초등학교(개포목련어린이공원),2777,1732,1045,11,342,622,698,609,495,8,204,455,428,328,309,3,138,167,270,281,186
2018,2,A,골목상권,2110983,국립국악고등학교,730,502,228,0,76,161,159,184,150,0,36,109,112,123,122,0,40,52,47,61,28
2018,2,A,골목상권,2110982,강남구보훈회관,177,86,91,0,34,57,48,21,17,0,7,36,25,11,7,0,27,21,23,10,10
2018,2,A,골목상권,2110981,국악고교사거리,1402,853,549,2,146,269,363,307,315,0,69,168,230,170,216,2,77,101,133,137,99
2018,2,A,골목상권,2110980,개포지구대옆,570,348,222,1,78,138,154,119,80,0,29,79,100,77,63,1,49,59,54,42,17
2018,2,A,골목상권,2110979,청담초등학교,271,98,173,0,109,60,46,35,21,0,20,26,19,15,18,0,89,34,27,20,3
2018,2,A,골목상권,2110978,도곡2동주민센터(대치중학교),354,215,139,0,32,67,82,130,43,0,16,46,58,68,27,0,16,21,24,62,16
2018,2,A,골목상권,2110977,논현로18길,148,94,54,0,6,35,40,44,23,0,0,21,27,31,15,0,6,14,13,13,8
2018,2,A,골목상권,2110976,언북초등학교,329,136,193,6,73,100,64,39,47,0,12,50,31,14,29,6,61,50,33,25,18
2018,2,A,골목상권,2110975,매봉역 1번,485,282,203,5,83,140,130,85,42,1,48,88,77,44,24,4,35,52,53,41,18
2018,2,A,골목상권,2110974,언주중학교,250,132,118,1,70,73,67,28,11,0,21,48,40,16,7,1,49,25,27,12,4
2018,2,A,골목상권,2110973,강남구청역 4번,965,557,408,0,218,285,182,159,121,0,80,146,112,119,100,0,138,139,70,40,21
2018,2,A,골목상권,2110972,강남세브란스병원미래의학연구센터,246,118,128,1,38,66,59,51,31,1,10,25,37,24,21,0,28,41,22,27,10
2018,2,A,골목상권,2110971,선정릉역 4번,1004,608,396,6,252,349,230,96,71,3,108,221,165,65,46,3,144,128,65,31,25
2018,2,A,골목상권,2110970,학동초등학교,823,431,392,1,195,348,187,55,37,0,68,189,117,38,19,1,127,159,70,17,18
2018,2,A,골목상권,2110969,베르사이유1아파트,1138,648,490,2,289,405,237,111,94,1,122,255,146,72,52,1,167,150,91,39,42
2018,2,A,골목상권,2110968,강남구청역 2번,497,273,224,0,98,177,119,48,55,0,37,90,81,30,35,0,61,87,38,18,20
2018,2,A,골목상권,2110967,역삼역 8번,570,317,253,0,118,184,142,74,52,0,39,109,89,48,32,0,79,75,53,26,20
2018,2,A,골목상권,2110966,논현2동주민센터,1407,711,696,8,331,426,331,178,133,0,116,209,200,106,80,8,215,217,131,72,53
2018,2,A,골목상권,2110965,언주역 6번,448,228,220,0,87,144,91,72,54,0,29,79,54,34,32,0,58,65,37,38,22
2018,2,A,골목상권,2110964,싸리고개근린공원,148,76,72,0,23,48,30,27,20,0,4,25,17,14,16,0,19,23,13,13,4
2018,2,A,골목상권,2110963,역삼월드메르디앙아파트,243,174,69,2,25,59,81,42,34,0,14,44,59,32,25,2,11,15,22,10,9
2018,2,A,골목상권,2110962,도산공원북측,311,157,154,0,138,85,33,32,23,0,57,51,19,17,13,0,81,34,14,15,10
2018,2,A,골목상권,2110961,언주역 3번,1652,652,1000,2,501,590,326,135,98,0,94,205,189,92,72,2,407,385,137,43,26
2018,2,A,골목상권,2110960,은광여고,238,128,110,1,90,59,35,32,21,0,40,26,25,24,13,1,50,33,10,8,8
2018,2,A,골목상권,2110959,신구중학교,807,477,330,11,242,293,122,85,54,3,129,209,77,34,25,8,113,84,45,51,29
2018,2,A,골목상권,2110958,역삼역 4번,1036,504,532,2,230,342,227,146,89,0,69,195,145,60,35,2,161,147,82,86,54
2018,2,A,골목상권,2110957,언북중학교,2384,1051,1333,5,583,776,636,239,145,1,180,383,280,108,99,4,403,393,356,131,46
2018,2,A,골목상권,2110956,언주역 8번,942,636,306,3,256,321,213,87,62,1,139,227,164,66,39,2,117,94,49,21,23
2018,2,A,골목상권,2110955,논현초등학교,923,516,407,1,181,270,242,118,111,0,62,156,165,63,70,1,119,114,77,55,41
2018,2,A,골목상권,2110954,국기원,611,189,422,3,244,166,114,66,18,0,44,71,46,18,10,3,200,95,68,48,8
2018,2,A,골목상권,2110953,학동근린공원,1496,679,817,3,497,579,287,78,52,1,138,296,181,35,28,2,359,283,106,43,24
2018,2,A,골목상권,2110952,논현목련공원,142,68,74,1,30,48,35,20,8,1,11,24,16,10,6,0,19,24,19,10,2
2018,2,A,골목상권,2110951,신사은행나무공원,234,124,110,1,70,100,31,22,10,1,30,60,18,10,5,0,40,40,13,12,5
2018,2,A,골목상권,2110950,논현역 7번,357,206,151,0,66,131,99,40,21,0,21,76,68,24,17,0,45,55,31,16,4
2018,2,A,골목상권,2110949,한남IC,1178,588,590,9,281,422,275,133,58,1,64,230,175,78,40,8,217,192,100,55,18
2018,2,A,골목상권,2110948,헌인가구단지,22,15,7,0,0,1,10,7,4,0,0,1,6,4,4,0,0,0,4,3,0
2018,2,A,골목상권,2110947,청계산입구역 2번(내곡동주민센터),113,61,52,0,22,15,18,39,19,0,10,8,11,19,13,0,12,7,7,20,6
2018,2,A,골목상권,2110946,청계산원터골,119,68,51,2,13,33,28,24,19,1,6,21,17,12,11,1,7,12,11,12,8
2018,2,A,골목상권,2110945,본마을노인복지센터(서초구립내곡도서관),84,44,40,0,11,17,26,21,9,0,7,8,13,12,4,0,4,9,13,9,5
2018,2,A,골목상권,2110944,서울나래학교(염곡어린이공원),225,138,87,2,28,62,55,55,23,1,11,42,31,37,16,1,17,20,24,18,7
2018,2,A,골목상권,2110943,법제교육센터(버들어린이공원),1633,719,914,0,136,467,551,352,127,0,50,197,236,155,81,0,86,270,315,197,46
2018,2,A,골목상권,2110942,염곡동 구룡사(포이동성당),2481,1466,1015,2,290,585,700,557,347,0,136,362,451,304,213,2,154,223,249,253,134
2018,2,A,골목상권,2110941,언남고등학교,404,254,150,0,65,105,105,92,37,0,30,70,65,60,29,0,35,35,40,32,8
2018,2,A,골목상권,2110940,양재근린공원(양재2동주민센터),1018,619,399,5,210,301,260,161,81,3,84,187,174,103,68,2,126,114,86,58,13
2018,2,A,골목상권,2110939,양재역 8번(양재동우체국),7457,4691,2766,18,1071,2108,1651,1319,1290,8,510,1335,1142,853,843,10,561,773,509,466,447
2018,2,A,골목상권,2110938,바우뫼공원,1494,1007,487,2,281,462,431,201,117,2,138,327,321,132,87,0,143,135,110,69,30
2018,2,A,골목상권,2110937,방아다리근린공원(횃불트리니티신학대학원대학교),398,290,108,1,74,113,116,59,35,0,43,84,92,45,26,1,31,29,24,14,9
2018,2,A,골목상권,2110936,더케이호텔(양재리본타워2단지아파트),1397,930,467,0,235,486,338,205,133,0,108,288,263,156,115,0,127,198,75,49,18
2018,2,A,골목상권,2110935,한전아트센터,629,479,150,2,103,190,186,87,61,0,54,142,157,75,51,2,49,48,29,12,10
2018,2,A,골목상권,2110934,우면주공아파트,762,527,235,2,107,200,195,137,121,1,59,141,138,93,95,1,48,59,57,44,26
2018,2,A,골목상권,2110933,한국상담대학원대학교,387,293,94,0,28,129,129,73,28,0,13,105,109,47,19,0,15,24,20,26,9
2018,2,A,골목상권,2110932,서울시인재개발원,809,611,198,2,145,293,220,93,56,0,87,222,179,75,48,2,58,71,41,18,8
2018,2,A,골목상권,2110931,삼성전자서울R&D(서울우면초등학교),80,21,59,0,28,17,11,14,10,0,2,6,4,4,5,0,26,11,7,10,5
2018,2,A,골목상권,2110930,서초동성당,584,385,199,4,78,141,167,108,86,0,30,103,115,76,61,4,48,38,52,32,25
2018,2,A,골목상권,2110929,남부터미널역 1번,2788,1752,1036,2,480,845,701,378,382,1,211,496,498,266,280,1,269,349,203,112,102
2018,2,A,골목상권,2110928,서초우방유쉘아파트,312,162,150,1,83,122,59,25,22,0,34,58,37,17,16,1,49,64,22,8,6
2018,2,A,골목상권,2110927,잠원역,137,49,88,0,23,37,38,21,18,0,0,10,16,13,10,0,23,27,22,8,8
2018,2,A,골목상권,2110926,신중초등학교,426,255,171,0,78,96,117,74,61,0,30,58,69,50,48,0,48,38,48,24,13
2018,2,A,골목상권,2110925,서초중학교,381,239,142,1,67,97,88,64,64,0,36,57,61,41,44,1,31,40,27,23,20
2018,2,A,골목상권,2110924,반포4동주민센터(몽마르뜨공원),348,166,182,1,67,88,66,65,61,0,27,55,22,32,30,1,40,33,44,33,31
2018,2,A,골목상권,2110923,방배역 1번,81,51,30,0,9,14,23,25,10,0,4,8,14,17,8,0,5,6,9,8,2
2018,2,A,골목상권,2110922,내방역 1번,836,110,726,0,77,160,273,250,76,0,11,22,17,19,41,0,66,138,256,231,35
2018,2,A,골목상권,2110921,서울프랑스학교,157,86,71,0,27,36,46,26,22,0,22,22,22,9,11,0,5,14,24,17,11
2018,2,A,골목상권,2110920,방배역 2번(백석예술대학교),508,262,246,0,84,85,162,128,49,0,23,46,88,71,34,0,61,39,74,57,15
2018,2,A,골목상권,2110919,내방역 8번,664,406,258,0,91,187,210,128,48,0,37,130,134,73,32,0,54,57,76,55,16
2018,2,A,골목상권,2110918,방배역 3번,635,334,301,1,114,168,183,111,58,0,43,89,93,65,44,1,71,79,90,46,14
2018,2,A,골목상권,2110917,서초소방서,1337,1000,337,1,165,447,409,247,68,1,93,343,331,186,46,0,72,104,78,61,22
2018,2,A,골목상권,2110916,내방역 4번,1743,697,1046,8,408,511,518,189,109,8,99,205,196,104,85,0,309,306,322,85,24
2018,2,A,골목상권,2110915,서래초등학교,191,103,88,0,60,56,37,20,18,0,34,31,16,11,11,0,26,25,21,9,7
2018,2,A,골목상권,2110914,내방역 6번,100,68,32,0,13,42,23,15,7,0,7,31,15,10,5,0,6,11,8,5,2
2018,2,A,골목상권,2110913,방현초등학교(방배119안전센터),3299,1902,1397,17,706,1049,734,431,362,5,227,594,496,321,259,12,479,455,238,110,103
2018,2,A,골목상권,2110912,방배동사이길,1315,1020,295,2,176,577,344,151,65,0,79,481,292,125,43,2,97,96,52,26,22
2018,2,A,골목상권,2110911,방배배수지체육공원,343,251,92,1,39,59,54,75,115,1,11,22,37,70,110,0,28,37,17,5,5
2018,2,A,골목상권,2110910,내방역 5번,418,234,184,2,68,116,125,62,45,2,12,66,92,39,23,0,56,50,33,23,22
2018,2,A,골목상권,2110909,남태령역(서울전자고등학교),140,86,54,2,16,23,31,37,31,1,7,12,24,22,20,1,9,11,7,15,11
2018,2,A,골목상권,2110908,구반포역,590,374,216,0,73,95,145,142,135,0,35,63,87,103,86,0,38,32,58,39,49
2018,2,A,골목상권,2110907,방배초등학교,1117,649,468,6,238,252,238,193,190,4,93,144,146,124,138,2,145,108,92,69,52
2018,2,A,골목상권,2110906,서문여고,415,248,167,0,46,87,100,73,109,0,14,49,58,45,82,0,32,38,42,28,27
2018,2,A,골목상권,2110905,방배노인종합복지관(이수중학교),322,163,159,1,42,77,74,75,53,0,15,39,47,40,22,1,27,38,27,35,31
2018,2,A,골목상권,2110904,이수역 5번,881,608,273,1,139,252,253,137,99,1,79,168,187,98,75,0,60,84,66,39,24
2018,2,A,골목상권,2110903,방배아이파크아파트,817,396,421,3,137,155,194,198,130,2,58,93,107,74,62,1,79,62,87,124,68
2018,2,A,골목상권,2110902,사당역 4번,1665,799,866,0,307,373,369,391,225,0,76,187,197,177,162,0,231,186,172,214,63
2018,2,A,골목상권,2110901,인헌고등학교(인헌중학교),146,60,86,1,28,42,41,18,16,0,8,22,16,8,6,1,20,20,25,10,10
2018,2,A,골목상권,2110900,낙성대역 1번(관악구민 종합체육센터),202,97,105,0,21,43,62,51,25,0,6,22,31,24,14,0,15,21,31,27,11
2018,2,A,골목상권,2110899,낙성대역 5번(관악중학교),131,59,72,0,15,22,38,45,11,0,4,13,20,17,5,0,11,9,18,28,6
2018,2,A,골목상권,2110898,청림동주민센터(상도중학교),77,22,55,0,19,21,22,9,6,0,5,4,8,3,2,0,14,17,14,6,4
2018,2,A,골목상권,2110897,서울대입구역 8번,231,97,134,0,32,50,61,57,31,0,12,22,24,23,16,0,20,28,37,34,15
2018,2,A,골목상권,2110896,관악우성아파트,310,87,223,1,47,63,75,65,59,0,9,18,25,17,18,1,38,45,50,48,41
2018,2,A,골목상권,2110895,샤로수길,1370,769,601,3,229,285,317,338,198,1,122,184,188,157,117,2,107,101,129,181,81
2018,2,A,골목상권,2110894,관악동부센트레빌아파트(은천로35라길),13,8,5,0,1,2,2,7,1,0,1,1,0,5,1,0,0,1,2,2,0
2018,2,A,골목상권,2110893,관악소방서(문영여고),468,377,91,1,37,137,99,126,68,0,23,118,82,105,49,1,14,19,17,21,19
2018,2,A,골목상권,2110892,관악구 중앙길,772,338,434,2,141,152,169,181,127,2,36,53,86,96,65,0,105,99,83,85,62
2018,2,A,골목상권,2110891,구암초등학교,94,43,51,1,8,12,33,33,7,1,4,6,12,16,4,0,4,6,21,17,3
2018,2,A,골목상권,2110890,봉천역 1번(관악초등학교),287,182,105,0,25,61,96,62,43,0,11,37,60,39,35,0,14,24,36,23,8
2018,2,A,골목상권,2110889,봉천역 6번,58,38,20,0,9,10,15,17,7,0,7,9,9,8,5,0,2,1,6,9,2
2018,2,A,골목상권,2110888,청룡동주민센터,198,101,97,0,16,29,35,48,70,0,8,12,15,20,46,0,8,17,20,28,24
2018,2,A,골목상권,2110887,서울산업정보학교(서울삼성초등학교),137,54,83,0,31,25,29,38,14,0,9,9,5,20,11,0,22,16,24,18,3
2018,2,A,골목상권,2110886,관악해태어린이공원,197,127,70,0,17,72,47,38,23,0,12,52,33,19,11,0,5,20,14,19,12
2018,2,A,골목상권,2110885,영락고등학교,182,94,88,0,15,30,51,52,34,0,5,19,25,25,20,0,10,11,26,27,14
2018,2,A,골목상권,2110884,봉천역 4번(봉천110안전센터),502,385,117,0,38,55,92,143,174,0,10,24,67,124,160,0,28,31,25,19,14
2018,2,A,골목상권,2110883,은천초등학교(은천교앞),323,182,141,0,52,81,85,70,35,0,33,54,43,35,17,0,19,27,42,35,18
2018,2,A,골목상권,2110882,신성초등학교,802,504,298,1,56,100,189,226,230,1,22,47,92,157,185,0,34,53,97,69,45
2018,2,A,골목상권,2110881,구립대학경로당(관악산샘말공원),483,244,239,0,56,94,139,114,80,0,32,53,65,51,43,0,24,41,74,63,37
2018,2,A,골목상권,2110880,신림역 1번,773,202,571,2,278,234,141,87,31,1,45,61,55,25,15,1,233,173,86,62,16
2018,2,A,골목상권,2110879,신림현대아파트,249,93,156,0,23,33,56,82,55,0,11,22,24,21,15,0,12,11,32,61,40
2018,2,A,골목상권,2110878,미림여고,56,26,30,1,9,14,11,12,9,1,5,5,4,4,7,0,4,9,7,8,2
2018,2,A,골목상권,2110877,신림역 8번,542,285,257,1,80,128,134,128,71,0,44,76,60,60,45,1,36,52,74,68,26
2018,2,A,골목상권,2110876,서원동주민센터(신관중학교),76,35,41,0,11,17,12,21,15,0,3,8,4,13,7,0,8,9,8,8,8
2018,2,A,골목상권,2110875,보라매동주민센터(당곡고등학교),59,27,32,0,12,8,15,17,7,0,4,1,8,11,3,0,8,7,7,6,4
2018,2,A,골목상권,2110874,원신초등학교(구세군관악영문교회),160,51,109,0,21,35,26,39,39,0,2,8,10,13,18,0,19,27,16,26,21
2018,2,A,골목상권,2110873,당곡중학교,581,301,280,0,51,93,121,129,187,0,18,40,55,62,126,0,33,53,66,67,61
2018,2,A,골목상권,2110872,신림초등학교,72,28,44,0,13,12,12,16,19,0,7,4,10,4,3,0,6,8,2,12,16
2018,2,A,골목상권,2110871,신원동주민센터,125,59,66,0,15,36,33,21,20,0,8,17,14,8,12,0,7,19,19,13,8
2018,2,A,골목상권,2110869,"신림역 5번(신림동주민센터, 신림동별빛거리)",280,159,121,1,38,71,68,54,48,1,25,42,33,28,30,0,13,29,35,26,18
2018,2,A,골목상권,2110868,남부초등학교,207,100,107,0,29,31,59,48,40,0,13,22,31,22,12,0,16,9,28,26,28
2018,2,A,골목상권,2110867,국제신학대학원대학교(남서울중학교),346,161,185,0,29,53,70,97,97,0,9,17,31,47,57,0,20,36,39,50,40
2018,2,A,골목상권,2110866,난우중학교,125,51,74,0,6,24,38,34,23,0,3,12,14,13,9,0,3,12,24,21,14
2018,2,A,골목상권,2110865,남강고등학교(남강중학교),454,169,285,1,91,108,117,87,50,0,17,42,46,35,29,1,74,66,71,52,21
2018,2,A,골목상권,2110864,신림우방아파트,188,128,60,1,11,38,51,50,37,1,3,23,38,32,31,0,8,15,13,18,6
2018,2,A,골목상권,2110863,난우초등학교,379,176,203,1,41,67,86,104,80,0,17,31,46,46,36,1,24,36,40,58,44
2018,2,A,골목상권,2110862,난곡초등학교(난곡동벽화마을),151,61,90,1,24,31,37,36,22,1,10,14,15,15,6,0,14,17,22,21,16
2018,2,A,골목상권,2110861,관악구신사동주민센터,988,414,574,1,132,192,250,257,156,0,40,89,118,97,70,1,92,103,132,160,86
2018,2,A,골목상권,2110860,호림박물관(성보고등학교),785,458,327,3,53,97,178,217,237,1,22,50,85,127,173,2,31,47,93,90,64
2018,2,A,골목상권,2110859,난향초등학교,489,197,292,0,10,18,63,198,200,0,4,10,38,55,90,0,6,8,25,143,110
2018,2,A,골목상권,2110858,신대방역 1번,96,34,62,1,21,23,19,20,12,0,5,3,9,8,9,1,16,20,10,12,3
2018,2,A,골목상권,2110857,미성동주민센터,356,153,203,1,25,45,90,94,101,0,9,21,44,36,43,1,16,24,46,58,58
2018,2,A,골목상권,2110856,미성초등학교,599,294,305,1,74,111,135,151,127,1,26,65,62,74,66,0,48,46,73,77,61
2018,2,A,골목상권,2110855,신대방역 2번,867,467,400,1,98,207,209,217,135,0,31,136,107,115,78,1,67,71,102,102,57
2018,2,A,골목상권,2110854,조원동주민센터,124,70,54,0,17,21,33,40,13,0,10,15,20,17,8,0,7,6,13,23,5
2018,2,A,골목상권,2110853,KT구로지사,159,84,75,0,17,33,53,41,15,0,6,20,35,18,5,0,11,13,18,23,10
2018,2,A,골목상권,2110852,이수역 9번,246,136,110,1,32,57,66,42,48,1,15,28,36,21,35,0,17,29,30,21,13
2018,2,A,골목상권,2110851,경문고등학교(동작동성당),169,51,118,0,16,38,54,46,15,0,4,11,16,14,6,0,12,27,38,32,9
2018,2,A,골목상권,2110850,사당역 10번,965,505,460,0,118,209,293,182,163,0,55,116,171,79,84,0,63,93,122,103,79
2018,2,A,골목상권,2110849,이수역 10번,440,283,157,3,30,70,126,125,86,2,20,43,77,85,56,1,10,27,49,40,30
2018,2,A,골목상권,2110848,양지어린이공원,580,370,210,0,56,124,184,131,85,0,17,60,121,103,69,0,39,64,63,28,16
2018,2,A,골목상권,2110847,예술인마을,558,402,156,0,121,155,147,87,48,0,74,103,119,72,34,0,47,52,28,15,14
2018,2,A,골목상권,2110846,남성역 1번,586,330,256,1,45,125,144,141,130,0,12,55,79,77,107,1,33,70,65,64,23
2018,2,A,골목상권,2110845,사당종합체육관,38,25,13,0,6,2,12,10,8,0,4,1,10,4,6,0,2,1,2,6,2
2018,2,A,골목상권,2110844,흑석2치안센터,21,17,4,0,6,3,5,5,2,0,4,3,5,3,2,0,2,0,0,2,0
2018,2,A,골목상권,2110843,사당5동주민센터,261,192,69,2,53,50,62,52,42,2,39,31,45,38,37,0,14,19,17,14,5
2018,2,A,골목상권,2110842,흑리단길,68,32,36,0,8,11,23,13,13,0,4,7,12,1,8,0,4,4,11,12,5
2018,2,A,골목상권,2110841,중대부중,49,29,20,0,4,12,14,13,6,0,2,6,11,6,4,0,2,6,3,7,2
2018,2,A,골목상권,2110840,중앙대학교,227,101,126,1,54,47,46,51,28,0,22,29,21,17,12,1,32,18,25,34,16
2018,2,A,골목상권,2110839,숭실대입구역 4번,389,177,212,3,61,110,96,82,37,1,20,60,44,25,27,2,41,50,52,57,10
2018,2,A,골목상권,2110838,상도1동주민센터앞,84,29,55,1,13,30,21,7,12,0,3,12,8,3,3,1,10,18,13,4,9
2018,2,A,골목상권,2110837,숭실대입구역 1번,583,244,339,3,83,136,165,103,93,0,21,74,67,38,44,3,62,62,98,65,49
2018,2,A,골목상권,2110836,상도역 5번,945,455,490,1,146,206,251,192,149,0,64,103,123,89,76,1,82,103,128,103,73
2018,2,A,골목상권,2110835,상도역 1번,310,126,184,0,44,70,85,67,44,0,13,33,34,31,15,0,31,37,51,36,29
2018,2,A,골목상권,2110834,동작구자원봉사센터,127,54,73,0,14,23,32,40,18,0,6,14,13,14,7,0,8,9,19,26,11
2018,2,A,골목상권,2110833,상도역 2번,172,103,69,0,22,41,56,37,16,0,12,24,34,22,11,0,10,17,22,15,5
2018,2,A,골목상권,2110832,노량진초등학교,258,140,118,1,32,61,59,62,43,0,10,32,36,38,24,1,22,29,23,24,19
2018,2,A,골목상권,2110831,상도4동주민센터,140,71,69,0,14,26,49,33,18,0,7,11,23,17,13,0,7,15,26,16,5
2018,2,A,골목상권,2110830,상도초등학교,250,134,116,0,20,48,67,71,44,0,8,24,37,40,25,0,12,24,30,31,19
2018,2,A,골목상권,2110829,장승배기역 5번,663,437,226,1,209,170,102,91,90,0,174,116,53,46,48,1,35,54,49,45,42
2018,2,A,골목상권,2110828,노량진역 6번,2783,2019,764,4,437,1133,784,349,76,1,245,828,623,268,54,3,192,305,161,81,22
2018,2,A,골목상권,2110827,NH농협은행 상도동지점,465,198,267,6,90,79,128,90,72,1,29,44,57,39,28,5,61,35,71,51,44
2018,2,A,골목상권,2110826,장승배기역 4번,429,195,234,3,39,64,113,129,81,1,17,29,58,55,35,2,22,35,55,74,46
2018,2,A,골목상권,2110825,신대방삼거리역 1번,329,89,240,1,37,60,76,114,41,0,5,23,24,21,16,1,32,37,52,93,25
2018,2,A,골목상권,2110824,대방역 3번,449,168,281,1,52,144,121,98,33,0,14,62,37,35,20,1,38,82,84,63,13
2018,2,A,골목상권,2110823,신대방삼거리역 3번,344,129,215,0,58,61,75,96,54,0,19,38,33,22,17,0,39,23,42,74,37
2018,2,A,골목상권,2110822,신대방삼거리역 4번(대림초등학교),69,40,29,0,7,20,18,16,8,0,6,14,7,8,5,0,1,6,11,8,3
2018,2,A,골목상권,2110821,보라매역 2번,373,196,177,0,53,69,93,93,65,0,13,36,49,56,42,0,40,33,44,37,23
2018,2,A,골목상권,2110820,성남고등학교,478,280,198,0,47,115,99,107,110,0,25,57,55,64,79,0,22,58,44,43,31
2018,2,A,골목상권,2110819,신대방역 4번,559,306,253,0,53,88,117,137,164,0,13,46,56,81,110,0,40,42,61,56,54
2018,2,A,골목상권,2110818,신대방역 3번,1190,1089,101,4,220,407,360,160,39,4,202,391,332,127,33,0,18,16,28,33,6
2018,2,A,골목상권,2110817,대방역 4번,420,301,119,0,108,66,98,69,79,0,54,47,81,56,63,0,54,19,17,13,16
2018,2,A,골목상권,2110816,대방역 6번,1161,815,346,0,105,272,322,330,132,0,48,180,259,220,108,0,57,92,63,110,24
2018,2,A,골목상권,2110815,공군호텔,1720,681,1039,6,346,517,348,341,162,0,88,252,160,116,65,6,258,265,188,225,97
2018,2,A,골목상권,2110814,서울지방병무청,1539,881,658,0,102,145,304,523,465,0,34,81,184,268,314,0,68,64,120,255,151
2018,2,A,골목상권,2110813,보라매역 6번,363,215,148,2,37,84,99,81,60,1,22,46,52,49,45,1,15,38,47,32,15
2018,2,A,골목상권,2110812,신길6동주민센터,398,256,142,0,57,111,103,86,41,0,24,78,81,41,32,0,33,33,22,45,9
2018,2,A,골목상권,2110811,보라매역 4번,178,101,77,2,15,36,64,41,20,2,12,13,35,26,13,0,3,23,29,15,7
2018,2,A,골목상권,2110810,영신초등학교,500,221,279,3,61,106,121,131,78,2,23,56,53,59,28,1,38,50,68,72,50
2018,2,A,골목상권,2110809,장훈고등학교,338,156,182,4,46,60,100,71,57,3,19,37,54,24,19,1,27,23,46,47,38
2018,2,A,골목상권,2110808,신길역 1번,62,42,20,0,4,21,15,11,11,0,2,13,12,8,7,0,2,8,3,3,4
2018,2,A,골목상권,2110807,신길역 3번,329,193,136,0,18,74,57,81,99,0,7,43,33,47,63,0,11,31,24,34,36
2018,2,A,골목상권,2110806,서울시립영등포장애인복지관,275,200,75,0,40,94,80,58,3,0,17,59,69,53,2,0,23,35,11,5,1
2018,2,A,골목상권,2110805,신길새마을금고신길4동지점,101,50,51,0,11,16,24,22,28,0,4,11,14,10,11,0,7,5,10,12,17
2018,2,A,골목상권,2110804,신풍역 1번,354,161,193,2,29,73,95,97,58,0,10,31,43,49,28,2,19,42,52,48,30
2018,2,A,골목상권,2110803,신길2동우편취급국,201,92,109,1,22,32,48,60,38,1,9,17,23,22,20,0,13,15,25,38,18
2018,2,A,골목상권,2110802,신길동홍어거리,465,223,242,0,50,156,134,103,22,0,12,71,69,56,15,0,38,85,65,47,7
2018,2,A,골목상권,2110801,신풍역 6번(신길6동공영주차장),15,10,5,0,3,2,3,7,0,0,3,1,2,4,0,0,0,1,1,3,0
2018,2,A,골목상권,2110800,영등포동성당,301,227,74,0,21,46,82,100,52,0,14,36,56,74,47,0,7,10,26,26,5
2018,2,A,골목상권,2110799,영등포본동주민센터,85,58,27,0,10,20,10,19,26,0,4,15,4,13,22,0,6,5,6,6,4
2018,2,A,골목상권,2110798,신풍역 2번,66,33,33,0,2,9,11,28,16,0,1,6,6,12,8,0,1,3,5,16,8
2018,2,A,골목상권,2110797,KT대방빌딩,115,42,73,3,18,27,29,23,15,0,6,8,11,10,7,3,12,19,18,13,8
2018,2,A,골목상권,2110796,한림대학교한강성심병원,135,99,36,0,8,21,22,34,50,0,5,16,14,26,38,0,3,5,8,8,12
2018,2,A,골목상권,2110795,도림초등학교,323,112,211,0,20,30,61,91,121,0,3,13,20,40,36,0,17,17,41,51,85
2018,2,A,골목상권,2110794,영동초등학교,2254,1541,713,1,290,542,605,473,343,1,159,365,408,334,274,0,131,177,197,139,69
2018,2,A,골목상권,2110793,대림썬프라자,37,26,11,0,3,4,8,8,14,0,2,3,5,5,11,0,1,1,3,3,3
2018,2,A,골목상권,2110792,영등포역 2번,440,249,191,1,55,82,128,105,69,1,22,42,68,64,52,0,33,40,60,41,17
2018,2,A,골목상권,2110791,신풍역 3번,41,23,18,0,1,13,5,15,7,0,0,7,2,8,6,0,1,6,3,7,1
2018,2,A,골목상권,2110790,대림1동주민센터,376,207,169,0,36,80,92,95,73,0,10,43,40,57,57,0,26,37,52,38,16
2018,2,A,골목상권,2110789,대림성모병원,729,251,478,0,132,176,172,157,92,0,18,72,59,63,39,0,114,104,113,94,53
2018,2,A,골목상권,2110788,영등포시장역 3번,112,52,60,1,21,21,18,31,20,0,5,9,8,16,14,1,16,12,10,15,6
2018,2,A,골목상권,2110787,신길3동주민센터,248,126,122,0,26,53,63,62,44,0,7,27,37,27,28,0,19,26,26,35,16
2018,2,A,골목상권,2110786,당산역 8번,212,123,89,0,31,39,62,36,44,0,11,27,37,21,27,0,20,12,25,15,17
2018,2,A,골목상권,2110785,영등포푸르지오아파트,275,150,125,1,19,43,80,79,53,0,8,24,55,34,29,1,11,19,25,45,24
2018,2,A,골목상권,2110784,신대림초등학교,125,38,87,0,1,13,23,54,34,0,0,4,9,19,6,0,1,9,14,35,28
2018,2,A,골목상권,2110783,영등포시장역 1번,896,344,552,0,112,279,206,130,169,0,33,91,75,60,85,0,79,188,131,70,84
2018,2,A,골목상권,2110782,영등포시장역 4번,161,91,70,0,25,33,47,36,20,0,5,17,30,22,17,0,20,16,17,14,3
2018,2,A,골목상권,2110781,대림한신아파트,149,92,57,0,7,20,46,44,32,0,3,10,32,27,20,0,4,10,14,17,12
2018,2,A,골목상권,2110780,신길대성유니드아파트,198,134,64,0,26,49,47,44,32,0,21,34,29,29,21,0,5,15,18,15,11
2018,2,A,골목상권,2110779,대림갑을명가아파트,45,13,32,0,1,6,16,11,11,0,0,2,1,3,7,0,1,4,15,8,4
2018,2,A,골목상권,2110778,구로디지털단지역 4번,1165,516,649,0,86,226,422,229,202,0,14,98,130,131,143,0,72,128,292,98,59
2018,2,A,골목상권,2110777,구로세무서,531,405,126,1,43,94,113,175,105,0,23,70,85,136,91,1,20,24,28,39,14
2018,2,A,골목상권,2110776,도신초등학교,392,248,144,3,42,83,106,107,51,0,22,52,67,70,37,3,20,31,39,37,14
2018,2,A,골목상권,2110775,대동초등학교,60,27,33,0,1,8,21,18,12,0,1,4,4,9,9,0,0,4,17,9,3
2018,2,A,골목상권,2110774,당산반도유보라팰리스아파트,639,408,231,3,94,168,171,125,78,1,49,110,107,86,55,2,45,58,64,39,23
2018,2,A,골목상권,2110773,당산역 13번,483,320,163,0,85,105,127,74,92,0,40,60,94,58,68,0,45,45,33,16,24
2018,2,A,골목상권,2110772,신우어린이공원,168,63,105,0,21,31,38,54,24,0,4,15,18,19,7,0,17,16,20,35,17
2018,2,A,골목상권,2110771,대림역 11번,37,11,26,0,5,14,7,9,2,0,1,3,1,6,0,0,4,11,6,3,2
2018,2,A,골목상권,2110770,영등포구청역 6번,578,347,231,3,63,97,128,126,161,3,31,54,74,71,114,0,32,43,54,55,47
2018,2,A,골목상권,2110769,대림차이나타운(대림역 12번),23,12,11,0,3,8,3,7,2,0,1,4,2,3,2,0,2,4,1,4,0
2018,2,A,골목상권,2110768,도림2동유수지내체육시설,492,315,177,0,43,106,103,63,177,0,23,75,64,40,113,0,20,31,39,23,64
2018,2,A,골목상권,2110767,도림동주민센터,120,61,59,0,20,27,31,27,15,0,9,16,14,11,11,0,11,11,17,16,4
2018,2,A,골목상권,2110766,대림역 5번,856,450,406,0,70,130,199,273,184,0,36,77,92,140,105,0,34,53,107,133,79
2018,2,A,골목상권,2110765,문래동사거리,1345,941,404,3,128,254,353,375,232,0,75,167,241,267,191,3,53,87,112,108,41
2018,2,A,골목상권,2110764,문래역 3번,1088,413,675,0,49,76,107,229,627,0,16,37,55,91,214,0,33,39,52,138,413
2018,2,A,골목상권,2110763,영등포구청역 2번,1063,686,377,2,177,311,231,200,142,1,81,196,154,138,116,1,96,115,77,62,26
2018,2,A,골목상권,2110762,선유도역 1번,4406,2844,1562,22,704,1180,1071,860,569,14,319,754,742,577,438,8,385,426,329,283,131
2018,2,A,골목상권,2110761,문래동남성맨션,346,245,101,2,58,89,66,77,54,0,41,59,45,59,41,2,17,30,21,18,13
2018,2,A,골목상권,2110760,선유도역 6번,13423,8576,4847,12,2039,4635,4270,2049,418,6,983,2956,2837,1468,326,6,1056,1679,1433,581,92
2018,2,A,골목상권,2110759,문래예술촌(문래창작촌),5304,3546,1758,19,873,1391,1331,1105,585,6,432,928,921,794,465,13,441,463,410,311,120
2018,2,A,골목상권,2110758,문래소공원,451,334,117,0,26,63,94,107,161,0,20,53,71,78,112,0,6,10,23,29,49
2018,2,A,골목상권,2110757,양평역 2번,2708,1495,1213,1,360,690,693,534,430,0,185,432,357,259,262,1,175,258,336,275,168
2018,2,A,골목상권,2110756,문래중학교,319,213,106,0,34,82,98,50,55,0,18,54,69,32,40,0,16,28,29,18,15
2018,2,A,골목상권,2110755,동일여자고등학교,294,105,189,0,32,58,80,82,42,0,8,24,29,24,20,0,24,34,51,58,22
2018,2,A,골목상권,2110754,삼성산자연공원(서울금천초등학교),302,94,208,0,26,33,79,101,63,0,5,7,34,26,22,0,21,26,45,75,41
2018,2,A,골목상권,2110753,시흥동 은행나무사거리,1131,688,443,4,59,111,265,446,246,2,17,59,167,284,159,2,42,52,98,162,87
2018,2,A,골목상권,2110752,한울중학교,370,133,237,0,24,63,122,108,53,0,9,23,36,42,23,0,15,40,86,66,30
2018,2,A,골목상권,2110751,난곡중학교,264,135,129,0,17,38,74,90,45,0,5,15,39,44,32,0,12,23,35,46,13
2018,2,A,골목상권,2110750,시흥4동주민센터(서울신흥초등학교),243,79,164,0,32,38,62,75,36,0,9,12,23,20,15,0,23,26,39,55,21
2018,2,A,골목상권,2110749,금산초등학교(금천고등학교),508,297,211,0,49,85,133,104,137,0,25,52,67,47,106,0,24,33,66,57,31
2018,2,A,골목상권,2110748,백산초등학교,204,111,93,0,23,35,57,54,35,0,9,19,31,31,21,0,14,16,26,23,14
2018,2,A,골목상권,2110747,석수역 1번 출입구,985,676,309,7,59,144,274,316,185,1,36,90,165,228,156,6,23,54,109,88,29
2018,2,A,골목상권,2110746,금천금빛공원(은행나무사거리서측),90,54,36,1,4,9,27,34,15,0,1,5,19,18,11,1,3,4,8,16,4
2018,2,A,골목상권,2110745,독산동정훈단지,431,235,196,0,43,49,91,119,129,0,13,21,41,68,92,0,30,28,50,51,37
2018,2,A,골목상권,2110744,독산동성당,371,134,237,0,28,42,97,125,79,0,7,18,33,44,32,0,21,24,64,81,47
2018,2,A,골목상권,2110743,시흥초등학교(시흥1동우체국),312,70,242,0,34,35,65,111,67,0,6,11,23,23,7,0,28,24,42,88,60
2018,2,A,골목상권,2110742,KT금천빌딩(금천구시설관리공단),539,310,229,2,60,112,144,146,75,0,29,80,98,68,35,2,31,32,46,78,40
2018,2,A,골목상권,2110741,독산2동주민센터,303,77,226,0,27,50,82,89,55,0,4,16,21,17,19,0,23,34,61,72,36
2018,2,A,골목상권,2110740,금천해태공원,1413,383,1030,0,139,134,187,254,699,0,30,47,72,58,176,0,109,87,115,196,523
2018,2,A,골목상권,2110739,시흥3동 우편취급국,1756,727,1029,1,191,347,659,513,45,0,68,202,275,151,31,1,123,145,384,362,14
2018,2,A,골목상권,2110738,문성초등학교,274,124,150,0,25,36,76,101,36,0,14,10,33,44,23,0,11,26,43,57,13
2018,2,A,골목상권,2110737,금천세무서,587,348,239,2,68,108,118,160,131,0,16,56,60,98,118,2,52,52,58,62,13
2018,2,A,골목상권,2110736,독산119안전센터,390,186,204,1,40,58,105,119,67,0,11,25,46,56,48,1,29,33,59,63,19
2018,2,A,골목상권,2110735,말미고개,467,285,182,0,46,104,116,118,83,0,24,64,74,67,56,0,22,40,42,51,27
2018,2,A,골목상권,2110734,금천파출소,105,55,50,0,4,14,17,42,28,0,3,10,11,17,14,0,1,4,6,25,14
2018,2,A,골목상권,2110733,금천어울림복지센터,664,421,243,5,109,133,172,164,81,3,77,96,94,84,67,2,32,37,78,80,14
2018,2,A,골목상권,2110732,가산초등학교(세일중학교),845,485,360,2,112,174,237,208,112,2,31,87,159,137,69,0,81,87,78,71,43
2018,2,A,골목상권,2110731,금천구청역 1번 출입구,2152,1114,1038,15,718,864,349,110,96,6,357,485,149,52,65,9,361,379,200,58,31
2018,2,A,골목상권,2110730,서울축산농협 독산역지점(독산파출소),1055,579,476,0,82,187,220,343,223,0,44,107,109,176,143,0,38,80,111,167,80
2018,2,A,골목상권,2110729,가산동우체국,314,194,120,1,40,73,64,93,43,1,29,50,37,47,30,0,11,23,27,46,13
2018,2,A,골목상권,2110728,두산초등학교,717,407,310,2,86,172,209,177,71,2,42,116,105,93,49,0,44,56,104,84,22
2018,2,A,골목상권,2110727,독산역 1번 출입구,785,535,250,0,69,152,218,239,107,0,47,110,131,164,83,0,22,42,87,75,24
2018,2,A,골목상권,2110726,금천철쭉어린이공원(금하마을),120,54,66,0,8,18,33,38,23,0,4,10,15,15,10,0,4,8,18,23,13
2018,2,A,골목상권,2110725,가산동주민센터,290,176,114,2,43,58,59,77,51,2,22,41,41,38,32,0,21,17,18,39,19
2018,2,A,골목상권,2110724,금천구립가산도서관,449,304,145,2,25,97,163,106,56,2,21,74,114,56,37,0,4,23,49,50,19
2018,2,A,골목상권,2110723,가산디지털단지역 1번 출입구,326,262,64,2,9,27,63,136,89,2,3,14,48,118,77,0,6,13,15,18,12
2018,2,A,골목상권,2110722,G타워,991,709,282,4,188,347,268,110,74,3,136,257,195,66,52,1,52,90,73,44,22
2018,2,A,골목상권,2110721,가리봉파출소,667,275,392,1,94,107,126,148,191,0,47,60,40,35,93,1,47,47,86,113,98
2018,2,A,골목상권,2110720,대림역 2번,284,127,157,0,30,53,90,56,55,0,9,19,37,22,40,0,21,34,53,34,15
2018,2,A,골목상권,2110719,영서중학교,67,19,48,1,13,16,21,7,9,0,1,4,6,2,6,1,12,12,15,5,3
2018,2,A,골목상권,2110718,한국SGI본부,1844,1243,601,5,340,539,453,349,158,1,177,390,368,209,98,4,163,149,85,140,60
2018,2,A,골목상권,2110717,남구로역 2번,685,189,496,1,75,122,151,199,137,1,14,49,46,46,33,0,61,73,105,153,104
2018,2,A,골목상권,2110716,구로나눔길,869,481,388,2,129,295,242,132,69,0,38,181,153,69,40,2,91,114,89,63,29
2018,2,A,골목상권,2110715,구로구민회관,176,82,94,0,16,28,46,50,36,0,4,18,27,23,10,0,12,10,19,27,26
2018,2,A,골목상권,2110714,구로4동주민센터,440,155,285,0,73,86,99,108,74,0,12,23,32,39,49,0,61,63,67,69,25
2018,2,A,골목상권,2110713,구로보건소,2828,1638,1190,7,290,508,717,801,505,7,116,281,411,495,328,0,174,227,306,306,177
2018,2,A,골목상권,2110712,남구로역 5번,304,108,196,0,33,56,84,71,60,0,6,21,39,26,16,0,27,35,45,45,44
2018,2,A,골목상권,2110711,구로초등학교,599,255,344,0,42,85,129,200,143,0,15,36,63,90,51,0,27,49,66,110,92
2018,2,A,골목상권,2110710,남구로역 3번,401,186,215,0,64,69,102,104,62,0,18,30,49,50,39,0,46,39,53,54,23
2018,2,A,골목상권,2110709,구로119안전센터,221,116,105,0,18,38,49,69,47,0,14,26,23,30,23,0,4,12,26,39,24
2018,2,A,골목상권,2110708,화원어린이공원,168,75,93,0,39,37,34,47,11,0,10,17,17,20,11,0,29,20,17,27,0
2018,2,A,골목상권,2110707,구로창업지원센터,1464,1074,390,4,120,263,358,461,258,3,75,198,260,338,200,1,45,65,98,123,58
2018,2,A,골목상권,2110706,그라운드 고척,651,179,472,0,139,132,149,164,67,0,26,42,49,33,29,0,113,90,100,131,38
2018,2,A,골목상권,2110705,고산초등학교,51,32,19,0,4,7,14,12,14,0,2,6,11,5,8,0,2,1,3,7,6
2018,2,A,골목상권,2110704,고척중학교,105,49,56,0,11,22,21,24,27,0,4,10,12,13,10,0,7,12,9,11,17
2018,2,A,골목상권,2110703,개봉역,696,423,273,1,88,123,160,172,152,1,45,73,84,102,118,0,43,50,76,70,34
2018,2,A,골목상권,2110702,개봉초등학교,3481,1989,1492,0,23,44,127,359,2928,0,13,24,61,172,1719,0,10,20,66,187,1209
2018,2,A,골목상권,2110701,고척동성당,389,225,164,0,53,91,99,94,52,0,27,66,45,56,31,0,26,25,54,38,21
2018,2,A,골목상권,2110700,고척초등학교,683,434,249,3,45,108,152,195,180,1,22,59,90,127,135,2,23,49,62,68,45
2018,2,A,골목상권,2110699,덕의초등학교,177,87,90,0,19,34,49,47,28,0,4,22,17,26,18,0,15,12,32,21,10
2018,2,A,골목상권,2110698,개웅초등학교(개웅중학교),176,80,96,0,29,35,42,47,23,0,9,14,17,25,15,0,20,21,25,22,8
2018,2,A,골목상권,2110697,개봉3동주민센터,109,64,45,0,14,15,30,27,23,0,5,9,15,22,13,0,9,6,15,5,10
2018,2,A,골목상권,2110696,오류동역 1번,146,64,82,0,22,28,40,34,22,0,1,15,14,17,17,0,21,13,26,17,5
2018,2,A,골목상권,2110695,개봉1동주민센터,445,176,269,0,28,67,124,134,92,0,8,33,53,44,38,0,20,34,71,90,54
2018,2,A,골목상권,2110694,세곡초등학교,309,159,150,1,33,51,83,107,34,1,12,27,39,60,20,0,21,24,44,47,14
2018,2,A,골목상권,2110693,오류동역 4번,53,29,24,0,7,13,9,15,9,0,3,8,6,7,5,0,4,5,3,8,4
2018,2,A,골목상권,2110692,큰굴다리,178,109,69,0,20,23,41,63,31,0,11,17,22,38,21,0,9,6,19,25,10
2018,2,A,골목상권,2110691,개봉중학교,209,95,114,0,13,30,57,71,38,0,7,17,27,25,19,0,6,13,30,46,19
2018,2,A,골목상권,2110690,오류2동버들시장,909,338,571,0,94,230,221,226,138,0,23,93,78,70,74,0,71,137,143,156,64
2018,2,A,골목상권,2110689,오류동역 3번,293,157,136,0,52,74,74,61,32,0,16,51,36,32,22,0,36,23,38,29,10
2018,2,A,골목상권,2110688,오류지구대,102,54,48,0,7,10,37,30,18,0,2,2,20,18,12,0,5,8,17,12,6
2018,2,A,골목상권,2110687,"천왕역 3번(오류2동주민센터, 서울오류남초등학교)",121,65,56,0,15,38,26,35,7,0,9,22,16,13,5,0,6,16,10,22,2
2018,2,A,골목상권,2110686,수궁동주민센터,408,232,176,1,50,103,133,70,51,0,20,51,84,44,33,1,30,52,49,26,18
2018,2,A,골목상권,2110685,금강수목원아파트,70,48,22,0,5,13,23,21,8,0,3,11,16,11,7,0,2,2,7,10,1
2018,2,A,골목상권,2110684,서울공연예술고등학교,190,86,104,0,36,51,49,34,20,0,12,22,28,12,12,0,24,29,21,22,8
2018,2,A,골목상권,2110683,오류고등학교,136,63,73,0,12,22,44,47,11,0,2,12,26,16,7,0,10,10,18,31,4
2018,2,A,골목상권,2110682,온수역 8번,344,249,95,0,55,97,45,63,84,0,21,65,32,52,79,0,34,32,13,11,5
2018,2,A,골목상권,2110681,온수역 1번,336,240,96,0,45,87,89,76,39,0,34,63,61,54,28,0,11,24,28,22,11
2018,2,A,골목상권,2110680,온수역 5번(온수산업단지),1308,1039,269,8,114,229,260,396,301,8,83,169,194,315,270,0,31,60,66,81,31
2018,2,A,골목상권,2110679,염창역 2번,1541,1148,393,7,243,563,422,207,99,5,144,432,347,145,75,2,99,131,75,62,24
2018,2,A,골목상권,2110678,염창무학아파트,212,129,83,0,24,43,53,65,27,0,11,26,28,47,17,0,13,17,25,18,10
2018,2,A,골목상권,2110677,등촌역 1번,448,364,84,4,35,73,110,119,107,4,24,58,80,96,102,0,11,15,30,23,5
2018,2,A,골목상권,2110676,등촌역 7번,196,85,111,0,15,35,46,61,39,0,10,21,19,23,12,0,5,14,27,38,27
2018,2,A,골목상권,2110675,화곡4동주민센터,177,94,83,0,25,45,35,42,30,0,10,20,23,22,19,0,15,25,12,20,11
2018,2,A,골목상권,2110674,강서구청가양동별관,517,314,203,6,68,133,99,111,100,5,31,94,70,56,58,1,37,39,29,55,42
2018,2,A,골목상권,2110673,뜸부기어린이공원,653,362,291,3,95,166,154,167,68,0,35,105,91,88,43,3,60,61,63,79,25
2018,2,A,골목상권,2110672,백석중학교,84,38,46,0,8,19,22,25,10,0,3,8,6,14,7,0,5,11,16,11,3
2018,2,A,골목상권,2110671,등촌1동주민센터,5378,3298,2080,7,1115,1538,1217,929,572,6,373,1000,932,628,359,1,742,538,285,301,213
2018,2,A,골목상권,2110670,신곡초등학교,214,99,115,0,20,44,62,55,33,0,1,20,22,33,23,0,19,24,40,22,10
2018,2,A,골목상권,2110669,화곡보람2차아파트,98,64,34,3,12,21,31,26,5,1,6,11,25,17,4,2,6,10,6,9,1
2018,2,A,골목상권,2110668,화곡2동주민센터,470,259,211,0,55,82,125,129,79,0,20,44,63,65,67,0,35,38,62,64,12
2018,2,A,골목상권,2110667,가양역 10번,402,196,206,3,56,81,113,114,35,1,22,42,45,63,23,2,34,39,68,51,12
2018,2,A,골목상권,2110666,KC대학교,237,84,153,0,26,48,67,72,24,0,12,16,23,20,13,0,14,32,44,52,11
2018,2,A,골목상권,2110665,곰달래도서관,1222,594,628,1,186,359,294,253,129,1,97,217,147,81,51,0,89,142,147,172,78
2018,2,A,골목상권,2110664,강서구청옆,131,75,56,0,16,32,28,31,24,0,12,22,16,12,13,0,4,10,12,19,11
2018,2,A,골목상권,2110663,우장산롯데캐슬아파트앞,349,162,187,2,69,74,91,76,37,0,19,32,44,41,26,2,50,42,47,35,11
2018,2,A,골목상권,2110662,까치산역 1번,332,113,219,0,20,55,109,79,69,0,6,26,39,16,26,0,14,29,70,63,43
2018,2,A,골목상권,2110661,강서새말어린이공원,472,308,164,0,41,74,127,140,90,0,23,48,89,85,63,0,18,26,38,55,27
2018,2,A,골목상권,2110660,등촌3동주민센터,8236,4160,4076,18,1094,1338,1536,2587,1663,14,684,879,895,940,748,4,410,459,641,1647,915
2018,2,A,골목상권,2110659,화곡역 4번,595,204,391,1,66,128,166,128,106,0,23,46,54,42,39,1,43,82,112,86,67
2018,2,A,골목상권,2110658,화곡초등학교,168,90,78,0,10,41,37,46,34,0,4,27,19,18,22,0,6,14,18,28,12
2018,2,A,골목상권,2110657,양천향교역 5번,6016,2921,3095,25,1265,1269,1232,1529,696,23,464,772,762,551,349,2,801,497,470,978,347
2018,2,A,골목상권,2110656,까치산역 3번,628,341,287,2,62,128,146,169,121,1,34,76,84,73,73,1,28,52,62,96,48
2018,2,A,골목상권,2110655,발산역 5번,1431,793,638,30,311,393,354,204,139,13,122,227,240,128,63,17,189,166,114,76,76
2018,2,A,골목상권,2110654,까치산역 4번,816,381,435,7,115,183,190,196,125,4,50,85,91,83,68,3,65,98,99,113,57
2018,2,A,골목상권,2110653,화곡역 2번,279,110,169,0,26,47,64,69,73,0,9,26,26,19,30,0,17,21,38,50,43
2018,2,A,골목상권,2110652,양천향교역 2번,1273,898,375,0,102,299,356,328,188,0,45,187,263,248,155,0,57,112,93,80,33
2018,2,A,골목상권,2110651,화원중학교,509,234,275,1,39,92,133,135,109,0,16,59,64,50,45,1,23,33,69,85,64
2018,2,A,골목상권,2110650,우장산힐스테이트,242,172,70,1,29,44,62,50,56,1,22,30,47,30,42,0,7,14,15,20,14
2018,2,A,골목상권,2110649,우장산역 1번,305,134,171,1,45,66,79,71,43,0,14,25,34,34,27,1,31,41,45,37,16
2018,2,A,골목상권,2110648,양천향교역 7번,757,373,384,3,137,251,187,127,52,0,47,119,112,59,36,3,90,132,75,68,16
2018,2,A,골목상권,2110647,화곡역 5번,1081,522,559,1,114,237,329,261,139,1,43,114,167,122,75,0,71,123,162,139,64
2018,2,A,골목상권,2110646,푸른들청소년도서관,692,347,345,0,67,115,153,184,173,0,21,60,78,93,95,0,46,55,75,91,78
2018,2,A,골목상권,2110645,우장산역 4번,1095,343,752,3,184,296,259,228,125,1,22,86,84,93,57,2,162,210,175,135,68
2018,2,A,골목상권,2110644,신광명마을,596,525,71,3,18,69,134,198,174,3,13,55,113,177,164,0,5,14,21,21,10
2018,2,A,골목상권,2110643,강서구다솔마을,810,519,291,2,82,183,305,156,82,0,44,115,214,97,49,2,38,68,91,59,33
2018,2,A,골목상권,2110642,정곡초등학교,167,148,19,0,4,12,35,66,50,0,1,10,31,59,47,0,3,2,4,7,3
2018,2,A,골목상권,2110641,공항고등학교,406,272,134,0,35,105,128,104,34,0,17,78,86,65,26,0,18,27,42,39,8
2018,2,A,골목상권,2110640,방화역 1번,991,556,435,3,83,240,249,245,171,0,24,89,133,172,138,3,59,151,116,73,33
2018,2,A,골목상권,2110639,신방화역 8번,273,87,186,1,67,82,60,42,21,0,5,21,26,19,16,1,62,61,34,23,5
2018,2,A,골목상권,2110638,신방화역 2번,1002,503,499,0,67,235,227,238,235,0,32,135,124,99,113,0,35,100,103,139,122
2018,2,A,골목상권,2110637,송정역 2번,516,360,156,0,51,92,129,128,116,0,28,52,91,99,90,0,23,40,38,29,26
2018,2,A,골목상권,2110636,방화역 2번,365,131,234,0,52,97,91,88,37,0,17,48,38,17,11,0,35,49,53,71,26
2018,2,A,골목상권,2110635,공항시장역 3번,399,275,124,3,34,76,132,97,57,0,17,53,94,70,41,3,17,23,38,27,16
2018,2,A,골목상권,2110634,송정역 3번,916,557,359,1,89,212,264,233,117,0,31,136,172,142,76,1,58,76,92,91,41
2018,2,A,골목상권,2110633,개화산역 1번,106,48,58,0,23,25,24,19,15,0,11,12,11,9,5,0,12,13,13,10,10
2018,2,A,골목상권,2110632,방화역 3번,662,311,351,1,97,133,175,146,110,0,41,72,102,51,45,1,56,61,73,95,65
2018,2,A,골목상권,2110631,방화초등학교,351,180,171,0,29,69,83,92,78,0,14,41,35,51,39,0,15,28,48,41,39
2018,2,A,골목상권,2110630,공항시장역 1번,1316,914,402,0,75,189,287,368,397,0,35,110,167,267,335,0,40,79,120,101,62
2018,2,A,골목상권,2110629,송정역 4번,280,133,147,3,57,70,69,50,31,0,18,31,36,29,19,3,39,39,33,21,12
2018,2,A,골목상권,2110628,신목동역,316,210,106,0,38,124,73,51,30,0,12,84,54,37,23,0,26,40,19,14,7
2018,2,A,골목상권,2110627,신정롯데캐슬아파트,483,256,227,1,63,77,141,118,83,1,27,37,81,57,53,0,36,40,60,61,30
2018,2,A,골목상권,2110626,양화초등학교,310,183,127,0,33,90,93,61,33,0,11,56,55,42,19,0,22,34,38,19,14
2018,2,A,골목상권,2110625,신정2동주민센터,514,235,279,6,50,114,158,121,65,2,18,55,74,46,40,4,32,59,84,75,25
2018,2,A,골목상권,2110624,목동문화체육센터,105,45,60,0,8,36,26,22,13,0,3,18,6,10,8,0,5,18,20,12,5
2018,2,A,골목상권,2110623,갈산공원,235,172,63,1,31,75,52,41,35,0,24,64,35,26,23,1,7,11,17,15,12
2018,2,A,골목상권,2110622,달마을공원,261,124,137,0,29,48,63,81,40,0,10,24,25,39,26,0,19,24,38,42,14
2018,2,A,골목상권,2110621,목동역 5번,231,121,110,0,43,58,45,54,31,0,15,31,26,30,19,0,28,27,19,24,12
2018,2,A,골목상권,2110620,목동보건지소,534,231,303,1,64,127,144,135,63,1,26,54,52,52,46,0,38,73,92,83,17
2018,2,A,골목상권,2110619,목4동주민센터,104,54,50,0,10,16,26,29,23,0,6,11,15,12,10,0,4,5,11,17,13
2018,2,A,골목상권,2110618,강서고등학교,196,87,109,0,17,37,33,63,46,0,7,21,18,25,16,0,10,16,15,38,30
2018,2,A,골목상권,2110617,등촌역 4번,129,48,81,0,18,17,27,43,24,0,6,4,16,12,10,0,12,13,11,31,14
2018,2,A,골목상권,2110616,양목초등학교,323,261,62,0,6,15,30,32,240,0,0,8,21,18,214,0,6,7,9,14,26
2018,2,A,골목상권,2110615,신서초등학교,194,112,82,2,26,39,48,60,19,0,13,24,34,33,8,2,13,15,14,27,11
2018,2,A,골목상권,2110614,목동로데오거리,564,267,297,0,57,85,147,174,101,0,32,50,82,65,38,0,25,35,65,109,63
2018,2,A,골목상권,2110613,신정네거리역 4번,56,22,34,1,4,7,14,16,14,0,2,1,5,7,7,1,2,6,9,9,7
2018,2,A,골목상권,2110612,신정역 5번,471,186,285,1,35,68,98,160,109,1,9,32,46,61,37,0,26,36,52,99,72
2018,2,A,골목상권,2110611,신정역 1번,385,170,215,0,33,52,100,100,100,0,11,24,51,47,37,0,22,28,49,53,63
2018,2,A,골목상권,2110610,계남근린공원,97,22,75,1,6,9,14,30,37,0,1,7,6,4,4,1,5,2,8,26,33
2018,2,A,골목상권,2110609,신정네거리역 2번,24,9,15,0,0,5,4,6,9,0,0,2,1,2,4,0,0,3,3,4,5
2018,2,A,골목상권,2110608,신월2동주민센터,565,355,210,0,30,82,141,181,131,0,11,40,66,126,112,0,19,42,75,55,19
2018,2,A,골목상권,2110607,금빛새마을금고본점,130,67,63,0,11,31,36,32,20,0,2,14,16,19,16,0,9,17,20,13,4
2018,2,A,골목상권,2110606,신한은행 신월동지점,558,250,308,3,55,87,128,141,144,2,20,35,58,51,84,1,35,52,70,90,60
2018,2,A,골목상권,2110605,목동센트럴아이파크앞,248,113,135,1,26,37,52,72,60,1,10,22,16,27,37,0,16,15,36,45,23
2018,2,A,골목상권,2110604,신월4동주민센터,645,405,240,0,37,73,127,216,192,0,9,35,64,143,154,0,28,38,63,73,38
2018,2,A,골목상권,2110603,지향초등학교,711,497,214,0,61,82,64,71,433,0,16,30,24,28,399,0,45,52,40,43,34
2018,2,A,골목상권,2110602,신월시영아파트중문,857,671,186,0,25,50,138,333,311,0,13,35,72,264,287,0,12,15,66,69,24
2018,2,A,골목상권,2110601,신월1동우편취급국,1267,843,424,4,82,165,311,447,258,4,34,106,202,316,181,0,48,59,109,131,77
2018,2,A,골목상권,2110600,신월7동주민센터,552,351,201,0,32,66,120,164,170,0,15,35,66,104,131,0,17,31,54,60,39
2018,2,A,골목상권,2110599,신월1파출소,357,183,174,0,35,56,111,103,52,0,12,29,54,56,32,0,23,27,57,47,20
2018,2,A,골목상권,2110598,신월문화체육센터,332,131,201,0,27,74,100,75,56,0,7,38,33,26,27,0,20,36,67,49,29
2018,2,A,골목상권,2110597,신월1동주민센터,614,329,285,3,45,123,156,173,114,2,14,64,73,98,78,1,31,59,83,75,36
2018,2,A,골목상권,2110596,서서울호수공원,405,203,202,0,37,80,99,121,68,0,27,44,47,52,33,0,10,36,52,69,35
2018,2,A,골목상권,2110595,메디힐병원,1645,1199,446,0,74,130,209,269,963,0,17,49,90,150,893,0,57,81,119,119,70
2018,2,A,골목상권,2110594,신월중학교,261,110,151,0,29,46,93,68,25,0,10,14,33,33,20,0,19,32,60,35,5
2018,2,A,골목상권,2110593,신월3동주민센터,526,229,297,2,53,90,152,140,89,2,21,49,80,43,34,0,32,41,72,97,55
2018,2,A,골목상권,2110592,서울금융고등학교,866,682,184,0,26,71,167,320,282,0,10,43,112,256,261,0,16,28,55,64,21
2018,2,A,골목상권,2110591,충정로역 6번,208,104,104,0,31,38,49,57,33,0,19,15,27,28,15,0,12,23,22,29,18
2018,2,A,골목상권,2110590,만리재,98,30,68,0,25,21,20,24,8,0,3,7,6,9,5,0,22,14,14,15,3
2018,2,A,골목상권,2110589,애오개역 3번,96,29,67,0,13,23,31,21,8,0,0,3,14,8,4,0,13,20,17,13,4
2018,2,A,골목상권,2110588,한겨레신문사,700,445,255,0,53,172,248,204,23,0,14,75,162,178,16,0,39,97,86,26,7
2018,2,A,골목상권,2110587,공덕동주민센터,401,187,214,0,46,83,103,93,76,0,14,40,63,39,31,0,32,43,40,54,45
2018,2,A,골목상권,2110586,서울서부지방법원,3079,1421,1658,9,731,761,639,437,502,2,319,384,288,202,226,7,412,377,351,235,276
2018,2,A,골목상권,2110585,마포경찰서,974,802,172,3,193,373,194,189,22,1,137,308,172,169,15,2,56,65,22,20,7
2018,2,A,골목상권,2110584,아현역 4번,136,59,77,0,16,30,38,35,17,0,4,11,19,15,10,0,12,19,19,20,7
2018,2,A,골목상권,2110583,공덕래미안3차아파트,93,42,51,0,13,20,30,21,9,0,4,7,14,9,8,0,9,13,16,12,1
2018,2,A,골목상권,2110582,이대역 5번,159,91,68,0,19,47,46,27,20,0,4,29,29,18,11,0,15,18,17,9,9
2018,2,A,골목상권,2110581,염리초등학교,233,97,136,0,79,74,38,24,18,0,23,25,21,14,14,0,56,49,17,10,4
2018,2,A,골목상권,2110580,양원초등학교,158,49,109,0,39,37,33,12,37,0,12,12,12,3,10,0,27,25,21,9,27
2018,2,A,골목상권,2110579,마포역 4번,642,340,302,0,143,244,140,80,35,0,59,114,96,51,20,0,84,130,44,29,15
2018,2,A,골목상권,2110578,대흥역 2번,3972,2875,1097,7,483,902,1036,892,652,1,354,723,820,543,434,6,129,179,216,349,218
2018,2,A,골목상권,2110577,용강동주민센터,464,217,247,0,86,187,102,55,34,0,25,88,59,27,18,0,61,99,43,28,16
2018,2,A,골목상권,2110576,대흥역 3번,1535,1087,448,77,435,389,352,212,70,32,265,314,276,157,43,45,170,75,76,55,27
2018,2,A,골목상권,2110575,대흥동주민센터,360,126,234,0,72,89,34,83,82,0,24,58,15,14,15,0,48,31,19,69,67
2018,2,A,골목상권,2110574,서강대학교,331,153,178,1,60,104,84,65,17,0,15,44,52,35,7,1,45,60,32,30,10
2018,2,A,골목상권,2110573,신촌역 6번,131,85,46,0,13,39,31,37,11,0,4,21,27,25,8,0,9,18,4,12,3
2018,2,A,골목상권,2110572,서강대역 1번,966,441,525,1,194,226,241,200,104,0,65,108,122,85,61,1,129,118,119,115,43
2018,2,A,골목상권,2110571,신수동주민센터,821,436,385,4,96,269,265,127,60,1,42,163,145,51,34,3,54,106,120,76,26
2018,2,A,골목상권,2110570,KB국민은행 서강지점,365,200,165,0,61,107,120,61,16,0,19,53,75,42,11,0,42,54,45,19,5
2018,2,A,골목상권,2110569,홍대땡땡거리,874,469,405,3,183,296,185,111,96,0,67,165,119,66,52,3,116,131,66,45,44
2018,2,A,골목상권,2110568,광흥창역 1번,103,47,56,0,10,16,25,24,28,0,4,11,10,5,17,0,6,5,15,19,11
2018,2,A,골목상권,2110567,광흥창역 6번,232,84,148,0,63,70,54,21,24,0,7,19,30,13,15,0,56,51,24,8,9
2018,2,A,골목상권,2110566,경의선책거리,2278,1338,940,6,597,794,491,250,140,1,239,482,326,190,100,5,358,312,165,60,40
2018,2,A,골목상권,2110565,홍익대,249,123,126,0,64,78,56,36,15,0,20,41,30,22,10,0,44,37,26,14,5
2018,2,A,골목상권,2110564,홍대입구역 3번,889,459,430,2,178,310,255,105,39,0,66,163,172,41,17,2,112,147,83,64,22
2018,2,A,골목상권,2110563,상수역 3번,613,422,191,8,156,195,126,75,53,7,91,145,96,50,33,1,65,50,30,25,20
2018,2,A,골목상권,2110562,연트럴파크(연남동주민센터),611,312,299,1,119,189,152,105,45,0,48,103,92,50,19,1,71,86,60,55,26
2018,2,A,골목상권,2110561,상수역 4번,449,259,190,0,110,158,94,57,30,0,46,94,63,38,18,0,64,64,31,19,12
2018,2,A,골목상권,2110560,마포FM,495,285,210,0,118,143,132,69,33,0,47,84,86,42,26,0,71,59,46,27,7
2018,2,A,골목상권,2110559,성산중학교,1208,693,515,1,282,375,271,182,97,1,106,227,169,119,71,0,176,148,102,63,26
2018,2,A,골목상권,2110558,경성고등학교,3507,2445,1062,8,395,596,596,568,1344,4,153,335,372,377,1204,4,242,261,224,191,140
2018,2,A,골목상권,2110557,홍대부속여중고앞,1291,722,569,6,200,329,357,265,134,4,93,187,219,121,98,2,107,142,138,144,36
2018,2,A,골목상권,2110556,절두산순교성지,171,99,72,0,34,44,47,28,18,0,12,30,29,19,9,0,22,14,18,9,9
2018,2,A,골목상권,2110555,홍익지구대,741,366,375,3,117,171,153,146,151,2,50,101,86,54,73,1,67,70,67,92,78
2018,2,A,골목상권,2110554,망원역 1번,1713,911,802,2,347,546,423,206,189,0,141,286,257,120,107,2,206,260,166,86,82
2018,2,A,골목상권,2110553,가좌역 2번,1253,1102,151,0,42,83,121,159,848,0,19,52,80,125,826,0,23,31,41,34,22
2018,2,A,골목상권,2110552,성미산체육관,931,552,379,1,138,269,243,185,95,0,52,159,159,119,63,1,86,110,84,66,32
2018,2,A,골목상권,2110551,성서초등학교,892,496,396,1,112,227,277,201,74,1,30,127,150,133,55,0,82,100,127,68,19
2018,2,A,골목상권,2110550,합정역 8번,1630,1031,599,3,293,453,483,254,144,1,119,286,354,167,104,2,174,167,129,87,40
2018,2,A,골목상권,2110549,새터산,329,141,188,0,37,64,92,85,51,0,9,29,43,36,24,0,28,35,49,49,27
2018,2,A,골목상권,2110548,마포구청역 4번,1490,946,544,13,246,274,327,310,320,10,96,165,234,198,243,3,150,109,93,112,77
2018,2,A,골목상권,2110547,KB국민은행 망원동지점,488,225,263,0,66,105,111,113,93,0,20,47,63,52,43,0,46,58,48,61,50
2018,2,A,골목상권,2110546,양화대교북단,671,357,314,2,215,260,113,58,23,1,89,139,77,37,14,1,126,121,36,21,9
2018,2,A,골목상권,2110545,마포구청역 1번,2715,856,1859,6,108,221,348,992,1040,3,54,129,212,223,235,3,54,92,136,769,805
2018,2,A,골목상권,2110544,망리단길,1321,673,648,1,246,346,353,237,138,0,109,192,187,103,82,1,137,154,166,134,56
2018,2,A,골목상권,2110543,중암중학교,10,6,4,0,0,0,6,4,0,0,0,0,2,4,0,0,0,0,4,0,0
2018,2,A,골목상권,2110542,마포구청역 7번,998,539,459,2,152,287,265,179,113,0,55,159,160,96,69,2,97,128,105,83,44
2018,2,A,골목상권,2110541,동교초등학교,519,323,196,0,45,103,143,118,110,0,27,60,90,67,79,0,18,43,53,51,31
2018,2,A,골목상권,2110540,망원나들목체육관,149,86,63,0,7,23,45,41,33,0,3,15,30,18,20,0,4,8,15,23,13
2018,2,A,골목상권,2110539,미근동,4027,2561,1466,9,521,1079,1277,963,178,6,274,770,835,550,126,3,247,309,442,413,52
2018,2,A,골목상권,2110538,충정로역 3번,484,287,197,0,58,115,102,101,108,0,27,81,63,56,60,0,31,34,39,45,48
2018,2,A,골목상권,2110537,충정로현대아파트,1078,610,468,3,119,296,277,220,163,0,25,134,182,162,107,3,94,162,95,58,56
2018,2,A,골목상권,2110536,돈의문센트레빌아파트입구,95,62,33,0,12,16,33,17,17,0,6,9,20,13,14,0,6,7,13,4,3
2018,2,A,골목상권,2110535,영천시장입구,276,75,201,1,40,55,52,97,31,1,7,17,19,22,9,0,33,38,33,75,22
2018,2,A,골목상권,2110534,경기대학교,115,52,63,0,9,28,21,32,25,0,4,20,13,8,7,0,5,8,8,24,18
2018,2,A,골목상권,2110533,충정로역 7번,57,34,23,0,3,8,13,20,13,0,1,4,10,10,9,0,2,4,3,10,4
2018,2,A,골목상권,2110532,아현역 2번,477,108,369,2,40,54,94,162,125,0,10,16,25,28,29,2,30,38,69,134,96
2018,2,A,골목상권,2110531,홍지문,115,24,91,0,17,23,17,46,12,0,9,7,5,1,2,0,8,16,12,45,10
2018,2,A,골목상권,2110530,아현역 1번,37,9,28,0,2,5,7,9,14,0,0,3,1,4,1,0,2,2,6,5,13
2018,2,A,골목상권,2110529,홍제3동주민센터,230,86,144,0,30,24,55,62,59,0,7,7,23,23,26,0,23,17,32,39,33
2018,2,A,골목상권,2110528,서울여자간호대학교,290,180,110,0,21,45,61,40,123,0,12,21,29,24,94,0,9,24,32,16,29
2018,2,A,골목상권,2110527,홍제역 2번,107,42,65,1,17,32,21,19,17,1,3,14,11,9,4,0,14,18,10,10,13
2018,2,A,골목상권,2110526,봉원사,193,99,94,0,48,57,44,28,16,0,19,31,29,13,7,0,29,26,15,15,9
2018,2,A,골목상권,2110525,홍은종합사회복지관,147,53,94,0,19,23,31,36,38,0,3,8,6,13,23,0,16,15,25,23,15
2018,2,A,골목상권,2110524,연희세브란스병원,224,74,150,2,50,53,45,53,21,1,13,16,18,17,9,1,37,37,27,36,12
2018,2,A,골목상권,2110523,홍제성원아파트,11,10,1,0,0,1,8,1,1,0,0,0,8,1,1,0,0,1,0,0,0
2018,2,A,골목상권,2110522,홍제역 3번,57,24,33,0,12,22,12,6,5,0,2,9,5,4,4,0,10,13,7,2,1
2018,2,A,골목상권,2110521,홍제역 4번,98,40,58,0,9,10,36,29,14,0,3,5,13,9,10,0,6,5,23,20,4
2018,2,A,골목상권,2110520,경의중앙 신촌역,173,102,71,0,23,30,48,38,34,0,13,20,29,22,18,0,10,10,19,16,16
2018,2,A,골목상권,2110519,서대문구보건소별관,443,183,260,0,51,92,100,145,55,0,10,40,43,55,35,0,41,52,57,90,20
2018,2,A,골목상권,2110518,서대문구청,304,116,188,0,45,95,101,42,21,0,9,35,45,19,8,0,36,60,56,23,13
2018,2,A,골목상권,2110517,서대문소방서,465,336,129,1,55,158,100,115,36,1,29,111,76,95,24,0,26,47,24,20,12
2018,2,A,골목상권,2110516,정원여중,48,13,35,0,3,12,11,12,10,0,0,6,3,3,1,0,3,6,8,9,9
2018,2,A,골목상권,2110515,홍은중학교,145,113,32,0,12,42,49,26,16,0,8,37,39,17,12,0,4,5,10,9,4
2018,2,A,골목상권,2110514,서대문우체국,116,57,59,0,24,27,30,27,8,0,10,14,15,11,7,0,14,13,15,16,1
2018,2,A,골목상권,2110513,연희파출소,475,292,183,25,92,114,100,78,66,24,52,81,61,37,37,1,40,33,39,41,29
2018,2,A,골목상권,2110512,연희지하차도,417,149,268,0,62,54,104,107,90,0,19,29,31,35,35,0,43,25,73,72,55
2018,2,A,골목상권,2110511,연희초등학교,390,137,253,1,93,76,73,96,51,1,25,24,28,30,29,0,68,52,45,66,22
2018,2,A,골목상권,2110510,홍연시장,174,105,69,0,8,34,58,46,28,0,3,22,39,27,14,0,5,12,19,19,14
2018,2,A,골목상권,2110509,연희대우아파트앞,1293,559,734,0,158,334,389,288,124,0,63,163,154,91,88,0,95,171,235,197,36
2018,2,A,골목상권,2110508,서연중학교,387,192,195,0,96,121,60,71,39,0,35,67,32,35,23,0,61,54,28,36,16
2018,2,A,골목상권,2110507,명지대학교,412,187,225,4,74,92,84,101,57,2,29,46,37,46,27,2,45,46,47,55,30
2018,2,A,골목상권,2110506,연희임광아파트,128,83,45,0,12,18,33,34,31,0,8,10,24,19,22,0,4,8,9,15,9
2018,2,A,골목상권,2110505,홍남교남측,41,23,18,0,1,9,12,12,7,0,0,3,5,9,6,0,1,6,7,3,1
2018,2,A,골목상권,2110504,명지전문대,22,13,9,0,3,6,4,9,0,0,1,2,3,7,0,0,2,4,1,2,0
2018,2,A,골목상권,2110503,명지대학교교회,506,341,165,0,44,66,108,154,134,0,21,42,58,110,110,0,23,24,50,44,24
2018,2,A,골목상권,2110502,남가좌파출소,342,173,169,0,43,70,100,77,52,0,13,33,62,35,30,0,30,37,38,42,22
2018,2,A,골목상권,2110501,연희어린이공원,140,72,68,0,16,42,38,23,21,0,8,24,19,11,10,0,8,18,19,12,11
2018,2,A,골목상권,2110500,남가좌동현대아파트,36,13,23,0,3,7,11,7,8,0,1,2,4,1,5,0,2,5,7,6,3
2018,2,A,골목상권,2110499,연가초등학교,212,97,115,1,32,45,57,50,27,0,10,23,27,25,12,1,22,22,30,25,15
2018,2,A,골목상권,2110498,증산역 1번,245,126,119,0,19,44,62,78,42,0,5,22,34,40,25,0,14,22,28,38,17
2018,2,A,골목상권,2110497,가좌역 3번,352,278,74,0,23,47,105,125,52,0,7,26,86,117,42,0,16,21,19,8,10
2018,2,A,골목상권,2110496,모래내우체국,401,200,201,1,54,82,119,85,60,0,13,43,66,44,34,1,41,39,53,41,26
2018,2,A,골목상권,2110495,북가좌2동주민센터,535,337,198,0,32,66,145,201,91,0,14,34,90,137,62,0,18,32,55,64,29
2018,2,A,골목상권,2110494,증산3교남측,57,46,11,0,4,14,18,16,5,0,3,12,15,11,5,0,1,2,3,5,0
2018,2,A,골목상권,2110493,북가좌초등학교,223,167,56,0,26,53,58,52,34,0,13,40,44,38,32,0,13,13,14,14,2
2018,2,A,골목상권,2110492,하나고등학교,244,41,203,1,5,16,9,112,101,0,1,9,4,13,14,1,4,7,5,99,87
2018,2,A,골목상권,2110491,불광중학교,68,25,43,0,5,10,31,17,5,0,2,4,12,4,3,0,3,6,19,13,2
2018,2,A,골목상권,2110490,녹번동근린공원,297,104,193,2,21,47,89,89,49,1,7,22,29,28,17,1,14,25,60,61,32
2018,2,A,골목상권,2110489,불광역 3번,42,21,21,0,5,5,15,14,3,0,3,2,9,5,2,0,2,3,6,9,1
2018,2,A,골목상권,2110488,우리은행응암동지점,565,254,311,0,44,77,96,136,212,0,12,28,32,53,129,0,32,49,64,83,83
2018,2,A,골목상권,2110487,불광역 8번,166,89,77,0,24,49,44,30,19,0,12,30,21,15,11,0,12,19,23,15,8
2018,2,A,골목상권,2110486,은평구청,726,354,372,0,68,138,212,190,118,0,29,64,103,93,65,0,39,74,109,97,53
2018,2,A,골목상권,2110485,연신내우체국,134,47,87,1,11,37,26,35,24,1,5,12,12,12,5,0,6,25,14,23,19
2018,2,A,골목상권,2110484,역촌역 3번,346,139,207,1,48,78,96,70,53,0,15,37,36,24,27,1,33,41,60,46,26
2018,2,A,골목상권,2110483,연천초등학교,40,17,23,0,5,9,13,9,4,0,2,4,4,3,4,0,3,5,9,6,0
2018,2,A,골목상권,2110482,연신초등학교,73,20,53,0,1,19,25,15,13,0,0,9,6,2,3,0,1,10,19,13,10
2018,2,A,골목상권,2110481,불광역 7번,449,143,306,3,63,80,101,93,109,0,25,29,34,19,36,3,38,51,67,74,73
2018,2,A,골목상권,2110480,연신내역 3번,86,27,59,0,14,17,22,20,13,0,2,6,8,6,5,0,12,11,14,14,8
2018,2,A,골목상권,2110479,연신내역 2번,475,227,248,2,48,61,138,115,111,2,14,34,64,53,60,0,34,27,74,62,51
2018,2,A,골목상권,2110478,응암1동주민센터,400,166,234,1,48,64,122,113,52,1,17,26,55,41,26,0,31,38,67,72,26
2018,2,A,골목상권,2110477,은평세무서,875,390,485,3,98,163,219,229,163,1,28,60,107,105,89,2,70,103,112,124,74
2018,2,A,골목상권,2110476,역촌역 2번,77,35,42,0,6,11,27,23,10,0,3,5,13,9,5,0,3,6,14,14,5
2018,2,A,골목상권,2110475,백련산해모로아파트,237,93,144,2,28,41,68,61,37,1,13,17,21,22,19,1,15,24,47,39,18
2018,2,A,골목상권,2110474,세명컴퓨터고등학교,172,80,92,0,24,41,51,34,22,0,12,20,25,11,12,0,12,21,26,23,10
2018,2,A,골목상권,2110473,구산역 1번,420,201,219,1,39,71,119,103,87,0,13,28,63,44,53,1,26,43,56,59,34
2018,2,A,골목상권,2110472,연신내역 4번,463,214,249,1,45,94,90,112,121,1,19,49,38,50,57,0,26,45,52,62,64
2018,2,A,골목상권,2110471,응암동우체국,414,166,248,0,43,78,113,111,69,0,11,24,48,46,37,0,32,54,65,65,32
2018,2,A,골목상권,2110470,신진과학기술고등학교,127,64,63,0,5,23,46,29,24,0,2,11,26,12,13,0,3,12,20,17,11
2018,2,A,골목상권,2110469,응암정보도서관,551,262,289,1,54,95,171,149,81,1,19,45,74,74,49,0,35,50,97,75,32
2018,2,A,골목상권,2110468,응암역 3번,855,409,446,2,102,162,218,220,151,0,27,85,116,111,70,2,75,77,102,109,81
2018,2,A,골목상권,2110467,은평요양병원,259,136,123,0,27,48,69,63,52,0,10,27,32,31,36,0,17,21,37,32,16
2018,2,A,골목상권,2110466,구산역 2번,156,100,56,0,13,41,45,33,24,0,9,26,28,20,17,0,4,15,17,13,7
2018,2,A,골목상권,2110465,연신내역 7번,258,127,131,0,31,61,68,53,45,0,15,41,18,23,30,0,16,20,50,30,15
2018,2,A,골목상권,2110464,연신내역 5번,471,247,224,1,34,71,116,102,147,1,10,34,63,42,97,0,24,37,53,60,50
2018,2,A,골목상권,2110463,응암3동주민센터,274,116,158,0,72,64,55,46,37,0,32,33,20,15,16,0,40,31,35,31,21
2018,2,A,골목상권,2110462,갈현건영아파트,195,90,105,0,17,36,56,55,31,0,8,16,23,28,15,0,9,20,33,27,16
2018,2,A,골목상권,2110461,새절역 2번,53,29,24,0,4,9,18,11,11,0,3,8,10,3,5,0,1,1,8,8,6
2018,2,A,골목상권,2110460,구산역 4번,759,272,487,2,117,144,179,210,107,2,24,69,69,68,40,0,93,75,110,142,67
2018,2,A,골목상권,2110459,응암역 2번,407,199,208,2,49,79,120,89,68,1,24,47,48,41,38,1,25,32,72,48,30
2018,2,A,골목상권,2110458,선일여고,244,105,139,0,28,48,79,56,33,0,12,21,30,20,22,0,16,27,49,36,11
2018,2,A,골목상권,2110457,예일여고,355,173,182,0,31,64,88,91,81,0,16,38,51,38,30,0,15,26,37,53,51
2018,2,A,골목상권,2110456,구산보건지소,419,172,247,0,32,79,128,127,53,0,13,34,55,41,29,0,19,45,73,86,24
2018,2,A,골목상권,2110455,역촌노인복지관,427,176,251,0,50,89,102,122,64,0,14,48,43,39,32,0,36,41,59,83,32
2018,2,A,골목상권,2110454,선정중학교,116,27,89,0,10,16,40,27,23,0,3,7,8,6,3,0,7,9,32,21,20
2018,2,A,골목상권,2110453,신사1동주민센터,753,356,397,2,69,155,184,206,137,2,33,86,101,84,50,0,36,69,83,122,87
2018,2,A,골목상권,2110452,새절역 3번,784,370,414,0,36,86,135,192,335,0,12,37,62,113,146,0,24,49,73,79,189
2018,2,A,골목상권,2110451,증산역 4번,421,260,161,1,50,91,136,88,55,1,23,65,92,46,33,0,27,26,44,42,22
2018,2,A,골목상권,2110450,시립서북병원,1245,423,822,1,192,280,297,292,183,0,61,101,121,82,58,1,131,179,176,210,125
2018,2,A,골목상권,2110449,증산역 3번,799,460,339,5,86,138,183,199,188,4,34,58,99,130,135,1,52,80,84,69,53
2018,2,A,골목상권,2110448,상신초등학교입구,77,34,43,0,6,9,26,23,13,0,2,5,9,10,8,0,4,4,17,13,5
2018,2,A,골목상권,2110447,구산초등학교,30,6,24,0,1,1,11,6,11,0,0,1,3,0,2,0,1,0,8,6,9
2018,2,A,골목상권,2110446,내를건너서숲으로도서관,220,124,96,0,19,17,51,69,64,0,3,4,25,41,51,0,16,13,26,28,13
2018,2,A,골목상권,2110445,덕산중학교,12,7,5,0,0,2,6,2,2,0,0,1,2,2,2,0,0,1,4,0,0
2018,2,A,골목상권,2110444,수색성당,398,360,38,0,9,29,61,120,179,0,5,18,48,113,176,0,4,11,13,7,3
2018,2,A,골목상권,2110443,수색역 1번,25,10,15,0,4,4,6,6,5,0,1,1,2,4,2,0,3,3,4,2,3
2018,2,A,골목상권,2110442,화랑대철도공원,149,60,89,1,13,24,22,63,26,1,10,18,9,15,7,0,3,6,13,48,19
2018,2,A,골목상권,2110441,영신여고,245,83,162,0,22,38,51,64,70,0,8,16,14,21,24,0,14,22,37,43,46
2018,2,A,골목상권,2110440,상계3동4동주민센터,85,39,46,0,10,15,21,28,11,0,0,9,11,10,9,0,10,6,10,18,2
2018,2,A,골목상권,2110439,당고개역 5번,46,32,14,0,4,5,15,15,7,0,1,3,12,11,5,0,3,2,3,4,2
2018,2,A,골목상권,2110438,경춘선숲길 우측,392,175,217,0,46,85,146,78,37,0,19,43,60,35,18,0,27,42,86,43,19
2018,2,A,골목상권,2110437,당고개역 2번,326,97,229,0,33,62,74,86,71,0,11,26,23,23,14,0,22,36,51,63,57
2018,2,A,골목상권,2110436,상계제일중학교,259,77,182,0,21,44,50,85,59,0,3,19,18,23,14,0,18,25,32,62,45
2018,2,A,골목상권,2110435,서울과학기술대,76,44,32,0,17,12,18,17,12,0,9,6,11,10,8,0,8,6,7,7,4
2018,2,A,골목상권,2110434,태릉입구역 4번,171,90,81,0,13,28,47,47,36,0,7,14,27,23,19,0,6,14,20,24,17
2018,2,A,골목상권,2110433,공릉역 2번,297,140,157,0,23,49,63,95,67,0,10,30,32,40,28,0,13,19,31,55,39
2018,2,A,골목상권,2110432,대진고등학교,289,137,152,1,24,38,83,86,57,1,13,24,38,36,25,0,11,14,45,50,32
2018,2,A,골목상권,2110431,상계역,374,160,214,4,47,75,116,88,44,0,15,34,59,36,16,4,32,41,57,52,28
2018,2,A,골목상권,2110430,중계초등학교,257,114,143,1,28,47,53,62,66,0,10,22,22,22,38,1,18,25,31,40,28
2018,2,A,골목상권,2110429,공릉동 국수거리,3263,1331,1932,11,400,565,748,879,660,8,155,326,342,312,188,3,245,239,406,567,472
2018,2,A,골목상권,2110428,상계5동주민센터,752,366,386,0,60,106,199,221,166,0,20,68,91,102,85,0,40,38,108,119,81
2018,2,A,골목상권,2110427,노원 을지대학교병원,189,132,57,0,9,26,48,65,41,0,4,17,28,47,36,0,5,9,20,18,5
2018,2,A,골목상권,2110426,상계2동주민센터,532,213,319,0,72,102,123,143,92,0,20,48,53,51,41,0,52,54,70,92,51
2018,2,A,골목상권,2110425,계상초등학교,369,170,199,0,40,58,85,112,74,0,16,31,39,53,31,0,24,27,46,59,43
2018,2,A,골목상권,2110424,상계초등학교,550,181,369,2,49,85,146,168,100,1,12,42,52,48,26,1,37,43,94,120,74
2018,2,A,골목상권,2110423,석계역 2번,396,179,217,0,40,62,108,100,86,0,15,37,55,45,27,0,25,25,53,55,59
2018,2,A,골목상권,2110422,노원역 9번,139,56,83,0,12,19,32,45,31,0,4,8,15,14,15,0,8,11,17,31,16
2018,2,A,골목상권,2110421,석계역 1번,411,130,281,4,84,66,94,90,73,2,25,24,27,26,26,2,59,42,67,64,47
2018,2,A,골목상권,2110420,광운대역 1번,228,105,123,1,36,50,55,43,43,0,6,27,34,18,20,1,30,23,21,25,23
2018,2,A,골목상권,2110419,수락산디자인거리,1677,1078,599,3,95,201,298,330,750,1,54,118,174,179,552,2,41,83,124,151,198
2018,2,A,골목상권,2110418,광운대학교 남단,127,83,44,1,11,25,29,41,20,1,8,20,16,25,13,0,3,5,13,16,7
2018,2,A,골목상권,2110417,월계역 3번,50,31,19,0,10,11,12,13,4,0,6,8,6,8,3,0,4,3,6,5,1
2018,2,A,골목상권,2110416,노원초등학교,606,316,290,1,70,101,138,166,130,0,36,59,61,82,78,1,34,42,77,84,52
2018,2,A,골목상권,2110415,수락산역 4번,1725,908,817,2,161,312,397,385,468,2,60,199,228,237,182,0,101,113,169,148,286
2018,2,A,골목상권,2110414,장석교회,293,240,53,0,10,29,42,109,103,0,3,18,35,92,92,0,7,11,7,17,11
2018,2,A,골목상권,2110413,누원고등학교,405,139,266,3,30,72,88,104,108,1,9,43,35,29,22,2,21,29,53,75,86
2018,2,A,골목상권,2110412,창동중학교,53,36,17,0,8,16,14,7,8,0,6,13,9,3,5,0,2,3,5,4,3
2018,2,A,골목상권,2110411,도봉역 3번,616,441,175,1,34,83,107,200,191,1,11,36,66,159,168,0,23,47,41,41,23
2018,2,A,골목상권,2110410,방학역 2번,1427,908,519,13,160,205,260,403,386,8,66,97,164,268,305,5,94,108,96,135,81
2018,2,A,골목상권,2110409,창동역 2번,503,267,236,1,79,117,133,106,67,0,41,57,60,57,52,1,38,60,73,49,15
2018,2,A,골목상권,2110408,가인초등학교,644,263,381,5,114,145,170,143,67,2,23,62,81,62,33,3,91,83,89,81,34
2018,2,A,골목상권,2110407,도봉역 2번,756,451,305,2,59,120,164,237,174,2,25,68,96,144,116,0,34,52,68,93,58
2018,2,A,골목상권,2110406,도봉산역 1번,788,610,178,1,26,67,169,330,195,1,12,47,131,273,146,0,14,20,38,57,49
2018,2,A,골목상권,2110405,방학역 1번,394,166,228,1,45,68,125,105,50,1,19,32,43,46,25,0,26,36,82,59,25
2018,2,A,골목상권,2110404,신창초등학교,629,268,361,4,59,110,159,194,103,4,18,49,78,75,44,0,41,61,81,119,59
2018,2,A,골목상권,2110403,방학1동주민센터,378,155,223,0,44,62,91,90,91,0,16,30,40,32,37,0,28,32,51,58,54
2018,2,A,골목상권,2110402,도봉구 정병원,518,218,300,1,40,55,117,159,146,0,20,27,60,56,55,1,20,28,57,103,91
2018,2,A,골목상권,2110401,도봉구민회관,396,133,263,2,56,54,77,131,76,2,12,25,35,40,19,0,44,29,42,91,57
2018,2,A,골목상권,2110400,도봉구보건소,974,465,509,0,108,170,220,254,222,0,36,95,86,124,124,0,72,75,134,130,98
2018,2,A,골목상권,2110399,창2동주민센터,681,318,363,14,81,97,217,181,91,6,35,52,92,81,52,8,46,45,125,100,39
2018,2,A,골목상권,2110398,쌍문2동우체국,1055,753,302,1,67,136,183,230,438,1,33,99,112,146,362,0,34,37,71,84,76
2018,2,A,골목상권,2110397,도봉산입구,670,353,317,2,54,87,166,214,147,1,19,44,71,110,108,1,35,43,95,104,39
2018,2,A,골목상권,2110396,쌍문역1번(쌍리단길),505,171,334,1,101,102,113,131,57,0,11,42,48,45,25,1,90,60,65,86,32
2018,2,A,골목상권,2110395,신한은행 방학동지점,240,94,146,0,25,38,59,66,52,0,2,20,27,24,21,0,23,18,32,42,31
2018,2,A,골목상권,2110394,방학중학교,235,85,150,1,18,34,62,75,45,0,3,20,20,22,20,1,15,14,42,53,25
2018,2,A,골목상권,2110393,국민은행방학지점,143,40,103,0,20,25,39,35,24,0,2,9,12,11,6,0,18,16,27,24,18
2018,2,A,골목상권,2110392,발바닥공원,140,46,94,0,16,29,20,43,32,0,4,13,9,9,11,0,12,16,11,34,21
2018,2,A,골목상권,2110391,샘말어린이공원,265,130,135,0,31,61,79,54,40,0,16,35,46,17,16,0,15,26,33,37,24
2018,2,A,골목상권,2110390,방학초등학교,411,186,225,0,27,57,101,99,127,0,9,25,51,36,65,0,18,32,50,63,62
2018,2,A,골목상권,2110389,한일병원,194,108,86,0,17,34,55,58,30,0,8,17,32,32,19,0,9,17,23,26,11
2018,2,A,골목상권,2110388,도봉우체국,74,32,42,0,12,12,21,13,16,0,6,4,8,4,10,0,6,8,13,9,6
2018,2,A,골목상권,2110387,쌍문초등학교,319,187,132,0,47,69,79,69,55,0,20,44,46,34,43,0,27,25,33,35,12
2018,2,A,골목상권,2110386,연산군묘,163,142,21,0,2,6,20,63,72,0,1,4,17,51,69,0,1,2,3,12,3
2018,2,A,골목상권,2110385,효문고등학교,18,12,6,0,0,2,9,4,3,0,0,0,7,3,2,0,0,2,2,1,1
2018,2,A,골목상권,2110384,문이교,16,8,8,0,0,4,5,6,1,0,0,4,1,3,0,0,0,0,4,3,1
2018,2,A,골목상권,2110383,덕성여대시반거리,157,66,91,0,13,25,46,46,27,0,10,16,18,13,9,0,3,9,28,33,18
2018,2,A,골목상권,2110382,솔밭공원역 1번,417,201,216,1,54,51,60,137,114,0,8,23,20,64,86,1,46,28,40,73,28
2018,2,A,골목상권,2110381,번동주공2단지,310,157,153,4,89,54,65,78,20,3,43,31,36,34,10,1,46,23,29,44,10
2018,2,A,골목상권,2110380,강북문화정보도서관,40,8,32,0,15,6,6,11,2,0,1,1,0,5,1,0,14,5,6,6,1
2018,2,A,골목상권,2110379,KT&G 북부지사,32,13,19,0,3,7,15,7,0,0,1,2,7,3,0,0,2,5,8,4,0
2018,2,A,골목상권,2110378,송중동주민센터,138,65,73,0,13,37,50,29,9,0,5,18,21,15,6,0,8,19,29,14,3
2018,2,A,골목상권,2110377,미아사거리역 3번,65,35,30,1,7,19,12,17,9,1,4,14,4,8,4,0,3,5,8,9,5
2018,2,A,골목상권,2110376,수송초등학교,454,195,259,2,55,86,133,118,60,0,19,44,51,51,30,2,36,42,82,67,30
2018,2,A,골목상권,2110375,서울북부고용노동지청,380,216,164,0,73,64,90,86,67,0,62,45,43,36,30,0,11,19,47,50,37
2018,2,A,골목상권,2110374,송중초등학교,670,263,407,1,62,103,193,198,113,1,19,46,83,58,56,0,43,57,110,140,57
2018,2,A,골목상권,2110373,수유역 2번,1075,733,342,2,89,283,214,325,162,2,51,239,157,215,69,0,38,44,57,110,93
2018,2,A,골목상권,2110372,강북중학교,135,73,62,0,8,19,27,48,33,0,2,10,13,25,23,0,6,9,14,23,10
2018,2,A,골목상권,2110371,삼양입구사거리,116,42,74,0,2,10,38,44,22,0,1,1,13,18,9,0,1,9,25,26,13
2018,2,A,골목상권,2110370,도봉세무서,1151,589,562,1,41,107,154,224,624,0,26,59,93,146,265,1,15,48,61,78,359
2018,2,A,골목상권,2110369,성신여대운정그린캠퍼스,739,302,437,0,98,143,151,163,184,0,33,66,62,59,82,0,65,77,89,104,102
2018,2,A,골목상권,2110368,송천초등학교,102,53,49,0,11,15,21,37,18,0,6,9,9,16,13,0,5,6,12,21,5
2018,2,A,골목상권,2110367,강북구청,2195,1179,1016,1,178,566,548,614,288,0,57,248,287,419,168,1,121,318,261,195,120
2018,2,A,골목상권,2110366,광산사거리,182,124,58,0,9,34,44,56,39,0,7,22,25,38,32,0,2,12,19,18,7
2018,2,A,골목상권,2110365,미아역 5번,95,32,63,2,3,17,31,29,13,1,0,8,11,8,4,1,3,9,20,21,9
2018,2,A,골목상권,2110364,미아역 8번,214,95,119,0,21,38,73,54,28,0,10,20,29,19,17,0,11,18,44,35,11
2018,2,A,골목상권,2110363,송천동주민센터,35,24,11,0,7,13,5,4,6,0,5,9,4,1,5,0,2,4,1,3,1
2018,2,A,골목상권,2110362,우이천 계성교,256,128,128,0,46,45,68,64,33,0,16,27,44,28,13,0,30,18,24,36,20
2018,2,A,골목상권,2110361,삼양사거리역 1번,262,110,152,3,33,52,44,67,63,3,15,27,19,23,23,0,18,25,25,44,40
2018,2,A,골목상권,2110360,수유초등학교,512,331,181,0,50,89,101,138,134,0,14,62,59,91,105,0,36,27,42,47,29
2018,2,A,골목상권,2110359,수유시장옆,167,61,106,1,8,36,42,43,37,1,1,16,21,14,8,0,7,20,21,29,29
2018,2,A,골목상권,2110358,인수동 우편취급국,523,223,300,0,38,69,100,164,152,0,10,40,46,38,89,0,28,29,54,126,63
2018,2,A,골목상권,2110357,가오리역 1번,256,100,156,1,19,39,64,68,65,1,5,14,26,24,30,0,14,25,38,44,35
2018,2,A,골목상권,2110356,덕수교,241,92,149,0,13,36,58,75,59,0,5,20,22,20,25,0,8,16,36,55,34
2018,2,A,골목상권,2110355,삼양사거리역 2번,258,159,99,0,26,30,38,84,80,0,3,13,17,60,66,0,23,17,21,24,14
2018,2,A,골목상권,2110354,삼각산119안전센터,57,19,38,0,9,22,19,5,2,0,1,8,7,2,1,0,8,14,12,3,1
2018,2,A,골목상권,2110353,수유동우체국,246,119,127,0,22,35,54,77,58,0,13,20,31,35,20,0,9,15,23,42,38
2018,2,A,골목상권,2110352,수유1동주민센터,490,177,313,0,57,100,142,125,66,0,20,46,45,42,24,0,37,54,97,83,42
2018,2,A,골목상권,2110351,수유북부시장옆,287,215,72,0,6,17,27,119,118,0,1,7,11,90,106,0,5,10,16,29,12
2018,2,A,골목상권,2110350,가오리역 2번,127,77,50,0,13,28,38,32,16,0,8,14,24,19,12,0,5,14,14,13,4
2018,2,A,골목상권,2110349,화계역 2번,15,2,13,0,3,3,7,2,0,0,0,0,2,0,0,0,3,3,5,2,0
2018,2,A,골목상권,2110348,강북문화예술회관,507,231,276,0,58,100,136,138,75,0,14,49,70,54,44,0,44,51,66,84,31
2018,2,A,골목상권,2110347,구세군강북종합사회복지관,45,15,30,0,12,11,12,7,3,0,2,7,2,3,1,0,10,4,10,4,2
2018,2,A,골목상권,2110346,4.19민주묘지역 2번,133,78,55,1,23,26,35,27,21,0,9,16,21,15,17,1,14,10,14,12,4
2018,2,A,골목상권,2110345,솔밭공원역 2번,187,72,115,0,23,38,54,51,21,0,3,15,24,14,16,0,20,23,30,37,5
2018,2,A,골목상권,2110344,화계중학교,539,528,11,0,5,44,188,231,71,0,2,41,185,231,69,0,3,3,3,0,2
2018,2,A,골목상권,2110343,무너미어린이공원,107,54,53,0,14,18,33,29,13,0,5,11,18,13,7,0,9,7,15,16,6
2018,2,A,골목상권,2110342,국립재활원,48,28,20,0,3,9,14,18,4,0,1,6,9,11,1,0,2,3,5,7,3
2018,2,A,골목상권,2110341,북한산우이역 2번,443,398,45,1,8,15,70,245,104,0,4,9,54,233,98,1,4,6,16,12,6
2018,2,A,골목상권,2110340,인수중학교,144,55,89,0,10,16,48,35,35,0,3,7,16,8,21,0,7,9,32,27,14
2018,2,A,골목상권,2110339,국립4.19민주묘지,308,234,74,0,20,38,75,118,57,0,7,19,58,101,49,0,13,19,17,17,8
2018,2,A,골목상권,2110338,인수초등학교,13,10,3,0,0,7,4,1,1,0,0,5,3,1,1,0,0,2,1,0,0
2018,2,A,골목상권,2110337,아카데미하우스,580,266,314,0,60,55,78,133,254,0,27,35,39,62,103,0,33,20,39,71,151
2018,2,A,골목상권,2110336,석관고등학교,381,297,84,0,10,53,106,137,75,0,7,41,91,107,51,0,3,12,15,30,24
2018,2,A,골목상권,2110335,석계역 7번,616,381,235,0,68,114,167,167,100,0,31,70,96,109,75,0,37,44,71,58,25
2018,2,A,골목상권,2110334,석관중앙교회,252,118,134,0,27,54,65,64,42,0,10,23,32,37,16,0,17,31,33,27,26
2018,2,A,골목상권,2110333,돌곶이역 5번,1180,850,330,0,47,91,82,123,837,0,22,59,50,57,662,0,25,32,32,66,175
2018,2,A,골목상권,2110332,돌곶이역 3번,203,90,113,0,20,33,51,58,41,0,2,16,20,26,26,0,18,17,31,32,15
2018,2,A,골목상권,2110331,돌곶이역 8번,486,199,287,3,63,152,121,95,52,1,12,71,48,39,28,2,51,81,73,56,24
2018,2,A,골목상권,2110330,돌곶이역 1번,463,291,172,0,43,44,110,110,156,0,22,27,58,49,135,0,21,17,52,61,21
2018,2,A,골목상권,2110329,우리은행체육관,154,62,92,0,14,26,44,48,22,0,1,13,17,22,9,0,13,13,27,26,13
2018,2,A,골목상권,2110328,상월곡역 3번,555,308,247,1,70,170,173,91,50,0,29,90,109,44,36,1,41,80,64,47,14
2018,2,A,골목상권,2110327,상월곡역 2번,245,129,116,0,19,47,69,63,47,0,6,21,37,31,34,0,13,26,32,32,13
2018,2,A,골목상권,2110326,장위동성당,39,16,23,0,4,1,13,13,8,0,2,0,6,5,3,0,2,1,7,8,5
2018,2,A,골목상권,2110325,장곡초등학교,117,47,70,0,13,22,37,37,8,0,2,9,16,15,5,0,11,13,21,22,3
2018,2,A,골목상권,2110324,월곡역 4번,106,46,60,0,50,26,13,9,8,0,15,15,8,4,4,0,35,11,5,5,4
2018,2,A,골목상권,2110323,상월곡역 1번,229,101,128,2,22,48,64,58,35,0,7,24,30,25,15,2,15,24,34,33,20
2018,2,A,골목상권,2110322,장위1동주민센터,193,69,124,1,12,26,38,87,29,0,2,6,15,32,14,1,10,20,23,55,15
2018,2,A,골목상권,2110321,동덕여대,44,20,24,0,4,13,18,7,2,0,2,8,6,4,0,0,2,5,12,3,2
2018,2,A,골목상권,2110320,KB국민은행 종암동지점,156,82,74,0,9,23,40,57,27,0,5,9,18,29,21,0,4,14,22,28,6
2018,2,A,골목상권,2110319,종암동주민센터,333,152,181,0,51,73,70,78,61,0,18,33,30,42,29,0,33,40,40,36,32
2018,2,A,골목상권,2110318,KT월곡지사,337,175,162,2,44,60,74,100,57,1,20,37,48,43,26,1,24,23,26,57,31
2018,2,A,골목상권,2110317,종암중학교,291,127,164,0,62,73,62,69,25,0,23,40,29,25,10,0,39,33,33,44,15
2018,2,A,골목상권,2110316,숭곡초등학교,1036,578,458,5,207,288,288,172,76,1,85,177,181,89,45,4,122,111,107,83,31
2018,2,A,골목상권,2110315,종암아이파크2차,463,186,277,1,87,84,116,104,71,0,32,40,54,26,34,1,55,44,62,78,37
2018,2,A,골목상권,2110314,종암경찰서,1237,756,481,2,123,285,330,383,114,1,56,199,220,245,35,1,67,86,110,138,79
2018,2,A,골목상권,2110313,안암역 3번,620,294,326,3,126,132,168,112,79,0,49,76,81,54,34,3,77,56,87,58,45
2018,2,A,골목상권,2110312,안암역 2번,405,202,203,6,75,86,102,95,41,2,34,55,54,37,20,4,41,31,48,58,21
2018,2,A,골목상권,2110311,종암아이파크2차후문,38,19,19,0,5,8,15,6,4,0,2,4,6,4,3,0,3,4,9,2,1
2018,2,A,골목상권,2110310,길음역 10번,350,71,279,2,14,37,94,138,65,2,5,14,14,17,19,0,9,23,80,121,46
2018,2,A,골목상권,2110309,대광초등학교,537,326,211,2,81,132,148,107,67,0,31,73,93,78,51,2,50,59,55,29,16
2018,2,A,골목상권,2110308,길음역 8번,294,128,166,1,57,65,83,58,30,1,16,37,35,24,15,0,41,28,48,34,15
2018,2,A,골목상권,2110307,길음역 7번,518,162,356,5,113,115,138,96,51,1,18,35,45,35,28,4,95,80,93,61,23
2018,2,A,골목상권,2110306,미아초등학교,85,38,47,0,7,25,28,14,11,0,2,15,11,8,2,0,5,10,17,6,9
2018,2,A,골목상권,2110305,보문역 5번,550,282,268,6,93,118,118,112,103,1,25,73,61,57,65,5,68,45,57,55,38
2018,2,A,골목상권,2110304,보문역 4번,469,222,247,4,89,83,130,104,59,2,38,46,66,49,21,2,51,37,64,55,38
2018,2,A,골목상권,2110303,성신여대입구역 1번,361,154,207,1,43,60,78,89,90,1,16,33,34,36,34,0,27,27,44,53,56
2018,2,A,골목상권,2110302,보문역 8번,724,426,298,2,100,135,143,183,161,1,42,69,83,109,122,1,58,66,60,74,39
2018,2,A,골목상권,2110301,성신여대입구역 7번,451,172,279,0,21,70,123,138,99,0,10,25,55,51,31,0,11,45,68,87,68
2018,2,A,골목상권,2110300,삼선동주민센터,3304,1848,1456,3,306,849,867,973,306,0,112,363,471,700,202,3,194,486,396,273,104
2018,2,A,골목상권,2110299,정릉역 1번,493,197,296,0,56,105,138,116,78,0,13,44,55,51,34,0,43,61,83,65,44
2018,2,A,골목상권,2110298,솔숲어린이공원,108,32,76,0,19,16,37,25,11,0,3,6,13,6,4,0,16,10,24,19,7
2018,2,A,골목상권,2110297,경동고등학교,536,258,278,1,73,122,125,133,82,1,32,77,58,57,33,0,41,45,67,76,49
2018,2,A,골목상권,2110296,성신여대입구역 4번,151,51,100,0,14,41,38,34,24,0,2,17,16,10,6,0,12,24,22,24,18
2018,2,A,골목상권,2110295,정릉우체국,301,153,148,3,52,64,68,70,44,0,25,37,34,28,29,3,27,27,34,42,15
2018,2,A,골목상권,2110294,서경대학교,514,351,163,1,32,41,108,169,163,1,5,19,67,121,138,0,27,22,41,48,25
2018,2,A,골목상권,2110293,삼선중학교,518,295,223,0,69,124,147,100,78,0,27,82,99,46,41,0,42,42,48,54,37
2018,2,A,골목상권,2110292,정릉역 2번,104,44,60,0,7,26,31,24,16,0,2,10,16,10,6,0,5,16,15,14,10
2018,2,A,골목상권,2110291,한성대입구역 3번,1053,553,500,1,215,206,251,263,117,0,100,98,129,156,70,1,115,108,122,107,47
2018,2,A,골목상권,2110290,북한산보국문역 1번,47,36,11,0,3,6,19,11,8,0,1,5,16,8,6,0,2,1,3,3,2
2018,2,A,골목상권,2110289,북한산보국문역 2번,126,79,47,0,9,17,37,41,22,0,1,11,23,24,20,0,8,6,14,17,2
2018,2,A,골목상권,2110288,동구여중,596,211,385,4,72,210,214,72,24,2,18,75,67,34,15,2,54,135,147,38,9
2018,2,A,골목상권,2110287,정릉3동주민센터,97,45,52,0,19,16,27,19,16,0,6,9,13,8,9,0,13,7,14,11,7
2018,2,A,골목상권,2110286,한성대입구역 5번,666,327,339,8,155,183,148,115,57,3,42,101,82,62,37,5,113,82,66,53,20
2018,2,A,골목상권,2110285,홍대부중,166,90,76,1,34,45,49,22,15,0,13,28,26,13,10,1,21,17,23,9,5
2018,2,A,골목상권,2110284,정릉북한산국립공원입구,513,465,48,1,9,46,169,212,76,0,4,41,156,192,72,1,5,5,13,20,4
2018,2,A,골목상권,2110283,성북초등학교앞,191,82,109,0,15,49,59,44,24,0,6,21,24,16,15,0,9,28,35,28,9
2018,2,A,골목상권,2110282,국민대학교앞,503,404,99,0,29,57,157,196,64,0,14,36,137,163,54,0,15,21,20,33,10
2018,2,A,골목상권,2110281,길상사,164,93,71,0,28,36,32,37,31,0,11,19,16,22,25,0,17,17,16,15,6
2018,2,A,골목상권,2110280,북정마을,121,32,89,0,35,34,24,22,6,0,10,11,3,7,1,0,25,23,21,15,5
2018,2,A,골목상권,2110279,신내역 2번,161,139,22,0,1,17,35,35,73,0,1,12,26,28,72,0,0,5,9,7,1
2018,2,A,골목상권,2110278,망우본동주민센터,566,264,302,1,81,103,151,139,91,1,32,49,67,62,53,0,49,54,84,77,38
2018,2,A,골목상권,2110277,러스크서울병원,635,290,345,0,97,141,159,145,93,0,26,71,84,64,45,0,71,70,75,81,48
2018,2,A,골목상권,2110276,신내IC북측,331,266,65,0,16,51,95,91,78,0,10,38,67,76,75,0,6,13,28,15,3
2018,2,A,골목상권,2110275,하나은행 망우동지점,132,70,62,0,13,27,35,35,22,0,5,13,17,19,16,0,8,14,18,16,6
2018,2,A,골목상권,2110274,서일대학교,446,212,234,1,64,95,95,107,84,1,13,51,41,58,48,0,51,44,54,49,36
2018,2,A,골목상권,2110273,장스여성병원,768,500,268,3,62,75,115,239,274,0,4,19,62,182,233,3,58,56,53,57,41
2018,2,A,골목상권,2110272,신내1동주민센터,1168,810,358,0,96,209,295,353,215,0,42,132,193,262,181,0,54,77,102,91,34
2018,2,A,골목상권,2110271,신내역 1번,145,107,38,0,8,30,42,38,27,0,5,23,29,29,21,0,3,7,13,9,6
2018,2,A,골목상권,2110270,혜원여고,252,205,47,0,7,12,35,85,113,0,4,4,24,71,102,0,3,8,11,14,11
2018,2,A,골목상권,2110269,용마문화복지센터,183,89,94,0,22,47,59,40,15,0,12,21,35,15,6,0,10,26,24,25,9
2018,2,A,골목상권,2110268,망우3동주민센터,137,71,66,1,11,27,38,39,21,0,2,16,22,19,12,1,9,11,16,20,9
2018,2,A,골목상권,2110267,망우역 2번,324,116,208,0,39,57,87,65,76,0,5,13,36,25,37,0,34,44,51,40,39
2018,2,A,골목상권,2110266,면목동우체국,151,76,75,0,13,23,52,43,20,0,7,11,28,19,11,0,6,12,24,24,9
2018,2,A,골목상권,2110265,망우역 1번,432,218,214,3,68,66,94,111,90,1,25,31,48,55,58,2,43,35,46,56,32
2018,2,A,골목상권,2110264,면목역 2번,702,276,426,1,80,102,146,207,166,1,30,42,60,56,87,0,50,60,86,151,79
2018,2,A,골목상권,2110263,면목역 1번,168,75,93,0,16,36,55,39,22,0,4,14,19,21,17,0,12,22,36,18,5
2018,2,A,골목상권,2110262,상봉역 3번,2188,1348,840,11,300,648,678,350,201,3,174,493,365,157,156,8,126,155,313,193,45
2018,2,A,골목상권,2110261,사가정역 4번,189,69,120,1,22,32,53,51,30,0,9,12,18,18,12,1,13,20,35,33,18
2018,2,A,골목상권,2110260,면목역 3번,213,87,126,0,26,30,65,58,34,0,8,10,26,24,19,0,18,20,39,34,15
2018,2,A,골목상권,2110259,사가정역 1번,283,170,113,0,29,71,81,73,29,0,12,38,50,50,20,0,17,33,31,23,9
2018,2,A,골목상권,2110258,면동초등학교,263,101,162,0,38,48,72,60,45,0,7,23,32,21,18,0,31,25,40,39,27
2018,2,A,골목상권,2110257,상봉역 7번,540,455,85,0,12,23,68,232,205,0,3,10,49,200,193,0,9,13,19,32,12
2018,2,A,골목상권,2110256,면목2동체육관,998,559,439,3,70,140,253,312,220,2,26,75,131,179,146,1,44,65,122,133,74
2018,2,A,골목상권,2110255,상봉역 4번,601,289,312,0,57,111,166,166,101,0,26,55,79,76,53,0,31,56,87,90,48
2018,2,A,골목상권,2110254,오거리공원,346,163,183,1,27,68,90,101,59,0,8,38,47,49,21,1,19,30,43,52,38
2018,2,A,골목상권,2110253,중곡초등학교,301,179,122,0,45,60,78,76,42,0,23,34,43,47,32,0,22,26,35,29,10
2018,2,A,골목상권,2110252,장안제일시장,748,519,229,1,52,102,151,256,186,0,29,56,97,179,158,1,23,46,54,77,28
2018,2,A,골목상권,2110251,장안중학교,203,109,94,0,27,39,59,54,24,0,11,23,25,31,19,0,16,16,34,23,5
2018,2,A,골목상권,2110250,화랑대역 7번,119,65,54,0,18,26,28,30,17,0,8,13,14,16,14,0,10,13,14,14,3
2018,2,A,골목상권,2110249,중화역 1번,863,375,488,3,95,173,239,224,129,0,33,77,105,95,65,3,62,96,134,129,64
2018,2,A,골목상권,2110248,먹골파출소,98,60,38,0,17,19,37,16,9,0,8,13,25,8,6,0,9,6,12,8,3
2018,2,A,골목상권,2110247,먹골역 1번,557,259,298,3,55,107,148,138,106,1,17,45,71,67,58,2,38,62,77,71,48
2018,2,A,골목상권,2110246,월드순복음교회,560,346,214,0,36,130,187,117,90,0,18,80,136,62,50,0,18,50,51,55,40
2018,2,A,골목상권,2110245,KB국민은행 중화동지점,135,81,54,0,14,18,31,42,30,0,9,11,17,22,22,0,5,7,14,20,8
2018,2,A,골목상권,2110244,중화역 4번,918,595,323,0,23,88,122,129,556,0,8,50,79,58,400,0,15,38,43,71,156
2018,2,A,골목상권,2110243,중랑노인종합복지관,479,195,284,0,43,93,125,137,81,0,16,35,56,48,40,0,27,58,69,89,41
2018,2,A,골목상권,2110242,면목5동주민센터,205,109,96,0,33,42,56,42,32,0,5,26,35,20,23,0,28,16,21,22,9
2018,2,A,골목상권,2110241,먹골역 5번,714,331,383,0,135,151,180,158,90,0,46,62,87,82,54,0,89,89,93,76,36
2018,2,A,골목상권,2110240,태릉시장 특화거리,112,34,78,0,14,25,36,23,14,0,1,12,6,8,7,0,13,13,30,15,7
2018,2,A,골목상권,2110239,중랑역 2번,13,5,8,0,0,3,3,2,5,0,0,1,1,2,1,0,0,2,2,0,4
2018,2,A,골목상권,2110238,배꽃어린이공원,66,38,28,0,9,13,22,21,1,0,3,8,13,13,1,0,6,5,9,8,0
2018,2,A,골목상권,2110237,메가박스 상봉,956,529,427,13,198,183,206,222,134,9,91,92,112,132,93,4,107,91,94,90,41
2018,2,A,골목상권,2110236,신묵초등학교,357,214,143,0,30,79,106,108,34,0,11,55,61,65,22,0,19,24,45,43,12
2018,2,A,골목상권,2110235,세화어린이공원,13,9,4,0,2,3,1,5,2,0,1,2,1,4,1,0,1,1,0,1,1
2018,2,A,골목상권,2110234,중랑역 4번,419,275,144,2,29,73,107,120,88,2,10,38,70,89,66,0,19,35,37,31,22
2018,2,A,골목상권,2110233,중랑역 1번,166,88,78,0,23,40,43,43,17,0,16,19,20,21,12,0,7,21,23,22,5
2018,2,A,골목상권,2110232,동대부고,1193,714,479,1,122,191,286,351,242,1,40,102,155,223,193,0,82,89,131,128,49
2018,2,A,골목상권,2110231,장안교,44,34,10,0,5,8,18,10,3,0,4,8,12,8,2,0,1,0,6,2,1
2018,2,A,골목상권,2110230,장안현대홈타운1차아파트,343,174,169,0,38,76,97,73,59,0,13,38,57,38,28,0,25,38,40,35,31
2018,2,A,골목상권,2110229,장평중학교,1553,996,557,1,197,287,359,413,296,0,74,180,214,268,260,1,123,107,145,145,36
2018,2,A,골목상권,2110228,장안근린공원,745,336,409,2,62,121,184,238,138,0,25,68,89,102,52,2,37,53,95,136,86
2018,2,A,골목상권,2110227,답십리공원,625,240,385,2,54,122,166,171,110,2,26,68,66,48,30,0,28,54,100,123,80
2018,2,A,골목상권,2110226,장안1동주민센터,2242,1357,885,5,287,513,619,518,300,4,136,309,404,308,196,1,151,204,215,210,104
2018,2,A,골목상권,2110225,촬영소사거리,601,367,234,0,70,113,122,144,152,0,40,74,79,89,85,0,30,39,43,55,67
2018,2,A,골목상권,2110224,외대앞역 2번,109,31,78,0,9,12,33,31,24,0,3,2,8,12,6,0,6,10,25,19,18
2018,2,A,골목상권,2110223,군자초등학교,828,380,448,2,21,59,83,199,464,2,13,37,47,85,196,0,8,22,36,114,268
2018,2,A,골목상권,2110222,회기역 2번,77,55,22,0,4,13,10,18,32,0,1,10,8,10,26,0,3,3,2,8,6
2018,2,A,골목상권,2110221,의릉,125,91,34,2,14,19,43,35,12,1,8,11,35,25,11,1,6,8,8,10,1
2018,2,A,골목상권,2110220,외대앞역 1번,374,167,207,1,79,93,86,72,43,1,32,52,36,30,16,0,47,41,50,42,27
2018,2,A,골목상권,2110219,삼육보건대학교,246,100,146,1,35,49,64,53,44,0,6,19,25,24,26,1,29,30,39,29,18
2018,2,A,골목상권,2110218,답십리사거리,333,158,175,0,34,60,93,100,46,0,17,25,47,46,23,0,17,35,46,54,23
2018,2,A,골목상권,2110217,자동차부품상가,902,706,196,1,73,195,274,207,152,1,61,167,209,141,127,0,12,28,65,66,25
2018,2,A,골목상권,2110216,전농중학교,244,95,149,0,22,71,69,54,28,0,7,29,25,23,11,0,15,42,44,31,17
2018,2,A,골목상권,2110215,회기역 1번,56,20,36,0,17,12,14,9,4,0,6,5,5,3,1,0,11,7,9,6,3
2018,2,A,골목상권,2110214,경희대후문,78,35,43,0,11,16,24,14,13,0,3,9,9,5,9,0,8,7,15,9,4
2018,2,A,골목상권,2110213,청량초등학교,120,66,54,0,19,39,22,21,19,0,5,29,12,7,13,0,14,10,10,14,6
2018,2,A,골목상권,2110212,답십리초등학교,479,195,284,1,50,88,103,116,121,1,17,38,53,46,40,0,33,50,50,70,81
2018,2,A,골목상권,2110211,전곡마을마당공원,308,186,122,1,31,53,77,95,51,0,13,31,55,55,32,1,18,22,22,40,19
2018,2,A,골목상권,2110210,서울시립대,182,99,83,1,21,35,44,42,39,0,10,18,22,22,27,1,11,17,22,20,12
2018,2,A,골목상권,2110209,답십리 장령당공원,312,224,88,0,17,36,52,49,158,0,6,21,30,31,136,0,11,15,22,18,22
2018,2,A,골목상권,2110208,시조사삼거리,199,141,58,0,10,42,59,72,16,0,2,27,45,53,14,0,8,15,14,19,2
2018,2,A,골목상권,2110207,시립대앞사거리,309,150,159,3,97,69,59,52,29,1,48,41,33,13,14,2,49,28,26,39,15
2018,2,A,골목상권,2110206,텃골근린공원,228,122,106,1,19,40,81,57,30,0,6,16,49,35,16,1,13,24,32,22,14
2018,2,A,골목상권,2110205,경희대삼거리,272,112,160,1,23,29,32,71,116,0,8,18,20,18,48,1,15,11,12,53,68
2018,2,A,골목상권,2110204,간데메공원,450,255,195,1,77,92,104,103,73,1,40,54,57,61,42,0,37,38,47,42,31
2018,2,A,골목상권,2110203,떡전교사거리,312,188,124,0,20,80,67,76,69,0,10,55,45,38,40,0,10,25,22,38,29
2018,2,A,골목상권,2110202,전농1동주민센터(전농시장),234,103,131,0,30,44,53,66,41,0,15,22,31,28,7,0,15,22,22,38,34
2018,2,A,골목상권,2110201,전농119안전센터,28,16,12,0,4,5,6,8,5,0,2,3,4,5,2,0,2,2,2,3,3
2018,2,A,골목상권,2110200,동대문경찰서,113,77,36,0,7,22,21,14,49,0,1,12,12,10,42,0,6,10,9,4,7
2018,2,A,골목상권,2110199,홍릉시장,212,102,110,0,18,43,39,58,54,0,6,26,22,28,20,0,12,17,17,30,34
2018,2,A,골목상권,2110198,동대문중앙새마을금고본점,101,69,32,2,5,26,24,31,13,2,5,17,16,21,8,0,0,9,8,10,5
2018,2,A,골목상권,2110197,세종대왕기념관교차로,79,47,32,0,16,17,14,22,10,0,10,12,11,10,4,0,6,5,3,12,6
2018,2,A,골목상권,2110196,홍릉근린공원,41,24,17,0,2,5,15,12,7,0,1,3,9,6,5,0,1,2,6,6,2
2018,2,A,골목상권,2110195,동대문구청,433,211,222,0,54,72,90,120,97,0,24,41,44,51,51,0,30,31,46,69,46
2018,2,A,골목상권,2110194,홍파초등학교,294,190,104,0,22,57,84,68,63,0,17,40,67,39,27,0,5,17,17,29,36
2018,2,A,골목상권,2110193,고려대역 4번,150,83,67,0,24,24,30,40,32,0,11,15,18,24,15,0,13,9,12,16,17
2018,2,A,골목상권,2110192,동의보감타워,415,206,209,0,62,86,97,101,69,0,23,52,55,44,32,0,39,34,42,57,37
2018,2,A,골목상권,2110191,고려대역 6번,258,130,128,0,20,36,71,74,57,0,5,31,42,28,24,0,15,5,29,46,33
2018,2,A,골목상권,2110190,고대앞사거리,204,88,116,0,31,46,50,45,32,0,5,22,28,19,14,0,26,24,22,26,18
2018,2,A,골목상권,2110189,제기동역 1번,883,579,304,0,95,165,195,178,250,0,40,90,117,122,210,0,55,75,78,56,40
2018,2,A,골목상권,2110188,용두동신동아아파트,1532,799,733,1,261,400,365,314,191,1,100,214,218,167,99,0,161,186,147,147,92
2018,2,A,골목상권,2110187,제기동역 6번,2454,1348,1106,3,342,628,583,500,398,3,112,332,315,309,277,0,230,296,268,191,121
2018,2,A,골목상권,2110186,종암초등학교,212,132,80,0,16,37,45,46,68,0,7,18,28,25,54,0,9,19,17,21,14
2018,2,A,골목상권,2110185,용두초등학교,195,124,71,1,15,47,55,44,33,0,6,32,39,24,23,1,9,15,16,20,10
2018,2,A,골목상권,2110184,용두사거리,457,281,176,0,77,138,86,85,71,0,42,85,46,53,55,0,35,53,40,32,16
2018,2,A,골목상권,2110183,한국의류시험연구원,1204,600,604,4,283,414,265,148,90,2,96,172,158,102,70,2,187,242,107,46,20
2018,2,A,골목상권,2110182,용두희망어린이공원,535,345,190,0,62,121,170,96,86,0,33,75,112,63,62,0,29,46,58,33,24
2018,2,A,골목상권,2110181,신설동역 9번,5363,3595,1768,60,946,1403,1138,840,976,36,533,995,913,595,523,24,413,408,225,245,453
2018,2,A,골목상권,2110180,광진정보도서관,2455,1323,1132,13,459,522,609,551,301,6,134,318,398,280,187,7,325,204,211,271,114
2018,2,A,골목상권,2110179,광나루역 1번,410,257,153,4,65,101,118,82,40,2,33,61,85,46,30,2,32,40,33,36,10
2018,2,A,골목상권,2110178,장로회신학대학교,64,15,49,0,1,14,18,22,9,0,0,6,3,2,4,0,1,8,15,20,5
2018,2,A,골목상권,2110177,동의초등학교,51,28,23,0,9,15,12,8,7,0,5,3,6,7,7,0,4,12,6,1,0
2018,2,A,골목상권,2110176,해오름공원,325,199,126,1,24,48,80,76,96,1,11,29,46,43,69,0,13,19,34,33,27
2018,2,A,골목상권,2110175,푸른동산공원,300,124,176,1,22,45,64,97,71,0,3,21,26,36,38,1,19,24,38,61,33
2018,2,A,골목상권,2110174,아차산역 1번,304,156,148,0,25,53,98,84,44,0,8,27,47,51,23,0,17,26,51,33,21
2018,2,A,골목상권,2110173,구남초등학교,363,190,173,1,61,85,109,77,30,1,23,50,63,36,17,0,38,35,46,41,13
2018,2,A,골목상권,2110172,광진초등학교,342,224,118,0,37,68,87,87,63,0,19,45,56,54,50,0,18,23,31,33,13
2018,2,A,골목상권,2110171,중곡4동주민센터,102,75,27,0,9,22,29,24,18,0,2,16,19,21,17,0,7,6,10,3,1
2018,2,A,골목상권,2110170,동대부여고,274,125,149,0,21,59,62,69,63,0,2,33,37,32,21,0,19,26,25,37,42
2018,2,A,골목상권,2110169,성동초등학교,317,166,151,0,33,71,80,74,59,0,15,35,44,35,37,0,18,36,36,39,22
2018,2,A,골목상권,2110168,대원고등학교,397,295,102,0,16,48,91,140,102,0,10,27,65,103,90,0,6,21,26,37,12
2018,2,A,골목상권,2110167,용마초등학교,695,314,381,1,75,132,187,197,103,0,26,57,87,95,49,1,49,75,100,102,54
2018,2,A,골목상권,2110166,구의1동주민센터,492,282,210,0,64,128,146,91,63,0,21,72,98,49,42,0,43,56,48,42,21
2018,2,A,골목상권,2110165,국립정신건강센터,339,184,155,0,31,56,89,97,66,0,8,37,49,55,35,0,23,19,40,42,31
2018,2,A,골목상권,2110164,아차산역 5번,482,285,197,1,63,114,115,62,127,0,29,61,64,40,91,1,34,53,51,22,36
2018,2,A,골목상권,2110163,성자초등학교,423,220,203,0,66,111,105,68,73,0,24,54,59,31,52,0,42,57,46,37,21
2018,2,A,골목상권,2110162,군자역 4번,168,54,114,0,25,48,36,40,19,0,7,12,16,13,6,0,18,36,20,27,13
2018,2,A,골목상권,2110161,중곡역 3번,446,228,218,1,63,115,79,100,88,1,22,60,42,51,52,0,41,55,37,49,36
2018,2,A,골목상권,2110160,광진경찰서,1095,905,190,1,151,393,255,237,58,1,109,334,215,211,35,0,42,59,40,26,23
2018,2,A,골목상권,2110159,구의역 4번,899,448,451,3,152,189,194,221,140,1,60,98,87,117,85,2,92,91,107,104,55
2018,2,A,골목상권,2110158,중곡3동주민센터,699,406,293,2,78,121,176,172,150,1,25,61,95,113,111,1,53,60,81,59,39
2018,2,A,골목상권,2110157,자양동우체국,340,190,150,0,26,41,71,71,131,0,15,26,29,40,80,0,11,15,42,31,51
2018,2,A,골목상권,2110156,군자역 5번,621,315,306,1,112,157,125,149,77,1,45,97,76,54,42,0,67,60,49,95,35
2018,2,A,골목상권,2110155,광진구청,1581,1302,279,1,112,242,472,582,172,1,58,174,411,514,144,0,54,68,61,68,28
2018,2,A,골목상권,2110154,광진정말공원,722,320,402,1,145,181,191,144,60,0,48,88,87,61,36,1,97,93,104,83,24
2018,2,A,골목상권,2110153,중곡1동주민센터,95,40,55,0,11,11,18,38,17,0,1,3,11,17,8,0,10,8,7,21,9
2018,2,A,골목상권,2110152,중곡어린이공원,162,105,57,1,12,47,44,43,15,0,3,33,31,30,8,1,9,14,13,13,7
2018,2,A,골목상권,2110151,자양한강도서관,441,203,238,0,52,88,101,118,82,0,15,42,53,58,35,0,37,46,48,60,47
2018,2,A,골목상권,2110150,중곡1동 마을마당,1434,995,439,2,106,254,258,235,579,2,36,159,143,140,515,0,70,95,115,95,64
2018,2,A,골목상권,2110149,세종대학교,320,99,221,0,90,104,76,27,23,0,22,30,23,10,14,0,68,74,53,17,9
2018,2,A,골목상권,2110148,어린이대공원역 3번,63,35,28,0,19,13,14,12,5,0,10,7,9,5,4,0,9,6,5,7,1
2018,2,A,골목상권,2110147,능동우편취급국,706,351,355,0,124,218,194,125,45,0,36,101,124,68,22,0,88,117,70,57,23
2018,2,A,골목상권,2110146,신자초등학교,442,231,211,1,35,89,137,103,77,0,11,56,75,49,40,1,24,33,62,54,37
2018,2,A,골목상권,2110145,장안초등학교,19,16,3,0,2,8,4,4,1,0,1,8,4,3,0,0,1,0,0,1,1
2018,2,A,골목상권,2110144,어린이대공원역 4번,42,21,21,0,2,9,10,16,5,0,1,6,4,6,4,0,1,3,6,10,1
2018,2,A,골목상권,2110143,뚝섬유원지역 1번,52,21,31,0,8,9,11,17,7,0,3,4,6,5,3,0,5,5,5,12,4
2018,2,A,골목상권,2110142,화양사거리,356,180,176,1,58,80,62,83,72,1,30,43,35,30,41,0,28,37,27,53,31
2018,2,A,골목상권,2110141,건대입구역 1번,334,181,153,0,85,81,85,62,21,0,28,49,52,37,15,0,57,32,33,25,6
2018,2,A,골목상권,2110140,건대입구역 6번,1183,734,449,4,175,307,300,253,144,1,99,215,197,135,87,3,76,92,103,118,57
2018,2,A,골목상권,2110139,자양4동주민센터,481,294,187,1,45,85,131,121,98,1,15,56,75,67,80,0,30,29,56,54,18
2018,2,A,골목상권,2110138,송정체육공원,242,115,127,0,21,54,57,54,56,0,6,31,21,29,28,0,15,23,36,25,28
2018,2,A,골목상권,2110137,성수초등학교,16510,10243,6267,78,3539,4605,3890,2893,1505,52,1786,3115,2485,1685,1120,26,1753,1490,1405,1208,385
2018,2,A,골목상권,2110136,경수초등학교,5800,3908,1892,20,916,1564,1455,1243,602,15,462,1061,1035,862,473,5,454,503,420,381,129
2018,2,A,골목상권,2110135,성동세무서,761,400,361,1,106,186,195,165,108,1,25,84,94,109,87,0,81,102,101,56,21
2018,2,A,골목상권,2110134,성수119안전센터,1169,879,290,2,78,176,324,355,234,1,35,119,245,281,198,1,43,57,79,74,36
2018,2,A,골목상권,2110133,서울교통공사,18179,16123,2056,33,1530,2746,6301,6738,831,29,1111,2238,5648,6323,774,4,419,508,653,415,57
2018,2,A,골목상권,2110132,성수2가3동주민센터,1163,785,378,3,180,270,314,231,165,2,96,186,224,150,127,1,84,84,90,81,38
2018,2,A,골목상권,2110131,성수동카페거리,7526,4661,2865,30,1765,2234,1722,1093,682,14,825,1447,1180,731,464,16,940,787,542,362,218
2018,2,A,골목상권,2110130,답십리역 6번,94,41,53,0,12,20,18,20,24,0,8,10,8,7,8,0,4,10,10,13,16
2018,2,A,골목상권,2110129,성원어린이공원,1328,835,493,5,191,376,338,296,122,5,96,261,211,174,88,0,95,115,127,122,34
2018,2,A,골목상권,2110128,성원중학교,1130,703,427,3,140,221,298,335,133,2,63,142,184,211,101,1,77,79,114,124,32
2018,2,A,골목상권,2110127,성수1가1동주민센터,962,462,500,33,225,307,200,150,47,12,69,170,104,77,30,21,156,137,96,73,17
2018,2,A,골목상권,2110126,서울숲역 1번,115,49,66,0,19,40,33,16,7,0,5,16,14,8,6,0,14,24,19,8,1
2018,2,A,골목상권,2110125,사근동살곶이상점가,147,74,73,1,16,44,40,28,18,1,7,21,21,12,12,0,9,23,19,16,6
2018,2,A,골목상권,2110124,뚝섬역교차로,3459,1836,1623,6,860,829,728,579,457,3,164,391,464,429,385,3,696,438,264,150,72
2018,2,A,골목상권,2110123,마장역 3번,847,620,227,0,57,156,194,259,181,0,29,104,131,200,156,0,28,52,63,59,25
2018,2,A,골목상권,2110122,마장역 2번,813,528,285,0,92,189,231,195,106,0,53,123,157,119,76,0,39,66,74,76,30
2018,2,A,골목상권,2110121,한양대역 4번,86,46,40,0,14,16,24,18,14,0,5,9,14,10,8,0,9,7,10,8,6
2018,2,A,골목상권,2110120,서울숲카페거리,87,36,51,0,24,26,22,11,4,0,7,12,10,4,3,0,17,14,12,7,1
2018,2,A,골목상권,2110119,마장지하차도,246,174,72,0,42,53,67,55,29,0,24,40,43,43,24,0,18,13,24,12,5
2018,2,A,골목상권,2110118,왕십리역 9번,774,379,395,5,137,149,169,154,160,4,57,62,82,69,105,1,80,87,87,85,55
2018,2,A,골목상권,2110117,성동구보건소,190,126,64,0,9,48,53,55,25,0,6,28,37,38,17,0,3,20,16,17,8
2018,2,A,골목상권,2110116,청계천박물관,5243,3768,1475,14,411,960,1226,1813,819,13,246,667,954,1306,582,1,165,293,272,507,237
2018,2,A,골목상권,2110115,상왕십리역 3번,987,407,580,1,216,227,214,213,116,0,63,111,113,76,44,1,153,116,101,137,72
2018,2,A,골목상권,2110114,왕십리파출소,271,111,160,0,26,70,56,71,48,0,10,31,37,25,8,0,16,39,19,46,40
2018,2,A,골목상권,2110113,응봉산,55,21,34,0,10,9,13,16,7,0,1,4,5,5,6,0,9,5,8,11,1
2018,2,A,골목상권,2110112,행당역 2번,247,108,139,0,37,62,51,57,40,0,18,29,21,19,21,0,19,33,30,38,19
2018,2,A,골목상권,2110111,대현산장미원,3,3,0,0,1,2,0,0,0,0,1,2,0,0,0,0,0,0,0,0,0
2018,2,A,골목상권,2110110,상왕십리역 6번,177,100,77,1,28,45,46,30,27,0,12,26,27,15,20,1,16,19,19,15,7
2018,2,A,골목상권,2110109,금호삼성래미안아파트,327,163,164,0,44,80,87,62,54,0,14,43,41,29,36,0,30,37,46,33,18
2018,2,A,골목상권,2110108,성동구립금호도서관,35,9,26,0,8,8,9,9,1,0,1,3,3,2,0,0,7,5,6,7,1
2018,2,A,골목상권,2110107,금호사거리,117,58,59,0,8,20,20,34,35,0,0,15,13,14,16,0,8,5,7,20,19
2018,2,A,골목상권,2110106,금북초등학교,24,12,12,0,4,10,3,5,2,0,0,6,2,2,2,0,4,4,1,3,0
2018,2,A,골목상권,2110105,금동어린이공원,67,23,44,0,11,15,8,18,15,0,2,4,2,5,10,0,9,11,6,13,5
2018,2,A,골목상권,2110104,신금호역 4번,283,112,171,1,35,52,77,81,37,0,10,30,27,27,18,1,25,22,50,54,19
2018,2,A,골목상권,2110103,옥수터널,40,28,12,1,8,11,7,10,3,1,4,8,6,7,2,0,4,3,1,3,1
2018,2,A,골목상권,2110102,옥수역 6번,356,179,177,0,57,70,96,91,42,0,22,35,49,49,24,0,35,35,47,42,18
2018,2,A,골목상권,2110101,옥정중학교,214,77,137,0,45,44,58,42,25,0,8,11,27,16,15,0,37,33,31,26,10
2018,2,A,골목상권,2110100,옥수동우편취급국,148,83,65,0,28,63,30,18,9,0,14,44,11,9,5,0,14,19,19,9,4
2018,2,A,골목상권,2110099,유엔빌리지길,605,279,326,0,103,183,147,109,63,0,32,93,79,45,30,0,71,90,68,64,33
2018,2,A,골목상권,2110098,서울독일학교,795,379,416,6,279,289,116,49,56,2,119,154,70,20,14,4,160,135,46,29,42
2018,2,A,골목상권,2110097,한남초등학교,1225,825,400,1,221,566,336,74,27,1,113,369,264,57,21,0,108,197,72,17,6
2018,2,A,골목상권,2110096,한남힐사이드아파트,1086,604,482,11,352,445,157,80,41,8,140,267,107,52,30,3,212,178,50,28,11
2018,2,A,골목상권,2110095,한강진역 3번,983,440,543,0,275,317,188,100,103,0,105,158,113,30,34,0,170,159,75,70,69
2018,2,A,골목상권,2110094,오산중학교,51,19,32,0,0,2,10,17,22,0,0,0,4,8,7,0,0,2,6,9,15
2018,2,A,골목상권,2110093,우사단길,1945,1016,929,6,293,850,539,189,68,2,76,390,357,145,46,4,217,460,182,44,22
2018,2,A,골목상권,2110092,NH농협은행 보광동지점,243,124,119,0,30,46,50,60,57,0,11,20,26,29,38,0,19,26,24,31,19
2018,2,A,골목상권,2110091,리움미술관,380,137,243,3,172,131,40,21,13,0,52,50,19,8,8,3,120,81,21,13,5
2018,2,A,골목상권,2110090,한국폴리텍대학서울정수캠퍼스,549,254,295,0,220,197,70,30,32,0,83,99,33,17,22,0,137,98,37,13,10
2018,2,A,골목상권,2110089,서빙고동주민센터,471,282,189,0,48,115,137,89,82,0,23,55,65,66,73,0,25,60,72,23,9
2018,2,A,골목상권,2110088,오산고등학교,594,334,260,7,128,179,139,77,64,1,54,89,89,61,40,6,74,90,50,16,24
2018,2,A,골목상권,2110087,이태원엔틱가구거리,360,243,117,5,88,149,65,30,23,5,54,107,46,17,14,0,34,42,19,13,9
2018,2,A,골목상권,2110086,이태원역 북측,312,157,155,0,41,37,43,43,148,0,13,20,20,18,86,0,28,17,23,25,62
2018,2,A,골목상권,2110085,경리단길남측,1320,738,582,3,175,267,251,241,383,0,74,158,149,130,227,3,101,109,102,111,156
2018,2,A,골목상권,2110084,경리단길북측,974,488,486,4,250,313,167,129,111,2,120,158,91,55,62,2,130,155,76,74,49
2018,2,A,골목상권,2110083,서빙고역 1번,520,376,144,2,66,215,145,55,37,2,39,145,115,46,29,0,27,70,30,9,8
2018,2,A,골목상권,2110082,용산구청,2091,1081,1010,0,225,538,492,571,265,0,64,206,227,405,179,0,161,332,265,166,86
2018,2,A,골목상권,2110081,해방촌 남동측,331,206,125,1,88,104,58,38,42,1,53,65,34,18,35,0,35,39,24,20,7
2018,2,A,골목상권,2110080,해방촌예술마을,293,139,154,1,51,73,83,53,32,0,14,38,42,28,17,1,37,35,41,25,15
2018,2,A,골목상권,2110079,후암동주민센터,2127,1061,1066,2,329,489,458,589,260,1,101,271,286,269,133,1,228,218,172,320,127
2018,2,A,골목상권,2110078,이촌동점보아파트,164,70,94,1,26,31,39,32,35,1,5,13,15,13,23,0,21,18,24,19,12
2018,2,A,골목상권,2110077,삼광초등학교,119,43,76,1,12,25,35,29,17,0,2,8,12,11,10,1,10,17,23,18,7
2018,2,A,골목상권,2110076,삼각지역 14번,567,191,376,0,50,153,173,156,35,0,9,54,73,49,6,0,41,99,100,107,29
2018,2,A,골목상권,2110075,숙대입구역 1번,2066,1513,553,9,422,550,541,336,208,8,235,426,415,258,171,1,187,124,126,78,37
2018,2,A,골목상권,2110074,서울역 12번,10943,3009,7934,70,6263,1985,1033,850,742,10,754,1105,651,213,276,60,5509,880,382,637,466
2018,2,A,골목상권,2110073,삼각지역 3번,2082,1609,473,1,147,427,488,578,441,1,82,325,418,438,345,0,65,102,70,140,96
2018,2,A,골목상권,2110072,열정도,531,338,193,6,150,138,109,79,49,1,82,101,74,45,35,5,68,37,35,34,14
2018,2,A,골목상권,2110071,한강미주맨션아파트,320,135,185,3,63,78,79,47,50,0,17,27,39,23,29,3,46,51,40,24,21
2018,2,A,골목상권,2110070,용산세무서,197,124,73,0,21,58,62,22,34,0,4,42,39,12,27,0,17,16,23,10,7
2018,2,A,골목상권,2110069,숙대입구,785,373,412,3,147,212,190,142,91,0,59,106,106,58,44,3,88,106,84,84,47
2018,2,A,골목상권,2110068,남영역 1번,973,547,426,1,123,220,272,217,140,0,39,133,178,128,69,1,84,87,94,89,71
2018,2,A,골목상권,2110067,배문고등학교,1315,746,569,1,131,320,368,286,209,0,49,147,182,190,178,1,82,173,186,96,31
2018,2,A,골목상권,2110066,서울역 15번,1327,870,457,8,180,330,289,224,296,6,96,218,184,113,253,2,84,112,105,111,43
2018,2,A,골목상권,2110065,남정초등학교,648,510,138,1,115,344,106,53,29,1,84,292,83,34,16,0,31,52,23,19,13
2018,2,A,골목상권,2110064,효창공원앞역 2번,633,332,301,1,88,153,157,129,105,0,26,75,99,69,63,1,62,78,58,60,42
2018,2,A,골목상권,2110063,효창공원앞역 5번,867,540,327,1,66,203,237,149,211,0,27,141,156,88,128,1,39,62,81,61,83
2018,2,A,골목상권,2110062,한강로동땡땡거리(은행나무길),2971,1380,1591,18,791,795,453,373,541,7,200,279,290,232,372,11,591,516,163,141,169
2018,2,A,골목상권,2110061,효창동주민센터,744,426,318,2,82,167,258,183,52,2,29,94,154,110,37,0,53,73,104,73,15
2018,2,A,골목상권,2110060,효창공원앞역 6번,584,310,274,3,77,154,146,126,78,1,29,83,91,62,44,2,48,71,55,64,34
2018,2,A,골목상권,2110059,새남터성지,234,140,94,0,74,60,35,34,31,0,46,39,17,16,22,0,28,21,18,18,9
2018,2,A,골목상권,2110058,성심여자고등학교,1166,768,398,9,130,348,324,216,139,4,72,254,224,141,73,5,58,94,100,75,66
2018,2,A,골목상권,2110057,황학코아루아파트,329,154,175,3,87,101,65,35,38,1,31,39,43,19,21,2,56,62,22,16,17
2018,2,A,골목상권,2110056,신당역 3번,1103,467,636,1,148,286,241,263,164,0,41,130,124,103,69,1,107,156,117,160,95
2018,2,A,골목상권,2110055,황학동벼룩시장,123,82,41,0,17,32,24,25,25,0,9,22,18,15,18,0,8,10,6,10,7
2018,2,A,골목상권,2110054,청구역 3번,2058,1396,662,4,440,701,479,260,174,3,238,542,364,153,96,1,202,159,115,107,78
2018,2,A,골목상권,2110053,청구역 1번,484,245,239,0,82,93,116,136,57,0,33,44,62,68,38,0,49,49,54,68,19
2018,2,A,골목상권,2110052,장충초등학교,633,333,300,1,80,170,159,153,70,0,22,89,91,89,42,1,58,81,68,64,28
2018,2,A,골목상권,2110051,한양공고앞 교차로,166,103,63,0,11,37,50,44,24,0,3,21,31,28,20,0,8,16,19,16,4
2018,2,A,골목상권,2110050,약수역 7번,286,110,176,0,69,89,54,37,37,0,22,37,22,12,17,0,47,52,32,25,20
2018,2,A,골목상권,2110049,장충단 고개,3661,1746,1915,20,1096,950,648,605,342,9,412,475,351,290,209,11,684,475,297,315,133
2018,2,A,골목상권,2110048,장충동주민센터,1291,678,613,1,312,423,264,197,94,0,117,207,168,129,57,1,195,216,96,68,37
2018,2,A,골목상권,2110047,다산성곽길,208,89,119,0,38,50,64,34,22,0,7,24,34,15,9,0,31,26,30,19,13
2018,2,A,골목상권,2110046,버티고개,25,15,10,0,2,5,8,7,3,0,0,3,5,4,3,0,2,2,3,3,0
2018,2,A,골목상권,2110045,동대문역사문화공원역 5번,365,232,133,0,41,65,101,93,65,0,20,37,68,60,47,0,21,28,33,33,18
2018,2,A,골목상권,2110044,관성묘,1016,678,338,5,161,381,289,121,59,3,48,231,241,109,46,2,113,150,48,12,13
2018,2,A,골목상권,2110043,충무초등학교,2127,838,1289,19,459,632,550,316,151,11,89,227,227,180,104,8,370,405,323,136,47
2018,2,A,골목상권,2110042,남산골공원옆,2113,1343,770,6,286,576,657,422,166,3,109,364,471,295,101,3,177,212,186,127,65
2018,2,A,골목상권,2110041,남산케이블카,981,348,633,1,140,189,214,249,188,1,43,85,88,61,70,0,97,104,126,188,118
2018,2,A,골목상권,2110040,중구회현체육센터(정화예술대남산캠퍼스),269,149,120,1,40,52,67,63,46,0,16,28,34,38,33,1,24,24,33,25,13
2018,2,A,골목상권,2110039,회현역 1번,107,48,59,0,9,27,17,25,29,0,3,15,8,11,11,0,6,12,9,14,18
2018,2,A,골목상권,2110038,경향신문사,2142,1294,848,2,326,603,620,516,75,0,116,311,409,412,46,2,210,292,211,104,29
2018,2,A,골목상권,2110037,신설동역 12번,228,94,134,1,32,45,63,52,35,0,6,20,32,26,10,1,26,25,31,26,25
2018,2,A,골목상권,2110036,동묘앞역 3번,255,161,94,1,20,44,57,66,67,0,7,39,31,37,47,1,13,5,26,29,20
2018,2,A,골목상권,2110035,동묘앞역 2번,260,124,136,0,28,66,69,53,44,0,11,29,31,25,28,0,17,37,38,28,16
2018,2,A,골목상권,2110034,창신1동주민센터,87,64,23,0,5,11,26,29,16,0,4,5,20,19,16,0,1,6,6,10,0
2018,2,A,골목상권,2110033,창신역 4번,209,103,106,0,23,45,58,51,32,0,7,25,24,28,19,0,16,20,34,23,13
2018,2,A,골목상권,2110032,수족관거리,62,38,24,0,5,15,15,17,10,0,4,9,8,10,7,0,1,6,7,7,3
2018,2,A,골목상권,2110031,창신역 1번,61,26,35,0,4,14,11,20,12,0,2,3,7,11,3,0,2,11,4,9,9
2018,2,A,골목상권,2110030,동대문역 3번,123,29,94,0,2,10,35,42,34,0,0,5,9,8,7,0,2,5,26,34,27
2018,2,A,골목상권,2110029,동대문역 1번,334,114,220,0,24,54,70,115,71,0,7,21,36,32,18,0,17,33,34,83,53
2018,2,A,골목상권,2110028,이화달팽이길,950,392,558,6,222,304,198,156,64,6,72,113,96,73,32,0,150,191,102,83,32
2018,2,A,골목상권,2110027,혜화역 1번,317,149,168,1,79,109,84,29,15,0,27,52,48,14,8,1,52,57,36,15,7
2018,2,A,골목상권,2110026,종로5가역 4번,222,145,77,1,27,47,63,48,36,1,11,29,38,35,31,0,16,18,25,13,5
2018,2,A,골목상권,2110025,충신시장옆,553,360,193,1,91,161,150,103,47,0,52,116,98,58,36,1,39,45,52,45,11
2018,2,A,골목상권,2110024,혜회동주민센터,487,342,145,2,42,77,119,157,90,0,6,37,82,139,78,2,36,40,37,18,12
2018,2,A,골목상권,2110023,서울대병원,309,110,199,4,55,84,67,59,40,2,11,36,28,15,18,2,44,48,39,44,22
2018,2,A,골목상권,2110022,경신고등학교,259,122,137,0,42,63,77,42,35,0,11,30,36,21,24,0,31,33,41,21,11
2018,2,A,골목상권,2110021,성균관대학교,378,206,172,2,59,79,68,61,109,0,17,45,35,29,80,2,42,34,33,32,29
2018,2,A,골목상권,2110020,서울국제고등학교,813,458,355,0,170,253,176,160,54,0,53,117,132,117,39,0,117,136,44,43,15
2018,2,A,골목상권,2110019,창덕궁,667,377,290,1,127,183,200,108,48,0,34,107,131,69,36,1,93,76,69,39,12
2018,2,A,골목상권,2110018,중앙고등학교,642,291,351,2,139,194,146,104,57,2,46,85,73,52,33,0,93,109,73,52,24
2018,2,A,골목상권,2110017,정독도서관,384,127,257,1,111,145,63,44,20,1,20,47,29,19,11,0,91,98,34,25,9
2018,2,A,골목상권,2110016,평창동동측,604,249,355,1,116,162,140,103,82,1,29,70,67,39,43,0,87,92,73,64,39
2018,2,A,골목상권,2110015,청와대사랑채,100,41,59,0,24,40,27,5,4,0,7,18,12,1,3,0,17,22,15,4,1
2018,2,A,골목상권,2110014,경복고등학교,164,47,117,0,45,32,24,35,28,0,6,9,9,12,11,0,39,23,15,23,17
2018,2,A,골목상권,2110013,체부동홍종문가옥,75,49,26,0,8,22,15,19,11,0,3,15,10,12,9,0,5,7,5,7,2
2018,2,A,골목상권,2110012,성곡미술관,2116,805,1311,0,322,553,719,427,95,0,106,299,256,96,48,0,216,254,463,331,47
2018,2,A,골목상권,2110011,청운초등학교,71,41,30,0,6,21,18,10,16,0,4,12,9,4,12,0,2,9,9,6,4
2018,2,A,골목상권,2110010,평창동서측,632,258,374,0,124,129,110,134,135,0,36,53,47,58,64,0,88,76,63,76,71
2018,2,A,골목상권,2110009,자하문터널,235,107,128,0,42,53,53,55,32,0,21,18,26,25,17,0,21,35,27,30,15
2018,2,A,골목상권,2110008,배화여자대학교(박노수미술관),804,465,339,2,120,199,198,152,133,0,55,98,110,95,107,2,65,101,88,57,26
2018,2,A,골목상권,2110007,사직공원(한국사회과학도서관),146,62,84,0,18,43,42,30,13,0,3,20,15,14,10,0,15,23,27,16,3
2018,2,A,골목상권,2110006,부암동주민센터,33,12,21,0,5,17,3,5,3,0,1,7,2,0,2,0,4,10,1,5,1
2018,2,A,골목상권,2110005,세검정,452,176,276,3,68,134,107,62,78,2,15,41,50,29,39,1,53,93,57,33,39
2018,2,A,골목상권,2110004,대신고등학교,48,19,29,0,3,6,9,24,6,0,1,1,4,10,3,0,2,5,5,14,3
2018,2,A,골목상권,2110003,세검정초등학교,169,91,78,1,6,26,57,46,33,0,2,17,30,27,15,1,4,9,27,19,18
2018,2,A,골목상권,2110002,독립문역 1번,610,154,456,0,139,161,150,109,51,0,19,42,44,29,20,0,120,119,106,80,31
2018,2,A,골목상권,2110001,이북5도청사,305,183,122,0,11,76,89,84,45,0,7,42,62,46,26,0,4,34,27,38,19
2018,1,U,관광특구,1001496,강남 마이스 관광특구,25180,14508,10672,148,6952,8335,6451,2615,679,46,2389,4624,4857,2118,474,102,4563,3711,1594,497,205
2018,1,U,관광특구,1001495,잠실 관광특구,25726,14932,10794,318,5427,7186,6316,4565,1914,103,2473,4276,3862,2997,1221,215,2954,2910,2454,1568,693
2018,1,U,관광특구,1001494,종로?청계 관광특구,45710,25602,20108,154,6897,13008,13347,9315,2989,58,2827,7107,7728,5991,1891,96,4070,5901,5619,3324,1098
2018,1,U,관광특구,1001493,동대문패션타운 관광특구,18436,9524,8912,77,4080,6192,4088,2630,1369,30,1828,3156,2293,1408,809,47,2252,3036,1795,1222,560
2018,1,U,관광특구,1001492,명동 남대문 북창동 다동 무교동 관광특구,187524,93075,94449,1317,43790,61222,49586,25704,5905,425,14228,26684,28893,18793,4052,892,29562,34538,20693,6911,1853
2018,1,U,관광특구,1001491,이태원 관광특구,8101,4503,3598,52,1912,2801,1632,1096,608,25,888,1561,978,710,341,27,1024,1240,654,386,267
2018,1,R,전통시장,2130326,고덕 골목형상점가,101,53,48,0,8,12,39,26,16,0,5,7,16,15,10,0,3,5,23,11,6
2018,1,R,전통시장,2130325,명일전통시장,404,191,213,0,18,26,31,83,246,0,10,15,14,25,127,0,8,11,17,58,119
2018,1,R,전통시장,2130324,길동복조리시장,147,65,82,0,17,36,43,35,16,0,5,18,20,14,8,0,12,18,23,21,8
2018,1,R,전통시장,2130323,둔촌역전통시장,458,240,218,0,14,45,79,108,212,0,9,21,48,51,111,0,5,24,31,57,101
2018,1,R,전통시장,2130322,고분다리전통시장,75,33,42,1,7,14,35,15,3,0,2,8,17,4,2,1,5,6,18,11,1
2018,1,R,전통시장,2130321,장신구 특화거리 상점가,610,349,261,0,92,167,165,134,52,0,37,108,89,80,35,0,55,59,76,54,17
2018,1,R,전통시장,2130320,암사종합시장,493,201,292,0,33,73,132,151,104,0,15,47,46,38,55,0,18,26,86,113,49
2018,1,R,전통시장,2130319,성내전통시장,58,28,30,1,6,18,20,10,3,0,4,12,9,2,1,1,2,6,11,8,2
2018,1,R,전통시장,2130318,로데오거리상점가,923,407,516,9,223,196,183,171,141,5,108,113,73,54,54,4,115,83,110,117,87
2018,1,R,전통시장,2130317,마천중앙시장,118,50,68,0,7,21,34,35,21,0,3,8,14,15,10,0,4,13,20,20,11
2018,1,R,전통시장,2130316,마천시장,40,25,15,1,3,8,12,14,2,1,2,8,6,6,2,0,1,0,6,8,0
2018,1,R,전통시장,2130315,문정동 로데오거리 상점가(문정동 로데오거리),1566,887,679,4,279,352,367,284,280,3,128,203,216,146,191,1,151,149,151,138,89
2018,1,R,전통시장,2130314,풍납시장,367,127,240,4,21,69,106,110,57,0,3,29,34,32,29,4,18,40,72,78,28
2018,1,R,전통시장,2130313,방이시장,1719,996,723,9,265,459,464,367,155,6,148,305,264,165,108,3,117,154,200,202,47
2018,1,R,전통시장,2130312,석촌시장,1287,613,674,5,234,254,207,215,372,1,56,116,118,120,202,4,178,138,89,95,170
2018,1,R,전통시장,2130311,새마을시장,679,346,333,0,89,131,194,181,84,0,47,73,104,76,46,0,42,58,90,105,38
2018,1,R,전통시장,2130310,강남개포시장,544,245,299,3,72,92,146,154,77,0,23,47,68,66,41,3,49,45,78,88,36
2018,1,R,전통시장,2130308,청담삼익시장,115,47,68,0,9,24,28,27,27,0,3,12,11,9,12,0,6,12,17,18,15
2018,1,R,전통시장,2130307,도곡시장,128,62,66,3,15,33,32,34,11,0,4,15,14,21,8,3,11,18,18,13,3
2018,1,R,전통시장,2130306,강남언주로,443,241,202,0,84,124,94,80,61,0,41,63,62,41,34,0,43,61,32,39,27
2018,1,R,전통시장,2130305,논현종합시장,151,102,49,0,39,57,31,19,5,0,22,43,21,12,4,0,17,14,10,7,1
2018,1,R,전통시장,2130304,신사상가,88,47,41,2,11,22,21,22,10,1,4,12,13,13,4,1,7,10,8,9,6
2018,1,R,전통시장,2130303,영동전통시장,497,292,205,0,74,142,134,100,47,0,42,93,82,48,27,0,32,49,52,52,20
2018,1,R,전통시장,2130302,강남시장(강남구 강남시장),69,32,37,0,3,12,19,23,12,0,1,7,11,10,3,0,2,5,8,13,9
2018,1,R,전통시장,2130301,양재시장,115,59,56,0,8,23,41,22,21,0,5,13,17,11,13,0,3,10,24,11,8
2018,1,R,전통시장,2130299,엔터식스 강남점,2035,1337,698,27,313,389,522,485,299,13,138,242,398,342,204,14,175,147,124,143,95
2018,1,R,전통시장,2130298,강남터미널지하도상점가2구역,832,271,561,0,87,139,188,195,223,0,37,63,66,55,50,0,50,76,122,140,173
2018,1,R,전통시장,2130296,남부종합시장,29,18,11,0,5,6,3,8,7,0,4,5,0,4,5,0,1,1,3,4,2
2018,1,R,전통시장,2130295,인헌시장(원당종합시장),280,116,164,1,44,60,81,64,30,0,7,30,35,28,16,1,37,30,46,36,14
2018,1,R,전통시장,2130294,관악중부시장,290,105,185,1,36,54,62,81,56,1,13,24,26,26,15,0,23,30,36,55,41
2018,1,R,전통시장,2130293,봉천중앙시장,139,52,87,0,13,16,43,28,39,0,1,6,23,8,14,0,12,10,20,20,25
2018,1,R,전통시장,2130292,봉천현대시장,72,35,37,0,10,14,18,23,7,0,8,7,8,10,2,0,2,7,10,13,5
2018,1,R,전통시장,2130290,영림시장,571,267,304,1,88,124,170,109,79,0,30,67,83,47,40,1,58,57,87,62,39
2018,1,R,전통시장,2130289,봉일시장,74,38,36,0,4,8,17,29,16,0,4,4,6,13,11,0,0,4,11,16,5
2018,1,R,전통시장,2130288,신림현대종합상가,37,21,16,0,1,6,11,7,12,0,0,3,7,4,7,0,1,3,4,3,5
2018,1,R,전통시장,2130287,삼성동 시장(삼성동시장),14,7,7,0,0,2,2,6,4,0,0,1,2,2,2,0,0,1,0,4,2
2018,1,R,전통시장,2130286,신신림시장(삼성동시장),32,17,15,0,4,10,9,6,3,0,4,8,3,2,0,0,0,2,6,4,3
2018,1,R,전통시장,2130285,서원동상점가,1923,959,964,21,305,321,346,415,515,8,143,177,173,194,264,13,162,144,173,221,251
2018,1,R,전통시장,2130284,관악종합시장(신원시장),22,11,11,0,0,2,8,7,5,0,0,2,2,4,3,0,0,0,6,3,2
2018,1,R,전통시장,2130283,신원시장,121,32,89,0,9,16,28,38,30,0,1,8,8,10,5,0,8,8,20,28,25
2018,1,R,전통시장,2130282,난곡 골목형상점가,34,13,21,0,3,9,14,6,2,0,1,5,3,2,2,0,2,4,11,4,0
2018,1,R,전통시장,2130281,우림시장,59,30,29,0,6,10,21,19,3,0,2,7,10,10,1,0,4,3,11,9,2
2018,1,R,전통시장,2130280,신림종합시장,37,26,11,0,1,8,12,9,7,0,1,7,9,2,7,0,0,1,3,7,0
2018,1,R,전통시장,2130279,관악신사시장,118,54,64,0,20,27,29,30,12,0,5,19,10,12,8,0,15,8,19,18,4
2018,1,R,전통시장,2130278,미성동 도깨비시장 골목형상점가,111,37,74,1,19,28,28,25,10,0,6,7,10,10,4,1,13,21,18,15,6
2018,1,R,전통시장,2130277,조원동 펭귄시장(신림중앙시장),87,40,47,1,8,15,32,25,6,1,3,11,14,7,4,0,5,4,18,18,2
2018,1,R,전통시장,2130276,신림중앙시장(조원동 펭귄시장),58,32,26,0,2,6,15,10,25,0,0,2,9,5,16,0,2,4,6,5,9
2018,1,R,전통시장,2130275,강남골목시장,132,52,80,0,16,19,35,48,14,0,8,9,14,14,7,0,8,10,21,34,7
2018,1,R,전통시장,2130274,사당1동먹자골목상점가(사당1동먹자골목),507,279,228,8,93,121,123,107,55,3,42,79,72,51,32,5,51,42,51,56,23
2018,1,R,전통시장,2130273,남성사계시장(남성시장),411,181,230,3,68,89,112,78,61,1,20,44,45,35,36,2,48,45,67,43,25
2018,1,R,전통시장,2130272,사당시장,193,58,135,0,45,36,34,43,35,0,8,8,21,8,13,0,37,28,13,35,22
2018,1,R,전통시장,2130271,남성역골목시장,244,96,148,1,48,60,74,36,25,0,12,24,27,18,15,1,36,36,47,18,10
2018,1,R,전통시장,2130270,흑석시장,9,5,4,0,1,2,2,4,0,0,1,2,0,2,0,0,0,0,2,2,0
2018,1,R,전통시장,2130269,강남시장(동작구 강남시장),16,8,8,0,1,4,3,4,4,0,0,2,2,2,2,0,1,2,1,2,2
2018,1,R,전통시장,2130268,상도전통시장,331,201,130,2,39,57,92,80,61,0,16,24,66,54,41,2,23,33,26,26,20
2018,1,R,전통시장,2130267,본동인정시장(기능상실),49,27,22,1,4,9,13,14,8,0,0,6,9,7,5,1,4,3,4,7,3
2018,1,R,전통시장,2130266,만양로상점가,114,52,62,0,8,16,26,39,25,0,5,9,17,15,6,0,3,7,9,24,19
2018,1,R,전통시장,2130265,노량진중앙시장,144,74,70,2,26,39,33,29,15,1,12,27,22,10,2,1,14,12,11,19,13
2018,1,R,전통시장,2130264,상도약수골목형상점가,114,49,65,0,17,18,37,34,8,0,4,11,13,14,7,0,13,7,24,20,1
2018,1,R,전통시장,2130263,신노량진시장(기능상실),20,7,13,0,0,7,5,6,2,0,0,2,2,2,1,0,0,5,3,4,1
2018,1,R,전통시장,2130262,상도도깨비 골목형상점가,57,17,40,0,11,7,19,13,7,0,3,5,4,2,3,0,8,2,15,11,4
2018,1,R,전통시장,2130261,성대전통시장(성대시장),406,179,227,7,69,96,94,90,50,4,26,51,40,33,25,3,43,45,54,57,25
2018,1,R,전통시장,2130260,신대방1동골목상권,100,31,69,0,22,22,21,24,11,0,3,3,8,12,5,0,19,19,13,12,6
2018,1,R,전통시장,2130259,대신시장,46,28,18,0,2,9,20,11,4,0,1,6,14,4,3,0,1,3,6,7,1
2018,1,R,전통시장,2130258,영진시장A동,22,13,9,0,0,2,11,6,3,0,0,2,9,0,2,0,0,0,2,6,1
2018,1,R,전통시장,2130257,영등포시장기계공구상가,396,296,100,1,33,65,92,112,93,0,23,48,62,87,76,1,10,17,30,25,17
2018,1,R,전통시장,2130256,신동시장,46,23,23,0,11,5,16,10,4,0,7,1,6,5,4,0,4,4,10,5,0
2018,1,R,전통시장,2130255,영등포전통시장,153,98,55,0,5,27,29,51,41,0,5,21,19,28,25,0,0,6,10,23,16
2018,1,R,전통시장,2130254,남서울상가,9,6,3,0,0,1,2,3,3,0,0,1,1,1,3,0,0,0,1,2,0
2018,1,R,전통시장,2130253,영신상가(제일상가),59,36,23,0,4,11,7,22,15,0,2,9,2,11,12,0,2,2,5,11,3
2018,1,R,전통시장,2130252,영등포로타리지하도상점가,21,10,11,0,1,3,4,7,6,0,0,2,2,3,3,0,1,1,2,4,3
2018,1,R,전통시장,2130251,영등포시장지하도상점가,3,0,3,0,0,1,0,0,2,0,0,0,0,0,0,0,0,1,0,0,2
2018,1,R,전통시장,2130250,삼구시장(로타리상가),13,8,5,0,2,0,1,4,6,0,1,0,0,2,5,0,1,0,1,2,1
2018,1,R,전통시장,2130249,동남상가,13,9,4,0,0,0,0,5,8,0,0,0,0,4,5,0,0,0,0,1,3
2018,1,R,전통시장,2130248,영등포역지하도상점가,361,142,219,33,130,66,54,53,25,13,56,29,21,15,8,20,74,37,33,38,17
2018,1,R,전통시장,2130247,우리시장,34,23,11,0,1,2,8,17,6,0,1,2,4,12,4,0,0,0,4,5,2
2018,1,R,전통시장,2130246,영등포청과시장(조광시장),705,383,322,15,105,155,189,160,81,7,48,89,111,77,51,8,57,66,78,83,30
2018,1,R,전통시장,2130245,영일시장,356,259,97,0,39,102,112,71,32,0,17,71,89,59,23,0,22,31,23,12,9
2018,1,R,전통시장,2130244,대림중앙시장,69,36,33,0,6,23,17,12,11,0,3,14,7,5,7,0,3,9,10,7,4
2018,1,R,전통시장,2130243,도림시장,32,21,11,0,2,10,8,7,5,0,2,8,4,3,4,0,0,2,4,4,1
2018,1,R,전통시장,2130242,대림중앙 골목형상점가,88,42,46,0,10,26,29,14,9,0,3,17,13,5,4,0,7,9,16,9,5
2018,1,R,전통시장,2130241,선유도역 골목형상점가,4872,3611,1261,3,923,2024,1300,477,145,0,475,1637,1060,333,106,3,448,387,240,144,39
2018,1,R,전통시장,2130240,영등포유통상가,1553,934,619,5,266,416,385,299,182,1,116,257,229,193,138,4,150,159,156,106,44
2018,1,R,전통시장,2130238,은행나무시장,115,46,69,0,12,24,29,26,24,0,4,10,11,8,13,0,8,14,18,18,11
2018,1,R,전통시장,2130237,박미시장(기능상실),6,5,1,0,0,0,2,4,0,0,0,0,2,3,0,0,0,0,0,1,0
2018,1,R,전통시장,2130236,비단길현대시장(현대시장),243,79,164,0,34,52,71,63,23,0,6,21,17,22,13,0,28,31,54,41,10
2018,1,R,전통시장,2130235,대명여울빛거리시장(대명시장),698,251,447,4,137,138,156,161,102,1,37,58,66,45,44,3,100,80,90,116,58
2018,1,R,전통시장,2130233,남문시장,96,42,54,0,7,15,28,38,8,0,0,5,15,17,5,0,7,10,13,21,3
2018,1,R,전통시장,2130232,독산동 맛나는거리상점가(독산동 맛나는거리),73,43,30,0,6,17,25,15,10,0,5,10,16,6,6,0,1,7,9,9,4
2018,1,R,전통시장,2130231,독산동 우시장,996,761,235,2,93,175,235,258,233,2,63,138,175,194,189,0,30,37,60,64,44
2018,1,R,전통시장,2130230,가리봉시장,24,16,8,0,1,9,4,7,3,0,1,7,3,2,3,0,0,2,1,5,0
2018,1,R,전통시장,2130229,남구로시장,449,226,223,0,41,103,137,105,63,0,22,54,62,43,45,0,19,49,75,62,18
2018,1,R,전통시장,2130228,구로시장,21,7,14,0,1,2,4,8,6,0,1,2,1,3,0,0,0,0,3,5,6
2018,1,R,전통시장,2130227,고척골목시장상점가(그라운드 고척),230,121,109,0,26,60,62,43,39,0,5,37,39,23,17,0,21,23,23,20,22
2018,1,R,전통시장,2130226,고척프라자,35,18,17,0,10,12,8,3,2,0,3,7,5,2,1,0,7,5,3,1,1
2018,1,R,전통시장,2130225,개봉중앙시장,288,93,195,0,46,47,80,71,44,0,8,19,25,21,20,0,38,28,55,50,24
2018,1,R,전통시장,2130224,개봉프라자(고척근린시장),34,19,15,0,2,4,11,7,10,0,0,2,2,6,9,0,2,2,9,1,1
2018,1,R,전통시장,2130223,고척근린시장,125,40,85,0,11,22,51,25,16,0,2,6,16,10,6,0,9,16,35,15,10
2018,1,R,전통시장,2130222,오류시장,125,39,86,0,23,23,42,22,15,0,5,3,16,7,8,0,18,20,26,15,7
2018,1,R,전통시장,2130221,"남부골목시장(남부화곡시장, 남부시장)",356,126,230,1,32,60,114,101,48,1,7,17,41,37,23,0,25,43,73,64,25
2018,1,R,전통시장,2130220,등마루시장,11,6,5,0,0,1,5,4,1,0,0,1,2,2,1,0,0,0,3,2,0
2018,1,R,전통시장,2130219,까치산시장,488,110,378,0,67,67,120,154,80,0,11,26,31,18,24,0,56,41,89,136,56
2018,1,R,전통시장,2130218,신월중앙시장,204,94,110,0,46,55,49,39,15,0,15,25,24,21,9,0,31,30,25,18,6
2018,1,R,전통시장,2130217,화곡본동시장,151,61,90,0,12,25,35,42,37,0,5,19,16,11,10,0,7,6,19,31,27
2018,1,R,전통시장,2130216,화곡중앙시장,83,28,55,0,12,12,22,24,13,0,1,3,7,9,8,0,11,9,15,15,5
2018,1,R,전통시장,2130215,대원종합시장,32,22,10,0,1,2,7,11,11,0,1,2,3,7,9,0,0,0,4,4,2
2018,1,R,전통시장,2130214,송화벽화시장(송화골목시장),287,114,173,3,63,70,64,57,30,1,17,28,27,19,22,2,46,42,37,38,8
2018,1,R,전통시장,2130213,방신전통시장,434,224,210,0,42,58,97,124,113,0,30,41,47,51,55,0,12,17,50,73,58
2018,1,R,전통시장,2130212,공항시장,47,26,21,0,3,7,16,10,11,0,0,4,7,7,8,0,3,3,9,3,3
2018,1,R,전통시장,2130211,신정2동 골목시장(오목교중앙시장),39,17,22,0,2,6,2,13,16,0,1,3,1,5,7,0,1,3,1,8,9
2018,1,R,전통시장,2130210,목2동시장,266,97,169,0,33,65,78,62,28,0,4,26,30,23,14,0,29,39,48,39,14
2018,1,R,전통시장,2130209,목사랑시장(목4동시장),98,31,67,0,12,16,34,25,11,0,1,1,11,11,7,0,11,15,23,14,4
2018,1,R,전통시장,2130208,목동깨비시장(목3동시장),542,252,290,3,68,141,155,122,53,0,18,85,69,48,32,3,50,56,86,74,21
2018,1,R,전통시장,2130207,신정1동 골목시장(신정제일시장),72,22,50,0,5,11,21,22,13,0,1,5,5,6,5,0,4,6,16,16,8
2018,1,R,전통시장,2130206,신정3동 골목시장,32,8,24,0,3,5,13,5,6,0,1,0,2,1,4,0,2,5,11,4,2
2018,1,R,전통시장,2130205,신곡종합시장(신월6동 골목시장),298,144,154,0,57,65,84,57,35,0,26,34,42,20,22,0,31,31,42,37,13
2018,1,R,전통시장,2130204,경창시장,211,73,138,1,15,34,52,56,53,1,4,19,21,15,13,0,11,15,31,41,40
2018,1,R,전통시장,2130203,서서울 골목형상점가,122,52,70,2,6,23,32,30,29,1,2,8,14,11,16,1,4,15,18,19,13
2018,1,R,전통시장,2130202,신영시장,156,59,97,0,13,26,43,42,32,0,4,11,14,13,17,0,9,15,29,29,15
2018,1,R,전통시장,2130201,월정로시장,36,20,16,0,2,7,15,10,2,0,0,5,11,3,1,0,2,2,4,7,1
2018,1,R,전통시장,2130200,"신월7동 골목시장(약수시장, 우성상가)",115,43,72,0,11,19,39,27,19,0,1,6,13,12,11,0,10,13,26,15,8
2018,1,R,전통시장,2130199,신월3동 골목시장,24,10,14,0,2,5,9,4,4,0,1,2,5,1,1,0,1,3,4,3,3
2018,1,R,전통시장,2130198,아현시장,275,59,216,0,85,107,56,18,9,0,7,17,22,9,4,0,78,90,34,9,5
2018,1,R,전통시장,2130197,마포시장,78,31,47,0,6,8,21,25,18,0,2,5,8,9,7,0,4,3,13,16,11
2018,1,R,전통시장,2130196,공덕시장,1710,715,995,43,580,385,393,222,87,20,209,195,137,87,67,23,371,190,256,135,20
2018,1,R,전통시장,2130195,도화동 상점가,2827,1632,1195,4,437,801,696,549,340,1,161,519,462,299,190,3,276,282,234,250,150
2018,1,R,전통시장,2130194,용강동 상점가,1213,744,469,6,155,296,345,255,156,4,68,200,221,140,111,2,87,96,124,115,45
2018,1,R,전통시장,2130193,신수시장,41,17,24,1,3,11,13,7,6,1,0,3,5,5,3,0,3,8,8,2,3
2018,1,R,전통시장,2130192,동진시장,60,27,33,0,8,19,15,7,11,0,3,11,3,3,7,0,5,8,12,4,4
2018,1,R,전통시장,2130191,홍대 걷고싶은 거리,850,486,364,12,280,196,178,117,67,6,153,127,100,61,39,6,127,69,78,56,28
2018,1,R,전통시장,2130190,홍대소상공인상점가,554,309,245,10,246,118,87,60,33,4,137,78,55,22,13,6,109,40,32,38,20
2018,1,R,전통시장,2130189,서교시장,223,114,109,7,60,52,34,28,42,3,18,30,23,11,29,4,42,22,11,17,13
2018,1,R,전통시장,2130188,합정시장,24,11,13,0,0,2,11,7,4,0,0,1,5,3,2,0,0,1,6,4,2
2018,1,R,전통시장,2130187,영진시장,38,22,16,0,5,9,10,9,5,0,4,4,7,3,4,0,1,5,3,6,1
2018,1,R,전통시장,2130186,망원시장,238,95,143,1,48,56,62,53,18,0,15,25,21,24,10,1,33,31,41,29,8
2018,1,R,전통시장,2130185,망원월드컵시장,259,147,112,0,55,79,70,40,15,0,26,51,41,17,12,0,29,28,29,23,3
2018,1,R,전통시장,2130184,마포농수산물시장,734,472,262,0,26,68,147,238,255,0,18,45,100,131,178,0,8,23,47,107,77
2018,1,R,전통시장,2130183,상암동상점가,1228,826,402,2,178,419,377,180,72,2,91,297,291,110,35,0,87,122,86,70,37
2018,1,R,전통시장,2130182,영천시장,239,107,132,0,34,46,63,54,42,0,9,19,31,28,20,0,25,27,32,26,22
2018,1,R,전통시장,2130181,아현가구거리상점가,130,74,56,1,12,18,44,28,27,1,2,10,26,15,20,0,10,8,18,13,7
2018,1,R,전통시장,2130180,포방터시장,63,33,30,0,12,15,16,10,10,0,3,8,10,5,7,0,9,7,6,5,3
2018,1,R,전통시장,2130179,"이화여대 3,5,7길 상점가",612,275,337,7,174,133,120,108,70,2,63,64,65,48,33,5,111,69,55,60,37
2018,1,R,전통시장,2130178,이대 앞 스타트업 상점가,104,43,61,1,17,33,27,17,9,0,6,14,14,5,4,1,11,19,13,12,5
2018,1,R,전통시장,2130177,인왕시장(홍제골목형상점가),115,43,72,1,3,14,22,26,49,1,2,7,8,11,14,0,1,7,14,15,35
2018,1,R,전통시장,2130176,유진상가,339,149,190,2,67,128,82,48,12,0,34,42,41,23,9,2,33,86,41,25,3
2018,1,R,전통시장,2130175,신촌 상인회(신촌상점가),353,126,227,3,139,140,50,10,11,1,31,58,25,6,5,2,108,82,25,4,6
2018,1,R,전통시장,2130174,연희사러가,2,1,1,0,0,0,0,2,0,0,0,0,0,1,0,0,0,0,0,1,0
2018,1,R,전통시장,2130173,백련시장,9,5,4,0,1,1,1,4,2,0,1,1,0,1,2,0,0,0,1,3,0
2018,1,R,전통시장,2130172,모래내시장(서중시장),170,61,109,0,34,24,42,43,27,0,10,8,21,12,10,0,24,16,21,31,17
2018,1,R,전통시장,2130171,불광먹자골목 골목형상점가,473,150,323,1,49,95,116,123,89,0,18,31,43,30,28,1,31,64,73,93,61
2018,1,R,전통시장,2130170,제일시장,335,151,184,0,57,53,114,79,32,0,16,26,55,37,17,0,41,27,59,42,15
2018,1,R,전통시장,2130169,대조시장,223,73,150,1,32,47,60,52,31,0,10,15,18,16,14,1,22,32,42,36,17
2018,1,R,전통시장,2130168,연서시장,265,125,140,0,35,50,73,51,56,0,10,22,34,22,37,0,25,28,39,29,19
2018,1,R,전통시장,2130167,연신내상점가(연빛거리),1183,472,711,6,265,279,300,229,104,2,88,121,120,89,52,4,177,158,180,140,52
2018,1,R,전통시장,2130166,응암시장(신응암시장),35,19,16,0,0,3,6,11,15,0,0,0,2,4,13,0,0,3,4,7,2
2018,1,R,전통시장,2130165,"대림골목시장(대림시장, 양지시장)",260,62,198,1,33,57,73,62,34,1,12,13,11,8,17,0,21,44,62,54,17
2018,1,R,전통시장,2130164,역촌중앙시장,25,15,10,0,0,5,5,9,6,0,0,4,1,7,3,0,0,1,4,2,3
2018,1,R,전통시장,2130163,응암오거리상점가,301,129,172,1,54,46,90,73,37,1,31,21,35,29,12,0,23,25,55,44,25
2018,1,R,전통시장,2130162,증산골목시장,35,18,17,0,1,5,6,8,15,0,0,3,4,5,6,0,1,2,2,3,9
2018,1,R,전통시장,2130161,증산종합시장,89,29,60,0,9,9,31,32,8,0,8,5,8,5,3,0,1,4,23,27,5
2018,1,R,전통시장,2130160,수일시장,17,4,13,0,1,5,2,5,4,0,0,0,0,3,1,0,1,5,2,2,3
2018,1,R,전통시장,2130159,공릉동 도깨비시장,506,283,223,1,45,94,124,147,95,0,14,49,56,90,74,1,31,45,68,57,21
2018,1,R,전통시장,2130157,상계중앙시장,249,93,156,0,28,34,58,77,52,0,17,17,18,25,16,0,11,17,40,52,36
2018,1,R,전통시장,2130156,시영2단지 무지개종합상가(중계 무지개2단지아파트상가),31,9,22,0,3,2,11,10,5,0,1,1,1,4,2,0,2,1,10,6,3
2018,1,R,전통시장,2130155,시영B상가(중계 그린아파트 B 상가),98,45,53,0,5,28,28,28,9,0,1,15,11,10,8,0,4,13,17,18,1
2018,1,R,전통시장,2130154,상계주공1단지(가)상가,12,5,7,0,1,1,3,6,1,0,1,0,1,2,1,0,0,1,2,4,0
2018,1,R,전통시장,2130153,창동역상점가,613,313,300,3,64,99,140,162,145,3,29,48,80,65,88,0,35,51,60,97,57
2018,1,R,전통시장,2130152,오!도봉거리 상점가,265,73,192,0,31,46,79,55,54,0,9,12,19,10,23,0,22,34,60,45,31
2018,1,R,전통시장,2130151,신도봉시장,38,17,21,0,1,2,12,15,8,0,1,2,6,6,2,0,0,0,6,9,6
2018,1,R,전통시장,2130150,창동골목시장,91,35,56,0,9,21,22,25,14,0,3,7,7,9,9,0,6,14,15,16,5
2018,1,R,전통시장,2130149,창동신창시장,203,93,110,0,20,49,60,49,25,0,7,19,29,22,16,0,13,30,31,27,9
2018,1,R,전통시장,2130148,방학동도깨비시장,193,80,113,0,30,47,55,40,21,0,17,23,21,10,9,0,13,24,34,30,12
2018,1,R,전통시장,2130147,쌍문역동측상점가,313,103,210,2,37,58,80,88,48,0,10,18,29,26,20,2,27,40,51,62,28
2018,1,R,전통시장,2130146,쌍문시장(쌍문역골목시장),507,220,287,6,75,98,128,128,72,3,21,42,56,58,40,3,54,56,72,70,32
2018,1,R,전통시장,2130145,쌍문역둘리상점가,176,137,39,0,34,46,52,35,9,0,24,40,38,27,8,0,10,6,14,8,1
2018,1,R,전통시장,2130144,백운시장,66,31,35,1,6,11,26,13,9,0,2,3,12,6,8,1,4,8,14,7,1
2018,1,R,전통시장,2130143,방천골목시장,46,23,23,0,5,8,14,9,10,0,3,2,6,7,5,0,2,6,8,2,5
2018,1,R,전통시장,2130142,강북북부시장,15,7,8,0,1,3,3,5,3,0,0,1,2,2,2,0,1,2,1,3,1
2018,1,R,전통시장,2130141,강북북부골목시장,66,33,33,1,9,21,23,7,5,0,1,14,11,4,3,1,8,7,12,3,2
2018,1,R,전통시장,2130140,숭인시장,253,103,150,2,48,54,55,47,47,0,4,19,24,22,34,2,44,35,31,25,13
2018,1,R,전통시장,2130139,강북종합전통시장(강북종합골목시장),279,142,137,0,38,61,79,70,31,0,24,37,38,29,14,0,14,24,41,41,17
2018,1,R,전통시장,2130138,수유프라자,122,38,84,0,6,10,16,43,47,0,2,1,6,14,15,0,4,9,10,29,32
2018,1,R,전통시장,2130137,"수유전통시장(수유시장, 수유골목시장)",203,103,100,2,13,28,47,57,56,0,2,16,22,25,38,2,11,12,25,32,18
2018,1,R,전통시장,2130136,수유재래시장,27,10,17,0,5,5,7,8,2,0,0,1,4,3,2,0,5,4,3,5,0
2018,1,R,전통시장,2130135,수유중앙골목시장(수유중앙시장),94,51,43,0,7,18,24,26,19,0,3,10,12,14,12,0,4,8,12,12,7
2018,1,R,전통시장,2130134,"솔샘시장(미아6,7동골목시장)",171,60,111,1,20,31,54,41,24,1,3,17,22,10,7,0,17,14,32,31,17
2018,1,R,전통시장,2130133,우이골목시장(우이시장),119,49,70,0,7,25,41,33,13,0,3,14,16,10,6,0,4,11,25,23,7
2018,1,R,전통시장,2130132,삼양골목시장(삼양시장),199,55,144,0,34,31,43,56,35,0,5,11,15,13,11,0,29,20,28,43,24
2018,1,R,전통시장,2130131,동북프라자,134,62,72,0,12,31,40,41,10,0,3,14,17,20,8,0,9,17,23,21,2
2018,1,R,전통시장,2130130,수유북부골목시장,21,14,7,0,0,3,9,3,6,0,0,3,5,1,5,0,0,0,4,2,1
2018,1,R,전통시장,2130129,장미원골목시장,86,37,49,0,6,18,25,22,15,0,1,9,8,13,6,0,5,9,17,9,9
2018,1,R,전통시장,2130128,돌곶이시장(석관황금시장),32,20,12,0,5,9,13,4,1,0,2,7,8,3,0,0,3,2,5,1,1
2018,1,R,전통시장,2130127,석관시장,26,14,12,0,1,8,4,9,4,0,0,5,3,3,3,0,1,3,1,6,1
2018,1,R,전통시장,2130126,새석관시장,26,14,12,0,1,4,7,7,7,0,0,4,4,3,3,0,1,0,3,4,4
2018,1,R,전통시장,2130125,장위전통시장,131,74,57,0,11,11,37,45,27,0,6,7,25,24,12,0,5,4,12,21,15
2018,1,R,전통시장,2130124,번동시장,14,11,3,0,2,6,2,4,0,0,1,4,2,4,0,0,1,2,0,0,0
2018,1,R,전통시장,2130123,꿈의숲 장곡 골목형상점가,20,12,8,0,0,5,5,7,3,0,0,2,4,5,1,0,0,3,1,2,2
2018,1,R,전통시장,2130122,밤나무골시장,24,5,19,0,4,6,4,8,2,0,0,3,0,2,0,0,4,3,4,6,2
2018,1,R,전통시장,2130121,길음시장,76,37,39,0,9,17,21,11,18,0,2,9,13,2,11,0,7,8,8,9,7
2018,1,R,전통시장,2130120,돈암시장(돈암제일시장),240,104,136,2,43,42,62,42,49,0,9,16,27,23,29,2,34,26,35,19,20
2018,1,R,전통시장,2130119,정릉아리랑시장,53,20,33,0,4,8,18,17,6,0,2,2,4,7,5,0,2,6,14,10,1
2018,1,R,전통시장,2130118,정릉골 골목형상점가,122,66,56,0,16,21,26,33,26,0,3,9,14,21,19,0,13,12,12,12,7
2018,1,R,전통시장,2130117,정릉시장,247,114,133,0,26,38,85,71,27,0,8,22,37,35,12,0,18,16,48,36,15
2018,1,R,전통시장,2130116,동성타워프라자,64,43,21,0,8,9,16,21,10,0,5,6,11,13,8,0,3,3,5,8,2
2018,1,R,전통시장,2130115,우림골목시장,432,173,259,0,76,86,106,105,59,0,24,29,54,43,23,0,52,57,52,62,36
2018,1,R,전통시장,2130114,유영시장,56,16,40,0,11,15,14,11,5,0,1,2,5,4,4,0,10,13,9,7,1
2018,1,R,전통시장,2130113,신아타운,282,80,202,0,67,69,62,56,28,0,17,13,25,13,12,0,50,56,37,43,16
2018,1,R,전통시장,2130112,사가정시장,234,85,149,0,38,56,63,52,25,0,10,17,22,20,16,0,28,39,41,32,9
2018,1,R,전통시장,2130111,"동원전통종합시장(동원시장, 동원전통시장 상점가)",484,220,264,1,72,76,141,133,61,0,14,45,72,52,37,1,58,31,69,81,24
2018,1,R,전통시장,2130110,면목골목시장(면목시장),254,113,141,0,52,58,58,63,23,0,15,28,21,32,17,0,37,30,37,31,6
2018,1,R,전통시장,2130109,묵1동도깨비시장,61,36,25,0,8,16,10,18,9,0,1,12,8,10,5,0,7,4,2,8,4
2018,1,R,전통시장,2130108,태능엔터피아(태릉시장),80,19,61,0,3,7,25,32,13,0,2,3,7,3,4,0,1,4,18,29,9
2018,1,R,전통시장,2130107,중랑동부시장(중랑교종합상가),32,11,21,0,5,9,6,10,2,0,3,5,1,1,1,0,2,4,5,9,1
2018,1,R,전통시장,2130106,중랑동부시장,285,107,178,1,65,61,56,60,42,0,20,17,15,27,28,1,45,44,41,33,14
2018,1,R,전통시장,2130105,장미제일시장(중화동제일시장),49,9,40,0,10,12,7,19,1,0,0,4,1,4,0,0,10,8,6,15,1
2018,1,R,전통시장,2130104,전곡시장,144,65,79,0,16,19,42,46,21,0,4,12,19,18,12,0,12,7,23,28,9
2018,1,R,전통시장,2130103,이경시장,39,23,16,0,0,6,10,10,13,0,0,5,4,5,9,0,0,1,6,5,4
2018,1,R,전통시장,2130102,이문제일시장,24,10,14,0,1,2,10,9,2,0,0,1,3,5,1,0,1,1,7,4,1
2018,1,R,전통시장,2130101,답십리현대시장,89,60,29,0,12,20,23,24,10,0,9,12,14,17,8,0,3,8,9,7,2
2018,1,R,전통시장,2130100,답십리시장,201,72,129,3,45,32,56,40,25,3,9,13,30,11,6,0,36,19,26,29,19
2018,1,R,전통시장,2130099,전농로터리시장,99,51,48,0,7,19,26,30,17,0,2,9,13,12,15,0,5,10,13,18,2
2018,1,R,전통시장,2130098,회기시장,126,50,76,0,23,38,31,22,12,0,8,14,18,5,5,0,15,24,13,17,7
2018,1,R,전통시장,2130097,답십리 건축자재시장,287,194,93,0,31,74,88,56,38,0,23,52,59,34,26,0,8,22,29,22,12
2018,1,R,전통시장,2130096,동부시장,34,16,18,0,1,4,8,11,10,0,0,1,3,4,8,0,1,3,5,7,2
2018,1,R,전통시장,2130095,청량리전통시장,167,67,100,0,16,28,37,43,43,0,6,9,22,14,16,0,10,19,15,29,27
2018,1,R,전통시장,2130094,청량리청과물시장,168,91,77,0,18,39,35,29,47,0,2,21,18,15,35,0,16,18,17,14,12
2018,1,R,전통시장,2130093,동서시장,24,15,9,0,1,2,12,6,3,0,0,2,8,3,2,0,1,0,4,3,1
2018,1,R,전통시장,2130092,청량리농수산물시장,52,38,14,0,0,10,17,13,12,0,0,9,13,7,9,0,0,1,4,6,3
2018,1,R,전통시장,2130091,청량종합도매시장,168,131,37,0,15,29,50,43,31,0,13,22,40,31,25,0,2,7,10,12,6
2018,1,R,전통시장,2130090,청량리종합시장,94,69,25,0,4,19,25,23,23,0,3,12,20,14,20,0,1,7,5,9,3
2018,1,R,전통시장,2130089,청량리수산시장,106,73,33,0,3,20,37,19,27,0,3,16,24,11,19,0,0,4,13,8,8
2018,1,R,전통시장,2130088,경동시장,222,149,73,0,19,37,52,68,46,0,10,25,41,43,30,0,9,12,11,25,16
2018,1,R,전통시장,2130087,경동광성상가(경동시장),140,84,56,0,16,20,37,37,30,0,8,16,23,21,16,0,8,4,14,16,14
2018,1,R,전통시장,2130086,서울약령시장,1756,1083,673,6,153,301,470,490,336,2,76,182,264,315,244,4,77,119,206,175,92
2018,1,R,전통시장,2130085,용두시장,8,5,3,0,0,0,2,3,3,0,0,0,0,2,3,0,0,0,2,1,0
2018,1,R,전통시장,2130084,신성시장(신성골목시장),135,62,73,0,19,16,38,43,19,0,8,8,13,21,12,0,11,8,25,22,7
2018,1,R,전통시장,2130083,"중곡제일시장(중곡제일골목시장, 광성시장)",225,107,118,0,22,42,52,71,38,0,8,26,24,22,27,0,14,16,28,49,11
2018,1,R,전통시장,2130082,면곡골목시장,64,20,44,0,2,6,12,25,19,0,2,2,6,7,3,0,0,4,6,18,16
2018,1,R,전통시장,2130081,자양골목전통시장(자양골목시장),79,51,28,0,9,18,23,17,12,0,6,13,14,10,8,0,3,5,9,7,4
2018,1,R,전통시장,2130080,자양종합시장(기능상실),23,12,11,0,1,2,9,7,4,0,0,1,5,4,2,0,1,1,4,3,2
2018,1,R,전통시장,2130079,한아름시장,134,56,78,1,25,34,35,25,14,0,5,15,16,9,11,1,20,19,19,16,3
2018,1,R,전통시장,2130078,화양제일골목시장,106,56,50,2,27,23,19,23,12,1,15,15,11,8,6,1,12,8,8,15,6
2018,1,R,전통시장,2130077,조양시장,141,87,54,1,27,23,47,23,20,0,17,14,21,17,18,1,10,9,26,6,2
2018,1,R,전통시장,2130076,능동로골목시장,84,48,36,1,9,14,11,17,32,0,3,8,2,8,27,1,6,6,9,9,5
2018,1,R,전통시장,2130075,노룬산시장(노룬산골목시장),93,46,47,0,11,20,26,18,18,0,3,9,11,9,14,0,8,11,15,9,4
2018,1,R,전통시장,2130074,영동교골목시장,29,11,18,0,6,6,5,8,4,0,1,1,5,3,1,0,5,5,0,5,3
2018,1,R,전통시장,2130073,뚝도시장,139,69,70,0,11,23,45,35,25,0,3,10,23,17,16,0,8,13,22,18,9
2018,1,R,전통시장,2130072,성동용답상가시장,964,521,443,2,209,381,178,119,75,1,84,230,100,60,46,1,125,151,78,59,29
2018,1,R,전통시장,2130071,성수역 골목형상점가,601,392,209,2,105,167,143,72,112,2,53,124,112,44,57,0,52,43,31,28,55
2018,1,R,전통시장,2130070,뚝섬역상점가,3424,2252,1172,8,683,1083,888,504,258,1,319,759,610,362,201,7,364,324,278,142,57
2018,1,R,전통시장,2130069,"한양대앞상점가(한양시장, 왕십리맛골목)",214,109,105,3,30,42,62,50,27,0,20,30,26,23,10,3,10,12,36,27,17
2018,1,R,전통시장,2130068,마장축산물시장,3112,2120,992,7,360,843,897,645,360,4,247,605,624,413,227,3,113,238,273,232,133
2018,1,R,전통시장,2130067,왕십리도선동상점가,2190,723,1467,11,695,615,509,230,130,5,191,233,161,79,54,6,504,382,348,151,76
2018,1,R,전통시장,2130066,행당시장상점가,846,397,449,2,188,184,209,173,90,1,52,84,101,98,61,1,136,100,108,75,29
2018,1,R,전통시장,2130065,무학봉상점가,289,99,190,4,46,58,75,63,43,1,9,20,30,24,15,3,37,38,45,39,28
2018,1,R,전통시장,2130064,금남시장,117,41,76,0,13,17,22,33,32,0,2,4,13,12,10,0,11,13,9,21,22
2018,1,R,전통시장,2130063,신금호역 골목형상점가,80,41,39,0,14,15,19,22,10,0,2,9,10,13,7,0,12,6,9,9,3
2018,1,R,전통시장,2130062,보광시장,51,23,28,0,3,11,18,12,7,0,1,3,11,4,4,0,2,8,7,8,3
2018,1,R,전통시장,2130061,이태원시장,262,153,109,3,137,65,25,13,19,1,79,45,9,6,13,2,58,20,16,7,6
2018,1,R,전통시장,2130060,신흥시장,11,4,7,0,1,7,1,1,1,0,0,4,0,0,0,0,1,3,1,1,1
2018,1,R,전통시장,2130059,후암시장,145,53,92,0,23,30,38,36,18,0,9,11,12,11,10,0,14,19,26,25,8
2018,1,R,전통시장,2130058,이촌종합시장,152,85,67,1,26,35,41,32,17,1,16,24,26,11,7,0,10,11,15,21,10
2018,1,R,전통시장,2130057,만리시장,36,27,9,0,1,3,7,15,10,0,0,3,3,11,10,0,1,0,4,4,0
2018,1,R,전통시장,2130056,용산용문시장,324,183,141,2,36,84,113,53,36,0,21,57,65,23,17,2,15,27,48,30,19
2018,1,R,전통시장,2130055,"황학시장(서울중앙시장, 신중앙시장)",332,226,106,1,37,61,94,94,45,0,26,46,67,60,27,1,11,15,27,34,18
2018,1,R,전통시장,2130054,황학동주방가구거리상점가,515,335,180,0,74,120,146,140,35,0,37,74,108,90,26,0,37,46,38,50,9
2018,1,R,전통시장,2130053,백학시장,351,182,169,1,40,92,104,79,35,0,15,51,60,37,19,1,25,41,44,42,16
2018,1,R,전통시장,2130052,서울중앙시장(신중앙시장),1185,786,399,0,197,286,270,267,165,0,134,211,184,144,113,0,63,75,86,123,52
2018,1,R,전통시장,2130051,동화동 골목형상점가,720,399,321,3,110,189,175,168,75,1,49,110,103,87,49,2,61,79,72,81,26
2018,1,R,전통시장,2130050,청평화시장,927,340,587,3,168,353,234,123,46,3,76,121,66,53,21,0,92,232,168,70,25
2018,1,R,전통시장,2130049,신당 미래유산 먹거리 골목형상점가,145,68,77,1,19,35,32,29,29,0,7,17,15,11,18,1,12,18,17,18,11
2018,1,R,전통시장,2130048,동평화시장,165,95,70,1,26,36,35,40,27,1,12,22,17,25,18,0,14,14,18,15,9
2018,1,R,전통시장,2130047,테크노상가(엘리시움),681,376,305,2,165,229,146,82,57,2,89,129,84,44,28,0,76,100,62,38,29
2018,1,R,전통시장,2130046,team204(팀204),101,62,39,0,11,30,18,25,17,0,5,18,8,20,11,0,6,12,10,5,6
2018,1,R,전통시장,2130045,광희패션몰,172,88,84,0,29,44,34,43,22,0,8,21,22,23,14,0,21,23,12,20,8
2018,1,R,전통시장,2130044,에리어식스(벨포스트),73,38,35,1,11,13,25,15,8,0,7,8,12,8,3,1,4,5,13,7,5
2018,1,R,전통시장,2130043,제일평화시장,301,116,185,0,30,82,95,67,27,0,8,38,41,22,7,0,22,44,54,45,20
2018,1,R,전통시장,2130042,약수시장,289,128,161,1,20,60,77,81,50,1,7,25,36,30,29,0,13,35,41,51,21
2018,1,R,전통시장,2130041,신평화패션타운(청계6가 지하도상가),244,142,102,0,27,50,53,83,31,0,15,30,32,50,15,0,12,20,21,33,16
2018,1,R,전통시장,2130040,남평화시장,216,151,65,2,52,81,34,33,14,1,37,61,25,17,10,1,15,20,9,16,4
2018,1,R,전통시장,2130039,청계6가 지하도상가,123,67,56,0,14,30,27,23,29,0,5,14,16,17,15,0,9,16,11,6,14
2018,1,R,전통시장,2130038,"평화시장(통일상가, 동화상가)",2729,1607,1122,27,529,842,679,451,201,10,224,490,445,300,138,17,305,352,234,151,63
2018,1,R,전통시장,2130037,청계5가쇼핑센터(청계5가지하쇼핑센터),4,3,1,0,0,0,0,3,1,0,0,0,0,2,1,0,0,0,0,1,0
2018,1,R,전통시장,2130036,중부시장(신중부시장),1720,1118,602,7,181,387,490,406,249,4,83,272,326,253,180,3,98,115,164,153,69
2018,1,R,전통시장,2130035,방산종합시장(방산시장),2776,1805,971,7,253,602,716,721,477,4,146,400,431,460,364,3,107,202,285,261,113
2018,1,R,전통시장,2130034,필동 골목형상점가,30,15,15,0,4,7,9,6,4,0,1,4,5,3,2,0,3,3,4,3,2
2018,1,R,전통시장,2130033,대림상가(청계상가),456,324,132,2,34,99,141,107,73,2,25,68,92,78,59,0,9,31,49,29,14
2018,1,R,전통시장,2130032,인현시장,540,348,192,1,35,91,165,169,79,0,21,51,108,109,59,1,14,40,57,60,20
2018,1,R,전통시장,2130031,청계천공구상가,953,638,315,2,82,241,266,200,162,1,37,156,191,130,123,1,45,85,75,70,39
2018,1,R,전통시장,2130030,을지로지하보도쇼핑센터(을지입구지하상가),8,1,7,0,0,1,4,3,0,0,0,0,0,1,0,0,0,1,4,2,0
2018,1,R,전통시장,2130029,명동역지하도상가,6,4,2,0,0,0,4,2,0,0,0,0,3,1,0,0,0,0,1,1,0
2018,1,R,전통시장,2130028,을지입구지하상가(을지로지하보도쇼핑센터),20,11,9,0,1,4,5,7,3,0,1,2,3,3,2,0,0,2,2,4,1
2018,1,R,전통시장,2130026,소공지하도상가,12,5,7,0,0,4,1,2,5,0,0,2,0,1,2,0,0,2,1,1,3
2018,1,R,전통시장,2130025,삼익패션타운(남대문시장),1093,869,224,51,199,224,312,236,71,45,154,170,242,201,57,6,45,54,70,35,14
2018,1,R,전통시장,2130024,남대문시장(자유상가),2988,1610,1378,8,279,619,751,743,588,2,113,322,380,408,385,6,166,297,371,335,203
2018,1,R,전통시장,2130023,남대문로 지하상가(남대문지하쇼핑센터),5,2,3,0,0,0,1,3,1,0,0,0,0,1,1,0,0,0,1,2,0
2018,1,R,전통시장,2130022,숭례문수입상가(남대문시장),5695,3157,2538,104,1552,2497,1182,314,46,29,706,1456,712,217,37,75,846,1041,470,97,9
2018,1,R,전통시장,2130021,신설종합시장,158,114,44,0,11,38,46,43,20,0,8,31,35,28,12,0,3,7,11,15,8
2018,1,R,전통시장,2130020,동묘시장(동묘벼룩시장),190,111,79,0,29,37,53,44,27,0,13,18,35,28,17,0,16,19,18,16,10
2018,1,R,전통시장,2130019,동대문상가D동,42,29,13,0,5,15,8,4,10,0,4,8,7,2,8,0,1,7,1,2,2
2018,1,R,전통시장,2130018,동대문문구완구거리(동대문문구완구시장),699,296,403,8,189,178,133,116,75,1,49,85,64,56,41,7,140,93,69,60,34
2018,1,R,전통시장,2130017,동대문상가C동,175,144,31,0,27,82,39,19,8,0,24,72,32,11,5,0,3,10,7,8,3
2018,1,R,전통시장,2130016,동대문상가B동,35,23,12,0,2,10,11,1,11,0,0,6,9,0,8,0,2,4,2,1,3
2018,1,R,전통시장,2130015,창신골목시장,151,77,74,0,8,30,46,50,17,0,3,19,23,22,10,0,5,11,23,28,7
2018,1,R,전통시장,2130014,동문시장,33,27,6,0,0,3,9,6,15,0,0,2,4,6,15,0,0,1,5,0,0
2018,1,R,전통시장,2130013,동대문상가A동,6,3,3,0,0,0,2,4,0,0,0,0,1,2,0,0,0,0,1,2,0
2018,1,R,전통시장,2130012,"동대문종합시장(동대문종합시장 신관, 동대문종합시장D동상가)",4725,3338,1387,4,849,1491,1261,814,306,1,600,1146,837,549,205,3,249,345,424,265,101
2018,1,R,전통시장,2130011,충신시장,300,192,108,8,66,96,75,45,10,8,31,73,43,30,7,0,35,23,32,15,3
2018,1,R,전통시장,2130010,종로신진시장,644,374,270,1,60,151,157,166,109,1,36,93,96,78,70,0,24,58,61,88,39
2018,1,R,전통시장,2130009,마전교지하쇼핑센터(구 한일상가),95,65,30,0,6,22,21,24,22,0,3,16,19,14,13,0,3,6,2,10,9
2018,1,R,전통시장,2130008,종오지하쇼핑센터,11,11,0,0,6,1,1,2,1,0,6,1,1,2,1,0,0,0,0,0,0
2018,1,R,전통시장,2130007,광장시장(광장전통시장),1059,661,398,2,84,202,243,289,239,2,42,136,159,160,162,0,42,66,84,129,77
2018,1,R,전통시장,2130006,종로4가지하쇼핑센터,15,9,6,0,2,4,4,3,2,0,0,3,2,3,1,0,2,1,2,0,1
2018,1,R,전통시장,2130005,세운상가가동,543,383,160,1,55,116,154,115,102,0,29,84,113,79,78,1,26,32,41,36,24
2018,1,R,전통시장,2130004,낙원시장(낙원지하시장(대일상가)),414,296,118,0,42,98,94,90,90,0,26,82,65,61,62,0,16,16,29,29,28
2018,1,R,전통시장,2130002,세종마을음식문화거리(금천교시장),521,249,272,5,76,104,110,124,102,2,32,60,55,45,55,3,44,44,55,79,47
2018,1,R,전통시장,2130001,통인시장,261,179,82,0,61,114,44,27,15,0,36,94,27,15,7,0,25,20,17,12,8
2018,1,D,발달상권,2120249,고덕역,1428,654,774,8,222,305,320,352,221,1,71,147,137,169,129,7,151,158,183,183,92
2018,1,D,발달상권,2120248,명일역,1600,554,1046,2,258,255,358,422,305,1,83,108,136,103,123,1,175,147,222,319,182
2018,1,D,발달상권,2120247,굽은다리역,1138,519,619,8,174,248,274,233,201,6,56,123,122,96,116,2,118,125,152,137,85
2018,1,D,발달상권,2120246,길동역,4737,2332,2405,13,620,1029,1137,1097,841,7,255,540,613,414,503,6,365,489,524,683,338
2018,1,D,발달상권,2120245,둔촌역,2919,1601,1318,9,456,817,719,580,338,3,209,473,388,302,226,6,247,344,331,278,112
2018,1,D,발달상권,2120244,암사역,1076,462,614,2,167,217,244,233,213,1,46,99,117,87,112,1,121,118,127,146,101
2018,1,D,발달상권,2120243,천호역,4202,1880,2322,36,844,1059,1002,740,521,11,302,500,468,285,314,25,542,559,534,455,207
2018,1,D,발달상권,2120242,강동구청역,11678,6313,5365,36,1386,2361,2747,2854,2294,25,705,1509,1410,1236,1428,11,681,852,1337,1618,866
2018,1,D,발달상권,2120241,거여역,2605,1441,1164,11,220,425,556,600,793,4,101,294,310,249,483,7,119,131,246,351,310
2018,1,D,발달상권,2120240,개롱역,1417,709,708,4,209,318,448,301,137,0,83,179,222,132,93,4,126,139,226,169,44
2018,1,D,발달상권,2120239,오금역,4502,2629,1873,13,766,1239,1146,806,532,4,351,768,739,432,335,9,415,471,407,374,197
2018,1,D,발달상권,2120238,방이역,757,358,399,5,99,175,214,137,127,3,29,75,85,69,97,2,70,100,129,68,30
2018,1,D,발달상권,2120237,경찰병원역,9960,5403,4557,47,1846,2440,2339,2152,1136,19,818,1521,1474,999,572,28,1028,919,865,1153,564
2018,1,D,발달상권,2120236,장지역(가든파이브),8598,5676,2922,50,1240,2314,2241,1613,1140,19,620,1568,1506,1060,903,31,620,746,735,553,237
2018,1,D,발달상권,2120235,문정역,28103,18343,9760,140,5460,8982,6982,4109,2430,60,2703,6136,4874,2664,1906,80,2757,2846,2108,1445,524
2018,1,D,발달상권,2120234,가락시장역,9881,5956,3925,67,1844,2659,2456,1776,1079,30,815,1588,1567,1180,776,37,1029,1071,889,596,303
2018,1,D,발달상권,2120233,몽촌토성역,4559,3134,1425,17,867,1540,1050,665,420,11,480,1074,804,453,312,6,387,466,246,212,108
2018,1,D,발달상권,2120232,송파나루역,1330,811,519,7,186,334,296,308,199,3,80,199,171,194,164,4,106,135,125,114,35
2018,1,D,발달상권,2120231,가락시장,10047,7077,2970,13,629,1849,2897,2893,1766,6,445,1497,2098,1808,1223,7,184,352,799,1085,543
2018,1,D,발달상권,2120230,송파사거리(송파역),1020,488,532,4,130,207,259,213,207,1,47,102,143,94,101,3,83,105,116,119,106
2018,1,D,발달상권,2120229,방이동먹자골목,5323,3112,2211,17,802,1404,1290,1047,763,13,400,869,800,557,473,4,402,535,490,490,290
2018,1,D,발달상권,2120228,석촌역(석촌호수),4471,2540,1931,18,706,1074,1061,871,741,7,303,635,623,496,476,11,403,439,438,375,265
2018,1,D,발달상권,2120227,잠실역,80223,44553,35670,599,16296,25656,22900,12911,1861,223,8252,17400,13051,4479,1148,376,8044,8256,9849,8432,713
2018,1,D,발달상권,2120226,석촌고분역,3307,2295,1012,32,399,572,656,521,1127,21,190,358,400,304,1022,11,209,214,256,217,105
2018,1,D,발달상권,2120225,잠실새내역(신천),9606,5438,4168,46,1893,2222,2397,1775,1273,13,774,1241,1414,1099,897,33,1119,981,983,676,376
2018,1,D,발달상권,2120224,수서역,10612,6367,4245,35,1506,2823,2627,2171,1450,17,688,1846,1611,1166,1039,18,818,977,1016,1005,411
2018,1,D,발달상권,2120223,휘문고교사거리,7400,4457,2943,17,1480,2776,1883,736,508,7,593,1757,1292,471,337,10,887,1019,591,265,171
2018,1,D,발달상권,2120222,삼성역,52685,30068,22617,381,12677,16328,12436,6876,3987,169,4962,9918,8527,4065,2427,212,7715,6410,3909,2811,1560
2018,1,D,발달상권,2120221,봉은사역,23082,14932,8150,76,5351,5915,4157,3770,3813,22,2932,4298,3076,2209,2395,54,2419,1617,1081,1561,1418
2018,1,D,발달상권,2120220,대치역,5532,3124,2408,81,1860,2096,886,378,231,2,760,1356,630,222,154,79,1100,740,256,156,77
2018,1,D,발달상권,2120219,은마아파트,2173,853,1320,27,426,567,579,383,191,5,113,247,242,144,102,22,313,320,337,239,89
2018,1,D,발달상권,2120218,코엑스,13153,7930,5223,27,3152,4559,3695,1398,322,9,1089,2513,2879,1202,238,18,2063,2046,816,196,84
2018,1,D,발달상권,2120217,대치사거리,4168,2542,1626,13,874,1485,1005,473,318,4,439,1025,595,254,225,9,435,460,410,219,93
2018,1,D,발달상권,2120216,경기고교사거리(경기고교앞사거리),6483,4509,1974,18,983,2015,1809,803,855,7,412,1408,1527,610,545,11,571,607,282,193,310
2018,1,D,발달상권,2120215,포스코사거리,62317,35862,26455,475,13391,22227,15929,7589,2706,159,5748,13666,10394,4288,1607,316,7643,8561,5535,3301,1099
2018,1,D,발달상권,2120214,영동대교남단교차로,5311,3226,2085,30,971,1759,1303,816,432,0,354,1118,914,537,303,30,617,641,389,279,129
2018,1,D,발달상권,2120213,삼성중앙역,9454,5192,4262,52,2089,3773,2096,930,514,30,840,2056,1357,586,323,22,1249,1717,739,344,191
2018,1,D,발달상권,2120212,한티역,1724,776,948,3,358,447,419,303,194,2,127,204,206,134,103,1,231,243,213,169,91
2018,1,D,발달상권,2120211,도성초등학교,1963,942,1021,15,414,658,413,287,176,7,108,281,244,186,116,8,306,377,169,101,60
2018,1,D,발달상권,2120210,선릉역,58075,29219,28856,332,16994,16022,12289,8409,4029,136,6355,9137,6821,4255,2515,196,10639,6885,5468,4154,1514
2018,1,D,발달상권,2120209,"강남구청(청담역_8번, 강남세무서)",4378,1861,2517,79,1219,1358,863,524,335,29,316,612,412,276,216,50,903,746,451,248,119
2018,1,D,발달상권,2120208,청담사거리(청담동명품거리),16229,5502,10727,132,5542,5972,3013,1036,534,17,1331,2150,1210,472,322,115,4211,3822,1803,564,212
2018,1,D,발달상권,2120207,선정릉역,13794,7635,6159,73,3305,4721,3437,1529,729,16,1203,2624,2250,1016,526,57,2102,2097,1187,513,203
2018,1,D,발달상권,2120206,개나리아파트,4804,2861,1943,68,1552,1449,938,477,320,22,775,890,653,297,224,46,777,559,285,180,96
2018,1,D,발달상권,2120205,매봉역,11873,6530,5343,43,1983,2567,2312,1760,3208,24,933,1586,1380,999,1608,19,1050,981,932,761,1600
2018,1,D,발달상권,2120204,르네상스호텔사거리,15410,8735,6675,84,2971,4776,3750,2143,1686,22,1235,2736,2461,1298,983,62,1736,2040,1289,845,703
2018,1,D,발달상권,2120203,강남구청역,13478,7048,6430,43,2481,4086,3510,2430,928,11,867,2300,2206,1117,547,32,1614,1786,1304,1313,381
2018,1,D,발달상권,2120202,압구정로데오역(압구정로데오),6158,2580,3578,66,2498,1844,944,447,359,9,835,849,471,231,185,57,1663,995,473,216,174
2018,1,D,발달상권,2120201,도곡1동,17077,5777,11300,199,3109,3776,6343,2948,702,92,1268,1703,1471,733,510,107,1841,2073,4872,2215,192
2018,1,D,발달상권,2120200,학동사거리,14003,6696,7307,92,4920,4993,2440,962,596,35,1644,2535,1429,631,422,57,3276,2458,1011,331,174
2018,1,D,발달상권,2120199,경복아파트교차로,10084,5788,4296,73,2000,2815,2043,1430,1723,31,865,1827,1448,768,849,42,1135,988,595,662,874
2018,1,D,발달상권,2120198,구역삼세무서,15403,8317,7086,81,3736,4750,3697,1999,1140,30,1193,2734,2323,1207,830,51,2543,2016,1374,792,310
2018,1,D,발달상권,2120197,역삼역,82111,50978,31133,549,18674,27878,20479,10714,3817,279,8601,18130,14624,6819,2525,270,10073,9748,5855,3895,1292
2018,1,D,발달상권,2120196,서울세관,9793,5711,4082,55,2024,3090,2405,1406,813,7,758,1701,1635,1054,556,48,1266,1389,770,352,257
2018,1,D,발달상권,2120195,성수대교남단,6093,2680,3413,119,2217,2015,967,463,312,46,794,911,537,228,164,73,1423,1104,430,235,148
2018,1,D,발달상권,2120194,언주역(차병원),12653,7005,5648,73,3199,3626,2877,1866,1012,31,1235,2091,1909,1015,724,42,1964,1535,968,851,288
2018,1,D,발달상권,2120193,도산공원교차로,9776,5552,4224,39,2344,3426,2177,1182,608,7,860,2004,1399,823,459,32,1484,1422,778,359,149
2018,1,D,발달상권,2120192,뱅뱅사거리,27103,17382,9721,98,5020,8770,6899,3867,2449,40,2127,5548,5116,2807,1744,58,2893,3222,1783,1060,705
2018,1,D,발달상권,2120191,학동역,20554,10912,9642,94,5217,6084,4133,2190,2836,40,1660,3390,2539,1253,2030,54,3557,2694,1594,937,806
2018,1,D,발달상권,2120190,강남을지병원,15106,7628,7478,120,4718,4739,3189,1450,890,36,1687,2384,1950,914,657,84,3031,2355,1239,536,233
2018,1,D,발달상권,2120189,강남역,84946,41392,43554,909,21227,27144,20039,10495,5132,282,7117,14127,12328,5227,2311,627,14110,13017,7711,5268,2821
2018,1,D,발달상권,2120188,압구정역,10608,4349,6259,100,3058,3000,1848,1377,1225,34,704,1310,1062,664,575,66,2354,1690,786,713,650
2018,1,D,발달상권,2120187,신논현역,14977,7997,6980,65,4047,5078,3179,1586,1022,23,1369,2885,2170,924,626,42,2678,2193,1009,662,396
2018,1,D,발달상권,2120186,가로수길,9594,4600,4994,55,3247,3044,1779,874,595,26,1140,1685,984,405,360,29,2107,1359,795,469,235
2018,1,D,발달상권,2120185,논현역,17374,9422,7952,76,3730,5796,4294,1991,1487,25,1282,3223,2685,1227,980,51,2448,2573,1609,764,507
2018,1,D,발달상권,2120184,포이사거리(삼호물산),20278,11800,8478,99,3028,5277,5691,4236,1947,36,1400,3443,3458,2213,1250,63,1628,1834,2233,2023,697
2018,1,D,발달상권,2120183,양재천카페거리,4389,2840,1549,21,1000,1564,938,583,283,15,494,1087,667,395,182,6,506,477,271,188,101
2018,1,D,발달상권,2120182,"양재시민의숲역(양재동꽃시장, aT센터)",5749,3687,2062,21,790,1555,1511,1080,792,6,370,978,1017,693,623,15,420,577,494,387,169
2018,1,D,발달상권,2120181,교육개발원입구사거리,6776,4334,2442,30,1250,2051,1589,1066,790,14,590,1353,1187,678,512,16,660,698,402,388,278
2018,1,D,발달상권,2120180,양재화물트럭터미널앞,4152,3314,838,13,878,1561,1060,509,131,6,598,1276,907,425,102,7,280,285,153,84,29
2018,1,D,발달상권,2120179,양재역,19398,11060,8338,180,4352,5279,4412,3025,2150,58,1576,3136,2958,1869,1463,122,2776,2143,1454,1156,687
2018,1,D,발달상권,2120178,신사역,17648,8906,8742,71,4702,5622,3676,2234,1343,18,1344,3007,2385,1235,917,53,3358,2615,1291,999,426
2018,1,D,발달상권,2120177,신논현역 1번,1932,1379,553,5,493,776,408,190,60,2,317,569,323,122,46,3,176,207,85,68,14
2018,1,D,발달상권,2120176,논현역 4번,1036,679,357,2,225,282,233,155,139,2,99,180,176,115,107,0,126,102,57,40,32
2018,1,D,발달상권,2120175,남부터미널역,22526,11388,11138,163,5826,6123,5188,3710,1516,75,2411,3666,2845,1491,900,88,3415,2457,2343,2219,616
2018,1,D,발달상권,2120174,논현역 5번,907,563,344,13,168,268,228,123,107,6,63,176,163,83,72,7,105,92,65,40,35
2018,1,D,발달상권,2120173,교대역(법원.검찰청),24590,13146,11444,140,4856,7510,6086,3640,2358,50,1482,3780,3646,2401,1787,90,3374,3730,2440,1239,571
2018,1,D,발달상권,2120172,교대입구교차로,15090,8427,6663,100,3427,4194,3634,2253,1482,44,1527,2521,2149,1190,996,56,1900,1673,1485,1063,486
2018,1,D,발달상권,2120171,서초3동사거리,10817,6800,4017,35,1856,3126,2570,1712,1518,19,773,2021,1862,1077,1048,16,1083,1105,708,635,470
2018,1,D,발달상권,2120170,삼호가든사거리,2669,1303,1366,5,526,866,654,373,245,0,136,389,400,210,168,5,390,477,254,163,77
2018,1,D,발달상권,2120169,서초역,22280,11316,10964,136,5477,6501,5621,3099,1446,58,2033,3413,2968,1742,1102,78,3444,3088,2653,1357,344
2018,1,D,발달상권,2120168,서울고교교차로,2687,1696,991,4,496,1014,814,257,102,1,165,658,613,193,66,3,331,356,201,64,36
2018,1,D,발달상권,2120167,고속터미널(고속터미널역),4825,2276,2549,29,860,840,872,1011,1213,13,389,477,468,427,502,16,471,363,404,584,711
2018,1,D,발달상권,2120166,방배역,6444,3777,2667,57,1297,1641,1332,986,1131,18,484,945,900,563,867,39,813,696,432,423,264
2018,1,D,발달상권,2120165,서래마을카페거리(서래마을),3021,1610,1411,50,803,802,701,424,241,16,353,435,404,260,142,34,450,367,297,164,99
2018,1,D,발달상권,2120164,내방역,9247,4581,4666,64,1742,2369,2335,1808,929,28,674,1322,1153,784,620,36,1068,1047,1182,1024,309
2018,1,D,발달상권,2120163,사당역 11번(사당역먹자골목),261,149,112,0,25,51,82,50,53,0,15,26,50,27,31,0,10,25,32,23,22
2018,1,D,발달상권,2120162,방배동카페골목,1834,1094,740,23,330,435,375,283,388,17,166,299,255,149,208,6,164,136,120,134,180
2018,1,D,발달상권,2120161,방배동가구거리(사당동가구거리),1535,1006,529,2,299,567,371,212,84,0,128,393,271,148,66,2,171,174,100,64,18
2018,1,D,발달상권,2120160,사당역(사당),7261,3238,4023,48,1247,1449,1877,1818,822,17,488,795,817,614,507,31,759,654,1060,1204,315
2018,1,D,발달상권,2120159,서울대입구역,3128,1500,1628,27,594,698,808,508,493,20,185,328,407,249,311,7,409,370,401,259,182
2018,1,D,발달상권,2120158,녹두거리(대학동),1099,729,370,4,139,168,321,319,148,2,61,100,223,237,106,2,78,68,98,82,42
2018,1,D,발달상권,2120157,신림역(신림),2130,921,1209,8,466,400,505,421,330,4,156,188,243,151,179,4,310,212,262,270,151
2018,1,D,발달상권,2120156,"총신대입구역(이수, 총신대)",5110,2326,2784,25,864,1195,1350,1121,555,13,293,644,703,377,296,12,571,551,647,744,259
2018,1,D,발달상권,2120155,총신대학교,116,60,56,2,15,19,39,33,8,0,5,9,23,17,6,2,10,10,16,16,2
2018,1,D,발달상권,2120154,장승배기역,1042,489,553,1,115,177,293,284,172,1,40,73,154,148,73,0,75,104,139,136,99
2018,1,D,발달상권,2120153,노량진역(노량진),6940,4022,2918,27,746,1631,1648,1738,1150,12,334,814,999,1109,754,15,412,817,649,629,396
2018,1,D,발달상권,2120152,신대방삼거리역,1316,640,676,7,196,299,337,268,209,5,63,140,179,131,122,2,133,159,158,137,87
2018,1,D,발달상권,2120151,보라매공원,11460,6238,5222,24,1981,3852,3515,1553,535,9,708,1889,2083,1143,406,15,1273,1963,1432,410,129
2018,1,D,발달상권,2120150,63빌딩,11861,5903,5958,17,1659,3271,3683,2475,756,7,592,1735,2169,1177,223,10,1067,1536,1514,1298,533
2018,1,D,발달상권,2120149,여의도역(여의도),111358,67915,43443,525,18077,38264,33963,15069,5460,145,7524,22077,23803,11117,3249,380,10553,16187,10160,3952,2211
2018,1,D,발달상권,2120148,국회의사당역(국회의사당),38802,22892,15910,98,8656,14036,9018,4896,2098,31,3248,8168,6457,3528,1460,67,5408,5868,2561,1368,638
2018,1,D,발달상권,2120147,보라매역,2742,1555,1187,44,401,567,508,528,694,5,123,346,309,305,467,39,278,221,199,223,227
2018,1,D,발달상권,2120146,한강성심병원,5497,3560,1937,15,723,1236,1384,1153,986,6,287,733,1006,878,650,9,436,503,378,275,336
2018,1,D,발달상권,2120145,영등포역(영등포),6805,3439,3366,73,1370,1768,1615,1164,815,19,469,928,911,630,482,54,901,840,704,534,333
2018,1,D,발달상권,2120144,영중로,6335,4122,2213,28,977,1805,1526,1222,777,11,485,1229,1095,734,568,17,492,576,431,488,209
2018,1,D,발달상권,2120143,당산역,10648,6292,4356,63,1582,1682,2202,2474,2645,35,726,1176,1402,1354,1599,28,856,506,800,1120,1046
2018,1,D,발달상권,2120142,대림역,1651,899,752,5,184,313,475,428,246,2,67,168,268,245,149,3,117,145,207,183,97
2018,1,D,발달상권,2120141,영등포청과시장교차로,1817,756,1061,5,163,434,631,409,175,2,60,204,265,121,104,3,103,230,366,288,71
2018,1,D,발달상권,2120140,문래동주민센터,16301,7877,8424,125,3929,4851,4144,2006,1246,53,1425,2441,2120,1042,796,72,2504,2410,2024,964,450
2018,1,D,발달상권,2120139,대림3동사거리,4651,2934,1717,17,616,1089,1242,980,707,15,352,770,878,558,361,2,264,319,364,422,346
2018,1,D,발달상권,2120138,당산2동(영등포우체국),15164,7173,7991,176,4144,4492,3606,1824,922,82,1397,2191,1756,1114,633,94,2747,2301,1850,710,289
2018,1,D,발달상권,2120137,문래역(문래로데오거리),209,82,127,1,48,49,57,49,5,0,17,18,25,18,4,1,31,31,32,31,1
2018,1,D,발달상권,2120136,영등포구청역,9903,5102,4801,47,1858,1882,1853,2200,2063,29,832,1093,1050,954,1144,18,1026,789,803,1246,919
2018,1,D,발달상권,2120135,양평역,7027,3869,3158,72,2051,1865,1570,990,479,27,867,1128,905,523,419,45,1184,737,665,467,60
2018,1,D,발달상권,2120134,구로전화국,3324,2289,1035,5,278,464,532,592,1453,1,128,245,311,318,1286,4,150,219,221,274,167
2018,1,D,발달상권,2120133,서울시흥동우체국(홈플러스시흥점),400,164,236,4,52,72,102,102,68,2,19,34,44,37,28,2,33,38,58,65,40
2018,1,D,발달상권,2120132,독산동,11790,8051,3739,69,1683,2970,3077,2728,1263,40,1049,2135,2100,1763,964,29,634,835,977,965,299
2018,1,D,발달상권,2120131,가산디지털단지,130879,81747,49132,2569,30925,40378,31475,16555,8977,1191,14789,26943,21808,10425,6591,1378,16136,13435,9667,6130,2386
2018,1,D,발달상권,2120130,구로디지털단지역,2105,1041,1064,15,413,443,508,397,329,8,165,226,261,176,205,7,248,217,247,221,124
2018,1,D,발달상권,2120129,구로디지털단지,75079,45800,29279,540,17326,26060,17711,8842,4600,309,7975,17540,12019,4903,3054,231,9351,8520,5692,3939,1546
2018,1,D,발달상권,2120128,신도림역,7594,3061,4533,45,1901,2784,1623,792,449,17,572,984,812,438,238,28,1329,1800,811,354,211
2018,1,D,발달상권,2120127,구로구청,9474,6778,2696,14,1482,2528,2280,1851,1319,4,1072,2102,1683,1115,802,10,410,426,597,736,517
2018,1,D,발달상권,2120126,디지털단지오거리,130,82,48,0,11,24,47,37,11,0,3,18,33,20,8,0,8,6,14,17,3
2018,1,D,발달상권,2120125,구로역,21502,12413,9089,73,3073,6675,5761,3992,1928,35,1350,3519,3448,2617,1444,38,1723,3156,2313,1375,484
2018,1,D,발달상권,2120124,개봉동 현대아파트,917,347,570,1,101,152,255,240,168,1,27,61,99,93,66,0,74,91,156,147,102
2018,1,D,발달상권,2120123,오류동역,1588,756,832,15,179,230,389,399,376,5,69,125,154,154,249,10,110,105,235,245,127
2018,1,D,발달상권,2120122,강서구청,3081,1754,1327,9,365,681,829,705,492,5,163,378,501,403,304,4,202,303,328,302,188
2018,1,D,발달상권,2120121,까치산역,818,305,513,3,129,167,180,212,127,0,42,83,68,64,48,3,87,84,112,148,79
2018,1,D,발달상권,2120120,화곡역,2242,951,1291,9,374,505,558,597,199,2,108,280,262,181,118,7,266,225,296,416,81
2018,1,D,발달상권,2120119,발산역(마곡),5224,3218,2006,36,952,1279,1265,972,720,7,435,782,833,633,528,29,517,497,432,339,192
2018,1,D,발달상권,2120118,마곡역(마곡),563,323,240,0,106,236,148,47,26,0,26,143,106,34,14,0,80,93,42,13,12
2018,1,D,발달상권,2120117,강서농산물도매시장,1560,1070,490,1,92,286,499,451,231,0,71,222,325,287,165,1,21,64,174,164,66
2018,1,D,발달상권,2120116,송정역,361,197,164,2,43,70,93,89,64,1,15,41,49,46,45,1,28,29,44,43,19
2018,1,D,발달상권,2120115,김포공항역(김포공항),567,193,374,21,336,106,46,46,12,15,104,52,16,4,2,6,232,54,30,42,10
2018,1,D,발달상권,2120114,목동신시가지,12463,7861,4602,63,1848,3307,3663,2549,1033,29,810,1981,2530,1841,670,34,1038,1326,1133,708,363
2018,1,D,발달상권,2120113,오목교역,1401,579,822,17,288,346,329,270,151,5,84,166,139,101,84,12,204,180,190,169,67
2018,1,D,발달상권,2120112,등촌역,2628,1595,1033,16,391,656,685,506,374,10,158,385,435,328,279,6,233,271,250,178,95
2018,1,D,발달상권,2120111,목동사거리,974,455,519,7,108,201,260,225,173,1,46,100,113,92,103,6,62,101,147,133,70
2018,1,D,발달상권,2120110,목동역 8번출구,2019,852,1167,10,358,437,458,363,393,6,89,203,213,123,218,4,269,234,245,240,175
2018,1,D,발달상권,2120109,서울남부지방법원,2167,1110,1057,7,227,440,564,532,397,2,77,238,305,273,215,5,150,202,259,259,182
2018,1,D,발달상권,2120108,신정네거리역,1716,866,850,3,178,376,433,404,322,0,75,176,207,224,184,3,103,200,226,180,138
2018,1,D,발달상권,2120107,공덕역(공덕오거리),20458,11600,8858,74,4084,6046,5701,3562,991,33,1782,3557,3593,1994,641,41,2302,2489,2108,1568,350
2018,1,D,발달상권,2120106,마포역,14805,8880,5925,76,2323,3745,3599,2869,2193,28,1032,2344,2393,1655,1428,48,1291,1401,1206,1214,765
2018,1,D,발달상권,2120105,상수역(홍대),1591,866,725,13,515,569,295,124,75,5,219,334,191,68,49,8,296,235,104,56,26
2018,1,D,발달상권,2120104,연남동(홍대),10523,4860,5663,52,2989,3144,2093,1374,871,26,963,1621,1216,629,405,26,2026,1523,877,745,466
2018,1,D,발달상권,2120103,홍대입구역(홍대),14818,8269,6549,150,4572,4104,2944,1638,1410,73,1873,2532,1917,892,982,77,2699,1572,1027,746,428
2018,1,D,발달상권,2120102,서교동(홍대),9508,4882,4626,77,1903,2493,2031,1491,1513,19,672,1389,1317,904,581,58,1231,1104,714,587,932
2018,1,D,발달상권,2120101,합정역,8287,4408,3879,75,1778,2802,2277,984,371,10,568,1460,1470,675,225,65,1210,1342,807,309,146
2018,1,D,발달상권,2120100,망원역,3698,1770,1928,35,1010,827,671,596,559,13,400,432,316,208,401,22,610,395,355,388,158
2018,1,D,발달상권,2120099,월드컵경기장역(월드컵경기장),252,127,125,1,68,75,58,33,17,1,26,46,35,13,6,0,42,29,23,20,11
2018,1,D,발달상권,2120098,DMC(디지털미디어시티),24989,15076,9913,59,5080,10004,7089,2337,420,13,1865,5963,5258,1718,259,46,3215,4041,1831,619,161
2018,1,D,발달상권,2120097,충정로역,7079,4679,2400,16,1282,3000,1792,672,317,2,667,1956,1322,502,230,14,615,1044,470,170,87
2018,1,D,발달상권,2120096,"이화여대(이대역, 이대)",1259,528,731,9,260,378,286,193,133,4,64,170,122,91,77,5,196,208,164,102,56
2018,1,D,발달상권,2120095,홍제역,1123,411,712,4,178,216,301,257,167,3,34,79,100,105,90,1,144,137,201,152,77
2018,1,D,발달상권,2120094,"신촌역(신촌역, 신촌로터리)",10265,4840,5425,128,3025,2518,2205,1694,695,76,1324,1399,1075,650,316,52,1701,1119,1130,1044,379
2018,1,D,발달상권,2120093,연희동,1158,547,611,4,211,240,286,236,181,0,92,126,130,100,99,4,119,114,156,136,82
2018,1,D,발달상권,2120092,불광역,405,162,243,1,37,83,114,102,68,0,13,29,48,36,36,1,24,54,66,66,32
2018,1,D,발달상권,2120091,본서부병원,1023,401,622,2,124,207,245,278,167,0,43,99,103,91,65,2,81,108,142,187,102
2018,1,D,발달상권,2120090,연신내역,1169,401,768,18,242,213,277,231,188,5,56,85,100,84,71,13,186,128,177,147,117
2018,1,D,발달상권,2120089,구파발역,34,12,22,0,18,7,8,1,0,0,5,4,3,0,0,0,13,3,5,1,0
2018,1,D,발달상권,2120088,구산역,971,356,615,10,152,193,268,217,131,2,42,88,103,61,60,8,110,105,165,156,71
2018,1,D,발달상권,2120087,응암역,479,220,259,1,79,127,101,102,69,0,18,66,49,47,40,1,61,61,52,55,29
2018,1,D,발달상권,2120086,태릉입구역,1362,684,678,4,211,282,329,299,237,3,101,149,174,140,117,1,110,133,155,159,120
2018,1,D,발달상권,2120085,은행사거리,1050,475,575,3,193,202,298,228,126,2,80,94,127,99,73,1,113,108,171,129,53
2018,1,D,발달상권,2120084,공릉역,1127,688,439,4,114,146,238,354,271,0,35,69,142,235,207,4,79,77,96,119,64
2018,1,D,발달상권,2120083,등나무근린공원,1136,530,606,1,148,239,316,248,184,1,62,115,137,99,116,0,86,124,179,149,68
2018,1,D,발달상권,2120082,상계백병원,1844,532,1312,0,491,603,482,196,72,0,106,165,134,85,42,0,385,438,348,111,30
2018,1,D,발달상권,2120081,노원역,5057,1791,3266,44,1201,1102,1139,931,640,11,282,451,439,327,281,33,919,651,700,604,359
2018,1,D,발달상권,2120080,마들역,488,145,343,1,88,122,104,107,66,0,17,31,30,38,29,1,71,91,74,69,37
2018,1,D,발달상권,2120079,창동역,1730,906,824,7,239,341,481,372,290,2,73,161,255,199,216,5,166,180,226,173,74
2018,1,D,발달상권,2120078,미아사거리역,1038,456,582,20,246,269,251,152,100,5,104,124,110,59,54,15,142,145,141,93,46
2018,1,D,발달상권,2120077,미아역,891,376,515,2,180,229,199,161,120,1,54,88,99,69,65,1,126,141,100,92,55
2018,1,D,발달상권,2120076,수유역,4222,1976,2246,28,771,814,997,863,749,7,268,391,473,412,425,21,503,423,524,451,324
2018,1,D,발달상권,2120075,월곡역,883,461,422,2,140,206,204,179,152,2,52,126,120,90,71,0,88,80,84,89,81
2018,1,D,발달상권,2120074,안암역,327,205,122,5,58,122,75,44,23,2,37,89,51,16,10,3,21,33,24,28,13
2018,1,D,발달상권,2120073,미아사거리,833,294,539,5,158,212,217,165,76,3,54,74,86,44,33,2,104,138,131,121,43
2018,1,D,발달상권,2120072,성신여대,2533,1299,1234,13,661,641,508,372,338,7,243,337,285,209,218,6,418,304,223,163,120
2018,1,D,발달상권,2120071,성북구청,827,358,469,2,145,193,205,165,117,0,53,91,106,63,45,2,92,102,99,102,72
2018,1,D,발달상권,2120070,한성대입구역,1052,456,596,8,173,229,259,222,161,4,60,110,113,99,70,4,113,119,146,123,91
2018,1,D,발달상권,2120069,상봉역,1953,1006,947,23,378,445,409,353,345,14,157,217,221,185,212,9,221,228,188,168,133
2018,1,D,발달상권,2120068,사가정역,404,156,248,2,92,84,97,67,62,0,22,26,43,25,40,2,70,58,54,42,22
2018,1,D,발달상권,2120067,장안동사거리,3263,1416,1847,28,510,719,801,741,464,5,156,322,364,320,249,23,354,397,437,421,215
2018,1,D,발달상권,2120066,장한평역(장한평),13421,8352,5069,82,2358,3126,2997,2519,2339,30,1131,1946,1903,1614,1728,52,1227,1180,1094,905,611
2018,1,D,발달상권,2120065,회기역,998,542,456,4,170,192,219,186,227,1,67,112,117,86,159,3,103,80,102,100,68
2018,1,D,발달상권,2120064,경희대학교(경희대),475,213,262,5,84,123,111,87,65,2,37,81,54,17,22,3,47,42,57,70,43
2018,1,D,발달상권,2120063,청량리역(청량리),2089,866,1223,38,445,414,450,398,344,28,171,157,167,152,191,10,274,257,283,246,153
2018,1,D,발달상권,2120062,신설동역,11409,4972,6437,60,1455,2794,3603,2327,1170,10,427,1421,1426,976,712,50,1028,1373,2177,1351,458
2018,1,D,발달상권,2120061,올림픽대교북단,689,273,416,5,138,194,170,128,54,3,34,93,71,40,32,2,104,101,99,88,22
2018,1,D,발달상권,2120060,강변역(테크노마트),4318,2966,1352,34,517,987,1142,934,704,10,252,663,879,693,469,24,265,324,263,241,235
2018,1,D,발달상권,2120059,구삼강변맛길,2486,1250,1236,22,376,453,391,496,748,15,181,246,207,223,378,7,195,207,184,273,370
2018,1,D,발달상권,2120058,구의사거리,827,411,416,0,130,183,222,194,98,0,42,92,121,102,54,0,88,91,101,92,44
2018,1,D,발달상권,2120057,아차산역,2761,1439,1322,39,345,552,633,680,512,12,145,302,353,320,307,27,200,250,280,360,205
2018,1,D,발달상권,2120056,구의역,4072,2273,1799,19,544,831,951,806,921,5,201,406,546,434,681,14,343,425,405,372,240
2018,1,D,발달상권,2120055,군자역,5130,2940,2190,14,749,1249,1316,1123,679,4,321,764,804,624,423,10,428,485,512,499,256
2018,1,D,발달상권,2120054,어린이대공원역,1072,575,497,11,174,231,289,230,137,0,73,128,153,124,97,11,101,103,136,106,40
2018,1,D,발달상권,2120053,건대입구역(건대),3325,1618,1707,27,912,797,622,497,470,10,349,445,362,200,252,17,563,352,260,297,218
2018,1,D,발달상권,2120052,성수역,14936,8785,6151,156,3312,4264,3631,2224,1349,83,1435,2505,2284,1506,972,73,1877,1759,1347,718,377
2018,1,D,발달상권,2120051,뚝섬역,17870,9193,8677,168,4868,5603,3945,2583,703,58,2128,3497,2172,894,444,110,2740,2106,1773,1689,259
2018,1,D,발달상권,2120050,서울숲역,1489,997,492,10,292,489,415,208,75,7,153,320,301,154,62,3,139,169,114,54,13
2018,1,D,발달상권,2120049,왕십리역(왕십리),3403,2239,1164,26,616,703,820,784,454,17,283,449,579,577,334,9,333,254,241,207,120
2018,1,D,발달상권,2120048,금호역,349,134,215,1,66,81,69,77,55,0,20,35,29,28,22,1,46,46,40,49,33
2018,1,D,발달상권,2120047,한남오거리,3375,1932,1443,26,747,1084,760,466,292,10,306,636,492,294,194,16,441,448,268,172,98
2018,1,D,발달상권,2120046,이태원(이태원역),4122,2510,1612,43,1300,1397,692,385,305,26,713,944,446,220,161,17,587,453,246,165,144
2018,1,D,발달상권,2120045,남영동 먹자골목,3824,2555,1269,34,845,1256,824,471,394,1,439,973,655,276,211,33,406,283,169,195,183
2018,1,D,발달상권,2120044,삼각지역,1482,950,532,0,122,312,362,363,323,0,60,196,248,229,217,0,62,116,114,134,106
2018,1,D,발달상권,2120043,서울역,29509,20431,9078,204,4951,10262,9105,3624,1363,35,2424,6928,7271,2736,1037,169,2527,3334,1834,888,326
2018,1,D,발달상권,2120042,"숙대입구역(남영역, 남영동)",12532,6587,5945,882,4952,3479,2099,819,301,367,2259,1902,1287,552,220,515,2693,1577,812,267,81
2018,1,D,발달상권,2120041,신용산역(용산역),40069,21795,18274,362,12883,12756,9200,3492,1376,109,5818,7183,5571,2295,819,253,7065,5573,3629,1197,557
2018,1,D,발달상권,2120040,용산전자상가(용산역),11645,8523,3122,163,1853,4220,3474,1324,611,115,1217,3179,2612,958,442,48,636,1041,862,366,169
2018,1,D,발달상권,2120039,신당역,6579,3368,3211,25,1370,2137,1517,958,572,9,586,1067,827,545,334,16,784,1070,690,413,238
2018,1,D,발달상권,2120038,약수역,3830,1791,2039,48,1130,958,739,479,476,19,417,491,381,221,262,29,713,467,358,258,214
2018,1,D,발달상권,2120037,동대문역사문화공원역,21207,10741,10466,103,4902,6299,5339,3490,1074,27,2348,3922,2782,1122,540,76,2554,2377,2557,2368,534
2018,1,D,발달상권,2120036,장충동족발거리(남소영길),2132,1450,682,12,351,694,529,330,216,6,166,480,407,232,159,6,185,214,122,98,57
2018,1,D,발달상권,2120035,퇴계로5가,2120,1458,662,2,314,576,688,375,165,1,164,385,518,272,118,1,150,191,170,103,47
2018,1,D,발달상권,2120034,중구청(퇴계로4가),4412,2611,1801,11,348,978,1237,1153,685,5,127,452,711,815,501,6,221,526,526,338,184
2018,1,D,발달상권,2120033,을지로4가역,2061,1083,978,5,402,559,546,349,200,1,118,283,320,205,156,4,284,276,226,144,44
2018,1,D,발달상권,2120032,충무로역,16262,7842,8420,155,2765,3624,4598,3572,1548,69,1025,1993,2297,1505,953,86,1740,1631,2301,2067,595
2018,1,D,발달상권,2120031,을지로3가역,26181,13740,12441,156,6685,8655,6073,2938,1674,53,2046,4253,4024,2122,1242,103,4639,4402,2049,816,432
2018,1,D,발달상권,2120030,중부경찰서(영화인의거리),19234,10296,8938,1051,6470,5129,3621,2214,749,411,2660,2917,2443,1426,439,640,3810,2212,1178,788,310
2018,1,D,발달상권,2120029,을지로2가,14739,7138,7601,15,1846,6569,4404,1644,261,9,713,2421,2388,1404,203,6,1133,4148,2016,240,58
2018,1,D,발달상권,2120028,명동(명동거리),38561,20411,18150,207,5656,11076,12826,7508,1288,48,2151,4512,7092,5772,836,159,3505,6564,5734,1736,452
2018,1,D,발달상권,2120027,명동역(명동재미로),25768,12155,13613,77,4244,9588,7493,4058,308,27,1316,4097,3738,2771,206,50,2928,5491,3755,1287,102
2018,1,D,발달상권,2120026,을지로입구역,58191,31335,26856,238,10333,21861,17074,7306,1379,52,3328,10142,10950,5888,975,186,7005,11719,6124,1418,404
2018,1,D,발달상권,2120025,롯데백화점(시청광장 지하쇼핑센터),26372,9100,17272,281,13040,7788,3863,1228,172,106,3256,2611,2179,829,119,175,9784,5177,1684,399,53
2018,1,D,발달상권,2120024,회현역,1603,745,858,4,342,481,364,249,163,0,106,244,169,128,98,4,236,237,195,121,65
2018,1,D,발달상권,2120023,서울시청,19808,9417,10391,269,7854,5238,3546,2168,733,82,2662,2539,2098,1529,507,187,5192,2699,1448,639,226
2018,1,D,발달상권,2120022,북창동(시청역_6번),7827,4018,3809,91,1460,2408,2225,938,705,14,601,1259,1152,519,473,77,859,1149,1073,419,232
2018,1,D,발달상권,2120021,시청역_8번,47500,31584,15916,160,7943,17574,14539,6269,1015,50,3761,10371,11080,5498,824,110,4182,7203,3459,771,191
2018,1,D,발달상권,2120020,시청역_1번,10055,6559,3496,29,1971,2728,2607,1954,766,16,854,1787,1979,1373,550,13,1117,941,628,581,216
2018,1,D,발달상권,2120019,경찰청앞교차로,8394,4342,4052,26,1645,3306,2259,866,292,5,646,1649,1214,613,215,21,999,1657,1045,253,77
2018,1,D,발달상권,2120018,중림동,5956,3444,2512,16,965,1588,1543,1113,731,7,343,840,1034,787,433,9,622,748,509,326,298
2018,1,D,발달상권,2120017,동묘앞역(동묘),1201,408,793,13,182,316,367,196,127,4,56,89,100,74,85,9,126,227,267,122,42
2018,1,D,발달상권,2120016,동대문역,569,324,245,6,77,135,146,105,100,5,24,85,83,63,64,1,53,50,63,42,36
2018,1,D,발달상권,2120015,종로6가,1088,628,460,6,152,293,275,204,158,1,63,169,155,130,110,5,89,124,120,74,48
2018,1,D,발달상권,2120014,종로5가역,6298,3700,2598,449,1090,1800,1620,903,436,138,400,1206,1112,554,290,311,690,594,508,349,146
2018,1,D,발달상권,2120013,이화사거리,6266,4153,2113,30,1000,1920,1736,1204,376,2,353,1109,1341,1070,278,28,647,811,395,134,98
2018,1,D,발달상권,2120012,대학로(혜화역),3678,1711,1967,42,916,981,797,541,401,21,343,484,408,231,224,21,573,497,389,310,177
2018,1,D,발달상권,2120011,종로4가,3894,2257,1637,10,740,1303,1036,578,227,2,325,736,657,366,171,8,415,567,379,212,56
2018,1,D,발달상권,2120010,원남동사거리,4095,2576,1519,38,961,1342,1022,517,215,8,415,898,752,342,161,30,546,444,270,175,54
2018,1,D,발달상권,2120009,종로3가역,13115,6712,6403,83,2245,3038,3105,2623,2021,32,799,1522,1690,1381,1288,51,1446,1516,1415,1242,733
2018,1,D,발달상권,2120008,인사동,15342,10280,5062,71,2891,4960,3932,2502,986,35,1213,3266,3159,1964,643,36,1678,1694,773,538,343
2018,1,D,발달상권,2120007,북촌(안국역),20548,17908,2640,20,2752,7807,5692,3675,602,16,1943,6800,5218,3431,500,4,809,1007,474,244,102
2018,1,D,발달상권,2120006,종각역,45829,26074,19755,131,7782,15411,13452,7318,1735,33,2867,8041,8411,5526,1196,98,4915,7370,5041,1792,539
2018,1,D,발달상권,2120005,삼청동,1197,499,698,5,284,329,234,237,108,2,86,157,103,113,38,3,198,172,131,124,70
2018,1,D,발달상권,2120004,종로구청,21102,11894,9208,796,3913,6770,5745,2961,917,319,1630,3590,3780,2013,562,477,2283,3180,1965,948,355
2018,1,D,발달상권,2120003,광화문역,86741,50764,35977,1671,18267,24319,22660,13695,6129,743,7771,13573,15746,9389,3542,928,10496,10746,6914,4306,2587
2018,1,D,발달상권,2120002,서촌(경복궁역),3095,1563,1532,8,844,1070,644,319,210,1,327,565,376,166,128,7,517,505,268,153,82
2018,1,D,발달상권,2120001,서대문역,29039,15905,13134,61,5389,8889,8524,5725,451,2,1621,4302,4920,4733,327,59,3768,4587,3604,992,124
2018,1,A,골목상권,2111090,강일동주민센터,600,346,254,2,80,125,160,146,87,2,24,69,90,100,61,0,56,56,70,46,26
2018,1,A,골목상권,2111089,상일여고(상일초등학교),908,428,480,4,57,123,217,262,245,0,34,68,121,131,74,4,23,55,96,131,171
2018,1,A,골목상권,2111088,고덕동성당,279,124,155,0,42,36,44,74,83,0,22,25,19,29,29,0,20,11,25,45,54
2018,1,A,골목상권,2111087,고덕중학교(고덕2동주민센터),130,41,89,1,9,18,31,45,26,1,3,8,11,12,6,0,6,10,20,33,20
2018,1,A,골목상권,2111086,한영중고,248,92,156,0,24,44,72,76,32,0,10,16,25,27,14,0,14,28,47,49,18
2018,1,A,골목상권,2111085,묘곡초등학교(고덕아이파크아파트),346,141,205,0,33,46,71,86,110,0,10,18,33,28,52,0,23,28,38,58,58
2018,1,A,골목상권,2111084,길동신동아아파트,56,34,22,1,14,15,8,11,7,0,6,11,6,7,4,1,8,4,2,4,3
2018,1,A,골목상권,2111083,GS강동자이아파트,396,199,197,2,64,79,91,91,69,0,37,45,37,38,42,2,27,34,54,53,27
2018,1,A,골목상권,2111082,중앙보훈병원,80,66,14,0,21,13,17,12,17,0,21,12,8,11,14,0,0,1,9,1,3
2018,1,A,골목상권,2111081,둔촌푸르지오아파트,222,137,85,0,31,55,59,48,29,0,14,42,35,25,21,0,17,13,24,23,8
2018,1,A,골목상권,2111080,굽은다리역 3번,416,215,201,0,60,76,118,90,72,0,6,46,70,41,52,0,54,30,48,49,20
2018,1,A,골목상권,2111079,둔촌고등학교(둔촌중학교),133,55,78,0,11,21,42,43,16,0,6,8,17,16,8,0,5,13,25,27,8
2018,1,A,골목상권,2111078,굽은다리역 4번,1018,526,492,2,106,223,287,237,163,2,40,118,154,114,98,0,66,105,133,123,65
2018,1,A,골목상권,2111077,길동주민센터(강동도서관),1471,855,616,4,171,368,379,314,235,3,68,234,230,169,151,1,103,134,149,145,84
2018,1,A,골목상권,2111076,둔촌2동주민센터,432,217,215,4,43,71,95,111,108,2,27,39,49,48,52,2,16,32,46,63,56
2018,1,A,골목상권,2111075,굽은다리역 2번,402,201,201,5,49,106,100,94,48,3,27,64,52,36,19,2,22,42,48,58,29
2018,1,A,골목상권,2111074,명일역 1번,72,36,36,0,1,6,15,22,28,0,0,4,7,11,14,0,1,2,8,11,14
2018,1,A,골목상권,2111073,둔촌동역 1번(한산중학교),2014,1130,884,1,482,619,408,341,163,0,198,350,244,213,125,1,284,269,164,128,38
2018,1,A,골목상권,2111072,굽은다리역 1번(십자성마을),1152,549,603,2,95,167,233,323,332,0,24,83,107,145,190,2,71,84,126,178,142
2018,1,A,골목상권,2111071,천동초등학교,51,35,16,0,2,13,16,14,6,0,1,9,10,10,5,0,1,4,6,4,1
2018,1,A,골목상권,2111070,천호초등학교,92,41,51,0,7,17,26,24,18,0,3,10,15,7,6,0,4,7,11,17,12
2018,1,A,골목상권,2111069,천호1동주민센터,202,101,101,3,23,27,40,64,45,3,14,14,20,30,20,0,9,13,20,34,25
2018,1,A,골목상권,2111068,강동성심병원,1158,357,801,0,461,361,201,95,40,0,96,120,71,39,31,0,365,241,130,56,9
2018,1,A,골목상권,2111067,강동구립성내도서관,904,507,397,4,95,187,181,192,245,3,48,128,104,89,135,1,47,59,77,103,110
2018,1,A,골목상권,2111066,암사동성당(효정하나플러스아파트),402,195,207,2,30,123,110,74,63,0,7,70,59,38,21,2,23,53,51,36,42
2018,1,A,골목상권,2111065,천일초등학교,16,9,7,0,1,5,5,3,2,0,0,4,1,2,2,0,1,1,4,1,0
2018,1,A,골목상권,2111064,둔촌동역 4번,175,96,79,1,19,40,51,44,20,1,9,25,28,21,12,0,10,15,23,23,8
2018,1,A,골목상권,2111063,강동구립 천호도서관,187,53,134,0,30,39,36,47,35,0,4,10,12,11,16,0,26,29,24,36,19
2018,1,A,골목상권,2111062,둔촌동역 3번(성내3동주민센터),673,395,278,1,99,197,165,155,56,0,47,135,80,92,41,1,52,62,85,63,15
2018,1,A,골목상권,2111061,암사역 1번,479,236,243,2,52,112,139,123,51,1,23,56,69,57,30,1,29,56,70,66,21
2018,1,A,골목상권,2111060,암사역 2번(서울강동초등학교),1147,572,575,3,170,284,341,248,101,2,58,144,184,120,64,1,112,140,157,128,37
2018,1,A,골목상권,2111059,강동역 4번(강풀만화거리),1662,891,771,4,170,318,389,456,325,1,71,173,201,225,220,3,99,145,188,231,105
2018,1,A,골목상권,2111058,성내중학교,309,185,124,0,34,89,94,57,35,0,13,51,58,36,27,0,21,38,36,21,8
2018,1,A,골목상권,2111057,천호공원(해공체육문화센터),350,140,210,2,57,79,93,80,39,0,7,29,36,43,25,2,50,50,57,37,14
2018,1,A,골목상권,2111056,천호태영아파트,459,203,256,3,60,55,107,107,127,1,19,26,58,48,51,2,41,29,49,59,76
2018,1,A,골목상권,2111055,선사초등학교,1072,402,670,0,105,127,216,417,207,0,32,57,55,112,146,0,73,70,161,305,61
2018,1,A,골목상권,2111054,암사역 4번(삼성광나루아파트),83,33,50,0,11,17,25,17,13,0,2,9,10,7,5,0,9,8,15,10,8
2018,1,A,골목상권,2111053,성내천어린이공원(하니사랑길),1732,941,791,5,278,557,477,286,129,2,95,264,292,188,100,3,183,293,185,98,29
2018,1,A,골목상권,2111052,암사역 3번(천호동자전거거리),847,483,364,7,118,203,286,181,52,2,78,124,155,98,26,5,40,79,131,83,26
2018,1,A,골목상권,2111051,천호역 6번,744,376,368,2,172,189,155,141,85,0,54,104,96,66,56,2,118,85,59,75,29
2018,1,A,골목상권,2111050,강동구청(강동구청역 2번),152,87,65,0,24,33,41,32,22,0,10,19,18,22,18,0,14,14,23,10,4
2018,1,A,골목상권,2111049,천호지구대(천호동자전거거리),782,533,249,0,46,111,175,151,299,0,22,76,114,103,218,0,24,35,61,48,81
2018,1,A,골목상권,2111048,천호역 1번(천호문구완구거리),190,125,65,1,22,57,42,40,28,0,10,41,31,22,21,1,12,16,11,18,7
2018,1,A,골목상권,2111047,마천1치안센터,141,78,63,0,8,29,47,27,30,0,6,18,31,12,11,0,2,11,16,15,19
2018,1,A,골목상권,2111046,마천역(마천초등학교),764,390,374,1,58,97,194,227,187,1,13,33,72,133,138,0,45,64,122,94,49
2018,1,A,골목상권,2111045,개미어린이공원,49,21,28,0,4,8,11,19,7,0,1,4,5,9,2,0,3,4,6,10,5
2018,1,A,골목상권,2111044,남천초등학교,641,280,361,2,44,157,209,171,58,2,14,75,93,62,34,0,30,82,116,109,24
2018,1,A,골목상권,2111043,마천공원,529,420,109,3,15,38,89,201,183,3,10,23,68,164,152,0,5,15,21,37,31
2018,1,A,골목상권,2111042,거여역 1번(거여공원),684,358,326,0,67,134,211,169,103,0,29,77,111,85,56,0,38,57,100,84,47
2018,1,A,골목상권,2111041,거여역 8번,60,28,32,0,1,7,16,23,13,0,1,3,6,10,8,0,0,4,10,13,5
2018,1,A,골목상권,2111040,거여초등학교,204,126,78,1,24,67,50,43,19,1,12,47,30,25,11,0,12,20,20,18,8
2018,1,A,골목상권,2111039,벌말어린이공원,381,233,148,1,28,73,117,99,63,0,12,47,75,57,42,1,16,26,42,42,21
2018,1,A,골목상권,2111038,보인중학교,698,400,298,2,72,122,193,224,85,2,28,69,112,133,56,0,44,53,81,91,29
2018,1,A,골목상권,2111037,Sh수협은행 오금동금융센터(아랫말어린이공원),361,241,120,2,36,111,88,84,40,2,26,84,63,45,21,0,10,27,25,39,19
2018,1,A,골목상권,2111036,투구봉어린이공원,201,124,77,1,18,36,53,61,32,0,9,22,31,34,28,1,9,14,22,27,4
2018,1,A,골목상권,2111035,오금공원(오주중학교),373,220,153,0,25,70,114,102,62,0,11,44,68,59,38,0,14,26,46,43,24
2018,1,A,골목상권,2111034,오동나무공원(송파레미니스1단지),1618,1107,511,6,213,335,431,443,190,2,108,211,319,320,147,4,105,124,112,123,43
2018,1,A,골목상권,2111033,문정동성당,208,90,118,1,15,42,55,46,49,1,5,25,17,24,18,0,10,17,38,22,31
2018,1,A,골목상권,2111032,방이역 1번,5074,3018,2056,9,209,476,518,713,3149,1,102,316,322,335,1942,8,107,160,196,378,1207
2018,1,A,골목상권,2111031,장지동주민센터(한림연예예술고교),3146,1992,1154,4,263,419,665,828,967,4,151,299,453,517,568,0,112,120,212,311,399
2018,1,A,골목상권,2111030,방이역 2번,572,355,217,1,75,144,164,119,69,1,40,101,100,65,48,0,35,43,64,54,21
2018,1,A,골목상권,2111029,오금역 4번,528,293,235,12,131,123,132,78,52,3,68,65,71,47,39,9,63,58,61,31,13
2018,1,A,골목상권,2111028,문현중학교(장지역 1번),600,299,301,1,93,108,181,135,82,0,37,63,90,56,53,1,56,45,91,79,29
2018,1,A,골목상권,2111027,문정초등학교,3034,2052,982,3,179,296,350,437,1769,3,77,173,194,249,1356,0,102,123,156,188,413
2018,1,A,골목상권,2111026,문정역 2번,1756,1180,576,7,291,502,466,308,182,0,152,335,336,211,146,7,139,167,130,97,36
2018,1,A,골목상권,2111025,경찰병원역 3번,160,91,69,0,15,42,32,43,28,0,5,24,15,24,23,0,10,18,17,19,5
2018,1,A,골목상권,2111024,경찰병원역 4번(건너말공원),325,241,84,3,66,111,76,37,32,0,45,88,57,27,24,3,21,23,19,10,8
2018,1,A,골목상권,2111023,문정역 1번,964,676,288,2,134,213,289,214,112,1,85,165,198,138,89,1,49,48,91,76,23
2018,1,A,골목상권,2111022,석촌중학교(방이육교),341,146,195,1,26,43,83,136,52,0,17,32,43,34,20,1,9,11,40,102,32
2018,1,A,골목상권,2111021,방이역 4번,4704,3111,1593,24,633,987,986,810,1264,12,276,590,644,531,1058,12,357,397,342,279,206
2018,1,A,골목상권,2111020,방이동고분군(방산고등학교),411,259,152,2,39,110,93,90,77,2,19,75,59,51,53,0,20,35,34,39,24
2018,1,A,골목상권,2111019,한성백제역 3번,906,534,372,9,117,204,263,201,112,3,44,125,161,125,76,6,73,79,102,76,36
2018,1,A,골목상권,2111018,풍납초등학교(풍납백제문화공원),88,56,32,0,7,22,25,20,14,0,2,15,16,12,11,0,5,7,9,8,3
2018,1,A,골목상권,2111017,송파나루역 3번,218,123,95,4,35,51,49,38,41,1,12,29,28,22,31,3,23,22,21,16,10
2018,1,A,골목상권,2111016,송파역 2번,3462,1582,1880,21,986,1035,741,537,142,8,336,567,462,153,56,13,650,468,279,384,86
2018,1,A,골목상권,2111015,석촌역 3번,1363,735,628,1,174,292,308,302,286,1,79,169,178,140,168,0,95,123,130,162,118
2018,1,A,골목상권,2111014,송파나루역 2번,281,170,111,3,37,67,83,58,33,3,17,45,54,30,21,0,20,22,29,28,12
2018,1,A,골목상권,2111013,송파나루역 1번(송리단길),1904,1236,668,6,322,447,449,390,290,3,176,292,300,247,218,3,146,155,149,143,72
2018,1,A,골목상권,2111012,석촌역 6번,545,276,269,2,80,109,147,118,89,1,26,53,77,60,59,1,54,56,70,58,30
2018,1,A,골목상권,2111011,잠실나루역,580,212,368,1,76,126,190,113,74,0,18,49,50,47,48,1,58,77,140,66,26
2018,1,A,골목상권,2111010,석촌역 7번,2118,828,1290,29,696,415,433,366,179,7,161,185,204,147,124,22,535,230,229,219,55
2018,1,A,골목상권,2111009,송파책박물관,184,133,51,4,16,46,74,31,13,3,11,33,57,20,9,1,5,13,17,11,4
2018,1,A,골목상권,2111008,석촌고분역 3번,760,398,362,5,70,146,215,200,124,3,42,75,117,88,73,2,28,71,98,112,51
2018,1,A,골목상권,2111007,석촌고분역 4번,835,423,412,1,117,203,206,230,78,1,36,126,126,93,41,0,81,77,80,137,37
2018,1,A,골목상권,2111006,석촌고분역 1번,940,523,417,1,125,225,294,188,107,0,46,112,174,108,83,1,79,113,120,80,24
2018,1,A,골목상권,2111005,삼전역 3번,1284,873,411,5,148,222,234,296,379,0,79,161,142,191,300,5,69,61,92,105,79
2018,1,A,골목상권,2111004,삼전역 1번,2912,1708,1204,39,403,686,607,561,616,34,181,417,382,317,377,5,222,269,225,244,239
2018,1,A,골목상권,2111003,삼전역 4번,2040,1231,809,15,310,523,522,429,241,3,143,341,333,254,157,12,167,182,189,175,84
2018,1,A,골목상권,2111002,한국교통안전공단 강남자동차검사소,574,317,257,1,35,125,192,135,86,0,11,77,104,73,52,1,24,48,88,62,34
2018,1,A,골목상권,2111001,아래방죽마을공원(율현초등학교),44,16,28,0,3,17,10,9,5,0,1,8,1,2,4,0,2,9,9,7,1
2018,1,A,골목상권,2111000,대왕초등학교(세곡동사거리서남측),47,24,23,0,2,14,17,11,3,0,0,9,8,6,1,0,2,5,9,5,2
2018,1,A,골목상권,2110999,윗방죽마을공원,251,128,123,2,27,53,65,64,40,0,6,18,37,37,30,2,21,35,28,27,10
2018,1,A,골목상권,2110998,은곡마을(은곡마을공원),720,438,282,1,130,186,131,140,132,0,40,97,73,107,121,1,90,89,58,33,11
2018,1,A,골목상권,2110997,대청초등학교,2290,1008,1282,3,170,384,633,676,424,2,80,210,260,234,222,1,90,174,373,442,202
2018,1,A,골목상권,2110996,대치2동주민센터,1285,1001,284,9,155,362,381,269,109,4,94,285,318,216,84,5,61,77,63,53,25
2018,1,A,골목상권,2110995,봉은사역 4번,2653,1654,999,11,326,568,539,844,365,6,153,387,424,446,238,5,173,181,115,398,127
2018,1,A,골목상권,2110994,개포고등학교,476,242,234,7,74,75,90,130,100,5,34,51,54,51,47,2,40,24,36,79,53
2018,1,A,골목상권,2110993,개포지하차도 북측,68,44,24,0,6,17,19,18,8,0,3,9,16,12,4,0,3,8,3,6,4
2018,1,A,골목상권,2110992,도곡초등학교,462,220,242,14,103,98,130,82,35,7,38,46,66,40,23,7,65,52,64,42,12
2018,1,A,골목상권,2110991,삼성중앙역 5번,1143,729,414,5,206,534,252,109,37,2,87,359,177,80,24,3,119,175,75,29,13
2018,1,A,골목상권,2110990,청담역 12번,345,96,249,1,94,118,60,52,20,0,22,28,25,14,7,1,72,90,35,38,13
2018,1,A,골목상권,2110989,대치동아우편취급국,472,297,175,3,59,142,134,83,51,1,27,102,87,44,36,2,32,40,47,39,15
2018,1,A,골목상권,2110988,청담역 3번,321,164,157,1,77,102,65,44,32,1,29,59,39,23,13,0,48,43,26,21,19
2018,1,A,골목상권,2110987,영동대교남단,252,134,118,1,70,101,39,20,21,0,29,57,26,8,14,1,41,44,13,12,7
2018,1,A,골목상권,2110986,삼성중앙역 7번,117,61,56,0,25,26,31,15,20,0,15,15,17,5,9,0,10,11,14,10,11
2018,1,A,골목상권,2110985,청담근린공원,439,224,215,1,118,141,112,42,25,1,39,72,74,21,17,0,79,69,38,21,8
2018,1,A,골목상권,2110984,포이초등학교(개포목련어린이공원),2838,1825,1013,6,365,723,734,622,388,4,225,528,457,337,274,2,140,195,277,285,114
2018,1,A,골목상권,2110983,국립국악고등학교,726,504,222,1,83,167,167,175,133,1,35,117,116,125,110,0,48,50,51,50,23
2018,1,A,골목상권,2110982,강남구보훈회관,183,104,79,1,41,53,52,18,18,0,17,37,29,11,10,1,24,16,23,7,8
2018,1,A,골목상권,2110981,국악고교사거리,1386,848,538,6,149,264,339,289,339,0,66,168,210,165,239,6,83,96,129,124,100
2018,1,A,골목상권,2110980,개포지구대옆,552,346,206,1,85,142,154,111,59,0,29,90,101,78,48,1,56,52,53,33,11
2018,1,A,골목상권,2110979,청담초등학교,242,86,156,1,91,50,49,30,21,0,14,19,19,16,18,1,77,31,30,14,3
2018,1,A,골목상권,2110978,도곡2동주민센터(대치중학교),418,263,155,4,41,83,100,135,55,4,26,57,65,73,38,0,15,26,35,62,17
2018,1,A,골목상권,2110977,논현로18길,158,104,54,0,13,33,51,41,20,0,4,21,36,29,14,0,9,12,15,12,6
2018,1,A,골목상권,2110976,언북초등학교,360,161,199,2,97,111,67,48,35,0,30,56,33,19,23,2,67,55,34,29,12
2018,1,A,골목상권,2110975,매봉역 1번,457,267,190,6,80,147,120,72,32,1,40,104,68,36,18,5,40,43,52,36,14
2018,1,A,골목상권,2110974,언주중학교,246,129,117,4,75,69,54,34,10,1,25,46,33,18,6,3,50,23,21,16,4
2018,1,A,골목상권,2110973,강남구청역 4번,968,566,402,5,221,297,184,142,119,3,70,176,113,105,99,2,151,121,71,37,20
2018,1,A,골목상권,2110972,강남세브란스병원미래의학연구센터,231,108,123,0,41,62,59,45,24,0,9,28,34,20,17,0,32,34,25,25,7
2018,1,A,골목상권,2110971,선정릉역 4번,917,571,346,3,235,323,209,79,68,2,110,201,160,53,45,1,125,122,49,26,23
2018,1,A,골목상권,2110970,학동초등학교,865,451,414,0,222,357,188,64,34,0,72,199,122,39,19,0,150,158,66,25,15
2018,1,A,골목상권,2110969,베르사이유1아파트,1017,582,435,3,270,364,197,107,76,2,120,229,121,68,42,1,150,135,76,39,34
2018,1,A,골목상권,2110968,강남구청역 2번,917,409,508,9,225,209,204,127,143,3,84,98,89,44,91,6,141,111,115,83,52
2018,1,A,골목상권,2110967,역삼역 8번,536,287,249,0,118,192,138,49,39,0,26,120,90,25,26,0,92,72,48,24,13
2018,1,A,골목상권,2110966,논현2동주민센터,1341,687,654,9,332,411,291,169,129,2,124,216,161,103,81,7,208,195,130,66,48
2018,1,A,골목상권,2110965,언주역 6번,423,205,218,0,94,121,90,68,50,0,29,61,54,32,29,0,65,60,36,36,21
2018,1,A,골목상권,2110964,싸리고개근린공원,138,67,71,1,23,42,31,23,18,0,4,21,14,13,15,1,19,21,17,10,3
2018,1,A,골목상권,2110963,역삼월드메르디앙아파트,286,205,81,3,34,78,90,53,28,1,17,51,70,45,21,2,17,27,20,8,7
2018,1,A,골목상권,2110962,도산공원북측,331,174,157,1,162,78,37,31,22,0,77,48,21,16,12,1,85,30,16,15,10
2018,1,A,골목상권,2110961,언주역 3번,1593,656,937,5,511,546,319,116,96,0,122,185,199,78,72,5,389,361,120,38,24
2018,1,A,골목상권,2110960,은광여고,245,124,121,1,87,75,40,27,15,0,37,41,21,16,9,1,50,34,19,11,6
2018,1,A,골목상권,2110959,신구중학교,808,478,330,23,254,265,125,91,50,6,155,182,79,34,22,17,99,83,46,57,28
2018,1,A,골목상권,2110958,역삼역 4번,968,463,505,2,242,323,193,134,74,1,84,183,121,43,31,1,158,140,72,91,43
2018,1,A,골목상권,2110957,언북중학교,2495,1124,1371,9,617,808,654,247,160,2,205,417,294,112,94,7,412,391,360,135,66
2018,1,A,골목상권,2110956,언주역 8번,978,652,326,17,284,328,201,89,59,9,140,242,155,67,39,8,144,86,46,22,20
2018,1,A,골목상권,2110955,논현초등학교,959,533,426,2,185,279,226,139,128,1,65,166,150,77,74,1,120,113,76,62,54
2018,1,A,골목상권,2110954,국기원,491,126,365,7,200,125,98,44,17,1,26,42,39,9,9,6,174,83,59,35,8
2018,1,A,골목상권,2110953,학동근린공원,1470,669,801,3,517,574,260,75,41,0,148,305,158,34,24,3,369,269,102,41,17
2018,1,A,골목상권,2110952,논현목련공원,155,86,69,0,38,57,41,13,6,0,18,32,24,7,5,0,20,25,17,6,1
2018,1,A,골목상권,2110951,신사은행나무공원,296,156,140,4,108,119,34,21,10,2,44,73,23,9,5,2,64,46,11,12,5
2018,1,A,골목상권,2110950,논현역 7번,351,176,175,1,70,134,91,36,19,0,20,68,52,21,15,1,50,66,39,15,4
2018,1,A,골목상권,2110949,한남IC,1081,565,516,15,238,389,255,126,58,2,64,218,158,79,44,13,174,171,97,47,14
2018,1,A,골목상권,2110948,헌인가구단지,19,13,6,0,0,1,9,6,3,0,0,1,5,4,3,0,0,0,4,2,0
2018,1,A,골목상권,2110947,청계산입구역 2번(내곡동주민센터),108,60,48,1,14,18,20,40,15,1,8,9,13,20,9,0,6,9,7,20,6
2018,1,A,골목상권,2110946,청계산원터골,115,62,53,2,17,31,21,29,15,0,8,21,11,15,7,2,9,10,10,14,8
2018,1,A,골목상권,2110945,본마을노인복지센터(서초구립내곡도서관),78,42,36,0,15,18,19,17,9,0,11,9,10,8,4,0,4,9,9,9,5
2018,1,A,골목상권,2110944,서울나래학교(염곡어린이공원),263,170,93,0,39,77,66,59,22,0,16,52,43,41,18,0,23,25,23,18,4
2018,1,A,골목상권,2110943,법제교육센터(버들어린이공원),1528,608,920,2,140,456,556,265,109,2,47,173,207,106,73,0,93,283,349,159,36
2018,1,A,골목상권,2110942,염곡동 구룡사(포이동성당),2769,1629,1140,5,333,691,799,600,341,2,158,421,497,325,226,3,175,270,302,275,115
2018,1,A,골목상권,2110941,언남고등학교,364,249,115,1,53,96,101,74,39,1,23,63,70,56,36,0,30,33,31,18,3
2018,1,A,골목상권,2110940,양재근린공원(양재2동주민센터),1231,848,383,8,281,367,333,157,85,1,160,265,244,107,71,7,121,102,89,50,14
2018,1,A,골목상권,2110939,양재역 8번(양재동우체국),7119,4543,2576,17,1127,2106,1663,1199,1007,9,538,1332,1137,809,718,8,589,774,526,390,289
2018,1,A,골목상권,2110938,바우뫼공원,1528,1025,503,3,270,492,438,214,111,2,123,365,325,138,72,1,147,127,113,76,39
2018,1,A,골목상권,2110937,방아다리근린공원(횃불트리니티신학대학원대학교),382,276,106,0,79,106,104,63,30,0,45,75,83,50,23,0,34,31,21,13,7
2018,1,A,골목상권,2110936,더케이호텔(양재리본타워2단지아파트),1340,875,465,2,245,482,317,179,115,2,99,291,239,144,100,0,146,191,78,35,15
2018,1,A,골목상권,2110935,한전아트센터,604,459,145,2,108,192,183,76,43,2,50,151,155,65,36,0,58,41,28,11,7
2018,1,A,골목상권,2110934,우면주공아파트,786,521,265,0,121,205,224,142,94,0,64,141,149,94,73,0,57,64,75,48,21
2018,1,A,골목상권,2110933,한국상담대학원대학교,351,263,88,1,34,117,108,68,23,0,18,96,90,44,15,1,16,21,18,24,8
2018,1,A,골목상권,2110932,서울시인재개발원,800,601,199,2,146,302,206,91,53,0,83,238,166,69,45,2,63,64,40,22,8
2018,1,A,골목상권,2110931,삼성전자서울R&D(서울우면초등학교),71,20,51,0,25,20,8,11,7,0,3,8,3,2,4,0,22,12,5,9,3
2018,1,A,골목상권,2110930,서초동성당,543,363,180,3,74,137,154,105,70,1,34,96,114,70,48,2,40,41,40,35,22
2018,1,A,골목상권,2110929,남부터미널역 1번,2647,1675,972,10,539,841,688,341,228,3,248,514,496,234,180,7,291,327,192,107,48
2018,1,A,골목상권,2110928,서초우방유쉘아파트,279,139,140,0,76,106,46,31,20,0,24,51,32,20,12,0,52,55,14,11,8
2018,1,A,골목상권,2110927,잠원역,123,41,82,0,24,29,34,19,17,0,1,7,13,10,10,0,23,22,21,9,7
2018,1,A,골목상권,2110926,신중초등학교,407,247,160,0,67,95,117,72,56,0,26,60,66,49,46,0,41,35,51,23,10
2018,1,A,골목상권,2110925,서초중학교,353,217,136,0,53,96,84,66,54,0,27,55,54,42,39,0,26,41,30,24,15
2018,1,A,골목상권,2110924,반포4동주민센터(몽마르뜨공원),383,184,199,2,87,104,72,59,59,0,42,59,28,25,30,2,45,45,44,34,29
2018,1,A,골목상권,2110923,방배역 1번,79,51,28,0,9,16,21,26,7,0,5,11,12,19,4,0,4,5,9,7,3
2018,1,A,골목상권,2110922,내방역 1번,820,93,727,3,86,165,300,197,69,0,16,12,14,13,38,3,70,153,286,184,31
2018,1,A,골목상권,2110921,서울프랑스학교,151,77,74,0,35,29,41,22,24,0,22,18,18,8,11,0,13,11,23,14,13
2018,1,A,골목상권,2110920,방배역 2번(백석예술대학교),490,259,231,0,80,86,155,128,41,0,27,44,84,77,27,0,53,42,71,51,14
2018,1,A,골목상권,2110919,내방역 8번,579,368,211,0,76,176,189,97,41,0,38,122,119,60,29,0,38,54,70,37,12
2018,1,A,골목상권,2110918,방배역 3번,603,328,275,1,112,163,180,95,52,0,44,89,99,55,41,1,68,74,81,40,11
2018,1,A,골목상권,2110917,서초소방서,1298,971,327,1,162,434,427,217,57,0,92,337,337,170,35,1,70,97,90,47,22
2018,1,A,골목상권,2110916,내방역 4번,1714,707,1007,3,417,511,500,175,108,2,104,204,199,111,87,1,313,307,301,64,21
2018,1,A,골목상권,2110915,서래초등학교,203,101,102,1,54,63,50,19,16,0,28,34,18,12,9,1,26,29,32,7,7
2018,1,A,골목상권,2110914,내방역 6번,100,71,29,0,17,42,20,13,8,0,11,31,12,11,6,0,6,11,8,2,2
2018,1,A,골목상권,2110913,방현초등학교(방배119안전센터),2879,1840,1039,15,542,913,670,405,334,7,250,584,460,310,229,8,292,329,210,95,105
2018,1,A,골목상권,2110912,방배동사이길,1373,1060,313,2,238,597,324,141,71,1,114,502,279,114,50,1,124,95,45,27,21
2018,1,A,골목상권,2110911,방배배수지체육공원,345,250,95,0,49,57,52,74,113,0,18,21,37,68,106,0,31,36,15,6,7
2018,1,A,골목상권,2110910,내방역 5번,391,216,175,1,65,110,118,60,37,0,17,66,79,33,21,1,48,44,39,27,16
2018,1,A,골목상권,2110909,남태령역(서울전자고등학교),145,84,61,0,20,23,34,36,32,0,7,13,22,22,20,0,13,10,12,14,12
2018,1,A,골목상권,2110908,구반포역,607,389,218,2,77,100,153,147,128,0,37,64,96,109,83,2,40,36,57,38,45
2018,1,A,골목상권,2110907,방배초등학교,1052,601,451,9,278,223,209,188,145,5,96,142,130,123,105,4,182,81,79,65,40
2018,1,A,골목상권,2110906,서문여고,425,277,148,0,47,77,100,70,131,0,18,49,58,44,108,0,29,28,42,26,23
2018,1,A,골목상권,2110905,방배노인종합복지관(이수중학교),304,167,137,0,43,75,80,71,35,0,18,40,53,39,17,0,25,35,27,32,18
2018,1,A,골목상권,2110904,이수역 5번,793,555,238,2,125,244,217,124,81,2,76,167,162,84,64,0,49,77,55,40,17
2018,1,A,골목상권,2110903,방배아이파크아파트,813,395,418,4,135,157,216,181,120,2,51,93,116,70,63,2,84,64,100,111,57
2018,1,A,골목상권,2110902,사당역 4번,1567,694,873,6,369,373,381,311,127,1,115,188,183,119,88,5,254,185,198,192,39
2018,1,A,골목상권,2110901,인헌고등학교(인헌중학교),153,62,91,0,38,38,39,23,15,0,10,21,16,7,8,0,28,17,23,16,7
2018,1,A,골목상권,2110900,낙성대역 1번(관악구민 종합체육센터),206,90,116,0,33,40,57,51,25,0,8,16,24,28,14,0,25,24,33,23,11
2018,1,A,골목상권,2110899,낙성대역 5번(관악중학교),133,59,74,0,13,27,36,46,11,0,4,15,14,20,6,0,9,12,22,26,5
2018,1,A,골목상권,2110898,청림동주민센터(상도중학교),72,21,51,0,23,16,16,11,6,0,6,4,6,3,2,0,17,12,10,8,4
2018,1,A,골목상권,2110897,서울대입구역 8번,190,85,105,1,30,36,54,41,28,1,11,19,22,18,14,0,19,17,32,23,14
2018,1,A,골목상권,2110896,관악우성아파트,287,78,209,0,41,57,76,66,47,0,6,17,24,16,15,0,35,40,52,50,32
2018,1,A,골목상권,2110895,샤로수길,1226,643,583,2,210,258,288,297,171,1,101,158,159,130,94,1,109,100,129,167,77
2018,1,A,골목상권,2110894,관악동부센트레빌아파트(은천로35라길),11,5,6,0,1,1,5,3,1,0,1,0,0,3,1,0,0,1,5,0,0
2018,1,A,골목상권,2110893,관악소방서(문영여고),441,357,84,0,55,119,100,126,41,0,32,103,85,106,31,0,23,16,15,20,10
2018,1,A,골목상권,2110892,관악구 중앙길,739,338,401,2,117,162,185,161,112,1,33,61,95,90,58,1,84,101,90,71,54
2018,1,A,골목상권,2110891,구암초등학교,96,42,54,0,9,14,35,30,8,0,3,9,13,13,4,0,6,5,22,17,4
2018,1,A,골목상권,2110890,봉천역 1번(관악초등학교),291,182,109,0,35,58,95,69,34,0,13,33,62,45,29,0,22,25,33,24,5
2018,1,A,골목상권,2110889,봉천역 6번,52,33,19,0,9,9,13,17,4,0,8,6,7,9,3,0,1,3,6,8,1
2018,1,A,골목상권,2110888,청룡동주민센터,170,87,83,0,12,26,23,52,57,0,5,11,10,20,41,0,7,15,13,32,16
2018,1,A,골목상권,2110887,서울산업정보학교(서울삼성초등학교),129,52,77,0,28,26,24,39,12,0,6,9,7,20,10,0,22,17,17,19,2
2018,1,A,골목상권,2110886,관악해태어린이공원,194,115,79,3,17,64,47,39,24,2,10,42,31,20,10,1,7,22,16,19,14
2018,1,A,골목상권,2110885,영락고등학교,193,93,100,0,18,35,50,53,37,0,5,21,22,25,20,0,13,14,28,28,17
2018,1,A,골목상권,2110884,봉천역 4번(봉천110안전센터),478,373,105,2,34,52,96,151,143,1,7,25,75,133,132,1,27,27,21,18,11
2018,1,A,골목상권,2110883,은천초등학교(은천교앞),328,189,139,1,59,85,95,61,27,0,34,62,47,34,12,1,25,23,48,27,15
2018,1,A,골목상권,2110882,신성초등학교,789,501,288,1,60,98,185,233,212,1,21,48,102,153,176,0,39,50,83,80,36
2018,1,A,골목상권,2110881,구립대학경로당(관악산샘말공원),431,217,214,1,41,91,124,103,71,0,20,51,60,46,40,1,21,40,64,57,31
2018,1,A,골목상권,2110880,신림역 1번,727,194,533,5,262,224,128,80,28,0,46,57,55,24,12,5,216,167,73,56,16
2018,1,A,골목상권,2110879,신림현대아파트,242,93,149,0,21,35,55,87,44,0,10,22,25,26,10,0,11,13,30,61,34
2018,1,A,골목상권,2110878,미림여고,50,22,28,1,10,9,9,12,9,1,4,2,3,6,6,0,6,7,6,6,3
2018,1,A,골목상권,2110877,신림역 8번,487,255,232,4,63,104,136,116,64,3,39,61,61,52,39,1,24,43,75,64,25
2018,1,A,골목상권,2110876,서원동주민센터(신관중학교),78,34,44,0,9,20,14,22,13,0,1,9,5,13,6,0,8,11,9,9,7
2018,1,A,골목상권,2110875,보라매동주민센터(당곡고등학교),66,23,43,1,7,6,24,16,12,0,2,1,9,7,4,1,5,5,15,9,8
2018,1,A,골목상권,2110874,원신초등학교(구세군관악영문교회),170,54,116,0,35,37,27,38,33,0,5,9,12,12,16,0,30,28,15,26,17
2018,1,A,골목상권,2110873,당곡중학교,597,318,279,2,64,87,143,129,172,0,24,39,63,66,126,2,40,48,80,63,46
2018,1,A,골목상권,2110872,신림초등학교,70,30,40,1,19,10,12,14,14,1,8,5,10,4,2,0,11,5,2,10,12
2018,1,A,골목상권,2110871,신원동주민센터,132,64,68,0,14,38,38,22,20,0,6,19,20,8,11,0,8,19,18,14,9
2018,1,A,골목상권,2110869,"신림역 5번(신림동주민센터, 신림동별빛거리)",311,170,141,0,40,79,74,66,52,0,23,45,34,36,32,0,17,34,40,30,20
2018,1,A,골목상권,2110868,남부초등학교,195,103,92,1,18,36,54,52,34,1,8,30,24,24,16,0,10,6,30,28,18
2018,1,A,골목상권,2110867,국제신학대학원대학교(남서울중학교),405,194,211,1,37,54,75,127,111,0,12,18,34,58,72,1,25,36,41,69,39
2018,1,A,골목상권,2110866,난우중학교,110,46,64,0,8,20,40,25,17,0,1,10,13,13,9,0,7,10,27,12,8
2018,1,A,골목상권,2110865,남강고등학교(남강중학교),465,179,286,1,91,124,124,82,43,0,17,53,45,35,29,1,74,71,79,47,14
2018,1,A,골목상권,2110864,신림우방아파트,192,131,61,0,17,44,42,51,38,0,7,30,31,33,30,0,10,14,11,18,8
2018,1,A,골목상권,2110863,난우초등학교,384,179,205,1,48,67,95,103,70,0,14,31,52,46,36,1,34,36,43,57,34
2018,1,A,골목상권,2110862,난곡초등학교(난곡동벽화마을),150,58,92,2,31,26,38,34,19,0,11,13,14,14,6,2,20,13,24,20,13
2018,1,A,골목상권,2110861,관악구신사동주민센터,1023,437,586,1,169,195,246,268,144,1,57,85,117,109,68,0,112,110,129,159,76
2018,1,A,골목상권,2110860,호림박물관(성보고등학교),762,442,320,0,54,85,184,213,226,0,19,41,86,127,169,0,35,44,98,86,57
2018,1,A,골목상권,2110859,난향초등학교,498,198,300,0,10,22,65,198,203,0,2,15,35,58,88,0,8,7,30,140,115
2018,1,A,골목상권,2110858,신대방역 1번,84,24,60,0,19,24,14,16,11,0,2,4,7,5,6,0,17,20,7,11,5
2018,1,A,골목상권,2110857,미성동주민센터,342,141,201,0,30,56,83,87,86,0,10,25,41,34,31,0,20,31,42,53,55
2018,1,A,골목상권,2110856,미성초등학교,587,291,296,0,79,94,134,138,142,0,28,51,65,68,79,0,51,43,69,70,63
2018,1,A,골목상권,2110855,신대방역 2번,858,460,398,1,105,202,219,212,119,0,33,129,118,108,72,1,72,73,101,104,47
2018,1,A,골목상권,2110854,조원동주민센터,103,55,48,0,9,22,29,36,7,0,5,13,16,17,4,0,4,9,13,19,3
2018,1,A,골목상권,2110853,KT구로지사,156,95,61,0,20,40,54,28,14,0,8,26,39,17,5,0,12,14,15,11,9
2018,1,A,골목상권,2110852,이수역 9번,234,136,98,0,30,61,59,45,39,0,19,31,34,23,29,0,11,30,25,22,10
2018,1,A,골목상권,2110851,경문고등학교(동작동성당),175,53,122,0,23,39,58,47,8,0,4,13,18,12,6,0,19,26,40,35,2
2018,1,A,골목상권,2110850,사당역 10번,1005,526,479,2,173,212,295,179,144,0,79,121,176,73,77,2,94,91,119,106,67
2018,1,A,골목상권,2110849,이수역 10번,393,240,153,6,37,68,110,109,63,3,19,40,63,74,41,3,18,28,47,35,22
2018,1,A,골목상권,2110848,양지어린이공원,595,390,205,1,55,122,193,131,93,0,18,58,139,101,74,1,37,64,54,30,19
2018,1,A,골목상권,2110847,예술인마을,537,378,159,1,146,141,119,78,52,0,87,97,96,59,39,1,59,44,23,19,13
2018,1,A,골목상권,2110846,남성역 1번,586,337,249,0,51,112,153,156,114,0,13,52,80,95,97,0,38,60,73,61,17
2018,1,A,골목상권,2110845,사당종합체육관,32,22,10,0,4,4,8,9,7,0,3,4,7,3,5,0,1,0,1,6,2
2018,1,A,골목상권,2110844,흑석2치안센터,20,17,3,0,7,4,3,5,1,0,6,4,3,3,1,0,1,0,0,2,0
2018,1,A,골목상권,2110843,사당5동주민센터,295,215,80,3,72,63,66,53,38,2,57,37,45,40,34,1,15,26,21,13,4
2018,1,A,골목상권,2110842,흑리단길,72,33,39,0,9,15,21,20,7,0,4,9,9,4,7,0,5,6,12,16,0
2018,1,A,골목상권,2110841,중대부중,45,30,15,0,4,8,16,13,4,0,2,6,12,8,2,0,2,2,4,5,2
2018,1,A,골목상권,2110840,중앙대학교,237,119,118,0,61,59,45,47,25,0,30,43,19,17,10,0,31,16,26,30,15
2018,1,A,골목상권,2110839,숭실대입구역 4번,429,214,215,3,59,120,98,106,43,1,22,61,48,52,30,2,37,59,50,54,13
2018,1,A,골목상권,2110838,상도1동주민센터앞,76,29,47,0,13,24,22,8,9,0,4,13,8,1,3,0,9,11,14,7,6
2018,1,A,골목상권,2110837,숭실대입구역 1번,597,245,352,2,99,135,170,102,89,0,29,68,74,35,39,2,70,67,96,67,50
2018,1,A,골목상권,2110836,상도역 5번,959,471,488,2,156,226,250,204,121,1,68,120,126,91,65,1,88,106,124,113,56
2018,1,A,골목상권,2110835,상도역 1번,298,127,171,2,44,74,79,59,40,1,13,37,36,24,16,1,31,37,43,35,24
2018,1,A,골목상권,2110834,동작구자원봉사센터,122,51,71,1,11,18,43,33,16,0,4,7,20,11,9,1,7,11,23,22,7
2018,1,A,골목상권,2110833,상도역 2번,168,100,68,0,20,46,49,38,15,0,10,25,34,20,11,0,10,21,15,18,4
2018,1,A,골목상권,2110832,노량진초등학교,247,128,119,0,32,54,61,65,35,0,7,30,36,37,18,0,25,24,25,28,17
2018,1,A,골목상권,2110831,상도4동주민센터,136,72,64,0,13,24,50,30,19,0,8,9,25,15,15,0,5,15,25,15,4
2018,1,A,골목상권,2110830,상도초등학교,281,141,140,1,37,59,66,75,43,0,15,33,40,32,21,1,22,26,26,43,22
2018,1,A,골목상권,2110829,장승배기역 5번,715,471,244,1,233,153,112,116,100,0,188,105,61,59,58,1,45,48,51,57,42
2018,1,A,골목상권,2110828,노량진역 6번,2807,2058,749,9,486,1170,759,314,69,1,295,866,599,248,49,8,191,304,160,66,20
2018,1,A,골목상권,2110827,NH농협은행 상도동지점,396,159,237,7,76,69,114,74,56,1,25,30,49,31,23,6,51,39,65,43,33
2018,1,A,골목상권,2110826,장승배기역 4번,407,182,225,1,44,63,115,119,65,0,15,30,61,49,27,1,29,33,54,70,38
2018,1,A,골목상권,2110825,신대방삼거리역 1번,328,89,239,0,38,60,86,107,37,0,7,19,29,21,13,0,31,41,57,86,24
2018,1,A,골목상권,2110824,대방역 3번,445,151,294,1,62,146,126,83,27,0,13,63,30,29,16,1,49,83,96,54,11
2018,1,A,골목상권,2110823,신대방삼거리역 3번,372,115,257,4,53,65,72,97,81,2,14,36,24,18,21,2,39,29,48,79,60
2018,1,A,골목상권,2110822,신대방삼거리역 4번(대림초등학교),67,35,32,0,5,15,21,19,7,0,4,11,7,9,4,0,1,4,14,10,3
2018,1,A,골목상권,2110821,보라매역 2번,324,165,159,0,37,69,87,83,48,0,6,37,44,46,32,0,31,32,43,37,16
2018,1,A,골목상권,2110820,성남고등학교,450,266,184,0,49,108,84,110,99,0,25,55,47,66,73,0,24,53,37,44,26
2018,1,A,골목상권,2110819,신대방역 4번,546,306,240,2,57,86,125,129,147,1,15,42,72,77,99,1,42,44,53,52,48
2018,1,A,골목상권,2110818,신대방역 3번,1224,1114,110,14,243,425,362,145,35,14,224,404,329,111,32,0,19,21,33,34,3
2018,1,A,골목상권,2110817,대방역 4번,483,314,169,1,131,73,125,75,78,1,62,52,87,50,62,0,69,21,38,25,16
2018,1,A,골목상권,2110816,대방역 6번,1327,917,410,11,207,305,360,317,127,6,123,214,278,199,97,5,84,91,82,118,30
2018,1,A,골목상권,2110815,공군호텔,1684,687,997,4,368,507,333,330,142,0,104,267,143,112,61,4,264,240,190,218,81
2018,1,A,골목상권,2110814,서울지방병무청,1780,1077,703,1,115,190,345,627,502,0,39,110,208,351,369,1,76,80,137,276,133
2018,1,A,골목상권,2110813,보라매역 6번,387,202,185,0,29,78,108,94,78,0,15,43,58,47,39,0,14,35,50,47,39
2018,1,A,골목상권,2110812,신길6동주민센터,363,225,138,1,58,107,90,70,37,0,23,75,71,29,27,1,35,32,19,41,10
2018,1,A,골목상권,2110811,보라매역 4번,172,93,79,0,13,36,62,42,19,0,8,13,35,24,13,0,5,23,27,18,6
2018,1,A,골목상권,2110810,영신초등학교,595,264,331,1,69,103,135,149,138,0,20,53,61,67,63,1,49,50,74,82,75
2018,1,A,골목상권,2110809,장훈고등학교,325,146,179,2,51,59,94,70,49,1,20,37,51,22,15,1,31,22,43,48,34
2018,1,A,골목상권,2110808,신길역 1번,65,46,19,0,9,21,13,15,7,0,4,16,10,11,5,0,5,5,3,4,2
2018,1,A,골목상권,2110807,신길역 3번,364,228,136,0,47,74,71,78,94,0,10,46,52,56,64,0,37,28,19,22,30
2018,1,A,골목상권,2110806,서울시립영등포장애인복지관,277,197,80,0,33,101,88,45,10,0,10,65,72,42,8,0,23,36,16,3,2
2018,1,A,골목상권,2110805,신길새마을금고신길4동지점,93,40,53,0,9,20,22,22,20,0,3,11,11,9,6,0,6,9,11,13,14
2018,1,A,골목상권,2110804,신풍역 1번,343,153,190,2,34,75,94,90,48,0,8,39,38,47,21,2,26,36,56,43,27
2018,1,A,골목상권,2110803,신길2동우편취급국,203,99,104,2,30,39,52,50,30,1,12,23,24,20,19,1,18,16,28,30,11
2018,1,A,골목상권,2110802,신길동홍어거리,442,232,210,0,50,151,141,72,28,0,9,71,82,47,23,0,41,80,59,25,5
2018,1,A,골목상권,2110801,신풍역 6번(신길6동공영주차장),14,10,4,0,4,0,5,4,1,0,4,0,2,3,1,0,0,0,3,1,0
2018,1,A,골목상권,2110800,영등포동성당,287,218,69,0,17,40,92,92,46,0,9,34,61,73,41,0,8,6,31,19,5
2018,1,A,골목상권,2110799,영등포본동주민센터,90,66,24,0,14,19,15,19,23,0,6,16,8,14,22,0,8,3,7,5,1
2018,1,A,골목상권,2110798,신풍역 2번,68,33,35,1,8,7,13,24,15,0,5,4,6,10,8,1,3,3,7,14,7
2018,1,A,골목상권,2110797,KT대방빌딩,122,51,71,2,24,27,36,18,15,0,8,11,16,10,6,2,16,16,20,8,9
2018,1,A,골목상권,2110796,한림대학교한강성심병원,142,104,38,1,8,26,32,34,41,1,3,23,20,25,32,0,5,3,12,9,9
2018,1,A,골목상권,2110795,도림초등학교,313,110,203,0,25,29,61,87,111,0,2,16,24,38,30,0,23,13,37,49,81
2018,1,A,골목상권,2110794,영동초등학교,2276,1586,690,5,318,561,611,453,328,2,174,379,435,325,271,3,144,182,176,128,57
2018,1,A,골목상권,2110793,대림썬프라자,33,23,10,0,1,3,10,10,9,0,0,3,6,6,8,0,1,0,4,4,1
2018,1,A,골목상권,2110792,영등포역 2번,470,266,204,1,53,96,144,106,70,0,24,50,77,65,50,1,29,46,67,41,20
2018,1,A,골목상권,2110791,신풍역 3번,37,19,18,0,0,11,8,12,6,0,0,5,3,6,5,0,0,6,5,6,1
2018,1,A,골목상권,2110790,대림1동주민센터,367,203,164,0,45,89,87,72,74,0,14,42,40,47,60,0,31,47,47,25,14
2018,1,A,골목상권,2110789,대림성모병원,666,224,442,1,134,157,159,137,78,1,19,64,58,47,35,0,115,93,101,90,43
2018,1,A,골목상권,2110788,영등포시장역 3번,74,45,29,2,9,10,16,24,13,0,5,9,9,12,10,2,4,1,7,12,3
2018,1,A,골목상권,2110787,신길3동주민센터,231,117,114,1,27,52,66,48,37,0,9,25,36,24,23,1,18,27,30,24,14
2018,1,A,골목상권,2110786,당산역 8번,208,123,85,0,27,44,55,42,40,0,12,29,33,25,24,0,15,15,22,17,16
2018,1,A,골목상권,2110785,영등포푸르지오아파트,272,147,125,2,22,47,78,82,41,1,15,23,48,34,26,1,7,24,30,48,15
2018,1,A,골목상권,2110784,신대림초등학교,120,37,83,0,4,13,25,46,32,0,2,4,9,17,5,0,2,9,16,29,27
2018,1,A,골목상권,2110783,영등포시장역 1번,837,332,505,0,116,258,177,131,155,0,43,81,70,65,73,0,73,177,107,66,82
2018,1,A,골목상권,2110782,영등포시장역 4번,163,91,72,0,27,33,48,38,17,0,7,18,29,23,14,0,20,15,19,15,3
2018,1,A,골목상권,2110781,대림한신아파트,145,93,52,0,8,18,44,41,34,0,5,10,31,26,21,0,3,8,13,15,13
2018,1,A,골목상권,2110780,신길대성유니드아파트,161,101,60,1,13,37,39,43,28,0,5,26,23,30,17,1,8,11,16,13,11
2018,1,A,골목상권,2110779,대림갑을명가아파트,46,13,33,0,3,5,18,9,11,0,0,2,1,3,7,0,3,3,17,6,4
2018,1,A,골목상권,2110778,구로디지털단지역 4번,1226,564,662,4,109,266,422,221,204,0,29,124,128,130,153,4,80,142,294,91,51
2018,1,A,골목상권,2110777,구로세무서,536,407,129,1,47,94,142,170,82,1,23,70,105,136,72,0,24,24,37,34,10
2018,1,A,골목상권,2110776,도신초등학교,388,245,143,4,38,97,116,91,42,0,20,60,76,59,30,4,18,37,40,32,12
2018,1,A,골목상권,2110775,대동초등학교,54,25,29,0,1,6,17,18,12,0,1,3,4,9,8,0,0,3,13,9,4
2018,1,A,골목상권,2110774,당산반도유보라팰리스아파트,612,394,218,5,83,178,159,122,65,1,41,123,103,81,45,4,42,55,56,41,20
2018,1,A,골목상권,2110773,당산역 13번,444,309,135,9,64,102,114,78,77,3,32,64,89,59,62,6,32,38,25,19,15
2018,1,A,골목상권,2110772,신우어린이공원,171,60,111,0,23,40,37,46,25,0,4,18,17,15,6,0,19,22,20,31,19
2018,1,A,골목상권,2110771,대림역 11번,40,12,28,0,7,11,9,12,1,0,1,3,2,6,0,0,6,8,7,6,1
2018,1,A,골목상권,2110770,영등포구청역 6번,544,322,222,6,68,97,128,117,128,6,27,52,68,69,100,0,41,45,60,48,28
2018,1,A,골목상권,2110769,대림차이나타운(대림역 12번),23,13,10,0,3,8,4,6,2,0,1,5,2,3,2,0,2,3,2,3,0
2018,1,A,골목상권,2110768,도림2동유수지내체육시설,500,310,190,0,56,119,111,64,150,0,25,79,73,42,91,0,31,40,38,22,59
2018,1,A,골목상권,2110767,도림동주민센터,99,46,53,0,20,26,25,17,11,0,7,16,10,6,7,0,13,10,15,11,4
2018,1,A,골목상권,2110766,대림역 5번,902,491,411,1,65,130,214,273,219,1,29,77,113,143,128,0,36,53,101,130,91
2018,1,A,골목상권,2110765,문래동사거리,1356,936,420,3,141,265,372,382,193,0,84,171,254,266,161,3,57,94,118,116,32
2018,1,A,골목상권,2110764,문래역 3번,819,383,436,0,50,75,112,180,402,0,16,35,62,83,187,0,34,40,50,97,215
2018,1,A,골목상권,2110763,영등포구청역 2번,977,624,353,4,165,300,223,167,118,0,74,189,153,112,96,4,91,111,70,55,22
2018,1,A,골목상권,2110762,선유도역 1번,4355,2862,1493,24,676,1149,1138,856,512,16,308,741,815,591,391,8,368,408,323,265,121
2018,1,A,골목상권,2110761,문래동남성맨션,355,261,94,5,67,84,74,77,48,5,45,59,53,59,40,0,22,25,21,18,8
2018,1,A,골목상권,2110760,선유도역 6번,8659,5585,3074,28,1701,2946,2384,1235,365,13,822,1922,1719,820,289,15,879,1024,665,415,76
2018,1,A,골목상권,2110759,문래예술촌(문래창작촌),4905,3331,1574,19,785,1171,1324,1099,507,6,421,792,916,795,401,13,364,379,408,304,106
2018,1,A,골목상권,2110758,문래소공원,447,322,125,2,22,62,99,104,158,1,16,49,70,71,115,1,6,13,29,33,43
2018,1,A,골목상권,2110757,양평역 2번,2607,1407,1200,5,312,608,687,550,445,4,142,398,338,271,254,1,170,210,349,279,191
2018,1,A,골목상권,2110756,문래중학교,303,204,99,1,30,74,96,51,51,0,16,53,67,28,40,1,14,21,29,23,11
2018,1,A,골목상권,2110755,동일여자고등학교,309,115,194,1,35,66,86,83,38,0,10,26,31,27,21,1,25,40,55,56,17
2018,1,A,골목상권,2110754,삼성산자연공원(서울금천초등학교),309,97,212,0,29,37,97,93,53,0,7,12,33,25,20,0,22,25,64,68,33
2018,1,A,골목상권,2110753,시흥동 은행나무사거리,1108,669,439,2,65,121,292,420,208,1,15,66,185,274,128,1,50,55,107,146,80
2018,1,A,골목상권,2110752,한울중학교,368,135,233,1,31,65,128,100,43,1,13,24,38,38,21,0,18,41,90,62,22
2018,1,A,골목상권,2110751,난곡중학교,264,136,128,0,19,35,78,87,45,0,5,16,38,46,31,0,14,19,40,41,14
2018,1,A,골목상권,2110750,시흥4동주민센터(서울신흥초등학교),225,71,154,0,29,37,73,60,26,0,9,12,17,19,14,0,20,25,56,41,12
2018,1,A,골목상권,2110749,금산초등학교(금천고등학교),479,268,211,4,47,90,127,84,127,3,29,49,53,39,95,1,18,41,74,45,32
2018,1,A,골목상권,2110748,백산초등학교,185,96,89,0,26,29,53,46,31,0,9,13,31,25,18,0,17,16,22,21,13
2018,1,A,골목상권,2110747,석수역 1번 출입구,1010,693,317,6,73,167,292,315,157,2,44,99,178,237,133,4,29,68,114,78,24
2018,1,A,골목상권,2110746,금천금빛공원(은행나무사거리서측),87,52,35,1,3,13,30,29,11,0,1,8,20,13,10,1,2,5,10,16,1
2018,1,A,골목상권,2110745,독산동정훈단지,423,231,192,0,52,44,86,117,124,0,17,20,39,69,86,0,35,24,47,48,38
2018,1,A,골목상권,2110744,독산동성당,369,135,234,1,37,49,103,108,71,0,5,18,40,40,32,1,32,31,63,68,39
2018,1,A,골목상권,2110743,시흥초등학교(시흥1동우체국),311,81,230,0,34,34,75,109,59,0,9,13,27,23,9,0,25,21,48,86,50
2018,1,A,골목상권,2110742,KT금천빌딩(금천구시설관리공단),539,316,223,11,56,121,150,138,63,7,30,87,101,59,32,4,26,34,49,79,31
2018,1,A,골목상권,2110741,독산2동주민센터,270,60,210,0,28,44,70,76,52,0,4,10,15,16,15,0,24,34,55,60,37
2018,1,A,골목상권,2110740,금천해태공원,1174,330,844,1,134,126,182,233,498,1,29,40,69,58,133,0,105,86,113,175,365
2018,1,A,골목상권,2110739,시흥3동 우편취급국,1788,742,1046,10,181,386,713,465,33,3,65,222,291,135,26,7,116,164,422,330,7
2018,1,A,골목상권,2110738,문성초등학교,276,121,155,1,28,35,85,97,30,0,13,13,34,41,20,1,15,22,51,56,10
2018,1,A,골목상권,2110737,금천세무서,590,356,234,1,66,106,140,156,121,0,21,55,73,97,110,1,45,51,67,59,11
2018,1,A,골목상권,2110736,독산119안전센터,416,190,226,1,51,77,120,117,50,0,18,39,48,52,33,1,33,38,72,65,17
2018,1,A,골목상권,2110735,말미고개,475,279,196,0,59,98,121,121,76,0,29,56,70,74,50,0,30,42,51,47,26
2018,1,A,골목상권,2110734,금천파출소,108,60,48,0,7,16,20,42,23,0,5,9,13,20,13,0,2,7,7,22,10
2018,1,A,골목상권,2110733,금천어울림복지센터,624,403,221,9,107,130,156,157,65,6,77,98,87,79,56,3,30,32,69,78,9
2018,1,A,골목상권,2110732,가산초등학교(세일중학교),910,553,357,4,121,204,269,204,108,3,42,121,185,134,68,1,79,83,84,70,40
2018,1,A,골목상권,2110731,금천구청역 1번 출입구,2062,1105,957,26,711,825,310,95,95,12,385,453,139,49,67,14,326,372,171,46,28
2018,1,A,골목상권,2110730,서울축산농협 독산역지점(독산파출소),1082,582,500,0,97,179,259,346,201,0,45,97,127,183,130,0,52,82,132,163,71
2018,1,A,골목상권,2110729,가산동우체국,278,174,104,1,37,60,55,88,37,1,22,45,31,49,26,0,15,15,24,39,11
2018,1,A,골목상권,2110728,두산초등학교,795,459,336,4,105,187,244,185,70,4,60,135,119,94,47,0,45,52,125,91,23
2018,1,A,골목상권,2110727,독산역 1번 출입구,767,522,245,0,71,147,236,229,84,0,52,105,151,150,64,0,19,42,85,79,20
2018,1,A,골목상권,2110726,금천철쭉어린이공원(금하마을),106,50,56,0,7,18,28,36,17,0,3,9,14,16,8,0,4,9,14,20,9
2018,1,A,골목상권,2110725,가산동주민센터,286,170,116,2,37,62,72,66,47,2,19,44,44,35,26,0,18,18,28,31,21
2018,1,A,골목상권,2110724,금천구립가산도서관,478,331,147,2,39,123,162,106,46,2,37,95,113,52,32,0,2,28,49,54,14
2018,1,A,골목상권,2110723,가산디지털단지역 1번 출입구,315,251,64,2,8,28,60,144,73,1,3,14,44,123,66,1,5,14,16,21,7
2018,1,A,골목상권,2110722,G타워,1054,738,316,11,223,361,283,100,76,8,154,259,197,66,54,3,69,102,86,34,22
2018,1,A,골목상권,2110721,가리봉파출소,639,252,387,0,104,106,136,146,147,0,50,59,46,32,65,0,54,47,90,114,82
2018,1,A,골목상권,2110720,대림역 2번,295,125,170,0,33,58,93,64,47,0,9,21,36,28,31,0,24,37,57,36,16
2018,1,A,골목상권,2110719,영서중학교,65,19,46,0,14,16,19,7,9,0,1,5,4,3,6,0,13,11,15,4,3
2018,1,A,골목상권,2110718,한국SGI본부,2559,1390,1169,7,782,756,535,348,131,0,263,474,378,197,78,7,519,282,157,151,53
2018,1,A,골목상권,2110717,남구로역 2번,634,186,448,3,80,111,162,178,100,1,17,44,57,44,23,2,63,67,105,134,77
2018,1,A,골목상권,2110716,구로나눔길,856,478,378,3,148,265,240,130,70,0,52,160,157,69,40,3,96,105,83,61,30
2018,1,A,골목상권,2110715,구로구민회관,168,76,92,0,24,24,43,45,32,0,4,16,25,20,11,0,20,8,18,25,21
2018,1,A,골목상권,2110714,구로4동주민센터,433,153,280,2,77,85,103,97,69,0,14,26,32,35,46,2,63,59,71,62,23
2018,1,A,골목상권,2110713,구로보건소,2837,1657,1180,17,315,528,736,791,450,11,125,293,420,506,302,6,190,235,316,285,148
2018,1,A,골목상권,2110712,남구로역 5번,280,96,184,0,35,53,74,64,54,0,5,20,31,26,14,0,30,33,43,38,40
2018,1,A,골목상권,2110711,구로초등학교,552,206,346,1,42,85,133,176,115,1,16,33,56,61,39,0,26,52,77,115,76
2018,1,A,골목상권,2110710,남구로역 3번,408,186,222,1,76,82,94,108,47,0,24,40,37,54,31,1,52,42,57,54,16
2018,1,A,골목상권,2110709,구로119안전센터,222,103,119,0,24,26,56,85,31,0,16,19,28,27,13,0,8,7,28,58,18
2018,1,A,골목상권,2110708,화원어린이공원,165,74,91,3,36,29,40,42,15,1,10,14,19,20,10,2,26,15,21,22,5
2018,1,A,골목상권,2110707,구로창업지원센터,1522,1125,397,15,132,273,403,473,226,15,94,206,286,350,174,0,38,67,117,123,52
2018,1,A,골목상권,2110706,그라운드 고척,634,175,459,2,149,119,158,148,58,0,28,38,55,33,21,2,121,81,103,115,37
2018,1,A,골목상권,2110705,고산초등학교,51,32,19,0,6,9,10,11,15,0,4,6,9,5,8,0,2,3,1,6,7
2018,1,A,골목상권,2110704,고척중학교,96,49,47,0,10,21,25,20,20,0,4,11,13,14,7,0,6,10,12,6,13
2018,1,A,골목상권,2110703,개봉역,674,410,264,3,95,124,152,170,130,0,46,73,82,106,103,3,49,51,70,64,27
2018,1,A,골목상권,2110702,개봉초등학교,3326,1830,1496,1,27,49,132,402,2715,1,17,29,63,180,1540,0,10,20,69,222,1175
2018,1,A,골목상권,2110701,고척동성당,393,220,173,1,61,84,105,102,40,0,27,61,53,53,26,1,34,23,52,49,14
2018,1,A,골목상권,2110700,고척초등학교,695,429,266,1,43,120,161,212,158,0,19,64,95,135,116,1,24,56,66,77,42
2018,1,A,골목상권,2110699,덕의초등학교,161,76,85,0,13,38,46,43,21,0,4,18,16,22,16,0,9,20,30,21,5
2018,1,A,골목상권,2110698,개웅초등학교(개웅중학교),149,68,81,0,20,29,41,41,18,0,7,10,16,22,13,0,13,19,25,19,5
2018,1,A,골목상권,2110697,개봉3동주민센터,108,62,46,0,13,17,34,24,20,0,5,11,17,15,14,0,8,6,17,9,6
2018,1,A,골목상권,2110696,오류동역 1번,147,66,81,0,21,37,37,34,18,0,4,19,13,15,15,0,17,18,24,19,3
2018,1,A,골목상권,2110695,개봉1동주민센터,409,147,262,0,29,63,124,124,69,0,10,30,47,36,24,0,19,33,77,88,45
2018,1,A,골목상권,2110694,세곡초등학교,322,172,150,1,33,51,114,97,26,1,13,28,58,56,16,0,20,23,56,41,10
2018,1,A,골목상권,2110693,오류동역 4번,47,29,18,0,6,16,5,11,9,0,3,11,4,6,5,0,3,5,1,5,4
2018,1,A,골목상권,2110692,큰굴다리,181,116,65,0,17,23,51,63,27,0,12,16,32,38,18,0,5,7,19,25,9
2018,1,A,골목상권,2110691,개봉중학교,201,86,115,0,11,33,57,68,32,0,5,19,24,25,13,0,6,14,33,43,19
2018,1,A,골목상권,2110690,오류2동버들시장,908,344,564,0,116,227,219,212,134,0,25,100,77,70,72,0,91,127,142,142,62
2018,1,A,골목상권,2110689,오류동역 3번,250,119,131,1,45,65,58,52,29,0,12,40,22,26,19,1,33,25,36,26,10
2018,1,A,골목상권,2110688,오류지구대,108,54,54,0,5,16,42,28,17,0,1,5,21,16,11,0,4,11,21,12,6
2018,1,A,골목상권,2110687,"천왕역 3번(오류2동주민센터, 서울오류남초등학교)",110,67,43,0,15,32,25,34,4,0,10,22,15,18,2,0,5,10,10,16,2
2018,1,A,골목상권,2110686,수궁동주민센터,395,224,171,1,54,94,133,69,44,0,22,49,81,44,28,1,32,45,52,25,16
2018,1,A,골목상권,2110685,금강수목원아파트,101,75,26,0,5,21,37,23,15,0,3,18,26,14,14,0,2,3,11,9,1
2018,1,A,골목상권,2110684,서울공연예술고등학교,166,72,94,0,38,41,41,28,18,0,13,15,23,11,10,0,25,26,18,17,8
2018,1,A,골목상권,2110683,오류고등학교,131,64,67,0,13,23,43,40,12,0,4,13,26,13,8,0,9,10,17,27,4
2018,1,A,골목상권,2110682,온수역 8번,352,267,85,0,69,87,48,67,81,0,33,60,36,60,78,0,36,27,12,7,3
2018,1,A,골목상권,2110681,온수역 1번,344,243,101,0,38,86,99,78,43,0,25,62,70,54,32,0,13,24,29,24,11
2018,1,A,골목상권,2110680,온수역 5번(온수산업단지),1322,1038,284,2,127,220,291,395,287,2,86,165,212,314,259,0,41,55,79,81,28
2018,1,A,골목상권,2110679,염창역 2번,1436,1049,387,17,226,508,400,205,80,10,129,382,322,143,63,7,97,126,78,62,17
2018,1,A,골목상권,2110678,염창무학아파트,282,176,106,2,32,61,84,72,31,2,16,35,52,48,23,0,16,26,32,24,8
2018,1,A,골목상권,2110677,등촌역 1번,472,388,84,3,42,83,123,121,100,3,34,67,88,102,94,0,8,16,35,19,6
2018,1,A,골목상권,2110676,등촌역 7번,198,93,105,1,20,42,45,52,38,0,13,22,22,22,14,1,7,20,23,30,24
2018,1,A,골목상권,2110675,화곡4동주민센터,177,98,79,0,30,49,33,40,25,0,14,25,22,22,15,0,16,24,11,18,10
2018,1,A,골목상권,2110674,강서구청가양동별관,432,250,182,2,56,129,91,94,60,1,22,90,61,45,31,1,34,39,30,49,29
2018,1,A,골목상권,2110673,뜸부기어린이공원,629,359,270,2,96,160,167,144,60,1,44,99,95,80,40,1,52,61,72,64,20
2018,1,A,골목상권,2110672,백석중학교,82,35,47,0,8,15,28,22,9,0,3,6,7,13,6,0,5,9,21,9,3
2018,1,A,골목상권,2110671,등촌1동주민센터,5568,3486,2082,15,1207,1619,1279,937,511,6,443,1095,980,640,322,9,764,524,299,297,189
2018,1,A,골목상권,2110670,신곡초등학교,257,94,163,0,21,58,71,64,43,0,1,25,20,29,19,0,20,33,51,35,24
2018,1,A,골목상권,2110669,화곡보람2차아파트,118,78,40,1,18,27,29,33,10,1,10,18,22,21,6,0,8,9,7,12,4
2018,1,A,골목상권,2110668,화곡2동주민센터,448,246,202,0,44,90,134,114,66,0,19,45,61,62,59,0,25,45,73,52,7
2018,1,A,골목상권,2110667,가양역 10번,384,186,198,6,49,75,129,98,27,4,25,28,61,49,19,2,24,47,68,49,8
2018,1,A,골목상권,2110666,KC대학교,282,105,177,0,28,61,86,85,22,0,13,23,34,24,11,0,15,38,52,61,11
2018,1,A,골목상권,2110665,곰달래도서관,1170,590,580,1,191,328,298,238,114,0,107,207,146,80,50,1,84,121,152,158,64
2018,1,A,골목상권,2110664,강서구청옆,127,67,60,0,15,30,28,39,15,0,8,18,16,14,11,0,7,12,12,25,4
2018,1,A,골목상권,2110663,우장산롯데캐슬아파트앞,338,159,179,2,65,80,84,76,31,0,16,36,40,44,23,2,49,44,44,32,8
2018,1,A,골목상권,2110662,까치산역 1번,267,96,171,0,23,48,100,66,30,0,3,21,35,19,18,0,20,27,65,47,12
2018,1,A,골목상권,2110661,강서새말어린이공원,439,291,148,1,38,81,119,132,68,0,21,54,85,82,49,1,17,27,34,50,19
2018,1,A,골목상권,2110660,등촌3동주민센터,8124,4113,4011,48,1175,1348,1646,2470,1437,36,731,904,903,870,669,12,444,444,743,1600,768
2018,1,A,골목상권,2110659,화곡역 4번,619,215,404,3,69,149,191,112,95,2,21,52,64,43,33,1,48,97,127,69,62
2018,1,A,골목상권,2110658,화곡초등학교,181,97,84,0,6,46,45,51,33,0,2,30,23,20,22,0,4,16,22,31,11
2018,1,A,골목상권,2110657,양천향교역 5번,6595,3059,3536,51,1700,1282,1293,1646,623,47,575,786,763,548,340,4,1125,496,530,1098,283
2018,1,A,골목상권,2110656,까치산역 3번,618,340,278,1,63,117,160,167,110,1,34,72,91,75,67,0,29,45,69,92,43
2018,1,A,골목상권,2110655,발산역 5번,1202,703,499,62,269,282,286,190,113,31,133,181,186,118,54,31,136,101,100,72,59
2018,1,A,골목상권,2110654,까치산역 4번,789,364,425,8,91,190,192,197,111,3,38,82,93,84,64,5,53,108,99,113,47
2018,1,A,골목상권,2110653,화곡역 2번,249,102,147,0,16,42,62,74,55,0,5,24,22,29,22,0,11,18,40,45,33
2018,1,A,골목상권,2110652,양천향교역 2번,1309,933,376,0,121,294,369,361,164,0,52,196,280,271,134,0,69,98,89,90,30
2018,1,A,골목상권,2110651,화원중학교,509,234,275,2,41,96,130,132,108,2,14,63,57,51,47,0,27,33,73,81,61
2018,1,A,골목상권,2110650,우장산힐스테이트,227,156,71,0,19,50,59,48,51,0,11,37,41,29,38,0,8,13,18,19,13
2018,1,A,골목상권,2110649,우장산역 1번,320,135,185,0,58,78,72,73,39,0,16,32,33,32,22,0,42,46,39,41,17
2018,1,A,골목상권,2110648,양천향교역 7번,538,263,275,1,94,187,140,83,33,1,31,82,82,42,25,0,63,105,58,41,8
2018,1,A,골목상권,2110647,화곡역 5번,930,465,465,1,108,206,270,233,112,1,47,109,131,118,59,0,61,97,139,115,53
2018,1,A,골목상권,2110646,푸른들청소년도서관,681,331,350,2,75,121,168,175,140,0,25,56,83,87,80,2,50,65,85,88,60
2018,1,A,골목상권,2110645,우장산역 4번,1109,352,757,2,214,285,283,223,102,0,39,78,103,88,44,2,175,207,180,135,58
2018,1,A,골목상권,2110644,신광명마을,567,504,63,4,22,60,127,196,158,4,17,47,106,180,150,0,5,13,21,16,8
2018,1,A,골목상권,2110643,강서구다솔마을,795,492,303,2,84,193,306,142,68,1,44,122,198,89,38,1,40,71,108,53,30
2018,1,A,골목상권,2110642,정곡초등학교,176,156,20,0,4,11,44,62,55,0,1,10,40,54,51,0,3,1,4,8,4
2018,1,A,골목상권,2110641,공항고등학교,394,258,136,1,41,97,126,92,37,0,20,72,82,58,26,1,21,25,44,34,11
2018,1,A,골목상권,2110640,방화역 1번,1019,560,459,4,111,241,259,230,174,1,30,91,143,155,140,3,81,150,116,75,34
2018,1,A,골목상권,2110639,신방화역 8번,250,75,175,3,62,78,51,36,20,0,2,18,23,16,16,3,60,60,28,20,4
2018,1,A,골목상권,2110638,신방화역 2번,962,480,482,1,76,237,222,240,186,1,34,137,122,96,90,0,42,100,100,144,96
2018,1,A,골목상권,2110637,송정역 2번,532,385,147,3,52,92,135,131,119,3,26,58,98,107,93,0,26,34,37,24,26
2018,1,A,골목상권,2110636,방화역 2번,360,127,233,1,53,95,87,84,40,1,15,48,32,21,10,0,38,47,55,63,30
2018,1,A,골목상권,2110635,공항시장역 3번,401,279,122,4,41,87,126,88,55,0,21,61,96,61,40,4,20,26,30,27,15
2018,1,A,골목상권,2110634,송정역 3번,966,591,375,3,103,235,273,239,113,1,36,155,177,139,83,2,67,80,96,100,30
2018,1,A,골목상권,2110633,개화산역 1번,96,42,54,0,12,20,30,22,12,0,6,8,14,9,5,0,6,12,16,13,7
2018,1,A,골목상권,2110632,방화역 3번,686,326,360,4,103,151,175,156,97,4,41,86,94,58,43,0,62,65,81,98,54
2018,1,A,골목상권,2110631,방화초등학교,360,202,158,0,30,73,94,107,56,0,15,45,43,64,35,0,15,28,51,43,21
2018,1,A,골목상권,2110630,공항시장역 1번,1600,1190,410,3,91,208,334,591,373,1,43,122,216,494,314,2,48,86,118,97,59
2018,1,A,골목상권,2110629,송정역 4번,279,131,148,2,54,70,81,45,27,0,16,28,47,24,16,2,38,42,34,21,11
2018,1,A,골목상권,2110628,신목동역,301,206,95,0,51,111,67,46,26,0,27,75,50,33,21,0,24,36,17,13,5
2018,1,A,골목상권,2110627,신정롯데캐슬아파트,465,239,226,1,60,75,145,108,76,0,20,35,79,56,49,1,40,40,66,52,27
2018,1,A,골목상권,2110626,양화초등학교,332,190,142,0,48,99,102,58,25,0,23,57,60,33,17,0,25,42,42,25,8
2018,1,A,골목상권,2110625,신정2동주민센터,490,217,273,1,63,107,154,102,63,0,18,52,70,37,40,1,45,55,84,65,23
2018,1,A,골목상권,2110624,목동문화체육센터,114,39,75,0,26,32,22,24,10,0,3,13,6,12,5,0,23,19,16,12,5
2018,1,A,골목상권,2110623,갈산공원,239,176,63,3,39,63,51,46,37,2,30,56,35,30,23,1,9,7,16,16,14
2018,1,A,골목상권,2110622,달마을공원,249,115,134,0,27,47,57,80,38,0,6,26,21,39,23,0,21,21,36,41,15
2018,1,A,골목상권,2110621,목동역 5번,235,128,107,3,47,54,49,56,26,3,19,34,25,31,16,0,28,20,24,25,10
2018,1,A,골목상권,2110620,목동보건지소,735,311,424,2,68,138,156,157,214,1,25,65,49,56,115,1,43,73,107,101,99
2018,1,A,골목상권,2110619,목4동주민센터,106,49,57,0,13,12,30,31,20,0,8,7,15,13,6,0,5,5,15,18,14
2018,1,A,골목상권,2110618,강서고등학교,162,75,87,0,19,36,27,46,34,0,7,21,13,20,14,0,12,15,14,26,20
2018,1,A,골목상권,2110617,등촌역 4번,115,34,81,1,12,19,25,41,17,0,2,5,10,9,8,1,10,14,15,32,9
2018,1,A,골목상권,2110616,양목초등학교,308,253,55,0,6,15,24,28,235,0,0,8,16,15,214,0,6,7,8,13,21
2018,1,A,골목상권,2110615,신서초등학교,193,110,83,2,37,42,43,52,17,0,18,31,28,26,7,2,19,11,15,26,10
2018,1,A,골목상권,2110614,목동로데오거리,557,264,293,2,55,105,146,146,103,1,30,61,78,49,45,1,25,44,68,97,58
2018,1,A,골목상권,2110613,신정네거리역 4번,46,19,27,0,1,6,14,16,9,0,0,3,5,6,5,0,1,3,9,10,4
2018,1,A,골목상권,2110612,신정역 5번,416,136,280,0,38,59,95,137,87,0,6,29,35,39,27,0,32,30,60,98,60
2018,1,A,골목상권,2110611,신정역 1번,375,166,209,0,35,61,112,83,84,0,13,32,54,32,35,0,22,29,58,51,49
2018,1,A,골목상권,2110610,계남근린공원,64,21,43,0,6,7,13,24,14,0,2,6,4,5,4,0,4,1,9,19,10
2018,1,A,골목상권,2110609,신정네거리역 2번,37,18,19,0,0,5,9,13,10,0,0,3,4,6,5,0,0,2,5,7,5
2018,1,A,골목상권,2110608,신월2동주민센터,588,367,221,0,35,88,174,177,114,0,13,41,83,131,99,0,22,47,91,46,15
2018,1,A,골목상권,2110607,금빛새마을금고본점,135,67,68,0,12,29,39,36,19,0,4,13,15,21,14,0,8,16,24,15,5
2018,1,A,골목상권,2110606,신한은행 신월동지점,579,251,328,3,75,107,140,147,107,2,26,44,65,51,63,1,49,63,75,96,44
2018,1,A,골목상권,2110605,목동센트럴아이파크앞,242,117,125,0,22,35,60,64,61,0,8,20,21,27,41,0,14,15,39,37,20
2018,1,A,골목상권,2110604,신월4동주민센터,602,385,217,0,34,73,127,217,151,0,11,36,63,152,123,0,23,37,64,65,28
2018,1,A,골목상권,2110603,지향초등학교,638,424,214,1,61,75,65,70,366,1,10,28,22,25,338,0,51,47,43,45,28
2018,1,A,골목상권,2110602,신월시영아파트중문,904,707,197,1,24,58,151,347,323,0,13,36,84,279,295,1,11,22,67,68,28
2018,1,A,골목상권,2110601,신월1동우편취급국,1247,838,409,7,86,168,310,440,236,7,33,108,208,321,161,0,53,60,102,119,75
2018,1,A,골목상권,2110600,신월7동주민센터,541,353,188,1,30,76,120,171,143,0,15,43,71,109,115,1,15,33,49,62,28
2018,1,A,골목상권,2110599,신월1파출소,323,175,148,0,29,53,110,98,33,0,10,27,60,57,21,0,19,26,50,41,12
2018,1,A,골목상권,2110598,신월문화체육센터,310,119,191,2,41,57,89,75,46,2,12,26,27,29,23,0,29,31,62,46,23
2018,1,A,골목상권,2110597,신월1동주민센터,637,340,297,4,56,133,171,170,103,3,23,67,85,92,70,1,33,66,86,78,33
2018,1,A,골목상권,2110596,서서울호수공원,419,206,213,0,39,82,99,130,69,0,26,47,49,49,35,0,13,35,50,81,34
2018,1,A,골목상권,2110595,메디힐병원,1577,1147,430,0,84,129,205,269,890,0,22,46,89,155,835,0,62,83,116,114,55
2018,1,A,골목상권,2110594,신월중학교,278,113,165,0,35,58,98,66,21,0,10,20,32,35,16,0,25,38,66,31,5
2018,1,A,골목상권,2110593,신월3동주민센터,493,213,280,1,52,88,149,134,69,1,20,45,68,46,33,0,32,43,81,88,36
2018,1,A,골목상권,2110592,서울금융고등학교,821,654,167,2,30,74,152,322,241,2,11,50,98,265,228,0,19,24,54,57,13
2018,1,A,골목상권,2110591,충정로역 6번,191,94,97,1,29,30,51,52,28,0,15,13,28,22,16,1,14,17,23,30,12
2018,1,A,골목상권,2110590,만리재,106,32,74,0,25,28,22,20,11,0,3,10,4,9,6,0,22,18,18,11,5
2018,1,A,골목상권,2110589,애오개역 3번,115,44,71,0,16,25,41,23,10,0,1,4,23,10,6,0,15,21,18,13,4
2018,1,A,골목상권,2110588,한겨레신문사,695,452,243,0,40,179,258,197,21,0,13,76,177,171,15,0,27,103,81,26,6
2018,1,A,골목상권,2110587,공덕동주민센터,387,184,203,0,42,80,106,96,63,0,15,43,58,44,24,0,27,37,48,52,39
2018,1,A,골목상권,2110586,서울서부지방법원,3259,1451,1808,16,881,801,703,444,414,6,321,407,291,216,210,10,560,394,412,228,204
2018,1,A,골목상권,2110585,마포경찰서,928,764,164,1,192,358,190,170,17,0,140,296,169,148,11,1,52,62,21,22,6
2018,1,A,골목상권,2110584,아현역 4번,136,60,76,0,18,32,43,27,16,0,5,15,20,10,10,0,13,17,23,17,6
2018,1,A,골목상권,2110583,공덕래미안3차아파트,93,41,52,0,13,27,30,16,7,0,4,10,13,8,6,0,9,17,17,8,1
2018,1,A,골목상권,2110582,이대역 5번,163,92,71,0,20,58,50,19,16,0,5,33,32,14,8,0,15,25,18,5,8
2018,1,A,골목상권,2110581,염리초등학교,244,101,143,0,91,81,32,27,13,0,25,31,18,16,11,0,66,50,14,11,2
2018,1,A,골목상권,2110580,양원초등학교,166,52,114,0,37,34,38,13,44,0,10,11,17,3,11,0,27,23,21,10,33
2018,1,A,골목상권,2110579,마포역 4번,617,332,285,0,162,231,140,59,25,0,60,118,98,41,15,0,102,113,42,18,10
2018,1,A,골목상권,2110578,대흥역 2번,3946,2866,1080,13,507,904,1041,939,542,6,364,735,815,586,360,7,143,169,226,353,182
2018,1,A,골목상권,2110577,용강동주민센터,444,219,225,0,112,182,88,40,22,0,37,97,54,19,12,0,75,85,34,21,10
2018,1,A,골목상권,2110576,대흥역 3번,1553,1074,479,126,417,417,354,175,64,51,243,328,279,129,44,75,174,89,75,46,20
2018,1,A,골목상권,2110575,대흥동주민센터,355,112,243,0,72,80,43,82,78,0,22,51,18,11,10,0,50,29,25,71,68
2018,1,A,골목상권,2110574,서강대학교,332,155,177,3,51,104,89,67,18,0,14,44,52,36,9,3,37,60,37,31,9
2018,1,A,골목상권,2110573,신촌역 6번,109,71,38,0,15,33,24,25,12,0,8,19,20,15,9,0,7,14,4,10,3
2018,1,A,골목상권,2110572,서강대역 1번,996,460,536,5,226,244,233,200,88,2,81,117,110,93,57,3,145,127,123,107,31
2018,1,A,골목상권,2110571,신수동주민센터,842,455,387,5,104,287,263,121,62,2,45,186,147,44,31,3,59,101,116,77,31
2018,1,A,골목상권,2110570,KB국민은행 서강지점,363,210,153,0,70,108,108,59,18,0,28,55,73,41,13,0,42,53,35,18,5
2018,1,A,골목상권,2110569,홍대땡땡거리,857,462,395,4,192,298,172,101,90,0,87,166,110,55,44,4,105,132,62,46,46
2018,1,A,골목상권,2110568,광흥창역 1번,103,49,54,1,9,15,26,26,26,0,6,9,10,7,17,1,3,6,16,19,9
2018,1,A,골목상권,2110567,광흥창역 6번,380,121,259,4,143,112,71,30,20,0,13,26,43,24,15,4,130,86,28,6,5
2018,1,A,골목상권,2110566,경의선책거리,2125,1224,901,12,582,741,461,218,111,1,238,440,305,165,75,11,344,301,156,53,36
2018,1,A,골목상권,2110565,홍익대,239,115,124,1,74,69,53,28,14,0,24,42,24,15,10,1,50,27,29,13,4
2018,1,A,골목상권,2110564,홍대입구역 3번,936,478,458,4,211,323,259,102,37,2,83,172,167,36,18,2,128,151,92,66,19
2018,1,A,골목상권,2110563,상수역 3번,706,417,289,5,161,197,118,132,93,5,82,152,84,55,39,0,79,45,34,77,54
2018,1,A,골목상권,2110562,연트럴파크(연남동주민센터),553,295,258,1,122,178,144,69,39,0,49,99,91,38,18,1,73,79,53,31,21
2018,1,A,골목상권,2110561,상수역 4번,451,256,195,1,124,150,98,50,28,0,48,91,65,35,17,1,76,59,33,15,11
2018,1,A,골목상권,2110560,마포FM,456,265,191,0,106,128,123,69,30,0,44,78,75,43,25,0,62,50,48,26,5
2018,1,A,골목상권,2110559,성산중학교,1218,697,521,7,302,349,289,169,102,4,119,207,179,114,74,3,183,142,110,55,28
2018,1,A,골목상권,2110558,경성고등학교,4260,3105,1155,15,401,604,619,627,1994,8,150,343,393,428,1783,7,251,261,226,199,211
2018,1,A,골목상권,2110557,홍대부속여중고앞,1212,670,542,6,192,313,349,238,114,4,89,176,208,106,87,2,103,137,141,132,27
2018,1,A,골목상권,2110556,절두산순교성지,136,82,54,0,27,29,34,30,16,0,12,20,21,19,10,0,15,9,13,11,6
2018,1,A,골목상권,2110555,홍익지구대,721,375,346,7,136,159,134,141,144,2,63,103,84,56,67,5,73,56,50,85,77
2018,1,A,골목상권,2110554,망원역 1번,1826,955,871,11,452,582,397,213,171,1,183,303,255,116,97,10,269,279,142,97,74
2018,1,A,골목상권,2110553,가좌역 2번,1064,920,144,1,41,80,105,115,722,1,20,51,64,84,700,0,21,29,41,31,22
2018,1,A,골목상권,2110552,성미산체육관,926,570,356,2,133,260,272,175,84,0,54,159,180,115,62,2,79,101,92,60,22
2018,1,A,골목상권,2110551,성서초등학교,807,455,352,3,113,205,259,177,50,2,38,116,136,127,36,1,75,89,123,50,14
2018,1,A,골목상권,2110550,합정역 8번,1686,1040,646,7,301,534,455,247,142,2,124,325,319,166,104,5,177,209,136,81,38
2018,1,A,골목상권,2110549,새터산,346,140,206,1,44,69,103,87,42,1,7,33,46,35,18,0,37,36,57,52,24
2018,1,A,골목상권,2110548,마포구청역 4번,1491,945,546,9,233,297,340,297,315,2,92,182,243,186,240,7,141,115,97,111,75
2018,1,A,골목상권,2110547,KB국민은행 망원동지점,561,306,255,0,74,150,156,104,77,0,21,96,111,47,31,0,53,54,45,57,46
2018,1,A,골목상권,2110546,양화대교북단,718,395,323,1,272,261,109,51,24,1,123,150,75,31,15,0,149,111,34,20,9
2018,1,A,골목상권,2110545,마포구청역 1번,2739,853,1886,8,108,221,372,1048,982,6,50,132,225,221,219,2,58,89,147,827,763
2018,1,A,골목상권,2110544,망리단길,1373,726,647,11,277,389,361,219,116,6,128,237,191,95,69,5,149,152,170,124,47
2018,1,A,골목상권,2110543,중암중학교,9,7,2,0,0,1,5,3,0,0,0,0,4,3,0,0,0,1,1,0,0
2018,1,A,골목상권,2110542,마포구청역 7번,952,534,418,2,155,268,266,166,95,0,62,166,157,88,61,2,93,102,109,78,34
2018,1,A,골목상권,2110541,동교초등학교,509,324,185,5,53,101,152,111,87,4,32,59,95,65,69,1,21,42,57,46,18
2018,1,A,골목상권,2110540,망원나들목체육관,165,97,68,0,8,30,51,41,35,0,3,20,32,20,22,0,5,10,19,21,13
2018,1,A,골목상권,2110539,미근동,5040,3188,1852,14,647,1460,1777,989,153,9,267,1003,1177,623,109,5,380,457,600,366,44
2018,1,A,골목상권,2110538,충정로역 3번,552,335,217,0,60,121,112,115,144,0,31,83,72,67,82,0,29,38,40,48,62
2018,1,A,골목상권,2110537,충정로현대아파트,1039,608,431,1,125,302,261,206,144,0,33,147,179,147,102,1,92,155,82,59,42
2018,1,A,골목상권,2110536,돈의문센트레빌아파트입구,99,65,34,2,10,25,31,13,18,0,5,16,20,10,14,2,5,9,11,3,4
2018,1,A,골목상권,2110535,영천시장입구,268,72,196,0,43,57,50,91,27,0,11,12,21,20,8,0,32,45,29,71,19
2018,1,A,골목상권,2110534,경기대학교,110,40,70,0,12,20,22,31,25,0,6,12,9,8,5,0,6,8,13,23,20
2018,1,A,골목상권,2110533,충정로역 7번,50,26,24,0,2,9,13,17,9,0,0,5,6,8,7,0,2,4,7,9,2
2018,1,A,골목상권,2110532,아현역 2번,449,103,346,0,48,40,98,151,112,0,10,8,26,28,31,0,38,32,72,123,81
2018,1,A,골목상권,2110531,홍지문,116,27,89,0,15,24,20,46,11,0,9,8,6,1,3,0,6,16,14,45,8
2018,1,A,골목상권,2110530,아현역 1번,38,10,28,0,1,5,7,11,14,0,1,2,1,5,1,0,0,3,6,6,13
2018,1,A,골목상권,2110529,홍제3동주민센터,236,94,142,0,30,29,66,62,49,0,5,12,28,27,22,0,25,17,38,35,27
2018,1,A,골목상권,2110528,서울여자간호대학교,306,192,114,0,27,40,59,45,135,0,14,18,29,24,107,0,13,22,30,21,28
2018,1,A,골목상권,2110527,홍제역 2번,120,48,72,1,18,34,30,20,17,0,3,17,14,10,4,1,15,17,16,10,13
2018,1,A,골목상권,2110526,봉원사,179,93,86,0,41,58,41,24,15,0,17,32,25,13,6,0,24,26,16,11,9
2018,1,A,골목상권,2110525,홍은종합사회복지관,143,59,84,0,21,28,37,23,34,0,4,10,11,13,21,0,17,18,26,10,13
2018,1,A,골목상권,2110524,연희세브란스병원,216,72,144,1,52,45,53,51,14,1,15,11,21,19,5,0,37,34,32,32,9
2018,1,A,골목상권,2110523,홍제성원아파트,9,8,1,0,0,1,6,1,1,0,0,0,6,1,1,0,0,1,0,0,0
2018,1,A,골목상권,2110522,홍제역 3번,60,23,37,0,14,21,13,7,5,0,3,7,5,4,4,0,11,14,8,3,1
2018,1,A,골목상권,2110521,홍제역 4번,92,36,56,0,4,13,30,31,14,0,1,7,9,9,10,0,3,6,21,22,4
2018,1,A,골목상권,2110520,경의중앙 신촌역,178,106,72,1,23,26,53,41,34,0,10,21,32,26,17,1,13,5,21,15,17
2018,1,A,골목상권,2110519,서대문구보건소별관,399,186,213,0,52,97,101,102,47,0,12,44,51,46,33,0,40,53,50,56,14
2018,1,A,골목상권,2110518,서대문구청,254,73,181,0,51,82,72,31,18,0,7,28,20,10,8,0,44,54,52,21,10
2018,1,A,골목상권,2110517,서대문소방서,470,340,130,1,72,150,103,113,31,0,38,109,80,92,21,1,34,41,23,21,10
2018,1,A,골목상권,2110516,정원여중,54,21,33,1,2,14,13,13,11,0,1,7,6,4,3,1,1,7,7,9,8
2018,1,A,골목상권,2110515,홍은중학교,137,100,37,0,12,38,51,23,13,0,7,33,37,15,8,0,5,5,14,8,5
2018,1,A,골목상권,2110514,서대문우체국,108,53,55,0,15,31,32,23,7,0,7,18,13,9,6,0,8,13,19,14,1
2018,1,A,골목상권,2110513,연희파출소,461,289,172,20,111,113,92,71,54,15,77,76,56,33,32,5,34,37,36,38,22
2018,1,A,골목상권,2110512,연희지하차도,349,126,223,1,55,46,79,96,72,1,16,22,32,32,23,0,39,24,47,64,49
2018,1,A,골목상권,2110511,연희초등학교,381,131,250,2,98,73,84,78,46,0,25,23,31,26,26,2,73,50,53,52,20
2018,1,A,골목상권,2110510,홍연시장,151,95,56,0,8,38,44,41,20,0,4,26,30,25,10,0,4,12,14,16,10
2018,1,A,골목상권,2110509,연희대우아파트앞,1504,531,973,6,179,367,505,333,114,1,62,155,145,90,78,5,117,212,360,243,36
2018,1,A,골목상권,2110508,서연중학교,330,161,169,1,75,107,63,52,32,0,24,58,37,24,18,1,51,49,26,28,14
2018,1,A,골목상권,2110507,명지대학교,425,187,238,1,82,91,95,96,60,0,33,44,37,47,26,1,49,47,58,49,34
2018,1,A,골목상권,2110506,연희임광아파트,147,91,56,0,17,18,46,36,30,0,9,10,32,22,18,0,8,8,14,14,12
2018,1,A,골목상권,2110505,홍남교남측,40,22,18,0,4,11,9,10,6,0,2,3,4,8,5,0,2,8,5,2,1
2018,1,A,골목상권,2110504,명지전문대,25,16,9,0,1,6,8,9,1,0,1,2,6,6,1,0,0,4,2,3,0
2018,1,A,골목상권,2110503,명지대학교교회,485,332,153,2,41,69,114,149,110,1,19,40,65,115,92,1,22,29,49,34,18
2018,1,A,골목상권,2110502,남가좌파출소,311,149,162,0,33,74,91,74,39,0,8,33,54,33,21,0,25,41,37,41,18
2018,1,A,골목상권,2110501,연희어린이공원,169,97,72,0,26,47,45,30,21,0,12,30,24,17,14,0,14,17,21,13,7
2018,1,A,골목상권,2110500,남가좌동현대아파트,40,17,23,0,3,7,12,7,11,0,1,2,3,3,8,0,2,5,9,4,3
2018,1,A,골목상권,2110499,연가초등학교,184,78,106,1,40,33,45,45,20,0,13,14,18,21,12,1,27,19,27,24,8
2018,1,A,골목상권,2110498,증산역 1번,237,125,112,0,23,47,62,69,36,0,10,24,37,36,18,0,13,23,25,33,18
2018,1,A,골목상권,2110497,가좌역 3번,353,275,78,0,27,46,113,125,42,0,9,21,95,116,34,0,18,25,18,9,8
2018,1,A,골목상권,2110496,모래내우체국,383,179,204,1,49,81,118,75,59,0,8,37,62,37,35,1,41,44,56,38,24
2018,1,A,골목상권,2110495,북가좌2동주민센터,528,341,187,1,33,75,147,190,82,0,13,46,97,130,55,1,20,29,50,60,27
2018,1,A,골목상권,2110494,증산3교남측,53,41,12,0,6,13,16,14,4,0,3,11,13,10,4,0,3,2,3,4,0
2018,1,A,골목상권,2110493,북가좌초등학교,169,128,41,0,10,43,51,39,26,0,5,33,36,29,25,0,5,10,15,10,1
2018,1,A,골목상권,2110492,하나고등학교,256,42,214,3,18,13,14,122,86,1,5,7,4,13,12,2,13,6,10,109,74
2018,1,A,골목상권,2110491,불광중학교,66,24,42,0,5,8,33,17,3,0,3,3,11,5,2,0,2,5,22,12,1
2018,1,A,골목상권,2110490,녹번동근린공원,285,121,164,1,23,43,86,85,47,1,6,22,35,34,23,0,17,21,51,51,24
2018,1,A,골목상권,2110489,불광역 3번,58,32,26,0,3,7,21,20,7,0,1,3,12,11,5,0,2,4,9,9,2
2018,1,A,골목상권,2110488,우리은행응암동지점,543,245,298,1,45,69,91,147,190,0,8,21,30,61,125,1,37,48,61,86,65
2018,1,A,골목상권,2110487,불광역 8번,165,86,79,1,22,54,42,30,16,0,9,31,23,14,9,1,13,23,19,16,7
2018,1,A,골목상권,2110486,은평구청,675,335,340,1,65,115,209,177,108,1,27,54,106,90,57,0,38,61,103,87,51
2018,1,A,골목상권,2110485,연신내우체국,129,45,84,1,18,32,25,34,19,1,4,11,14,10,5,0,14,21,11,24,14
2018,1,A,골목상권,2110484,역촌역 3번,334,135,199,1,54,73,92,71,43,0,14,36,37,25,23,1,40,37,55,46,20
2018,1,A,골목상권,2110483,연천초등학교,40,17,23,0,3,10,14,11,2,0,1,4,5,5,2,0,2,6,9,6,0
2018,1,A,골목상권,2110482,연신초등학교,77,20,57,0,2,22,25,19,9,0,0,9,6,2,3,0,2,13,19,17,6
2018,1,A,골목상권,2110481,불광역 7번,438,154,284,1,61,81,99,93,103,0,27,26,33,27,41,1,34,55,66,66,62
2018,1,A,골목상권,2110480,연신내역 3번,82,21,61,1,15,18,23,16,9,0,2,5,6,5,3,1,13,13,17,11,6
2018,1,A,골목상권,2110479,연신내역 2번,508,230,278,0,57,62,149,120,120,0,15,36,70,50,59,0,42,26,79,70,61
2018,1,A,골목상권,2110478,응암1동주민센터,405,168,237,2,52,74,129,94,54,1,17,34,56,35,25,1,35,40,73,59,29
2018,1,A,골목상권,2110477,은평세무서,910,417,493,5,105,181,236,227,156,4,30,71,119,101,92,1,75,110,117,126,64
2018,1,A,골목상권,2110476,역촌역 2번,70,30,40,0,6,13,27,14,10,0,3,5,13,4,5,0,3,8,14,10,5
2018,1,A,골목상권,2110475,백련산해모로아파트,276,109,167,2,26,56,81,80,31,1,13,26,26,25,18,1,13,30,55,55,13
2018,1,A,골목상권,2110474,세명컴퓨터고등학교,184,80,104,0,29,42,56,36,21,0,14,17,28,13,8,0,15,25,28,23,13
2018,1,A,골목상권,2110473,구산역 1번,418,203,215,0,43,77,126,95,77,0,14,33,65,42,49,0,29,44,61,53,28
2018,1,A,골목상권,2110472,연신내역 4번,460,217,243,3,55,103,100,108,91,2,25,55,45,47,43,1,30,48,55,61,48
2018,1,A,골목상권,2110471,응암동우체국,350,133,217,0,37,69,105,90,49,0,7,19,45,36,26,0,30,50,60,54,23
2018,1,A,골목상권,2110470,신진과학기술고등학교,116,62,54,0,8,28,37,25,18,0,4,12,21,15,10,0,4,16,16,10,8
2018,1,A,골목상권,2110469,응암정보도서관,572,287,285,3,67,128,166,131,77,1,22,65,85,69,45,2,45,63,81,62,32
2018,1,A,골목상권,2110468,응암역 3번,825,417,408,3,104,176,210,221,111,0,39,96,114,112,56,3,65,80,96,109,55
2018,1,A,골목상권,2110467,은평요양병원,242,124,118,1,28,51,69,53,40,0,11,31,25,31,26,1,17,20,44,22,14
2018,1,A,골목상권,2110466,구산역 2번,157,98,59,0,16,42,43,36,20,0,11,27,25,22,13,0,5,15,18,14,7
2018,1,A,골목상권,2110465,연신내역 7번,245,134,111,1,32,52,73,51,36,1,16,38,24,28,27,0,16,14,49,23,9
2018,1,A,골목상권,2110464,연신내역 5번,508,280,228,0,48,86,106,107,161,0,15,45,55,51,114,0,33,41,51,56,47
2018,1,A,골목상권,2110463,응암3동주민센터,270,116,154,1,72,68,53,39,37,1,33,38,16,12,16,0,39,30,37,27,21
2018,1,A,골목상권,2110462,갈현건영아파트,188,91,97,0,20,36,57,54,21,0,9,15,27,30,10,0,11,21,30,24,11
2018,1,A,골목상권,2110461,새절역 2번,46,22,24,1,3,8,18,10,6,1,3,6,8,2,2,0,0,2,10,8,4
2018,1,A,골목상권,2110460,구산역 4번,783,277,506,4,115,162,195,218,89,3,24,75,72,71,32,1,91,87,123,147,57
2018,1,A,골목상권,2110459,응암역 2번,393,181,212,2,48,73,120,86,64,1,16,38,48,43,35,1,32,35,72,43,29
2018,1,A,골목상권,2110458,선일여고,268,106,162,1,40,58,82,55,32,0,18,21,32,19,16,1,22,37,50,36,16
2018,1,A,골목상권,2110457,예일여고,308,158,150,0,22,66,87,75,58,0,11,37,53,32,25,0,11,29,34,43,33
2018,1,A,골목상권,2110456,구산보건지소,404,161,243,0,28,79,132,121,44,0,10,34,54,38,25,0,18,45,78,83,19
2018,1,A,골목상권,2110455,역촌노인복지관,417,176,241,1,48,81,111,118,58,1,21,37,44,41,32,0,27,44,67,77,26
2018,1,A,골목상권,2110454,선정중학교,116,30,86,0,13,17,38,22,26,0,5,8,7,6,4,0,8,9,31,16,22
2018,1,A,골목상권,2110453,신사1동주민센터,757,348,409,3,94,153,197,187,123,0,36,93,98,73,48,3,58,60,99,114,75
2018,1,A,골목상권,2110452,새절역 3번,787,367,420,0,33,75,132,208,339,0,9,29,67,114,148,0,24,46,65,94,191
2018,1,A,골목상권,2110451,증산역 4번,430,274,156,3,54,106,136,81,50,2,24,79,96,43,30,1,30,27,40,38,20
2018,1,A,골목상권,2110450,시립서북병원,1207,376,831,1,199,274,300,255,178,0,57,97,100,69,53,1,142,177,200,186,125
2018,1,A,골목상권,2110449,증산역 3번,817,454,363,7,105,145,175,217,168,4,37,52,94,147,120,3,68,93,81,70,48
2018,1,A,골목상권,2110448,상신초등학교입구,61,28,33,0,3,5,29,14,10,0,0,1,9,9,9,0,3,4,20,5,1
2018,1,A,골목상권,2110447,구산초등학교,31,5,26,0,1,3,9,7,11,0,0,2,1,0,2,0,1,1,8,7,9
2018,1,A,골목상권,2110446,내를건너서숲으로도서관,217,122,95,0,20,18,50,70,59,0,3,6,24,37,52,0,17,12,26,33,7
2018,1,A,골목상권,2110445,덕산중학교,20,11,9,0,2,2,9,5,2,0,1,1,6,1,2,0,1,1,3,4,0
2018,1,A,골목상권,2110444,수색성당,399,358,41,0,7,30,67,129,166,0,5,18,50,123,162,0,2,12,17,6,4
2018,1,A,골목상권,2110443,수색역 1번,42,19,23,0,7,9,14,7,5,0,2,2,6,5,4,0,5,7,8,2,1
2018,1,A,골목상권,2110442,화랑대철도공원,165,68,97,0,13,24,25,67,36,0,9,19,10,19,11,0,4,5,15,48,25
2018,1,A,골목상권,2110441,영신여고,232,73,159,0,27,34,58,60,53,0,9,14,18,15,17,0,18,20,40,45,36
2018,1,A,골목상권,2110440,상계3동4동주민센터,88,38,50,0,13,11,27,29,8,0,2,8,12,12,4,0,11,3,15,17,4
2018,1,A,골목상권,2110439,당고개역 5번,27,14,13,0,4,1,12,8,2,0,1,0,8,3,2,0,3,1,4,5,0
2018,1,A,골목상권,2110438,경춘선숲길 우측,410,172,238,0,55,98,133,79,45,0,25,46,48,32,21,0,30,52,85,47,24
2018,1,A,골목상권,2110437,당고개역 2번,347,119,228,0,46,58,75,112,56,0,17,31,30,29,12,0,29,27,45,83,44
2018,1,A,골목상권,2110436,상계제일중학교,225,71,154,0,20,40,59,75,31,0,5,13,17,24,12,0,15,27,42,51,19
2018,1,A,골목상권,2110435,서울과학기술대,67,37,30,1,10,10,24,14,8,1,4,6,13,7,6,0,6,4,11,7,2
2018,1,A,골목상권,2110434,태릉입구역 4번,176,91,85,0,17,27,53,48,31,0,7,14,27,21,22,0,10,13,26,27,9
2018,1,A,골목상권,2110433,공릉역 2번,340,139,201,0,27,40,67,113,93,0,10,25,33,29,42,0,17,15,34,84,51
2018,1,A,골목상권,2110432,대진고등학교,290,135,155,2,25,37,91,87,48,2,18,22,37,34,22,0,7,15,54,53,26
2018,1,A,골목상권,2110431,상계역,364,145,219,4,47,77,110,86,40,0,14,30,57,32,12,4,33,47,53,54,28
2018,1,A,골목상권,2110430,중계초등학교,236,110,126,1,34,40,51,52,58,0,12,17,22,22,37,1,22,23,29,30,21
2018,1,A,골목상권,2110429,공릉동 국수거리,3137,1293,1844,21,352,547,720,818,679,12,130,337,324,304,186,9,222,210,396,514,493
2018,1,A,골목상권,2110428,상계5동주민센터,739,345,394,2,72,93,207,207,158,0,29,56,89,89,82,2,43,37,118,118,76
2018,1,A,골목상권,2110427,노원 을지대학교병원,193,137,56,0,8,21,57,69,38,0,3,14,32,54,34,0,5,7,25,15,4
2018,1,A,골목상권,2110426,상계2동주민센터,504,187,317,2,63,97,136,132,74,2,16,41,50,45,33,0,47,56,86,87,41
2018,1,A,골목상권,2110425,계상초등학교,329,150,179,0,34,68,74,102,51,0,12,38,28,48,24,0,22,30,46,54,27
2018,1,A,골목상권,2110424,상계초등학교,528,174,354,2,48,75,144,169,90,1,15,38,54,42,24,1,33,37,90,127,66
2018,1,A,골목상권,2110423,석계역 2번,468,226,242,0,50,80,102,133,103,0,22,51,53,56,44,0,28,29,49,77,59
2018,1,A,골목상권,2110422,노원역 9번,137,52,85,0,11,17,32,48,29,0,4,7,13,13,15,0,7,10,19,35,14
2018,1,A,골목상권,2110421,석계역 1번,368,121,247,1,74,66,102,76,49,0,20,24,32,27,18,1,54,42,70,49,31
2018,1,A,골목상권,2110420,광운대역 1번,220,109,111,0,35,44,64,39,38,0,8,28,37,19,17,0,27,16,27,20,21
2018,1,A,골목상권,2110419,수락산디자인거리,1578,1037,541,4,74,201,330,294,675,3,41,118,196,171,508,1,33,83,134,123,167
2018,1,A,골목상권,2110418,광운대학교 남단,125,83,42,2,9,23,37,34,20,2,6,20,19,23,13,0,3,3,18,11,7
2018,1,A,골목상권,2110417,월계역 3번,49,28,21,0,11,11,13,11,3,0,6,8,7,4,3,0,5,3,6,7,0
2018,1,A,골목상권,2110416,노원초등학교,591,312,279,0,60,97,161,153,120,0,35,56,70,75,76,0,25,41,91,78,44
2018,1,A,골목상권,2110415,수락산역 4번,1696,942,754,6,193,322,425,367,383,4,80,215,251,222,170,2,113,107,174,145,213
2018,1,A,골목상권,2110414,장석교회,292,242,50,0,11,22,44,114,101,0,3,14,37,96,92,0,8,8,7,18,9
2018,1,A,골목상권,2110413,누원고등학교,554,152,402,1,42,71,106,201,133,1,16,42,33,39,21,0,26,29,73,162,112
2018,1,A,골목상권,2110412,창동중학교,45,33,12,0,7,16,8,7,7,0,6,13,7,3,4,0,1,3,1,4,3
2018,1,A,골목상권,2110411,도봉역 3번,637,465,172,1,36,81,132,198,189,1,10,36,87,157,174,0,26,45,45,41,15
2018,1,A,골목상권,2110410,방학역 2번,1369,869,500,14,144,187,268,400,356,10,50,84,167,273,285,4,94,103,101,127,71
2018,1,A,골목상권,2110409,창동역 2번,438,221,217,1,51,104,139,99,44,0,20,50,64,57,30,1,31,54,75,42,14
2018,1,A,골목상권,2110408,가인초등학교,643,263,380,2,118,156,172,130,65,0,24,72,77,54,36,2,94,84,95,76,29
2018,1,A,골목상권,2110407,도봉역 2번,741,444,297,3,68,118,172,209,171,2,29,70,99,132,112,1,39,48,73,77,59
2018,1,A,골목상권,2110406,도봉산역 1번,772,608,164,0,25,64,192,314,177,0,11,43,161,261,132,0,14,21,31,53,45
2018,1,A,골목상권,2110405,방학역 1번,382,153,229,6,40,70,127,99,40,3,12,34,38,43,23,3,28,36,89,56,17
2018,1,A,골목상권,2110404,신창초등학교,626,263,363,2,68,103,170,170,113,2,19,46,80,65,51,0,49,57,90,105,62
2018,1,A,골목상권,2110403,방학1동주민센터,377,135,242,1,40,55,103,104,74,0,11,23,40,31,30,1,29,32,63,73,44
2018,1,A,골목상권,2110402,도봉구 정병원,514,240,274,2,47,65,126,152,122,0,27,39,59,66,49,2,20,26,67,86,73
2018,1,A,골목상권,2110401,도봉구민회관,374,123,251,4,53,56,70,137,54,3,10,28,30,40,12,1,43,28,40,97,42
2018,1,A,골목상권,2110400,도봉구보건소,1004,468,536,3,113,174,222,277,215,1,38,92,89,135,113,2,75,82,133,142,102
2018,1,A,골목상권,2110399,창2동주민센터,680,320,360,21,74,104,204,204,73,7,31,58,83,101,40,14,43,46,121,103,33
2018,1,A,골목상권,2110398,쌍문2동우체국,995,707,288,4,86,148,195,207,355,1,39,98,120,140,309,3,47,50,75,67,46
2018,1,A,골목상권,2110397,도봉산입구,636,339,297,2,52,83,163,204,132,2,16,42,75,115,89,0,36,41,88,89,43
2018,1,A,골목상권,2110396,쌍문역1번(쌍리단길),484,173,311,8,106,87,117,107,59,0,19,38,50,40,26,8,87,49,67,67,33
2018,1,A,골목상권,2110395,신한은행 방학동지점,222,77,145,1,25,37,55,54,50,0,3,14,25,16,19,1,22,23,30,38,31
2018,1,A,골목상권,2110394,방학중학교,228,87,141,1,20,35,58,76,38,1,6,20,19,24,17,0,14,15,39,52,21
2018,1,A,골목상권,2110393,국민은행방학지점,141,40,101,2,17,24,45,33,20,0,2,9,13,10,6,2,15,15,32,23,14
2018,1,A,골목상권,2110392,발바닥공원,135,46,89,0,17,26,25,34,33,0,5,13,6,13,9,0,12,13,19,21,24
2018,1,A,골목상권,2110391,샘말어린이공원,310,170,140,0,37,88,89,66,30,0,18,60,54,24,14,0,19,28,35,42,16
2018,1,A,골목상권,2110390,방학초등학교,377,154,223,0,24,67,104,95,87,0,3,31,45,37,38,0,21,36,59,58,49
2018,1,A,골목상권,2110389,한일병원,177,104,73,0,14,35,49,58,21,0,8,19,28,32,17,0,6,16,21,26,4
2018,1,A,골목상권,2110388,도봉우체국,63,28,35,0,10,11,20,10,12,0,5,6,7,2,8,0,5,5,13,8,4
2018,1,A,골목상권,2110387,쌍문초등학교,302,184,118,0,46,68,78,61,49,0,21,48,38,38,39,0,25,20,40,23,10
2018,1,A,골목상권,2110386,연산군묘,159,137,22,0,1,6,22,64,66,0,1,3,17,54,62,0,0,3,5,10,4
2018,1,A,골목상권,2110385,효문고등학교,15,11,4,0,0,1,7,5,2,0,0,1,5,4,1,0,0,0,2,1,1
2018,1,A,골목상권,2110384,문이교,24,12,12,0,2,4,7,10,1,0,2,4,1,5,0,0,0,0,6,5,1
2018,1,A,골목상권,2110383,덕성여대시반거리,170,69,101,0,17,30,48,47,28,0,10,17,19,14,9,0,7,13,29,33,19
2018,1,A,골목상권,2110382,솔밭공원역 1번,431,216,215,0,58,56,71,139,107,0,11,27,27,66,85,0,47,29,44,73,22
2018,1,A,골목상권,2110381,번동주공2단지,288,139,149,4,84,50,73,57,20,2,36,29,41,23,8,2,48,21,32,34,12
2018,1,A,골목상권,2110380,강북문화정보도서관,40,8,32,0,14,6,10,8,2,0,1,1,1,4,1,0,13,5,9,4,1
2018,1,A,골목상권,2110379,KT&G 북부지사,59,23,36,0,4,11,23,13,8,0,1,3,12,5,2,0,3,8,11,8,6
2018,1,A,골목상권,2110378,송중동주민센터,130,62,68,0,21,37,45,21,6,0,8,18,21,12,3,0,13,19,24,9,3
2018,1,A,골목상권,2110377,미아사거리역 3번,66,39,27,0,7,18,17,17,7,0,5,13,9,9,3,0,2,5,8,8,4
2018,1,A,골목상권,2110376,수송초등학교,441,179,262,2,58,89,134,106,52,0,19,45,41,46,28,2,39,44,93,60,24
2018,1,A,골목상권,2110375,서울북부고용노동지청,391,228,163,1,78,75,97,82,58,1,67,52,48,35,25,0,11,23,49,47,33
2018,1,A,골목상권,2110374,송중초등학교,654,251,403,0,71,115,191,179,98,0,22,52,74,58,45,0,49,63,117,121,53
2018,1,A,골목상권,2110373,수유역 2번,947,727,220,0,100,271,226,259,91,0,65,226,181,200,55,0,35,45,45,59,36
2018,1,A,골목상권,2110372,강북중학교,132,73,59,0,13,20,31,35,33,0,5,10,17,20,21,0,8,10,14,15,12
2018,1,A,골목상권,2110371,삼양입구사거리,126,46,80,1,7,11,39,49,19,1,2,1,16,15,11,0,5,10,23,34,8
2018,1,A,골목상권,2110370,도봉세무서,1087,537,550,0,35,106,159,228,559,0,20,57,94,152,214,0,15,49,65,76,345
2018,1,A,골목상권,2110369,성신여대운정그린캠퍼스,715,310,405,2,94,145,141,176,157,0,23,70,69,62,86,2,71,75,72,114,71
2018,1,A,골목상권,2110368,송천초등학교,103,52,51,1,13,16,21,34,18,1,6,10,10,12,13,0,7,6,11,22,5
2018,1,A,골목상권,2110367,강북구청,2147,1158,989,1,176,563,547,605,255,1,56,257,273,423,148,0,120,306,274,182,107
2018,1,A,골목상권,2110366,광산사거리,164,109,55,0,10,27,42,52,33,0,6,17,23,36,27,0,4,10,19,16,6
2018,1,A,골목상권,2110365,미아역 5번,95,37,58,3,6,19,34,23,10,2,1,8,15,7,4,1,5,11,19,16,6
2018,1,A,골목상권,2110364,미아역 8번,210,93,117,2,19,35,76,50,28,1,8,17,30,21,16,1,11,18,46,29,12
2018,1,A,골목상권,2110363,송천동주민센터,36,24,12,0,11,9,5,4,7,0,8,5,4,1,6,0,3,4,1,3,1
2018,1,A,골목상권,2110362,우이천 계성교,252,127,125,0,49,52,55,65,31,0,13,40,35,27,12,0,36,12,20,38,19
2018,1,A,골목상권,2110361,삼양사거리역 1번,277,101,176,3,30,50,56,72,66,3,12,25,19,22,20,0,18,25,37,50,46
2018,1,A,골목상권,2110360,수유초등학교,499,328,171,0,57,80,108,134,120,0,16,53,67,90,102,0,41,27,41,44,18
2018,1,A,골목상권,2110359,수유시장옆,183,73,110,0,16,43,46,45,33,0,3,22,27,13,8,0,13,21,19,32,25
2018,1,A,골목상권,2110358,인수동 우편취급국,726,425,301,3,32,75,123,244,249,2,6,45,59,121,192,1,26,30,64,123,57
2018,1,A,골목상권,2110357,가오리역 1번,277,107,170,0,28,49,62,70,68,0,8,19,22,31,27,0,20,30,40,39,41
2018,1,A,골목상권,2110356,덕수교,248,87,161,3,17,38,57,83,50,0,3,20,21,23,20,3,14,18,36,60,30
2018,1,A,골목상권,2110355,삼양사거리역 2번,260,165,95,0,25,29,46,87,73,0,3,13,20,67,62,0,22,16,26,20,11
2018,1,A,골목상권,2110354,삼각산119안전센터,51,18,33,0,12,15,17,6,1,0,4,7,4,3,0,0,8,8,13,3,1
2018,1,A,골목상권,2110353,수유동우체국,218,107,111,0,23,38,52,68,37,0,12,22,26,37,10,0,11,16,26,31,27
2018,1,A,골목상권,2110352,수유1동주민센터,507,177,330,0,62,95,152,129,69,0,26,42,47,40,22,0,36,53,105,89,47
2018,1,A,골목상권,2110351,수유북부시장옆,87,25,62,0,6,18,22,33,8,0,2,9,4,7,3,0,4,9,18,26,5
2018,1,A,골목상권,2110350,가오리역 2번,123,74,49,0,16,23,38,32,14,0,10,12,24,18,10,0,6,11,14,14,4
2018,1,A,골목상권,2110349,화계역 2번,17,4,13,0,5,2,7,3,0,0,0,0,3,1,0,0,5,2,4,2,0
2018,1,A,골목상권,2110348,강북문화예술회관,611,217,394,0,68,95,158,185,105,0,18,39,70,49,41,0,50,56,88,136,64
2018,1,A,골목상권,2110347,구세군강북종합사회복지관,45,18,27,0,11,13,11,5,5,0,2,8,3,2,3,0,9,5,8,3,2
2018,1,A,골목상권,2110346,4.19민주묘지역 2번,119,72,47,2,21,23,35,23,15,1,10,14,22,14,11,1,11,9,13,9,4
2018,1,A,골목상권,2110345,솔밭공원역 2번,180,68,112,0,28,37,51,51,13,0,3,12,25,17,11,0,25,25,26,34,2
2018,1,A,골목상권,2110344,화계중학교,533,521,12,0,5,48,198,235,47,0,2,46,193,234,46,0,3,2,5,1,1
2018,1,A,골목상권,2110343,무너미어린이공원,109,61,48,0,20,14,40,26,9,0,9,11,24,11,6,0,11,3,16,15,3
2018,1,A,골목상권,2110342,국립재활원,54,30,24,1,3,13,18,16,3,1,2,7,10,9,1,0,1,6,8,7,2
2018,1,A,골목상권,2110341,북한산우이역 2번,429,388,41,1,7,16,70,252,83,0,5,11,55,240,77,1,2,5,15,12,6
2018,1,A,골목상권,2110340,인수중학교,139,54,85,1,15,13,49,32,29,1,4,6,14,10,19,0,11,7,35,22,10
2018,1,A,골목상권,2110339,국립4.19민주묘지,293,221,72,0,18,31,82,117,45,0,5,15,65,100,36,0,13,16,17,17,9
2018,1,A,골목상권,2110338,인수초등학교,11,9,2,0,1,5,4,0,1,0,1,3,4,0,1,0,0,2,0,0,0
2018,1,A,골목상권,2110337,아카데미하우스,553,276,277,1,56,59,77,152,208,0,28,35,37,74,102,1,28,24,40,78,106
2018,1,A,골목상권,2110336,석관고등학교,362,290,72,0,12,57,102,128,63,0,8,41,89,106,46,0,4,16,13,22,17
2018,1,A,골목상권,2110335,석계역 7번,596,380,216,1,55,119,169,157,95,1,19,70,101,114,75,0,36,49,68,43,20
2018,1,A,골목상권,2110334,석관중앙교회,225,101,124,2,22,56,51,59,35,0,5,26,26,30,14,2,17,30,25,29,21
2018,1,A,골목상권,2110333,돌곶이역 5번,1159,820,339,1,51,95,106,128,778,1,22,60,62,65,610,0,29,35,44,63,168
2018,1,A,골목상권,2110332,돌곶이역 3번,195,82,113,0,21,31,51,52,40,0,3,13,21,20,25,0,18,18,30,32,15
2018,1,A,골목상권,2110331,돌곶이역 8번,473,196,277,3,81,122,123,92,52,1,22,58,48,39,28,2,59,64,75,53,24
2018,1,A,골목상권,2110330,돌곶이역 1번,496,270,226,0,31,48,117,118,182,0,15,22,53,39,141,0,16,26,64,79,41
2018,1,A,골목상권,2110329,우리은행체육관,148,60,88,0,14,27,50,40,17,0,2,13,22,15,8,0,12,14,28,25,9
2018,1,A,골목상권,2110328,상월곡역 3번,533,292,241,0,81,159,163,87,43,0,33,83,100,46,30,0,48,76,63,41,13
2018,1,A,골목상권,2110327,상월곡역 2번,235,127,108,0,17,43,74,64,37,0,5,22,39,35,26,0,12,21,35,29,11
2018,1,A,골목상권,2110326,장위동성당,42,17,25,0,4,2,15,14,7,0,2,0,6,6,3,0,2,2,9,8,4
2018,1,A,골목상권,2110325,장곡초등학교,105,45,60,0,8,24,42,23,8,0,1,14,19,8,3,0,7,10,23,15,5
2018,1,A,골목상권,2110324,월곡역 4번,102,45,57,0,50,20,15,11,6,0,18,12,7,5,3,0,32,8,8,6,3
2018,1,A,골목상권,2110323,상월곡역 1번,231,107,124,1,22,57,66,53,32,0,10,27,32,22,16,1,12,30,34,31,16
2018,1,A,골목상권,2110322,장위1동주민센터,182,67,115,1,13,28,48,71,21,0,3,4,20,29,11,1,10,24,28,42,10
2018,1,A,골목상권,2110321,동덕여대,46,23,23,0,8,18,13,5,2,0,3,13,5,2,0,0,5,5,8,3,2
2018,1,A,골목상권,2110320,KB국민은행 종암동지점,140,77,63,1,8,16,37,55,23,0,3,7,19,29,19,1,5,9,18,26,4
2018,1,A,골목상권,2110319,종암동주민센터,326,151,175,4,52,75,68,76,51,0,22,32,32,42,23,4,30,43,36,34,28
2018,1,A,골목상권,2110318,KT월곡지사,331,173,158,1,46,60,74,96,54,0,21,34,49,43,26,1,25,26,25,53,28
2018,1,A,골목상권,2110317,종암중학교,173,94,79,0,25,45,54,35,14,0,10,27,32,18,7,0,15,18,22,17,7
2018,1,A,골목상권,2110316,숭곡초등학교,1046,588,458,11,212,297,296,164,66,3,98,178,187,85,37,8,114,119,109,79,29
2018,1,A,골목상권,2110315,종암아이파크2차,440,176,264,3,81,77,112,105,62,2,23,43,48,29,31,1,58,34,64,76,31
2018,1,A,골목상권,2110314,종암경찰서,1245,752,493,1,140,286,356,366,96,0,64,195,232,229,32,1,76,91,124,137,64
2018,1,A,골목상권,2110313,안암역 3번,626,290,336,4,140,148,159,105,70,0,59,88,70,43,30,4,81,60,89,62,40
2018,1,A,골목상권,2110312,안암역 2번,338,174,164,0,58,93,83,73,31,0,26,58,48,29,13,0,32,35,35,44,18
2018,1,A,골목상권,2110311,종암아이파크2차후문,42,22,20,0,6,10,14,9,3,0,3,5,6,5,3,0,3,5,8,4,0
2018,1,A,골목상권,2110310,길음역 10번,323,64,259,0,14,33,104,122,50,0,6,11,14,19,14,0,8,22,90,103,36
2018,1,A,골목상권,2110309,대광초등학교,532,320,212,2,85,139,150,101,55,2,31,77,95,70,45,0,54,62,55,31,10
2018,1,A,골목상권,2110308,길음역 8번,327,163,164,2,59,61,92,61,52,1,21,33,44,32,32,1,38,28,48,29,20
2018,1,A,골목상권,2110307,길음역 7번,521,176,345,13,109,115,147,90,47,6,21,39,53,30,27,7,88,76,94,60,20
2018,1,A,골목상권,2110306,미아초등학교,92,40,52,0,16,23,27,15,11,0,7,14,12,6,1,0,9,9,15,9,10
2018,1,A,골목상권,2110305,보문역 5번,545,274,271,7,96,117,116,107,102,1,21,73,59,54,66,6,75,44,57,53,36
2018,1,A,골목상권,2110304,보문역 4번,463,215,248,4,88,93,129,94,55,1,38,48,66,41,21,3,50,45,63,53,34
2018,1,A,골목상권,2110303,성신여대입구역 1번,354,155,199,0,38,56,83,95,82,0,14,35,38,36,32,0,24,21,45,59,50
2018,1,A,골목상권,2110302,보문역 8번,698,419,279,3,103,133,156,170,133,1,50,71,91,102,104,2,53,62,65,68,29
2018,1,A,골목상권,2110301,성신여대입구역 7번,460,175,285,0,33,63,130,140,94,0,14,22,57,53,29,0,19,41,73,87,65
2018,1,A,골목상권,2110300,삼선동주민센터,3309,1866,1443,6,340,807,929,949,278,4,122,339,520,701,180,2,218,468,409,248,98
2018,1,A,골목상권,2110299,정릉역 1번,504,199,305,1,64,115,143,114,67,1,14,51,53,51,29,0,50,64,90,63,38
2018,1,A,골목상권,2110298,솔숲어린이공원,98,27,71,0,15,20,29,21,13,0,1,6,12,4,4,0,14,14,17,17,9
2018,1,A,골목상권,2110297,경동고등학교,517,242,275,0,60,112,139,133,73,0,22,70,66,55,29,0,38,42,73,78,44
2018,1,A,골목상권,2110296,성신여대입구역 4번,154,50,104,0,19,39,43,27,26,0,4,15,16,7,8,0,15,24,27,20,18
2018,1,A,골목상권,2110295,정릉우체국,272,139,133,2,48,58,68,62,34,0,22,33,36,25,23,2,26,25,32,37,11
2018,1,A,골목상권,2110294,서경대학교,485,339,146,0,32,47,104,162,140,0,5,25,60,129,120,0,27,22,44,33,20
2018,1,A,골목상권,2110293,삼선중학교,580,319,261,3,83,143,173,110,68,2,31,98,102,49,37,1,52,45,71,61,31
2018,1,A,골목상권,2110292,정릉역 2번,92,39,53,0,7,25,23,21,16,0,3,12,8,9,7,0,4,13,15,12,9
2018,1,A,골목상권,2110291,한성대입구역 3번,1043,535,508,4,223,196,241,262,117,1,93,92,136,152,61,3,130,104,105,110,56
2018,1,A,골목상권,2110290,북한산보국문역 1번,53,43,10,0,4,7,20,17,5,0,1,7,17,14,4,0,3,0,3,3,1
2018,1,A,골목상권,2110289,북한산보국문역 2번,115,71,44,0,11,18,35,33,18,0,2,13,20,20,16,0,9,5,15,13,2
2018,1,A,골목상권,2110288,동구여중,609,208,401,2,77,238,203,68,21,0,22,77,68,29,12,2,55,161,135,39,9
2018,1,A,골목상권,2110287,정릉3동주민센터,104,46,58,0,21,19,29,22,13,0,7,9,16,6,8,0,14,10,13,16,5
2018,1,A,골목상권,2110286,한성대입구역 5번,617,316,301,11,134,176,151,104,41,1,41,97,87,59,31,10,93,79,64,45,10
2018,1,A,골목상권,2110285,홍대부중,160,88,72,0,34,50,45,18,13,0,12,32,26,9,9,0,22,18,19,9,4
2018,1,A,골목상권,2110284,정릉북한산국립공원입구,512,465,47,0,9,58,177,199,69,0,5,51,165,179,65,0,4,7,12,20,4
2018,1,A,골목상권,2110283,성북초등학교앞,186,86,100,5,14,44,59,40,24,5,7,18,26,16,14,0,7,26,33,24,10
2018,1,A,골목상권,2110282,국민대학교앞,500,395,105,0,39,62,158,180,61,0,15,40,138,151,51,0,24,22,20,29,10
2018,1,A,골목상권,2110281,길상사,170,99,71,3,24,38,32,43,30,0,10,18,18,27,26,3,14,20,14,16,4
2018,1,A,골목상권,2110280,북정마을,106,27,79,0,20,29,25,24,8,0,4,9,3,10,1,0,16,20,22,14,7
2018,1,A,골목상권,2110279,신내역 2번,132,110,22,0,2,19,32,39,40,0,2,15,22,33,38,0,0,4,10,6,2
2018,1,A,골목상권,2110278,망우본동주민센터,549,250,299,1,82,119,161,126,60,1,32,48,70,57,42,0,50,71,91,69,18
2018,1,A,골목상권,2110277,러스크서울병원,616,295,321,1,98,137,156,136,88,1,37,72,79,60,46,0,61,65,77,76,42
2018,1,A,골목상권,2110276,신내IC북측,206,150,56,0,16,50,71,49,20,0,9,40,46,37,18,0,7,10,25,12,2
2018,1,A,골목상권,2110275,하나은행 망우동지점,164,81,83,0,19,35,45,43,22,0,12,18,18,20,13,0,7,17,27,23,9
2018,1,A,골목상권,2110274,서일대학교,432,209,223,1,68,87,103,100,73,1,15,46,51,49,47,0,53,41,52,51,26
2018,1,A,골목상권,2110273,장스여성병원,756,499,257,6,54,88,110,246,252,0,3,24,64,193,215,6,51,64,46,53,37
2018,1,A,골목상권,2110272,신내1동주민센터,1040,681,359,3,90,212,287,293,155,2,27,134,184,210,124,1,63,78,103,83,31
2018,1,A,골목상권,2110271,신내역 1번,146,108,38,0,4,33,49,40,20,0,2,25,33,32,16,0,2,8,16,8,4
2018,1,A,골목상권,2110270,혜원여고,244,200,44,0,6,11,41,87,99,0,3,4,29,72,92,0,3,7,12,15,7
2018,1,A,골목상권,2110269,용마문화복지센터,202,87,115,1,26,50,58,48,19,1,9,23,30,17,7,0,17,27,28,31,12
2018,1,A,골목상권,2110268,망우3동주민센터,138,70,68,2,13,27,39,38,19,2,5,18,19,15,11,0,8,9,20,23,8
2018,1,A,골목상권,2110267,망우역 2번,341,117,224,0,49,65,93,63,71,0,6,20,34,24,33,0,43,45,59,39,38
2018,1,A,골목상권,2110266,면목동우체국,168,80,88,0,15,26,55,50,22,0,8,14,26,22,10,0,7,12,29,28,12
2018,1,A,골목상권,2110265,망우역 1번,405,193,212,3,60,76,95,104,67,2,21,29,52,51,38,1,39,47,43,53,29
2018,1,A,골목상권,2110264,면목역 2번,629,257,372,1,65,93,155,196,119,1,23,43,65,58,67,0,42,50,90,138,52
2018,1,A,골목상권,2110263,면목역 1번,175,81,94,0,19,44,60,34,18,0,6,18,25,20,12,0,13,26,35,14,6
2018,1,A,골목상권,2110262,상봉역 3번,2235,1387,848,8,306,637,701,333,250,0,182,494,356,157,198,8,124,143,345,176,52
2018,1,A,골목상권,2110261,사가정역 4번,201,72,129,0,21,42,61,54,23,0,6,13,25,19,9,0,15,29,36,35,14
2018,1,A,골목상권,2110260,면목역 3번,203,85,118,2,18,36,63,57,27,1,6,12,23,27,16,1,12,24,40,30,11
2018,1,A,골목상권,2110259,사가정역 1번,284,162,122,0,34,77,79,74,20,0,13,41,46,47,15,0,21,36,33,27,5
2018,1,A,골목상권,2110258,면동초등학교,267,105,162,0,44,54,73,60,36,0,8,22,36,23,16,0,36,32,37,37,20
2018,1,A,골목상권,2110257,상봉역 7번,569,475,94,0,12,30,87,244,196,0,3,15,66,209,182,0,9,15,21,35,14
2018,1,A,골목상권,2110256,면목2동체육관,951,524,427,4,83,138,248,270,208,1,28,73,131,160,131,3,55,65,117,110,77
2018,1,A,골목상권,2110255,상봉역 4번,580,288,292,0,52,106,172,173,77,0,27,56,76,86,43,0,25,50,96,87,34
2018,1,A,골목상권,2110254,오거리공원,341,166,175,0,28,70,93,100,50,0,9,40,46,48,23,0,19,30,47,52,27
2018,1,A,골목상권,2110253,중곡초등학교,283,162,121,0,42,56,81,72,32,0,21,26,44,45,26,0,21,30,37,27,6
2018,1,A,골목상권,2110252,장안제일시장,717,504,213,0,55,90,167,237,168,0,32,44,109,179,140,0,23,46,58,58,28
2018,1,A,골목상권,2110251,장안중학교,190,86,104,1,27,43,65,37,17,1,5,19,29,18,14,0,22,24,36,19,3
2018,1,A,골목상권,2110250,화랑대역 7번,121,62,59,0,17,29,31,31,13,0,6,15,15,17,9,0,11,14,16,14,4
2018,1,A,골목상권,2110249,중화역 1번,814,337,477,0,91,177,229,213,104,0,30,77,91,88,51,0,61,100,138,125,53
2018,1,A,골목상권,2110248,먹골파출소,94,56,38,1,15,21,33,15,9,0,9,15,18,8,6,1,6,6,15,7,3
2018,1,A,골목상권,2110247,먹골역 1번,552,274,278,3,59,111,144,143,92,1,20,57,76,69,51,2,39,54,68,74,41
2018,1,A,골목상권,2110246,월드순복음교회,572,364,208,0,41,144,191,115,81,0,19,98,137,61,49,0,22,46,54,54,32
2018,1,A,골목상권,2110245,KB국민은행 중화동지점,119,73,46,1,13,16,35,28,26,1,6,11,21,16,18,0,7,5,14,12,8
2018,1,A,골목상권,2110244,중화역 4번,867,567,300,0,27,93,140,126,481,0,14,56,88,57,352,0,13,37,52,69,129
2018,1,A,골목상권,2110243,중랑노인종합복지관,466,200,266,0,47,94,118,136,71,0,18,33,58,56,35,0,29,61,60,80,36
2018,1,A,골목상권,2110242,면목5동주민센터,176,99,77,0,29,36,48,40,23,0,8,24,30,23,14,0,21,12,18,17,9
2018,1,A,골목상권,2110241,먹골역 5번,690,337,353,5,135,156,171,148,75,4,41,78,87,78,49,1,94,78,84,70,26
2018,1,A,골목상권,2110240,태릉시장 특화거리,111,33,78,0,13,29,38,20,11,0,1,14,8,6,4,0,12,15,30,14,7
2018,1,A,골목상권,2110239,중랑역 2번,6,1,5,0,0,2,0,1,3,0,0,0,0,0,1,0,0,2,0,1,2
2018,1,A,골목상권,2110238,배꽃어린이공원,66,39,27,0,9,13,22,21,1,0,3,8,13,14,1,0,6,5,9,7,0
2018,1,A,골목상권,2110237,메가박스 상봉,968,555,413,16,203,185,220,219,125,13,86,98,129,138,91,3,117,87,91,81,34
2018,1,A,골목상권,2110236,신묵초등학교,361,216,145,1,38,69,114,105,34,1,15,47,71,61,21,0,23,22,43,44,13
2018,1,A,골목상권,2110235,세화어린이공원,9,8,1,0,1,2,1,5,0,0,1,1,1,5,0,0,0,1,0,0,0
2018,1,A,골목상권,2110234,중랑역 4번,427,277,150,3,45,62,114,111,92,3,15,36,71,82,70,0,30,26,43,29,22
2018,1,A,골목상권,2110233,중랑역 1번,175,95,80,0,22,51,41,45,16,0,13,30,20,20,12,0,9,21,21,25,4
2018,1,A,골목상권,2110232,동대부고,1219,722,497,1,130,193,319,372,204,0,36,110,163,245,168,1,94,83,156,127,36
2018,1,A,골목상권,2110231,장안교,47,36,11,0,3,13,19,9,3,0,2,11,14,7,2,0,1,2,5,2,1
2018,1,A,골목상권,2110230,장안현대홈타운1차아파트,344,168,176,3,46,71,98,73,53,0,17,36,54,35,26,3,29,35,44,38,27
2018,1,A,골목상권,2110229,장평중학교,1508,968,540,4,186,287,356,427,248,4,74,176,208,288,218,0,112,111,148,139,30
2018,1,A,골목상권,2110228,장안근린공원,730,327,403,4,61,130,170,248,117,2,24,71,73,108,49,2,37,59,97,140,68
2018,1,A,골목상권,2110227,답십리공원,533,231,302,0,67,118,168,124,56,0,34,70,61,46,20,0,33,48,107,78,36
2018,1,A,골목상권,2110226,장안1동주민센터,2345,1438,907,11,319,536,665,528,286,7,154,328,437,321,191,4,165,208,228,207,95
2018,1,A,골목상권,2110225,촬영소사거리,597,357,240,0,76,117,131,145,128,0,41,78,81,91,66,0,35,39,50,54,62
2018,1,A,골목상권,2110224,외대앞역 2번,102,34,68,1,5,17,42,24,13,1,3,2,11,11,6,0,2,15,31,13,7
2018,1,A,골목상권,2110223,군자초등학교,689,333,356,3,18,60,75,189,344,2,12,37,39,82,161,1,6,23,36,107,183
2018,1,A,골목상권,2110222,회기역 2번,85,62,23,0,10,13,11,19,32,0,5,10,9,12,26,0,5,3,2,7,6
2018,1,A,골목상권,2110221,의릉,114,81,33,1,16,19,43,25,10,0,10,12,33,16,10,1,6,7,10,9,0
2018,1,A,골목상권,2110220,외대앞역 1번,351,154,197,6,65,84,88,72,36,4,25,43,38,30,14,2,40,41,50,42,22
2018,1,A,골목상권,2110219,삼육보건대학교,244,104,140,0,38,48,66,52,40,0,7,22,25,27,23,0,31,26,41,25,17
2018,1,A,골목상권,2110218,답십리사거리,287,135,152,1,33,54,83,81,35,1,11,26,41,38,18,0,22,28,42,43,17
2018,1,A,골목상권,2110217,자동차부품상가,929,733,196,1,89,204,293,201,141,1,75,172,224,144,117,0,14,32,69,57,24
2018,1,A,골목상권,2110216,전농중학교,256,109,147,1,22,90,76,51,16,1,8,37,30,24,9,0,14,53,46,27,7
2018,1,A,골목상권,2110215,회기역 1번,36,9,27,1,9,6,11,5,4,0,2,1,3,2,1,1,7,5,8,3,3
2018,1,A,골목상권,2110214,경희대후문,80,35,45,0,16,16,23,14,11,0,7,6,9,6,7,0,9,10,14,8,4
2018,1,A,골목상권,2110213,청량초등학교,118,59,59,0,15,33,32,21,17,0,4,23,15,5,12,0,11,10,17,16,5
2018,1,A,골목상권,2110212,답십리초등학교,415,175,240,1,48,65,89,105,107,0,17,29,47,49,33,1,31,36,42,56,74
2018,1,A,골목상권,2110211,전곡마을마당공원,350,209,141,1,47,57,84,99,62,0,20,40,54,55,40,1,27,17,30,44,22
2018,1,A,골목상권,2110210,서울시립대,184,104,80,1,25,36,50,37,35,0,10,20,26,23,25,1,15,16,24,14,10
2018,1,A,골목상권,2110209,답십리 장령당공원,291,214,77,0,22,30,52,43,144,0,13,19,32,21,129,0,9,11,20,22,15
2018,1,A,골목상권,2110208,시조사삼거리,195,139,56,0,15,38,65,67,10,0,7,22,51,49,10,0,8,16,14,18,0
2018,1,A,골목상권,2110207,시립대앞사거리,339,162,177,14,82,65,76,61,41,6,39,44,36,18,19,8,43,21,40,43,22
2018,1,A,골목상권,2110206,텃골근린공원,231,114,117,0,33,32,80,55,31,0,12,13,47,29,13,0,21,19,33,26,18
2018,1,A,골목상권,2110205,경희대삼거리,266,102,164,2,21,33,27,71,112,1,7,22,12,19,41,1,14,11,15,52,71
2018,1,A,골목상권,2110204,간데메공원,451,247,204,2,85,87,119,90,68,1,41,44,66,53,42,1,44,43,53,37,26
2018,1,A,골목상권,2110203,떡전교사거리,358,234,124,1,27,101,88,87,54,1,11,77,67,43,35,0,16,24,21,44,19
2018,1,A,골목상권,2110202,전농1동주민센터(전농시장),203,90,113,2,26,35,51,58,31,1,11,19,32,24,3,1,15,16,19,34,28
2018,1,A,골목상권,2110201,전농119안전센터,28,16,12,0,4,5,6,8,5,0,2,3,4,5,2,0,2,2,2,3,3
2018,1,A,골목상권,2110200,동대문경찰서,122,86,36,0,4,23,21,23,51,0,3,12,13,17,41,0,1,11,8,6,10
2018,1,A,골목상권,2110199,홍릉시장,207,91,116,1,24,42,42,52,46,0,9,22,22,22,16,1,15,20,20,30,30
2018,1,A,골목상권,2110198,동대문중앙새마을금고본점,61,44,17,1,6,19,14,13,8,1,6,10,10,11,6,0,0,9,4,2,2
2018,1,A,골목상권,2110197,세종대왕기념관교차로,67,38,29,0,11,13,13,18,12,0,7,8,10,8,5,0,4,5,3,10,7
2018,1,A,골목상권,2110196,홍릉근린공원,29,19,10,0,2,4,14,8,1,0,2,3,8,5,1,0,0,1,6,3,0
2018,1,A,골목상권,2110195,동대문구청,423,206,217,1,53,65,90,127,87,0,25,36,39,54,52,1,28,29,51,73,35
2018,1,A,골목상권,2110194,홍파초등학교,307,202,105,0,25,63,88,70,61,0,18,49,69,41,25,0,7,14,19,29,36
2018,1,A,골목상권,2110193,고려대역 4번,139,76,63,1,22,20,33,36,27,0,9,12,20,21,14,1,13,8,13,15,13
2018,1,A,골목상권,2110192,동의보감타워,396,198,198,1,57,86,94,94,64,1,22,46,56,45,28,0,35,40,38,49,36
2018,1,A,골목상권,2110191,고려대역 6번,255,129,126,0,22,43,69,78,43,0,10,33,38,28,20,0,12,10,31,50,23
2018,1,A,골목상권,2110190,고대앞사거리,207,90,117,3,31,43,57,41,32,0,5,21,34,14,16,3,26,22,23,27,16
2018,1,A,골목상권,2110189,제기동역 1번,869,578,291,2,96,166,196,180,229,0,39,98,122,129,190,2,57,68,74,51,39
2018,1,A,골목상권,2110188,용두동신동아아파트,1558,816,742,2,307,373,377,328,171,1,117,203,234,172,89,1,190,170,143,156,82
2018,1,A,골목상권,2110187,제기동역 6번,2524,1400,1124,6,383,670,587,502,376,0,130,354,326,317,273,6,253,316,261,185,103
2018,1,A,골목상권,2110186,종암초등학교,244,147,97,0,30,32,44,62,76,0,17,16,29,30,55,0,13,16,15,32,21
2018,1,A,골목상권,2110185,용두초등학교,157,104,53,1,15,34,49,36,22,0,6,25,37,20,16,1,9,9,12,16,6
2018,1,A,골목상권,2110184,용두사거리,502,309,193,0,99,145,102,80,76,0,51,85,62,51,60,0,48,60,40,29,16
2018,1,A,골목상권,2110183,한국의류시험연구원,1157,587,570,6,299,385,263,130,74,2,109,164,160,92,60,4,190,221,103,38,14
2018,1,A,골목상권,2110182,용두희망어린이공원,513,335,178,2,64,128,147,99,73,1,35,80,97,66,56,1,29,48,50,33,17
2018,1,A,골목상권,2110181,신설동역 9번,5317,3548,1769,70,942,1407,1147,786,965,49,524,1013,920,546,496,21,418,394,227,240,469
2018,1,A,골목상권,2110180,광진정보도서관,2579,1387,1192,10,500,579,664,561,265,5,163,350,431,264,174,5,337,229,233,297,91
2018,1,A,골목상권,2110179,광나루역 1번,395,255,140,5,59,106,116,70,39,4,30,72,80,38,31,1,29,34,36,32,8
2018,1,A,골목상권,2110178,장로회신학대학교,65,13,52,0,3,15,23,18,6,0,0,5,3,2,3,0,3,10,20,16,3
2018,1,A,골목상권,2110177,동의초등학교,45,28,17,0,7,12,12,10,4,0,4,5,7,8,4,0,3,7,5,2,0
2018,1,A,골목상권,2110176,해오름공원,341,217,124,0,30,48,74,77,112,0,14,23,45,47,88,0,16,25,29,30,24
2018,1,A,골목상권,2110175,푸른동산공원,299,121,178,1,27,54,63,87,67,0,4,24,23,32,38,1,23,30,40,55,29
2018,1,A,골목상권,2110174,아차산역 1번,303,159,144,1,18,58,101,87,38,0,8,26,51,53,21,1,10,32,50,34,17
2018,1,A,골목상권,2110173,구남초등학교,370,193,177,2,63,104,99,72,30,1,24,62,58,31,17,1,39,42,41,41,13
2018,1,A,골목상권,2110172,광진초등학교,319,204,115,3,29,68,83,82,54,1,13,45,52,49,44,2,16,23,31,33,10
2018,1,A,골목상권,2110171,중곡4동주민센터,95,68,27,0,11,20,23,24,17,0,2,16,14,20,16,0,9,4,9,4,1
2018,1,A,골목상권,2110170,동대부여고,259,123,136,0,34,45,70,62,48,0,10,20,46,29,18,0,24,25,24,33,30
2018,1,A,골목상권,2110169,성동초등학교,327,169,158,0,38,65,91,74,59,0,14,36,46,37,36,0,24,29,45,37,23
2018,1,A,골목상권,2110168,대원고등학교,410,304,106,1,20,54,105,130,100,0,8,35,74,97,90,1,12,19,31,33,10
2018,1,A,골목상권,2110167,용마초등학교,666,303,363,0,83,138,197,161,87,0,25,67,92,80,39,0,58,71,105,81,48
2018,1,A,골목상권,2110166,구의1동주민센터,503,298,205,0,62,137,156,95,53,0,22,79,110,51,36,0,40,58,46,44,17
2018,1,A,골목상권,2110165,국립정신건강센터,378,201,177,0,40,49,103,111,75,0,12,29,55,64,41,0,28,20,48,47,34
2018,1,A,골목상권,2110164,아차산역 5번,505,322,183,2,97,130,117,64,95,2,50,75,78,44,73,0,47,55,39,20,22
2018,1,A,골목상권,2110163,성자초등학교,470,244,226,3,109,112,104,58,84,3,45,52,58,29,57,0,64,60,46,29,27
2018,1,A,골목상권,2110162,군자역 4번,173,60,113,0,24,50,48,32,19,0,8,14,17,11,10,0,16,36,31,21,9
2018,1,A,골목상권,2110161,중곡역 3번,430,218,212,4,78,110,76,82,80,2,28,59,35,45,49,2,50,51,41,37,31
2018,1,A,골목상권,2110160,광진경찰서,1073,894,179,5,157,368,267,232,44,5,119,313,231,203,23,0,38,55,36,29,21
2018,1,A,골목상권,2110159,구의역 4번,913,454,459,7,161,181,209,221,134,3,63,89,101,114,84,4,98,92,108,107,50
2018,1,A,골목상권,2110158,중곡3동주민센터,691,412,279,2,67,138,163,187,134,1,21,68,92,122,108,1,46,70,71,65,26
2018,1,A,골목상권,2110157,자양동우체국,352,198,154,0,27,44,79,88,114,0,12,21,34,55,76,0,15,23,45,33,38
2018,1,A,골목상권,2110156,군자역 5번,576,293,283,0,99,145,122,141,69,0,41,89,72,51,40,0,58,56,50,90,29
2018,1,A,골목상권,2110155,광진구청,1597,1317,280,2,118,259,497,586,135,2,57,197,427,529,105,0,61,62,70,57,30
2018,1,A,골목상권,2110154,광진정말공원,766,349,417,3,160,200,207,139,57,2,50,100,98,64,35,1,110,100,109,75,22
2018,1,A,골목상권,2110153,중곡1동주민센터,99,44,55,1,8,15,22,38,15,0,1,4,13,19,7,1,7,11,9,19,8
2018,1,A,골목상권,2110152,중곡어린이공원,183,120,63,2,16,54,58,36,17,0,7,38,38,27,10,2,9,16,20,9,7
2018,1,A,골목상권,2110151,자양한강도서관,436,208,228,1,52,97,95,123,68,0,17,48,49,63,31,1,35,49,46,60,37
2018,1,A,골목상권,2110150,중곡1동 마을마당,1750,1102,648,3,191,369,371,279,537,2,78,194,186,153,489,1,113,175,185,126,48
2018,1,A,골목상권,2110149,세종대학교,395,181,214,1,106,113,76,43,56,0,26,53,32,23,47,1,80,60,44,20,9
2018,1,A,골목상권,2110148,어린이대공원역 3번,50,33,17,0,17,7,12,9,5,0,11,6,8,5,3,0,6,1,4,4,2
2018,1,A,골목상권,2110147,능동우편취급국,709,358,351,2,124,216,198,128,41,0,35,113,120,71,19,2,89,103,78,57,22
2018,1,A,골목상권,2110146,신자초등학교,460,245,215,1,59,91,140,106,63,1,26,60,73,51,34,0,33,31,67,55,29
2018,1,A,골목상권,2110145,장안초등학교,19,17,2,0,3,8,5,3,0,0,2,8,5,2,0,0,1,0,0,1,0
2018,1,A,골목상권,2110144,어린이대공원역 4번,50,22,28,0,6,10,8,19,7,0,4,5,3,6,4,0,2,5,5,13,3
2018,1,A,골목상권,2110143,뚝섬유원지역 1번,52,17,35,0,9,11,9,15,8,0,3,3,4,4,3,0,6,8,5,11,5
2018,1,A,골목상권,2110142,화양사거리,334,137,197,0,29,70,70,87,78,0,13,35,42,29,18,0,16,35,28,58,60
2018,1,A,골목상권,2110141,건대입구역 1번,326,174,152,3,89,81,85,50,18,0,36,46,49,29,14,3,53,35,36,21,4
2018,1,A,골목상권,2110140,건대입구역 6번,1523,757,766,6,183,301,382,368,283,2,104,203,210,144,94,4,79,98,172,224,189
2018,1,A,골목상권,2110139,자양4동주민센터,487,307,180,0,53,99,126,108,101,0,19,63,78,60,87,0,34,36,48,48,14
2018,1,A,골목상권,2110138,송정체육공원,219,100,119,0,18,37,56,54,54,0,6,20,21,31,22,0,12,17,35,23,32
2018,1,A,골목상권,2110137,성수초등학교,16456,10295,6161,199,3755,4589,3854,2710,1349,113,1940,3144,2458,1608,1032,86,1815,1445,1396,1102,317
2018,1,A,골목상권,2110136,경수초등학교,5883,3930,1953,55,911,1521,1572,1228,596,47,449,1041,1081,854,458,8,462,480,491,374,138
2018,1,A,골목상권,2110135,성동세무서,760,397,363,3,115,190,199,150,103,2,30,86,96,102,81,1,85,104,103,48,22
2018,1,A,골목상권,2110134,성수119안전센터,1172,904,268,3,98,190,339,343,199,1,54,136,269,275,169,2,44,54,70,68,30
2018,1,A,골목상권,2110133,서울교통공사,18528,16535,1993,15,1576,2681,7273,6173,810,12,1171,2194,6616,5774,768,3,405,487,657,399,42
2018,1,A,골목상권,2110132,성수2가3동주민센터,1186,788,398,14,190,282,332,226,142,8,105,188,233,147,107,6,85,94,99,79,35
2018,1,A,골목상권,2110131,성수동카페거리,7608,4691,2917,55,1872,2258,1755,1026,642,20,896,1478,1186,683,428,35,976,780,569,343,214
2018,1,A,골목상권,2110130,답십리역 6번,91,41,50,0,12,21,16,20,22,0,8,11,7,6,9,0,4,10,9,14,13
2018,1,A,골목상권,2110129,성원어린이공원,1042,671,371,10,143,267,306,230,86,10,79,174,196,144,68,0,64,93,110,86,18
2018,1,A,골목상권,2110128,성원중학교,1105,673,432,3,135,234,325,298,110,3,57,150,195,180,88,0,78,84,130,118,22
2018,1,A,골목상권,2110127,성수1가1동주민센터,1035,489,546,50,246,329,227,145,38,11,80,183,116,74,25,39,166,146,111,71,13
2018,1,A,골목상권,2110126,서울숲역 1번,155,60,95,0,41,50,35,20,9,0,12,19,11,11,7,0,29,31,24,9,2
2018,1,A,골목상권,2110125,사근동살곶이상점가,148,72,76,3,23,46,36,21,19,2,9,21,20,8,12,1,14,25,16,13,7
2018,1,A,골목상권,2110124,뚝섬역교차로,3533,1887,1646,32,924,816,732,596,433,10,186,413,472,444,362,22,738,403,260,152,71
2018,1,A,골목상권,2110123,마장역 3번,795,579,216,4,64,128,193,251,155,1,35,78,134,197,134,3,29,50,59,54,21
2018,1,A,골목상권,2110122,마장역 2번,820,523,297,3,103,195,239,192,88,3,55,124,162,112,67,0,48,71,77,80,21
2018,1,A,골목상권,2110121,한양대역 4번,71,36,35,2,10,16,20,13,10,0,4,9,12,6,5,2,6,7,8,7,5
2018,1,A,골목상권,2110120,서울숲카페거리,82,38,44,0,27,21,22,9,3,0,9,13,10,3,3,0,18,8,12,6,0
2018,1,A,골목상권,2110119,마장지하차도,241,174,67,0,46,56,63,51,25,0,29,44,40,40,21,0,17,12,23,11,4
2018,1,A,골목상권,2110118,왕십리역 9번,723,355,368,7,131,114,172,152,147,6,54,48,78,77,92,1,77,66,94,75,55
2018,1,A,골목상권,2110117,성동구보건소,179,122,57,0,9,41,56,49,24,0,6,25,39,35,17,0,3,16,17,14,7
2018,1,A,골목상권,2110116,청계천박물관,5223,3765,1458,16,418,895,1246,1850,798,12,243,626,957,1338,589,4,175,269,289,512,209
2018,1,A,골목상권,2110115,상왕십리역 3번,986,424,562,8,195,250,226,205,102,2,49,138,119,73,43,6,146,112,107,132,59
2018,1,A,골목상권,2110114,왕십리파출소,259,100,159,1,26,68,58,68,38,0,7,27,36,23,7,1,19,41,22,45,31
2018,1,A,골목상권,2110113,응봉산,49,17,32,0,8,6,15,13,7,0,0,3,4,4,6,0,8,3,11,9,1
2018,1,A,골목상권,2110112,행당역 2번,243,108,135,1,39,56,48,63,36,0,16,29,20,23,20,1,23,27,28,40,16
2018,1,A,골목상권,2110110,상왕십리역 6번,182,92,90,0,30,43,56,30,23,0,10,19,28,18,17,0,20,24,28,12,6
2018,1,A,골목상권,2110109,금호삼성래미안아파트,312,162,150,0,48,73,78,62,51,0,19,39,40,29,35,0,29,34,38,33,16
2018,1,A,골목상권,2110108,성동구립금호도서관,38,11,27,0,6,11,8,12,1,0,0,4,3,4,0,0,6,7,5,8,1
2018,1,A,골목상권,2110107,금호사거리,112,54,58,2,8,21,25,26,30,0,1,16,17,9,11,2,7,5,8,17,19
2018,1,A,골목상권,2110106,금북초등학교,17,7,10,0,2,8,3,2,2,0,0,3,1,1,2,0,2,5,2,1,0
2018,1,A,골목상권,2110105,금동어린이공원,62,20,42,0,11,15,11,12,13,0,3,3,2,3,9,0,8,12,9,9,4
2018,1,A,골목상권,2110104,신금호역 4번,308,132,176,0,43,65,74,89,37,0,11,37,30,33,21,0,32,28,44,56,16
2018,1,A,골목상권,2110103,옥수터널,39,25,14,1,9,5,10,11,3,0,5,4,8,6,2,1,4,1,2,5,1
2018,1,A,골목상권,2110102,옥수역 6번,375,208,167,1,67,73,107,87,40,0,32,39,60,52,25,1,35,34,47,35,15
2018,1,A,골목상권,2110101,옥정중학교,211,77,134,0,43,45,58,45,20,0,5,15,27,16,14,0,38,30,31,29,6
2018,1,A,골목상권,2110100,옥수동우편취급국,126,70,56,0,36,49,17,16,8,0,17,35,5,9,4,0,19,14,12,7,4
2018,1,A,골목상권,2110099,유엔빌리지길,616,284,332,1,121,174,155,102,63,1,45,79,83,46,30,0,76,95,72,56,33
2018,1,A,골목상권,2110098,서울독일학교,642,298,344,5,252,208,73,45,59,2,117,111,35,18,15,3,135,97,38,27,44
2018,1,A,골목상권,2110097,한남초등학교,1257,843,414,6,245,606,304,71,25,3,109,416,245,50,20,3,136,190,59,21,5
2018,1,A,골목상권,2110096,한남힐사이드아파트,1050,578,472,14,375,397,152,72,40,6,156,237,102,48,29,8,219,160,50,24,11
2018,1,A,골목상권,2110095,한강진역 3번,971,440,531,5,297,303,176,105,85,1,108,158,107,35,31,4,189,145,69,70,54
2018,1,A,골목상권,2110094,오산중학교,52,19,33,0,0,3,9,20,20,0,0,0,4,8,7,0,0,3,5,12,13
2018,1,A,골목상권,2110093,우사단길,1928,1013,915,1,340,850,512,158,67,1,84,405,353,123,47,0,256,445,159,35,20
2018,1,A,골목상권,2110092,NH농협은행 보광동지점,230,113,117,0,30,42,50,52,56,0,8,19,26,26,34,0,22,23,24,26,22
2018,1,A,골목상권,2110091,리움미술관,404,151,253,9,200,131,36,16,12,3,62,53,19,7,7,6,138,78,17,9,5
2018,1,A,골목상권,2110090,한국폴리텍대학서울정수캠퍼스,540,249,291,2,230,184,66,29,29,0,94,89,31,14,21,2,136,95,35,15,8
2018,1,A,골목상권,2110089,서빙고동주민센터,479,285,194,1,52,125,130,97,74,0,20,65,59,77,64,1,32,60,71,20,10
2018,1,A,골목상권,2110088,오산고등학교,576,316,260,8,149,155,143,73,48,4,59,83,89,53,28,4,90,72,54,20,20
2018,1,A,골목상권,2110087,이태원엔틱가구거리,375,246,129,4,101,155,58,36,21,2,52,116,40,21,15,2,49,39,18,15,6
2018,1,A,골목상권,2110086,이태원역 북측,314,153,161,0,42,38,32,49,153,0,10,21,11,18,93,0,32,17,21,31,60
2018,1,A,골목상권,2110085,경리단길남측,1267,743,524,2,195,275,265,219,311,1,92,165,149,124,212,1,103,110,116,95,99
2018,1,A,골목상권,2110084,경리단길북측,1025,505,520,9,295,315,185,122,99,3,132,164,101,55,50,6,163,151,84,67,49
2018,1,A,골목상권,2110083,서빙고역 1번,550,395,155,0,87,219,152,59,33,0,49,156,119,46,25,0,38,63,33,13,8
2018,1,A,골목상권,2110082,용산구청,2167,1128,1039,6,253,562,520,591,235,2,75,236,241,420,154,4,178,326,279,171,81
2018,1,A,골목상권,2110081,해방촌 남동측,293,175,118,2,70,84,54,40,43,2,39,53,26,20,35,0,31,31,28,20,8
2018,1,A,골목상권,2110080,해방촌예술마을,281,125,156,0,50,78,82,44,27,0,18,36,38,18,15,0,32,42,44,26,12
2018,1,A,골목상권,2110079,후암동주민센터,2096,1047,1049,1,358,449,453,602,233,1,116,269,271,268,122,0,242,180,182,334,111
2018,1,A,골목상권,2110078,이촌동점보아파트,166,71,95,0,28,38,35,32,33,0,7,19,13,11,21,0,21,19,22,21,12
2018,1,A,골목상권,2110077,삼광초등학교,115,38,77,0,13,22,27,35,18,0,2,6,8,14,8,0,11,16,19,21,10
2018,1,A,골목상권,2110076,삼각지역 14번,549,179,370,1,51,158,165,143,31,0,10,60,64,41,4,1,41,98,101,102,27
2018,1,A,골목상권,2110075,숙대입구역 1번,1991,1443,548,16,421,510,540,294,210,7,241,401,404,222,168,9,180,109,136,72,42
2018,1,A,골목상권,2110074,서울역 12번,9932,2729,7203,230,5946,1648,919,783,406,15,860,975,581,180,118,215,5086,673,338,603,288
2018,1,A,골목상권,2110073,삼각지역 3번,2053,1603,450,0,182,439,459,617,356,0,99,336,400,479,289,0,83,103,59,138,67
2018,1,A,골목상권,2110072,열정도,558,358,200,8,157,146,110,91,46,0,90,109,74,54,31,8,67,37,36,37,15
2018,1,A,골목상권,2110071,한강미주맨션아파트,333,133,200,1,75,89,79,44,45,0,18,28,40,20,27,1,57,61,39,24,18
2018,1,A,골목상권,2110070,용산세무서,237,140,97,1,42,77,58,26,33,0,14,53,35,11,27,1,28,24,23,15,6
2018,1,A,골목상권,2110069,숙대입구,774,390,384,6,142,227,174,141,84,1,65,124,94,60,46,5,77,103,80,81,38
2018,1,A,골목상권,2110068,남영역 1번,1046,597,449,18,166,244,290,192,136,10,62,153,196,107,69,8,104,91,94,85,67
2018,1,A,골목상권,2110067,배문고등학교,1301,742,559,2,147,314,385,247,206,2,58,139,197,166,180,0,89,175,188,81,26
2018,1,A,골목상권,2110066,서울역 15번,1354,880,474,4,201,348,302,217,282,3,109,224,189,112,243,1,92,124,113,105,39
2018,1,A,골목상권,2110065,남정초등학교,610,475,135,0,121,321,99,47,22,0,85,274,75,28,13,0,36,47,24,19,9
2018,1,A,골목상권,2110064,효창공원앞역 2번,646,347,299,1,83,165,165,128,104,1,24,82,106,70,64,0,59,83,59,58,40
2018,1,A,골목상권,2110063,효창공원앞역 5번,855,522,333,2,82,193,232,152,194,2,36,132,149,83,120,0,46,61,83,69,74
2018,1,A,골목상권,2110062,한강로동땡땡거리(은행나무길),3362,1424,1938,43,1091,867,481,347,533,14,204,302,318,212,374,29,887,565,163,135,159
2018,1,A,골목상권,2110061,효창동주민센터,704,418,286,0,67,173,248,162,54,0,31,96,151,100,40,0,36,77,97,62,14
2018,1,A,골목상권,2110060,효창공원앞역 6번,553,291,262,2,91,162,141,107,50,0,32,89,81,62,27,2,59,73,60,45,23
2018,1,A,골목상권,2110059,새남터성지,179,107,72,2,39,47,32,33,26,2,22,30,18,15,20,0,17,17,14,18,6
2018,1,A,골목상권,2110058,성심여자고등학교,1166,771,395,4,135,367,328,208,124,2,78,265,228,131,67,2,57,102,100,77,57
2018,1,A,골목상권,2110057,황학코아루아파트,288,125,163,3,80,92,56,33,24,0,17,36,41,18,13,3,63,56,15,15,11
2018,1,A,골목상권,2110056,신당역 3번,1097,465,632,1,164,274,245,258,155,1,42,134,122,97,69,0,122,140,123,161,86
2018,1,A,골목상권,2110055,황학동벼룩시장,138,95,43,0,21,45,25,27,20,0,13,31,20,17,14,0,8,14,5,10,6
2018,1,A,골목상권,2110054,청구역 3번,2282,1572,710,5,478,694,509,308,288,2,268,554,388,180,180,3,210,140,121,128,108
2018,1,A,골목상권,2110053,청구역 1번,459,241,218,0,77,82,128,120,52,0,33,38,66,66,38,0,44,44,62,54,14
2018,1,A,골목상권,2110052,장충초등학교,1175,357,818,4,85,141,198,449,298,0,24,80,105,109,39,4,61,61,93,340,259
2018,1,A,골목상권,2110051,한양공고앞 교차로,181,114,67,0,19,40,58,41,23,0,4,26,41,24,19,0,15,14,17,17,4
2018,1,A,골목상권,2110050,약수역 7번,270,103,167,1,71,78,54,36,30,1,18,35,21,14,14,0,53,43,33,22,16
2018,1,A,골목상권,2110049,장충단 고개,3644,1683,1961,43,1253,890,617,557,284,24,438,456,313,269,183,19,815,434,304,288,101
2018,1,A,골목상권,2110048,장충동주민센터,1276,668,608,3,359,395,240,201,78,0,134,203,153,128,50,3,225,192,87,73,28
2018,1,A,골목상권,2110047,다산성곽길,245,115,130,0,46,78,60,39,22,0,9,43,36,18,9,0,37,35,24,21,13
2018,1,A,골목상권,2110046,버티고개,26,17,9,0,2,6,8,7,3,0,2,4,3,5,3,0,0,2,5,2,0
2018,1,A,골목상권,2110045,동대문역사문화공원역 5번,343,219,124,1,36,63,94,93,56,1,18,37,60,64,39,0,18,26,34,29,17
2018,1,A,골목상권,2110044,관성묘,936,639,297,4,148,355,278,102,49,3,47,222,237,90,40,1,101,133,41,12,9
2018,1,A,골목상권,2110043,충무초등학교,2089,814,1275,12,455,650,523,314,135,4,96,240,211,177,86,8,359,410,312,137,49
2018,1,A,골목상권,2110042,남산골공원옆,2037,1311,726,6,318,555,620,394,144,1,124,374,449,270,93,5,194,181,171,124,51
2018,1,A,골목상권,2110041,남산케이블카,925,337,588,5,125,197,217,231,150,1,42,90,82,64,58,4,83,107,135,167,92
2018,1,A,골목상권,2110040,중구회현체육센터(정화예술대남산캠퍼스),271,148,123,1,44,52,63,63,48,0,13,29,32,38,36,1,31,23,31,25,12
2018,1,A,골목상권,2110039,회현역 1번,106,50,56,0,15,27,15,30,19,0,5,17,6,14,8,0,10,10,9,16,11
2018,1,A,골목상권,2110038,경향신문사,2516,1489,1027,11,442,729,761,506,67,1,175,372,498,403,40,10,267,357,263,103,27
2018,1,A,골목상권,2110037,신설동역 12번,221,97,124,1,31,49,64,49,27,0,10,20,31,26,10,1,21,29,33,23,17
2018,1,A,골목상권,2110036,동묘앞역 3번,263,170,93,4,26,47,55,68,63,1,13,41,32,36,47,3,13,6,23,32,16
2018,1,A,골목상권,2110035,동묘앞역 2번,363,138,225,0,48,61,93,89,72,0,18,21,35,30,34,0,30,40,58,59,38
2018,1,A,골목상권,2110034,창신1동주민센터,88,67,21,0,5,11,25,29,18,0,4,7,20,19,17,0,1,4,5,10,1
2018,1,A,골목상권,2110033,창신역 4번,201,101,100,1,23,48,59,45,25,0,6,29,26,26,14,1,17,19,33,19,11
2018,1,A,골목상권,2110032,수족관거리,59,32,27,0,5,14,16,16,8,0,3,8,7,9,5,0,2,6,9,7,3
2018,1,A,골목상권,2110031,창신역 1번,57,22,35,0,6,12,12,18,9,0,1,2,7,8,4,0,5,10,5,10,5
2018,1,A,골목상권,2110030,동대문역 3번,39,17,22,1,1,5,13,17,2,1,0,2,3,10,1,0,1,3,10,7,1
2018,1,A,골목상권,2110029,동대문역 1번,351,116,235,0,36,56,80,111,68,0,6,23,36,35,16,0,30,33,44,76,52
2018,1,A,골목상권,2110028,이화달팽이길,878,369,509,8,190,274,191,148,67,0,63,103,91,75,37,8,127,171,100,73,30
2018,1,A,골목상권,2110027,혜화역 1번,299,154,145,3,82,96,76,28,14,0,37,49,45,14,9,3,45,47,31,14,5
2018,1,A,골목상권,2110026,종로5가역 4번,222,136,86,0,29,49,63,50,31,0,10,30,36,34,26,0,19,19,27,16,5
2018,1,A,골목상권,2110025,충신시장옆,540,347,193,1,100,156,151,92,40,0,59,107,99,51,31,1,41,49,52,41,9
2018,1,A,골목상권,2110024,혜회동주민센터,520,368,152,4,45,83,121,168,99,0,12,39,87,147,83,4,33,44,34,21,16
2018,1,A,골목상권,2110023,서울대병원,287,113,174,6,51,76,63,60,31,3,11,36,29,17,17,3,40,40,34,43,14
2018,1,A,골목상권,2110022,경신고등학교,274,129,145,0,54,71,75,40,34,0,15,31,36,22,25,0,39,40,39,18,9
2018,1,A,골목상권,2110021,성균관대학교,403,217,186,2,60,76,76,64,125,1,19,42,35,28,92,1,41,34,41,36,33
2018,1,A,골목상권,2110020,서울국제고등학교,761,463,298,1,142,230,184,161,43,1,50,114,146,123,29,0,92,116,38,38,14
2018,1,A,골목상권,2110019,창덕궁,676,402,274,3,117,187,214,107,48,1,36,113,144,71,37,2,81,74,70,36,11
2018,1,A,골목상권,2110018,중앙고등학교,625,279,346,6,143,180,142,106,48,3,38,78,72,61,27,3,105,102,70,45,21
2018,1,A,골목상권,2110017,정독도서관,416,148,268,1,134,159,63,39,20,0,22,63,31,19,13,1,112,96,32,20,7
2018,1,A,골목상권,2110016,평창동동측,564,227,337,0,115,149,133,95,72,0,28,65,64,35,35,0,87,84,69,60,37
2018,1,A,골목상권,2110015,청와대사랑채,102,46,56,0,27,42,23,5,5,0,7,22,11,2,4,0,20,20,12,3,1
2018,1,A,골목상권,2110014,경복고등학교,169,57,112,1,41,37,31,35,24,0,6,15,13,12,11,1,35,22,18,23,13
2018,1,A,골목상권,2110013,체부동홍종문가옥,75,52,23,0,10,19,18,17,11,0,1,15,13,13,10,0,9,4,5,4,1
2018,1,A,골목상권,2110012,성곡미술관,2113,797,1316,4,343,552,750,380,84,2,114,290,252,91,48,2,229,262,498,289,36
2018,1,A,골목상권,2110011,청운초등학교,84,46,38,0,7,28,26,9,14,0,2,14,14,5,11,0,5,14,12,4,3
2018,1,A,골목상권,2110010,평창동서측,626,252,374,1,125,134,107,138,121,1,34,57,48,56,56,0,91,77,59,82,65
2018,1,A,골목상권,2110009,자하문터널,217,98,119,1,37,47,53,49,30,0,15,16,24,26,17,1,22,31,29,23,13
2018,1,A,골목상권,2110008,배화여자대학교(박노수미술관),768,462,306,0,125,200,193,131,119,0,60,108,110,86,98,0,65,92,83,45,21
2018,1,A,골목상권,2110007,사직공원(한국사회과학도서관),139,65,74,1,16,39,41,30,12,1,6,17,18,13,10,0,10,22,23,17,2
2018,1,A,골목상권,2110006,부암동주민센터,32,12,20,0,7,15,3,4,3,0,2,7,1,0,2,0,5,8,2,4,1
2018,1,A,골목상권,2110005,세검정,459,170,289,1,83,132,109,64,70,0,21,37,53,28,31,1,62,95,56,36,39
2018,1,A,골목상권,2110004,대신고등학교,45,16,29,0,3,5,10,22,5,0,1,1,3,9,2,0,2,4,7,13,3
2018,1,A,골목상권,2110003,세검정초등학교,154,85,69,1,6,30,54,41,22,0,4,17,31,23,10,1,2,13,23,18,12
2018,1,A,골목상권,2110002,독립문역 1번,590,154,436,1,137,156,155,94,47,0,19,38,44,30,23,1,118,118,111,64,24
2018,1,A,골목상권,2110001,이북5도청사,278,163,115,0,14,66,90,72,36,0,6,39,58,39,21,0,8,27,32,33,15
2017,4,U,관광특구,1001496,강남 마이스 관광특구,25180,14508,10672,148,6952,8335,6451,2615,679,46,2389,4624,4857,2118,474,102,4563,3711,1594,497,205
2017,4,U,관광특구,1001495,잠실 관광특구,25726,14932,10794,318,5427,7186,6316,4565,1914,103,2473,4276,3862,2997,1221,215,2954,2910,2454,1568,693
2017,4,U,관광특구,1001494,종로?청계 관광특구,45710,25602,20108,154,6897,13008,13347,9315,2989,58,2827,7107,7728,5991,1891,96,4070,5901,5619,3324,1098
2017,4,U,관광특구,1001493,동대문패션타운 관광특구,18436,9524,8912,77,4080,6192,4088,2630,1369,30,1828,3156,2293,1408,809,47,2252,3036,1795,1222,560
2017,4,U,관광특구,1001492,명동 남대문 북창동 다동 무교동 관광특구,187524,93075,94449,1317,43790,61222,49586,25704,5905,425,14228,26684,28893,18793,4052,892,29562,34538,20693,6911,1853
2017,4,U,관광특구,1001491,이태원 관광특구,8101,4503,3598,52,1912,2801,1632,1096,608,25,888,1561,978,710,341,27,1024,1240,654,386,267
2017,4,R,전통시장,2130326,고덕 골목형상점가,101,53,48,0,8,12,39,26,16,0,5,7,16,15,10,0,3,5,23,11,6
2017,4,R,전통시장,2130325,명일전통시장,404,191,213,0,18,26,31,83,246,0,10,15,14,25,127,0,8,11,17,58,119
2017,4,R,전통시장,2130324,길동복조리시장,147,65,82,0,17,36,43,35,16,0,5,18,20,14,8,0,12,18,23,21,8
2017,4,R,전통시장,2130323,둔촌역전통시장,458,240,218,0,14,45,79,108,212,0,9,21,48,51,111,0,5,24,31,57,101
2017,4,R,전통시장,2130322,고분다리전통시장,75,33,42,1,7,14,35,15,3,0,2,8,17,4,2,1,5,6,18,11,1
2017,4,R,전통시장,2130321,장신구 특화거리 상점가,610,349,261,0,92,167,165,134,52,0,37,108,89,80,35,0,55,59,76,54,17
2017,4,R,전통시장,2130320,암사종합시장,493,201,292,0,33,73,132,151,104,0,15,47,46,38,55,0,18,26,86,113,49
2017,4,R,전통시장,2130319,성내전통시장,58,28,30,1,6,18,20,10,3,0,4,12,9,2,1,1,2,6,11,8,2
2017,4,R,전통시장,2130318,로데오거리상점가,923,407,516,9,223,196,183,171,141,5,108,113,73,54,54,4,115,83,110,117,87
2017,4,R,전통시장,2130317,마천중앙시장,118,50,68,0,7,21,34,35,21,0,3,8,14,15,10,0,4,13,20,20,11
2017,4,R,전통시장,2130316,마천시장,40,25,15,1,3,8,12,14,2,1,2,8,6,6,2,0,1,0,6,8,0
2017,4,R,전통시장,2130315,문정동 로데오거리 상점가(문정동 로데오거리),1566,887,679,4,279,352,367,284,280,3,128,203,216,146,191,1,151,149,151,138,89
2017,4,R,전통시장,2130314,풍납시장,367,127,240,4,21,69,106,110,57,0,3,29,34,32,29,4,18,40,72,78,28
2017,4,R,전통시장,2130313,방이시장,1719,996,723,9,265,459,464,367,155,6,148,305,264,165,108,3,117,154,200,202,47
2017,4,R,전통시장,2130312,석촌시장,1287,613,674,5,234,254,207,215,372,1,56,116,118,120,202,4,178,138,89,95,170
2017,4,R,전통시장,2130311,새마을시장,679,346,333,0,89,131,194,181,84,0,47,73,104,76,46,0,42,58,90,105,38
2017,4,R,전통시장,2130310,강남개포시장,544,245,299,3,72,92,146,154,77,0,23,47,68,66,41,3,49,45,78,88,36
2017,4,R,전통시장,2130308,청담삼익시장,115,47,68,0,9,24,28,27,27,0,3,12,11,9,12,0,6,12,17,18,15
2017,4,R,전통시장,2130307,도곡시장,128,62,66,3,15,33,32,34,11,0,4,15,14,21,8,3,11,18,18,13,3
2017,4,R,전통시장,2130306,강남언주로,443,241,202,0,84,124,94,80,61,0,41,63,62,41,34,0,43,61,32,39,27
2017,4,R,전통시장,2130305,논현종합시장,151,102,49,0,39,57,31,19,5,0,22,43,21,12,4,0,17,14,10,7,1
2017,4,R,전통시장,2130304,신사상가,88,47,41,2,11,22,21,22,10,1,4,12,13,13,4,1,7,10,8,9,6
2017,4,R,전통시장,2130303,영동전통시장,497,292,205,0,74,142,134,100,47,0,42,93,82,48,27,0,32,49,52,52,20
2017,4,R,전통시장,2130302,강남시장(강남구 강남시장),69,32,37,0,3,12,19,23,12,0,1,7,11,10,3,0,2,5,8,13,9
2017,4,R,전통시장,2130301,양재시장,115,59,56,0,8,23,41,22,21,0,5,13,17,11,13,0,3,10,24,11,8
2017,4,R,전통시장,2130299,엔터식스 강남점,2035,1337,698,27,313,389,522,485,299,13,138,242,398,342,204,14,175,147,124,143,95
2017,4,R,전통시장,2130298,강남터미널지하도상점가2구역,832,271,561,0,87,139,188,195,223,0,37,63,66,55,50,0,50,76,122,140,173
2017,4,R,전통시장,2130296,남부종합시장,29,18,11,0,5,6,3,8,7,0,4,5,0,4,5,0,1,1,3,4,2
2017,4,R,전통시장,2130295,인헌시장(원당종합시장),280,116,164,1,44,60,81,64,30,0,7,30,35,28,16,1,37,30,46,36,14
2017,4,R,전통시장,2130294,관악중부시장,290,105,185,1,36,54,62,81,56,1,13,24,26,26,15,0,23,30,36,55,41
2017,4,R,전통시장,2130293,봉천중앙시장,139,52,87,0,13,16,43,28,39,0,1,6,23,8,14,0,12,10,20,20,25
2017,4,R,전통시장,2130292,봉천현대시장,72,35,37,0,10,14,18,23,7,0,8,7,8,10,2,0,2,7,10,13,5
2017,4,R,전통시장,2130290,영림시장,571,267,304,1,88,124,170,109,79,0,30,67,83,47,40,1,58,57,87,62,39
2017,4,R,전통시장,2130289,봉일시장,74,38,36,0,4,8,17,29,16,0,4,4,6,13,11,0,0,4,11,16,5
2017,4,R,전통시장,2130288,신림현대종합상가,37,21,16,0,1,6,11,7,12,0,0,3,7,4,7,0,1,3,4,3,5
2017,4,R,전통시장,2130287,삼성동 시장(삼성동시장),14,7,7,0,0,2,2,6,4,0,0,1,2,2,2,0,0,1,0,4,2
2017,4,R,전통시장,2130286,신신림시장(삼성동시장),32,17,15,0,4,10,9,6,3,0,4,8,3,2,0,0,0,2,6,4,3
2017,4,R,전통시장,2130285,서원동상점가,1923,959,964,21,305,321,346,415,515,8,143,177,173,194,264,13,162,144,173,221,251
2017,4,R,전통시장,2130284,관악종합시장(신원시장),22,11,11,0,0,2,8,7,5,0,0,2,2,4,3,0,0,0,6,3,2
2017,4,R,전통시장,2130283,신원시장,121,32,89,0,9,16,28,38,30,0,1,8,8,10,5,0,8,8,20,28,25
2017,4,R,전통시장,2130282,난곡 골목형상점가,34,13,21,0,3,9,14,6,2,0,1,5,3,2,2,0,2,4,11,4,0
2017,4,R,전통시장,2130281,우림시장,59,30,29,0,6,10,21,19,3,0,2,7,10,10,1,0,4,3,11,9,2
2017,4,R,전통시장,2130280,신림종합시장,37,26,11,0,1,8,12,9,7,0,1,7,9,2,7,0,0,1,3,7,0
2017,4,R,전통시장,2130279,관악신사시장,118,54,64,0,20,27,29,30,12,0,5,19,10,12,8,0,15,8,19,18,4
2017,4,R,전통시장,2130278,미성동 도깨비시장 골목형상점가,111,37,74,1,19,28,28,25,10,0,6,7,10,10,4,1,13,21,18,15,6
2017,4,R,전통시장,2130277,조원동 펭귄시장(신림중앙시장),87,40,47,1,8,15,32,25,6,1,3,11,14,7,4,0,5,4,18,18,2
2017,4,R,전통시장,2130276,신림중앙시장(조원동 펭귄시장),58,32,26,0,2,6,15,10,25,0,0,2,9,5,16,0,2,4,6,5,9
2017,4,R,전통시장,2130275,강남골목시장,132,52,80,0,16,19,35,48,14,0,8,9,14,14,7,0,8,10,21,34,7
2017,4,R,전통시장,2130274,사당1동먹자골목상점가(사당1동먹자골목),507,279,228,8,93,121,123,107,55,3,42,79,72,51,32,5,51,42,51,56,23
2017,4,R,전통시장,2130273,남성사계시장(남성시장),411,181,230,3,68,89,112,78,61,1,20,44,45,35,36,2,48,45,67,43,25
2017,4,R,전통시장,2130272,사당시장,193,58,135,0,45,36,34,43,35,0,8,8,21,8,13,0,37,28,13,35,22
2017,4,R,전통시장,2130271,남성역골목시장,244,96,148,1,48,60,74,36,25,0,12,24,27,18,15,1,36,36,47,18,10
2017,4,R,전통시장,2130270,흑석시장,9,5,4,0,1,2,2,4,0,0,1,2,0,2,0,0,0,0,2,2,0
2017,4,R,전통시장,2130269,강남시장(동작구 강남시장),16,8,8,0,1,4,3,4,4,0,0,2,2,2,2,0,1,2,1,2,2
2017,4,R,전통시장,2130268,상도전통시장,331,201,130,2,39,57,92,80,61,0,16,24,66,54,41,2,23,33,26,26,20
2017,4,R,전통시장,2130267,본동인정시장(기능상실),49,27,22,1,4,9,13,14,8,0,0,6,9,7,5,1,4,3,4,7,3
2017,4,R,전통시장,2130266,만양로상점가,114,52,62,0,8,16,26,39,25,0,5,9,17,15,6,0,3,7,9,24,19
2017,4,R,전통시장,2130265,노량진중앙시장,144,74,70,2,26,39,33,29,15,1,12,27,22,10,2,1,14,12,11,19,13
2017,4,R,전통시장,2130264,상도약수골목형상점가,114,49,65,0,17,18,37,34,8,0,4,11,13,14,7,0,13,7,24,20,1
2017,4,R,전통시장,2130263,신노량진시장(기능상실),20,7,13,0,0,7,5,6,2,0,0,2,2,2,1,0,0,5,3,4,1
2017,4,R,전통시장,2130262,상도도깨비 골목형상점가,57,17,40,0,11,7,19,13,7,0,3,5,4,2,3,0,8,2,15,11,4
2017,4,R,전통시장,2130261,성대전통시장(성대시장),406,179,227,7,69,96,94,90,50,4,26,51,40,33,25,3,43,45,54,57,25
2017,4,R,전통시장,2130260,신대방1동골목상권,100,31,69,0,22,22,21,24,11,0,3,3,8,12,5,0,19,19,13,12,6
2017,4,R,전통시장,2130259,대신시장,46,28,18,0,2,9,20,11,4,0,1,6,14,4,3,0,1,3,6,7,1
2017,4,R,전통시장,2130258,영진시장A동,22,13,9,0,0,2,11,6,3,0,0,2,9,0,2,0,0,0,2,6,1
2017,4,R,전통시장,2130257,영등포시장기계공구상가,396,296,100,1,33,65,92,112,93,0,23,48,62,87,76,1,10,17,30,25,17
2017,4,R,전통시장,2130256,신동시장,46,23,23,0,11,5,16,10,4,0,7,1,6,5,4,0,4,4,10,5,0
2017,4,R,전통시장,2130255,영등포전통시장,153,98,55,0,5,27,29,51,41,0,5,21,19,28,25,0,0,6,10,23,16
2017,4,R,전통시장,2130254,남서울상가,9,6,3,0,0,1,2,3,3,0,0,1,1,1,3,0,0,0,1,2,0
2017,4,R,전통시장,2130253,영신상가(제일상가),59,36,23,0,4,11,7,22,15,0,2,9,2,11,12,0,2,2,5,11,3
2017,4,R,전통시장,2130252,영등포로타리지하도상점가,21,10,11,0,1,3,4,7,6,0,0,2,2,3,3,0,1,1,2,4,3
2017,4,R,전통시장,2130251,영등포시장지하도상점가,3,0,3,0,0,1,0,0,2,0,0,0,0,0,0,0,0,1,0,0,2
2017,4,R,전통시장,2130250,삼구시장(로타리상가),13,8,5,0,2,0,1,4,6,0,1,0,0,2,5,0,1,0,1,2,1
2017,4,R,전통시장,2130249,동남상가,13,9,4,0,0,0,0,5,8,0,0,0,0,4,5,0,0,0,0,1,3
2017,4,R,전통시장,2130248,영등포역지하도상점가,361,142,219,33,130,66,54,53,25,13,56,29,21,15,8,20,74,37,33,38,17
2017,4,R,전통시장,2130247,우리시장,34,23,11,0,1,2,8,17,6,0,1,2,4,12,4,0,0,0,4,5,2
2017,4,R,전통시장,2130246,영등포청과시장(조광시장),705,383,322,15,105,155,189,160,81,7,48,89,111,77,51,8,57,66,78,83,30
2017,4,R,전통시장,2130245,영일시장,356,259,97,0,39,102,112,71,32,0,17,71,89,59,23,0,22,31,23,12,9
2017,4,R,전통시장,2130244,대림중앙시장,69,36,33,0,6,23,17,12,11,0,3,14,7,5,7,0,3,9,10,7,4
2017,4,R,전통시장,2130243,도림시장,32,21,11,0,2,10,8,7,5,0,2,8,4,3,4,0,0,2,4,4,1
2017,4,R,전통시장,2130242,대림중앙 골목형상점가,88,42,46,0,10,26,29,14,9,0,3,17,13,5,4,0,7,9,16,9,5
2017,4,R,전통시장,2130241,선유도역 골목형상점가,4872,3611,1261,3,923,2024,1300,477,145,0,475,1637,1060,333,106,3,448,387,240,144,39
2017,4,R,전통시장,2130240,영등포유통상가,1553,934,619,5,266,416,385,299,182,1,116,257,229,193,138,4,150,159,156,106,44
2017,4,R,전통시장,2130238,은행나무시장,115,46,69,0,12,24,29,26,24,0,4,10,11,8,13,0,8,14,18,18,11
2017,4,R,전통시장,2130237,박미시장(기능상실),6,5,1,0,0,0,2,4,0,0,0,0,2,3,0,0,0,0,0,1,0
2017,4,R,전통시장,2130236,비단길현대시장(현대시장),243,79,164,0,34,52,71,63,23,0,6,21,17,22,13,0,28,31,54,41,10
2017,4,R,전통시장,2130235,대명여울빛거리시장(대명시장),698,251,447,4,137,138,156,161,102,1,37,58,66,45,44,3,100,80,90,116,58
2017,4,R,전통시장,2130233,남문시장,96,42,54,0,7,15,28,38,8,0,0,5,15,17,5,0,7,10,13,21,3
2017,4,R,전통시장,2130232,독산동 맛나는거리상점가(독산동 맛나는거리),73,43,30,0,6,17,25,15,10,0,5,10,16,6,6,0,1,7,9,9,4
2017,4,R,전통시장,2130231,독산동 우시장,996,761,235,2,93,175,235,258,233,2,63,138,175,194,189,0,30,37,60,64,44
2017,4,R,전통시장,2130230,가리봉시장,24,16,8,0,1,9,4,7,3,0,1,7,3,2,3,0,0,2,1,5,0
2017,4,R,전통시장,2130229,남구로시장,449,226,223,0,41,103,137,105,63,0,22,54,62,43,45,0,19,49,75,62,18
2017,4,R,전통시장,2130228,구로시장,21,7,14,0,1,2,4,8,6,0,1,2,1,3,0,0,0,0,3,5,6
2017,4,R,전통시장,2130227,고척골목시장상점가(그라운드 고척),230,121,109,0,26,60,62,43,39,0,5,37,39,23,17,0,21,23,23,20,22
2017,4,R,전통시장,2130226,고척프라자,35,18,17,0,10,12,8,3,2,0,3,7,5,2,1,0,7,5,3,1,1
2017,4,R,전통시장,2130225,개봉중앙시장,288,93,195,0,46,47,80,71,44,0,8,19,25,21,20,0,38,28,55,50,24
2017,4,R,전통시장,2130224,개봉프라자(고척근린시장),34,19,15,0,2,4,11,7,10,0,0,2,2,6,9,0,2,2,9,1,1
2017,4,R,전통시장,2130223,고척근린시장,125,40,85,0,11,22,51,25,16,0,2,6,16,10,6,0,9,16,35,15,10
2017,4,R,전통시장,2130222,오류시장,125,39,86,0,23,23,42,22,15,0,5,3,16,7,8,0,18,20,26,15,7
2017,4,R,전통시장,2130221,"남부골목시장(남부화곡시장, 남부시장)",356,126,230,1,32,60,114,101,48,1,7,17,41,37,23,0,25,43,73,64,25
2017,4,R,전통시장,2130220,등마루시장,11,6,5,0,0,1,5,4,1,0,0,1,2,2,1,0,0,0,3,2,0
2017,4,R,전통시장,2130219,까치산시장,488,110,378,0,67,67,120,154,80,0,11,26,31,18,24,0,56,41,89,136,56
2017,4,R,전통시장,2130218,신월중앙시장,204,94,110,0,46,55,49,39,15,0,15,25,24,21,9,0,31,30,25,18,6
2017,4,R,전통시장,2130217,화곡본동시장,151,61,90,0,12,25,35,42,37,0,5,19,16,11,10,0,7,6,19,31,27
2017,4,R,전통시장,2130216,화곡중앙시장,83,28,55,0,12,12,22,24,13,0,1,3,7,9,8,0,11,9,15,15,5
2017,4,R,전통시장,2130215,대원종합시장,32,22,10,0,1,2,7,11,11,0,1,2,3,7,9,0,0,0,4,4,2
2017,4,R,전통시장,2130214,송화벽화시장(송화골목시장),287,114,173,3,63,70,64,57,30,1,17,28,27,19,22,2,46,42,37,38,8
2017,4,R,전통시장,2130213,방신전통시장,434,224,210,0,42,58,97,124,113,0,30,41,47,51,55,0,12,17,50,73,58
2017,4,R,전통시장,2130212,공항시장,47,26,21,0,3,7,16,10,11,0,0,4,7,7,8,0,3,3,9,3,3
2017,4,R,전통시장,2130211,신정2동 골목시장(오목교중앙시장),39,17,22,0,2,6,2,13,16,0,1,3,1,5,7,0,1,3,1,8,9
2017,4,R,전통시장,2130210,목2동시장,266,97,169,0,33,65,78,62,28,0,4,26,30,23,14,0,29,39,48,39,14
2017,4,R,전통시장,2130209,목사랑시장(목4동시장),98,31,67,0,12,16,34,25,11,0,1,1,11,11,7,0,11,15,23,14,4
2017,4,R,전통시장,2130208,목동깨비시장(목3동시장),542,252,290,3,68,141,155,122,53,0,18,85,69,48,32,3,50,56,86,74,21
2017,4,R,전통시장,2130207,신정1동 골목시장(신정제일시장),72,22,50,0,5,11,21,22,13,0,1,5,5,6,5,0,4,6,16,16,8
2017,4,R,전통시장,2130206,신정3동 골목시장,32,8,24,0,3,5,13,5,6,0,1,0,2,1,4,0,2,5,11,4,2
2017,4,R,전통시장,2130205,신곡종합시장(신월6동 골목시장),298,144,154,0,57,65,84,57,35,0,26,34,42,20,22,0,31,31,42,37,13
2017,4,R,전통시장,2130204,경창시장,211,73,138,1,15,34,52,56,53,1,4,19,21,15,13,0,11,15,31,41,40
2017,4,R,전통시장,2130203,서서울 골목형상점가,122,52,70,2,6,23,32,30,29,1,2,8,14,11,16,1,4,15,18,19,13
2017,4,R,전통시장,2130202,신영시장,156,59,97,0,13,26,43,42,32,0,4,11,14,13,17,0,9,15,29,29,15
2017,4,R,전통시장,2130201,월정로시장,36,20,16,0,2,7,15,10,2,0,0,5,11,3,1,0,2,2,4,7,1
2017,4,R,전통시장,2130200,"신월7동 골목시장(약수시장, 우성상가)",115,43,72,0,11,19,39,27,19,0,1,6,13,12,11,0,10,13,26,15,8
2017,4,R,전통시장,2130199,신월3동 골목시장,24,10,14,0,2,5,9,4,4,0,1,2,5,1,1,0,1,3,4,3,3
2017,4,R,전통시장,2130198,아현시장,275,59,216,0,85,107,56,18,9,0,7,17,22,9,4,0,78,90,34,9,5
2017,4,R,전통시장,2130197,마포시장,78,31,47,0,6,8,21,25,18,0,2,5,8,9,7,0,4,3,13,16,11
2017,4,R,전통시장,2130196,공덕시장,1710,715,995,43,580,385,393,222,87,20,209,195,137,87,67,23,371,190,256,135,20
2017,4,R,전통시장,2130195,도화동 상점가,2827,1632,1195,4,437,801,696,549,340,1,161,519,462,299,190,3,276,282,234,250,150
2017,4,R,전통시장,2130194,용강동 상점가,1213,744,469,6,155,296,345,255,156,4,68,200,221,140,111,2,87,96,124,115,45
2017,4,R,전통시장,2130193,신수시장,41,17,24,1,3,11,13,7,6,1,0,3,5,5,3,0,3,8,8,2,3
2017,4,R,전통시장,2130192,동진시장,60,27,33,0,8,19,15,7,11,0,3,11,3,3,7,0,5,8,12,4,4
2017,4,R,전통시장,2130191,홍대 걷고싶은 거리,850,486,364,12,280,196,178,117,67,6,153,127,100,61,39,6,127,69,78,56,28
2017,4,R,전통시장,2130190,홍대소상공인상점가,554,309,245,10,246,118,87,60,33,4,137,78,55,22,13,6,109,40,32,38,20
2017,4,R,전통시장,2130189,서교시장,223,114,109,7,60,52,34,28,42,3,18,30,23,11,29,4,42,22,11,17,13
2017,4,R,전통시장,2130188,합정시장,24,11,13,0,0,2,11,7,4,0,0,1,5,3,2,0,0,1,6,4,2
2017,4,R,전통시장,2130187,영진시장,38,22,16,0,5,9,10,9,5,0,4,4,7,3,4,0,1,5,3,6,1
2017,4,R,전통시장,2130186,망원시장,238,95,143,1,48,56,62,53,18,0,15,25,21,24,10,1,33,31,41,29,8
2017,4,R,전통시장,2130185,망원월드컵시장,259,147,112,0,55,79,70,40,15,0,26,51,41,17,12,0,29,28,29,23,3
2017,4,R,전통시장,2130184,마포농수산물시장,734,472,262,0,26,68,147,238,255,0,18,45,100,131,178,0,8,23,47,107,77
2017,4,R,전통시장,2130183,상암동상점가,1228,826,402,2,178,419,377,180,72,2,91,297,291,110,35,0,87,122,86,70,37
2017,4,R,전통시장,2130182,영천시장,239,107,132,0,34,46,63,54,42,0,9,19,31,28,20,0,25,27,32,26,22
2017,4,R,전통시장,2130181,아현가구거리상점가,130,74,56,1,12,18,44,28,27,1,2,10,26,15,20,0,10,8,18,13,7
2017,4,R,전통시장,2130180,포방터시장,63,33,30,0,12,15,16,10,10,0,3,8,10,5,7,0,9,7,6,5,3
2017,4,R,전통시장,2130179,"이화여대 3,5,7길 상점가",612,275,337,7,174,133,120,108,70,2,63,64,65,48,33,5,111,69,55,60,37
2017,4,R,전통시장,2130178,이대 앞 스타트업 상점가,104,43,61,1,17,33,27,17,9,0,6,14,14,5,4,1,11,19,13,12,5
2017,4,R,전통시장,2130177,인왕시장(홍제골목형상점가),115,43,72,1,3,14,22,26,49,1,2,7,8,11,14,0,1,7,14,15,35
2017,4,R,전통시장,2130176,유진상가,339,149,190,2,67,128,82,48,12,0,34,42,41,23,9,2,33,86,41,25,3
2017,4,R,전통시장,2130175,신촌 상인회(신촌상점가),353,126,227,3,139,140,50,10,11,1,31,58,25,6,5,2,108,82,25,4,6
2017,4,R,전통시장,2130174,연희사러가,2,1,1,0,0,0,0,2,0,0,0,0,0,1,0,0,0,0,0,1,0
2017,4,R,전통시장,2130173,백련시장,9,5,4,0,1,1,1,4,2,0,1,1,0,1,2,0,0,0,1,3,0
2017,4,R,전통시장,2130172,모래내시장(서중시장),170,61,109,0,34,24,42,43,27,0,10,8,21,12,10,0,24,16,21,31,17
2017,4,R,전통시장,2130171,불광먹자골목 골목형상점가,473,150,323,1,49,95,116,123,89,0,18,31,43,30,28,1,31,64,73,93,61
2017,4,R,전통시장,2130170,제일시장,335,151,184,0,57,53,114,79,32,0,16,26,55,37,17,0,41,27,59,42,15
2017,4,R,전통시장,2130169,대조시장,223,73,150,1,32,47,60,52,31,0,10,15,18,16,14,1,22,32,42,36,17
2017,4,R,전통시장,2130168,연서시장,265,125,140,0,35,50,73,51,56,0,10,22,34,22,37,0,25,28,39,29,19
2017,4,R,전통시장,2130167,연신내상점가(연빛거리),1183,472,711,6,265,279,300,229,104,2,88,121,120,89,52,4,177,158,180,140,52
2017,4,R,전통시장,2130166,응암시장(신응암시장),35,19,16,0,0,3,6,11,15,0,0,0,2,4,13,0,0,3,4,7,2
2017,4,R,전통시장,2130165,"대림골목시장(대림시장, 양지시장)",260,62,198,1,33,57,73,62,34,1,12,13,11,8,17,0,21,44,62,54,17
2017,4,R,전통시장,2130164,역촌중앙시장,25,15,10,0,0,5,5,9,6,0,0,4,1,7,3,0,0,1,4,2,3
2017,4,R,전통시장,2130163,응암오거리상점가,301,129,172,1,54,46,90,73,37,1,31,21,35,29,12,0,23,25,55,44,25
2017,4,R,전통시장,2130162,증산골목시장,35,18,17,0,1,5,6,8,15,0,0,3,4,5,6,0,1,2,2,3,9
2017,4,R,전통시장,2130161,증산종합시장,89,29,60,0,9,9,31,32,8,0,8,5,8,5,3,0,1,4,23,27,5
2017,4,R,전통시장,2130160,수일시장,17,4,13,0,1,5,2,5,4,0,0,0,0,3,1,0,1,5,2,2,3
2017,4,R,전통시장,2130159,공릉동 도깨비시장,506,283,223,1,45,94,124,147,95,0,14,49,56,90,74,1,31,45,68,57,21
2017,4,R,전통시장,2130157,상계중앙시장,249,93,156,0,28,34,58,77,52,0,17,17,18,25,16,0,11,17,40,52,36
2017,4,R,전통시장,2130156,시영2단지 무지개종합상가(중계 무지개2단지아파트상가),31,9,22,0,3,2,11,10,5,0,1,1,1,4,2,0,2,1,10,6,3
2017,4,R,전통시장,2130155,시영B상가(중계 그린아파트 B 상가),98,45,53,0,5,28,28,28,9,0,1,15,11,10,8,0,4,13,17,18,1
2017,4,R,전통시장,2130154,상계주공1단지(가)상가,12,5,7,0,1,1,3,6,1,0,1,0,1,2,1,0,0,1,2,4,0
2017,4,R,전통시장,2130153,창동역상점가,613,313,300,3,64,99,140,162,145,3,29,48,80,65,88,0,35,51,60,97,57
2017,4,R,전통시장,2130152,오!도봉거리 상점가,265,73,192,0,31,46,79,55,54,0,9,12,19,10,23,0,22,34,60,45,31
2017,4,R,전통시장,2130151,신도봉시장,38,17,21,0,1,2,12,15,8,0,1,2,6,6,2,0,0,0,6,9,6
2017,4,R,전통시장,2130150,창동골목시장,91,35,56,0,9,21,22,25,14,0,3,7,7,9,9,0,6,14,15,16,5
2017,4,R,전통시장,2130149,창동신창시장,203,93,110,0,20,49,60,49,25,0,7,19,29,22,16,0,13,30,31,27,9
2017,4,R,전통시장,2130148,방학동도깨비시장,193,80,113,0,30,47,55,40,21,0,17,23,21,10,9,0,13,24,34,30,12
2017,4,R,전통시장,2130147,쌍문역동측상점가,313,103,210,2,37,58,80,88,48,0,10,18,29,26,20,2,27,40,51,62,28
2017,4,R,전통시장,2130146,쌍문시장(쌍문역골목시장),507,220,287,6,75,98,128,128,72,3,21,42,56,58,40,3,54,56,72,70,32
2017,4,R,전통시장,2130145,쌍문역둘리상점가,176,137,39,0,34,46,52,35,9,0,24,40,38,27,8,0,10,6,14,8,1
2017,4,R,전통시장,2130144,백운시장,66,31,35,1,6,11,26,13,9,0,2,3,12,6,8,1,4,8,14,7,1
2017,4,R,전통시장,2130143,방천골목시장,46,23,23,0,5,8,14,9,10,0,3,2,6,7,5,0,2,6,8,2,5
2017,4,R,전통시장,2130142,강북북부시장,15,7,8,0,1,3,3,5,3,0,0,1,2,2,2,0,1,2,1,3,1
2017,4,R,전통시장,2130141,강북북부골목시장,66,33,33,1,9,21,23,7,5,0,1,14,11,4,3,1,8,7,12,3,2
2017,4,R,전통시장,2130140,숭인시장,253,103,150,2,48,54,55,47,47,0,4,19,24,22,34,2,44,35,31,25,13
2017,4,R,전통시장,2130139,강북종합전통시장(강북종합골목시장),279,142,137,0,38,61,79,70,31,0,24,37,38,29,14,0,14,24,41,41,17
2017,4,R,전통시장,2130138,수유프라자,122,38,84,0,6,10,16,43,47,0,2,1,6,14,15,0,4,9,10,29,32
2017,4,R,전통시장,2130137,"수유전통시장(수유시장, 수유골목시장)",203,103,100,2,13,28,47,57,56,0,2,16,22,25,38,2,11,12,25,32,18
2017,4,R,전통시장,2130136,수유재래시장,27,10,17,0,5,5,7,8,2,0,0,1,4,3,2,0,5,4,3,5,0
2017,4,R,전통시장,2130135,수유중앙골목시장(수유중앙시장),94,51,43,0,7,18,24,26,19,0,3,10,12,14,12,0,4,8,12,12,7
2017,4,R,전통시장,2130134,"솔샘시장(미아6,7동골목시장)",171,60,111,1,20,31,54,41,24,1,3,17,22,10,7,0,17,14,32,31,17
2017,4,R,전통시장,2130133,우이골목시장(우이시장),119,49,70,0,7,25,41,33,13,0,3,14,16,10,6,0,4,11,25,23,7
2017,4,R,전통시장,2130132,삼양골목시장(삼양시장),199,55,144,0,34,31,43,56,35,0,5,11,15,13,11,0,29,20,28,43,24
2017,4,R,전통시장,2130131,동북프라자,134,62,72,0,12,31,40,41,10,0,3,14,17,20,8,0,9,17,23,21,2
2017,4,R,전통시장,2130130,수유북부골목시장,21,14,7,0,0,3,9,3,6,0,0,3,5,1,5,0,0,0,4,2,1
2017,4,R,전통시장,2130129,장미원골목시장,86,37,49,0,6,18,25,22,15,0,1,9,8,13,6,0,5,9,17,9,9
2017,4,R,전통시장,2130128,돌곶이시장(석관황금시장),32,20,12,0,5,9,13,4,1,0,2,7,8,3,0,0,3,2,5,1,1
2017,4,R,전통시장,2130127,석관시장,26,14,12,0,1,8,4,9,4,0,0,5,3,3,3,0,1,3,1,6,1
2017,4,R,전통시장,2130126,새석관시장,26,14,12,0,1,4,7,7,7,0,0,4,4,3,3,0,1,0,3,4,4
2017,4,R,전통시장,2130125,장위전통시장,131,74,57,0,11,11,37,45,27,0,6,7,25,24,12,0,5,4,12,21,15
2017,4,R,전통시장,2130124,번동시장,14,11,3,0,2,6,2,4,0,0,1,4,2,4,0,0,1,2,0,0,0
2017,4,R,전통시장,2130123,꿈의숲 장곡 골목형상점가,20,12,8,0,0,5,5,7,3,0,0,2,4,5,1,0,0,3,1,2,2
2017,4,R,전통시장,2130122,밤나무골시장,24,5,19,0,4,6,4,8,2,0,0,3,0,2,0,0,4,3,4,6,2
2017,4,R,전통시장,2130121,길음시장,76,37,39,0,9,17,21,11,18,0,2,9,13,2,11,0,7,8,8,9,7
2017,4,R,전통시장,2130120,돈암시장(돈암제일시장),240,104,136,2,43,42,62,42,49,0,9,16,27,23,29,2,34,26,35,19,20
2017,4,R,전통시장,2130119,정릉아리랑시장,53,20,33,0,4,8,18,17,6,0,2,2,4,7,5,0,2,6,14,10,1
2017,4,R,전통시장,2130118,정릉골 골목형상점가,122,66,56,0,16,21,26,33,26,0,3,9,14,21,19,0,13,12,12,12,7
2017,4,R,전통시장,2130117,정릉시장,247,114,133,0,26,38,85,71,27,0,8,22,37,35,12,0,18,16,48,36,15
2017,4,R,전통시장,2130116,동성타워프라자,64,43,21,0,8,9,16,21,10,0,5,6,11,13,8,0,3,3,5,8,2
2017,4,R,전통시장,2130115,우림골목시장,432,173,259,0,76,86,106,105,59,0,24,29,54,43,23,0,52,57,52,62,36
2017,4,R,전통시장,2130114,유영시장,56,16,40,0,11,15,14,11,5,0,1,2,5,4,4,0,10,13,9,7,1
2017,4,R,전통시장,2130113,신아타운,282,80,202,0,67,69,62,56,28,0,17,13,25,13,12,0,50,56,37,43,16
2017,4,R,전통시장,2130112,사가정시장,234,85,149,0,38,56,63,52,25,0,10,17,22,20,16,0,28,39,41,32,9
2017,4,R,전통시장,2130111,"동원전통종합시장(동원시장, 동원전통시장 상점가)",484,220,264,1,72,76,141,133,61,0,14,45,72,52,37,1,58,31,69,81,24
2017,4,R,전통시장,2130110,면목골목시장(면목시장),254,113,141,0,52,58,58,63,23,0,15,28,21,32,17,0,37,30,37,31,6
2017,4,R,전통시장,2130109,묵1동도깨비시장,61,36,25,0,8,16,10,18,9,0,1,12,8,10,5,0,7,4,2,8,4
2017,4,R,전통시장,2130108,태능엔터피아(태릉시장),80,19,61,0,3,7,25,32,13,0,2,3,7,3,4,0,1,4,18,29,9
2017,4,R,전통시장,2130107,중랑동부시장(중랑교종합상가),32,11,21,0,5,9,6,10,2,0,3,5,1,1,1,0,2,4,5,9,1
2017,4,R,전통시장,2130106,중랑동부시장,285,107,178,1,65,61,56,60,42,0,20,17,15,27,28,1,45,44,41,33,14
2017,4,R,전통시장,2130105,장미제일시장(중화동제일시장),49,9,40,0,10,12,7,19,1,0,0,4,1,4,0,0,10,8,6,15,1
2017,4,R,전통시장,2130104,전곡시장,144,65,79,0,16,19,42,46,21,0,4,12,19,18,12,0,12,7,23,28,9
2017,4,R,전통시장,2130103,이경시장,39,23,16,0,0,6,10,10,13,0,0,5,4,5,9,0,0,1,6,5,4
2017,4,R,전통시장,2130102,이문제일시장,24,10,14,0,1,2,10,9,2,0,0,1,3,5,1,0,1,1,7,4,1
2017,4,R,전통시장,2130101,답십리현대시장,89,60,29,0,12,20,23,24,10,0,9,12,14,17,8,0,3,8,9,7,2
2017,4,R,전통시장,2130100,답십리시장,201,72,129,3,45,32,56,40,25,3,9,13,30,11,6,0,36,19,26,29,19
2017,4,R,전통시장,2130099,전농로터리시장,99,51,48,0,7,19,26,30,17,0,2,9,13,12,15,0,5,10,13,18,2
2017,4,R,전통시장,2130098,회기시장,126,50,76,0,23,38,31,22,12,0,8,14,18,5,5,0,15,24,13,17,7
2017,4,R,전통시장,2130097,답십리 건축자재시장,287,194,93,0,31,74,88,56,38,0,23,52,59,34,26,0,8,22,29,22,12
2017,4,R,전통시장,2130096,동부시장,34,16,18,0,1,4,8,11,10,0,0,1,3,4,8,0,1,3,5,7,2
2017,4,R,전통시장,2130095,청량리전통시장,167,67,100,0,16,28,37,43,43,0,6,9,22,14,16,0,10,19,15,29,27
2017,4,R,전통시장,2130094,청량리청과물시장,168,91,77,0,18,39,35,29,47,0,2,21,18,15,35,0,16,18,17,14,12
2017,4,R,전통시장,2130093,동서시장,24,15,9,0,1,2,12,6,3,0,0,2,8,3,2,0,1,0,4,3,1
2017,4,R,전통시장,2130092,청량리농수산물시장,52,38,14,0,0,10,17,13,12,0,0,9,13,7,9,0,0,1,4,6,3
2017,4,R,전통시장,2130091,청량종합도매시장,168,131,37,0,15,29,50,43,31,0,13,22,40,31,25,0,2,7,10,12,6
2017,4,R,전통시장,2130090,청량리종합시장,94,69,25,0,4,19,25,23,23,0,3,12,20,14,20,0,1,7,5,9,3
2017,4,R,전통시장,2130089,청량리수산시장,106,73,33,0,3,20,37,19,27,0,3,16,24,11,19,0,0,4,13,8,8
2017,4,R,전통시장,2130088,경동시장,222,149,73,0,19,37,52,68,46,0,10,25,41,43,30,0,9,12,11,25,16
2017,4,R,전통시장,2130087,경동광성상가(경동시장),140,84,56,0,16,20,37,37,30,0,8,16,23,21,16,0,8,4,14,16,14
2017,4,R,전통시장,2130086,서울약령시장,1756,1083,673,6,153,301,470,490,336,2,76,182,264,315,244,4,77,119,206,175,92
2017,4,R,전통시장,2130085,용두시장,8,5,3,0,0,0,2,3,3,0,0,0,0,2,3,0,0,0,2,1,0
2017,4,R,전통시장,2130084,신성시장(신성골목시장),135,62,73,0,19,16,38,43,19,0,8,8,13,21,12,0,11,8,25,22,7
2017,4,R,전통시장,2130083,"중곡제일시장(중곡제일골목시장, 광성시장)",225,107,118,0,22,42,52,71,38,0,8,26,24,22,27,0,14,16,28,49,11
2017,4,R,전통시장,2130082,면곡골목시장,64,20,44,0,2,6,12,25,19,0,2,2,6,7,3,0,0,4,6,18,16
2017,4,R,전통시장,2130081,자양골목전통시장(자양골목시장),79,51,28,0,9,18,23,17,12,0,6,13,14,10,8,0,3,5,9,7,4
2017,4,R,전통시장,2130080,자양종합시장(기능상실),23,12,11,0,1,2,9,7,4,0,0,1,5,4,2,0,1,1,4,3,2
2017,4,R,전통시장,2130079,한아름시장,134,56,78,1,25,34,35,25,14,0,5,15,16,9,11,1,20,19,19,16,3
2017,4,R,전통시장,2130078,화양제일골목시장,106,56,50,2,27,23,19,23,12,1,15,15,11,8,6,1,12,8,8,15,6
2017,4,R,전통시장,2130077,조양시장,141,87,54,1,27,23,47,23,20,0,17,14,21,17,18,1,10,9,26,6,2
2017,4,R,전통시장,2130076,능동로골목시장,84,48,36,1,9,14,11,17,32,0,3,8,2,8,27,1,6,6,9,9,5
2017,4,R,전통시장,2130075,노룬산시장(노룬산골목시장),93,46,47,0,11,20,26,18,18,0,3,9,11,9,14,0,8,11,15,9,4
2017,4,R,전통시장,2130074,영동교골목시장,29,11,18,0,6,6,5,8,4,0,1,1,5,3,1,0,5,5,0,5,3
2017,4,R,전통시장,2130073,뚝도시장,139,69,70,0,11,23,45,35,25,0,3,10,23,17,16,0,8,13,22,18,9
2017,4,R,전통시장,2130072,성동용답상가시장,964,521,443,2,209,381,178,119,75,1,84,230,100,60,46,1,125,151,78,59,29
2017,4,R,전통시장,2130071,성수역 골목형상점가,601,392,209,2,105,167,143,72,112,2,53,124,112,44,57,0,52,43,31,28,55
2017,4,R,전통시장,2130070,뚝섬역상점가,3424,2252,1172,8,683,1083,888,504,258,1,319,759,610,362,201,7,364,324,278,142,57
2017,4,R,전통시장,2130069,"한양대앞상점가(한양시장, 왕십리맛골목)",214,109,105,3,30,42,62,50,27,0,20,30,26,23,10,3,10,12,36,27,17
2017,4,R,전통시장,2130068,마장축산물시장,3112,2120,992,7,360,843,897,645,360,4,247,605,624,413,227,3,113,238,273,232,133
2017,4,R,전통시장,2130067,왕십리도선동상점가,2190,723,1467,11,695,615,509,230,130,5,191,233,161,79,54,6,504,382,348,151,76
2017,4,R,전통시장,2130066,행당시장상점가,846,397,449,2,188,184,209,173,90,1,52,84,101,98,61,1,136,100,108,75,29
2017,4,R,전통시장,2130065,무학봉상점가,289,99,190,4,46,58,75,63,43,1,9,20,30,24,15,3,37,38,45,39,28
2017,4,R,전통시장,2130064,금남시장,117,41,76,0,13,17,22,33,32,0,2,4,13,12,10,0,11,13,9,21,22
2017,4,R,전통시장,2130063,신금호역 골목형상점가,80,41,39,0,14,15,19,22,10,0,2,9,10,13,7,0,12,6,9,9,3
2017,4,R,전통시장,2130062,보광시장,51,23,28,0,3,11,18,12,7,0,1,3,11,4,4,0,2,8,7,8,3
2017,4,R,전통시장,2130061,이태원시장,262,153,109,3,137,65,25,13,19,1,79,45,9,6,13,2,58,20,16,7,6
2017,4,R,전통시장,2130060,신흥시장,11,4,7,0,1,7,1,1,1,0,0,4,0,0,0,0,1,3,1,1,1
2017,4,R,전통시장,2130059,후암시장,145,53,92,0,23,30,38,36,18,0,9,11,12,11,10,0,14,19,26,25,8
2017,4,R,전통시장,2130058,이촌종합시장,152,85,67,1,26,35,41,32,17,1,16,24,26,11,7,0,10,11,15,21,10
2017,4,R,전통시장,2130057,만리시장,36,27,9,0,1,3,7,15,10,0,0,3,3,11,10,0,1,0,4,4,0
2017,4,R,전통시장,2130056,용산용문시장,324,183,141,2,36,84,113,53,36,0,21,57,65,23,17,2,15,27,48,30,19
2017,4,R,전통시장,2130055,"황학시장(서울중앙시장, 신중앙시장)",332,226,106,1,37,61,94,94,45,0,26,46,67,60,27,1,11,15,27,34,18
2017,4,R,전통시장,2130054,황학동주방가구거리상점가,515,335,180,0,74,120,146,140,35,0,37,74,108,90,26,0,37,46,38,50,9
2017,4,R,전통시장,2130053,백학시장,351,182,169,1,40,92,104,79,35,0,15,51,60,37,19,1,25,41,44,42,16
2017,4,R,전통시장,2130052,서울중앙시장(신중앙시장),1185,786,399,0,197,286,270,267,165,0,134,211,184,144,113,0,63,75,86,123,52
2017,4,R,전통시장,2130051,동화동 골목형상점가,720,399,321,3,110,189,175,168,75,1,49,110,103,87,49,2,61,79,72,81,26
2017,4,R,전통시장,2130050,청평화시장,927,340,587,3,168,353,234,123,46,3,76,121,66,53,21,0,92,232,168,70,25
2017,4,R,전통시장,2130049,신당 미래유산 먹거리 골목형상점가,145,68,77,1,19,35,32,29,29,0,7,17,15,11,18,1,12,18,17,18,11
2017,4,R,전통시장,2130048,동평화시장,165,95,70,1,26,36,35,40,27,1,12,22,17,25,18,0,14,14,18,15,9
2017,4,R,전통시장,2130047,테크노상가(엘리시움),681,376,305,2,165,229,146,82,57,2,89,129,84,44,28,0,76,100,62,38,29
2017,4,R,전통시장,2130046,team204(팀204),101,62,39,0,11,30,18,25,17,0,5,18,8,20,11,0,6,12,10,5,6
2017,4,R,전통시장,2130045,광희패션몰,172,88,84,0,29,44,34,43,22,0,8,21,22,23,14,0,21,23,12,20,8
2017,4,R,전통시장,2130044,에리어식스(벨포스트),73,38,35,1,11,13,25,15,8,0,7,8,12,8,3,1,4,5,13,7,5
2017,4,R,전통시장,2130043,제일평화시장,301,116,185,0,30,82,95,67,27,0,8,38,41,22,7,0,22,44,54,45,20
2017,4,R,전통시장,2130042,약수시장,289,128,161,1,20,60,77,81,50,1,7,25,36,30,29,0,13,35,41,51,21
2017,4,R,전통시장,2130041,신평화패션타운(청계6가 지하도상가),244,142,102,0,27,50,53,83,31,0,15,30,32,50,15,0,12,20,21,33,16
2017,4,R,전통시장,2130040,남평화시장,216,151,65,2,52,81,34,33,14,1,37,61,25,17,10,1,15,20,9,16,4
2017,4,R,전통시장,2130039,청계6가 지하도상가,123,67,56,0,14,30,27,23,29,0,5,14,16,17,15,0,9,16,11,6,14
2017,4,R,전통시장,2130038,"평화시장(통일상가, 동화상가)",2729,1607,1122,27,529,842,679,451,201,10,224,490,445,300,138,17,305,352,234,151,63
2017,4,R,전통시장,2130037,청계5가쇼핑센터(청계5가지하쇼핑센터),4,3,1,0,0,0,0,3,1,0,0,0,0,2,1,0,0,0,0,1,0
2017,4,R,전통시장,2130036,중부시장(신중부시장),1720,1118,602,7,181,387,490,406,249,4,83,272,326,253,180,3,98,115,164,153,69
2017,4,R,전통시장,2130035,방산종합시장(방산시장),2776,1805,971,7,253,602,716,721,477,4,146,400,431,460,364,3,107,202,285,261,113
2017,4,R,전통시장,2130034,필동 골목형상점가,30,15,15,0,4,7,9,6,4,0,1,4,5,3,2,0,3,3,4,3,2
2017,4,R,전통시장,2130033,대림상가(청계상가),456,324,132,2,34,99,141,107,73,2,25,68,92,78,59,0,9,31,49,29,14
2017,4,R,전통시장,2130032,인현시장,540,348,192,1,35,91,165,169,79,0,21,51,108,109,59,1,14,40,57,60,20
2017,4,R,전통시장,2130031,청계천공구상가,953,638,315,2,82,241,266,200,162,1,37,156,191,130,123,1,45,85,75,70,39
2017,4,R,전통시장,2130030,을지로지하보도쇼핑센터(을지입구지하상가),8,1,7,0,0,1,4,3,0,0,0,0,0,1,0,0,0,1,4,2,0
2017,4,R,전통시장,2130029,명동역지하도상가,6,4,2,0,0,0,4,2,0,0,0,0,3,1,0,0,0,0,1,1,0
2017,4,R,전통시장,2130028,을지입구지하상가(을지로지하보도쇼핑센터),20,11,9,0,1,4,5,7,3,0,1,2,3,3,2,0,0,2,2,4,1
2017,4,R,전통시장,2130026,소공지하도상가,12,5,7,0,0,4,1,2,5,0,0,2,0,1,2,0,0,2,1,1,3
2017,4,R,전통시장,2130025,삼익패션타운(남대문시장),1093,869,224,51,199,224,312,236,71,45,154,170,242,201,57,6,45,54,70,35,14
2017,4,R,전통시장,2130024,남대문시장(자유상가),2988,1610,1378,8,279,619,751,743,588,2,113,322,380,408,385,6,166,297,371,335,203
2017,4,R,전통시장,2130023,남대문로 지하상가(남대문지하쇼핑센터),5,2,3,0,0,0,1,3,1,0,0,0,0,1,1,0,0,0,1,2,0
2017,4,R,전통시장,2130022,숭례문수입상가(남대문시장),5695,3157,2538,104,1552,2497,1182,314,46,29,706,1456,712,217,37,75,846,1041,470,97,9
2017,4,R,전통시장,2130021,신설종합시장,158,114,44,0,11,38,46,43,20,0,8,31,35,28,12,0,3,7,11,15,8
2017,4,R,전통시장,2130020,동묘시장(동묘벼룩시장),190,111,79,0,29,37,53,44,27,0,13,18,35,28,17,0,16,19,18,16,10
2017,4,R,전통시장,2130019,동대문상가D동,42,29,13,0,5,15,8,4,10,0,4,8,7,2,8,0,1,7,1,2,2
2017,4,R,전통시장,2130018,동대문문구완구거리(동대문문구완구시장),699,296,403,8,189,178,133,116,75,1,49,85,64,56,41,7,140,93,69,60,34
2017,4,R,전통시장,2130017,동대문상가C동,175,144,31,0,27,82,39,19,8,0,24,72,32,11,5,0,3,10,7,8,3
2017,4,R,전통시장,2130016,동대문상가B동,35,23,12,0,2,10,11,1,11,0,0,6,9,0,8,0,2,4,2,1,3
2017,4,R,전통시장,2130015,창신골목시장,151,77,74,0,8,30,46,50,17,0,3,19,23,22,10,0,5,11,23,28,7
2017,4,R,전통시장,2130014,동문시장,33,27,6,0,0,3,9,6,15,0,0,2,4,6,15,0,0,1,5,0,0
2017,4,R,전통시장,2130013,동대문상가A동,6,3,3,0,0,0,2,4,0,0,0,0,1,2,0,0,0,0,1,2,0
2017,4,R,전통시장,2130012,"동대문종합시장(동대문종합시장 신관, 동대문종합시장D동상가)",4725,3338,1387,4,849,1491,1261,814,306,1,600,1146,837,549,205,3,249,345,424,265,101
2017,4,R,전통시장,2130011,충신시장,300,192,108,8,66,96,75,45,10,8,31,73,43,30,7,0,35,23,32,15,3
2017,4,R,전통시장,2130010,종로신진시장,644,374,270,1,60,151,157,166,109,1,36,93,96,78,70,0,24,58,61,88,39
2017,4,R,전통시장,2130009,마전교지하쇼핑센터(구 한일상가),95,65,30,0,6,22,21,24,22,0,3,16,19,14,13,0,3,6,2,10,9
2017,4,R,전통시장,2130008,종오지하쇼핑센터,11,11,0,0,6,1,1,2,1,0,6,1,1,2,1,0,0,0,0,0,0
2017,4,R,전통시장,2130007,광장시장(광장전통시장),1059,661,398,2,84,202,243,289,239,2,42,136,159,160,162,0,42,66,84,129,77
2017,4,R,전통시장,2130006,종로4가지하쇼핑센터,15,9,6,0,2,4,4,3,2,0,0,3,2,3,1,0,2,1,2,0,1
2017,4,R,전통시장,2130005,세운상가가동,543,383,160,1,55,116,154,115,102,0,29,84,113,79,78,1,26,32,41,36,24
2017,4,R,전통시장,2130004,낙원시장(낙원지하시장(대일상가)),414,296,118,0,42,98,94,90,90,0,26,82,65,61,62,0,16,16,29,29,28
2017,4,R,전통시장,2130002,세종마을음식문화거리(금천교시장),521,249,272,5,76,104,110,124,102,2,32,60,55,45,55,3,44,44,55,79,47
2017,4,R,전통시장,2130001,통인시장,261,179,82,0,61,114,44,27,15,0,36,94,27,15,7,0,25,20,17,12,8
2017,4,D,발달상권,2120249,고덕역,1428,654,774,8,222,305,320,352,221,1,71,147,137,169,129,7,151,158,183,183,92
2017,4,D,발달상권,2120248,명일역,1600,554,1046,2,258,255,358,422,305,1,83,108,136,103,123,1,175,147,222,319,182
2017,4,D,발달상권,2120247,굽은다리역,1138,519,619,8,174,248,274,233,201,6,56,123,122,96,116,2,118,125,152,137,85
2017,4,D,발달상권,2120246,길동역,4737,2332,2405,13,620,1029,1137,1097,841,7,255,540,613,414,503,6,365,489,524,683,338
2017,4,D,발달상권,2120245,둔촌역,2919,1601,1318,9,456,817,719,580,338,3,209,473,388,302,226,6,247,344,331,278,112
2017,4,D,발달상권,2120244,암사역,1076,462,614,2,167,217,244,233,213,1,46,99,117,87,112,1,121,118,127,146,101
2017,4,D,발달상권,2120243,천호역,4202,1880,2322,36,844,1059,1002,740,521,11,302,500,468,285,314,25,542,559,534,455,207
2017,4,D,발달상권,2120242,강동구청역,11678,6313,5365,36,1386,2361,2747,2854,2294,25,705,1509,1410,1236,1428,11,681,852,1337,1618,866
2017,4,D,발달상권,2120241,거여역,2605,1441,1164,11,220,425,556,600,793,4,101,294,310,249,483,7,119,131,246,351,310
2017,4,D,발달상권,2120240,개롱역,1417,709,708,4,209,318,448,301,137,0,83,179,222,132,93,4,126,139,226,169,44
2017,4,D,발달상권,2120239,오금역,4502,2629,1873,13,766,1239,1146,806,532,4,351,768,739,432,335,9,415,471,407,374,197
2017,4,D,발달상권,2120238,방이역,757,358,399,5,99,175,214,137,127,3,29,75,85,69,97,2,70,100,129,68,30
2017,4,D,발달상권,2120237,경찰병원역,9960,5403,4557,47,1846,2440,2339,2152,1136,19,818,1521,1474,999,572,28,1028,919,865,1153,564
2017,4,D,발달상권,2120236,장지역(가든파이브),8598,5676,2922,50,1240,2314,2241,1613,1140,19,620,1568,1506,1060,903,31,620,746,735,553,237
2017,4,D,발달상권,2120235,문정역,28103,18343,9760,140,5460,8982,6982,4109,2430,60,2703,6136,4874,2664,1906,80,2757,2846,2108,1445,524
2017,4,D,발달상권,2120234,가락시장역,9881,5956,3925,67,1844,2659,2456,1776,1079,30,815,1588,1567,1180,776,37,1029,1071,889,596,303
2017,4,D,발달상권,2120233,몽촌토성역,4559,3134,1425,17,867,1540,1050,665,420,11,480,1074,804,453,312,6,387,466,246,212,108
2017,4,D,발달상권,2120232,송파나루역,1330,811,519,7,186,334,296,308,199,3,80,199,171,194,164,4,106,135,125,114,35
2017,4,D,발달상권,2120231,가락시장,10047,7077,2970,13,629,1849,2897,2893,1766,6,445,1497,2098,1808,1223,7,184,352,799,1085,543
2017,4,D,발달상권,2120230,송파사거리(송파역),1020,488,532,4,130,207,259,213,207,1,47,102,143,94,101,3,83,105,116,119,106
2017,4,D,발달상권,2120229,방이동먹자골목,5323,3112,2211,17,802,1404,1290,1047,763,13,400,869,800,557,473,4,402,535,490,490,290
2017,4,D,발달상권,2120228,석촌역(석촌호수),4471,2540,1931,18,706,1074,1061,871,741,7,303,635,623,496,476,11,403,439,438,375,265
2017,4,D,발달상권,2120227,잠실역,80223,44553,35670,599,16296,25656,22900,12911,1861,223,8252,17400,13051,4479,1148,376,8044,8256,9849,8432,713
2017,4,D,발달상권,2120226,석촌고분역,3307,2295,1012,32,399,572,656,521,1127,21,190,358,400,304,1022,11,209,214,256,217,105
2017,4,D,발달상권,2120225,잠실새내역(신천),9606,5438,4168,46,1893,2222,2397,1775,1273,13,774,1241,1414,1099,897,33,1119,981,983,676,376
2017,4,D,발달상권,2120224,수서역,10612,6367,4245,35,1506,2823,2627,2171,1450,17,688,1846,1611,1166,1039,18,818,977,1016,1005,411
2017,4,D,발달상권,2120223,휘문고교사거리,7400,4457,2943,17,1480,2776,1883,736,508,7,593,1757,1292,471,337,10,887,1019,591,265,171
2017,4,D,발달상권,2120222,삼성역,52685,30068,22617,381,12677,16328,12436,6876,3987,169,4962,9918,8527,4065,2427,212,7715,6410,3909,2811,1560
2017,4,D,발달상권,2120221,봉은사역,23082,14932,8150,76,5351,5915,4157,3770,3813,22,2932,4298,3076,2209,2395,54,2419,1617,1081,1561,1418
2017,4,D,발달상권,2120220,대치역,5532,3124,2408,81,1860,2096,886,378,231,2,760,1356,630,222,154,79,1100,740,256,156,77
2017,4,D,발달상권,2120219,은마아파트,2173,853,1320,27,426,567,579,383,191,5,113,247,242,144,102,22,313,320,337,239,89
2017,4,D,발달상권,2120218,코엑스,13153,7930,5223,27,3152,4559,3695,1398,322,9,1089,2513,2879,1202,238,18,2063,2046,816,196,84
2017,4,D,발달상권,2120217,대치사거리,4168,2542,1626,13,874,1485,1005,473,318,4,439,1025,595,254,225,9,435,460,410,219,93
2017,4,D,발달상권,2120216,경기고교사거리(경기고교앞사거리),6483,4509,1974,18,983,2015,1809,803,855,7,412,1408,1527,610,545,11,571,607,282,193,310
2017,4,D,발달상권,2120215,포스코사거리,62317,35862,26455,475,13391,22227,15929,7589,2706,159,5748,13666,10394,4288,1607,316,7643,8561,5535,3301,1099
2017,4,D,발달상권,2120214,영동대교남단교차로,5311,3226,2085,30,971,1759,1303,816,432,0,354,1118,914,537,303,30,617,641,389,279,129
2017,4,D,발달상권,2120213,삼성중앙역,9454,5192,4262,52,2089,3773,2096,930,514,30,840,2056,1357,586,323,22,1249,1717,739,344,191
2017,4,D,발달상권,2120212,한티역,1724,776,948,3,358,447,419,303,194,2,127,204,206,134,103,1,231,243,213,169,91
2017,4,D,발달상권,2120211,도성초등학교,1963,942,1021,15,414,658,413,287,176,7,108,281,244,186,116,8,306,377,169,101,60
2017,4,D,발달상권,2120210,선릉역,58075,29219,28856,332,16994,16022,12289,8409,4029,136,6355,9137,6821,4255,2515,196,10639,6885,5468,4154,1514
2017,4,D,발달상권,2120209,"강남구청(청담역_8번, 강남세무서)",4378,1861,2517,79,1219,1358,863,524,335,29,316,612,412,276,216,50,903,746,451,248,119
2017,4,D,발달상권,2120208,청담사거리(청담동명품거리),16229,5502,10727,132,5542,5972,3013,1036,534,17,1331,2150,1210,472,322,115,4211,3822,1803,564,212
2017,4,D,발달상권,2120207,선정릉역,13794,7635,6159,73,3305,4721,3437,1529,729,16,1203,2624,2250,1016,526,57,2102,2097,1187,513,203
2017,4,D,발달상권,2120206,개나리아파트,4804,2861,1943,68,1552,1449,938,477,320,22,775,890,653,297,224,46,777,559,285,180,96
2017,4,D,발달상권,2120205,매봉역,11873,6530,5343,43,1983,2567,2312,1760,3208,24,933,1586,1380,999,1608,19,1050,981,932,761,1600
2017,4,D,발달상권,2120204,르네상스호텔사거리,15410,8735,6675,84,2971,4776,3750,2143,1686,22,1235,2736,2461,1298,983,62,1736,2040,1289,845,703
2017,4,D,발달상권,2120203,강남구청역,13478,7048,6430,43,2481,4086,3510,2430,928,11,867,2300,2206,1117,547,32,1614,1786,1304,1313,381
2017,4,D,발달상권,2120202,압구정로데오역(압구정로데오),6158,2580,3578,66,2498,1844,944,447,359,9,835,849,471,231,185,57,1663,995,473,216,174
2017,4,D,발달상권,2120201,도곡1동,17077,5777,11300,199,3109,3776,6343,2948,702,92,1268,1703,1471,733,510,107,1841,2073,4872,2215,192
2017,4,D,발달상권,2120200,학동사거리,14003,6696,7307,92,4920,4993,2440,962,596,35,1644,2535,1429,631,422,57,3276,2458,1011,331,174
2017,4,D,발달상권,2120199,경복아파트교차로,10084,5788,4296,73,2000,2815,2043,1430,1723,31,865,1827,1448,768,849,42,1135,988,595,662,874
2017,4,D,발달상권,2120198,구역삼세무서,15403,8317,7086,81,3736,4750,3697,1999,1140,30,1193,2734,2323,1207,830,51,2543,2016,1374,792,310
2017,4,D,발달상권,2120197,역삼역,82111,50978,31133,549,18674,27878,20479,10714,3817,279,8601,18130,14624,6819,2525,270,10073,9748,5855,3895,1292
2017,4,D,발달상권,2120196,서울세관,9793,5711,4082,55,2024,3090,2405,1406,813,7,758,1701,1635,1054,556,48,1266,1389,770,352,257
2017,4,D,발달상권,2120195,성수대교남단,6093,2680,3413,119,2217,2015,967,463,312,46,794,911,537,228,164,73,1423,1104,430,235,148
2017,4,D,발달상권,2120194,언주역(차병원),12653,7005,5648,73,3199,3626,2877,1866,1012,31,1235,2091,1909,1015,724,42,1964,1535,968,851,288
2017,4,D,발달상권,2120193,도산공원교차로,9776,5552,4224,39,2344,3426,2177,1182,608,7,860,2004,1399,823,459,32,1484,1422,778,359,149
2017,4,D,발달상권,2120192,뱅뱅사거리,27103,17382,9721,98,5020,8770,6899,3867,2449,40,2127,5548,5116,2807,1744,58,2893,3222,1783,1060,705
2017,4,D,발달상권,2120191,학동역,20554,10912,9642,94,5217,6084,4133,2190,2836,40,1660,3390,2539,1253,2030,54,3557,2694,1594,937,806
2017,4,D,발달상권,2120190,강남을지병원,15106,7628,7478,120,4718,4739,3189,1450,890,36,1687,2384,1950,914,657,84,3031,2355,1239,536,233
2017,4,D,발달상권,2120189,강남역,84946,41392,43554,909,21227,27144,20039,10495,5132,282,7117,14127,12328,5227,2311,627,14110,13017,7711,5268,2821
2017,4,D,발달상권,2120188,압구정역,10608,4349,6259,100,3058,3000,1848,1377,1225,34,704,1310,1062,664,575,66,2354,1690,786,713,650
2017,4,D,발달상권,2120187,신논현역,14977,7997,6980,65,4047,5078,3179,1586,1022,23,1369,2885,2170,924,626,42,2678,2193,1009,662,396
2017,4,D,발달상권,2120186,가로수길,9594,4600,4994,55,3247,3044,1779,874,595,26,1140,1685,984,405,360,29,2107,1359,795,469,235
2017,4,D,발달상권,2120185,논현역,17374,9422,7952,76,3730,5796,4294,1991,1487,25,1282,3223,2685,1227,980,51,2448,2573,1609,764,507
2017,4,D,발달상권,2120184,포이사거리(삼호물산),20278,11800,8478,99,3028,5277,5691,4236,1947,36,1400,3443,3458,2213,1250,63,1628,1834,2233,2023,697
2017,4,D,발달상권,2120183,양재천카페거리,4389,2840,1549,21,1000,1564,938,583,283,15,494,1087,667,395,182,6,506,477,271,188,101
2017,4,D,발달상권,2120182,"양재시민의숲역(양재동꽃시장, aT센터)",5749,3687,2062,21,790,1555,1511,1080,792,6,370,978,1017,693,623,15,420,577,494,387,169
2017,4,D,발달상권,2120181,교육개발원입구사거리,6776,4334,2442,30,1250,2051,1589,1066,790,14,590,1353,1187,678,512,16,660,698,402,388,278
2017,4,D,발달상권,2120180,양재화물트럭터미널앞,4152,3314,838,13,878,1561,1060,509,131,6,598,1276,907,425,102,7,280,285,153,84,29
2017,4,D,발달상권,2120179,양재역,19398,11060,8338,180,4352,5279,4412,3025,2150,58,1576,3136,2958,1869,1463,122,2776,2143,1454,1156,687
2017,4,D,발달상권,2120178,신사역,17648,8906,8742,71,4702,5622,3676,2234,1343,18,1344,3007,2385,1235,917,53,3358,2615,1291,999,426
2017,4,D,발달상권,2120177,신논현역 1번,1932,1379,553,5,493,776,408,190,60,2,317,569,323,122,46,3,176,207,85,68,14
2017,4,D,발달상권,2120176,논현역 4번,1036,679,357,2,225,282,233,155,139,2,99,180,176,115,107,0,126,102,57,40,32
2017,4,D,발달상권,2120175,남부터미널역,22526,11388,11138,163,5826,6123,5188,3710,1516,75,2411,3666,2845,1491,900,88,3415,2457,2343,2219,616
2017,4,D,발달상권,2120174,논현역 5번,907,563,344,13,168,268,228,123,107,6,63,176,163,83,72,7,105,92,65,40,35
2017,4,D,발달상권,2120173,교대역(법원.검찰청),24590,13146,11444,140,4856,7510,6086,3640,2358,50,1482,3780,3646,2401,1787,90,3374,3730,2440,1239,571
2017,4,D,발달상권,2120172,교대입구교차로,15090,8427,6663,100,3427,4194,3634,2253,1482,44,1527,2521,2149,1190,996,56,1900,1673,1485,1063,486
2017,4,D,발달상권,2120171,서초3동사거리,10817,6800,4017,35,1856,3126,2570,1712,1518,19,773,2021,1862,1077,1048,16,1083,1105,708,635,470
2017,4,D,발달상권,2120170,삼호가든사거리,2669,1303,1366,5,526,866,654,373,245,0,136,389,400,210,168,5,390,477,254,163,77
2017,4,D,발달상권,2120169,서초역,22280,11316,10964,136,5477,6501,5621,3099,1446,58,2033,3413,2968,1742,1102,78,3444,3088,2653,1357,344
2017,4,D,발달상권,2120168,서울고교교차로,2687,1696,991,4,496,1014,814,257,102,1,165,658,613,193,66,3,331,356,201,64,36
2017,4,D,발달상권,2120167,고속터미널(고속터미널역),4825,2276,2549,29,860,840,872,1011,1213,13,389,477,468,427,502,16,471,363,404,584,711
2017,4,D,발달상권,2120166,방배역,6444,3777,2667,57,1297,1641,1332,986,1131,18,484,945,900,563,867,39,813,696,432,423,264
2017,4,D,발달상권,2120165,서래마을카페거리(서래마을),3021,1610,1411,50,803,802,701,424,241,16,353,435,404,260,142,34,450,367,297,164,99
2017,4,D,발달상권,2120164,내방역,9247,4581,4666,64,1742,2369,2335,1808,929,28,674,1322,1153,784,620,36,1068,1047,1182,1024,309
2017,4,D,발달상권,2120163,사당역 11번(사당역먹자골목),261,149,112,0,25,51,82,50,53,0,15,26,50,27,31,0,10,25,32,23,22
2017,4,D,발달상권,2120162,방배동카페골목,1834,1094,740,23,330,435,375,283,388,17,166,299,255,149,208,6,164,136,120,134,180
2017,4,D,발달상권,2120161,방배동가구거리(사당동가구거리),1535,1006,529,2,299,567,371,212,84,0,128,393,271,148,66,2,171,174,100,64,18
2017,4,D,발달상권,2120160,사당역(사당),7261,3238,4023,48,1247,1449,1877,1818,822,17,488,795,817,614,507,31,759,654,1060,1204,315
2017,4,D,발달상권,2120159,서울대입구역,3128,1500,1628,27,594,698,808,508,493,20,185,328,407,249,311,7,409,370,401,259,182
2017,4,D,발달상권,2120158,녹두거리(대학동),1099,729,370,4,139,168,321,319,148,2,61,100,223,237,106,2,78,68,98,82,42
2017,4,D,발달상권,2120157,신림역(신림),2130,921,1209,8,466,400,505,421,330,4,156,188,243,151,179,4,310,212,262,270,151
2017,4,D,발달상권,2120156,"총신대입구역(이수, 총신대)",5110,2326,2784,25,864,1195,1350,1121,555,13,293,644,703,377,296,12,571,551,647,744,259
2017,4,D,발달상권,2120155,총신대학교,116,60,56,2,15,19,39,33,8,0,5,9,23,17,6,2,10,10,16,16,2
2017,4,D,발달상권,2120154,장승배기역,1042,489,553,1,115,177,293,284,172,1,40,73,154,148,73,0,75,104,139,136,99
2017,4,D,발달상권,2120153,노량진역(노량진),6940,4022,2918,27,746,1631,1648,1738,1150,12,334,814,999,1109,754,15,412,817,649,629,396
2017,4,D,발달상권,2120152,신대방삼거리역,1316,640,676,7,196,299,337,268,209,5,63,140,179,131,122,2,133,159,158,137,87
2017,4,D,발달상권,2120151,보라매공원,11460,6238,5222,24,1981,3852,3515,1553,535,9,708,1889,2083,1143,406,15,1273,1963,1432,410,129
2017,4,D,발달상권,2120150,63빌딩,11861,5903,5958,17,1659,3271,3683,2475,756,7,592,1735,2169,1177,223,10,1067,1536,1514,1298,533
2017,4,D,발달상권,2120149,여의도역(여의도),111358,67915,43443,525,18077,38264,33963,15069,5460,145,7524,22077,23803,11117,3249,380,10553,16187,10160,3952,2211
2017,4,D,발달상권,2120148,국회의사당역(국회의사당),38802,22892,15910,98,8656,14036,9018,4896,2098,31,3248,8168,6457,3528,1460,67,5408,5868,2561,1368,638
2017,4,D,발달상권,2120147,보라매역,2742,1555,1187,44,401,567,508,528,694,5,123,346,309,305,467,39,278,221,199,223,227
2017,4,D,발달상권,2120146,한강성심병원,5497,3560,1937,15,723,1236,1384,1153,986,6,287,733,1006,878,650,9,436,503,378,275,336
2017,4,D,발달상권,2120145,영등포역(영등포),6805,3439,3366,73,1370,1768,1615,1164,815,19,469,928,911,630,482,54,901,840,704,534,333
2017,4,D,발달상권,2120144,영중로,6335,4122,2213,28,977,1805,1526,1222,777,11,485,1229,1095,734,568,17,492,576,431,488,209
2017,4,D,발달상권,2120143,당산역,10648,6292,4356,63,1582,1682,2202,2474,2645,35,726,1176,1402,1354,1599,28,856,506,800,1120,1046
2017,4,D,발달상권,2120142,대림역,1651,899,752,5,184,313,475,428,246,2,67,168,268,245,149,3,117,145,207,183,97
2017,4,D,발달상권,2120141,영등포청과시장교차로,1817,756,1061,5,163,434,631,409,175,2,60,204,265,121,104,3,103,230,366,288,71
2017,4,D,발달상권,2120140,문래동주민센터,16301,7877,8424,125,3929,4851,4144,2006,1246,53,1425,2441,2120,1042,796,72,2504,2410,2024,964,450
2017,4,D,발달상권,2120139,대림3동사거리,4651,2934,1717,17,616,1089,1242,980,707,15,352,770,878,558,361,2,264,319,364,422,346
2017,4,D,발달상권,2120138,당산2동(영등포우체국),15164,7173,7991,176,4144,4492,3606,1824,922,82,1397,2191,1756,1114,633,94,2747,2301,1850,710,289
2017,4,D,발달상권,2120137,문래역(문래로데오거리),209,82,127,1,48,49,57,49,5,0,17,18,25,18,4,1,31,31,32,31,1
2017,4,D,발달상권,2120136,영등포구청역,9903,5102,4801,47,1858,1882,1853,2200,2063,29,832,1093,1050,954,1144,18,1026,789,803,1246,919
2017,4,D,발달상권,2120135,양평역,7027,3869,3158,72,2051,1865,1570,990,479,27,867,1128,905,523,419,45,1184,737,665,467,60
2017,4,D,발달상권,2120134,구로전화국,3324,2289,1035,5,278,464,532,592,1453,1,128,245,311,318,1286,4,150,219,221,274,167
2017,4,D,발달상권,2120133,서울시흥동우체국(홈플러스시흥점),400,164,236,4,52,72,102,102,68,2,19,34,44,37,28,2,33,38,58,65,40
2017,4,D,발달상권,2120132,독산동,11790,8051,3739,69,1683,2970,3077,2728,1263,40,1049,2135,2100,1763,964,29,634,835,977,965,299
2017,4,D,발달상권,2120131,가산디지털단지,130879,81747,49132,2569,30925,40378,31475,16555,8977,1191,14789,26943,21808,10425,6591,1378,16136,13435,9667,6130,2386
2017,4,D,발달상권,2120130,구로디지털단지역,2105,1041,1064,15,413,443,508,397,329,8,165,226,261,176,205,7,248,217,247,221,124
2017,4,D,발달상권,2120129,구로디지털단지,75079,45800,29279,540,17326,26060,17711,8842,4600,309,7975,17540,12019,4903,3054,231,9351,8520,5692,3939,1546
2017,4,D,발달상권,2120128,신도림역,7594,3061,4533,45,1901,2784,1623,792,449,17,572,984,812,438,238,28,1329,1800,811,354,211
2017,4,D,발달상권,2120127,구로구청,9474,6778,2696,14,1482,2528,2280,1851,1319,4,1072,2102,1683,1115,802,10,410,426,597,736,517
2017,4,D,발달상권,2120126,디지털단지오거리,130,82,48,0,11,24,47,37,11,0,3,18,33,20,8,0,8,6,14,17,3
2017,4,D,발달상권,2120125,구로역,21502,12413,9089,73,3073,6675,5761,3992,1928,35,1350,3519,3448,2617,1444,38,1723,3156,2313,1375,484
2017,4,D,발달상권,2120124,개봉동 현대아파트,917,347,570,1,101,152,255,240,168,1,27,61,99,93,66,0,74,91,156,147,102
2017,4,D,발달상권,2120123,오류동역,1588,756,832,15,179,230,389,399,376,5,69,125,154,154,249,10,110,105,235,245,127
2017,4,D,발달상권,2120122,강서구청,3081,1754,1327,9,365,681,829,705,492,5,163,378,501,403,304,4,202,303,328,302,188
2017,4,D,발달상권,2120121,까치산역,818,305,513,3,129,167,180,212,127,0,42,83,68,64,48,3,87,84,112,148,79
2017,4,D,발달상권,2120120,화곡역,2242,951,1291,9,374,505,558,597,199,2,108,280,262,181,118,7,266,225,296,416,81
2017,4,D,발달상권,2120119,발산역(마곡),5224,3218,2006,36,952,1279,1265,972,720,7,435,782,833,633,528,29,517,497,432,339,192
2017,4,D,발달상권,2120118,마곡역(마곡),563,323,240,0,106,236,148,47,26,0,26,143,106,34,14,0,80,93,42,13,12
2017,4,D,발달상권,2120117,강서농산물도매시장,1560,1070,490,1,92,286,499,451,231,0,71,222,325,287,165,1,21,64,174,164,66
2017,4,D,발달상권,2120116,송정역,361,197,164,2,43,70,93,89,64,1,15,41,49,46,45,1,28,29,44,43,19
2017,4,D,발달상권,2120115,김포공항역(김포공항),567,193,374,21,336,106,46,46,12,15,104,52,16,4,2,6,232,54,30,42,10
2017,4,D,발달상권,2120114,목동신시가지,12463,7861,4602,63,1848,3307,3663,2549,1033,29,810,1981,2530,1841,670,34,1038,1326,1133,708,363
2017,4,D,발달상권,2120113,오목교역,1401,579,822,17,288,346,329,270,151,5,84,166,139,101,84,12,204,180,190,169,67
2017,4,D,발달상권,2120112,등촌역,2628,1595,1033,16,391,656,685,506,374,10,158,385,435,328,279,6,233,271,250,178,95
2017,4,D,발달상권,2120111,목동사거리,974,455,519,7,108,201,260,225,173,1,46,100,113,92,103,6,62,101,147,133,70
2017,4,D,발달상권,2120110,목동역 8번출구,2019,852,1167,10,358,437,458,363,393,6,89,203,213,123,218,4,269,234,245,240,175
2017,4,D,발달상권,2120109,서울남부지방법원,2167,1110,1057,7,227,440,564,532,397,2,77,238,305,273,215,5,150,202,259,259,182
2017,4,D,발달상권,2120108,신정네거리역,1716,866,850,3,178,376,433,404,322,0,75,176,207,224,184,3,103,200,226,180,138
2017,4,D,발달상권,2120107,공덕역(공덕오거리),20458,11600,8858,74,4084,6046,5701,3562,991,33,1782,3557,3593,1994,641,41,2302,2489,2108,1568,350
2017,4,D,발달상권,2120106,마포역,14805,8880,5925,76,2323,3745,3599,2869,2193,28,1032,2344,2393,1655,1428,48,1291,1401,1206,1214,765
2017,4,D,발달상권,2120105,상수역(홍대),1591,866,725,13,515,569,295,124,75,5,219,334,191,68,49,8,296,235,104,56,26
2017,4,D,발달상권,2120104,연남동(홍대),10523,4860,5663,52,2989,3144,2093,1374,871,26,963,1621,1216,629,405,26,2026,1523,877,745,466
2017,4,D,발달상권,2120103,홍대입구역(홍대),14818,8269,6549,150,4572,4104,2944,1638,1410,73,1873,2532,1917,892,982,77,2699,1572,1027,746,428
2017,4,D,발달상권,2120102,서교동(홍대),9508,4882,4626,77,1903,2493,2031,1491,1513,19,672,1389,1317,904,581,58,1231,1104,714,587,932
2017,4,D,발달상권,2120101,합정역,8287,4408,3879,75,1778,2802,2277,984,371,10,568,1460,1470,675,225,65,1210,1342,807,309,146
2017,4,D,발달상권,2120100,망원역,3698,1770,1928,35,1010,827,671,596,559,13,400,432,316,208,401,22,610,395,355,388,158
2017,4,D,발달상권,2120099,월드컵경기장역(월드컵경기장),252,127,125,1,68,75,58,33,17,1,26,46,35,13,6,0,42,29,23,20,11
2017,4,D,발달상권,2120098,DMC(디지털미디어시티),24989,15076,9913,59,5080,10004,7089,2337,420,13,1865,5963,5258,1718,259,46,3215,4041,1831,619,161
2017,4,D,발달상권,2120097,충정로역,7079,4679,2400,16,1282,3000,1792,672,317,2,667,1956,1322,502,230,14,615,1044,470,170,87
2017,4,D,발달상권,2120096,"이화여대(이대역, 이대)",1259,528,731,9,260,378,286,193,133,4,64,170,122,91,77,5,196,208,164,102,56
2017,4,D,발달상권,2120095,홍제역,1123,411,712,4,178,216,301,257,167,3,34,79,100,105,90,1,144,137,201,152,77
2017,4,D,발달상권,2120094,"신촌역(신촌역, 신촌로터리)",10265,4840,5425,128,3025,2518,2205,1694,695,76,1324,1399,1075,650,316,52,1701,1119,1130,1044,379
2017,4,D,발달상권,2120093,연희동,1158,547,611,4,211,240,286,236,181,0,92,126,130,100,99,4,119,114,156,136,82
2017,4,D,발달상권,2120092,불광역,405,162,243,1,37,83,114,102,68,0,13,29,48,36,36,1,24,54,66,66,32
2017,4,D,발달상권,2120091,본서부병원,1023,401,622,2,124,207,245,278,167,0,43,99,103,91,65,2,81,108,142,187,102
2017,4,D,발달상권,2120090,연신내역,1169,401,768,18,242,213,277,231,188,5,56,85,100,84,71,13,186,128,177,147,117
2017,4,D,발달상권,2120089,구파발역,34,12,22,0,18,7,8,1,0,0,5,4,3,0,0,0,13,3,5,1,0
2017,4,D,발달상권,2120088,구산역,971,356,615,10,152,193,268,217,131,2,42,88,103,61,60,8,110,105,165,156,71
2017,4,D,발달상권,2120087,응암역,479,220,259,1,79,127,101,102,69,0,18,66,49,47,40,1,61,61,52,55,29
2017,4,D,발달상권,2120086,태릉입구역,1362,684,678,4,211,282,329,299,237,3,101,149,174,140,117,1,110,133,155,159,120
2017,4,D,발달상권,2120085,은행사거리,1050,475,575,3,193,202,298,228,126,2,80,94,127,99,73,1,113,108,171,129,53
2017,4,D,발달상권,2120084,공릉역,1127,688,439,4,114,146,238,354,271,0,35,69,142,235,207,4,79,77,96,119,64
2017,4,D,발달상권,2120083,등나무근린공원,1136,530,606,1,148,239,316,248,184,1,62,115,137,99,116,0,86,124,179,149,68
2017,4,D,발달상권,2120082,상계백병원,1844,532,1312,0,491,603,482,196,72,0,106,165,134,85,42,0,385,438,348,111,30
2017,4,D,발달상권,2120081,노원역,5057,1791,3266,44,1201,1102,1139,931,640,11,282,451,439,327,281,33,919,651,700,604,359
2017,4,D,발달상권,2120080,마들역,488,145,343,1,88,122,104,107,66,0,17,31,30,38,29,1,71,91,74,69,37
2017,4,D,발달상권,2120079,창동역,1730,906,824,7,239,341,481,372,290,2,73,161,255,199,216,5,166,180,226,173,74
2017,4,D,발달상권,2120078,미아사거리역,1038,456,582,20,246,269,251,152,100,5,104,124,110,59,54,15,142,145,141,93,46
2017,4,D,발달상권,2120077,미아역,891,376,515,2,180,229,199,161,120,1,54,88,99,69,65,1,126,141,100,92,55
2017,4,D,발달상권,2120076,수유역,4222,1976,2246,28,771,814,997,863,749,7,268,391,473,412,425,21,503,423,524,451,324
2017,4,D,발달상권,2120075,월곡역,883,461,422,2,140,206,204,179,152,2,52,126,120,90,71,0,88,80,84,89,81
2017,4,D,발달상권,2120074,안암역,327,205,122,5,58,122,75,44,23,2,37,89,51,16,10,3,21,33,24,28,13
2017,4,D,발달상권,2120073,미아사거리,833,294,539,5,158,212,217,165,76,3,54,74,86,44,33,2,104,138,131,121,43
2017,4,D,발달상권,2120072,성신여대,2533,1299,1234,13,661,641,508,372,338,7,243,337,285,209,218,6,418,304,223,163,120
2017,4,D,발달상권,2120071,성북구청,827,358,469,2,145,193,205,165,117,0,53,91,106,63,45,2,92,102,99,102,72
2017,4,D,발달상권,2120070,한성대입구역,1052,456,596,8,173,229,259,222,161,4,60,110,113,99,70,4,113,119,146,123,91
2017,4,D,발달상권,2120069,상봉역,1953,1006,947,23,378,445,409,353,345,14,157,217,221,185,212,9,221,228,188,168,133
2017,4,D,발달상권,2120068,사가정역,404,156,248,2,92,84,97,67,62,0,22,26,43,25,40,2,70,58,54,42,22
2017,4,D,발달상권,2120067,장안동사거리,3263,1416,1847,28,510,719,801,741,464,5,156,322,364,320,249,23,354,397,437,421,215
2017,4,D,발달상권,2120066,장한평역(장한평),13421,8352,5069,82,2358,3126,2997,2519,2339,30,1131,1946,1903,1614,1728,52,1227,1180,1094,905,611
2017,4,D,발달상권,2120065,회기역,998,542,456,4,170,192,219,186,227,1,67,112,117,86,159,3,103,80,102,100,68
2017,4,D,발달상권,2120064,경희대학교(경희대),475,213,262,5,84,123,111,87,65,2,37,81,54,17,22,3,47,42,57,70,43
2017,4,D,발달상권,2120063,청량리역(청량리),2089,866,1223,38,445,414,450,398,344,28,171,157,167,152,191,10,274,257,283,246,153
2017,4,D,발달상권,2120062,신설동역,11409,4972,6437,60,1455,2794,3603,2327,1170,10,427,1421,1426,976,712,50,1028,1373,2177,1351,458
2017,4,D,발달상권,2120061,올림픽대교북단,689,273,416,5,138,194,170,128,54,3,34,93,71,40,32,2,104,101,99,88,22
2017,4,D,발달상권,2120060,강변역(테크노마트),4318,2966,1352,34,517,987,1142,934,704,10,252,663,879,693,469,24,265,324,263,241,235
2017,4,D,발달상권,2120059,구삼강변맛길,2486,1250,1236,22,376,453,391,496,748,15,181,246,207,223,378,7,195,207,184,273,370
2017,4,D,발달상권,2120058,구의사거리,827,411,416,0,130,183,222,194,98,0,42,92,121,102,54,0,88,91,101,92,44
2017,4,D,발달상권,2120057,아차산역,2761,1439,1322,39,345,552,633,680,512,12,145,302,353,320,307,27,200,250,280,360,205
2017,4,D,발달상권,2120056,구의역,4072,2273,1799,19,544,831,951,806,921,5,201,406,546,434,681,14,343,425,405,372,240
2017,4,D,발달상권,2120055,군자역,5130,2940,2190,14,749,1249,1316,1123,679,4,321,764,804,624,423,10,428,485,512,499,256
2017,4,D,발달상권,2120054,어린이대공원역,1072,575,497,11,174,231,289,230,137,0,73,128,153,124,97,11,101,103,136,106,40
2017,4,D,발달상권,2120053,건대입구역(건대),3325,1618,1707,27,912,797,622,497,470,10,349,445,362,200,252,17,563,352,260,297,218
2017,4,D,발달상권,2120052,성수역,14936,8785,6151,156,3312,4264,3631,2224,1349,83,1435,2505,2284,1506,972,73,1877,1759,1347,718,377
2017,4,D,발달상권,2120051,뚝섬역,17870,9193,8677,168,4868,5603,3945,2583,703,58,2128,3497,2172,894,444,110,2740,2106,1773,1689,259
2017,4,D,발달상권,2120050,서울숲역,1489,997,492,10,292,489,415,208,75,7,153,320,301,154,62,3,139,169,114,54,13
2017,4,D,발달상권,2120049,왕십리역(왕십리),3403,2239,1164,26,616,703,820,784,454,17,283,449,579,577,334,9,333,254,241,207,120
2017,4,D,발달상권,2120048,금호역,349,134,215,1,66,81,69,77,55,0,20,35,29,28,22,1,46,46,40,49,33
2017,4,D,발달상권,2120047,한남오거리,3375,1932,1443,26,747,1084,760,466,292,10,306,636,492,294,194,16,441,448,268,172,98
2017,4,D,발달상권,2120046,이태원(이태원역),4122,2510,1612,43,1300,1397,692,385,305,26,713,944,446,220,161,17,587,453,246,165,144
2017,4,D,발달상권,2120045,남영동 먹자골목,3824,2555,1269,34,845,1256,824,471,394,1,439,973,655,276,211,33,406,283,169,195,183
2017,4,D,발달상권,2120044,삼각지역,1482,950,532,0,122,312,362,363,323,0,60,196,248,229,217,0,62,116,114,134,106
2017,4,D,발달상권,2120043,서울역,29509,20431,9078,204,4951,10262,9105,3624,1363,35,2424,6928,7271,2736,1037,169,2527,3334,1834,888,326
2017,4,D,발달상권,2120042,"숙대입구역(남영역, 남영동)",12532,6587,5945,882,4952,3479,2099,819,301,367,2259,1902,1287,552,220,515,2693,1577,812,267,81
2017,4,D,발달상권,2120041,신용산역(용산역),40069,21795,18274,362,12883,12756,9200,3492,1376,109,5818,7183,5571,2295,819,253,7065,5573,3629,1197,557
2017,4,D,발달상권,2120040,용산전자상가(용산역),11645,8523,3122,163,1853,4220,3474,1324,611,115,1217,3179,2612,958,442,48,636,1041,862,366,169
2017,4,D,발달상권,2120039,신당역,6579,3368,3211,25,1370,2137,1517,958,572,9,586,1067,827,545,334,16,784,1070,690,413,238
2017,4,D,발달상권,2120038,약수역,3830,1791,2039,48,1130,958,739,479,476,19,417,491,381,221,262,29,713,467,358,258,214
2017,4,D,발달상권,2120037,동대문역사문화공원역,21207,10741,10466,103,4902,6299,5339,3490,1074,27,2348,3922,2782,1122,540,76,2554,2377,2557,2368,534
2017,4,D,발달상권,2120036,장충동족발거리(남소영길),2132,1450,682,12,351,694,529,330,216,6,166,480,407,232,159,6,185,214,122,98,57
2017,4,D,발달상권,2120035,퇴계로5가,2120,1458,662,2,314,576,688,375,165,1,164,385,518,272,118,1,150,191,170,103,47
2017,4,D,발달상권,2120034,중구청(퇴계로4가),4412,2611,1801,11,348,978,1237,1153,685,5,127,452,711,815,501,6,221,526,526,338,184
2017,4,D,발달상권,2120033,을지로4가역,2061,1083,978,5,402,559,546,349,200,1,118,283,320,205,156,4,284,276,226,144,44
2017,4,D,발달상권,2120032,충무로역,16262,7842,8420,155,2765,3624,4598,3572,1548,69,1025,1993,2297,1505,953,86,1740,1631,2301,2067,595
2017,4,D,발달상권,2120031,을지로3가역,26181,13740,12441,156,6685,8655,6073,2938,1674,53,2046,4253,4024,2122,1242,103,4639,4402,2049,816,432
2017,4,D,발달상권,2120030,중부경찰서(영화인의거리),19234,10296,8938,1051,6470,5129,3621,2214,749,411,2660,2917,2443,1426,439,640,3810,2212,1178,788,310
2017,4,D,발달상권,2120029,을지로2가,14739,7138,7601,15,1846,6569,4404,1644,261,9,713,2421,2388,1404,203,6,1133,4148,2016,240,58
2017,4,D,발달상권,2120028,명동(명동거리),38561,20411,18150,207,5656,11076,12826,7508,1288,48,2151,4512,7092,5772,836,159,3505,6564,5734,1736,452
2017,4,D,발달상권,2120027,명동역(명동재미로),25768,12155,13613,77,4244,9588,7493,4058,308,27,1316,4097,3738,2771,206,50,2928,5491,3755,1287,102
2017,4,D,발달상권,2120026,을지로입구역,58191,31335,26856,238,10333,21861,17074,7306,1379,52,3328,10142,10950,5888,975,186,7005,11719,6124,1418,404
2017,4,D,발달상권,2120025,롯데백화점(시청광장 지하쇼핑센터),26372,9100,17272,281,13040,7788,3863,1228,172,106,3256,2611,2179,829,119,175,9784,5177,1684,399,53
2017,4,D,발달상권,2120024,회현역,1603,745,858,4,342,481,364,249,163,0,106,244,169,128,98,4,236,237,195,121,65
2017,4,D,발달상권,2120023,서울시청,19808,9417,10391,269,7854,5238,3546,2168,733,82,2662,2539,2098,1529,507,187,5192,2699,1448,639,226
2017,4,D,발달상권,2120022,북창동(시청역_6번),7827,4018,3809,91,1460,2408,2225,938,705,14,601,1259,1152,519,473,77,859,1149,1073,419,232
2017,4,D,발달상권,2120021,시청역_8번,47500,31584,15916,160,7943,17574,14539,6269,1015,50,3761,10371,11080,5498,824,110,4182,7203,3459,771,191
2017,4,D,발달상권,2120020,시청역_1번,10055,6559,3496,29,1971,2728,2607,1954,766,16,854,1787,1979,1373,550,13,1117,941,628,581,216
2017,4,D,발달상권,2120019,경찰청앞교차로,8394,4342,4052,26,1645,3306,2259,866,292,5,646,1649,1214,613,215,21,999,1657,1045,253,77
2017,4,D,발달상권,2120018,중림동,5956,3444,2512,16,965,1588,1543,1113,731,7,343,840,1034,787,433,9,622,748,509,326,298
2017,4,D,발달상권,2120017,동묘앞역(동묘),1201,408,793,13,182,316,367,196,127,4,56,89,100,74,85,9,126,227,267,122,42
2017,4,D,발달상권,2120016,동대문역,569,324,245,6,77,135,146,105,100,5,24,85,83,63,64,1,53,50,63,42,36
2017,4,D,발달상권,2120015,종로6가,1088,628,460,6,152,293,275,204,158,1,63,169,155,130,110,5,89,124,120,74,48
2017,4,D,발달상권,2120014,종로5가역,6298,3700,2598,449,1090,1800,1620,903,436,138,400,1206,1112,554,290,311,690,594,508,349,146
2017,4,D,발달상권,2120013,이화사거리,6266,4153,2113,30,1000,1920,1736,1204,376,2,353,1109,1341,1070,278,28,647,811,395,134,98
2017,4,D,발달상권,2120012,대학로(혜화역),3678,1711,1967,42,916,981,797,541,401,21,343,484,408,231,224,21,573,497,389,310,177
2017,4,D,발달상권,2120011,종로4가,3894,2257,1637,10,740,1303,1036,578,227,2,325,736,657,366,171,8,415,567,379,212,56
2017,4,D,발달상권,2120010,원남동사거리,4095,2576,1519,38,961,1342,1022,517,215,8,415,898,752,342,161,30,546,444,270,175,54
2017,4,D,발달상권,2120009,종로3가역,13115,6712,6403,83,2245,3038,3105,2623,2021,32,799,1522,1690,1381,1288,51,1446,1516,1415,1242,733
2017,4,D,발달상권,2120008,인사동,15342,10280,5062,71,2891,4960,3932,2502,986,35,1213,3266,3159,1964,643,36,1678,1694,773,538,343
2017,4,D,발달상권,2120007,북촌(안국역),20548,17908,2640,20,2752,7807,5692,3675,602,16,1943,6800,5218,3431,500,4,809,1007,474,244,102
2017,4,D,발달상권,2120006,종각역,45829,26074,19755,131,7782,15411,13452,7318,1735,33,2867,8041,8411,5526,1196,98,4915,7370,5041,1792,539
2017,4,D,발달상권,2120005,삼청동,1197,499,698,5,284,329,234,237,108,2,86,157,103,113,38,3,198,172,131,124,70
2017,4,D,발달상권,2120004,종로구청,21102,11894,9208,796,3913,6770,5745,2961,917,319,1630,3590,3780,2013,562,477,2283,3180,1965,948,355
2017,4,D,발달상권,2120003,광화문역,86741,50764,35977,1671,18267,24319,22660,13695,6129,743,7771,13573,15746,9389,3542,928,10496,10746,6914,4306,2587
2017,4,D,발달상권,2120002,서촌(경복궁역),3095,1563,1532,8,844,1070,644,319,210,1,327,565,376,166,128,7,517,505,268,153,82
2017,4,D,발달상권,2120001,서대문역,29039,15905,13134,61,5389,8889,8524,5725,451,2,1621,4302,4920,4733,327,59,3768,4587,3604,992,124
2017,4,A,골목상권,2111090,강일동주민센터,600,346,254,2,80,125,160,146,87,2,24,69,90,100,61,0,56,56,70,46,26
2017,4,A,골목상권,2111089,상일여고(상일초등학교),908,428,480,4,57,123,217,262,245,0,34,68,121,131,74,4,23,55,96,131,171
2017,4,A,골목상권,2111088,고덕동성당,279,124,155,0,42,36,44,74,83,0,22,25,19,29,29,0,20,11,25,45,54
2017,4,A,골목상권,2111087,고덕중학교(고덕2동주민센터),130,41,89,1,9,18,31,45,26,1,3,8,11,12,6,0,6,10,20,33,20
2017,4,A,골목상권,2111086,한영중고,248,92,156,0,24,44,72,76,32,0,10,16,25,27,14,0,14,28,47,49,18
2017,4,A,골목상권,2111085,묘곡초등학교(고덕아이파크아파트),346,141,205,0,33,46,71,86,110,0,10,18,33,28,52,0,23,28,38,58,58
2017,4,A,골목상권,2111084,길동신동아아파트,56,34,22,1,14,15,8,11,7,0,6,11,6,7,4,1,8,4,2,4,3
2017,4,A,골목상권,2111083,GS강동자이아파트,396,199,197,2,64,79,91,91,69,0,37,45,37,38,42,2,27,34,54,53,27
2017,4,A,골목상권,2111082,중앙보훈병원,80,66,14,0,21,13,17,12,17,0,21,12,8,11,14,0,0,1,9,1,3
2017,4,A,골목상권,2111081,둔촌푸르지오아파트,222,137,85,0,31,55,59,48,29,0,14,42,35,25,21,0,17,13,24,23,8
2017,4,A,골목상권,2111080,굽은다리역 3번,416,215,201,0,60,76,118,90,72,0,6,46,70,41,52,0,54,30,48,49,20
2017,4,A,골목상권,2111079,둔촌고등학교(둔촌중학교),133,55,78,0,11,21,42,43,16,0,6,8,17,16,8,0,5,13,25,27,8
2017,4,A,골목상권,2111078,굽은다리역 4번,1018,526,492,2,106,223,287,237,163,2,40,118,154,114,98,0,66,105,133,123,65
2017,4,A,골목상권,2111077,길동주민센터(강동도서관),1471,855,616,4,171,368,379,314,235,3,68,234,230,169,151,1,103,134,149,145,84
2017,4,A,골목상권,2111076,둔촌2동주민센터,432,217,215,4,43,71,95,111,108,2,27,39,49,48,52,2,16,32,46,63,56
2017,4,A,골목상권,2111075,굽은다리역 2번,402,201,201,5,49,106,100,94,48,3,27,64,52,36,19,2,22,42,48,58,29
2017,4,A,골목상권,2111074,명일역 1번,72,36,36,0,1,6,15,22,28,0,0,4,7,11,14,0,1,2,8,11,14
2017,4,A,골목상권,2111073,둔촌동역 1번(한산중학교),2014,1130,884,1,482,619,408,341,163,0,198,350,244,213,125,1,284,269,164,128,38
2017,4,A,골목상권,2111072,굽은다리역 1번(십자성마을),1152,549,603,2,95,167,233,323,332,0,24,83,107,145,190,2,71,84,126,178,142
2017,4,A,골목상권,2111071,천동초등학교,51,35,16,0,2,13,16,14,6,0,1,9,10,10,5,0,1,4,6,4,1
2017,4,A,골목상권,2111070,천호초등학교,92,41,51,0,7,17,26,24,18,0,3,10,15,7,6,0,4,7,11,17,12
2017,4,A,골목상권,2111069,천호1동주민센터,202,101,101,3,23,27,40,64,45,3,14,14,20,30,20,0,9,13,20,34,25
2017,4,A,골목상권,2111068,강동성심병원,1158,357,801,0,461,361,201,95,40,0,96,120,71,39,31,0,365,241,130,56,9
2017,4,A,골목상권,2111067,강동구립성내도서관,904,507,397,4,95,187,181,192,245,3,48,128,104,89,135,1,47,59,77,103,110
2017,4,A,골목상권,2111066,암사동성당(효정하나플러스아파트),402,195,207,2,30,123,110,74,63,0,7,70,59,38,21,2,23,53,51,36,42
2017,4,A,골목상권,2111065,천일초등학교,16,9,7,0,1,5,5,3,2,0,0,4,1,2,2,0,1,1,4,1,0
2017,4,A,골목상권,2111064,둔촌동역 4번,175,96,79,1,19,40,51,44,20,1,9,25,28,21,12,0,10,15,23,23,8
2017,4,A,골목상권,2111063,강동구립 천호도서관,187,53,134,0,30,39,36,47,35,0,4,10,12,11,16,0,26,29,24,36,19
2017,4,A,골목상권,2111062,둔촌동역 3번(성내3동주민센터),673,395,278,1,99,197,165,155,56,0,47,135,80,92,41,1,52,62,85,63,15
2017,4,A,골목상권,2111061,암사역 1번,479,236,243,2,52,112,139,123,51,1,23,56,69,57,30,1,29,56,70,66,21
2017,4,A,골목상권,2111060,암사역 2번(서울강동초등학교),1147,572,575,3,170,284,341,248,101,2,58,144,184,120,64,1,112,140,157,128,37
2017,4,A,골목상권,2111059,강동역 4번(강풀만화거리),1662,891,771,4,170,318,389,456,325,1,71,173,201,225,220,3,99,145,188,231,105
2017,4,A,골목상권,2111058,성내중학교,309,185,124,0,34,89,94,57,35,0,13,51,58,36,27,0,21,38,36,21,8
2017,4,A,골목상권,2111057,천호공원(해공체육문화센터),350,140,210,2,57,79,93,80,39,0,7,29,36,43,25,2,50,50,57,37,14
2017,4,A,골목상권,2111056,천호태영아파트,459,203,256,3,60,55,107,107,127,1,19,26,58,48,51,2,41,29,49,59,76
2017,4,A,골목상권,2111055,선사초등학교,1072,402,670,0,105,127,216,417,207,0,32,57,55,112,146,0,73,70,161,305,61
2017,4,A,골목상권,2111054,암사역 4번(삼성광나루아파트),83,33,50,0,11,17,25,17,13,0,2,9,10,7,5,0,9,8,15,10,8
2017,4,A,골목상권,2111053,성내천어린이공원(하니사랑길),1732,941,791,5,278,557,477,286,129,2,95,264,292,188,100,3,183,293,185,98,29
2017,4,A,골목상권,2111052,암사역 3번(천호동자전거거리),847,483,364,7,118,203,286,181,52,2,78,124,155,98,26,5,40,79,131,83,26
2017,4,A,골목상권,2111051,천호역 6번,744,376,368,2,172,189,155,141,85,0,54,104,96,66,56,2,118,85,59,75,29
2017,4,A,골목상권,2111050,강동구청(강동구청역 2번),152,87,65,0,24,33,41,32,22,0,10,19,18,22,18,0,14,14,23,10,4
2017,4,A,골목상권,2111049,천호지구대(천호동자전거거리),782,533,249,0,46,111,175,151,299,0,22,76,114,103,218,0,24,35,61,48,81
2017,4,A,골목상권,2111048,천호역 1번(천호문구완구거리),190,125,65,1,22,57,42,40,28,0,10,41,31,22,21,1,12,16,11,18,7
2017,4,A,골목상권,2111047,마천1치안센터,141,78,63,0,8,29,47,27,30,0,6,18,31,12,11,0,2,11,16,15,19
2017,4,A,골목상권,2111046,마천역(마천초등학교),764,390,374,1,58,97,194,227,187,1,13,33,72,133,138,0,45,64,122,94,49
2017,4,A,골목상권,2111045,개미어린이공원,49,21,28,0,4,8,11,19,7,0,1,4,5,9,2,0,3,4,6,10,5
2017,4,A,골목상권,2111044,남천초등학교,641,280,361,2,44,157,209,171,58,2,14,75,93,62,34,0,30,82,116,109,24
2017,4,A,골목상권,2111043,마천공원,529,420,109,3,15,38,89,201,183,3,10,23,68,164,152,0,5,15,21,37,31
2017,4,A,골목상권,2111042,거여역 1번(거여공원),684,358,326,0,67,134,211,169,103,0,29,77,111,85,56,0,38,57,100,84,47
2017,4,A,골목상권,2111041,거여역 8번,60,28,32,0,1,7,16,23,13,0,1,3,6,10,8,0,0,4,10,13,5
2017,4,A,골목상권,2111040,거여초등학교,204,126,78,1,24,67,50,43,19,1,12,47,30,25,11,0,12,20,20,18,8
2017,4,A,골목상권,2111039,벌말어린이공원,381,233,148,1,28,73,117,99,63,0,12,47,75,57,42,1,16,26,42,42,21
2017,4,A,골목상권,2111038,보인중학교,698,400,298,2,72,122,193,224,85,2,28,69,112,133,56,0,44,53,81,91,29
2017,4,A,골목상권,2111037,Sh수협은행 오금동금융센터(아랫말어린이공원),361,241,120,2,36,111,88,84,40,2,26,84,63,45,21,0,10,27,25,39,19
2017,4,A,골목상권,2111036,투구봉어린이공원,201,124,77,1,18,36,53,61,32,0,9,22,31,34,28,1,9,14,22,27,4
2017,4,A,골목상권,2111035,오금공원(오주중학교),373,220,153,0,25,70,114,102,62,0,11,44,68,59,38,0,14,26,46,43,24
2017,4,A,골목상권,2111034,오동나무공원(송파레미니스1단지),1618,1107,511,6,213,335,431,443,190,2,108,211,319,320,147,4,105,124,112,123,43
2017,4,A,골목상권,2111033,문정동성당,208,90,118,1,15,42,55,46,49,1,5,25,17,24,18,0,10,17,38,22,31
2017,4,A,골목상권,2111032,방이역 1번,5074,3018,2056,9,209,476,518,713,3149,1,102,316,322,335,1942,8,107,160,196,378,1207
2017,4,A,골목상권,2111031,장지동주민센터(한림연예예술고교),3146,1992,1154,4,263,419,665,828,967,4,151,299,453,517,568,0,112,120,212,311,399
2017,4,A,골목상권,2111030,방이역 2번,572,355,217,1,75,144,164,119,69,1,40,101,100,65,48,0,35,43,64,54,21
2017,4,A,골목상권,2111029,오금역 4번,528,293,235,12,131,123,132,78,52,3,68,65,71,47,39,9,63,58,61,31,13
2017,4,A,골목상권,2111028,문현중학교(장지역 1번),600,299,301,1,93,108,181,135,82,0,37,63,90,56,53,1,56,45,91,79,29
2017,4,A,골목상권,2111027,문정초등학교,3034,2052,982,3,179,296,350,437,1769,3,77,173,194,249,1356,0,102,123,156,188,413
2017,4,A,골목상권,2111026,문정역 2번,1756,1180,576,7,291,502,466,308,182,0,152,335,336,211,146,7,139,167,130,97,36
2017,4,A,골목상권,2111025,경찰병원역 3번,160,91,69,0,15,42,32,43,28,0,5,24,15,24,23,0,10,18,17,19,5
2017,4,A,골목상권,2111024,경찰병원역 4번(건너말공원),325,241,84,3,66,111,76,37,32,0,45,88,57,27,24,3,21,23,19,10,8
2017,4,A,골목상권,2111023,문정역 1번,964,676,288,2,134,213,289,214,112,1,85,165,198,138,89,1,49,48,91,76,23
2017,4,A,골목상권,2111022,석촌중학교(방이육교),341,146,195,1,26,43,83,136,52,0,17,32,43,34,20,1,9,11,40,102,32
2017,4,A,골목상권,2111021,방이역 4번,4704,3111,1593,24,633,987,986,810,1264,12,276,590,644,531,1058,12,357,397,342,279,206
2017,4,A,골목상권,2111020,방이동고분군(방산고등학교),411,259,152,2,39,110,93,90,77,2,19,75,59,51,53,0,20,35,34,39,24
2017,4,A,골목상권,2111019,한성백제역 3번,906,534,372,9,117,204,263,201,112,3,44,125,161,125,76,6,73,79,102,76,36
2017,4,A,골목상권,2111018,풍납초등학교(풍납백제문화공원),88,56,32,0,7,22,25,20,14,0,2,15,16,12,11,0,5,7,9,8,3
2017,4,A,골목상권,2111017,송파나루역 3번,218,123,95,4,35,51,49,38,41,1,12,29,28,22,31,3,23,22,21,16,10
2017,4,A,골목상권,2111016,송파역 2번,3462,1582,1880,21,986,1035,741,537,142,8,336,567,462,153,56,13,650,468,279,384,86
2017,4,A,골목상권,2111015,석촌역 3번,1363,735,628,1,174,292,308,302,286,1,79,169,178,140,168,0,95,123,130,162,118
2017,4,A,골목상권,2111014,송파나루역 2번,281,170,111,3,37,67,83,58,33,3,17,45,54,30,21,0,20,22,29,28,12
2017,4,A,골목상권,2111013,송파나루역 1번(송리단길),1904,1236,668,6,322,447,449,390,290,3,176,292,300,247,218,3,146,155,149,143,72
2017,4,A,골목상권,2111012,석촌역 6번,545,276,269,2,80,109,147,118,89,1,26,53,77,60,59,1,54,56,70,58,30
2017,4,A,골목상권,2111011,잠실나루역,580,212,368,1,76,126,190,113,74,0,18,49,50,47,48,1,58,77,140,66,26
2017,4,A,골목상권,2111010,석촌역 7번,2118,828,1290,29,696,415,433,366,179,7,161,185,204,147,124,22,535,230,229,219,55
2017,4,A,골목상권,2111009,송파책박물관,184,133,51,4,16,46,74,31,13,3,11,33,57,20,9,1,5,13,17,11,4
2017,4,A,골목상권,2111008,석촌고분역 3번,760,398,362,5,70,146,215,200,124,3,42,75,117,88,73,2,28,71,98,112,51
2017,4,A,골목상권,2111007,석촌고분역 4번,835,423,412,1,117,203,206,230,78,1,36,126,126,93,41,0,81,77,80,137,37
2017,4,A,골목상권,2111006,석촌고분역 1번,940,523,417,1,125,225,294,188,107,0,46,112,174,108,83,1,79,113,120,80,24
2017,4,A,골목상권,2111005,삼전역 3번,1284,873,411,5,148,222,234,296,379,0,79,161,142,191,300,5,69,61,92,105,79
2017,4,A,골목상권,2111004,삼전역 1번,2912,1708,1204,39,403,686,607,561,616,34,181,417,382,317,377,5,222,269,225,244,239
2017,4,A,골목상권,2111003,삼전역 4번,2040,1231,809,15,310,523,522,429,241,3,143,341,333,254,157,12,167,182,189,175,84
2017,4,A,골목상권,2111002,한국교통안전공단 강남자동차검사소,574,317,257,1,35,125,192,135,86,0,11,77,104,73,52,1,24,48,88,62,34
2017,4,A,골목상권,2111001,아래방죽마을공원(율현초등학교),44,16,28,0,3,17,10,9,5,0,1,8,1,2,4,0,2,9,9,7,1
2017,4,A,골목상권,2111000,대왕초등학교(세곡동사거리서남측),47,24,23,0,2,14,17,11,3,0,0,9,8,6,1,0,2,5,9,5,2
2017,4,A,골목상권,2110999,윗방죽마을공원,251,128,123,2,27,53,65,64,40,0,6,18,37,37,30,2,21,35,28,27,10
2017,4,A,골목상권,2110998,은곡마을(은곡마을공원),720,438,282,1,130,186,131,140,132,0,40,97,73,107,121,1,90,89,58,33,11
2017,4,A,골목상권,2110997,대청초등학교,2290,1008,1282,3,170,384,633,676,424,2,80,210,260,234,222,1,90,174,373,442,202
2017,4,A,골목상권,2110996,대치2동주민센터,1285,1001,284,9,155,362,381,269,109,4,94,285,318,216,84,5,61,77,63,53,25
2017,4,A,골목상권,2110995,봉은사역 4번,2653,1654,999,11,326,568,539,844,365,6,153,387,424,446,238,5,173,181,115,398,127
2017,4,A,골목상권,2110994,개포고등학교,476,242,234,7,74,75,90,130,100,5,34,51,54,51,47,2,40,24,36,79,53
2017,4,A,골목상권,2110993,개포지하차도 북측,68,44,24,0,6,17,19,18,8,0,3,9,16,12,4,0,3,8,3,6,4
2017,4,A,골목상권,2110992,도곡초등학교,462,220,242,14,103,98,130,82,35,7,38,46,66,40,23,7,65,52,64,42,12
2017,4,A,골목상권,2110991,삼성중앙역 5번,1143,729,414,5,206,534,252,109,37,2,87,359,177,80,24,3,119,175,75,29,13
2017,4,A,골목상권,2110990,청담역 12번,345,96,249,1,94,118,60,52,20,0,22,28,25,14,7,1,72,90,35,38,13
2017,4,A,골목상권,2110989,대치동아우편취급국,472,297,175,3,59,142,134,83,51,1,27,102,87,44,36,2,32,40,47,39,15
2017,4,A,골목상권,2110988,청담역 3번,321,164,157,1,77,102,65,44,32,1,29,59,39,23,13,0,48,43,26,21,19
2017,4,A,골목상권,2110987,영동대교남단,252,134,118,1,70,101,39,20,21,0,29,57,26,8,14,1,41,44,13,12,7
2017,4,A,골목상권,2110986,삼성중앙역 7번,117,61,56,0,25,26,31,15,20,0,15,15,17,5,9,0,10,11,14,10,11
2017,4,A,골목상권,2110985,청담근린공원,439,224,215,1,118,141,112,42,25,1,39,72,74,21,17,0,79,69,38,21,8
2017,4,A,골목상권,2110984,포이초등학교(개포목련어린이공원),2838,1825,1013,6,365,723,734,622,388,4,225,528,457,337,274,2,140,195,277,285,114
2017,4,A,골목상권,2110983,국립국악고등학교,726,504,222,1,83,167,167,175,133,1,35,117,116,125,110,0,48,50,51,50,23
2017,4,A,골목상권,2110982,강남구보훈회관,183,104,79,1,41,53,52,18,18,0,17,37,29,11,10,1,24,16,23,7,8
2017,4,A,골목상권,2110981,국악고교사거리,1386,848,538,6,149,264,339,289,339,0,66,168,210,165,239,6,83,96,129,124,100
2017,4,A,골목상권,2110980,개포지구대옆,552,346,206,1,85,142,154,111,59,0,29,90,101,78,48,1,56,52,53,33,11
2017,4,A,골목상권,2110979,청담초등학교,242,86,156,1,91,50,49,30,21,0,14,19,19,16,18,1,77,31,30,14,3
2017,4,A,골목상권,2110978,도곡2동주민센터(대치중학교),418,263,155,4,41,83,100,135,55,4,26,57,65,73,38,0,15,26,35,62,17
2017,4,A,골목상권,2110977,논현로18길,158,104,54,0,13,33,51,41,20,0,4,21,36,29,14,0,9,12,15,12,6
2017,4,A,골목상권,2110976,언북초등학교,360,161,199,2,97,111,67,48,35,0,30,56,33,19,23,2,67,55,34,29,12
2017,4,A,골목상권,2110975,매봉역 1번,457,267,190,6,80,147,120,72,32,1,40,104,68,36,18,5,40,43,52,36,14
2017,4,A,골목상권,2110974,언주중학교,246,129,117,4,75,69,54,34,10,1,25,46,33,18,6,3,50,23,21,16,4
2017,4,A,골목상권,2110973,강남구청역 4번,968,566,402,5,221,297,184,142,119,3,70,176,113,105,99,2,151,121,71,37,20
2017,4,A,골목상권,2110972,강남세브란스병원미래의학연구센터,231,108,123,0,41,62,59,45,24,0,9,28,34,20,17,0,32,34,25,25,7
2017,4,A,골목상권,2110971,선정릉역 4번,917,571,346,3,235,323,209,79,68,2,110,201,160,53,45,1,125,122,49,26,23
2017,4,A,골목상권,2110970,학동초등학교,865,451,414,0,222,357,188,64,34,0,72,199,122,39,19,0,150,158,66,25,15
2017,4,A,골목상권,2110969,베르사이유1아파트,1017,582,435,3,270,364,197,107,76,2,120,229,121,68,42,1,150,135,76,39,34
2017,4,A,골목상권,2110968,강남구청역 2번,917,409,508,9,225,209,204,127,143,3,84,98,89,44,91,6,141,111,115,83,52
2017,4,A,골목상권,2110967,역삼역 8번,536,287,249,0,118,192,138,49,39,0,26,120,90,25,26,0,92,72,48,24,13
2017,4,A,골목상권,2110966,논현2동주민센터,1341,687,654,9,332,411,291,169,129,2,124,216,161,103,81,7,208,195,130,66,48
2017,4,A,골목상권,2110965,언주역 6번,423,205,218,0,94,121,90,68,50,0,29,61,54,32,29,0,65,60,36,36,21
2017,4,A,골목상권,2110964,싸리고개근린공원,138,67,71,1,23,42,31,23,18,0,4,21,14,13,15,1,19,21,17,10,3
2017,4,A,골목상권,2110963,역삼월드메르디앙아파트,286,205,81,3,34,78,90,53,28,1,17,51,70,45,21,2,17,27,20,8,7
2017,4,A,골목상권,2110962,도산공원북측,331,174,157,1,162,78,37,31,22,0,77,48,21,16,12,1,85,30,16,15,10
2017,4,A,골목상권,2110961,언주역 3번,1593,656,937,5,511,546,319,116,96,0,122,185,199,78,72,5,389,361,120,38,24
2017,4,A,골목상권,2110960,은광여고,245,124,121,1,87,75,40,27,15,0,37,41,21,16,9,1,50,34,19,11,6
2017,4,A,골목상권,2110959,신구중학교,808,478,330,23,254,265,125,91,50,6,155,182,79,34,22,17,99,83,46,57,28
2017,4,A,골목상권,2110958,역삼역 4번,968,463,505,2,242,323,193,134,74,1,84,183,121,43,31,1,158,140,72,91,43
2017,4,A,골목상권,2110957,언북중학교,2495,1124,1371,9,617,808,654,247,160,2,205,417,294,112,94,7,412,391,360,135,66
2017,4,A,골목상권,2110956,언주역 8번,978,652,326,17,284,328,201,89,59,9,140,242,155,67,39,8,144,86,46,22,20
2017,4,A,골목상권,2110955,논현초등학교,959,533,426,2,185,279,226,139,128,1,65,166,150,77,74,1,120,113,76,62,54
2017,4,A,골목상권,2110954,국기원,491,126,365,7,200,125,98,44,17,1,26,42,39,9,9,6,174,83,59,35,8
2017,4,A,골목상권,2110953,학동근린공원,1470,669,801,3,517,574,260,75,41,0,148,305,158,34,24,3,369,269,102,41,17
2017,4,A,골목상권,2110952,논현목련공원,155,86,69,0,38,57,41,13,6,0,18,32,24,7,5,0,20,25,17,6,1
2017,4,A,골목상권,2110951,신사은행나무공원,296,156,140,4,108,119,34,21,10,2,44,73,23,9,5,2,64,46,11,12,5
2017,4,A,골목상권,2110950,논현역 7번,351,176,175,1,70,134,91,36,19,0,20,68,52,21,15,1,50,66,39,15,4
2017,4,A,골목상권,2110949,한남IC,1081,565,516,15,238,389,255,126,58,2,64,218,158,79,44,13,174,171,97,47,14
2017,4,A,골목상권,2110948,헌인가구단지,19,13,6,0,0,1,9,6,3,0,0,1,5,4,3,0,0,0,4,2,0
2017,4,A,골목상권,2110947,청계산입구역 2번(내곡동주민센터),108,60,48,1,14,18,20,40,15,1,8,9,13,20,9,0,6,9,7,20,6
2017,4,A,골목상권,2110946,청계산원터골,115,62,53,2,17,31,21,29,15,0,8,21,11,15,7,2,9,10,10,14,8
2017,4,A,골목상권,2110945,본마을노인복지센터(서초구립내곡도서관),78,42,36,0,15,18,19,17,9,0,11,9,10,8,4,0,4,9,9,9,5
2017,4,A,골목상권,2110944,서울나래학교(염곡어린이공원),263,170,93,0,39,77,66,59,22,0,16,52,43,41,18,0,23,25,23,18,4
2017,4,A,골목상권,2110943,법제교육센터(버들어린이공원),1528,608,920,2,140,456,556,265,109,2,47,173,207,106,73,0,93,283,349,159,36
2017,4,A,골목상권,2110942,염곡동 구룡사(포이동성당),2769,1629,1140,5,333,691,799,600,341,2,158,421,497,325,226,3,175,270,302,275,115
2017,4,A,골목상권,2110941,언남고등학교,364,249,115,1,53,96,101,74,39,1,23,63,70,56,36,0,30,33,31,18,3
2017,4,A,골목상권,2110940,양재근린공원(양재2동주민센터),1231,848,383,8,281,367,333,157,85,1,160,265,244,107,71,7,121,102,89,50,14
2017,4,A,골목상권,2110939,양재역 8번(양재동우체국),7119,4543,2576,17,1127,2106,1663,1199,1007,9,538,1332,1137,809,718,8,589,774,526,390,289
2017,4,A,골목상권,2110938,바우뫼공원,1528,1025,503,3,270,492,438,214,111,2,123,365,325,138,72,1,147,127,113,76,39
2017,4,A,골목상권,2110937,방아다리근린공원(횃불트리니티신학대학원대학교),382,276,106,0,79,106,104,63,30,0,45,75,83,50,23,0,34,31,21,13,7
2017,4,A,골목상권,2110936,더케이호텔(양재리본타워2단지아파트),1340,875,465,2,245,482,317,179,115,2,99,291,239,144,100,0,146,191,78,35,15
2017,4,A,골목상권,2110935,한전아트센터,604,459,145,2,108,192,183,76,43,2,50,151,155,65,36,0,58,41,28,11,7
2017,4,A,골목상권,2110934,우면주공아파트,786,521,265,0,121,205,224,142,94,0,64,141,149,94,73,0,57,64,75,48,21
2017,4,A,골목상권,2110933,한국상담대학원대학교,351,263,88,1,34,117,108,68,23,0,18,96,90,44,15,1,16,21,18,24,8
2017,4,A,골목상권,2110932,서울시인재개발원,800,601,199,2,146,302,206,91,53,0,83,238,166,69,45,2,63,64,40,22,8
2017,4,A,골목상권,2110931,삼성전자서울R&D(서울우면초등학교),71,20,51,0,25,20,8,11,7,0,3,8,3,2,4,0,22,12,5,9,3
2017,4,A,골목상권,2110930,서초동성당,543,363,180,3,74,137,154,105,70,1,34,96,114,70,48,2,40,41,40,35,22
2017,4,A,골목상권,2110929,남부터미널역 1번,2647,1675,972,10,539,841,688,341,228,3,248,514,496,234,180,7,291,327,192,107,48
2017,4,A,골목상권,2110928,서초우방유쉘아파트,279,139,140,0,76,106,46,31,20,0,24,51,32,20,12,0,52,55,14,11,8
2017,4,A,골목상권,2110927,잠원역,123,41,82,0,24,29,34,19,17,0,1,7,13,10,10,0,23,22,21,9,7
2017,4,A,골목상권,2110926,신중초등학교,407,247,160,0,67,95,117,72,56,0,26,60,66,49,46,0,41,35,51,23,10
2017,4,A,골목상권,2110925,서초중학교,353,217,136,0,53,96,84,66,54,0,27,55,54,42,39,0,26,41,30,24,15
2017,4,A,골목상권,2110924,반포4동주민센터(몽마르뜨공원),383,184,199,2,87,104,72,59,59,0,42,59,28,25,30,2,45,45,44,34,29
2017,4,A,골목상권,2110923,방배역 1번,79,51,28,0,9,16,21,26,7,0,5,11,12,19,4,0,4,5,9,7,3
2017,4,A,골목상권,2110922,내방역 1번,820,93,727,3,86,165,300,197,69,0,16,12,14,13,38,3,70,153,286,184,31
2017,4,A,골목상권,2110921,서울프랑스학교,151,77,74,0,35,29,41,22,24,0,22,18,18,8,11,0,13,11,23,14,13
2017,4,A,골목상권,2110920,방배역 2번(백석예술대학교),490,259,231,0,80,86,155,128,41,0,27,44,84,77,27,0,53,42,71,51,14
2017,4,A,골목상권,2110919,내방역 8번,579,368,211,0,76,176,189,97,41,0,38,122,119,60,29,0,38,54,70,37,12
2017,4,A,골목상권,2110918,방배역 3번,603,328,275,1,112,163,180,95,52,0,44,89,99,55,41,1,68,74,81,40,11
2017,4,A,골목상권,2110917,서초소방서,1298,971,327,1,162,434,427,217,57,0,92,337,337,170,35,1,70,97,90,47,22
2017,4,A,골목상권,2110916,내방역 4번,1714,707,1007,3,417,511,500,175,108,2,104,204,199,111,87,1,313,307,301,64,21
2017,4,A,골목상권,2110915,서래초등학교,203,101,102,1,54,63,50,19,16,0,28,34,18,12,9,1,26,29,32,7,7
2017,4,A,골목상권,2110914,내방역 6번,100,71,29,0,17,42,20,13,8,0,11,31,12,11,6,0,6,11,8,2,2
2017,4,A,골목상권,2110913,방현초등학교(방배119안전센터),2879,1840,1039,15,542,913,670,405,334,7,250,584,460,310,229,8,292,329,210,95,105
2017,4,A,골목상권,2110912,방배동사이길,1373,1060,313,2,238,597,324,141,71,1,114,502,279,114,50,1,124,95,45,27,21
2017,4,A,골목상권,2110911,방배배수지체육공원,345,250,95,0,49,57,52,74,113,0,18,21,37,68,106,0,31,36,15,6,7
2017,4,A,골목상권,2110910,내방역 5번,391,216,175,1,65,110,118,60,37,0,17,66,79,33,21,1,48,44,39,27,16
2017,4,A,골목상권,2110909,남태령역(서울전자고등학교),145,84,61,0,20,23,34,36,32,0,7,13,22,22,20,0,13,10,12,14,12
2017,4,A,골목상권,2110908,구반포역,607,389,218,2,77,100,153,147,128,0,37,64,96,109,83,2,40,36,57,38,45
2017,4,A,골목상권,2110907,방배초등학교,1052,601,451,9,278,223,209,188,145,5,96,142,130,123,105,4,182,81,79,65,40
2017,4,A,골목상권,2110906,서문여고,425,277,148,0,47,77,100,70,131,0,18,49,58,44,108,0,29,28,42,26,23
2017,4,A,골목상권,2110905,방배노인종합복지관(이수중학교),304,167,137,0,43,75,80,71,35,0,18,40,53,39,17,0,25,35,27,32,18
2017,4,A,골목상권,2110904,이수역 5번,793,555,238,2,125,244,217,124,81,2,76,167,162,84,64,0,49,77,55,40,17
2017,4,A,골목상권,2110903,방배아이파크아파트,813,395,418,4,135,157,216,181,120,2,51,93,116,70,63,2,84,64,100,111,57
2017,4,A,골목상권,2110902,사당역 4번,1567,694,873,6,369,373,381,311,127,1,115,188,183,119,88,5,254,185,198,192,39
2017,4,A,골목상권,2110901,인헌고등학교(인헌중학교),153,62,91,0,38,38,39,23,15,0,10,21,16,7,8,0,28,17,23,16,7
2017,4,A,골목상권,2110900,낙성대역 1번(관악구민 종합체육센터),206,90,116,0,33,40,57,51,25,0,8,16,24,28,14,0,25,24,33,23,11
2017,4,A,골목상권,2110899,낙성대역 5번(관악중학교),133,59,74,0,13,27,36,46,11,0,4,15,14,20,6,0,9,12,22,26,5
2017,4,A,골목상권,2110898,청림동주민센터(상도중학교),72,21,51,0,23,16,16,11,6,0,6,4,6,3,2,0,17,12,10,8,4
2017,4,A,골목상권,2110897,서울대입구역 8번,190,85,105,1,30,36,54,41,28,1,11,19,22,18,14,0,19,17,32,23,14
2017,4,A,골목상권,2110896,관악우성아파트,287,78,209,0,41,57,76,66,47,0,6,17,24,16,15,0,35,40,52,50,32
2017,4,A,골목상권,2110895,샤로수길,1226,643,583,2,210,258,288,297,171,1,101,158,159,130,94,1,109,100,129,167,77
2017,4,A,골목상권,2110894,관악동부센트레빌아파트(은천로35라길),11,5,6,0,1,1,5,3,1,0,1,0,0,3,1,0,0,1,5,0,0
2017,4,A,골목상권,2110893,관악소방서(문영여고),441,357,84,0,55,119,100,126,41,0,32,103,85,106,31,0,23,16,15,20,10
2017,4,A,골목상권,2110892,관악구 중앙길,739,338,401,2,117,162,185,161,112,1,33,61,95,90,58,1,84,101,90,71,54
2017,4,A,골목상권,2110891,구암초등학교,96,42,54,0,9,14,35,30,8,0,3,9,13,13,4,0,6,5,22,17,4
2017,4,A,골목상권,2110890,봉천역 1번(관악초등학교),291,182,109,0,35,58,95,69,34,0,13,33,62,45,29,0,22,25,33,24,5
2017,4,A,골목상권,2110889,봉천역 6번,52,33,19,0,9,9,13,17,4,0,8,6,7,9,3,0,1,3,6,8,1
2017,4,A,골목상권,2110888,청룡동주민센터,170,87,83,0,12,26,23,52,57,0,5,11,10,20,41,0,7,15,13,32,16
2017,4,A,골목상권,2110887,서울산업정보학교(서울삼성초등학교),129,52,77,0,28,26,24,39,12,0,6,9,7,20,10,0,22,17,17,19,2
2017,4,A,골목상권,2110886,관악해태어린이공원,194,115,79,3,17,64,47,39,24,2,10,42,31,20,10,1,7,22,16,19,14
2017,4,A,골목상권,2110885,영락고등학교,193,93,100,0,18,35,50,53,37,0,5,21,22,25,20,0,13,14,28,28,17
2017,4,A,골목상권,2110884,봉천역 4번(봉천110안전센터),478,373,105,2,34,52,96,151,143,1,7,25,75,133,132,1,27,27,21,18,11
2017,4,A,골목상권,2110883,은천초등학교(은천교앞),328,189,139,1,59,85,95,61,27,0,34,62,47,34,12,1,25,23,48,27,15
2017,4,A,골목상권,2110882,신성초등학교,789,501,288,1,60,98,185,233,212,1,21,48,102,153,176,0,39,50,83,80,36
2017,4,A,골목상권,2110881,구립대학경로당(관악산샘말공원),431,217,214,1,41,91,124,103,71,0,20,51,60,46,40,1,21,40,64,57,31
2017,4,A,골목상권,2110880,신림역 1번,727,194,533,5,262,224,128,80,28,0,46,57,55,24,12,5,216,167,73,56,16
2017,4,A,골목상권,2110879,신림현대아파트,242,93,149,0,21,35,55,87,44,0,10,22,25,26,10,0,11,13,30,61,34
2017,4,A,골목상권,2110878,미림여고,50,22,28,1,10,9,9,12,9,1,4,2,3,6,6,0,6,7,6,6,3
2017,4,A,골목상권,2110877,신림역 8번,487,255,232,4,63,104,136,116,64,3,39,61,61,52,39,1,24,43,75,64,25
2017,4,A,골목상권,2110876,서원동주민센터(신관중학교),78,34,44,0,9,20,14,22,13,0,1,9,5,13,6,0,8,11,9,9,7
2017,4,A,골목상권,2110875,보라매동주민센터(당곡고등학교),66,23,43,1,7,6,24,16,12,0,2,1,9,7,4,1,5,5,15,9,8
2017,4,A,골목상권,2110874,원신초등학교(구세군관악영문교회),170,54,116,0,35,37,27,38,33,0,5,9,12,12,16,0,30,28,15,26,17
2017,4,A,골목상권,2110873,당곡중학교,597,318,279,2,64,87,143,129,172,0,24,39,63,66,126,2,40,48,80,63,46
2017,4,A,골목상권,2110872,신림초등학교,70,30,40,1,19,10,12,14,14,1,8,5,10,4,2,0,11,5,2,10,12
2017,4,A,골목상권,2110871,신원동주민센터,132,64,68,0,14,38,38,22,20,0,6,19,20,8,11,0,8,19,18,14,9
2017,4,A,골목상권,2110869,"신림역 5번(신림동주민센터, 신림동별빛거리)",311,170,141,0,40,79,74,66,52,0,23,45,34,36,32,0,17,34,40,30,20
2017,4,A,골목상권,2110868,남부초등학교,195,103,92,1,18,36,54,52,34,1,8,30,24,24,16,0,10,6,30,28,18
2017,4,A,골목상권,2110867,국제신학대학원대학교(남서울중학교),405,194,211,1,37,54,75,127,111,0,12,18,34,58,72,1,25,36,41,69,39
2017,4,A,골목상권,2110866,난우중학교,110,46,64,0,8,20,40,25,17,0,1,10,13,13,9,0,7,10,27,12,8
2017,4,A,골목상권,2110865,남강고등학교(남강중학교),465,179,286,1,91,124,124,82,43,0,17,53,45,35,29,1,74,71,79,47,14
2017,4,A,골목상권,2110864,신림우방아파트,192,131,61,0,17,44,42,51,38,0,7,30,31,33,30,0,10,14,11,18,8
2017,4,A,골목상권,2110863,난우초등학교,384,179,205,1,48,67,95,103,70,0,14,31,52,46,36,1,34,36,43,57,34
2017,4,A,골목상권,2110862,난곡초등학교(난곡동벽화마을),150,58,92,2,31,26,38,34,19,0,11,13,14,14,6,2,20,13,24,20,13
2017,4,A,골목상권,2110861,관악구신사동주민센터,1023,437,586,1,169,195,246,268,144,1,57,85,117,109,68,0,112,110,129,159,76
2017,4,A,골목상권,2110860,호림박물관(성보고등학교),762,442,320,0,54,85,184,213,226,0,19,41,86,127,169,0,35,44,98,86,57
2017,4,A,골목상권,2110859,난향초등학교,498,198,300,0,10,22,65,198,203,0,2,15,35,58,88,0,8,7,30,140,115
2017,4,A,골목상권,2110858,신대방역 1번,84,24,60,0,19,24,14,16,11,0,2,4,7,5,6,0,17,20,7,11,5
2017,4,A,골목상권,2110857,미성동주민센터,342,141,201,0,30,56,83,87,86,0,10,25,41,34,31,0,20,31,42,53,55
2017,4,A,골목상권,2110856,미성초등학교,587,291,296,0,79,94,134,138,142,0,28,51,65,68,79,0,51,43,69,70,63
2017,4,A,골목상권,2110855,신대방역 2번,858,460,398,1,105,202,219,212,119,0,33,129,118,108,72,1,72,73,101,104,47
2017,4,A,골목상권,2110854,조원동주민센터,103,55,48,0,9,22,29,36,7,0,5,13,16,17,4,0,4,9,13,19,3
2017,4,A,골목상권,2110853,KT구로지사,156,95,61,0,20,40,54,28,14,0,8,26,39,17,5,0,12,14,15,11,9
2017,4,A,골목상권,2110852,이수역 9번,234,136,98,0,30,61,59,45,39,0,19,31,34,23,29,0,11,30,25,22,10
2017,4,A,골목상권,2110851,경문고등학교(동작동성당),175,53,122,0,23,39,58,47,8,0,4,13,18,12,6,0,19,26,40,35,2
2017,4,A,골목상권,2110850,사당역 10번,1005,526,479,2,173,212,295,179,144,0,79,121,176,73,77,2,94,91,119,106,67
2017,4,A,골목상권,2110849,이수역 10번,393,240,153,6,37,68,110,109,63,3,19,40,63,74,41,3,18,28,47,35,22
2017,4,A,골목상권,2110848,양지어린이공원,595,390,205,1,55,122,193,131,93,0,18,58,139,101,74,1,37,64,54,30,19
2017,4,A,골목상권,2110847,예술인마을,537,378,159,1,146,141,119,78,52,0,87,97,96,59,39,1,59,44,23,19,13
2017,4,A,골목상권,2110846,남성역 1번,586,337,249,0,51,112,153,156,114,0,13,52,80,95,97,0,38,60,73,61,17
2017,4,A,골목상권,2110845,사당종합체육관,32,22,10,0,4,4,8,9,7,0,3,4,7,3,5,0,1,0,1,6,2
2017,4,A,골목상권,2110844,흑석2치안센터,20,17,3,0,7,4,3,5,1,0,6,4,3,3,1,0,1,0,0,2,0
2017,4,A,골목상권,2110843,사당5동주민센터,295,215,80,3,72,63,66,53,38,2,57,37,45,40,34,1,15,26,21,13,4
2017,4,A,골목상권,2110842,흑리단길,72,33,39,0,9,15,21,20,7,0,4,9,9,4,7,0,5,6,12,16,0
2017,4,A,골목상권,2110841,중대부중,45,30,15,0,4,8,16,13,4,0,2,6,12,8,2,0,2,2,4,5,2
2017,4,A,골목상권,2110840,중앙대학교,237,119,118,0,61,59,45,47,25,0,30,43,19,17,10,0,31,16,26,30,15
2017,4,A,골목상권,2110839,숭실대입구역 4번,429,214,215,3,59,120,98,106,43,1,22,61,48,52,30,2,37,59,50,54,13
2017,4,A,골목상권,2110838,상도1동주민센터앞,76,29,47,0,13,24,22,8,9,0,4,13,8,1,3,0,9,11,14,7,6
2017,4,A,골목상권,2110837,숭실대입구역 1번,597,245,352,2,99,135,170,102,89,0,29,68,74,35,39,2,70,67,96,67,50
2017,4,A,골목상권,2110836,상도역 5번,959,471,488,2,156,226,250,204,121,1,68,120,126,91,65,1,88,106,124,113,56
2017,4,A,골목상권,2110835,상도역 1번,298,127,171,2,44,74,79,59,40,1,13,37,36,24,16,1,31,37,43,35,24
2017,4,A,골목상권,2110834,동작구자원봉사센터,122,51,71,1,11,18,43,33,16,0,4,7,20,11,9,1,7,11,23,22,7
2017,4,A,골목상권,2110833,상도역 2번,168,100,68,0,20,46,49,38,15,0,10,25,34,20,11,0,10,21,15,18,4
2017,4,A,골목상권,2110832,노량진초등학교,247,128,119,0,32,54,61,65,35,0,7,30,36,37,18,0,25,24,25,28,17
2017,4,A,골목상권,2110831,상도4동주민센터,136,72,64,0,13,24,50,30,19,0,8,9,25,15,15,0,5,15,25,15,4
2017,4,A,골목상권,2110830,상도초등학교,281,141,140,1,37,59,66,75,43,0,15,33,40,32,21,1,22,26,26,43,22
2017,4,A,골목상권,2110829,장승배기역 5번,715,471,244,1,233,153,112,116,100,0,188,105,61,59,58,1,45,48,51,57,42
2017,4,A,골목상권,2110828,노량진역 6번,2807,2058,749,9,486,1170,759,314,69,1,295,866,599,248,49,8,191,304,160,66,20
2017,4,A,골목상권,2110827,NH농협은행 상도동지점,396,159,237,7,76,69,114,74,56,1,25,30,49,31,23,6,51,39,65,43,33
2017,4,A,골목상권,2110826,장승배기역 4번,407,182,225,1,44,63,115,119,65,0,15,30,61,49,27,1,29,33,54,70,38
2017,4,A,골목상권,2110825,신대방삼거리역 1번,328,89,239,0,38,60,86,107,37,0,7,19,29,21,13,0,31,41,57,86,24
2017,4,A,골목상권,2110824,대방역 3번,445,151,294,1,62,146,126,83,27,0,13,63,30,29,16,1,49,83,96,54,11
2017,4,A,골목상권,2110823,신대방삼거리역 3번,372,115,257,4,53,65,72,97,81,2,14,36,24,18,21,2,39,29,48,79,60
2017,4,A,골목상권,2110822,신대방삼거리역 4번(대림초등학교),67,35,32,0,5,15,21,19,7,0,4,11,7,9,4,0,1,4,14,10,3
2017,4,A,골목상권,2110821,보라매역 2번,324,165,159,0,37,69,87,83,48,0,6,37,44,46,32,0,31,32,43,37,16
2017,4,A,골목상권,2110820,성남고등학교,450,266,184,0,49,108,84,110,99,0,25,55,47,66,73,0,24,53,37,44,26
2017,4,A,골목상권,2110819,신대방역 4번,546,306,240,2,57,86,125,129,147,1,15,42,72,77,99,1,42,44,53,52,48
2017,4,A,골목상권,2110818,신대방역 3번,1224,1114,110,14,243,425,362,145,35,14,224,404,329,111,32,0,19,21,33,34,3
2017,4,A,골목상권,2110817,대방역 4번,483,314,169,1,131,73,125,75,78,1,62,52,87,50,62,0,69,21,38,25,16
2017,4,A,골목상권,2110816,대방역 6번,1327,917,410,11,207,305,360,317,127,6,123,214,278,199,97,5,84,91,82,118,30
2017,4,A,골목상권,2110815,공군호텔,1684,687,997,4,368,507,333,330,142,0,104,267,143,112,61,4,264,240,190,218,81
2017,4,A,골목상권,2110814,서울지방병무청,1780,1077,703,1,115,190,345,627,502,0,39,110,208,351,369,1,76,80,137,276,133
2017,4,A,골목상권,2110813,보라매역 6번,387,202,185,0,29,78,108,94,78,0,15,43,58,47,39,0,14,35,50,47,39
2017,4,A,골목상권,2110812,신길6동주민센터,363,225,138,1,58,107,90,70,37,0,23,75,71,29,27,1,35,32,19,41,10
2017,4,A,골목상권,2110811,보라매역 4번,172,93,79,0,13,36,62,42,19,0,8,13,35,24,13,0,5,23,27,18,6
2017,4,A,골목상권,2110810,영신초등학교,595,264,331,1,69,103,135,149,138,0,20,53,61,67,63,1,49,50,74,82,75
2017,4,A,골목상권,2110809,장훈고등학교,325,146,179,2,51,59,94,70,49,1,20,37,51,22,15,1,31,22,43,48,34
2017,4,A,골목상권,2110808,신길역 1번,65,46,19,0,9,21,13,15,7,0,4,16,10,11,5,0,5,5,3,4,2
2017,4,A,골목상권,2110807,신길역 3번,364,228,136,0,47,74,71,78,94,0,10,46,52,56,64,0,37,28,19,22,30
2017,4,A,골목상권,2110806,서울시립영등포장애인복지관,277,197,80,0,33,101,88,45,10,0,10,65,72,42,8,0,23,36,16,3,2
2017,4,A,골목상권,2110805,신길새마을금고신길4동지점,93,40,53,0,9,20,22,22,20,0,3,11,11,9,6,0,6,9,11,13,14
2017,4,A,골목상권,2110804,신풍역 1번,343,153,190,2,34,75,94,90,48,0,8,39,38,47,21,2,26,36,56,43,27
2017,4,A,골목상권,2110803,신길2동우편취급국,203,99,104,2,30,39,52,50,30,1,12,23,24,20,19,1,18,16,28,30,11
2017,4,A,골목상권,2110802,신길동홍어거리,442,232,210,0,50,151,141,72,28,0,9,71,82,47,23,0,41,80,59,25,5
2017,4,A,골목상권,2110801,신풍역 6번(신길6동공영주차장),14,10,4,0,4,0,5,4,1,0,4,0,2,3,1,0,0,0,3,1,0
2017,4,A,골목상권,2110800,영등포동성당,287,218,69,0,17,40,92,92,46,0,9,34,61,73,41,0,8,6,31,19,5
2017,4,A,골목상권,2110799,영등포본동주민센터,90,66,24,0,14,19,15,19,23,0,6,16,8,14,22,0,8,3,7,5,1
2017,4,A,골목상권,2110798,신풍역 2번,68,33,35,1,8,7,13,24,15,0,5,4,6,10,8,1,3,3,7,14,7
2017,4,A,골목상권,2110797,KT대방빌딩,122,51,71,2,24,27,36,18,15,0,8,11,16,10,6,2,16,16,20,8,9
2017,4,A,골목상권,2110796,한림대학교한강성심병원,142,104,38,1,8,26,32,34,41,1,3,23,20,25,32,0,5,3,12,9,9
2017,4,A,골목상권,2110795,도림초등학교,313,110,203,0,25,29,61,87,111,0,2,16,24,38,30,0,23,13,37,49,81
2017,4,A,골목상권,2110794,영동초등학교,2276,1586,690,5,318,561,611,453,328,2,174,379,435,325,271,3,144,182,176,128,57
2017,4,A,골목상권,2110793,대림썬프라자,33,23,10,0,1,3,10,10,9,0,0,3,6,6,8,0,1,0,4,4,1
2017,4,A,골목상권,2110792,영등포역 2번,470,266,204,1,53,96,144,106,70,0,24,50,77,65,50,1,29,46,67,41,20
2017,4,A,골목상권,2110791,신풍역 3번,37,19,18,0,0,11,8,12,6,0,0,5,3,6,5,0,0,6,5,6,1
2017,4,A,골목상권,2110790,대림1동주민센터,367,203,164,0,45,89,87,72,74,0,14,42,40,47,60,0,31,47,47,25,14
2017,4,A,골목상권,2110789,대림성모병원,666,224,442,1,134,157,159,137,78,1,19,64,58,47,35,0,115,93,101,90,43
2017,4,A,골목상권,2110788,영등포시장역 3번,74,45,29,2,9,10,16,24,13,0,5,9,9,12,10,2,4,1,7,12,3
2017,4,A,골목상권,2110787,신길3동주민센터,231,117,114,1,27,52,66,48,37,0,9,25,36,24,23,1,18,27,30,24,14
2017,4,A,골목상권,2110786,당산역 8번,208,123,85,0,27,44,55,42,40,0,12,29,33,25,24,0,15,15,22,17,16
2017,4,A,골목상권,2110785,영등포푸르지오아파트,272,147,125,2,22,47,78,82,41,1,15,23,48,34,26,1,7,24,30,48,15
2017,4,A,골목상권,2110784,신대림초등학교,120,37,83,0,4,13,25,46,32,0,2,4,9,17,5,0,2,9,16,29,27
2017,4,A,골목상권,2110783,영등포시장역 1번,837,332,505,0,116,258,177,131,155,0,43,81,70,65,73,0,73,177,107,66,82
2017,4,A,골목상권,2110782,영등포시장역 4번,163,91,72,0,27,33,48,38,17,0,7,18,29,23,14,0,20,15,19,15,3
2017,4,A,골목상권,2110781,대림한신아파트,145,93,52,0,8,18,44,41,34,0,5,10,31,26,21,0,3,8,13,15,13
2017,4,A,골목상권,2110780,신길대성유니드아파트,161,101,60,1,13,37,39,43,28,0,5,26,23,30,17,1,8,11,16,13,11
2017,4,A,골목상권,2110779,대림갑을명가아파트,46,13,33,0,3,5,18,9,11,0,0,2,1,3,7,0,3,3,17,6,4
2017,4,A,골목상권,2110778,구로디지털단지역 4번,1226,564,662,4,109,266,422,221,204,0,29,124,128,130,153,4,80,142,294,91,51
2017,4,A,골목상권,2110777,구로세무서,536,407,129,1,47,94,142,170,82,1,23,70,105,136,72,0,24,24,37,34,10
2017,4,A,골목상권,2110776,도신초등학교,388,245,143,4,38,97,116,91,42,0,20,60,76,59,30,4,18,37,40,32,12
2017,4,A,골목상권,2110775,대동초등학교,54,25,29,0,1,6,17,18,12,0,1,3,4,9,8,0,0,3,13,9,4
2017,4,A,골목상권,2110774,당산반도유보라팰리스아파트,612,394,218,5,83,178,159,122,65,1,41,123,103,81,45,4,42,55,56,41,20
2017,4,A,골목상권,2110773,당산역 13번,444,309,135,9,64,102,114,78,77,3,32,64,89,59,62,6,32,38,25,19,15
2017,4,A,골목상권,2110772,신우어린이공원,171,60,111,0,23,40,37,46,25,0,4,18,17,15,6,0,19,22,20,31,19
2017,4,A,골목상권,2110771,대림역 11번,40,12,28,0,7,11,9,12,1,0,1,3,2,6,0,0,6,8,7,6,1
2017,4,A,골목상권,2110770,영등포구청역 6번,544,322,222,6,68,97,128,117,128,6,27,52,68,69,100,0,41,45,60,48,28
2017,4,A,골목상권,2110769,대림차이나타운(대림역 12번),23,13,10,0,3,8,4,6,2,0,1,5,2,3,2,0,2,3,2,3,0
2017,4,A,골목상권,2110768,도림2동유수지내체육시설,500,310,190,0,56,119,111,64,150,0,25,79,73,42,91,0,31,40,38,22,59
2017,4,A,골목상권,2110767,도림동주민센터,99,46,53,0,20,26,25,17,11,0,7,16,10,6,7,0,13,10,15,11,4
2017,4,A,골목상권,2110766,대림역 5번,902,491,411,1,65,130,214,273,219,1,29,77,113,143,128,0,36,53,101,130,91
2017,4,A,골목상권,2110765,문래동사거리,1356,936,420,3,141,265,372,382,193,0,84,171,254,266,161,3,57,94,118,116,32
2017,4,A,골목상권,2110764,문래역 3번,819,383,436,0,50,75,112,180,402,0,16,35,62,83,187,0,34,40,50,97,215
2017,4,A,골목상권,2110763,영등포구청역 2번,977,624,353,4,165,300,223,167,118,0,74,189,153,112,96,4,91,111,70,55,22
2017,4,A,골목상권,2110762,선유도역 1번,4355,2862,1493,24,676,1149,1138,856,512,16,308,741,815,591,391,8,368,408,323,265,121
2017,4,A,골목상권,2110761,문래동남성맨션,355,261,94,5,67,84,74,77,48,5,45,59,53,59,40,0,22,25,21,18,8
2017,4,A,골목상권,2110760,선유도역 6번,8659,5585,3074,28,1701,2946,2384,1235,365,13,822,1922,1719,820,289,15,879,1024,665,415,76
2017,4,A,골목상권,2110759,문래예술촌(문래창작촌),4905,3331,1574,19,785,1171,1324,1099,507,6,421,792,916,795,401,13,364,379,408,304,106
2017,4,A,골목상권,2110758,문래소공원,447,322,125,2,22,62,99,104,158,1,16,49,70,71,115,1,6,13,29,33,43
2017,4,A,골목상권,2110757,양평역 2번,2607,1407,1200,5,312,608,687,550,445,4,142,398,338,271,254,1,170,210,349,279,191
2017,4,A,골목상권,2110756,문래중학교,303,204,99,1,30,74,96,51,51,0,16,53,67,28,40,1,14,21,29,23,11
2017,4,A,골목상권,2110755,동일여자고등학교,309,115,194,1,35,66,86,83,38,0,10,26,31,27,21,1,25,40,55,56,17
2017,4,A,골목상권,2110754,삼성산자연공원(서울금천초등학교),309,97,212,0,29,37,97,93,53,0,7,12,33,25,20,0,22,25,64,68,33
2017,4,A,골목상권,2110753,시흥동 은행나무사거리,1108,669,439,2,65,121,292,420,208,1,15,66,185,274,128,1,50,55,107,146,80
2017,4,A,골목상권,2110752,한울중학교,368,135,233,1,31,65,128,100,43,1,13,24,38,38,21,0,18,41,90,62,22
2017,4,A,골목상권,2110751,난곡중학교,264,136,128,0,19,35,78,87,45,0,5,16,38,46,31,0,14,19,40,41,14
2017,4,A,골목상권,2110750,시흥4동주민센터(서울신흥초등학교),225,71,154,0,29,37,73,60,26,0,9,12,17,19,14,0,20,25,56,41,12
2017,4,A,골목상권,2110749,금산초등학교(금천고등학교),479,268,211,4,47,90,127,84,127,3,29,49,53,39,95,1,18,41,74,45,32
2017,4,A,골목상권,2110748,백산초등학교,185,96,89,0,26,29,53,46,31,0,9,13,31,25,18,0,17,16,22,21,13
2017,4,A,골목상권,2110747,석수역 1번 출입구,1010,693,317,6,73,167,292,315,157,2,44,99,178,237,133,4,29,68,114,78,24
2017,4,A,골목상권,2110746,금천금빛공원(은행나무사거리서측),87,52,35,1,3,13,30,29,11,0,1,8,20,13,10,1,2,5,10,16,1
2017,4,A,골목상권,2110745,독산동정훈단지,423,231,192,0,52,44,86,117,124,0,17,20,39,69,86,0,35,24,47,48,38
2017,4,A,골목상권,2110744,독산동성당,369,135,234,1,37,49,103,108,71,0,5,18,40,40,32,1,32,31,63,68,39
2017,4,A,골목상권,2110743,시흥초등학교(시흥1동우체국),311,81,230,0,34,34,75,109,59,0,9,13,27,23,9,0,25,21,48,86,50
2017,4,A,골목상권,2110742,KT금천빌딩(금천구시설관리공단),539,316,223,11,56,121,150,138,63,7,30,87,101,59,32,4,26,34,49,79,31
2017,4,A,골목상권,2110741,독산2동주민센터,270,60,210,0,28,44,70,76,52,0,4,10,15,16,15,0,24,34,55,60,37
2017,4,A,골목상권,2110740,금천해태공원,1174,330,844,1,134,126,182,233,498,1,29,40,69,58,133,0,105,86,113,175,365
2017,4,A,골목상권,2110739,시흥3동 우편취급국,1788,742,1046,10,181,386,713,465,33,3,65,222,291,135,26,7,116,164,422,330,7
2017,4,A,골목상권,2110738,문성초등학교,276,121,155,1,28,35,85,97,30,0,13,13,34,41,20,1,15,22,51,56,10
2017,4,A,골목상권,2110737,금천세무서,590,356,234,1,66,106,140,156,121,0,21,55,73,97,110,1,45,51,67,59,11
2017,4,A,골목상권,2110736,독산119안전센터,416,190,226,1,51,77,120,117,50,0,18,39,48,52,33,1,33,38,72,65,17
2017,4,A,골목상권,2110735,말미고개,475,279,196,0,59,98,121,121,76,0,29,56,70,74,50,0,30,42,51,47,26
2017,4,A,골목상권,2110734,금천파출소,108,60,48,0,7,16,20,42,23,0,5,9,13,20,13,0,2,7,7,22,10
2017,4,A,골목상권,2110733,금천어울림복지센터,624,403,221,9,107,130,156,157,65,6,77,98,87,79,56,3,30,32,69,78,9
2017,4,A,골목상권,2110732,가산초등학교(세일중학교),910,553,357,4,121,204,269,204,108,3,42,121,185,134,68,1,79,83,84,70,40
2017,4,A,골목상권,2110731,금천구청역 1번 출입구,2062,1105,957,26,711,825,310,95,95,12,385,453,139,49,67,14,326,372,171,46,28
2017,4,A,골목상권,2110730,서울축산농협 독산역지점(독산파출소),1082,582,500,0,97,179,259,346,201,0,45,97,127,183,130,0,52,82,132,163,71
2017,4,A,골목상권,2110729,가산동우체국,278,174,104,1,37,60,55,88,37,1,22,45,31,49,26,0,15,15,24,39,11
2017,4,A,골목상권,2110728,두산초등학교,795,459,336,4,105,187,244,185,70,4,60,135,119,94,47,0,45,52,125,91,23
2017,4,A,골목상권,2110727,독산역 1번 출입구,767,522,245,0,71,147,236,229,84,0,52,105,151,150,64,0,19,42,85,79,20
2017,4,A,골목상권,2110726,금천철쭉어린이공원(금하마을),106,50,56,0,7,18,28,36,17,0,3,9,14,16,8,0,4,9,14,20,9
2017,4,A,골목상권,2110725,가산동주민센터,286,170,116,2,37,62,72,66,47,2,19,44,44,35,26,0,18,18,28,31,21
2017,4,A,골목상권,2110724,금천구립가산도서관,478,331,147,2,39,123,162,106,46,2,37,95,113,52,32,0,2,28,49,54,14
2017,4,A,골목상권,2110723,가산디지털단지역 1번 출입구,315,251,64,2,8,28,60,144,73,1,3,14,44,123,66,1,5,14,16,21,7
2017,4,A,골목상권,2110722,G타워,1054,738,316,11,223,361,283,100,76,8,154,259,197,66,54,3,69,102,86,34,22
2017,4,A,골목상권,2110721,가리봉파출소,639,252,387,0,104,106,136,146,147,0,50,59,46,32,65,0,54,47,90,114,82
2017,4,A,골목상권,2110720,대림역 2번,295,125,170,0,33,58,93,64,47,0,9,21,36,28,31,0,24,37,57,36,16
2017,4,A,골목상권,2110719,영서중학교,65,19,46,0,14,16,19,7,9,0,1,5,4,3,6,0,13,11,15,4,3
2017,4,A,골목상권,2110718,한국SGI본부,2559,1390,1169,7,782,756,535,348,131,0,263,474,378,197,78,7,519,282,157,151,53
2017,4,A,골목상권,2110717,남구로역 2번,634,186,448,3,80,111,162,178,100,1,17,44,57,44,23,2,63,67,105,134,77
2017,4,A,골목상권,2110716,구로나눔길,856,478,378,3,148,265,240,130,70,0,52,160,157,69,40,3,96,105,83,61,30
2017,4,A,골목상권,2110715,구로구민회관,168,76,92,0,24,24,43,45,32,0,4,16,25,20,11,0,20,8,18,25,21
2017,4,A,골목상권,2110714,구로4동주민센터,433,153,280,2,77,85,103,97,69,0,14,26,32,35,46,2,63,59,71,62,23
2017,4,A,골목상권,2110713,구로보건소,2837,1657,1180,17,315,528,736,791,450,11,125,293,420,506,302,6,190,235,316,285,148
2017,4,A,골목상권,2110712,남구로역 5번,280,96,184,0,35,53,74,64,54,0,5,20,31,26,14,0,30,33,43,38,40
2017,4,A,골목상권,2110711,구로초등학교,552,206,346,1,42,85,133,176,115,1,16,33,56,61,39,0,26,52,77,115,76
2017,4,A,골목상권,2110710,남구로역 3번,408,186,222,1,76,82,94,108,47,0,24,40,37,54,31,1,52,42,57,54,16
2017,4,A,골목상권,2110709,구로119안전센터,222,103,119,0,24,26,56,85,31,0,16,19,28,27,13,0,8,7,28,58,18
2017,4,A,골목상권,2110708,화원어린이공원,165,74,91,3,36,29,40,42,15,1,10,14,19,20,10,2,26,15,21,22,5
2017,4,A,골목상권,2110707,구로창업지원센터,1522,1125,397,15,132,273,403,473,226,15,94,206,286,350,174,0,38,67,117,123,52
2017,4,A,골목상권,2110706,그라운드 고척,634,175,459,2,149,119,158,148,58,0,28,38,55,33,21,2,121,81,103,115,37
2017,4,A,골목상권,2110705,고산초등학교,51,32,19,0,6,9,10,11,15,0,4,6,9,5,8,0,2,3,1,6,7
2017,4,A,골목상권,2110704,고척중학교,96,49,47,0,10,21,25,20,20,0,4,11,13,14,7,0,6,10,12,6,13
2017,4,A,골목상권,2110703,개봉역,674,410,264,3,95,124,152,170,130,0,46,73,82,106,103,3,49,51,70,64,27
2017,4,A,골목상권,2110702,개봉초등학교,3326,1830,1496,1,27,49,132,402,2715,1,17,29,63,180,1540,0,10,20,69,222,1175
2017,4,A,골목상권,2110701,고척동성당,393,220,173,1,61,84,105,102,40,0,27,61,53,53,26,1,34,23,52,49,14
2017,4,A,골목상권,2110700,고척초등학교,695,429,266,1,43,120,161,212,158,0,19,64,95,135,116,1,24,56,66,77,42
2017,4,A,골목상권,2110699,덕의초등학교,161,76,85,0,13,38,46,43,21,0,4,18,16,22,16,0,9,20,30,21,5
2017,4,A,골목상권,2110698,개웅초등학교(개웅중학교),149,68,81,0,20,29,41,41,18,0,7,10,16,22,13,0,13,19,25,19,5
2017,4,A,골목상권,2110697,개봉3동주민센터,108,62,46,0,13,17,34,24,20,0,5,11,17,15,14,0,8,6,17,9,6
2017,4,A,골목상권,2110696,오류동역 1번,147,66,81,0,21,37,37,34,18,0,4,19,13,15,15,0,17,18,24,19,3
2017,4,A,골목상권,2110695,개봉1동주민센터,409,147,262,0,29,63,124,124,69,0,10,30,47,36,24,0,19,33,77,88,45
2017,4,A,골목상권,2110694,세곡초등학교,322,172,150,1,33,51,114,97,26,1,13,28,58,56,16,0,20,23,56,41,10
2017,4,A,골목상권,2110693,오류동역 4번,47,29,18,0,6,16,5,11,9,0,3,11,4,6,5,0,3,5,1,5,4
2017,4,A,골목상권,2110692,큰굴다리,181,116,65,0,17,23,51,63,27,0,12,16,32,38,18,0,5,7,19,25,9
2017,4,A,골목상권,2110691,개봉중학교,201,86,115,0,11,33,57,68,32,0,5,19,24,25,13,0,6,14,33,43,19
2017,4,A,골목상권,2110690,오류2동버들시장,908,344,564,0,116,227,219,212,134,0,25,100,77,70,72,0,91,127,142,142,62
2017,4,A,골목상권,2110689,오류동역 3번,250,119,131,1,45,65,58,52,29,0,12,40,22,26,19,1,33,25,36,26,10
2017,4,A,골목상권,2110688,오류지구대,108,54,54,0,5,16,42,28,17,0,1,5,21,16,11,0,4,11,21,12,6
2017,4,A,골목상권,2110687,"천왕역 3번(오류2동주민센터, 서울오류남초등학교)",110,67,43,0,15,32,25,34,4,0,10,22,15,18,2,0,5,10,10,16,2
2017,4,A,골목상권,2110686,수궁동주민센터,395,224,171,1,54,94,133,69,44,0,22,49,81,44,28,1,32,45,52,25,16
2017,4,A,골목상권,2110685,금강수목원아파트,101,75,26,0,5,21,37,23,15,0,3,18,26,14,14,0,2,3,11,9,1
2017,4,A,골목상권,2110684,서울공연예술고등학교,166,72,94,0,38,41,41,28,18,0,13,15,23,11,10,0,25,26,18,17,8
2017,4,A,골목상권,2110683,오류고등학교,131,64,67,0,13,23,43,40,12,0,4,13,26,13,8,0,9,10,17,27,4
2017,4,A,골목상권,2110682,온수역 8번,352,267,85,0,69,87,48,67,81,0,33,60,36,60,78,0,36,27,12,7,3
2017,4,A,골목상권,2110681,온수역 1번,344,243,101,0,38,86,99,78,43,0,25,62,70,54,32,0,13,24,29,24,11
2017,4,A,골목상권,2110680,온수역 5번(온수산업단지),1322,1038,284,2,127,220,291,395,287,2,86,165,212,314,259,0,41,55,79,81,28
2017,4,A,골목상권,2110679,염창역 2번,1436,1049,387,17,226,508,400,205,80,10,129,382,322,143,63,7,97,126,78,62,17
2017,4,A,골목상권,2110678,염창무학아파트,282,176,106,2,32,61,84,72,31,2,16,35,52,48,23,0,16,26,32,24,8
2017,4,A,골목상권,2110677,등촌역 1번,472,388,84,3,42,83,123,121,100,3,34,67,88,102,94,0,8,16,35,19,6
2017,4,A,골목상권,2110676,등촌역 7번,198,93,105,1,20,42,45,52,38,0,13,22,22,22,14,1,7,20,23,30,24
2017,4,A,골목상권,2110675,화곡4동주민센터,177,98,79,0,30,49,33,40,25,0,14,25,22,22,15,0,16,24,11,18,10
2017,4,A,골목상권,2110674,강서구청가양동별관,432,250,182,2,56,129,91,94,60,1,22,90,61,45,31,1,34,39,30,49,29
2017,4,A,골목상권,2110673,뜸부기어린이공원,629,359,270,2,96,160,167,144,60,1,44,99,95,80,40,1,52,61,72,64,20
2017,4,A,골목상권,2110672,백석중학교,82,35,47,0,8,15,28,22,9,0,3,6,7,13,6,0,5,9,21,9,3
2017,4,A,골목상권,2110671,등촌1동주민센터,5568,3486,2082,15,1207,1619,1279,937,511,6,443,1095,980,640,322,9,764,524,299,297,189
2017,4,A,골목상권,2110670,신곡초등학교,257,94,163,0,21,58,71,64,43,0,1,25,20,29,19,0,20,33,51,35,24
2017,4,A,골목상권,2110669,화곡보람2차아파트,118,78,40,1,18,27,29,33,10,1,10,18,22,21,6,0,8,9,7,12,4
2017,4,A,골목상권,2110668,화곡2동주민센터,448,246,202,0,44,90,134,114,66,0,19,45,61,62,59,0,25,45,73,52,7
2017,4,A,골목상권,2110667,가양역 10번,384,186,198,6,49,75,129,98,27,4,25,28,61,49,19,2,24,47,68,49,8
2017,4,A,골목상권,2110666,KC대학교,282,105,177,0,28,61,86,85,22,0,13,23,34,24,11,0,15,38,52,61,11
2017,4,A,골목상권,2110665,곰달래도서관,1170,590,580,1,191,328,298,238,114,0,107,207,146,80,50,1,84,121,152,158,64
2017,4,A,골목상권,2110664,강서구청옆,127,67,60,0,15,30,28,39,15,0,8,18,16,14,11,0,7,12,12,25,4
2017,4,A,골목상권,2110663,우장산롯데캐슬아파트앞,338,159,179,2,65,80,84,76,31,0,16,36,40,44,23,2,49,44,44,32,8
2017,4,A,골목상권,2110662,까치산역 1번,267,96,171,0,23,48,100,66,30,0,3,21,35,19,18,0,20,27,65,47,12
2017,4,A,골목상권,2110661,강서새말어린이공원,439,291,148,1,38,81,119,132,68,0,21,54,85,82,49,1,17,27,34,50,19
2017,4,A,골목상권,2110660,등촌3동주민센터,8124,4113,4011,48,1175,1348,1646,2470,1437,36,731,904,903,870,669,12,444,444,743,1600,768
2017,4,A,골목상권,2110659,화곡역 4번,619,215,404,3,69,149,191,112,95,2,21,52,64,43,33,1,48,97,127,69,62
2017,4,A,골목상권,2110658,화곡초등학교,181,97,84,0,6,46,45,51,33,0,2,30,23,20,22,0,4,16,22,31,11
2017,4,A,골목상권,2110657,양천향교역 5번,6595,3059,3536,51,1700,1282,1293,1646,623,47,575,786,763,548,340,4,1125,496,530,1098,283
2017,4,A,골목상권,2110656,까치산역 3번,618,340,278,1,63,117,160,167,110,1,34,72,91,75,67,0,29,45,69,92,43
2017,4,A,골목상권,2110655,발산역 5번,1202,703,499,62,269,282,286,190,113,31,133,181,186,118,54,31,136,101,100,72,59
2017,4,A,골목상권,2110654,까치산역 4번,789,364,425,8,91,190,192,197,111,3,38,82,93,84,64,5,53,108,99,113,47
2017,4,A,골목상권,2110653,화곡역 2번,249,102,147,0,16,42,62,74,55,0,5,24,22,29,22,0,11,18,40,45,33
2017,4,A,골목상권,2110652,양천향교역 2번,1309,933,376,0,121,294,369,361,164,0,52,196,280,271,134,0,69,98,89,90,30
2017,4,A,골목상권,2110651,화원중학교,509,234,275,2,41,96,130,132,108,2,14,63,57,51,47,0,27,33,73,81,61
2017,4,A,골목상권,2110650,우장산힐스테이트,227,156,71,0,19,50,59,48,51,0,11,37,41,29,38,0,8,13,18,19,13
2017,4,A,골목상권,2110649,우장산역 1번,320,135,185,0,58,78,72,73,39,0,16,32,33,32,22,0,42,46,39,41,17
2017,4,A,골목상권,2110648,양천향교역 7번,538,263,275,1,94,187,140,83,33,1,31,82,82,42,25,0,63,105,58,41,8
2017,4,A,골목상권,2110647,화곡역 5번,930,465,465,1,108,206,270,233,112,1,47,109,131,118,59,0,61,97,139,115,53
2017,4,A,골목상권,2110646,푸른들청소년도서관,681,331,350,2,75,121,168,175,140,0,25,56,83,87,80,2,50,65,85,88,60
2017,4,A,골목상권,2110645,우장산역 4번,1109,352,757,2,214,285,283,223,102,0,39,78,103,88,44,2,175,207,180,135,58
2017,4,A,골목상권,2110644,신광명마을,567,504,63,4,22,60,127,196,158,4,17,47,106,180,150,0,5,13,21,16,8
2017,4,A,골목상권,2110643,강서구다솔마을,795,492,303,2,84,193,306,142,68,1,44,122,198,89,38,1,40,71,108,53,30
2017,4,A,골목상권,2110642,정곡초등학교,176,156,20,0,4,11,44,62,55,0,1,10,40,54,51,0,3,1,4,8,4
2017,4,A,골목상권,2110641,공항고등학교,394,258,136,1,41,97,126,92,37,0,20,72,82,58,26,1,21,25,44,34,11
2017,4,A,골목상권,2110640,방화역 1번,1019,560,459,4,111,241,259,230,174,1,30,91,143,155,140,3,81,150,116,75,34
2017,4,A,골목상권,2110639,신방화역 8번,250,75,175,3,62,78,51,36,20,0,2,18,23,16,16,3,60,60,28,20,4
2017,4,A,골목상권,2110638,신방화역 2번,962,480,482,1,76,237,222,240,186,1,34,137,122,96,90,0,42,100,100,144,96
2017,4,A,골목상권,2110637,송정역 2번,532,385,147,3,52,92,135,131,119,3,26,58,98,107,93,0,26,34,37,24,26
2017,4,A,골목상권,2110636,방화역 2번,360,127,233,1,53,95,87,84,40,1,15,48,32,21,10,0,38,47,55,63,30
2017,4,A,골목상권,2110635,공항시장역 3번,401,279,122,4,41,87,126,88,55,0,21,61,96,61,40,4,20,26,30,27,15
2017,4,A,골목상권,2110634,송정역 3번,966,591,375,3,103,235,273,239,113,1,36,155,177,139,83,2,67,80,96,100,30
2017,4,A,골목상권,2110633,개화산역 1번,96,42,54,0,12,20,30,22,12,0,6,8,14,9,5,0,6,12,16,13,7
2017,4,A,골목상권,2110632,방화역 3번,686,326,360,4,103,151,175,156,97,4,41,86,94,58,43,0,62,65,81,98,54
2017,4,A,골목상권,2110631,방화초등학교,360,202,158,0,30,73,94,107,56,0,15,45,43,64,35,0,15,28,51,43,21
2017,4,A,골목상권,2110630,공항시장역 1번,1600,1190,410,3,91,208,334,591,373,1,43,122,216,494,314,2,48,86,118,97,59
2017,4,A,골목상권,2110629,송정역 4번,279,131,148,2,54,70,81,45,27,0,16,28,47,24,16,2,38,42,34,21,11
2017,4,A,골목상권,2110628,신목동역,301,206,95,0,51,111,67,46,26,0,27,75,50,33,21,0,24,36,17,13,5
2017,4,A,골목상권,2110627,신정롯데캐슬아파트,465,239,226,1,60,75,145,108,76,0,20,35,79,56,49,1,40,40,66,52,27
2017,4,A,골목상권,2110626,양화초등학교,332,190,142,0,48,99,102,58,25,0,23,57,60,33,17,0,25,42,42,25,8
2017,4,A,골목상권,2110625,신정2동주민센터,490,217,273,1,63,107,154,102,63,0,18,52,70,37,40,1,45,55,84,65,23
2017,4,A,골목상권,2110624,목동문화체육센터,114,39,75,0,26,32,22,24,10,0,3,13,6,12,5,0,23,19,16,12,5
2017,4,A,골목상권,2110623,갈산공원,239,176,63,3,39,63,51,46,37,2,30,56,35,30,23,1,9,7,16,16,14
2017,4,A,골목상권,2110622,달마을공원,249,115,134,0,27,47,57,80,38,0,6,26,21,39,23,0,21,21,36,41,15
2017,4,A,골목상권,2110621,목동역 5번,235,128,107,3,47,54,49,56,26,3,19,34,25,31,16,0,28,20,24,25,10
2017,4,A,골목상권,2110620,목동보건지소,735,311,424,2,68,138,156,157,214,1,25,65,49,56,115,1,43,73,107,101,99
2017,4,A,골목상권,2110619,목4동주민센터,106,49,57,0,13,12,30,31,20,0,8,7,15,13,6,0,5,5,15,18,14
2017,4,A,골목상권,2110618,강서고등학교,162,75,87,0,19,36,27,46,34,0,7,21,13,20,14,0,12,15,14,26,20
2017,4,A,골목상권,2110617,등촌역 4번,115,34,81,1,12,19,25,41,17,0,2,5,10,9,8,1,10,14,15,32,9
2017,4,A,골목상권,2110616,양목초등학교,308,253,55,0,6,15,24,28,235,0,0,8,16,15,214,0,6,7,8,13,21
2017,4,A,골목상권,2110615,신서초등학교,193,110,83,2,37,42,43,52,17,0,18,31,28,26,7,2,19,11,15,26,10
2017,4,A,골목상권,2110614,목동로데오거리,557,264,293,2,55,105,146,146,103,1,30,61,78,49,45,1,25,44,68,97,58
2017,4,A,골목상권,2110613,신정네거리역 4번,46,19,27,0,1,6,14,16,9,0,0,3,5,6,5,0,1,3,9,10,4
2017,4,A,골목상권,2110612,신정역 5번,416,136,280,0,38,59,95,137,87,0,6,29,35,39,27,0,32,30,60,98,60
2017,4,A,골목상권,2110611,신정역 1번,375,166,209,0,35,61,112,83,84,0,13,32,54,32,35,0,22,29,58,51,49
2017,4,A,골목상권,2110610,계남근린공원,64,21,43,0,6,7,13,24,14,0,2,6,4,5,4,0,4,1,9,19,10
2017,4,A,골목상권,2110609,신정네거리역 2번,37,18,19,0,0,5,9,13,10,0,0,3,4,6,5,0,0,2,5,7,5
2017,4,A,골목상권,2110608,신월2동주민센터,588,367,221,0,35,88,174,177,114,0,13,41,83,131,99,0,22,47,91,46,15
2017,4,A,골목상권,2110607,금빛새마을금고본점,135,67,68,0,12,29,39,36,19,0,4,13,15,21,14,0,8,16,24,15,5
2017,4,A,골목상권,2110606,신한은행 신월동지점,579,251,328,3,75,107,140,147,107,2,26,44,65,51,63,1,49,63,75,96,44
2017,4,A,골목상권,2110605,목동센트럴아이파크앞,242,117,125,0,22,35,60,64,61,0,8,20,21,27,41,0,14,15,39,37,20
2017,4,A,골목상권,2110604,신월4동주민센터,602,385,217,0,34,73,127,217,151,0,11,36,63,152,123,0,23,37,64,65,28
2017,4,A,골목상권,2110603,지향초등학교,638,424,214,1,61,75,65,70,366,1,10,28,22,25,338,0,51,47,43,45,28
2017,4,A,골목상권,2110602,신월시영아파트중문,904,707,197,1,24,58,151,347,323,0,13,36,84,279,295,1,11,22,67,68,28
2017,4,A,골목상권,2110601,신월1동우편취급국,1247,838,409,7,86,168,310,440,236,7,33,108,208,321,161,0,53,60,102,119,75
2017,4,A,골목상권,2110600,신월7동주민센터,541,353,188,1,30,76,120,171,143,0,15,43,71,109,115,1,15,33,49,62,28
2017,4,A,골목상권,2110599,신월1파출소,323,175,148,0,29,53,110,98,33,0,10,27,60,57,21,0,19,26,50,41,12
2017,4,A,골목상권,2110598,신월문화체육센터,310,119,191,2,41,57,89,75,46,2,12,26,27,29,23,0,29,31,62,46,23
2017,4,A,골목상권,2110597,신월1동주민센터,637,340,297,4,56,133,171,170,103,3,23,67,85,92,70,1,33,66,86,78,33
2017,4,A,골목상권,2110596,서서울호수공원,419,206,213,0,39,82,99,130,69,0,26,47,49,49,35,0,13,35,50,81,34
2017,4,A,골목상권,2110595,메디힐병원,1577,1147,430,0,84,129,205,269,890,0,22,46,89,155,835,0,62,83,116,114,55
2017,4,A,골목상권,2110594,신월중학교,278,113,165,0,35,58,98,66,21,0,10,20,32,35,16,0,25,38,66,31,5
2017,4,A,골목상권,2110593,신월3동주민센터,493,213,280,1,52,88,149,134,69,1,20,45,68,46,33,0,32,43,81,88,36
2017,4,A,골목상권,2110592,서울금융고등학교,821,654,167,2,30,74,152,322,241,2,11,50,98,265,228,0,19,24,54,57,13
2017,4,A,골목상권,2110591,충정로역 6번,191,94,97,1,29,30,51,52,28,0,15,13,28,22,16,1,14,17,23,30,12
2017,4,A,골목상권,2110590,만리재,106,32,74,0,25,28,22,20,11,0,3,10,4,9,6,0,22,18,18,11,5
2017,4,A,골목상권,2110589,애오개역 3번,115,44,71,0,16,25,41,23,10,0,1,4,23,10,6,0,15,21,18,13,4
2017,4,A,골목상권,2110588,한겨레신문사,695,452,243,0,40,179,258,197,21,0,13,76,177,171,15,0,27,103,81,26,6
2017,4,A,골목상권,2110587,공덕동주민센터,387,184,203,0,42,80,106,96,63,0,15,43,58,44,24,0,27,37,48,52,39
2017,4,A,골목상권,2110586,서울서부지방법원,3259,1451,1808,16,881,801,703,444,414,6,321,407,291,216,210,10,560,394,412,228,204
2017,4,A,골목상권,2110585,마포경찰서,928,764,164,1,192,358,190,170,17,0,140,296,169,148,11,1,52,62,21,22,6
2017,4,A,골목상권,2110584,아현역 4번,136,60,76,0,18,32,43,27,16,0,5,15,20,10,10,0,13,17,23,17,6
2017,4,A,골목상권,2110583,공덕래미안3차아파트,93,41,52,0,13,27,30,16,7,0,4,10,13,8,6,0,9,17,17,8,1
2017,4,A,골목상권,2110582,이대역 5번,163,92,71,0,20,58,50,19,16,0,5,33,32,14,8,0,15,25,18,5,8
2017,4,A,골목상권,2110581,염리초등학교,244,101,143,0,91,81,32,27,13,0,25,31,18,16,11,0,66,50,14,11,2
2017,4,A,골목상권,2110580,양원초등학교,166,52,114,0,37,34,38,13,44,0,10,11,17,3,11,0,27,23,21,10,33
2017,4,A,골목상권,2110579,마포역 4번,617,332,285,0,162,231,140,59,25,0,60,118,98,41,15,0,102,113,42,18,10
2017,4,A,골목상권,2110578,대흥역 2번,3946,2866,1080,13,507,904,1041,939,542,6,364,735,815,586,360,7,143,169,226,353,182
2017,4,A,골목상권,2110577,용강동주민센터,444,219,225,0,112,182,88,40,22,0,37,97,54,19,12,0,75,85,34,21,10
2017,4,A,골목상권,2110576,대흥역 3번,1553,1074,479,126,417,417,354,175,64,51,243,328,279,129,44,75,174,89,75,46,20
2017,4,A,골목상권,2110575,대흥동주민센터,355,112,243,0,72,80,43,82,78,0,22,51,18,11,10,0,50,29,25,71,68
2017,4,A,골목상권,2110574,서강대학교,332,155,177,3,51,104,89,67,18,0,14,44,52,36,9,3,37,60,37,31,9
2017,4,A,골목상권,2110573,신촌역 6번,109,71,38,0,15,33,24,25,12,0,8,19,20,15,9,0,7,14,4,10,3
2017,4,A,골목상권,2110572,서강대역 1번,996,460,536,5,226,244,233,200,88,2,81,117,110,93,57,3,145,127,123,107,31
2017,4,A,골목상권,2110571,신수동주민센터,842,455,387,5,104,287,263,121,62,2,45,186,147,44,31,3,59,101,116,77,31
2017,4,A,골목상권,2110570,KB국민은행 서강지점,363,210,153,0,70,108,108,59,18,0,28,55,73,41,13,0,42,53,35,18,5
2017,4,A,골목상권,2110569,홍대땡땡거리,857,462,395,4,192,298,172,101,90,0,87,166,110,55,44,4,105,132,62,46,46
2017,4,A,골목상권,2110568,광흥창역 1번,103,49,54,1,9,15,26,26,26,0,6,9,10,7,17,1,3,6,16,19,9
2017,4,A,골목상권,2110567,광흥창역 6번,380,121,259,4,143,112,71,30,20,0,13,26,43,24,15,4,130,86,28,6,5
2017,4,A,골목상권,2110566,경의선책거리,2125,1224,901,12,582,741,461,218,111,1,238,440,305,165,75,11,344,301,156,53,36
2017,4,A,골목상권,2110565,홍익대,239,115,124,1,74,69,53,28,14,0,24,42,24,15,10,1,50,27,29,13,4
2017,4,A,골목상권,2110564,홍대입구역 3번,936,478,458,4,211,323,259,102,37,2,83,172,167,36,18,2,128,151,92,66,19
2017,4,A,골목상권,2110563,상수역 3번,706,417,289,5,161,197,118,132,93,5,82,152,84,55,39,0,79,45,34,77,54
2017,4,A,골목상권,2110562,연트럴파크(연남동주민센터),553,295,258,1,122,178,144,69,39,0,49,99,91,38,18,1,73,79,53,31,21
2017,4,A,골목상권,2110561,상수역 4번,451,256,195,1,124,150,98,50,28,0,48,91,65,35,17,1,76,59,33,15,11
2017,4,A,골목상권,2110560,마포FM,456,265,191,0,106,128,123,69,30,0,44,78,75,43,25,0,62,50,48,26,5
2017,4,A,골목상권,2110559,성산중학교,1218,697,521,7,302,349,289,169,102,4,119,207,179,114,74,3,183,142,110,55,28
2017,4,A,골목상권,2110558,경성고등학교,4260,3105,1155,15,401,604,619,627,1994,8,150,343,393,428,1783,7,251,261,226,199,211
2017,4,A,골목상권,2110557,홍대부속여중고앞,1212,670,542,6,192,313,349,238,114,4,89,176,208,106,87,2,103,137,141,132,27
2017,4,A,골목상권,2110556,절두산순교성지,136,82,54,0,27,29,34,30,16,0,12,20,21,19,10,0,15,9,13,11,6
2017,4,A,골목상권,2110555,홍익지구대,721,375,346,7,136,159,134,141,144,2,63,103,84,56,67,5,73,56,50,85,77
2017,4,A,골목상권,2110554,망원역 1번,1826,955,871,11,452,582,397,213,171,1,183,303,255,116,97,10,269,279,142,97,74
2017,4,A,골목상권,2110553,가좌역 2번,1064,920,144,1,41,80,105,115,722,1,20,51,64,84,700,0,21,29,41,31,22
2017,4,A,골목상권,2110552,성미산체육관,926,570,356,2,133,260,272,175,84,0,54,159,180,115,62,2,79,101,92,60,22
2017,4,A,골목상권,2110551,성서초등학교,807,455,352,3,113,205,259,177,50,2,38,116,136,127,36,1,75,89,123,50,14
2017,4,A,골목상권,2110550,합정역 8번,1686,1040,646,7,301,534,455,247,142,2,124,325,319,166,104,5,177,209,136,81,38
2017,4,A,골목상권,2110549,새터산,346,140,206,1,44,69,103,87,42,1,7,33,46,35,18,0,37,36,57,52,24
2017,4,A,골목상권,2110548,마포구청역 4번,1491,945,546,9,233,297,340,297,315,2,92,182,243,186,240,7,141,115,97,111,75
2017,4,A,골목상권,2110547,KB국민은행 망원동지점,561,306,255,0,74,150,156,104,77,0,21,96,111,47,31,0,53,54,45,57,46
2017,4,A,골목상권,2110546,양화대교북단,718,395,323,1,272,261,109,51,24,1,123,150,75,31,15,0,149,111,34,20,9
2017,4,A,골목상권,2110545,마포구청역 1번,2739,853,1886,8,108,221,372,1048,982,6,50,132,225,221,219,2,58,89,147,827,763
2017,4,A,골목상권,2110544,망리단길,1373,726,647,11,277,389,361,219,116,6,128,237,191,95,69,5,149,152,170,124,47
2017,4,A,골목상권,2110543,중암중학교,9,7,2,0,0,1,5,3,0,0,0,0,4,3,0,0,0,1,1,0,0
2017,4,A,골목상권,2110542,마포구청역 7번,952,534,418,2,155,268,266,166,95,0,62,166,157,88,61,2,93,102,109,78,34
2017,4,A,골목상권,2110541,동교초등학교,509,324,185,5,53,101,152,111,87,4,32,59,95,65,69,1,21,42,57,46,18
2017,4,A,골목상권,2110540,망원나들목체육관,165,97,68,0,8,30,51,41,35,0,3,20,32,20,22,0,5,10,19,21,13
2017,4,A,골목상권,2110539,미근동,5040,3188,1852,14,647,1460,1777,989,153,9,267,1003,1177,623,109,5,380,457,600,366,44
2017,4,A,골목상권,2110538,충정로역 3번,552,335,217,0,60,121,112,115,144,0,31,83,72,67,82,0,29,38,40,48,62
2017,4,A,골목상권,2110537,충정로현대아파트,1039,608,431,1,125,302,261,206,144,0,33,147,179,147,102,1,92,155,82,59,42
2017,4,A,골목상권,2110536,돈의문센트레빌아파트입구,99,65,34,2,10,25,31,13,18,0,5,16,20,10,14,2,5,9,11,3,4
2017,4,A,골목상권,2110535,영천시장입구,268,72,196,0,43,57,50,91,27,0,11,12,21,20,8,0,32,45,29,71,19
2017,4,A,골목상권,2110534,경기대학교,110,40,70,0,12,20,22,31,25,0,6,12,9,8,5,0,6,8,13,23,20
2017,4,A,골목상권,2110533,충정로역 7번,50,26,24,0,2,9,13,17,9,0,0,5,6,8,7,0,2,4,7,9,2
2017,4,A,골목상권,2110532,아현역 2번,449,103,346,0,48,40,98,151,112,0,10,8,26,28,31,0,38,32,72,123,81
2017,4,A,골목상권,2110531,홍지문,116,27,89,0,15,24,20,46,11,0,9,8,6,1,3,0,6,16,14,45,8
2017,4,A,골목상권,2110530,아현역 1번,38,10,28,0,1,5,7,11,14,0,1,2,1,5,1,0,0,3,6,6,13
2017,4,A,골목상권,2110529,홍제3동주민센터,236,94,142,0,30,29,66,62,49,0,5,12,28,27,22,0,25,17,38,35,27
2017,4,A,골목상권,2110528,서울여자간호대학교,306,192,114,0,27,40,59,45,135,0,14,18,29,24,107,0,13,22,30,21,28
2017,4,A,골목상권,2110527,홍제역 2번,120,48,72,1,18,34,30,20,17,0,3,17,14,10,4,1,15,17,16,10,13
2017,4,A,골목상권,2110526,봉원사,179,93,86,0,41,58,41,24,15,0,17,32,25,13,6,0,24,26,16,11,9
2017,4,A,골목상권,2110525,홍은종합사회복지관,143,59,84,0,21,28,37,23,34,0,4,10,11,13,21,0,17,18,26,10,13
2017,4,A,골목상권,2110524,연희세브란스병원,216,72,144,1,52,45,53,51,14,1,15,11,21,19,5,0,37,34,32,32,9
2017,4,A,골목상권,2110523,홍제성원아파트,9,8,1,0,0,1,6,1,1,0,0,0,6,1,1,0,0,1,0,0,0
2017,4,A,골목상권,2110522,홍제역 3번,60,23,37,0,14,21,13,7,5,0,3,7,5,4,4,0,11,14,8,3,1
2017,4,A,골목상권,2110521,홍제역 4번,92,36,56,0,4,13,30,31,14,0,1,7,9,9,10,0,3,6,21,22,4
2017,4,A,골목상권,2110520,경의중앙 신촌역,178,106,72,1,23,26,53,41,34,0,10,21,32,26,17,1,13,5,21,15,17
2017,4,A,골목상권,2110519,서대문구보건소별관,399,186,213,0,52,97,101,102,47,0,12,44,51,46,33,0,40,53,50,56,14
2017,4,A,골목상권,2110518,서대문구청,254,73,181,0,51,82,72,31,18,0,7,28,20,10,8,0,44,54,52,21,10
2017,4,A,골목상권,2110517,서대문소방서,470,340,130,1,72,150,103,113,31,0,38,109,80,92,21,1,34,41,23,21,10
2017,4,A,골목상권,2110516,정원여중,54,21,33,1,2,14,13,13,11,0,1,7,6,4,3,1,1,7,7,9,8
2017,4,A,골목상권,2110515,홍은중학교,137,100,37,0,12,38,51,23,13,0,7,33,37,15,8,0,5,5,14,8,5
2017,4,A,골목상권,2110514,서대문우체국,108,53,55,0,15,31,32,23,7,0,7,18,13,9,6,0,8,13,19,14,1
2017,4,A,골목상권,2110513,연희파출소,461,289,172,20,111,113,92,71,54,15,77,76,56,33,32,5,34,37,36,38,22
2017,4,A,골목상권,2110512,연희지하차도,349,126,223,1,55,46,79,96,72,1,16,22,32,32,23,0,39,24,47,64,49
2017,4,A,골목상권,2110511,연희초등학교,381,131,250,2,98,73,84,78,46,0,25,23,31,26,26,2,73,50,53,52,20
2017,4,A,골목상권,2110510,홍연시장,151,95,56,0,8,38,44,41,20,0,4,26,30,25,10,0,4,12,14,16,10
2017,4,A,골목상권,2110509,연희대우아파트앞,1504,531,973,6,179,367,505,333,114,1,62,155,145,90,78,5,117,212,360,243,36
2017,4,A,골목상권,2110508,서연중학교,330,161,169,1,75,107,63,52,32,0,24,58,37,24,18,1,51,49,26,28,14
2017,4,A,골목상권,2110507,명지대학교,425,187,238,1,82,91,95,96,60,0,33,44,37,47,26,1,49,47,58,49,34
2017,4,A,골목상권,2110506,연희임광아파트,147,91,56,0,17,18,46,36,30,0,9,10,32,22,18,0,8,8,14,14,12
2017,4,A,골목상권,2110505,홍남교남측,40,22,18,0,4,11,9,10,6,0,2,3,4,8,5,0,2,8,5,2,1
2017,4,A,골목상권,2110504,명지전문대,25,16,9,0,1,6,8,9,1,0,1,2,6,6,1,0,0,4,2,3,0
2017,4,A,골목상권,2110503,명지대학교교회,485,332,153,2,41,69,114,149,110,1,19,40,65,115,92,1,22,29,49,34,18
2017,4,A,골목상권,2110502,남가좌파출소,311,149,162,0,33,74,91,74,39,0,8,33,54,33,21,0,25,41,37,41,18
2017,4,A,골목상권,2110501,연희어린이공원,169,97,72,0,26,47,45,30,21,0,12,30,24,17,14,0,14,17,21,13,7
2017,4,A,골목상권,2110500,남가좌동현대아파트,40,17,23,0,3,7,12,7,11,0,1,2,3,3,8,0,2,5,9,4,3
2017,4,A,골목상권,2110499,연가초등학교,184,78,106,1,40,33,45,45,20,0,13,14,18,21,12,1,27,19,27,24,8
2017,4,A,골목상권,2110498,증산역 1번,237,125,112,0,23,47,62,69,36,0,10,24,37,36,18,0,13,23,25,33,18
2017,4,A,골목상권,2110497,가좌역 3번,353,275,78,0,27,46,113,125,42,0,9,21,95,116,34,0,18,25,18,9,8
2017,4,A,골목상권,2110496,모래내우체국,383,179,204,1,49,81,118,75,59,0,8,37,62,37,35,1,41,44,56,38,24
2017,4,A,골목상권,2110495,북가좌2동주민센터,528,341,187,1,33,75,147,190,82,0,13,46,97,130,55,1,20,29,50,60,27
2017,4,A,골목상권,2110494,증산3교남측,53,41,12,0,6,13,16,14,4,0,3,11,13,10,4,0,3,2,3,4,0
2017,4,A,골목상권,2110493,북가좌초등학교,169,128,41,0,10,43,51,39,26,0,5,33,36,29,25,0,5,10,15,10,1
2017,4,A,골목상권,2110492,하나고등학교,256,42,214,3,18,13,14,122,86,1,5,7,4,13,12,2,13,6,10,109,74
2017,4,A,골목상권,2110491,불광중학교,66,24,42,0,5,8,33,17,3,0,3,3,11,5,2,0,2,5,22,12,1
2017,4,A,골목상권,2110490,녹번동근린공원,285,121,164,1,23,43,86,85,47,1,6,22,35,34,23,0,17,21,51,51,24
2017,4,A,골목상권,2110489,불광역 3번,58,32,26,0,3,7,21,20,7,0,1,3,12,11,5,0,2,4,9,9,2
2017,4,A,골목상권,2110488,우리은행응암동지점,543,245,298,1,45,69,91,147,190,0,8,21,30,61,125,1,37,48,61,86,65
2017,4,A,골목상권,2110487,불광역 8번,165,86,79,1,22,54,42,30,16,0,9,31,23,14,9,1,13,23,19,16,7
2017,4,A,골목상권,2110486,은평구청,675,335,340,1,65,115,209,177,108,1,27,54,106,90,57,0,38,61,103,87,51
2017,4,A,골목상권,2110485,연신내우체국,129,45,84,1,18,32,25,34,19,1,4,11,14,10,5,0,14,21,11,24,14
2017,4,A,골목상권,2110484,역촌역 3번,334,135,199,1,54,73,92,71,43,0,14,36,37,25,23,1,40,37,55,46,20
2017,4,A,골목상권,2110483,연천초등학교,40,17,23,0,3,10,14,11,2,0,1,4,5,5,2,0,2,6,9,6,0
2017,4,A,골목상권,2110482,연신초등학교,77,20,57,0,2,22,25,19,9,0,0,9,6,2,3,0,2,13,19,17,6
2017,4,A,골목상권,2110481,불광역 7번,438,154,284,1,61,81,99,93,103,0,27,26,33,27,41,1,34,55,66,66,62
2017,4,A,골목상권,2110480,연신내역 3번,82,21,61,1,15,18,23,16,9,0,2,5,6,5,3,1,13,13,17,11,6
2017,4,A,골목상권,2110479,연신내역 2번,508,230,278,0,57,62,149,120,120,0,15,36,70,50,59,0,42,26,79,70,61
2017,4,A,골목상권,2110478,응암1동주민센터,405,168,237,2,52,74,129,94,54,1,17,34,56,35,25,1,35,40,73,59,29
2017,4,A,골목상권,2110477,은평세무서,910,417,493,5,105,181,236,227,156,4,30,71,119,101,92,1,75,110,117,126,64
2017,4,A,골목상권,2110476,역촌역 2번,70,30,40,0,6,13,27,14,10,0,3,5,13,4,5,0,3,8,14,10,5
2017,4,A,골목상권,2110475,백련산해모로아파트,276,109,167,2,26,56,81,80,31,1,13,26,26,25,18,1,13,30,55,55,13
2017,4,A,골목상권,2110474,세명컴퓨터고등학교,184,80,104,0,29,42,56,36,21,0,14,17,28,13,8,0,15,25,28,23,13
2017,4,A,골목상권,2110473,구산역 1번,418,203,215,0,43,77,126,95,77,0,14,33,65,42,49,0,29,44,61,53,28
2017,4,A,골목상권,2110472,연신내역 4번,460,217,243,3,55,103,100,108,91,2,25,55,45,47,43,1,30,48,55,61,48
2017,4,A,골목상권,2110471,응암동우체국,350,133,217,0,37,69,105,90,49,0,7,19,45,36,26,0,30,50,60,54,23
2017,4,A,골목상권,2110470,신진과학기술고등학교,116,62,54,0,8,28,37,25,18,0,4,12,21,15,10,0,4,16,16,10,8
2017,4,A,골목상권,2110469,응암정보도서관,572,287,285,3,67,128,166,131,77,1,22,65,85,69,45,2,45,63,81,62,32
2017,4,A,골목상권,2110468,응암역 3번,825,417,408,3,104,176,210,221,111,0,39,96,114,112,56,3,65,80,96,109,55
2017,4,A,골목상권,2110467,은평요양병원,242,124,118,1,28,51,69,53,40,0,11,31,25,31,26,1,17,20,44,22,14
2017,4,A,골목상권,2110466,구산역 2번,157,98,59,0,16,42,43,36,20,0,11,27,25,22,13,0,5,15,18,14,7
2017,4,A,골목상권,2110465,연신내역 7번,245,134,111,1,32,52,73,51,36,1,16,38,24,28,27,0,16,14,49,23,9
2017,4,A,골목상권,2110464,연신내역 5번,508,280,228,0,48,86,106,107,161,0,15,45,55,51,114,0,33,41,51,56,47
2017,4,A,골목상권,2110463,응암3동주민센터,270,116,154,1,72,68,53,39,37,1,33,38,16,12,16,0,39,30,37,27,21
2017,4,A,골목상권,2110462,갈현건영아파트,188,91,97,0,20,36,57,54,21,0,9,15,27,30,10,0,11,21,30,24,11
2017,4,A,골목상권,2110461,새절역 2번,46,22,24,1,3,8,18,10,6,1,3,6,8,2,2,0,0,2,10,8,4
2017,4,A,골목상권,2110460,구산역 4번,783,277,506,4,115,162,195,218,89,3,24,75,72,71,32,1,91,87,123,147,57
2017,4,A,골목상권,2110459,응암역 2번,393,181,212,2,48,73,120,86,64,1,16,38,48,43,35,1,32,35,72,43,29
2017,4,A,골목상권,2110458,선일여고,268,106,162,1,40,58,82,55,32,0,18,21,32,19,16,1,22,37,50,36,16
2017,4,A,골목상권,2110457,예일여고,308,158,150,0,22,66,87,75,58,0,11,37,53,32,25,0,11,29,34,43,33
2017,4,A,골목상권,2110456,구산보건지소,404,161,243,0,28,79,132,121,44,0,10,34,54,38,25,0,18,45,78,83,19
2017,4,A,골목상권,2110455,역촌노인복지관,417,176,241,1,48,81,111,118,58,1,21,37,44,41,32,0,27,44,67,77,26
2017,4,A,골목상권,2110454,선정중학교,116,30,86,0,13,17,38,22,26,0,5,8,7,6,4,0,8,9,31,16,22
2017,4,A,골목상권,2110453,신사1동주민센터,757,348,409,3,94,153,197,187,123,0,36,93,98,73,48,3,58,60,99,114,75
2017,4,A,골목상권,2110452,새절역 3번,787,367,420,0,33,75,132,208,339,0,9,29,67,114,148,0,24,46,65,94,191
2017,4,A,골목상권,2110451,증산역 4번,430,274,156,3,54,106,136,81,50,2,24,79,96,43,30,1,30,27,40,38,20
2017,4,A,골목상권,2110450,시립서북병원,1207,376,831,1,199,274,300,255,178,0,57,97,100,69,53,1,142,177,200,186,125
2017,4,A,골목상권,2110449,증산역 3번,817,454,363,7,105,145,175,217,168,4,37,52,94,147,120,3,68,93,81,70,48
2017,4,A,골목상권,2110448,상신초등학교입구,61,28,33,0,3,5,29,14,10,0,0,1,9,9,9,0,3,4,20,5,1
2017,4,A,골목상권,2110447,구산초등학교,31,5,26,0,1,3,9,7,11,0,0,2,1,0,2,0,1,1,8,7,9
2017,4,A,골목상권,2110446,내를건너서숲으로도서관,217,122,95,0,20,18,50,70,59,0,3,6,24,37,52,0,17,12,26,33,7
2017,4,A,골목상권,2110445,덕산중학교,20,11,9,0,2,2,9,5,2,0,1,1,6,1,2,0,1,1,3,4,0
2017,4,A,골목상권,2110444,수색성당,399,358,41,0,7,30,67,129,166,0,5,18,50,123,162,0,2,12,17,6,4
2017,4,A,골목상권,2110443,수색역 1번,42,19,23,0,7,9,14,7,5,0,2,2,6,5,4,0,5,7,8,2,1
2017,4,A,골목상권,2110442,화랑대철도공원,165,68,97,0,13,24,25,67,36,0,9,19,10,19,11,0,4,5,15,48,25
2017,4,A,골목상권,2110441,영신여고,232,73,159,0,27,34,58,60,53,0,9,14,18,15,17,0,18,20,40,45,36
2017,4,A,골목상권,2110440,상계3동4동주민센터,88,38,50,0,13,11,27,29,8,0,2,8,12,12,4,0,11,3,15,17,4
2017,4,A,골목상권,2110439,당고개역 5번,27,14,13,0,4,1,12,8,2,0,1,0,8,3,2,0,3,1,4,5,0
2017,4,A,골목상권,2110438,경춘선숲길 우측,410,172,238,0,55,98,133,79,45,0,25,46,48,32,21,0,30,52,85,47,24
2017,4,A,골목상권,2110437,당고개역 2번,347,119,228,0,46,58,75,112,56,0,17,31,30,29,12,0,29,27,45,83,44
2017,4,A,골목상권,2110436,상계제일중학교,225,71,154,0,20,40,59,75,31,0,5,13,17,24,12,0,15,27,42,51,19
2017,4,A,골목상권,2110435,서울과학기술대,67,37,30,1,10,10,24,14,8,1,4,6,13,7,6,0,6,4,11,7,2
2017,4,A,골목상권,2110434,태릉입구역 4번,176,91,85,0,17,27,53,48,31,0,7,14,27,21,22,0,10,13,26,27,9
2017,4,A,골목상권,2110433,공릉역 2번,340,139,201,0,27,40,67,113,93,0,10,25,33,29,42,0,17,15,34,84,51
2017,4,A,골목상권,2110432,대진고등학교,290,135,155,2,25,37,91,87,48,2,18,22,37,34,22,0,7,15,54,53,26
2017,4,A,골목상권,2110431,상계역,364,145,219,4,47,77,110,86,40,0,14,30,57,32,12,4,33,47,53,54,28
2017,4,A,골목상권,2110430,중계초등학교,236,110,126,1,34,40,51,52,58,0,12,17,22,22,37,1,22,23,29,30,21
2017,4,A,골목상권,2110429,공릉동 국수거리,3137,1293,1844,21,352,547,720,818,679,12,130,337,324,304,186,9,222,210,396,514,493
2017,4,A,골목상권,2110428,상계5동주민센터,739,345,394,2,72,93,207,207,158,0,29,56,89,89,82,2,43,37,118,118,76
2017,4,A,골목상권,2110427,노원 을지대학교병원,193,137,56,0,8,21,57,69,38,0,3,14,32,54,34,0,5,7,25,15,4
2017,4,A,골목상권,2110426,상계2동주민센터,504,187,317,2,63,97,136,132,74,2,16,41,50,45,33,0,47,56,86,87,41
2017,4,A,골목상권,2110425,계상초등학교,329,150,179,0,34,68,74,102,51,0,12,38,28,48,24,0,22,30,46,54,27
2017,4,A,골목상권,2110424,상계초등학교,528,174,354,2,48,75,144,169,90,1,15,38,54,42,24,1,33,37,90,127,66
2017,4,A,골목상권,2110423,석계역 2번,468,226,242,0,50,80,102,133,103,0,22,51,53,56,44,0,28,29,49,77,59
2017,4,A,골목상권,2110422,노원역 9번,137,52,85,0,11,17,32,48,29,0,4,7,13,13,15,0,7,10,19,35,14
2017,4,A,골목상권,2110421,석계역 1번,368,121,247,1,74,66,102,76,49,0,20,24,32,27,18,1,54,42,70,49,31
2017,4,A,골목상권,2110420,광운대역 1번,220,109,111,0,35,44,64,39,38,0,8,28,37,19,17,0,27,16,27,20,21
2017,4,A,골목상권,2110419,수락산디자인거리,1578,1037,541,4,74,201,330,294,675,3,41,118,196,171,508,1,33,83,134,123,167
2017,4,A,골목상권,2110418,광운대학교 남단,125,83,42,2,9,23,37,34,20,2,6,20,19,23,13,0,3,3,18,11,7
2017,4,A,골목상권,2110417,월계역 3번,49,28,21,0,11,11,13,11,3,0,6,8,7,4,3,0,5,3,6,7,0
2017,4,A,골목상권,2110416,노원초등학교,591,312,279,0,60,97,161,153,120,0,35,56,70,75,76,0,25,41,91,78,44
2017,4,A,골목상권,2110415,수락산역 4번,1696,942,754,6,193,322,425,367,383,4,80,215,251,222,170,2,113,107,174,145,213
2017,4,A,골목상권,2110414,장석교회,292,242,50,0,11,22,44,114,101,0,3,14,37,96,92,0,8,8,7,18,9
2017,4,A,골목상권,2110413,누원고등학교,554,152,402,1,42,71,106,201,133,1,16,42,33,39,21,0,26,29,73,162,112
2017,4,A,골목상권,2110412,창동중학교,45,33,12,0,7,16,8,7,7,0,6,13,7,3,4,0,1,3,1,4,3
2017,4,A,골목상권,2110411,도봉역 3번,637,465,172,1,36,81,132,198,189,1,10,36,87,157,174,0,26,45,45,41,15
2017,4,A,골목상권,2110410,방학역 2번,1369,869,500,14,144,187,268,400,356,10,50,84,167,273,285,4,94,103,101,127,71
2017,4,A,골목상권,2110409,창동역 2번,438,221,217,1,51,104,139,99,44,0,20,50,64,57,30,1,31,54,75,42,14
2017,4,A,골목상권,2110408,가인초등학교,643,263,380,2,118,156,172,130,65,0,24,72,77,54,36,2,94,84,95,76,29
2017,4,A,골목상권,2110407,도봉역 2번,741,444,297,3,68,118,172,209,171,2,29,70,99,132,112,1,39,48,73,77,59
2017,4,A,골목상권,2110406,도봉산역 1번,772,608,164,0,25,64,192,314,177,0,11,43,161,261,132,0,14,21,31,53,45
2017,4,A,골목상권,2110405,방학역 1번,382,153,229,6,40,70,127,99,40,3,12,34,38,43,23,3,28,36,89,56,17
2017,4,A,골목상권,2110404,신창초등학교,626,263,363,2,68,103,170,170,113,2,19,46,80,65,51,0,49,57,90,105,62
2017,4,A,골목상권,2110403,방학1동주민센터,377,135,242,1,40,55,103,104,74,0,11,23,40,31,30,1,29,32,63,73,44
2017,4,A,골목상권,2110402,도봉구 정병원,514,240,274,2,47,65,126,152,122,0,27,39,59,66,49,2,20,26,67,86,73
2017,4,A,골목상권,2110401,도봉구민회관,374,123,251,4,53,56,70,137,54,3,10,28,30,40,12,1,43,28,40,97,42
2017,4,A,골목상권,2110400,도봉구보건소,1004,468,536,3,113,174,222,277,215,1,38,92,89,135,113,2,75,82,133,142,102
2017,4,A,골목상권,2110399,창2동주민센터,680,320,360,21,74,104,204,204,73,7,31,58,83,101,40,14,43,46,121,103,33
2017,4,A,골목상권,2110398,쌍문2동우체국,995,707,288,4,86,148,195,207,355,1,39,98,120,140,309,3,47,50,75,67,46
2017,4,A,골목상권,2110397,도봉산입구,636,339,297,2,52,83,163,204,132,2,16,42,75,115,89,0,36,41,88,89,43
2017,4,A,골목상권,2110396,쌍문역1번(쌍리단길),484,173,311,8,106,87,117,107,59,0,19,38,50,40,26,8,87,49,67,67,33
2017,4,A,골목상권,2110395,신한은행 방학동지점,222,77,145,1,25,37,55,54,50,0,3,14,25,16,19,1,22,23,30,38,31
2017,4,A,골목상권,2110394,방학중학교,228,87,141,1,20,35,58,76,38,1,6,20,19,24,17,0,14,15,39,52,21
2017,4,A,골목상권,2110393,국민은행방학지점,141,40,101,2,17,24,45,33,20,0,2,9,13,10,6,2,15,15,32,23,14
2017,4,A,골목상권,2110392,발바닥공원,135,46,89,0,17,26,25,34,33,0,5,13,6,13,9,0,12,13,19,21,24
2017,4,A,골목상권,2110391,샘말어린이공원,310,170,140,0,37,88,89,66,30,0,18,60,54,24,14,0,19,28,35,42,16
2017,4,A,골목상권,2110390,방학초등학교,377,154,223,0,24,67,104,95,87,0,3,31,45,37,38,0,21,36,59,58,49
2017,4,A,골목상권,2110389,한일병원,177,104,73,0,14,35,49,58,21,0,8,19,28,32,17,0,6,16,21,26,4
2017,4,A,골목상권,2110388,도봉우체국,63,28,35,0,10,11,20,10,12,0,5,6,7,2,8,0,5,5,13,8,4
2017,4,A,골목상권,2110387,쌍문초등학교,302,184,118,0,46,68,78,61,49,0,21,48,38,38,39,0,25,20,40,23,10
2017,4,A,골목상권,2110386,연산군묘,159,137,22,0,1,6,22,64,66,0,1,3,17,54,62,0,0,3,5,10,4
2017,4,A,골목상권,2110385,효문고등학교,15,11,4,0,0,1,7,5,2,0,0,1,5,4,1,0,0,0,2,1,1
2017,4,A,골목상권,2110384,문이교,24,12,12,0,2,4,7,10,1,0,2,4,1,5,0,0,0,0,6,5,1
2017,4,A,골목상권,2110383,덕성여대시반거리,170,69,101,0,17,30,48,47,28,0,10,17,19,14,9,0,7,13,29,33,19
2017,4,A,골목상권,2110382,솔밭공원역 1번,431,216,215,0,58,56,71,139,107,0,11,27,27,66,85,0,47,29,44,73,22
2017,4,A,골목상권,2110381,번동주공2단지,288,139,149,4,84,50,73,57,20,2,36,29,41,23,8,2,48,21,32,34,12
2017,4,A,골목상권,2110380,강북문화정보도서관,40,8,32,0,14,6,10,8,2,0,1,1,1,4,1,0,13,5,9,4,1
2017,4,A,골목상권,2110379,KT&G 북부지사,59,23,36,0,4,11,23,13,8,0,1,3,12,5,2,0,3,8,11,8,6
2017,4,A,골목상권,2110378,송중동주민센터,130,62,68,0,21,37,45,21,6,0,8,18,21,12,3,0,13,19,24,9,3
2017,4,A,골목상권,2110377,미아사거리역 3번,66,39,27,0,7,18,17,17,7,0,5,13,9,9,3,0,2,5,8,8,4
2017,4,A,골목상권,2110376,수송초등학교,441,179,262,2,58,89,134,106,52,0,19,45,41,46,28,2,39,44,93,60,24
2017,4,A,골목상권,2110375,서울북부고용노동지청,391,228,163,1,78,75,97,82,58,1,67,52,48,35,25,0,11,23,49,47,33
2017,4,A,골목상권,2110374,송중초등학교,654,251,403,0,71,115,191,179,98,0,22,52,74,58,45,0,49,63,117,121,53
2017,4,A,골목상권,2110373,수유역 2번,947,727,220,0,100,271,226,259,91,0,65,226,181,200,55,0,35,45,45,59,36
2017,4,A,골목상권,2110372,강북중학교,132,73,59,0,13,20,31,35,33,0,5,10,17,20,21,0,8,10,14,15,12
2017,4,A,골목상권,2110371,삼양입구사거리,126,46,80,1,7,11,39,49,19,1,2,1,16,15,11,0,5,10,23,34,8
2017,4,A,골목상권,2110370,도봉세무서,1087,537,550,0,35,106,159,228,559,0,20,57,94,152,214,0,15,49,65,76,345
2017,4,A,골목상권,2110369,성신여대운정그린캠퍼스,715,310,405,2,94,145,141,176,157,0,23,70,69,62,86,2,71,75,72,114,71
2017,4,A,골목상권,2110368,송천초등학교,103,52,51,1,13,16,21,34,18,1,6,10,10,12,13,0,7,6,11,22,5
2017,4,A,골목상권,2110367,강북구청,2147,1158,989,1,176,563,547,605,255,1,56,257,273,423,148,0,120,306,274,182,107
2017,4,A,골목상권,2110366,광산사거리,164,109,55,0,10,27,42,52,33,0,6,17,23,36,27,0,4,10,19,16,6
2017,4,A,골목상권,2110365,미아역 5번,95,37,58,3,6,19,34,23,10,2,1,8,15,7,4,1,5,11,19,16,6
2017,4,A,골목상권,2110364,미아역 8번,210,93,117,2,19,35,76,50,28,1,8,17,30,21,16,1,11,18,46,29,12
2017,4,A,골목상권,2110363,송천동주민센터,36,24,12,0,11,9,5,4,7,0,8,5,4,1,6,0,3,4,1,3,1
2017,4,A,골목상권,2110362,우이천 계성교,252,127,125,0,49,52,55,65,31,0,13,40,35,27,12,0,36,12,20,38,19
2017,4,A,골목상권,2110361,삼양사거리역 1번,277,101,176,3,30,50,56,72,66,3,12,25,19,22,20,0,18,25,37,50,46
2017,4,A,골목상권,2110360,수유초등학교,499,328,171,0,57,80,108,134,120,0,16,53,67,90,102,0,41,27,41,44,18
2017,4,A,골목상권,2110359,수유시장옆,183,73,110,0,16,43,46,45,33,0,3,22,27,13,8,0,13,21,19,32,25
2017,4,A,골목상권,2110358,인수동 우편취급국,726,425,301,3,32,75,123,244,249,2,6,45,59,121,192,1,26,30,64,123,57
2017,4,A,골목상권,2110357,가오리역 1번,277,107,170,0,28,49,62,70,68,0,8,19,22,31,27,0,20,30,40,39,41
2017,4,A,골목상권,2110356,덕수교,248,87,161,3,17,38,57,83,50,0,3,20,21,23,20,3,14,18,36,60,30
2017,4,A,골목상권,2110355,삼양사거리역 2번,260,165,95,0,25,29,46,87,73,0,3,13,20,67,62,0,22,16,26,20,11
2017,4,A,골목상권,2110354,삼각산119안전센터,51,18,33,0,12,15,17,6,1,0,4,7,4,3,0,0,8,8,13,3,1
2017,4,A,골목상권,2110353,수유동우체국,218,107,111,0,23,38,52,68,37,0,12,22,26,37,10,0,11,16,26,31,27
2017,4,A,골목상권,2110352,수유1동주민센터,507,177,330,0,62,95,152,129,69,0,26,42,47,40,22,0,36,53,105,89,47
2017,4,A,골목상권,2110351,수유북부시장옆,87,25,62,0,6,18,22,33,8,0,2,9,4,7,3,0,4,9,18,26,5
2017,4,A,골목상권,2110350,가오리역 2번,123,74,49,0,16,23,38,32,14,0,10,12,24,18,10,0,6,11,14,14,4
2017,4,A,골목상권,2110349,화계역 2번,17,4,13,0,5,2,7,3,0,0,0,0,3,1,0,0,5,2,4,2,0
2017,4,A,골목상권,2110348,강북문화예술회관,611,217,394,0,68,95,158,185,105,0,18,39,70,49,41,0,50,56,88,136,64
2017,4,A,골목상권,2110347,구세군강북종합사회복지관,45,18,27,0,11,13,11,5,5,0,2,8,3,2,3,0,9,5,8,3,2
2017,4,A,골목상권,2110346,4.19민주묘지역 2번,119,72,47,2,21,23,35,23,15,1,10,14,22,14,11,1,11,9,13,9,4
2017,4,A,골목상권,2110345,솔밭공원역 2번,180,68,112,0,28,37,51,51,13,0,3,12,25,17,11,0,25,25,26,34,2
2017,4,A,골목상권,2110344,화계중학교,533,521,12,0,5,48,198,235,47,0,2,46,193,234,46,0,3,2,5,1,1
2017,4,A,골목상권,2110343,무너미어린이공원,109,61,48,0,20,14,40,26,9,0,9,11,24,11,6,0,11,3,16,15,3
2017,4,A,골목상권,2110342,국립재활원,54,30,24,1,3,13,18,16,3,1,2,7,10,9,1,0,1,6,8,7,2
2017,4,A,골목상권,2110341,북한산우이역 2번,429,388,41,1,7,16,70,252,83,0,5,11,55,240,77,1,2,5,15,12,6
2017,4,A,골목상권,2110340,인수중학교,139,54,85,1,15,13,49,32,29,1,4,6,14,10,19,0,11,7,35,22,10
2017,4,A,골목상권,2110339,국립4.19민주묘지,293,221,72,0,18,31,82,117,45,0,5,15,65,100,36,0,13,16,17,17,9
2017,4,A,골목상권,2110338,인수초등학교,11,9,2,0,1,5,4,0,1,0,1,3,4,0,1,0,0,2,0,0,0
2017,4,A,골목상권,2110337,아카데미하우스,553,276,277,1,56,59,77,152,208,0,28,35,37,74,102,1,28,24,40,78,106
2017,4,A,골목상권,2110336,석관고등학교,362,290,72,0,12,57,102,128,63,0,8,41,89,106,46,0,4,16,13,22,17
2017,4,A,골목상권,2110335,석계역 7번,596,380,216,1,55,119,169,157,95,1,19,70,101,114,75,0,36,49,68,43,20
2017,4,A,골목상권,2110334,석관중앙교회,225,101,124,2,22,56,51,59,35,0,5,26,26,30,14,2,17,30,25,29,21
2017,4,A,골목상권,2110333,돌곶이역 5번,1159,820,339,1,51,95,106,128,778,1,22,60,62,65,610,0,29,35,44,63,168
2017,4,A,골목상권,2110332,돌곶이역 3번,195,82,113,0,21,31,51,52,40,0,3,13,21,20,25,0,18,18,30,32,15
2017,4,A,골목상권,2110331,돌곶이역 8번,473,196,277,3,81,122,123,92,52,1,22,58,48,39,28,2,59,64,75,53,24
2017,4,A,골목상권,2110330,돌곶이역 1번,496,270,226,0,31,48,117,118,182,0,15,22,53,39,141,0,16,26,64,79,41
2017,4,A,골목상권,2110329,우리은행체육관,148,60,88,0,14,27,50,40,17,0,2,13,22,15,8,0,12,14,28,25,9
2017,4,A,골목상권,2110328,상월곡역 3번,533,292,241,0,81,159,163,87,43,0,33,83,100,46,30,0,48,76,63,41,13
2017,4,A,골목상권,2110327,상월곡역 2번,235,127,108,0,17,43,74,64,37,0,5,22,39,35,26,0,12,21,35,29,11
2017,4,A,골목상권,2110326,장위동성당,42,17,25,0,4,2,15,14,7,0,2,0,6,6,3,0,2,2,9,8,4
2017,4,A,골목상권,2110325,장곡초등학교,105,45,60,0,8,24,42,23,8,0,1,14,19,8,3,0,7,10,23,15,5
2017,4,A,골목상권,2110324,월곡역 4번,102,45,57,0,50,20,15,11,6,0,18,12,7,5,3,0,32,8,8,6,3
2017,4,A,골목상권,2110323,상월곡역 1번,231,107,124,1,22,57,66,53,32,0,10,27,32,22,16,1,12,30,34,31,16
2017,4,A,골목상권,2110322,장위1동주민센터,182,67,115,1,13,28,48,71,21,0,3,4,20,29,11,1,10,24,28,42,10
2017,4,A,골목상권,2110321,동덕여대,46,23,23,0,8,18,13,5,2,0,3,13,5,2,0,0,5,5,8,3,2
2017,4,A,골목상권,2110320,KB국민은행 종암동지점,140,77,63,1,8,16,37,55,23,0,3,7,19,29,19,1,5,9,18,26,4
2017,4,A,골목상권,2110319,종암동주민센터,326,151,175,4,52,75,68,76,51,0,22,32,32,42,23,4,30,43,36,34,28
2017,4,A,골목상권,2110318,KT월곡지사,331,173,158,1,46,60,74,96,54,0,21,34,49,43,26,1,25,26,25,53,28
2017,4,A,골목상권,2110317,종암중학교,173,94,79,0,25,45,54,35,14,0,10,27,32,18,7,0,15,18,22,17,7
2017,4,A,골목상권,2110316,숭곡초등학교,1046,588,458,11,212,297,296,164,66,3,98,178,187,85,37,8,114,119,109,79,29
2017,4,A,골목상권,2110315,종암아이파크2차,440,176,264,3,81,77,112,105,62,2,23,43,48,29,31,1,58,34,64,76,31
2017,4,A,골목상권,2110314,종암경찰서,1245,752,493,1,140,286,356,366,96,0,64,195,232,229,32,1,76,91,124,137,64
2017,4,A,골목상권,2110313,안암역 3번,626,290,336,4,140,148,159,105,70,0,59,88,70,43,30,4,81,60,89,62,40
2017,4,A,골목상권,2110312,안암역 2번,338,174,164,0,58,93,83,73,31,0,26,58,48,29,13,0,32,35,35,44,18
2017,4,A,골목상권,2110311,종암아이파크2차후문,42,22,20,0,6,10,14,9,3,0,3,5,6,5,3,0,3,5,8,4,0
2017,4,A,골목상권,2110310,길음역 10번,323,64,259,0,14,33,104,122,50,0,6,11,14,19,14,0,8,22,90,103,36
2017,4,A,골목상권,2110309,대광초등학교,532,320,212,2,85,139,150,101,55,2,31,77,95,70,45,0,54,62,55,31,10
2017,4,A,골목상권,2110308,길음역 8번,327,163,164,2,59,61,92,61,52,1,21,33,44,32,32,1,38,28,48,29,20
2017,4,A,골목상권,2110307,길음역 7번,521,176,345,13,109,115,147,90,47,6,21,39,53,30,27,7,88,76,94,60,20
2017,4,A,골목상권,2110306,미아초등학교,92,40,52,0,16,23,27,15,11,0,7,14,12,6,1,0,9,9,15,9,10
2017,4,A,골목상권,2110305,보문역 5번,545,274,271,7,96,117,116,107,102,1,21,73,59,54,66,6,75,44,57,53,36
2017,4,A,골목상권,2110304,보문역 4번,463,215,248,4,88,93,129,94,55,1,38,48,66,41,21,3,50,45,63,53,34
2017,4,A,골목상권,2110303,성신여대입구역 1번,354,155,199,0,38,56,83,95,82,0,14,35,38,36,32,0,24,21,45,59,50
2017,4,A,골목상권,2110302,보문역 8번,698,419,279,3,103,133,156,170,133,1,50,71,91,102,104,2,53,62,65,68,29
2017,4,A,골목상권,2110301,성신여대입구역 7번,460,175,285,0,33,63,130,140,94,0,14,22,57,53,29,0,19,41,73,87,65
2017,4,A,골목상권,2110300,삼선동주민센터,3309,1866,1443,6,340,807,929,949,278,4,122,339,520,701,180,2,218,468,409,248,98
2017,4,A,골목상권,2110299,정릉역 1번,504,199,305,1,64,115,143,114,67,1,14,51,53,51,29,0,50,64,90,63,38
2017,4,A,골목상권,2110298,솔숲어린이공원,98,27,71,0,15,20,29,21,13,0,1,6,12,4,4,0,14,14,17,17,9
2017,4,A,골목상권,2110297,경동고등학교,517,242,275,0,60,112,139,133,73,0,22,70,66,55,29,0,38,42,73,78,44
2017,4,A,골목상권,2110296,성신여대입구역 4번,154,50,104,0,19,39,43,27,26,0,4,15,16,7,8,0,15,24,27,20,18
2017,4,A,골목상권,2110295,정릉우체국,272,139,133,2,48,58,68,62,34,0,22,33,36,25,23,2,26,25,32,37,11
2017,4,A,골목상권,2110294,서경대학교,485,339,146,0,32,47,104,162,140,0,5,25,60,129,120,0,27,22,44,33,20
2017,4,A,골목상권,2110293,삼선중학교,580,319,261,3,83,143,173,110,68,2,31,98,102,49,37,1,52,45,71,61,31
2017,4,A,골목상권,2110292,정릉역 2번,92,39,53,0,7,25,23,21,16,0,3,12,8,9,7,0,4,13,15,12,9
2017,4,A,골목상권,2110291,한성대입구역 3번,1043,535,508,4,223,196,241,262,117,1,93,92,136,152,61,3,130,104,105,110,56
2017,4,A,골목상권,2110290,북한산보국문역 1번,53,43,10,0,4,7,20,17,5,0,1,7,17,14,4,0,3,0,3,3,1
2017,4,A,골목상권,2110289,북한산보국문역 2번,115,71,44,0,11,18,35,33,18,0,2,13,20,20,16,0,9,5,15,13,2
2017,4,A,골목상권,2110288,동구여중,609,208,401,2,77,238,203,68,21,0,22,77,68,29,12,2,55,161,135,39,9
2017,4,A,골목상권,2110287,정릉3동주민센터,104,46,58,0,21,19,29,22,13,0,7,9,16,6,8,0,14,10,13,16,5
2017,4,A,골목상권,2110286,한성대입구역 5번,617,316,301,11,134,176,151,104,41,1,41,97,87,59,31,10,93,79,64,45,10
2017,4,A,골목상권,2110285,홍대부중,160,88,72,0,34,50,45,18,13,0,12,32,26,9,9,0,22,18,19,9,4
2017,4,A,골목상권,2110284,정릉북한산국립공원입구,512,465,47,0,9,58,177,199,69,0,5,51,165,179,65,0,4,7,12,20,4
2017,4,A,골목상권,2110283,성북초등학교앞,186,86,100,5,14,44,59,40,24,5,7,18,26,16,14,0,7,26,33,24,10
2017,4,A,골목상권,2110282,국민대학교앞,500,395,105,0,39,62,158,180,61,0,15,40,138,151,51,0,24,22,20,29,10
2017,4,A,골목상권,2110281,길상사,170,99,71,3,24,38,32,43,30,0,10,18,18,27,26,3,14,20,14,16,4
2017,4,A,골목상권,2110280,북정마을,106,27,79,0,20,29,25,24,8,0,4,9,3,10,1,0,16,20,22,14,7
2017,4,A,골목상권,2110279,신내역 2번,132,110,22,0,2,19,32,39,40,0,2,15,22,33,38,0,0,4,10,6,2
2017,4,A,골목상권,2110278,망우본동주민센터,549,250,299,1,82,119,161,126,60,1,32,48,70,57,42,0,50,71,91,69,18
2017,4,A,골목상권,2110277,러스크서울병원,616,295,321,1,98,137,156,136,88,1,37,72,79,60,46,0,61,65,77,76,42
2017,4,A,골목상권,2110276,신내IC북측,206,150,56,0,16,50,71,49,20,0,9,40,46,37,18,0,7,10,25,12,2
2017,4,A,골목상권,2110275,하나은행 망우동지점,164,81,83,0,19,35,45,43,22,0,12,18,18,20,13,0,7,17,27,23,9
2017,4,A,골목상권,2110274,서일대학교,432,209,223,1,68,87,103,100,73,1,15,46,51,49,47,0,53,41,52,51,26
2017,4,A,골목상권,2110273,장스여성병원,756,499,257,6,54,88,110,246,252,0,3,24,64,193,215,6,51,64,46,53,37
2017,4,A,골목상권,2110272,신내1동주민센터,1040,681,359,3,90,212,287,293,155,2,27,134,184,210,124,1,63,78,103,83,31
2017,4,A,골목상권,2110271,신내역 1번,146,108,38,0,4,33,49,40,20,0,2,25,33,32,16,0,2,8,16,8,4
2017,4,A,골목상권,2110270,혜원여고,244,200,44,0,6,11,41,87,99,0,3,4,29,72,92,0,3,7,12,15,7
2017,4,A,골목상권,2110269,용마문화복지센터,202,87,115,1,26,50,58,48,19,1,9,23,30,17,7,0,17,27,28,31,12
2017,4,A,골목상권,2110268,망우3동주민센터,138,70,68,2,13,27,39,38,19,2,5,18,19,15,11,0,8,9,20,23,8
2017,4,A,골목상권,2110267,망우역 2번,341,117,224,0,49,65,93,63,71,0,6,20,34,24,33,0,43,45,59,39,38
2017,4,A,골목상권,2110266,면목동우체국,168,80,88,0,15,26,55,50,22,0,8,14,26,22,10,0,7,12,29,28,12
2017,4,A,골목상권,2110265,망우역 1번,405,193,212,3,60,76,95,104,67,2,21,29,52,51,38,1,39,47,43,53,29
2017,4,A,골목상권,2110264,면목역 2번,629,257,372,1,65,93,155,196,119,1,23,43,65,58,67,0,42,50,90,138,52
2017,4,A,골목상권,2110263,면목역 1번,175,81,94,0,19,44,60,34,18,0,6,18,25,20,12,0,13,26,35,14,6
2017,4,A,골목상권,2110262,상봉역 3번,2235,1387,848,8,306,637,701,333,250,0,182,494,356,157,198,8,124,143,345,176,52
2017,4,A,골목상권,2110261,사가정역 4번,201,72,129,0,21,42,61,54,23,0,6,13,25,19,9,0,15,29,36,35,14
2017,4,A,골목상권,2110260,면목역 3번,203,85,118,2,18,36,63,57,27,1,6,12,23,27,16,1,12,24,40,30,11
2017,4,A,골목상권,2110259,사가정역 1번,284,162,122,0,34,77,79,74,20,0,13,41,46,47,15,0,21,36,33,27,5
2017,4,A,골목상권,2110258,면동초등학교,267,105,162,0,44,54,73,60,36,0,8,22,36,23,16,0,36,32,37,37,20
2017,4,A,골목상권,2110257,상봉역 7번,569,475,94,0,12,30,87,244,196,0,3,15,66,209,182,0,9,15,21,35,14
2017,4,A,골목상권,2110256,면목2동체육관,951,524,427,4,83,138,248,270,208,1,28,73,131,160,131,3,55,65,117,110,77
2017,4,A,골목상권,2110255,상봉역 4번,580,288,292,0,52,106,172,173,77,0,27,56,76,86,43,0,25,50,96,87,34
2017,4,A,골목상권,2110254,오거리공원,341,166,175,0,28,70,93,100,50,0,9,40,46,48,23,0,19,30,47,52,27
2017,4,A,골목상권,2110253,중곡초등학교,283,162,121,0,42,56,81,72,32,0,21,26,44,45,26,0,21,30,37,27,6
2017,4,A,골목상권,2110252,장안제일시장,717,504,213,0,55,90,167,237,168,0,32,44,109,179,140,0,23,46,58,58,28
2017,4,A,골목상권,2110251,장안중학교,190,86,104,1,27,43,65,37,17,1,5,19,29,18,14,0,22,24,36,19,3
2017,4,A,골목상권,2110250,화랑대역 7번,121,62,59,0,17,29,31,31,13,0,6,15,15,17,9,0,11,14,16,14,4
2017,4,A,골목상권,2110249,중화역 1번,814,337,477,0,91,177,229,213,104,0,30,77,91,88,51,0,61,100,138,125,53
2017,4,A,골목상권,2110248,먹골파출소,94,56,38,1,15,21,33,15,9,0,9,15,18,8,6,1,6,6,15,7,3
2017,4,A,골목상권,2110247,먹골역 1번,552,274,278,3,59,111,144,143,92,1,20,57,76,69,51,2,39,54,68,74,41
2017,4,A,골목상권,2110246,월드순복음교회,572,364,208,0,41,144,191,115,81,0,19,98,137,61,49,0,22,46,54,54,32
2017,4,A,골목상권,2110245,KB국민은행 중화동지점,119,73,46,1,13,16,35,28,26,1,6,11,21,16,18,0,7,5,14,12,8
2017,4,A,골목상권,2110244,중화역 4번,867,567,300,0,27,93,140,126,481,0,14,56,88,57,352,0,13,37,52,69,129
2017,4,A,골목상권,2110243,중랑노인종합복지관,466,200,266,0,47,94,118,136,71,0,18,33,58,56,35,0,29,61,60,80,36
2017,4,A,골목상권,2110242,면목5동주민센터,176,99,77,0,29,36,48,40,23,0,8,24,30,23,14,0,21,12,18,17,9
2017,4,A,골목상권,2110241,먹골역 5번,690,337,353,5,135,156,171,148,75,4,41,78,87,78,49,1,94,78,84,70,26
2017,4,A,골목상권,2110240,태릉시장 특화거리,111,33,78,0,13,29,38,20,11,0,1,14,8,6,4,0,12,15,30,14,7
2017,4,A,골목상권,2110239,중랑역 2번,6,1,5,0,0,2,0,1,3,0,0,0,0,0,1,0,0,2,0,1,2
2017,4,A,골목상권,2110238,배꽃어린이공원,66,39,27,0,9,13,22,21,1,0,3,8,13,14,1,0,6,5,9,7,0
2017,4,A,골목상권,2110237,메가박스 상봉,968,555,413,16,203,185,220,219,125,13,86,98,129,138,91,3,117,87,91,81,34
2017,4,A,골목상권,2110236,신묵초등학교,361,216,145,1,38,69,114,105,34,1,15,47,71,61,21,0,23,22,43,44,13
2017,4,A,골목상권,2110235,세화어린이공원,9,8,1,0,1,2,1,5,0,0,1,1,1,5,0,0,0,1,0,0,0
2017,4,A,골목상권,2110234,중랑역 4번,427,277,150,3,45,62,114,111,92,3,15,36,71,82,70,0,30,26,43,29,22
2017,4,A,골목상권,2110233,중랑역 1번,175,95,80,0,22,51,41,45,16,0,13,30,20,20,12,0,9,21,21,25,4
2017,4,A,골목상권,2110232,동대부고,1219,722,497,1,130,193,319,372,204,0,36,110,163,245,168,1,94,83,156,127,36
2017,4,A,골목상권,2110231,장안교,47,36,11,0,3,13,19,9,3,0,2,11,14,7,2,0,1,2,5,2,1
2017,4,A,골목상권,2110230,장안현대홈타운1차아파트,344,168,176,3,46,71,98,73,53,0,17,36,54,35,26,3,29,35,44,38,27
2017,4,A,골목상권,2110229,장평중학교,1508,968,540,4,186,287,356,427,248,4,74,176,208,288,218,0,112,111,148,139,30
2017,4,A,골목상권,2110228,장안근린공원,730,327,403,4,61,130,170,248,117,2,24,71,73,108,49,2,37,59,97,140,68
2017,4,A,골목상권,2110227,답십리공원,533,231,302,0,67,118,168,124,56,0,34,70,61,46,20,0,33,48,107,78,36
2017,4,A,골목상권,2110226,장안1동주민센터,2345,1438,907,11,319,536,665,528,286,7,154,328,437,321,191,4,165,208,228,207,95
2017,4,A,골목상권,2110225,촬영소사거리,597,357,240,0,76,117,131,145,128,0,41,78,81,91,66,0,35,39,50,54,62
2017,4,A,골목상권,2110224,외대앞역 2번,102,34,68,1,5,17,42,24,13,1,3,2,11,11,6,0,2,15,31,13,7
2017,4,A,골목상권,2110223,군자초등학교,689,333,356,3,18,60,75,189,344,2,12,37,39,82,161,1,6,23,36,107,183
2017,4,A,골목상권,2110222,회기역 2번,85,62,23,0,10,13,11,19,32,0,5,10,9,12,26,0,5,3,2,7,6
2017,4,A,골목상권,2110221,의릉,114,81,33,1,16,19,43,25,10,0,10,12,33,16,10,1,6,7,10,9,0
2017,4,A,골목상권,2110220,외대앞역 1번,351,154,197,6,65,84,88,72,36,4,25,43,38,30,14,2,40,41,50,42,22
2017,4,A,골목상권,2110219,삼육보건대학교,244,104,140,0,38,48,66,52,40,0,7,22,25,27,23,0,31,26,41,25,17
2017,4,A,골목상권,2110218,답십리사거리,287,135,152,1,33,54,83,81,35,1,11,26,41,38,18,0,22,28,42,43,17
2017,4,A,골목상권,2110217,자동차부품상가,929,733,196,1,89,204,293,201,141,1,75,172,224,144,117,0,14,32,69,57,24
2017,4,A,골목상권,2110216,전농중학교,256,109,147,1,22,90,76,51,16,1,8,37,30,24,9,0,14,53,46,27,7
2017,4,A,골목상권,2110215,회기역 1번,36,9,27,1,9,6,11,5,4,0,2,1,3,2,1,1,7,5,8,3,3
2017,4,A,골목상권,2110214,경희대후문,80,35,45,0,16,16,23,14,11,0,7,6,9,6,7,0,9,10,14,8,4
2017,4,A,골목상권,2110213,청량초등학교,118,59,59,0,15,33,32,21,17,0,4,23,15,5,12,0,11,10,17,16,5
2017,4,A,골목상권,2110212,답십리초등학교,415,175,240,1,48,65,89,105,107,0,17,29,47,49,33,1,31,36,42,56,74
2017,4,A,골목상권,2110211,전곡마을마당공원,350,209,141,1,47,57,84,99,62,0,20,40,54,55,40,1,27,17,30,44,22
2017,4,A,골목상권,2110210,서울시립대,184,104,80,1,25,36,50,37,35,0,10,20,26,23,25,1,15,16,24,14,10
2017,4,A,골목상권,2110209,답십리 장령당공원,291,214,77,0,22,30,52,43,144,0,13,19,32,21,129,0,9,11,20,22,15
2017,4,A,골목상권,2110208,시조사삼거리,195,139,56,0,15,38,65,67,10,0,7,22,51,49,10,0,8,16,14,18,0
2017,4,A,골목상권,2110207,시립대앞사거리,339,162,177,14,82,65,76,61,41,6,39,44,36,18,19,8,43,21,40,43,22
2017,4,A,골목상권,2110206,텃골근린공원,231,114,117,0,33,32,80,55,31,0,12,13,47,29,13,0,21,19,33,26,18
2017,4,A,골목상권,2110205,경희대삼거리,266,102,164,2,21,33,27,71,112,1,7,22,12,19,41,1,14,11,15,52,71
2017,4,A,골목상권,2110204,간데메공원,451,247,204,2,85,87,119,90,68,1,41,44,66,53,42,1,44,43,53,37,26
2017,4,A,골목상권,2110203,떡전교사거리,358,234,124,1,27,101,88,87,54,1,11,77,67,43,35,0,16,24,21,44,19
2017,4,A,골목상권,2110202,전농1동주민센터(전농시장),203,90,113,2,26,35,51,58,31,1,11,19,32,24,3,1,15,16,19,34,28
2017,4,A,골목상권,2110201,전농119안전센터,28,16,12,0,4,5,6,8,5,0,2,3,4,5,2,0,2,2,2,3,3
2017,4,A,골목상권,2110200,동대문경찰서,122,86,36,0,4,23,21,23,51,0,3,12,13,17,41,0,1,11,8,6,10
2017,4,A,골목상권,2110199,홍릉시장,207,91,116,1,24,42,42,52,46,0,9,22,22,22,16,1,15,20,20,30,30
2017,4,A,골목상권,2110198,동대문중앙새마을금고본점,61,44,17,1,6,19,14,13,8,1,6,10,10,11,6,0,0,9,4,2,2
2017,4,A,골목상권,2110197,세종대왕기념관교차로,67,38,29,0,11,13,13,18,12,0,7,8,10,8,5,0,4,5,3,10,7
2017,4,A,골목상권,2110196,홍릉근린공원,29,19,10,0,2,4,14,8,1,0,2,3,8,5,1,0,0,1,6,3,0
2017,4,A,골목상권,2110195,동대문구청,423,206,217,1,53,65,90,127,87,0,25,36,39,54,52,1,28,29,51,73,35
2017,4,A,골목상권,2110194,홍파초등학교,307,202,105,0,25,63,88,70,61,0,18,49,69,41,25,0,7,14,19,29,36
2017,4,A,골목상권,2110193,고려대역 4번,139,76,63,1,22,20,33,36,27,0,9,12,20,21,14,1,13,8,13,15,13
2017,4,A,골목상권,2110192,동의보감타워,396,198,198,1,57,86,94,94,64,1,22,46,56,45,28,0,35,40,38,49,36
2017,4,A,골목상권,2110191,고려대역 6번,255,129,126,0,22,43,69,78,43,0,10,33,38,28,20,0,12,10,31,50,23
2017,4,A,골목상권,2110190,고대앞사거리,207,90,117,3,31,43,57,41,32,0,5,21,34,14,16,3,26,22,23,27,16
2017,4,A,골목상권,2110189,제기동역 1번,869,578,291,2,96,166,196,180,229,0,39,98,122,129,190,2,57,68,74,51,39
2017,4,A,골목상권,2110188,용두동신동아아파트,1558,816,742,2,307,373,377,328,171,1,117,203,234,172,89,1,190,170,143,156,82
2017,4,A,골목상권,2110187,제기동역 6번,2524,1400,1124,6,383,670,587,502,376,0,130,354,326,317,273,6,253,316,261,185,103
2017,4,A,골목상권,2110186,종암초등학교,244,147,97,0,30,32,44,62,76,0,17,16,29,30,55,0,13,16,15,32,21
2017,4,A,골목상권,2110185,용두초등학교,157,104,53,1,15,34,49,36,22,0,6,25,37,20,16,1,9,9,12,16,6
2017,4,A,골목상권,2110184,용두사거리,502,309,193,0,99,145,102,80,76,0,51,85,62,51,60,0,48,60,40,29,16
2017,4,A,골목상권,2110183,한국의류시험연구원,1157,587,570,6,299,385,263,130,74,2,109,164,160,92,60,4,190,221,103,38,14
2017,4,A,골목상권,2110182,용두희망어린이공원,513,335,178,2,64,128,147,99,73,1,35,80,97,66,56,1,29,48,50,33,17
2017,4,A,골목상권,2110181,신설동역 9번,5317,3548,1769,70,942,1407,1147,786,965,49,524,1013,920,546,496,21,418,394,227,240,469
2017,4,A,골목상권,2110180,광진정보도서관,2579,1387,1192,10,500,579,664,561,265,5,163,350,431,264,174,5,337,229,233,297,91
2017,4,A,골목상권,2110179,광나루역 1번,395,255,140,5,59,106,116,70,39,4,30,72,80,38,31,1,29,34,36,32,8
2017,4,A,골목상권,2110178,장로회신학대학교,65,13,52,0,3,15,23,18,6,0,0,5,3,2,3,0,3,10,20,16,3
2017,4,A,골목상권,2110177,동의초등학교,45,28,17,0,7,12,12,10,4,0,4,5,7,8,4,0,3,7,5,2,0
2017,4,A,골목상권,2110176,해오름공원,341,217,124,0,30,48,74,77,112,0,14,23,45,47,88,0,16,25,29,30,24
2017,4,A,골목상권,2110175,푸른동산공원,299,121,178,1,27,54,63,87,67,0,4,24,23,32,38,1,23,30,40,55,29
2017,4,A,골목상권,2110174,아차산역 1번,303,159,144,1,18,58,101,87,38,0,8,26,51,53,21,1,10,32,50,34,17
2017,4,A,골목상권,2110173,구남초등학교,370,193,177,2,63,104,99,72,30,1,24,62,58,31,17,1,39,42,41,41,13
2017,4,A,골목상권,2110172,광진초등학교,319,204,115,3,29,68,83,82,54,1,13,45,52,49,44,2,16,23,31,33,10
2017,4,A,골목상권,2110171,중곡4동주민센터,95,68,27,0,11,20,23,24,17,0,2,16,14,20,16,0,9,4,9,4,1
2017,4,A,골목상권,2110170,동대부여고,259,123,136,0,34,45,70,62,48,0,10,20,46,29,18,0,24,25,24,33,30
2017,4,A,골목상권,2110169,성동초등학교,327,169,158,0,38,65,91,74,59,0,14,36,46,37,36,0,24,29,45,37,23
2017,4,A,골목상권,2110168,대원고등학교,410,304,106,1,20,54,105,130,100,0,8,35,74,97,90,1,12,19,31,33,10
2017,4,A,골목상권,2110167,용마초등학교,666,303,363,0,83,138,197,161,87,0,25,67,92,80,39,0,58,71,105,81,48
2017,4,A,골목상권,2110166,구의1동주민센터,503,298,205,0,62,137,156,95,53,0,22,79,110,51,36,0,40,58,46,44,17
2017,4,A,골목상권,2110165,국립정신건강센터,378,201,177,0,40,49,103,111,75,0,12,29,55,64,41,0,28,20,48,47,34
2017,4,A,골목상권,2110164,아차산역 5번,505,322,183,2,97,130,117,64,95,2,50,75,78,44,73,0,47,55,39,20,22
2017,4,A,골목상권,2110163,성자초등학교,470,244,226,3,109,112,104,58,84,3,45,52,58,29,57,0,64,60,46,29,27
2017,4,A,골목상권,2110162,군자역 4번,173,60,113,0,24,50,48,32,19,0,8,14,17,11,10,0,16,36,31,21,9
2017,4,A,골목상권,2110161,중곡역 3번,430,218,212,4,78,110,76,82,80,2,28,59,35,45,49,2,50,51,41,37,31
2017,4,A,골목상권,2110160,광진경찰서,1073,894,179,5,157,368,267,232,44,5,119,313,231,203,23,0,38,55,36,29,21
2017,4,A,골목상권,2110159,구의역 4번,913,454,459,7,161,181,209,221,134,3,63,89,101,114,84,4,98,92,108,107,50
2017,4,A,골목상권,2110158,중곡3동주민센터,691,412,279,2,67,138,163,187,134,1,21,68,92,122,108,1,46,70,71,65,26
2017,4,A,골목상권,2110157,자양동우체국,352,198,154,0,27,44,79,88,114,0,12,21,34,55,76,0,15,23,45,33,38
2017,4,A,골목상권,2110156,군자역 5번,576,293,283,0,99,145,122,141,69,0,41,89,72,51,40,0,58,56,50,90,29
2017,4,A,골목상권,2110155,광진구청,1597,1317,280,2,118,259,497,586,135,2,57,197,427,529,105,0,61,62,70,57,30
2017,4,A,골목상권,2110154,광진정말공원,766,349,417,3,160,200,207,139,57,2,50,100,98,64,35,1,110,100,109,75,22
2017,4,A,골목상권,2110153,중곡1동주민센터,99,44,55,1,8,15,22,38,15,0,1,4,13,19,7,1,7,11,9,19,8
2017,4,A,골목상권,2110152,중곡어린이공원,183,120,63,2,16,54,58,36,17,0,7,38,38,27,10,2,9,16,20,9,7
2017,4,A,골목상권,2110151,자양한강도서관,436,208,228,1,52,97,95,123,68,0,17,48,49,63,31,1,35,49,46,60,37
2017,4,A,골목상권,2110150,중곡1동 마을마당,1750,1102,648,3,191,369,371,279,537,2,78,194,186,153,489,1,113,175,185,126,48
2017,4,A,골목상권,2110149,세종대학교,395,181,214,1,106,113,76,43,56,0,26,53,32,23,47,1,80,60,44,20,9
2017,4,A,골목상권,2110148,어린이대공원역 3번,50,33,17,0,17,7,12,9,5,0,11,6,8,5,3,0,6,1,4,4,2
2017,4,A,골목상권,2110147,능동우편취급국,709,358,351,2,124,216,198,128,41,0,35,113,120,71,19,2,89,103,78,57,22
2017,4,A,골목상권,2110146,신자초등학교,460,245,215,1,59,91,140,106,63,1,26,60,73,51,34,0,33,31,67,55,29
2017,4,A,골목상권,2110145,장안초등학교,19,17,2,0,3,8,5,3,0,0,2,8,5,2,0,0,1,0,0,1,0
2017,4,A,골목상권,2110144,어린이대공원역 4번,50,22,28,0,6,10,8,19,7,0,4,5,3,6,4,0,2,5,5,13,3
2017,4,A,골목상권,2110143,뚝섬유원지역 1번,52,17,35,0,9,11,9,15,8,0,3,3,4,4,3,0,6,8,5,11,5
2017,4,A,골목상권,2110142,화양사거리,334,137,197,0,29,70,70,87,78,0,13,35,42,29,18,0,16,35,28,58,60
2017,4,A,골목상권,2110141,건대입구역 1번,326,174,152,3,89,81,85,50,18,0,36,46,49,29,14,3,53,35,36,21,4
2017,4,A,골목상권,2110140,건대입구역 6번,1523,757,766,6,183,301,382,368,283,2,104,203,210,144,94,4,79,98,172,224,189
2017,4,A,골목상권,2110139,자양4동주민센터,487,307,180,0,53,99,126,108,101,0,19,63,78,60,87,0,34,36,48,48,14
2017,4,A,골목상권,2110138,송정체육공원,219,100,119,0,18,37,56,54,54,0,6,20,21,31,22,0,12,17,35,23,32
2017,4,A,골목상권,2110137,성수초등학교,16456,10295,6161,199,3755,4589,3854,2710,1349,113,1940,3144,2458,1608,1032,86,1815,1445,1396,1102,317
2017,4,A,골목상권,2110136,경수초등학교,5883,3930,1953,55,911,1521,1572,1228,596,47,449,1041,1081,854,458,8,462,480,491,374,138
2017,4,A,골목상권,2110135,성동세무서,760,397,363,3,115,190,199,150,103,2,30,86,96,102,81,1,85,104,103,48,22
2017,4,A,골목상권,2110134,성수119안전센터,1172,904,268,3,98,190,339,343,199,1,54,136,269,275,169,2,44,54,70,68,30
2017,4,A,골목상권,2110133,서울교통공사,18528,16535,1993,15,1576,2681,7273,6173,810,12,1171,2194,6616,5774,768,3,405,487,657,399,42
2017,4,A,골목상권,2110132,성수2가3동주민센터,1186,788,398,14,190,282,332,226,142,8,105,188,233,147,107,6,85,94,99,79,35
2017,4,A,골목상권,2110131,성수동카페거리,7608,4691,2917,55,1872,2258,1755,1026,642,20,896,1478,1186,683,428,35,976,780,569,343,214
2017,4,A,골목상권,2110130,답십리역 6번,91,41,50,0,12,21,16,20,22,0,8,11,7,6,9,0,4,10,9,14,13
2017,4,A,골목상권,2110129,성원어린이공원,1042,671,371,10,143,267,306,230,86,10,79,174,196,144,68,0,64,93,110,86,18
2017,4,A,골목상권,2110128,성원중학교,1105,673,432,3,135,234,325,298,110,3,57,150,195,180,88,0,78,84,130,118,22
2017,4,A,골목상권,2110127,성수1가1동주민센터,1035,489,546,50,246,329,227,145,38,11,80,183,116,74,25,39,166,146,111,71,13
2017,4,A,골목상권,2110126,서울숲역 1번,155,60,95,0,41,50,35,20,9,0,12,19,11,11,7,0,29,31,24,9,2
2017,4,A,골목상권,2110125,사근동살곶이상점가,148,72,76,3,23,46,36,21,19,2,9,21,20,8,12,1,14,25,16,13,7
2017,4,A,골목상권,2110124,뚝섬역교차로,3533,1887,1646,32,924,816,732,596,433,10,186,413,472,444,362,22,738,403,260,152,71
2017,4,A,골목상권,2110123,마장역 3번,795,579,216,4,64,128,193,251,155,1,35,78,134,197,134,3,29,50,59,54,21
2017,4,A,골목상권,2110122,마장역 2번,820,523,297,3,103,195,239,192,88,3,55,124,162,112,67,0,48,71,77,80,21
2017,4,A,골목상권,2110121,한양대역 4번,71,36,35,2,10,16,20,13,10,0,4,9,12,6,5,2,6,7,8,7,5
2017,4,A,골목상권,2110120,서울숲카페거리,82,38,44,0,27,21,22,9,3,0,9,13,10,3,3,0,18,8,12,6,0
2017,4,A,골목상권,2110119,마장지하차도,241,174,67,0,46,56,63,51,25,0,29,44,40,40,21,0,17,12,23,11,4
2017,4,A,골목상권,2110118,왕십리역 9번,723,355,368,7,131,114,172,152,147,6,54,48,78,77,92,1,77,66,94,75,55
2017,4,A,골목상권,2110117,성동구보건소,179,122,57,0,9,41,56,49,24,0,6,25,39,35,17,0,3,16,17,14,7
2017,4,A,골목상권,2110116,청계천박물관,5223,3765,1458,16,418,895,1246,1850,798,12,243,626,957,1338,589,4,175,269,289,512,209
2017,4,A,골목상권,2110115,상왕십리역 3번,986,424,562,8,195,250,226,205,102,2,49,138,119,73,43,6,146,112,107,132,59
2017,4,A,골목상권,2110114,왕십리파출소,259,100,159,1,26,68,58,68,38,0,7,27,36,23,7,1,19,41,22,45,31
2017,4,A,골목상권,2110113,응봉산,49,17,32,0,8,6,15,13,7,0,0,3,4,4,6,0,8,3,11,9,1
2017,4,A,골목상권,2110112,행당역 2번,243,108,135,1,39,56,48,63,36,0,16,29,20,23,20,1,23,27,28,40,16
2017,4,A,골목상권,2110110,상왕십리역 6번,182,92,90,0,30,43,56,30,23,0,10,19,28,18,17,0,20,24,28,12,6
2017,4,A,골목상권,2110109,금호삼성래미안아파트,312,162,150,0,48,73,78,62,51,0,19,39,40,29,35,0,29,34,38,33,16
2017,4,A,골목상권,2110108,성동구립금호도서관,38,11,27,0,6,11,8,12,1,0,0,4,3,4,0,0,6,7,5,8,1
2017,4,A,골목상권,2110107,금호사거리,112,54,58,2,8,21,25,26,30,0,1,16,17,9,11,2,7,5,8,17,19
2017,4,A,골목상권,2110106,금북초등학교,17,7,10,0,2,8,3,2,2,0,0,3,1,1,2,0,2,5,2,1,0
2017,4,A,골목상권,2110105,금동어린이공원,62,20,42,0,11,15,11,12,13,0,3,3,2,3,9,0,8,12,9,9,4
2017,4,A,골목상권,2110104,신금호역 4번,308,132,176,0,43,65,74,89,37,0,11,37,30,33,21,0,32,28,44,56,16
2017,4,A,골목상권,2110103,옥수터널,39,25,14,1,9,5,10,11,3,0,5,4,8,6,2,1,4,1,2,5,1
2017,4,A,골목상권,2110102,옥수역 6번,375,208,167,1,67,73,107,87,40,0,32,39,60,52,25,1,35,34,47,35,15
2017,4,A,골목상권,2110101,옥정중학교,211,77,134,0,43,45,58,45,20,0,5,15,27,16,14,0,38,30,31,29,6
2017,4,A,골목상권,2110100,옥수동우편취급국,126,70,56,0,36,49,17,16,8,0,17,35,5,9,4,0,19,14,12,7,4
2017,4,A,골목상권,2110099,유엔빌리지길,616,284,332,1,121,174,155,102,63,1,45,79,83,46,30,0,76,95,72,56,33
2017,4,A,골목상권,2110098,서울독일학교,642,298,344,5,252,208,73,45,59,2,117,111,35,18,15,3,135,97,38,27,44
2017,4,A,골목상권,2110097,한남초등학교,1257,843,414,6,245,606,304,71,25,3,109,416,245,50,20,3,136,190,59,21,5
2017,4,A,골목상권,2110096,한남힐사이드아파트,1050,578,472,14,375,397,152,72,40,6,156,237,102,48,29,8,219,160,50,24,11
2017,4,A,골목상권,2110095,한강진역 3번,971,440,531,5,297,303,176,105,85,1,108,158,107,35,31,4,189,145,69,70,54
2017,4,A,골목상권,2110094,오산중학교,52,19,33,0,0,3,9,20,20,0,0,0,4,8,7,0,0,3,5,12,13
2017,4,A,골목상권,2110093,우사단길,1928,1013,915,1,340,850,512,158,67,1,84,405,353,123,47,0,256,445,159,35,20
2017,4,A,골목상권,2110092,NH농협은행 보광동지점,230,113,117,0,30,42,50,52,56,0,8,19,26,26,34,0,22,23,24,26,22
2017,4,A,골목상권,2110091,리움미술관,404,151,253,9,200,131,36,16,12,3,62,53,19,7,7,6,138,78,17,9,5
2017,4,A,골목상권,2110090,한국폴리텍대학서울정수캠퍼스,540,249,291,2,230,184,66,29,29,0,94,89,31,14,21,2,136,95,35,15,8
2017,4,A,골목상권,2110089,서빙고동주민센터,479,285,194,1,52,125,130,97,74,0,20,65,59,77,64,1,32,60,71,20,10
2017,4,A,골목상권,2110088,오산고등학교,576,316,260,8,149,155,143,73,48,4,59,83,89,53,28,4,90,72,54,20,20
2017,4,A,골목상권,2110087,이태원엔틱가구거리,375,246,129,4,101,155,58,36,21,2,52,116,40,21,15,2,49,39,18,15,6
2017,4,A,골목상권,2110086,이태원역 북측,314,153,161,0,42,38,32,49,153,0,10,21,11,18,93,0,32,17,21,31,60
2017,4,A,골목상권,2110085,경리단길남측,1267,743,524,2,195,275,265,219,311,1,92,165,149,124,212,1,103,110,116,95,99
2017,4,A,골목상권,2110084,경리단길북측,1025,505,520,9,295,315,185,122,99,3,132,164,101,55,50,6,163,151,84,67,49
2017,4,A,골목상권,2110083,서빙고역 1번,550,395,155,0,87,219,152,59,33,0,49,156,119,46,25,0,38,63,33,13,8
2017,4,A,골목상권,2110082,용산구청,2167,1128,1039,6,253,562,520,591,235,2,75,236,241,420,154,4,178,326,279,171,81
2017,4,A,골목상권,2110081,해방촌 남동측,293,175,118,2,70,84,54,40,43,2,39,53,26,20,35,0,31,31,28,20,8
2017,4,A,골목상권,2110080,해방촌예술마을,281,125,156,0,50,78,82,44,27,0,18,36,38,18,15,0,32,42,44,26,12
2017,4,A,골목상권,2110079,후암동주민센터,2096,1047,1049,1,358,449,453,602,233,1,116,269,271,268,122,0,242,180,182,334,111
2017,4,A,골목상권,2110078,이촌동점보아파트,166,71,95,0,28,38,35,32,33,0,7,19,13,11,21,0,21,19,22,21,12
2017,4,A,골목상권,2110077,삼광초등학교,115,38,77,0,13,22,27,35,18,0,2,6,8,14,8,0,11,16,19,21,10
2017,4,A,골목상권,2110076,삼각지역 14번,549,179,370,1,51,158,165,143,31,0,10,60,64,41,4,1,41,98,101,102,27
2017,4,A,골목상권,2110075,숙대입구역 1번,1991,1443,548,16,421,510,540,294,210,7,241,401,404,222,168,9,180,109,136,72,42
2017,4,A,골목상권,2110074,서울역 12번,9932,2729,7203,230,5946,1648,919,783,406,15,860,975,581,180,118,215,5086,673,338,603,288
2017,4,A,골목상권,2110073,삼각지역 3번,2053,1603,450,0,182,439,459,617,356,0,99,336,400,479,289,0,83,103,59,138,67
2017,4,A,골목상권,2110072,열정도,558,358,200,8,157,146,110,91,46,0,90,109,74,54,31,8,67,37,36,37,15
2017,4,A,골목상권,2110071,한강미주맨션아파트,333,133,200,1,75,89,79,44,45,0,18,28,40,20,27,1,57,61,39,24,18
2017,4,A,골목상권,2110070,용산세무서,237,140,97,1,42,77,58,26,33,0,14,53,35,11,27,1,28,24,23,15,6
2017,4,A,골목상권,2110069,숙대입구,774,390,384,6,142,227,174,141,84,1,65,124,94,60,46,5,77,103,80,81,38
2017,4,A,골목상권,2110068,남영역 1번,1046,597,449,18,166,244,290,192,136,10,62,153,196,107,69,8,104,91,94,85,67
2017,4,A,골목상권,2110067,배문고등학교,1301,742,559,2,147,314,385,247,206,2,58,139,197,166,180,0,89,175,188,81,26
2017,4,A,골목상권,2110066,서울역 15번,1354,880,474,4,201,348,302,217,282,3,109,224,189,112,243,1,92,124,113,105,39
2017,4,A,골목상권,2110065,남정초등학교,610,475,135,0,121,321,99,47,22,0,85,274,75,28,13,0,36,47,24,19,9
2017,4,A,골목상권,2110064,효창공원앞역 2번,646,347,299,1,83,165,165,128,104,1,24,82,106,70,64,0,59,83,59,58,40
2017,4,A,골목상권,2110063,효창공원앞역 5번,855,522,333,2,82,193,232,152,194,2,36,132,149,83,120,0,46,61,83,69,74
2017,4,A,골목상권,2110062,한강로동땡땡거리(은행나무길),3362,1424,1938,43,1091,867,481,347,533,14,204,302,318,212,374,29,887,565,163,135,159
2017,4,A,골목상권,2110061,효창동주민센터,704,418,286,0,67,173,248,162,54,0,31,96,151,100,40,0,36,77,97,62,14
2017,4,A,골목상권,2110060,효창공원앞역 6번,553,291,262,2,91,162,141,107,50,0,32,89,81,62,27,2,59,73,60,45,23
2017,4,A,골목상권,2110059,새남터성지,179,107,72,2,39,47,32,33,26,2,22,30,18,15,20,0,17,17,14,18,6
2017,4,A,골목상권,2110058,성심여자고등학교,1166,771,395,4,135,367,328,208,124,2,78,265,228,131,67,2,57,102,100,77,57
2017,4,A,골목상권,2110057,황학코아루아파트,288,125,163,3,80,92,56,33,24,0,17,36,41,18,13,3,63,56,15,15,11
2017,4,A,골목상권,2110056,신당역 3번,1097,465,632,1,164,274,245,258,155,1,42,134,122,97,69,0,122,140,123,161,86
2017,4,A,골목상권,2110055,황학동벼룩시장,138,95,43,0,21,45,25,27,20,0,13,31,20,17,14,0,8,14,5,10,6
2017,4,A,골목상권,2110054,청구역 3번,2282,1572,710,5,478,694,509,308,288,2,268,554,388,180,180,3,210,140,121,128,108
2017,4,A,골목상권,2110053,청구역 1번,459,241,218,0,77,82,128,120,52,0,33,38,66,66,38,0,44,44,62,54,14
2017,4,A,골목상권,2110052,장충초등학교,1175,357,818,4,85,141,198,449,298,0,24,80,105,109,39,4,61,61,93,340,259
2017,4,A,골목상권,2110051,한양공고앞 교차로,181,114,67,0,19,40,58,41,23,0,4,26,41,24,19,0,15,14,17,17,4
2017,4,A,골목상권,2110050,약수역 7번,270,103,167,1,71,78,54,36,30,1,18,35,21,14,14,0,53,43,33,22,16
2017,4,A,골목상권,2110049,장충단 고개,3644,1683,1961,43,1253,890,617,557,284,24,438,456,313,269,183,19,815,434,304,288,101
2017,4,A,골목상권,2110048,장충동주민센터,1276,668,608,3,359,395,240,201,78,0,134,203,153,128,50,3,225,192,87,73,28
2017,4,A,골목상권,2110047,다산성곽길,245,115,130,0,46,78,60,39,22,0,9,43,36,18,9,0,37,35,24,21,13
2017,4,A,골목상권,2110046,버티고개,26,17,9,0,2,6,8,7,3,0,2,4,3,5,3,0,0,2,5,2,0
2017,4,A,골목상권,2110045,동대문역사문화공원역 5번,343,219,124,1,36,63,94,93,56,1,18,37,60,64,39,0,18,26,34,29,17
2017,4,A,골목상권,2110044,관성묘,936,639,297,4,148,355,278,102,49,3,47,222,237,90,40,1,101,133,41,12,9
2017,4,A,골목상권,2110043,충무초등학교,2089,814,1275,12,455,650,523,314,135,4,96,240,211,177,86,8,359,410,312,137,49
2017,4,A,골목상권,2110042,남산골공원옆,2037,1311,726,6,318,555,620,394,144,1,124,374,449,270,93,5,194,181,171,124,51
2017,4,A,골목상권,2110041,남산케이블카,925,337,588,5,125,197,217,231,150,1,42,90,82,64,58,4,83,107,135,167,92
2017,4,A,골목상권,2110040,중구회현체육센터(정화예술대남산캠퍼스),271,148,123,1,44,52,63,63,48,0,13,29,32,38,36,1,31,23,31,25,12
2017,4,A,골목상권,2110039,회현역 1번,106,50,56,0,15,27,15,30,19,0,5,17,6,14,8,0,10,10,9,16,11
2017,4,A,골목상권,2110038,경향신문사,2516,1489,1027,11,442,729,761,506,67,1,175,372,498,403,40,10,267,357,263,103,27
2017,4,A,골목상권,2110037,신설동역 12번,221,97,124,1,31,49,64,49,27,0,10,20,31,26,10,1,21,29,33,23,17
2017,4,A,골목상권,2110036,동묘앞역 3번,263,170,93,4,26,47,55,68,63,1,13,41,32,36,47,3,13,6,23,32,16
2017,4,A,골목상권,2110035,동묘앞역 2번,363,138,225,0,48,61,93,89,72,0,18,21,35,30,34,0,30,40,58,59,38
2017,4,A,골목상권,2110034,창신1동주민센터,88,67,21,0,5,11,25,29,18,0,4,7,20,19,17,0,1,4,5,10,1
2017,4,A,골목상권,2110033,창신역 4번,201,101,100,1,23,48,59,45,25,0,6,29,26,26,14,1,17,19,33,19,11
2017,4,A,골목상권,2110032,수족관거리,59,32,27,0,5,14,16,16,8,0,3,8,7,9,5,0,2,6,9,7,3
2017,4,A,골목상권,2110031,창신역 1번,57,22,35,0,6,12,12,18,9,0,1,2,7,8,4,0,5,10,5,10,5
2017,4,A,골목상권,2110030,동대문역 3번,39,17,22,1,1,5,13,17,2,1,0,2,3,10,1,0,1,3,10,7,1
2017,4,A,골목상권,2110029,동대문역 1번,351,116,235,0,36,56,80,111,68,0,6,23,36,35,16,0,30,33,44,76,52
2017,4,A,골목상권,2110028,이화달팽이길,878,369,509,8,190,274,191,148,67,0,63,103,91,75,37,8,127,171,100,73,30
2017,4,A,골목상권,2110027,혜화역 1번,299,154,145,3,82,96,76,28,14,0,37,49,45,14,9,3,45,47,31,14,5
2017,4,A,골목상권,2110026,종로5가역 4번,222,136,86,0,29,49,63,50,31,0,10,30,36,34,26,0,19,19,27,16,5
2017,4,A,골목상권,2110025,충신시장옆,540,347,193,1,100,156,151,92,40,0,59,107,99,51,31,1,41,49,52,41,9
2017,4,A,골목상권,2110024,혜회동주민센터,520,368,152,4,45,83,121,168,99,0,12,39,87,147,83,4,33,44,34,21,16
2017,4,A,골목상권,2110023,서울대병원,287,113,174,6,51,76,63,60,31,3,11,36,29,17,17,3,40,40,34,43,14
2017,4,A,골목상권,2110022,경신고등학교,274,129,145,0,54,71,75,40,34,0,15,31,36,22,25,0,39,40,39,18,9
2017,4,A,골목상권,2110021,성균관대학교,403,217,186,2,60,76,76,64,125,1,19,42,35,28,92,1,41,34,41,36,33
2017,4,A,골목상권,2110020,서울국제고등학교,761,463,298,1,142,230,184,161,43,1,50,114,146,123,29,0,92,116,38,38,14
2017,4,A,골목상권,2110019,창덕궁,676,402,274,3,117,187,214,107,48,1,36,113,144,71,37,2,81,74,70,36,11
2017,4,A,골목상권,2110018,중앙고등학교,625,279,346,6,143,180,142,106,48,3,38,78,72,61,27,3,105,102,70,45,21
2017,4,A,골목상권,2110017,정독도서관,416,148,268,1,134,159,63,39,20,0,22,63,31,19,13,1,112,96,32,20,7
2017,4,A,골목상권,2110016,평창동동측,564,227,337,0,115,149,133,95,72,0,28,65,64,35,35,0,87,84,69,60,37
2017,4,A,골목상권,2110015,청와대사랑채,102,46,56,0,27,42,23,5,5,0,7,22,11,2,4,0,20,20,12,3,1
2017,4,A,골목상권,2110014,경복고등학교,169,57,112,1,41,37,31,35,24,0,6,15,13,12,11,1,35,22,18,23,13
2017,4,A,골목상권,2110013,체부동홍종문가옥,75,52,23,0,10,19,18,17,11,0,1,15,13,13,10,0,9,4,5,4,1
2017,4,A,골목상권,2110012,성곡미술관,2113,797,1316,4,343,552,750,380,84,2,114,290,252,91,48,2,229,262,498,289,36
2017,4,A,골목상권,2110011,청운초등학교,84,46,38,0,7,28,26,9,14,0,2,14,14,5,11,0,5,14,12,4,3
2017,4,A,골목상권,2110010,평창동서측,626,252,374,1,125,134,107,138,121,1,34,57,48,56,56,0,91,77,59,82,65
2017,4,A,골목상권,2110009,자하문터널,217,98,119,1,37,47,53,49,30,0,15,16,24,26,17,1,22,31,29,23,13
2017,4,A,골목상권,2110008,배화여자대학교(박노수미술관),768,462,306,0,125,200,193,131,119,0,60,108,110,86,98,0,65,92,83,45,21
2017,4,A,골목상권,2110007,사직공원(한국사회과학도서관),139,65,74,1,16,39,41,30,12,1,6,17,18,13,10,0,10,22,23,17,2
2017,4,A,골목상권,2110006,부암동주민센터,32,12,20,0,7,15,3,4,3,0,2,7,1,0,2,0,5,8,2,4,1
2017,4,A,골목상권,2110005,세검정,459,170,289,1,83,132,109,64,70,0,21,37,53,28,31,1,62,95,56,36,39
2017,4,A,골목상권,2110004,대신고등학교,45,16,29,0,3,5,10,22,5,0,1,1,3,9,2,0,2,4,7,13,3
2017,4,A,골목상권,2110003,세검정초등학교,154,85,69,1,6,30,54,41,22,0,4,17,31,23,10,1,2,13,23,18,12
2017,4,A,골목상권,2110002,독립문역 1번,590,154,436,1,137,156,155,94,47,0,19,38,44,30,23,1,118,118,111,64,24
2017,4,A,골목상권,2110001,이북5도청사,278,163,115,0,14,66,90,72,36,0,6,39,58,39,21,0,8,27,32,33,15
2017,3,U,관광특구,1001496,강남 마이스 관광특구,22805,13383,9422,64,5967,7467,6154,2535,618,16,2044,4182,4670,2050,421,48,3923,3285,1484,485,197
2017,3,U,관광특구,1001495,잠실 관광특구,24374,13089,11285,222,4957,5666,5341,5308,2880,87,2309,3344,2927,2783,1639,135,2648,2322,2414,2525,1241
2017,3,U,관광특구,1001494,종로?청계 관광특구,45449,25735,19714,97,6658,13170,13323,9231,2970,30,2698,7125,7830,6127,1925,67,3960,6045,5493,3104,1045
2017,3,U,관광특구,1001493,동대문패션타운 관광특구,18159,9529,8630,48,3793,6176,4090,2664,1388,23,1694,3168,2362,1460,822,25,2099,3008,1728,1204,566
2017,3,U,관광특구,1001492,명동 남대문 북창동 다동 무교동 관광특구,182791,92176,90615,751,39998,60704,49100,25944,6294,257,12978,26515,29074,19029,4323,494,27020,34189,20026,6915,1971
2017,3,U,관광특구,1001491,이태원 관광특구,7717,4352,3365,31,1619,2719,1628,1098,622,19,743,1522,1000,722,346,12,876,1197,628,376,276
2017,3,R,전통시장,2130326,고덕 골목형상점가,151,102,49,0,7,20,43,46,35,0,2,12,23,36,29,0,5,8,20,10,6
2017,3,R,전통시장,2130325,명일전통시장,362,181,181,0,15,24,32,69,222,0,9,17,16,27,112,0,6,7,16,42,110
2017,3,R,전통시장,2130324,길동복조리시장,145,63,82,0,17,33,44,36,15,0,5,16,20,14,8,0,12,17,24,22,7
2017,3,R,전통시장,2130323,둔촌역전통시장,451,239,212,0,10,48,78,101,214,0,6,27,50,47,109,0,4,21,28,54,105
2017,3,R,전통시장,2130322,고분다리전통시장,82,37,45,0,8,15,38,18,3,0,3,9,17,6,2,0,5,6,21,12,1
2017,3,R,전통시장,2130321,장신구 특화거리 상점가,616,361,255,0,80,152,166,154,64,0,39,94,88,96,44,0,41,58,78,58,20
2017,3,R,전통시장,2130320,암사종합시장,457,204,253,0,25,73,129,126,104,0,10,48,48,38,60,0,15,25,81,88,44
2017,3,R,전통시장,2130319,성내전통시장,57,29,28,0,5,15,21,12,4,0,3,12,10,3,1,0,2,3,11,9,3
2017,3,R,전통시장,2130318,로데오거리상점가,903,383,520,4,194,203,183,174,145,3,85,112,73,53,57,1,109,91,110,121,88
2017,3,R,전통시장,2130317,마천중앙시장,110,49,61,0,8,18,37,27,20,0,3,7,14,15,10,0,5,11,23,12,10
2017,3,R,전통시장,2130316,마천시장,43,26,17,0,2,12,12,14,3,0,1,11,6,5,3,0,1,1,6,9,0
2017,3,R,전통시장,2130315,문정동 로데오거리 상점가(문정동 로데오거리),1619,912,707,5,300,362,374,298,280,3,138,216,212,152,191,2,162,146,162,146,89
2017,3,R,전통시장,2130314,풍납시장,359,138,221,4,24,73,105,102,51,0,8,36,37,29,28,4,16,37,68,73,23
2017,3,R,전통시장,2130313,방이시장,1773,1075,698,6,235,457,480,393,202,5,129,315,286,186,154,1,106,142,194,207,48
2017,3,R,전통시장,2130312,석촌시장,1238,589,649,3,234,258,202,199,342,0,56,120,126,108,179,3,178,138,76,91,163
2017,3,R,전통시장,2130311,새마을시장,685,349,336,0,83,142,196,170,94,0,42,75,109,70,53,0,41,67,87,100,41
2017,3,R,전통시장,2130310,강남개포시장,558,257,301,1,80,96,141,154,86,0,23,48,70,70,46,1,57,48,71,84,40
2017,3,R,전통시장,2130308,청담삼익시장,133,48,85,0,10,25,28,31,39,0,4,11,11,9,13,0,6,14,17,22,26
2017,3,R,전통시장,2130307,도곡시장,127,63,64,3,10,34,35,35,10,0,4,15,15,21,8,3,6,19,20,14,2
2017,3,R,전통시장,2130306,강남언주로,438,224,214,0,60,121,106,88,63,0,23,60,68,40,33,0,37,61,38,48,30
2017,3,R,전통시장,2130305,논현종합시장,154,98,56,0,38,60,32,19,5,0,17,45,21,11,4,0,21,15,11,8,1
2017,3,R,전통시장,2130304,신사상가,86,45,41,1,9,22,21,22,11,1,3,12,12,12,5,0,6,10,9,10,6
2017,3,R,전통시장,2130303,영동전통시장,518,300,218,1,69,157,133,107,51,0,38,106,75,50,31,1,31,51,58,57,20
2017,3,R,전통시장,2130302,강남시장(강남구 강남시장),56,22,34,0,2,12,13,20,9,0,0,6,6,8,2,0,2,6,7,12,7
2017,3,R,전통시장,2130301,양재시장,109,54,55,0,7,20,36,24,22,0,4,10,17,12,11,0,3,10,19,12,11
2017,3,R,전통시장,2130299,엔터식스 강남점,1782,1081,701,22,293,381,408,385,293,12,127,228,281,240,193,10,166,153,127,145,100
2017,3,R,전통시장,2130298,강남터미널지하도상점가2구역,823,267,556,1,88,137,186,185,226,1,40,59,64,54,49,0,48,78,122,131,177
2017,3,R,전통시장,2130296,남부종합시장,29,18,11,0,5,5,3,9,7,0,4,4,0,5,5,0,1,1,3,4,2
2017,3,R,전통시장,2130295,인헌시장(원당종합시장),285,122,163,0,47,58,82,64,34,0,9,30,38,26,19,0,38,28,44,38,15
2017,3,R,전통시장,2130294,관악중부시장,297,103,194,0,35,50,62,82,68,0,14,22,28,22,17,0,21,28,34,60,51
2017,3,R,전통시장,2130293,봉천중앙시장,145,56,89,0,11,19,43,32,40,0,0,9,22,8,17,0,11,10,21,24,23
2017,3,R,전통시장,2130292,봉천현대시장,65,35,30,0,11,11,18,19,6,0,9,5,10,9,2,0,2,6,8,10,4
2017,3,R,전통시장,2130291,봉천제일종합시장,3,3,0,0,0,1,1,0,1,0,0,1,1,0,1,0,0,0,0,0,0
2017,3,R,전통시장,2130290,영림시장,531,251,280,3,68,113,169,104,74,0,22,62,83,44,40,3,46,51,86,60,34
2017,3,R,전통시장,2130289,봉일시장,89,43,46,0,4,11,22,35,17,0,3,6,9,12,13,0,1,5,13,23,4
2017,3,R,전통시장,2130288,신림현대종합상가,40,24,16,0,1,6,12,8,13,0,0,3,8,5,8,0,1,3,4,3,5
2017,3,R,전통시장,2130287,삼성동 시장(삼성동시장),12,7,5,0,0,0,2,7,3,0,0,0,2,3,2,0,0,0,0,4,1
2017,3,R,전통시장,2130286,신신림시장(삼성동시장),36,19,17,0,4,13,8,8,3,0,4,9,2,4,0,0,0,4,6,4,3
2017,3,R,전통시장,2130285,서원동상점가,2032,992,1040,12,354,374,355,417,520,3,167,201,162,193,266,9,187,173,193,224,254
2017,3,R,전통시장,2130284,관악종합시장(신원시장),22,9,13,0,0,1,10,6,5,0,0,1,2,3,3,0,0,0,8,3,2
2017,3,R,전통시장,2130283,신원시장,121,25,96,0,10,12,24,39,36,0,1,4,6,8,6,0,9,8,18,31,30
2017,3,R,전통시장,2130282,난곡 골목형상점가,35,13,22,0,5,12,11,6,1,0,2,5,3,2,1,0,3,7,8,4,0
2017,3,R,전통시장,2130281,우림시장,60,32,28,0,6,8,21,22,3,0,3,4,12,12,1,0,3,4,9,10,2
2017,3,R,전통시장,2130280,신림종합시장,37,26,11,0,2,7,13,8,7,0,2,6,9,2,7,0,0,1,4,6,0
2017,3,R,전통시장,2130279,관악신사시장,271,199,72,0,29,40,45,87,70,0,14,30,30,66,59,0,15,10,15,21,11
2017,3,R,전통시장,2130278,미성동 도깨비시장 골목형상점가,116,38,78,1,18,34,26,26,11,0,4,9,12,9,4,1,14,25,14,17,7
2017,3,R,전통시장,2130277,조원동 펭귄시장(신림중앙시장),71,32,39,0,5,13,24,24,5,0,3,9,11,6,3,0,2,4,13,18,2
2017,3,R,전통시장,2130276,신림중앙시장(조원동 펭귄시장),70,41,29,0,3,7,23,13,24,0,1,3,15,7,15,0,2,4,8,6,9
2017,3,R,전통시장,2130275,강남골목시장,134,55,79,0,9,26,37,46,16,0,5,14,16,12,8,0,4,12,21,34,8
2017,3,R,전통시장,2130274,사당1동먹자골목상점가(사당1동먹자골목),476,257,219,5,69,118,121,105,58,2,27,73,72,50,33,3,42,45,49,55,25
2017,3,R,전통시장,2130273,남성사계시장(남성시장),410,179,231,2,74,87,109,79,59,0,22,44,46,35,32,2,52,43,63,44,27
2017,3,R,전통시장,2130272,사당시장,187,56,131,0,39,39,36,37,36,0,7,9,21,7,12,0,32,30,15,30,24
2017,3,R,전통시장,2130271,남성역골목시장,246,101,145,0,49,67,72,34,24,0,13,30,27,17,14,0,36,37,45,17,10
2017,3,R,전통시장,2130270,흑석시장,6,2,4,0,0,0,2,4,0,0,0,0,0,2,0,0,0,0,2,2,0
2017,3,R,전통시장,2130269,강남시장(동작구 강남시장),14,8,6,0,0,4,3,3,4,0,0,2,2,2,2,0,0,2,1,1,2
2017,3,R,전통시장,2130268,상도전통시장,302,167,135,0,41,51,99,60,51,0,14,19,68,36,30,0,27,32,31,24,21
2017,3,R,전통시장,2130267,본동인정시장(기능상실),50,25,25,1,6,9,10,15,9,0,2,5,6,7,5,1,4,4,4,8,4
2017,3,R,전통시장,2130266,만양로상점가,122,55,67,0,12,21,25,40,24,0,7,12,15,15,6,0,5,9,10,25,18
2017,3,R,전통시장,2130265,노량진중앙시장,128,66,62,0,17,35,32,30,14,0,9,23,19,13,2,0,8,12,13,17,12
2017,3,R,전통시장,2130264,상도약수골목형상점가,109,49,60,0,15,25,32,30,7,0,3,15,13,12,6,0,12,10,19,18,1
2017,3,R,전통시장,2130263,신노량진시장(기능상실),14,6,8,0,0,5,3,4,2,0,0,2,1,2,1,0,0,3,2,2,1
2017,3,R,전통시장,2130262,상도도깨비 골목형상점가,43,15,28,0,10,6,12,9,6,0,4,4,2,2,3,0,6,2,10,7,3
2017,3,R,전통시장,2130261,성대전통시장(성대시장),382,161,221,3,58,93,92,87,49,1,17,44,42,33,24,2,41,49,50,54,25
2017,3,R,전통시장,2130260,신대방1동골목상권,99,31,68,0,20,22,22,25,10,0,2,3,9,12,5,0,18,19,13,13,5
2017,3,R,전통시장,2130259,대신시장,47,28,19,0,3,10,18,12,4,0,2,7,12,4,3,0,1,3,6,8,1
2017,3,R,전통시장,2130258,영진시장A동,8,5,3,0,0,2,3,1,2,0,0,1,2,0,2,0,0,1,1,1,0
2017,3,R,전통시장,2130257,영등포시장기계공구상가,376,282,94,0,23,64,92,107,90,0,16,48,63,83,72,0,7,16,29,24,18
2017,3,R,전통시장,2130256,신동시장,34,16,18,0,3,3,11,13,4,0,1,1,4,6,4,0,2,2,7,7,0
2017,3,R,전통시장,2130255,영등포전통시장,143,92,51,0,5,25,26,50,37,0,5,20,15,29,23,0,0,5,11,21,14
2017,3,R,전통시장,2130254,남서울상가,5,3,2,0,0,0,1,2,2,0,0,0,1,0,2,0,0,0,0,2,0
2017,3,R,전통시장,2130253,영신상가(제일상가),57,36,21,0,5,12,6,19,15,0,3,9,3,9,12,0,2,3,3,10,3
2017,3,R,전통시장,2130252,영등포로타리지하도상점가,32,12,20,0,8,5,6,6,7,0,2,3,2,2,3,0,6,2,4,4,4
2017,3,R,전통시장,2130251,영등포시장지하도상점가,3,0,3,0,0,1,0,0,2,0,0,0,0,0,0,0,0,1,0,0,2
2017,3,R,전통시장,2130250,삼구시장(로타리상가),12,5,7,0,1,2,2,2,5,0,0,1,0,0,4,0,1,1,2,2,1
2017,3,R,전통시장,2130249,동남상가,11,8,3,0,0,0,0,5,6,0,0,0,0,4,4,0,0,0,0,1,2
2017,3,R,전통시장,2130248,영등포역지하도상점가,338,134,204,23,134,64,51,43,23,9,50,31,22,14,8,14,84,33,29,29,15
2017,3,R,전통시장,2130247,우리시장,32,21,11,0,2,1,6,17,6,0,2,1,2,12,4,0,0,0,4,5,2
2017,3,R,전통시장,2130246,영등포청과시장(조광시장),642,365,277,9,77,142,180,150,84,4,38,85,108,78,52,5,39,57,72,72,32
2017,3,R,전통시장,2130245,영일시장,390,295,95,0,41,101,118,84,46,0,24,72,92,70,37,0,17,29,26,14,9
2017,3,R,전통시장,2130244,대림중앙시장,59,35,24,0,2,18,15,12,12,0,1,13,8,7,6,0,1,5,7,5,6
2017,3,R,전통시장,2130243,도림시장,24,18,6,0,1,4,7,6,6,0,1,4,5,3,5,0,0,0,2,3,1
2017,3,R,전통시장,2130242,대림중앙 골목형상점가,73,35,38,0,8,18,25,14,8,0,2,13,12,5,3,0,6,5,13,9,5
2017,3,R,전통시장,2130241,선유도역 골목형상점가,4848,3601,1247,3,900,2015,1301,479,150,1,458,1626,1076,330,110,2,442,389,225,149,40
2017,3,R,전통시장,2130240,영등포유통상가,1530,949,581,2,230,418,385,303,192,0,101,258,234,206,150,2,129,160,151,97,42
2017,3,R,전통시장,2130238,은행나무시장,105,45,60,0,9,18,28,27,23,0,3,7,13,9,13,0,6,11,15,18,10
2017,3,R,전통시장,2130237,박미시장(기능상실),15,10,5,0,0,1,5,9,0,0,0,0,3,7,0,0,0,1,2,2,0
2017,3,R,전통시장,2130236,비단길현대시장(현대시장),236,74,162,0,31,54,66,62,23,0,6,18,16,21,13,0,25,36,50,41,10
2017,3,R,전통시장,2130235,대명여울빛거리시장(대명시장),655,244,411,2,132,124,151,150,96,1,33,56,65,44,45,1,99,68,86,106,51
2017,3,R,전통시장,2130233,남문시장,84,33,51,0,7,7,28,30,12,0,0,0,16,10,7,0,7,7,12,20,5
2017,3,R,전통시장,2130232,독산동 맛나는거리상점가(독산동 맛나는거리),64,37,27,0,4,12,24,14,10,0,4,6,16,6,5,0,0,6,8,8,5
2017,3,R,전통시장,2130231,독산동 우시장,978,756,222,4,82,157,227,260,248,4,56,125,170,196,205,0,26,32,57,64,43
2017,3,R,전통시장,2130230,가리봉시장,21,13,8,0,0,6,3,8,4,0,0,4,3,3,3,0,0,2,0,5,1
2017,3,R,전통시장,2130229,남구로시장,454,228,226,0,44,103,136,110,61,0,22,53,62,45,46,0,22,50,74,65,15
2017,3,R,전통시장,2130228,구로시장,17,6,11,0,0,2,3,6,6,0,0,2,1,3,0,0,0,0,2,3,6
2017,3,R,전통시장,2130227,고척골목시장상점가(그라운드 고척),233,123,110,0,26,60,68,41,38,0,6,38,41,23,15,0,20,22,27,18,23
2017,3,R,전통시장,2130226,고척프라자,15,6,9,0,4,4,2,2,3,0,0,2,1,1,2,0,4,2,1,1,1
2017,3,R,전통시장,2130225,개봉중앙시장,280,93,187,0,42,48,78,64,48,0,7,17,26,21,22,0,35,31,52,43,26
2017,3,R,전통시장,2130224,개봉프라자(고척근린시장),34,20,14,0,1,3,13,8,9,0,0,2,4,6,8,0,1,1,9,2,1
2017,3,R,전통시장,2130223,고척근린시장,115,39,76,0,13,22,45,22,13,0,2,6,15,10,6,0,11,16,30,12,7
2017,3,R,전통시장,2130222,오류시장,118,35,83,0,23,22,37,21,15,0,5,3,13,5,9,0,18,19,24,16,6
2017,3,R,전통시장,2130221,"남부골목시장(남부화곡시장, 남부시장)",328,125,203,1,31,59,100,91,46,1,5,20,39,36,24,0,26,39,61,55,22
2017,3,R,전통시장,2130220,등마루시장,15,8,7,0,0,1,5,7,2,0,0,1,2,4,1,0,0,0,3,3,1
2017,3,R,전통시장,2130219,까치산시장,338,105,233,2,65,57,93,79,42,2,13,23,29,19,19,0,52,34,64,60,23
2017,3,R,전통시장,2130218,신월중앙시장,209,96,113,0,44,60,51,37,17,0,17,27,24,19,9,0,27,33,27,18,8
2017,3,R,전통시장,2130217,화곡본동시장,144,59,85,0,16,20,35,41,32,0,7,15,16,12,9,0,9,5,19,29,23
2017,3,R,전통시장,2130216,화곡중앙시장,99,31,68,0,15,14,22,32,16,0,3,2,8,10,8,0,12,12,14,22,8
2017,3,R,전통시장,2130215,대원종합시장,26,18,8,0,0,4,5,8,9,0,0,4,2,4,8,0,0,0,3,4,1
2017,3,R,전통시장,2130214,송화벽화시장(송화골목시장),289,113,176,4,59,74,68,53,31,2,9,31,28,20,23,2,50,43,40,33,8
2017,3,R,전통시장,2130213,방신전통시장,401,207,194,0,31,60,95,120,95,0,19,43,47,49,49,0,12,17,48,71,46
2017,3,R,전통시장,2130212,공항시장,40,24,16,0,3,5,14,8,10,0,1,4,7,6,6,0,2,1,7,2,4
2017,3,R,전통시장,2130211,신정2동 골목시장(오목교중앙시장),29,14,15,0,1,6,1,7,14,0,1,3,0,4,6,0,0,3,1,3,8
2017,3,R,전통시장,2130210,목2동시장,254,93,161,0,30,64,73,62,25,0,6,23,32,21,11,0,24,41,41,41,14
2017,3,R,전통시장,2130209,목사랑시장(목4동시장),126,35,91,0,14,17,46,33,16,0,3,2,9,13,8,0,11,15,37,20,8
2017,3,R,전통시장,2130208,목동깨비시장(목3동시장),611,297,314,3,68,158,185,138,59,1,13,94,98,57,34,2,55,64,87,81,25
2017,3,R,전통시장,2130207,신정1동 골목시장(신정제일시장),71,25,46,0,6,8,22,22,13,0,3,4,6,7,5,0,3,4,16,15,8
2017,3,R,전통시장,2130206,신정3동 골목시장,36,13,23,0,2,8,14,5,7,0,1,0,5,2,5,0,1,8,9,3,2
2017,3,R,전통시장,2130205,신곡종합시장(신월6동 골목시장),292,137,155,0,54,67,76,58,37,0,23,37,36,19,22,0,31,30,40,39,15
2017,3,R,전통시장,2130204,경창시장,212,84,128,0,18,34,54,54,52,0,6,18,27,18,15,0,12,16,27,36,37
2017,3,R,전통시장,2130203,서서울 골목형상점가,87,32,55,0,4,23,22,23,15,0,0,10,11,8,3,0,4,13,11,15,12
2017,3,R,전통시장,2130202,신영시장,155,56,99,0,12,31,38,45,29,0,3,13,13,13,14,0,9,18,25,32,15
2017,3,R,전통시장,2130201,월정로시장,34,19,15,0,3,6,14,9,2,0,1,4,10,3,1,0,2,2,4,6,1
2017,3,R,전통시장,2130200,"신월7동 골목시장(약수시장, 우성상가)",129,49,80,0,12,21,43,33,20,0,2,6,15,15,11,0,10,15,28,18,9
2017,3,R,전통시장,2130199,신월3동 골목시장,24,6,18,0,5,5,6,5,3,0,0,2,3,1,0,0,5,3,3,4,3
2017,3,R,전통시장,2130198,아현시장,281,65,216,1,82,109,62,18,9,0,5,17,29,10,4,1,77,92,33,8,5
2017,3,R,전통시장,2130197,마포시장,79,31,48,0,6,9,19,28,17,0,2,5,7,10,7,0,4,4,12,18,10
2017,3,R,전통시장,2130196,공덕시장,1630,618,1012,9,561,353,400,218,89,1,192,155,124,76,70,8,369,198,276,142,19
2017,3,R,전통시장,2130195,도화동 상점가,2654,1506,1148,6,387,762,629,531,339,2,139,477,413,287,188,4,248,285,216,244,151
2017,3,R,전통시장,2130194,용강동 상점가,1195,751,444,3,139,280,332,267,174,2,67,190,216,151,125,1,72,90,116,116,49
2017,3,R,전통시장,2130193,신수시장,40,18,22,0,3,12,13,6,6,0,2,3,4,5,4,0,1,9,9,1,2
2017,3,R,전통시장,2130192,동진시장,59,26,33,0,7,17,14,10,11,0,3,10,3,3,7,0,4,7,11,7,4
2017,3,R,전통시장,2130191,홍대 걷고싶은 거리,831,456,375,15,258,205,172,116,65,10,125,135,96,58,32,5,133,70,76,58,33
2017,3,R,전통시장,2130190,홍대소상공인상점가,498,275,223,7,208,113,88,51,31,4,110,72,56,21,12,3,98,41,32,30,19
2017,3,R,전통시장,2130189,서교시장,232,120,112,9,59,59,31,32,42,5,19,32,22,12,30,4,40,27,9,20,12
2017,3,R,전통시장,2130188,합정시장,24,12,12,0,0,3,12,5,4,0,0,2,5,3,2,0,0,1,7,2,2
2017,3,R,전통시장,2130187,영진시장,38,20,18,0,5,9,9,9,6,0,3,4,6,3,4,0,2,5,3,6,2
2017,3,R,전통시장,2130186,망원시장,221,87,134,0,33,48,61,58,21,0,12,21,17,26,11,0,21,27,44,32,10
2017,3,R,전통시장,2130185,망원월드컵시장,270,146,124,0,56,84,70,45,15,0,26,51,40,19,10,0,30,33,30,26,5
2017,3,R,전통시장,2130184,마포농수산물시장,623,393,230,0,23,60,139,216,185,0,14,40,96,118,125,0,9,20,43,98,60
2017,3,R,전통시장,2130183,상암동상점가,1349,897,452,5,220,446,422,186,70,4,105,303,331,118,36,1,115,143,91,68,34
2017,3,R,전통시장,2130182,영천시장,246,114,132,0,32,48,71,53,42,0,10,19,35,28,22,0,22,29,36,25,20
2017,3,R,전통시장,2130181,아현가구거리상점가,136,76,60,1,9,23,49,29,25,1,2,10,30,15,18,0,7,13,19,14,7
2017,3,R,전통시장,2130180,포방터시장,54,25,29,0,10,10,13,11,10,0,1,4,8,5,7,0,9,6,5,6,3
2017,3,R,전통시장,2130179,"이화여대 3,5,7길 상점가",652,278,374,5,188,138,129,115,77,2,57,63,70,51,35,3,131,75,59,64,42
2017,3,R,전통시장,2130178,이대 앞 스타트업 상점가,112,43,69,1,22,34,27,19,9,0,8,12,13,6,4,1,14,22,14,13,5
2017,3,R,전통시장,2130177,인왕시장(홍제골목형상점가),121,43,78,0,4,17,20,29,51,0,2,7,7,12,15,0,2,10,13,17,36
2017,3,R,전통시장,2130176,유진상가,229,143,86,2,45,56,63,46,17,0,23,35,43,28,14,2,22,21,20,18,3
2017,3,R,전통시장,2130175,신촌 상인회(신촌상점가),363,136,227,2,137,145,54,11,14,1,32,62,29,7,5,1,105,83,25,4,9
2017,3,R,전통시장,2130174,연희사러가,11,7,4,0,1,2,1,5,2,0,0,0,1,4,2,0,1,2,0,1,0
2017,3,R,전통시장,2130173,백련시장,10,5,5,0,0,1,3,4,2,0,0,1,1,1,2,0,0,0,2,3,0
2017,3,R,전통시장,2130172,모래내시장(서중시장),136,39,97,0,26,21,30,38,21,0,4,8,12,7,8,0,22,13,18,31,13
2017,3,R,전통시장,2130171,불광먹자골목 골목형상점가,468,148,320,1,45,96,119,114,93,0,11,33,49,26,29,1,34,63,70,88,64
2017,3,R,전통시장,2130170,제일시장,316,145,171,0,49,54,106,78,29,0,14,24,52,36,19,0,35,30,54,42,10
2017,3,R,전통시장,2130169,대조시장,218,70,148,0,23,45,63,52,35,0,5,18,17,17,13,0,18,27,46,35,22
2017,3,R,전통시장,2130168,연서시장,247,116,131,0,34,39,69,52,53,0,11,13,34,24,34,0,23,26,35,28,19
2017,3,R,전통시장,2130167,연신내상점가(연빛거리),1147,462,685,5,247,260,284,239,112,2,88,113,114,86,59,3,159,147,170,153,53
2017,3,R,전통시장,2130166,응암시장(신응암시장),36,19,17,0,0,3,7,11,15,0,0,0,3,3,13,0,0,3,4,8,2
2017,3,R,전통시장,2130165,"대림골목시장(대림시장, 양지시장)",255,60,195,0,36,51,75,63,30,0,11,14,11,8,16,0,25,37,64,55,14
2017,3,R,전통시장,2130164,역촌중앙시장,26,17,9,0,1,4,4,10,7,0,1,4,1,8,3,0,0,0,3,2,4
2017,3,R,전통시장,2130163,응암오거리상점가,289,122,167,0,38,51,79,82,39,0,17,17,35,35,18,0,21,34,44,47,21
2017,3,R,전통시장,2130162,증산골목시장,36,18,18,0,0,5,8,9,14,0,0,2,3,4,9,0,0,3,5,5,5
2017,3,R,전통시장,2130161,증산종합시장,92,32,60,0,10,10,30,34,8,0,9,6,8,6,3,0,1,4,22,28,5
2017,3,R,전통시장,2130160,수일시장,16,4,12,0,1,4,2,5,4,0,0,0,0,3,1,0,1,4,2,2,3
2017,3,R,전통시장,2130159,공릉동 도깨비시장,527,303,224,0,51,99,114,154,109,0,16,57,53,93,84,0,35,42,61,61,25
2017,3,R,전통시장,2130157,상계중앙시장,229,82,147,1,31,29,57,60,51,0,18,12,19,16,17,1,13,17,38,44,34
2017,3,R,전통시장,2130156,시영2단지 무지개종합상가(중계 무지개2단지아파트상가),25,8,17,0,3,2,8,9,3,0,1,1,0,4,2,0,2,1,8,5,1
2017,3,R,전통시장,2130155,시영B상가(중계 그린아파트 B 상가),90,38,52,0,4,21,27,26,12,0,0,9,9,10,10,0,4,12,18,16,2
2017,3,R,전통시장,2130154,상계주공1단지(가)상가,13,5,8,0,0,2,4,6,1,0,0,1,1,2,1,0,0,1,3,4,0
2017,3,R,전통시장,2130153,창동역상점가,610,301,309,2,61,103,135,159,150,1,27,46,74,66,87,1,34,57,61,93,63
2017,3,R,전통시장,2130152,오!도봉거리 상점가,199,47,152,0,27,39,76,32,25,0,8,11,16,3,9,0,19,28,60,29,16
2017,3,R,전통시장,2130151,신도봉시장,38,15,23,0,0,2,15,13,8,0,0,2,6,5,2,0,0,0,9,8,6
2017,3,R,전통시장,2130150,창동골목시장,103,37,66,0,10,25,27,24,17,0,2,8,9,9,9,0,8,17,18,15,8
2017,3,R,전통시장,2130149,창동신창시장,207,101,106,0,19,52,66,46,24,0,7,25,31,21,17,0,12,27,35,25,7
2017,3,R,전통시장,2130148,방학동도깨비시장,186,78,108,0,27,43,53,40,23,0,19,17,20,11,11,0,8,26,33,29,12
2017,3,R,전통시장,2130147,쌍문역동측상점가,308,108,200,0,37,64,76,89,42,0,10,17,35,27,19,0,27,47,41,62,23
2017,3,R,전통시장,2130146,쌍문시장(쌍문역골목시장),501,225,276,0,68,108,127,126,72,0,21,47,57,60,40,0,47,61,70,66,32
2017,3,R,전통시장,2130145,쌍문역둘리상점가,168,132,36,2,29,45,49,31,12,2,19,38,37,25,11,0,10,7,12,6,1
2017,3,R,전통시장,2130144,백운시장,64,30,34,0,6,8,27,14,9,0,3,1,12,6,8,0,3,7,15,8,1
2017,3,R,전통시장,2130143,방천골목시장,49,26,23,0,4,9,15,11,10,0,3,2,10,6,5,0,1,7,5,5,5
2017,3,R,전통시장,2130142,강북북부시장,16,5,11,0,0,2,6,4,4,0,0,0,1,2,2,0,0,2,5,2,2
2017,3,R,전통시장,2130141,강북북부골목시장,70,34,36,0,10,20,23,10,7,0,1,12,13,4,4,0,9,8,10,6,3
2017,3,R,전통시장,2130140,숭인시장,236,95,141,0,46,50,49,46,45,0,3,18,21,19,34,0,43,32,28,27,11
2017,3,R,전통시장,2130139,강북종합전통시장(강북종합골목시장),273,139,134,0,40,58,78,68,29,0,26,36,35,28,14,0,14,22,43,40,15
2017,3,R,전통시장,2130138,수유프라자,125,40,85,0,4,12,13,49,47,0,2,1,5,17,15,0,2,11,8,32,32
2017,3,R,전통시장,2130137,"수유전통시장(수유시장, 수유골목시장)",204,101,103,2,14,26,51,56,55,0,2,15,24,24,36,2,12,11,27,32,19
2017,3,R,전통시장,2130136,수유재래시장,36,13,23,0,4,10,9,10,3,0,0,2,5,3,3,0,4,8,4,7,0
2017,3,R,전통시장,2130135,수유중앙골목시장(수유중앙시장),93,51,42,1,4,19,23,25,21,0,3,9,13,14,12,1,1,10,10,11,9
2017,3,R,전통시장,2130134,"솔샘시장(미아6,7동골목시장)",174,64,110,1,18,33,57,43,22,1,3,19,25,9,7,0,15,14,32,34,15
2017,3,R,전통시장,2130133,우이골목시장(우이시장),117,49,68,0,9,27,38,32,11,0,5,13,14,12,5,0,4,14,24,20,6
2017,3,R,전통시장,2130132,삼양골목시장(삼양시장),197,57,140,0,31,26,43,58,39,0,5,12,13,13,14,0,26,14,30,45,25
2017,3,R,전통시장,2130131,동북프라자,142,54,88,0,14,30,43,41,14,0,2,10,18,17,7,0,12,20,25,24,7
2017,3,R,전통시장,2130130,수유북부골목시장,22,15,7,0,0,4,8,4,6,0,0,4,4,2,5,0,0,0,4,2,1
2017,3,R,전통시장,2130129,장미원골목시장,92,43,49,0,9,17,21,28,17,0,3,9,7,16,8,0,6,8,14,12,9
2017,3,R,전통시장,2130128,돌곶이시장(석관황금시장),27,18,9,0,4,7,13,3,0,0,4,5,8,1,0,0,0,2,5,2,0
2017,3,R,전통시장,2130127,석관시장,29,15,14,0,1,8,6,10,4,0,1,4,4,3,3,0,0,4,2,7,1
2017,3,R,전통시장,2130126,새석관시장,24,14,10,0,0,4,6,9,5,0,0,4,4,3,3,0,0,0,2,6,2
2017,3,R,전통시장,2130125,장위전통시장,119,60,59,0,8,11,35,34,31,0,4,7,21,14,14,0,4,4,14,20,17
2017,3,R,전통시장,2130124,번동시장,25,14,11,0,3,6,10,6,0,0,1,4,4,5,0,0,2,2,6,1,0
2017,3,R,전통시장,2130123,꿈의숲 장곡 골목형상점가,20,12,8,0,0,5,5,7,3,0,0,2,4,5,1,0,0,3,1,2,2
2017,3,R,전통시장,2130122,밤나무골시장,24,5,19,0,4,6,4,8,2,0,0,3,0,2,0,0,4,3,4,6,2
2017,3,R,전통시장,2130121,길음시장,145,47,98,1,39,37,37,12,19,0,2,13,18,2,12,1,37,24,19,10,7
2017,3,R,전통시장,2130120,돈암시장(돈암제일시장),226,86,140,2,37,44,68,43,32,0,7,17,26,23,13,2,30,27,42,20,19
2017,3,R,전통시장,2130119,정릉아리랑시장,48,18,30,0,2,8,17,15,6,0,0,2,5,6,5,0,2,6,12,9,1
2017,3,R,전통시장,2130118,정릉골 골목형상점가,134,78,56,0,21,29,29,32,23,0,11,14,16,20,17,0,10,15,13,12,6
2017,3,R,전통시장,2130117,정릉시장,242,113,129,0,27,34,84,68,29,0,10,21,38,31,13,0,17,13,46,37,16
2017,3,R,전통시장,2130116,동성타워프라자,59,44,15,0,10,9,16,17,7,0,7,8,11,12,6,0,3,1,5,5,1
2017,3,R,전통시장,2130115,우림골목시장,435,178,257,1,78,78,112,107,59,0,23,26,59,46,24,1,55,52,53,61,35
2017,3,R,전통시장,2130114,유영시장,59,17,42,0,13,16,13,11,6,0,2,2,5,4,4,0,11,14,8,7,2
2017,3,R,전통시장,2130113,신아타운,229,70,159,0,42,50,54,54,29,0,6,15,23,13,13,0,36,35,31,41,16
2017,3,R,전통시장,2130112,사가정시장,233,93,140,0,41,54,64,48,26,0,10,19,24,22,18,0,31,35,40,26,8
2017,3,R,전통시장,2130111,"동원전통종합시장(동원시장, 동원전통시장 상점가)",476,217,259,0,64,77,144,129,62,0,10,42,75,54,36,0,54,35,69,75,26
2017,3,R,전통시장,2130110,면목골목시장(면목시장),229,100,129,0,40,53,52,59,25,0,11,25,16,29,19,0,29,28,36,30,6
2017,3,R,전통시장,2130109,묵1동도깨비시장,65,36,29,2,9,14,11,21,8,0,2,11,8,10,5,2,7,3,3,11,3
2017,3,R,전통시장,2130108,태능엔터피아(태릉시장),81,19,62,0,2,6,29,31,13,0,1,3,8,3,4,0,1,3,21,28,9
2017,3,R,전통시장,2130107,중랑동부시장(중랑교종합상가),28,9,19,0,2,8,6,11,1,0,2,4,1,1,1,0,0,4,5,10,0
2017,3,R,전통시장,2130106,중랑동부시장,271,107,164,1,57,61,50,63,39,0,16,21,13,29,28,1,41,40,37,34,11
2017,3,R,전통시장,2130105,장미제일시장(중화동제일시장),57,15,42,0,9,13,13,18,4,0,0,5,6,3,1,0,9,8,7,15,3
2017,3,R,전통시장,2130104,전곡시장,143,63,80,0,19,19,46,42,17,0,5,12,19,19,8,0,14,7,27,23,9
2017,3,R,전통시장,2130103,이경시장,42,24,18,0,1,6,9,13,13,0,1,5,2,7,9,0,0,1,7,6,4
2017,3,R,전통시장,2130102,이문제일시장,33,13,20,0,3,2,16,10,2,0,0,1,5,6,1,0,3,1,11,4,1
2017,3,R,전통시장,2130101,답십리현대시장,131,100,31,0,12,21,31,36,31,0,9,12,20,30,29,0,3,9,11,6,2
2017,3,R,전통시장,2130100,답십리시장,187,69,118,3,37,34,55,36,22,3,5,14,31,10,6,0,32,20,24,26,16
2017,3,R,전통시장,2130099,전농로터리시장,98,47,51,0,8,20,26,32,12,0,2,8,14,13,10,0,6,12,12,19,2
2017,3,R,전통시장,2130098,회기시장,119,43,76,0,21,37,25,25,11,0,5,15,13,6,4,0,16,22,12,19,7
2017,3,R,전통시장,2130097,답십리 건축자재시장,293,202,91,0,30,87,76,58,42,0,20,67,54,34,27,0,10,20,22,24,15
2017,3,R,전통시장,2130096,동부시장,35,18,17,0,3,5,7,11,9,0,3,1,3,4,7,0,0,4,4,7,2
2017,3,R,전통시장,2130095,청량리전통시장,163,68,95,0,19,28,34,37,45,0,5,9,20,15,19,0,14,19,14,22,26
2017,3,R,전통시장,2130094,청량리청과물시장,170,90,80,1,19,40,30,33,47,0,2,21,15,18,34,1,17,19,15,15,13
2017,3,R,전통시장,2130093,동서시장,26,15,11,0,1,1,12,8,4,0,0,1,8,4,2,0,1,0,4,4,2
2017,3,R,전통시장,2130092,청량리농수산물시장,52,38,14,0,0,10,17,13,12,0,0,9,13,7,9,0,0,1,4,6,3
2017,3,R,전통시장,2130091,청량종합도매시장,159,123,36,0,8,32,50,42,27,0,7,24,40,30,22,0,1,8,10,12,5
2017,3,R,전통시장,2130090,청량리종합시장,98,71,27,0,3,19,26,23,27,0,2,12,20,14,23,0,1,7,6,9,4
2017,3,R,전통시장,2130089,청량리수산시장,106,74,32,1,2,15,37,23,28,1,2,14,25,13,19,0,0,1,12,10,9
2017,3,R,전통시장,2130088,경동시장,230,158,72,0,21,35,49,72,53,0,10,26,38,48,36,0,11,9,11,24,17
2017,3,R,전통시장,2130087,경동광성상가(경동시장),139,85,54,0,11,21,36,39,32,0,7,16,23,22,17,0,4,5,13,17,15
2017,3,R,전통시장,2130086,서울약령시장,1755,1080,675,3,156,302,470,484,340,1,78,180,267,308,246,2,78,122,203,176,94
2017,3,R,전통시장,2130085,용두시장,6,4,2,0,0,0,1,2,3,0,0,0,0,1,3,0,0,0,1,1,0
2017,3,R,전통시장,2130084,신성시장(신성골목시장),139,63,76,0,19,16,43,43,18,0,10,7,15,20,11,0,9,9,28,23,7
2017,3,R,전통시장,2130083,"중곡제일시장(중곡제일골목시장, 광성시장)",204,97,107,0,16,36,49,65,38,0,7,18,25,20,27,0,9,18,24,45,11
2017,3,R,전통시장,2130082,면곡골목시장,80,30,50,0,10,8,11,29,22,0,7,4,6,9,4,0,3,4,5,20,18
2017,3,R,전통시장,2130081,자양골목전통시장(자양골목시장),70,44,26,0,7,15,20,18,10,0,5,10,12,11,6,0,2,5,8,7,4
2017,3,R,전통시장,2130080,자양종합시장(기능상실),23,12,11,0,1,2,11,7,2,0,0,1,6,4,1,0,1,1,5,3,1
2017,3,R,전통시장,2130079,한아름시장,125,54,71,0,23,33,32,23,14,0,5,12,16,10,11,0,18,21,16,13,3
2017,3,R,전통시장,2130078,화양제일골목시장,105,56,49,0,28,23,21,23,10,0,13,16,12,8,7,0,15,7,9,15,3
2017,3,R,전통시장,2130077,조양시장,147,91,56,1,28,25,50,24,19,0,16,15,23,19,18,1,12,10,27,5,1
2017,3,R,전통시장,2130076,능동로골목시장,80,46,34,0,8,16,10,15,31,0,2,7,4,7,26,0,6,9,6,8,5
2017,3,R,전통시장,2130075,노룬산시장(노룬산골목시장),83,42,41,0,7,18,20,19,19,0,3,7,9,9,14,0,4,11,11,10,5
2017,3,R,전통시장,2130074,영동교골목시장,24,10,14,0,6,6,5,6,1,0,1,1,5,2,1,0,5,5,0,4,0
2017,3,R,전통시장,2130073,뚝도시장,134,66,68,0,9,25,41,38,21,0,2,11,19,20,14,0,7,14,22,18,7
2017,3,R,전통시장,2130072,성동용답상가시장,949,506,443,2,192,384,187,112,72,0,67,234,102,56,47,2,125,150,85,56,25
2017,3,R,전통시장,2130071,성수역 골목형상점가,598,395,203,2,89,173,139,73,122,1,49,129,107,49,60,1,40,44,32,24,62
2017,3,R,전통시장,2130070,뚝섬역상점가,3573,2356,1217,7,652,1194,940,512,268,4,295,831,660,358,208,3,357,363,280,154,60
2017,3,R,전통시장,2130069,"한양대앞상점가(한양시장, 왕십리맛골목)",195,103,92,1,30,43,50,45,26,1,22,29,19,21,11,0,8,14,31,24,15
2017,3,R,전통시장,2130068,마장축산물시장,3094,2112,982,6,351,865,888,629,355,5,232,637,614,403,221,1,119,228,274,226,134
2017,3,R,전통시장,2130067,왕십리도선동상점가,2152,713,1439,1,711,606,491,216,127,1,191,225,160,81,55,0,520,381,331,135,72
2017,3,R,전통시장,2130066,행당시장상점가,841,404,437,2,175,181,203,185,95,1,51,83,101,103,65,1,124,98,102,82,30
2017,3,R,전통시장,2130065,무학봉상점가,296,101,195,3,40,63,78,63,49,0,8,20,31,25,17,3,32,43,47,38,32
2017,3,R,전통시장,2130064,금남시장,113,43,70,0,12,17,20,35,29,0,1,4,11,17,10,0,11,13,9,18,19
2017,3,R,전통시장,2130063,신금호역 골목형상점가,64,37,27,0,10,16,12,17,9,0,3,9,8,11,6,0,7,7,4,6,3
2017,3,R,전통시장,2130062,보광시장,52,24,28,0,3,10,19,13,7,0,0,3,12,5,4,0,3,7,7,8,3
2017,3,R,전통시장,2130061,이태원시장,245,140,105,1,119,67,24,14,20,0,62,49,10,6,13,1,57,18,14,8,7
2017,3,R,전통시장,2130060,신흥시장,13,4,9,0,2,7,1,2,1,0,0,4,0,0,0,0,2,3,1,2,1
2017,3,R,전통시장,2130059,후암시장,123,44,79,0,13,28,34,32,16,0,4,12,10,9,9,0,9,16,24,23,7
2017,3,R,전통시장,2130058,이촌종합시장,149,82,67,0,24,28,47,33,17,0,18,18,30,9,7,0,6,10,17,24,10
2017,3,R,전통시장,2130057,만리시장,38,30,8,0,1,3,7,15,12,0,0,3,4,12,11,0,1,0,3,3,1
2017,3,R,전통시장,2130056,용산용문시장,293,167,126,0,27,83,101,46,36,0,14,53,62,22,16,0,13,30,39,24,20
2017,3,R,전통시장,2130055,"황학시장(서울중앙시장, 신중앙시장)",328,223,105,1,35,61,93,93,45,0,27,45,66,60,25,1,8,16,27,33,20
2017,3,R,전통시장,2130054,황학동주방가구거리상점가,515,343,172,0,73,121,151,135,35,0,35,75,116,89,28,0,38,46,35,46,7
2017,3,R,전통시장,2130053,백학시장,344,171,173,0,39,92,101,79,33,0,15,49,56,34,17,0,24,43,45,45,16
2017,3,R,전통시장,2130052,서울중앙시장(신중앙시장),1133,770,363,1,191,279,250,253,159,1,129,205,172,150,113,0,62,74,78,103,46
2017,3,R,전통시장,2130051,동화동 골목형상점가,762,418,344,2,121,196,188,181,74,0,53,116,112,89,48,2,68,80,76,92,26
2017,3,R,전통시장,2130050,청평화시장,890,325,565,3,155,334,229,123,46,2,68,117,61,56,21,1,87,217,168,67,25
2017,3,R,전통시장,2130049,신당 미래유산 먹거리 골목형상점가,99,42,57,0,10,18,24,27,20,0,3,12,8,9,10,0,7,6,16,18,10
2017,3,R,전통시장,2130048,동평화시장,162,90,72,2,23,42,27,43,25,2,9,26,13,24,16,0,14,16,14,19,9
2017,3,R,전통시장,2130047,테크노상가(엘리시움),634,358,276,0,132,226,136,81,59,0,76,124,84,45,29,0,56,102,52,36,30
2017,3,R,전통시장,2130046,team204(팀204),104,66,38,0,9,30,21,29,15,0,4,19,11,23,9,0,5,11,10,6,6
2017,3,R,전통시장,2130045,광희패션몰,183,97,86,0,35,50,32,42,24,0,11,28,21,22,15,0,24,22,11,20,9
2017,3,R,전통시장,2130044,에리어식스(벨포스트),67,34,33,1,9,10,24,15,8,0,5,6,13,7,3,1,4,4,11,8,5
2017,3,R,전통시장,2130043,제일평화시장,279,110,169,0,24,77,90,60,28,0,7,34,42,21,6,0,17,43,48,39,22
2017,3,R,전통시장,2130042,약수시장,301,145,156,0,26,64,78,82,51,0,11,29,41,32,32,0,15,35,37,50,19
2017,3,R,전통시장,2130041,신평화패션타운(청계6가 지하도상가),239,139,100,0,21,51,52,81,34,0,10,32,32,48,17,0,11,19,20,33,17
2017,3,R,전통시장,2130040,남평화시장,221,156,65,1,53,77,44,32,14,1,38,59,33,16,9,0,15,18,11,16,5
2017,3,R,전통시장,2130039,청계6가 지하도상가,103,60,43,0,10,19,24,21,29,0,5,10,16,13,16,0,5,9,8,8,13
2017,3,R,전통시장,2130038,"평화시장(통일상가, 동화상가)",2937,1664,1273,16,580,927,724,482,208,5,223,511,471,311,143,11,357,416,253,171,65
2017,3,R,전통시장,2130037,청계5가쇼핑센터(청계5가지하쇼핑센터),4,3,1,0,0,0,0,3,1,0,0,0,0,2,1,0,0,0,0,1,0
2017,3,R,전통시장,2130036,중부시장(신중부시장),1700,1105,595,8,152,382,497,410,251,4,73,269,328,250,181,4,79,113,169,160,70
2017,3,R,전통시장,2130035,방산종합시장(방산시장),2809,1836,973,6,256,596,753,719,479,4,154,395,460,462,361,2,102,201,293,257,118
2017,3,R,전통시장,2130034,필동 골목형상점가,31,17,14,0,6,6,8,7,4,0,3,3,5,4,2,0,3,3,3,3,2
2017,3,R,전통시장,2130033,대림상가(청계상가),466,335,131,2,31,99,144,108,82,1,22,70,95,81,66,1,9,29,49,27,16
2017,3,R,전통시장,2130032,인현시장,538,348,190,0,34,93,166,166,79,0,21,53,109,108,57,0,13,40,57,58,22
2017,3,R,전통시장,2130031,청계천공구상가,956,636,320,1,87,243,255,204,166,0,39,156,186,129,126,1,48,87,69,75,40
2017,3,R,전통시장,2130030,을지로지하보도쇼핑센터(을지입구지하상가),6,3,3,0,0,0,1,3,2,0,0,0,1,1,1,0,0,0,0,2,1
2017,3,R,전통시장,2130029,명동역지하도상가,4,2,2,0,0,0,2,2,0,0,0,0,1,1,0,0,0,0,1,1,0
2017,3,R,전통시장,2130028,을지입구지하상가(을지로지하보도쇼핑센터),18,8,10,0,1,4,3,8,2,0,0,1,2,3,2,0,1,3,1,5,0
2017,3,R,전통시장,2130026,소공지하도상가,13,7,6,0,0,5,1,1,6,0,0,3,0,1,3,0,0,2,1,0,3
2017,3,R,전통시장,2130025,삼익패션타운(남대문시장),1281,999,282,38,276,291,352,251,73,26,209,217,278,212,57,12,67,74,74,39,16
2017,3,R,전통시장,2130024,남대문시장(자유상가),2960,1608,1352,1,262,639,738,721,599,1,106,327,386,395,393,0,156,312,352,326,206
2017,3,R,전통시장,2130023,남대문로 지하상가(남대문지하쇼핑센터),1,0,1,0,0,0,0,1,0,0,0,0,0,0,0,0,0,0,0,1,0
2017,3,R,전통시장,2130022,숭례문수입상가(남대문시장),5765,3251,2514,80,1593,2562,1165,324,41,26,740,1502,715,234,34,54,853,1060,450,90,7
2017,3,R,전통시장,2130021,신설종합시장,151,108,43,0,13,35,45,42,16,0,7,28,35,28,10,0,6,7,10,14,6
2017,3,R,전통시장,2130020,동묘시장(동묘벼룩시장),193,117,76,1,22,37,61,46,26,1,13,19,39,29,16,0,9,18,22,17,10
2017,3,R,전통시장,2130019,동대문상가D동,42,29,13,0,5,15,10,2,10,0,3,9,8,1,8,0,2,6,2,1,2
2017,3,R,전통시장,2130018,동대문문구완구거리(동대문문구완구시장),651,280,371,3,153,182,123,119,71,1,36,83,63,57,40,2,117,99,60,62,31
2017,3,R,전통시장,2130017,동대문상가C동,175,140,35,0,27,77,42,20,9,0,24,66,33,11,6,0,3,11,9,9,3
2017,3,R,전통시장,2130016,동대문상가B동,34,24,10,0,3,7,13,2,9,0,0,5,11,1,7,0,3,2,2,1,2
2017,3,R,전통시장,2130015,창신골목시장,149,76,73,0,6,28,45,52,18,0,3,16,23,24,10,0,3,12,22,28,8
2017,3,R,전통시장,2130014,동문시장,26,22,4,0,0,1,7,5,13,0,0,1,3,5,13,0,0,0,4,0,0
2017,3,R,전통시장,2130013,동대문상가A동,12,5,7,0,5,1,2,4,0,0,2,0,1,2,0,0,3,1,1,2,0
2017,3,R,전통시장,2130012,"동대문종합시장(동대문종합시장 신관, 동대문종합시장D동상가)",4716,3342,1374,3,831,1493,1286,796,307,1,590,1140,860,548,203,2,241,353,426,248,104
2017,3,R,전통시장,2130011,충신시장,287,180,107,5,66,88,72,47,9,4,30,66,42,32,6,1,36,22,30,15,3
2017,3,R,전통시장,2130010,종로신진시장,628,369,259,1,62,132,159,162,112,1,40,84,97,76,71,0,22,48,62,86,41
2017,3,R,전통시장,2130009,마전교지하쇼핑센터(구 한일상가),108,70,38,1,8,24,23,30,22,0,4,17,19,16,14,1,4,7,4,14,8
2017,3,R,전통시장,2130007,광장시장(광장전통시장),1074,669,405,3,89,204,233,297,248,2,42,136,155,165,169,1,47,68,78,132,79
2017,3,R,전통시장,2130006,종로4가지하쇼핑센터,14,7,7,0,1,4,6,1,2,0,0,2,3,1,1,0,1,2,3,0,1
2017,3,R,전통시장,2130005,세운상가가동,556,398,158,0,51,123,159,122,101,0,29,86,119,86,78,0,22,37,40,36,23
2017,3,R,전통시장,2130004,낙원시장(낙원지하시장(대일상가)),438,319,119,0,39,120,98,83,98,0,23,101,70,57,68,0,16,19,28,26,30
2017,3,R,전통시장,2130002,세종마을음식문화거리(금천교시장),553,272,281,1,93,124,117,119,99,0,48,68,59,44,53,1,45,56,58,75,46
2017,3,R,전통시장,2130001,통인시장,249,183,66,0,58,109,41,24,17,0,38,94,28,15,8,0,20,15,13,9,9
2017,3,D,발달상권,2120249,고덕역,1445,667,778,4,209,311,326,362,233,1,59,154,144,171,138,3,150,157,182,191,95
2017,3,D,발달상권,2120248,명일역,1586,551,1035,3,227,261,353,442,300,2,66,112,136,109,126,1,161,149,217,333,174
2017,3,D,발달상권,2120247,굽은다리역,1097,509,588,5,171,236,267,214,204,1,59,114,122,95,118,4,112,122,145,119,86
2017,3,D,발달상권,2120246,길동역,4696,2379,2317,10,585,1087,1105,1056,853,4,253,600,601,407,514,6,332,487,504,649,339
2017,3,D,발달상권,2120245,둔촌역,3016,1639,1377,8,479,819,753,592,365,2,210,477,400,307,243,6,269,342,353,285,122
2017,3,D,발달상권,2120244,암사역,1075,464,611,2,183,215,231,223,221,2,49,97,117,83,116,0,134,118,114,140,105
2017,3,D,발달상권,2120243,천호역,4393,2013,2380,17,835,1083,1065,793,600,5,290,529,518,316,355,12,545,554,547,477,245
2017,3,D,발달상권,2120242,강동구청역,6710,4399,2311,4,810,1688,1595,1310,1303,1,378,1124,1072,882,942,3,432,564,523,428,361
2017,3,D,발달상권,2120241,거여역,1775,893,882,7,213,402,457,362,334,4,94,267,219,116,193,3,119,135,238,246,141
2017,3,D,발달상권,2120240,개롱역,1392,718,674,3,191,329,437,290,142,1,74,189,221,138,95,2,117,140,216,152,47
2017,3,D,발달상권,2120239,오금역,4598,2773,1825,12,711,1316,1216,815,528,5,338,831,814,444,341,7,373,485,402,371,187
2017,3,D,발달상권,2120238,방이역,890,446,444,8,135,200,214,159,174,2,34,88,89,89,144,6,101,112,125,70,30
2017,3,D,발달상권,2120237,경찰병원역,10866,5999,4867,40,1883,2765,2587,2381,1210,18,869,1737,1661,1112,602,22,1014,1028,926,1269,608
2017,3,D,발달상권,2120236,장지역(가든파이브),7968,5351,2617,39,1061,2173,2122,1451,1122,20,504,1445,1468,1013,901,19,557,728,654,438,221
2017,3,D,발달상권,2120235,문정역,17870,11936,5934,38,3148,5943,4448,2704,1589,15,1629,4185,3065,1760,1282,23,1519,1758,1383,944,307
2017,3,D,발달상권,2120234,가락시장역,10192,6083,4109,52,1910,2869,2503,1776,1082,28,854,1692,1583,1139,787,24,1056,1177,920,637,295
2017,3,D,발달상권,2120233,몽촌토성역,8978,4811,4167,43,1133,2080,2151,2164,1407,34,630,1384,1119,839,805,9,503,696,1032,1325,602
2017,3,D,발달상권,2120232,송파나루역,1387,865,522,2,170,359,321,328,207,0,78,222,193,205,167,2,92,137,128,123,40
2017,3,D,발달상권,2120231,가락시장,9756,6918,2838,8,552,1782,2812,2835,1767,2,388,1439,2075,1784,1230,6,164,343,737,1051,537
2017,3,D,발달상권,2120230,송파사거리(송파역),991,464,527,2,108,189,271,202,219,0,32,84,153,83,112,2,76,105,118,119,107
2017,3,D,발달상권,2120229,방이동먹자골목,5499,3204,2295,18,837,1472,1306,1045,821,11,409,905,838,545,496,7,428,567,468,500,325
2017,3,D,발달상권,2120228,석촌역(석촌호수),4916,2844,2072,9,842,1287,1133,909,736,7,366,793,682,533,463,2,476,494,451,376,273
2017,3,D,발달상권,2120227,잠실역,73590,40688,32902,351,14589,23582,20869,12162,2037,143,7450,16165,11782,3949,1199,208,7139,7417,9087,8213,838
2017,3,D,발달상권,2120226,석촌고분역,3447,2398,1049,19,399,634,723,540,1132,12,196,398,449,325,1018,7,203,236,274,215,114
2017,3,D,발달상권,2120225,잠실새내역(신천),9967,5590,4377,30,2045,2384,2453,1789,1266,10,760,1319,1452,1139,910,20,1285,1065,1001,650,356
2017,3,D,발달상권,2120224,수서역,15387,7234,8153,37,2412,4702,4300,2485,1451,22,875,2247,1853,1199,1038,15,1537,2455,2447,1286,413
2017,3,D,발달상권,2120223,휘문고교사거리,7720,4517,3203,8,1529,2939,1913,784,547,3,571,1807,1308,489,339,5,958,1132,605,295,208
2017,3,D,발달상권,2120222,삼성역,50092,28603,21489,251,11819,15905,11911,6470,3736,109,4529,9537,8237,3882,2309,142,7290,6368,3674,2588,1427
2017,3,D,발달상권,2120221,봉은사역,23087,15008,8079,55,4911,6078,4262,3850,3931,10,2696,4400,3195,2259,2448,45,2215,1678,1067,1591,1483
2017,3,D,발달상권,2120220,대치역,5591,3144,2447,67,1764,2182,919,412,247,2,673,1409,660,239,161,65,1091,773,259,173,86
2017,3,D,발달상권,2120219,은마아파트,2127,856,1271,16,420,565,556,367,203,1,111,240,251,142,111,15,309,325,305,225,92
2017,3,D,발달상권,2120218,코엑스,12217,7600,4617,13,2578,4212,3683,1395,336,4,880,2349,2911,1209,247,9,1698,1863,772,186,89
2017,3,D,발달상권,2120217,대치사거리,4060,2481,1579,3,793,1504,970,473,317,1,367,1042,593,253,225,2,426,462,377,220,92
2017,3,D,발달상권,2120216,경기고교사거리(경기고교앞사거리),6792,4777,2015,27,946,2188,1902,865,864,13,388,1542,1600,656,578,14,558,646,302,209,286
2017,3,D,발달상권,2120215,포스코사거리,55330,32463,22867,281,11105,20085,14282,6816,2761,81,4554,12435,9689,4033,1671,200,6551,7650,4593,2783,1090
2017,3,D,발달상권,2120214,영동대교남단교차로,5500,3377,2123,26,994,1851,1378,817,434,2,355,1181,986,543,310,24,639,670,392,274,124
2017,3,D,발달상권,2120213,삼성중앙역,9334,5142,4192,45,1930,3775,2143,965,476,22,777,2044,1374,615,310,23,1153,1731,769,350,166
2017,3,D,발달상권,2120212,한티역,1780,788,992,7,358,470,438,312,195,2,117,216,216,131,106,5,241,254,222,181,89
2017,3,D,발달상권,2120211,도성초등학교,2202,1016,1186,10,489,764,457,298,184,1,103,331,266,197,118,9,386,433,191,101,66
2017,3,D,발달상권,2120210,선릉역,58051,29012,29039,200,16451,16311,12491,8427,4171,92,5968,9157,6960,4227,2608,108,10483,7154,5531,4200,1563
2017,3,D,발달상권,2120209,"강남구청(청담역_8번, 강남세무서)",4699,1858,2841,41,1109,1436,1017,732,364,16,271,625,426,291,229,25,838,811,591,441,135
2017,3,D,발달상권,2120208,청담사거리(청담동명품거리),16594,5546,11048,99,5701,6212,3044,1007,531,23,1339,2158,1245,468,313,76,4362,4054,1799,539,218
2017,3,D,발달상권,2120207,선정릉역,14329,7950,6379,71,3242,5173,3578,1510,755,21,1156,2866,2343,1001,563,50,2086,2307,1235,509,192
2017,3,D,발달상권,2120206,개나리아파트,5023,3000,2023,68,1698,1516,918,480,343,19,849,934,651,307,240,49,849,582,267,173,103
2017,3,D,발달상권,2120205,매봉역,11979,6677,5302,37,1918,2621,2451,1764,3188,23,907,1633,1502,1047,1565,14,1011,988,949,717,1623
2017,3,D,발달상권,2120204,르네상스호텔사거리,15064,8627,6437,67,2774,4830,3744,2054,1595,17,1129,2743,2508,1319,911,50,1645,2087,1236,735,684
2017,3,D,발달상권,2120203,강남구청역,13123,6802,6321,32,2296,4106,3409,2357,923,11,784,2277,2136,1060,534,21,1512,1829,1273,1297,389
2017,3,D,발달상권,2120202,압구정로데오역(압구정로데오),6406,2650,3756,47,2562,1956,1005,460,376,10,830,885,493,235,197,37,1732,1071,512,225,179
2017,3,D,발달상권,2120201,도곡1동,16407,5526,10881,131,3044,3705,6097,2791,639,64,1137,1696,1447,713,469,67,1907,2009,4650,2078,170
2017,3,D,발달상권,2120200,학동사거리,12222,5300,6922,54,4043,4409,2165,943,608,11,1118,1970,1179,602,420,43,2925,2439,986,341,188
2017,3,D,발달상권,2120199,경복아파트교차로,10491,5820,4671,25,1932,3085,2275,1513,1661,12,781,1947,1517,722,841,13,1151,1138,758,791,820
2017,3,D,발달상권,2120198,구역삼세무서,15454,8362,7092,47,3587,4934,3762,2002,1122,20,1148,2815,2349,1205,825,27,2439,2119,1413,797,297
2017,3,D,발달상권,2120197,역삼역,80560,50245,30315,315,16921,28216,20437,10770,3901,168,7776,18079,14643,6973,2606,147,9145,10137,5794,3797,1295
2017,3,D,발달상권,2120196,서울세관,9964,5834,4130,36,2006,3198,2552,1409,763,3,762,1754,1734,1053,528,33,1244,1444,818,356,235
2017,3,D,발달상권,2120195,성수대교남단,5992,2637,3355,72,2123,2045,983,459,310,26,750,918,556,219,168,46,1373,1127,427,240,142
2017,3,D,발달상권,2120194,언주역(차병원),12507,6925,5582,56,3049,3689,2867,1843,1003,27,1139,2120,1908,1014,717,29,1910,1569,959,829,286
2017,3,D,발달상권,2120193,도산공원교차로,9713,5485,4228,28,2266,3448,2143,1178,650,7,794,1995,1388,807,494,21,1472,1453,755,371,156
2017,3,D,발달상권,2120192,뱅뱅사거리,27464,17724,9740,82,4645,8945,7149,4014,2629,30,1915,5671,5323,2936,1849,52,2730,3274,1826,1078,780
2017,3,D,발달상권,2120191,학동역,20396,11008,9388,76,4889,6339,4199,2181,2712,34,1591,3540,2624,1276,1943,42,3298,2799,1575,905,769
2017,3,D,발달상권,2120190,강남을지병원,13906,6997,6909,38,3528,4877,3161,1402,900,13,1101,2419,1921,883,660,25,2427,2458,1240,519,240
2017,3,D,발달상권,2120189,강남역,84848,41599,43249,693,20752,27733,20185,10392,5093,210,6887,14327,12534,5307,2334,483,13865,13406,7651,5085,2759
2017,3,D,발달상권,2120188,압구정역,10501,4242,6259,80,3055,3005,1797,1338,1226,21,686,1271,1030,663,571,59,2369,1734,767,675,655
2017,3,D,발달상권,2120187,신논현역,14707,8135,6572,45,3660,5145,3239,1616,1002,17,1269,2975,2253,995,626,28,2391,2170,986,621,376
2017,3,D,발달상권,2120186,가로수길,9712,4590,5122,45,3233,3148,1832,882,572,17,1091,1721,1017,398,346,28,2142,1427,815,484,226
2017,3,D,발달상권,2120185,논현역,17085,9232,7853,49,3541,5670,4272,2028,1525,17,1186,3129,2680,1207,1013,32,2355,2541,1592,821,512
2017,3,D,발달상권,2120184,포이사거리(삼호물산),19562,11173,8389,88,2897,5182,5394,4072,1929,28,1284,3309,3202,2091,1259,60,1613,1873,2192,1981,670
2017,3,D,발달상권,2120183,양재천카페거리,4490,2847,1643,11,963,1580,957,609,370,7,467,1066,681,403,223,4,496,514,276,206,147
2017,3,D,발달상권,2120182,"양재시민의숲역(양재동꽃시장, aT센터)",5873,3863,2010,12,746,1624,1581,1094,816,7,351,1057,1102,711,635,5,395,567,479,383,181
2017,3,D,발달상권,2120181,교육개발원입구사거리,7026,4523,2503,27,1252,2228,1643,1069,807,8,574,1490,1245,682,524,19,678,738,398,387,283
2017,3,D,발달상권,2120180,양재화물트럭터미널앞,3699,2931,768,8,698,1391,1002,459,141,4,467,1127,849,372,112,4,231,264,153,87,29
2017,3,D,발달상권,2120179,양재역,19280,11262,8018,137,3952,5590,4595,3008,1998,40,1508,3278,3167,1914,1355,97,2444,2312,1428,1094,643
2017,3,D,발달상권,2120178,신사역,17385,8687,8698,54,4263,5527,3739,2289,1513,15,1158,2870,2375,1255,1014,39,3105,2657,1364,1034,499
2017,3,D,발달상권,2120177,신논현역 1번,1943,1374,569,4,472,809,401,193,64,1,305,586,310,121,51,3,167,223,91,72,13
2017,3,D,발달상권,2120176,논현역 4번,1068,693,375,2,216,297,232,162,159,2,100,182,173,125,111,0,116,115,59,37,48
2017,3,D,발달상권,2120175,남부터미널역,22314,11153,11161,116,5496,6175,5158,3712,1657,59,2157,3601,2796,1494,1046,57,3339,2574,2362,2218,611
2017,3,D,발달상권,2120174,논현역 5번,808,504,304,13,141,229,197,120,108,2,52,153,137,86,74,11,89,76,60,34,34
2017,3,D,발달상권,2120173,교대역(법원.검찰청),23947,12810,11137,107,4492,7399,5955,3639,2355,43,1302,3663,3613,2394,1795,64,3190,3736,2342,1245,560
2017,3,D,발달상권,2120172,교대입구교차로,15097,8435,6662,47,3244,4269,3684,2286,1567,15,1395,2578,2194,1208,1045,32,1849,1691,1490,1078,522
2017,3,D,발달상권,2120171,서초3동사거리,11066,7032,4034,27,1844,3257,2681,1683,1574,14,767,2121,1975,1072,1083,13,1077,1136,706,611,491
2017,3,D,발달상권,2120170,삼호가든사거리,2751,1358,1393,5,503,910,714,378,241,0,122,418,446,211,161,5,381,492,268,167,80
2017,3,D,발달상권,2120169,서초역,21753,10927,10826,85,5147,6331,5612,3085,1493,32,1811,3182,2981,1771,1150,53,3336,3149,2631,1314,343
2017,3,D,발달상권,2120168,서울고교교차로,2710,1765,945,4,476,1029,824,267,110,1,172,685,631,204,72,3,304,344,193,63,38
2017,3,D,발달상권,2120167,고속터미널(고속터미널역),4764,2282,2482,26,861,864,874,958,1181,16,402,489,463,396,516,10,459,375,411,562,665
2017,3,D,발달상권,2120166,방배역,6312,3617,2695,57,1325,1722,1336,933,939,20,495,989,887,546,680,37,830,733,449,387,259
2017,3,D,발달상권,2120165,서래마을카페거리(서래마을),2999,1578,1421,29,763,855,693,424,235,10,323,459,395,260,131,19,440,396,298,164,104
2017,3,D,발달상권,2120164,내방역,9742,5358,4384,61,2043,2929,2436,1532,741,23,937,1857,1372,666,503,38,1106,1072,1064,866,238
2017,3,D,발달상권,2120163,사당역 11번(사당역먹자골목),244,133,111,0,21,52,71,46,54,0,10,26,42,26,29,0,11,26,29,20,25
2017,3,D,발달상권,2120162,방배동카페골목,1843,1097,746,31,310,416,363,297,426,26,166,278,240,151,236,5,144,138,123,146,190
2017,3,D,발달상권,2120161,방배동가구거리(사당동가구거리),1545,1017,528,0,292,576,372,218,87,0,124,400,272,151,70,0,168,176,100,67,17
2017,3,D,발달상권,2120160,사당역(사당),7593,3361,4232,32,1318,1457,1954,1938,894,12,509,780,857,666,537,20,809,677,1097,1272,357
2017,3,D,발달상권,2120159,서울대입구역,3054,1485,1569,9,577,686,763,504,515,3,190,346,387,240,319,6,387,340,376,264,196
2017,3,D,발달상권,2120158,녹두거리(대학동),1065,694,371,4,128,166,300,312,155,0,49,95,208,235,107,4,79,71,92,77,48
2017,3,D,발달상권,2120157,신림역(신림),2111,929,1182,2,420,400,493,414,382,1,132,195,236,152,213,1,288,205,257,262,169
2017,3,D,발달상권,2120156,"총신대입구역(이수, 총신대)",5034,2312,2722,17,823,1237,1359,1047,551,7,268,667,717,354,299,10,555,570,642,693,252
2017,3,D,발달상권,2120155,총신대학교,111,54,57,2,14,17,37,34,7,0,3,8,21,17,5,2,11,9,16,17,2
2017,3,D,발달상권,2120154,장승배기역,1022,499,523,0,113,181,282,279,167,0,36,85,155,153,70,0,77,96,127,126,97
2017,3,D,발달상권,2120153,노량진역(노량진),6642,3811,2831,14,674,1562,1597,1632,1163,6,285,756,962,1050,752,8,389,806,635,582,411
2017,3,D,발달상권,2120152,신대방삼거리역,1217,593,624,3,187,292,319,244,172,0,58,145,171,127,92,3,129,147,148,117,80
2017,3,D,발달상권,2120151,보라매공원,10537,5538,4999,27,1789,3879,3068,1242,532,8,588,1848,1748,942,404,19,1201,2031,1320,300,128
2017,3,D,발달상권,2120150,63빌딩,11623,5848,5775,8,1567,3292,3665,2425,666,0,556,1724,2174,1184,210,8,1011,1568,1491,1241,456
2017,3,D,발달상권,2120149,여의도역(여의도),112019,68081,43938,421,17488,38705,34367,15340,5698,129,7009,22096,24125,11324,3398,292,10479,16609,10242,4016,2300
2017,3,D,발달상권,2120148,국회의사당역(국회의사당),39066,22638,16428,72,8632,14057,8934,5049,2322,17,2963,8092,6371,3591,1604,55,5669,5965,2563,1458,718
2017,3,D,발달상권,2120147,보라매역,2547,1432,1115,28,391,554,494,502,578,3,114,332,304,300,379,25,277,222,190,202,199
2017,3,D,발달상권,2120146,한강성심병원,5615,3648,1967,7,696,1261,1454,1154,1043,3,281,751,1065,863,685,4,415,510,389,291,358
2017,3,D,발달상권,2120145,영등포역(영등포),6938,3559,3379,69,1343,1787,1653,1205,881,16,464,969,943,646,521,53,879,818,710,559,360
2017,3,D,발달상권,2120144,영중로,6236,4049,2187,19,968,1805,1533,1178,733,10,469,1214,1107,714,535,9,499,591,426,464,198
2017,3,D,발달상권,2120143,당산역,10647,6397,4250,36,1605,1819,2188,2368,2631,15,725,1293,1428,1321,1615,21,880,526,760,1047,1016
2017,3,D,발달상권,2120142,대림역,1641,903,738,2,183,312,456,443,245,1,66,166,263,249,158,1,117,146,193,194,87
2017,3,D,발달상권,2120141,영등포청과시장교차로,818,547,271,7,81,211,224,159,136,3,38,142,150,108,106,4,43,69,74,51,30
2017,3,D,발달상권,2120140,문래동주민센터,16743,8101,8642,74,3934,5147,4275,2125,1188,20,1445,2626,2193,1070,747,54,2489,2521,2082,1055,441
2017,3,D,발달상권,2120139,대림3동사거리,4620,2874,1746,7,584,1088,1236,972,733,5,321,760,870,543,375,2,263,328,366,429,358
2017,3,D,발달상권,2120138,당산2동(영등포우체국),14422,6924,7498,108,4000,4435,3369,1661,849,40,1332,2190,1721,1051,590,68,2668,2245,1648,610,259
2017,3,D,발달상권,2120137,문래역(문래로데오거리),217,86,131,0,48,56,53,52,8,0,14,24,22,21,5,0,34,32,31,31,3
2017,3,D,발달상권,2120136,영등포구청역,9476,4955,4521,43,1802,1818,1759,2076,1978,25,805,1077,990,950,1108,18,997,741,769,1126,870
2017,3,D,발달상권,2120135,양평역,7143,3958,3185,49,1955,1949,1598,1020,572,17,851,1188,923,540,439,32,1104,761,675,480,133
2017,3,D,발달상권,2120134,구로전화국,3284,2262,1022,6,266,465,537,572,1438,2,114,241,312,312,1281,4,152,224,225,260,157
2017,3,D,발달상권,2120133,서울시흥동우체국(홈플러스시흥점),437,195,242,8,66,84,100,104,75,5,32,42,43,41,32,3,34,42,57,63,43
2017,3,D,발달상권,2120132,독산동,11822,8064,3758,48,1556,2997,3146,2774,1301,30,980,2156,2161,1761,976,18,576,841,985,1013,325
2017,3,D,발달상권,2120131,가산디지털단지,132656,83060,49596,2552,31125,41328,31854,16673,9124,1162,14671,27501,22328,10631,6767,1390,16454,13827,9526,6042,2357
2017,3,D,발달상권,2120130,구로디지털단지역,2085,1035,1050,9,404,466,495,398,313,6,159,234,254,181,201,3,245,232,241,217,112
2017,3,D,발달상권,2120129,구로디지털단지,75334,46059,29275,344,16596,26911,17974,8886,4623,185,7461,18021,12270,5022,3100,159,9135,8890,5704,3864,1523
2017,3,D,발달상권,2120128,신도림역,7584,3020,4564,31,1844,2860,1627,788,434,14,505,988,830,448,235,17,1339,1872,797,340,199
2017,3,D,발달상권,2120127,구로구청,8806,6303,2503,15,1345,2387,2048,1676,1335,8,969,1969,1545,1000,812,7,376,418,503,676,523
2017,3,D,발달상권,2120126,디지털단지오거리,138,93,45,0,12,29,47,37,13,0,7,22,32,22,10,0,5,7,15,15,3
2017,3,D,발달상권,2120125,구로역,21872,12701,9171,63,2987,6925,5885,4067,1945,29,1282,3688,3548,2698,1456,34,1705,3237,2337,1369,489
2017,3,D,발달상권,2120124,개봉동 현대아파트,877,348,529,2,89,152,259,217,158,2,28,62,100,94,62,0,61,90,159,123,96
2017,3,D,발달상권,2120123,오류동역,2482,937,1545,21,228,430,747,647,409,7,86,173,251,176,244,14,142,257,496,471,165
2017,3,D,발달상권,2120122,강서구청,3153,1829,1324,3,343,698,838,695,576,3,148,387,501,402,388,0,195,311,337,293,188
2017,3,D,발달상권,2120121,까치산역,796,309,487,6,114,153,187,218,118,0,43,78,73,65,50,6,71,75,114,153,68
2017,3,D,발달상권,2120120,화곡역,2270,949,1321,12,396,504,546,602,210,5,115,269,263,183,114,7,281,235,283,419,96
2017,3,D,발달상권,2120119,발산역(마곡),4651,3009,1642,10,755,1114,1111,928,733,2,336,686,774,645,566,8,419,428,337,283,167
2017,3,D,발달상권,2120118,마곡역(마곡),504,299,205,0,93,225,140,24,22,0,20,141,105,20,13,0,73,84,35,4,9
2017,3,D,발달상권,2120117,강서농산물도매시장,1474,1022,452,0,80,258,471,442,223,0,63,202,317,279,161,0,17,56,154,163,62
2017,3,D,발달상권,2120116,송정역,333,190,143,3,30,71,84,79,66,1,9,43,43,46,48,2,21,28,41,33,18
2017,3,D,발달상권,2120115,김포공항역(김포공항),605,219,386,14,391,109,44,42,5,13,135,51,17,3,0,1,256,58,27,39,5
2017,3,D,발달상권,2120114,목동신시가지,12258,7748,4510,47,1736,3360,3637,2494,984,17,732,1999,2536,1823,641,30,1004,1361,1101,671,343
2017,3,D,발달상권,2120113,오목교역,1411,595,816,12,287,341,337,277,157,3,87,162,145,110,88,9,200,179,192,167,69
2017,3,D,발달상권,2120112,등촌역,2591,1573,1018,8,393,648,692,501,349,5,168,379,437,321,263,3,225,269,255,180,86
2017,3,D,발달상권,2120111,목동사거리,970,471,499,5,125,204,266,198,172,1,44,104,122,95,105,4,81,100,144,103,67
2017,3,D,발달상권,2120110,목동역 8번출구,1863,725,1138,5,349,426,454,368,261,3,80,191,210,130,111,2,269,235,244,238,150
2017,3,D,발달상권,2120109,서울남부지방법원,2145,1096,1049,6,218,418,561,542,400,4,73,227,314,268,210,2,145,191,247,274,190
2017,3,D,발달상권,2120108,신정네거리역,1744,903,841,5,164,390,448,393,344,1,64,192,218,221,207,4,100,198,230,172,137
2017,3,D,발달상권,2120107,공덕역(공덕오거리),21410,12447,8963,72,4070,6362,6089,3787,1030,41,1812,3781,3928,2228,657,31,2258,2581,2161,1559,373
2017,3,D,발달상권,2120106,마포역,14820,8894,5926,69,2238,3892,3564,2838,2219,30,931,2436,2411,1635,1451,39,1307,1456,1153,1203,768
2017,3,D,발달상권,2120105,상수역(홍대),1476,799,677,12,446,530,287,129,72,4,191,300,182,73,49,8,255,230,105,56,23
2017,3,D,발달상권,2120104,연남동(홍대),10308,4826,5482,32,2868,3166,2027,1390,825,13,900,1659,1200,661,393,19,1968,1507,827,729,432
2017,3,D,발달상권,2120103,홍대입구역(홍대),14910,8423,6487,112,4397,4295,3036,1634,1436,57,1856,2618,1978,921,993,55,2541,1677,1058,713,443
2017,3,D,발달상권,2120102,서교동(홍대),10445,5563,4882,43,1860,2780,2272,1685,1805,19,676,1592,1563,1070,643,24,1184,1188,709,615,1162
2017,3,D,발달상권,2120101,합정역,8002,4242,3760,56,1592,2754,2248,981,371,8,469,1404,1450,684,227,48,1123,1350,798,297,144
2017,3,D,발달상권,2120100,망원역,3657,1725,1932,13,986,860,649,587,562,5,373,450,305,195,397,8,613,410,344,392,165
2017,3,D,발달상권,2120099,월드컵경기장역(월드컵경기장),188,100,88,0,30,60,49,31,18,0,16,38,29,11,6,0,14,22,20,20,12
2017,3,D,발달상권,2120098,DMC(디지털미디어시티),29840,17437,12403,74,8742,10662,7462,2387,513,21,3299,6388,5655,1761,313,53,5443,4274,1807,626,200
2017,3,D,발달상권,2120097,충정로역,7082,4698,2384,8,1218,3078,1846,614,318,2,632,2010,1367,459,228,6,586,1068,479,155,90
2017,3,D,발달상권,2120096,"이화여대(이대역, 이대)",1177,465,712,4,247,348,273,178,127,4,52,151,122,69,67,0,195,197,151,109,60
2017,3,D,발달상권,2120095,홍제역,1113,419,694,5,166,204,308,254,176,4,37,74,105,99,100,1,129,130,203,155,76
2017,3,D,발달상권,2120094,"신촌역(신촌역, 신촌로터리)",10319,4834,5485,98,3067,2598,2149,1665,742,61,1315,1433,1056,647,322,37,1752,1165,1093,1018,420
2017,3,D,발달상권,2120093,연희동,1126,554,572,4,169,230,284,242,197,0,73,124,133,108,116,4,96,106,151,134,81
2017,3,D,발달상권,2120092,불광역,392,156,236,1,34,78,113,97,69,0,13,28,51,29,35,1,21,50,62,68,34
2017,3,D,발달상권,2120091,본서부병원,1051,422,629,3,125,223,265,276,159,0,41,114,115,94,58,3,84,109,150,182,101
2017,3,D,발달상권,2120090,연신내역,1171,399,772,7,247,232,258,239,188,3,55,83,95,83,80,4,192,149,163,156,108
2017,3,D,발달상권,2120089,구파발역,18,6,12,0,4,7,7,0,0,0,0,4,2,0,0,0,4,3,5,0,0
2017,3,D,발달상권,2120088,구산역,1049,376,673,7,139,198,282,281,142,2,42,94,107,69,62,5,97,104,175,212,80
2017,3,D,발달상권,2120087,응암역,466,215,251,0,74,113,108,110,61,0,15,52,59,52,37,0,59,61,49,58,24
2017,3,D,발달상권,2120086,태릉입구역,1391,717,674,8,193,289,327,322,252,7,89,160,175,159,127,1,104,129,152,163,125
2017,3,D,발달상권,2120085,은행사거리,1048,483,565,3,173,204,307,224,137,1,70,101,131,99,81,2,103,103,176,125,56
2017,3,D,발달상권,2120084,공릉역,1167,720,447,5,122,144,237,368,291,0,40,66,134,260,220,5,82,78,103,108,71
2017,3,D,발달상권,2120083,등나무근린공원,1042,473,569,2,119,211,296,250,164,0,38,102,131,100,102,2,81,109,165,150,62
2017,3,D,발달상권,2120082,상계백병원,1821,518,1303,0,477,588,487,198,71,0,102,155,134,84,43,0,375,433,353,114,28
2017,3,D,발달상권,2120081,노원역,5185,1904,3281,28,1229,1162,1188,944,634,13,314,483,485,335,274,15,915,679,703,609,360
2017,3,D,발달상권,2120080,마들역,483,144,339,0,86,113,107,107,70,0,18,27,31,39,29,0,68,86,76,68,41
2017,3,D,발달상권,2120079,창동역,1774,943,831,5,231,347,507,382,302,1,71,165,273,208,225,4,160,182,234,174,77
2017,3,D,발달상권,2120078,미아사거리역,1054,456,598,11,237,277,251,163,115,3,95,124,116,60,58,8,142,153,135,103,57
2017,3,D,발달상권,2120077,미아역,841,355,486,0,151,218,204,151,117,0,41,79,100,66,69,0,110,139,104,85,48
2017,3,D,발달상권,2120076,수유역,4133,1966,2167,19,741,805,968,853,747,6,260,388,481,408,423,13,481,417,487,445,324
2017,3,D,발달상권,2120075,월곡역,802,420,382,2,123,198,192,175,112,2,42,116,119,92,49,0,81,82,73,83,63
2017,3,D,발달상권,2120074,안암역,318,199,119,2,47,123,80,41,25,0,25,92,55,16,11,2,22,31,25,25,14
2017,3,D,발달상권,2120073,미아사거리,837,297,540,4,150,216,207,174,86,2,52,75,83,47,38,2,98,141,124,127,48
2017,3,D,발달상권,2120072,성신여대,2431,1235,1196,15,620,620,495,370,311,10,212,335,279,206,193,5,408,285,216,164,118
2017,3,D,발달상권,2120071,성북구청,856,383,473,1,139,191,203,187,135,1,50,86,106,81,59,0,89,105,97,106,76
2017,3,D,발달상권,2120070,한성대입구역,1049,471,578,9,159,239,250,231,161,3,50,118,118,109,73,6,109,121,132,122,88
2017,3,D,발달상권,2120069,상봉역,1891,982,909,13,357,425,414,341,341,8,152,211,228,174,209,5,205,214,186,167,132
2017,3,D,발달상권,2120068,사가정역,411,154,257,1,93,79,98,72,68,1,17,27,40,27,42,0,76,52,58,45,26
2017,3,D,발달상권,2120067,장안동사거리,3238,1445,1793,25,500,731,792,730,460,6,145,332,384,327,251,19,355,399,408,403,209
2017,3,D,발달상권,2120066,장한평역(장한평),13360,8418,4942,79,2074,3201,3031,2557,2418,31,973,2032,1955,1645,1782,48,1101,1169,1076,912,636
2017,3,D,발달상권,2120065,회기역,899,492,407,2,129,177,203,178,210,1,58,103,109,77,144,1,71,74,94,101,66
2017,3,D,발달상권,2120064,경희대학교(경희대),474,216,258,5,77,120,112,93,67,3,38,76,55,21,23,2,39,44,57,72,44
2017,3,D,발달상권,2120063,청량리역(청량리),2043,802,1241,9,359,388,432,455,400,3,109,151,165,163,211,6,250,237,267,292,189
2017,3,D,발달상권,2120062,신설동역,11338,5017,6321,37,1452,2686,3462,2399,1302,9,413,1432,1418,992,753,28,1039,1254,2044,1407,549
2017,3,D,발달상권,2120061,올림픽대교북단,1029,596,433,5,194,366,276,132,56,5,78,251,180,49,33,0,116,115,96,83,23
2017,3,D,발달상권,2120060,강변역(테크노마트),4185,2908,1277,27,424,920,1148,953,713,8,191,609,895,717,488,19,233,311,253,236,225
2017,3,D,발달상권,2120059,구삼강변맛길,2510,1282,1228,22,359,474,394,517,744,17,167,264,220,231,383,5,192,210,174,286,361
2017,3,D,발달상권,2120058,구의사거리,779,377,402,1,123,173,201,191,90,0,41,83,111,95,47,1,82,90,90,96,43
2017,3,D,발달상권,2120057,아차산역,2889,1553,1336,23,356,583,645,700,582,8,139,325,367,347,367,15,217,258,278,353,215
2017,3,D,발달상권,2120056,구의역,4210,2328,1882,15,537,901,962,857,938,4,174,444,551,463,692,11,363,457,411,394,246
2017,3,D,발달상권,2120055,군자역,5253,3060,2193,16,773,1337,1382,1095,650,6,324,815,892,623,400,10,449,522,490,472,250
2017,3,D,발달상권,2120054,어린이대공원역,987,546,441,8,161,210,264,210,134,3,68,117,142,116,100,5,93,93,122,94,34
2017,3,D,발달상권,2120053,건대입구역(건대),3440,1677,1763,17,891,825,643,512,552,6,350,439,363,209,310,11,541,386,280,303,242
2017,3,D,발달상권,2120052,성수역,15338,9196,6142,62,3385,4505,3670,2238,1478,32,1383,2722,2378,1547,1134,30,2002,1783,1292,691,344
2017,3,D,발달상권,2120051,뚝섬역,17304,8778,8526,112,4662,5509,3764,2541,716,42,2007,3415,2027,836,451,70,2655,2094,1737,1705,265
2017,3,D,발달상권,2120050,서울숲역,1395,922,473,3,236,470,410,202,74,1,112,301,298,147,63,2,124,169,112,55,11
2017,3,D,발달상권,2120049,왕십리역(왕십리),3568,2386,1182,26,675,731,828,812,496,14,364,463,589,594,362,12,311,268,239,218,134
2017,3,D,발달상권,2120048,금호역,363,144,219,0,55,89,79,80,60,0,16,38,33,33,24,0,39,51,46,47,36
2017,3,D,발달상권,2120047,한남오거리,3465,1985,1480,24,737,1130,780,472,322,11,301,650,505,300,218,13,436,480,275,172,104
2017,3,D,발달상권,2120046,이태원(이태원역),3992,2436,1556,29,1164,1382,708,399,310,20,644,923,459,225,165,9,520,459,249,174,145
2017,3,D,발달상권,2120045,남영동 먹자골목,4113,2761,1352,29,874,1367,931,514,398,2,429,1069,735,313,213,27,445,298,196,201,185
2017,3,D,발달상권,2120044,삼각지역,1480,958,522,0,118,329,352,349,332,0,58,210,245,217,228,0,60,119,107,132,104
2017,3,D,발달상권,2120043,서울역,25618,16611,9007,112,4153,8605,7863,3480,1405,16,1931,5353,5696,2561,1054,96,2222,3252,2167,919,351
2017,3,D,발달상권,2120042,"숙대입구역(남영역, 남영동)",12372,6622,5750,616,5089,3377,2081,870,339,275,2335,1853,1302,601,256,341,2754,1524,779,269,83
2017,3,D,발달상권,2120041,신용산역(용산역),33552,19331,14221,105,7661,11790,8887,3707,1402,39,3690,6732,5500,2485,885,66,3971,5058,3387,1222,517
2017,3,D,발달상권,2120040,용산전자상가(용산역),11575,8529,3046,116,1778,4203,3502,1352,624,82,1169,3176,2661,992,449,34,609,1027,841,360,175
2017,3,D,발달상권,2120039,신당역,6363,3289,3074,13,1235,2098,1479,970,568,5,518,1041,823,567,335,8,717,1057,656,403,233
2017,3,D,발달상권,2120038,약수역,3961,1884,2077,27,1333,972,752,423,454,7,505,499,387,222,264,20,828,473,365,201,190
2017,3,D,발달상권,2120037,동대문역사문화공원역,30667,14519,16148,945,9985,8119,6310,4165,1143,420,4488,4766,3173,1195,477,525,5497,3353,3137,2970,666
2017,3,D,발달상권,2120036,장충동족발거리(남소영길),1876,1265,611,6,317,626,509,264,154,1,132,442,393,196,101,5,185,184,116,68,53
2017,3,D,발달상권,2120035,퇴계로5가,2074,1406,668,4,293,583,666,363,165,1,140,379,499,269,118,3,153,204,167,94,47
2017,3,D,발달상권,2120034,중구청(퇴계로4가),4511,2725,1786,12,347,1007,1251,1186,708,4,127,472,745,845,532,8,220,535,506,341,176
2017,3,D,발달상권,2120033,을지로4가역,2072,1111,961,6,391,581,540,350,204,2,124,297,325,202,161,4,267,284,215,148,43
2017,3,D,발달상권,2120032,충무로역,16295,7835,8460,108,2655,3734,4660,3581,1557,40,938,2024,2351,1532,950,68,1717,1710,2309,2049,607
2017,3,D,발달상권,2120031,을지로3가역,25786,13543,12243,118,6423,8571,6090,2929,1655,33,1923,4184,4046,2126,1231,85,4500,4387,2044,803,424
2017,3,D,발달상권,2120030,중부경찰서(영화인의거리),10142,6408,3734,31,1559,3321,2775,1779,677,9,526,1972,2057,1363,481,22,1033,1349,718,416,196
2017,3,D,발달상권,2120029,을지로2가,20151,9606,10545,10,1994,8902,6441,2489,315,8,651,3028,3585,2092,242,2,1343,5874,2856,397,73
2017,3,D,발달상권,2120028,명동(명동거리),39194,20772,18422,178,5530,11315,13145,7619,1407,42,2068,4631,7311,5804,916,136,3462,6684,5834,1815,491
2017,3,D,발달상권,2120027,명동역(명동재미로),26440,12755,13685,65,3999,9652,7564,4784,376,16,1206,4112,3773,3372,276,49,2793,5540,3791,1412,100
2017,3,D,발달상권,2120026,을지로입구역,52617,28858,23759,173,9670,19602,15040,6684,1448,43,3134,9505,9767,5384,1025,130,6536,10097,5273,1300,423
2017,3,D,발달상권,2120025,롯데백화점(시청광장 지하쇼핑센터),24695,8755,15940,135,11440,7727,3960,1254,179,55,2891,2614,2230,844,121,80,8549,5113,1730,410,58
2017,3,D,발달상권,2120024,회현역,1683,734,949,6,325,417,437,326,172,1,110,229,171,124,99,5,215,188,266,202,73
2017,3,D,발달상권,2120023,서울시청,18658,9058,9600,69,6812,5289,3532,2180,776,34,2323,2545,2100,1534,522,35,4489,2744,1432,646,254
2017,3,D,발달상권,2120022,북창동(시청역_6번),5786,3495,2291,44,1041,1652,1421,873,755,10,412,1001,1026,544,502,34,629,651,395,329,253
2017,3,D,발달상권,2120021,시청역_8번,46973,30994,15979,142,7462,17547,14530,6268,1024,38,3443,10185,11017,5490,821,104,4019,7362,3513,778,203
2017,3,D,발달상권,2120020,시청역_1번,9308,6102,3206,20,1780,2636,2530,1846,496,15,791,1682,1940,1328,346,5,989,954,590,518,150
2017,3,D,발달상권,2120019,경찰청앞교차로,9889,4715,5174,26,1807,4212,2632,930,282,8,636,1901,1325,641,204,18,1171,2311,1307,289,78
2017,3,D,발달상권,2120018,중림동,5857,3426,2431,5,891,1594,1572,1114,681,2,299,849,1061,803,412,3,592,745,511,311,269
2017,3,D,발달상권,2120017,동묘앞역(동묘),1325,424,901,11,205,360,417,209,123,2,53,104,109,75,81,9,152,256,308,134,42
2017,3,D,발달상권,2120016,동대문역,568,319,249,2,82,143,126,106,109,1,29,85,75,62,67,1,53,58,51,44,42
2017,3,D,발달상권,2120015,종로6가,1095,640,455,5,158,286,279,203,164,1,63,169,165,130,112,4,95,117,114,73,52
2017,3,D,발달상권,2120014,종로5가역,6042,3509,2533,364,1120,1705,1518,897,438,117,420,1127,1019,535,291,247,700,578,499,362,147
2017,3,D,발달상권,2120013,이화사거리,6323,4131,2192,25,1046,1909,1733,1231,379,2,368,1062,1336,1080,283,23,678,847,397,151,96
2017,3,D,발달상권,2120012,대학로(혜화역),3557,1640,1917,17,793,973,787,555,432,5,280,483,407,234,231,12,513,490,380,321,201
2017,3,D,발달상권,2120011,종로4가,5063,2734,2329,16,1081,1815,1292,622,237,2,411,934,802,405,180,14,670,881,490,217,57
2017,3,D,발달상권,2120010,원남동사거리,4021,2572,1449,30,911,1358,994,523,205,7,404,917,748,346,150,23,507,441,246,177,55
2017,3,D,발달상권,2120009,종로3가역,13094,6955,6139,52,2212,3255,3121,2548,1906,16,783,1683,1765,1461,1247,36,1429,1572,1356,1087,659
2017,3,D,발달상권,2120008,인사동,15789,10437,5352,58,2897,5166,3964,2583,1121,28,1184,3381,3160,2000,684,30,1713,1785,804,583,437
2017,3,D,발달상권,2120007,북촌(안국역),20828,18186,2642,25,2635,7915,5845,3735,673,19,1872,6867,5361,3495,572,6,763,1048,484,240,101
2017,3,D,발달상권,2120006,종각역,45904,26278,19626,92,7540,15685,13544,7273,1770,23,2766,8160,8544,5561,1224,69,4774,7525,5000,1712,546
2017,3,D,발달상권,2120005,삼청동,1159,497,662,3,279,322,220,233,102,2,85,147,108,117,38,1,194,175,112,116,64
2017,3,D,발달상권,2120004,종로구청,19105,10392,8713,707,3792,5902,5047,2680,977,316,1552,2943,3183,1798,600,391,2240,2959,1864,882,377
2017,3,D,발달상권,2120003,광화문역,87264,51134,36130,1189,18143,24849,22957,13716,6410,553,7695,13763,15935,9495,3693,636,10448,11086,7022,4221,2717
2017,3,D,발달상권,2120002,서촌(경복궁역),2988,1516,1472,3,726,1090,624,323,222,2,269,567,372,171,135,1,457,523,252,152,87
2017,3,D,발달상권,2120001,서대문역,28820,15716,13104,52,5162,8904,8516,5735,451,3,1433,4276,4943,4738,323,49,3729,4628,3573,997,128
2017,3,A,골목상권,2111090,강일동주민센터,512,271,241,2,64,115,141,125,65,1,15,62,77,77,39,1,49,53,64,48,26
2017,3,A,골목상권,2111089,상일여고(상일초등학교),851,422,429,2,56,123,219,227,224,0,28,64,123,127,80,2,28,59,96,100,144
2017,3,A,골목상권,2111088,고덕동성당,156,75,81,0,20,16,31,54,35,0,8,13,13,24,17,0,12,3,18,30,18
2017,3,A,골목상권,2111087,고덕중학교(고덕2동주민센터),129,36,93,0,9,19,30,46,25,0,2,8,10,11,5,0,7,11,20,35,20
2017,3,A,골목상권,2111086,한영중고,256,98,158,0,27,44,74,78,33,0,7,18,30,29,14,0,20,26,44,49,19
2017,3,A,골목상권,2111085,묘곡초등학교(고덕아이파크아파트),354,143,211,0,32,37,67,88,130,0,7,17,30,31,58,0,25,20,37,57,72
2017,3,A,골목상권,2111084,길동신동아아파트,79,53,26,0,11,22,17,18,11,0,6,15,11,13,8,0,5,7,6,5,3
2017,3,A,골목상권,2111083,GS강동자이아파트,354,187,167,2,46,66,73,90,77,0,30,35,35,44,43,2,16,31,38,46,34
2017,3,A,골목상권,2111082,중앙보훈병원,38,26,12,0,4,5,10,8,11,0,3,4,3,7,9,0,1,1,7,1,2
2017,3,A,골목상권,2111081,둔촌푸르지오아파트,235,149,86,0,30,53,63,58,31,0,15,41,39,33,21,0,15,12,24,25,10
2017,3,A,골목상권,2111080,굽은다리역 3번,424,232,192,0,61,72,115,84,92,0,10,45,72,40,65,0,51,27,43,44,27
2017,3,A,골목상권,2111079,둔촌고등학교(둔촌중학교),140,52,88,0,15,24,38,43,20,0,7,11,12,12,10,0,8,13,26,31,10
2017,3,A,골목상권,2111078,굽은다리역 4번,1015,507,508,2,102,233,261,241,176,2,36,127,135,108,99,0,66,106,126,133,77
2017,3,A,골목상권,2111077,길동주민센터(강동도서관),1380,818,562,0,148,329,381,311,211,0,55,213,232,170,148,0,93,116,149,141,63
2017,3,A,골목상권,2111076,둔촌2동주민센터,423,213,210,3,35,66,97,110,112,1,20,37,51,50,54,2,15,29,46,60,58
2017,3,A,골목상권,2111075,굽은다리역 2번,384,191,193,2,53,102,96,85,46,1,32,63,51,28,16,1,21,39,45,57,30
2017,3,A,골목상권,2111074,명일역 1번,76,39,37,0,2,11,21,19,23,0,0,6,9,11,13,0,2,5,12,8,10
2017,3,A,골목상권,2111073,둔촌동역 1번(한산중학교),2003,1128,875,4,457,630,407,348,157,1,185,357,247,222,116,3,272,273,160,126,41
2017,3,A,골목상권,2111072,굽은다리역 1번(십자성마을),1114,525,589,2,103,167,229,302,311,0,20,84,106,139,176,2,83,83,123,163,135
2017,3,A,골목상권,2111071,천동초등학교,58,42,16,0,5,14,19,14,6,0,4,11,11,11,5,0,1,3,8,3,1
2017,3,A,골목상권,2111070,천호초등학교,97,41,56,0,8,15,24,28,22,0,4,9,14,8,6,0,4,6,10,20,16
2017,3,A,골목상권,2111069,천호1동주민센터,206,96,110,5,17,26,43,69,46,4,12,12,18,29,21,1,5,14,25,40,25
2017,3,A,골목상권,2111068,강동성심병원,1151,352,799,0,443,375,201,94,38,0,89,123,71,39,30,0,354,252,130,55,8
2017,3,A,골목상권,2111067,강동구립성내도서관,918,516,402,2,87,188,186,195,260,2,42,131,109,93,139,0,45,57,77,102,121
2017,3,A,골목상권,2111066,암사동성당(효정하나플러스아파트),412,206,206,2,24,128,124,70,64,0,6,72,70,38,20,2,18,56,54,32,44
2017,3,A,골목상권,2111065,천일초등학교,18,12,6,0,1,6,6,3,2,0,0,5,3,2,2,0,1,1,3,1,0
2017,3,A,골목상권,2111064,둔촌동역 4번,198,118,80,1,22,44,60,50,21,1,13,30,37,25,12,0,9,14,23,25,9
2017,3,A,골목상권,2111063,강동구립 천호도서관,168,43,125,0,23,27,33,43,42,0,0,5,11,10,17,0,23,22,22,33,25
2017,3,A,골목상권,2111062,둔촌동역 3번(성내3동주민센터),667,388,279,1,95,189,176,148,58,0,41,130,89,85,43,1,54,59,87,63,15
2017,3,A,골목상권,2111061,암사역 1번,457,223,234,1,51,104,134,117,50,0,26,48,69,53,27,1,25,56,65,64,23
2017,3,A,골목상권,2111060,암사역 2번(서울강동초등학교),1068,537,531,3,118,269,331,243,104,2,31,134,180,120,70,1,87,135,151,123,34
2017,3,A,골목상권,2111059,강동역 4번(강풀만화거리),1600,830,770,4,162,304,369,437,324,0,70,162,189,199,210,4,92,142,180,238,114
2017,3,A,골목상권,2111058,성내중학교,318,196,122,0,36,92,103,53,34,0,13,56,65,34,28,0,23,36,38,19,6
2017,3,A,골목상권,2111057,천호공원(해공체육문화센터),341,138,203,0,60,74,94,79,34,0,8,26,39,41,24,0,52,48,55,38,10
2017,3,A,골목상권,2111056,천호태영아파트,456,196,260,2,55,48,104,121,126,0,13,23,57,55,48,2,42,25,47,66,78
2017,3,A,골목상권,2111055,선사초등학교,1091,427,664,4,117,142,230,409,189,0,28,63,58,123,155,4,89,79,172,286,34
2017,3,A,골목상권,2111054,암사역 4번(삼성광나루아파트),80,37,43,0,7,17,25,20,11,0,2,10,12,9,4,0,5,7,13,11,7
2017,3,A,골목상권,2111053,성내천어린이공원(하니사랑길),1753,938,815,6,260,595,474,288,130,3,92,279,279,183,102,3,168,316,195,105,28
2017,3,A,골목상권,2111052,암사역 3번(천호동자전거거리),822,468,354,5,109,199,271,183,55,0,71,123,150,94,30,5,38,76,121,89,25
2017,3,A,골목상권,2111051,천호역 6번,725,372,353,2,182,174,160,124,83,0,68,87,103,60,54,2,114,87,57,64,29
2017,3,A,골목상권,2111050,강동구청(강동구청역 2번),151,82,69,0,25,32,42,34,18,0,12,15,17,23,15,0,13,17,25,11,3
2017,3,A,골목상권,2111049,천호지구대(천호동자전거거리),772,529,243,0,43,119,165,145,300,0,17,83,106,100,223,0,26,36,59,45,77
2017,3,A,골목상권,2111048,천호역 1번(천호문구완구거리),189,123,66,0,25,61,41,38,24,0,15,40,28,22,18,0,10,21,13,16,6
2017,3,A,골목상권,2111047,마천1치안센터,146,78,68,0,9,30,42,28,37,0,7,18,28,13,12,0,2,12,14,15,25
2017,3,A,골목상권,2111046,마천역(마천초등학교),814,398,416,2,59,98,196,243,216,1,13,37,73,137,137,1,46,61,123,106,79
2017,3,A,골목상권,2111045,개미어린이공원,55,27,28,0,3,9,16,19,8,0,0,6,7,11,3,0,3,3,9,8,5
2017,3,A,골목상권,2111044,남천초등학교,658,282,376,3,49,156,216,177,57,2,16,72,98,61,33,1,33,84,118,116,24
2017,3,A,골목상권,2111043,마천공원,521,420,101,1,7,31,74,216,192,1,4,17,61,174,163,0,3,14,13,42,29
2017,3,A,골목상권,2111042,거여역 1번(거여공원),719,377,342,0,68,150,203,183,115,0,28,86,106,95,62,0,40,64,97,88,53
2017,3,A,골목상권,2111041,거여역 8번,78,44,34,0,5,12,21,23,17,0,4,7,11,12,10,0,1,5,10,11,7
2017,3,A,골목상권,2111040,거여초등학교,256,179,77,1,28,90,80,42,15,1,12,70,60,26,10,0,16,20,20,16,5
2017,3,A,골목상권,2111039,벌말어린이공원,391,248,143,1,31,84,118,103,54,0,17,55,77,61,38,1,14,29,41,42,16
2017,3,A,골목상권,2111038,보인중학교,776,461,315,0,68,165,214,237,92,0,25,101,134,139,62,0,43,64,80,98,30
2017,3,A,골목상권,2111037,Sh수협은행 오금동금융센터(아랫말어린이공원),366,258,108,2,27,117,93,90,37,2,20,93,68,54,21,0,7,24,25,36,16
2017,3,A,골목상권,2111036,투구봉어린이공원,180,117,63,0,14,30,54,55,27,0,6,19,37,31,24,0,8,11,17,24,3
2017,3,A,골목상권,2111035,오금공원(오주중학교),392,247,145,0,39,79,113,104,57,0,22,51,71,66,37,0,17,28,42,38,20
2017,3,A,골목상권,2111034,오동나무공원(송파레미니스1단지),1576,1080,496,2,206,342,413,429,184,0,104,217,308,312,139,2,102,125,105,117,45
2017,3,A,골목상권,2111033,문정동성당,211,95,116,0,17,41,54,44,55,0,8,25,19,25,18,0,9,16,35,19,37
2017,3,A,골목상권,2111032,방이역 1번,5094,3090,2004,8,193,500,525,721,3147,1,92,332,327,350,1988,7,101,168,198,371,1159
2017,3,A,골목상권,2111031,장지동주민센터(한림연예예술고교),2933,1961,972,4,267,413,674,694,881,3,146,303,466,474,569,1,121,110,208,220,312
2017,3,A,골목상권,2111030,방이역 2번,574,370,204,4,60,151,162,124,73,3,38,101,104,74,50,1,22,50,58,50,23
2017,3,A,골목상권,2111029,오금역 4번,561,304,257,7,158,127,140,76,53,3,84,62,71,44,40,4,74,65,69,32,13
2017,3,A,골목상권,2111028,문현중학교(장지역 1번),605,309,296,1,89,116,187,135,77,0,40,63,91,66,49,1,49,53,96,69,28
2017,3,A,골목상권,2111027,문정초등학교,2807,1735,1072,5,232,310,365,433,1462,3,102,170,211,243,1006,2,130,140,154,190,456
2017,3,A,골목상권,2111026,문정역 2번,1965,1351,614,4,319,556,521,349,216,0,160,384,383,251,173,4,159,172,138,98,43
2017,3,A,골목상권,2111025,경찰병원역 3번,144,80,64,0,12,40,27,42,23,0,5,24,9,24,18,0,7,16,18,18,5
2017,3,A,골목상권,2111024,경찰병원역 4번(건너말공원),313,234,79,2,64,94,85,40,28,1,45,73,65,30,20,1,19,21,20,10,8
2017,3,A,골목상권,2111023,문정역 1번,1008,709,299,4,143,234,293,214,120,3,89,174,213,136,94,1,54,60,80,78,26
2017,3,A,골목상권,2111022,석촌중학교(방이육교),321,151,170,0,20,43,85,125,48,0,13,32,53,33,20,0,7,11,32,92,28
2017,3,A,골목상권,2111021,방이역 4번,4712,3060,1652,16,583,975,969,871,1298,6,245,567,625,549,1068,10,338,408,344,322,230
2017,3,A,골목상권,2111020,방이동고분군(방산고등학교),421,262,159,1,45,112,94,96,73,0,22,76,60,53,51,1,23,36,34,43,22
2017,3,A,골목상권,2111019,한성백제역 3번,965,572,393,3,134,230,263,218,117,1,50,138,162,144,77,2,84,92,101,74,40
2017,3,A,골목상권,2111018,풍납초등학교(풍납백제문화공원),72,49,23,1,7,16,18,19,11,1,2,12,13,12,9,0,5,4,5,7,2
2017,3,A,골목상권,2111017,송파나루역 3번,272,146,126,2,42,68,70,48,42,0,18,33,36,27,32,2,24,35,34,21,10
2017,3,A,골목상권,2111016,송파역 2번,3702,1743,1959,16,908,1119,776,611,272,4,295,627,488,188,141,12,613,492,288,423,131
2017,3,A,골목상권,2111015,석촌역 3번,1386,750,636,1,180,292,342,280,291,1,75,174,198,132,170,0,105,118,144,148,121
2017,3,A,골목상권,2111014,송파나루역 2번,276,164,112,0,36,67,79,57,37,0,16,43,50,32,23,0,20,24,29,25,14
2017,3,A,골목상권,2111013,송파나루역 1번(송리단길),1820,1195,625,2,274,454,447,393,250,0,149,306,312,254,174,2,125,148,135,139,76
2017,3,A,골목상권,2111012,석촌역 6번,555,291,264,2,88,109,144,116,96,1,33,61,76,58,62,1,55,48,68,58,34
2017,3,A,골목상권,2111011,잠실나루역,546,179,367,2,81,126,174,107,56,0,18,52,42,38,29,2,63,74,132,69,27
2017,3,A,골목상권,2111010,석촌역 7번,1961,778,1183,23,646,432,392,310,158,4,126,193,203,136,116,19,520,239,189,174,42
2017,3,A,골목상권,2111009,송파책박물관,182,127,55,5,13,42,72,37,13,4,9,28,53,24,9,1,4,14,19,13,4
2017,3,A,골목상권,2111008,석촌고분역 3번,794,442,352,4,74,154,241,195,126,2,45,89,134,95,77,2,29,65,107,100,49
2017,3,A,골목상권,2111007,석촌고분역 4번,805,413,392,1,109,195,202,222,76,1,34,122,125,88,43,0,75,73,77,134,33
2017,3,A,골목상권,2111006,석촌고분역 1번,961,538,423,3,122,232,291,197,116,1,37,122,180,110,88,2,85,110,111,87,28
2017,3,A,골목상권,2111005,삼전역 3번,1282,855,427,4,122,232,236,313,375,1,58,161,139,200,296,3,64,71,97,113,79
2017,3,A,골목상권,2111004,삼전역 1번,3116,1794,1322,31,445,732,647,606,655,25,206,447,396,330,390,6,239,285,251,276,265
2017,3,A,골목상권,2111003,삼전역 4번,2022,1251,771,6,285,510,515,455,251,5,125,333,342,280,166,1,160,177,173,175,85
2017,3,A,골목상권,2111002,한국교통안전공단 강남자동차검사소,534,275,259,1,30,120,178,121,84,0,8,73,89,58,47,1,22,47,89,63,37
2017,3,A,골목상권,2111001,아래방죽마을공원(율현초등학교),38,14,24,0,3,14,10,6,5,0,1,7,1,1,4,0,2,7,9,5,1
2017,3,A,골목상권,2111000,대왕초등학교(세곡동사거리서남측),50,29,21,0,2,12,19,13,4,0,0,8,13,7,1,0,2,4,6,6,3
2017,3,A,골목상권,2110999,윗방죽마을공원,252,138,114,1,32,52,63,58,46,0,9,21,37,35,36,1,23,31,26,23,10
2017,3,A,골목상권,2110998,은곡마을(은곡마을공원),683,437,246,1,116,162,125,141,138,0,48,84,71,110,124,1,68,78,54,31,14
2017,3,A,골목상권,2110997,대청초등학교,2271,984,1287,3,164,379,610,679,436,1,84,195,241,235,228,2,80,184,369,444,208
2017,3,A,골목상권,2110996,대치2동주민센터,1297,1017,280,5,142,369,390,278,113,1,87,294,319,225,91,4,55,75,71,53,22
2017,3,A,골목상권,2110995,봉은사역 4번,2676,1698,978,6,350,582,550,817,371,3,165,415,437,429,249,3,185,167,113,388,122
2017,3,A,골목상권,2110994,개포고등학교,467,242,225,8,65,67,92,125,110,6,32,48,54,52,50,2,33,19,38,73,60
2017,3,A,골목상권,2110993,개포지하차도 북측,81,55,26,0,9,15,23,26,8,0,3,9,21,18,4,0,6,6,2,8,4
2017,3,A,골목상권,2110992,도곡초등학교,442,214,228,5,96,104,122,79,36,5,30,52,65,40,22,0,66,52,57,39,14
2017,3,A,골목상권,2110991,삼성중앙역 5번,1138,720,418,2,197,541,256,104,38,1,85,355,180,75,24,1,112,186,76,29,14
2017,3,A,골목상권,2110990,청담역 12번,325,99,226,4,100,116,61,31,13,2,26,27,26,11,7,2,74,89,35,20,6
2017,3,A,골목상권,2110989,대치동아우편취급국,481,301,180,1,53,150,136,84,57,1,20,108,87,44,41,0,33,42,49,40,16
2017,3,A,골목상권,2110988,청담역 3번,317,151,166,1,74,101,67,47,27,1,26,54,39,21,10,0,48,47,28,26,17
2017,3,A,골목상권,2110987,영동대교남단,241,115,126,1,67,89,40,25,19,0,23,42,25,11,14,1,44,47,15,14,5
2017,3,A,골목상권,2110986,삼성중앙역 7번,122,66,56,0,25,30,32,14,21,0,15,18,20,4,9,0,10,12,12,10,12
2017,3,A,골목상권,2110985,청담근린공원,380,193,187,1,87,131,99,35,27,1,22,67,66,18,19,0,65,64,33,17,8
2017,3,A,골목상권,2110984,포이초등학교(개포목련어린이공원),2793,1767,1026,5,343,720,724,630,371,3,195,524,451,343,251,2,148,196,273,287,120
2017,3,A,골목상권,2110983,국립국악고등학교,805,575,230,0,89,198,196,199,123,0,34,142,146,151,102,0,55,56,50,48,21
2017,3,A,골목상권,2110982,강남구보훈회관,177,102,75,0,32,56,49,19,21,0,13,40,27,11,11,0,19,16,22,8,10
2017,3,A,골목상권,2110981,국악고교사거리,1440,892,548,6,156,291,368,284,335,0,64,201,244,152,231,6,92,90,124,132,104
2017,3,A,골목상권,2110980,개포지구대옆,605,390,215,0,83,146,178,129,69,0,32,95,117,91,55,0,51,51,61,38,14
2017,3,A,골목상권,2110979,청담초등학교,246,84,162,0,87,60,49,26,24,0,14,24,17,11,18,0,73,36,32,15,6
2017,3,A,골목상권,2110978,도곡2동주민센터(대치중학교),406,258,148,2,46,85,95,131,47,1,30,59,62,73,33,1,16,26,33,58,14
2017,3,A,골목상권,2110977,논현로18길,168,110,58,0,15,40,53,39,21,0,5,28,36,26,15,0,10,12,17,13,6
2017,3,A,골목상권,2110976,언북초등학교,366,162,204,2,102,109,75,46,32,0,30,53,37,20,22,2,72,56,38,26,10
2017,3,A,골목상권,2110975,매봉역 1번,440,258,182,1,83,149,104,70,33,0,39,101,62,37,19,1,44,48,42,33,14
2017,3,A,골목상권,2110974,언주중학교,288,161,127,7,66,84,71,45,15,3,22,53,44,29,10,4,44,31,27,16,5
2017,3,A,골목상권,2110973,강남구청역 4번,964,548,416,4,208,305,190,133,124,0,69,170,112,96,101,4,139,135,78,37,23
2017,3,A,골목상권,2110972,강남세브란스병원미래의학연구센터,220,94,126,1,41,61,47,45,25,1,6,25,27,18,17,0,35,36,20,27,8
2017,3,A,골목상권,2110971,선정릉역 4번,967,612,355,4,260,339,218,82,64,3,123,224,165,53,44,1,137,115,53,29,20
2017,3,A,골목상권,2110970,학동초등학교,708,434,274,0,169,285,160,57,37,0,63,194,119,36,22,0,106,91,41,21,15
2017,3,A,골목상권,2110969,베르사이유1아파트,1046,583,463,2,272,378,197,119,78,1,106,232,127,74,43,1,166,146,70,45,35
2017,3,A,골목상권,2110968,강남구청역 2번,696,310,386,3,145,215,187,108,38,1,45,103,94,42,25,2,100,112,93,66,13
2017,3,A,골목상권,2110967,역삼역 8번,476,246,230,0,112,168,112,49,35,0,41,97,65,22,21,0,71,71,47,27,14
2017,3,A,골목상권,2110966,논현2동주민센터,1255,654,601,4,263,396,288,170,134,1,96,205,162,106,84,3,167,191,126,64,50
2017,3,A,골목상권,2110965,언주역 6번,417,208,209,2,68,125,94,68,60,0,20,61,57,33,37,2,48,64,37,35,23
2017,3,A,골목상권,2110964,싸리고개근린공원,144,73,71,0,25,41,35,22,21,0,6,21,17,15,14,0,19,20,18,7,7
2017,3,A,골목상권,2110963,역삼월드메르디앙아파트,254,183,71,1,29,66,84,47,27,1,13,46,65,39,19,0,16,20,19,8,8
2017,3,A,골목상권,2110962,도산공원북측,337,179,158,1,172,81,34,28,21,0,87,46,19,16,11,1,85,35,15,12,10
2017,3,A,골목상권,2110961,언주역 3번,1553,662,891,1,484,549,305,120,94,0,121,190,193,86,72,1,363,359,112,34,22
2017,3,A,골목상권,2110960,은광여고,232,125,107,0,77,69,43,29,14,0,31,43,25,17,9,0,46,26,18,12,5
2017,3,A,골목상권,2110959,신구중학교,874,505,369,17,277,288,143,97,52,4,153,192,94,37,25,13,124,96,49,60,27
2017,3,A,골목상권,2110958,역삼역 4번,1025,493,532,2,257,372,200,125,69,0,82,214,130,38,29,2,175,158,70,87,40
2017,3,A,골목상권,2110957,언북중학교,2237,1155,1082,4,550,767,517,239,160,1,189,439,303,125,98,3,361,328,214,114,62
2017,3,A,골목상권,2110956,언주역 8번,863,558,305,20,228,283,195,77,60,8,102,204,147,57,40,12,126,79,48,20,20
2017,3,A,골목상권,2110955,논현초등학교,965,554,411,0,185,301,253,120,106,0,63,183,179,67,62,0,122,118,74,53,44
2017,3,A,골목상권,2110954,국기원,655,229,426,5,237,216,138,43,16,1,39,103,68,10,8,4,198,113,70,33,8
2017,3,A,골목상권,2110953,학동근린공원,1597,796,801,1,503,658,312,79,44,0,160,373,200,39,24,1,343,285,112,40,20
2017,3,A,골목상권,2110952,논현목련공원,153,79,74,0,40,60,37,11,5,0,14,34,21,6,4,0,26,26,16,5,1
2017,3,A,골목상권,2110951,신사은행나무공원,295,170,125,3,94,120,40,26,12,1,52,77,22,12,6,2,42,43,18,14,6
2017,3,A,골목상권,2110950,논현역 7번,531,282,249,0,140,215,117,39,20,0,43,122,78,23,16,0,97,93,39,16,4
2017,3,A,골목상권,2110949,한남IC,1095,584,511,15,220,410,263,128,59,2,60,234,161,81,46,13,160,176,102,47,13
2017,3,A,골목상권,2110948,헌인가구단지,23,15,8,0,0,1,13,6,3,0,0,0,9,4,2,0,0,1,4,2,1
2017,3,A,골목상권,2110947,청계산입구역 2번(내곡동주민센터),95,48,47,0,13,16,21,31,14,0,6,8,12,13,9,0,7,8,9,18,5
2017,3,A,골목상권,2110946,청계산원터골,107,62,45,2,17,27,19,28,14,0,9,18,12,15,8,2,8,9,7,13,6
2017,3,A,골목상권,2110945,본마을노인복지센터(서초구립내곡도서관),63,33,30,0,8,16,15,16,8,0,5,8,8,8,4,0,3,8,7,8,4
2017,3,A,골목상권,2110944,서울나래학교(염곡어린이공원),252,160,92,0,35,78,65,58,16,0,12,51,44,41,12,0,23,27,21,17,4
2017,3,A,골목상권,2110943,법제교육센터(버들어린이공원),1577,616,961,3,146,475,569,271,113,3,54,171,199,110,79,0,92,304,370,161,34
2017,3,A,골목상권,2110942,염곡동 구룡사(포이동성당),2541,1551,990,3,271,623,731,576,337,2,125,392,482,331,219,1,146,231,249,245,118
2017,3,A,골목상권,2110941,언남고등학교,394,270,124,0,47,116,112,82,37,0,22,76,80,58,34,0,25,40,32,24,3
2017,3,A,골목상권,2110940,양재근린공원(양재2동주민센터),1217,810,407,7,290,378,318,140,84,2,153,268,226,94,67,5,137,110,92,46,17
2017,3,A,골목상권,2110939,양재역 8번(양재동우체국),7295,4703,2592,12,1061,2225,1713,1228,1056,9,520,1408,1168,825,773,3,541,817,545,403,283
2017,3,A,골목상권,2110938,바우뫼공원,1913,1276,637,7,387,651,510,241,117,5,204,471,373,148,75,2,183,180,137,93,42
2017,3,A,골목상권,2110937,방아다리근린공원(횃불트리니티신학대학원대학교),326,236,90,0,60,92,89,58,27,0,36,62,74,45,19,0,24,30,15,13,8
2017,3,A,골목상권,2110936,더케이호텔(양재리본타워2단지아파트),1316,834,482,1,214,510,306,170,115,1,86,289,222,136,100,0,128,221,84,34,15
2017,3,A,골목상권,2110935,한전아트센터,536,407,129,2,85,159,170,77,43,2,38,122,140,69,36,0,47,37,30,8,7
2017,3,A,골목상권,2110934,우면주공아파트,770,510,260,0,113,222,214,136,85,0,50,164,146,88,62,0,63,58,68,48,23
2017,3,A,골목상권,2110933,한국상담대학원대학교,359,276,83,0,28,115,113,76,27,0,13,97,96,51,19,0,15,18,17,25,8
2017,3,A,골목상권,2110932,서울시인재개발원,824,607,217,0,142,346,211,82,43,0,81,261,169,60,36,0,61,85,42,22,7
2017,3,A,골목상권,2110931,삼성전자서울R&D(서울우면초등학교),77,18,59,0,30,22,10,12,3,0,3,9,5,1,0,0,27,13,5,11,3
2017,3,A,골목상권,2110930,서초동성당,587,397,190,0,82,148,173,107,77,0,36,101,131,74,55,0,46,47,42,33,22
2017,3,A,골목상권,2110929,남부터미널역 1번,2662,1678,984,6,517,871,680,364,224,3,227,521,491,258,178,3,290,350,189,106,46
2017,3,A,골목상권,2110928,서초우방유쉘아파트,314,175,139,1,67,122,58,47,19,0,26,57,42,38,12,1,41,65,16,9,7
2017,3,A,골목상권,2110927,잠원역,100,29,71,0,19,23,24,17,17,0,2,2,5,10,10,0,17,21,19,7,7
2017,3,A,골목상권,2110926,신중초등학교,421,260,161,1,62,101,123,76,58,1,23,69,72,50,45,0,39,32,51,26,13
2017,3,A,골목상권,2110925,서초중학교,359,221,138,0,51,102,89,65,52,0,22,62,58,41,38,0,29,40,31,24,14
2017,3,A,골목상권,2110924,반포4동주민센터(몽마르뜨공원),356,155,201,0,69,95,71,63,58,0,21,54,27,26,27,0,48,41,44,37,31
2017,3,A,골목상권,2110923,방배역 1번,107,80,27,0,13,36,26,25,7,0,10,28,20,18,4,0,3,8,6,7,3
2017,3,A,골목상권,2110922,내방역 1번,811,111,700,3,80,174,294,191,69,1,14,23,14,20,39,2,66,151,280,171,30
2017,3,A,골목상권,2110921,서울프랑스학교,151,70,81,0,31,32,41,23,24,0,16,17,18,9,10,0,15,15,23,14,14
2017,3,A,골목상권,2110920,방배역 2번(백석예술대학교),501,278,223,0,78,85,155,138,45,0,32,42,84,87,33,0,46,43,71,51,12
2017,3,A,골목상권,2110919,내방역 8번,578,374,204,0,72,173,187,103,43,0,35,119,124,64,32,0,37,54,63,39,11
2017,3,A,골목상권,2110918,방배역 3번,620,331,289,3,116,181,182,92,46,1,40,102,99,54,35,2,76,79,83,38,11
2017,3,A,골목상권,2110917,서초소방서,1438,1097,341,0,185,464,474,242,73,0,102,364,389,194,48,0,83,100,85,48,25
2017,3,A,골목상권,2110916,내방역 4번,1697,717,980,4,408,520,482,162,121,3,83,215,212,102,102,1,325,305,270,60,19
2017,3,A,골목상권,2110915,서래초등학교,183,100,83,1,49,55,44,19,15,0,31,27,21,12,9,1,18,28,23,7,6
2017,3,A,골목상권,2110914,내방역 6번,132,84,48,0,20,58,29,15,10,0,9,38,18,12,7,0,11,20,11,3,3
2017,3,A,골목상권,2110913,방현초등학교(방배119안전센터),2874,1841,1033,7,487,971,679,404,326,4,225,607,475,305,225,3,262,364,204,99,101
2017,3,A,골목상권,2110912,방배동사이길,293,114,179,1,67,71,67,39,48,1,13,28,31,15,26,0,54,43,36,24,22
2017,3,A,골목상권,2110911,방배배수지체육공원,355,263,92,0,46,61,52,77,119,0,17,28,37,70,111,0,29,33,15,7,8
2017,3,A,골목상권,2110910,내방역 5번,436,250,186,2,62,127,136,68,41,1,17,72,93,42,25,1,45,55,43,26,16
2017,3,A,골목상권,2110909,남태령역(서울전자고등학교),154,87,67,0,21,17,37,38,41,0,8,7,24,23,25,0,13,10,13,15,16
2017,3,A,골목상권,2110908,구반포역,596,379,217,1,76,108,147,137,127,0,35,65,92,103,84,1,41,43,55,34,43
2017,3,A,골목상권,2110907,방배초등학교,1050,590,460,8,279,231,207,174,151,4,95,147,125,114,105,4,184,84,82,60,46
2017,3,A,골목상권,2110906,서문여고,385,247,138,1,41,64,90,75,114,0,14,39,54,49,91,1,27,25,36,26,23
2017,3,A,골목상권,2110905,방배노인종합복지관(이수중학교),272,149,123,0,39,58,68,72,35,0,15,28,46,42,18,0,24,30,22,30,17
2017,3,A,골목상권,2110904,이수역 5번,732,479,253,5,110,226,206,110,75,2,58,145,148,69,57,3,52,81,58,41,18
2017,3,A,골목상권,2110903,방배아이파크아파트,796,381,415,0,149,155,205,173,114,0,51,94,111,66,59,0,98,61,94,107,55
2017,3,A,골목상권,2110902,사당역 4번,1660,748,912,4,356,413,386,354,147,1,108,224,196,120,99,3,248,189,190,234,48
2017,3,A,골목상권,2110901,인헌고등학교(인헌중학교),148,59,89,0,41,36,35,21,15,0,12,19,15,5,8,0,29,17,20,16,7
2017,3,A,골목상권,2110900,낙성대역 1번(관악구민 종합체육센터),191,83,108,0,26,42,54,46,23,0,6,22,21,22,12,0,20,20,33,24,11
2017,3,A,골목상권,2110899,낙성대역 5번(관악중학교),132,64,68,0,13,27,30,46,16,0,3,17,12,22,10,0,10,10,18,24,6
2017,3,A,골목상권,2110898,청림동주민센터(상도중학교),74,22,52,0,23,17,17,11,6,0,7,4,6,3,2,0,16,13,11,8,4
2017,3,A,골목상권,2110897,서울대입구역 8번,189,83,106,0,27,36,51,47,28,0,10,18,20,21,14,0,17,18,31,26,14
2017,3,A,골목상권,2110896,관악우성아파트,297,82,215,0,44,62,76,68,47,0,10,17,23,17,15,0,34,45,53,51,32
2017,3,A,골목상권,2110895,샤로수길,1158,591,567,1,171,251,275,287,173,0,78,146,150,123,94,1,93,105,125,164,79
2017,3,A,골목상권,2110894,관악동부센트레빌아파트(은천로35라길),11,5,6,0,1,1,5,3,1,0,1,0,0,3,1,0,0,1,5,0,0
2017,3,A,골목상권,2110893,관악소방서(문영여고),415,342,73,0,46,118,108,121,22,0,29,103,94,101,15,0,17,15,14,20,7
2017,3,A,골목상권,2110892,관악구 중앙길,761,348,413,3,114,163,184,170,127,0,32,61,97,92,66,3,82,102,87,78,61
2017,3,A,골목상권,2110891,구암초등학교,89,41,48,0,5,11,34,29,10,0,1,6,16,13,5,0,4,5,18,16,5
2017,3,A,골목상권,2110890,봉천역 1번(관악초등학교),297,192,105,0,34,66,97,66,34,0,9,39,66,48,30,0,25,27,31,18,4
2017,3,A,골목상권,2110889,봉천역 6번,45,30,15,0,8,9,10,13,5,0,6,7,7,6,4,0,2,2,3,7,1
2017,3,A,골목상권,2110888,청룡동주민센터,173,88,85,0,8,24,27,53,61,0,2,11,10,19,46,0,6,13,17,34,15
2017,3,A,골목상권,2110887,서울산업정보학교(서울삼성초등학교),120,51,69,0,23,24,24,36,13,0,4,8,8,20,11,0,19,16,16,16,2
2017,3,A,골목상권,2110886,관악해태어린이공원,181,108,73,0,20,57,44,39,21,0,11,38,31,19,9,0,9,19,13,20,12
2017,3,A,골목상권,2110885,영락고등학교,200,96,104,0,19,43,51,50,37,0,7,25,21,25,18,0,12,18,30,25,19
2017,3,A,골목상권,2110884,봉천역 4번(봉천110안전센터),580,440,140,2,54,79,115,175,155,2,21,45,75,153,144,0,33,34,40,22,11
2017,3,A,골목상권,2110883,은천초등학교(은천교앞),326,184,142,0,54,88,93,63,28,0,28,65,45,34,12,0,26,23,48,29,16
2017,3,A,골목상권,2110882,신성초등학교,798,506,292,1,51,92,198,232,224,1,16,44,109,151,185,0,35,48,89,81,39
2017,3,A,골목상권,2110881,구립대학경로당(관악산샘말공원),434,218,216,0,48,103,113,100,70,0,24,62,51,42,39,0,24,41,62,58,31
2017,3,A,골목상권,2110880,신림역 1번,699,183,516,2,246,221,123,79,28,0,42,54,52,23,12,2,204,167,71,56,16
2017,3,A,골목상권,2110879,신림현대아파트,229,91,138,0,17,36,53,81,42,0,8,24,25,22,12,0,9,12,28,59,30
2017,3,A,골목상권,2110878,미림여고,52,24,28,1,6,13,12,12,8,1,2,5,5,6,5,0,4,8,7,6,3
2017,3,A,골목상권,2110877,신림역 8번,487,258,229,1,69,103,132,118,64,1,43,64,57,55,38,0,26,39,75,63,26
2017,3,A,골목상권,2110876,서원동주민센터(신관중학교),81,33,48,0,9,19,17,21,15,0,2,7,5,11,8,0,7,12,12,10,7
2017,3,A,골목상권,2110875,보라매동주민센터(당곡고등학교),65,23,42,1,8,5,21,17,13,0,3,0,8,8,4,1,5,5,13,9,9
2017,3,A,골목상권,2110874,원신초등학교(구세군관악영문교회),173,59,114,0,37,35,29,39,33,0,9,6,13,14,17,0,28,29,16,25,16
2017,3,A,골목상권,2110873,당곡중학교,597,306,291,0,60,97,141,127,172,0,19,47,60,70,110,0,41,50,81,57,62
2017,3,A,골목상권,2110872,신림초등학교,71,31,40,1,15,13,9,17,16,1,8,7,9,4,2,0,7,6,0,13,14
2017,3,A,골목상권,2110871,신원동주민센터,126,62,64,0,12,29,41,22,22,0,5,16,20,10,11,0,7,13,21,12,11
2017,3,A,골목상권,2110869,"신림역 5번(신림동주민센터, 신림동별빛거리)",324,188,136,0,36,69,90,75,54,0,20,38,51,43,36,0,16,31,39,32,18
2017,3,A,골목상권,2110868,남부초등학교,195,102,93,1,18,40,48,55,33,1,8,28,21,28,16,0,10,12,27,27,17
2017,3,A,골목상권,2110867,국제신학대학원대학교(남서울중학교),383,209,174,1,31,71,81,100,99,0,10,33,44,56,66,1,21,38,37,44,33
2017,3,A,골목상권,2110866,난우중학교,102,41,61,0,11,20,37,24,10,0,1,8,13,13,6,0,10,12,24,11,4
2017,3,A,골목상권,2110865,남강고등학교(남강중학교),454,179,275,0,83,124,118,87,42,0,16,53,44,38,28,0,67,71,74,49,14
2017,3,A,골목상권,2110864,신림우방아파트,190,132,58,0,17,42,43,50,38,0,9,30,30,34,29,0,8,12,13,16,9
2017,3,A,골목상권,2110863,난우초등학교,369,181,188,1,48,66,93,88,73,0,14,31,55,44,37,1,34,35,38,44,36
2017,3,A,골목상권,2110862,난곡초등학교(난곡동벽화마을),149,60,89,0,25,30,37,33,24,0,10,12,15,16,7,0,15,18,22,17,17
2017,3,A,골목상권,2110861,관악구신사동주민센터,977,431,546,1,148,189,246,269,124,1,44,85,117,117,67,0,104,104,129,152,57
2017,3,A,골목상권,2110860,호림박물관(성보고등학교),736,450,286,0,35,68,176,211,246,0,16,35,83,130,186,0,19,33,93,81,60
2017,3,A,골목상권,2110859,난향초등학교,496,194,302,0,11,23,64,189,209,0,2,14,36,52,90,0,9,9,28,137,119
2017,3,A,골목상권,2110858,신대방역 1번,82,22,60,0,18,23,13,17,11,0,1,6,4,5,6,0,17,17,9,12,5
2017,3,A,골목상권,2110857,미성동주민센터,319,132,187,0,27,53,77,83,79,0,9,25,34,32,32,0,18,28,43,51,47
2017,3,A,골목상권,2110856,미성초등학교,595,275,320,2,83,98,152,123,137,0,26,48,72,58,71,2,57,50,80,65,66
2017,3,A,골목상권,2110855,신대방역 2번,873,462,411,1,95,202,228,220,127,0,29,134,107,114,78,1,66,68,121,106,49
2017,3,A,골목상권,2110854,조원동주민센터,111,60,51,0,6,27,35,33,10,0,2,16,21,16,5,0,4,11,14,17,5
2017,3,A,골목상권,2110853,KT구로지사,161,107,54,0,18,41,56,31,15,0,9,29,42,20,7,0,9,12,14,11,8
2017,3,A,골목상권,2110852,이수역 9번,219,125,94,0,23,59,61,43,33,0,13,33,32,22,25,0,10,26,29,21,8
2017,3,A,골목상권,2110851,경문고등학교(동작동성당),169,43,126,0,16,36,59,49,9,0,1,10,15,11,6,0,15,26,44,38,3
2017,3,A,골목상권,2110850,사당역 10번,911,492,419,0,121,208,293,162,127,0,56,118,171,69,78,0,65,90,122,93,49
2017,3,A,골목상권,2110849,이수역 10번,377,228,149,1,37,67,105,106,61,1,13,44,58,73,39,0,24,23,47,33,22
2017,3,A,골목상권,2110848,양지어린이공원,599,397,202,0,47,131,191,134,96,0,10,64,139,107,77,0,37,67,52,27,19
2017,3,A,골목상권,2110847,예술인마을,329,182,147,0,45,108,79,48,49,0,15,61,53,26,27,0,30,47,26,22,22
2017,3,A,골목상권,2110846,남성역 1번,564,325,239,0,44,109,143,147,121,0,7,45,75,92,106,0,37,64,68,55,15
2017,3,A,골목상권,2110845,사당종합체육관,33,22,11,0,3,3,9,10,8,0,2,3,7,4,6,0,1,0,2,6,2
2017,3,A,골목상권,2110844,흑석2치안센터,38,17,21,0,6,7,6,7,12,0,5,4,4,3,1,0,1,3,2,4,11
2017,3,A,골목상권,2110843,사당5동주민센터,304,222,82,3,84,65,61,50,41,2,64,41,43,39,33,1,20,24,18,11,8
2017,3,A,골목상권,2110842,흑리단길,73,35,38,1,11,14,22,19,6,0,5,9,11,4,6,1,6,5,11,15,0
2017,3,A,골목상권,2110841,중대부중,76,31,45,0,7,11,18,25,15,0,3,5,12,10,1,0,4,6,6,15,14
2017,3,A,골목상권,2110840,중앙대학교,257,134,123,0,68,58,61,41,29,0,34,42,28,16,14,0,34,16,33,25,15
2017,3,A,골목상권,2110839,숭실대입구역 4번,408,192,216,4,65,117,94,93,35,2,22,56,43,46,23,2,43,61,51,47,12
2017,3,A,골목상권,2110838,상도1동주민센터앞,75,26,49,0,12,25,22,8,8,0,3,12,8,1,2,0,9,13,14,7,6
2017,3,A,골목상권,2110837,숭실대입구역 1번,600,264,336,2,88,150,176,101,83,0,26,82,87,35,34,2,62,68,89,66,49
2017,3,A,골목상권,2110836,상도역 5번,950,462,488,2,157,231,240,197,123,2,55,126,123,91,65,0,102,105,117,106,58
2017,3,A,골목상권,2110835,상도역 1번,311,137,174,2,46,77,77,65,44,1,15,41,34,28,18,1,31,36,43,37,26
2017,3,A,골목상권,2110834,동작구자원봉사센터,113,48,65,0,10,20,42,28,13,0,3,7,20,11,7,0,7,13,22,17,6
2017,3,A,골목상권,2110833,상도역 2번,137,69,68,0,18,34,34,36,15,0,8,12,19,19,11,0,10,22,15,17,4
2017,3,A,골목상권,2110832,노량진초등학교,266,147,119,0,30,53,63,76,44,0,8,28,38,50,23,0,22,25,25,26,21
2017,3,A,골목상권,2110831,상도4동주민센터,115,57,58,0,14,18,42,27,14,0,9,5,20,12,11,0,5,13,22,15,3
2017,3,A,골목상권,2110830,상도초등학교,263,121,142,1,32,52,62,69,47,1,11,25,33,30,21,0,21,27,29,39,26
2017,3,A,골목상권,2110829,장승배기역 5번,702,474,228,1,225,146,109,104,117,0,190,99,60,51,74,1,35,47,49,53,43
2017,3,A,골목상권,2110828,노량진역 6번,2951,2054,897,6,435,1180,779,415,136,1,257,866,608,260,62,5,178,314,171,155,74
2017,3,A,골목상권,2110827,NH농협은행 상도동지점,516,174,342,4,87,108,133,101,83,1,21,40,50,31,31,3,66,68,83,70,52
2017,3,A,골목상권,2110826,장승배기역 4번,394,196,198,2,50,67,114,107,54,0,19,34,63,47,33,2,31,33,51,60,21
2017,3,A,골목상권,2110825,신대방삼거리역 1번,309,82,227,0,32,50,90,102,35,0,5,13,30,22,12,0,27,37,60,80,23
2017,3,A,골목상권,2110824,대방역 3번,411,149,262,0,52,137,117,80,25,0,16,59,32,28,14,0,36,78,85,52,11
2017,3,A,골목상권,2110823,신대방삼거리역 3번,325,112,213,4,42,61,68,96,54,4,12,33,24,19,20,0,30,28,44,77,34
2017,3,A,골목상권,2110822,신대방삼거리역 4번(대림초등학교),57,30,27,0,4,14,16,16,7,0,3,11,5,7,4,0,1,3,11,9,3
2017,3,A,골목상권,2110821,보라매역 2번,314,160,154,0,32,63,89,82,48,0,7,33,46,45,29,0,25,30,43,37,19
2017,3,A,골목상권,2110820,성남고등학교,469,289,180,0,49,106,94,123,97,0,27,50,61,79,72,0,22,56,33,44,25
2017,3,A,골목상권,2110819,신대방역 4번,578,324,254,0,50,95,132,137,164,0,13,38,75,85,113,0,37,57,57,52,51
2017,3,A,골목상권,2110818,신대방역 3번,1208,1104,104,8,247,428,352,141,32,8,228,410,320,108,30,0,19,18,32,33,2
2017,3,A,골목상권,2110817,대방역 4번,503,321,182,1,134,91,130,72,75,1,59,67,86,48,60,0,75,24,44,24,15
2017,3,A,골목상권,2110816,대방역 6번,1266,876,390,7,173,289,342,322,133,3,101,210,260,205,97,4,72,79,82,117,36
2017,3,A,골목상권,2110815,공군호텔,1669,669,1000,4,367,478,335,331,154,0,97,248,142,120,62,4,270,230,193,211,92
2017,3,A,골목상권,2110814,서울지방병무청,1820,1158,662,0,108,206,362,622,522,0,34,128,234,372,390,0,74,78,128,250,132
2017,3,A,골목상권,2110813,보라매역 6번,378,193,185,1,27,72,103,104,71,1,12,38,54,50,38,0,15,34,49,54,33
2017,3,A,골목상권,2110812,신길6동주민센터,340,200,140,1,63,100,85,54,37,0,24,66,68,15,27,1,39,34,17,39,10
2017,3,A,골목상권,2110811,보라매역 4번,334,199,135,0,18,46,68,61,141,0,7,19,34,35,104,0,11,27,34,26,37
2017,3,A,골목상권,2110810,영신초등학교,577,275,302,2,60,104,136,137,138,0,20,59,68,67,61,2,40,45,68,70,77
2017,3,A,골목상권,2110809,장훈고등학교,329,148,181,1,52,54,101,71,50,1,19,33,54,23,18,0,33,21,47,48,32
2017,3,A,골목상권,2110808,신길역 1번,65,44,21,0,11,20,13,15,6,0,4,15,10,11,4,0,7,5,3,4,2
2017,3,A,골목상권,2110807,신길역 3번,456,290,166,3,76,81,91,96,109,1,24,48,68,73,76,2,52,33,23,23,33
2017,3,A,골목상권,2110806,서울시립영등포장애인복지관,286,207,79,0,32,90,101,52,11,0,10,57,84,48,8,0,22,33,17,4,3
2017,3,A,골목상권,2110805,신길새마을금고신길4동지점,92,44,48,1,10,20,24,20,17,0,4,12,11,10,7,1,6,8,13,10,10
2017,3,A,골목상권,2110804,신풍역 1번,371,176,195,3,30,90,89,102,57,0,7,48,39,52,30,3,23,42,50,50,27
2017,3,A,골목상권,2110803,신길2동우편취급국,199,102,97,1,26,44,54,45,29,1,12,30,22,20,17,0,14,14,32,25,12
2017,3,A,골목상권,2110802,신길동홍어거리,389,210,179,0,40,133,122,62,32,0,5,60,75,43,27,0,35,73,47,19,5
2017,3,A,골목상권,2110801,신풍역 6번(신길6동공영주차장),14,10,4,0,6,0,4,4,0,0,6,0,1,3,0,0,0,0,3,1,0
2017,3,A,골목상권,2110800,영등포동성당,297,222,75,0,17,45,99,89,47,0,8,37,69,68,40,0,9,8,30,21,7
2017,3,A,골목상권,2110799,영등포본동주민센터,90,64,26,0,13,20,15,17,25,0,4,16,8,12,24,0,9,4,7,5,1
2017,3,A,골목상권,2110798,신풍역 2번,68,32,36,0,4,6,15,20,23,0,2,4,8,9,9,0,2,2,7,11,14
2017,3,A,골목상권,2110797,KT대방빌딩,116,50,66,2,26,26,31,17,14,0,12,11,13,9,5,2,14,15,18,8,9
2017,3,A,골목상권,2110796,한림대학교한강성심병원,154,110,44,2,8,26,33,42,43,2,4,24,21,26,33,0,4,2,12,16,10
2017,3,A,골목상권,2110795,도림초등학교,326,130,196,0,23,31,68,91,113,0,5,17,27,48,33,0,18,14,41,43,80
2017,3,A,골목상권,2110794,영동초등학교,2352,1624,728,1,321,579,624,472,355,0,180,386,441,329,288,1,141,193,183,143,67
2017,3,A,골목상권,2110793,대림썬프라자,36,27,9,0,2,4,9,13,8,0,2,3,6,8,8,0,0,1,3,5,0
2017,3,A,골목상권,2110792,영등포역 2번,501,299,202,0,50,98,161,121,71,0,25,55,91,78,50,0,25,43,70,43,21
2017,3,A,골목상권,2110791,신풍역 3번,40,19,21,0,2,17,9,9,3,0,0,8,3,5,3,0,2,9,6,4,0
2017,3,A,골목상권,2110790,대림1동주민센터,369,207,162,0,48,85,80,74,82,0,19,44,33,46,65,0,29,41,47,28,17
2017,3,A,골목상권,2110789,대림성모병원,665,222,443,1,146,146,168,138,66,1,19,60,65,45,32,0,127,86,103,93,34
2017,3,A,골목상권,2110788,영등포시장역 3번,55,30,25,0,3,6,14,25,7,0,2,6,8,9,5,0,1,0,6,16,2
2017,3,A,골목상권,2110787,신길3동주민센터,220,113,107,0,24,52,62,49,33,0,7,28,33,27,18,0,17,24,29,22,15
2017,3,A,골목상권,2110786,당산역 8번,207,119,88,1,28,43,48,44,43,1,12,27,29,25,25,0,16,16,19,19,18
2017,3,A,골목상권,2110785,영등포푸르지오아파트,263,131,132,2,18,48,70,82,43,1,11,23,41,30,25,1,7,25,29,52,18
2017,3,A,골목상권,2110784,신대림초등학교,130,37,93,0,4,12,20,51,43,0,2,5,7,16,7,0,2,7,13,35,36
2017,3,A,골목상권,2110783,영등포시장역 1번,801,314,487,0,85,253,171,124,168,0,26,80,70,60,78,0,59,173,101,64,90
2017,3,A,골목상권,2110782,영등포시장역 4번,193,117,76,0,35,39,63,39,17,0,10,26,39,28,14,0,25,13,24,11,3
2017,3,A,골목상권,2110781,대림한신아파트,164,101,63,0,8,23,45,52,36,0,4,14,31,31,21,0,4,9,14,21,15
2017,3,A,골목상권,2110780,신길대성유니드아파트,173,134,39,2,20,42,41,40,28,2,16,35,29,31,21,0,4,7,12,9,7
2017,3,A,골목상권,2110779,대림갑을명가아파트,47,19,28,0,2,7,19,9,10,0,0,4,5,3,7,0,2,3,14,6,3
2017,3,A,골목상권,2110778,구로디지털단지역 4번,1171,537,634,3,97,246,393,227,205,0,23,112,121,128,153,3,74,134,272,99,52
2017,3,A,골목상권,2110777,구로세무서,542,412,130,1,47,96,137,165,96,1,24,75,99,133,80,0,23,21,38,32,16
2017,3,A,골목상권,2110776,도신초등학교,404,260,144,3,42,99,121,94,45,0,26,58,80,63,33,3,16,41,41,31,12
2017,3,A,골목상권,2110775,대동초등학교,58,28,30,0,2,8,17,18,13,0,1,5,4,9,9,0,1,3,13,9,4
2017,3,A,골목상권,2110774,당산반도유보라팰리스아파트,611,391,220,4,84,183,167,111,62,0,40,126,107,74,44,4,44,57,60,37,18
2017,3,A,골목상권,2110773,당산역 13번,460,310,150,10,63,106,115,83,83,3,32,65,82,61,67,7,31,41,33,22,16
2017,3,A,골목상권,2110772,신우어린이공원,174,66,108,0,23,40,42,47,22,0,4,20,22,14,6,0,19,20,20,33,16
2017,3,A,골목상권,2110771,대림역 11번,39,11,28,0,7,10,9,12,1,0,1,3,1,6,0,0,6,7,8,6,1
2017,3,A,골목상권,2110770,영등포구청역 6번,522,308,214,2,72,95,129,106,118,2,35,47,72,62,90,0,37,48,57,44,28
2017,3,A,골목상권,2110769,대림차이나타운(대림역 12번),24,13,11,0,4,6,4,8,2,0,1,4,2,4,2,0,3,2,2,4,0
2017,3,A,골목상권,2110768,도림2동유수지내체육시설,493,293,200,0,57,120,113,64,139,0,19,74,70,38,92,0,38,46,43,26,47
2017,3,A,골목상권,2110767,도림동주민센터,94,42,52,0,21,25,24,14,10,0,6,13,10,6,7,0,15,12,14,8,3
2017,3,A,골목상권,2110766,대림역 5번,816,477,339,1,67,120,199,267,162,1,39,71,105,155,106,0,28,49,94,112,56
2017,3,A,골목상권,2110765,문래동사거리,1337,930,407,3,128,268,361,381,196,1,75,171,252,267,164,2,53,97,109,114,32
2017,3,A,골목상권,2110764,문래역 3번,793,364,429,1,53,77,99,147,416,0,18,33,57,64,192,1,35,44,42,83,224
2017,3,A,골목상권,2110763,영등포구청역 2번,1344,768,576,3,179,344,266,273,279,0,77,203,176,134,178,3,102,141,90,139,101
2017,3,A,골목상권,2110762,선유도역 1번,4351,2860,1491,17,605,1185,1135,870,539,9,260,772,805,599,415,8,345,413,330,271,124
2017,3,A,골목상권,2110761,문래동남성맨션,345,256,89,3,54,82,76,80,50,3,34,59,54,62,44,0,20,23,22,18,6
2017,3,A,골목상권,2110760,선유도역 6번,13291,8488,4803,26,2066,4724,4248,1855,372,15,1004,3053,2876,1260,280,11,1062,1671,1372,595,92
2017,3,A,골목상권,2110759,문래예술촌(문래창작촌),5315,3491,1824,13,751,1206,1356,1264,725,6,397,798,938,861,491,7,354,408,418,403,234
2017,3,A,골목상권,2110758,문래소공원,570,423,147,1,25,97,170,107,170,1,16,78,133,71,124,0,9,19,37,36,46
2017,3,A,골목상권,2110757,양평역 2번,2445,1385,1060,3,275,530,654,556,427,3,113,344,350,307,268,0,162,186,304,249,159
2017,3,A,골목상권,2110756,문래중학교,354,239,115,1,39,89,112,56,57,0,23,61,79,33,43,1,16,28,33,23,14
2017,3,A,골목상권,2110755,동일여자고등학교,299,120,179,1,27,58,86,80,47,0,10,25,34,27,24,1,17,33,52,53,23
2017,3,A,골목상권,2110754,삼성산자연공원(서울금천초등학교),329,103,226,0,26,43,93,102,65,0,5,14,30,30,24,0,21,29,63,72,41
2017,3,A,골목상권,2110753,시흥동 은행나무사거리,1245,802,443,2,72,110,319,478,264,0,17,59,210,327,189,2,55,51,109,151,75
2017,3,A,골목상권,2110752,한울중학교,355,139,216,0,25,65,131,99,35,0,9,28,40,41,21,0,16,37,91,58,14
2017,3,A,골목상권,2110751,난곡중학교,245,128,117,0,18,29,75,79,44,0,5,16,37,41,29,0,13,13,38,38,15
2017,3,A,골목상권,2110750,시흥4동주민센터(서울신흥초등학교),214,63,151,0,23,40,68,56,27,0,6,12,17,14,14,0,17,28,51,42,13
2017,3,A,골목상권,2110749,금산초등학교(금천고등학교),459,254,205,1,43,84,126,78,127,0,25,44,55,35,95,1,18,40,71,43,32
2017,3,A,골목상권,2110748,백산초등학교,195,102,93,0,32,36,53,43,31,0,12,16,30,24,20,0,20,20,23,19,11
2017,3,A,골목상권,2110747,석수역 1번 출입구,999,687,312,4,63,158,293,319,162,1,36,97,179,239,135,3,27,61,114,80,27
2017,3,A,골목상권,2110746,금천금빛공원(은행나무사거리서측),81,51,30,1,4,12,30,22,12,1,2,8,20,10,10,0,2,4,10,12,2
2017,3,A,골목상권,2110745,독산동정훈단지,440,243,197,0,51,50,90,123,126,0,15,21,43,80,84,0,36,29,47,43,42
2017,3,A,골목상권,2110744,독산동성당,386,146,240,0,35,53,104,122,72,0,7,19,40,47,33,0,28,34,64,75,39
2017,3,A,골목상권,2110743,시흥초등학교(시흥1동우체국),297,87,210,1,26,39,72,100,59,1,8,16,26,25,11,0,18,23,46,75,48
2017,3,A,골목상권,2110742,KT금천빌딩(금천구시설관리공단),616,356,260,5,64,150,167,153,77,2,35,101,108,68,42,3,29,49,59,85,35
2017,3,A,골목상권,2110741,독산2동주민센터,251,59,192,0,21,39,67,74,50,0,1,8,16,17,17,0,20,31,51,57,33
2017,3,A,골목상권,2110740,금천해태공원,1085,308,777,0,121,128,171,207,458,0,26,42,67,55,118,0,95,86,104,152,340
2017,3,A,골목상권,2110739,시흥3동 우편취급국,1830,779,1051,1,189,386,734,481,39,0,80,222,302,145,30,1,109,164,432,336,9
2017,3,A,골목상권,2110738,문성초등학교,281,117,164,1,25,36,84,103,32,0,10,14,34,40,19,1,15,22,50,63,13
2017,3,A,골목상권,2110737,금천세무서,582,341,241,3,68,107,127,157,120,0,21,49,65,98,108,3,47,58,62,59,12
2017,3,A,골목상권,2110736,독산119안전센터,445,224,221,0,58,68,116,121,82,0,20,37,47,56,64,0,38,31,69,65,18
2017,3,A,골목상권,2110735,말미고개,479,281,198,0,52,102,122,124,79,0,25,60,73,76,47,0,27,42,49,48,32
2017,3,A,골목상권,2110734,금천파출소,106,58,48,0,5,16,16,42,27,0,2,9,11,21,15,0,3,7,5,21,12
2017,3,A,골목상권,2110733,금천어울림복지센터,613,403,210,4,106,128,148,164,63,3,76,98,83,86,57,1,30,30,65,78,6
2017,3,A,골목상권,2110732,가산초등학교(세일중학교),941,576,365,1,122,212,285,210,111,0,45,124,197,139,71,1,77,88,88,71,40
2017,3,A,골목상권,2110731,금천구청역 1번 출입구,2084,1140,944,16,677,852,326,108,105,12,370,470,150,63,75,4,307,382,176,45,30
2017,3,A,골목상권,2110730,서울축산농협 독산역지점(독산파출소),1105,612,493,1,100,173,257,358,216,1,46,100,126,201,138,0,54,73,131,157,78
2017,3,A,골목상권,2110729,가산동우체국,271,169,102,0,31,59,56,87,38,0,16,43,38,46,26,0,15,16,18,41,12
2017,3,A,골목상권,2110728,두산초등학교,813,454,359,2,105,201,238,199,68,2,55,140,110,101,46,0,50,61,128,98,22
2017,3,A,골목상권,2110727,독산역 1번 출입구,876,594,282,1,99,190,245,251,90,1,75,133,149,167,69,0,24,57,96,84,21
2017,3,A,골목상권,2110726,금천철쭉어린이공원(금하마을),94,44,50,0,6,15,27,30,16,0,2,8,15,12,7,0,4,7,12,18,9
2017,3,A,골목상권,2110725,가산동주민센터,287,175,112,2,39,65,74,61,46,2,21,45,45,36,26,0,18,20,29,25,20
2017,3,A,골목상권,2110724,금천구립가산도서관,460,319,141,2,40,110,159,106,43,2,36,89,110,53,29,0,4,21,49,53,14
2017,3,A,골목상권,2110723,가산디지털단지역 1번 출입구,342,274,68,4,12,33,72,145,76,2,7,18,53,126,68,2,5,15,19,19,8
2017,3,A,골목상권,2110722,G타워,1107,791,316,8,234,399,292,107,67,6,163,285,218,71,48,2,71,114,74,36,19
2017,3,A,골목상권,2110721,가리봉파출소,592,243,349,0,104,104,121,134,129,0,49,59,44,29,62,0,55,45,77,105,67
2017,3,A,골목상권,2110720,대림역 2번,285,122,163,1,30,60,91,61,42,0,10,21,34,27,30,1,20,39,57,34,12
2017,3,A,골목상권,2110719,영서중학교,63,19,44,0,13,14,18,9,9,0,1,6,4,2,6,0,12,8,14,7,3
2017,3,A,골목상권,2110718,한국SGI본부,2497,1405,1092,4,746,775,519,336,117,0,237,497,389,205,77,4,509,278,130,131,40
2017,3,A,골목상권,2110717,남구로역 2번,769,264,505,1,74,115,171,193,215,0,13,49,58,53,91,1,61,66,113,140,124
2017,3,A,골목상권,2110716,구로나눔길,802,483,319,1,146,273,227,105,50,0,53,165,157,68,40,1,93,108,70,37,10
2017,3,A,골목상권,2110715,구로구민회관,160,75,85,0,16,28,39,43,34,0,2,18,24,20,11,0,14,10,15,23,23
2017,3,A,골목상권,2110714,구로4동주민센터,407,137,270,0,73,82,103,89,60,0,15,20,31,35,36,0,58,62,72,54,24
2017,3,A,골목상권,2110713,구로보건소,2759,1652,1107,7,269,488,732,784,479,3,115,280,432,505,317,4,154,208,300,279,162
2017,3,A,골목상권,2110712,남구로역 5번,299,105,194,0,40,54,77,71,57,0,9,23,30,29,14,0,31,31,47,42,43
2017,3,A,골목상권,2110711,구로초등학교,537,207,330,0,38,81,119,175,124,0,18,30,56,58,45,0,20,51,63,117,79
2017,3,A,골목상권,2110710,남구로역 3번,419,179,240,0,78,73,96,125,47,0,23,32,34,60,30,0,55,41,62,65,17
2017,3,A,골목상권,2110709,구로119안전센터,221,101,120,0,25,27,55,80,34,0,18,16,28,27,12,0,7,11,27,53,22
2017,3,A,골목상권,2110708,화원어린이공원,163,73,90,3,33,31,37,43,16,1,10,14,17,19,12,2,23,17,20,24,4
2017,3,A,골목상권,2110707,구로창업지원센터,1515,1136,379,11,126,267,411,474,226,11,92,206,303,349,175,0,34,61,108,125,51
2017,3,A,골목상권,2110706,그라운드 고척,618,173,445,2,136,125,157,137,61,1,26,39,58,31,18,1,110,86,99,106,43
2017,3,A,골목상권,2110705,고산초등학교,58,34,24,0,7,9,12,14,16,0,5,6,9,6,8,0,2,3,3,8,8
2017,3,A,골목상권,2110704,고척중학교,93,48,45,2,12,23,23,19,14,0,7,11,9,14,7,2,5,12,14,5,7
2017,3,A,골목상권,2110703,개봉역,751,490,261,3,87,159,187,189,126,0,43,104,123,123,97,3,44,55,64,66,29
2017,3,A,골목상권,2110702,개봉초등학교,3228,1852,1376,1,27,45,106,363,2686,1,17,28,53,176,1577,0,10,17,53,187,1109
2017,3,A,골목상권,2110701,고척동성당,352,207,145,0,55,76,98,84,39,0,22,57,54,47,27,0,33,19,44,37,12
2017,3,A,골목상권,2110700,고척초등학교,724,462,262,1,42,129,163,227,162,0,17,74,95,157,119,1,25,55,68,70,43
2017,3,A,골목상권,2110699,덕의초등학교,155,80,75,0,14,34,48,37,22,0,5,17,20,21,17,0,9,17,28,16,5
2017,3,A,골목상권,2110698,개웅초등학교(개웅중학교),158,73,85,0,22,34,41,43,18,0,8,14,16,22,13,0,14,20,25,21,5
2017,3,A,골목상권,2110697,개봉3동주민센터,95,58,37,0,7,16,26,25,21,0,4,10,13,16,15,0,3,6,13,9,6
2017,3,A,골목상권,2110696,오류동역 1번,150,66,84,0,24,39,42,31,14,0,7,19,16,13,11,0,17,20,26,18,3
2017,3,A,골목상권,2110695,개봉1동주민센터,397,136,261,0,28,64,114,115,76,0,7,29,43,31,26,0,21,35,71,84,50
2017,3,A,골목상권,2110694,세곡초등학교,305,164,141,2,26,51,106,90,30,2,9,28,56,49,20,0,17,23,50,41,10
2017,3,A,골목상권,2110693,오류동역 4번,51,28,23,0,5,14,8,12,12,0,1,7,4,8,8,0,4,7,4,4,4
2017,3,A,골목상권,2110692,큰굴다리,172,114,58,0,18,19,52,58,25,0,13,14,33,35,19,0,5,5,19,23,6
2017,3,A,골목상권,2110691,개봉중학교,196,89,107,0,11,37,57,60,31,0,4,20,28,24,13,0,7,17,29,36,18
2017,3,A,골목상권,2110690,오류2동버들시장,867,329,538,0,100,205,223,210,129,0,18,87,86,65,73,0,82,118,137,145,56
2017,3,A,골목상권,2110689,오류동역 3번,251,116,135,1,47,60,61,54,28,0,11,36,24,26,19,1,36,24,37,28,9
2017,3,A,골목상권,2110688,오류지구대,116,58,58,0,7,17,40,30,22,0,2,5,21,15,15,0,5,12,19,15,7
2017,3,A,골목상권,2110687,"천왕역 3번(오류2동주민센터, 서울오류남초등학교)",112,67,45,0,11,37,20,37,7,0,7,25,12,20,3,0,4,12,8,17,4
2017,3,A,골목상권,2110686,수궁동주민센터,375,215,160,0,43,93,128,66,45,0,18,48,75,43,31,0,25,45,53,23,14
2017,3,A,골목상권,2110685,금강수목원아파트,96,71,25,0,7,22,31,22,14,0,4,18,23,13,13,0,3,4,8,9,1
2017,3,A,골목상권,2110684,서울공연예술고등학교,174,78,96,0,34,44,46,31,19,0,10,17,27,13,11,0,24,27,19,18,8
2017,3,A,골목상권,2110683,오류고등학교,125,57,68,0,10,23,34,42,16,0,2,12,18,14,11,0,8,11,16,28,5
2017,3,A,골목상권,2110682,온수역 8번,326,247,79,1,54,73,56,69,73,0,26,48,43,59,71,1,28,25,13,10,2
2017,3,A,골목상권,2110681,온수역 1번,361,236,125,0,33,91,93,96,48,0,20,61,63,59,33,0,13,30,30,37,15
2017,3,A,골목상권,2110680,온수역 5번(온수산업단지),1333,1057,276,5,122,238,302,382,284,4,86,178,224,303,262,1,36,60,78,79,22
2017,3,A,골목상권,2110679,염창역 2번,1455,1028,427,1,229,533,409,205,78,0,124,375,326,145,58,1,105,158,83,60,20
2017,3,A,골목상권,2110678,염창무학아파트,290,190,100,1,26,70,79,80,34,1,15,43,49,56,26,0,11,27,30,24,8
2017,3,A,골목상권,2110677,등촌역 1번,485,394,91,5,41,87,128,123,101,5,30,71,91,102,95,0,11,16,37,21,6
2017,3,A,골목상권,2110676,등촌역 7번,176,76,100,0,16,42,48,44,26,0,8,21,20,18,9,0,8,21,28,26,17
2017,3,A,골목상권,2110675,화곡4동주민센터,179,101,78,0,31,50,30,43,25,0,14,27,21,24,15,0,17,23,9,19,10
2017,3,A,골목상권,2110674,강서구청가양동별관,442,254,188,0,57,130,90,102,63,0,23,88,59,49,35,0,34,42,31,53,28
2017,3,A,골목상권,2110673,뜸부기어린이공원,650,385,265,2,89,173,177,152,57,2,42,120,99,85,37,0,47,53,78,67,20
2017,3,A,골목상권,2110672,백석중학교,76,32,44,0,8,11,26,22,9,0,3,3,7,13,6,0,5,8,19,9,3
2017,3,A,골목상권,2110671,등촌1동주민센터,5445,3435,2010,10,1106,1571,1299,940,519,5,393,1057,1000,650,330,5,713,514,299,290,189
2017,3,A,골목상권,2110670,신곡초등학교,249,92,157,0,23,48,68,65,45,0,3,20,22,29,18,0,20,28,46,36,27
2017,3,A,골목상권,2110669,화곡보람2차아파트,134,92,42,0,18,31,39,35,11,0,10,21,32,22,7,0,8,10,7,13,4
2017,3,A,골목상권,2110668,화곡2동주민센터,450,243,207,0,43,95,138,103,71,0,15,49,62,53,64,0,28,46,76,50,7
2017,3,A,골목상권,2110667,가양역 10번,327,157,170,2,37,66,119,81,22,0,12,26,59,44,16,2,25,40,60,37,6
2017,3,A,골목상권,2110666,KC대학교,237,80,157,0,21,50,74,73,19,0,8,14,30,19,9,0,13,36,44,54,10
2017,3,A,골목상권,2110665,곰달래도서관,1273,573,700,2,175,318,308,317,153,0,100,184,138,99,52,2,75,134,170,218,101
2017,3,A,골목상권,2110664,강서구청옆,130,73,57,0,11,32,28,41,18,0,6,20,16,19,12,0,5,12,12,22,6
2017,3,A,골목상권,2110663,우장산롯데캐슬아파트앞,321,155,166,2,57,78,81,74,29,0,14,41,36,42,22,2,43,37,45,32,7
2017,3,A,골목상권,2110662,까치산역 1번,262,100,162,0,24,46,108,55,29,0,3,20,42,18,17,0,21,26,66,37,12
2017,3,A,골목상권,2110661,강서새말어린이공원,430,287,143,0,35,87,113,125,70,0,18,58,83,76,52,0,17,29,30,49,18
2017,3,A,골목상권,2110660,등촌3동주민센터,7984,4081,3903,30,1180,1400,1578,2382,1414,26,714,931,888,867,655,4,466,469,690,1515,759
2017,3,A,골목상권,2110659,화곡역 4번,604,215,389,1,70,149,183,116,85,1,19,50,63,47,35,0,51,99,120,69,50
2017,3,A,골목상권,2110658,화곡초등학교,189,94,95,0,8,46,51,51,33,0,3,32,23,15,21,0,5,14,28,36,12
2017,3,A,골목상권,2110657,양천향교역 5번,6326,2921,3405,22,1589,1283,1154,1632,646,19,523,772,668,574,365,3,1066,511,486,1058,281
2017,3,A,골목상권,2110656,까치산역 3번,612,337,275,2,57,124,150,161,118,1,30,79,88,70,69,1,27,45,62,91,49
2017,3,A,골목상권,2110655,발산역 5번,1178,662,516,45,292,274,273,188,106,20,126,174,173,117,52,25,166,100,100,71,54
2017,3,A,골목상권,2110654,까치산역 4번,763,368,395,2,78,191,200,188,104,0,27,88,99,87,67,2,51,103,101,101,37
2017,3,A,골목상권,2110653,화곡역 2번,238,96,142,0,14,44,53,68,59,0,4,27,21,21,23,0,10,17,32,47,36
2017,3,A,골목상권,2110652,양천향교역 2번,1319,947,372,1,116,303,373,356,170,0,44,204,286,268,145,1,72,99,87,88,25
2017,3,A,골목상권,2110651,화원중학교,487,225,262,0,32,92,134,126,103,0,10,58,61,51,45,0,22,34,73,75,58
2017,3,A,골목상권,2110650,우장산힐스테이트,206,147,59,0,12,46,59,43,46,0,8,33,43,27,36,0,4,13,16,16,10
2017,3,A,골목상권,2110649,우장산역 1번,306,128,178,0,47,78,81,72,28,0,10,33,40,30,15,0,37,45,41,42,13
2017,3,A,골목상권,2110648,양천향교역 7번,449,222,227,0,69,171,119,64,26,0,19,78,72,33,20,0,50,93,47,31,6
2017,3,A,골목상권,2110647,화곡역 5번,890,460,430,1,111,195,250,219,114,1,53,104,127,109,66,0,58,91,123,110,48
2017,3,A,골목상권,2110646,푸른들청소년도서관,656,325,331,1,72,109,157,181,136,0,26,53,80,90,76,1,46,56,77,91,60
2017,3,A,골목상권,2110645,우장산역 4번,1101,324,777,1,213,294,276,204,113,1,36,74,91,73,49,0,177,220,185,131,64
2017,3,A,골목상권,2110644,신광명마을,557,487,70,1,23,68,120,196,149,1,17,54,98,178,139,0,6,14,22,18,10
2017,3,A,골목상권,2110643,강서구다솔마을,798,499,299,2,86,214,298,133,65,1,42,137,194,87,38,1,44,77,104,46,27
2017,3,A,골목상권,2110642,정곡초등학교,172,155,17,0,3,12,40,59,58,0,0,12,36,53,54,0,3,0,4,6,4
2017,3,A,골목상권,2110641,공항고등학교,392,249,143,1,45,98,118,87,43,0,21,72,78,51,27,1,24,26,40,36,16
2017,3,A,골목상권,2110640,방화역 1번,967,543,424,3,98,232,242,225,167,2,30,87,135,154,135,1,68,145,107,71,32
2017,3,A,골목상권,2110639,신방화역 8번,278,87,191,1,68,81,60,39,29,0,3,18,27,16,23,1,65,63,33,23,6
2017,3,A,골목상권,2110638,신방화역 2번,915,467,448,1,77,229,214,221,173,1,31,138,123,90,84,0,46,91,91,131,89
2017,3,A,골목상권,2110637,송정역 2번,484,335,149,1,45,96,123,109,110,1,21,57,88,83,85,0,24,39,35,26,25
2017,3,A,골목상권,2110636,방화역 2번,347,133,214,1,47,96,89,75,39,1,10,48,37,23,14,0,37,48,52,52,25
2017,3,A,골목상권,2110635,공항시장역 3번,380,265,115,4,25,92,111,93,55,0,13,64,85,63,40,4,12,28,26,30,15
2017,3,A,골목상권,2110634,송정역 3번,901,558,343,1,99,218,265,219,99,0,37,148,174,125,74,1,62,70,91,94,25
2017,3,A,골목상권,2110633,개화산역 1번,101,49,52,0,12,20,34,22,13,0,7,9,16,11,6,0,5,11,18,11,7
2017,3,A,골목상권,2110632,방화역 3번,742,347,395,2,121,174,187,163,95,2,45,98,97,61,44,0,76,76,90,102,51
2017,3,A,골목상권,2110631,방화초등학교,344,194,150,0,22,77,89,99,57,0,11,46,42,59,36,0,11,31,47,40,21
2017,3,A,골목상권,2110630,공항시장역 1번,1589,1166,423,3,81,197,328,579,401,2,35,108,220,470,331,1,46,89,108,109,70
2017,3,A,골목상권,2110629,송정역 4번,309,146,163,2,49,81,89,57,31,0,17,35,51,26,17,2,32,46,38,31,14
2017,3,A,골목상권,2110628,신목동역,306,210,96,0,43,118,68,47,30,0,23,81,51,30,25,0,20,37,17,17,5
2017,3,A,골목상권,2110627,신정롯데캐슬아파트,462,248,214,0,68,78,140,98,78,0,26,43,74,55,50,0,42,35,66,43,28
2017,3,A,골목상권,2110626,양화초등학교,344,208,136,0,41,95,115,63,30,0,21,57,73,37,20,0,20,38,42,26,10
2017,3,A,골목상권,2110625,신정2동주민센터,470,211,259,0,50,103,148,107,62,0,11,48,71,42,39,0,39,55,77,65,23
2017,3,A,골목상권,2110624,목동문화체육센터,122,46,76,1,28,32,26,24,11,0,8,13,8,12,5,1,20,19,18,12,6
2017,3,A,골목상권,2110623,갈산공원,254,188,66,3,48,65,53,49,36,1,35,59,38,32,23,2,13,6,15,17,13
2017,3,A,골목상권,2110622,달마을공원,247,113,134,0,32,49,57,76,33,0,8,30,18,36,21,0,24,19,39,40,12
2017,3,A,골목상권,2110621,목동역 5번,239,131,108,2,55,61,45,49,27,2,20,38,23,30,18,0,35,23,22,19,9
2017,3,A,골목상권,2110620,목동보건지소,706,295,411,1,57,131,151,152,214,0,15,64,51,52,113,1,42,67,100,100,101
2017,3,A,골목상권,2110619,목4동주민센터,98,44,54,0,11,9,28,33,17,0,6,4,15,13,6,0,5,5,13,20,11
2017,3,A,골목상권,2110618,강서고등학교,160,69,91,0,16,31,24,54,35,0,7,17,8,22,15,0,9,14,16,32,20
2017,3,A,골목상권,2110617,등촌역 4번,120,37,83,2,11,21,26,43,17,0,3,5,14,9,6,2,8,16,12,34,11
2017,3,A,골목상권,2110616,양목초등학교,316,257,59,0,8,16,29,30,233,0,1,8,20,15,213,0,7,8,9,15,20
2017,3,A,골목상권,2110615,신서초등학교,201,114,87,1,37,48,48,51,16,0,17,34,30,26,7,1,20,14,18,25,9
2017,3,A,골목상권,2110614,목동로데오거리,586,291,295,1,60,108,147,159,111,1,35,75,79,55,46,0,25,33,68,104,65
2017,3,A,골목상권,2110613,신정네거리역 4번,45,17,28,0,1,6,12,16,10,0,0,3,5,5,4,0,1,3,7,11,6
2017,3,A,골목상권,2110612,신정역 5번,451,151,300,0,42,69,93,147,100,0,8,35,39,45,24,0,34,34,54,102,76
2017,3,A,골목상권,2110611,신정역 1번,372,166,206,0,32,53,116,93,78,0,10,28,56,37,35,0,22,25,60,56,43
2017,3,A,골목상권,2110610,계남근린공원,63,20,43,0,5,6,12,22,18,0,2,5,4,5,4,0,3,1,8,17,14
2017,3,A,골목상권,2110609,신정네거리역 2번,41,21,20,0,0,5,12,13,11,0,0,3,5,8,5,0,0,2,7,5,6
2017,3,A,골목상권,2110608,신월2동주민센터,610,384,226,0,43,82,182,181,122,0,14,40,92,133,105,0,29,42,90,48,17
2017,3,A,골목상권,2110607,금빛새마을금고본점,136,70,66,0,10,31,37,39,19,0,4,15,15,22,14,0,6,16,22,17,5
2017,3,A,골목상권,2110606,신한은행 신월동지점,602,257,345,6,75,108,147,155,111,2,25,41,71,54,64,4,50,67,76,101,47
2017,3,A,골목상권,2110605,목동센트럴아이파크앞,247,116,131,0,18,38,61,68,62,0,6,16,19,33,42,0,12,22,42,35,20
2017,3,A,골목상권,2110604,신월4동주민센터,608,402,206,1,32,70,132,209,164,0,7,33,76,154,132,1,25,37,56,55,32
2017,3,A,골목상권,2110603,지향초등학교,784,559,225,0,61,72,80,72,499,0,11,27,26,26,469,0,50,45,54,46,30
2017,3,A,골목상권,2110602,신월시영아파트중문,943,765,178,1,17,68,158,364,335,0,10,48,97,298,312,1,7,20,61,66,23
2017,3,A,골목상권,2110601,신월1동우편취급국,1234,827,407,6,80,172,316,427,233,6,33,102,211,310,165,0,47,70,105,117,68
2017,3,A,골목상권,2110600,신월7동주민센터,558,365,193,1,28,75,128,170,156,1,15,43,73,106,127,0,13,32,55,64,29
2017,3,A,골목상권,2110599,신월1파출소,309,167,142,0,17,51,106,100,35,0,5,29,57,54,22,0,12,22,49,46,13
2017,3,A,골목상권,2110598,신월문화체육센터,470,147,323,0,55,72,139,142,62,0,21,28,35,38,25,0,34,44,104,104,37
2017,3,A,골목상권,2110597,신월1동주민센터,601,320,281,0,47,122,169,166,97,0,17,60,82,94,67,0,30,62,87,72,30
2017,3,A,골목상권,2110596,서서울호수공원,386,189,197,0,25,70,95,129,67,0,17,44,45,50,33,0,8,26,50,79,34
2017,3,A,골목상권,2110595,메디힐병원,1586,1140,446,0,86,135,220,277,868,0,23,55,100,153,809,0,63,80,120,124,59
2017,3,A,골목상권,2110594,신월중학교,315,127,188,0,45,72,97,78,23,0,11,24,28,46,18,0,34,48,69,32,5
2017,3,A,골목상권,2110593,신월3동주민센터,468,198,270,1,47,88,145,124,63,1,17,51,66,37,26,0,30,37,79,87,37
2017,3,A,골목상권,2110592,서울금융고등학교,853,672,181,3,31,86,167,321,245,3,13,57,110,261,228,0,18,29,57,60,17
2017,3,A,골목상권,2110591,충정로역 6번,178,82,96,0,23,33,48,43,31,0,10,14,23,20,15,0,13,19,25,23,16
2017,3,A,골목상권,2110590,만리재,107,32,75,0,18,33,25,20,11,0,1,11,5,9,6,0,17,22,20,11,5
2017,3,A,골목상권,2110589,애오개역 3번,112,45,67,0,14,27,37,24,10,0,1,4,22,11,7,0,13,23,15,13,3
2017,3,A,골목상권,2110588,한겨레신문사,825,552,273,12,94,204,272,215,28,7,50,96,190,189,20,5,44,108,82,26,8
2017,3,A,골목상권,2110587,공덕동주민센터,485,270,215,1,53,101,136,126,68,0,20,60,88,73,29,1,33,41,48,53,39
2017,3,A,골목상권,2110586,서울서부지방법원,3052,1302,1750,14,854,781,667,388,348,6,289,396,275,177,159,8,565,385,392,211,189
2017,3,A,골목상권,2110585,마포경찰서,894,750,144,0,154,353,190,172,25,0,118,293,168,150,21,0,36,60,22,22,4
2017,3,A,골목상권,2110584,아현역 4번,135,61,74,1,16,32,41,30,15,0,6,14,18,13,10,1,10,18,23,17,5
2017,3,A,골목상권,2110583,공덕래미안3차아파트,88,43,45,0,12,19,33,16,8,0,5,6,18,7,7,0,7,13,15,9,1
2017,3,A,골목상권,2110582,이대역 5번,193,94,99,1,27,62,63,20,20,1,5,34,32,13,9,0,22,28,31,7,11
2017,3,A,골목상권,2110581,염리초등학교,233,110,123,1,80,77,35,29,11,1,27,33,21,18,10,0,53,44,14,11,1
2017,3,A,골목상권,2110580,양원초등학교,161,50,111,0,34,37,32,13,45,0,9,14,15,3,9,0,25,23,17,10,36
2017,3,A,골목상권,2110579,마포역 4번,543,272,271,0,129,191,131,66,26,0,34,87,89,45,17,0,95,104,42,21,9
2017,3,A,골목상권,2110578,대흥역 2번,1997,1140,857,4,164,313,368,636,512,1,70,185,222,330,332,3,94,128,146,306,180
2017,3,A,골목상권,2110577,용강동주민센터,415,213,202,0,94,176,82,39,24,0,30,94,55,19,15,0,64,82,27,20,9
2017,3,A,골목상권,2110576,대흥역 3번,1445,1025,420,74,370,416,350,164,71,37,218,330,273,119,48,37,152,86,77,45,23
2017,3,A,골목상권,2110575,대흥동주민센터,295,70,225,0,45,58,39,72,81,0,13,22,14,7,14,0,32,36,25,65,67
2017,3,A,골목상권,2110574,서강대학교,315,156,159,2,40,87,86,70,30,0,11,38,50,38,19,2,29,49,36,32,11
2017,3,A,골목상권,2110573,신촌역 6번,122,67,55,0,18,36,27,28,13,0,6,18,20,13,10,0,12,18,7,15,3
2017,3,A,골목상권,2110572,서강대역 1번,959,446,513,4,190,258,235,192,80,1,52,132,113,93,55,3,138,126,122,99,25
2017,3,A,골목상권,2110571,신수동주민센터,792,420,372,1,100,257,243,127,64,0,42,159,139,47,33,1,58,98,104,80,31
2017,3,A,골목상권,2110570,KB국민은행 서강지점,347,211,136,0,57,106,108,61,15,0,21,59,78,42,11,0,36,47,30,19,4
2017,3,A,골목상권,2110569,홍대땡땡거리,819,415,404,4,176,276,170,107,86,1,68,141,106,55,44,3,108,135,64,52,42
2017,3,A,골목상권,2110568,광흥창역 1번,106,47,59,1,14,19,24,22,26,0,7,9,11,5,15,1,7,10,13,17,11
2017,3,A,골목상권,2110567,광흥창역 6번,410,128,282,3,164,119,73,29,22,1,13,28,45,24,17,2,151,91,28,5,5
2017,3,A,골목상권,2110566,경의선책거리,1986,1146,840,9,491,700,460,217,109,1,190,407,308,168,72,8,301,293,152,49,37
2017,3,A,골목상권,2110565,홍익대,289,139,150,1,86,89,58,35,20,0,24,53,31,17,14,1,62,36,27,18,6
2017,3,A,골목상권,2110564,홍대입구역 3번,932,478,454,2,205,334,265,97,29,1,82,174,175,31,15,1,123,160,90,66,14
2017,3,A,골목상권,2110563,상수역 3번,717,427,290,5,156,212,116,133,95,3,86,160,83,52,43,2,70,52,33,81,52
2017,3,A,골목상권,2110562,연트럴파크(연남동주민센터),510,274,236,0,102,161,139,66,42,0,40,91,89,37,17,0,62,70,50,29,25
2017,3,A,골목상권,2110561,상수역 4번,378,222,156,1,78,127,94,51,27,0,34,75,61,36,16,1,44,52,33,15,11
2017,3,A,골목상권,2110560,마포FM,433,248,185,1,76,128,125,73,30,0,27,72,79,47,23,1,49,56,46,26,7
2017,3,A,골목상권,2110559,성산중학교,1242,713,529,11,291,349,306,176,109,10,114,206,194,113,76,1,177,143,112,63,33
2017,3,A,골목상권,2110558,경성고등학교,4642,3458,1184,12,393,636,599,651,2351,8,148,363,387,452,2100,4,245,273,212,199,251
2017,3,A,골목상권,2110557,홍대부속여중고앞,1324,687,637,4,180,316,383,296,145,2,67,189,215,119,95,2,113,127,168,177,50
2017,3,A,골목상권,2110556,절두산순교성지,121,74,47,0,18,22,37,29,15,0,9,15,22,19,9,0,9,7,15,10,6
2017,3,A,골목상권,2110555,홍익지구대,750,385,365,3,118,183,151,150,145,1,48,111,94,63,68,2,70,72,57,87,77
2017,3,A,골목상권,2110554,망원역 1번,1679,894,785,6,367,537,376,224,169,1,150,272,248,131,92,5,217,265,128,93,77
2017,3,A,골목상권,2110553,가좌역 2번,971,823,148,0,36,80,110,109,636,0,16,46,67,79,615,0,20,34,43,30,21
2017,3,A,골목상권,2110552,성미산체육관,918,576,342,2,120,259,269,182,86,0,48,162,181,121,64,2,72,97,88,61,22
2017,3,A,골목상권,2110551,성서초등학교,766,417,349,4,98,206,256,159,43,2,35,114,131,105,30,2,63,92,125,54,13
2017,3,A,골목상권,2110550,합정역 8번,1563,936,627,1,267,503,429,229,134,0,105,282,297,155,97,1,162,221,132,74,37
2017,3,A,골목상권,2110549,새터산,328,139,189,0,40,64,95,85,44,0,7,36,42,33,21,0,33,28,53,52,23
2017,3,A,골목상권,2110548,마포구청역 4번,1579,1071,508,7,250,325,387,307,303,7,107,205,292,217,243,0,143,120,95,90,60
2017,3,A,골목상권,2110547,KB국민은행 망원동지점,550,306,244,0,59,145,168,104,74,0,18,90,118,51,29,0,41,55,50,53,45
2017,3,A,골목상권,2110546,양화대교북단,692,387,305,3,260,244,109,53,23,1,118,145,76,33,14,2,142,99,33,20,9
2017,3,A,골목상권,2110545,마포구청역 1번,2779,907,1872,6,104,211,392,1048,1018,6,46,131,251,235,238,0,58,80,141,813,780
2017,3,A,골목상권,2110544,망리단길,1300,689,611,12,229,359,355,221,124,10,100,218,186,102,73,2,129,141,169,119,51
2017,3,A,골목상권,2110543,중암중학교,10,7,3,0,0,1,7,2,0,0,0,0,5,2,0,0,0,1,2,0,0
2017,3,A,골목상권,2110542,마포구청역 7번,965,534,431,1,155,273,259,173,104,0,60,157,154,96,67,1,95,116,105,77,37
2017,3,A,골목상권,2110541,동교초등학교,499,322,177,7,43,90,149,124,86,6,28,56,92,74,66,1,15,34,57,50,20
2017,3,A,골목상권,2110540,망원나들목체육관,142,85,57,0,10,22,41,37,32,0,4,16,27,18,20,0,6,6,14,19,12
2017,3,A,골목상권,2110539,미근동,5061,3226,1835,17,701,1430,1751,1005,157,14,343,967,1162,630,110,3,358,463,589,375,47
2017,3,A,골목상권,2110538,충정로역 3번,594,349,245,0,54,138,113,133,156,0,26,93,71,73,86,0,28,45,42,60,70
2017,3,A,골목상권,2110537,충정로현대아파트,1047,607,440,2,124,294,268,209,150,1,35,144,179,141,107,1,89,150,89,68,43
2017,3,A,골목상권,2110536,돈의문센트레빌아파트입구,95,59,36,0,11,22,34,12,16,0,4,12,21,10,12,0,7,10,13,2,4
2017,3,A,골목상권,2110535,영천시장입구,273,77,196,0,42,59,53,90,29,0,8,15,20,23,11,0,34,44,33,67,18
2017,3,A,골목상권,2110534,경기대학교,108,38,70,0,12,16,24,30,26,0,6,9,9,9,5,0,6,7,15,21,21
2017,3,A,골목상권,2110533,충정로역 7번,51,27,24,0,2,10,11,18,10,0,0,7,5,8,7,0,2,3,6,10,3
2017,3,A,골목상권,2110532,아현역 2번,439,94,345,1,42,44,91,152,109,0,7,7,24,28,28,1,35,37,67,124,81
2017,3,A,골목상권,2110531,홍지문,122,34,88,1,20,25,19,40,17,1,11,11,5,1,5,0,9,14,14,39,12
2017,3,A,골목상권,2110530,아현역 1번,31,7,24,0,0,4,4,10,13,0,0,3,0,3,1,0,0,1,4,7,12
2017,3,A,골목상권,2110529,홍제3동주민센터,228,90,138,0,31,29,57,64,47,0,8,11,25,25,21,0,23,18,32,39,26
2017,3,A,골목상권,2110528,서울여자간호대학교,327,213,114,1,23,40,63,50,150,1,12,21,32,29,118,0,11,19,31,21,32
2017,3,A,골목상권,2110527,홍제역 2번,129,60,69,0,21,36,30,21,21,0,8,19,15,11,7,0,13,17,15,10,14
2017,3,A,골목상권,2110526,봉원사,174,76,98,1,53,54,30,21,15,1,14,27,17,10,7,0,39,27,13,11,8
2017,3,A,골목상권,2110525,홍은종합사회복지관,128,56,72,0,19,25,28,21,35,0,5,9,5,13,24,0,14,16,23,8,11
2017,3,A,골목상권,2110524,연희세브란스병원,245,101,144,0,53,62,66,49,15,0,18,20,37,21,5,0,35,42,29,28,10
2017,3,A,골목상권,2110523,홍제성원아파트,8,6,2,0,0,2,4,1,1,0,0,0,4,1,1,0,0,2,0,0,0
2017,3,A,골목상권,2110522,홍제역 3번,63,27,36,0,13,25,14,7,4,0,3,10,7,4,3,0,10,15,7,3,1
2017,3,A,골목상권,2110521,홍제역 4번,100,37,63,0,7,12,30,36,15,0,1,5,8,12,11,0,6,7,22,24,4
2017,3,A,골목상권,2110520,경의중앙 신촌역,181,106,75,1,28,27,49,40,36,0,14,21,30,22,19,1,14,6,19,18,17
2017,3,A,골목상권,2110519,서대문구보건소별관,408,188,220,0,50,103,103,109,43,0,11,48,49,48,32,0,39,55,54,61,11
2017,3,A,골목상권,2110518,서대문구청,234,69,165,0,34,79,71,34,16,0,8,22,21,11,7,0,26,57,50,23,9
2017,3,A,골목상권,2110517,서대문소방서,476,343,133,1,66,144,111,120,34,0,35,104,83,96,25,1,31,40,28,24,9
2017,3,A,골목상권,2110516,정원여중,46,17,29,1,2,12,10,10,11,0,1,6,5,3,2,1,1,6,5,7,9
2017,3,A,골목상권,2110515,홍은중학교,143,103,40,0,13,41,52,22,15,0,8,35,36,14,10,0,5,6,16,8,5
2017,3,A,골목상권,2110514,서대문우체국,131,70,61,0,28,37,37,23,6,0,19,23,13,10,5,0,9,14,24,13,1
2017,3,A,골목상권,2110513,연희파출소,538,291,247,7,122,147,110,84,68,4,67,88,56,35,41,3,55,59,54,49,27
2017,3,A,골목상권,2110512,연희지하차도,312,105,207,0,36,49,72,85,70,0,7,23,29,26,20,0,29,26,43,59,50
2017,3,A,골목상권,2110511,연희초등학교,373,129,244,1,94,70,80,82,46,0,22,23,29,30,25,1,72,47,51,52,21
2017,3,A,골목상권,2110510,홍연시장,141,91,50,0,9,32,50,36,14,0,7,21,33,23,7,0,2,11,17,13,7
2017,3,A,골목상권,2110509,연희대우아파트앞,1492,506,986,7,167,346,496,355,121,1,59,140,131,91,84,6,108,206,365,264,37
2017,3,A,골목상권,2110508,서연중학교,311,149,162,2,70,111,57,42,29,0,26,61,31,16,15,2,44,50,26,26,14
2017,3,A,골목상권,2110507,명지대학교,428,191,237,3,71,95,95,102,62,2,31,44,41,47,26,1,40,51,54,55,36
2017,3,A,골목상권,2110506,연희임광아파트,136,89,47,0,13,16,42,35,30,0,9,9,29,22,20,0,4,7,13,13,10
2017,3,A,골목상권,2110505,홍남교남측,42,24,18,0,6,10,10,10,6,0,4,2,5,8,5,0,2,8,5,2,1
2017,3,A,골목상권,2110504,명지전문대,19,10,9,0,0,3,8,8,0,0,0,0,5,5,0,0,0,3,3,3,0
2017,3,A,골목상권,2110503,명지대학교교회,500,349,151,3,42,73,115,151,116,2,21,39,66,120,101,1,21,34,49,31,15
2017,3,A,골목상권,2110502,남가좌파출소,311,146,165,0,39,68,92,74,38,0,7,30,53,33,23,0,32,38,39,41,15
2017,3,A,골목상권,2110501,연희어린이공원,157,91,66,1,25,38,45,30,18,1,11,24,27,16,12,0,14,14,18,14,6
2017,3,A,골목상권,2110500,남가좌동현대아파트,56,27,29,0,5,8,16,11,16,0,2,2,5,8,10,0,3,6,11,3,6
2017,3,A,골목상권,2110499,연가초등학교,176,71,105,0,39,31,47,37,22,0,12,13,17,17,12,0,27,18,30,20,10
2017,3,A,골목상권,2110498,증산역 1번,229,121,108,0,19,47,62,70,31,0,10,23,35,36,17,0,9,24,27,34,14
2017,3,A,골목상권,2110497,가좌역 3번,352,278,74,0,22,42,112,128,48,0,7,18,95,118,40,0,15,24,17,10,8
2017,3,A,골목상권,2110496,모래내우체국,381,175,206,0,42,89,112,77,61,0,4,37,61,38,35,0,38,52,51,39,26
2017,3,A,골목상권,2110495,북가좌2동주민센터,540,341,199,1,33,80,140,188,98,0,16,48,90,122,65,1,17,32,50,66,33
2017,3,A,골목상권,2110494,증산3교남측,53,39,14,0,6,13,16,13,5,0,4,10,11,9,5,0,2,3,5,4,0
2017,3,A,골목상권,2110493,북가좌초등학교,152,118,34,0,7,39,49,36,21,0,3,30,36,29,20,0,4,9,13,7,1
2017,3,A,골목상권,2110492,하나고등학교,255,44,211,3,16,11,13,128,84,1,7,7,3,14,12,2,9,4,10,114,72
2017,3,A,골목상권,2110491,불광중학교,64,22,42,0,4,12,28,15,5,0,2,5,10,3,2,0,2,7,18,12,3
2017,3,A,골목상권,2110490,녹번동근린공원,283,118,165,3,26,41,80,89,44,3,8,20,33,34,20,0,18,21,47,55,24
2017,3,A,골목상권,2110489,불광역 3번,68,38,30,0,5,10,25,22,6,0,2,6,14,12,4,0,3,4,11,10,2
2017,3,A,골목상권,2110488,우리은행응암동지점,536,245,291,1,45,71,84,142,193,0,10,22,29,64,120,1,35,49,55,78,73
2017,3,A,골목상권,2110487,불광역 8번,163,88,75,0,21,55,44,27,16,0,8,31,26,14,9,0,13,24,18,13,7
2017,3,A,골목상권,2110486,은평구청,657,331,326,1,60,122,197,173,104,1,24,58,102,87,59,0,36,64,95,86,45
2017,3,A,골목상권,2110485,연신내우체국,138,47,91,1,21,37,25,35,19,1,3,12,14,12,5,0,18,25,11,23,14
2017,3,A,골목상권,2110484,역촌역 3번,334,136,198,1,46,71,91,79,46,0,12,34,39,28,23,1,34,37,52,51,23
2017,3,A,골목상권,2110483,연천초등학교,48,23,25,0,6,12,14,13,3,0,2,6,6,7,2,0,4,6,8,6,1
2017,3,A,골목상권,2110482,연신초등학교,73,14,59,0,3,20,22,18,10,0,0,7,3,2,2,0,3,13,19,16,8
2017,3,A,골목상권,2110481,불광역 7번,431,159,272,0,64,76,105,88,98,0,30,25,38,24,42,0,34,51,67,64,56
2017,3,A,골목상권,2110480,연신내역 3번,84,24,60,0,14,18,23,17,12,0,2,5,7,6,4,0,12,13,16,11,8
2017,3,A,골목상권,2110479,연신내역 2번,449,192,257,0,45,59,138,111,96,0,12,33,66,41,40,0,33,26,72,70,56
2017,3,A,골목상권,2110478,응암1동주민센터,394,165,229,0,54,71,117,91,61,0,18,35,50,35,27,0,36,36,67,56,34
2017,3,A,골목상권,2110477,은평세무서,948,449,499,3,102,196,273,216,158,2,28,86,147,102,84,1,74,110,126,114,74
2017,3,A,골목상권,2110476,역촌역 2번,67,27,40,0,5,13,24,15,10,0,2,4,12,4,5,0,3,9,12,11,5
2017,3,A,골목상권,2110475,백련산해모로아파트,317,151,166,2,26,79,102,75,33,1,16,48,46,22,18,1,10,31,56,53,15
2017,3,A,골목상권,2110474,세명컴퓨터고등학교,184,94,90,0,22,51,53,34,24,0,11,24,27,19,13,0,11,27,26,15,11
2017,3,A,골목상권,2110473,구산역 1번,390,203,187,0,35,66,114,97,78,0,12,30,62,45,54,0,23,36,52,52,24
2017,3,A,골목상권,2110472,연신내역 4번,430,204,226,1,53,100,92,95,89,1,20,55,42,42,44,0,33,45,50,53,45
2017,3,A,골목상권,2110471,응암동우체국,328,118,210,0,31,67,100,86,44,0,4,19,38,33,24,0,27,48,62,53,20
2017,3,A,골목상권,2110470,신진과학기술고등학교,128,72,56,0,9,28,43,29,19,0,5,13,27,17,10,0,4,15,16,12,9
2017,3,A,골목상권,2110469,응암정보도서관,548,276,272,1,66,122,161,125,73,1,20,61,85,65,44,0,46,61,76,60,29
2017,3,A,골목상권,2110468,응암역 3번,759,392,367,3,81,168,204,193,110,0,34,92,110,100,56,3,47,76,94,93,54
2017,3,A,골목상권,2110467,은평요양병원,241,130,111,1,30,49,65,56,40,0,13,31,26,34,26,1,17,18,39,22,14
2017,3,A,골목상권,2110466,구산역 2번,154,96,58,0,15,38,42,38,21,0,10,24,23,24,15,0,5,14,19,14,6
2017,3,A,골목상권,2110465,연신내역 7번,292,158,134,3,45,66,82,59,37,3,24,40,32,32,27,0,21,26,50,27,10
2017,3,A,골목상권,2110464,연신내역 5번,468,257,211,0,45,65,108,107,143,0,18,34,63,47,95,0,27,31,45,60,48
2017,3,A,골목상권,2110463,응암3동주민센터,246,102,144,0,59,63,52,38,34,0,22,37,17,11,15,0,37,26,35,27,19
2017,3,A,골목상권,2110462,갈현건영아파트,186,91,95,0,21,33,56,53,23,0,10,10,28,32,11,0,11,23,28,21,12
2017,3,A,골목상권,2110461,새절역 2번,66,28,38,1,3,10,17,20,15,1,3,8,8,5,3,0,0,2,9,15,12
2017,3,A,골목상권,2110460,구산역 4번,691,272,419,3,98,146,188,164,92,1,21,66,79,70,35,2,77,80,109,94,57
2017,3,A,골목상권,2110459,응암역 2번,380,185,195,2,41,69,120,88,60,2,10,39,52,45,37,0,31,30,68,43,23
2017,3,A,골목상권,2110458,선일여고,251,102,149,1,37,59,74,48,32,0,16,21,31,18,16,1,21,38,43,30,16
2017,3,A,골목상권,2110457,예일여고,315,170,145,0,25,67,92,69,62,0,14,40,60,27,29,0,11,27,32,42,33
2017,3,A,골목상권,2110456,구산보건지소,403,160,243,0,25,85,127,119,47,0,8,35,49,41,27,0,17,50,78,78,20
2017,3,A,골목상권,2110455,역촌노인복지관,395,165,230,1,39,73,110,107,65,1,15,35,47,35,32,0,24,38,63,72,33
2017,3,A,골목상권,2110454,선정중학교,115,28,87,0,12,12,39,24,28,0,4,5,9,5,5,0,8,7,30,19,23
2017,3,A,골목상권,2110453,신사1동주민센터,695,343,352,1,93,147,189,157,108,0,41,93,97,67,45,1,52,54,92,90,63
2017,3,A,골목상권,2110452,새절역 3번,714,371,343,0,15,52,113,192,342,0,10,27,63,120,151,0,5,25,50,72,191
2017,3,A,골목상권,2110451,증산역 4번,379,215,164,3,51,78,112,82,53,2,20,56,67,39,31,1,31,22,45,43,22
2017,3,A,골목상권,2110450,시립서북병원,1193,378,815,2,183,280,284,258,186,1,54,101,97,74,51,1,129,179,187,184,135
2017,3,A,골목상권,2110449,증산역 3번,760,410,350,6,97,132,166,195,164,1,31,46,87,132,113,5,66,86,79,63,51
2017,3,A,골목상권,2110448,상신초등학교입구,63,30,33,0,4,9,25,12,13,0,2,2,7,7,12,0,2,7,18,5,1
2017,3,A,골목상권,2110447,구산초등학교,33,10,23,0,1,3,11,4,14,0,1,3,3,0,3,0,0,0,8,4,11
2017,3,A,골목상권,2110446,내를건너서숲으로도서관,217,138,79,0,17,15,52,71,62,0,3,3,30,45,57,0,14,12,22,26,5
2017,3,A,골목상권,2110445,덕산중학교,31,22,9,0,3,6,14,5,3,0,2,5,10,2,3,0,1,1,4,3,0
2017,3,A,골목상권,2110444,수색성당,415,373,42,0,5,29,75,134,172,0,3,18,57,128,167,0,2,11,18,6,5
2017,3,A,골목상권,2110443,수색역 1번,40,18,22,0,6,9,12,7,6,0,1,2,5,5,5,0,5,7,7,2,1
2017,3,A,골목상권,2110442,화랑대철도공원,162,67,95,0,11,22,23,70,36,0,8,19,10,19,11,0,3,3,13,51,25
2017,3,A,골목상권,2110441,영신여고,227,71,156,0,24,35,56,54,58,0,8,13,17,15,18,0,16,22,39,39,40
2017,3,A,골목상권,2110440,상계3동4동주민센터,82,39,43,0,13,16,21,26,6,0,3,10,11,12,3,0,10,6,10,14,3
2017,3,A,골목상권,2110439,당고개역 5번,28,12,16,0,4,1,10,11,2,0,1,0,6,3,2,0,3,1,4,8,0
2017,3,A,골목상권,2110438,경춘선숲길 우측,384,152,232,0,42,83,124,84,51,0,16,40,44,31,21,0,26,43,80,53,30
2017,3,A,골목상권,2110437,당고개역 2번,408,158,250,0,40,63,82,114,109,0,15,32,33,26,52,0,25,31,49,88,57
2017,3,A,골목상권,2110436,상계제일중학교,194,64,130,0,20,38,55,62,19,0,4,13,16,23,8,0,16,25,39,39,11
2017,3,A,골목상권,2110435,서울과학기술대,87,45,42,3,23,16,20,15,10,1,8,12,12,6,6,2,15,4,8,9,4
2017,3,A,골목상권,2110434,태릉입구역 4번,163,96,67,0,17,30,47,43,26,0,8,14,30,23,21,0,9,16,17,20,5
2017,3,A,골목상권,2110433,공릉역 2번,298,136,162,0,22,36,60,91,89,0,9,25,32,31,39,0,13,11,28,60,50
2017,3,A,골목상권,2110432,대진고등학교,275,133,142,3,26,42,76,81,47,1,19,24,35,32,22,2,7,18,41,49,25
2017,3,A,골목상권,2110431,상계역,323,126,197,2,34,76,102,75,34,1,10,29,50,27,9,1,24,47,52,48,25
2017,3,A,골목상권,2110430,중계초등학교,236,109,127,1,36,41,51,49,58,0,15,16,22,21,35,1,21,25,29,28,23
2017,3,A,골목상권,2110429,공릉동 국수거리,3069,1287,1782,6,331,538,724,827,643,4,124,329,338,307,185,2,207,209,386,520,458
2017,3,A,골목상권,2110428,상계5동주민센터,739,347,392,1,58,97,204,210,169,0,24,54,96,86,87,1,34,43,108,124,82
2017,3,A,골목상권,2110427,노원 을지대학교병원,191,132,59,0,4,24,55,67,41,0,0,18,30,49,35,0,4,6,25,18,6
2017,3,A,골목상권,2110426,상계2동주민센터,508,184,324,7,53,99,135,127,87,6,14,39,51,38,36,1,39,60,84,89,51
2017,3,A,골목상권,2110425,계상초등학교,322,138,184,0,34,68,67,105,48,0,9,39,24,47,19,0,25,29,43,58,29
2017,3,A,골목상권,2110424,상계초등학교,518,172,346,1,42,81,133,165,96,1,13,40,48,43,27,0,29,41,85,122,69
2017,3,A,골목상권,2110423,석계역 2번,473,227,246,0,52,82,102,130,107,0,22,49,54,64,38,0,30,33,48,66,69
2017,3,A,골목상권,2110422,노원역 9번,123,47,76,1,12,14,26,42,28,0,5,6,11,11,14,1,7,8,15,31,14
2017,3,A,골목상권,2110421,석계역 1번,372,125,247,2,64,64,106,92,44,0,16,25,32,32,20,2,48,39,74,60,24
2017,3,A,골목상권,2110420,광운대역 1번,247,136,111,0,37,59,70,40,41,0,10,40,44,22,20,0,27,19,26,18,21
2017,3,A,골목상권,2110419,수락산디자인거리,1533,991,542,1,80,213,350,310,579,1,39,119,220,181,431,0,41,94,130,129,148
2017,3,A,골목상권,2110418,광운대학교 남단,133,91,42,3,11,23,38,38,20,3,5,20,22,27,14,0,6,3,16,11,6
2017,3,A,골목상권,2110417,월계역 3번,50,29,21,0,10,12,16,9,3,0,5,8,10,3,3,0,5,4,6,6,0
2017,3,A,골목상권,2110416,노원초등학교,547,277,270,1,61,97,161,159,68,0,33,58,74,80,32,1,28,39,87,79,36
2017,3,A,골목상권,2110415,수락산역 4번,1631,903,728,4,191,316,382,350,388,2,79,207,230,213,172,2,112,109,152,137,216
2017,3,A,골목상권,2110414,장석교회,293,240,53,0,12,27,46,115,93,0,2,17,38,100,83,0,10,10,8,15,10
2017,3,A,골목상권,2110413,누원고등학교,411,125,286,0,26,55,81,156,93,0,9,35,31,32,18,0,17,20,50,124,75
2017,3,A,골목상권,2110412,창동중학교,45,33,12,0,8,15,6,8,8,0,8,12,5,3,5,0,0,3,1,5,3
2017,3,A,골목상권,2110411,도봉역 3번,650,480,170,1,40,87,131,202,189,1,10,43,91,161,174,0,30,44,40,41,15
2017,3,A,골목상권,2110410,방학역 2번,1367,873,494,10,153,178,268,396,362,9,50,87,163,269,295,1,103,91,105,127,67
2017,3,A,골목상권,2110409,창동역 2번,425,216,209,0,57,101,136,94,37,0,23,45,70,53,25,0,34,56,66,41,12
2017,3,A,골목상권,2110408,가인초등학교,625,260,365,3,105,163,169,126,59,0,24,71,76,53,36,3,81,92,93,73,23
2017,3,A,골목상권,2110407,도봉역 2번,736,439,297,3,68,112,159,211,183,1,27,63,93,134,121,2,41,49,66,77,62
2017,3,A,골목상권,2110406,도봉산역 1번,769,610,159,0,28,61,198,300,182,0,16,41,167,252,134,0,12,20,31,48,48
2017,3,A,골목상권,2110405,방학역 1번,440,191,249,5,43,75,134,113,70,4,15,40,47,52,33,1,28,35,87,61,37
2017,3,A,골목상권,2110404,신창초등학교,589,251,338,1,59,96,176,161,96,1,13,46,79,69,43,0,46,50,97,92,53
2017,3,A,골목상권,2110403,방학1동주민센터,418,156,262,0,50,70,106,112,80,0,14,33,45,33,31,0,36,37,61,79,49
2017,3,A,골목상권,2110402,도봉구 정병원,501,215,286,2,38,56,124,142,139,0,20,29,63,58,45,2,18,27,61,84,94
2017,3,A,골목상권,2110401,도봉구민회관,375,120,255,0,55,56,62,136,66,0,18,19,27,38,18,0,37,37,35,98,48
2017,3,A,골목상권,2110400,도봉구보건소,930,457,473,1,111,169,211,243,195,1,33,88,91,133,111,0,78,81,120,110,84
2017,3,A,골목상권,2110399,창2동주민센터,752,325,427,10,75,118,230,236,83,4,21,72,88,98,42,6,54,46,142,138,41
2017,3,A,골목상권,2110398,쌍문2동우체국,1390,766,624,4,75,160,220,256,675,2,38,103,131,149,343,2,37,57,89,107,332
2017,3,A,골목상권,2110397,도봉산입구,641,334,307,1,50,73,169,204,144,1,14,39,73,111,96,0,36,34,96,93,48
2017,3,A,골목상권,2110396,쌍문역1번(쌍리단길),486,176,310,4,91,84,141,110,56,0,11,34,65,42,24,4,80,50,76,68,32
2017,3,A,골목상권,2110395,신한은행 방학동지점,222,76,146,0,25,44,50,52,51,0,2,21,20,15,18,0,23,23,30,37,33
2017,3,A,골목상권,2110394,방학중학교,227,96,131,1,25,37,55,78,31,1,9,24,16,30,16,0,16,13,39,48,15
2017,3,A,골목상권,2110393,국민은행방학지점,145,42,103,0,18,27,44,35,21,0,1,13,13,9,6,0,17,14,31,26,15
2017,3,A,골목상권,2110392,발바닥공원,112,32,80,0,13,19,21,28,31,0,3,8,6,7,8,0,10,11,15,21,23
2017,3,A,골목상권,2110391,샘말어린이공원,250,122,128,0,27,65,70,62,26,0,13,38,37,20,14,0,14,27,33,42,12
2017,3,A,골목상권,2110390,방학초등학교,345,142,203,0,18,57,98,82,90,0,1,26,44,32,39,0,17,31,54,50,51
2017,3,A,골목상권,2110389,한일병원,153,92,61,0,14,29,36,57,17,0,7,17,23,31,14,0,7,12,13,26,3
2017,3,A,골목상권,2110388,도봉우체국,47,25,22,1,6,8,16,6,10,0,5,6,7,1,6,1,1,2,9,5,4
2017,3,A,골목상권,2110387,쌍문초등학교,337,182,155,0,39,70,84,74,70,0,13,47,41,38,43,0,26,23,43,36,27
2017,3,A,골목상권,2110386,연산군묘,159,136,23,0,2,6,23,60,68,0,1,3,19,48,65,0,1,3,4,12,3
2017,3,A,골목상권,2110385,효문고등학교,13,9,4,0,0,1,5,5,2,0,0,1,3,4,1,0,0,0,2,1,1
2017,3,A,골목상권,2110384,문이교,24,12,12,0,1,3,5,12,3,0,1,3,0,7,1,0,0,0,5,5,2
2017,3,A,골목상권,2110383,덕성여대시반거리,168,66,102,1,22,22,47,49,27,0,10,15,16,16,9,1,12,7,31,33,18
2017,3,A,골목상권,2110382,솔밭공원역 1번,438,227,211,0,56,59,76,138,109,0,12,26,35,68,86,0,44,33,41,70,23
2017,3,A,골목상권,2110381,번동주공2단지,279,137,142,3,73,50,77,54,22,2,34,29,41,21,10,1,39,21,36,33,12
2017,3,A,골목상권,2110380,강북문화정보도서관,38,8,30,0,13,4,10,9,2,0,1,1,1,4,1,0,12,3,9,5,1
2017,3,A,골목상권,2110379,KT&G 북부지사,59,24,35,0,6,13,19,13,8,0,4,4,10,4,2,0,2,9,9,9,6
2017,3,A,골목상권,2110378,송중동주민센터,117,57,60,1,18,33,40,19,6,0,7,15,21,11,3,1,11,18,19,8,3
2017,3,A,골목상권,2110377,미아사거리역 3번,64,37,27,0,5,13,21,16,9,0,4,8,13,8,4,0,1,5,8,8,5
2017,3,A,골목상권,2110376,수송초등학교,478,223,255,1,67,105,129,114,62,0,24,61,51,53,34,1,43,44,78,61,28
2017,3,A,골목상권,2110375,서울북부고용노동지청,369,209,160,1,72,55,99,85,57,1,60,38,46,37,27,0,12,17,53,48,30
2017,3,A,골목상권,2110374,송중초등학교,653,243,410,0,59,121,176,180,117,0,20,52,65,55,51,0,39,69,111,125,66
2017,3,A,골목상권,2110373,수유역 2번,934,729,205,0,84,269,226,257,98,0,56,227,180,200,66,0,28,42,46,57,32
2017,3,A,골목상권,2110372,강북중학교,134,76,58,0,12,21,33,36,32,0,3,12,19,22,20,0,9,9,14,14,12
2017,3,A,골목상권,2110371,삼양입구사거리,133,49,84,1,4,16,42,50,20,1,2,3,18,15,10,0,2,13,24,35,10
2017,3,A,골목상권,2110370,도봉세무서,641,454,187,1,32,113,161,171,163,1,11,64,94,142,142,0,21,49,67,29,21
2017,3,A,골목상권,2110369,성신여대운정그린캠퍼스,711,325,386,2,97,129,148,173,162,1,40,61,67,64,92,1,57,68,81,109,70
2017,3,A,골목상권,2110368,송천초등학교,106,61,45,1,9,18,25,29,24,1,5,12,14,10,19,0,4,6,11,19,5
2017,3,A,골목상권,2110367,강북구청,1997,1085,912,1,121,523,529,587,236,1,41,230,266,414,133,0,80,293,263,173,103
2017,3,A,골목상권,2110366,광산사거리,186,118,68,1,9,33,49,60,34,0,6,21,26,38,27,1,3,12,23,22,7
2017,3,A,골목상권,2110365,미아역 5번,82,35,47,0,6,19,24,27,6,0,1,9,10,10,5,0,5,10,14,17,1
2017,3,A,골목상권,2110364,미아역 8번,169,79,90,0,13,19,65,50,22,0,5,9,27,22,16,0,8,10,38,28,6
2017,3,A,골목상권,2110363,송천동주민센터,35,24,11,0,9,9,6,4,7,0,7,5,5,1,6,0,2,4,1,3,1
2017,3,A,골목상권,2110362,우이천 계성교,246,115,131,0,44,46,63,63,30,0,11,30,36,25,13,0,33,16,27,38,17
2017,3,A,골목상권,2110361,삼양사거리역 1번,259,94,165,2,26,45,49,75,62,2,13,21,14,23,21,0,13,24,35,52,41
2017,3,A,골목상권,2110360,수유초등학교,502,348,154,1,49,86,99,136,131,0,15,62,62,93,116,1,34,24,37,43,15
2017,3,A,골목상권,2110359,수유시장옆,174,76,98,0,13,47,47,38,29,0,4,24,29,12,7,0,9,23,18,26,22
2017,3,A,골목상권,2110358,인수동 우편취급국,744,436,308,1,37,81,133,243,249,1,12,50,65,122,186,0,25,31,68,121,63
2017,3,A,골목상권,2110357,가오리역 1번,264,104,160,0,26,39,62,70,67,0,6,16,23,32,27,0,20,23,39,38,40
2017,3,A,골목상권,2110356,덕수교,233,84,149,2,20,37,54,75,45,0,5,19,21,18,21,2,15,18,33,57,24
2017,3,A,골목상권,2110355,삼양사거리역 2번,271,177,94,0,30,31,48,86,76,0,7,14,24,67,65,0,23,17,24,19,11
2017,3,A,골목상권,2110354,삼각산119안전센터,48,17,31,0,7,16,17,8,0,0,2,7,4,4,0,0,5,9,13,4,0
2017,3,A,골목상권,2110353,수유동우체국,221,104,117,0,23,38,50,65,45,0,13,22,28,31,10,0,10,16,22,34,35
2017,3,A,골목상권,2110352,수유1동주민센터,524,185,339,1,68,102,146,128,79,0,28,46,46,42,23,1,40,56,100,86,56
2017,3,A,골목상권,2110351,수유북부시장옆,91,26,65,0,4,21,22,33,11,0,0,10,5,8,3,0,4,11,17,25,8
2017,3,A,골목상권,2110350,가오리역 2번,103,59,44,0,11,19,32,27,14,0,8,7,21,13,10,0,3,12,11,14,4
2017,3,A,골목상권,2110349,화계역 2번,18,8,10,0,4,6,6,2,0,0,1,4,3,0,0,0,3,2,3,2,0
2017,3,A,골목상권,2110348,강북문화예술회관,585,212,373,0,63,95,152,165,110,0,19,38,69,44,42,0,44,57,83,121,68
2017,3,A,골목상권,2110347,구세군강북종합사회복지관,42,18,24,0,9,12,12,3,6,0,2,7,4,2,3,0,7,5,8,1,3
2017,3,A,골목상권,2110346,4.19민주묘지역 2번,110,68,42,0,19,21,31,23,16,0,7,14,18,16,13,0,12,7,13,7,3
2017,3,A,골목상권,2110345,솔밭공원역 2번,178,69,109,0,30,44,46,46,12,0,5,19,21,14,10,0,25,25,25,32,2
2017,3,A,골목상권,2110344,화계중학교,532,522,10,0,6,45,195,238,48,0,3,43,193,236,47,0,3,2,2,2,1
2017,3,A,골목상권,2110343,무너미어린이공원,101,55,46,1,15,13,35,27,10,1,5,10,20,12,7,0,10,3,15,15,3
2017,3,A,골목상권,2110342,국립재활원,49,28,21,1,1,10,18,16,3,1,1,6,9,9,2,0,0,4,9,7,1
2017,3,A,골목상권,2110341,북한산우이역 2번,434,391,43,1,8,16,72,245,92,0,5,11,57,232,86,1,3,5,15,13,6
2017,3,A,골목상권,2110340,인수중학교,142,52,90,1,14,12,53,30,32,1,3,5,14,9,20,0,11,7,39,21,12
2017,3,A,골목상권,2110339,국립4.19민주묘지,301,225,76,0,16,33,84,116,52,0,6,16,64,97,42,0,10,17,20,19,10
2017,3,A,골목상권,2110338,인수초등학교,10,9,1,0,1,3,5,0,1,0,1,2,5,0,1,0,0,1,0,0,0
2017,3,A,골목상권,2110337,아카데미하우스,570,285,285,1,58,59,85,145,222,1,34,35,37,69,109,0,24,24,48,76,113
2017,3,A,골목상권,2110336,석관고등학교,344,275,69,0,9,48,95,124,68,0,6,34,85,100,50,0,3,14,10,24,18
2017,3,A,골목상권,2110335,석계역 7번,590,371,219,1,64,113,158,159,95,1,21,61,92,118,78,0,43,52,66,41,17
2017,3,A,골목상권,2110334,석관중앙교회,242,117,125,0,20,70,59,64,29,0,4,33,31,34,15,0,16,37,28,30,14
2017,3,A,골목상권,2110333,돌곶이역 5번,1145,819,326,0,48,101,117,121,758,0,22,67,73,62,595,0,26,34,44,59,163
2017,3,A,골목상권,2110332,돌곶이역 3번,191,88,103,0,18,36,52,47,38,0,3,19,20,21,25,0,15,17,32,26,13
2017,3,A,골목상권,2110331,돌곶이역 8번,492,209,283,3,81,139,127,89,53,1,26,57,56,39,30,2,55,82,71,50,23
2017,3,A,골목상권,2110330,돌곶이역 1번,494,277,217,1,26,57,120,112,178,0,10,33,55,39,140,1,16,24,65,73,38
2017,3,A,골목상권,2110329,우리은행체육관,138,56,82,0,14,20,53,35,16,0,2,7,26,14,7,0,12,13,27,21,9
2017,3,A,골목상권,2110328,상월곡역 3번,528,305,223,0,88,154,156,82,48,0,34,87,106,47,31,0,54,67,50,35,17
2017,3,A,골목상권,2110327,상월곡역 2번,243,129,114,0,19,46,71,64,43,0,6,23,36,33,31,0,13,23,35,31,12
2017,3,A,골목상권,2110326,장위동성당,46,19,27,0,5,2,18,14,7,0,3,0,8,5,3,0,2,2,10,9,4
2017,3,A,골목상권,2110325,장곡초등학교,94,36,58,0,7,19,38,24,6,0,0,10,16,7,3,0,7,9,22,17,3
2017,3,A,골목상권,2110324,월곡역 4번,165,52,113,0,48,28,37,26,26,0,19,15,6,8,4,0,29,13,31,18,22
2017,3,A,골목상권,2110323,상월곡역 1번,218,97,121,0,17,50,70,48,33,0,5,22,34,21,15,0,12,28,36,27,18
2017,3,A,골목상권,2110322,장위1동주민센터,193,65,128,1,13,23,53,79,24,0,4,4,21,26,10,1,9,19,32,53,14
2017,3,A,골목상권,2110321,동덕여대,41,24,17,0,3,16,14,6,2,0,2,13,6,2,1,0,1,3,8,4,1
2017,3,A,골목상권,2110320,KB국민은행 종암동지점,130,71,59,0,10,11,34,51,24,0,6,5,17,24,19,0,4,6,17,27,5
2017,3,A,골목상권,2110319,종암동주민센터,307,141,166,4,53,70,63,72,45,0,20,31,31,36,23,4,33,39,32,36,22
2017,3,A,골목상권,2110318,KT월곡지사,343,195,148,0,42,66,87,94,54,0,19,44,63,42,27,0,23,22,24,52,27
2017,3,A,골목상권,2110317,종암중학교,162,95,67,0,24,46,49,31,12,0,11,31,31,17,5,0,13,15,18,14,7
2017,3,A,골목상권,2110316,숭곡초등학교,1057,592,465,6,191,318,301,176,65,0,85,191,186,93,37,6,106,127,115,83,28
2017,3,A,골목상권,2110315,종암아이파크2차,398,156,242,0,63,74,100,102,59,0,15,43,41,28,29,0,48,31,59,74,30
2017,3,A,골목상권,2110314,종암경찰서,1306,798,508,1,161,296,357,381,110,1,71,200,244,238,44,0,90,96,113,143,66
2017,3,A,골목상권,2110313,안암역 3번,636,307,329,1,131,155,167,109,73,0,54,94,85,47,27,1,77,61,82,62,46
2017,3,A,골목상권,2110312,안암역 2번,377,194,183,1,67,97,99,79,34,0,29,63,53,33,16,1,38,34,46,46,18
2017,3,A,골목상권,2110311,종암아이파크2차후문,40,19,21,0,4,10,14,9,3,0,2,4,5,5,3,0,2,6,9,4,0
2017,3,A,골목상권,2110310,길음역 10번,272,53,219,0,10,35,94,93,40,0,3,13,13,12,12,0,7,22,81,81,28
2017,3,A,골목상권,2110309,대광초등학교,513,310,203,1,78,130,147,94,63,1,27,74,92,65,51,0,51,56,55,29,12
2017,3,A,골목상권,2110308,길음역 8번,347,171,176,3,60,71,99,60,54,3,18,34,50,31,35,0,42,37,49,29,19
2017,3,A,골목상권,2110307,길음역 7번,463,173,290,11,77,105,143,82,45,3,17,41,59,29,24,8,60,64,84,53,21
2017,3,A,골목상권,2110306,미아초등학교,87,31,56,1,15,15,27,19,10,0,5,7,11,7,1,1,10,8,16,12,9
2017,3,A,골목상권,2110305,보문역 5번,516,266,250,1,73,111,113,105,113,0,15,64,68,49,70,1,58,47,45,56,43
2017,3,A,골목상권,2110304,보문역 4번,452,212,240,1,97,96,113,96,49,0,45,45,58,44,20,1,52,51,55,52,29
2017,3,A,골목상권,2110303,성신여대입구역 1번,445,238,207,1,57,102,122,87,76,1,25,73,73,32,34,0,32,29,49,55,42
2017,3,A,골목상권,2110302,보문역 8번,676,402,274,2,88,134,142,162,148,2,39,78,83,94,106,0,49,56,59,68,42
2017,3,A,골목상권,2110301,성신여대입구역 7번,491,178,313,0,33,63,140,149,106,0,12,22,59,55,30,0,21,41,81,94,76
2017,3,A,골목상권,2110300,삼선동주민센터,3292,1885,1407,3,330,809,923,932,295,2,116,340,524,699,204,1,214,469,399,233,91
2017,3,A,골목상권,2110299,정릉역 1번,506,202,304,2,65,108,149,111,71,0,11,50,59,48,34,2,54,58,90,63,37
2017,3,A,골목상권,2110298,솔숲어린이공원,98,31,67,0,13,23,29,20,13,0,3,7,12,5,4,0,10,16,17,15,9
2017,3,A,골목상권,2110297,경동고등학교,517,240,277,1,58,119,139,132,68,0,17,74,68,56,25,1,41,45,71,76,43
2017,3,A,골목상권,2110296,성신여대입구역 4번,154,50,104,0,19,37,42,32,24,0,5,14,18,6,7,0,14,23,24,26,17
2017,3,A,골목상권,2110295,정릉우체국,268,129,139,0,40,55,68,68,37,0,15,30,35,28,21,0,25,25,33,40,16
2017,3,A,골목상권,2110294,서경대학교,489,348,141,0,30,41,99,171,148,0,7,18,57,138,128,0,23,23,42,33,20
2017,3,A,골목상권,2110293,삼선중학교,567,309,258,2,79,149,169,101,67,0,32,98,98,45,36,2,47,51,71,56,31
2017,3,A,골목상권,2110292,정릉역 2번,95,42,53,0,9,28,27,17,14,0,4,11,9,10,8,0,5,17,18,7,6
2017,3,A,골목상권,2110291,한성대입구역 3번,1022,551,471,1,223,178,248,255,117,1,95,82,146,156,71,0,128,96,102,99,46
2017,3,A,골목상권,2110290,북한산보국문역 1번,46,36,10,0,3,7,17,15,4,0,1,7,14,11,3,0,2,0,3,4,1
2017,3,A,골목상권,2110289,북한산보국문역 2번,117,77,40,0,11,18,35,33,20,0,3,12,23,21,18,0,8,6,12,12,2
2017,3,A,골목상권,2110288,동구여중,589,211,378,0,61,239,194,65,30,0,16,81,66,30,18,0,45,158,128,35,12
2017,3,A,골목상권,2110287,정릉3동주민센터,99,50,49,0,21,17,24,23,14,0,9,9,15,7,10,0,12,8,9,16,4
2017,3,A,골목상권,2110286,한성대입구역 5번,579,302,277,2,121,176,142,97,41,1,33,96,83,57,32,1,88,80,59,40,9
2017,3,A,골목상권,2110285,홍대부중,151,75,76,0,31,52,41,14,13,0,11,30,20,7,7,0,20,22,21,7,6
2017,3,A,골목상권,2110284,정릉북한산국립공원입구,505,460,45,0,8,46,176,201,74,0,2,42,165,182,69,0,6,4,11,19,5
2017,3,A,골목상권,2110283,성북초등학교앞,239,96,143,1,17,48,67,53,53,1,8,21,32,18,16,0,9,27,35,35,37
2017,3,A,골목상권,2110282,국민대학교앞,471,379,92,1,29,56,144,169,72,0,10,35,126,146,62,1,19,21,18,23,10
2017,3,A,골목상권,2110281,길상사,173,102,71,1,26,33,30,47,36,0,10,16,16,29,31,1,16,17,14,18,5
2017,3,A,골목상권,2110280,북정마을,103,22,81,0,16,25,27,25,10,0,2,8,3,8,1,0,14,17,24,17,9
2017,3,A,골목상권,2110279,신내역 2번,118,97,21,0,3,13,31,34,37,0,2,9,22,28,36,0,1,4,9,6,1
2017,3,A,골목상권,2110278,망우본동주민센터,666,367,299,0,75,124,158,126,183,0,31,59,73,54,150,0,44,65,85,72,33
2017,3,A,골목상권,2110277,러스크서울병원,588,284,304,1,69,125,163,143,87,1,24,65,80,66,48,0,45,60,83,77,39
2017,3,A,골목상권,2110276,신내IC북측,184,136,48,0,9,41,66,43,25,0,4,30,45,33,24,0,5,11,21,10,1
2017,3,A,골목상권,2110275,하나은행 망우동지점,156,75,81,0,21,35,39,38,23,0,13,18,14,16,14,0,8,17,25,22,9
2017,3,A,골목상권,2110274,서일대학교,428,210,218,1,73,87,105,98,64,1,20,49,50,49,41,0,53,38,55,49,23
2017,3,A,골목상권,2110273,장스여성병원,763,506,257,5,54,91,106,245,262,0,3,24,61,194,224,5,51,67,45,51,38
2017,3,A,골목상권,2110272,신내1동주민센터,1108,748,360,0,94,231,302,310,171,0,29,154,199,226,140,0,65,77,103,84,31
2017,3,A,골목상권,2110271,신내역 1번,162,121,41,0,7,35,52,49,19,0,4,28,37,38,14,0,3,7,15,11,5
2017,3,A,골목상권,2110270,혜원여고,228,190,38,0,7,10,38,82,91,0,3,4,28,70,85,0,4,6,10,12,6
2017,3,A,골목상권,2110269,용마문화복지센터,229,102,127,2,18,57,53,62,37,1,6,27,33,20,15,1,12,30,20,42,22
2017,3,A,골목상권,2110268,망우3동주민센터,145,77,68,2,16,29,35,45,18,2,9,18,17,21,10,0,7,11,18,24,8
2017,3,A,골목상권,2110267,망우역 2번,367,122,245,0,54,68,92,67,86,0,5,20,38,22,37,0,49,48,54,45,49
2017,3,A,골목상권,2110266,면목동우체국,161,84,77,0,10,32,49,52,18,0,5,19,24,25,11,0,5,13,25,27,7
2017,3,A,골목상권,2110265,망우역 1번,379,177,202,4,54,66,98,100,57,4,19,24,51,48,31,0,35,42,47,52,26
2017,3,A,골목상권,2110264,면목역 2번,632,251,381,0,72,91,159,192,118,0,21,43,64,59,64,0,51,48,95,133,54
2017,3,A,골목상권,2110263,면목역 1번,187,87,100,0,18,41,70,35,23,0,5,18,29,20,15,0,13,23,41,15,8
2017,3,A,골목상권,2110262,상봉역 3번,2201,1380,821,2,286,635,706,318,254,1,165,489,371,148,206,1,121,146,335,170,48
2017,3,A,골목상권,2110261,사가정역 4번,180,66,114,1,17,30,56,54,22,0,5,7,22,23,9,1,12,23,34,31,13
2017,3,A,골목상권,2110260,면목역 3번,170,74,96,1,13,33,50,48,25,1,4,9,22,25,13,0,9,24,28,23,12
2017,3,A,골목상권,2110259,사가정역 1번,272,152,120,0,26,75,76,78,17,0,9,41,42,46,14,0,17,34,34,32,3
2017,3,A,골목상권,2110258,면동초등학교,255,102,153,0,45,55,61,60,34,0,7,24,31,24,16,0,38,31,30,36,18
2017,3,A,골목상권,2110257,상봉역 7번,611,512,99,0,12,38,91,254,216,0,1,22,68,221,200,0,11,16,23,33,16
2017,3,A,골목상권,2110256,면목2동체육관,868,485,383,3,78,126,237,252,172,1,22,66,130,148,118,2,56,60,107,104,54
2017,3,A,골목상권,2110255,상봉역 4번,545,266,279,1,49,88,166,161,80,1,21,48,75,75,46,0,28,40,91,86,34
2017,3,A,골목상권,2110254,오거리공원,332,167,165,0,28,57,89,105,53,0,11,35,47,53,21,0,17,22,42,52,32
2017,3,A,골목상권,2110253,중곡초등학교,267,149,118,0,32,47,81,70,37,0,14,22,40,43,30,0,18,25,41,27,7
2017,3,A,골목상권,2110252,장안제일시장,751,533,218,0,41,96,177,248,189,0,24,53,107,186,163,0,17,43,70,62,26
2017,3,A,골목상권,2110251,장안중학교,179,83,96,0,24,46,62,32,15,0,4,22,29,16,12,0,20,24,33,16,3
2017,3,A,골목상권,2110250,화랑대역 7번,121,62,59,0,16,29,30,33,13,0,5,15,14,19,9,0,11,14,16,14,4
2017,3,A,골목상권,2110249,중화역 1번,825,347,478,1,92,180,228,214,110,0,27,83,96,86,55,1,65,97,132,128,55
2017,3,A,골목상권,2110248,먹골파출소,87,54,33,1,14,18,30,16,8,0,10,13,17,8,6,1,4,5,13,8,2
2017,3,A,골목상권,2110247,먹골역 1번,537,258,279,1,53,111,145,135,92,0,19,55,75,61,48,1,34,56,70,74,44
2017,3,A,골목상권,2110246,월드순복음교회,483,294,189,0,30,102,160,110,81,0,12,68,111,59,44,0,18,34,49,51,37
2017,3,A,골목상권,2110245,KB국민은행 중화동지점,105,62,43,1,11,12,32,26,23,1,5,6,19,15,16,0,6,6,13,11,7
2017,3,A,골목상권,2110244,중화역 4번,866,560,306,0,27,94,149,128,468,0,10,58,94,55,343,0,17,36,55,73,125
2017,3,A,골목상권,2110243,중랑노인종합복지관,476,198,278,0,44,94,122,144,72,0,15,36,57,54,36,0,29,58,65,90,36
2017,3,A,골목상권,2110242,면목5동주민센터,153,83,70,0,27,26,42,38,20,0,6,17,25,23,12,0,21,9,17,15,8
2017,3,A,골목상권,2110241,먹골역 5번,643,328,315,2,110,147,174,140,70,2,36,77,92,76,45,0,74,70,82,64,25
2017,3,A,골목상권,2110240,태릉시장 특화거리,115,36,79,0,14,28,37,22,14,0,2,12,10,7,5,0,12,16,27,15,9
2017,3,A,골목상권,2110239,중랑역 2번,4,1,3,0,0,1,0,1,2,0,0,0,0,0,1,0,0,1,0,1,1
2017,3,A,골목상권,2110238,배꽃어린이공원,62,39,23,0,6,11,23,21,1,0,2,7,15,14,1,0,4,4,8,7,0
2017,3,A,골목상권,2110237,메가박스 상봉,955,549,406,20,188,163,228,221,135,15,83,86,128,140,97,5,105,77,100,81,38
2017,3,A,골목상권,2110236,신묵초등학교,352,208,144,1,35,69,110,102,35,1,15,43,69,60,20,0,20,26,41,42,15
2017,3,A,골목상권,2110235,세화어린이공원,12,9,3,0,2,3,1,5,1,0,1,2,1,5,0,0,1,1,0,0,1
2017,3,A,골목상권,2110234,중랑역 4번,409,278,131,0,38,66,110,106,89,0,15,42,74,80,67,0,23,24,36,26,22
2017,3,A,골목상권,2110233,중랑역 1번,187,96,91,0,19,54,45,51,18,0,9,34,21,20,12,0,10,20,24,31,6
2017,3,A,골목상권,2110232,동대부고,1157,695,462,2,120,182,279,360,214,1,31,101,144,244,174,1,89,81,135,116,40
2017,3,A,골목상권,2110231,장안교,47,37,10,0,3,11,21,9,3,0,3,9,16,7,2,0,0,2,5,2,1
2017,3,A,골목상권,2110230,장안현대홈타운1차아파트,320,154,166,1,34,73,95,73,44,0,10,36,54,31,23,1,24,37,41,42,21
2017,3,A,골목상권,2110229,장평중학교,1458,946,512,4,160,276,337,431,250,1,70,164,201,290,220,3,90,112,136,141,30
2017,3,A,골목상권,2110228,장안근린공원,721,340,381,1,62,129,171,244,114,1,27,68,80,113,51,0,35,61,91,131,63
2017,3,A,골목상권,2110227,답십리공원,518,222,296,0,61,112,156,128,61,0,33,65,56,46,22,0,28,47,100,82,39
2017,3,A,골목상권,2110226,장안1동주민센터,2282,1401,881,8,270,509,675,527,293,7,130,297,446,329,192,1,140,212,229,198,101
2017,3,A,골목상권,2110225,촬영소사거리,585,348,237,2,72,118,131,141,121,2,36,77,80,89,64,0,36,41,51,52,57
2017,3,A,골목상권,2110224,외대앞역 2번,88,31,57,0,5,16,33,22,12,0,2,1,14,9,5,0,3,15,19,13,7
2017,3,A,골목상권,2110223,군자초등학교,687,331,356,2,19,53,74,201,338,1,11,34,37,87,161,1,8,19,37,114,177
2017,3,A,골목상권,2110222,회기역 2번,78,57,21,0,9,16,10,18,25,0,5,13,8,12,19,0,4,3,2,6,6
2017,3,A,골목상권,2110221,의릉,106,73,33,1,14,25,35,21,10,0,6,16,25,16,10,1,8,9,10,5,0
2017,3,A,골목상권,2110220,외대앞역 1번,346,148,198,7,67,88,81,74,29,5,16,47,37,31,12,2,51,41,44,43,17
2017,3,A,골목상권,2110219,삼육보건대학교,240,109,131,0,38,46,61,55,40,0,10,21,24,30,24,0,28,25,37,25,16
2017,3,A,골목상권,2110218,답십리사거리,285,131,154,2,39,45,85,77,37,1,14,21,42,37,16,1,25,24,43,40,21
2017,3,A,골목상권,2110217,자동차부품상가,913,717,196,0,78,207,289,197,142,0,66,169,221,141,120,0,12,38,68,56,22
2017,3,A,골목상권,2110216,전농중학교,252,104,148,1,24,83,73,53,18,1,11,32,25,25,10,0,13,51,48,28,8
2017,3,A,골목상권,2110215,회기역 1번,37,11,26,1,11,7,9,5,4,0,4,1,3,2,1,1,7,6,6,3,3
2017,3,A,골목상권,2110214,경희대후문,75,38,37,0,13,12,22,17,11,0,6,7,9,9,7,0,7,5,13,8,4
2017,3,A,골목상권,2110213,청량초등학교,119,58,61,0,12,37,35,19,16,0,4,22,16,5,11,0,8,15,19,14,5
2017,3,A,골목상권,2110212,답십리초등학교,381,167,214,1,30,49,91,102,108,0,9,25,50,50,33,1,21,24,41,52,75
2017,3,A,골목상권,2110211,전곡마을마당공원,367,217,150,1,43,67,91,104,61,0,18,48,56,55,40,1,25,19,35,49,21
2017,3,A,골목상권,2110210,서울시립대,180,103,77,1,20,38,51,35,35,0,6,24,28,20,25,1,14,14,23,15,10
2017,3,A,골목상권,2110209,답십리 장령당공원,266,198,68,0,24,32,45,32,133,0,12,24,30,15,117,0,12,8,15,17,16
2017,3,A,골목상권,2110208,시조사삼거리,197,144,53,0,14,35,68,66,14,0,6,19,55,51,13,0,8,16,13,15,1
2017,3,A,골목상권,2110207,시립대앞사거리,345,167,178,13,95,69,77,51,40,5,45,41,38,18,20,8,50,28,39,33,20
2017,3,A,골목상권,2110206,텃골근린공원,277,114,163,0,36,36,92,74,39,0,15,14,42,32,11,0,21,22,50,42,28
2017,3,A,골목상권,2110205,경희대삼거리,128,61,67,3,23,31,29,28,14,1,8,22,12,11,7,2,15,9,17,17,7
2017,3,A,골목상권,2110204,간데메공원,458,254,204,3,79,92,128,93,63,1,40,49,66,56,42,2,39,43,62,37,21
2017,3,A,골목상권,2110203,떡전교사거리,338,221,117,1,22,98,87,75,55,1,7,74,65,39,35,0,15,24,22,36,20
2017,3,A,골목상권,2110202,전농1동주민센터(전농시장),217,101,116,4,28,41,51,60,33,3,15,22,32,24,5,1,13,19,19,36,28
2017,3,A,골목상권,2110201,전농119안전센터,28,17,11,0,3,4,9,9,3,0,1,3,6,6,1,0,2,1,3,3,2
2017,3,A,골목상권,2110200,동대문경찰서,154,107,47,0,8,26,18,28,74,0,5,14,13,18,57,0,3,12,5,10,17
2017,3,A,골목상권,2110199,홍릉시장,211,98,113,0,26,39,43,56,47,0,9,22,25,24,18,0,17,17,18,32,29
2017,3,A,골목상권,2110198,동대문중앙새마을금고본점,59,45,14,2,6,18,12,13,8,2,6,10,9,12,6,0,0,8,3,1,2
2017,3,A,골목상권,2110197,세종대왕기념관교차로,72,42,30,0,8,13,18,19,14,0,5,8,14,8,7,0,3,5,4,11,7
2017,3,A,골목상권,2110196,홍릉근린공원,31,22,9,0,3,5,13,9,1,0,3,4,8,6,1,0,0,1,5,3,0
2017,3,A,골목상권,2110195,동대문구청,443,210,233,1,53,78,102,127,82,0,21,42,48,52,47,1,32,36,54,75,35
2017,3,A,골목상권,2110194,홍파초등학교,274,175,99,0,23,54,77,65,55,0,15,41,57,39,23,0,8,13,20,26,32
2017,3,A,골목상권,2110193,고려대역 4번,135,80,55,3,21,22,32,29,28,2,11,14,21,16,16,1,10,8,11,13,12
2017,3,A,골목상권,2110192,동의보감타워,401,212,189,1,61,88,97,91,63,1,24,51,59,47,30,0,37,37,38,44,33
2017,3,A,골목상권,2110191,고려대역 6번,240,127,113,0,12,44,73,71,40,0,6,33,40,29,19,0,6,11,33,42,21
2017,3,A,골목상권,2110190,고대앞사거리,200,89,111,2,32,42,52,41,31,0,7,21,33,14,14,2,25,21,19,27,17
2017,3,A,골목상권,2110189,제기동역 1번,984,629,355,0,103,184,215,207,275,0,47,106,138,131,207,0,56,78,77,76,68
2017,3,A,골목상권,2110188,용두동신동아아파트,1459,795,664,2,247,352,364,306,188,2,99,193,236,165,100,0,148,159,128,141,88
2017,3,A,골목상권,2110187,제기동역 6번,2566,1468,1098,5,370,675,598,520,398,0,130,362,357,327,292,5,240,313,241,193,106
2017,3,A,골목상권,2110186,종암초등학교,239,142,97,0,27,34,50,51,77,0,14,18,34,22,54,0,13,16,16,29,23
2017,3,A,골목상권,2110185,용두초등학교,173,112,61,0,12,35,58,42,26,0,4,26,43,21,18,0,8,9,15,21,8
2017,3,A,골목상권,2110184,용두사거리,485,290,195,0,76,155,98,78,78,0,31,95,59,46,59,0,45,60,39,32,19
2017,3,A,골목상권,2110183,한국의류시험연구원,1183,582,601,3,339,393,242,136,70,0,113,166,146,101,56,3,226,227,96,35,14
2017,3,A,골목상권,2110182,용두희망어린이공원,559,368,191,4,68,150,161,100,76,2,31,102,107,68,58,2,37,48,54,32,18
2017,3,A,골목상권,2110181,신설동역 9번,5693,3769,1924,59,1045,1489,1186,820,1094,41,603,1068,941,566,550,18,442,421,245,254,544
2017,3,A,골목상권,2110180,광진정보도서관,2367,1306,1061,11,361,540,636,567,252,6,135,322,403,273,167,5,226,218,233,294,85
2017,3,A,골목상권,2110179,광나루역 1번,362,228,134,3,44,94,109,72,40,1,21,63,73,38,32,2,23,31,36,34,8
2017,3,A,골목상권,2110178,장로회신학대학교,63,14,49,0,3,18,22,15,5,0,0,7,4,1,2,0,3,11,18,14,3
2017,3,A,골목상권,2110177,동의초등학교,34,22,12,0,7,10,7,7,3,0,5,4,4,6,3,0,2,6,3,1,0
2017,3,A,골목상권,2110176,해오름공원,267,149,118,0,24,49,65,62,67,0,10,23,38,34,44,0,14,26,27,28,23
2017,3,A,골목상권,2110175,푸른동산공원,276,115,161,0,29,48,54,81,64,0,6,21,22,30,36,0,23,27,32,51,28
2017,3,A,골목상권,2110174,아차산역 1번,293,159,134,0,23,56,89,89,36,0,10,25,47,58,19,0,13,31,42,31,17
2017,3,A,골목상권,2110173,구남초등학교,362,195,167,0,47,108,102,77,28,0,20,66,58,35,16,0,27,42,44,42,12
2017,3,A,골목상권,2110172,광진초등학교,314,208,106,2,33,72,81,79,47,0,16,54,50,49,39,2,17,18,31,30,8
2017,3,A,골목상권,2110171,중곡4동주민센터,101,74,27,0,11,15,28,28,19,0,2,12,18,24,18,0,9,3,10,4,1
2017,3,A,골목상권,2110170,동대부여고,244,120,124,1,38,47,72,49,37,1,10,20,49,24,16,0,28,27,23,25,21
2017,3,A,골목상권,2110169,성동초등학교,363,187,176,1,43,63,101,87,68,1,15,30,51,46,44,0,28,33,50,41,24
2017,3,A,골목상권,2110168,대원고등학교,402,299,103,0,15,57,102,129,99,0,4,36,75,96,88,0,11,21,27,33,11
2017,3,A,골목상권,2110167,용마초등학교,685,317,368,1,79,141,201,161,102,1,26,68,96,81,45,0,53,73,105,80,57
2017,3,A,골목상권,2110166,구의1동주민센터,467,263,204,0,52,124,145,96,50,0,18,65,100,49,31,0,34,59,45,47,19
2017,3,A,골목상권,2110165,국립정신건강센터,396,226,170,0,38,50,104,124,80,0,19,31,55,75,46,0,19,19,49,49,34
2017,3,A,골목상권,2110164,아차산역 5번,460,280,180,0,62,126,114,65,93,0,19,70,73,46,72,0,43,56,41,19,21
2017,3,A,골목상권,2110163,성자초등학교,428,220,208,3,60,116,102,61,86,2,22,51,56,33,56,1,38,65,46,28,30
2017,3,A,골목상권,2110162,군자역 4번,165,56,109,0,23,45,46,32,19,0,5,12,16,12,11,0,18,33,30,20,8
2017,3,A,골목상권,2110161,중곡역 3번,471,252,219,5,69,121,89,93,94,0,24,72,41,53,62,5,45,49,48,40,32
2017,3,A,골목상권,2110160,광진경찰서,1241,1044,197,3,148,452,299,269,70,3,106,386,265,240,44,0,42,66,34,29,26
2017,3,A,골목상권,2110159,구의역 4번,911,443,468,1,171,179,212,213,135,1,69,84,97,110,82,0,102,95,115,103,53
2017,3,A,골목상권,2110158,중곡3동주민센터,707,421,286,1,73,136,162,192,143,0,23,65,94,130,109,1,50,71,68,62,34
2017,3,A,골목상권,2110157,자양동우체국,221,113,108,1,26,40,73,52,29,0,11,18,32,31,21,1,15,22,41,21,8
2017,3,A,골목상권,2110156,군자역 5번,625,297,328,0,94,164,144,148,75,0,33,94,84,45,41,0,61,70,60,103,34
2017,3,A,골목상권,2110155,광진구청,1567,1289,278,0,105,261,477,568,156,0,53,195,401,517,123,0,52,66,76,51,33
2017,3,A,골목상권,2110154,광진정말공원,743,327,416,1,177,207,180,122,56,1,60,94,88,53,31,0,117,113,92,69,25
2017,3,A,골목상권,2110153,중곡1동주민센터,103,50,53,0,9,19,25,36,14,0,1,7,15,20,7,0,8,12,10,16,7
2017,3,A,골목상권,2110152,중곡어린이공원,191,125,66,2,16,55,62,39,17,0,7,37,42,29,10,2,9,18,20,10,7
2017,3,A,골목상권,2110151,자양한강도서관,464,230,234,0,58,101,102,135,68,0,18,49,56,73,34,0,40,52,46,62,34
2017,3,A,골목상권,2110150,중곡1동 마을마당,1767,1134,633,3,187,392,363,285,537,2,71,210,188,167,496,1,116,182,175,118,41
2017,3,A,골목상권,2110149,세종대학교,373,133,240,3,119,120,74,34,23,1,21,51,33,14,13,2,98,69,41,20,10
2017,3,A,골목상권,2110148,어린이대공원역 3번,37,16,21,0,9,3,10,11,4,0,3,1,5,4,3,0,6,2,5,7,1
2017,3,A,골목상권,2110147,능동우편취급국,672,336,336,2,114,212,181,121,42,1,30,115,107,63,20,1,84,97,74,58,22
2017,3,A,골목상권,2110146,신자초등학교,462,232,230,1,56,87,131,113,74,1,16,58,65,53,39,0,40,29,66,60,35
2017,3,A,골목상권,2110145,장안초등학교,17,13,4,0,4,7,3,3,0,0,1,7,3,2,0,0,3,0,0,1,0
2017,3,A,골목상권,2110144,어린이대공원역 4번,52,22,30,0,7,9,12,18,6,0,4,3,5,6,4,0,3,6,7,12,2
2017,3,A,골목상권,2110143,뚝섬유원지역 1번,53,16,37,0,8,11,10,16,8,0,1,3,4,5,3,0,7,8,6,11,5
2017,3,A,골목상권,2110142,화양사거리,327,128,199,0,32,65,65,88,77,0,10,32,40,29,17,0,22,33,25,59,60
2017,3,A,골목상권,2110141,건대입구역 1번,335,191,144,1,69,92,89,60,24,1,27,55,52,38,18,0,42,37,37,22,6
2017,3,A,골목상권,2110140,건대입구역 6번,1261,735,526,3,149,273,346,308,182,1,87,200,209,142,96,2,62,73,137,166,86
2017,3,A,골목상권,2110139,자양4동주민센터,464,293,171,0,54,91,111,105,103,0,18,56,68,60,91,0,36,35,43,45,12
2017,3,A,골목상권,2110138,송정체육공원,204,91,113,0,18,32,56,45,53,0,5,16,23,23,24,0,13,16,33,22,29
2017,3,A,골목상권,2110137,성수초등학교,14774,9118,5656,120,2886,4107,3601,2671,1389,81,1347,2722,2280,1629,1059,39,1539,1385,1321,1042,330
2017,3,A,골목상권,2110136,경수초등학교,10689,6383,4306,94,1857,3548,2981,1580,629,38,750,1902,2076,1132,485,56,1107,1646,905,448,144
2017,3,A,골목상권,2110135,성동세무서,790,417,373,4,114,202,210,154,106,1,36,93,104,100,83,3,78,109,106,54,23
2017,3,A,골목상권,2110134,성수119안전센터,1104,855,249,1,86,167,310,343,197,1,47,112,248,277,170,0,39,55,62,66,27
2017,3,A,골목상권,2110133,서울교통공사,8087,7000,1087,7,481,1269,4266,1865,199,5,331,983,3796,1714,171,2,150,286,470,151,28
2017,3,A,골목상권,2110132,성수2가3동주민센터,1167,781,386,8,175,293,322,228,141,6,86,196,227,156,110,2,89,97,95,72,31
2017,3,A,골목상권,2110131,성수동카페거리,7559,4751,2808,29,1787,2320,1769,1044,610,17,878,1536,1218,696,406,12,909,784,551,348,204
2017,3,A,골목상권,2110130,답십리역 6번,80,37,43,0,10,20,12,20,18,0,4,11,7,6,9,0,6,9,5,14,9
2017,3,A,골목상권,2110129,성원어린이공원,1044,650,394,4,137,271,318,228,86,2,70,168,198,145,67,2,67,103,120,83,19
2017,3,A,골목상권,2110128,성원중학교,1075,656,419,1,112,210,324,306,122,1,47,135,188,194,91,0,65,75,136,112,31
2017,3,A,골목상권,2110127,성수1가1동주민센터,1050,504,546,50,227,334,240,154,45,14,66,190,125,79,30,36,161,144,115,75,15
2017,3,A,골목상권,2110126,서울숲역 1번,152,55,97,0,45,46,34,19,8,0,12,18,9,10,6,0,33,28,25,9,2
2017,3,A,골목상권,2110125,사근동살곶이상점가,149,72,77,0,22,43,36,22,26,0,9,20,20,8,15,0,13,23,16,14,11
2017,3,A,골목상권,2110124,뚝섬역교차로,3553,1871,1682,24,949,859,736,579,406,8,183,421,479,441,339,16,766,438,257,138,67
2017,3,A,골목상권,2110123,마장역 3번,700,507,193,0,57,96,157,238,152,0,30,51,111,183,132,0,27,45,46,55,20
2017,3,A,골목상권,2110122,마장역 2번,800,511,289,0,99,184,248,201,68,0,54,123,169,117,48,0,45,61,79,84,20
2017,3,A,골목상권,2110121,한양대역 4번,61,36,25,2,6,14,19,11,9,0,4,8,13,6,5,2,2,6,6,5,4
2017,3,A,골목상권,2110120,서울숲카페거리,67,35,32,0,19,17,19,9,3,0,6,13,10,3,3,0,13,4,9,6,0
2017,3,A,골목상권,2110119,마장지하차도,258,185,73,0,49,62,69,52,26,0,30,48,45,40,22,0,19,14,24,12,4
2017,3,A,골목상권,2110118,왕십리역 9번,690,369,321,5,106,107,180,151,141,5,55,53,84,79,93,0,51,54,96,72,48
2017,3,A,골목상권,2110117,성동구보건소,164,112,52,0,8,43,49,42,22,0,6,28,36,27,15,0,2,15,13,15,7
2017,3,A,골목상권,2110116,청계천박물관,5047,3643,1404,11,389,861,1193,1777,816,10,223,591,924,1283,612,1,166,270,269,494,204
2017,3,A,골목상권,2110115,상왕십리역 3번,969,402,567,5,168,243,229,222,102,2,36,135,110,79,40,3,132,108,119,143,62
2017,3,A,골목상권,2110114,왕십리파출소,196,85,111,0,24,52,55,54,11,0,5,20,32,22,6,0,19,32,23,32,5
2017,3,A,골목상권,2110113,응봉산,54,23,31,0,8,10,15,14,7,0,1,6,5,5,6,0,7,4,10,9,1
2017,3,A,골목상권,2110112,행당역 2번,227,90,137,1,31,52,52,61,30,0,9,23,23,19,16,1,22,29,29,42,14
2017,3,A,골목상권,2110110,상왕십리역 6번,188,91,97,0,28,49,55,30,26,0,6,18,29,18,20,0,22,31,26,12,6
2017,3,A,골목상권,2110109,금호삼성래미안아파트,405,206,199,1,72,109,91,71,61,0,19,53,51,38,45,1,53,56,40,33,16
2017,3,A,골목상권,2110108,성동구립금호도서관,34,9,25,0,5,9,8,11,1,0,0,2,3,4,0,0,5,7,5,7,1
2017,3,A,골목상권,2110107,금호사거리,113,58,55,2,8,18,24,33,28,0,3,15,16,12,12,2,5,3,8,21,16
2017,3,A,골목상권,2110106,금북초등학교,18,6,12,0,3,7,4,2,2,0,0,3,1,0,2,0,3,4,3,2,0
2017,3,A,골목상권,2110105,금동어린이공원,58,21,37,0,12,14,9,13,10,0,3,4,3,5,6,0,9,10,6,8,4
2017,3,A,골목상권,2110104,신금호역 4번,314,135,179,0,46,62,78,92,36,0,12,38,30,35,20,0,34,24,48,57,16
2017,3,A,골목상권,2110103,옥수터널,34,25,9,0,4,4,9,13,4,0,4,3,7,8,3,0,0,1,2,5,1
2017,3,A,골목상권,2110102,옥수역 6번,373,208,165,1,61,73,108,86,44,0,31,36,61,53,27,1,30,37,47,33,17
2017,3,A,골목상권,2110101,옥정중학교,216,78,138,0,42,45,59,43,27,0,3,12,29,15,19,0,39,33,30,28,8
2017,3,A,골목상권,2110100,옥수동우편취급국,149,77,72,1,40,49,24,28,7,1,21,34,8,8,5,0,19,15,16,20,2
2017,3,A,골목상권,2110099,유엔빌리지길,679,309,370,1,140,215,160,103,60,0,52,94,88,47,28,1,88,121,72,56,32
2017,3,A,골목상권,2110098,서울독일학교,649,306,343,4,251,223,73,40,58,3,116,122,36,14,15,1,135,101,37,26,43
2017,3,A,골목상권,2110097,한남초등학교,1177,794,383,6,208,572,288,77,26,4,101,386,229,53,21,2,107,186,59,24,5
2017,3,A,골목상권,2110096,한남힐사이드아파트,1053,596,457,13,338,432,162,72,36,7,140,260,115,48,26,6,198,172,47,24,10
2017,3,A,골목상권,2110095,한강진역 3번,928,415,513,3,254,300,186,98,87,1,76,153,117,35,33,2,178,147,69,63,54
2017,3,A,골목상권,2110094,오산중학교,28,16,12,0,0,2,5,10,11,0,0,0,3,6,7,0,0,2,2,4,4
2017,3,A,골목상권,2110093,우사단길,1840,992,848,1,287,807,526,157,62,1,77,379,367,123,45,0,210,428,159,34,17
2017,3,A,골목상권,2110092,NH농협은행 보광동지점,198,99,99,0,34,43,38,48,35,0,11,18,18,27,25,0,23,25,20,21,10
2017,3,A,골목상권,2110091,리움미술관,325,119,206,2,158,106,32,16,11,0,46,41,17,9,6,2,112,65,15,7,5
2017,3,A,골목상권,2110090,한국폴리텍대학서울정수캠퍼스,540,244,296,2,220,192,66,27,33,0,84,88,35,13,24,2,136,104,31,14,9
2017,3,A,골목상권,2110089,서빙고동주민센터,481,292,189,1,37,125,136,103,79,0,15,65,61,84,67,1,22,60,75,19,12
2017,3,A,골목상권,2110088,오산고등학교,519,289,230,2,118,145,128,73,53,0,53,72,78,53,33,2,65,73,50,20,20
2017,3,A,골목상권,2110087,이태원엔틱가구거리,352,229,123,4,90,144,56,37,21,1,46,109,38,19,16,3,44,35,18,18,5
2017,3,A,골목상권,2110086,이태원역 북측,287,139,148,0,29,30,30,49,149,0,5,15,10,16,93,0,24,15,20,33,56
2017,3,A,골목상권,2110085,경리단길남측,1240,733,507,1,191,260,256,226,306,0,95,157,154,121,206,1,96,103,102,105,100
2017,3,A,골목상권,2110084,경리단길북측,985,517,468,3,265,300,184,118,115,0,127,169,97,60,64,3,138,131,87,58,51
2017,3,A,골목상권,2110083,서빙고역 1번,582,419,163,0,90,232,166,56,38,0,48,168,131,43,29,0,42,64,35,13,9
2017,3,A,골목상권,2110082,용산구청,2048,1122,926,2,203,532,493,572,246,1,69,233,240,421,158,1,134,299,253,151,88
2017,3,A,골목상권,2110081,해방촌 남동측,277,158,119,1,59,77,50,43,47,1,32,46,25,18,36,0,27,31,25,25,11
2017,3,A,골목상권,2110080,해방촌예술마을,244,121,123,0,46,64,69,35,30,0,17,33,40,16,15,0,29,31,29,19,15
2017,3,A,골목상권,2110079,후암동주민센터,1977,1000,977,1,302,420,437,585,232,1,100,247,271,268,113,0,202,173,166,317,119
2017,3,A,골목상권,2110078,이촌동점보아파트,159,70,89,0,24,35,34,33,33,0,6,18,13,13,20,0,18,17,21,20,13
2017,3,A,골목상권,2110077,삼광초등학교,126,43,83,0,11,21,37,36,21,0,2,5,15,13,8,0,9,16,22,23,13
2017,3,A,골목상권,2110076,삼각지역 14번,545,173,372,1,44,153,166,149,32,0,5,55,65,44,4,1,39,98,101,105,28
2017,3,A,골목상권,2110075,숙대입구역 1번,2341,1502,839,24,453,598,704,347,215,11,232,401,429,254,175,13,221,197,275,93,40
2017,3,A,골목상권,2110074,서울역 12번,9988,2641,7347,108,6008,1620,976,859,417,5,784,917,602,206,127,103,5224,703,374,653,290
2017,3,A,골목상권,2110073,삼각지역 3번,2098,1643,455,1,182,452,478,628,357,0,100,343,415,492,293,1,82,109,63,136,64
2017,3,A,골목상권,2110072,열정도,537,354,183,4,134,155,109,93,42,0,74,122,73,56,29,4,60,33,36,37,13
2017,3,A,골목상권,2110071,한강미주맨션아파트,321,124,197,1,76,83,70,43,48,0,19,23,31,20,31,1,57,60,39,23,17
2017,3,A,골목상권,2110070,용산세무서,249,151,98,2,50,78,55,29,35,0,22,53,35,13,28,2,28,25,20,16,7
2017,3,A,골목상권,2110069,숙대입구,818,390,428,3,149,233,209,142,82,0,62,121,102,57,48,3,87,112,107,85,34
2017,3,A,골목상권,2110068,남영역 1번,1468,964,504,19,253,408,430,229,129,18,108,291,323,152,72,1,145,117,107,77,57
2017,3,A,골목상권,2110067,배문고등학교,1362,772,590,2,110,337,422,274,217,2,43,143,216,180,188,0,67,194,206,94,29
2017,3,A,골목상권,2110066,서울역 15번,1307,820,487,7,182,339,280,209,290,7,89,215,173,101,235,0,93,124,107,108,55
2017,3,A,골목상권,2110065,남정초등학교,605,477,128,0,113,324,99,48,21,0,84,275,77,28,13,0,29,49,22,20,8
2017,3,A,골목상권,2110064,효창공원앞역 2번,941,525,416,0,96,217,208,275,145,0,16,121,137,160,91,0,80,96,71,115,54
2017,3,A,골목상권,2110063,효창공원앞역 5번,842,523,319,2,82,190,231,148,189,2,40,129,153,83,116,0,42,61,78,65,73
2017,3,A,골목상권,2110062,한강로동땡땡거리(은행나무길),3523,1433,2090,23,1180,943,508,358,511,7,204,314,332,224,352,16,976,629,176,134,159
2017,3,A,골목상권,2110061,효창동주민센터,728,441,287,0,67,187,253,157,64,0,27,110,160,99,45,0,40,77,93,58,19
2017,3,A,골목상권,2110060,효창공원앞역 6번,490,270,220,0,64,142,139,106,39,0,33,75,79,61,22,0,31,67,60,45,17
2017,3,A,골목상권,2110059,새남터성지,175,104,71,1,34,42,32,34,32,1,18,28,19,15,23,0,16,14,13,19,9
2017,3,A,골목상권,2110058,성심여자고등학교,1247,842,405,7,154,380,361,221,124,4,91,282,255,136,74,3,63,98,106,85,50
2017,3,A,골목상권,2110057,황학코아루아파트,318,141,177,3,88,97,70,35,25,0,15,41,50,22,13,3,73,56,20,13,12
2017,3,A,골목상권,2110056,신당역 3번,1083,463,620,2,151,268,242,264,156,1,42,132,121,97,70,1,109,136,121,167,86
2017,3,A,골목상권,2110055,황학동벼룩시장,143,98,45,0,21,44,32,26,20,0,13,32,22,17,14,0,8,12,10,9,6
2017,3,A,골목상권,2110054,청구역 3번,2358,1611,747,5,473,746,529,303,302,2,263,575,397,182,192,3,210,171,132,121,110
2017,3,A,골목상권,2110053,청구역 1번,525,249,276,0,86,91,159,129,60,0,35,39,68,64,43,0,51,52,91,65,17
2017,3,A,골목상권,2110052,장충초등학교,1178,353,825,3,87,140,191,439,318,0,30,77,103,100,43,3,57,63,88,339,275
2017,3,A,골목상권,2110051,한양공고앞 교차로,181,120,61,0,16,42,61,39,23,0,5,27,45,25,18,0,11,15,16,14,5
2017,3,A,골목상권,2110050,약수역 7번,226,84,142,0,54,60,48,35,29,0,11,28,18,13,14,0,43,32,30,22,15
2017,3,A,골목상권,2110049,장충단 고개,3545,1594,1951,27,1186,888,617,541,286,17,386,444,311,254,182,10,800,444,306,287,104
2017,3,A,골목상권,2110048,장충동주민센터,1333,663,670,1,383,415,253,202,79,0,127,194,162,128,52,1,256,221,91,74,27
2017,3,A,골목상권,2110047,다산성곽길,231,115,116,0,41,76,57,39,18,0,10,44,35,17,9,0,31,32,22,22,9
2017,3,A,골목상권,2110046,버티고개,35,18,17,0,7,10,8,7,3,0,0,6,4,5,3,0,7,4,4,2,0
2017,3,A,골목상권,2110045,동대문역사문화공원역 5번,348,220,128,2,37,68,100,89,52,2,16,38,63,65,36,0,21,30,37,24,16
2017,3,A,골목상권,2110044,관성묘,947,650,297,4,143,355,290,106,49,4,45,220,249,92,40,0,98,135,41,14,9
2017,3,A,골목상권,2110043,충무초등학교,2187,852,1335,15,446,666,545,354,161,10,85,238,217,197,105,5,361,428,328,157,56
2017,3,A,골목상권,2110042,남산골공원옆,2090,1335,755,3,318,587,629,407,146,0,112,396,457,279,91,3,206,191,172,128,55
2017,3,A,골목상권,2110041,남산케이블카,926,352,574,5,120,201,216,229,155,1,47,99,83,63,59,4,73,102,133,166,96
2017,3,A,골목상권,2110040,중구회현체육센터(정화예술대남산캠퍼스),271,149,122,1,38,57,66,63,46,0,11,31,33,39,35,1,27,26,33,24,11
2017,3,A,골목상권,2110039,회현역 1번,109,47,62,0,12,25,17,33,22,0,2,15,8,13,9,0,10,10,9,20,13
2017,3,A,골목상권,2110038,경향신문사,2537,1528,1009,10,420,771,766,494,76,0,157,407,514,397,53,10,263,364,252,97,23
2017,3,A,골목상권,2110037,신설동역 12번,346,194,152,2,32,82,81,107,42,1,12,37,48,70,26,1,20,45,33,37,16
2017,3,A,골목상권,2110036,동묘앞역 3번,268,185,83,3,29,53,55,62,66,0,16,45,38,35,51,3,13,8,17,27,15
2017,3,A,골목상권,2110035,동묘앞역 2번,384,149,235,0,71,66,94,87,66,0,28,22,36,29,34,0,43,44,58,58,32
2017,3,A,골목상권,2110034,창신1동주민센터,110,83,27,0,8,18,31,36,17,0,8,11,24,25,15,0,0,7,7,11,2
2017,3,A,골목상권,2110033,창신역 4번,215,105,110,0,28,50,53,54,30,0,8,30,25,25,17,0,20,20,28,29,13
2017,3,A,골목상권,2110032,수족관거리,57,30,27,0,4,13,16,15,9,0,1,7,7,9,6,0,3,6,9,6,3
2017,3,A,골목상권,2110031,창신역 1번,60,22,38,0,9,11,12,19,9,0,2,1,6,9,4,0,7,10,6,10,5
2017,3,A,골목상권,2110030,동대문역 3번,29,10,19,0,1,5,8,13,2,0,0,1,2,6,1,0,1,4,6,7,1
2017,3,A,골목상권,2110029,동대문역 1번,352,121,231,0,34,63,82,107,66,0,5,26,36,37,17,0,29,37,46,70,49
2017,3,A,골목상권,2110028,이화달팽이길,882,365,517,8,188,296,185,140,65,0,65,109,81,75,35,8,123,187,104,65,30
2017,3,A,골목상권,2110027,혜화역 1번,291,159,132,4,74,82,77,37,17,1,38,49,47,15,9,3,36,33,30,22,8
2017,3,A,골목상권,2110026,종로5가역 4번,231,138,93,1,30,54,71,48,27,0,10,32,39,33,24,1,20,22,32,15,3
2017,3,A,골목상권,2110025,충신시장옆,526,348,178,0,85,150,156,96,39,0,56,103,105,54,30,0,29,47,51,42,9
2017,3,A,골목상권,2110024,혜회동주민센터,505,355,150,3,46,88,105,154,109,1,15,42,71,132,94,2,31,46,34,22,15
2017,3,A,골목상권,2110023,서울대병원,257,113,144,1,44,73,62,54,23,0,14,34,31,16,18,1,30,39,31,38,5
2017,3,A,골목상권,2110022,경신고등학교,279,132,147,0,56,70,77,42,34,0,12,31,40,24,25,0,44,39,37,18,9
2017,3,A,골목상권,2110021,성균관대학교,371,196,175,0,55,66,73,59,118,0,20,30,31,26,89,0,35,36,42,33,29
2017,3,A,골목상권,2110020,서울국제고등학교,790,477,313,0,129,251,197,170,43,0,47,121,146,133,30,0,82,130,51,37,13
2017,3,A,골목상권,2110019,창덕궁,665,389,276,2,104,176,205,115,63,2,37,107,133,70,40,0,67,69,72,45,23
2017,3,A,골목상권,2110018,중앙고등학교,662,312,350,0,126,202,152,121,61,0,35,90,79,73,35,0,91,112,73,48,26
2017,3,A,골목상권,2110017,정독도서관,412,150,262,2,129,161,58,42,20,0,22,63,31,21,13,2,107,98,27,21,7
2017,3,A,골목상권,2110016,평창동동측,606,270,336,0,106,159,153,111,77,0,29,74,84,42,41,0,77,85,69,69,36
2017,3,A,골목상권,2110015,청와대사랑채,82,37,45,0,20,36,17,5,4,0,6,19,7,2,3,0,14,17,10,3,1
2017,3,A,골목상권,2110014,경복고등학교,146,43,103,0,30,33,27,30,26,0,2,9,12,10,10,0,28,24,15,20,16
2017,3,A,골목상권,2110013,체부동홍종문가옥,71,50,21,0,12,18,15,16,10,0,2,14,12,13,9,0,10,4,3,3,1
2017,3,A,골목상권,2110012,성곡미술관,2075,785,1290,2,291,564,741,388,89,0,98,292,252,94,49,2,193,272,489,294,40
2017,3,A,골목상권,2110011,청운초등학교,78,48,30,0,9,25,20,9,15,0,4,13,12,7,12,0,5,12,8,2,3
2017,3,A,골목상권,2110010,평창동서측,631,257,374,1,104,144,119,145,118,1,28,61,54,57,56,0,76,83,65,88,62
2017,3,A,골목상권,2110009,자하문터널,220,101,119,0,35,55,54,48,28,0,12,21,28,23,17,0,23,34,26,25,11
2017,3,A,골목상권,2110008,배화여자대학교(박노수미술관),744,438,306,0,110,199,183,135,117,0,41,105,107,90,95,0,69,94,76,45,22
2017,3,A,골목상권,2110007,사직공원(한국사회과학도서관),153,71,82,1,18,44,45,30,15,1,5,19,21,13,12,0,13,25,24,17,3
2017,3,A,골목상권,2110006,부암동주민센터,33,14,19,0,6,18,3,3,3,0,2,9,1,0,2,0,4,9,2,3,1
2017,3,A,골목상권,2110005,세검정,445,159,286,0,78,140,103,70,54,0,20,38,47,27,27,0,58,102,56,43,27
2017,3,A,골목상권,2110004,대신고등학교,41,14,27,0,2,4,10,21,4,0,1,1,2,9,1,0,1,3,8,12,3
2017,3,A,골목상권,2110003,세검정초등학교,144,79,65,0,6,20,55,42,21,0,4,10,30,25,10,0,2,10,25,17,11
2017,3,A,골목상권,2110002,독립문역 1번,583,152,431,0,133,148,167,92,43,0,17,29,53,31,22,0,116,119,114,61,21
2017,3,A,골목상권,2110001,이북5도청사,276,158,118,0,9,68,89,73,37,0,2,37,55,41,23,0,7,31,34,32,14
2017,2,U,관광특구,1001496,강남 마이스 관광특구,22805,13383,9422,64,5967,7467,6154,2535,618,16,2044,4182,4670,2050,421,48,3923,3285,1484,485,197
2017,2,U,관광특구,1001495,잠실 관광특구,24374,13089,11285,222,4957,5666,5341,5308,2880,87,2309,3344,2927,2783,1639,135,2648,2322,2414,2525,1241
2017,2,U,관광특구,1001494,종로?청계 관광특구,45449,25735,19714,97,6658,13170,13323,9231,2970,30,2698,7125,7830,6127,1925,67,3960,6045,5493,3104,1045
2017,2,U,관광특구,1001493,동대문패션타운 관광특구,18159,9529,8630,48,3793,6176,4090,2664,1388,23,1694,3168,2362,1460,822,25,2099,3008,1728,1204,566
2017,2,U,관광특구,1001492,명동 남대문 북창동 다동 무교동 관광특구,182791,92176,90615,751,39998,60704,49100,25944,6294,257,12978,26515,29074,19029,4323,494,27020,34189,20026,6915,1971
2017,2,U,관광특구,1001491,이태원 관광특구,7717,4352,3365,31,1619,2719,1628,1098,622,19,743,1522,1000,722,346,12,876,1197,628,376,276
2017,2,R,전통시장,2130326,고덕 골목형상점가,151,102,49,0,7,20,43,46,35,0,2,12,23,36,29,0,5,8,20,10,6
2017,2,R,전통시장,2130325,명일전통시장,362,181,181,0,15,24,32,69,222,0,9,17,16,27,112,0,6,7,16,42,110
2017,2,R,전통시장,2130324,길동복조리시장,145,63,82,0,17,33,44,36,15,0,5,16,20,14,8,0,12,17,24,22,7
2017,2,R,전통시장,2130323,둔촌역전통시장,451,239,212,0,10,48,78,101,214,0,6,27,50,47,109,0,4,21,28,54,105
2017,2,R,전통시장,2130322,고분다리전통시장,82,37,45,0,8,15,38,18,3,0,3,9,17,6,2,0,5,6,21,12,1
2017,2,R,전통시장,2130321,장신구 특화거리 상점가,616,361,255,0,80,152,166,154,64,0,39,94,88,96,44,0,41,58,78,58,20
2017,2,R,전통시장,2130320,암사종합시장,457,204,253,0,25,73,129,126,104,0,10,48,48,38,60,0,15,25,81,88,44
2017,2,R,전통시장,2130319,성내전통시장,57,29,28,0,5,15,21,12,4,0,3,12,10,3,1,0,2,3,11,9,3
2017,2,R,전통시장,2130318,로데오거리상점가,903,383,520,4,194,203,183,174,145,3,85,112,73,53,57,1,109,91,110,121,88
2017,2,R,전통시장,2130317,마천중앙시장,110,49,61,0,8,18,37,27,20,0,3,7,14,15,10,0,5,11,23,12,10
2017,2,R,전통시장,2130316,마천시장,43,26,17,0,2,12,12,14,3,0,1,11,6,5,3,0,1,1,6,9,0
2017,2,R,전통시장,2130315,문정동 로데오거리 상점가(문정동 로데오거리),1619,912,707,5,300,362,374,298,280,3,138,216,212,152,191,2,162,146,162,146,89
2017,2,R,전통시장,2130314,풍납시장,359,138,221,4,24,73,105,102,51,0,8,36,37,29,28,4,16,37,68,73,23
2017,2,R,전통시장,2130313,방이시장,1773,1075,698,6,235,457,480,393,202,5,129,315,286,186,154,1,106,142,194,207,48
2017,2,R,전통시장,2130312,석촌시장,1238,589,649,3,234,258,202,199,342,0,56,120,126,108,179,3,178,138,76,91,163
2017,2,R,전통시장,2130311,새마을시장,685,349,336,0,83,142,196,170,94,0,42,75,109,70,53,0,41,67,87,100,41
2017,2,R,전통시장,2130310,강남개포시장,558,257,301,1,80,96,141,154,86,0,23,48,70,70,46,1,57,48,71,84,40
2017,2,R,전통시장,2130308,청담삼익시장,133,48,85,0,10,25,28,31,39,0,4,11,11,9,13,0,6,14,17,22,26
2017,2,R,전통시장,2130307,도곡시장,127,63,64,3,10,34,35,35,10,0,4,15,15,21,8,3,6,19,20,14,2
2017,2,R,전통시장,2130306,강남언주로,438,224,214,0,60,121,106,88,63,0,23,60,68,40,33,0,37,61,38,48,30
2017,2,R,전통시장,2130305,논현종합시장,154,98,56,0,38,60,32,19,5,0,17,45,21,11,4,0,21,15,11,8,1
2017,2,R,전통시장,2130304,신사상가,86,45,41,1,9,22,21,22,11,1,3,12,12,12,5,0,6,10,9,10,6
2017,2,R,전통시장,2130303,영동전통시장,518,300,218,1,69,157,133,107,51,0,38,106,75,50,31,1,31,51,58,57,20
2017,2,R,전통시장,2130302,강남시장(강남구 강남시장),56,22,34,0,2,12,13,20,9,0,0,6,6,8,2,0,2,6,7,12,7
2017,2,R,전통시장,2130301,양재시장,109,54,55,0,7,20,36,24,22,0,4,10,17,12,11,0,3,10,19,12,11
2017,2,R,전통시장,2130299,엔터식스 강남점,1782,1081,701,22,293,381,408,385,293,12,127,228,281,240,193,10,166,153,127,145,100
2017,2,R,전통시장,2130298,강남터미널지하도상점가2구역,823,267,556,1,88,137,186,185,226,1,40,59,64,54,49,0,48,78,122,131,177
2017,2,R,전통시장,2130296,남부종합시장,29,18,11,0,5,5,3,9,7,0,4,4,0,5,5,0,1,1,3,4,2
2017,2,R,전통시장,2130295,인헌시장(원당종합시장),285,122,163,0,47,58,82,64,34,0,9,30,38,26,19,0,38,28,44,38,15
2017,2,R,전통시장,2130294,관악중부시장,297,103,194,0,35,50,62,82,68,0,14,22,28,22,17,0,21,28,34,60,51
2017,2,R,전통시장,2130293,봉천중앙시장,145,56,89,0,11,19,43,32,40,0,0,9,22,8,17,0,11,10,21,24,23
2017,2,R,전통시장,2130292,봉천현대시장,65,35,30,0,11,11,18,19,6,0,9,5,10,9,2,0,2,6,8,10,4
2017,2,R,전통시장,2130291,봉천제일종합시장,3,3,0,0,0,1,1,0,1,0,0,1,1,0,1,0,0,0,0,0,0
2017,2,R,전통시장,2130290,영림시장,531,251,280,3,68,113,169,104,74,0,22,62,83,44,40,3,46,51,86,60,34
2017,2,R,전통시장,2130289,봉일시장,89,43,46,0,4,11,22,35,17,0,3,6,9,12,13,0,1,5,13,23,4
2017,2,R,전통시장,2130288,신림현대종합상가,40,24,16,0,1,6,12,8,13,0,0,3,8,5,8,0,1,3,4,3,5
2017,2,R,전통시장,2130287,삼성동 시장(삼성동시장),12,7,5,0,0,0,2,7,3,0,0,0,2,3,2,0,0,0,0,4,1
2017,2,R,전통시장,2130286,신신림시장(삼성동시장),36,19,17,0,4,13,8,8,3,0,4,9,2,4,0,0,0,4,6,4,3
2017,2,R,전통시장,2130285,서원동상점가,2032,992,1040,12,354,374,355,417,520,3,167,201,162,193,266,9,187,173,193,224,254
2017,2,R,전통시장,2130284,관악종합시장(신원시장),22,9,13,0,0,1,10,6,5,0,0,1,2,3,3,0,0,0,8,3,2
2017,2,R,전통시장,2130283,신원시장,121,25,96,0,10,12,24,39,36,0,1,4,6,8,6,0,9,8,18,31,30
2017,2,R,전통시장,2130282,난곡 골목형상점가,35,13,22,0,5,12,11,6,1,0,2,5,3,2,1,0,3,7,8,4,0
2017,2,R,전통시장,2130281,우림시장,60,32,28,0,6,8,21,22,3,0,3,4,12,12,1,0,3,4,9,10,2
2017,2,R,전통시장,2130280,신림종합시장,37,26,11,0,2,7,13,8,7,0,2,6,9,2,7,0,0,1,4,6,0
2017,2,R,전통시장,2130279,관악신사시장,271,199,72,0,29,40,45,87,70,0,14,30,30,66,59,0,15,10,15,21,11
2017,2,R,전통시장,2130278,미성동 도깨비시장 골목형상점가,116,38,78,1,18,34,26,26,11,0,4,9,12,9,4,1,14,25,14,17,7
2017,2,R,전통시장,2130277,조원동 펭귄시장(신림중앙시장),71,32,39,0,5,13,24,24,5,0,3,9,11,6,3,0,2,4,13,18,2
2017,2,R,전통시장,2130276,신림중앙시장(조원동 펭귄시장),70,41,29,0,3,7,23,13,24,0,1,3,15,7,15,0,2,4,8,6,9
2017,2,R,전통시장,2130275,강남골목시장,134,55,79,0,9,26,37,46,16,0,5,14,16,12,8,0,4,12,21,34,8
2017,2,R,전통시장,2130274,사당1동먹자골목상점가(사당1동먹자골목),476,257,219,5,69,118,121,105,58,2,27,73,72,50,33,3,42,45,49,55,25
2017,2,R,전통시장,2130273,남성사계시장(남성시장),410,179,231,2,74,87,109,79,59,0,22,44,46,35,32,2,52,43,63,44,27
2017,2,R,전통시장,2130272,사당시장,187,56,131,0,39,39,36,37,36,0,7,9,21,7,12,0,32,30,15,30,24
2017,2,R,전통시장,2130271,남성역골목시장,246,101,145,0,49,67,72,34,24,0,13,30,27,17,14,0,36,37,45,17,10
2017,2,R,전통시장,2130270,흑석시장,6,2,4,0,0,0,2,4,0,0,0,0,0,2,0,0,0,0,2,2,0
2017,2,R,전통시장,2130269,강남시장(동작구 강남시장),14,8,6,0,0,4,3,3,4,0,0,2,2,2,2,0,0,2,1,1,2
2017,2,R,전통시장,2130268,상도전통시장,302,167,135,0,41,51,99,60,51,0,14,19,68,36,30,0,27,32,31,24,21
2017,2,R,전통시장,2130267,본동인정시장(기능상실),50,25,25,1,6,9,10,15,9,0,2,5,6,7,5,1,4,4,4,8,4
2017,2,R,전통시장,2130266,만양로상점가,122,55,67,0,12,21,25,40,24,0,7,12,15,15,6,0,5,9,10,25,18
2017,2,R,전통시장,2130265,노량진중앙시장,128,66,62,0,17,35,32,30,14,0,9,23,19,13,2,0,8,12,13,17,12
2017,2,R,전통시장,2130264,상도약수골목형상점가,109,49,60,0,15,25,32,30,7,0,3,15,13,12,6,0,12,10,19,18,1
2017,2,R,전통시장,2130263,신노량진시장(기능상실),14,6,8,0,0,5,3,4,2,0,0,2,1,2,1,0,0,3,2,2,1
2017,2,R,전통시장,2130262,상도도깨비 골목형상점가,43,15,28,0,10,6,12,9,6,0,4,4,2,2,3,0,6,2,10,7,3
2017,2,R,전통시장,2130261,성대전통시장(성대시장),382,161,221,3,58,93,92,87,49,1,17,44,42,33,24,2,41,49,50,54,25
2017,2,R,전통시장,2130260,신대방1동골목상권,99,31,68,0,20,22,22,25,10,0,2,3,9,12,5,0,18,19,13,13,5
2017,2,R,전통시장,2130259,대신시장,47,28,19,0,3,10,18,12,4,0,2,7,12,4,3,0,1,3,6,8,1
2017,2,R,전통시장,2130258,영진시장A동,8,5,3,0,0,2,3,1,2,0,0,1,2,0,2,0,0,1,1,1,0
2017,2,R,전통시장,2130257,영등포시장기계공구상가,376,282,94,0,23,64,92,107,90,0,16,48,63,83,72,0,7,16,29,24,18
2017,2,R,전통시장,2130256,신동시장,34,16,18,0,3,3,11,13,4,0,1,1,4,6,4,0,2,2,7,7,0
2017,2,R,전통시장,2130255,영등포전통시장,143,92,51,0,5,25,26,50,37,0,5,20,15,29,23,0,0,5,11,21,14
2017,2,R,전통시장,2130254,남서울상가,5,3,2,0,0,0,1,2,2,0,0,0,1,0,2,0,0,0,0,2,0
2017,2,R,전통시장,2130253,영신상가(제일상가),57,36,21,0,5,12,6,19,15,0,3,9,3,9,12,0,2,3,3,10,3
2017,2,R,전통시장,2130252,영등포로타리지하도상점가,32,12,20,0,8,5,6,6,7,0,2,3,2,2,3,0,6,2,4,4,4
2017,2,R,전통시장,2130251,영등포시장지하도상점가,3,0,3,0,0,1,0,0,2,0,0,0,0,0,0,0,0,1,0,0,2
2017,2,R,전통시장,2130250,삼구시장(로타리상가),12,5,7,0,1,2,2,2,5,0,0,1,0,0,4,0,1,1,2,2,1
2017,2,R,전통시장,2130249,동남상가,11,8,3,0,0,0,0,5,6,0,0,0,0,4,4,0,0,0,0,1,2
2017,2,R,전통시장,2130248,영등포역지하도상점가,338,134,204,23,134,64,51,43,23,9,50,31,22,14,8,14,84,33,29,29,15
2017,2,R,전통시장,2130247,우리시장,32,21,11,0,2,1,6,17,6,0,2,1,2,12,4,0,0,0,4,5,2
2017,2,R,전통시장,2130246,영등포청과시장(조광시장),642,365,277,9,77,142,180,150,84,4,38,85,108,78,52,5,39,57,72,72,32
2017,2,R,전통시장,2130245,영일시장,390,295,95,0,41,101,118,84,46,0,24,72,92,70,37,0,17,29,26,14,9
2017,2,R,전통시장,2130244,대림중앙시장,59,35,24,0,2,18,15,12,12,0,1,13,8,7,6,0,1,5,7,5,6
2017,2,R,전통시장,2130243,도림시장,24,18,6,0,1,4,7,6,6,0,1,4,5,3,5,0,0,0,2,3,1
2017,2,R,전통시장,2130242,대림중앙 골목형상점가,73,35,38,0,8,18,25,14,8,0,2,13,12,5,3,0,6,5,13,9,5
2017,2,R,전통시장,2130241,선유도역 골목형상점가,4848,3601,1247,3,900,2015,1301,479,150,1,458,1626,1076,330,110,2,442,389,225,149,40
2017,2,R,전통시장,2130240,영등포유통상가,1530,949,581,2,230,418,385,303,192,0,101,258,234,206,150,2,129,160,151,97,42
2017,2,R,전통시장,2130238,은행나무시장,105,45,60,0,9,18,28,27,23,0,3,7,13,9,13,0,6,11,15,18,10
2017,2,R,전통시장,2130237,박미시장(기능상실),15,10,5,0,0,1,5,9,0,0,0,0,3,7,0,0,0,1,2,2,0
2017,2,R,전통시장,2130236,비단길현대시장(현대시장),236,74,162,0,31,54,66,62,23,0,6,18,16,21,13,0,25,36,50,41,10
2017,2,R,전통시장,2130235,대명여울빛거리시장(대명시장),655,244,411,2,132,124,151,150,96,1,33,56,65,44,45,1,99,68,86,106,51
2017,2,R,전통시장,2130233,남문시장,84,33,51,0,7,7,28,30,12,0,0,0,16,10,7,0,7,7,12,20,5
2017,2,R,전통시장,2130232,독산동 맛나는거리상점가(독산동 맛나는거리),64,37,27,0,4,12,24,14,10,0,4,6,16,6,5,0,0,6,8,8,5
2017,2,R,전통시장,2130231,독산동 우시장,978,756,222,4,82,157,227,260,248,4,56,125,170,196,205,0,26,32,57,64,43
2017,2,R,전통시장,2130230,가리봉시장,21,13,8,0,0,6,3,8,4,0,0,4,3,3,3,0,0,2,0,5,1
2017,2,R,전통시장,2130229,남구로시장,454,228,226,0,44,103,136,110,61,0,22,53,62,45,46,0,22,50,74,65,15
2017,2,R,전통시장,2130228,구로시장,17,6,11,0,0,2,3,6,6,0,0,2,1,3,0,0,0,0,2,3,6
2017,2,R,전통시장,2130227,고척골목시장상점가(그라운드 고척),233,123,110,0,26,60,68,41,38,0,6,38,41,23,15,0,20,22,27,18,23
2017,2,R,전통시장,2130226,고척프라자,15,6,9,0,4,4,2,2,3,0,0,2,1,1,2,0,4,2,1,1,1
2017,2,R,전통시장,2130225,개봉중앙시장,280,93,187,0,42,48,78,64,48,0,7,17,26,21,22,0,35,31,52,43,26
2017,2,R,전통시장,2130224,개봉프라자(고척근린시장),34,20,14,0,1,3,13,8,9,0,0,2,4,6,8,0,1,1,9,2,1
2017,2,R,전통시장,2130223,고척근린시장,115,39,76,0,13,22,45,22,13,0,2,6,15,10,6,0,11,16,30,12,7
2017,2,R,전통시장,2130222,오류시장,118,35,83,0,23,22,37,21,15,0,5,3,13,5,9,0,18,19,24,16,6
2017,2,R,전통시장,2130221,"남부골목시장(남부화곡시장, 남부시장)",328,125,203,1,31,59,100,91,46,1,5,20,39,36,24,0,26,39,61,55,22
2017,2,R,전통시장,2130220,등마루시장,15,8,7,0,0,1,5,7,2,0,0,1,2,4,1,0,0,0,3,3,1
2017,2,R,전통시장,2130219,까치산시장,338,105,233,2,65,57,93,79,42,2,13,23,29,19,19,0,52,34,64,60,23
2017,2,R,전통시장,2130218,신월중앙시장,209,96,113,0,44,60,51,37,17,0,17,27,24,19,9,0,27,33,27,18,8
2017,2,R,전통시장,2130217,화곡본동시장,144,59,85,0,16,20,35,41,32,0,7,15,16,12,9,0,9,5,19,29,23
2017,2,R,전통시장,2130216,화곡중앙시장,99,31,68,0,15,14,22,32,16,0,3,2,8,10,8,0,12,12,14,22,8
2017,2,R,전통시장,2130215,대원종합시장,26,18,8,0,0,4,5,8,9,0,0,4,2,4,8,0,0,0,3,4,1
2017,2,R,전통시장,2130214,송화벽화시장(송화골목시장),289,113,176,4,59,74,68,53,31,2,9,31,28,20,23,2,50,43,40,33,8
2017,2,R,전통시장,2130213,방신전통시장,401,207,194,0,31,60,95,120,95,0,19,43,47,49,49,0,12,17,48,71,46
2017,2,R,전통시장,2130212,공항시장,40,24,16,0,3,5,14,8,10,0,1,4,7,6,6,0,2,1,7,2,4
2017,2,R,전통시장,2130211,신정2동 골목시장(오목교중앙시장),29,14,15,0,1,6,1,7,14,0,1,3,0,4,6,0,0,3,1,3,8
2017,2,R,전통시장,2130210,목2동시장,254,93,161,0,30,64,73,62,25,0,6,23,32,21,11,0,24,41,41,41,14
2017,2,R,전통시장,2130209,목사랑시장(목4동시장),126,35,91,0,14,17,46,33,16,0,3,2,9,13,8,0,11,15,37,20,8
2017,2,R,전통시장,2130208,목동깨비시장(목3동시장),611,297,314,3,68,158,185,138,59,1,13,94,98,57,34,2,55,64,87,81,25
2017,2,R,전통시장,2130207,신정1동 골목시장(신정제일시장),71,25,46,0,6,8,22,22,13,0,3,4,6,7,5,0,3,4,16,15,8
2017,2,R,전통시장,2130206,신정3동 골목시장,36,13,23,0,2,8,14,5,7,0,1,0,5,2,5,0,1,8,9,3,2
2017,2,R,전통시장,2130205,신곡종합시장(신월6동 골목시장),292,137,155,0,54,67,76,58,37,0,23,37,36,19,22,0,31,30,40,39,15
2017,2,R,전통시장,2130204,경창시장,212,84,128,0,18,34,54,54,52,0,6,18,27,18,15,0,12,16,27,36,37
2017,2,R,전통시장,2130203,서서울 골목형상점가,87,32,55,0,4,23,22,23,15,0,0,10,11,8,3,0,4,13,11,15,12
2017,2,R,전통시장,2130202,신영시장,155,56,99,0,12,31,38,45,29,0,3,13,13,13,14,0,9,18,25,32,15
2017,2,R,전통시장,2130201,월정로시장,34,19,15,0,3,6,14,9,2,0,1,4,10,3,1,0,2,2,4,6,1
2017,2,R,전통시장,2130200,"신월7동 골목시장(약수시장, 우성상가)",129,49,80,0,12,21,43,33,20,0,2,6,15,15,11,0,10,15,28,18,9
2017,2,R,전통시장,2130199,신월3동 골목시장,24,6,18,0,5,5,6,5,3,0,0,2,3,1,0,0,5,3,3,4,3
2017,2,R,전통시장,2130198,아현시장,281,65,216,1,82,109,62,18,9,0,5,17,29,10,4,1,77,92,33,8,5
2017,2,R,전통시장,2130197,마포시장,79,31,48,0,6,9,19,28,17,0,2,5,7,10,7,0,4,4,12,18,10
2017,2,R,전통시장,2130196,공덕시장,1630,618,1012,9,561,353,400,218,89,1,192,155,124,76,70,8,369,198,276,142,19
2017,2,R,전통시장,2130195,도화동 상점가,2654,1506,1148,6,387,762,629,531,339,2,139,477,413,287,188,4,248,285,216,244,151
2017,2,R,전통시장,2130194,용강동 상점가,1195,751,444,3,139,280,332,267,174,2,67,190,216,151,125,1,72,90,116,116,49
2017,2,R,전통시장,2130193,신수시장,40,18,22,0,3,12,13,6,6,0,2,3,4,5,4,0,1,9,9,1,2
2017,2,R,전통시장,2130192,동진시장,59,26,33,0,7,17,14,10,11,0,3,10,3,3,7,0,4,7,11,7,4
2017,2,R,전통시장,2130191,홍대 걷고싶은 거리,831,456,375,15,258,205,172,116,65,10,125,135,96,58,32,5,133,70,76,58,33
2017,2,R,전통시장,2130190,홍대소상공인상점가,498,275,223,7,208,113,88,51,31,4,110,72,56,21,12,3,98,41,32,30,19
2017,2,R,전통시장,2130189,서교시장,232,120,112,9,59,59,31,32,42,5,19,32,22,12,30,4,40,27,9,20,12
2017,2,R,전통시장,2130188,합정시장,24,12,12,0,0,3,12,5,4,0,0,2,5,3,2,0,0,1,7,2,2
2017,2,R,전통시장,2130187,영진시장,38,20,18,0,5,9,9,9,6,0,3,4,6,3,4,0,2,5,3,6,2
2017,2,R,전통시장,2130186,망원시장,221,87,134,0,33,48,61,58,21,0,12,21,17,26,11,0,21,27,44,32,10
2017,2,R,전통시장,2130185,망원월드컵시장,270,146,124,0,56,84,70,45,15,0,26,51,40,19,10,0,30,33,30,26,5
2017,2,R,전통시장,2130184,마포농수산물시장,623,393,230,0,23,60,139,216,185,0,14,40,96,118,125,0,9,20,43,98,60
2017,2,R,전통시장,2130183,상암동상점가,1349,897,452,5,220,446,422,186,70,4,105,303,331,118,36,1,115,143,91,68,34
2017,2,R,전통시장,2130182,영천시장,246,114,132,0,32,48,71,53,42,0,10,19,35,28,22,0,22,29,36,25,20
2017,2,R,전통시장,2130181,아현가구거리상점가,136,76,60,1,9,23,49,29,25,1,2,10,30,15,18,0,7,13,19,14,7
2017,2,R,전통시장,2130180,포방터시장,54,25,29,0,10,10,13,11,10,0,1,4,8,5,7,0,9,6,5,6,3
2017,2,R,전통시장,2130179,"이화여대 3,5,7길 상점가",652,278,374,5,188,138,129,115,77,2,57,63,70,51,35,3,131,75,59,64,42
2017,2,R,전통시장,2130178,이대 앞 스타트업 상점가,112,43,69,1,22,34,27,19,9,0,8,12,13,6,4,1,14,22,14,13,5
2017,2,R,전통시장,2130177,인왕시장(홍제골목형상점가),121,43,78,0,4,17,20,29,51,0,2,7,7,12,15,0,2,10,13,17,36
2017,2,R,전통시장,2130176,유진상가,229,143,86,2,45,56,63,46,17,0,23,35,43,28,14,2,22,21,20,18,3
2017,2,R,전통시장,2130175,신촌 상인회(신촌상점가),363,136,227,2,137,145,54,11,14,1,32,62,29,7,5,1,105,83,25,4,9
2017,2,R,전통시장,2130174,연희사러가,11,7,4,0,1,2,1,5,2,0,0,0,1,4,2,0,1,2,0,1,0
2017,2,R,전통시장,2130173,백련시장,10,5,5,0,0,1,3,4,2,0,0,1,1,1,2,0,0,0,2,3,0
2017,2,R,전통시장,2130172,모래내시장(서중시장),136,39,97,0,26,21,30,38,21,0,4,8,12,7,8,0,22,13,18,31,13
2017,2,R,전통시장,2130171,불광먹자골목 골목형상점가,468,148,320,1,45,96,119,114,93,0,11,33,49,26,29,1,34,63,70,88,64
2017,2,R,전통시장,2130170,제일시장,316,145,171,0,49,54,106,78,29,0,14,24,52,36,19,0,35,30,54,42,10
2017,2,R,전통시장,2130169,대조시장,218,70,148,0,23,45,63,52,35,0,5,18,17,17,13,0,18,27,46,35,22
2017,2,R,전통시장,2130168,연서시장,247,116,131,0,34,39,69,52,53,0,11,13,34,24,34,0,23,26,35,28,19
2017,2,R,전통시장,2130167,연신내상점가(연빛거리),1147,462,685,5,247,260,284,239,112,2,88,113,114,86,59,3,159,147,170,153,53
2017,2,R,전통시장,2130166,응암시장(신응암시장),36,19,17,0,0,3,7,11,15,0,0,0,3,3,13,0,0,3,4,8,2
2017,2,R,전통시장,2130165,"대림골목시장(대림시장, 양지시장)",255,60,195,0,36,51,75,63,30,0,11,14,11,8,16,0,25,37,64,55,14
2017,2,R,전통시장,2130164,역촌중앙시장,26,17,9,0,1,4,4,10,7,0,1,4,1,8,3,0,0,0,3,2,4
2017,2,R,전통시장,2130163,응암오거리상점가,289,122,167,0,38,51,79,82,39,0,17,17,35,35,18,0,21,34,44,47,21
2017,2,R,전통시장,2130162,증산골목시장,36,18,18,0,0,5,8,9,14,0,0,2,3,4,9,0,0,3,5,5,5
2017,2,R,전통시장,2130161,증산종합시장,92,32,60,0,10,10,30,34,8,0,9,6,8,6,3,0,1,4,22,28,5
2017,2,R,전통시장,2130160,수일시장,16,4,12,0,1,4,2,5,4,0,0,0,0,3,1,0,1,4,2,2,3
2017,2,R,전통시장,2130159,공릉동 도깨비시장,527,303,224,0,51,99,114,154,109,0,16,57,53,93,84,0,35,42,61,61,25
2017,2,R,전통시장,2130157,상계중앙시장,229,82,147,1,31,29,57,60,51,0,18,12,19,16,17,1,13,17,38,44,34
2017,2,R,전통시장,2130156,시영2단지 무지개종합상가(중계 무지개2단지아파트상가),25,8,17,0,3,2,8,9,3,0,1,1,0,4,2,0,2,1,8,5,1
2017,2,R,전통시장,2130155,시영B상가(중계 그린아파트 B 상가),90,38,52,0,4,21,27,26,12,0,0,9,9,10,10,0,4,12,18,16,2
2017,2,R,전통시장,2130154,상계주공1단지(가)상가,13,5,8,0,0,2,4,6,1,0,0,1,1,2,1,0,0,1,3,4,0
2017,2,R,전통시장,2130153,창동역상점가,610,301,309,2,61,103,135,159,150,1,27,46,74,66,87,1,34,57,61,93,63
2017,2,R,전통시장,2130152,오!도봉거리 상점가,199,47,152,0,27,39,76,32,25,0,8,11,16,3,9,0,19,28,60,29,16
2017,2,R,전통시장,2130151,신도봉시장,38,15,23,0,0,2,15,13,8,0,0,2,6,5,2,0,0,0,9,8,6
2017,2,R,전통시장,2130150,창동골목시장,103,37,66,0,10,25,27,24,17,0,2,8,9,9,9,0,8,17,18,15,8
2017,2,R,전통시장,2130149,창동신창시장,207,101,106,0,19,52,66,46,24,0,7,25,31,21,17,0,12,27,35,25,7
2017,2,R,전통시장,2130148,방학동도깨비시장,186,78,108,0,27,43,53,40,23,0,19,17,20,11,11,0,8,26,33,29,12
2017,2,R,전통시장,2130147,쌍문역동측상점가,308,108,200,0,37,64,76,89,42,0,10,17,35,27,19,0,27,47,41,62,23
2017,2,R,전통시장,2130146,쌍문시장(쌍문역골목시장),501,225,276,0,68,108,127,126,72,0,21,47,57,60,40,0,47,61,70,66,32
2017,2,R,전통시장,2130145,쌍문역둘리상점가,168,132,36,2,29,45,49,31,12,2,19,38,37,25,11,0,10,7,12,6,1
2017,2,R,전통시장,2130144,백운시장,64,30,34,0,6,8,27,14,9,0,3,1,12,6,8,0,3,7,15,8,1
2017,2,R,전통시장,2130143,방천골목시장,49,26,23,0,4,9,15,11,10,0,3,2,10,6,5,0,1,7,5,5,5
2017,2,R,전통시장,2130142,강북북부시장,16,5,11,0,0,2,6,4,4,0,0,0,1,2,2,0,0,2,5,2,2
2017,2,R,전통시장,2130141,강북북부골목시장,70,34,36,0,10,20,23,10,7,0,1,12,13,4,4,0,9,8,10,6,3
2017,2,R,전통시장,2130140,숭인시장,236,95,141,0,46,50,49,46,45,0,3,18,21,19,34,0,43,32,28,27,11
2017,2,R,전통시장,2130139,강북종합전통시장(강북종합골목시장),273,139,134,0,40,58,78,68,29,0,26,36,35,28,14,0,14,22,43,40,15
2017,2,R,전통시장,2130138,수유프라자,125,40,85,0,4,12,13,49,47,0,2,1,5,17,15,0,2,11,8,32,32
2017,2,R,전통시장,2130137,"수유전통시장(수유시장, 수유골목시장)",204,101,103,2,14,26,51,56,55,0,2,15,24,24,36,2,12,11,27,32,19
2017,2,R,전통시장,2130136,수유재래시장,36,13,23,0,4,10,9,10,3,0,0,2,5,3,3,0,4,8,4,7,0
2017,2,R,전통시장,2130135,수유중앙골목시장(수유중앙시장),93,51,42,1,4,19,23,25,21,0,3,9,13,14,12,1,1,10,10,11,9
2017,2,R,전통시장,2130134,"솔샘시장(미아6,7동골목시장)",174,64,110,1,18,33,57,43,22,1,3,19,25,9,7,0,15,14,32,34,15
2017,2,R,전통시장,2130133,우이골목시장(우이시장),117,49,68,0,9,27,38,32,11,0,5,13,14,12,5,0,4,14,24,20,6
2017,2,R,전통시장,2130132,삼양골목시장(삼양시장),197,57,140,0,31,26,43,58,39,0,5,12,13,13,14,0,26,14,30,45,25
2017,2,R,전통시장,2130131,동북프라자,142,54,88,0,14,30,43,41,14,0,2,10,18,17,7,0,12,20,25,24,7
2017,2,R,전통시장,2130130,수유북부골목시장,22,15,7,0,0,4,8,4,6,0,0,4,4,2,5,0,0,0,4,2,1
2017,2,R,전통시장,2130129,장미원골목시장,92,43,49,0,9,17,21,28,17,0,3,9,7,16,8,0,6,8,14,12,9
2017,2,R,전통시장,2130128,돌곶이시장(석관황금시장),27,18,9,0,4,7,13,3,0,0,4,5,8,1,0,0,0,2,5,2,0
2017,2,R,전통시장,2130127,석관시장,29,15,14,0,1,8,6,10,4,0,1,4,4,3,3,0,0,4,2,7,1
2017,2,R,전통시장,2130126,새석관시장,24,14,10,0,0,4,6,9,5,0,0,4,4,3,3,0,0,0,2,6,2
2017,2,R,전통시장,2130125,장위전통시장,119,60,59,0,8,11,35,34,31,0,4,7,21,14,14,0,4,4,14,20,17
2017,2,R,전통시장,2130124,번동시장,25,14,11,0,3,6,10,6,0,0,1,4,4,5,0,0,2,2,6,1,0
2017,2,R,전통시장,2130123,꿈의숲 장곡 골목형상점가,20,12,8,0,0,5,5,7,3,0,0,2,4,5,1,0,0,3,1,2,2
2017,2,R,전통시장,2130122,밤나무골시장,24,5,19,0,4,6,4,8,2,0,0,3,0,2,0,0,4,3,4,6,2
2017,2,R,전통시장,2130121,길음시장,145,47,98,1,39,37,37,12,19,0,2,13,18,2,12,1,37,24,19,10,7
2017,2,R,전통시장,2130120,돈암시장(돈암제일시장),226,86,140,2,37,44,68,43,32,0,7,17,26,23,13,2,30,27,42,20,19
2017,2,R,전통시장,2130119,정릉아리랑시장,48,18,30,0,2,8,17,15,6,0,0,2,5,6,5,0,2,6,12,9,1
2017,2,R,전통시장,2130118,정릉골 골목형상점가,134,78,56,0,21,29,29,32,23,0,11,14,16,20,17,0,10,15,13,12,6
2017,2,R,전통시장,2130117,정릉시장,242,113,129,0,27,34,84,68,29,0,10,21,38,31,13,0,17,13,46,37,16
2017,2,R,전통시장,2130116,동성타워프라자,59,44,15,0,10,9,16,17,7,0,7,8,11,12,6,0,3,1,5,5,1
2017,2,R,전통시장,2130115,우림골목시장,435,178,257,1,78,78,112,107,59,0,23,26,59,46,24,1,55,52,53,61,35
2017,2,R,전통시장,2130114,유영시장,59,17,42,0,13,16,13,11,6,0,2,2,5,4,4,0,11,14,8,7,2
2017,2,R,전통시장,2130113,신아타운,229,70,159,0,42,50,54,54,29,0,6,15,23,13,13,0,36,35,31,41,16
2017,2,R,전통시장,2130112,사가정시장,233,93,140,0,41,54,64,48,26,0,10,19,24,22,18,0,31,35,40,26,8
2017,2,R,전통시장,2130111,"동원전통종합시장(동원시장, 동원전통시장 상점가)",476,217,259,0,64,77,144,129,62,0,10,42,75,54,36,0,54,35,69,75,26
2017,2,R,전통시장,2130110,면목골목시장(면목시장),229,100,129,0,40,53,52,59,25,0,11,25,16,29,19,0,29,28,36,30,6
2017,2,R,전통시장,2130109,묵1동도깨비시장,65,36,29,2,9,14,11,21,8,0,2,11,8,10,5,2,7,3,3,11,3
2017,2,R,전통시장,2130108,태능엔터피아(태릉시장),81,19,62,0,2,6,29,31,13,0,1,3,8,3,4,0,1,3,21,28,9
2017,2,R,전통시장,2130107,중랑동부시장(중랑교종합상가),28,9,19,0,2,8,6,11,1,0,2,4,1,1,1,0,0,4,5,10,0
2017,2,R,전통시장,2130106,중랑동부시장,271,107,164,1,57,61,50,63,39,0,16,21,13,29,28,1,41,40,37,34,11
2017,2,R,전통시장,2130105,장미제일시장(중화동제일시장),57,15,42,0,9,13,13,18,4,0,0,5,6,3,1,0,9,8,7,15,3
2017,2,R,전통시장,2130104,전곡시장,143,63,80,0,19,19,46,42,17,0,5,12,19,19,8,0,14,7,27,23,9
2017,2,R,전통시장,2130103,이경시장,42,24,18,0,1,6,9,13,13,0,1,5,2,7,9,0,0,1,7,6,4
2017,2,R,전통시장,2130102,이문제일시장,33,13,20,0,3,2,16,10,2,0,0,1,5,6,1,0,3,1,11,4,1
2017,2,R,전통시장,2130101,답십리현대시장,131,100,31,0,12,21,31,36,31,0,9,12,20,30,29,0,3,9,11,6,2
2017,2,R,전통시장,2130100,답십리시장,187,69,118,3,37,34,55,36,22,3,5,14,31,10,6,0,32,20,24,26,16
2017,2,R,전통시장,2130099,전농로터리시장,98,47,51,0,8,20,26,32,12,0,2,8,14,13,10,0,6,12,12,19,2
2017,2,R,전통시장,2130098,회기시장,119,43,76,0,21,37,25,25,11,0,5,15,13,6,4,0,16,22,12,19,7
2017,2,R,전통시장,2130097,답십리 건축자재시장,293,202,91,0,30,87,76,58,42,0,20,67,54,34,27,0,10,20,22,24,15
2017,2,R,전통시장,2130096,동부시장,35,18,17,0,3,5,7,11,9,0,3,1,3,4,7,0,0,4,4,7,2
2017,2,R,전통시장,2130095,청량리전통시장,163,68,95,0,19,28,34,37,45,0,5,9,20,15,19,0,14,19,14,22,26
2017,2,R,전통시장,2130094,청량리청과물시장,170,90,80,1,19,40,30,33,47,0,2,21,15,18,34,1,17,19,15,15,13
2017,2,R,전통시장,2130093,동서시장,26,15,11,0,1,1,12,8,4,0,0,1,8,4,2,0,1,0,4,4,2
2017,2,R,전통시장,2130092,청량리농수산물시장,52,38,14,0,0,10,17,13,12,0,0,9,13,7,9,0,0,1,4,6,3
2017,2,R,전통시장,2130091,청량종합도매시장,159,123,36,0,8,32,50,42,27,0,7,24,40,30,22,0,1,8,10,12,5
2017,2,R,전통시장,2130090,청량리종합시장,98,71,27,0,3,19,26,23,27,0,2,12,20,14,23,0,1,7,6,9,4
2017,2,R,전통시장,2130089,청량리수산시장,106,74,32,1,2,15,37,23,28,1,2,14,25,13,19,0,0,1,12,10,9
2017,2,R,전통시장,2130088,경동시장,230,158,72,0,21,35,49,72,53,0,10,26,38,48,36,0,11,9,11,24,17
2017,2,R,전통시장,2130087,경동광성상가(경동시장),139,85,54,0,11,21,36,39,32,0,7,16,23,22,17,0,4,5,13,17,15
2017,2,R,전통시장,2130086,서울약령시장,1755,1080,675,3,156,302,470,484,340,1,78,180,267,308,246,2,78,122,203,176,94
2017,2,R,전통시장,2130085,용두시장,6,4,2,0,0,0,1,2,3,0,0,0,0,1,3,0,0,0,1,1,0
2017,2,R,전통시장,2130084,신성시장(신성골목시장),139,63,76,0,19,16,43,43,18,0,10,7,15,20,11,0,9,9,28,23,7
2017,2,R,전통시장,2130083,"중곡제일시장(중곡제일골목시장, 광성시장)",204,97,107,0,16,36,49,65,38,0,7,18,25,20,27,0,9,18,24,45,11
2017,2,R,전통시장,2130082,면곡골목시장,80,30,50,0,10,8,11,29,22,0,7,4,6,9,4,0,3,4,5,20,18
2017,2,R,전통시장,2130081,자양골목전통시장(자양골목시장),70,44,26,0,7,15,20,18,10,0,5,10,12,11,6,0,2,5,8,7,4
2017,2,R,전통시장,2130080,자양종합시장(기능상실),23,12,11,0,1,2,11,7,2,0,0,1,6,4,1,0,1,1,5,3,1
2017,2,R,전통시장,2130079,한아름시장,125,54,71,0,23,33,32,23,14,0,5,12,16,10,11,0,18,21,16,13,3
2017,2,R,전통시장,2130078,화양제일골목시장,105,56,49,0,28,23,21,23,10,0,13,16,12,8,7,0,15,7,9,15,3
2017,2,R,전통시장,2130077,조양시장,147,91,56,1,28,25,50,24,19,0,16,15,23,19,18,1,12,10,27,5,1
2017,2,R,전통시장,2130076,능동로골목시장,80,46,34,0,8,16,10,15,31,0,2,7,4,7,26,0,6,9,6,8,5
2017,2,R,전통시장,2130075,노룬산시장(노룬산골목시장),83,42,41,0,7,18,20,19,19,0,3,7,9,9,14,0,4,11,11,10,5
2017,2,R,전통시장,2130074,영동교골목시장,24,10,14,0,6,6,5,6,1,0,1,1,5,2,1,0,5,5,0,4,0
2017,2,R,전통시장,2130073,뚝도시장,134,66,68,0,9,25,41,38,21,0,2,11,19,20,14,0,7,14,22,18,7
2017,2,R,전통시장,2130072,성동용답상가시장,949,506,443,2,192,384,187,112,72,0,67,234,102,56,47,2,125,150,85,56,25
2017,2,R,전통시장,2130071,성수역 골목형상점가,598,395,203,2,89,173,139,73,122,1,49,129,107,49,60,1,40,44,32,24,62
2017,2,R,전통시장,2130070,뚝섬역상점가,3573,2356,1217,7,652,1194,940,512,268,4,295,831,660,358,208,3,357,363,280,154,60
2017,2,R,전통시장,2130069,"한양대앞상점가(한양시장, 왕십리맛골목)",195,103,92,1,30,43,50,45,26,1,22,29,19,21,11,0,8,14,31,24,15
2017,2,R,전통시장,2130068,마장축산물시장,3094,2112,982,6,351,865,888,629,355,5,232,637,614,403,221,1,119,228,274,226,134
2017,2,R,전통시장,2130067,왕십리도선동상점가,2152,713,1439,1,711,606,491,216,127,1,191,225,160,81,55,0,520,381,331,135,72
2017,2,R,전통시장,2130066,행당시장상점가,841,404,437,2,175,181,203,185,95,1,51,83,101,103,65,1,124,98,102,82,30
2017,2,R,전통시장,2130065,무학봉상점가,296,101,195,3,40,63,78,63,49,0,8,20,31,25,17,3,32,43,47,38,32
2017,2,R,전통시장,2130064,금남시장,113,43,70,0,12,17,20,35,29,0,1,4,11,17,10,0,11,13,9,18,19
2017,2,R,전통시장,2130063,신금호역 골목형상점가,64,37,27,0,10,16,12,17,9,0,3,9,8,11,6,0,7,7,4,6,3
2017,2,R,전통시장,2130062,보광시장,52,24,28,0,3,10,19,13,7,0,0,3,12,5,4,0,3,7,7,8,3
2017,2,R,전통시장,2130061,이태원시장,245,140,105,1,119,67,24,14,20,0,62,49,10,6,13,1,57,18,14,8,7
2017,2,R,전통시장,2130060,신흥시장,13,4,9,0,2,7,1,2,1,0,0,4,0,0,0,0,2,3,1,2,1
2017,2,R,전통시장,2130059,후암시장,123,44,79,0,13,28,34,32,16,0,4,12,10,9,9,0,9,16,24,23,7
2017,2,R,전통시장,2130058,이촌종합시장,149,82,67,0,24,28,47,33,17,0,18,18,30,9,7,0,6,10,17,24,10
2017,2,R,전통시장,2130057,만리시장,38,30,8,0,1,3,7,15,12,0,0,3,4,12,11,0,1,0,3,3,1
2017,2,R,전통시장,2130056,용산용문시장,293,167,126,0,27,83,101,46,36,0,14,53,62,22,16,0,13,30,39,24,20
2017,2,R,전통시장,2130055,"황학시장(서울중앙시장, 신중앙시장)",328,223,105,1,35,61,93,93,45,0,27,45,66,60,25,1,8,16,27,33,20
2017,2,R,전통시장,2130054,황학동주방가구거리상점가,515,343,172,0,73,121,151,135,35,0,35,75,116,89,28,0,38,46,35,46,7
2017,2,R,전통시장,2130053,백학시장,344,171,173,0,39,92,101,79,33,0,15,49,56,34,17,0,24,43,45,45,16
2017,2,R,전통시장,2130052,서울중앙시장(신중앙시장),1133,770,363,1,191,279,250,253,159,1,129,205,172,150,113,0,62,74,78,103,46
2017,2,R,전통시장,2130051,동화동 골목형상점가,762,418,344,2,121,196,188,181,74,0,53,116,112,89,48,2,68,80,76,92,26
2017,2,R,전통시장,2130050,청평화시장,890,325,565,3,155,334,229,123,46,2,68,117,61,56,21,1,87,217,168,67,25
2017,2,R,전통시장,2130049,신당 미래유산 먹거리 골목형상점가,99,42,57,0,10,18,24,27,20,0,3,12,8,9,10,0,7,6,16,18,10
2017,2,R,전통시장,2130048,동평화시장,162,90,72,2,23,42,27,43,25,2,9,26,13,24,16,0,14,16,14,19,9
2017,2,R,전통시장,2130047,테크노상가(엘리시움),634,358,276,0,132,226,136,81,59,0,76,124,84,45,29,0,56,102,52,36,30
2017,2,R,전통시장,2130046,team204(팀204),104,66,38,0,9,30,21,29,15,0,4,19,11,23,9,0,5,11,10,6,6
2017,2,R,전통시장,2130045,광희패션몰,183,97,86,0,35,50,32,42,24,0,11,28,21,22,15,0,24,22,11,20,9
2017,2,R,전통시장,2130044,에리어식스(벨포스트),67,34,33,1,9,10,24,15,8,0,5,6,13,7,3,1,4,4,11,8,5
2017,2,R,전통시장,2130043,제일평화시장,279,110,169,0,24,77,90,60,28,0,7,34,42,21,6,0,17,43,48,39,22
2017,2,R,전통시장,2130042,약수시장,301,145,156,0,26,64,78,82,51,0,11,29,41,32,32,0,15,35,37,50,19
2017,2,R,전통시장,2130041,신평화패션타운(청계6가 지하도상가),239,139,100,0,21,51,52,81,34,0,10,32,32,48,17,0,11,19,20,33,17
2017,2,R,전통시장,2130040,남평화시장,221,156,65,1,53,77,44,32,14,1,38,59,33,16,9,0,15,18,11,16,5
2017,2,R,전통시장,2130039,청계6가 지하도상가,103,60,43,0,10,19,24,21,29,0,5,10,16,13,16,0,5,9,8,8,13
2017,2,R,전통시장,2130038,"평화시장(통일상가, 동화상가)",2937,1664,1273,16,580,927,724,482,208,5,223,511,471,311,143,11,357,416,253,171,65
2017,2,R,전통시장,2130037,청계5가쇼핑센터(청계5가지하쇼핑센터),4,3,1,0,0,0,0,3,1,0,0,0,0,2,1,0,0,0,0,1,0
2017,2,R,전통시장,2130036,중부시장(신중부시장),1700,1105,595,8,152,382,497,410,251,4,73,269,328,250,181,4,79,113,169,160,70
2017,2,R,전통시장,2130035,방산종합시장(방산시장),2809,1836,973,6,256,596,753,719,479,4,154,395,460,462,361,2,102,201,293,257,118
2017,2,R,전통시장,2130034,필동 골목형상점가,31,17,14,0,6,6,8,7,4,0,3,3,5,4,2,0,3,3,3,3,2
2017,2,R,전통시장,2130033,대림상가(청계상가),466,335,131,2,31,99,144,108,82,1,22,70,95,81,66,1,9,29,49,27,16
2017,2,R,전통시장,2130032,인현시장,538,348,190,0,34,93,166,166,79,0,21,53,109,108,57,0,13,40,57,58,22
2017,2,R,전통시장,2130031,청계천공구상가,956,636,320,1,87,243,255,204,166,0,39,156,186,129,126,1,48,87,69,75,40
2017,2,R,전통시장,2130030,을지로지하보도쇼핑센터(을지입구지하상가),6,3,3,0,0,0,1,3,2,0,0,0,1,1,1,0,0,0,0,2,1
2017,2,R,전통시장,2130029,명동역지하도상가,4,2,2,0,0,0,2,2,0,0,0,0,1,1,0,0,0,0,1,1,0
2017,2,R,전통시장,2130028,을지입구지하상가(을지로지하보도쇼핑센터),18,8,10,0,1,4,3,8,2,0,0,1,2,3,2,0,1,3,1,5,0
2017,2,R,전통시장,2130026,소공지하도상가,13,7,6,0,0,5,1,1,6,0,0,3,0,1,3,0,0,2,1,0,3
2017,2,R,전통시장,2130025,삼익패션타운(남대문시장),1281,999,282,38,276,291,352,251,73,26,209,217,278,212,57,12,67,74,74,39,16
2017,2,R,전통시장,2130024,남대문시장(자유상가),2960,1608,1352,1,262,639,738,721,599,1,106,327,386,395,393,0,156,312,352,326,206
2017,2,R,전통시장,2130023,남대문로 지하상가(남대문지하쇼핑센터),1,0,1,0,0,0,0,1,0,0,0,0,0,0,0,0,0,0,0,1,0
2017,2,R,전통시장,2130022,숭례문수입상가(남대문시장),5765,3251,2514,80,1593,2562,1165,324,41,26,740,1502,715,234,34,54,853,1060,450,90,7
2017,2,R,전통시장,2130021,신설종합시장,151,108,43,0,13,35,45,42,16,0,7,28,35,28,10,0,6,7,10,14,6
2017,2,R,전통시장,2130020,동묘시장(동묘벼룩시장),193,117,76,1,22,37,61,46,26,1,13,19,39,29,16,0,9,18,22,17,10
2017,2,R,전통시장,2130019,동대문상가D동,42,29,13,0,5,15,10,2,10,0,3,9,8,1,8,0,2,6,2,1,2
2017,2,R,전통시장,2130018,동대문문구완구거리(동대문문구완구시장),651,280,371,3,153,182,123,119,71,1,36,83,63,57,40,2,117,99,60,62,31
2017,2,R,전통시장,2130017,동대문상가C동,175,140,35,0,27,77,42,20,9,0,24,66,33,11,6,0,3,11,9,9,3
2017,2,R,전통시장,2130016,동대문상가B동,34,24,10,0,3,7,13,2,9,0,0,5,11,1,7,0,3,2,2,1,2
2017,2,R,전통시장,2130015,창신골목시장,149,76,73,0,6,28,45,52,18,0,3,16,23,24,10,0,3,12,22,28,8
2017,2,R,전통시장,2130014,동문시장,26,22,4,0,0,1,7,5,13,0,0,1,3,5,13,0,0,0,4,0,0
2017,2,R,전통시장,2130013,동대문상가A동,12,5,7,0,5,1,2,4,0,0,2,0,1,2,0,0,3,1,1,2,0
2017,2,R,전통시장,2130012,"동대문종합시장(동대문종합시장 신관, 동대문종합시장D동상가)",4716,3342,1374,3,831,1493,1286,796,307,1,590,1140,860,548,203,2,241,353,426,248,104
2017,2,R,전통시장,2130011,충신시장,287,180,107,5,66,88,72,47,9,4,30,66,42,32,6,1,36,22,30,15,3
2017,2,R,전통시장,2130010,종로신진시장,628,369,259,1,62,132,159,162,112,1,40,84,97,76,71,0,22,48,62,86,41
2017,2,R,전통시장,2130009,마전교지하쇼핑센터(구 한일상가),108,70,38,1,8,24,23,30,22,0,4,17,19,16,14,1,4,7,4,14,8
2017,2,R,전통시장,2130007,광장시장(광장전통시장),1074,669,405,3,89,204,233,297,248,2,42,136,155,165,169,1,47,68,78,132,79
2017,2,R,전통시장,2130006,종로4가지하쇼핑센터,14,7,7,0,1,4,6,1,2,0,0,2,3,1,1,0,1,2,3,0,1
2017,2,R,전통시장,2130005,세운상가가동,556,398,158,0,51,123,159,122,101,0,29,86,119,86,78,0,22,37,40,36,23
2017,2,R,전통시장,2130004,낙원시장(낙원지하시장(대일상가)),438,319,119,0,39,120,98,83,98,0,23,101,70,57,68,0,16,19,28,26,30
2017,2,R,전통시장,2130002,세종마을음식문화거리(금천교시장),553,272,281,1,93,124,117,119,99,0,48,68,59,44,53,1,45,56,58,75,46
2017,2,R,전통시장,2130001,통인시장,249,183,66,0,58,109,41,24,17,0,38,94,28,15,8,0,20,15,13,9,9
2017,2,D,발달상권,2120249,고덕역,1445,667,778,4,209,311,326,362,233,1,59,154,144,171,138,3,150,157,182,191,95
2017,2,D,발달상권,2120248,명일역,1586,551,1035,3,227,261,353,442,300,2,66,112,136,109,126,1,161,149,217,333,174
2017,2,D,발달상권,2120247,굽은다리역,1097,509,588,5,171,236,267,214,204,1,59,114,122,95,118,4,112,122,145,119,86
2017,2,D,발달상권,2120246,길동역,4696,2379,2317,10,585,1087,1105,1056,853,4,253,600,601,407,514,6,332,487,504,649,339
2017,2,D,발달상권,2120245,둔촌역,3016,1639,1377,8,479,819,753,592,365,2,210,477,400,307,243,6,269,342,353,285,122
2017,2,D,발달상권,2120244,암사역,1075,464,611,2,183,215,231,223,221,2,49,97,117,83,116,0,134,118,114,140,105
2017,2,D,발달상권,2120243,천호역,4393,2013,2380,17,835,1083,1065,793,600,5,290,529,518,316,355,12,545,554,547,477,245
2017,2,D,발달상권,2120242,강동구청역,6710,4399,2311,4,810,1688,1595,1310,1303,1,378,1124,1072,882,942,3,432,564,523,428,361
2017,2,D,발달상권,2120241,거여역,1775,893,882,7,213,402,457,362,334,4,94,267,219,116,193,3,119,135,238,246,141
2017,2,D,발달상권,2120240,개롱역,1392,718,674,3,191,329,437,290,142,1,74,189,221,138,95,2,117,140,216,152,47
2017,2,D,발달상권,2120239,오금역,4598,2773,1825,12,711,1316,1216,815,528,5,338,831,814,444,341,7,373,485,402,371,187
2017,2,D,발달상권,2120238,방이역,890,446,444,8,135,200,214,159,174,2,34,88,89,89,144,6,101,112,125,70,30
2017,2,D,발달상권,2120237,경찰병원역,10866,5999,4867,40,1883,2765,2587,2381,1210,18,869,1737,1661,1112,602,22,1014,1028,926,1269,608
2017,2,D,발달상권,2120236,장지역(가든파이브),7968,5351,2617,39,1061,2173,2122,1451,1122,20,504,1445,1468,1013,901,19,557,728,654,438,221
2017,2,D,발달상권,2120235,문정역,17870,11936,5934,38,3148,5943,4448,2704,1589,15,1629,4185,3065,1760,1282,23,1519,1758,1383,944,307
2017,2,D,발달상권,2120234,가락시장역,10192,6083,4109,52,1910,2869,2503,1776,1082,28,854,1692,1583,1139,787,24,1056,1177,920,637,295
2017,2,D,발달상권,2120233,몽촌토성역,8978,4811,4167,43,1133,2080,2151,2164,1407,34,630,1384,1119,839,805,9,503,696,1032,1325,602
2017,2,D,발달상권,2120232,송파나루역,1387,865,522,2,170,359,321,328,207,0,78,222,193,205,167,2,92,137,128,123,40
2017,2,D,발달상권,2120231,가락시장,9756,6918,2838,8,552,1782,2812,2835,1767,2,388,1439,2075,1784,1230,6,164,343,737,1051,537
2017,2,D,발달상권,2120230,송파사거리(송파역),991,464,527,2,108,189,271,202,219,0,32,84,153,83,112,2,76,105,118,119,107
2017,2,D,발달상권,2120229,방이동먹자골목,5499,3204,2295,18,837,1472,1306,1045,821,11,409,905,838,545,496,7,428,567,468,500,325
2017,2,D,발달상권,2120228,석촌역(석촌호수),4916,2844,2072,9,842,1287,1133,909,736,7,366,793,682,533,463,2,476,494,451,376,273
2017,2,D,발달상권,2120227,잠실역,73590,40688,32902,351,14589,23582,20869,12162,2037,143,7450,16165,11782,3949,1199,208,7139,7417,9087,8213,838
2017,2,D,발달상권,2120226,석촌고분역,3447,2398,1049,19,399,634,723,540,1132,12,196,398,449,325,1018,7,203,236,274,215,114
2017,2,D,발달상권,2120225,잠실새내역(신천),9967,5590,4377,30,2045,2384,2453,1789,1266,10,760,1319,1452,1139,910,20,1285,1065,1001,650,356
2017,2,D,발달상권,2120224,수서역,15387,7234,8153,37,2412,4702,4300,2485,1451,22,875,2247,1853,1199,1038,15,1537,2455,2447,1286,413
2017,2,D,발달상권,2120223,휘문고교사거리,7720,4517,3203,8,1529,2939,1913,784,547,3,571,1807,1308,489,339,5,958,1132,605,295,208
2017,2,D,발달상권,2120222,삼성역,50092,28603,21489,251,11819,15905,11911,6470,3736,109,4529,9537,8237,3882,2309,142,7290,6368,3674,2588,1427
2017,2,D,발달상권,2120221,봉은사역,23087,15008,8079,55,4911,6078,4262,3850,3931,10,2696,4400,3195,2259,2448,45,2215,1678,1067,1591,1483
2017,2,D,발달상권,2120220,대치역,5591,3144,2447,67,1764,2182,919,412,247,2,673,1409,660,239,161,65,1091,773,259,173,86
2017,2,D,발달상권,2120219,은마아파트,2127,856,1271,16,420,565,556,367,203,1,111,240,251,142,111,15,309,325,305,225,92
2017,2,D,발달상권,2120218,코엑스,12217,7600,4617,13,2578,4212,3683,1395,336,4,880,2349,2911,1209,247,9,1698,1863,772,186,89
2017,2,D,발달상권,2120217,대치사거리,4060,2481,1579,3,793,1504,970,473,317,1,367,1042,593,253,225,2,426,462,377,220,92
2017,2,D,발달상권,2120216,경기고교사거리(경기고교앞사거리),6792,4777,2015,27,946,2188,1902,865,864,13,388,1542,1600,656,578,14,558,646,302,209,286
2017,2,D,발달상권,2120215,포스코사거리,55330,32463,22867,281,11105,20085,14282,6816,2761,81,4554,12435,9689,4033,1671,200,6551,7650,4593,2783,1090
2017,2,D,발달상권,2120214,영동대교남단교차로,5500,3377,2123,26,994,1851,1378,817,434,2,355,1181,986,543,310,24,639,670,392,274,124
2017,2,D,발달상권,2120213,삼성중앙역,9334,5142,4192,45,1930,3775,2143,965,476,22,777,2044,1374,615,310,23,1153,1731,769,350,166
2017,2,D,발달상권,2120212,한티역,1780,788,992,7,358,470,438,312,195,2,117,216,216,131,106,5,241,254,222,181,89
2017,2,D,발달상권,2120211,도성초등학교,2202,1016,1186,10,489,764,457,298,184,1,103,331,266,197,118,9,386,433,191,101,66
2017,2,D,발달상권,2120210,선릉역,58051,29012,29039,200,16451,16311,12491,8427,4171,92,5968,9157,6960,4227,2608,108,10483,7154,5531,4200,1563
2017,2,D,발달상권,2120209,"강남구청(청담역_8번, 강남세무서)",4699,1858,2841,41,1109,1436,1017,732,364,16,271,625,426,291,229,25,838,811,591,441,135
2017,2,D,발달상권,2120208,청담사거리(청담동명품거리),16594,5546,11048,99,5701,6212,3044,1007,531,23,1339,2158,1245,468,313,76,4362,4054,1799,539,218
2017,2,D,발달상권,2120207,선정릉역,14329,7950,6379,71,3242,5173,3578,1510,755,21,1156,2866,2343,1001,563,50,2086,2307,1235,509,192
2017,2,D,발달상권,2120206,개나리아파트,5023,3000,2023,68,1698,1516,918,480,343,19,849,934,651,307,240,49,849,582,267,173,103
2017,2,D,발달상권,2120205,매봉역,11979,6677,5302,37,1918,2621,2451,1764,3188,23,907,1633,1502,1047,1565,14,1011,988,949,717,1623
2017,2,D,발달상권,2120204,르네상스호텔사거리,15064,8627,6437,67,2774,4830,3744,2054,1595,17,1129,2743,2508,1319,911,50,1645,2087,1236,735,684
2017,2,D,발달상권,2120203,강남구청역,13123,6802,6321,32,2296,4106,3409,2357,923,11,784,2277,2136,1060,534,21,1512,1829,1273,1297,389
2017,2,D,발달상권,2120202,압구정로데오역(압구정로데오),6406,2650,3756,47,2562,1956,1005,460,376,10,830,885,493,235,197,37,1732,1071,512,225,179
2017,2,D,발달상권,2120201,도곡1동,16407,5526,10881,131,3044,3705,6097,2791,639,64,1137,1696,1447,713,469,67,1907,2009,4650,2078,170
2017,2,D,발달상권,2120200,학동사거리,12222,5300,6922,54,4043,4409,2165,943,608,11,1118,1970,1179,602,420,43,2925,2439,986,341,188
2017,2,D,발달상권,2120199,경복아파트교차로,10491,5820,4671,25,1932,3085,2275,1513,1661,12,781,1947,1517,722,841,13,1151,1138,758,791,820
2017,2,D,발달상권,2120198,구역삼세무서,15454,8362,7092,47,3587,4934,3762,2002,1122,20,1148,2815,2349,1205,825,27,2439,2119,1413,797,297
2017,2,D,발달상권,2120197,역삼역,80560,50245,30315,315,16921,28216,20437,10770,3901,168,7776,18079,14643,6973,2606,147,9145,10137,5794,3797,1295
2017,2,D,발달상권,2120196,서울세관,9964,5834,4130,36,2006,3198,2552,1409,763,3,762,1754,1734,1053,528,33,1244,1444,818,356,235
2017,2,D,발달상권,2120195,성수대교남단,5992,2637,3355,72,2123,2045,983,459,310,26,750,918,556,219,168,46,1373,1127,427,240,142
2017,2,D,발달상권,2120194,언주역(차병원),12507,6925,5582,56,3049,3689,2867,1843,1003,27,1139,2120,1908,1014,717,29,1910,1569,959,829,286
2017,2,D,발달상권,2120193,도산공원교차로,9713,5485,4228,28,2266,3448,2143,1178,650,7,794,1995,1388,807,494,21,1472,1453,755,371,156
2017,2,D,발달상권,2120192,뱅뱅사거리,27464,17724,9740,82,4645,8945,7149,4014,2629,30,1915,5671,5323,2936,1849,52,2730,3274,1826,1078,780
2017,2,D,발달상권,2120191,학동역,20396,11008,9388,76,4889,6339,4199,2181,2712,34,1591,3540,2624,1276,1943,42,3298,2799,1575,905,769
2017,2,D,발달상권,2120190,강남을지병원,13906,6997,6909,38,3528,4877,3161,1402,900,13,1101,2419,1921,883,660,25,2427,2458,1240,519,240
2017,2,D,발달상권,2120189,강남역,84848,41599,43249,693,20752,27733,20185,10392,5093,210,6887,14327,12534,5307,2334,483,13865,13406,7651,5085,2759
2017,2,D,발달상권,2120188,압구정역,10501,4242,6259,80,3055,3005,1797,1338,1226,21,686,1271,1030,663,571,59,2369,1734,767,675,655
2017,2,D,발달상권,2120187,신논현역,14707,8135,6572,45,3660,5145,3239,1616,1002,17,1269,2975,2253,995,626,28,2391,2170,986,621,376
2017,2,D,발달상권,2120186,가로수길,9712,4590,5122,45,3233,3148,1832,882,572,17,1091,1721,1017,398,346,28,2142,1427,815,484,226
2017,2,D,발달상권,2120185,논현역,17085,9232,7853,49,3541,5670,4272,2028,1525,17,1186,3129,2680,1207,1013,32,2355,2541,1592,821,512
2017,2,D,발달상권,2120184,포이사거리(삼호물산),19562,11173,8389,88,2897,5182,5394,4072,1929,28,1284,3309,3202,2091,1259,60,1613,1873,2192,1981,670
2017,2,D,발달상권,2120183,양재천카페거리,4490,2847,1643,11,963,1580,957,609,370,7,467,1066,681,403,223,4,496,514,276,206,147
2017,2,D,발달상권,2120182,"양재시민의숲역(양재동꽃시장, aT센터)",5873,3863,2010,12,746,1624,1581,1094,816,7,351,1057,1102,711,635,5,395,567,479,383,181
2017,2,D,발달상권,2120181,교육개발원입구사거리,7026,4523,2503,27,1252,2228,1643,1069,807,8,574,1490,1245,682,524,19,678,738,398,387,283
2017,2,D,발달상권,2120180,양재화물트럭터미널앞,3699,2931,768,8,698,1391,1002,459,141,4,467,1127,849,372,112,4,231,264,153,87,29
2017,2,D,발달상권,2120179,양재역,19280,11262,8018,137,3952,5590,4595,3008,1998,40,1508,3278,3167,1914,1355,97,2444,2312,1428,1094,643
2017,2,D,발달상권,2120178,신사역,17385,8687,8698,54,4263,5527,3739,2289,1513,15,1158,2870,2375,1255,1014,39,3105,2657,1364,1034,499
2017,2,D,발달상권,2120177,신논현역 1번,1943,1374,569,4,472,809,401,193,64,1,305,586,310,121,51,3,167,223,91,72,13
2017,2,D,발달상권,2120176,논현역 4번,1068,693,375,2,216,297,232,162,159,2,100,182,173,125,111,0,116,115,59,37,48
2017,2,D,발달상권,2120175,남부터미널역,22314,11153,11161,116,5496,6175,5158,3712,1657,59,2157,3601,2796,1494,1046,57,3339,2574,2362,2218,611
2017,2,D,발달상권,2120174,논현역 5번,808,504,304,13,141,229,197,120,108,2,52,153,137,86,74,11,89,76,60,34,34
2017,2,D,발달상권,2120173,교대역(법원.검찰청),23947,12810,11137,107,4492,7399,5955,3639,2355,43,1302,3663,3613,2394,1795,64,3190,3736,2342,1245,560
2017,2,D,발달상권,2120172,교대입구교차로,15097,8435,6662,47,3244,4269,3684,2286,1567,15,1395,2578,2194,1208,1045,32,1849,1691,1490,1078,522
2017,2,D,발달상권,2120171,서초3동사거리,11066,7032,4034,27,1844,3257,2681,1683,1574,14,767,2121,1975,1072,1083,13,1077,1136,706,611,491
2017,2,D,발달상권,2120170,삼호가든사거리,2751,1358,1393,5,503,910,714,378,241,0,122,418,446,211,161,5,381,492,268,167,80
2017,2,D,발달상권,2120169,서초역,21753,10927,10826,85,5147,6331,5612,3085,1493,32,1811,3182,2981,1771,1150,53,3336,3149,2631,1314,343
2017,2,D,발달상권,2120168,서울고교교차로,2710,1765,945,4,476,1029,824,267,110,1,172,685,631,204,72,3,304,344,193,63,38
2017,2,D,발달상권,2120167,고속터미널(고속터미널역),4764,2282,2482,26,861,864,874,958,1181,16,402,489,463,396,516,10,459,375,411,562,665
2017,2,D,발달상권,2120166,방배역,6312,3617,2695,57,1325,1722,1336,933,939,20,495,989,887,546,680,37,830,733,449,387,259
2017,2,D,발달상권,2120165,서래마을카페거리(서래마을),2999,1578,1421,29,763,855,693,424,235,10,323,459,395,260,131,19,440,396,298,164,104
2017,2,D,발달상권,2120164,내방역,9742,5358,4384,61,2043,2929,2436,1532,741,23,937,1857,1372,666,503,38,1106,1072,1064,866,238
2017,2,D,발달상권,2120163,사당역 11번(사당역먹자골목),244,133,111,0,21,52,71,46,54,0,10,26,42,26,29,0,11,26,29,20,25
2017,2,D,발달상권,2120162,방배동카페골목,1843,1097,746,31,310,416,363,297,426,26,166,278,240,151,236,5,144,138,123,146,190
2017,2,D,발달상권,2120161,방배동가구거리(사당동가구거리),1545,1017,528,0,292,576,372,218,87,0,124,400,272,151,70,0,168,176,100,67,17
2017,2,D,발달상권,2120160,사당역(사당),7593,3361,4232,32,1318,1457,1954,1938,894,12,509,780,857,666,537,20,809,677,1097,1272,357
2017,2,D,발달상권,2120159,서울대입구역,3054,1485,1569,9,577,686,763,504,515,3,190,346,387,240,319,6,387,340,376,264,196
2017,2,D,발달상권,2120158,녹두거리(대학동),1065,694,371,4,128,166,300,312,155,0,49,95,208,235,107,4,79,71,92,77,48
2017,2,D,발달상권,2120157,신림역(신림),2111,929,1182,2,420,400,493,414,382,1,132,195,236,152,213,1,288,205,257,262,169
2017,2,D,발달상권,2120156,"총신대입구역(이수, 총신대)",5034,2312,2722,17,823,1237,1359,1047,551,7,268,667,717,354,299,10,555,570,642,693,252
2017,2,D,발달상권,2120155,총신대학교,111,54,57,2,14,17,37,34,7,0,3,8,21,17,5,2,11,9,16,17,2
2017,2,D,발달상권,2120154,장승배기역,1022,499,523,0,113,181,282,279,167,0,36,85,155,153,70,0,77,96,127,126,97
2017,2,D,발달상권,2120153,노량진역(노량진),6642,3811,2831,14,674,1562,1597,1632,1163,6,285,756,962,1050,752,8,389,806,635,582,411
2017,2,D,발달상권,2120152,신대방삼거리역,1217,593,624,3,187,292,319,244,172,0,58,145,171,127,92,3,129,147,148,117,80
2017,2,D,발달상권,2120151,보라매공원,10537,5538,4999,27,1789,3879,3068,1242,532,8,588,1848,1748,942,404,19,1201,2031,1320,300,128
2017,2,D,발달상권,2120150,63빌딩,11623,5848,5775,8,1567,3292,3665,2425,666,0,556,1724,2174,1184,210,8,1011,1568,1491,1241,456
2017,2,D,발달상권,2120149,여의도역(여의도),112019,68081,43938,421,17488,38705,34367,15340,5698,129,7009,22096,24125,11324,3398,292,10479,16609,10242,4016,2300
2017,2,D,발달상권,2120148,국회의사당역(국회의사당),39066,22638,16428,72,8632,14057,8934,5049,2322,17,2963,8092,6371,3591,1604,55,5669,5965,2563,1458,718
2017,2,D,발달상권,2120147,보라매역,2547,1432,1115,28,391,554,494,502,578,3,114,332,304,300,379,25,277,222,190,202,199
2017,2,D,발달상권,2120146,한강성심병원,5615,3648,1967,7,696,1261,1454,1154,1043,3,281,751,1065,863,685,4,415,510,389,291,358
2017,2,D,발달상권,2120145,영등포역(영등포),6938,3559,3379,69,1343,1787,1653,1205,881,16,464,969,943,646,521,53,879,818,710,559,360
2017,2,D,발달상권,2120144,영중로,6236,4049,2187,19,968,1805,1533,1178,733,10,469,1214,1107,714,535,9,499,591,426,464,198
2017,2,D,발달상권,2120143,당산역,10647,6397,4250,36,1605,1819,2188,2368,2631,15,725,1293,1428,1321,1615,21,880,526,760,1047,1016
2017,2,D,발달상권,2120142,대림역,1641,903,738,2,183,312,456,443,245,1,66,166,263,249,158,1,117,146,193,194,87
2017,2,D,발달상권,2120141,영등포청과시장교차로,818,547,271,7,81,211,224,159,136,3,38,142,150,108,106,4,43,69,74,51,30
2017,2,D,발달상권,2120140,문래동주민센터,16743,8101,8642,74,3934,5147,4275,2125,1188,20,1445,2626,2193,1070,747,54,2489,2521,2082,1055,441
2017,2,D,발달상권,2120139,대림3동사거리,4620,2874,1746,7,584,1088,1236,972,733,5,321,760,870,543,375,2,263,328,366,429,358
2017,2,D,발달상권,2120138,당산2동(영등포우체국),14422,6924,7498,108,4000,4435,3369,1661,849,40,1332,2190,1721,1051,590,68,2668,2245,1648,610,259
2017,2,D,발달상권,2120137,문래역(문래로데오거리),217,86,131,0,48,56,53,52,8,0,14,24,22,21,5,0,34,32,31,31,3
2017,2,D,발달상권,2120136,영등포구청역,9476,4955,4521,43,1802,1818,1759,2076,1978,25,805,1077,990,950,1108,18,997,741,769,1126,870
2017,2,D,발달상권,2120135,양평역,7143,3958,3185,49,1955,1949,1598,1020,572,17,851,1188,923,540,439,32,1104,761,675,480,133
2017,2,D,발달상권,2120134,구로전화국,3284,2262,1022,6,266,465,537,572,1438,2,114,241,312,312,1281,4,152,224,225,260,157
2017,2,D,발달상권,2120133,서울시흥동우체국(홈플러스시흥점),437,195,242,8,66,84,100,104,75,5,32,42,43,41,32,3,34,42,57,63,43
2017,2,D,발달상권,2120132,독산동,11822,8064,3758,48,1556,2997,3146,2774,1301,30,980,2156,2161,1761,976,18,576,841,985,1013,325
2017,2,D,발달상권,2120131,가산디지털단지,132656,83060,49596,2552,31125,41328,31854,16673,9124,1162,14671,27501,22328,10631,6767,1390,16454,13827,9526,6042,2357
2017,2,D,발달상권,2120130,구로디지털단지역,2085,1035,1050,9,404,466,495,398,313,6,159,234,254,181,201,3,245,232,241,217,112
2017,2,D,발달상권,2120129,구로디지털단지,75334,46059,29275,344,16596,26911,17974,8886,4623,185,7461,18021,12270,5022,3100,159,9135,8890,5704,3864,1523
2017,2,D,발달상권,2120128,신도림역,7584,3020,4564,31,1844,2860,1627,788,434,14,505,988,830,448,235,17,1339,1872,797,340,199
2017,2,D,발달상권,2120127,구로구청,8806,6303,2503,15,1345,2387,2048,1676,1335,8,969,1969,1545,1000,812,7,376,418,503,676,523
2017,2,D,발달상권,2120126,디지털단지오거리,138,93,45,0,12,29,47,37,13,0,7,22,32,22,10,0,5,7,15,15,3
2017,2,D,발달상권,2120125,구로역,21872,12701,9171,63,2987,6925,5885,4067,1945,29,1282,3688,3548,2698,1456,34,1705,3237,2337,1369,489
2017,2,D,발달상권,2120124,개봉동 현대아파트,877,348,529,2,89,152,259,217,158,2,28,62,100,94,62,0,61,90,159,123,96
2017,2,D,발달상권,2120123,오류동역,2482,937,1545,21,228,430,747,647,409,7,86,173,251,176,244,14,142,257,496,471,165
2017,2,D,발달상권,2120122,강서구청,3153,1829,1324,3,343,698,838,695,576,3,148,387,501,402,388,0,195,311,337,293,188
2017,2,D,발달상권,2120121,까치산역,796,309,487,6,114,153,187,218,118,0,43,78,73,65,50,6,71,75,114,153,68
2017,2,D,발달상권,2120120,화곡역,2270,949,1321,12,396,504,546,602,210,5,115,269,263,183,114,7,281,235,283,419,96
2017,2,D,발달상권,2120119,발산역(마곡),4651,3009,1642,10,755,1114,1111,928,733,2,336,686,774,645,566,8,419,428,337,283,167
2017,2,D,발달상권,2120118,마곡역(마곡),504,299,205,0,93,225,140,24,22,0,20,141,105,20,13,0,73,84,35,4,9
2017,2,D,발달상권,2120117,강서농산물도매시장,1474,1022,452,0,80,258,471,442,223,0,63,202,317,279,161,0,17,56,154,163,62
2017,2,D,발달상권,2120116,송정역,333,190,143,3,30,71,84,79,66,1,9,43,43,46,48,2,21,28,41,33,18
2017,2,D,발달상권,2120115,김포공항역(김포공항),605,219,386,14,391,109,44,42,5,13,135,51,17,3,0,1,256,58,27,39,5
2017,2,D,발달상권,2120114,목동신시가지,12258,7748,4510,47,1736,3360,3637,2494,984,17,732,1999,2536,1823,641,30,1004,1361,1101,671,343
2017,2,D,발달상권,2120113,오목교역,1411,595,816,12,287,341,337,277,157,3,87,162,145,110,88,9,200,179,192,167,69
2017,2,D,발달상권,2120112,등촌역,2591,1573,1018,8,393,648,692,501,349,5,168,379,437,321,263,3,225,269,255,180,86
2017,2,D,발달상권,2120111,목동사거리,970,471,499,5,125,204,266,198,172,1,44,104,122,95,105,4,81,100,144,103,67
2017,2,D,발달상권,2120110,목동역 8번출구,1863,725,1138,5,349,426,454,368,261,3,80,191,210,130,111,2,269,235,244,238,150
2017,2,D,발달상권,2120109,서울남부지방법원,2145,1096,1049,6,218,418,561,542,400,4,73,227,314,268,210,2,145,191,247,274,190
2017,2,D,발달상권,2120108,신정네거리역,1744,903,841,5,164,390,448,393,344,1,64,192,218,221,207,4,100,198,230,172,137
2017,2,D,발달상권,2120107,공덕역(공덕오거리),21410,12447,8963,72,4070,6362,6089,3787,1030,41,1812,3781,3928,2228,657,31,2258,2581,2161,1559,373
2017,2,D,발달상권,2120106,마포역,14820,8894,5926,69,2238,3892,3564,2838,2219,30,931,2436,2411,1635,1451,39,1307,1456,1153,1203,768
2017,2,D,발달상권,2120105,상수역(홍대),1476,799,677,12,446,530,287,129,72,4,191,300,182,73,49,8,255,230,105,56,23
2017,2,D,발달상권,2120104,연남동(홍대),10308,4826,5482,32,2868,3166,2027,1390,825,13,900,1659,1200,661,393,19,1968,1507,827,729,432
2017,2,D,발달상권,2120103,홍대입구역(홍대),14910,8423,6487,112,4397,4295,3036,1634,1436,57,1856,2618,1978,921,993,55,2541,1677,1058,713,443
2017,2,D,발달상권,2120102,서교동(홍대),10445,5563,4882,43,1860,2780,2272,1685,1805,19,676,1592,1563,1070,643,24,1184,1188,709,615,1162
2017,2,D,발달상권,2120101,합정역,8002,4242,3760,56,1592,2754,2248,981,371,8,469,1404,1450,684,227,48,1123,1350,798,297,144
2017,2,D,발달상권,2120100,망원역,3657,1725,1932,13,986,860,649,587,562,5,373,450,305,195,397,8,613,410,344,392,165
2017,2,D,발달상권,2120099,월드컵경기장역(월드컵경기장),188,100,88,0,30,60,49,31,18,0,16,38,29,11,6,0,14,22,20,20,12
2017,2,D,발달상권,2120098,DMC(디지털미디어시티),29840,17437,12403,74,8742,10662,7462,2387,513,21,3299,6388,5655,1761,313,53,5443,4274,1807,626,200
2017,2,D,발달상권,2120097,충정로역,7082,4698,2384,8,1218,3078,1846,614,318,2,632,2010,1367,459,228,6,586,1068,479,155,90
2017,2,D,발달상권,2120096,"이화여대(이대역, 이대)",1177,465,712,4,247,348,273,178,127,4,52,151,122,69,67,0,195,197,151,109,60
2017,2,D,발달상권,2120095,홍제역,1113,419,694,5,166,204,308,254,176,4,37,74,105,99,100,1,129,130,203,155,76
2017,2,D,발달상권,2120094,"신촌역(신촌역, 신촌로터리)",10319,4834,5485,98,3067,2598,2149,1665,742,61,1315,1433,1056,647,322,37,1752,1165,1093,1018,420
2017,2,D,발달상권,2120093,연희동,1126,554,572,4,169,230,284,242,197,0,73,124,133,108,116,4,96,106,151,134,81
2017,2,D,발달상권,2120092,불광역,392,156,236,1,34,78,113,97,69,0,13,28,51,29,35,1,21,50,62,68,34
2017,2,D,발달상권,2120091,본서부병원,1051,422,629,3,125,223,265,276,159,0,41,114,115,94,58,3,84,109,150,182,101
2017,2,D,발달상권,2120090,연신내역,1171,399,772,7,247,232,258,239,188,3,55,83,95,83,80,4,192,149,163,156,108
2017,2,D,발달상권,2120089,구파발역,18,6,12,0,4,7,7,0,0,0,0,4,2,0,0,0,4,3,5,0,0
2017,2,D,발달상권,2120088,구산역,1049,376,673,7,139,198,282,281,142,2,42,94,107,69,62,5,97,104,175,212,80
2017,2,D,발달상권,2120087,응암역,466,215,251,0,74,113,108,110,61,0,15,52,59,52,37,0,59,61,49,58,24
2017,2,D,발달상권,2120086,태릉입구역,1391,717,674,8,193,289,327,322,252,7,89,160,175,159,127,1,104,129,152,163,125
2017,2,D,발달상권,2120085,은행사거리,1048,483,565,3,173,204,307,224,137,1,70,101,131,99,81,2,103,103,176,125,56
2017,2,D,발달상권,2120084,공릉역,1167,720,447,5,122,144,237,368,291,0,40,66,134,260,220,5,82,78,103,108,71
2017,2,D,발달상권,2120083,등나무근린공원,1042,473,569,2,119,211,296,250,164,0,38,102,131,100,102,2,81,109,165,150,62
2017,2,D,발달상권,2120082,상계백병원,1821,518,1303,0,477,588,487,198,71,0,102,155,134,84,43,0,375,433,353,114,28
2017,2,D,발달상권,2120081,노원역,5185,1904,3281,28,1229,1162,1188,944,634,13,314,483,485,335,274,15,915,679,703,609,360
2017,2,D,발달상권,2120080,마들역,483,144,339,0,86,113,107,107,70,0,18,27,31,39,29,0,68,86,76,68,41
2017,2,D,발달상권,2120079,창동역,1774,943,831,5,231,347,507,382,302,1,71,165,273,208,225,4,160,182,234,174,77
2017,2,D,발달상권,2120078,미아사거리역,1054,456,598,11,237,277,251,163,115,3,95,124,116,60,58,8,142,153,135,103,57
2017,2,D,발달상권,2120077,미아역,841,355,486,0,151,218,204,151,117,0,41,79,100,66,69,0,110,139,104,85,48
2017,2,D,발달상권,2120076,수유역,4133,1966,2167,19,741,805,968,853,747,6,260,388,481,408,423,13,481,417,487,445,324
2017,2,D,발달상권,2120075,월곡역,802,420,382,2,123,198,192,175,112,2,42,116,119,92,49,0,81,82,73,83,63
2017,2,D,발달상권,2120074,안암역,318,199,119,2,47,123,80,41,25,0,25,92,55,16,11,2,22,31,25,25,14
2017,2,D,발달상권,2120073,미아사거리,837,297,540,4,150,216,207,174,86,2,52,75,83,47,38,2,98,141,124,127,48
2017,2,D,발달상권,2120072,성신여대,2431,1235,1196,15,620,620,495,370,311,10,212,335,279,206,193,5,408,285,216,164,118
2017,2,D,발달상권,2120071,성북구청,856,383,473,1,139,191,203,187,135,1,50,86,106,81,59,0,89,105,97,106,76
2017,2,D,발달상권,2120070,한성대입구역,1049,471,578,9,159,239,250,231,161,3,50,118,118,109,73,6,109,121,132,122,88
2017,2,D,발달상권,2120069,상봉역,1891,982,909,13,357,425,414,341,341,8,152,211,228,174,209,5,205,214,186,167,132
2017,2,D,발달상권,2120068,사가정역,411,154,257,1,93,79,98,72,68,1,17,27,40,27,42,0,76,52,58,45,26
2017,2,D,발달상권,2120067,장안동사거리,3238,1445,1793,25,500,731,792,730,460,6,145,332,384,327,251,19,355,399,408,403,209
2017,2,D,발달상권,2120066,장한평역(장한평),13360,8418,4942,79,2074,3201,3031,2557,2418,31,973,2032,1955,1645,1782,48,1101,1169,1076,912,636
2017,2,D,발달상권,2120065,회기역,899,492,407,2,129,177,203,178,210,1,58,103,109,77,144,1,71,74,94,101,66
2017,2,D,발달상권,2120064,경희대학교(경희대),474,216,258,5,77,120,112,93,67,3,38,76,55,21,23,2,39,44,57,72,44
2017,2,D,발달상권,2120063,청량리역(청량리),2043,802,1241,9,359,388,432,455,400,3,109,151,165,163,211,6,250,237,267,292,189
2017,2,D,발달상권,2120062,신설동역,11338,5017,6321,37,1452,2686,3462,2399,1302,9,413,1432,1418,992,753,28,1039,1254,2044,1407,549
2017,2,D,발달상권,2120061,올림픽대교북단,1029,596,433,5,194,366,276,132,56,5,78,251,180,49,33,0,116,115,96,83,23
2017,2,D,발달상권,2120060,강변역(테크노마트),4185,2908,1277,27,424,920,1148,953,713,8,191,609,895,717,488,19,233,311,253,236,225
2017,2,D,발달상권,2120059,구삼강변맛길,2510,1282,1228,22,359,474,394,517,744,17,167,264,220,231,383,5,192,210,174,286,361
2017,2,D,발달상권,2120058,구의사거리,779,377,402,1,123,173,201,191,90,0,41,83,111,95,47,1,82,90,90,96,43
2017,2,D,발달상권,2120057,아차산역,2889,1553,1336,23,356,583,645,700,582,8,139,325,367,347,367,15,217,258,278,353,215
2017,2,D,발달상권,2120056,구의역,4210,2328,1882,15,537,901,962,857,938,4,174,444,551,463,692,11,363,457,411,394,246
2017,2,D,발달상권,2120055,군자역,5253,3060,2193,16,773,1337,1382,1095,650,6,324,815,892,623,400,10,449,522,490,472,250
2017,2,D,발달상권,2120054,어린이대공원역,987,546,441,8,161,210,264,210,134,3,68,117,142,116,100,5,93,93,122,94,34
2017,2,D,발달상권,2120053,건대입구역(건대),3440,1677,1763,17,891,825,643,512,552,6,350,439,363,209,310,11,541,386,280,303,242
2017,2,D,발달상권,2120052,성수역,15338,9196,6142,62,3385,4505,3670,2238,1478,32,1383,2722,2378,1547,1134,30,2002,1783,1292,691,344
2017,2,D,발달상권,2120051,뚝섬역,17304,8778,8526,112,4662,5509,3764,2541,716,42,2007,3415,2027,836,451,70,2655,2094,1737,1705,265
2017,2,D,발달상권,2120050,서울숲역,1395,922,473,3,236,470,410,202,74,1,112,301,298,147,63,2,124,169,112,55,11
2017,2,D,발달상권,2120049,왕십리역(왕십리),3568,2386,1182,26,675,731,828,812,496,14,364,463,589,594,362,12,311,268,239,218,134
2017,2,D,발달상권,2120048,금호역,363,144,219,0,55,89,79,80,60,0,16,38,33,33,24,0,39,51,46,47,36
2017,2,D,발달상권,2120047,한남오거리,3465,1985,1480,24,737,1130,780,472,322,11,301,650,505,300,218,13,436,480,275,172,104
2017,2,D,발달상권,2120046,이태원(이태원역),3992,2436,1556,29,1164,1382,708,399,310,20,644,923,459,225,165,9,520,459,249,174,145
2017,2,D,발달상권,2120045,남영동 먹자골목,4113,2761,1352,29,874,1367,931,514,398,2,429,1069,735,313,213,27,445,298,196,201,185
2017,2,D,발달상권,2120044,삼각지역,1480,958,522,0,118,329,352,349,332,0,58,210,245,217,228,0,60,119,107,132,104
2017,2,D,발달상권,2120043,서울역,25618,16611,9007,112,4153,8605,7863,3480,1405,16,1931,5353,5696,2561,1054,96,2222,3252,2167,919,351
2017,2,D,발달상권,2120042,"숙대입구역(남영역, 남영동)",12372,6622,5750,616,5089,3377,2081,870,339,275,2335,1853,1302,601,256,341,2754,1524,779,269,83
2017,2,D,발달상권,2120041,신용산역(용산역),33552,19331,14221,105,7661,11790,8887,3707,1402,39,3690,6732,5500,2485,885,66,3971,5058,3387,1222,517
2017,2,D,발달상권,2120040,용산전자상가(용산역),11575,8529,3046,116,1778,4203,3502,1352,624,82,1169,3176,2661,992,449,34,609,1027,841,360,175
2017,2,D,발달상권,2120039,신당역,6363,3289,3074,13,1235,2098,1479,970,568,5,518,1041,823,567,335,8,717,1057,656,403,233
2017,2,D,발달상권,2120038,약수역,3961,1884,2077,27,1333,972,752,423,454,7,505,499,387,222,264,20,828,473,365,201,190
2017,2,D,발달상권,2120037,동대문역사문화공원역,30667,14519,16148,945,9985,8119,6310,4165,1143,420,4488,4766,3173,1195,477,525,5497,3353,3137,2970,666
2017,2,D,발달상권,2120036,장충동족발거리(남소영길),1876,1265,611,6,317,626,509,264,154,1,132,442,393,196,101,5,185,184,116,68,53
2017,2,D,발달상권,2120035,퇴계로5가,2074,1406,668,4,293,583,666,363,165,1,140,379,499,269,118,3,153,204,167,94,47
2017,2,D,발달상권,2120034,중구청(퇴계로4가),4511,2725,1786,12,347,1007,1251,1186,708,4,127,472,745,845,532,8,220,535,506,341,176
2017,2,D,발달상권,2120033,을지로4가역,2072,1111,961,6,391,581,540,350,204,2,124,297,325,202,161,4,267,284,215,148,43
2017,2,D,발달상권,2120032,충무로역,16295,7835,8460,108,2655,3734,4660,3581,1557,40,938,2024,2351,1532,950,68,1717,1710,2309,2049,607
2017,2,D,발달상권,2120031,을지로3가역,25786,13543,12243,118,6423,8571,6090,2929,1655,33,1923,4184,4046,2126,1231,85,4500,4387,2044,803,424
2017,2,D,발달상권,2120030,중부경찰서(영화인의거리),10142,6408,3734,31,1559,3321,2775,1779,677,9,526,1972,2057,1363,481,22,1033,1349,718,416,196
2017,2,D,발달상권,2120029,을지로2가,20151,9606,10545,10,1994,8902,6441,2489,315,8,651,3028,3585,2092,242,2,1343,5874,2856,397,73
2017,2,D,발달상권,2120028,명동(명동거리),39194,20772,18422,178,5530,11315,13145,7619,1407,42,2068,4631,7311,5804,916,136,3462,6684,5834,1815,491
2017,2,D,발달상권,2120027,명동역(명동재미로),26440,12755,13685,65,3999,9652,7564,4784,376,16,1206,4112,3773,3372,276,49,2793,5540,3791,1412,100
2017,2,D,발달상권,2120026,을지로입구역,52617,28858,23759,173,9670,19602,15040,6684,1448,43,3134,9505,9767,5384,1025,130,6536,10097,5273,1300,423
2017,2,D,발달상권,2120025,롯데백화점(시청광장 지하쇼핑센터),24695,8755,15940,135,11440,7727,3960,1254,179,55,2891,2614,2230,844,121,80,8549,5113,1730,410,58
2017,2,D,발달상권,2120024,회현역,1683,734,949,6,325,417,437,326,172,1,110,229,171,124,99,5,215,188,266,202,73
2017,2,D,발달상권,2120023,서울시청,18658,9058,9600,69,6812,5289,3532,2180,776,34,2323,2545,2100,1534,522,35,4489,2744,1432,646,254
2017,2,D,발달상권,2120022,북창동(시청역_6번),5786,3495,2291,44,1041,1652,1421,873,755,10,412,1001,1026,544,502,34,629,651,395,329,253
2017,2,D,발달상권,2120021,시청역_8번,46973,30994,15979,142,7462,17547,14530,6268,1024,38,3443,10185,11017,5490,821,104,4019,7362,3513,778,203
2017,2,D,발달상권,2120020,시청역_1번,9308,6102,3206,20,1780,2636,2530,1846,496,15,791,1682,1940,1328,346,5,989,954,590,518,150
2017,2,D,발달상권,2120019,경찰청앞교차로,9889,4715,5174,26,1807,4212,2632,930,282,8,636,1901,1325,641,204,18,1171,2311,1307,289,78
2017,2,D,발달상권,2120018,중림동,5857,3426,2431,5,891,1594,1572,1114,681,2,299,849,1061,803,412,3,592,745,511,311,269
2017,2,D,발달상권,2120017,동묘앞역(동묘),1325,424,901,11,205,360,417,209,123,2,53,104,109,75,81,9,152,256,308,134,42
2017,2,D,발달상권,2120016,동대문역,568,319,249,2,82,143,126,106,109,1,29,85,75,62,67,1,53,58,51,44,42
2017,2,D,발달상권,2120015,종로6가,1095,640,455,5,158,286,279,203,164,1,63,169,165,130,112,4,95,117,114,73,52
2017,2,D,발달상권,2120014,종로5가역,6042,3509,2533,364,1120,1705,1518,897,438,117,420,1127,1019,535,291,247,700,578,499,362,147
2017,2,D,발달상권,2120013,이화사거리,6323,4131,2192,25,1046,1909,1733,1231,379,2,368,1062,1336,1080,283,23,678,847,397,151,96
2017,2,D,발달상권,2120012,대학로(혜화역),3557,1640,1917,17,793,973,787,555,432,5,280,483,407,234,231,12,513,490,380,321,201
2017,2,D,발달상권,2120011,종로4가,5063,2734,2329,16,1081,1815,1292,622,237,2,411,934,802,405,180,14,670,881,490,217,57
2017,2,D,발달상권,2120010,원남동사거리,4021,2572,1449,30,911,1358,994,523,205,7,404,917,748,346,150,23,507,441,246,177,55
2017,2,D,발달상권,2120009,종로3가역,13094,6955,6139,52,2212,3255,3121,2548,1906,16,783,1683,1765,1461,1247,36,1429,1572,1356,1087,659
2017,2,D,발달상권,2120008,인사동,15789,10437,5352,58,2897,5166,3964,2583,1121,28,1184,3381,3160,2000,684,30,1713,1785,804,583,437
2017,2,D,발달상권,2120007,북촌(안국역),20828,18186,2642,25,2635,7915,5845,3735,673,19,1872,6867,5361,3495,572,6,763,1048,484,240,101
2017,2,D,발달상권,2120006,종각역,45904,26278,19626,92,7540,15685,13544,7273,1770,23,2766,8160,8544,5561,1224,69,4774,7525,5000,1712,546
2017,2,D,발달상권,2120005,삼청동,1159,497,662,3,279,322,220,233,102,2,85,147,108,117,38,1,194,175,112,116,64
2017,2,D,발달상권,2120004,종로구청,19105,10392,8713,707,3792,5902,5047,2680,977,316,1552,2943,3183,1798,600,391,2240,2959,1864,882,377
2017,2,D,발달상권,2120003,광화문역,87264,51134,36130,1189,18143,24849,22957,13716,6410,553,7695,13763,15935,9495,3693,636,10448,11086,7022,4221,2717
2017,2,D,발달상권,2120002,서촌(경복궁역),2988,1516,1472,3,726,1090,624,323,222,2,269,567,372,171,135,1,457,523,252,152,87
2017,2,D,발달상권,2120001,서대문역,28820,15716,13104,52,5162,8904,8516,5735,451,3,1433,4276,4943,4738,323,49,3729,4628,3573,997,128
2017,2,A,골목상권,2111090,강일동주민센터,512,271,241,2,64,115,141,125,65,1,15,62,77,77,39,1,49,53,64,48,26
2017,2,A,골목상권,2111089,상일여고(상일초등학교),851,422,429,2,56,123,219,227,224,0,28,64,123,127,80,2,28,59,96,100,144
2017,2,A,골목상권,2111088,고덕동성당,156,75,81,0,20,16,31,54,35,0,8,13,13,24,17,0,12,3,18,30,18
2017,2,A,골목상권,2111087,고덕중학교(고덕2동주민센터),129,36,93,0,9,19,30,46,25,0,2,8,10,11,5,0,7,11,20,35,20
2017,2,A,골목상권,2111086,한영중고,256,98,158,0,27,44,74,78,33,0,7,18,30,29,14,0,20,26,44,49,19
2017,2,A,골목상권,2111085,묘곡초등학교(고덕아이파크아파트),354,143,211,0,32,37,67,88,130,0,7,17,30,31,58,0,25,20,37,57,72
2017,2,A,골목상권,2111084,길동신동아아파트,79,53,26,0,11,22,17,18,11,0,6,15,11,13,8,0,5,7,6,5,3
2017,2,A,골목상권,2111083,GS강동자이아파트,354,187,167,2,46,66,73,90,77,0,30,35,35,44,43,2,16,31,38,46,34
2017,2,A,골목상권,2111082,중앙보훈병원,38,26,12,0,4,5,10,8,11,0,3,4,3,7,9,0,1,1,7,1,2
2017,2,A,골목상권,2111081,둔촌푸르지오아파트,235,149,86,0,30,53,63,58,31,0,15,41,39,33,21,0,15,12,24,25,10
2017,2,A,골목상권,2111080,굽은다리역 3번,424,232,192,0,61,72,115,84,92,0,10,45,72,40,65,0,51,27,43,44,27
2017,2,A,골목상권,2111079,둔촌고등학교(둔촌중학교),140,52,88,0,15,24,38,43,20,0,7,11,12,12,10,0,8,13,26,31,10
2017,2,A,골목상권,2111078,굽은다리역 4번,1015,507,508,2,102,233,261,241,176,2,36,127,135,108,99,0,66,106,126,133,77
2017,2,A,골목상권,2111077,길동주민센터(강동도서관),1380,818,562,0,148,329,381,311,211,0,55,213,232,170,148,0,93,116,149,141,63
2017,2,A,골목상권,2111076,둔촌2동주민센터,423,213,210,3,35,66,97,110,112,1,20,37,51,50,54,2,15,29,46,60,58
2017,2,A,골목상권,2111075,굽은다리역 2번,384,191,193,2,53,102,96,85,46,1,32,63,51,28,16,1,21,39,45,57,30
2017,2,A,골목상권,2111074,명일역 1번,76,39,37,0,2,11,21,19,23,0,0,6,9,11,13,0,2,5,12,8,10
2017,2,A,골목상권,2111073,둔촌동역 1번(한산중학교),2003,1128,875,4,457,630,407,348,157,1,185,357,247,222,116,3,272,273,160,126,41
2017,2,A,골목상권,2111072,굽은다리역 1번(십자성마을),1114,525,589,2,103,167,229,302,311,0,20,84,106,139,176,2,83,83,123,163,135
2017,2,A,골목상권,2111071,천동초등학교,58,42,16,0,5,14,19,14,6,0,4,11,11,11,5,0,1,3,8,3,1
2017,2,A,골목상권,2111070,천호초등학교,97,41,56,0,8,15,24,28,22,0,4,9,14,8,6,0,4,6,10,20,16
2017,2,A,골목상권,2111069,천호1동주민센터,206,96,110,5,17,26,43,69,46,4,12,12,18,29,21,1,5,14,25,40,25
2017,2,A,골목상권,2111068,강동성심병원,1151,352,799,0,443,375,201,94,38,0,89,123,71,39,30,0,354,252,130,55,8
2017,2,A,골목상권,2111067,강동구립성내도서관,918,516,402,2,87,188,186,195,260,2,42,131,109,93,139,0,45,57,77,102,121
2017,2,A,골목상권,2111066,암사동성당(효정하나플러스아파트),412,206,206,2,24,128,124,70,64,0,6,72,70,38,20,2,18,56,54,32,44
2017,2,A,골목상권,2111065,천일초등학교,18,12,6,0,1,6,6,3,2,0,0,5,3,2,2,0,1,1,3,1,0
2017,2,A,골목상권,2111064,둔촌동역 4번,198,118,80,1,22,44,60,50,21,1,13,30,37,25,12,0,9,14,23,25,9
2017,2,A,골목상권,2111063,강동구립 천호도서관,168,43,125,0,23,27,33,43,42,0,0,5,11,10,17,0,23,22,22,33,25
2017,2,A,골목상권,2111062,둔촌동역 3번(성내3동주민센터),667,388,279,1,95,189,176,148,58,0,41,130,89,85,43,1,54,59,87,63,15
2017,2,A,골목상권,2111061,암사역 1번,457,223,234,1,51,104,134,117,50,0,26,48,69,53,27,1,25,56,65,64,23
2017,2,A,골목상권,2111060,암사역 2번(서울강동초등학교),1068,537,531,3,118,269,331,243,104,2,31,134,180,120,70,1,87,135,151,123,34
2017,2,A,골목상권,2111059,강동역 4번(강풀만화거리),1600,830,770,4,162,304,369,437,324,0,70,162,189,199,210,4,92,142,180,238,114
2017,2,A,골목상권,2111058,성내중학교,318,196,122,0,36,92,103,53,34,0,13,56,65,34,28,0,23,36,38,19,6
2017,2,A,골목상권,2111057,천호공원(해공체육문화센터),341,138,203,0,60,74,94,79,34,0,8,26,39,41,24,0,52,48,55,38,10
2017,2,A,골목상권,2111056,천호태영아파트,456,196,260,2,55,48,104,121,126,0,13,23,57,55,48,2,42,25,47,66,78
2017,2,A,골목상권,2111055,선사초등학교,1091,427,664,4,117,142,230,409,189,0,28,63,58,123,155,4,89,79,172,286,34
2017,2,A,골목상권,2111054,암사역 4번(삼성광나루아파트),80,37,43,0,7,17,25,20,11,0,2,10,12,9,4,0,5,7,13,11,7
2017,2,A,골목상권,2111053,성내천어린이공원(하니사랑길),1753,938,815,6,260,595,474,288,130,3,92,279,279,183,102,3,168,316,195,105,28
2017,2,A,골목상권,2111052,암사역 3번(천호동자전거거리),822,468,354,5,109,199,271,183,55,0,71,123,150,94,30,5,38,76,121,89,25
2017,2,A,골목상권,2111051,천호역 6번,725,372,353,2,182,174,160,124,83,0,68,87,103,60,54,2,114,87,57,64,29
2017,2,A,골목상권,2111050,강동구청(강동구청역 2번),151,82,69,0,25,32,42,34,18,0,12,15,17,23,15,0,13,17,25,11,3
2017,2,A,골목상권,2111049,천호지구대(천호동자전거거리),772,529,243,0,43,119,165,145,300,0,17,83,106,100,223,0,26,36,59,45,77
2017,2,A,골목상권,2111048,천호역 1번(천호문구완구거리),189,123,66,0,25,61,41,38,24,0,15,40,28,22,18,0,10,21,13,16,6
2017,2,A,골목상권,2111047,마천1치안센터,146,78,68,0,9,30,42,28,37,0,7,18,28,13,12,0,2,12,14,15,25
2017,2,A,골목상권,2111046,마천역(마천초등학교),814,398,416,2,59,98,196,243,216,1,13,37,73,137,137,1,46,61,123,106,79
2017,2,A,골목상권,2111045,개미어린이공원,55,27,28,0,3,9,16,19,8,0,0,6,7,11,3,0,3,3,9,8,5
2017,2,A,골목상권,2111044,남천초등학교,658,282,376,3,49,156,216,177,57,2,16,72,98,61,33,1,33,84,118,116,24
2017,2,A,골목상권,2111043,마천공원,521,420,101,1,7,31,74,216,192,1,4,17,61,174,163,0,3,14,13,42,29
2017,2,A,골목상권,2111042,거여역 1번(거여공원),719,377,342,0,68,150,203,183,115,0,28,86,106,95,62,0,40,64,97,88,53
2017,2,A,골목상권,2111041,거여역 8번,78,44,34,0,5,12,21,23,17,0,4,7,11,12,10,0,1,5,10,11,7
2017,2,A,골목상권,2111040,거여초등학교,256,179,77,1,28,90,80,42,15,1,12,70,60,26,10,0,16,20,20,16,5
2017,2,A,골목상권,2111039,벌말어린이공원,391,248,143,1,31,84,118,103,54,0,17,55,77,61,38,1,14,29,41,42,16
2017,2,A,골목상권,2111038,보인중학교,776,461,315,0,68,165,214,237,92,0,25,101,134,139,62,0,43,64,80,98,30
2017,2,A,골목상권,2111037,Sh수협은행 오금동금융센터(아랫말어린이공원),366,258,108,2,27,117,93,90,37,2,20,93,68,54,21,0,7,24,25,36,16
2017,2,A,골목상권,2111036,투구봉어린이공원,180,117,63,0,14,30,54,55,27,0,6,19,37,31,24,0,8,11,17,24,3
2017,2,A,골목상권,2111035,오금공원(오주중학교),392,247,145,0,39,79,113,104,57,0,22,51,71,66,37,0,17,28,42,38,20
2017,2,A,골목상권,2111034,오동나무공원(송파레미니스1단지),1576,1080,496,2,206,342,413,429,184,0,104,217,308,312,139,2,102,125,105,117,45
2017,2,A,골목상권,2111033,문정동성당,211,95,116,0,17,41,54,44,55,0,8,25,19,25,18,0,9,16,35,19,37
2017,2,A,골목상권,2111032,방이역 1번,5094,3090,2004,8,193,500,525,721,3147,1,92,332,327,350,1988,7,101,168,198,371,1159
2017,2,A,골목상권,2111031,장지동주민센터(한림연예예술고교),2933,1961,972,4,267,413,674,694,881,3,146,303,466,474,569,1,121,110,208,220,312
2017,2,A,골목상권,2111030,방이역 2번,574,370,204,4,60,151,162,124,73,3,38,101,104,74,50,1,22,50,58,50,23
2017,2,A,골목상권,2111029,오금역 4번,561,304,257,7,158,127,140,76,53,3,84,62,71,44,40,4,74,65,69,32,13
2017,2,A,골목상권,2111028,문현중학교(장지역 1번),605,309,296,1,89,116,187,135,77,0,40,63,91,66,49,1,49,53,96,69,28
2017,2,A,골목상권,2111027,문정초등학교,2807,1735,1072,5,232,310,365,433,1462,3,102,170,211,243,1006,2,130,140,154,190,456
2017,2,A,골목상권,2111026,문정역 2번,1965,1351,614,4,319,556,521,349,216,0,160,384,383,251,173,4,159,172,138,98,43
2017,2,A,골목상권,2111025,경찰병원역 3번,144,80,64,0,12,40,27,42,23,0,5,24,9,24,18,0,7,16,18,18,5
2017,2,A,골목상권,2111024,경찰병원역 4번(건너말공원),313,234,79,2,64,94,85,40,28,1,45,73,65,30,20,1,19,21,20,10,8
2017,2,A,골목상권,2111023,문정역 1번,1008,709,299,4,143,234,293,214,120,3,89,174,213,136,94,1,54,60,80,78,26
2017,2,A,골목상권,2111022,석촌중학교(방이육교),321,151,170,0,20,43,85,125,48,0,13,32,53,33,20,0,7,11,32,92,28
2017,2,A,골목상권,2111021,방이역 4번,4712,3060,1652,16,583,975,969,871,1298,6,245,567,625,549,1068,10,338,408,344,322,230
2017,2,A,골목상권,2111020,방이동고분군(방산고등학교),421,262,159,1,45,112,94,96,73,0,22,76,60,53,51,1,23,36,34,43,22
2017,2,A,골목상권,2111019,한성백제역 3번,965,572,393,3,134,230,263,218,117,1,50,138,162,144,77,2,84,92,101,74,40
2017,2,A,골목상권,2111018,풍납초등학교(풍납백제문화공원),72,49,23,1,7,16,18,19,11,1,2,12,13,12,9,0,5,4,5,7,2
2017,2,A,골목상권,2111017,송파나루역 3번,272,146,126,2,42,68,70,48,42,0,18,33,36,27,32,2,24,35,34,21,10
2017,2,A,골목상권,2111016,송파역 2번,3702,1743,1959,16,908,1119,776,611,272,4,295,627,488,188,141,12,613,492,288,423,131
2017,2,A,골목상권,2111015,석촌역 3번,1386,750,636,1,180,292,342,280,291,1,75,174,198,132,170,0,105,118,144,148,121
2017,2,A,골목상권,2111014,송파나루역 2번,276,164,112,0,36,67,79,57,37,0,16,43,50,32,23,0,20,24,29,25,14
2017,2,A,골목상권,2111013,송파나루역 1번(송리단길),1820,1195,625,2,274,454,447,393,250,0,149,306,312,254,174,2,125,148,135,139,76
2017,2,A,골목상권,2111012,석촌역 6번,555,291,264,2,88,109,144,116,96,1,33,61,76,58,62,1,55,48,68,58,34
2017,2,A,골목상권,2111011,잠실나루역,546,179,367,2,81,126,174,107,56,0,18,52,42,38,29,2,63,74,132,69,27
2017,2,A,골목상권,2111010,석촌역 7번,1961,778,1183,23,646,432,392,310,158,4,126,193,203,136,116,19,520,239,189,174,42
2017,2,A,골목상권,2111009,송파책박물관,182,127,55,5,13,42,72,37,13,4,9,28,53,24,9,1,4,14,19,13,4
2017,2,A,골목상권,2111008,석촌고분역 3번,794,442,352,4,74,154,241,195,126,2,45,89,134,95,77,2,29,65,107,100,49
2017,2,A,골목상권,2111007,석촌고분역 4번,805,413,392,1,109,195,202,222,76,1,34,122,125,88,43,0,75,73,77,134,33
2017,2,A,골목상권,2111006,석촌고분역 1번,961,538,423,3,122,232,291,197,116,1,37,122,180,110,88,2,85,110,111,87,28
2017,2,A,골목상권,2111005,삼전역 3번,1282,855,427,4,122,232,236,313,375,1,58,161,139,200,296,3,64,71,97,113,79
2017,2,A,골목상권,2111004,삼전역 1번,3116,1794,1322,31,445,732,647,606,655,25,206,447,396,330,390,6,239,285,251,276,265
2017,2,A,골목상권,2111003,삼전역 4번,2022,1251,771,6,285,510,515,455,251,5,125,333,342,280,166,1,160,177,173,175,85
2017,2,A,골목상권,2111002,한국교통안전공단 강남자동차검사소,534,275,259,1,30,120,178,121,84,0,8,73,89,58,47,1,22,47,89,63,37
2017,2,A,골목상권,2111001,아래방죽마을공원(율현초등학교),38,14,24,0,3,14,10,6,5,0,1,7,1,1,4,0,2,7,9,5,1
2017,2,A,골목상권,2111000,대왕초등학교(세곡동사거리서남측),50,29,21,0,2,12,19,13,4,0,0,8,13,7,1,0,2,4,6,6,3
2017,2,A,골목상권,2110999,윗방죽마을공원,252,138,114,1,32,52,63,58,46,0,9,21,37,35,36,1,23,31,26,23,10
2017,2,A,골목상권,2110998,은곡마을(은곡마을공원),683,437,246,1,116,162,125,141,138,0,48,84,71,110,124,1,68,78,54,31,14
2017,2,A,골목상권,2110997,대청초등학교,2271,984,1287,3,164,379,610,679,436,1,84,195,241,235,228,2,80,184,369,444,208
2017,2,A,골목상권,2110996,대치2동주민센터,1297,1017,280,5,142,369,390,278,113,1,87,294,319,225,91,4,55,75,71,53,22
2017,2,A,골목상권,2110995,봉은사역 4번,2676,1698,978,6,350,582,550,817,371,3,165,415,437,429,249,3,185,167,113,388,122
2017,2,A,골목상권,2110994,개포고등학교,467,242,225,8,65,67,92,125,110,6,32,48,54,52,50,2,33,19,38,73,60
2017,2,A,골목상권,2110993,개포지하차도 북측,81,55,26,0,9,15,23,26,8,0,3,9,21,18,4,0,6,6,2,8,4
2017,2,A,골목상권,2110992,도곡초등학교,442,214,228,5,96,104,122,79,36,5,30,52,65,40,22,0,66,52,57,39,14
2017,2,A,골목상권,2110991,삼성중앙역 5번,1138,720,418,2,197,541,256,104,38,1,85,355,180,75,24,1,112,186,76,29,14
2017,2,A,골목상권,2110990,청담역 12번,325,99,226,4,100,116,61,31,13,2,26,27,26,11,7,2,74,89,35,20,6
2017,2,A,골목상권,2110989,대치동아우편취급국,481,301,180,1,53,150,136,84,57,1,20,108,87,44,41,0,33,42,49,40,16
2017,2,A,골목상권,2110988,청담역 3번,317,151,166,1,74,101,67,47,27,1,26,54,39,21,10,0,48,47,28,26,17
2017,2,A,골목상권,2110987,영동대교남단,241,115,126,1,67,89,40,25,19,0,23,42,25,11,14,1,44,47,15,14,5
2017,2,A,골목상권,2110986,삼성중앙역 7번,122,66,56,0,25,30,32,14,21,0,15,18,20,4,9,0,10,12,12,10,12
2017,2,A,골목상권,2110985,청담근린공원,380,193,187,1,87,131,99,35,27,1,22,67,66,18,19,0,65,64,33,17,8
2017,2,A,골목상권,2110984,포이초등학교(개포목련어린이공원),2793,1767,1026,5,343,720,724,630,371,3,195,524,451,343,251,2,148,196,273,287,120
2017,2,A,골목상권,2110983,국립국악고등학교,805,575,230,0,89,198,196,199,123,0,34,142,146,151,102,0,55,56,50,48,21
2017,2,A,골목상권,2110982,강남구보훈회관,177,102,75,0,32,56,49,19,21,0,13,40,27,11,11,0,19,16,22,8,10
2017,2,A,골목상권,2110981,국악고교사거리,1440,892,548,6,156,291,368,284,335,0,64,201,244,152,231,6,92,90,124,132,104
2017,2,A,골목상권,2110980,개포지구대옆,605,390,215,0,83,146,178,129,69,0,32,95,117,91,55,0,51,51,61,38,14
2017,2,A,골목상권,2110979,청담초등학교,246,84,162,0,87,60,49,26,24,0,14,24,17,11,18,0,73,36,32,15,6
2017,2,A,골목상권,2110978,도곡2동주민센터(대치중학교),406,258,148,2,46,85,95,131,47,1,30,59,62,73,33,1,16,26,33,58,14
2017,2,A,골목상권,2110977,논현로18길,168,110,58,0,15,40,53,39,21,0,5,28,36,26,15,0,10,12,17,13,6
2017,2,A,골목상권,2110976,언북초등학교,366,162,204,2,102,109,75,46,32,0,30,53,37,20,22,2,72,56,38,26,10
2017,2,A,골목상권,2110975,매봉역 1번,440,258,182,1,83,149,104,70,33,0,39,101,62,37,19,1,44,48,42,33,14
2017,2,A,골목상권,2110974,언주중학교,288,161,127,7,66,84,71,45,15,3,22,53,44,29,10,4,44,31,27,16,5
2017,2,A,골목상권,2110973,강남구청역 4번,964,548,416,4,208,305,190,133,124,0,69,170,112,96,101,4,139,135,78,37,23
2017,2,A,골목상권,2110972,강남세브란스병원미래의학연구센터,220,94,126,1,41,61,47,45,25,1,6,25,27,18,17,0,35,36,20,27,8
2017,2,A,골목상권,2110971,선정릉역 4번,967,612,355,4,260,339,218,82,64,3,123,224,165,53,44,1,137,115,53,29,20
2017,2,A,골목상권,2110970,학동초등학교,708,434,274,0,169,285,160,57,37,0,63,194,119,36,22,0,106,91,41,21,15
2017,2,A,골목상권,2110969,베르사이유1아파트,1046,583,463,2,272,378,197,119,78,1,106,232,127,74,43,1,166,146,70,45,35
2017,2,A,골목상권,2110968,강남구청역 2번,696,310,386,3,145,215,187,108,38,1,45,103,94,42,25,2,100,112,93,66,13
2017,2,A,골목상권,2110967,역삼역 8번,476,246,230,0,112,168,112,49,35,0,41,97,65,22,21,0,71,71,47,27,14
2017,2,A,골목상권,2110966,논현2동주민센터,1255,654,601,4,263,396,288,170,134,1,96,205,162,106,84,3,167,191,126,64,50
2017,2,A,골목상권,2110965,언주역 6번,417,208,209,2,68,125,94,68,60,0,20,61,57,33,37,2,48,64,37,35,23
2017,2,A,골목상권,2110964,싸리고개근린공원,144,73,71,0,25,41,35,22,21,0,6,21,17,15,14,0,19,20,18,7,7
2017,2,A,골목상권,2110963,역삼월드메르디앙아파트,254,183,71,1,29,66,84,47,27,1,13,46,65,39,19,0,16,20,19,8,8
2017,2,A,골목상권,2110962,도산공원북측,337,179,158,1,172,81,34,28,21,0,87,46,19,16,11,1,85,35,15,12,10
2017,2,A,골목상권,2110961,언주역 3번,1553,662,891,1,484,549,305,120,94,0,121,190,193,86,72,1,363,359,112,34,22
2017,2,A,골목상권,2110960,은광여고,232,125,107,0,77,69,43,29,14,0,31,43,25,17,9,0,46,26,18,12,5
2017,2,A,골목상권,2110959,신구중학교,874,505,369,17,277,288,143,97,52,4,153,192,94,37,25,13,124,96,49,60,27
2017,2,A,골목상권,2110958,역삼역 4번,1025,493,532,2,257,372,200,125,69,0,82,214,130,38,29,2,175,158,70,87,40
2017,2,A,골목상권,2110957,언북중학교,2237,1155,1082,4,550,767,517,239,160,1,189,439,303,125,98,3,361,328,214,114,62
2017,2,A,골목상권,2110956,언주역 8번,863,558,305,20,228,283,195,77,60,8,102,204,147,57,40,12,126,79,48,20,20
2017,2,A,골목상권,2110955,논현초등학교,965,554,411,0,185,301,253,120,106,0,63,183,179,67,62,0,122,118,74,53,44
2017,2,A,골목상권,2110954,국기원,655,229,426,5,237,216,138,43,16,1,39,103,68,10,8,4,198,113,70,33,8
2017,2,A,골목상권,2110953,학동근린공원,1597,796,801,1,503,658,312,79,44,0,160,373,200,39,24,1,343,285,112,40,20
2017,2,A,골목상권,2110952,논현목련공원,153,79,74,0,40,60,37,11,5,0,14,34,21,6,4,0,26,26,16,5,1
2017,2,A,골목상권,2110951,신사은행나무공원,295,170,125,3,94,120,40,26,12,1,52,77,22,12,6,2,42,43,18,14,6
2017,2,A,골목상권,2110950,논현역 7번,531,282,249,0,140,215,117,39,20,0,43,122,78,23,16,0,97,93,39,16,4
2017,2,A,골목상권,2110949,한남IC,1095,584,511,15,220,410,263,128,59,2,60,234,161,81,46,13,160,176,102,47,13
2017,2,A,골목상권,2110948,헌인가구단지,23,15,8,0,0,1,13,6,3,0,0,0,9,4,2,0,0,1,4,2,1
2017,2,A,골목상권,2110947,청계산입구역 2번(내곡동주민센터),95,48,47,0,13,16,21,31,14,0,6,8,12,13,9,0,7,8,9,18,5
2017,2,A,골목상권,2110946,청계산원터골,107,62,45,2,17,27,19,28,14,0,9,18,12,15,8,2,8,9,7,13,6
2017,2,A,골목상권,2110945,본마을노인복지센터(서초구립내곡도서관),63,33,30,0,8,16,15,16,8,0,5,8,8,8,4,0,3,8,7,8,4
2017,2,A,골목상권,2110944,서울나래학교(염곡어린이공원),252,160,92,0,35,78,65,58,16,0,12,51,44,41,12,0,23,27,21,17,4
2017,2,A,골목상권,2110943,법제교육센터(버들어린이공원),1577,616,961,3,146,475,569,271,113,3,54,171,199,110,79,0,92,304,370,161,34
2017,2,A,골목상권,2110942,염곡동 구룡사(포이동성당),2541,1551,990,3,271,623,731,576,337,2,125,392,482,331,219,1,146,231,249,245,118
2017,2,A,골목상권,2110941,언남고등학교,394,270,124,0,47,116,112,82,37,0,22,76,80,58,34,0,25,40,32,24,3
2017,2,A,골목상권,2110940,양재근린공원(양재2동주민센터),1217,810,407,7,290,378,318,140,84,2,153,268,226,94,67,5,137,110,92,46,17
2017,2,A,골목상권,2110939,양재역 8번(양재동우체국),7295,4703,2592,12,1061,2225,1713,1228,1056,9,520,1408,1168,825,773,3,541,817,545,403,283
2017,2,A,골목상권,2110938,바우뫼공원,1913,1276,637,7,387,651,510,241,117,5,204,471,373,148,75,2,183,180,137,93,42
2017,2,A,골목상권,2110937,방아다리근린공원(횃불트리니티신학대학원대학교),326,236,90,0,60,92,89,58,27,0,36,62,74,45,19,0,24,30,15,13,8
2017,2,A,골목상권,2110936,더케이호텔(양재리본타워2단지아파트),1316,834,482,1,214,510,306,170,115,1,86,289,222,136,100,0,128,221,84,34,15
2017,2,A,골목상권,2110935,한전아트센터,536,407,129,2,85,159,170,77,43,2,38,122,140,69,36,0,47,37,30,8,7
2017,2,A,골목상권,2110934,우면주공아파트,770,510,260,0,113,222,214,136,85,0,50,164,146,88,62,0,63,58,68,48,23
2017,2,A,골목상권,2110933,한국상담대학원대학교,359,276,83,0,28,115,113,76,27,0,13,97,96,51,19,0,15,18,17,25,8
2017,2,A,골목상권,2110932,서울시인재개발원,824,607,217,0,142,346,211,82,43,0,81,261,169,60,36,0,61,85,42,22,7
2017,2,A,골목상권,2110931,삼성전자서울R&D(서울우면초등학교),77,18,59,0,30,22,10,12,3,0,3,9,5,1,0,0,27,13,5,11,3
2017,2,A,골목상권,2110930,서초동성당,587,397,190,0,82,148,173,107,77,0,36,101,131,74,55,0,46,47,42,33,22
2017,2,A,골목상권,2110929,남부터미널역 1번,2662,1678,984,6,517,871,680,364,224,3,227,521,491,258,178,3,290,350,189,106,46
2017,2,A,골목상권,2110928,서초우방유쉘아파트,314,175,139,1,67,122,58,47,19,0,26,57,42,38,12,1,41,65,16,9,7
2017,2,A,골목상권,2110927,잠원역,100,29,71,0,19,23,24,17,17,0,2,2,5,10,10,0,17,21,19,7,7
2017,2,A,골목상권,2110926,신중초등학교,421,260,161,1,62,101,123,76,58,1,23,69,72,50,45,0,39,32,51,26,13
2017,2,A,골목상권,2110925,서초중학교,359,221,138,0,51,102,89,65,52,0,22,62,58,41,38,0,29,40,31,24,14
2017,2,A,골목상권,2110924,반포4동주민센터(몽마르뜨공원),356,155,201,0,69,95,71,63,58,0,21,54,27,26,27,0,48,41,44,37,31
2017,2,A,골목상권,2110923,방배역 1번,107,80,27,0,13,36,26,25,7,0,10,28,20,18,4,0,3,8,6,7,3
2017,2,A,골목상권,2110922,내방역 1번,811,111,700,3,80,174,294,191,69,1,14,23,14,20,39,2,66,151,280,171,30
2017,2,A,골목상권,2110921,서울프랑스학교,151,70,81,0,31,32,41,23,24,0,16,17,18,9,10,0,15,15,23,14,14
2017,2,A,골목상권,2110920,방배역 2번(백석예술대학교),501,278,223,0,78,85,155,138,45,0,32,42,84,87,33,0,46,43,71,51,12
2017,2,A,골목상권,2110919,내방역 8번,578,374,204,0,72,173,187,103,43,0,35,119,124,64,32,0,37,54,63,39,11
2017,2,A,골목상권,2110918,방배역 3번,620,331,289,3,116,181,182,92,46,1,40,102,99,54,35,2,76,79,83,38,11
2017,2,A,골목상권,2110917,서초소방서,1438,1097,341,0,185,464,474,242,73,0,102,364,389,194,48,0,83,100,85,48,25
2017,2,A,골목상권,2110916,내방역 4번,1697,717,980,4,408,520,482,162,121,3,83,215,212,102,102,1,325,305,270,60,19
2017,2,A,골목상권,2110915,서래초등학교,183,100,83,1,49,55,44,19,15,0,31,27,21,12,9,1,18,28,23,7,6
2017,2,A,골목상권,2110914,내방역 6번,132,84,48,0,20,58,29,15,10,0,9,38,18,12,7,0,11,20,11,3,3
2017,2,A,골목상권,2110913,방현초등학교(방배119안전센터),2874,1841,1033,7,487,971,679,404,326,4,225,607,475,305,225,3,262,364,204,99,101
2017,2,A,골목상권,2110912,방배동사이길,293,114,179,1,67,71,67,39,48,1,13,28,31,15,26,0,54,43,36,24,22
2017,2,A,골목상권,2110911,방배배수지체육공원,355,263,92,0,46,61,52,77,119,0,17,28,37,70,111,0,29,33,15,7,8
2017,2,A,골목상권,2110910,내방역 5번,436,250,186,2,62,127,136,68,41,1,17,72,93,42,25,1,45,55,43,26,16
2017,2,A,골목상권,2110909,남태령역(서울전자고등학교),154,87,67,0,21,17,37,38,41,0,8,7,24,23,25,0,13,10,13,15,16
2017,2,A,골목상권,2110908,구반포역,596,379,217,1,76,108,147,137,127,0,35,65,92,103,84,1,41,43,55,34,43
2017,2,A,골목상권,2110907,방배초등학교,1050,590,460,8,279,231,207,174,151,4,95,147,125,114,105,4,184,84,82,60,46
2017,2,A,골목상권,2110906,서문여고,385,247,138,1,41,64,90,75,114,0,14,39,54,49,91,1,27,25,36,26,23
2017,2,A,골목상권,2110905,방배노인종합복지관(이수중학교),272,149,123,0,39,58,68,72,35,0,15,28,46,42,18,0,24,30,22,30,17
2017,2,A,골목상권,2110904,이수역 5번,732,479,253,5,110,226,206,110,75,2,58,145,148,69,57,3,52,81,58,41,18
2017,2,A,골목상권,2110903,방배아이파크아파트,796,381,415,0,149,155,205,173,114,0,51,94,111,66,59,0,98,61,94,107,55
2017,2,A,골목상권,2110902,사당역 4번,1660,748,912,4,356,413,386,354,147,1,108,224,196,120,99,3,248,189,190,234,48
2017,2,A,골목상권,2110901,인헌고등학교(인헌중학교),148,59,89,0,41,36,35,21,15,0,12,19,15,5,8,0,29,17,20,16,7
2017,2,A,골목상권,2110900,낙성대역 1번(관악구민 종합체육센터),191,83,108,0,26,42,54,46,23,0,6,22,21,22,12,0,20,20,33,24,11
2017,2,A,골목상권,2110899,낙성대역 5번(관악중학교),132,64,68,0,13,27,30,46,16,0,3,17,12,22,10,0,10,10,18,24,6
2017,2,A,골목상권,2110898,청림동주민센터(상도중학교),74,22,52,0,23,17,17,11,6,0,7,4,6,3,2,0,16,13,11,8,4
2017,2,A,골목상권,2110897,서울대입구역 8번,189,83,106,0,27,36,51,47,28,0,10,18,20,21,14,0,17,18,31,26,14
2017,2,A,골목상권,2110896,관악우성아파트,297,82,215,0,44,62,76,68,47,0,10,17,23,17,15,0,34,45,53,51,32
2017,2,A,골목상권,2110895,샤로수길,1158,591,567,1,171,251,275,287,173,0,78,146,150,123,94,1,93,105,125,164,79
2017,2,A,골목상권,2110894,관악동부센트레빌아파트(은천로35라길),11,5,6,0,1,1,5,3,1,0,1,0,0,3,1,0,0,1,5,0,0
2017,2,A,골목상권,2110893,관악소방서(문영여고),415,342,73,0,46,118,108,121,22,0,29,103,94,101,15,0,17,15,14,20,7
2017,2,A,골목상권,2110892,관악구 중앙길,761,348,413,3,114,163,184,170,127,0,32,61,97,92,66,3,82,102,87,78,61
2017,2,A,골목상권,2110891,구암초등학교,89,41,48,0,5,11,34,29,10,0,1,6,16,13,5,0,4,5,18,16,5
2017,2,A,골목상권,2110890,봉천역 1번(관악초등학교),297,192,105,0,34,66,97,66,34,0,9,39,66,48,30,0,25,27,31,18,4
2017,2,A,골목상권,2110889,봉천역 6번,45,30,15,0,8,9,10,13,5,0,6,7,7,6,4,0,2,2,3,7,1
2017,2,A,골목상권,2110888,청룡동주민센터,173,88,85,0,8,24,27,53,61,0,2,11,10,19,46,0,6,13,17,34,15
2017,2,A,골목상권,2110887,서울산업정보학교(서울삼성초등학교),120,51,69,0,23,24,24,36,13,0,4,8,8,20,11,0,19,16,16,16,2
2017,2,A,골목상권,2110886,관악해태어린이공원,181,108,73,0,20,57,44,39,21,0,11,38,31,19,9,0,9,19,13,20,12
2017,2,A,골목상권,2110885,영락고등학교,200,96,104,0,19,43,51,50,37,0,7,25,21,25,18,0,12,18,30,25,19
2017,2,A,골목상권,2110884,봉천역 4번(봉천110안전센터),580,440,140,2,54,79,115,175,155,2,21,45,75,153,144,0,33,34,40,22,11
2017,2,A,골목상권,2110883,은천초등학교(은천교앞),326,184,142,0,54,88,93,63,28,0,28,65,45,34,12,0,26,23,48,29,16
2017,2,A,골목상권,2110882,신성초등학교,798,506,292,1,51,92,198,232,224,1,16,44,109,151,185,0,35,48,89,81,39
2017,2,A,골목상권,2110881,구립대학경로당(관악산샘말공원),434,218,216,0,48,103,113,100,70,0,24,62,51,42,39,0,24,41,62,58,31
2017,2,A,골목상권,2110880,신림역 1번,699,183,516,2,246,221,123,79,28,0,42,54,52,23,12,2,204,167,71,56,16
2017,2,A,골목상권,2110879,신림현대아파트,229,91,138,0,17,36,53,81,42,0,8,24,25,22,12,0,9,12,28,59,30
2017,2,A,골목상권,2110878,미림여고,52,24,28,1,6,13,12,12,8,1,2,5,5,6,5,0,4,8,7,6,3
2017,2,A,골목상권,2110877,신림역 8번,487,258,229,1,69,103,132,118,64,1,43,64,57,55,38,0,26,39,75,63,26
2017,2,A,골목상권,2110876,서원동주민센터(신관중학교),81,33,48,0,9,19,17,21,15,0,2,7,5,11,8,0,7,12,12,10,7
2017,2,A,골목상권,2110875,보라매동주민센터(당곡고등학교),65,23,42,1,8,5,21,17,13,0,3,0,8,8,4,1,5,5,13,9,9
2017,2,A,골목상권,2110874,원신초등학교(구세군관악영문교회),173,59,114,0,37,35,29,39,33,0,9,6,13,14,17,0,28,29,16,25,16
2017,2,A,골목상권,2110873,당곡중학교,597,306,291,0,60,97,141,127,172,0,19,47,60,70,110,0,41,50,81,57,62
2017,2,A,골목상권,2110872,신림초등학교,71,31,40,1,15,13,9,17,16,1,8,7,9,4,2,0,7,6,0,13,14
2017,2,A,골목상권,2110871,신원동주민센터,126,62,64,0,12,29,41,22,22,0,5,16,20,10,11,0,7,13,21,12,11
2017,2,A,골목상권,2110869,"신림역 5번(신림동주민센터, 신림동별빛거리)",324,188,136,0,36,69,90,75,54,0,20,38,51,43,36,0,16,31,39,32,18
2017,2,A,골목상권,2110868,남부초등학교,195,102,93,1,18,40,48,55,33,1,8,28,21,28,16,0,10,12,27,27,17
2017,2,A,골목상권,2110867,국제신학대학원대학교(남서울중학교),383,209,174,1,31,71,81,100,99,0,10,33,44,56,66,1,21,38,37,44,33
2017,2,A,골목상권,2110866,난우중학교,102,41,61,0,11,20,37,24,10,0,1,8,13,13,6,0,10,12,24,11,4
2017,2,A,골목상권,2110865,남강고등학교(남강중학교),454,179,275,0,83,124,118,87,42,0,16,53,44,38,28,0,67,71,74,49,14
2017,2,A,골목상권,2110864,신림우방아파트,190,132,58,0,17,42,43,50,38,0,9,30,30,34,29,0,8,12,13,16,9
2017,2,A,골목상권,2110863,난우초등학교,369,181,188,1,48,66,93,88,73,0,14,31,55,44,37,1,34,35,38,44,36
2017,2,A,골목상권,2110862,난곡초등학교(난곡동벽화마을),149,60,89,0,25,30,37,33,24,0,10,12,15,16,7,0,15,18,22,17,17
2017,2,A,골목상권,2110861,관악구신사동주민센터,977,431,546,1,148,189,246,269,124,1,44,85,117,117,67,0,104,104,129,152,57
2017,2,A,골목상권,2110860,호림박물관(성보고등학교),736,450,286,0,35,68,176,211,246,0,16,35,83,130,186,0,19,33,93,81,60
2017,2,A,골목상권,2110859,난향초등학교,496,194,302,0,11,23,64,189,209,0,2,14,36,52,90,0,9,9,28,137,119
2017,2,A,골목상권,2110858,신대방역 1번,82,22,60,0,18,23,13,17,11,0,1,6,4,5,6,0,17,17,9,12,5
2017,2,A,골목상권,2110857,미성동주민센터,319,132,187,0,27,53,77,83,79,0,9,25,34,32,32,0,18,28,43,51,47
2017,2,A,골목상권,2110856,미성초등학교,595,275,320,2,83,98,152,123,137,0,26,48,72,58,71,2,57,50,80,65,66
2017,2,A,골목상권,2110855,신대방역 2번,873,462,411,1,95,202,228,220,127,0,29,134,107,114,78,1,66,68,121,106,49
2017,2,A,골목상권,2110854,조원동주민센터,111,60,51,0,6,27,35,33,10,0,2,16,21,16,5,0,4,11,14,17,5
2017,2,A,골목상권,2110853,KT구로지사,161,107,54,0,18,41,56,31,15,0,9,29,42,20,7,0,9,12,14,11,8
2017,2,A,골목상권,2110852,이수역 9번,219,125,94,0,23,59,61,43,33,0,13,33,32,22,25,0,10,26,29,21,8
2017,2,A,골목상권,2110851,경문고등학교(동작동성당),169,43,126,0,16,36,59,49,9,0,1,10,15,11,6,0,15,26,44,38,3
2017,2,A,골목상권,2110850,사당역 10번,911,492,419,0,121,208,293,162,127,0,56,118,171,69,78,0,65,90,122,93,49
2017,2,A,골목상권,2110849,이수역 10번,377,228,149,1,37,67,105,106,61,1,13,44,58,73,39,0,24,23,47,33,22
2017,2,A,골목상권,2110848,양지어린이공원,599,397,202,0,47,131,191,134,96,0,10,64,139,107,77,0,37,67,52,27,19
2017,2,A,골목상권,2110847,예술인마을,329,182,147,0,45,108,79,48,49,0,15,61,53,26,27,0,30,47,26,22,22
2017,2,A,골목상권,2110846,남성역 1번,564,325,239,0,44,109,143,147,121,0,7,45,75,92,106,0,37,64,68,55,15
2017,2,A,골목상권,2110845,사당종합체육관,33,22,11,0,3,3,9,10,8,0,2,3,7,4,6,0,1,0,2,6,2
2017,2,A,골목상권,2110844,흑석2치안센터,38,17,21,0,6,7,6,7,12,0,5,4,4,3,1,0,1,3,2,4,11
2017,2,A,골목상권,2110843,사당5동주민센터,304,222,82,3,84,65,61,50,41,2,64,41,43,39,33,1,20,24,18,11,8
2017,2,A,골목상권,2110842,흑리단길,73,35,38,1,11,14,22,19,6,0,5,9,11,4,6,1,6,5,11,15,0
2017,2,A,골목상권,2110841,중대부중,76,31,45,0,7,11,18,25,15,0,3,5,12,10,1,0,4,6,6,15,14
2017,2,A,골목상권,2110840,중앙대학교,257,134,123,0,68,58,61,41,29,0,34,42,28,16,14,0,34,16,33,25,15
2017,2,A,골목상권,2110839,숭실대입구역 4번,408,192,216,4,65,117,94,93,35,2,22,56,43,46,23,2,43,61,51,47,12
2017,2,A,골목상권,2110838,상도1동주민센터앞,75,26,49,0,12,25,22,8,8,0,3,12,8,1,2,0,9,13,14,7,6
2017,2,A,골목상권,2110837,숭실대입구역 1번,600,264,336,2,88,150,176,101,83,0,26,82,87,35,34,2,62,68,89,66,49
2017,2,A,골목상권,2110836,상도역 5번,950,462,488,2,157,231,240,197,123,2,55,126,123,91,65,0,102,105,117,106,58
2017,2,A,골목상권,2110835,상도역 1번,311,137,174,2,46,77,77,65,44,1,15,41,34,28,18,1,31,36,43,37,26
2017,2,A,골목상권,2110834,동작구자원봉사센터,113,48,65,0,10,20,42,28,13,0,3,7,20,11,7,0,7,13,22,17,6
2017,2,A,골목상권,2110833,상도역 2번,137,69,68,0,18,34,34,36,15,0,8,12,19,19,11,0,10,22,15,17,4
2017,2,A,골목상권,2110832,노량진초등학교,266,147,119,0,30,53,63,76,44,0,8,28,38,50,23,0,22,25,25,26,21
2017,2,A,골목상권,2110831,상도4동주민센터,115,57,58,0,14,18,42,27,14,0,9,5,20,12,11,0,5,13,22,15,3
2017,2,A,골목상권,2110830,상도초등학교,263,121,142,1,32,52,62,69,47,1,11,25,33,30,21,0,21,27,29,39,26
2017,2,A,골목상권,2110829,장승배기역 5번,702,474,228,1,225,146,109,104,117,0,190,99,60,51,74,1,35,47,49,53,43
2017,2,A,골목상권,2110828,노량진역 6번,2951,2054,897,6,435,1180,779,415,136,1,257,866,608,260,62,5,178,314,171,155,74
2017,2,A,골목상권,2110827,NH농협은행 상도동지점,516,174,342,4,87,108,133,101,83,1,21,40,50,31,31,3,66,68,83,70,52
2017,2,A,골목상권,2110826,장승배기역 4번,394,196,198,2,50,67,114,107,54,0,19,34,63,47,33,2,31,33,51,60,21
2017,2,A,골목상권,2110825,신대방삼거리역 1번,309,82,227,0,32,50,90,102,35,0,5,13,30,22,12,0,27,37,60,80,23
2017,2,A,골목상권,2110824,대방역 3번,411,149,262,0,52,137,117,80,25,0,16,59,32,28,14,0,36,78,85,52,11
2017,2,A,골목상권,2110823,신대방삼거리역 3번,325,112,213,4,42,61,68,96,54,4,12,33,24,19,20,0,30,28,44,77,34
2017,2,A,골목상권,2110822,신대방삼거리역 4번(대림초등학교),57,30,27,0,4,14,16,16,7,0,3,11,5,7,4,0,1,3,11,9,3
2017,2,A,골목상권,2110821,보라매역 2번,314,160,154,0,32,63,89,82,48,0,7,33,46,45,29,0,25,30,43,37,19
2017,2,A,골목상권,2110820,성남고등학교,469,289,180,0,49,106,94,123,97,0,27,50,61,79,72,0,22,56,33,44,25
2017,2,A,골목상권,2110819,신대방역 4번,578,324,254,0,50,95,132,137,164,0,13,38,75,85,113,0,37,57,57,52,51
2017,2,A,골목상권,2110818,신대방역 3번,1208,1104,104,8,247,428,352,141,32,8,228,410,320,108,30,0,19,18,32,33,2
2017,2,A,골목상권,2110817,대방역 4번,503,321,182,1,134,91,130,72,75,1,59,67,86,48,60,0,75,24,44,24,15
2017,2,A,골목상권,2110816,대방역 6번,1266,876,390,7,173,289,342,322,133,3,101,210,260,205,97,4,72,79,82,117,36
2017,2,A,골목상권,2110815,공군호텔,1669,669,1000,4,367,478,335,331,154,0,97,248,142,120,62,4,270,230,193,211,92
2017,2,A,골목상권,2110814,서울지방병무청,1820,1158,662,0,108,206,362,622,522,0,34,128,234,372,390,0,74,78,128,250,132
2017,2,A,골목상권,2110813,보라매역 6번,378,193,185,1,27,72,103,104,71,1,12,38,54,50,38,0,15,34,49,54,33
2017,2,A,골목상권,2110812,신길6동주민센터,340,200,140,1,63,100,85,54,37,0,24,66,68,15,27,1,39,34,17,39,10
2017,2,A,골목상권,2110811,보라매역 4번,334,199,135,0,18,46,68,61,141,0,7,19,34,35,104,0,11,27,34,26,37
2017,2,A,골목상권,2110810,영신초등학교,577,275,302,2,60,104,136,137,138,0,20,59,68,67,61,2,40,45,68,70,77
2017,2,A,골목상권,2110809,장훈고등학교,329,148,181,1,52,54,101,71,50,1,19,33,54,23,18,0,33,21,47,48,32
2017,2,A,골목상권,2110808,신길역 1번,65,44,21,0,11,20,13,15,6,0,4,15,10,11,4,0,7,5,3,4,2
2017,2,A,골목상권,2110807,신길역 3번,456,290,166,3,76,81,91,96,109,1,24,48,68,73,76,2,52,33,23,23,33
2017,2,A,골목상권,2110806,서울시립영등포장애인복지관,286,207,79,0,32,90,101,52,11,0,10,57,84,48,8,0,22,33,17,4,3
2017,2,A,골목상권,2110805,신길새마을금고신길4동지점,92,44,48,1,10,20,24,20,17,0,4,12,11,10,7,1,6,8,13,10,10
2017,2,A,골목상권,2110804,신풍역 1번,371,176,195,3,30,90,89,102,57,0,7,48,39,52,30,3,23,42,50,50,27
2017,2,A,골목상권,2110803,신길2동우편취급국,199,102,97,1,26,44,54,45,29,1,12,30,22,20,17,0,14,14,32,25,12
2017,2,A,골목상권,2110802,신길동홍어거리,389,210,179,0,40,133,122,62,32,0,5,60,75,43,27,0,35,73,47,19,5
2017,2,A,골목상권,2110801,신풍역 6번(신길6동공영주차장),14,10,4,0,6,0,4,4,0,0,6,0,1,3,0,0,0,0,3,1,0
2017,2,A,골목상권,2110800,영등포동성당,297,222,75,0,17,45,99,89,47,0,8,37,69,68,40,0,9,8,30,21,7
2017,2,A,골목상권,2110799,영등포본동주민센터,90,64,26,0,13,20,15,17,25,0,4,16,8,12,24,0,9,4,7,5,1
2017,2,A,골목상권,2110798,신풍역 2번,68,32,36,0,4,6,15,20,23,0,2,4,8,9,9,0,2,2,7,11,14
2017,2,A,골목상권,2110797,KT대방빌딩,116,50,66,2,26,26,31,17,14,0,12,11,13,9,5,2,14,15,18,8,9
2017,2,A,골목상권,2110796,한림대학교한강성심병원,154,110,44,2,8,26,33,42,43,2,4,24,21,26,33,0,4,2,12,16,10
2017,2,A,골목상권,2110795,도림초등학교,326,130,196,0,23,31,68,91,113,0,5,17,27,48,33,0,18,14,41,43,80
2017,2,A,골목상권,2110794,영동초등학교,2352,1624,728,1,321,579,624,472,355,0,180,386,441,329,288,1,141,193,183,143,67
2017,2,A,골목상권,2110793,대림썬프라자,36,27,9,0,2,4,9,13,8,0,2,3,6,8,8,0,0,1,3,5,0
2017,2,A,골목상권,2110792,영등포역 2번,501,299,202,0,50,98,161,121,71,0,25,55,91,78,50,0,25,43,70,43,21
2017,2,A,골목상권,2110791,신풍역 3번,40,19,21,0,2,17,9,9,3,0,0,8,3,5,3,0,2,9,6,4,0
2017,2,A,골목상권,2110790,대림1동주민센터,369,207,162,0,48,85,80,74,82,0,19,44,33,46,65,0,29,41,47,28,17
2017,2,A,골목상권,2110789,대림성모병원,665,222,443,1,146,146,168,138,66,1,19,60,65,45,32,0,127,86,103,93,34
2017,2,A,골목상권,2110788,영등포시장역 3번,55,30,25,0,3,6,14,25,7,0,2,6,8,9,5,0,1,0,6,16,2
2017,2,A,골목상권,2110787,신길3동주민센터,220,113,107,0,24,52,62,49,33,0,7,28,33,27,18,0,17,24,29,22,15
2017,2,A,골목상권,2110786,당산역 8번,207,119,88,1,28,43,48,44,43,1,12,27,29,25,25,0,16,16,19,19,18
2017,2,A,골목상권,2110785,영등포푸르지오아파트,263,131,132,2,18,48,70,82,43,1,11,23,41,30,25,1,7,25,29,52,18
2017,2,A,골목상권,2110784,신대림초등학교,130,37,93,0,4,12,20,51,43,0,2,5,7,16,7,0,2,7,13,35,36
2017,2,A,골목상권,2110783,영등포시장역 1번,801,314,487,0,85,253,171,124,168,0,26,80,70,60,78,0,59,173,101,64,90
2017,2,A,골목상권,2110782,영등포시장역 4번,193,117,76,0,35,39,63,39,17,0,10,26,39,28,14,0,25,13,24,11,3
2017,2,A,골목상권,2110781,대림한신아파트,164,101,63,0,8,23,45,52,36,0,4,14,31,31,21,0,4,9,14,21,15
2017,2,A,골목상권,2110780,신길대성유니드아파트,173,134,39,2,20,42,41,40,28,2,16,35,29,31,21,0,4,7,12,9,7
2017,2,A,골목상권,2110779,대림갑을명가아파트,47,19,28,0,2,7,19,9,10,0,0,4,5,3,7,0,2,3,14,6,3
2017,2,A,골목상권,2110778,구로디지털단지역 4번,1171,537,634,3,97,246,393,227,205,0,23,112,121,128,153,3,74,134,272,99,52
2017,2,A,골목상권,2110777,구로세무서,542,412,130,1,47,96,137,165,96,1,24,75,99,133,80,0,23,21,38,32,16
2017,2,A,골목상권,2110776,도신초등학교,404,260,144,3,42,99,121,94,45,0,26,58,80,63,33,3,16,41,41,31,12
2017,2,A,골목상권,2110775,대동초등학교,58,28,30,0,2,8,17,18,13,0,1,5,4,9,9,0,1,3,13,9,4
2017,2,A,골목상권,2110774,당산반도유보라팰리스아파트,611,391,220,4,84,183,167,111,62,0,40,126,107,74,44,4,44,57,60,37,18
2017,2,A,골목상권,2110773,당산역 13번,460,310,150,10,63,106,115,83,83,3,32,65,82,61,67,7,31,41,33,22,16
2017,2,A,골목상권,2110772,신우어린이공원,174,66,108,0,23,40,42,47,22,0,4,20,22,14,6,0,19,20,20,33,16
2017,2,A,골목상권,2110771,대림역 11번,39,11,28,0,7,10,9,12,1,0,1,3,1,6,0,0,6,7,8,6,1
2017,2,A,골목상권,2110770,영등포구청역 6번,522,308,214,2,72,95,129,106,118,2,35,47,72,62,90,0,37,48,57,44,28
2017,2,A,골목상권,2110769,대림차이나타운(대림역 12번),24,13,11,0,4,6,4,8,2,0,1,4,2,4,2,0,3,2,2,4,0
2017,2,A,골목상권,2110768,도림2동유수지내체육시설,493,293,200,0,57,120,113,64,139,0,19,74,70,38,92,0,38,46,43,26,47
2017,2,A,골목상권,2110767,도림동주민센터,94,42,52,0,21,25,24,14,10,0,6,13,10,6,7,0,15,12,14,8,3
2017,2,A,골목상권,2110766,대림역 5번,816,477,339,1,67,120,199,267,162,1,39,71,105,155,106,0,28,49,94,112,56
2017,2,A,골목상권,2110765,문래동사거리,1337,930,407,3,128,268,361,381,196,1,75,171,252,267,164,2,53,97,109,114,32
2017,2,A,골목상권,2110764,문래역 3번,793,364,429,1,53,77,99,147,416,0,18,33,57,64,192,1,35,44,42,83,224
2017,2,A,골목상권,2110763,영등포구청역 2번,1344,768,576,3,179,344,266,273,279,0,77,203,176,134,178,3,102,141,90,139,101
2017,2,A,골목상권,2110762,선유도역 1번,4351,2860,1491,17,605,1185,1135,870,539,9,260,772,805,599,415,8,345,413,330,271,124
2017,2,A,골목상권,2110761,문래동남성맨션,345,256,89,3,54,82,76,80,50,3,34,59,54,62,44,0,20,23,22,18,6
2017,2,A,골목상권,2110760,선유도역 6번,13291,8488,4803,26,2066,4724,4248,1855,372,15,1004,3053,2876,1260,280,11,1062,1671,1372,595,92
2017,2,A,골목상권,2110759,문래예술촌(문래창작촌),5315,3491,1824,13,751,1206,1356,1264,725,6,397,798,938,861,491,7,354,408,418,403,234
2017,2,A,골목상권,2110758,문래소공원,570,423,147,1,25,97,170,107,170,1,16,78,133,71,124,0,9,19,37,36,46
2017,2,A,골목상권,2110757,양평역 2번,2445,1385,1060,3,275,530,654,556,427,3,113,344,350,307,268,0,162,186,304,249,159
2017,2,A,골목상권,2110756,문래중학교,354,239,115,1,39,89,112,56,57,0,23,61,79,33,43,1,16,28,33,23,14
2017,2,A,골목상권,2110755,동일여자고등학교,299,120,179,1,27,58,86,80,47,0,10,25,34,27,24,1,17,33,52,53,23
2017,2,A,골목상권,2110754,삼성산자연공원(서울금천초등학교),329,103,226,0,26,43,93,102,65,0,5,14,30,30,24,0,21,29,63,72,41
2017,2,A,골목상권,2110753,시흥동 은행나무사거리,1245,802,443,2,72,110,319,478,264,0,17,59,210,327,189,2,55,51,109,151,75
2017,2,A,골목상권,2110752,한울중학교,355,139,216,0,25,65,131,99,35,0,9,28,40,41,21,0,16,37,91,58,14
2017,2,A,골목상권,2110751,난곡중학교,245,128,117,0,18,29,75,79,44,0,5,16,37,41,29,0,13,13,38,38,15
2017,2,A,골목상권,2110750,시흥4동주민센터(서울신흥초등학교),214,63,151,0,23,40,68,56,27,0,6,12,17,14,14,0,17,28,51,42,13
2017,2,A,골목상권,2110749,금산초등학교(금천고등학교),459,254,205,1,43,84,126,78,127,0,25,44,55,35,95,1,18,40,71,43,32
2017,2,A,골목상권,2110748,백산초등학교,195,102,93,0,32,36,53,43,31,0,12,16,30,24,20,0,20,20,23,19,11
2017,2,A,골목상권,2110747,석수역 1번 출입구,999,687,312,4,63,158,293,319,162,1,36,97,179,239,135,3,27,61,114,80,27
2017,2,A,골목상권,2110746,금천금빛공원(은행나무사거리서측),81,51,30,1,4,12,30,22,12,1,2,8,20,10,10,0,2,4,10,12,2
2017,2,A,골목상권,2110745,독산동정훈단지,440,243,197,0,51,50,90,123,126,0,15,21,43,80,84,0,36,29,47,43,42
2017,2,A,골목상권,2110744,독산동성당,386,146,240,0,35,53,104,122,72,0,7,19,40,47,33,0,28,34,64,75,39
2017,2,A,골목상권,2110743,시흥초등학교(시흥1동우체국),297,87,210,1,26,39,72,100,59,1,8,16,26,25,11,0,18,23,46,75,48
2017,2,A,골목상권,2110742,KT금천빌딩(금천구시설관리공단),616,356,260,5,64,150,167,153,77,2,35,101,108,68,42,3,29,49,59,85,35
2017,2,A,골목상권,2110741,독산2동주민센터,251,59,192,0,21,39,67,74,50,0,1,8,16,17,17,0,20,31,51,57,33
2017,2,A,골목상권,2110740,금천해태공원,1085,308,777,0,121,128,171,207,458,0,26,42,67,55,118,0,95,86,104,152,340
2017,2,A,골목상권,2110739,시흥3동 우편취급국,1830,779,1051,1,189,386,734,481,39,0,80,222,302,145,30,1,109,164,432,336,9
2017,2,A,골목상권,2110738,문성초등학교,281,117,164,1,25,36,84,103,32,0,10,14,34,40,19,1,15,22,50,63,13
2017,2,A,골목상권,2110737,금천세무서,582,341,241,3,68,107,127,157,120,0,21,49,65,98,108,3,47,58,62,59,12
2017,2,A,골목상권,2110736,독산119안전센터,445,224,221,0,58,68,116,121,82,0,20,37,47,56,64,0,38,31,69,65,18
2017,2,A,골목상권,2110735,말미고개,479,281,198,0,52,102,122,124,79,0,25,60,73,76,47,0,27,42,49,48,32
2017,2,A,골목상권,2110734,금천파출소,106,58,48,0,5,16,16,42,27,0,2,9,11,21,15,0,3,7,5,21,12
2017,2,A,골목상권,2110733,금천어울림복지센터,613,403,210,4,106,128,148,164,63,3,76,98,83,86,57,1,30,30,65,78,6
2017,2,A,골목상권,2110732,가산초등학교(세일중학교),941,576,365,1,122,212,285,210,111,0,45,124,197,139,71,1,77,88,88,71,40
2017,2,A,골목상권,2110731,금천구청역 1번 출입구,2084,1140,944,16,677,852,326,108,105,12,370,470,150,63,75,4,307,382,176,45,30
2017,2,A,골목상권,2110730,서울축산농협 독산역지점(독산파출소),1105,612,493,1,100,173,257,358,216,1,46,100,126,201,138,0,54,73,131,157,78
2017,2,A,골목상권,2110729,가산동우체국,271,169,102,0,31,59,56,87,38,0,16,43,38,46,26,0,15,16,18,41,12
2017,2,A,골목상권,2110728,두산초등학교,813,454,359,2,105,201,238,199,68,2,55,140,110,101,46,0,50,61,128,98,22
2017,2,A,골목상권,2110727,독산역 1번 출입구,876,594,282,1,99,190,245,251,90,1,75,133,149,167,69,0,24,57,96,84,21
2017,2,A,골목상권,2110726,금천철쭉어린이공원(금하마을),94,44,50,0,6,15,27,30,16,0,2,8,15,12,7,0,4,7,12,18,9
2017,2,A,골목상권,2110725,가산동주민센터,287,175,112,2,39,65,74,61,46,2,21,45,45,36,26,0,18,20,29,25,20
2017,2,A,골목상권,2110724,금천구립가산도서관,460,319,141,2,40,110,159,106,43,2,36,89,110,53,29,0,4,21,49,53,14
2017,2,A,골목상권,2110723,가산디지털단지역 1번 출입구,342,274,68,4,12,33,72,145,76,2,7,18,53,126,68,2,5,15,19,19,8
2017,2,A,골목상권,2110722,G타워,1107,791,316,8,234,399,292,107,67,6,163,285,218,71,48,2,71,114,74,36,19
2017,2,A,골목상권,2110721,가리봉파출소,592,243,349,0,104,104,121,134,129,0,49,59,44,29,62,0,55,45,77,105,67
2017,2,A,골목상권,2110720,대림역 2번,285,122,163,1,30,60,91,61,42,0,10,21,34,27,30,1,20,39,57,34,12
2017,2,A,골목상권,2110719,영서중학교,63,19,44,0,13,14,18,9,9,0,1,6,4,2,6,0,12,8,14,7,3
2017,2,A,골목상권,2110718,한국SGI본부,2497,1405,1092,4,746,775,519,336,117,0,237,497,389,205,77,4,509,278,130,131,40
2017,2,A,골목상권,2110717,남구로역 2번,769,264,505,1,74,115,171,193,215,0,13,49,58,53,91,1,61,66,113,140,124
2017,2,A,골목상권,2110716,구로나눔길,802,483,319,1,146,273,227,105,50,0,53,165,157,68,40,1,93,108,70,37,10
2017,2,A,골목상권,2110715,구로구민회관,160,75,85,0,16,28,39,43,34,0,2,18,24,20,11,0,14,10,15,23,23
2017,2,A,골목상권,2110714,구로4동주민센터,407,137,270,0,73,82,103,89,60,0,15,20,31,35,36,0,58,62,72,54,24
2017,2,A,골목상권,2110713,구로보건소,2759,1652,1107,7,269,488,732,784,479,3,115,280,432,505,317,4,154,208,300,279,162
2017,2,A,골목상권,2110712,남구로역 5번,299,105,194,0,40,54,77,71,57,0,9,23,30,29,14,0,31,31,47,42,43
2017,2,A,골목상권,2110711,구로초등학교,537,207,330,0,38,81,119,175,124,0,18,30,56,58,45,0,20,51,63,117,79
2017,2,A,골목상권,2110710,남구로역 3번,419,179,240,0,78,73,96,125,47,0,23,32,34,60,30,0,55,41,62,65,17
2017,2,A,골목상권,2110709,구로119안전센터,221,101,120,0,25,27,55,80,34,0,18,16,28,27,12,0,7,11,27,53,22
2017,2,A,골목상권,2110708,화원어린이공원,163,73,90,3,33,31,37,43,16,1,10,14,17,19,12,2,23,17,20,24,4
2017,2,A,골목상권,2110707,구로창업지원센터,1515,1136,379,11,126,267,411,474,226,11,92,206,303,349,175,0,34,61,108,125,51
2017,2,A,골목상권,2110706,그라운드 고척,618,173,445,2,136,125,157,137,61,1,26,39,58,31,18,1,110,86,99,106,43
2017,2,A,골목상권,2110705,고산초등학교,58,34,24,0,7,9,12,14,16,0,5,6,9,6,8,0,2,3,3,8,8
2017,2,A,골목상권,2110704,고척중학교,93,48,45,2,12,23,23,19,14,0,7,11,9,14,7,2,5,12,14,5,7
2017,2,A,골목상권,2110703,개봉역,751,490,261,3,87,159,187,189,126,0,43,104,123,123,97,3,44,55,64,66,29
2017,2,A,골목상권,2110702,개봉초등학교,3228,1852,1376,1,27,45,106,363,2686,1,17,28,53,176,1577,0,10,17,53,187,1109
2017,2,A,골목상권,2110701,고척동성당,352,207,145,0,55,76,98,84,39,0,22,57,54,47,27,0,33,19,44,37,12
2017,2,A,골목상권,2110700,고척초등학교,724,462,262,1,42,129,163,227,162,0,17,74,95,157,119,1,25,55,68,70,43
2017,2,A,골목상권,2110699,덕의초등학교,155,80,75,0,14,34,48,37,22,0,5,17,20,21,17,0,9,17,28,16,5
2017,2,A,골목상권,2110698,개웅초등학교(개웅중학교),158,73,85,0,22,34,41,43,18,0,8,14,16,22,13,0,14,20,25,21,5
2017,2,A,골목상권,2110697,개봉3동주민센터,95,58,37,0,7,16,26,25,21,0,4,10,13,16,15,0,3,6,13,9,6
2017,2,A,골목상권,2110696,오류동역 1번,150,66,84,0,24,39,42,31,14,0,7,19,16,13,11,0,17,20,26,18,3
2017,2,A,골목상권,2110695,개봉1동주민센터,397,136,261,0,28,64,114,115,76,0,7,29,43,31,26,0,21,35,71,84,50
2017,2,A,골목상권,2110694,세곡초등학교,305,164,141,2,26,51,106,90,30,2,9,28,56,49,20,0,17,23,50,41,10
2017,2,A,골목상권,2110693,오류동역 4번,51,28,23,0,5,14,8,12,12,0,1,7,4,8,8,0,4,7,4,4,4
2017,2,A,골목상권,2110692,큰굴다리,172,114,58,0,18,19,52,58,25,0,13,14,33,35,19,0,5,5,19,23,6
2017,2,A,골목상권,2110691,개봉중학교,196,89,107,0,11,37,57,60,31,0,4,20,28,24,13,0,7,17,29,36,18
2017,2,A,골목상권,2110690,오류2동버들시장,867,329,538,0,100,205,223,210,129,0,18,87,86,65,73,0,82,118,137,145,56
2017,2,A,골목상권,2110689,오류동역 3번,251,116,135,1,47,60,61,54,28,0,11,36,24,26,19,1,36,24,37,28,9
2017,2,A,골목상권,2110688,오류지구대,116,58,58,0,7,17,40,30,22,0,2,5,21,15,15,0,5,12,19,15,7
2017,2,A,골목상권,2110687,"천왕역 3번(오류2동주민센터, 서울오류남초등학교)",112,67,45,0,11,37,20,37,7,0,7,25,12,20,3,0,4,12,8,17,4
2017,2,A,골목상권,2110686,수궁동주민센터,375,215,160,0,43,93,128,66,45,0,18,48,75,43,31,0,25,45,53,23,14
2017,2,A,골목상권,2110685,금강수목원아파트,96,71,25,0,7,22,31,22,14,0,4,18,23,13,13,0,3,4,8,9,1
2017,2,A,골목상권,2110684,서울공연예술고등학교,174,78,96,0,34,44,46,31,19,0,10,17,27,13,11,0,24,27,19,18,8
2017,2,A,골목상권,2110683,오류고등학교,125,57,68,0,10,23,34,42,16,0,2,12,18,14,11,0,8,11,16,28,5
2017,2,A,골목상권,2110682,온수역 8번,326,247,79,1,54,73,56,69,73,0,26,48,43,59,71,1,28,25,13,10,2
2017,2,A,골목상권,2110681,온수역 1번,361,236,125,0,33,91,93,96,48,0,20,61,63,59,33,0,13,30,30,37,15
2017,2,A,골목상권,2110680,온수역 5번(온수산업단지),1333,1057,276,5,122,238,302,382,284,4,86,178,224,303,262,1,36,60,78,79,22
2017,2,A,골목상권,2110679,염창역 2번,1455,1028,427,1,229,533,409,205,78,0,124,375,326,145,58,1,105,158,83,60,20
2017,2,A,골목상권,2110678,염창무학아파트,290,190,100,1,26,70,79,80,34,1,15,43,49,56,26,0,11,27,30,24,8
2017,2,A,골목상권,2110677,등촌역 1번,485,394,91,5,41,87,128,123,101,5,30,71,91,102,95,0,11,16,37,21,6
2017,2,A,골목상권,2110676,등촌역 7번,176,76,100,0,16,42,48,44,26,0,8,21,20,18,9,0,8,21,28,26,17
2017,2,A,골목상권,2110675,화곡4동주민센터,179,101,78,0,31,50,30,43,25,0,14,27,21,24,15,0,17,23,9,19,10
2017,2,A,골목상권,2110674,강서구청가양동별관,442,254,188,0,57,130,90,102,63,0,23,88,59,49,35,0,34,42,31,53,28
2017,2,A,골목상권,2110673,뜸부기어린이공원,650,385,265,2,89,173,177,152,57,2,42,120,99,85,37,0,47,53,78,67,20
2017,2,A,골목상권,2110672,백석중학교,76,32,44,0,8,11,26,22,9,0,3,3,7,13,6,0,5,8,19,9,3
2017,2,A,골목상권,2110671,등촌1동주민센터,5445,3435,2010,10,1106,1571,1299,940,519,5,393,1057,1000,650,330,5,713,514,299,290,189
2017,2,A,골목상권,2110670,신곡초등학교,249,92,157,0,23,48,68,65,45,0,3,20,22,29,18,0,20,28,46,36,27
2017,2,A,골목상권,2110669,화곡보람2차아파트,134,92,42,0,18,31,39,35,11,0,10,21,32,22,7,0,8,10,7,13,4
2017,2,A,골목상권,2110668,화곡2동주민센터,450,243,207,0,43,95,138,103,71,0,15,49,62,53,64,0,28,46,76,50,7
2017,2,A,골목상권,2110667,가양역 10번,327,157,170,2,37,66,119,81,22,0,12,26,59,44,16,2,25,40,60,37,6
2017,2,A,골목상권,2110666,KC대학교,237,80,157,0,21,50,74,73,19,0,8,14,30,19,9,0,13,36,44,54,10
2017,2,A,골목상권,2110665,곰달래도서관,1273,573,700,2,175,318,308,317,153,0,100,184,138,99,52,2,75,134,170,218,101
2017,2,A,골목상권,2110664,강서구청옆,130,73,57,0,11,32,28,41,18,0,6,20,16,19,12,0,5,12,12,22,6
2017,2,A,골목상권,2110663,우장산롯데캐슬아파트앞,321,155,166,2,57,78,81,74,29,0,14,41,36,42,22,2,43,37,45,32,7
2017,2,A,골목상권,2110662,까치산역 1번,262,100,162,0,24,46,108,55,29,0,3,20,42,18,17,0,21,26,66,37,12
2017,2,A,골목상권,2110661,강서새말어린이공원,430,287,143,0,35,87,113,125,70,0,18,58,83,76,52,0,17,29,30,49,18
2017,2,A,골목상권,2110660,등촌3동주민센터,7984,4081,3903,30,1180,1400,1578,2382,1414,26,714,931,888,867,655,4,466,469,690,1515,759
2017,2,A,골목상권,2110659,화곡역 4번,604,215,389,1,70,149,183,116,85,1,19,50,63,47,35,0,51,99,120,69,50
2017,2,A,골목상권,2110658,화곡초등학교,189,94,95,0,8,46,51,51,33,0,3,32,23,15,21,0,5,14,28,36,12
2017,2,A,골목상권,2110657,양천향교역 5번,6326,2921,3405,22,1589,1283,1154,1632,646,19,523,772,668,574,365,3,1066,511,486,1058,281
2017,2,A,골목상권,2110656,까치산역 3번,612,337,275,2,57,124,150,161,118,1,30,79,88,70,69,1,27,45,62,91,49
2017,2,A,골목상권,2110655,발산역 5번,1178,662,516,45,292,274,273,188,106,20,126,174,173,117,52,25,166,100,100,71,54
2017,2,A,골목상권,2110654,까치산역 4번,763,368,395,2,78,191,200,188,104,0,27,88,99,87,67,2,51,103,101,101,37
2017,2,A,골목상권,2110653,화곡역 2번,238,96,142,0,14,44,53,68,59,0,4,27,21,21,23,0,10,17,32,47,36
2017,2,A,골목상권,2110652,양천향교역 2번,1319,947,372,1,116,303,373,356,170,0,44,204,286,268,145,1,72,99,87,88,25
2017,2,A,골목상권,2110651,화원중학교,487,225,262,0,32,92,134,126,103,0,10,58,61,51,45,0,22,34,73,75,58
2017,2,A,골목상권,2110650,우장산힐스테이트,206,147,59,0,12,46,59,43,46,0,8,33,43,27,36,0,4,13,16,16,10
2017,2,A,골목상권,2110649,우장산역 1번,306,128,178,0,47,78,81,72,28,0,10,33,40,30,15,0,37,45,41,42,13
2017,2,A,골목상권,2110648,양천향교역 7번,449,222,227,0,69,171,119,64,26,0,19,78,72,33,20,0,50,93,47,31,6
2017,2,A,골목상권,2110647,화곡역 5번,890,460,430,1,111,195,250,219,114,1,53,104,127,109,66,0,58,91,123,110,48
2017,2,A,골목상권,2110646,푸른들청소년도서관,656,325,331,1,72,109,157,181,136,0,26,53,80,90,76,1,46,56,77,91,60
2017,2,A,골목상권,2110645,우장산역 4번,1101,324,777,1,213,294,276,204,113,1,36,74,91,73,49,0,177,220,185,131,64
2017,2,A,골목상권,2110644,신광명마을,557,487,70,1,23,68,120,196,149,1,17,54,98,178,139,0,6,14,22,18,10
2017,2,A,골목상권,2110643,강서구다솔마을,798,499,299,2,86,214,298,133,65,1,42,137,194,87,38,1,44,77,104,46,27
2017,2,A,골목상권,2110642,정곡초등학교,172,155,17,0,3,12,40,59,58,0,0,12,36,53,54,0,3,0,4,6,4
2017,2,A,골목상권,2110641,공항고등학교,392,249,143,1,45,98,118,87,43,0,21,72,78,51,27,1,24,26,40,36,16
2017,2,A,골목상권,2110640,방화역 1번,967,543,424,3,98,232,242,225,167,2,30,87,135,154,135,1,68,145,107,71,32
2017,2,A,골목상권,2110639,신방화역 8번,278,87,191,1,68,81,60,39,29,0,3,18,27,16,23,1,65,63,33,23,6
2017,2,A,골목상권,2110638,신방화역 2번,915,467,448,1,77,229,214,221,173,1,31,138,123,90,84,0,46,91,91,131,89
2017,2,A,골목상권,2110637,송정역 2번,484,335,149,1,45,96,123,109,110,1,21,57,88,83,85,0,24,39,35,26,25
2017,2,A,골목상권,2110636,방화역 2번,347,133,214,1,47,96,89,75,39,1,10,48,37,23,14,0,37,48,52,52,25
2017,2,A,골목상권,2110635,공항시장역 3번,380,265,115,4,25,92,111,93,55,0,13,64,85,63,40,4,12,28,26,30,15
2017,2,A,골목상권,2110634,송정역 3번,901,558,343,1,99,218,265,219,99,0,37,148,174,125,74,1,62,70,91,94,25
2017,2,A,골목상권,2110633,개화산역 1번,101,49,52,0,12,20,34,22,13,0,7,9,16,11,6,0,5,11,18,11,7
2017,2,A,골목상권,2110632,방화역 3번,742,347,395,2,121,174,187,163,95,2,45,98,97,61,44,0,76,76,90,102,51
2017,2,A,골목상권,2110631,방화초등학교,344,194,150,0,22,77,89,99,57,0,11,46,42,59,36,0,11,31,47,40,21
2017,2,A,골목상권,2110630,공항시장역 1번,1589,1166,423,3,81,197,328,579,401,2,35,108,220,470,331,1,46,89,108,109,70
2017,2,A,골목상권,2110629,송정역 4번,309,146,163,2,49,81,89,57,31,0,17,35,51,26,17,2,32,46,38,31,14
2017,2,A,골목상권,2110628,신목동역,306,210,96,0,43,118,68,47,30,0,23,81,51,30,25,0,20,37,17,17,5
2017,2,A,골목상권,2110627,신정롯데캐슬아파트,462,248,214,0,68,78,140,98,78,0,26,43,74,55,50,0,42,35,66,43,28
2017,2,A,골목상권,2110626,양화초등학교,344,208,136,0,41,95,115,63,30,0,21,57,73,37,20,0,20,38,42,26,10
2017,2,A,골목상권,2110625,신정2동주민센터,470,211,259,0,50,103,148,107,62,0,11,48,71,42,39,0,39,55,77,65,23
2017,2,A,골목상권,2110624,목동문화체육센터,122,46,76,1,28,32,26,24,11,0,8,13,8,12,5,1,20,19,18,12,6
2017,2,A,골목상권,2110623,갈산공원,254,188,66,3,48,65,53,49,36,1,35,59,38,32,23,2,13,6,15,17,13
2017,2,A,골목상권,2110622,달마을공원,247,113,134,0,32,49,57,76,33,0,8,30,18,36,21,0,24,19,39,40,12
2017,2,A,골목상권,2110621,목동역 5번,239,131,108,2,55,61,45,49,27,2,20,38,23,30,18,0,35,23,22,19,9
2017,2,A,골목상권,2110620,목동보건지소,706,295,411,1,57,131,151,152,214,0,15,64,51,52,113,1,42,67,100,100,101
2017,2,A,골목상권,2110619,목4동주민센터,98,44,54,0,11,9,28,33,17,0,6,4,15,13,6,0,5,5,13,20,11
2017,2,A,골목상권,2110618,강서고등학교,160,69,91,0,16,31,24,54,35,0,7,17,8,22,15,0,9,14,16,32,20
2017,2,A,골목상권,2110617,등촌역 4번,120,37,83,2,11,21,26,43,17,0,3,5,14,9,6,2,8,16,12,34,11
2017,2,A,골목상권,2110616,양목초등학교,316,257,59,0,8,16,29,30,233,0,1,8,20,15,213,0,7,8,9,15,20
2017,2,A,골목상권,2110615,신서초등학교,201,114,87,1,37,48,48,51,16,0,17,34,30,26,7,1,20,14,18,25,9
2017,2,A,골목상권,2110614,목동로데오거리,586,291,295,1,60,108,147,159,111,1,35,75,79,55,46,0,25,33,68,104,65
2017,2,A,골목상권,2110613,신정네거리역 4번,45,17,28,0,1,6,12,16,10,0,0,3,5,5,4,0,1,3,7,11,6
2017,2,A,골목상권,2110612,신정역 5번,451,151,300,0,42,69,93,147,100,0,8,35,39,45,24,0,34,34,54,102,76
2017,2,A,골목상권,2110611,신정역 1번,372,166,206,0,32,53,116,93,78,0,10,28,56,37,35,0,22,25,60,56,43
2017,2,A,골목상권,2110610,계남근린공원,63,20,43,0,5,6,12,22,18,0,2,5,4,5,4,0,3,1,8,17,14
2017,2,A,골목상권,2110609,신정네거리역 2번,41,21,20,0,0,5,12,13,11,0,0,3,5,8,5,0,0,2,7,5,6
2017,2,A,골목상권,2110608,신월2동주민센터,610,384,226,0,43,82,182,181,122,0,14,40,92,133,105,0,29,42,90,48,17
2017,2,A,골목상권,2110607,금빛새마을금고본점,136,70,66,0,10,31,37,39,19,0,4,15,15,22,14,0,6,16,22,17,5
2017,2,A,골목상권,2110606,신한은행 신월동지점,602,257,345,6,75,108,147,155,111,2,25,41,71,54,64,4,50,67,76,101,47
2017,2,A,골목상권,2110605,목동센트럴아이파크앞,247,116,131,0,18,38,61,68,62,0,6,16,19,33,42,0,12,22,42,35,20
2017,2,A,골목상권,2110604,신월4동주민센터,608,402,206,1,32,70,132,209,164,0,7,33,76,154,132,1,25,37,56,55,32
2017,2,A,골목상권,2110603,지향초등학교,784,559,225,0,61,72,80,72,499,0,11,27,26,26,469,0,50,45,54,46,30
2017,2,A,골목상권,2110602,신월시영아파트중문,943,765,178,1,17,68,158,364,335,0,10,48,97,298,312,1,7,20,61,66,23
2017,2,A,골목상권,2110601,신월1동우편취급국,1234,827,407,6,80,172,316,427,233,6,33,102,211,310,165,0,47,70,105,117,68
2017,2,A,골목상권,2110600,신월7동주민센터,558,365,193,1,28,75,128,170,156,1,15,43,73,106,127,0,13,32,55,64,29
2017,2,A,골목상권,2110599,신월1파출소,309,167,142,0,17,51,106,100,35,0,5,29,57,54,22,0,12,22,49,46,13
2017,2,A,골목상권,2110598,신월문화체육센터,470,147,323,0,55,72,139,142,62,0,21,28,35,38,25,0,34,44,104,104,37
2017,2,A,골목상권,2110597,신월1동주민센터,601,320,281,0,47,122,169,166,97,0,17,60,82,94,67,0,30,62,87,72,30
2017,2,A,골목상권,2110596,서서울호수공원,386,189,197,0,25,70,95,129,67,0,17,44,45,50,33,0,8,26,50,79,34
2017,2,A,골목상권,2110595,메디힐병원,1586,1140,446,0,86,135,220,277,868,0,23,55,100,153,809,0,63,80,120,124,59
2017,2,A,골목상권,2110594,신월중학교,315,127,188,0,45,72,97,78,23,0,11,24,28,46,18,0,34,48,69,32,5
2017,2,A,골목상권,2110593,신월3동주민센터,468,198,270,1,47,88,145,124,63,1,17,51,66,37,26,0,30,37,79,87,37
2017,2,A,골목상권,2110592,서울금융고등학교,853,672,181,3,31,86,167,321,245,3,13,57,110,261,228,0,18,29,57,60,17
2017,2,A,골목상권,2110591,충정로역 6번,178,82,96,0,23,33,48,43,31,0,10,14,23,20,15,0,13,19,25,23,16
2017,2,A,골목상권,2110590,만리재,107,32,75,0,18,33,25,20,11,0,1,11,5,9,6,0,17,22,20,11,5
2017,2,A,골목상권,2110589,애오개역 3번,112,45,67,0,14,27,37,24,10,0,1,4,22,11,7,0,13,23,15,13,3
2017,2,A,골목상권,2110588,한겨레신문사,825,552,273,12,94,204,272,215,28,7,50,96,190,189,20,5,44,108,82,26,8
2017,2,A,골목상권,2110587,공덕동주민센터,485,270,215,1,53,101,136,126,68,0,20,60,88,73,29,1,33,41,48,53,39
2017,2,A,골목상권,2110586,서울서부지방법원,3052,1302,1750,14,854,781,667,388,348,6,289,396,275,177,159,8,565,385,392,211,189
2017,2,A,골목상권,2110585,마포경찰서,894,750,144,0,154,353,190,172,25,0,118,293,168,150,21,0,36,60,22,22,4
2017,2,A,골목상권,2110584,아현역 4번,135,61,74,1,16,32,41,30,15,0,6,14,18,13,10,1,10,18,23,17,5
2017,2,A,골목상권,2110583,공덕래미안3차아파트,88,43,45,0,12,19,33,16,8,0,5,6,18,7,7,0,7,13,15,9,1
2017,2,A,골목상권,2110582,이대역 5번,193,94,99,1,27,62,63,20,20,1,5,34,32,13,9,0,22,28,31,7,11
2017,2,A,골목상권,2110581,염리초등학교,233,110,123,1,80,77,35,29,11,1,27,33,21,18,10,0,53,44,14,11,1
2017,2,A,골목상권,2110580,양원초등학교,161,50,111,0,34,37,32,13,45,0,9,14,15,3,9,0,25,23,17,10,36
2017,2,A,골목상권,2110579,마포역 4번,543,272,271,0,129,191,131,66,26,0,34,87,89,45,17,0,95,104,42,21,9
2017,2,A,골목상권,2110578,대흥역 2번,1997,1140,857,4,164,313,368,636,512,1,70,185,222,330,332,3,94,128,146,306,180
2017,2,A,골목상권,2110577,용강동주민센터,415,213,202,0,94,176,82,39,24,0,30,94,55,19,15,0,64,82,27,20,9
2017,2,A,골목상권,2110576,대흥역 3번,1445,1025,420,74,370,416,350,164,71,37,218,330,273,119,48,37,152,86,77,45,23
2017,2,A,골목상권,2110575,대흥동주민센터,295,70,225,0,45,58,39,72,81,0,13,22,14,7,14,0,32,36,25,65,67
2017,2,A,골목상권,2110574,서강대학교,315,156,159,2,40,87,86,70,30,0,11,38,50,38,19,2,29,49,36,32,11
2017,2,A,골목상권,2110573,신촌역 6번,122,67,55,0,18,36,27,28,13,0,6,18,20,13,10,0,12,18,7,15,3
2017,2,A,골목상권,2110572,서강대역 1번,959,446,513,4,190,258,235,192,80,1,52,132,113,93,55,3,138,126,122,99,25
2017,2,A,골목상권,2110571,신수동주민센터,792,420,372,1,100,257,243,127,64,0,42,159,139,47,33,1,58,98,104,80,31
2017,2,A,골목상권,2110570,KB국민은행 서강지점,347,211,136,0,57,106,108,61,15,0,21,59,78,42,11,0,36,47,30,19,4
2017,2,A,골목상권,2110569,홍대땡땡거리,819,415,404,4,176,276,170,107,86,1,68,141,106,55,44,3,108,135,64,52,42
2017,2,A,골목상권,2110568,광흥창역 1번,106,47,59,1,14,19,24,22,26,0,7,9,11,5,15,1,7,10,13,17,11
2017,2,A,골목상권,2110567,광흥창역 6번,410,128,282,3,164,119,73,29,22,1,13,28,45,24,17,2,151,91,28,5,5
2017,2,A,골목상권,2110566,경의선책거리,1986,1146,840,9,491,700,460,217,109,1,190,407,308,168,72,8,301,293,152,49,37
2017,2,A,골목상권,2110565,홍익대,289,139,150,1,86,89,58,35,20,0,24,53,31,17,14,1,62,36,27,18,6
2017,2,A,골목상권,2110564,홍대입구역 3번,932,478,454,2,205,334,265,97,29,1,82,174,175,31,15,1,123,160,90,66,14
2017,2,A,골목상권,2110563,상수역 3번,717,427,290,5,156,212,116,133,95,3,86,160,83,52,43,2,70,52,33,81,52
2017,2,A,골목상권,2110562,연트럴파크(연남동주민센터),510,274,236,0,102,161,139,66,42,0,40,91,89,37,17,0,62,70,50,29,25
2017,2,A,골목상권,2110561,상수역 4번,378,222,156,1,78,127,94,51,27,0,34,75,61,36,16,1,44,52,33,15,11
2017,2,A,골목상권,2110560,마포FM,433,248,185,1,76,128,125,73,30,0,27,72,79,47,23,1,49,56,46,26,7
2017,2,A,골목상권,2110559,성산중학교,1242,713,529,11,291,349,306,176,109,10,114,206,194,113,76,1,177,143,112,63,33
2017,2,A,골목상권,2110558,경성고등학교,4642,3458,1184,12,393,636,599,651,2351,8,148,363,387,452,2100,4,245,273,212,199,251
2017,2,A,골목상권,2110557,홍대부속여중고앞,1324,687,637,4,180,316,383,296,145,2,67,189,215,119,95,2,113,127,168,177,50
2017,2,A,골목상권,2110556,절두산순교성지,121,74,47,0,18,22,37,29,15,0,9,15,22,19,9,0,9,7,15,10,6
2017,2,A,골목상권,2110555,홍익지구대,750,385,365,3,118,183,151,150,145,1,48,111,94,63,68,2,70,72,57,87,77
2017,2,A,골목상권,2110554,망원역 1번,1679,894,785,6,367,537,376,224,169,1,150,272,248,131,92,5,217,265,128,93,77
2017,2,A,골목상권,2110553,가좌역 2번,971,823,148,0,36,80,110,109,636,0,16,46,67,79,615,0,20,34,43,30,21
2017,2,A,골목상권,2110552,성미산체육관,918,576,342,2,120,259,269,182,86,0,48,162,181,121,64,2,72,97,88,61,22
2017,2,A,골목상권,2110551,성서초등학교,766,417,349,4,98,206,256,159,43,2,35,114,131,105,30,2,63,92,125,54,13
2017,2,A,골목상권,2110550,합정역 8번,1563,936,627,1,267,503,429,229,134,0,105,282,297,155,97,1,162,221,132,74,37
2017,2,A,골목상권,2110549,새터산,328,139,189,0,40,64,95,85,44,0,7,36,42,33,21,0,33,28,53,52,23
2017,2,A,골목상권,2110548,마포구청역 4번,1579,1071,508,7,250,325,387,307,303,7,107,205,292,217,243,0,143,120,95,90,60
2017,2,A,골목상권,2110547,KB국민은행 망원동지점,550,306,244,0,59,145,168,104,74,0,18,90,118,51,29,0,41,55,50,53,45
2017,2,A,골목상권,2110546,양화대교북단,692,387,305,3,260,244,109,53,23,1,118,145,76,33,14,2,142,99,33,20,9
2017,2,A,골목상권,2110545,마포구청역 1번,2779,907,1872,6,104,211,392,1048,1018,6,46,131,251,235,238,0,58,80,141,813,780
2017,2,A,골목상권,2110544,망리단길,1300,689,611,12,229,359,355,221,124,10,100,218,186,102,73,2,129,141,169,119,51
2017,2,A,골목상권,2110543,중암중학교,10,7,3,0,0,1,7,2,0,0,0,0,5,2,0,0,0,1,2,0,0
2017,2,A,골목상권,2110542,마포구청역 7번,965,534,431,1,155,273,259,173,104,0,60,157,154,96,67,1,95,116,105,77,37
2017,2,A,골목상권,2110541,동교초등학교,499,322,177,7,43,90,149,124,86,6,28,56,92,74,66,1,15,34,57,50,20
2017,2,A,골목상권,2110540,망원나들목체육관,142,85,57,0,10,22,41,37,32,0,4,16,27,18,20,0,6,6,14,19,12
2017,2,A,골목상권,2110539,미근동,5061,3226,1835,17,701,1430,1751,1005,157,14,343,967,1162,630,110,3,358,463,589,375,47
2017,2,A,골목상권,2110538,충정로역 3번,594,349,245,0,54,138,113,133,156,0,26,93,71,73,86,0,28,45,42,60,70
2017,2,A,골목상권,2110537,충정로현대아파트,1047,607,440,2,124,294,268,209,150,1,35,144,179,141,107,1,89,150,89,68,43
2017,2,A,골목상권,2110536,돈의문센트레빌아파트입구,95,59,36,0,11,22,34,12,16,0,4,12,21,10,12,0,7,10,13,2,4
2017,2,A,골목상권,2110535,영천시장입구,273,77,196,0,42,59,53,90,29,0,8,15,20,23,11,0,34,44,33,67,18
2017,2,A,골목상권,2110534,경기대학교,108,38,70,0,12,16,24,30,26,0,6,9,9,9,5,0,6,7,15,21,21
2017,2,A,골목상권,2110533,충정로역 7번,51,27,24,0,2,10,11,18,10,0,0,7,5,8,7,0,2,3,6,10,3
2017,2,A,골목상권,2110532,아현역 2번,439,94,345,1,42,44,91,152,109,0,7,7,24,28,28,1,35,37,67,124,81
2017,2,A,골목상권,2110531,홍지문,122,34,88,1,20,25,19,40,17,1,11,11,5,1,5,0,9,14,14,39,12
2017,2,A,골목상권,2110530,아현역 1번,31,7,24,0,0,4,4,10,13,0,0,3,0,3,1,0,0,1,4,7,12
2017,2,A,골목상권,2110529,홍제3동주민센터,228,90,138,0,31,29,57,64,47,0,8,11,25,25,21,0,23,18,32,39,26
2017,2,A,골목상권,2110528,서울여자간호대학교,327,213,114,1,23,40,63,50,150,1,12,21,32,29,118,0,11,19,31,21,32
2017,2,A,골목상권,2110527,홍제역 2번,129,60,69,0,21,36,30,21,21,0,8,19,15,11,7,0,13,17,15,10,14
2017,2,A,골목상권,2110526,봉원사,174,76,98,1,53,54,30,21,15,1,14,27,17,10,7,0,39,27,13,11,8
2017,2,A,골목상권,2110525,홍은종합사회복지관,128,56,72,0,19,25,28,21,35,0,5,9,5,13,24,0,14,16,23,8,11
2017,2,A,골목상권,2110524,연희세브란스병원,245,101,144,0,53,62,66,49,15,0,18,20,37,21,5,0,35,42,29,28,10
2017,2,A,골목상권,2110523,홍제성원아파트,8,6,2,0,0,2,4,1,1,0,0,0,4,1,1,0,0,2,0,0,0
2017,2,A,골목상권,2110522,홍제역 3번,63,27,36,0,13,25,14,7,4,0,3,10,7,4,3,0,10,15,7,3,1
2017,2,A,골목상권,2110521,홍제역 4번,100,37,63,0,7,12,30,36,15,0,1,5,8,12,11,0,6,7,22,24,4
2017,2,A,골목상권,2110520,경의중앙 신촌역,181,106,75,1,28,27,49,40,36,0,14,21,30,22,19,1,14,6,19,18,17
2017,2,A,골목상권,2110519,서대문구보건소별관,408,188,220,0,50,103,103,109,43,0,11,48,49,48,32,0,39,55,54,61,11
2017,2,A,골목상권,2110518,서대문구청,234,69,165,0,34,79,71,34,16,0,8,22,21,11,7,0,26,57,50,23,9
2017,2,A,골목상권,2110517,서대문소방서,476,343,133,1,66,144,111,120,34,0,35,104,83,96,25,1,31,40,28,24,9
2017,2,A,골목상권,2110516,정원여중,46,17,29,1,2,12,10,10,11,0,1,6,5,3,2,1,1,6,5,7,9
2017,2,A,골목상권,2110515,홍은중학교,143,103,40,0,13,41,52,22,15,0,8,35,36,14,10,0,5,6,16,8,5
2017,2,A,골목상권,2110514,서대문우체국,131,70,61,0,28,37,37,23,6,0,19,23,13,10,5,0,9,14,24,13,1
2017,2,A,골목상권,2110513,연희파출소,538,291,247,7,122,147,110,84,68,4,67,88,56,35,41,3,55,59,54,49,27
2017,2,A,골목상권,2110512,연희지하차도,312,105,207,0,36,49,72,85,70,0,7,23,29,26,20,0,29,26,43,59,50
2017,2,A,골목상권,2110511,연희초등학교,373,129,244,1,94,70,80,82,46,0,22,23,29,30,25,1,72,47,51,52,21
2017,2,A,골목상권,2110510,홍연시장,141,91,50,0,9,32,50,36,14,0,7,21,33,23,7,0,2,11,17,13,7
2017,2,A,골목상권,2110509,연희대우아파트앞,1492,506,986,7,167,346,496,355,121,1,59,140,131,91,84,6,108,206,365,264,37
2017,2,A,골목상권,2110508,서연중학교,311,149,162,2,70,111,57,42,29,0,26,61,31,16,15,2,44,50,26,26,14
2017,2,A,골목상권,2110507,명지대학교,428,191,237,3,71,95,95,102,62,2,31,44,41,47,26,1,40,51,54,55,36
2017,2,A,골목상권,2110506,연희임광아파트,136,89,47,0,13,16,42,35,30,0,9,9,29,22,20,0,4,7,13,13,10
2017,2,A,골목상권,2110505,홍남교남측,42,24,18,0,6,10,10,10,6,0,4,2,5,8,5,0,2,8,5,2,1
2017,2,A,골목상권,2110504,명지전문대,19,10,9,0,0,3,8,8,0,0,0,0,5,5,0,0,0,3,3,3,0
2017,2,A,골목상권,2110503,명지대학교교회,500,349,151,3,42,73,115,151,116,2,21,39,66,120,101,1,21,34,49,31,15
2017,2,A,골목상권,2110502,남가좌파출소,311,146,165,0,39,68,92,74,38,0,7,30,53,33,23,0,32,38,39,41,15
2017,2,A,골목상권,2110501,연희어린이공원,157,91,66,1,25,38,45,30,18,1,11,24,27,16,12,0,14,14,18,14,6
2017,2,A,골목상권,2110500,남가좌동현대아파트,56,27,29,0,5,8,16,11,16,0,2,2,5,8,10,0,3,6,11,3,6
2017,2,A,골목상권,2110499,연가초등학교,176,71,105,0,39,31,47,37,22,0,12,13,17,17,12,0,27,18,30,20,10
2017,2,A,골목상권,2110498,증산역 1번,229,121,108,0,19,47,62,70,31,0,10,23,35,36,17,0,9,24,27,34,14
2017,2,A,골목상권,2110497,가좌역 3번,352,278,74,0,22,42,112,128,48,0,7,18,95,118,40,0,15,24,17,10,8
2017,2,A,골목상권,2110496,모래내우체국,381,175,206,0,42,89,112,77,61,0,4,37,61,38,35,0,38,52,51,39,26
2017,2,A,골목상권,2110495,북가좌2동주민센터,540,341,199,1,33,80,140,188,98,0,16,48,90,122,65,1,17,32,50,66,33
2017,2,A,골목상권,2110494,증산3교남측,53,39,14,0,6,13,16,13,5,0,4,10,11,9,5,0,2,3,5,4,0
2017,2,A,골목상권,2110493,북가좌초등학교,152,118,34,0,7,39,49,36,21,0,3,30,36,29,20,0,4,9,13,7,1
2017,2,A,골목상권,2110492,하나고등학교,255,44,211,3,16,11,13,128,84,1,7,7,3,14,12,2,9,4,10,114,72
2017,2,A,골목상권,2110491,불광중학교,64,22,42,0,4,12,28,15,5,0,2,5,10,3,2,0,2,7,18,12,3
2017,2,A,골목상권,2110490,녹번동근린공원,283,118,165,3,26,41,80,89,44,3,8,20,33,34,20,0,18,21,47,55,24
2017,2,A,골목상권,2110489,불광역 3번,68,38,30,0,5,10,25,22,6,0,2,6,14,12,4,0,3,4,11,10,2
2017,2,A,골목상권,2110488,우리은행응암동지점,536,245,291,1,45,71,84,142,193,0,10,22,29,64,120,1,35,49,55,78,73
2017,2,A,골목상권,2110487,불광역 8번,163,88,75,0,21,55,44,27,16,0,8,31,26,14,9,0,13,24,18,13,7
2017,2,A,골목상권,2110486,은평구청,657,331,326,1,60,122,197,173,104,1,24,58,102,87,59,0,36,64,95,86,45
2017,2,A,골목상권,2110485,연신내우체국,138,47,91,1,21,37,25,35,19,1,3,12,14,12,5,0,18,25,11,23,14
2017,2,A,골목상권,2110484,역촌역 3번,334,136,198,1,46,71,91,79,46,0,12,34,39,28,23,1,34,37,52,51,23
2017,2,A,골목상권,2110483,연천초등학교,48,23,25,0,6,12,14,13,3,0,2,6,6,7,2,0,4,6,8,6,1
2017,2,A,골목상권,2110482,연신초등학교,73,14,59,0,3,20,22,18,10,0,0,7,3,2,2,0,3,13,19,16,8
2017,2,A,골목상권,2110481,불광역 7번,431,159,272,0,64,76,105,88,98,0,30,25,38,24,42,0,34,51,67,64,56
2017,2,A,골목상권,2110480,연신내역 3번,84,24,60,0,14,18,23,17,12,0,2,5,7,6,4,0,12,13,16,11,8
2017,2,A,골목상권,2110479,연신내역 2번,449,192,257,0,45,59,138,111,96,0,12,33,66,41,40,0,33,26,72,70,56
2017,2,A,골목상권,2110478,응암1동주민센터,394,165,229,0,54,71,117,91,61,0,18,35,50,35,27,0,36,36,67,56,34
2017,2,A,골목상권,2110477,은평세무서,948,449,499,3,102,196,273,216,158,2,28,86,147,102,84,1,74,110,126,114,74
2017,2,A,골목상권,2110476,역촌역 2번,67,27,40,0,5,13,24,15,10,0,2,4,12,4,5,0,3,9,12,11,5
2017,2,A,골목상권,2110475,백련산해모로아파트,317,151,166,2,26,79,102,75,33,1,16,48,46,22,18,1,10,31,56,53,15
2017,2,A,골목상권,2110474,세명컴퓨터고등학교,184,94,90,0,22,51,53,34,24,0,11,24,27,19,13,0,11,27,26,15,11
2017,2,A,골목상권,2110473,구산역 1번,390,203,187,0,35,66,114,97,78,0,12,30,62,45,54,0,23,36,52,52,24
2017,2,A,골목상권,2110472,연신내역 4번,430,204,226,1,53,100,92,95,89,1,20,55,42,42,44,0,33,45,50,53,45
2017,2,A,골목상권,2110471,응암동우체국,328,118,210,0,31,67,100,86,44,0,4,19,38,33,24,0,27,48,62,53,20
2017,2,A,골목상권,2110470,신진과학기술고등학교,128,72,56,0,9,28,43,29,19,0,5,13,27,17,10,0,4,15,16,12,9
2017,2,A,골목상권,2110469,응암정보도서관,548,276,272,1,66,122,161,125,73,1,20,61,85,65,44,0,46,61,76,60,29
2017,2,A,골목상권,2110468,응암역 3번,759,392,367,3,81,168,204,193,110,0,34,92,110,100,56,3,47,76,94,93,54
2017,2,A,골목상권,2110467,은평요양병원,241,130,111,1,30,49,65,56,40,0,13,31,26,34,26,1,17,18,39,22,14
2017,2,A,골목상권,2110466,구산역 2번,154,96,58,0,15,38,42,38,21,0,10,24,23,24,15,0,5,14,19,14,6
2017,2,A,골목상권,2110465,연신내역 7번,292,158,134,3,45,66,82,59,37,3,24,40,32,32,27,0,21,26,50,27,10
2017,2,A,골목상권,2110464,연신내역 5번,468,257,211,0,45,65,108,107,143,0,18,34,63,47,95,0,27,31,45,60,48
2017,2,A,골목상권,2110463,응암3동주민센터,246,102,144,0,59,63,52,38,34,0,22,37,17,11,15,0,37,26,35,27,19
2017,2,A,골목상권,2110462,갈현건영아파트,186,91,95,0,21,33,56,53,23,0,10,10,28,32,11,0,11,23,28,21,12
2017,2,A,골목상권,2110461,새절역 2번,66,28,38,1,3,10,17,20,15,1,3,8,8,5,3,0,0,2,9,15,12
2017,2,A,골목상권,2110460,구산역 4번,691,272,419,3,98,146,188,164,92,1,21,66,79,70,35,2,77,80,109,94,57
2017,2,A,골목상권,2110459,응암역 2번,380,185,195,2,41,69,120,88,60,2,10,39,52,45,37,0,31,30,68,43,23
2017,2,A,골목상권,2110458,선일여고,251,102,149,1,37,59,74,48,32,0,16,21,31,18,16,1,21,38,43,30,16
2017,2,A,골목상권,2110457,예일여고,315,170,145,0,25,67,92,69,62,0,14,40,60,27,29,0,11,27,32,42,33
2017,2,A,골목상권,2110456,구산보건지소,403,160,243,0,25,85,127,119,47,0,8,35,49,41,27,0,17,50,78,78,20
2017,2,A,골목상권,2110455,역촌노인복지관,395,165,230,1,39,73,110,107,65,1,15,35,47,35,32,0,24,38,63,72,33
2017,2,A,골목상권,2110454,선정중학교,115,28,87,0,12,12,39,24,28,0,4,5,9,5,5,0,8,7,30,19,23
2017,2,A,골목상권,2110453,신사1동주민센터,695,343,352,1,93,147,189,157,108,0,41,93,97,67,45,1,52,54,92,90,63
2017,2,A,골목상권,2110452,새절역 3번,714,371,343,0,15,52,113,192,342,0,10,27,63,120,151,0,5,25,50,72,191
2017,2,A,골목상권,2110451,증산역 4번,379,215,164,3,51,78,112,82,53,2,20,56,67,39,31,1,31,22,45,43,22
2017,2,A,골목상권,2110450,시립서북병원,1193,378,815,2,183,280,284,258,186,1,54,101,97,74,51,1,129,179,187,184,135
2017,2,A,골목상권,2110449,증산역 3번,760,410,350,6,97,132,166,195,164,1,31,46,87,132,113,5,66,86,79,63,51
2017,2,A,골목상권,2110448,상신초등학교입구,63,30,33,0,4,9,25,12,13,0,2,2,7,7,12,0,2,7,18,5,1
2017,2,A,골목상권,2110447,구산초등학교,33,10,23,0,1,3,11,4,14,0,1,3,3,0,3,0,0,0,8,4,11
2017,2,A,골목상권,2110446,내를건너서숲으로도서관,217,138,79,0,17,15,52,71,62,0,3,3,30,45,57,0,14,12,22,26,5
2017,2,A,골목상권,2110445,덕산중학교,31,22,9,0,3,6,14,5,3,0,2,5,10,2,3,0,1,1,4,3,0
2017,2,A,골목상권,2110444,수색성당,415,373,42,0,5,29,75,134,172,0,3,18,57,128,167,0,2,11,18,6,5
2017,2,A,골목상권,2110443,수색역 1번,40,18,22,0,6,9,12,7,6,0,1,2,5,5,5,0,5,7,7,2,1
2017,2,A,골목상권,2110442,화랑대철도공원,162,67,95,0,11,22,23,70,36,0,8,19,10,19,11,0,3,3,13,51,25
2017,2,A,골목상권,2110441,영신여고,227,71,156,0,24,35,56,54,58,0,8,13,17,15,18,0,16,22,39,39,40
2017,2,A,골목상권,2110440,상계3동4동주민센터,82,39,43,0,13,16,21,26,6,0,3,10,11,12,3,0,10,6,10,14,3
2017,2,A,골목상권,2110439,당고개역 5번,28,12,16,0,4,1,10,11,2,0,1,0,6,3,2,0,3,1,4,8,0
2017,2,A,골목상권,2110438,경춘선숲길 우측,384,152,232,0,42,83,124,84,51,0,16,40,44,31,21,0,26,43,80,53,30
2017,2,A,골목상권,2110437,당고개역 2번,408,158,250,0,40,63,82,114,109,0,15,32,33,26,52,0,25,31,49,88,57
2017,2,A,골목상권,2110436,상계제일중학교,194,64,130,0,20,38,55,62,19,0,4,13,16,23,8,0,16,25,39,39,11
2017,2,A,골목상권,2110435,서울과학기술대,87,45,42,3,23,16,20,15,10,1,8,12,12,6,6,2,15,4,8,9,4
2017,2,A,골목상권,2110434,태릉입구역 4번,163,96,67,0,17,30,47,43,26,0,8,14,30,23,21,0,9,16,17,20,5
2017,2,A,골목상권,2110433,공릉역 2번,298,136,162,0,22,36,60,91,89,0,9,25,32,31,39,0,13,11,28,60,50
2017,2,A,골목상권,2110432,대진고등학교,275,133,142,3,26,42,76,81,47,1,19,24,35,32,22,2,7,18,41,49,25
2017,2,A,골목상권,2110431,상계역,323,126,197,2,34,76,102,75,34,1,10,29,50,27,9,1,24,47,52,48,25
2017,2,A,골목상권,2110430,중계초등학교,236,109,127,1,36,41,51,49,58,0,15,16,22,21,35,1,21,25,29,28,23
2017,2,A,골목상권,2110429,공릉동 국수거리,3069,1287,1782,6,331,538,724,827,643,4,124,329,338,307,185,2,207,209,386,520,458
2017,2,A,골목상권,2110428,상계5동주민센터,739,347,392,1,58,97,204,210,169,0,24,54,96,86,87,1,34,43,108,124,82
2017,2,A,골목상권,2110427,노원 을지대학교병원,191,132,59,0,4,24,55,67,41,0,0,18,30,49,35,0,4,6,25,18,6
2017,2,A,골목상권,2110426,상계2동주민센터,508,184,324,7,53,99,135,127,87,6,14,39,51,38,36,1,39,60,84,89,51
2017,2,A,골목상권,2110425,계상초등학교,322,138,184,0,34,68,67,105,48,0,9,39,24,47,19,0,25,29,43,58,29
2017,2,A,골목상권,2110424,상계초등학교,518,172,346,1,42,81,133,165,96,1,13,40,48,43,27,0,29,41,85,122,69
2017,2,A,골목상권,2110423,석계역 2번,473,227,246,0,52,82,102,130,107,0,22,49,54,64,38,0,30,33,48,66,69
2017,2,A,골목상권,2110422,노원역 9번,123,47,76,1,12,14,26,42,28,0,5,6,11,11,14,1,7,8,15,31,14
2017,2,A,골목상권,2110421,석계역 1번,372,125,247,2,64,64,106,92,44,0,16,25,32,32,20,2,48,39,74,60,24
2017,2,A,골목상권,2110420,광운대역 1번,247,136,111,0,37,59,70,40,41,0,10,40,44,22,20,0,27,19,26,18,21
2017,2,A,골목상권,2110419,수락산디자인거리,1533,991,542,1,80,213,350,310,579,1,39,119,220,181,431,0,41,94,130,129,148
2017,2,A,골목상권,2110418,광운대학교 남단,133,91,42,3,11,23,38,38,20,3,5,20,22,27,14,0,6,3,16,11,6
2017,2,A,골목상권,2110417,월계역 3번,50,29,21,0,10,12,16,9,3,0,5,8,10,3,3,0,5,4,6,6,0
2017,2,A,골목상권,2110416,노원초등학교,547,277,270,1,61,97,161,159,68,0,33,58,74,80,32,1,28,39,87,79,36
2017,2,A,골목상권,2110415,수락산역 4번,1631,903,728,4,191,316,382,350,388,2,79,207,230,213,172,2,112,109,152,137,216
2017,2,A,골목상권,2110414,장석교회,293,240,53,0,12,27,46,115,93,0,2,17,38,100,83,0,10,10,8,15,10
2017,2,A,골목상권,2110413,누원고등학교,411,125,286,0,26,55,81,156,93,0,9,35,31,32,18,0,17,20,50,124,75
2017,2,A,골목상권,2110412,창동중학교,45,33,12,0,8,15,6,8,8,0,8,12,5,3,5,0,0,3,1,5,3
2017,2,A,골목상권,2110411,도봉역 3번,650,480,170,1,40,87,131,202,189,1,10,43,91,161,174,0,30,44,40,41,15
2017,2,A,골목상권,2110410,방학역 2번,1367,873,494,10,153,178,268,396,362,9,50,87,163,269,295,1,103,91,105,127,67
2017,2,A,골목상권,2110409,창동역 2번,425,216,209,0,57,101,136,94,37,0,23,45,70,53,25,0,34,56,66,41,12
2017,2,A,골목상권,2110408,가인초등학교,625,260,365,3,105,163,169,126,59,0,24,71,76,53,36,3,81,92,93,73,23
2017,2,A,골목상권,2110407,도봉역 2번,736,439,297,3,68,112,159,211,183,1,27,63,93,134,121,2,41,49,66,77,62
2017,2,A,골목상권,2110406,도봉산역 1번,769,610,159,0,28,61,198,300,182,0,16,41,167,252,134,0,12,20,31,48,48
2017,2,A,골목상권,2110405,방학역 1번,440,191,249,5,43,75,134,113,70,4,15,40,47,52,33,1,28,35,87,61,37
2017,2,A,골목상권,2110404,신창초등학교,589,251,338,1,59,96,176,161,96,1,13,46,79,69,43,0,46,50,97,92,53
2017,2,A,골목상권,2110403,방학1동주민센터,418,156,262,0,50,70,106,112,80,0,14,33,45,33,31,0,36,37,61,79,49
2017,2,A,골목상권,2110402,도봉구 정병원,501,215,286,2,38,56,124,142,139,0,20,29,63,58,45,2,18,27,61,84,94
2017,2,A,골목상권,2110401,도봉구민회관,375,120,255,0,55,56,62,136,66,0,18,19,27,38,18,0,37,37,35,98,48
2017,2,A,골목상권,2110400,도봉구보건소,930,457,473,1,111,169,211,243,195,1,33,88,91,133,111,0,78,81,120,110,84
2017,2,A,골목상권,2110399,창2동주민센터,752,325,427,10,75,118,230,236,83,4,21,72,88,98,42,6,54,46,142,138,41
2017,2,A,골목상권,2110398,쌍문2동우체국,1390,766,624,4,75,160,220,256,675,2,38,103,131,149,343,2,37,57,89,107,332
2017,2,A,골목상권,2110397,도봉산입구,641,334,307,1,50,73,169,204,144,1,14,39,73,111,96,0,36,34,96,93,48
2017,2,A,골목상권,2110396,쌍문역1번(쌍리단길),486,176,310,4,91,84,141,110,56,0,11,34,65,42,24,4,80,50,76,68,32
2017,2,A,골목상권,2110395,신한은행 방학동지점,222,76,146,0,25,44,50,52,51,0,2,21,20,15,18,0,23,23,30,37,33
2017,2,A,골목상권,2110394,방학중학교,227,96,131,1,25,37,55,78,31,1,9,24,16,30,16,0,16,13,39,48,15
2017,2,A,골목상권,2110393,국민은행방학지점,145,42,103,0,18,27,44,35,21,0,1,13,13,9,6,0,17,14,31,26,15
2017,2,A,골목상권,2110392,발바닥공원,112,32,80,0,13,19,21,28,31,0,3,8,6,7,8,0,10,11,15,21,23
2017,2,A,골목상권,2110391,샘말어린이공원,250,122,128,0,27,65,70,62,26,0,13,38,37,20,14,0,14,27,33,42,12
2017,2,A,골목상권,2110390,방학초등학교,345,142,203,0,18,57,98,82,90,0,1,26,44,32,39,0,17,31,54,50,51
2017,2,A,골목상권,2110389,한일병원,153,92,61,0,14,29,36,57,17,0,7,17,23,31,14,0,7,12,13,26,3
2017,2,A,골목상권,2110388,도봉우체국,47,25,22,1,6,8,16,6,10,0,5,6,7,1,6,1,1,2,9,5,4
2017,2,A,골목상권,2110387,쌍문초등학교,337,182,155,0,39,70,84,74,70,0,13,47,41,38,43,0,26,23,43,36,27
2017,2,A,골목상권,2110386,연산군묘,159,136,23,0,2,6,23,60,68,0,1,3,19,48,65,0,1,3,4,12,3
2017,2,A,골목상권,2110385,효문고등학교,13,9,4,0,0,1,5,5,2,0,0,1,3,4,1,0,0,0,2,1,1
2017,2,A,골목상권,2110384,문이교,24,12,12,0,1,3,5,12,3,0,1,3,0,7,1,0,0,0,5,5,2
2017,2,A,골목상권,2110383,덕성여대시반거리,168,66,102,1,22,22,47,49,27,0,10,15,16,16,9,1,12,7,31,33,18
2017,2,A,골목상권,2110382,솔밭공원역 1번,438,227,211,0,56,59,76,138,109,0,12,26,35,68,86,0,44,33,41,70,23
2017,2,A,골목상권,2110381,번동주공2단지,279,137,142,3,73,50,77,54,22,2,34,29,41,21,10,1,39,21,36,33,12
2017,2,A,골목상권,2110380,강북문화정보도서관,38,8,30,0,13,4,10,9,2,0,1,1,1,4,1,0,12,3,9,5,1
2017,2,A,골목상권,2110379,KT&G 북부지사,59,24,35,0,6,13,19,13,8,0,4,4,10,4,2,0,2,9,9,9,6
2017,2,A,골목상권,2110378,송중동주민센터,117,57,60,1,18,33,40,19,6,0,7,15,21,11,3,1,11,18,19,8,3
2017,2,A,골목상권,2110377,미아사거리역 3번,64,37,27,0,5,13,21,16,9,0,4,8,13,8,4,0,1,5,8,8,5
2017,2,A,골목상권,2110376,수송초등학교,478,223,255,1,67,105,129,114,62,0,24,61,51,53,34,1,43,44,78,61,28
2017,2,A,골목상권,2110375,서울북부고용노동지청,369,209,160,1,72,55,99,85,57,1,60,38,46,37,27,0,12,17,53,48,30
2017,2,A,골목상권,2110374,송중초등학교,653,243,410,0,59,121,176,180,117,0,20,52,65,55,51,0,39,69,111,125,66
2017,2,A,골목상권,2110373,수유역 2번,934,729,205,0,84,269,226,257,98,0,56,227,180,200,66,0,28,42,46,57,32
2017,2,A,골목상권,2110372,강북중학교,134,76,58,0,12,21,33,36,32,0,3,12,19,22,20,0,9,9,14,14,12
2017,2,A,골목상권,2110371,삼양입구사거리,133,49,84,1,4,16,42,50,20,1,2,3,18,15,10,0,2,13,24,35,10
2017,2,A,골목상권,2110370,도봉세무서,641,454,187,1,32,113,161,171,163,1,11,64,94,142,142,0,21,49,67,29,21
2017,2,A,골목상권,2110369,성신여대운정그린캠퍼스,711,325,386,2,97,129,148,173,162,1,40,61,67,64,92,1,57,68,81,109,70
2017,2,A,골목상권,2110368,송천초등학교,106,61,45,1,9,18,25,29,24,1,5,12,14,10,19,0,4,6,11,19,5
2017,2,A,골목상권,2110367,강북구청,1997,1085,912,1,121,523,529,587,236,1,41,230,266,414,133,0,80,293,263,173,103
2017,2,A,골목상권,2110366,광산사거리,186,118,68,1,9,33,49,60,34,0,6,21,26,38,27,1,3,12,23,22,7
2017,2,A,골목상권,2110365,미아역 5번,82,35,47,0,6,19,24,27,6,0,1,9,10,10,5,0,5,10,14,17,1
2017,2,A,골목상권,2110364,미아역 8번,169,79,90,0,13,19,65,50,22,0,5,9,27,22,16,0,8,10,38,28,6
2017,2,A,골목상권,2110363,송천동주민센터,35,24,11,0,9,9,6,4,7,0,7,5,5,1,6,0,2,4,1,3,1
2017,2,A,골목상권,2110362,우이천 계성교,246,115,131,0,44,46,63,63,30,0,11,30,36,25,13,0,33,16,27,38,17
2017,2,A,골목상권,2110361,삼양사거리역 1번,259,94,165,2,26,45,49,75,62,2,13,21,14,23,21,0,13,24,35,52,41
2017,2,A,골목상권,2110360,수유초등학교,502,348,154,1,49,86,99,136,131,0,15,62,62,93,116,1,34,24,37,43,15
2017,2,A,골목상권,2110359,수유시장옆,174,76,98,0,13,47,47,38,29,0,4,24,29,12,7,0,9,23,18,26,22
2017,2,A,골목상권,2110358,인수동 우편취급국,744,436,308,1,37,81,133,243,249,1,12,50,65,122,186,0,25,31,68,121,63
2017,2,A,골목상권,2110357,가오리역 1번,264,104,160,0,26,39,62,70,67,0,6,16,23,32,27,0,20,23,39,38,40
2017,2,A,골목상권,2110356,덕수교,233,84,149,2,20,37,54,75,45,0,5,19,21,18,21,2,15,18,33,57,24
2017,2,A,골목상권,2110355,삼양사거리역 2번,271,177,94,0,30,31,48,86,76,0,7,14,24,67,65,0,23,17,24,19,11
2017,2,A,골목상권,2110354,삼각산119안전센터,48,17,31,0,7,16,17,8,0,0,2,7,4,4,0,0,5,9,13,4,0
2017,2,A,골목상권,2110353,수유동우체국,221,104,117,0,23,38,50,65,45,0,13,22,28,31,10,0,10,16,22,34,35
2017,2,A,골목상권,2110352,수유1동주민센터,524,185,339,1,68,102,146,128,79,0,28,46,46,42,23,1,40,56,100,86,56
2017,2,A,골목상권,2110351,수유북부시장옆,91,26,65,0,4,21,22,33,11,0,0,10,5,8,3,0,4,11,17,25,8
2017,2,A,골목상권,2110350,가오리역 2번,103,59,44,0,11,19,32,27,14,0,8,7,21,13,10,0,3,12,11,14,4
2017,2,A,골목상권,2110349,화계역 2번,18,8,10,0,4,6,6,2,0,0,1,4,3,0,0,0,3,2,3,2,0
2017,2,A,골목상권,2110348,강북문화예술회관,585,212,373,0,63,95,152,165,110,0,19,38,69,44,42,0,44,57,83,121,68
2017,2,A,골목상권,2110347,구세군강북종합사회복지관,42,18,24,0,9,12,12,3,6,0,2,7,4,2,3,0,7,5,8,1,3
2017,2,A,골목상권,2110346,4.19민주묘지역 2번,110,68,42,0,19,21,31,23,16,0,7,14,18,16,13,0,12,7,13,7,3
2017,2,A,골목상권,2110345,솔밭공원역 2번,178,69,109,0,30,44,46,46,12,0,5,19,21,14,10,0,25,25,25,32,2
2017,2,A,골목상권,2110344,화계중학교,532,522,10,0,6,45,195,238,48,0,3,43,193,236,47,0,3,2,2,2,1
2017,2,A,골목상권,2110343,무너미어린이공원,101,55,46,1,15,13,35,27,10,1,5,10,20,12,7,0,10,3,15,15,3
2017,2,A,골목상권,2110342,국립재활원,49,28,21,1,1,10,18,16,3,1,1,6,9,9,2,0,0,4,9,7,1
2017,2,A,골목상권,2110341,북한산우이역 2번,434,391,43,1,8,16,72,245,92,0,5,11,57,232,86,1,3,5,15,13,6
2017,2,A,골목상권,2110340,인수중학교,142,52,90,1,14,12,53,30,32,1,3,5,14,9,20,0,11,7,39,21,12
2017,2,A,골목상권,2110339,국립4.19민주묘지,301,225,76,0,16,33,84,116,52,0,6,16,64,97,42,0,10,17,20,19,10
2017,2,A,골목상권,2110338,인수초등학교,10,9,1,0,1,3,5,0,1,0,1,2,5,0,1,0,0,1,0,0,0
2017,2,A,골목상권,2110337,아카데미하우스,570,285,285,1,58,59,85,145,222,1,34,35,37,69,109,0,24,24,48,76,113
2017,2,A,골목상권,2110336,석관고등학교,344,275,69,0,9,48,95,124,68,0,6,34,85,100,50,0,3,14,10,24,18
2017,2,A,골목상권,2110335,석계역 7번,590,371,219,1,64,113,158,159,95,1,21,61,92,118,78,0,43,52,66,41,17
2017,2,A,골목상권,2110334,석관중앙교회,242,117,125,0,20,70,59,64,29,0,4,33,31,34,15,0,16,37,28,30,14
2017,2,A,골목상권,2110333,돌곶이역 5번,1145,819,326,0,48,101,117,121,758,0,22,67,73,62,595,0,26,34,44,59,163
2017,2,A,골목상권,2110332,돌곶이역 3번,191,88,103,0,18,36,52,47,38,0,3,19,20,21,25,0,15,17,32,26,13
2017,2,A,골목상권,2110331,돌곶이역 8번,492,209,283,3,81,139,127,89,53,1,26,57,56,39,30,2,55,82,71,50,23
2017,2,A,골목상권,2110330,돌곶이역 1번,494,277,217,1,26,57,120,112,178,0,10,33,55,39,140,1,16,24,65,73,38
2017,2,A,골목상권,2110329,우리은행체육관,138,56,82,0,14,20,53,35,16,0,2,7,26,14,7,0,12,13,27,21,9
2017,2,A,골목상권,2110328,상월곡역 3번,528,305,223,0,88,154,156,82,48,0,34,87,106,47,31,0,54,67,50,35,17
2017,2,A,골목상권,2110327,상월곡역 2번,243,129,114,0,19,46,71,64,43,0,6,23,36,33,31,0,13,23,35,31,12
2017,2,A,골목상권,2110326,장위동성당,46,19,27,0,5,2,18,14,7,0,3,0,8,5,3,0,2,2,10,9,4
2017,2,A,골목상권,2110325,장곡초등학교,94,36,58,0,7,19,38,24,6,0,0,10,16,7,3,0,7,9,22,17,3
2017,2,A,골목상권,2110324,월곡역 4번,165,52,113,0,48,28,37,26,26,0,19,15,6,8,4,0,29,13,31,18,22
2017,2,A,골목상권,2110323,상월곡역 1번,218,97,121,0,17,50,70,48,33,0,5,22,34,21,15,0,12,28,36,27,18
2017,2,A,골목상권,2110322,장위1동주민센터,193,65,128,1,13,23,53,79,24,0,4,4,21,26,10,1,9,19,32,53,14
2017,2,A,골목상권,2110321,동덕여대,41,24,17,0,3,16,14,6,2,0,2,13,6,2,1,0,1,3,8,4,1
2017,2,A,골목상권,2110320,KB국민은행 종암동지점,130,71,59,0,10,11,34,51,24,0,6,5,17,24,19,0,4,6,17,27,5
2017,2,A,골목상권,2110319,종암동주민센터,307,141,166,4,53,70,63,72,45,0,20,31,31,36,23,4,33,39,32,36,22
2017,2,A,골목상권,2110318,KT월곡지사,343,195,148,0,42,66,87,94,54,0,19,44,63,42,27,0,23,22,24,52,27
2017,2,A,골목상권,2110317,종암중학교,162,95,67,0,24,46,49,31,12,0,11,31,31,17,5,0,13,15,18,14,7
2017,2,A,골목상권,2110316,숭곡초등학교,1057,592,465,6,191,318,301,176,65,0,85,191,186,93,37,6,106,127,115,83,28
2017,2,A,골목상권,2110315,종암아이파크2차,398,156,242,0,63,74,100,102,59,0,15,43,41,28,29,0,48,31,59,74,30
2017,2,A,골목상권,2110314,종암경찰서,1306,798,508,1,161,296,357,381,110,1,71,200,244,238,44,0,90,96,113,143,66
2017,2,A,골목상권,2110313,안암역 3번,636,307,329,1,131,155,167,109,73,0,54,94,85,47,27,1,77,61,82,62,46
2017,2,A,골목상권,2110312,안암역 2번,377,194,183,1,67,97,99,79,34,0,29,63,53,33,16,1,38,34,46,46,18
2017,2,A,골목상권,2110311,종암아이파크2차후문,40,19,21,0,4,10,14,9,3,0,2,4,5,5,3,0,2,6,9,4,0
2017,2,A,골목상권,2110310,길음역 10번,272,53,219,0,10,35,94,93,40,0,3,13,13,12,12,0,7,22,81,81,28
2017,2,A,골목상권,2110309,대광초등학교,513,310,203,1,78,130,147,94,63,1,27,74,92,65,51,0,51,56,55,29,12
2017,2,A,골목상권,2110308,길음역 8번,347,171,176,3,60,71,99,60,54,3,18,34,50,31,35,0,42,37,49,29,19
2017,2,A,골목상권,2110307,길음역 7번,463,173,290,11,77,105,143,82,45,3,17,41,59,29,24,8,60,64,84,53,21
2017,2,A,골목상권,2110306,미아초등학교,87,31,56,1,15,15,27,19,10,0,5,7,11,7,1,1,10,8,16,12,9
2017,2,A,골목상권,2110305,보문역 5번,516,266,250,1,73,111,113,105,113,0,15,64,68,49,70,1,58,47,45,56,43
2017,2,A,골목상권,2110304,보문역 4번,452,212,240,1,97,96,113,96,49,0,45,45,58,44,20,1,52,51,55,52,29
2017,2,A,골목상권,2110303,성신여대입구역 1번,445,238,207,1,57,102,122,87,76,1,25,73,73,32,34,0,32,29,49,55,42
2017,2,A,골목상권,2110302,보문역 8번,676,402,274,2,88,134,142,162,148,2,39,78,83,94,106,0,49,56,59,68,42
2017,2,A,골목상권,2110301,성신여대입구역 7번,491,178,313,0,33,63,140,149,106,0,12,22,59,55,30,0,21,41,81,94,76
2017,2,A,골목상권,2110300,삼선동주민센터,3292,1885,1407,3,330,809,923,932,295,2,116,340,524,699,204,1,214,469,399,233,91
2017,2,A,골목상권,2110299,정릉역 1번,506,202,304,2,65,108,149,111,71,0,11,50,59,48,34,2,54,58,90,63,37
2017,2,A,골목상권,2110298,솔숲어린이공원,98,31,67,0,13,23,29,20,13,0,3,7,12,5,4,0,10,16,17,15,9
2017,2,A,골목상권,2110297,경동고등학교,517,240,277,1,58,119,139,132,68,0,17,74,68,56,25,1,41,45,71,76,43
2017,2,A,골목상권,2110296,성신여대입구역 4번,154,50,104,0,19,37,42,32,24,0,5,14,18,6,7,0,14,23,24,26,17
2017,2,A,골목상권,2110295,정릉우체국,268,129,139,0,40,55,68,68,37,0,15,30,35,28,21,0,25,25,33,40,16
2017,2,A,골목상권,2110294,서경대학교,489,348,141,0,30,41,99,171,148,0,7,18,57,138,128,0,23,23,42,33,20
2017,2,A,골목상권,2110293,삼선중학교,567,309,258,2,79,149,169,101,67,0,32,98,98,45,36,2,47,51,71,56,31
2017,2,A,골목상권,2110292,정릉역 2번,95,42,53,0,9,28,27,17,14,0,4,11,9,10,8,0,5,17,18,7,6
2017,2,A,골목상권,2110291,한성대입구역 3번,1022,551,471,1,223,178,248,255,117,1,95,82,146,156,71,0,128,96,102,99,46
2017,2,A,골목상권,2110290,북한산보국문역 1번,46,36,10,0,3,7,17,15,4,0,1,7,14,11,3,0,2,0,3,4,1
2017,2,A,골목상권,2110289,북한산보국문역 2번,117,77,40,0,11,18,35,33,20,0,3,12,23,21,18,0,8,6,12,12,2
2017,2,A,골목상권,2110288,동구여중,589,211,378,0,61,239,194,65,30,0,16,81,66,30,18,0,45,158,128,35,12
2017,2,A,골목상권,2110287,정릉3동주민센터,99,50,49,0,21,17,24,23,14,0,9,9,15,7,10,0,12,8,9,16,4
2017,2,A,골목상권,2110286,한성대입구역 5번,579,302,277,2,121,176,142,97,41,1,33,96,83,57,32,1,88,80,59,40,9
2017,2,A,골목상권,2110285,홍대부중,151,75,76,0,31,52,41,14,13,0,11,30,20,7,7,0,20,22,21,7,6
2017,2,A,골목상권,2110284,정릉북한산국립공원입구,505,460,45,0,8,46,176,201,74,0,2,42,165,182,69,0,6,4,11,19,5
2017,2,A,골목상권,2110283,성북초등학교앞,239,96,143,1,17,48,67,53,53,1,8,21,32,18,16,0,9,27,35,35,37
2017,2,A,골목상권,2110282,국민대학교앞,471,379,92,1,29,56,144,169,72,0,10,35,126,146,62,1,19,21,18,23,10
2017,2,A,골목상권,2110281,길상사,173,102,71,1,26,33,30,47,36,0,10,16,16,29,31,1,16,17,14,18,5
2017,2,A,골목상권,2110280,북정마을,103,22,81,0,16,25,27,25,10,0,2,8,3,8,1,0,14,17,24,17,9
2017,2,A,골목상권,2110279,신내역 2번,118,97,21,0,3,13,31,34,37,0,2,9,22,28,36,0,1,4,9,6,1
2017,2,A,골목상권,2110278,망우본동주민센터,666,367,299,0,75,124,158,126,183,0,31,59,73,54,150,0,44,65,85,72,33
2017,2,A,골목상권,2110277,러스크서울병원,588,284,304,1,69,125,163,143,87,1,24,65,80,66,48,0,45,60,83,77,39
2017,2,A,골목상권,2110276,신내IC북측,184,136,48,0,9,41,66,43,25,0,4,30,45,33,24,0,5,11,21,10,1
2017,2,A,골목상권,2110275,하나은행 망우동지점,156,75,81,0,21,35,39,38,23,0,13,18,14,16,14,0,8,17,25,22,9
2017,2,A,골목상권,2110274,서일대학교,428,210,218,1,73,87,105,98,64,1,20,49,50,49,41,0,53,38,55,49,23
2017,2,A,골목상권,2110273,장스여성병원,763,506,257,5,54,91,106,245,262,0,3,24,61,194,224,5,51,67,45,51,38
2017,2,A,골목상권,2110272,신내1동주민센터,1108,748,360,0,94,231,302,310,171,0,29,154,199,226,140,0,65,77,103,84,31
2017,2,A,골목상권,2110271,신내역 1번,162,121,41,0,7,35,52,49,19,0,4,28,37,38,14,0,3,7,15,11,5
2017,2,A,골목상권,2110270,혜원여고,228,190,38,0,7,10,38,82,91,0,3,4,28,70,85,0,4,6,10,12,6
2017,2,A,골목상권,2110269,용마문화복지센터,229,102,127,2,18,57,53,62,37,1,6,27,33,20,15,1,12,30,20,42,22
2017,2,A,골목상권,2110268,망우3동주민센터,145,77,68,2,16,29,35,45,18,2,9,18,17,21,10,0,7,11,18,24,8
2017,2,A,골목상권,2110267,망우역 2번,367,122,245,0,54,68,92,67,86,0,5,20,38,22,37,0,49,48,54,45,49
2017,2,A,골목상권,2110266,면목동우체국,161,84,77,0,10,32,49,52,18,0,5,19,24,25,11,0,5,13,25,27,7
2017,2,A,골목상권,2110265,망우역 1번,379,177,202,4,54,66,98,100,57,4,19,24,51,48,31,0,35,42,47,52,26
2017,2,A,골목상권,2110264,면목역 2번,632,251,381,0,72,91,159,192,118,0,21,43,64,59,64,0,51,48,95,133,54
2017,2,A,골목상권,2110263,면목역 1번,187,87,100,0,18,41,70,35,23,0,5,18,29,20,15,0,13,23,41,15,8
2017,2,A,골목상권,2110262,상봉역 3번,2201,1380,821,2,286,635,706,318,254,1,165,489,371,148,206,1,121,146,335,170,48
2017,2,A,골목상권,2110261,사가정역 4번,180,66,114,1,17,30,56,54,22,0,5,7,22,23,9,1,12,23,34,31,13
2017,2,A,골목상권,2110260,면목역 3번,170,74,96,1,13,33,50,48,25,1,4,9,22,25,13,0,9,24,28,23,12
2017,2,A,골목상권,2110259,사가정역 1번,272,152,120,0,26,75,76,78,17,0,9,41,42,46,14,0,17,34,34,32,3
2017,2,A,골목상권,2110258,면동초등학교,255,102,153,0,45,55,61,60,34,0,7,24,31,24,16,0,38,31,30,36,18
2017,2,A,골목상권,2110257,상봉역 7번,611,512,99,0,12,38,91,254,216,0,1,22,68,221,200,0,11,16,23,33,16
2017,2,A,골목상권,2110256,면목2동체육관,868,485,383,3,78,126,237,252,172,1,22,66,130,148,118,2,56,60,107,104,54
2017,2,A,골목상권,2110255,상봉역 4번,545,266,279,1,49,88,166,161,80,1,21,48,75,75,46,0,28,40,91,86,34
2017,2,A,골목상권,2110254,오거리공원,332,167,165,0,28,57,89,105,53,0,11,35,47,53,21,0,17,22,42,52,32
2017,2,A,골목상권,2110253,중곡초등학교,267,149,118,0,32,47,81,70,37,0,14,22,40,43,30,0,18,25,41,27,7
2017,2,A,골목상권,2110252,장안제일시장,751,533,218,0,41,96,177,248,189,0,24,53,107,186,163,0,17,43,70,62,26
2017,2,A,골목상권,2110251,장안중학교,179,83,96,0,24,46,62,32,15,0,4,22,29,16,12,0,20,24,33,16,3
2017,2,A,골목상권,2110250,화랑대역 7번,121,62,59,0,16,29,30,33,13,0,5,15,14,19,9,0,11,14,16,14,4
2017,2,A,골목상권,2110249,중화역 1번,825,347,478,1,92,180,228,214,110,0,27,83,96,86,55,1,65,97,132,128,55
2017,2,A,골목상권,2110248,먹골파출소,87,54,33,1,14,18,30,16,8,0,10,13,17,8,6,1,4,5,13,8,2
2017,2,A,골목상권,2110247,먹골역 1번,537,258,279,1,53,111,145,135,92,0,19,55,75,61,48,1,34,56,70,74,44
2017,2,A,골목상권,2110246,월드순복음교회,483,294,189,0,30,102,160,110,81,0,12,68,111,59,44,0,18,34,49,51,37
2017,2,A,골목상권,2110245,KB국민은행 중화동지점,105,62,43,1,11,12,32,26,23,1,5,6,19,15,16,0,6,6,13,11,7
2017,2,A,골목상권,2110244,중화역 4번,866,560,306,0,27,94,149,128,468,0,10,58,94,55,343,0,17,36,55,73,125
2017,2,A,골목상권,2110243,중랑노인종합복지관,476,198,278,0,44,94,122,144,72,0,15,36,57,54,36,0,29,58,65,90,36
2017,2,A,골목상권,2110242,면목5동주민센터,153,83,70,0,27,26,42,38,20,0,6,17,25,23,12,0,21,9,17,15,8
2017,2,A,골목상권,2110241,먹골역 5번,643,328,315,2,110,147,174,140,70,2,36,77,92,76,45,0,74,70,82,64,25
2017,2,A,골목상권,2110240,태릉시장 특화거리,115,36,79,0,14,28,37,22,14,0,2,12,10,7,5,0,12,16,27,15,9
2017,2,A,골목상권,2110239,중랑역 2번,4,1,3,0,0,1,0,1,2,0,0,0,0,0,1,0,0,1,0,1,1
2017,2,A,골목상권,2110238,배꽃어린이공원,62,39,23,0,6,11,23,21,1,0,2,7,15,14,1,0,4,4,8,7,0
2017,2,A,골목상권,2110237,메가박스 상봉,955,549,406,20,188,163,228,221,135,15,83,86,128,140,97,5,105,77,100,81,38
2017,2,A,골목상권,2110236,신묵초등학교,352,208,144,1,35,69,110,102,35,1,15,43,69,60,20,0,20,26,41,42,15
2017,2,A,골목상권,2110235,세화어린이공원,12,9,3,0,2,3,1,5,1,0,1,2,1,5,0,0,1,1,0,0,1
2017,2,A,골목상권,2110234,중랑역 4번,409,278,131,0,38,66,110,106,89,0,15,42,74,80,67,0,23,24,36,26,22
2017,2,A,골목상권,2110233,중랑역 1번,187,96,91,0,19,54,45,51,18,0,9,34,21,20,12,0,10,20,24,31,6
2017,2,A,골목상권,2110232,동대부고,1157,695,462,2,120,182,279,360,214,1,31,101,144,244,174,1,89,81,135,116,40
2017,2,A,골목상권,2110231,장안교,47,37,10,0,3,11,21,9,3,0,3,9,16,7,2,0,0,2,5,2,1
2017,2,A,골목상권,2110230,장안현대홈타운1차아파트,320,154,166,1,34,73,95,73,44,0,10,36,54,31,23,1,24,37,41,42,21
2017,2,A,골목상권,2110229,장평중학교,1458,946,512,4,160,276,337,431,250,1,70,164,201,290,220,3,90,112,136,141,30
2017,2,A,골목상권,2110228,장안근린공원,721,340,381,1,62,129,171,244,114,1,27,68,80,113,51,0,35,61,91,131,63
2017,2,A,골목상권,2110227,답십리공원,518,222,296,0,61,112,156,128,61,0,33,65,56,46,22,0,28,47,100,82,39
2017,2,A,골목상권,2110226,장안1동주민센터,2282,1401,881,8,270,509,675,527,293,7,130,297,446,329,192,1,140,212,229,198,101
2017,2,A,골목상권,2110225,촬영소사거리,585,348,237,2,72,118,131,141,121,2,36,77,80,89,64,0,36,41,51,52,57
2017,2,A,골목상권,2110224,외대앞역 2번,88,31,57,0,5,16,33,22,12,0,2,1,14,9,5,0,3,15,19,13,7
2017,2,A,골목상권,2110223,군자초등학교,687,331,356,2,19,53,74,201,338,1,11,34,37,87,161,1,8,19,37,114,177
2017,2,A,골목상권,2110222,회기역 2번,78,57,21,0,9,16,10,18,25,0,5,13,8,12,19,0,4,3,2,6,6
2017,2,A,골목상권,2110221,의릉,106,73,33,1,14,25,35,21,10,0,6,16,25,16,10,1,8,9,10,5,0
2017,2,A,골목상권,2110220,외대앞역 1번,346,148,198,7,67,88,81,74,29,5,16,47,37,31,12,2,51,41,44,43,17
2017,2,A,골목상권,2110219,삼육보건대학교,240,109,131,0,38,46,61,55,40,0,10,21,24,30,24,0,28,25,37,25,16
2017,2,A,골목상권,2110218,답십리사거리,285,131,154,2,39,45,85,77,37,1,14,21,42,37,16,1,25,24,43,40,21
2017,2,A,골목상권,2110217,자동차부품상가,913,717,196,0,78,207,289,197,142,0,66,169,221,141,120,0,12,38,68,56,22
2017,2,A,골목상권,2110216,전농중학교,252,104,148,1,24,83,73,53,18,1,11,32,25,25,10,0,13,51,48,28,8
2017,2,A,골목상권,2110215,회기역 1번,37,11,26,1,11,7,9,5,4,0,4,1,3,2,1,1,7,6,6,3,3
2017,2,A,골목상권,2110214,경희대후문,75,38,37,0,13,12,22,17,11,0,6,7,9,9,7,0,7,5,13,8,4
2017,2,A,골목상권,2110213,청량초등학교,119,58,61,0,12,37,35,19,16,0,4,22,16,5,11,0,8,15,19,14,5
2017,2,A,골목상권,2110212,답십리초등학교,381,167,214,1,30,49,91,102,108,0,9,25,50,50,33,1,21,24,41,52,75
2017,2,A,골목상권,2110211,전곡마을마당공원,367,217,150,1,43,67,91,104,61,0,18,48,56,55,40,1,25,19,35,49,21
2017,2,A,골목상권,2110210,서울시립대,180,103,77,1,20,38,51,35,35,0,6,24,28,20,25,1,14,14,23,15,10
2017,2,A,골목상권,2110209,답십리 장령당공원,266,198,68,0,24,32,45,32,133,0,12,24,30,15,117,0,12,8,15,17,16
2017,2,A,골목상권,2110208,시조사삼거리,197,144,53,0,14,35,68,66,14,0,6,19,55,51,13,0,8,16,13,15,1
2017,2,A,골목상권,2110207,시립대앞사거리,345,167,178,13,95,69,77,51,40,5,45,41,38,18,20,8,50,28,39,33,20
2017,2,A,골목상권,2110206,텃골근린공원,277,114,163,0,36,36,92,74,39,0,15,14,42,32,11,0,21,22,50,42,28
2017,2,A,골목상권,2110205,경희대삼거리,128,61,67,3,23,31,29,28,14,1,8,22,12,11,7,2,15,9,17,17,7
2017,2,A,골목상권,2110204,간데메공원,458,254,204,3,79,92,128,93,63,1,40,49,66,56,42,2,39,43,62,37,21
2017,2,A,골목상권,2110203,떡전교사거리,338,221,117,1,22,98,87,75,55,1,7,74,65,39,35,0,15,24,22,36,20
2017,2,A,골목상권,2110202,전농1동주민센터(전농시장),217,101,116,4,28,41,51,60,33,3,15,22,32,24,5,1,13,19,19,36,28
2017,2,A,골목상권,2110201,전농119안전센터,28,17,11,0,3,4,9,9,3,0,1,3,6,6,1,0,2,1,3,3,2
2017,2,A,골목상권,2110200,동대문경찰서,154,107,47,0,8,26,18,28,74,0,5,14,13,18,57,0,3,12,5,10,17
2017,2,A,골목상권,2110199,홍릉시장,211,98,113,0,26,39,43,56,47,0,9,22,25,24,18,0,17,17,18,32,29
2017,2,A,골목상권,2110198,동대문중앙새마을금고본점,59,45,14,2,6,18,12,13,8,2,6,10,9,12,6,0,0,8,3,1,2
2017,2,A,골목상권,2110197,세종대왕기념관교차로,72,42,30,0,8,13,18,19,14,0,5,8,14,8,7,0,3,5,4,11,7
2017,2,A,골목상권,2110196,홍릉근린공원,31,22,9,0,3,5,13,9,1,0,3,4,8,6,1,0,0,1,5,3,0
2017,2,A,골목상권,2110195,동대문구청,443,210,233,1,53,78,102,127,82,0,21,42,48,52,47,1,32,36,54,75,35
2017,2,A,골목상권,2110194,홍파초등학교,274,175,99,0,23,54,77,65,55,0,15,41,57,39,23,0,8,13,20,26,32
2017,2,A,골목상권,2110193,고려대역 4번,135,80,55,3,21,22,32,29,28,2,11,14,21,16,16,1,10,8,11,13,12
2017,2,A,골목상권,2110192,동의보감타워,401,212,189,1,61,88,97,91,63,1,24,51,59,47,30,0,37,37,38,44,33
2017,2,A,골목상권,2110191,고려대역 6번,240,127,113,0,12,44,73,71,40,0,6,33,40,29,19,0,6,11,33,42,21
2017,2,A,골목상권,2110190,고대앞사거리,200,89,111,2,32,42,52,41,31,0,7,21,33,14,14,2,25,21,19,27,17
2017,2,A,골목상권,2110189,제기동역 1번,984,629,355,0,103,184,215,207,275,0,47,106,138,131,207,0,56,78,77,76,68
2017,2,A,골목상권,2110188,용두동신동아아파트,1459,795,664,2,247,352,364,306,188,2,99,193,236,165,100,0,148,159,128,141,88
2017,2,A,골목상권,2110187,제기동역 6번,2566,1468,1098,5,370,675,598,520,398,0,130,362,357,327,292,5,240,313,241,193,106
2017,2,A,골목상권,2110186,종암초등학교,239,142,97,0,27,34,50,51,77,0,14,18,34,22,54,0,13,16,16,29,23
2017,2,A,골목상권,2110185,용두초등학교,173,112,61,0,12,35,58,42,26,0,4,26,43,21,18,0,8,9,15,21,8
2017,2,A,골목상권,2110184,용두사거리,485,290,195,0,76,155,98,78,78,0,31,95,59,46,59,0,45,60,39,32,19
2017,2,A,골목상권,2110183,한국의류시험연구원,1183,582,601,3,339,393,242,136,70,0,113,166,146,101,56,3,226,227,96,35,14
2017,2,A,골목상권,2110182,용두희망어린이공원,559,368,191,4,68,150,161,100,76,2,31,102,107,68,58,2,37,48,54,32,18
2017,2,A,골목상권,2110181,신설동역 9번,5693,3769,1924,59,1045,1489,1186,820,1094,41,603,1068,941,566,550,18,442,421,245,254,544
2017,2,A,골목상권,2110180,광진정보도서관,2367,1306,1061,11,361,540,636,567,252,6,135,322,403,273,167,5,226,218,233,294,85
2017,2,A,골목상권,2110179,광나루역 1번,362,228,134,3,44,94,109,72,40,1,21,63,73,38,32,2,23,31,36,34,8
2017,2,A,골목상권,2110178,장로회신학대학교,63,14,49,0,3,18,22,15,5,0,0,7,4,1,2,0,3,11,18,14,3
2017,2,A,골목상권,2110177,동의초등학교,34,22,12,0,7,10,7,7,3,0,5,4,4,6,3,0,2,6,3,1,0
2017,2,A,골목상권,2110176,해오름공원,267,149,118,0,24,49,65,62,67,0,10,23,38,34,44,0,14,26,27,28,23
2017,2,A,골목상권,2110175,푸른동산공원,276,115,161,0,29,48,54,81,64,0,6,21,22,30,36,0,23,27,32,51,28
2017,2,A,골목상권,2110174,아차산역 1번,293,159,134,0,23,56,89,89,36,0,10,25,47,58,19,0,13,31,42,31,17
2017,2,A,골목상권,2110173,구남초등학교,362,195,167,0,47,108,102,77,28,0,20,66,58,35,16,0,27,42,44,42,12
2017,2,A,골목상권,2110172,광진초등학교,314,208,106,2,33,72,81,79,47,0,16,54,50,49,39,2,17,18,31,30,8
2017,2,A,골목상권,2110171,중곡4동주민센터,101,74,27,0,11,15,28,28,19,0,2,12,18,24,18,0,9,3,10,4,1
2017,2,A,골목상권,2110170,동대부여고,244,120,124,1,38,47,72,49,37,1,10,20,49,24,16,0,28,27,23,25,21
2017,2,A,골목상권,2110169,성동초등학교,363,187,176,1,43,63,101,87,68,1,15,30,51,46,44,0,28,33,50,41,24
2017,2,A,골목상권,2110168,대원고등학교,402,299,103,0,15,57,102,129,99,0,4,36,75,96,88,0,11,21,27,33,11
2017,2,A,골목상권,2110167,용마초등학교,685,317,368,1,79,141,201,161,102,1,26,68,96,81,45,0,53,73,105,80,57
2017,2,A,골목상권,2110166,구의1동주민센터,467,263,204,0,52,124,145,96,50,0,18,65,100,49,31,0,34,59,45,47,19
2017,2,A,골목상권,2110165,국립정신건강센터,396,226,170,0,38,50,104,124,80,0,19,31,55,75,46,0,19,19,49,49,34
2017,2,A,골목상권,2110164,아차산역 5번,460,280,180,0,62,126,114,65,93,0,19,70,73,46,72,0,43,56,41,19,21
2017,2,A,골목상권,2110163,성자초등학교,428,220,208,3,60,116,102,61,86,2,22,51,56,33,56,1,38,65,46,28,30
2017,2,A,골목상권,2110162,군자역 4번,165,56,109,0,23,45,46,32,19,0,5,12,16,12,11,0,18,33,30,20,8
2017,2,A,골목상권,2110161,중곡역 3번,471,252,219,5,69,121,89,93,94,0,24,72,41,53,62,5,45,49,48,40,32
2017,2,A,골목상권,2110160,광진경찰서,1241,1044,197,3,148,452,299,269,70,3,106,386,265,240,44,0,42,66,34,29,26
2017,2,A,골목상권,2110159,구의역 4번,911,443,468,1,171,179,212,213,135,1,69,84,97,110,82,0,102,95,115,103,53
2017,2,A,골목상권,2110158,중곡3동주민센터,707,421,286,1,73,136,162,192,143,0,23,65,94,130,109,1,50,71,68,62,34
2017,2,A,골목상권,2110157,자양동우체국,221,113,108,1,26,40,73,52,29,0,11,18,32,31,21,1,15,22,41,21,8
2017,2,A,골목상권,2110156,군자역 5번,625,297,328,0,94,164,144,148,75,0,33,94,84,45,41,0,61,70,60,103,34
2017,2,A,골목상권,2110155,광진구청,1567,1289,278,0,105,261,477,568,156,0,53,195,401,517,123,0,52,66,76,51,33
2017,2,A,골목상권,2110154,광진정말공원,743,327,416,1,177,207,180,122,56,1,60,94,88,53,31,0,117,113,92,69,25
2017,2,A,골목상권,2110153,중곡1동주민센터,103,50,53,0,9,19,25,36,14,0,1,7,15,20,7,0,8,12,10,16,7
2017,2,A,골목상권,2110152,중곡어린이공원,191,125,66,2,16,55,62,39,17,0,7,37,42,29,10,2,9,18,20,10,7
2017,2,A,골목상권,2110151,자양한강도서관,464,230,234,0,58,101,102,135,68,0,18,49,56,73,34,0,40,52,46,62,34
2017,2,A,골목상권,2110150,중곡1동 마을마당,1767,1134,633,3,187,392,363,285,537,2,71,210,188,167,496,1,116,182,175,118,41
2017,2,A,골목상권,2110149,세종대학교,373,133,240,3,119,120,74,34,23,1,21,51,33,14,13,2,98,69,41,20,10
2017,2,A,골목상권,2110148,어린이대공원역 3번,37,16,21,0,9,3,10,11,4,0,3,1,5,4,3,0,6,2,5,7,1
2017,2,A,골목상권,2110147,능동우편취급국,672,336,336,2,114,212,181,121,42,1,30,115,107,63,20,1,84,97,74,58,22
2017,2,A,골목상권,2110146,신자초등학교,462,232,230,1,56,87,131,113,74,1,16,58,65,53,39,0,40,29,66,60,35
2017,2,A,골목상권,2110145,장안초등학교,17,13,4,0,4,7,3,3,0,0,1,7,3,2,0,0,3,0,0,1,0
2017,2,A,골목상권,2110144,어린이대공원역 4번,52,22,30,0,7,9,12,18,6,0,4,3,5,6,4,0,3,6,7,12,2
2017,2,A,골목상권,2110143,뚝섬유원지역 1번,53,16,37,0,8,11,10,16,8,0,1,3,4,5,3,0,7,8,6,11,5
2017,2,A,골목상권,2110142,화양사거리,327,128,199,0,32,65,65,88,77,0,10,32,40,29,17,0,22,33,25,59,60
2017,2,A,골목상권,2110141,건대입구역 1번,335,191,144,1,69,92,89,60,24,1,27,55,52,38,18,0,42,37,37,22,6
2017,2,A,골목상권,2110140,건대입구역 6번,1261,735,526,3,149,273,346,308,182,1,87,200,209,142,96,2,62,73,137,166,86
2017,2,A,골목상권,2110139,자양4동주민센터,464,293,171,0,54,91,111,105,103,0,18,56,68,60,91,0,36,35,43,45,12
2017,2,A,골목상권,2110138,송정체육공원,204,91,113,0,18,32,56,45,53,0,5,16,23,23,24,0,13,16,33,22,29
2017,2,A,골목상권,2110137,성수초등학교,14774,9118,5656,120,2886,4107,3601,2671,1389,81,1347,2722,2280,1629,1059,39,1539,1385,1321,1042,330
2017,2,A,골목상권,2110136,경수초등학교,10689,6383,4306,94,1857,3548,2981,1580,629,38,750,1902,2076,1132,485,56,1107,1646,905,448,144
2017,2,A,골목상권,2110135,성동세무서,790,417,373,4,114,202,210,154,106,1,36,93,104,100,83,3,78,109,106,54,23
2017,2,A,골목상권,2110134,성수119안전센터,1104,855,249,1,86,167,310,343,197,1,47,112,248,277,170,0,39,55,62,66,27
2017,2,A,골목상권,2110133,서울교통공사,8087,7000,1087,7,481,1269,4266,1865,199,5,331,983,3796,1714,171,2,150,286,470,151,28
2017,2,A,골목상권,2110132,성수2가3동주민센터,1167,781,386,8,175,293,322,228,141,6,86,196,227,156,110,2,89,97,95,72,31
2017,2,A,골목상권,2110131,성수동카페거리,7559,4751,2808,29,1787,2320,1769,1044,610,17,878,1536,1218,696,406,12,909,784,551,348,204
2017,2,A,골목상권,2110130,답십리역 6번,80,37,43,0,10,20,12,20,18,0,4,11,7,6,9,0,6,9,5,14,9
2017,2,A,골목상권,2110129,성원어린이공원,1044,650,394,4,137,271,318,228,86,2,70,168,198,145,67,2,67,103,120,83,19
2017,2,A,골목상권,2110128,성원중학교,1075,656,419,1,112,210,324,306,122,1,47,135,188,194,91,0,65,75,136,112,31
2017,2,A,골목상권,2110127,성수1가1동주민센터,1050,504,546,50,227,334,240,154,45,14,66,190,125,79,30,36,161,144,115,75,15
2017,2,A,골목상권,2110126,서울숲역 1번,152,55,97,0,45,46,34,19,8,0,12,18,9,10,6,0,33,28,25,9,2
2017,2,A,골목상권,2110125,사근동살곶이상점가,149,72,77,0,22,43,36,22,26,0,9,20,20,8,15,0,13,23,16,14,11
2017,2,A,골목상권,2110124,뚝섬역교차로,3553,1871,1682,24,949,859,736,579,406,8,183,421,479,441,339,16,766,438,257,138,67
2017,2,A,골목상권,2110123,마장역 3번,700,507,193,0,57,96,157,238,152,0,30,51,111,183,132,0,27,45,46,55,20
2017,2,A,골목상권,2110122,마장역 2번,800,511,289,0,99,184,248,201,68,0,54,123,169,117,48,0,45,61,79,84,20
2017,2,A,골목상권,2110121,한양대역 4번,61,36,25,2,6,14,19,11,9,0,4,8,13,6,5,2,2,6,6,5,4
2017,2,A,골목상권,2110120,서울숲카페거리,67,35,32,0,19,17,19,9,3,0,6,13,10,3,3,0,13,4,9,6,0
2017,2,A,골목상권,2110119,마장지하차도,258,185,73,0,49,62,69,52,26,0,30,48,45,40,22,0,19,14,24,12,4
2017,2,A,골목상권,2110118,왕십리역 9번,690,369,321,5,106,107,180,151,141,5,55,53,84,79,93,0,51,54,96,72,48
2017,2,A,골목상권,2110117,성동구보건소,164,112,52,0,8,43,49,42,22,0,6,28,36,27,15,0,2,15,13,15,7
2017,2,A,골목상권,2110116,청계천박물관,5047,3643,1404,11,389,861,1193,1777,816,10,223,591,924,1283,612,1,166,270,269,494,204
2017,2,A,골목상권,2110115,상왕십리역 3번,969,402,567,5,168,243,229,222,102,2,36,135,110,79,40,3,132,108,119,143,62
2017,2,A,골목상권,2110114,왕십리파출소,196,85,111,0,24,52,55,54,11,0,5,20,32,22,6,0,19,32,23,32,5
2017,2,A,골목상권,2110113,응봉산,54,23,31,0,8,10,15,14,7,0,1,6,5,5,6,0,7,4,10,9,1
2017,2,A,골목상권,2110112,행당역 2번,227,90,137,1,31,52,52,61,30,0,9,23,23,19,16,1,22,29,29,42,14
2017,2,A,골목상권,2110110,상왕십리역 6번,188,91,97,0,28,49,55,30,26,0,6,18,29,18,20,0,22,31,26,12,6
2017,2,A,골목상권,2110109,금호삼성래미안아파트,405,206,199,1,72,109,91,71,61,0,19,53,51,38,45,1,53,56,40,33,16
2017,2,A,골목상권,2110108,성동구립금호도서관,34,9,25,0,5,9,8,11,1,0,0,2,3,4,0,0,5,7,5,7,1
2017,2,A,골목상권,2110107,금호사거리,113,58,55,2,8,18,24,33,28,0,3,15,16,12,12,2,5,3,8,21,16
2017,2,A,골목상권,2110106,금북초등학교,18,6,12,0,3,7,4,2,2,0,0,3,1,0,2,0,3,4,3,2,0
2017,2,A,골목상권,2110105,금동어린이공원,58,21,37,0,12,14,9,13,10,0,3,4,3,5,6,0,9,10,6,8,4
2017,2,A,골목상권,2110104,신금호역 4번,314,135,179,0,46,62,78,92,36,0,12,38,30,35,20,0,34,24,48,57,16
2017,2,A,골목상권,2110103,옥수터널,34,25,9,0,4,4,9,13,4,0,4,3,7,8,3,0,0,1,2,5,1
2017,2,A,골목상권,2110102,옥수역 6번,373,208,165,1,61,73,108,86,44,0,31,36,61,53,27,1,30,37,47,33,17
2017,2,A,골목상권,2110101,옥정중학교,216,78,138,0,42,45,59,43,27,0,3,12,29,15,19,0,39,33,30,28,8
2017,2,A,골목상권,2110100,옥수동우편취급국,149,77,72,1,40,49,24,28,7,1,21,34,8,8,5,0,19,15,16,20,2
2017,2,A,골목상권,2110099,유엔빌리지길,679,309,370,1,140,215,160,103,60,0,52,94,88,47,28,1,88,121,72,56,32
2017,2,A,골목상권,2110098,서울독일학교,649,306,343,4,251,223,73,40,58,3,116,122,36,14,15,1,135,101,37,26,43
2017,2,A,골목상권,2110097,한남초등학교,1177,794,383,6,208,572,288,77,26,4,101,386,229,53,21,2,107,186,59,24,5
2017,2,A,골목상권,2110096,한남힐사이드아파트,1053,596,457,13,338,432,162,72,36,7,140,260,115,48,26,6,198,172,47,24,10
2017,2,A,골목상권,2110095,한강진역 3번,928,415,513,3,254,300,186,98,87,1,76,153,117,35,33,2,178,147,69,63,54
2017,2,A,골목상권,2110094,오산중학교,28,16,12,0,0,2,5,10,11,0,0,0,3,6,7,0,0,2,2,4,4
2017,2,A,골목상권,2110093,우사단길,1840,992,848,1,287,807,526,157,62,1,77,379,367,123,45,0,210,428,159,34,17
2017,2,A,골목상권,2110092,NH농협은행 보광동지점,198,99,99,0,34,43,38,48,35,0,11,18,18,27,25,0,23,25,20,21,10
2017,2,A,골목상권,2110091,리움미술관,325,119,206,2,158,106,32,16,11,0,46,41,17,9,6,2,112,65,15,7,5
2017,2,A,골목상권,2110090,한국폴리텍대학서울정수캠퍼스,540,244,296,2,220,192,66,27,33,0,84,88,35,13,24,2,136,104,31,14,9
2017,2,A,골목상권,2110089,서빙고동주민센터,481,292,189,1,37,125,136,103,79,0,15,65,61,84,67,1,22,60,75,19,12
2017,2,A,골목상권,2110088,오산고등학교,519,289,230,2,118,145,128,73,53,0,53,72,78,53,33,2,65,73,50,20,20
2017,2,A,골목상권,2110087,이태원엔틱가구거리,352,229,123,4,90,144,56,37,21,1,46,109,38,19,16,3,44,35,18,18,5
2017,2,A,골목상권,2110086,이태원역 북측,287,139,148,0,29,30,30,49,149,0,5,15,10,16,93,0,24,15,20,33,56
2017,2,A,골목상권,2110085,경리단길남측,1240,733,507,1,191,260,256,226,306,0,95,157,154,121,206,1,96,103,102,105,100
2017,2,A,골목상권,2110084,경리단길북측,985,517,468,3,265,300,184,118,115,0,127,169,97,60,64,3,138,131,87,58,51
2017,2,A,골목상권,2110083,서빙고역 1번,582,419,163,0,90,232,166,56,38,0,48,168,131,43,29,0,42,64,35,13,9
2017,2,A,골목상권,2110082,용산구청,2048,1122,926,2,203,532,493,572,246,1,69,233,240,421,158,1,134,299,253,151,88
2017,2,A,골목상권,2110081,해방촌 남동측,277,158,119,1,59,77,50,43,47,1,32,46,25,18,36,0,27,31,25,25,11
2017,2,A,골목상권,2110080,해방촌예술마을,244,121,123,0,46,64,69,35,30,0,17,33,40,16,15,0,29,31,29,19,15
2017,2,A,골목상권,2110079,후암동주민센터,1977,1000,977,1,302,420,437,585,232,1,100,247,271,268,113,0,202,173,166,317,119
2017,2,A,골목상권,2110078,이촌동점보아파트,159,70,89,0,24,35,34,33,33,0,6,18,13,13,20,0,18,17,21,20,13
2017,2,A,골목상권,2110077,삼광초등학교,126,43,83,0,11,21,37,36,21,0,2,5,15,13,8,0,9,16,22,23,13
2017,2,A,골목상권,2110076,삼각지역 14번,545,173,372,1,44,153,166,149,32,0,5,55,65,44,4,1,39,98,101,105,28
2017,2,A,골목상권,2110075,숙대입구역 1번,2341,1502,839,24,453,598,704,347,215,11,232,401,429,254,175,13,221,197,275,93,40
2017,2,A,골목상권,2110074,서울역 12번,9988,2641,7347,108,6008,1620,976,859,417,5,784,917,602,206,127,103,5224,703,374,653,290
2017,2,A,골목상권,2110073,삼각지역 3번,2098,1643,455,1,182,452,478,628,357,0,100,343,415,492,293,1,82,109,63,136,64
2017,2,A,골목상권,2110072,열정도,537,354,183,4,134,155,109,93,42,0,74,122,73,56,29,4,60,33,36,37,13
2017,2,A,골목상권,2110071,한강미주맨션아파트,321,124,197,1,76,83,70,43,48,0,19,23,31,20,31,1,57,60,39,23,17
2017,2,A,골목상권,2110070,용산세무서,249,151,98,2,50,78,55,29,35,0,22,53,35,13,28,2,28,25,20,16,7
2017,2,A,골목상권,2110069,숙대입구,818,390,428,3,149,233,209,142,82,0,62,121,102,57,48,3,87,112,107,85,34
2017,2,A,골목상권,2110068,남영역 1번,1468,964,504,19,253,408,430,229,129,18,108,291,323,152,72,1,145,117,107,77,57
2017,2,A,골목상권,2110067,배문고등학교,1362,772,590,2,110,337,422,274,217,2,43,143,216,180,188,0,67,194,206,94,29
2017,2,A,골목상권,2110066,서울역 15번,1307,820,487,7,182,339,280,209,290,7,89,215,173,101,235,0,93,124,107,108,55
2017,2,A,골목상권,2110065,남정초등학교,605,477,128,0,113,324,99,48,21,0,84,275,77,28,13,0,29,49,22,20,8
2017,2,A,골목상권,2110064,효창공원앞역 2번,941,525,416,0,96,217,208,275,145,0,16,121,137,160,91,0,80,96,71,115,54
2017,2,A,골목상권,2110063,효창공원앞역 5번,842,523,319,2,82,190,231,148,189,2,40,129,153,83,116,0,42,61,78,65,73
2017,2,A,골목상권,2110062,한강로동땡땡거리(은행나무길),3523,1433,2090,23,1180,943,508,358,511,7,204,314,332,224,352,16,976,629,176,134,159
2017,2,A,골목상권,2110061,효창동주민센터,728,441,287,0,67,187,253,157,64,0,27,110,160,99,45,0,40,77,93,58,19
2017,2,A,골목상권,2110060,효창공원앞역 6번,490,270,220,0,64,142,139,106,39,0,33,75,79,61,22,0,31,67,60,45,17
2017,2,A,골목상권,2110059,새남터성지,175,104,71,1,34,42,32,34,32,1,18,28,19,15,23,0,16,14,13,19,9
2017,2,A,골목상권,2110058,성심여자고등학교,1247,842,405,7,154,380,361,221,124,4,91,282,255,136,74,3,63,98,106,85,50
2017,2,A,골목상권,2110057,황학코아루아파트,318,141,177,3,88,97,70,35,25,0,15,41,50,22,13,3,73,56,20,13,12
2017,2,A,골목상권,2110056,신당역 3번,1083,463,620,2,151,268,242,264,156,1,42,132,121,97,70,1,109,136,121,167,86
2017,2,A,골목상권,2110055,황학동벼룩시장,143,98,45,0,21,44,32,26,20,0,13,32,22,17,14,0,8,12,10,9,6
2017,2,A,골목상권,2110054,청구역 3번,2358,1611,747,5,473,746,529,303,302,2,263,575,397,182,192,3,210,171,132,121,110
2017,2,A,골목상권,2110053,청구역 1번,525,249,276,0,86,91,159,129,60,0,35,39,68,64,43,0,51,52,91,65,17
2017,2,A,골목상권,2110052,장충초등학교,1178,353,825,3,87,140,191,439,318,0,30,77,103,100,43,3,57,63,88,339,275
2017,2,A,골목상권,2110051,한양공고앞 교차로,181,120,61,0,16,42,61,39,23,0,5,27,45,25,18,0,11,15,16,14,5
2017,2,A,골목상권,2110050,약수역 7번,226,84,142,0,54,60,48,35,29,0,11,28,18,13,14,0,43,32,30,22,15
2017,2,A,골목상권,2110049,장충단 고개,3545,1594,1951,27,1186,888,617,541,286,17,386,444,311,254,182,10,800,444,306,287,104
2017,2,A,골목상권,2110048,장충동주민센터,1333,663,670,1,383,415,253,202,79,0,127,194,162,128,52,1,256,221,91,74,27
2017,2,A,골목상권,2110047,다산성곽길,231,115,116,0,41,76,57,39,18,0,10,44,35,17,9,0,31,32,22,22,9
2017,2,A,골목상권,2110046,버티고개,35,18,17,0,7,10,8,7,3,0,0,6,4,5,3,0,7,4,4,2,0
2017,2,A,골목상권,2110045,동대문역사문화공원역 5번,348,220,128,2,37,68,100,89,52,2,16,38,63,65,36,0,21,30,37,24,16
2017,2,A,골목상권,2110044,관성묘,947,650,297,4,143,355,290,106,49,4,45,220,249,92,40,0,98,135,41,14,9
2017,2,A,골목상권,2110043,충무초등학교,2187,852,1335,15,446,666,545,354,161,10,85,238,217,197,105,5,361,428,328,157,56
2017,2,A,골목상권,2110042,남산골공원옆,2090,1335,755,3,318,587,629,407,146,0,112,396,457,279,91,3,206,191,172,128,55
2017,2,A,골목상권,2110041,남산케이블카,926,352,574,5,120,201,216,229,155,1,47,99,83,63,59,4,73,102,133,166,96
2017,2,A,골목상권,2110040,중구회현체육센터(정화예술대남산캠퍼스),271,149,122,1,38,57,66,63,46,0,11,31,33,39,35,1,27,26,33,24,11
2017,2,A,골목상권,2110039,회현역 1번,109,47,62,0,12,25,17,33,22,0,2,15,8,13,9,0,10,10,9,20,13
2017,2,A,골목상권,2110038,경향신문사,2537,1528,1009,10,420,771,766,494,76,0,157,407,514,397,53,10,263,364,252,97,23
2017,2,A,골목상권,2110037,신설동역 12번,346,194,152,2,32,82,81,107,42,1,12,37,48,70,26,1,20,45,33,37,16
2017,2,A,골목상권,2110036,동묘앞역 3번,268,185,83,3,29,53,55,62,66,0,16,45,38,35,51,3,13,8,17,27,15
2017,2,A,골목상권,2110035,동묘앞역 2번,384,149,235,0,71,66,94,87,66,0,28,22,36,29,34,0,43,44,58,58,32
2017,2,A,골목상권,2110034,창신1동주민센터,110,83,27,0,8,18,31,36,17,0,8,11,24,25,15,0,0,7,7,11,2
2017,2,A,골목상권,2110033,창신역 4번,215,105,110,0,28,50,53,54,30,0,8,30,25,25,17,0,20,20,28,29,13
2017,2,A,골목상권,2110032,수족관거리,57,30,27,0,4,13,16,15,9,0,1,7,7,9,6,0,3,6,9,6,3
2017,2,A,골목상권,2110031,창신역 1번,60,22,38,0,9,11,12,19,9,0,2,1,6,9,4,0,7,10,6,10,5
2017,2,A,골목상권,2110030,동대문역 3번,29,10,19,0,1,5,8,13,2,0,0,1,2,6,1,0,1,4,6,7,1
2017,2,A,골목상권,2110029,동대문역 1번,352,121,231,0,34,63,82,107,66,0,5,26,36,37,17,0,29,37,46,70,49
2017,2,A,골목상권,2110028,이화달팽이길,882,365,517,8,188,296,185,140,65,0,65,109,81,75,35,8,123,187,104,65,30
2017,2,A,골목상권,2110027,혜화역 1번,291,159,132,4,74,82,77,37,17,1,38,49,47,15,9,3,36,33,30,22,8
2017,2,A,골목상권,2110026,종로5가역 4번,231,138,93,1,30,54,71,48,27,0,10,32,39,33,24,1,20,22,32,15,3
2017,2,A,골목상권,2110025,충신시장옆,526,348,178,0,85,150,156,96,39,0,56,103,105,54,30,0,29,47,51,42,9
2017,2,A,골목상권,2110024,혜회동주민센터,505,355,150,3,46,88,105,154,109,1,15,42,71,132,94,2,31,46,34,22,15
2017,2,A,골목상권,2110023,서울대병원,257,113,144,1,44,73,62,54,23,0,14,34,31,16,18,1,30,39,31,38,5
2017,2,A,골목상권,2110022,경신고등학교,279,132,147,0,56,70,77,42,34,0,12,31,40,24,25,0,44,39,37,18,9
2017,2,A,골목상권,2110021,성균관대학교,371,196,175,0,55,66,73,59,118,0,20,30,31,26,89,0,35,36,42,33,29
2017,2,A,골목상권,2110020,서울국제고등학교,790,477,313,0,129,251,197,170,43,0,47,121,146,133,30,0,82,130,51,37,13
2017,2,A,골목상권,2110019,창덕궁,665,389,276,2,104,176,205,115,63,2,37,107,133,70,40,0,67,69,72,45,23
2017,2,A,골목상권,2110018,중앙고등학교,662,312,350,0,126,202,152,121,61,0,35,90,79,73,35,0,91,112,73,48,26
2017,2,A,골목상권,2110017,정독도서관,412,150,262,2,129,161,58,42,20,0,22,63,31,21,13,2,107,98,27,21,7
2017,2,A,골목상권,2110016,평창동동측,606,270,336,0,106,159,153,111,77,0,29,74,84,42,41,0,77,85,69,69,36
2017,2,A,골목상권,2110015,청와대사랑채,82,37,45,0,20,36,17,5,4,0,6,19,7,2,3,0,14,17,10,3,1
2017,2,A,골목상권,2110014,경복고등학교,146,43,103,0,30,33,27,30,26,0,2,9,12,10,10,0,28,24,15,20,16
2017,2,A,골목상권,2110013,체부동홍종문가옥,71,50,21,0,12,18,15,16,10,0,2,14,12,13,9,0,10,4,3,3,1
2017,2,A,골목상권,2110012,성곡미술관,2075,785,1290,2,291,564,741,388,89,0,98,292,252,94,49,2,193,272,489,294,40
2017,2,A,골목상권,2110011,청운초등학교,78,48,30,0,9,25,20,9,15,0,4,13,12,7,12,0,5,12,8,2,3
2017,2,A,골목상권,2110010,평창동서측,631,257,374,1,104,144,119,145,118,1,28,61,54,57,56,0,76,83,65,88,62
2017,2,A,골목상권,2110009,자하문터널,220,101,119,0,35,55,54,48,28,0,12,21,28,23,17,0,23,34,26,25,11
2017,2,A,골목상권,2110008,배화여자대학교(박노수미술관),744,438,306,0,110,199,183,135,117,0,41,105,107,90,95,0,69,94,76,45,22
2017,2,A,골목상권,2110007,사직공원(한국사회과학도서관),153,71,82,1,18,44,45,30,15,1,5,19,21,13,12,0,13,25,24,17,3
2017,2,A,골목상권,2110006,부암동주민센터,33,14,19,0,6,18,3,3,3,0,2,9,1,0,2,0,4,9,2,3,1
2017,2,A,골목상권,2110005,세검정,445,159,286,0,78,140,103,70,54,0,20,38,47,27,27,0,58,102,56,43,27
2017,2,A,골목상권,2110004,대신고등학교,41,14,27,0,2,4,10,21,4,0,1,1,2,9,1,0,1,3,8,12,3
2017,2,A,골목상권,2110003,세검정초등학교,144,79,65,0,6,20,55,42,21,0,4,10,30,25,10,0,2,10,25,17,11
2017,2,A,골목상권,2110002,독립문역 1번,583,152,431,0,133,148,167,92,43,0,17,29,53,31,22,0,116,119,114,61,21
2017,2,A,골목상권,2110001,이북5도청사,276,158,118,0,9,68,89,73,37,0,2,37,55,41,23,0,7,31,34,32,14
